"KQ052968v1","3893007","3893157","chr3","83882756","83882913","34","79989749"
"KQ052968v1","4081273","4081344","chr19","26935199","26935268","18","22853926"
"KQ052968v1","4532725","4532840","chr1","20156576","20156692","27","15623851"
"KQ052968v1","5623821","5623956","chr11","82993111","82993234","42","77369290"
"KQ052968v1","5665327","5665419","chr11","84405344","84405426","24","78740017"
"KQ052968v1","5733293","5733433","chr7","155047146","155047280","30","149313853"
"KQ052968v1","5950465","5950589","chr15","21525021","21525135","41","15574556"
"KQ052968v1","6131350","6131484","chr3","177994028","177994158","35","171862678"
"KQ052968v1","6274524","6274660","chr5","46597782","46597918","23","40323258"
"KQ052968v1","6275424","6275547","chr4","50837376","50837491","36","44561952"
"KQ052968v1","6289504","6289649","chr6","128071130","128071267","44","121781626"
"KQ052968v1","6290605","6290720","chr1","4570747","4570860","33","1719858"
"KQ052968v1","6570511","6570809","chr20","23570469","23570759","68","16999958"
"KQ052968v1","6580311","6580560","chr16","1137464","1137728","84","5442847"
"KQ052968v1","6590733","6591034","chr3","87135109","87135403","65","80544376"
"KQ052968v1","6653626","6653753","chr1","207258192","207258324","22","200604566"
"KQ052968v1","6731548","6731560","chr9","112320401","112320412","3","105588853"
"KQ052968v1","6732093","6732250","chr8","20189864","20190024","45","13457771"
"KQ052968v1","6891396","6891575","chr13","83138037","83138228","56","76246641"
"KQ052968v1","6891774","6891879","chrX","124275818","124275924","25","117384044"
"KQ052968v1","6979562","6979738","chr1","197334496","197334667","48","190354934"
"KQ052968v1","7059429","7059522","chr7","15351327","15351404","30","8291898"
"KQ052968v1","7061073","7061196","chrX","85575468","85575577","44","78514395"
"KQ052968v1","7072582","7072656","chr7","9216725","9216799","13","2144143"
"KQ052968v1","7294515","7294634","chr7","125902593","125902716","25","118608078"
"KQ052968v1","7295349","7295389","chr4","41207248","41207288","8","33911899"
"KQ052968v1","8210004","8210267","chr10","72238815","72239097","73","64028811"
"KQ052968v1","8270302","8270463","chr9","60841008","60841173","33","52570706"
"KQ052968v1","8299899","8300056","chr9","110055117","110055262","38","101755218"
"KQ052968v1","8344966","8345134","chr18","70682976","70683142","41","62338010"
"KQ052968v1","8349814","8349907","chr2","176867825","176867924","34","168518011"
"KQ052968v1","8828800","8828976","chr3","43094798","43094972","55","34265998"
"KQ052968v1","8948677","8948810","chr20","26603779","26603915","35","17655102"
"KQ052968v1","9342640","9342983","chr20","32669646","32669976","79","23327006"
"KQ052968v1","9370367","9370553","chr1","124298307","124298494","47","114927940"
"KQ052968v1","9598438","9598730","chrX","38984618","38984906","68","29386180"
"KQ052968v1","9601595","9601657","chr20","4972377","4972436","12","4629218"
"KQ052968v1","9711397","9711598","chr11","106321781","106321987","49","96610384"
"KQ052968v1","9711636","9711748","chr1","152538420","152538530","29","142826784"
"KQ052968v1","9818470","9818483","chr14","11323306","11323319","3","1504836"
"KQ052968v1","9819055","9819124","chr11","93682641","93682708","10","83863586"
"KQ052968v1","10195006","10195169","chr2","187026390","187026555","47","176831384"
"KQ052968v1","10310765","10310811","chr6","143323894","143323938","12","133013129"
"KQ052968v1","10311728","10311854","chr19","29292628","29292733","40","18980900"
"KQ052968v1","10404905","10405107","chr17","78471086","78471284","51","68066181"
"KQ052968v1","10673586","10673772","chr19","29617749","29617917","46","18944163"
"KQ052968v1","10792718","10793029","chr1","209321667","209321959","93","198528949"
"KQ052968v1","10904295","10904362","chr7","18349914","18349985","16","7445619"
"KQ052968v1","10941379","10941454","chr18","42351596","42351672","12","31410217"
"KQ052968v1","10941457","10941584","chr16","43722355","43722486","28","32780898"
"KQ052968v1","10948241","10948316","chr3","42442354","42442430","20","31494113"
"KQ052968v1","10984138","10984280","chr20","17522690","17522834","27","6538552"
"KQ052968v1","12687600","12687932","chr4","152226280","152226592","71","139538680"
"KQ052968v1","13194684","13194826","chr2","155851929","155852070","20","142657245"
"KQ052968v1","13194969","13195123","chr9","67676683","67676836","29","54481714"
"KQ052968v1","13223805","13223971","chr1","25816699","25816864","34","12592894"
"KQ052968v1","13431165","13431207","chr1","113982932","113982968","15","100551767"
"KQ052968v1","13432964","13433126","chrX","5861741","5861899","35","7571223"
"KQ052968v1","13491325","13491499","chr16","69600142","69600306","42","56108817"
"KQ052969v1","1118775","1119074","chr1","14767405","14767708","66","13648630"
"KQ052969v1","1284411","1284567","chrX","59937990","59938147","43","58653579"
"KQ052969v1","1284568","1284620","chr3","1430492","1430543","13","145924"
"KQ052969v1","1293144","1293303","chr3","105566303","105566456","36","104273159"
"KQ052969v1","1563235","1563385","chr19","10216697","10216828","51","8653462"
"KQ052969v1","4079017","4079176","chr13","107948859","107949020","42","103869842"
"KQ052969v1","4227058","4227120","chr18","54300307","54300367","14","50073249"
"KQ052969v1","4231325","4231611","chr20","10150898","10151192","65","5919573"
"KQ052969v1","4525657","4525849","chr1","43050544","43050726","52","38524887"
"KQ052969v1","4822888","4823190","chr8","91198937","91199248","78","86376049"
"KQ052969v1","5474557","5474719","chr12","58297483","58297637","41","52822926"
"KQ052969v1","6485359","6485450","chr9","34116356","34116443","24","27630997"
"KQ052969v1","6556035","6556097","chr7","72859659","72859719","14","66303624"
"KQ052969v1","6571961","6572047","chr1","64903265","64903343","22","58331304"
"KQ052969v1","6745885","6746080","chr17","7709041","7709228","51","963156"
"KQ052969v1","6961523","6961752","chr2","88242002","88242237","70","81280479"
"KQ052969v1","7049431","7049454","chr5","103753868","103753891","2","96704437"
"KQ052969v1","7049780","7049970","chr3","45488946","45489118","61","38439166"
"KQ052969v1","7051115","7051372","chr13","74436859","74437119","63","67385744"
"KQ052969v1","7619550","7619614","chr20","19594470","19594537","21","11974920"
"KQ052969v1","7629581","7629668","chr20","17539051","17539138","19","9909470"
"KQ052969v1","7630548","7630685","chr11","109692415","109692553","20","102061867"
"KQ052969v1","7650064","7650226","chrX","5392380","5392542","30","2257684"
"KQ052969v1","7805882","7806015","chr15","68324961","68325102","38","60519079"
"KQ052969v1","7820421","7820574","chr20","30666678","30666829","32","22846257"
"KQ052969v1","7820911","7820923","chr13","107299184","107299196","0","99478273"
"KQ052969v1","7821026","7821168","chr3","39721292","39721434","23","31900266"
"KQ052969v1","8352503","8352657","chr4","42192225","42192377","41","33839722"
"KQ052969v1","8374722","8374796","chr5","20339254","20339327","12","11964532"
"KQ052969v1","8375053","8375269","chr1","28103093","28103316","61","19728040"
"KQ052969v1","8418420","8418485","chr20","14309840","14309907","15","5891420"
"KQ052969v1","8584226","8584413","chr3","10250081","10250275","55","1665855"
"KQ052969v1","8743504","8743754","chr7","156871585","156871829","73","148128081"
"KQ052969v1","8943131","8943288","chr5","148257183","148257336","40","139314052"
"KQ052969v1","9347873","9348053","chr10","33280989","33281172","38","23933116"
"KQ052969v1","9457203","9457265","chr7","159497286","159497348","10","150040083"
"KQ052969v1","10507785","10507964","chr1","11980907","11981080","41","1473122"
"KQ052969v1","10652836","10652906","chr12","4064296","4064370","16","6588540"
"KQ052969v1","10745101","10745402","chr20","36239047","36239339","78","25493946"
"KQ052969v1","10751148","10751458","chr13","8950107","8950417","66","1801041"
"KQ052969v1","10752183","10752385","chr4","3820353","3820539","64","6931830"
"KQ052969v1","10762824","10762893","chr1","30644596","30644660","15","19881772"
"KQ052969v1","10864889","10865079","chr4","156262708","156262902","43","145397819"
"KQ052969v1","10879756","10879924","chr1","8856801","8856959","45","2022955"
"KQ052969v1","10973739","10973838","chr10","79557089","79557189","21","68583350"
"KQ052969v1","10973845","10973956","chr6","70388086","70388194","23","59414241"
"KQ052969v1","11644488","11644627","chr6","144715356","144715508","42","133070868"
"KQ052969v1","11656779","11656925","chr9","20377689","20377836","31","8720910"
"KQ052969v1","11673257","11673536","chrX","17348181","17348454","90","5674924"
"KQ052969v1","12116633","12116853","chr1","34799849","34800045","75","22683216"
"KQ052970v1","654244","654424","chr16","57677375","57677549","40","57023131"
"KQ052970v1","675295","675604","chr1","94449233","94449535","79","93773938"
"KQ052970v1","2484910","2485036","chr12","30350333","30350455","32","27865423"
"KQ052970v1","2485037","2485082","chr12","10337541","10337591","9","7852504"
"KQ052970v1","2813197","2813479","chr1","162306483","162306762","58","159493286"
"KQ052970v1","3141754","3141951","chr7","57639070","57639270","39","54497316"
"KQ052970v1","3260732","3260872","chr7","111340573","111340711","31","108079841"
"KQ052970v1","3550247","3550327","chr8","132999920","133000000","19","129449673"
"KQ052970v1","3763238","3763411","chr7","147810756","147810933","30","144047518"
"KQ052970v1","4239251","4239441","chr1","215133454","215133640","44","210894203"
"KQ052970v1","4603681","4603788","chr1","129457705","129457814","28","124854024"
"KQ052970v1","4771449","4771596","chr20","15083166","15083314","24","10311717"
"KQ052970v1","4841614","4841791","chr4","125683393","125683568","38","120841779"
"KQ052970v1","4896266","4896413","chr19","38458712","38458854","27","33562446"
"KQ052970v1","5416624","5416775","chr6","61691270","61691432","40","56274646"
"KQ052970v1","5445278","5445581","chr2","127373021","127373306","78","121927743"
"KQ052970v1","5720521","5720713","chr8","102179722","102179903","41","96459201"
"KQ052970v1","5723965","5724163","chr5","52988505","52988696","57","47264540"
"KQ052970v1","6730246","6730407","chr3","88036953","88037106","39","81306707"
"KQ052970v1","7104288","7104439","chr15","40948123","40948255","45","33843835"
"KQ052970v1","7173743","7173860","chr3","83606389","83606497","40","76432646"
"KQ052970v1","7324168","7324358","chr12","83927417","83927609","45","76603249"
"KQ052970v1","7324565","7324646","chr16","40785928","40786008","15","33461363"
"KQ052970v1","7382237","7382422","chr8","36674529","36674710","55","29292292"
"KQ052970v1","7944266","7944445","chr10","84162986","84163171","68","76218720"
"KQ052970v1","8094980","8095048","chr6","61755949","61756015","16","53660969"
"KQ052970v1","8783214","8783291","chr16","48034424","48034495","16","39251210"
"KQ052970v1","8822517","8822705","chr9","104450882","104451066","41","95628365"
"KQ052970v1","8879864","8880146","chr19","39447166","39447440","76","30567302"
"KQ052970v1","9084149","9084270","chr20","19814709","19814828","23","10730560"
"KQ052970v1","9230965","9231132","chr3","46109089","46109249","50","36878124"
"KQ052970v1","9438106","9438159","chr9","92760983","92761036","10","83322877"
"KQ052970v1","9506437","9506506","chr6","61755949","61756015","12","52249512"
"KQ052970v1","9762560","9762837","chr4","105723339","105723626","67","95960779"
"KQ052970v1","9844653","9844721","chr1","34800369","34800443","17","24955716"
"KQ052970v1","10015613","10015921","chr10","85181699","85182000","64","75166086"
"KQ052970v1","11042068","11042150","chr14","44363486","44363564","21","33321418"
"KQ052970v1","11180056","11180167","chr1","64356404","64356510","21","53176348"
"KQ052970v1","11376102","11376346","chr5","97190876","97191115","81","85814774"
"KQ052970v1","11443464","11443768","chr1","54575343","54575646","64","43131879"
"KQ052970v1","11493629","11493858","chr9","94483153","94483380","55","82989524"
"KQ052970v1","11638290","11638613","chr16","42960024","42960323","95","31321734"
"KQ052970v1","11817169","11817367","chr6","142998280","142998475","52","131181111"
"KQ052970v1","11869741","11869757","chr16","17189203","17189218","2","5319462"
"KQ052970v1","11873168","11873361","chr1","54187749","54187928","63","42314581"
"KQ052970v1","12062859","12063109","chr9","110360335","110360588","81","98297476"
"KQ052970v1","12191876","12192031","chr16","45439753","45439906","28","33247877"
"KQ052970v1","12327788","12327937","chr8","138486868","138487014","36","126159080"
"KQ052970v1","12328285","12328442","chr9","20886429","20886581","45","8558144"
"KQ052970v1","12455297","12455614","chr6","168310873","168311167","99","155855576"
"KQ052970v1","13541680","13541984","chr9","55711881","55712168","75","42170201"
"KQ052970v1","17610891","17611065","chr1","23706660","23706833","38","6095769"
"KQ052970v1","18303338","18303483","chr19","7653086","7653243","36","10650252"
"KQ052970v1","18346107","18346307","chr19","32609152","32609338","55","14263045"
"KQ052970v1","19133620","19133787","chr13","65496776","65496937","36","46363156"
"KQ052970v1","19235753","19235908","chr10","14683235","14683387","33","4552518"
"KQ052970v1","19835629","19835853","chr1","48386277","48386498","46","28550648"
"KQ052970v1","19980531","19980690","chr12","13614701","13614861","27","6365830"
"KQ052971v1","932162","932443","chr10","38038057","38038338","81","37105895"
"KQ052971v1","2510904","2510991","chrX","50273487","50273576","18","47762583"
"KQ052971v1","3164882","3165054","chr17","57772052","57772213","45","54607170"
"KQ052971v1","3624491","3624696","chr6","166649422","166649621","57","163024931"
"KQ052971v1","3640390","3640736","chr13","83833676","83833978","112","80193286"
"KQ052971v1","4672706","4672984","chr15","90376482","90376749","62","85703776"
"KQ052971v1","4756094","4756151","chr8","29580283","29580341","14","24824189"
"KQ052971v1","4760998","4761202","chr17","21030794","21030969","52","16269796"
"KQ052971v1","4902466","4902551","chr1","190655363","190655447","18","185752897"
"KQ052971v1","5183370","5183631","chr1","16014612","16014884","75","10831242"
"KQ052971v1","6095260","6095413","chr7","49879548","49879696","34","43784288"
"KQ052971v1","6095414","6095512","chr7","129979248","129979346","19","123883834"
"KQ052977v1","9447","9589","chr3","51865062","51865210","39","51855615"
"KQ052979v1","14710","14772","chr3","51603396","51603455","8","51588686"
"KQ052981v1","732242","732423","chr19","17430001","17430177","47","16697759"
"KQ052982v1","256457","256666","chr5","75798460","75798668","57","75542003"
"KQ052982v1","1001711","1001874","chr4","123473830","123473989","38","122472119"
"KQ052982v1","1254878","1255085","chr1","137923876","137924086","44","136668998"
"KQ052982v1","1255239","1255328","chr10","27728714","27728805","14","26473475"
"KQ052982v1","1559760","1559901","chr10","68044787","68044923","40","66485027"
"KQ052982v1","1566507","1566640","chr10","68044787","68044923","42","66478280"
"KQ052982v1","2036315","2036489","chr4","30927971","30928149","38","28891656"
"KQ052982v1","2040675","2040808","chr20","22139671","22139803","36","20098996"
"KQ052982v1","2045465","2045639","chr11","8212081","8212254","40","6166616"
"KQ052982v1","2052403","2052485","chr11","2768059","2768143","19","715656"
"KQ052982v1","2054431","2054653","chr1","2338142","2338363","47","283711"
"KQ052982v1","4492749","4492819","chr1","31252960","31253021","18","26760211"
"KQ052982v1","4529793","4530033","chr1","4150682","4150919","69","379111"
"KQ052982v1","5053593","5053796","chrX","124733146","124733345","48","119679553"
"KQ052984v1","435952","436031","chr13","59740668","59740745","18","59304716"
"KQ052984v1","915846","915951","chr2","86715591","86715692","38","85799745"
"KQ052984v1","1039096","1039274","chr6","69384842","69385010","45","68345746"
"KQ052988v1","63776","63850","chrX","60068044","60068118","14","60004268"
"KQ052993v1","48297","48401","chr10","31887697","31887792","24","31839400"
"KQ052993v1","665280","665593","chr16","7492785","7493084","80","6827505"
"KQ052993v1","668574","668677","chr8","26259666","26259763","24","25591092"
"KQ052994v1","194319","194417","chr7","52890122","52890218","13","52695803"
"KQ052994v1","194422","194505","chr8","139162147","139162238","23","138967725"
"KQ052999v1","10360","10432","chr16","4369632","4369706","14","4359272"
"KQ053001v1","386011","386171","chr1","6520937","6521084","40","6134926"
"KQ053004v1","20837","21061","chr4","84290743","84290962","62","84269906"
"KQ053004v1","570299","570500","chr9","52027191","52027380","49","51456892"
"KQ053004v1","570629","570732","chr20","13877989","13878087","22","13307360"
"KQ053004v1","726779","727078","chr13","45932391","45932692","59","45205612"
"KQ053004v1","1443419","1443660","chr15","21439812","21440067","75","19996393"
"KQ053004v1","1443993","1444033","chr8","5927095","5927135","10","4483102"
"KQ053004v1","1473188","1473259","chr13","295846","295914","18","1177342"
"KQ053004v1","1492100","1492306","chr19","2115593","2115798","43","623493"
"KQ053004v1","1530764","1530838","chr4","39127753","39127828","18","37596989"
"KQ053004v1","1716246","1716499","chr11","59754726","59754978","70","58038480"
"KQ053004v1","2695776","2695975","chr7","57639070","57639270","45","54943294"
"KQ053004v1","2821124","2821313","chr1","9189056","9189237","56","6367932"
"KQ053004v1","3153136","3153271","chr16","55639601","55639736","21","52486465"
"KQ053004v1","5101806","5102114","chr5","142565235","142565540","61","137463429"
"KQ053005v1","234397","234543","chr3","45465613","45465747","26","45231216"
"KQ053005v1","756214","756454","chr3","12164373","12164601","60","11408159"
"KQ053005v1","893535","893681","chr20","17522690","17522834","37","16629155"
"KQ053007v1","396389","396541","chr15","6545105","6545266","30","6148716"
"KQ053014v1","173656","173815","chr14","102951888","102952044","38","102778232"
"KQ053014v1","189784","189974","chr11","124358990","124359172","55","124169206"
"KQ053015v1","378037","378187","chr10","2464482","2464626","31","2086445"
"KQ053015v1","458705","458795","chr17","72661372","72661455","24","72202667"
"KQ053019v1","20132","20426","chr3","42988227","42988525","59","42968095"
"KQ053019v1","266069","266131","chr5","154432720","154432782","8","154166651"
"KQ053021v1","30810","30991","chr9","84993746","84993904","49","84962936"
"KQ053023v1","272164","272393","chr3","6990520","6990757","53","6718356"
"KQ053023v1","272931","273000","chr2","73178499","73178560","17","72905568"
"KQ053023v1","280153","280228","chr16","4369632","4369706","19","4089479"
"KQ053026v1","77357","77438","chr8","132999920","133000000","19","132922563"
"KQ053026v1","884452","884541","chr2","163770255","163770342","18","162885803"
"KQ053026v1","1493710","1493888","chr5","12355137","12355311","37","10861427"
"KQ053026v1","1494414","1494539","chr20","25420484","25420611","24","23926070"
"KQ053026v1","1525567","1525655","chr1","58740674","58740760","17","57215107"
"KQ053026v1","1526688","1526857","chr1","195278192","195278353","46","193751504"
"KQ053026v1","1636624","1636910","chr10","7854334","7854616","60","6217710"
"KQ053026v1","1784475","1784649","chr14","47846396","47846569","34","46061921"
"KQ053026v1","1793189","1793255","chr1","86128485","86128542","18","84335296"
"KQ053026v1","1812895","1813071","chr1","131677612","131677790","34","129864717"
"KQ053026v1","1818163","1818326","chr14","52535390","52535555","41","50717227"
"KQ053026v1","2310936","2311209","chr4","33245653","33245929","65","30934717"
"KQ053026v1","2944790","2944970","chr1","217829770","217829919","61","214884980"
"KQ053026v1","3266442","3266606","chr1","28144895","28145057","34","24878453"
"KQ053026v1","3273362","3273536","chr2","86702294","86702462","45","83428932"
"KQ053026v1","5381899","5382023","chr7","121654319","121654446","31","116272420"
"KQ053026v1","5390917","5391100","chr1","139947083","139947268","43","134556166"
"KQ053026v1","5391103","5391160","chr3","134186523","134186580","10","128795420"
"KQ053028v1","11878","12033","chr8","15426169","15426321","33","15414291"
"KQ053029v1","15977","16138","chr10","72233776","72233939","41","72217799"
"KQ053035v1","88640","88737","chr1","83535930","83536020","24","83447290"
"KQ053037v1","522983","523160","chr8","39762759","39762933","38","39239776"
"KQ053037v1","523305","523448","chr1","128809526","128809667","38","128286221"
"KQ053037v1","673125","673207","chr15","6337866","6337947","15","5664741"
"KQ053037v1","673259","673441","chr7","127599310","127599489","42","126926051"
"KQ053037v1","3090104","3090393","chr3","109505522","109505799","75","106415418"
"KQ053037v1","3108139","3108324","chr1","8561165","8561341","54","5453026"
"KQ053037v1","3599175","3599230","chr8","28824525","28824574","21","25225350"
"KQ053040v1","7734","7807","chr1","129471362","129471435","18","129463628"
"KQ053040v1","8454","8598","chr3","75119322","75119465","30","75110868"
"KQ053040v1","16395","16625","chr9","30098258","30098493","68","30081863"
"KQ053041v1","567101","567370","chr13","46321996","46322262","76","45754895"
"KQ053041v1","572461","572730","chr13","46321996","46322262","76","45749535"
"KQ053048v1","1197984","1198154","chr11","23181182","23181355","48","21983198"
"KQ053048v1","1307702","1307813","chr6","135102862","135102972","19","133795160"
"KQ053048v1","1308382","1308567","chr11","62482305","62482475","50","61173923"
"KQ053048v1","2008600","2008685","chr1","156580024","156580116","27","154571424"
"KQ053048v1","2822552","2822841","chr8","83593854","83594141","98","80771302"
"KQ053048v1","3159599","3159790","chr10","37889717","37889905","42","34730118"
"KQ053048v1","3222315","3222457","chr11","118864512","118864657","30","115642197"
"KQ053048v1","3222756","3222921","chr3","42064302","42064465","28","38841546"
"KQ053049v1","383907","383993","chrX","120762442","120762535","21","120378535"
"KQ053049v1","384316","384466","chr1","197799427","197799587","36","197415111"
"KQ053052v1","65933","66045","chr1","129457705","129457814","36","129391772"
"KQ053054v1","244396","244662","chr20","3119953","3120233","82","2875557"
"KQ053055v1","100125","100205","chr10","29611349","29611418","24","29511224"
"KQ053055v1","499817","500000","chr1","125184404","125184583","40","124684587"
"KQ053059v1","966151","966318","chrX","13802579","13802744","46","12836428"
"KQ053059v1","1924557","1924851","chr6","134251498","134251796","57","132326941"
"KQ053059v1","2344438","2344543","chr8","40946125","40946234","37","38601687"
"KQ053059v1","2431426","2431568","chr4","85201726","85201872","34","82770300"
"KQ053059v1","2453922","2454002","chr3","43383066","43383144","20","40929144"
"KQ053059v1","2497713","2497758","chr16","67698449","67698492","13","65200736"
"KQ053059v1","2524471","2524546","chr6","61755949","61756015","18","59231478"
"KQ053059v1","2611327","2611504","chr2","43232993","43233164","48","40621666"
"KQ053059v1","2728934","2729199","chr6","67639691","67639944","76","64910757"
"KQ053059v1","4367968","4368122","chr3","37580868","37581005","47","33212900"
"KQ053060v1","15642","15668","chr1","34506146","34506166","11","34490504"
"KQ053060v1","15725","15744","chr1","86095524","86095544","7","86079799"
"KQ053067v1","51527","51812","chr3","39041167","39041461","68","38989640"
"KQ053070v1","147155","147233","chr1","28824693","28824770","17","28677538"
"KQ053070v1","147562","147789","chr16","32165738","32165968","53","32018176"
"KQ053070v1","311220","311403","chr19","2227010","2227198","40","1915790"
"KQ053070v1","314798","314927","chr15","69495745","69495869","31","69180947"
"KQ053070v1","315267","315344","chr1","187601134","187601209","20","187285867"
"KQ053070v1","345141","345387","chr16","39999603","39999840","74","39654462"
"KQ053070v1","354460","354638","chr15","1863207","1863377","55","1508747"
"KQ053070v1","373157","373356","chr16","45301217","45301409","46","44928060"
"KQ053070v1","396308","396525","chr7","117120876","117121068","65","116724568"
"KQ053070v1","471731","471910","chr1","211713314","211713491","49","211241583"
"KQ053070v1","472105","472217","chr2","150020755","150020867","18","149548650"
"KQ053070v1","627064","627366","chr6","135409832","135410130","58","134782768"
"KQ053070v1","649850","650079","chr4","42686105","42686316","58","42036255"
"KQ053070v1","818164","818321","chr12","40057892","40058056","53","39239728"
"KQ053070v1","855251","855426","chr8","89948671","89948855","64","89093420"
"KQ053070v1","1006990","1007076","chr16","25240524","25240599","24","24233534"
"KQ053070v1","1037131","1037291","chr13","44659709","44659873","33","43622578"
"KQ053070v1","1038173","1038268","chr6","171842940","171843037","15","170804767"
"KQ053070v1","1255577","1255916","chr13","41851851","41852159","85","40596274"
"KQ053070v1","1354760","1354915","chr9","60586797","60586964","39","59232037"
"KQ053070v1","1484591","1484655","chr7","72859659","72859719","19","71375068"
"KQ053070v1","1971272","1971368","chr10","31887697","31887792","20","29916425"
"KQ053070v1","2849146","2849300","chr15","90974652","90974808","30","88125506"
"KQ053070v1","3163358","3163552","chr19","7578184","7578366","49","4414826"
"KQ053070v1","4049518","4049695","chrX","36990863","36991041","43","32941345"
"KQ053070v1","4399024","4399097","chr1","202762251","202762322","14","198363227"
"KQ053072v1","305422","305584","chr7","110960244","110960402","33","110654822"
"KQ053072v1","431224","431391","chr15","83140913","83141081","49","82709689"
"KQ053079v1","51754","52020","chr14","106353041","106353319","67","106301287"
"KQ053079v1","72079","72360","chr17","50601514","50601795","51","50529435"
"KQ053081v1","1238500","1238674","chr1","66887413","66887590","33","65648913"
"KQ053081v1","1353626","1353805","chr14","11054059","11054242","39","9700433"
"KQ053081v1","2115628","2115705","chr20","49943865","49943942","13","47828237"
"KQ053081v1","2296581","2296654","chr11","10965164","10965235","13","8668583"
"KQ053081v1","2402283","2402373","chr13","107308554","107308638","20","104906271"
"KQ053081v1","2432654","2432693","chr4","100863373","100863411","11","98430719"
"KQ053081v1","2432699","2432865","chr1","67267341","67267514","46","64834642"
"KQ053081v1","2924588","2924741","chr1","161952873","161953016","33","159028285"
"KQ053081v1","3062587","3062922","chr5","172266496","172266784","123","169203909"
"KQ053081v1","3905319","3905398","chr10","27263062","27263138","17","23357743"
"KQ053081v1","4469835","4469935","chr8","62427896","62428002","17","57958061"
"KQ053081v1","4470077","4470286","chr1","93016186","93016399","41","88546109"
"KQ053081v1","4657639","4657754","chr1","85858415","85858535","28","81200776"
"KQ053081v1","4767122","4767243","chr1","117616104","117616201","43","112848982"
"KQ053081v1","5689145","5689295","chr6","29753494","29753613","56","24064349"
"KQ053081v1","5770698","5770876","chr1","4933961","4934125","57","836737"
"KQ053081v1","6351880","6351950","chr1","202762251","202762322","8","196410371"
"KQ053081v1","6383448","6383630","chr1","206823091","206823266","37","200439643"
"KQ053081v1","6384952","6385084","chr1","212671582","212671706","24","206286630"
"KQ053081v1","6674712","6674874","chr1","112152519","112152676","46","105477807"
"KQ053081v1","6687236","6687386","chr3","49977557","49977698","42","43290321"
"KQ053081v1","6691932","6692022","chr11","108175220","108175313","23","101483288"
"KQ053081v1","7123837","7123899","chr16","59772895","59772949","20","52649058"
"KQ053081v1","7503938","7504243","chr3","152407277","152407570","66","144903339"
"KQ053082v1","546783","546943","chr9","20377689","20377836","38","19830906"
"KQ053082v1","1065840","1065974","chr1","184942562","184942697","23","183876722"
"KQ053082v1","1069083","1069275","chr14","15550898","15551073","50","14481815"
"KQ053082v1","1137751","1137909","chr10","8479859","8480016","32","7342108"
"KQ053082v1","1988448","1988522","chr1","26735072","26735142","17","24746624"
"KQ053082v1","2018372","2018654","chr8","35929561","35929841","60","33911189"
"KQ053082v1","2018954","2019009","chrX","939789","939841","12","1079165"
"KQ053082v1","2699379","2699660","chr10","27004201","27004490","76","24304822"
"KQ053082v1","4052805","4052882","chr5","20339254","20339327","13","16286449"
"KQ053082v1","5723750","5723848","chr4","69318297","69318397","25","63594547"
"KQ053082v1","5724675","5724775","chr1","30838369","30838466","28","25113694"
"KQ053082v1","5885825","5886008","chr2","187026390","187026555","58","181140565"
"KQ053082v1","5886095","5886281","chr6","140252396","140252585","44","134366301"
"KQ053082v1","5889177","5889357","chr2","149685908","149686075","45","143796731"
"KQ053082v1","6473714","6473759","chr1","138982725","138982769","14","132509011"
"KQ053082v1","7285354","7285496","chr1","150697722","150697868","31","143412368"
"KQ053082v1","7286511","7286689","chr3","43728306","43728478","38","36441795"
"KQ053082v1","7300200","7300271","chr9","59543709","59543771","20","52243509"
"KQ053082v1","7348149","7348169","chr1","156841235","156841249","9","149493086"
"KQ053082v1","7348566","7348662","chr1","28560822","28560916","31","21212256"
"KQ053082v1","7348736","7348910","chr18","15190057","15190222","37","7841321"
"KQ053082v1","7357830","7357983","chr11","1710400","1710546","39","5647430"
"KQ053082v1","7368713","7368852","chr2","45178643","45178776","42","37809930"
"KQ053082v1","7371357","7371451","chr1","28195903","28195995","23","20824546"
"KQ053082v1","7402310","7402494","chr7","117120876","117121068","44","109718566"
"KQ053082v1","8305746","8305905","chr1","204403717","204403875","29","196097971"
"KQ053084v1","22621","22936","chr10","85181699","85182000","66","85159078"
"KQ053086v1","23424","23481","chr1","21550283","21550332","15","21526859"
"KQ053086v1","25077","25168","chr5","35245664","35245759","21","35220587"
"KQ053093v1","1999262","1999457","chrX","41265456","41265651","43","39266194"
"KQ053093v1","2066806","2066875","chr19","30818414","30818479","24","28751608"
"KQ053093v1","2231212","2231465","chr7","59034041","59034293","82","56802829"
"KQ053093v1","2409534","2409715","chr3","160190279","160190461","38","157780745"
"KQ053093v1","2508422","2508508","chr10","86504211","86504295","25","83995789"
"KQ053093v1","3334032","3334210","chr1","30517637","30517824","45","27183605"
"KQ053093v1","3344583","3344631","chr14","17270498","17270540","10","13925915"
"KQ053093v1","3457796","3458043","chr11","93604681","93604934","57","90146885"
"KQ053093v1","3522619","3522903","chr3","44067077","44067369","59","40544458"
"KQ053095v1","11687","11855","chr11","122100151","122100317","41","122088464"
"KQ053096v1","636619","636783","chr2","172227852","172227991","49","171591233"
"KQ053096v1","637130","637144","chr1","197479470","197479484","0","196842340"
"KQ053097v1","95069","95318","chr18","23968314","23968549","72","23873245"
"KQ053098v1","17289","17573","chr16","24461680","24461965","64","24444391"
"KQ053102v1","314997","315097","chrX","14473401","14473500","25","14158404"
"KQ053102v1","664913","665051","chr1","9667266","9667402","23","9002353"
"KQ053102v1","768063","768213","chr10","18365138","18365278","46","17597075"
"KQ053104v1","542377","542666","chrX","45459917","45460198","60","44917540"
"KQ053104v1","1366944","1367042","chr1","4113003","4113091","32","2746059"
"KQ053104v1","1367084","1367226","chr5","56417696","56417842","31","55050612"
"KQ053104v1","2773092","2773172","chr9","21490694","21490771","19","18717602"
"KQ053104v1","4059173","4059303","chr2","77264146","77264283","44","73204973"
"KQ053104v1","4178921","4179109","chr15","84968813","84968998","47","80789892"
"KQ053104v1","4329783","4329953","chr1","160189078","160189241","40","155859295"
"KQ053104v1","4330258","4330399","chr16","760812","760947","26","3569446"
"KQ053104v1","4355165","4355328","chr1","152928618","152928784","35","148573453"
"KQ053108v1","476829","476979","chr9","87445157","87445307","42","86968328"
"KQ053112v1","111294","111456","chr12","94509716","94509876","27","94398422"
"KQ053115v1","471550","471816","chr3","51448","51737","86","420102"
"KQ053115v1","553093","553232","chr8","23456623","23456763","25","22903530"
"KQ053115v1","708608","708783","chr1","124294886","124295044","42","123586278"
"KQ053115v1","747980","748126","chr18","28281107","28281258","46","27533127"
"KQ053115v1","758689","758811","chr19","39125277","39125401","31","38366588"
"KQ053115v1","759124","759255","chr1","130373707","130373835","39","129614583"
"KQ053115v1","871959","872079","chr1","42618849","42618985","35","41746890"
"KQ053115v1","917529","917659","chr10","83305913","83306045","26","82388384"
"KQ053115v1","926008","926127","chr5","64702124","64702254","34","63776116"
"KQ053115v1","1040516","1040765","chr10","35825977","35826219","85","34785461"
"KQ053115v1","1475677","1475821","chr3","162197994","162198125","49","160722317"
"KQ053115v1","1484440","1484749","chrX","50920590","50920893","82","49436150"
"KQ053115v1","1517805","1518005","chr20","3964706","3964901","45","2446901"
"KQ053115v1","2037061","2037155","JH681574","5539","5626","30","2031522"
"KQ053115v1","2081510","2081605","chr11","110032530","110032623","16","107951020"
"KQ053115v1","2362817","2362982","chrX","117872779","117872935","39","115509962"
"KQ053115v1","2365999","2366139","chr12","92482331","92482469","27","90116332"
"KQ053115v1","2395098","2395217","chr1","118805415","118805544","26","116410317"
"KQ053115v1","2897477","2897554","chr16","67683821","67683899","13","64786344"
"KQ053115v1","3108212","3108298","chr10","80791429","80791505","23","77683217"
"KQ053115v1","3193282","3193398","chr18","12999568","12999690","29","9806286"
"KQ053115v1","3704564","3704844","chr3","127939790","127940066","69","124235226"
"KQ053115v1","4002040","4002140","chr3","35508590","35508692","20","31506550"
"KQ053115v1","4410102","4410236","chr16","48613291","48613429","39","44203189"
"KQ053115v1","4594838","4594975","chr4","32855230","32855362","45","28260392"
"KQ053115v1","4629622","4629688","chrX","62991691","62991756","13","58362069"
"KQ053115v1","4629693","4629873","chrX","15997136","15997312","44","11367443"
"KQ053115v1","4803190","4803344","chr19","14673246","14673394","42","9870056"
"KQ053115v1","5017914","5017988","chrX","36022383","36022445","22","31004469"
"KQ053116v1","121050","121234","chr7","127599310","127599489","54","127478260"
"KQ053117v1","209189","209307","chr1","34512524","34512644","31","34303335"
"KQ053120v1","146906","146990","chr9","85194339","85194418","16","85047433"
"KQ053120v1","148558","148781","chr14","101273347","101273573","52","101124789"
"KQ053126v1","494005","494085","chr8","6107068","6107149","17","5613063"
"KQ053126v1","676587","676655","chr7","5661087","5661160","13","4984500"
"KQ053126v1","863065","863192","chr9","43471821","43471943","25","42608756"
"KQ053126v1","863277","863461","chr7","127106023","127106208","41","126242746"
"KQ053126v1","1309994","1310079","chr10","27354140","27354225","17","26044146"
"KQ053126v1","1479733","1479812","chr4","39127753","39127828","15","37648020"
"KQ053126v1","3265611","3265772","chrX","92479349","92479506","45","89213738"
"KQ053135v1","1361869","1362032","chr4","102357063","102357229","52","100995194"
"KQ053135v1","1933098","1933116","chr13","26811040","26811056","5","24877942"
"KQ053135v1","1934555","1934747","chrX","112290344","112290535","44","110355789"
"KQ053135v1","1985551","1985809","chr5","33367212","33367474","65","31381661"
"KQ053135v1","2959587","2959884","chr2","99118366","99118672","71","96158779"
"KQ053135v1","3025312","3025502","chr8","50487326","50487513","39","47462014"
"KQ053135v1","3464572","3464664","chr20","9083124","9083211","20","5618552"
"KQ053135v1","3724957","3725193","chr11","8522084","8522297","53","4797127"
"KQ053135v1","3725353","3725448","chr16","29493854","29493949","15","25768501"
"KQ053135v1","4240403","4240562","chr9","84993746","84993904","46","80753343"
"KQ053135v1","4254556","4254720","chr20","8874921","8875074","45","4620365"
"KQ053135v1","4443637","4443723","chr8","65999335","65999426","17","61555698"
"KQ053135v1","4444050","4444206","chr8","92951340","92951502","59","88507290"
"KQ053135v1","4467461","4467551","chr11","45003355","45003448","22","40535894"
"KQ053135v1","4682937","4683142","chr8","125637325","125637526","44","120954388"
"KQ053135v1","4683176","4683289","chr13","41518075","41518182","24","36834899"
"KQ053135v1","4866051","4866093","chr6","172279857","172279902","8","167413806"
"KQ053135v1","4866115","4866261","chr11","6915527","6915671","28","2049412"
"KQ053135v1","4898242","4898504","chr13","44460904","44461173","75","39562662"
"KQ053135v1","4990696","4990823","chrX","311156","311271","33","4679540"
"KQ053135v1","5004841","5005166","chr13","88599158","88599470","86","83594317"
"KQ053135v1","5320877","5321090","chr20","14642247","14642456","49","9321370"
"KQ053135v1","6005428","6005589","chr15","41726081","41726240","43","35720653"
"KQ053135v1","6120543","6120791","chr13","18075968","18076224","71","11955425"
"KQ053135v1","6309250","6309343","chr13","87672587","87672687","34","81363337"
"KQ053135v1","6936452","6936607","chrX","44565384","44565536","40","37628932"
"KQ053135v1","7040806","7040888","chr3","109687740","109687820","17","102646934"
"KQ053135v1","7041202","7041427","chrX","6879161","6879390","53","162041"
"KQ053135v1","7377097","7377195","chr9","15506135","15506233","26","8129038"
"KQ053135v1","7378573","7378650","chr2","50994498","50994576","23","43615925"
"KQ053135v1","7714910","7715054","chr19","40676036","40676184","32","32961126"
"KQ053136v1","335481","335626","chr8","32510698","32510849","35","32175217"
"KQ053136v1","336583","336735","chr9","801634","801780","37","465051"
"KQ053146v1","2197632","2197879","chr12","36023394","36023649","67","33825762"
"KQ053146v1","2219562","2219773","chr16","28567012","28567218","60","26347450"
"KQ053146v1","2455013","2455177","chr5","74011542","74011709","30","71556529"
"KQ053146v1","2560350","2560455","chr12","22252650","22252752","25","19692300"
"KQ053146v1","2600644","2600727","chr7","123743220","123743291","20","121142576"
"KQ053146v1","2666809","2666998","chr3","42298682","42298860","41","39631873"
"KQ053149v1","37133","37221","chr9","33121832","33121921","19","33084699"
"KQ053150v1","136674","136745","chr4","104803501","104803574","16","104666827"
"KQ053151v1","424771","425046","chr14","66824752","66825017","76","66399981"
"KQ053152v1","19918","20003","chr7","33765401","33765487","20","33745483"
"KQ053152v1","22327","22457","chr1","152650500","152650641","43","152628173"
"KQ053156v1","130060","130260","chr7","18298098","18298284","59","18168038"
"KQ053156v1","147246","147365","chrX","63632701","63632825","24","63485455"
"KQ053156v1","149455","149652","chr7","15230479","15230665","51","15081024"
"KQ053157v1","984008","984093","chr10","22795109","22795181","29","21811101"
"KQ053157v1","1602846","1602976","chr8","2948906","2949031","27","1346060"
"KQ053157v1","5181670","5181715","chr1","54430621","54430663","8","49248951"
"KQ053157v1","5182046","5182211","chr16","24580667","24580819","46","19398621"
"KQ053157v1","5397351","5397483","chr2","65947112","65947247","19","60549761"
"KQ053157v1","5397649","5397816","chrX","14387257","14387417","29","8989608"
"KQ053157v1","7348797","7348949","chr2","66265991","66266138","48","58917194"
"KQ053157v1","7621289","7621428","chr3","104055274","104055407","27","96433985"
"KQ053157v1","8167372","8167438","chr3","40058589","40058650","14","31891217"
"KQ053168v1","43349","43427","chr20","17889421","17889500","17","17846072"
"KQ053168v1","59861","60006","chr7","47232829","47232965","41","47172968"
"KQ053168v1","398728","398886","chrX","122826531","122826682","42","122427803"
"KQ053168v1","1744549","1744718","chr9","60723319","60723489","40","58978770"
"KQ053168v1","2044989","2045174","chrX","46114978","46115156","46","44069989"
"KQ053168v1","2056329","2056520","chrX","46114978","46115156","48","44058649"
"KQ053174v1","24372","24598","chr7","14329436","14329662","58","14305064"
"KQ053174v1","25057","25127","chr14","114488152","114488220","16","114463095"
"KQ053176v1","31008","31120","chrX","44430331","44430445","25","44399323"
"KQ053178v1","43574","43808","chr9","56470265","56470483","73","56426691"
"KQ053179v1","1076159","1076244","chr1","35019743","35019826","19","33943584"
"KQ053179v1","1162414","1162657","chr2","65919749","65920003","59","64757335"
"KQ053179v1","1163012","1163063","chr6","10047699","10047752","13","8884687"
"KQ053179v1","1288283","1288321","chrX","141120469","141120506","8","139832186"
"KQ053179v1","1512968","1513284","chr7","80849364","80849676","92","79336396"
"KQ053179v1","1522441","1522749","chr1","14640490","14640756","110","13118049"
"KQ053179v1","1537973","1538098","chr13","31084404","31084538","43","29546431"
"KQ053179v1","1625700","1625859","chr16","37840953","37841106","33","36215253"
"KQ053179v1","1643756","1643927","chr13","24242219","24242386","49","22598463"
"KQ053179v1","1643966","1644040","chrX","37713785","37713855","17","36069819"
"KQ053179v1","1677410","1677550","chr16","30502376","30502514","29","28824966"
"KQ053179v1","1972922","1972991","chr3","146002873","146002945","14","144029951"
"KQ053179v1","2007740","2007800","chr19","39088264","39088326","9","37080524"
"KQ053179v1","2009594","2009735","chr19","15651400","15651544","26","13641806"
"KQ053179v1","2050064","2050182","chr1","129363252","129363367","30","127313188"
"KQ053179v1","2051399","2051505","chr3","39780991","39781106","23","37729592"
"KQ053179v1","2155852","2156123","chr13","41091235","41091484","96","38935383"
"KQ053190v1","1809026","1809178","chrX","16522438","16522587","32","14713412"
"KQ053190v1","1820355","1820509","chrX","16522438","16522587","34","14702083"
"KQ053190v1","1947613","1947718","chr11","46675692","46675799","31","44728079"
"KQ053190v1","2010323","2010405","chr3","109986164","109986245","24","107975841"
"KQ053190v1","2298004","2298140","chr13","109843781","109843909","50","107545777"
"KQ053190v1","2438317","2438600","chr3","12229834","12230125","63","9791517"
"KQ053190v1","2984800","2984848","chr4","103779745","103779791","9","100794945"
"KQ053190v1","3790303","3790498","chr8","65399635","65399822","54","61609332"
"KQ053190v1","4535735","4535826","chr8","28713741","28713828","24","24178006"
"KQ053190v1","4610974","4611111","chr1","210790022","210790155","42","206179048"
"KQ053190v1","4611307","4611452","chr18","66738454","66738584","28","62127147"
"KQ053190v1","5164319","5164536","chr3","30611442","30611666","76","25447123"
"KQ053190v1","5389590","5389721","chr7","42422566","42422701","31","37032976"
"KQ053190v1","5412379","5412587","chr14","118730965","118731167","71","113318586"
"KQ053190v1","5413368","5413497","chr8","85848832","85848945","32","80435464"
"KQ053190v1","5414335","5414490","chrX","141531520","141531674","36","136117185"
"KQ053190v1","5499223","5499409","chr3","39606399","39606582","39","34107176"
"KQ053190v1","5667404","5667532","chr1","28301928","28302068","31","22634524"
"KQ053190v1","5667539","5667590","chr4","84770232","84770284","9","79102693"
"KQ053190v1","6512963","6513112","chr19","14673246","14673394","36","8160283"
"KQ053190v1","6514861","6515036","chr16","38998117","38998288","39","32483256"
"KQ053190v1","6652381","6652573","chr11","48824133","48824317","47","42171752"
"KQ053190v1","6658211","6658402","chr5","35383631","35383814","46","28725420"
"KQ053190v1","6664208","6664278","chr5","20339254","20339327","19","13675046"
"KQ053190v1","6692251","6692374","chr1","118805415","118805544","34","112113164"
"KQ053190v1","6731984","6732132","chr2","115337993","115338117","38","108606009"
"KQ053190v1","7010255","7010405","chrX","16522438","16522587","47","9512183"
"KQ053191v1","663","805","chr3","51865062","51865210","39","51864399"
"KQ053191v1","908533","908678","chr11","121092295","121092441","28","120183762"
"KQ053191v1","973311","973390","chr14","44363486","44363564","18","43390175"
"KQ053191v1","1072583","1072657","chr1","201808952","201809025","12","200736369"
"KQ053191v1","1075279","1075416","chr7","24501133","24501263","35","23425854"
"KQ053191v1","1075743","1075753","chr1","26273388","26273398","0","25197645"
"KQ053191v1","1351705","1351794","chr10","70640591","70640676","26","69288886"
"KQ053191v1","1512354","1512416","chr20","4972377","4972436","17","3460023"
"KQ053191v1","1574398","1574631","chr5","54751709","54751951","67","53177311"
"KQ053191v1","1588844","1589121","chr1","6710781","6711043","69","5121937"
"KQ053191v1","1991397","1991562","chrX","21332227","21332394","46","19340830"
"KQ053191v1","2058774","2059026","chr1","185089625","185089886","76","183030851"
"KQ053191v1","3030791","3030988","chr15","36190565","36190758","47","33159774"
"KQ053191v1","3724540","3724810","chr19","43894284","43894550","95","40169744"
"KQ053191v1","3746096","3746165","chr14","58785506","58785573","15","55039410"
"KQ053191v1","3748676","3748753","chrX","60068044","60068118","15","56319368"
"KQ053191v1","3790269","3790539","chr14","53231047","53231339","91","49440778"
"KQ053191v1","3807671","3807755","chr9","85194339","85194418","20","81386668"
"KQ053197v1","59733","59928","chr13","24926876","24927059","57","24867143"
"KQ053202v1","5213","5306","chrX","120762442","120762535","19","120757229"
"KQ053202v1","176883","177043","chr1","122418086","122418237","43","122241203"
"KQ053202v1","723248","723307","chr2","156324092","156324152","13","155600844"
"KQ053202v1","723840","723982","chr20","17522690","17522834","41","16798850"
"KQ053202v1","1637567","1637679","chr1","42138303","42138393","37","40500736"
"KQ053202v1","3761397","3761671","chr19","39447166","39447440","83","35685769"
"KQ053202v1","5941606","5941694","chr1","30090005","30090082","29","24148399"
"KQ053207v1","24222","24452","chr19","5634051","5634271","71","5609829"
"KQ053212v1","350803","350892","chr20","17539051","17539138","22","17188248"
"KQ053212v1","463889","463933","chr6","172279857","172279902","10","171815968"
"KQ053212v1","488272","488392","chr10","71294375","71294491","27","70806103"
"KQ053212v1","488437","488647","chr2","76884705","76884917","39","76396268"
"KQ053212v1","711371","711492","chr11","109056107","109056241","35","108344736"
"KQ053212v1","1212741","1212911","chr4","125480312","125480478","49","124267571"
"KQ053212v1","1213250","1213275","chr1","158173015","158173038","7","156959765"
"KQ053212v1","1699644","1699713","chr4","37211680","37211750","18","35512036"
"KQ053212v1","1699714","1699888","chr1","139933203","139933372","32","138233489"
"KQ053212v1","1955908","1956006","chr2","126582704","126582794","27","124626796"
"KQ053212v1","2984455","2984510","chr2","113016285","113016344","14","110031830"
"KQ053212v1","3025485","3025581","chr8","28778634","28778734","26","25753149"
"KQ053212v1","3028237","3028331","chrX","37398641","37398746","26","34370404"
"KQ053212v1","3128615","3128917","chr2","44882107","44882408","50","41753492"
"KQ053212v1","3441572","3441754","chr7","77997737","77997912","37","74556165"
"KQ053223v1","8179","8376","chr3","10250081","10250275","55","10241902"
"KQ053223v1","228588","228749","chrX","16902979","16903143","29","16674391"
"KQ053223v1","1285694","1285877","chr8","36674529","36674710","46","35388835"
"KQ053223v1","1286532","1286723","chr1","163126356","163126532","53","161839824"
"KQ053223v1","1447851","1448025","chr9","117454660","117454814","42","116006809"
"KQ053223v1","1599405","1599706","chr8","125108902","125109193","66","123509497"
"KQ053223v1","2025686","2025847","chr1","23074745","23074911","41","21049059"
"KQ053223v1","2150216","2150335","chrX","41809939","41810054","38","39659723"
"KQ053223v1","2287538","2287647","chr14","9939495","9939604","30","7651957"
"KQ053223v1","2584974","2585099","chr9","91303192","91303315","28","88718218"
"KQ053223v1","2586357","2586531","chrX","43657953","43658129","43","41071596"
"KQ053223v1","2599325","2599607","chr15","68825972","68826270","70","66226647"
"KQ053223v1","2690468","2690619","chr13","42970669","42970807","37","40280201"
"KQ053223v1","2818638","2818825","chr3","95183300","95183488","51","92364662"
"KQ053223v1","2818924","2819044","chr9","11861827","11861955","27","9042903"
"KQ053223v1","2844610","2844870","chr18","10178265","10178544","69","7333655"
"KQ053223v1","2904116","2904269","chr1","212603272","212603425","33","209699156"
"KQ053223v1","2964481","2964628","chr19","12586600","12586748","30","9622119"
"KQ053223v1","3151788","3151962","chr1","11980907","11981080","35","8829119"
"KQ053223v1","3339649","3339840","chr1","152928618","152928784","58","149588969"
"KQ053223v1","3393678","3393816","chr14","11822802","11822938","25","8429124"
"KQ053225v1","5288","5546","chr3","10288042","10288326","88","10282754"
"KQ053230v1","876825","876932","chr8","71705519","71705629","25","70828694"
"KQ053234v1","179261","179348","chr10","87874394","87874478","21","87695133"
"KQ053234v1","182437","182510","chr16","12498210","12498281","18","12315773"
"KQ053234v1","232017","232161","chr6","144630022","144630156","31","144398005"
"KQ053234v1","449373","449555","chrX","46001143","46001290","60","45551770"
"KQ053234v1","498075","498352","chr11","50073735","50074021","94","49575660"
"KQ053234v1","501410","501561","chr19","42217504","42217645","37","41716094"
"KQ053234v1","972868","973076","chr18","4086710","4086922","44","3113842"
"KQ053234v1","1100735","1100915","chr11","107635770","107635941","40","106535035"
"KQ053234v1","1242992","1243146","chr2","47091843","47091992","36","45848851"
"KQ053234v1","1292886","1292995","chr4","52607254","52607360","18","51314368"
"KQ053234v1","1438395","1438634","chr2","97901915","97902155","65","96463520"
"KQ053234v1","1490566","1490826","chr1","159493818","159494076","66","158003252"
"KQ053234v1","1521664","1521937","chr3","79657674","79657944","72","78136010"
"KQ053234v1","1525929","1526202","chr14","91604633","91604910","73","90078704"
"KQ053234v1","1529451","1529724","chr3","79657674","79657944","72","78128223"
"KQ053234v1","1613643","1613705","chr2","14893150","14893215","11","13279507"
"KQ053234v1","1924369","1924420","chr3","127549410","127549458","10","125625041"
"KQ053234v1","1928348","1928584","chr1","13232258","13232489","50","11303910"
"KQ053236v1","152855","153008","chr9","87445157","87445307","43","87292302"
"KQ053238v1","130245","130403","chr12","93466662","93466820","38","93336417"
"KQ053238v1","130661","130804","chr7","109229498","109229637","29","109098837"
"KQ053243v1","278119","278317","chr13","103246178","103246368","47","102968059"
"KQ053243v1","335513","335624","chr1","42234555","42234673","39","41899042"
"KQ053245v1","411152","411376","chr7","40872150","40872364","55","40460998"
"KQ053250v1","145898","146068","chr11","119371471","119371636","34","119225573"
"KQ053250v1","160514","160657","chr1","9667266","9667402","24","9506752"
"KQ053250v1","204278","204487","chr5","113620645","113620864","50","113416367"
"KQ053251v1","38271","38579","chr1","163694585","163694857","108","163656314"
"KQ053256v1","6442","6605","chr14","31501700","31501860","45","31495258"
"KQ053256v1","555899","556166","chr9","94043662","94043939","81","93487763"
"KQ053256v1","1364552","1364628","chr1","34800369","34800443","14","33435817"
"KQ053256v1","1488146","1488443","chr19","28718617","28718918","70","27230471"
"KQ053256v1","1488826","1489062","chr3","36736557","36736796","63","35247731"
"KQ053256v1","2272220","2272389","chr13","96234058","96234229","41","93961838"
"KQ053256v1","3112433","3112684","chr2","43055409","43055660","78","39942976"
"KQ053256v1","4802323","4802565","chr4","113414559","113414779","92","108612236"
"KQ053256v1","4933906","4934068","chr20","49609875","49610031","38","44675969"
"KQ053256v1","5005599","5005890","chr6","60973325","60973614","83","55967726"
"KQ053260v1","3761","4049","chr2","155388267","155388552","89","155384506"
"KQ053260v1","55701","55844","chr9","56558849","56558984","27","56503148"
"KQ053260v1","92571","92662","chr3","43802614","43802705","24","43710043"
"KQ053267v1","1565668","1565835","chr4","31223381","31223545","34","29657713"
"KQ053267v1","1565836","1565915","chr20","66804889","66804973","12","65239053"
"KQ053267v1","1871582","1871690","chr1","152538420","152538530","22","150666838"
"KQ053267v1","2014474","2014651","chr7","53057993","53058176","36","51043519"
"KQ053267v1","2045366","2045546","chr3","80795189","80795371","46","78749823"
"KQ053267v1","2621286","2621424","chr2","69717880","69718018","28","67096594"
"KQ053267v1","2622929","2623050","chr15","60141541","60141662","31","57518612"
"KQ053267v1","2671199","2671404","chr14","100609395","100609599","50","97938196"
"KQ053267v1","2895048","2895207","chrX","106861512","106861669","39","103966464"
"KQ053267v1","2990871","2990952","chr19","41210688","41210764","16","38219817"
"KQ053267v1","3692320","3692387","chr1","89778398","89778467","16","86086078"
"KQ053267v1","3862659","3862836","chr3","178475527","178475702","45","174612868"
"KQ053267v1","4372493","4372619","chr7","106492413","106492535","25","102119920"
"KQ053267v1","4376116","4376277","chr10","90053694","90053854","44","85677578"
"KQ053278v1","66664","66750","chr3","125517677","125517764","24","125451013"
"KQ053278v1","80428","80514","chr3","125517677","125517764","24","125437249"
"KQ053278v1","843082","843276","chr7","39261265","39261454","47","38418183"
"KQ053278v1","1257948","1258140","chrX","107339105","107339290","43","106081157"
"KQ053278v1","1589765","1589813","chr7","91229681","91229728","11","89639916"
"KQ053278v1","1589814","1589985","chr11","123097883","123098057","38","121508069"
"KQ053278v1","2335618","2335910","chr11","122354616","122354898","68","120018998"
"KQ053278v1","2356883","2357075","chr15","29523034","29523220","40","27166151"
"KQ053278v1","2503761","2503812","chr2","99989151","99989203","14","97485390"
"KQ053278v1","2597761","2597919","chr11","109860880","109861035","28","107263119"
"KQ053278v1","2649740","2649839","chr5","10510751","10510844","28","7861011"
"KQ053278v1","2886834","2887019","chr2","151597344","151597528","39","148710510"
"KQ053278v1","2887097","2887233","chr4","33677360","33677495","28","30790263"
"KQ053278v1","3116133","3116419","chr2","155849752","155850024","91","152733619"
"KQ053279v1","1","183","chr20","68211411","68211594","38","68211410"
"KQ053279v1","3078","3201","chr5","71717508","71717631","36","71714430"
"KQ053284v1","12002","12097","chr3","9353376","9353462","24","9341374"
"KQ053284v1","12917","13149","chr7","159514620","159514845","55","159501703"
"KQ053287v1","9436","9589","chr7","101408018","101408166","36","101398582"
"KQ053288v1","2100512","2100589","chr7","5661087","5661160","18","3560575"
"KQ053288v1","2117982","2118063","chr1","34800369","34800443","16","32682387"
"KQ053288v1","2294841","2294978","chr14","7634678","7634809","27","5339837"
"KQ053288v1","2295067","2295113","chr6","29753449","29753493","14","27458382"
"KQ053288v1","2295305","2295408","chr13","88669381","88669498","32","86374076"
"KQ053288v1","2421521","2421727","chr6","146172231","146172435","60","143750710"
"KQ053288v1","2471600","2471772","chr4","41325792","41325958","43","38854192"
"KQ053288v1","2693746","2693829","chr7","63626727","63626811","14","60932981"
"KQ053288v1","2878059","2878221","chr5","58198932","58199096","40","55320873"
"KQ053288v1","3212933","3213012","chr15","58817","58894","17","3154116"
"KQ053288v1","5290061","5290141","chr16","7078913","7078981","21","1788852"
"KQ053288v1","5315059","5315341","chr6","106720990","106721272","58","101405931"
"KQ053288v1","5397187","5397256","chr4","121284352","121284413","18","115887165"
"KQ053288v1","5665547","5665671","chr7","123622375","123622499","26","117956828"
"KQ053288v1","6383276","6383531","chr6","56642194","56642458","75","50258918"
"KQ053288v1","6499052","6499129","chr5","1638286","1638363","26","4860766"
"KQ053289v1","7443","7546","chr6","171817935","171818043","29","171810492"
"KQ053289v1","173135","173227","chr5","157834887","157834973","26","157661752"
"KQ053298v1","58062","58239","chrX","62630838","62631017","43","62572776"
"KQ053299v1","488627","488669","chr20","25736096","25736136","13","25247469"
"KQ053299v1","856597","856894","chr5","142118033","142118328","59","141261436"
"KQ053299v1","1885143","1885290","chr16","45439753","45439906","30","43554610"
"KQ053299v1","2579426","2579594","chr4","146081163","146081333","37","143501737"
"KQ053299v1","2677391","2677462","chr10","14543738","14543811","15","11866347"
"KQ053299v1","2690112","2690321","chrX","7745459","7745668","60","5055347"
"KQ053299v1","2717683","2717820","chr7","40962870","40963023","49","38245187"
"KQ053299v1","3361174","3361295","chr20","36077079","36077209","29","32715905"
"KQ053299v1","3906303","3906366","chr20","10976550","10976613","15","7070247"
"KQ053299v1","3907030","3907257","chr11","47872695","47872924","47","43965665"
"KQ053299v1","4024012","4024107","chr11","110032530","110032623","15","106008518"
"KQ053299v1","4438924","4439093","chr5","174376971","174377137","34","169938047"
"KQ053299v1","5440768","5441051","chr2","57107988","57108269","78","51667220"
"KQ053299v1","5445812","5445965","chrX","141531520","141531674","32","136085708"
"KQ053299v1","5532288","5532532","chr3","37308911","37309161","60","31776623"
"KQ053299v1","5952009","5952104","chr10","31887697","31887792","22","25935688"
"KQ053299v1","6389500","6389723","chr6","67323112","67323338","73","60933612"
"KQ053299v1","6480812","6480922","chr3","43287260","43287371","27","36806448"
"KQ053299v1","6502412","6502495","chr1","130442089","130442168","18","123939677"
"KQ053299v1","6539088","6539207","chr18","12999568","12999690","27","6460480"
"KQ053299v1","6539324","6539407","chr10","29128527","29128609","28","22589203"
"KQ053299v1","6548198","6548269","chr3","146002873","146002945","16","139454675"
"KQ053299v1","6581489","6581661","chr3","36392620","36392792","29","29811131"
"KQ053299v1","6639338","6639460","chr5","161371577","161371695","40","154732239"
"KQ053299v1","6685875","6685995","chr1","47699833","47699961","35","41013958"
"KQ053299v1","7074601","7074704","chr7","130068108","130068206","27","122993507"
"KQ053299v1","7076072","7076196","chr3","37634556","37634690","34","30558484"
"KQ053299v1","7107026","7107129","chrX","19157099","19157207","34","12050073"
"KQ053299v1","7575250","7575311","chr16","7078913","7078981","15","496337"
"KQ053299v1","8713384","8713435","chr7","161629769","161629818","13","152916385"
"KQ053299v1","9610661","9610742","chrX","90780750","90780834","27","81170089"
"KQ053299v1","9982338","9982482","chr3","37580868","37581005","40","27598530"
"KQ053299v1","11035836","11035878","chrX","21161758","21161797","8","10125922"
"KQ053299v1","11035881","11036025","chr14","64457412","64457553","37","53421531"
"KQ053299v1","11142460","11142637","chr6","73954227","73954390","56","62811767"
"KQ053299v1","11190214","11190386","chr1","214788518","214788688","48","203598304"
"KQ053299v1","11320551","11320633","chr11","9981435","9981516","22","1339116"
"KQ053299v1","11385341","11385517","chrX","92618497","92618682","43","81233156"
"KQ053299v1","11464968","11465108","chr2","69677821","69677953","36","58212853"
"KQ053299v1","11465149","11465163","chr15","69270309","69270321","2","57805160"
"KQ053299v1","11465355","11465469","chr5","148193942","148194066","24","136728587"
"KQ053299v1","13536779","13536940","chr1","20076479","20076648","45","6539700"
"KQ053299v1","13697069","13697382","chr5","46451590","46451863","104","32754521"
"KQ053299v1","13891257","13891347","chr20","9083124","9083211","16","4808133"
"KQ053299v1","14295022","14295079","chr1","86233101","86233153","12","71938079"
"KQ053299v1","14295093","14295243","chr6","73671182","73671334","34","59376089"
"KQ053299v1","14895930","14896127","chr1","139049141","139049335","66","124153211"
"KQ053299v1","15052634","15052752","chr3","157051887","157051998","29","141999253"
"KQ053299v1","15055770","15056008","chr6","101193819","101194038","56","86138049"
"KQ053299v1","15703604","15703741","chr7","155047146","155047280","29","139343542"
"KQ053299v1","15877163","15877317","chr1","42896531","42896686","30","27019368"
"KQ053299v1","18611490","18611706","chr1","93684123","93684341","52","75072633"
"KQ053299v1","21213056","21213164","chr11","131728241","131728355","33","110515185"
"KQ053299v1","22169302","22169448","chr2","9759744","9759894","33","12409558"
"KQ053300v1","425668","425831","chrX","49524523","49524692","28","49098855"
"KQ053300v1","3120232","3120534","chr8","68808553","68808854","59","65688321"
"KQ053302v1","3247","3304","chr1","21550283","21550332","15","21547036"
"KQ053302v1","3386","3518","chr9","110702178","110702325","32","110698792"
"KQ053310v1","207496","207652","chr13","27948673","27948818","35","27741177"
"KQ053310v1","210862","211034","chr8","127335489","127335660","31","127124627"
"KQ053310v1","907479","907628","chr1","20759964","20760109","30","19852485"
"KQ053310v1","1712131","1712300","chr14","52535390","52535555","31","50823259"
"KQ053310v1","1993651","1993804","chr16","18238546","18238694","30","16244895"
"KQ053310v1","2140982","2141082","chr15","51691816","51691919","24","49550834"
"KQ053310v1","2178773","2178853","chr18","1506462","1506542","22","672311"
"KQ053310v1","2178856","2178970","chr12","76872084","76872190","31","74693228"
"KQ053310v1","2305382","2305541","chr2","100024301","100024447","40","97718919"
"KQ053310v1","2623921","2624036","chr3","23853334","23853448","38","21229413"
"KQ053310v1","2625495","2625662","chr11","103309600","103309760","48","100684105"
"KQ053310v1","2640346","2640447","chr4","36507579","36507679","26","33867233"
"KQ053310v1","2776643","2776778","chr1","163252308","163252432","35","160475665"
"KQ053310v1","2836718","2836766","chr3","42386462","42386501","14","39549744"
"KQ053310v1","2941228","2941503","chr4","103585966","103586236","62","100644738"
"KQ053310v1","3125861","3125942","chr4","77649765","77649841","19","74523904"
"KQ053317v1","19640","19920","chr2","97252742","97253018","77","97233102"
"KQ053317v1","29588","29791","chr1","19197661","19197868","57","19168073"
"KQ053321v1","268229","268313","chr9","39794823","39794909","24","39526594"
"KQ053321v1","1675367","1675580","chr1","48386277","48386498","50","46710910"
"KQ053322v1","10768","11068","chr11","84150757","84151054","101","84139989"
"KQ053328v1","61261","61399","chr19","9122351","9122486","47","9061090"
"KQ053332v1","550184","550263","chr20","49943865","49943942","12","49393681"
"KQ053332v1","550291","550353","chr10","69380088","69380146","16","68829797"
"KQ053332v1","602662","602850","chrX","92618497","92618682","41","92015835"
"KQ053332v1","719053","719219","chr3","117951995","117952165","37","117232942"
"KQ053332v1","1373034","1373190","chrX","122732273","122732426","42","121359239"
"KQ053332v1","1406240","1406440","chr1","159463959","159464154","47","158057719"
"KQ053332v1","1434405","1434633","chr3","61176028","61176261","72","59741623"
"KQ053332v1","1642267","1642468","chr12","15016735","15016924","60","13374468"
"KQ053332v1","1645758","1645934","chrX","139215340","139215513","32","137569582"
"KQ053332v1","1662793","1662809","chr1","56668985","56669002","3","55006192"
"KQ053332v1","1663336","1663624","chr18","3644200","3644488","63","1980864"
"KQ053332v1","1971520","1971708","chr20","4138870","4139062","44","2167350"
"KQ053332v1","2126589","2126741","chr10","76369365","76369516","38","74242776"
"KQ053332v1","2186886","2187069","chr11","83829213","83829396","32","81642327"
"KQ053332v1","2187233","2187356","chr6","133569325","133569449","19","131382092"
"KQ053332v1","2343715","2343995","chr5","34860263","34860535","70","32516548"
"KQ053332v1","2448452","2448604","chr5","174306543","174306688","39","171858091"
"KQ053332v1","2569178","2569460","chr14","83922387","83922663","69","81353209"
"KQ053332v1","2571252","2571407","chr4","41791185","41791343","45","39219933"
"KQ053332v1","2578367","2578644","chr14","83922387","83922663","71","81344020"
"KQ053332v1","2583712","2583990","chr3","47270235","47270501","73","44686523"
"KQ053332v1","2601722","2601880","chr3","171688320","171688476","28","169086598"
"KQ053332v1","2891939","2892125","chr1","185781085","185781244","56","182889146"
"KQ053334v1","4974","5055","chr1","187601134","187601209","22","187596160"
"KQ053334v1","5185","5271","chr3","160875529","160875611","27","160870344"
"KQ053334v1","15280","15358","chr1","187601134","187601209","24","187585854"
"KQ053334v1","15491","15558","chr2","86476520","86476585","15","86461029"
"KQ053343v1","1568974","1569049","chr20","29323968","29324037","17","27754994"
"KQ053343v1","1569055","1569305","chr8","76427874","76428118","47","74858819"
"KQ053343v1","1896539","1896611","chr5","113024039","113024111","16","111127500"
"KQ053343v1","1896615","1896766","chr18","1916781","1916931","30","20166"
"KQ053343v1","1905706","1905890","chr1","19725946","19726092","63","17820240"
"KQ053343v1","1908478","1908522","chr1","54500597","54500644","10","52592119"
"KQ053343v1","1908582","1908819","chr1","127827102","127827342","66","125918520"
"KQ053343v1","2138876","2139048","chr8","66469331","66469507","48","64330455"
"KQ053343v1","2140055","2140141","chr8","34004401","34004487","15","31864346"
"KQ053343v1","2236471","2236730","chr2","98400079","98400339","76","96163608"
"KQ053343v1","2319790","2319973","chr2","45121052","45121226","49","42801262"
"KQ053343v1","2337317","2337464","chr7","17210358","17210508","47","14873041"
"KQ053343v1","2454249","2454411","chr19","12570642","12570788","53","10116393"
"KQ053348v1","989417","989707","chr10","72209147","72209439","61","71219730"
"KQ053354v1","129867","130036","chr1","66887413","66887590","37","66757546"
"KQ053354v1","518620","518797","chr8","127335489","127335660","38","126816869"
"KQ053354v1","928303","928581","chr15","34646486","34646766","58","33718183"
"KQ053354v1","1388018","1388333","chr12","92960570","92960879","70","91572552"
"KQ053354v1","1751759","1751867","chrX","41557099","41557197","26","39805340"
"KQ053354v1","1843630","1843649","chr1","37441961","37441977","4","35598331"
"KQ053354v1","1845162","1845340","chr5","34796553","34796740","55","32951391"
"KQ053354v1","3850124","3850297","chr3","150850969","150851139","42","147000845"
"KQ053357v1","34978","35275","chr10","67103778","67104065","84","67068800"
"KQ053365v1","561209","561291","chr2","76595940","76596024","14","76034731"
"KQ053365v1","1027753","1027929","chr17","71856461","71856638","36","70828708"
"KQ053365v1","1029091","1029205","chr11","12104707","12104823","31","11075616"
"KQ053370v1","6506","6652","chr5","148946272","148946401","35","148939766"
"KQ053376v1","210849","211010","chr3","128896549","128896720","48","128685700"
"KQ053376v1","867457","867522","chr9","54653071","54653130","16","53785614"
"KQ053378v1","17254","17362","chr3","45179281","45179384","26","45162027"
"KQ053384v1","7040","7124","chr7","74966755","74966820","29","74959715"
"KQ053387v1","1640595","1640722","chr19","9339259","9339377","43","7698664"
"KQ053387v1","3266478","3266641","chr7","19543158","19543338","53","16276680"
"KQ053387v1","3281397","3281498","chr1","85609056","85609152","24","82327659"
"KQ053387v1","3506434","3506503","chr1","86128485","86128542","14","82622051"
"KQ053387v1","3523762","3523967","chr1","162131015","162131207","58","158607253"
"KQ053387v1","3645675","3645744","chr10","29626335","29626405","15","25980660"
"KQ053387v1","3722309","3722471","chr10","15177504","15177666","46","11455195"
"KQ053387v1","4045810","4046061","chr7","15451576","15451817","65","11405766"
"KQ053387v1","4046379","4046447","chrX","134396291","134396353","12","130349912"
"KQ053387v1","4121013","4121179","chr10","27103446","27103605","36","22982433"
"KQ053387v1","4932649","4932945","chrX","46892230","46892521","66","41959581"
"KQ053391v1","6652","6788","chr18","1355950","1356099","41","1349298"
"KQ053392v1","69961","70258","chr12","38919021","38919319","83","38849060"
"KQ053398v1","199237","199433","chrX","124733146","124733345","49","124533909"
"KQ053398v1","979782","979955","chr16","25100332","25100491","55","24120550"
"KQ053398v1","1254980","1255044","chr7","126552400","126552456","16","125297420"
"KQ053398v1","1594608","1594695","chr3","87400685","87400770","24","85806077"
"KQ053398v1","2046354","2046441","chr5","50038017","50038098","19","47991663"
"KQ053398v1","2061820","2061997","chr1","206823091","206823266","39","204761271"
"KQ053398v1","2064166","2064259","chr2","44245782","44245881","29","42181616"
"KQ053398v1","2078913","2079118","chr12","15534190","15534369","57","13455277"
"KQ053398v1","2080870","2080962","chr14","6842015","6842109","16","4761145"
"KQ053398v1","2290128","2290190","chr14","99512031","99512088","12","97221903"
"KQ053398v1","2493445","2493606","chr1","25816699","25816864","28","23323254"
"KQ053398v1","2506206","2506421","chr9","6030499","6030716","41","3524293"
"KQ053398v1","2506768","2506850","chr17","27699103","27699183","17","25192335"
"KQ053398v1","2519639","2519797","chr3","171192084","171192244","28","168672445"
"KQ053398v1","2574985","2575070","chr4","21699086","21699169","14","19124101"
"KQ053398v1","2575322","2575488","chr20","32137122","32137281","45","29561800"
"KQ053398v1","2575818","2575880","chr5","154432720","154432782","12","151856902"
"KQ053398v1","2765773","2765939","chr10","81260002","81260161","37","78494229"
"KQ053398v1","2893325","2893523","chr3","47912471","47912672","51","45019146"
"KQ053398v1","3547669","3547826","chr4","148638206","148638362","31","145090537"
"KQ053398v1","4084793","4084952","chr19","2239778","2239940","27","1845015"
"KQ053398v1","4263895","4264160","chr17","76945136","76945404","59","72681241"
"KQ053398v1","4272569","4272865","chr6","168310873","168311167","62","164038304"
"KQ053398v1","4423285","4423465","chr12","33365712","33365891","46","28942427"
"KQ053398v1","4528372","4528555","chrX","92618497","92618682","49","88090125"
"KQ053398v1","4555581","4555832","chr8","118294670","118294909","59","113739089"
"KQ053398v1","4626843","4626984","chr9","5595896","5596038","49","969053"
"KQ053398v1","4898029","4898101","chr13","19314587","19314665","23","14416558"
"KQ053398v1","4912739","4912991","chr1","21355754","21356020","62","16443015"
"KQ053398v1","5048746","5048804","chrX","70122389","70122448","17","65073643"
"KQ053398v1","5088713","5088953","chr20","6374869","6375111","67","1286156"
"KQ053398v1","5226596","5226836","chr20","36013145","36013382","65","30786549"
"KQ053409v1","1834887","1835028","chr3","105416667","105416806","36","103581780"
"KQ053409v1","882646","882694","chr19","45529238","45529282","10","44646592"
"KQ053409v1","882695","882855","chr10","12204892","12205055","34","11322197"
"KQ053409v1","1151900","1151917","chr7","129936514","129936530","5","128784614"
"KQ053409v1","1316653","1316851","chr1","42596082","42596277","49","41279429"
"KQ053409v1","1635862","1635928","chr6","126703789","126703855","10","125067927"
"KQ053409v1","1636060","1636276","chr19","2115593","2115798","52","479533"
"KQ053409v1","2202261","2202396","chr8","128372425","128372560","27","126170164"
"KQ053409v1","2969468","2969645","chrX","99232418","99232569","50","96262950"
"KQ053409v1","3460263","3460476","chr1","48386277","48386498","45","44926014"
"KQ053409v1","3556113","3556290","chr5","12355137","12355311","44","8799024"
"KQ053409v1","3556589","3556706","chr20","10644258","10644375","13","7087669"
"KQ053409v1","3676436","3676587","chr4","17814413","17814562","30","14137977"
"KQ053409v1","3676974","3677117","chr2","172227852","172227991","28","168550878"
"KQ053409v1","3904110","3904313","chr10","31423466","31423685","61","27519356"
"KQ053409v1","3953497","3953785","chr2","85757393","85757681","66","81803896"
"KQ053409v1","4149427","4149658","chr8","118294670","118294909","52","114145243"
"KQ053409v1","4372622","4372838","chr15","99521189","99521367","84","95148567"
"KQ053409v1","4549706","4549811","chr3","87400685","87400770","40","82850979"
"KQ053409v1","4855917","4855939","chr6","148162607","148162628","8","143306690"
"KQ053409v1","4860219","4860370","chr4","41791185","41791343","42","36930966"
"KQ053409v1","4864880","4865163","chr5","3895881","3896161","77","968999"
"KQ053409v1","4897380","4897395","chr16","12023861","12023875","1","7126481"
"KQ053409v1","4902520","4902675","chr4","151220590","151220726","42","146318070"
"KQ053409v1","4945787","4945846","chrX","70122389","70122448","13","65176602"
"KQ053409v1","5270752","5270919","chr8","127335489","127335660","33","122064737"
"KQ053409v1","5282608","5282774","chr9","30181633","30181794","39","24899025"
"KQ053409v1","5306678","5306699","chr9","89537700","89537719","2","84231022"
"KQ053409v1","5307035","5307186","chr20","26457346","26457491","45","21150311"
"KQ053409v1","5308402","5308656","chr14","54159535","54159779","94","48851133"
"KQ053409v1","5352441","5352529","chr19","4597905","4597993","26","754536"
"KQ053409v1","5423889","5423902","chr3","127940123","127940136","2","122516234"
"KQ053409v1","5424022","5424218","chr3","179821962","179822137","56","174397940"
"KQ053409v1","5445630","5445721","chr11","110032530","110032623","16","104586900"
"KQ053409v1","5679121","5679241","chr8","126548001","126548127","25","120868880"
"KQ053409v1","5884241","5884423","chr1","184007354","184007535","48","178123113"
"KQ053409v1","6642201","6642372","chr19","3589289","3589454","45","3052912"
"KQ053409v1","6844304","6844468","chr10","14462717","14462877","29","7618413"
"KQ053409v1","6915068","6915282","chr16","53346070","53346284","50","46431002"
"KQ053409v1","7116372","7116541","chr12","58700263","58700428","41","51583891"
"KQ053410v1","11769","11887","chr11","82993111","82993234","30","82981342"
"KQ053410v1","399849","400135","chr6","169855196","169855473","63","169455347"
"KQ053410v1","634668","634907","chr3","12721755","12721980","65","12087087"
"KQ053410v1","1160224","1160300","chr5","79930418","79930496","15","78770194"
"KQ053410v1","2422437","2422574","chr1","205275609","205275743","35","202853172"
"KQ053410v1","3073339","3073411","chr5","131225374","131225448","15","128152035"
"KQ053410v1","3288019","3288161","chr8","139006721","139006853","37","135718702"
"KQ053410v1","4455792","4455930","chr2","62392746","62392882","48","57936954"
"KQ053410v1","5134901","5135025","chr19","39734391","39734511","24","34599490"
"KQ053410v1","5397123","5397216","chr1","17984282","17984371","22","12587159"
"KQ053421v1","1706134","1706449","chr10","28165723","28166026","70","26459589"
"KQ053421v1","2643100","2643293","chr1","215133454","215133640","55","212490354"
"KQ053421v1","3565042","3565175","chr8","69791239","69791372","22","66226197"
"KQ053421v1","3568761","3568874","chr20","27085117","27085229","25","23516356"
"KQ053421v1","4351526","4351801","chr14","109613603","109613892","64","105262077"
"KQ053421v1","5514137","5514362","chr10","7779348","7779568","80","2265211"
"KQ053432v1","1782509","1782679","chr1","4933961","4934125","49","3151452"
"KQ053432v1","2574940","2575117","chr16","38998117","38998288","50","36423177"
"KQ053432v1","3231282","3231344","chr6","138213145","138213207","15","134981863"
"KQ053432v1","3273214","3273369","chr2","3193522","3193683","41","79692"
"KQ053432v1","3702589","3702717","chr7","147325809","147325945","31","143623220"
"KQ053432v1","3749710","3749810","chr1","2156714","2156806","32","1592996"
"KQ053432v1","5377054","5377218","chr2","187026390","187026555","41","181649336"
"KQ053432v1","5377335","5377522","chr3","33173550","33173735","46","27796215"
"KQ053432v1","6234811","6234970","chr12","13614701","13614861","30","7379890"
"KQ053432v1","8340586","8340667","chr12","4064296","4064370","18","4276290"
"KQ053432v1","8658026","8658186","chr1","23006290","23006429","46","14348264"
"KQ053432v1","8658441","8658610","chr1","152928618","152928784","49","144270177"
"KQ053443v1","303763","303899","chr19","43369522","43369658","30","43065759"
"KQ053443v1","304079","304167","chr3","154804470","154804558","21","154500391"
"KQ053443v1","346169","346483","chr14","91857646","91857953","64","91511477"
"KQ053443v1","560313","560485","chr3","34225677","34225844","35","33665364"
"KQ053443v1","1013047","1013200","chr7","24531972","24532123","41","23518925"
"KQ053443v1","1457385","1457570","chr2","94919733","94919921","48","93462348"
"KQ053454v1","453689","453948","chr13","54552195","54552446","61","54098506"
"KQ053454v1","1694410","1694470","chr4","46781188","46781249","16","45086778"
"KQ053454v1","1694494","1694714","chr2","44123912","44124129","66","42429418"
"KQ053464v1","11523","11647","chr11","83446168","83446282","42","83434645"
"KQ053465v1","2752510","2752651","chr2","85815526","85815663","27","83063016"
"KQ053465v1","1582228","1582268","chr10","26799374","26799415","8","25217146"
"KQ053465v1","1582270","1582383","chr3","121908538","121908650","20","120326268"
"KQ053465v1","1783362","1783478","chr9","117336022","117336139","22","115552660"
"KQ053465v1","1783617","1783831","chr19","10751477","10751678","56","8967860"
"KQ053465v1","2083454","2083517","chr9","15596928","15596990","14","13513474"
"KQ053465v1","2083571","2083781","chr1","53756094","53756311","55","51672523"
"KQ053465v1","2280676","2280969","chr7","50310369","50310666","58","48029693"
"KQ053465v1","2365627","2365776","chr9","26840229","26840371","45","24474602"
"KQ053465v1","2513870","2514026","chr20","22110609","22110761","42","19596739"
"KQ053465v1","2514425","2514558","chr10","30086570","30086703","29","27572145"
"KQ053465v1","3347815","3347878","chrX","2482122","2482186","14","865693"
"KQ053465v1","3541457","3541532","chr16","12498210","12498281","14","8956753"
"KQ053476v1","824936","825120","chr8","7932406","7932588","38","7107470"
"KQ053476v1","855489","855795","chr13","10587798","10588105","59","9732309"
"KQ053476v1","1041889","1042113","chr10","7779348","7779568","65","6737459"
"KQ053476v1","1091007","1091267","chr2","99433253","99433466","94","98342246"
"KQ053476v1","1463411","1463545","chr20","14714173","14714316","52","13250762"
"KQ053476v1","1465467","1465561","chr18","852448","852546","23","613019"
"KQ053476v1","1553398","1553494","chr6","52165236","52165329","20","50611838"
"KQ053476v1","1553526","1553587","chr4","46781188","46781249","16","45227662"
"KQ053476v1","1658771","1658966","chr20","36646402","36646595","43","34987631"
"KQ053476v1","1687238","1687405","chr6","96806535","96806700","46","95119297"
"KQ053476v1","1691618","1691707","chr16","50411147","50411230","28","48719529"
"KQ053476v1","2596015","2596030","chr11","121589886","121589899","3","118993871"
"KQ053476v1","2596201","2596266","chrX","2482122","2482186","13","114079"
"KQ053476v1","3183721","3183858","chr1","9094805","9094943","39","5911084"
"KQ053476v1","3624272","3624472","chr11","99854491","99854687","46","96230219"
"KQ053476v1","4259276","4259533","chr3","160818351","160818618","69","156559075"
"KQ053476v1","4261315","4261630","chr8","61522372","61522671","77","57261057"
"KQ053476v1","4290502","4290776","chr7","48358705","48358988","60","44068203"
"KQ053476v1","4304276","4304361","chr3","54964118","54964196","18","50659842"
"KQ053476v1","4616575","4616719","chr19","9339259","9339377","51","4722684"
"KQ053476v1","4732361","4732411","chr6","164706104","164706155","7","159973743"
"KQ053476v1","4792367","4792421","chr8","28824525","28824574","14","24032158"
"KQ053476v1","5665746","5665882","chr7","77886179","77886317","29","72220433"
"KQ053481v1","5263","5376","chr1","2443671","2443782","34","2438408"
"KQ053483v1","178492","178654","chr10","14664261","14664424","39","14485769"
"KQ053487v1","965983","966271","chr2","93500645","93500947","72","92534662"
"KQ053487v1","1763827","1763991","chr19","15705849","15705993","46","13942022"
"KQ053487v1","3116809","3117101","chr7","156365921","156366231","67","153249112"
"KQ053487v1","3774866","3774961","chr20","3910828","3910923","19","135962"
"KQ053490v1","550","730","chr16","36340026","36340211","31","36339476"
"KQ053490v1","10105","10221","chr13","23933484","23933590","30","23923379"
"KQ053490v1","12877","12956","chr11","9981435","9981516","13","9968558"
"KQ053498v1","225175","225325","chr7","101722293","101722443","32","101497118"
"KQ053498v1","1737385","1737507","chr5","72111603","72111715","44","70374218"
"KQ053498v1","1744846","1745002","chr1","207228725","207228869","56","205483879"
"KQ053498v1","2978277","2978361","chr2","157878493","157878571","29","154900216"
"KQ053498v1","3080828","3080939","chr5","135158660","135158762","25","132077832"
"KQ053498v1","3925583","3925723","chr19","34130811","34130947","22","30205228"
"KQ053498v1","4770822","4770937","chr1","30835285","30835387","29","26064463"
"KQ053498v1","5443568","5443825","chr8","41347949","41348208","62","35904381"
"KQ053498v1","5472056","5472299","chr13","106924595","106924798","78","101452539"
"KQ053498v1","5883618","5883904","chr7","130572400","130572687","68","124688782"
"KQ053498v1","5969280","5969333","chr4","114475002","114475052","10","108505722"
"KQ053504v1","13691","13789","chr1","93091379","93091475","31","93077688"
"KQ053509v1","1441118","1441273","chr6","32710535","32710676","50","31269417"
"KQ053509v1","1441301","1441434","chr4","34820987","34821120","33","33379686"
"KQ053509v1","1940873","1940938","chr11","110806734","110806803","20","108865861"
"KQ053509v1","3728796","3728891","chr1","83535930","83536020","24","79807134"
"KQ053509v1","3857362","3857491","chr3","161255144","161255276","35","157397782"
"KQ053509v1","3857492","3857592","chr2","73187524","73187625","32","69330032"
"KQ053517v1","151396","151527","chr2","176660191","176660323","29","176508795"
"KQ053520v1","313602","313771","chr3","42064302","42064465","35","41750700"
"KQ053520v1","440621","440837","chr14","67949118","67949328","53","67508497"
"KQ053520v1","497541","497732","chrX","38827879","38828072","43","38330338"
"KQ053520v1","727800","727876","chr2","51576839","51576920","16","50849039"
"KQ053520v1","730648","730781","chr2","77264146","77264283","37","76533498"
"KQ053520v1","782423","782706","chr20","51571077","51571361","72","50788654"
"KQ053520v1","905671","905858","JH681259","19419","19599","51","886252"
"KQ053520v1","1151583","1151696","chr20","19814709","19814828","30","18663126"
"KQ053520v1","1311405","1311559","chr14","12354832","12354972","56","11043427"
"KQ053520v1","1315072","1315176","chr1","31161427","31161533","34","29846355"
"KQ053520v1","1315178","1315282","chr8","71705519","71705629","23","70390341"
"KQ053520v1","3112244","3112416","chr11","1710852","1711022","40","1401392"
"KQ053520v1","3112464","3112571","chrX","37398641","37398746","18","34286177"
"KQ053520v1","3417966","3418049","chr10","38818660","38818745","14","35400694"
"KQ053520v1","3500604","3500749","chrX","571607","571746","39","2928997"
"KQ053520v1","3503246","3503262","chr18","15540734","15540749","1","12037488"
"KQ053520v1","3506865","3507119","chr10","86501633","86501918","97","82994768"
"KQ053520v1","3645333","3645500","chr15","39854641","39854809","45","36209308"
"KQ053520v1","3874742","3874809","chrX","36022383","36022445","24","32147641"
"KQ053520v1","3932544","3932587","chr19","471224","471267","9","3461320"
"KQ053520v1","3936031","3936062","chr17","888180","888208","8","3047851"
"KQ053520v1","3940449","3940645","chr1","15457804","15458006","55","11517355"
"KQ053520v1","3970013","3970140","chr1","85858415","85858535","35","81888402"
"KQ053520v1","3970741","3970857","chr1","204332120","204332234","38","200361379"
"KQ053520v1","4215223","4215384","chr6","81128358","81128519","40","76913135"
"KQ053520v1","4642206","4642347","chr6","38143328","38143467","33","33501122"
"KQ053520v1","4701230","4701509","chr15","74799983","74800277","62","70098753"
"KQ053520v1","4783743","4783811","chr14","114488152","114488220","12","109704409"
"KQ053520v1","4862867","4863020","chr9","92923276","92923427","34","88060409"
"KQ053520v1","4863118","4863293","chr1","41192813","41192993","46","36329695"
"KQ053520v1","4897841","4898025","chr1","37428559","37428749","51","32530718"
"KQ053520v1","4899291","4899334","chr4","100863373","100863411","10","95964082"
"KQ053521v1","338828","339002","chr14","50632782","50632970","43","50293954"
"KQ053521v1","573890","573977","chr3","9353376","9353462","16","8779486"
"KQ053521v1","912538","912645","chr6","169916818","169916925","22","169004280"
"KQ053521v1","924719","924825","chr6","169916818","169916925","23","168992099"
"KQ053521v1","1500645","1500672","chr3","101637755","101637783","6","100137110"
"KQ053521v1","1501803","1501996","chr7","106802188","106802368","37","105300385"
"KQ053521v1","1545149","1545235","chr19","49799274","49799362","19","48254125"
"KQ053521v1","1715864","1716025","chr11","121299489","121299653","51","119583625"
"KQ053523v1","486315","486472","chr1","202426861","202427019","30","201940546"
"KQ053532v1","106117","106397","chr10","14484606","14484870","76","14378489"
"KQ053532v1","520928","521043","chr8","71705519","71705629","26","71184591"
"KQ053532v1","753115","753303","chrX","19241379","19241567","49","18488264"
"KQ053532v1","815177","815297","chr3","151451714","151451849","36","150636537"
"KQ053532v1","1306747","1306986","chr3","159894199","159894429","75","158587452"
"KQ053532v1","1383526","1383698","chrX","141086494","141086671","52","139702968"
"KQ053532v1","1383787","1383911","chr4","6849856","6849975","32","5466069"
"KQ053532v1","1551661","1551813","chr16","72864787","72864940","43","71313126"
"KQ053543v1","1128166","1128434","chr13","73110487","73110761","62","71982321"
"KQ053543v1","1423400","1423586","chr1","117073885","117074067","49","115650485"
"KQ053543v1","1717232","1717381","chr16","59204904","59205064","38","57487672"
"KQ053543v1","1743698","1743815","chr11","116377417","116377535","28","114633719"
"KQ053543v1","1770760","1770939","chr11","64499829","64500000","54","62729069"
"KQ053543v1","1850392","1850556","chr15","34671369","34671534","33","32820977"
"KQ053543v1","1860492","1860664","chr11","109855715","109855884","38","107995223"
"KQ053543v1","1861632","1861763","chr3","40555344","40555474","17","38693712"
"KQ053554v1","157350","157441","chr1","190655363","190655447","16","190498013"
"KQ053554v1","192551","192759","chrX","92618497","92618682","55","92425946"
"KQ053554v1","374894","374978","chr2","116557008","116557093","23","116182114"
"KQ053554v1","663317","663466","chr1","20759964","20760109","33","20096647"
"KQ053554v1","810502","810792","chr14","101379679","101379963","66","100569177"
"KQ053554v1","1188807","1188873","chr1","171309426","171309494","19","170120619"
"KQ053554v1","1220590","1220750","chr3","179744676","179744832","43","178524086"
"KQ053554v1","1220755","1220799","chr15","6815216","6815259","5","5594461"
"KQ053554v1","1738645","1738793","chr10","32247914","32248061","30","30509269"
"KQ053554v1","2298234","2298362","chr3","152474105","152474228","29","150175871"
"KQ053554v1","2392406","2392574","chr9","66741274","66741427","45","64348868"
"KQ053554v1","2501389","2501469","chr4","2744439","2744523","17","243050"
"KQ053554v1","2537519","2537585","chr15","41095815","41095878","16","38558296"
"KQ053565v1","57346","57443","chr7","124228351","124228440","32","124171005"
"KQ053565v1","57445","57496","chr3","2024892","2024946","9","1967447"
"KQ053565v1","1917968","1918130","chr4","79549448","79549600","42","77631480"
"KQ053565v1","1939501","1939635","chr1","131790486","131790610","39","129850985"
"KQ053565v1","1972239","1972403","chr18","67347533","67347698","35","65375294"
"KQ053565v1","2197773","2197838","chr1","64284075","64284141","19","62086302"
"KQ053565v1","2348497","2348699","chr14","4672766","4672964","43","2324269"
"KQ053565v1","2348705","2348770","chr1","180599157","180599229","18","178250452"
"KQ053565v1","2351339","2351496","chr10","50951916","50952068","36","48600577"
"KQ053565v1","2409452","2409500","chr6","172279857","172279902","15","169870405"
"KQ053565v1","2487991","2488250","chr1","139571194","139571451","63","137083203"
"KQ053565v1","2546346","2546407","chr6","167327168","167327237","16","164780822"
"KQ053565v1","2546528","2546629","chr11","98009696","98009801","19","95463168"
"KQ053565v1","2577413","2577601","chr2","113767336","113767527","44","111189923"
"KQ053565v1","2637339","2637397","chr2","103522206","103522265","9","100884867"
"KQ053565v1","2672802","2673062","chr3","42009491","42009751","64","39336689"
"KQ053565v1","2710871","2711042","chr2","33484070","33484234","43","30773199"
"KQ053565v1","2714976","2715099","chr20","55997468","55997597","27","53282492"
"KQ053565v1","2889208","2889357","chr14","115035774","115035918","39","112146566"
"KQ053565v1","3072547","3072746","chr13","64590851","64591034","54","61518304"
"KQ053565v1","4386628","4386725","chr11","45003355","45003448","27","40616727"
"KQ053565v1","4437619","4437688","chr11","10965164","10965235","11","6527545"
"KQ053587v1","758841","758926","chr6","132174366","132174450","27","131415525"
"KQ053587v1","1583673","1583715","chr14","17270498","17270540","11","15686825"
"KQ053587v1","2022655","2022935","chr2","78439183","78439464","58","76416528"
"KQ053598v1","1038483","1038614","chr1","28675152","28675290","22","27636669"
"KQ053598v1","1038956","1039111","chr15","6063703","6063862","30","5024747"
"KQ053598v1","1219374","1219525","chr15","375038","375190","34","844336"
"KQ053598v1","1219527","1219578","chr12","92488974","92489026","6","91269447"
"KQ053598v1","1269459","1269567","chr11","82221244","82221360","31","80951785"
"KQ053598v1","1322627","1322706","chr9","21490694","21490771","16","20168067"
"KQ053598v1","1322851","1322929","chr9","21490694","21490771","16","20167843"
"KQ053598v1","1389221","1389421","chr1","220274417","220274607","50","218885196"
"KQ053598v1","1644532","1644618","chr15","96436271","96436362","17","94791739"
"KQ053598v1","1844098","1844234","chr3","75119322","75119465","31","73275224"
"KQ053598v1","2568988","2569047","chr7","106782751","106782813","12","104213763"
"KQ053598v1","2586770","2586944","chr16","58311669","58311837","47","55724899"
"KQ053598v1","2603578","2603743","chr16","58311669","58311837","56","55708091"
"KQ053598v1","2909371","2909655","chr1","192056521","192056805","71","189147150"
"KQ053603v1","2693","2869","chr11","109860880","109861035","44","109858187"
"KQ053609v1","94907","95027","chr7","42454118","42454255","43","42359211"
"KQ053609v1","173474","173766","chr3","161015931","161016231","75","160842457"
"KQ053609v1","645139","645308","chr19","34860936","34861106","38","34215797"
"KQ053609v1","1211422","1211598","chr7","159043727","159043905","36","157832305"
"KQ053609v1","1538138","1538343","chr7","19597342","19597533","79","18059204"
"KQ053609v1","2028519","2028611","chr13","103526787","103526877","21","101498268"
"KQ053620v1","971708","971727","chr1","1498200","1498214","8","526492"
"KQ053620v1","971834","971851","chr1","152492992","152493006","4","151521158"
"KQ053620v1","1599414","1599538","chr17","50008395","50008524","30","48408981"
"KQ053620v1","1711847","1711976","chr18","66738454","66738584","25","65026607"
"KQ053620v1","2956573","2956702","chr12","73007720","73007839","34","70051147"
"KQ053620v1","3643339","3643465","chr3","103618443","103618541","46","99975104"
"KQ053620v1","4006248","4006388","chr6","143433790","143433935","32","139427542"
"KQ053622v1","1813","2081","chr8","76427874","76428118","101","76426061"
"KQ053631v1","3828626","3828741","chr16","22725404","22725514","41","18896778"
"KQ053631v1","4469027","4469282","chr3","42009491","42009751","82","37540464"
"KQ053631v1","4656552","4656834","chr8","89182347","89182634","61","84525795"
"KQ053631v1","6162295","6162472","chr7","159043727","159043905","34","152881432"
"KQ053631v1","6163469","6163604","chr7","133132332","133132456","30","126968863"
"KQ053631v1","6271586","6271763","chr5","148373013","148373191","38","142101427"
"KQ053631v1","6272126","6272248","chr3","88304905","88305026","24","82032779"
"KQ053631v1","6304777","6304959","chr7","159043727","159043905","34","152738950"
"KQ053631v1","6305006","6305056","chr1","54500597","54500644","9","48195591"
"KQ053631v1","6497854","6498052","chr5","66754210","66754404","44","60256356"
"KQ053631v1","6604544","6604692","chr10","76989486","76989631","35","70384942"
"KQ053631v1","6605361","6605628","chr9","92718527","92718801","71","86113166"
"KQ053631v1","6696782","6696845","chr4","66168058","66168119","17","59471276"
"KQ053631v1","6702156","6702209","chr3","130292448","130292499","13","123590292"
"KQ053631v1","6876693","6876826","chr1","85858415","85858535","32","78981722"
"KQ053631v1","6905451","6905668","chr15","94950352","94950568","40","88044901"
"KQ053631v1","6945503","6945551","chr1","199028296","199028339","11","192082793"
"KQ053631v1","6948668","6948816","chr19","38454590","38454726","40","31505922"
"KQ053631v1","6991068","6991231","chr15","83072280","83072438","40","76081212"
"KQ053631v1","7025177","7025273","chr7","99996135","99996235","29","92970958"
"KQ053631v1","7220542","7220701","chr4","123473830","123473989","37","116253288"
"KQ053631v1","7418492","7418763","chr2","69444498","69444769","61","62026006"
"KQ053631v1","7751706","7751818","chr2","143780257","143780359","37","136028551"
"KQ053631v1","8156868","8157060","chr5","35383631","35383814","43","27226763"
"KQ053631v1","8383730","8383891","chr19","10229334","10229497","34","1845604"
"KQ053631v1","8398301","8398447","chr1","38100145","38100281","40","29701844"
"KQ053631v1","8649493","8649767","chr9","56489709","56489997","86","47840216"
"KQ053631v1","8680899","8680931","chr11","1472468","1472503","12","7208431"
"KQ053631v1","9046423","9046630","chr10","49075424","49075637","69","40029001"
"KQ053631v1","9054999","9055206","chr10","49075424","49075637","66","40020425"
"KQ053631v1","9450891","9451024","chr3","51679299","51679431","27","42228408"
"KQ053631v1","9892905","9892968","chr11","12004155","12004220","18","2111250"
"KQ053631v1","10005980","10006118","chrX","44098136","44098280","30","34092156"
"KQ053631v1","10008095","10008171","chr19","46828456","46828531","15","36820361"
"KQ053631v1","10290848","10290913","chr13","72133965","72134034","17","61843117"
"KQ053631v1","10331691","10331885","chr7","117120876","117121068","37","106789185"
"KQ053632v1","195649","195758","chr16","49796492","49796593","26","49600843"
"KQ053632v1","339267","339530","chr4","104101769","104102025","82","103762502"
"KQ053632v1","342418","342616","chr3","173750855","173751035","54","173408437"
"KQ053643v1","755697","755892","chr4","156262708","156262902","42","155507011"
"KQ053643v1","771432","771493","chr1","37935347","37935409","14","37163915"
"KQ053643v1","786462","786655","chr10","37889717","37889905","45","37103255"
"KQ053643v1","877825","878001","chr3","42298682","42298860","40","41420857"
"KQ053643v1","1000001","1000082","chr18","5998049","5998128","14","4998048"
"KQ053643v1","1130327","1130509","chr20","41265103","41265284","32","40134776"
"KQ053643v1","1292970","1293236","chr1","128496342","128496615","89","127203372"
"KQ053643v1","1332710","1332888","chr13","84200894","84201069","44","82868184"
"KQ053643v1","1490392","1490543","chr1","217829770","217829919","38","216339378"
"KQ053643v1","2242150","2242396","chrX","96767262","96767498","58","94525112"
"KQ053643v1","2242997","2243073","chr14","52228994","52229067","13","49985997"
"KQ053643v1","2505794","2506013","chr2","155801316","155801546","50","153295522"
"KQ053643v1","2506186","2506244","chr2","50587367","50587427","10","48081181"
"KQ053654v1","406096","406176","chr20","27187945","27188027","17","26781849"
"KQ053654v1","4002726","4002860","chr7","132272180","132272307","34","128269454"
"KQ053654v1","4156281","4156584","chr11","116551052","116551345","71","112394771"
"KQ053654v1","5262376","5262432","chr2","86407833","86407887","13","81145457"
"KQ053654v1","5263369","5263480","chr11","6600507","6600612","27","1337138"
"KQ053665v1","631856","631941","chr6","128263343","128263422","24","127631487"
"KQ053665v1","908685","908875","chr9","25989257","25989459","55","25080572"
"KQ053667v1","211801","211966","chr13","37888752","37888912","37","37676951"
"KQ053675v1","189471","189801","chr1","205089423","205089747","81","204899952"
"KQ053675v1","1316375","1316422","chr6","29753449","29753493","11","28437074"
"KQ053675v1","1316475","1316601","chr1","118805415","118805544","31","117488940"
"KQ053675v1","1331117","1331375","chr2","55986552","55986791","88","54655435"
"KQ053686v1","1620747","1620919","chr7","81865711","81865878","47","80244964"
"KQ053686v1","3600128","3600266","chr6","148309722","148309856","31","144709594"
"KQ053686v1","3600670","3600837","chr13","60629700","60629873","38","57029030"
"KQ053686v1","3844220","3844361","chr15","34277753","34277890","21","30433533"
"KQ053696v1","164465","164683","chr7","33746540","33746750","57","33582075"
"KQ053696v1","330264","330318","chr2","96120859","96120912","15","95790595"
"KQ053696v1","499927","499971","chr1","37996324","37996365","14","37496397"
"KQ053696v1","1577654","1577816","chr7","23333641","23333802","32","21755987"
"KQ053696v1","1717293","1717368","chr3","172280490","172280563","18","170563197"
"KQ053696v1","1717701","1717928","chr12","103809841","103810072","44","102092140"
"KQ053696v1","1743579","1743651","chr1","130442089","130442168","17","128698510"
"KQ053696v1","2751497","2751657","chr8","138781039","138781194","38","136029542"
"KQ053696v1","3432714","3432795","chr4","80046151","80046230","21","76613437"
"KQ053696v1","3848010","3848313","chr20","10904600","10904899","60","7056590"
"KQ053696v1","4228928","4229150","chr9","1659004","1659220","55","2569924"
"KQ053696v1","4229609","4229703","chr8","96649061","96649154","16","92419452"
"KQ053696v1","5024260","5024439","chr14","71596184","71596356","38","66571924"
"KQ053696v1","5220117","5220414","chr2","47911084","47911382","70","42690967"
"KQ053696v1","5869135","5869265","chr3","170581275","170581412","39","164712140"
"KQ053696v1","5870932","5871029","chr2","85848027","85848127","27","79977095"
"KQ053701v1","15160","15288","chr1","77635951","77636067","42","77620791"
"KQ053707v1","734951","735262","chr20","10150898","10151192","107","9415947"
"KQ053707v1","1975015","1975176","chr6","146222848","146223015","46","144247833"
"KQ053707v1","2180439","2180646","chr3","36859","37067","46","2143580"
"KQ053707v1","4148042","4148169","chr7","79296849","79296972","30","75148807"
"KQ053711v1","8243","8385","chr1","217243654","217243805","42","217235411"
"KQ053718v1","220731","220797","chr20","14309840","14309907","13","14089109"
"KQ053718v1","1039399","1039591","chr10","14462717","14462877","59","13423318"
"KQ053718v1","1156291","1156405","chr7","106492413","106492535","32","105336122"
"KQ053718v1","1241246","1241419","chr7","84423623","84423790","53","83182377"
"KQ053718v1","1710349","1710468","chr14","54749851","54749966","23","53039502"
"KQ053718v1","1875319","1875584","chr5","101314123","101314375","60","99438804"
"KQ053718v1","2020509","2020590","chr10","80791429","80791505","16","78770920"
"KQ053718v1","2643579","2643677","chr5","20259577","20259676","18","17615998"
"KQ053718v1","2643720","2643838","chr6","173693033","173693147","40","171049313"
"KQ053718v1","2731148","2731407","chr11","117744686","117744939","67","115013538"
"KQ053718v1","2914668","2914957","chr5","158175543","158175846","58","155260875"
"KQ053718v1","4014894","4015043","chr1","139075827","139075967","40","135060933"
"KQ053729v1","2408985","2409279","chr9","26171818","26172114","59","23762833"
"KQ053740v1","1382658","1382815","chr11","92398675","92398825","58","91016017"
"KQ053740v1","1400004","1400199","chr15","36190565","36190758","48","34790561"
"KQ053740v1","1412800","1412980","chr3","38843107","38843273","59","37430307"
"KQ053740v1","1421421","1421561","chr10","81449547","81449671","40","80028126"
"KQ053740v1","2120187","2120425","chr8","70504078","70504342","76","68383891"
"KQ053740v1","2120459","2120470","chr1","38126422","38126433","2","36005963"
"KQ053740v1","2599365","2599451","chr8","74369844","74369927","22","71770479"
"KQ053740v1","2600683","2600865","chr2","100025059","100025226","49","97424376"
"KQ053740v1","2700945","2701067","chr1","79644992","79645112","31","76944047"
"KQ053740v1","2882370","2882640","chr9","15521242","15521531","80","12638872"
"KQ053740v1","2943031","2943129","chr2","73187524","73187625","30","70244493"
"KQ053740v1","2945275","2945321","chr6","148291297","148291342","9","145346022"
"KQ053740v1","2979179","2979364","chr7","159043727","159043905","40","156064548"
"KQ053740v1","3297934","3298001","chr5","90097810","90097879","18","86799876"
"KQ053740v1","3298004","3298122","chr3","34515363","34515472","29","31217359"
"KQ053740v1","3519262","3519340","chr6","173727853","173727923","24","170208591"
"KQ053741v1","767390","767566","chr9","46597710","46597877","42","45830320"
"KQ053741v1","768606","768705","chr6","34671589","34671687","27","33902983"
"KQ053741v1","1059928","1060097","chr15","39854641","39854809","40","38794713"
"KQ053741v1","1566977","1567140","chr10","14462717","14462877","26","12895740"
"KQ053741v1","1579112","1579277","chr6","69384842","69385010","37","67805730"
"KQ053741v1","1683401","1683454","chr12","70184281","70184334","12","68500880"
"KQ053741v1","1686995","1687099","chrX","138575877","138575991","24","136888882"
"KQ053741v1","1731638","1731834","chr20","2169556","2169727","51","437918"
"KQ053741v1","1732347","1732445","chr6","161966873","161966971","32","160234526"
"KQ053741v1","1732744","1732796","chr1","169542918","169542970","15","167810174"
"KQ053741v1","1823774","1824120","chr16","1786435","1786739","133","37339"
"KQ053741v1","1886779","1886904","chr1","30320817","30320945","34","28434038"
"KQ053741v1","2166030","2166082","chr11","110640487","110640539","11","108474457"
"KQ053741v1","2168996","2169131","chr11","132063616","132063765","41","129894620"
"KQ053741v1","2350651","2350765","chr10","60281952","60282069","27","57931301"
"KQ053741v1","2354092","2354267","chr20","36795194","36795340","56","34441102"
"KQ053747v1","14559","14820","chr19","16212630","16212888","92","16198071"
"KQ053752v1","185836","186013","chr8","67378736","67378912","41","67192900"
"KQ053752v1","749562","749720","chr15","41726081","41726240","38","40976519"
"KQ053752v1","907712","907845","chr11","118522753","118522893","33","117615041"
"KQ053752v1","910330","910378","chrX","95249467","95249509","9","94339137"
"KQ053752v1","1095399","1095595","chr15","36190565","36190758","44","35095166"
"KQ053752v1","1453058","1453240","chr5","140196860","140197043","48","138743802"
"KQ053752v1","1650229","1650342","chr1","25270883","25271002","35","23620654"
"KQ053752v1","1919901","1919925","chr13","77458403","77458427","3","75538502"
"KQ053752v1","1920365","1920442","chr20","49943865","49943942","12","48023500"
"KQ053752v1","3414282","3414358","chr19","3124226","3124299","19","290056"
"KQ053752v1","3414361","3414410","chr5","145534944","145534994","9","142120583"
"KQ053752v1","5666860","5666919","chr3","40058589","40058650","11","34391729"
"KQ053752v1","7948163","7948279","chr1","85858415","85858535","25","77910252"
"KQ053752v1","7958145","7958264","chr13","78012139","78012247","35","70053994"
"KQ053752v1","7961821","7961908","chr9","16601180","16601266","18","8639359"
"KQ053752v1","8016277","8016558","chr2","44235641","44235925","82","36219364"
"KQ053761v1","10351","10411","chr9","116515729","116515786","21","116505378"
"KQ053763v1","242935","243138","chr20","14642247","14642456","46","14399312"
"KQ053763v1","346529","346569","chr1","129112881","129112914","9","128766352"
"KQ053763v1","346570","346726","chr9","22253440","22253600","58","21906870"
"KQ053763v1","410715","410789","chr1","180599157","180599229","16","180188442"
"KQ053763v1","783123","783261","chr11","99627665","99627799","25","98844542"
"KQ053763v1","1310399","1310497","chr7","19251314","19251417","25","17940915"
"KQ053763v1","1695892","1695979","chr18","53780293","53780384","22","52084401"
"KQ053763v1","2106101","2106382","chr7","81532399","81532684","69","79426298"
"KQ053763v1","2154552","2154702","chr2","100069015","100069158","41","97914463"
"KQ053763v1","3113620","3113731","chr10","61295128","61295237","22","58181508"
"KQ053763v1","3114111","3114310","chr7","50700572","50700776","46","47586461"
"KQ053763v1","3125005","3125085","chr3","42442354","42442430","20","39317349"
"KQ053763v1","3154817","3154926","chr7","59549608","59549699","44","56394791"
"KQ053763v1","3287336","3287478","chr2","67925671","67925816","31","64638335"
"KQ053763v1","3443650","3443945","chr1","121637797","121638093","65","118194147"
"KQ053763v1","3751786","3752062","chr10","435831","436104","62","3315955"
"KQ053763v1","3795210","3795355","chr6","153566299","153566447","32","149771089"
"KQ053763v1","3798036","3798197","chr19","43423270","43423432","32","39625234"
"KQ053763v1","4695150","4695206","chr14","63550794","63550854","13","58855644"
"KQ053774v1","830315","830394","chr7","75547640","75547719","19","74717325"
"KQ053774v1","868120","868298","chr3","178475527","178475702","39","177607407"
"KQ053774v1","1030004","1030133","chr11","53261419","53261542","33","52231415"
"KQ053774v1","2537119","2537196","chr3","45654124","45654206","22","43117005"
"KQ053774v1","2765835","2765977","chr1","1658615","1658747","34","1107220"
"KQ053774v1","2778009","2778083","chr1","28824693","28824770","14","26046684"
"KQ053774v1","4453919","4454007","chr3","47617372","47617450","19","43163453"
"KQ053782v1","6451","6768","chrX","16052168","16052466","97","16045717"
"KQ053783v1","134251","134546","chr6","75965294","75965604","67","75831043"
"KQ053785v1","75228","75400","chr16","69490163","69490326","42","69414935"
"KQ053785v1","295979","296230","chr4","151996065","151996317","57","151700086"
"KQ053785v1","708210","708373","chr6","169794377","169794541","36","169086167"
"KQ053785v1","2401322","2401501","chr10","31272295","31272473","41","28870973"
"KQ053795v1","377844","378065","chr11","130089781","130089993","47","129711937"
"KQ053795v1","646200","646452","chr9","6134778","6135029","68","5488578"
"KQ053795v1","660462","660742","chr1","137642784","137643062","83","136982322"
"KQ053795v1","733584","733621","chr4","13280573","13280610","6","12546989"
"KQ053795v1","735696","735876","chr7","37755730","37755904","39","37020034"
"KQ053795v1","736215","736348","chr18","13006881","13007012","23","12270666"
"KQ053795v1","1090644","1090808","chr1","19880352","19880491","45","18789708"
"KQ053795v1","1132862","1133046","chr12","35345382","35345556","42","34212520"
"KQ053795v1","1133651","1133799","chr16","72320461","72320588","50","71186810"
"KQ053795v1","1375281","1375576","chr6","168310873","168311167","68","166935592"
"KQ053795v1","1490952","1491039","chr1","87069320","87069408","21","85578368"
"KQ053795v1","1511016","1511104","chr1","87069320","87069408","21","85558304"
"KQ053795v1","1517217","1517288","chr14","5854343","5854418","21","4337126"
"KQ053795v1","1549106","1549221","chr3","40607497","40607621","37","39058391"
"KQ053795v1","1751085","1751156","chr4","10260488","10260563","19","8509403"
"KQ053795v1","1858922","1859070","chr3","34240347","34240497","30","32381425"
"KQ053795v1","1859174","1859290","chr11","27275028","27275139","25","25415854"
"KQ053806v1","3402","3462","chr13","42250192","42250250","12","42246790"
"KQ053806v1","172504","172528","chr5","85380607","85380632","9","85208103"
"KQ053806v1","347043","347241","chr8","63419629","63419806","62","63072586"
"KQ053806v1","552360","552446","chr7","17265184","17265272","17","16712824"
"KQ053816v1","615598","615655","chr1","28104378","28104438","12","27488780"
"KQ053816v1","3966531","3966704","chr2","47505779","47505949","31","43539248"
"KQ053816v1","6674646","6674739","chr1","9611501","9611593","23","2936855"
"KQ053816v1","6788232","6788267","chr2","77534139","77534172","11","70745907"
"KQ053816v1","6808781","6808817","chr2","77534139","77534172","10","70725358"
"KQ053816v1","7054199","7054332","chr1","13316559","13316691","32","6262360"
"KQ053816v1","7143483","7143576","chr12","41865094","41865202","30","34721611"
"KQ053816v1","7150790","7150867","chr19","38172273","38172344","17","31021483"
"KQ053816v1","7207950","7208120","chr20","11546793","11546974","49","4338843"
"KQ053816v1","7213748","7213940","chr3","24592579","24592773","48","17378831"
"KQ053827v1","327921","327999","chr1","207074993","207075075","25","206747072"
"KQ053827v1","347321","347400","chr20","13819206","13819282","25","13471885"
"KQ053827v1","2314493","2314684","chr7","117120876","117121068","41","114806383"
"KQ053827v1","2461325","2461430","chr11","119994144","119994231","33","117532819"
"KQ053827v1","2468824","2468879","chr3","127549410","127549458","11","125080586"
"KQ053827v1","2469079","2469207","chr11","7906378","7906503","31","5437299"
"KQ053827v1","2517553","2517724","chr3","125233005","125233176","32","122715452"
"KQ053827v1","3074385","3074559","chrX","15566621","15566795","38","12492236"
"KQ053827v1","3828630","3828736","chr2","44878969","44879063","25","41050339"
"KQ053827v1","3829201","3829413","chr20","71180031","71180234","52","67350830"
"KQ053827v1","4478734","4478908","chr15","5048646","5048820","36","569912"
"KQ053827v1","4572570","4572727","chr2","62202224","62202386","49","57629654"
"KQ053827v1","5995622","5995812","chr3","157015217","157015405","52","151019595"
"KQ053835v1","3641","3749","chr19","40190589","40190699","22","40186948"
"KQ053838v1","1731049","1731151","chrX","16554994","16555104","24","14823945"
"KQ053838v1","3109879","3110051","chr19","35588710","35588883","35","32478831"
"KQ053838v1","3252814","3252920","chr9","96286117","96286223","27","93033303"
"KQ053838v1","3253374","3253543","chr1","23189801","23189980","40","19936427"
"KQ053838v1","4085457","4085525","chrX","1459697","1459768","20","2625760"
"KQ053849v1","520279","520543","chr2","108628778","108629021","81","108108499"
"KQ053849v1","719755","719980","chr1","109998206","109998423","70","109278451"
"KQ053849v1","1035740","1035794","chr12","92488974","92489026","9","91453234"
"KQ053849v1","1035800","1035959","chr15","22905688","22905844","40","21869888"
"KQ053849v1","1057619","1057806","chr5","105137254","105137434","62","104079635"
"KQ053849v1","1064063","1064320","chr3","99820911","99821155","87","98756848"
"KQ053849v1","1090354","1090514","chr3","5438508","5438666","37","4348154"
"KQ053849v1","1148266","1148373","chr11","85978460","85978564","29","84830194"
"KQ053849v1","1602126","1602243","chr7","15541569","15541691","29","13939443"
"KQ053849v1","1631301","1631522","chr11","83961202","83961427","50","82329901"
"KQ053849v1","1638448","1638650","chr4","101677234","101677415","52","100038786"
"KQ053849v1","1931455","1931606","chr9","102282987","102283142","40","100351532"
"KQ053849v1","2127486","2127592","chr1","54858946","54859047","23","52731460"
"KQ053849v1","2142199","2142367","chr11","2954692","2954857","28","812493"
"KQ053849v1","2946460","2946597","chr6","143433790","143433935","35","140487330"
"KQ053849v1","2953280","2953414","chr3","100119193","100119323","32","97165913"
"KQ053850v1","90073","90333","chr1","69680096","69680357","68","69590023"
"KQ053850v1","139060","139181","chr10","61329698","61329813","32","61190638"
"KQ053850v1","177161","177302","chr6","126305898","126306028","42","126128737"
"KQ053850v1","178333","178472","chr1","38100145","38100281","29","37921812"
"KQ053850v1","186008","186349","chr7","49571405","49571710","105","49385397"
"KQ053850v1","252033","252343","chr1","54229102","54229398","97","53977069"
"KQ053850v1","273178","273466","chr12","85508966","85509256","69","85235788"
"KQ053850v1","358554","358739","chrX","1974259","1974432","42","1615705"
"KQ053850v1","711090","711239","chr20","15083166","15083314","27","14372076"
"KQ053850v1","716912","717093","chr16","36340026","36340211","32","35623114"
"KQ053850v1","813524","813642","chr19","32126737","32126853","23","31313213"
"KQ053850v1","894721","894905","chr3","51254773","51254961","48","50360052"
"KQ053850v1","944347","944452","chr19","25480204","25480305","22","24535857"
"KQ053850v1","944852","945000","chr2","95278399","95278545","26","94333547"
"KQ053850v1","1239446","1239664","chr3","34029333","34029518","65","32789887"
"KQ053850v1","1359207","1359286","chr18","1225102","1225181","21","134105"
"KQ053850v1","1929920","1930004","chr1","52328523","52328606","15","50398603"
"KQ053850v1","1947284","1947586","chr8","125108902","125109193","94","123161618"
"KQ053850v1","1958891","1959011","chrX","61671031","61671155","26","59712140"
"KQ053850v1","1961621","1961794","chrX","1974259","1974432","30","12638"
"KQ053850v1","2002400","2002547","chr18","1355950","1356099","32","646450"
"KQ053850v1","2038485","2038500","chr2","27695806","27695822","3","25657321"
"KQ053850v1","2038830","2038994","chr3","35144163","35144321","39","33105333"
"KQ053861v1","1144145","1144373","chr2","91121304","91121532","65","89977159"
"KQ053861v1","1149965","1150058","chr19","2227969","2228062","25","1078004"
"KQ053861v1","2027216","2027287","chr4","115015478","115015551","15","112988262"
"KQ053861v1","3408799","3408856","chrX","939789","939841","10","2469010"
"KQ053861v1","3408866","3408998","chr3","52245412","52245549","23","48836546"
"KQ053872v1","208670","208765","chr14","10540730","10540819","23","10332060"
"KQ053872v1","283689","283873","chr4","123884395","123884572","42","123600706"
"KQ053872v1","386070","386154","chr17","72661372","72661455","21","72275302"
"KQ053872v1","388912","389102","chr3","5554807","5554990","46","5165895"
"KQ053872v1","549662","549823","chr2","100069015","100069158","44","99519353"
"KQ053872v1","618516","618665","chr10","37797190","37797341","45","37178674"
"KQ053872v1","638534","638687","chr4","45727931","45728083","39","45089397"
"KQ053872v1","644296","644444","chr13","1608075","1608227","38","963779"
"KQ053872v1","1044221","1044376","chr7","38982370","38982525","32","37938149"
"KQ053872v1","1167072","1167229","chr9","102282987","102283142","32","101115915"
"KQ053872v1","1348944","1349162","chr17","11398459","11398688","42","10049515"
"KQ053883v1","2192647","2192968","chr20","9392997","9393294","70","7200350"
"KQ053883v1","2225995","2226054","chr3","161043322","161043382","16","158817327"
"KQ053883v1","3691613","3691711","chr3","14970315","14970414","18","11278702"
"KQ053883v1","3694277","3694450","chr2","43232993","43233164","38","39538716"
"KQ053883v1","5340422","5340582","chr12","83940282","83940439","33","78599860"
"KQ053883v1","5394386","5394554","chr11","109855715","109855884","38","104461329"
"KQ053883v1","5508907","5509064","chr1","17629970","17630130","38","12121063"
"KQ053883v1","5912711","5912915","chr3","13173386","13173598","50","7260675"
"KQ053883v1","5977295","5977372","chr11","47109808","47109886","15","41132513"
"KQ053883v1","6990109","6990259","chr19","5298057","5298214","48","1692052"
"KQ053883v1","7040248","7040547","chr9","87050181","87050483","79","80009933"
"KQ053894v1","1416486","1416559","chr4","104803501","104803574","16","103387015"
"KQ053894v1","1435508","1435650","chr7","40600375","40600507","38","39164867"
"KQ053894v1","1451680","1451797","chr5","158521309","158521426","39","157069629"
"KQ053894v1","1506644","1506757","chr17","10782653","10782748","36","9276009"
"KQ053894v1","1581185","1581260","chr1","202762251","202762322","18","201181066"
"KQ053894v1","1877077","1877372","chr6","61041618","61041916","64","59164541"
"KQ053894v1","2097880","2098109","chr4","130173710","130173940","45","128075830"
"KQ053894v1","2199418","2199582","JH682236","137687","137848","32","2061731"
"KQ053894v1","2288200","2288299","chr8","96649061","96649154","29","94360861"
"KQ053894v1","2692934","2693090","chr1","128809526","128809667","35","126116592"
"KQ053894v1","3157565","3157796","chr6","120061108","120061335","58","116903543"
"KQ053894v1","3341080","3341396","chr8","111707808","111708120","73","108366728"
"KQ053898v1","5336","5568","chr14","21988840","21989072","60","21983504"
"KQ053905v1","829064","829210","chr15","74559962","74560105","44","73730898"
"KQ053905v1","841949","842129","chr11","82832080","82832272","52","81990131"
"KQ053905v1","2956023","2956131","chr10","81582235","81582334","30","78626212"
"KQ053905v1","3406638","3406734","chr8","62887775","62887872","22","59481137"
"KQ053905v1","3663717","3663933","chr6","149363418","149363644","57","145699701"
"KQ053905v1","4617364","4617424","chr3","157849713","157849768","16","153232349"
"KQ053905v1","5799384","5799502","chr11","82993111","82993234","30","77193727"
"KQ053916v1","1291351","1291529","chr5","50152916","50153087","44","48861565"
"KQ053916v1","2400887","2401044","chr1","217829770","217829919","38","215428883"
"KQ053916v1","2553353","2553551","chr1","53287340","53287513","64","50733987"
"KQ053916v1","2793266","2793354","chr11","85269828","85269916","17","82476562"
"KQ053927v1","855884","856023","chr11","94382624","94382759","22","93526740"
"KQ053927v1","973476","973615","chr6","135707234","135707381","39","134733758"
"KQ053927v1","1129727","1129850","chr1","118805415","118805544","27","117675688"
"KQ053927v1","1130305","1130466","chrX","21074706","21074858","38","19944401"
"KQ053937v1","17458","17624","chr14","5555395","5555561","32","5537937"
"KQ053940v1","3455","3747","chr8","10034943","10035230","63","10031488"
"KQ053946v1","5777","5868","chr18","70289596","70289682","29","70283819"
"KQ053948v1","139654","140033","chr16","50770350","50770705","110","50630696"
"KQ053948v1","180276","180360","chr4","51815470","51815554","21","51635194"
"KQ053948v1","900298","900484","chr19","2227010","2227198","51","1326712"
"KQ053948v1","1281199","1281214","chr1","109427498","109427509","5","108146299"
"KQ053948v1","1752120","1752247","chr5","43405822","43405943","36","41653702"
"KQ053948v1","1892483","1892728","chr9","6030499","6030716","68","4138016"
"KQ053948v1","2228443","2228491","chr11","124177305","124177353","12","121948862"
"KQ053948v1","2237568","2237584","chr2","147835417","147835432","1","145597849"
"KQ053948v1","2237867","2237936","chr13","93349515","93349583","15","91111648"
"KQ053948v1","2264045","2264184","chr1","118805415","118805544","35","116541370"
"KQ053948v1","2275532","2275662","chr1","93779266","93779399","20","91503734"
"KQ053948v1","2277578","2277761","chr1","206823091","206823266","46","204545513"
"KQ053948v1","2301584","2301690","chr9","110582537","110582646","17","108280953"
"KQ053948v1","2373703","2373789","chr3","45654124","45654206","22","43280421"
"KQ053948v1","2462053","2462174","chr16","42538597","42538718","24","40076544"
"KQ053948v1","2489556","2489607","chr6","55351296","55351346","14","52861740"
"KQ053948v1","2514671","2514809","chr11","94439766","94439895","42","91925095"
"KQ053948v1","2548623","2548702","chr5","20378643","20378720","22","17830020"
"KQ053948v1","2692575","2692639","chr6","134194500","134194566","13","131501925"
"KQ053948v1","2725388","2725452","chr6","134194500","134194566","14","131469112"
"KQ053948v1","2787441","2787603","chr12","23124192","23124349","34","20336751"
"KQ053948v1","3064316","3064466","chr9","19939067","19939204","41","16874751"
"KQ053948v1","3064850","3064968","chr7","63703643","63703759","23","60638793"
"KQ053959v1","166037","166175","chr14","37382366","37382502","27","37216329"
"KQ053959v1","167233","167286","chr6","29753449","29753493","16","29586216"
"KQ053959v1","1944815","1944936","chr1","129457705","129457814","44","127512890"
"KQ053959v1","2295259","2295389","chr4","35981626","35981745","41","33686367"
"KQ053959v1","2430806","2430954","chrX","128178900","128179053","27","125748094"
"KQ053959v1","4169460","4169521","chr9","59543709","59543771","17","55374249"
"KQ053959v1","4259575","4259797","chr5","142934302","142934529","58","138674727"
"KQ053959v1","4308610","4308728","chr2","163880471","163880593","28","159571861"
"KQ053959v1","4308783","4308799","chr14","17991900","17991915","3","13683117"
"KQ053959v1","4309143","4309305","chr3","33439215","33439385","49","29130072"
"KQ053959v1","4311405","4311530","chr1","19748519","19748641","26","15437114"
"KQ053959v1","4311582","4311598","chr7","129870058","129870073","3","125558476"
"KQ053959v1","4311927","4312089","chr17","77658789","77658950","45","73346862"
"KQ053959v1","4376954","4377138","chr2","39111545","39111726","40","34734591"
"KQ053959v1","4437712","4437793","chr4","2744439","2744523","21","1693273"
"KQ053959v1","4742322","4742483","chr1","217829770","217829919","45","213087448"
"KQ053959v1","5146442","5146568","chr1","42098559","42098682","36","36952117"
"KQ053959v1","5311573","5311770","chr5","50714490","50714690","46","45402917"
"KQ053959v1","5387787","5387916","chr2","105944749","105944876","31","100556962"
"KQ053959v1","5401943","5402148","chr4","13235583","13235781","44","7833640"
"KQ053959v1","5402542","5402638","chr9","33121832","33121921","19","27719290"
"KQ053960v1","179445","179566","chr16","45082960","45083081","27","44903515"
"KQ053960v1","203434","203510","chr11","967560","967636","17","764126"
"KQ053960v1","1358165","1358408","chrX","44384086","44384335","52","43025921"
"KQ053960v1","2070259","2070388","chr5","36065215","36065339","33","33994956"
"KQ053968v1","7444","7569","chr19","14970775","14970903","36","14963331"
"KQ053968v1","11151","11308","chr3","41813144","41813293","46","41801993"
"KQ053971v1","37644","37730","chr20","65874314","65874396","20","65836670"
"KQ053971v1","841578","841722","chr3","37580868","37581005","39","36739290"
"KQ053971v1","1716839","1716926","chr2","86491964","86492039","25","84775125"
"KQ053971v1","1980339","1980488","chr4","17814413","17814562","34","15834074"
"KQ053971v1","1980490","1980535","chr12","80492486","80492530","6","78511996"
"KQ053971v1","2148704","2148828","chr11","4764033","4764157","20","2615329"
"KQ053971v1","2149089","2149257","chr7","59472932","59473096","35","57323843"
"KQ053971v1","2237569","2237719","chr8","24422037","24422195","36","22184468"
"KQ053971v1","2412353","2412491","chr11","60527399","60527534","35","58115046"
"KQ053971v1","3527511","3527709","chr8","20196306","20196510","51","16668795"
"KQ053982v1","59549","59687","chr20","19733941","19734081","36","19674392"
"KQ053982v1","493360","493482","chr18","66738454","66738584","24","66245094"
"KQ053982v1","667712","668029","chr19","45087862","45088149","87","44420150"
"KQ053982v1","1976636","1976728","chr11","110032530","110032623","20","108055894"
"KQ053982v1","2310280","2310416","chr11","84387535","84387667","34","82077255"
"KQ053982v1","2556273","2556424","chr7","33510708","33510852","43","30954435"
"KQ053982v1","2556758","2556817","chr9","88525258","88525317","16","85968500"
"KQ053982v1","4000384","4000597","chr7","48068058","48068272","50","44067674"
"KQ053982v1","4002840","4002933","chr8","65999335","65999426","18","61996495"
"KQ053982v1","4611200","4611391","chr17","52218543","52218734","48","47607343"
"KQ053982v1","5041898","5042071","chr10","27018673","27018838","41","21976775"
"KQ053993v1","694972","695273","chr4","13648109","13648415","62","12953137"
"KQ053993v1","697814","698103","chr19","38376996","38377284","62","37679182"
"KQ053993v1","755956","756024","chr3","161043322","161043382","16","160287366"
"KQ053993v1","825416","825586","chr20","39877886","39878051","44","39052470"
"KQ053993v1","828516","828656","chr2","88213641","88213776","40","87385125"
"KQ053993v1","893943","894145","chr11","119597835","119598044","59","118703892"
"KQ053993v1","895198","895309","chr8","62427896","62428002","24","61532698"
"KQ053993v1","920574","920630","chr7","126552400","126552456","12","125631826"
"KQ053993v1","1004686","1004977","chr2","144244002","144244282","91","143239316"
"KQ053993v1","1048720","1048855","chr3","52245412","52245549","29","51196692"
"KQ053993v1","1052173","1052360","chr1","206823091","206823266","48","205770918"
"KQ054004v1","497443","497532","chr19","50340060","50340151","27","49842617"
"KQ054004v1","506081","506183","chr1","163935391","163935489","27","163429310"
"KQ054004v1","536218","536339","chr11","108063934","108064062","36","107527716"
"KQ054004v1","538406","538527","chr11","108063934","108064062","36","107525528"
"KQ054004v1","541599","541706","chr2","93519598","93519701","38","92977999"
"KQ054004v1","545290","545386","chr3","55488781","55488875","36","54943491"
"KQ054004v1","564230","564379","chr13","84752135","84752271","45","84187905"
"KQ054004v1","570943","571096","chr10","31906406","31906562","42","31335463"
"KQ054004v1","576966","577131","chr20","38042944","38043107","51","37465978"
"KQ054004v1","592649","592772","chr16","53294271","53294383","41","52701622"
"KQ054004v1","629582","629736","chr3","39780379","39780528","43","39150797"
"KQ054004v1","638421","638502","chr1","24798479","24798557","19","24160058"
"KQ054004v1","638503","638649","chr16","35743223","35743372","43","35104720"
"KQ054004v1","667908","668071","chr10","27103446","27103605","48","26435538"
"KQ054004v1","996412","996582","chrX","5861741","5861899","54","4865329"
"KQ054014v1","2438","2582","chr15","81663422","81663556","45","81660984"
"KQ054026v1","73363","73523","chr19","12442736","12442895","34","12369373"
"KQ054026v1","185832","186108","chr13","41584371","41584641","76","41398539"
"KQ054026v1","314231","314504","chr2","103902499","103902775","65","103588268"
"KQ054026v1","1880446","1880586","chr19","33047254","33047391","40","31166808"
"KQ054026v1","1892966","1893133","chr1","112152519","112152676","35","110259553"
"KQ054026v1","2008001","2008140","chr1","67337788","67337911","51","65329787"
"KQ054026v1","2016555","2016762","chr13","59869851","59870056","56","57853296"
"KQ054037v1","261257","261431","chr19","13362763","13362937","35","13101506"
"KQ054037v1","544362","544449","chr2","63954686","63954771","13","63410324"
"KQ054037v1","544660","544841","chr7","159043727","159043905","41","158499067"
"KQ054037v1","563936","564020","chr2","63954686","63954771","16","63390750"
"KQ054037v1","564225","564403","chr11","117343077","117343252","41","116778852"
"KQ054037v1","872553","872619","chr1","42852789","42852856","19","41980236"
"KQ054037v1","1260721","1260877","chr2","78396898","78397056","44","77136177"
"KQ054047v1","223731","223996","chr5","14615035","14615290","65","14391304"
"KQ054047v1","241180","241446","chr3","12228564","12228833","56","11987384"
"KQ054047v1","469281","469525","chr15","41579142","41579395","75","41109861"
"KQ054047v1","476895","477061","chr1","13399085","13399226","54","12922190"
"KQ054047v1","499875","499948","chr2","163983754","163983823","17","163483879"
"KQ054047v1","579602","579649","chr6","148291297","148291342","8","147711695"
"KQ054047v1","582994","583271","chr20","24839005","24839281","72","24256011"
"KQ054054v1","6730","6779","chr5","118497961","118498012","6","118491231"
"KQ054058v1","826872","826946","chr11","131017912","131017987","22","130191040"
"KQ054058v1","2335243","2335543","chr16","47397286","47397584","62","45062043"
"KQ054058v1","3199007","3199195","chr5","137844689","137844860","43","134645682"
"KQ054068v1","1056262","1056411","chr6","170420317","170420448","39","169364055"
"KQ054068v1","1412878","1413078","chr7","51858484","51858651","66","50445606"
"KQ054068v1","1413205","1413340","chr10","81051629","81051755","33","79638424"
"KQ054068v1","1471008","1471168","chr20","15083166","15083314","45","13612158"
"KQ054068v1","1520040","1520188","chr11","59404218","59404372","40","57884178"
"KQ054068v1","1542342","1542403","chr18","8036947","8037011","22","6494605"
"KQ054068v1","1572506","1572626","chr11","103912081","103912189","42","102339575"
"KQ054068v1","1573806","1573910","chr14","73178581","73178687","24","71604775"
"KQ054068v1","1622094","1622250","chr1","25816699","25816864","42","24194605"
"KQ054068v1","1653550","1653593","chrX","95249467","95249509","8","93595917"
"KQ054068v1","1653594","1653778","chr15","23052198","23052382","46","21398604"
"KQ054068v1","1746734","1746821","chr9","3301496","3301580","24","1554762"
"KQ054068v1","1747136","1747210","chr6","50558987","50559063","23","48811851"
"KQ054068v1","1747497","1747606","chr11","116425395","116425503","28","114677898"
"KQ054068v1","1844634","1844775","chr14","63745594","63745727","37","61900960"
"KQ054068v1","1994289","1994459","chr7","133259543","133259707","31","131265254"
"KQ054068v1","2010682","2010817","chr16","51456573","51456710","20","49445891"
"KQ054068v1","2013695","2013884","chr19","7373003","7373190","41","5359308"
"KQ054068v1","2498726","2498912","chr7","125296476","125296665","51","122797750"
"KQ054068v1","2625603","2625714","chr7","14864611","14864716","22","12239008"
"KQ054068v1","2626313","2626461","chr2","94162758","94162902","30","91536445"
"KQ054068v1","2672607","2672753","chr3","50438878","50439023","28","47766271"
"KQ054068v1","3021771","3021949","chr13","69147995","69148175","44","66126224"
"KQ054068v1","3085885","3086033","chr1","161640628","161640779","34","158554743"
"KQ054068v1","3645345","3645553","chr7","50700572","50700776","37","47055227"
"KQ054068v1","3645822","3645887","chr1","31252960","31253021","16","27607138"
"KQ054068v1","3694567","3694703","chr1","142371098","142371243","36","138676531"
"KQ054068v1","3898497","3898651","chr2","143763431","143763587","44","139864934"
"KQ054068v1","5328378","5328536","chr8","69575991","69576150","37","64247613"
"KQ054068v1","5420421","5420604","chr11","75216333","75216491","57","69795912"
"KQ054068v1","5845227","5845274","chr11","81754037","81754083","10","75908810"
"KQ054068v1","5845363","5845469","chr2","69271792","69271900","19","63426429"
"KQ054068v1","5851083","5851129","chr11","81754037","81754083","10","75902954"
"KQ054068v1","5851215","5851320","chr2","69271792","69271900","20","63420577"
"KQ054068v1","6122274","6122414","chr16","25554198","25554338","29","19431924"
"KQ054068v1","6161807","6161980","chr3","161043146","161043319","38","154881339"
"KQ054068v1","6450011","6450165","chr1","21845680","21845835","33","15395669"
"KQ054068v1","6819204","6819215","chr1","15101615","15101626","2","8282411"
"KQ054068v1","6819540","6819697","chr11","93931965","93932124","38","87112425"
"KQ054068v1","6820570","6820841","chr11","11529370","11529651","58","4708800"
"KQ054068v1","6832911","6833094","chr4","151305515","151305690","49","144472604"
"KQ054068v1","7382887","7382937","chr16","67698449","67698492","13","60315562"
"KQ054069v1","621948","622141","chr3","45444443","45444627","50","44822495"
"KQ054069v1","953477","953642","chrX","108074329","108074494","32","107120852"
"KQ054069v1","1439095","1439194","chr11","110032530","110032623","12","108593435"
"KQ054069v1","1439363","1439479","chr5","79722250","79722362","31","78282887"
"KQ054069v1","1798610","1798977","chr13","1617137","1617483","110","181473"
"KQ054069v1","2221797","2221931","chr1","14816698","14816833","22","12594901"
"KQ054069v1","2430510","2430712","chr3","173325146","173325338","54","170894636"
"KQ054069v1","2517101","2517388","chr14","30200281","30200571","59","27683180"
"KQ054069v1","2641515","2641709","chr10","72082091","72082276","54","69440576"
"KQ054069v1","2998917","2998961","chr6","172279857","172279902","11","169280940"
"KQ054069v1","4253373","4253633","chr11","109771579","109771818","87","105518206"
"KQ054069v1","4253849","4253891","chr7","159514506","159514543","7","155260657"
"KQ054069v1","4300271","4300320","chr8","28824525","28824574","9","24524254"
"KQ054069v1","5669146","5669204","chr16","40153355","40153413","16","34484209"
"KQ054069v1","6067172","6067251","chr5","34326524","34326598","22","28259352"
"KQ054069v1","6177825","6178102","chr3","11872360","11872634","82","5694535"
"KQ054069v1","6295412","6295609","chr1","158569479","158569673","59","152274067"
"KQ054069v1","6331668","6331774","chr6","80443998","80444098","33","74112330"
"KQ054069v1","6332835","6332947","chr10","81582235","81582334","27","75249400"
"KQ054069v1","6503686","6503845","chr20","21859133","21859293","29","15355447"
"KQ054069v1","6513245","6513404","chr20","21859133","21859293","29","15345888"
"KQ054069v1","6768863","6769153","chr9","58715932","58716227","69","51947069"
"KQ054069v1","7049560","7049657","chr2","76595940","76596024","24","69546380"
"KQ054069v1","7090624","7090792","chr4","36456038","36456197","44","29365414"
"KQ054069v1","7255366","7255656","JH682906","27720","28014","52","7227646"
"KQ054069v1","7336251","7336311","chr7","46165464","46165523","10","38829213"
"KQ054069v1","7337737","7337937","chr11","106321781","106321987","44","98984044"
"KQ054069v1","7345662","7345728","chr18","48747860","48747921","19","41402198"
"KQ054069v1","7346236","7346341","chr1","64356404","64356510","26","57010168"
"KQ054069v1","7350929","7351029","chr10","1941062","1941162","15","5409867"
"KQ054069v1","7353974","7354051","chr6","61755949","61756015","16","54401975"
"KQ054069v1","7486188","7486534","chr18","54340779","54341090","104","46854591"
"KQ054069v1","7522259","7522440","chr7","58729599","58729780","38","51207340"
"KQ054069v1","7522599","7522730","chr3","34776007","34776126","27","27253408"
"KQ054069v1","8256336","8256519","chr4","123884395","123884572","37","115628059"
"KQ054069v1","8273582","8273598","chr3","43246514","43246528","4","34972932"
"KQ054069v1","8275198","8275488","chr10","26105293","26105579","93","17830095"
"KQ054069v1","8276152","8276305","chr11","110402020","110402179","45","102125868"
"KQ054069v1","8311537","8311664","chr19","35937081","35937215","27","27625544"
"KQ054069v1","8311999","8312040","chr5","32420525","32420564","8","24108526"
"KQ054069v1","8352016","8352137","chr18","12999568","12999690","28","4647552"
"KQ054069v1","8390286","8390507","chr8","39065455","39065676","49","30675169"
"KQ054069v1","8415293","8415375","chr10","38818660","38818745","15","30403367"
"KQ054069v1","8601033","8601139","chr20","4110401","4110498","26","4490632"
"KQ054069v1","8601544","8601611","chr13","46870270","46870337","13","38268726"
"KQ054069v1","8601642","8601672","chr4","76826337","76826364","9","68224695"
"KQ054070v1","10501","10573","chr5","20339254","20339327","20","20328753"
"KQ054070v1","61227","61534","chr2","113793417","113793702","82","113732190"
"KQ054070v1","1238831","1238991","chr6","150526258","150526418","36","149287427"
"KQ054070v1","1239436","1239604","chr16","56769527","56769696","33","55530091"
"KQ054070v1","1277622","1277737","chr9","37866413","37866529","18","36588791"
"KQ054070v1","1277769","1277929","chr16","56748585","56748737","34","55470816"
"KQ054070v1","2675252","2675399","chr19","38745403","38745538","42","36070151"
"KQ054081v1","775286","775380","chr9","55667711","55667807","18","54892425"
"KQ054081v1","996724","996809","chr13","100779238","100779321","17","99782514"
"KQ054081v1","999152","999375","chr15","9651452","9651667","60","8652300"
"KQ054081v1","1206611","1206680","chr1","163390807","163390869","23","162184196"
"KQ054081v1","1363989","1364114","chr15","9209841","9209961","32","7845852"
"KQ054091v1","94437","94494","chrX","62920364","62920413","18","62825927"
"KQ054091v1","95455","95579","chr11","100780377","100780503","25","100684922"
"KQ054091v1","908881","909066","chr2","144751298","144751481","43","143842417"
"KQ054091v1","909233","909368","chr6","36500733","36500866","23","35591500"
"KQ054091v1","1015454","1015617","chr7","87855852","87856004","49","86840398"
"KQ054091v1","1026569","1026734","chr20","20088234","20088393","49","19061665"
"KQ054091v1","1183418","1183602","chr10","7697593","7697790","60","6514175"
"KQ054091v1","1186539","1186624","chr6","139956525","139956610","16","138769986"
"KQ054091v1","1338268","1338448","chrX","92618497","92618682","46","91280229"
"KQ054091v1","1339174","1339284","chr4","4771987","4772093","28","3432813"
"KQ054091v1","1381332","1381500","chr20","17880331","17880497","38","16498999"
"KQ054091v1","1732584","1732726","chr1","13316559","13316691","41","11583975"
"KQ054091v1","1779554","1779651","chr1","129580754","129580854","19","127801200"
"KQ054091v1","1779662","1779744","chr7","63626727","63626811","20","61847065"
"KQ054091v1","1977054","1977324","chr1","121994182","121994464","86","120017128"
"KQ054091v1","3645494","3645564","chr4","21192049","21192120","16","17546555"
"KQ054102v1","186641","186714","chr16","12498210","12498281","15","12311569"
"KQ054102v1","188165","188213","chr3","130292448","130292499","16","130104283"
"KQ054102v1","229422","229520","chr1","812563","812659","21","583141"
"KQ054102v1","1009254","1009447","chr11","94783606","94783792","53","93774352"
"KQ054102v1","1063429","1063644","chr3","46215419","46215640","66","45151990"
"KQ054113v1","540947","541058","chr11","115999896","116000000","36","115458949"
"KQ054113v1","2012479","2012565","chr5","172130754","172130835","17","170118275"
"KQ054113v1","2019583","2019647","chr4","57063686","57063754","12","55044103"
"KQ054113v1","2719854","2719994","chrX","95254633","95254780","46","92534779"
"KQ054116v1","1882","1960","chr3","149872986","149873058","19","149871104"
"KQ054124v1","16750","16791","chr14","17270498","17270540","13","17253748"
"KQ054124v1","112085","112234","chr6","131494129","131494271","26","131382044"
"KQ054124v1","464492","464641","chr9","86631758","86631910","31","86167266"
"KQ054124v1","643882","643968","chr4","6745049","6745134","17","6101167"
"KQ054124v1","664263","664585","chr7","120873104","120873404","114","120208841"
"KQ054124v1","704107","704323","chr8","50800838","50801050","62","50096731"
"KQ054124v1","856777","856944","chr3","120041995","120042168","45","119185218"
"KQ054124v1","4428623","4428933","chrX","46852707","46853016","56","42424084"
"KQ054124v1","4870964","4871017","chr9","57093716","57093762","14","52222752"
"KQ054124v1","4871018","4871180","chr16","17895663","17895828","37","13024645"
"KQ054124v1","4925669","4925819","chr1","39706159","39706308","45","34780490"
"KQ054124v1","4984616","4984762","chr1","195318713","195318860","42","190334097"
"KQ054124v1","5418690","5418790","chrX","50273487","50273576","27","44854797"
"KQ054124v1","5419119","5419341","chr1","145009630","145009854","46","139590511"
"KQ054125v1","70010","70047","chrX","11206122","11206160","11","11136112"
"KQ054125v1","77950","77987","chrX","11206122","11206160","11","11128172"
"KQ054131v1","949","1070","chr8","71705519","71705629","35","71704570"
"KQ054135v1","1447989","1448203","chr2","147184874","147185094","54","145736885"
"KQ054135v1","1460197","1460404","chr14","67949118","67949328","57","66488921"
"KQ054135v1","1469982","1470125","chrX","123744675","123744818","34","122274693"
"KQ054135v1","1492361","1492501","chr1","184299939","184300069","51","182807578"
"KQ054135v1","1629093","1629350","chr5","21840062","21840305","77","20210969"
"KQ054135v1","1887503","1887625","chr7","658069","658191","30","1229434"
"KQ054135v1","1889203","1889355","chr10","78413102","78413252","27","76523899"
"KQ054135v1","2492545","2492703","chr19","14673246","14673394","35","12180701"
"KQ054146v1","201642","201717","chr11","41698601","41698673","22","41496959"
"KQ054146v1","359331","359466","chr19","27564321","27564450","30","27204990"
"KQ054146v1","363376","363556","chr3","42298682","42298860","38","41935306"
"KQ054146v1","611215","611364","chr3","157309175","157309307","50","156697960"
"KQ054146v1","630989","631115","chr2","95804694","95804803","44","95173705"
"KQ054146v1","734034","734189","JH683093","3581","3732","47","730453"
"KQ054146v1","1047122","1047424","chr1","213310970","213311273","80","212263848"
"KQ054146v1","1598502","1598595","chr1","2156714","2156806","24","558212"
"KQ054157v1","1117467","1117654","chr2","25493569","25493745","47","24376102"
"KQ054157v1","1157140","1157303","chr1","23074745","23074911","51","21917605"
"KQ054157v1","1268284","1268365","chr1","26735072","26735142","22","25466788"
"KQ054157v1","1451589","1451757","chr16","51498955","51499116","45","50047366"
"KQ054157v1","1724948","1725109","chr5","75854362","75854523","47","74129414"
"KQ054157v1","1725204","1725288","chrX","124231282","124231372","24","122506078"
"KQ054157v1","2027037","2027124","chr9","33121832","33121921","22","31094795"
"KQ054157v1","2075966","2076066","chr12","58473388","58473493","32","56397422"
"KQ054157v1","2220470","2220650","chr12","44565840","44566020","41","42345370"
"KQ054157v1","2238832","2239004","chr5","50152916","50153087","38","47914084"
"KQ054157v1","2326138","2326273","chr2","102721598","102721734","34","100395460"
"KQ054157v1","2478018","2478142","chr9","8339378","8339502","22","5861360"
"KQ054157v1","2480330","2480444","chr1","34512524","34512644","30","32032194"
"KQ054157v1","2710004","2710083","chr1","124235360","124235444","23","121525356"
"KQ054157v1","2710142","2710397","chrX","46399879","46400139","66","43689737"
"KQ054168v1","357761","358062","chr4","18851551","18851849","64","18493790"
"KQ054168v1","746223","746279","chr5","160732882","160732926","18","159986659"
"KQ054168v1","753681","753793","chr7","38707593","38707710","38","37953912"
"KQ054168v1","996064","996227","chr7","109229498","109229637","56","108233434"
"KQ054168v1","1005727","1005882","chr19","12586600","12586748","34","11580873"
"KQ054168v1","1016508","1016695","chr10","36187957","36188134","42","35171449"
"KQ054168v1","1059349","1059509","chr15","36307783","36307938","36","35248434"
"KQ054168v1","1064983","1065167","chrX","92618497","92618682","41","91553514"
"KQ054168v1","1070320","1070518","chr2","73237268","73237464","48","72166948"
"KQ054168v1","1089195","1089274","chr1","130442089","130442168","15","129352894"
"KQ054168v1","1091329","1091409","chr9","21490694","21490771","15","20399365"
"KQ054168v1","1338325","1338473","chr10","18365138","18365278","52","17026813"
"KQ054168v1","1413019","1413181","chr10","14462717","14462877","30","13049698"
"KQ054168v1","2037902","2038107","chr4","32523604","32523790","52","30485702"
"KQ054179v1","211234","211384","chr2","20344456","20344618","41","20133222"
"KQ054179v1","1661192","1661279","chr1","204271088","204271175","19","202609896"
"KQ054179v1","1717346","1717635","chrX","118956252","118956548","65","117238906"
"KQ054179v1","1778656","1778740","chr3","9353376","9353462","14","7574720"
"KQ054179v1","2115339","2115499","chrX","49557071","49557223","55","47441732"
"KQ054179v1","2352241","2352413","chr4","146081163","146081333","40","143728922"
"KQ054179v1","2522551","2522734","chr7","19543158","19543338","45","17020607"
"KQ054179v1","2567842","2568004","chr7","111659971","111660128","46","109092129"
"KQ054179v1","3076385","3076466","chr6","38476362","38476441","17","35399977"
"KQ054179v1","3153319","3153408","chr13","10753122","10753215","23","7599803"
"KQ054179v1","3171904","3172038","chr7","108633513","108633648","35","105461609"
"KQ054179v1","3399944","3400213","chr7","106416237","106416495","66","103016293"
"KQ054179v1","4169987","4170259","chr5","103348765","103349042","83","99178778"
"KQ054179v1","4415484","4415556","chr11","62999686","62999757","17","58584202"
"KQ054179v1","4758196","4758302","chrX","97865684","97865796","25","93107488"
"KQ054179v1","4876629","4876810","chrX","100797002","100797181","60","95920373"
"KQ054179v1","5292886","5293011","chr11","82221244","82221360","27","76928358"
"KQ054179v1","5293525","5293582","chr12","80983956","80984007","13","75690431"
"KQ054179v1","5898296","5898407","chr1","17914379","17914486","37","12016083"
"KQ054179v1","5924812","5924978","chr1","202426861","202427019","40","196502049"
"KQ054180v1","1834889","1835148","chr7","106707957","106708225","67","104873068"
"KQ054180v1","34790","34990","chr3","39861348","39861550","49","39826558"
"KQ054180v1","1114436","1114541","chr3","170988114","170988215","30","169873678"
"KQ054180v1","1335252","1335495","chrX","11280186","11280439","63","9944934"
"KQ054180v1","1919138","1919256","chr8","2948906","2949031","29","1029768"
"KQ054180v1","1919429","1919593","chr18","41576203","41576371","42","39656774"
"KQ054180v1","2222276","2222312","chr1","157269414","157269445","8","155047138"
"KQ054180v1","2222780","2222911","chr1","118805415","118805544","34","116582635"
"KQ054180v1","2952110","2952283","chr15","98470586","98470760","37","95518476"
"KQ054180v1","4296736","4296853","chr6","72075482","72075601","23","67778746"
"KQ054180v1","4297247","4297360","chr10","80876416","80876524","34","76579169"
"KQ054180v1","5388663","5388856","chr4","123511019","123511203","58","118122356"
"KQ054180v1","5542904","5543074","chr1","23538309","23538453","61","17995405"
"KQ054180v1","6626697","6626846","chr19","12586600","12586748","42","5959903"
"KQ054191v1","318144","318212","chr11","12004155","12004220","21","11686011"
"KQ054191v1","520714","520949","chrX","104352357","104352578","73","103831643"
"KQ054191v1","674833","674941","chr2","102721735","102721840","26","102046902"
"KQ054191v1","675318","675393","chr10","29128527","29128609","26","28453209"
"KQ054191v1","1821565","1821879","chr9","88276233","88276530","112","86454668"
"KQ054191v1","1895477","1895613","chr14","97103201","97103336","25","95207724"
"KQ054191v1","1897374","1897470","chrX","13936177","13936268","21","12038803"
"KQ054191v1","2543617","2543817","chr3","39861348","39861550","37","37317731"
"KQ054191v1","2813376","2813539","chr19","4019639","4019788","53","1206263"
"KQ054191v1","3504418","3504487","chr1","34800369","34800443","16","31295951"
"KQ054202v1","44115","44269","chr2","82223077","82223233","39","82178962"
"KQ054202v1","354745","354889","chrX","16894143","16894296","39","16539398"
"KQ054202v1","357149","357293","chrX","16894143","16894296","36","16536994"
"KQ054202v1","453753","453850","chr1","2156714","2156806","20","1702961"
"KQ054202v1","583185","583254","chr6","61755949","61756015","14","61172764"
"KQ054202v1","601741","601902","chr1","29993140","29993298","38","29391399"
"KQ054202v1","685087","685299","chr1","179906915","179907105","84","179221828"
"KQ054202v1","962064","962271","chr7","158073855","158074053","52","157111791"
"KQ054202v1","1144128","1144265","chr2","172227852","172227991","25","171083724"
"KQ054202v1","1155541","1155694","chr16","18819593","18819742","30","17664052"
"KQ054202v1","1244748","1244933","chr10","13014839","13015026","37","11770091"
"KQ054202v1","1538835","1539036","chr2","173434496","173434669","59","171895661"
"KQ054202v1","1889899","1890035","chr8","27476796","27476940","29","25586897"
"KQ054202v1","2699222","2699425","chr4","4361137","4361354","58","1661915"
"KQ054213v1","2644221","2644385","chr1","28144895","28145057","38","25500674"
"KQ054213v1","2729183","2729323","chr15","81663422","81663556","40","78934239"
"KQ054224v1","110486","110601","chr16","54912039","54912142","36","54801553"
"KQ054224v1","607216","607320","chr12","93287849","93287952","27","92680633"
"KQ054224v1","714159","714311","chr11","6541478","6541605","46","5827319"
"KQ054224v1","788489","788630","chr20","17810112","17810237","31","17021623"
"KQ054224v1","961413","961569","chr14","18925179","18925342","32","17963766"
"KQ054235v1","122991","123072","chr6","65309620","65309700","13","65186629"
"KQ054235v1","131121","131220","chr10","69321964","69322058","30","69190843"
"KQ054235v1","1365665","1365842","chr7","158098776","158098950","45","156733111"
"KQ054235v1","2007596","2007787","chr11","83740231","83740427","42","81732635"
"KQ054235v1","2007961","2008094","chr2","80312126","80312258","22","78304165"
"KQ054235v1","2036188","2036404","chr3","55603164","55603385","52","53566976"
"KQ054235v1","2303954","2304209","chr13","36440880","36441137","75","34136926"
"KQ054235v1","2331294","2331671","chr11","115943684","115943988","160","113612390"
"KQ054238v1","3558","3822","chr7","142053763","142054003","93","142050205"
"KQ054246v1","341823","342120","chr8","139338629","139338922","53","138996806"
"KQ054257v1","257574","257763","chr3","34928881","34929071","39","34671307"
"KQ054257v1","408446","408737","chr3","41405203","41405503","86","40996757"
"KQ054257v1","463448","463532","chr1","187601134","187601209","23","187137686"
"KQ054257v1","463650","463717","chr1","201918241","201918308","16","201454591"
"KQ054257v1","662192","662296","chr1","17914379","17914486","24","17252187"
"KQ054257v1","962501","962676","chr15","102217712","102217880","43","101255211"
"KQ054259v1","52","361","chr17","15586277","15586584","78","15586225"
"KQ054268v1","284884","284946","chr1","54192677","54192733","20","53907793"
"KQ054268v1","1564644","1564752","chr20","17667801","17667909","24","16103157"
"KQ054268v1","1780683","1780843","chr10","76369365","76369516","44","74588682"
"KQ054279v1","448663","448739","chr15","58817","58894","11","389846"
"KQ054279v1","825019","825174","chr20","26457346","26457491","50","25632327"
"KQ054279v1","1740694","1740882","chr4","128487372","128487570","47","126746678"
"KQ054279v1","1740883","1740946","chr7","126552400","126552456","14","124811517"
"KQ054279v1","1874442","1874679","chr3","17446994","17447231","55","15572552"
"KQ054279v1","2604798","2605103","chr19","28718617","28718918","55","26113819"
"KQ054279v1","2909639","2909704","chr2","25992584","25992648","11","23082945"
"KQ054279v1","2954912","2954991","chr4","17031387","17031455","24","14076475"
"KQ054279v1","3255743","3255908","chr10","29981190","29981353","35","26725447"
"KQ054279v1","3908793","3908949","chr10","16860186","16860328","45","12951393"
"KQ054289v1","1661987","1662165","chr1","152928618","152928784","44","151266631"
"KQ054289v1","1677485","1677577","chr1","83535930","83536020","19","81858445"
"KQ054289v1","3047412","3047549","chr5","177081290","177081426","38","174033878"
"KQ054289v1","5027367","5027471","chr7","22128017","22128118","26","17100650"
"KQ054291v1","10769","10829","chr13","46870270","46870337","14","46859501"
"KQ054301v1","1601372","1601484","chr1","137845666","137845780","29","136244294"
"KQ054301v1","1608840","1608935","chr1","28195903","28195995","19","26587063"
"KQ054301v1","1609362","1609587","chr7","47288906","47289123","60","45679544"
"KQ054301v1","1636737","1636821","chr4","2744439","2744523","16","1107702"
"KQ054301v1","3123301","3123588","chr18","10178265","10178544","62","7054964"
"KQ054301v1","3148547","3148720","chr17","27005847","27006006","48","23857300"
"KQ054301v1","3151205","3151277","chr16","59529132","59529201","14","56377927"
"KQ054301v1","3161682","3161851","chr17","27005847","27006006","42","23844165"
"KQ054301v1","3162305","3162417","chr2","47453911","47454020","37","44291606"
"KQ054301v1","3186247","3186428","chr3","45444443","45444627","36","42258196"
"KQ054301v1","3195423","3195596","chr1","18763864","18764040","43","15568441"
"KQ054301v1","3258120","3258313","chr9","52027191","52027380","50","48769071"
"KQ054301v1","3258422","3258523","chr16","73274788","73274896","28","70016366"
"KQ054301v1","3388628","3388749","chr7","27522130","27522249","23","24133502"
"KQ054301v1","3389201","3389326","chrX","141454999","141455119","25","138065798"
"KQ054301v1","3472627","3472806","chr1","117073885","117074067","47","113601258"
"KQ054301v1","3493770","3493936","chr2","184466213","184466380","33","180972443"
"KQ054301v1","3494205","3494346","chr2","155851929","155852070","20","152357724"
"KQ054312v1","1422980","1423139","chr11","124217507","124217665","33","122794527"
"KQ054312v1","1495695","1495828","chr19","14257501","14257644","39","12761806"
"KQ054312v1","1778851","1779118","chr2","77592884","77593158","62","75814033"
"KQ054312v1","1957776","1958061","chr10","52688637","52688919","72","50730861"
"KQ054323v1","183860","184046","chr16","73477932","73478112","44","73294072"
"KQ054323v1","1472693","1472887","chr1","206823091","206823266","55","205350398"
"KQ054323v1","1491268","1491362","chr3","9353376","9353462","21","7862108"
"KQ054334v1","1757042","1757298","chr7","127090311","127090551","93","125333269"
"KQ054334v1","2406328","2406573","chr3","35700621","35700840","59","33294293"
"KQ054334v1","2530395","2530477","chr15","99095140","99095224","14","96564745"
"KQ054334v1","2534449","2534535","chr13","84324846","84324926","27","81790397"
"KQ054345v1","1209201","1209254","chr1","129054910","129054962","13","127845709"
"KQ054345v1","1209691","1209805","chr15","48366372","48366486","23","47156681"
"KQ054345v1","1354761","1355009","chrX","62478365","62478608","67","61123604"
"KQ054345v1","1685207","1685391","chr11","565751","565943","41","1119456"
"KQ054345v1","1748606","1748664","chr12","63932936","63932995","19","62184330"
"KQ054345v1","1898502","1898620","chr11","59572694","59572803","32","57674192"
"KQ054356v1","171934","172088","chr14","120450685","120450839","34","120278751"
"KQ054356v1","577505","577604","chr18","41793958","41794063","21","41216453"
"KQ054356v1","577606","577735","chr11","106861434","106861569","46","106283828"
"KQ054356v1","772417","772505","chr15","99095140","99095224","14","98322723"
"KQ054356v1","857158","857230","chr10","74396296","74396372","22","73539138"
"KQ054356v1","1051376","1051430","chr20","49687386","49687438","11","48636010"
"KQ054356v1","1053043","1053099","chr16","16180994","16181050","12","15127951"
"KQ054356v1","1079789","1079856","chr1","30644596","30644660","12","29564807"
"KQ054356v1","1471676","1471729","chr12","92488974","92489026","10","91017298"
"KQ054356v1","1471730","1471935","chr17","51643","51852","40","1420087"
"KQ054356v1","1651270","1651566","chr1","26064246","26064545","71","24412976"
"KQ054356v1","2107824","2107969","chr15","34277311","34277439","55","32169487"
"KQ054356v1","2291496","2291670","chrX","45599837","45600005","36","43308341"
"KQ054356v1","2292153","2292266","chr11","94362131","94362241","23","92069978"
"KQ054356v1","2333083","2333325","chrX","7994088","7994328","60","5661005"
"KQ054356v1","2353027","2353104","chrX","99039175","99039252","16","96686148"
"KQ054356v1","2675834","2676027","chr10","31528344","31528536","48","28852510"
"KQ054356v1","2676269","2676386","chr16","4731882","4732003","28","2055613"
"KQ054362v1","3118","3251","chr1","72564707","72564845","30","72561589"
"KQ054367v1","2523","2818","chr9","102340368","102340668","60","102337845"
"KQ054367v1","544959","545165","chr20","11135633","11135818","55","10590674"
"KQ054367v1","683160","683271","chr15","35938108","35938227","33","35254948"
"KQ054367v1","1419725","1420007","chr18","3644200","3644488","64","2224475"
"KQ054367v1","1448193","1448495","chr2","47911084","47911382","80","46462891"
"KQ054367v1","2596568","2596736","chr1","34676353","34676517","37","32079785"
"KQ054378v1","126089","126337","chr3","36736557","36736796","70","36610468"
"KQ054378v1","795963","796114","chr19","46961029","46961177","27","46165066"
"KQ054378v1","975215","975372","chr7","132572602","132572758","28","131597387"
"KQ054378v1","1543064","1543156","chr6","173271593","173271680","23","171728529"
"KQ054378v1","1659742","1659819","chr19","29146378","29146453","14","27486636"
"KQ054378v1","2172977","2173112","chr1","45770713","45770857","41","43597736"
"KQ054383v1","8535","8669","chr1","210790022","210790155","31","210781487"
"KQ054383v1","8670","8714","chr6","148291297","148291342","7","148282627"
"KQ054389v1","1181674","1181965","JH682906","27720","28014","65","1153954"
"KQ054389v1","2599836","2599953","chr10","53592857","53592972","28","50993021"
"KQ054389v1","2599992","2600158","chr10","71698588","71698750","44","69098596"
"KQ054400v1","92258","92356","chr2","50131606","50131702","26","50039348"
"KQ054400v1","350619","350745","chr12","54107397","54107513","30","53756778"
"KQ054400v1","876032","876097","chr1","154834065","154834128","23","153958033"
"KQ054400v1","1248632","1248702","chr17","1346154","1346228","21","97522"
"KQ054400v1","1738120","1738267","chr20","15083166","15083314","28","13345046"
"KQ054400v1","1745831","1745977","chr1","41160156","41160285","38","39414325"
"KQ054400v1","3728844","3728921","chr1","27462468","27462540","23","23733624"
"KQ054400v1","4573867","4573895","chr8","81753416","81753440","8","77179549"
"KQ054400v1","4606973","4607086","chr1","85858415","85858535","25","81251442"
"KQ054400v1","4725157","4725231","chr11","6791024","6791099","22","2065867"
"KQ054400v1","4783282","4783445","chrX","19182454","19182611","55","14399172"
"KQ054400v1","4796779","4796940","chrX","19182454","19182611","57","14385675"
"KQ054400v1","4983346","4983424","chr1","130442089","130442168","19","125458743"
"KQ054400v1","5016808","5017004","chr11","52038369","52038553","56","47021561"
"KQ054400v1","6122801","6123065","chr3","29124896","29125147","94","23002095"
"KQ054400v1","6306825","6307137","chr7","132216258","132216560","59","125909433"
"KQ054400v1","7084781","7084834","chr11","110640487","110640539","13","103555706"
"KQ054400v1","7285758","7285922","chr4","41325792","41325958","39","34040034"
"KQ054401v1","4718516","4718651","chr7","155375051","155375186","20","150656535"
"KQ054401v1","446926","447076","chr10","71661474","71661638","45","71214548"
"KQ054401v1","473478","473675","chr16","41211187","41211366","52","40737709"
"KQ054401v1","1100851","1100939","chr20","19887217","19887309","15","18786366"
"KQ054401v1","1112503","1112778","chr20","49075444","49075741","99","47962941"
"KQ054401v1","1465290","1465414","chr1","1620358","1620474","38","155068"
"KQ054401v1","2612987","2613131","chr4","66270016","66270142","38","63657029"
"KQ054401v1","3001517","3001726","chr1","28085364","28085559","55","25083847"
"KQ054401v1","3359067","3359198","chr11","26500183","26500315","37","23141116"
"KQ054401v1","4785125","4785271","chrX","15923460","15923608","45","11138335"
"KQ054412v1","330749","331047","chr5","35786577","35786873","62","35455828"
"KQ054412v1","589513","589632","chr10","81249941","81250063","24","80660428"
"KQ054412v1","589636","589680","chr11","110919821","110919865","7","110330185"
"KQ054412v1","1154344","1154546","chr20","53459098","53459279","50","52304754"
"KQ054412v1","1487444","1487529","chr10","70694740","70694829","22","69207296"
"KQ054412v1","2139582","2139853","chr1","146230446","146230725","82","144090864"
"KQ054412v1","2220558","2220626","chr1","86128485","86128542","18","83907927"
"KQ054412v1","2423989","2424060","chr6","134194500","134194566","17","131770511"
"KQ054412v1","2455662","2455795","chr11","130826197","130826306","48","128370535"
"KQ054412v1","2467677","2467898","chr7","155790786","155791020","66","153323109"
"KQ054412v1","2467946","2468025","chr6","61627781","61627859","17","59159835"
"KQ054412v1","2480009","2480100","chr13","46775330","46775433","21","44295321"
"KQ054412v1","2983427","2983622","chr5","148194407","148194588","41","145210980"
"KQ054416v1","2499","2744","chr13","24581020","24581268","50","24578521"
"KQ054416v1","4814","4861","chr1","142467968","142468017","11","142463154"
"KQ054423v1","1160778","1160912","chr19","8823333","8823462","29","7662555"
"KQ054423v1","1164807","1164976","chr9","15331740","15331906","32","14166933"
"KQ054434v1","422552","422617","chrX","2482122","2482186","14","2059570"
"KQ054434v1","691751","691859","chr19","40105654","40105767","20","39413903"
"KQ054434v1","982824","982981","chr1","165993762","165993912","46","165010938"
"KQ054434v1","1008027","1008247","chr7","57639070","57639270","55","56631043"
"KQ054434v1","2349040","2349171","chr8","69793754","69793897","38","67444714"
"KQ054445v1","642634","642716","chr2","163024932","163025009","21","162382298"
"KQ054445v1","1043688","1043768","chr10","38818660","38818745","16","37774972"
"KQ054445v1","2895719","2895888","chr3","88142432","88142595","34","85246713"
"KQ054456v1","627216","627307","chr2","142116020","142116117","27","141488804"
"KQ054456v1","651865","652131","chr18","3025152","3025436","87","2373287"
"KQ054456v1","806982","807213","chr15","23738007","23738223","65","22931025"
"KQ054456v1","821186","821295","chr6","169916818","169916925","24","169095632"
"KQ054456v1","821629","821839","chr15","70676250","70676461","40","69854621"
"KQ054456v1","900190","900441","chr1","26429638","26429884","63","25529448"
"KQ054456v1","2997320","2997432","chr7","120177321","120177429","30","117180001"
"KQ054456v1","3828056","3828113","chr2","172990892","172990951","19","169162836"
"KQ054456v1","3902499","3902643","chr1","29262345","29262469","40","25359846"
"KQ054456v1","5234453","5234631","chr9","19834494","19834678","41","14600041"
"KQ054456v1","5234634","5234687","chr6","73322288","73322337","12","68087654"
"KQ054456v1","5294369","5294598","chr3","35700621","35700840","71","30406252"
"KQ054456v1","5294650","5294774","chr20","22206450","22206577","28","16911800"
"KQ054456v1","5420734","5420884","chr1","139717913","139718072","48","134297179"
"KQ054456v1","5749833","5749942","chrX","93365648","93365753","24","87615815"
"KQ054456v1","5782025","5782105","chr11","46895908","46895990","16","41113883"
"KQ054466v1","770833","771127","chr6","67667229","67667525","74","66896396"
"KQ054466v1","1379166","1379481","chr19","17958959","17959235","89","16579793"
"KQ054477v1","161804","162008","chr8","99606832","99607023","59","99445028"
"KQ054488v1","710879","711009","chr18","66738454","66738584","23","66027575"
"KQ054499v1","1494729","1494888","chr3","38428298","38428454","33","36933569"
"KQ054501v1","51603","51681","chr4","21192049","21192120","19","21140446"
"KQ054501v1","54334","54410","chr4","21192049","21192120","20","21137715"
"KQ054510v1","187167","187244","chr13","19314587","19314665","18","19127420"
"KQ054510v1","324875","324980","chr11","6600507","6600612","17","6275632"
"KQ054510v1","607942","608244","chr7","8322412","8322714","67","7714470"
"KQ054510v1","1034201","1034324","chr2","98226341","98226472","43","97192140"
"KQ054510v1","1258956","1259033","chr14","75986009","75986087","17","74727053"
"KQ054510v1","1485405","1485488","chr17","85660203","85660282","18","84174798"
"KQ054510v1","1485825","1485976","chr19","45764222","45764371","44","44278397"
"KQ054510v1","1511249","1511358","chr11","6600507","6600612","32","5089258"
"KQ054510v1","1808521","1808642","chr4","43561239","43561356","31","41752718"
"KQ054510v1","1878669","1878736","chr6","138213145","138213207","25","136334476"
"KQ054510v1","1880529","1880690","chr12","30238227","30238389","38","28357698"
"KQ054510v1","1882623","1882684","chr1","54306699","54306763","24","52424076"
"KQ054510v1","1933306","1933468","chr10","27568951","27569107","30","25635645"
"KQ054510v1","2021396","2021513","chr9","83156968","83157085","38","81135572"
"KQ054510v1","2026938","2027026","chr9","33121832","33121921","21","31094894"
"KQ054510v1","2037157","2037239","chr5","50038017","50038098","18","48000860"
"KQ054510v1","2109425","2109552","chr18","66738454","66738584","30","64629029"
"KQ054510v1","2264715","2264831","chr1","1252405","1252521","29","1012310"
"KQ054510v1","2272813","2272931","chr1","1252405","1252521","34","1020408"
"KQ054510v1","2455127","2455271","chrX","38403661","38403796","37","35948534"
"KQ054510v1","2981061","2981074","chr1","129636817","129636828","2","126655756"
"KQ054510v1","2983156","2983454","chrX","16591352","16591653","70","13608196"
"KQ054510v1","2986875","2987027","chr6","71108597","71108745","39","68121722"
"KQ054510v1","3085050","3085064","chr14","11323306","11323319","3","8238256"
"KQ054510v1","3085423","3085604","chr9","88967166","88967333","54","85881743"
"KQ054510v1","3089058","3089216","chr9","88967166","88967333","42","85878108"
"KQ054510v1","3089527","3089541","chr14","11323306","11323319","3","8233779"
"KQ054510v1","3103101","3103272","chr11","46547605","46547774","41","43444504"
"KQ054510v1","3330078","3330090","chr1","13821976","13821987","2","10491898"
"KQ054510v1","3330424","3330592","chr19","34860936","34861106","35","31530512"
"KQ054510v1","3971782","3971994","chr5","153153513","153153726","46","149181731"
"KQ054510v1","4671305","4671424","chr10","29129366","29129474","35","24458061"
"KQ054510v1","4779587","4779713","chr10","29091404","29091519","33","24311817"
"KQ054510v1","4779757","4779944","chr3","41728393","41728576","56","36948636"
"KQ054510v1","6594115","6594286","chr9","111384209","111384354","53","104790094"
"KQ054510v1","7076514","7076624","chr16","43678400","43678506","32","36601886"
"KQ054510v1","7211567","7211608","chr11","1472468","1472503","13","5739099"
"KQ054510v1","7240097","7240355","chr7","133868150","133868403","78","126628053"
"KQ054510v1","8024691","8024852","chr1","39513747","39513909","36","31489056"
"KQ054510v1","8157141","8157445","chr16","22294372","22294673","69","14137231"
"KQ054510v1","8162621","8162843","chr19","36575939","36576163","56","28413318"
"KQ054510v1","8169826","8169995","chr2","184466213","184466380","33","176296387"
"KQ054510v1","8170125","8170186","chr13","108035676","108035736","14","99865551"
"KQ054510v1","8216552","8216659","chr2","1138196","1138289","37","7078356"
"KQ054510v1","8332211","8332403","chrX","92618497","92618682","42","84286286"
"KQ054510v1","8430717","8430828","chr19","36211273","36211392","27","27780556"
"KQ054510v1","8430931","8431079","chr5","108966469","108966622","42","100535538"
"KQ054510v1","8471011","8471211","chr14","44398077","44398287","79","35927066"
"KQ054510v1","8575795","8575862","chrX","94873132","94873196","15","86297337"
"KQ054510v1","8578240","8578370","chr16","40688274","40688396","31","32110034"
"KQ054510v1","8578477","8578682","chr1","135200880","135201081","44","126622403"
"KQ054510v1","8876393","8876620","chr14","46910332","46910565","68","38033939"
"KQ054510v1","8879546","8879588","chr3","44875179","44875224","12","35995633"
"KQ054510v1","8879589","8879776","chr13","37795878","37796063","44","28916289"
"KQ054510v1","9742862","9743043","chr8","67378736","67378912","48","57635874"
"KQ054510v1","9755405","9755543","chr19","43254251","43254389","40","33498846"
"KQ054510v1","9871907","9872043","chr18","15627319","15627454","33","5755412"
"KQ054511v1","229306","229378","chr3","41728810","41728887","19","41499504"
"KQ054511v1","267336","267510","chr3","179821962","179822137","41","179554626"
"KQ054511v1","275785","275958","chrX","71132060","71132234","41","70856275"
"KQ054511v1","578351","578468","chr9","89082497","89082614","20","88504146"
"KQ054511v1","864278","864407","chr1","17969919","17970043","30","17105641"
"KQ054511v1","867064","867202","chr10","14521743","14521885","38","13654679"
"KQ054511v1","883252","883665","chr17","15197547","15197852","193","14314295"
"KQ054511v1","886547","886644","chr15","38079462","38079553","23","37192915"
"KQ054511v1","898305","898569","chr5","137741677","137741944","85","136843372"
"KQ054511v1","956565","956665","chr4","42029297","42029387","29","41072732"
"KQ054511v1","1017160","1017445","chr12","92637112","92637395","62","91619952"
"KQ054522v1","1830271","1830361","chr7","60070562","60070654","23","58240291"
"KQ054522v1","2079660","2079838","chr4","41449689","41449865","35","39370029"
"KQ054533v1","1584119","1584243","chr17","22967191","22967308","33","21383072"
"KQ054533v1","1695378","1695544","chr1","202426861","202427019","25","200731483"
"KQ054533v1","1702449","1702644","chr15","36190565","36190758","47","34488116"
"KQ054533v1","2003279","2003419","chr2","62392746","62392882","37","60389467"
"KQ054533v1","2017754","2017909","chr13","39341449","39341601","33","37323695"
"KQ054533v1","2114265","2114347","chr10","18336803","18336882","17","16222538"
"KQ054533v1","2336109","2336294","chr14","11878331","11878507","50","9542222"
"KQ054533v1","2368957","2369129","chr7","132990411","132990572","38","130621454"
"KQ054533v1","2372288","2372424","chr1","72564707","72564845","31","70192419"
"KQ054533v1","2616582","2616777","chr3","51745827","51746016","42","49129245"
"KQ054533v1","2616780","2616819","chr4","100863373","100863411","7","98246593"
"KQ054533v1","2667125","2667265","chr7","111340573","111340711","29","108673448"
"KQ054544v1","680086","680354","chr5","46451590","46451863","89","45771504"
"KQ054544v1","700920","701081","chr6","127630083","127630251","39","126929163"
"KQ054544v1","719761","719986","chr4","46857059","46857286","57","46137298"
"KQ054555v1","1661406","1661495","chrX","50273487","50273576","20","48612081"
"KQ054555v1","1671378","1671578","chr15","173065","173269","59","1498313"
"KQ054565v1","1112619","1112772","chr10","18365138","18365278","42","17252519"
"KQ054565v1","4727950","4728243","chr12","22727416","22727703","84","17999466"
"KQ054565v1","6565835","6566071","chr4","6834072","6834310","58","268237"
"KQ054565v1","7159854","7160218","chr4","34012821","34013151","117","26852967"
"KQ054565v1","7183004","7183226","chr8","88735492","88735714","73","81552488"
"KQ054565v1","7187574","7187724","chr3","83882756","83882913","39","76695182"
"KQ054565v1","7208430","7208620","chr5","140196860","140197043","52","132988430"
"KQ054565v1","7322780","7322952","chr8","24195232","24195396","40","16872452"
"KQ054565v1","7381556","7381622","chr1","30644596","30644660","15","23263040"
"KQ054565v1","7388226","7388515","chr16","65856509","65856806","57","58468283"
"KQ054565v1","7829727","7829885","chr19","10014739","10014903","34","2185012"
"KQ054565v1","7901098","7901395","chr19","28718617","28718918","65","20817519"
"KQ054576v1","167621","167817","chr19","38910126","38910317","39","38742505"
"KQ054576v1","167908","168031","chr3","88304905","88305026","18","88136997"
"KQ054576v1","366970","367110","chr5","46597782","46597918","25","46230812"
"KQ054576v1","368975","369113","chr7","147325809","147325945","35","146956834"
"KQ054576v1","369971","370081","chrX","41581976","41582081","28","41212005"
"KQ054576v1","582218","582414","chr1","117073885","117074067","44","116491667"
"KQ054576v1","640392","640461","chr1","30740357","30740412","24","30099965"
"KQ054576v1","691726","692002","chr1","159614491","159614771","69","158922765"
"KQ054576v1","863659","863848","chr11","121894773","121894965","49","121031114"
"KQ054576v1","865824","865921","chr3","35325083","35325179","19","34459259"
"KQ054576v1","2928941","2929215","chr1","211297380","211297667","75","208368439"
"KQ054587v1","1177278","1177437","chr4","146081163","146081333","39","144903885"
"KQ054587v1","3051858","3051989","chr10","26647586","26647719","29","23595728"
"KQ054587v1","4794877","4795055","chr14","55461941","55462124","45","50667064"
"KQ054596v1","144162","144436","chr8","44077605","44077887","62","43933443"
"KQ054596v1","152610","152674","chr1","44746983","44747047","13","44594373"
"KQ054596v1","180408","180469","chr5","109855148","109855208","20","109674740"
"KQ054596v1","180488","180537","chr10","19902057","19902106","13","19721569"
"KQ054596v1","352176","352355","chr4","41325792","41325958","55","40973616"
"KQ054596v1","352490","352516","chr1","56721035","56721058","6","56368545"
"KQ054596v1","438956","439082","chr9","87325485","87325612","33","86886529"
"KQ054596v1","462620","462793","chr19","34860936","34861106","45","34398316"
"KQ054596v1","613726","613854","chr6","171817935","171818043","39","171204209"
"KQ054596v1","713143","713291","chr19","15705849","15705993","33","14992706"
"KQ054596v1","727037","727181","chr10","50951916","50952068","33","50224879"
"KQ054606v1","237370","237528","chr2","187026390","187026555","38","186789020"
"KQ054606v1","275076","275251","chr7","37755730","37755904","38","37480654"
"KQ054606v1","324289","324475","chr3","39861348","39861550","50","39537059"
"KQ054606v1","743201","743371","chrX","125000004","125000177","30","124256803"
"KQ054606v1","743373","743424","chr4","154580698","154580747","7","153837325"
"KQ054606v1","1773184","1773357","chr2","75808940","75809113","55","74035756"
"KQ054606v1","1789874","1790039","chr1","28468412","28468583","32","26678538"
"KQ054617v1","87133","87208","chr3","172280490","172280563","16","172193357"
"KQ054617v1","308376","308619","chr8","75400139","75400408","79","75091763"
"KQ054617v1","466529","466735","chrX","118486721","118486933","46","118020192"
"KQ054617v1","509345","509466","chr5","4108716","4108854","37","3599371"
"KQ054617v1","606335","606517","chr13","100953953","100954126","50","100347618"
"KQ054617v1","722122","722311","chr4","146081163","146081333","47","145359041"
"KQ054617v1","722645","722661","chr1","104032729","104032745","3","103310084"
"KQ054617v1","843894","844046","chr5","46320987","46321125","39","45477093"
"KQ054617v1","844359","844517","chr12","93466662","93466820","36","92622303"
"KQ054617v1","856703","856882","chr15","5048646","5048820","34","4191943"
"KQ054617v1","1027696","1027860","chr1","69615336","69615507","37","68587640"
"KQ054617v1","1383148","1383251","chr10","9670097","9670199","17","8286949"
"KQ054617v1","1383252","1383364","chr8","92896223","92896335","28","91512971"
"KQ054617v1","1712810","1712994","chr11","116655485","116655666","45","114942675"
"KQ054617v1","1713587","1713765","chr20","40528242","40528420","37","38814655"
"KQ054617v1","2080953","2081033","chr1","130442089","130442168","13","128361136"
"KQ054617v1","2147454","2147670","chr2","186950588","186950824","92","184803134"
"KQ054618v1","1319209","1319301","chrX","44612735","44612825","21","43293526"
"KQ054618v1","1319470","1319589","chr1","140326936","140327052","31","139007466"
"KQ054618v1","2118741","2118901","chr9","6234636","6234799","29","4115895"
"KQ054618v1","4477700","4477999","chr2","149220987","149221284","64","144743287"
"KQ054618v1","4554067","4554157","chr17","30082562","30082650","17","25528495"
"KQ054618v1","4713560","4713776","chr3","103437927","103438127","51","98724367"
"KQ054628v1","642398","642497","chr1","83183109","83183207","19","82540711"
"KQ054628v1","795602","795784","chr5","126585792","126585955","45","125790190"
"KQ054628v1","942107","942268","chr7","33096606","33096761","31","32154499"
"KQ054628v1","982368","982521","chr7","87730306","87730441","40","86747938"
"KQ054628v1","1016774","1016853","chr16","4369632","4369706","12","3352858"
"KQ054628v1","3525348","3525640","chr4","11701754","11702049","63","8176406"
"KQ054638v1","85753","85856","chr9","51657121","51657233","31","51571368"
"KQ054638v1","455881","456133","chr3","36736557","36736796","71","36280676"
"KQ054638v1","518357","518428","chr5","20339254","20339327","17","19820897"
"KQ054638v1","541170","541280","chr3","149311516","149311626","38","148770346"
"KQ054638v1","557576","557849","chr1","219591111","219591374","61","219033535"
"KQ054638v1","632052","632177","chr1","1252405","1252521","30","620353"
"KQ054638v1","632625","632738","chr14","120413917","120414031","30","119781292"
"KQ054638v1","642084","642173","chr14","10540730","10540819","19","9898646"
"KQ054638v1","686921","686985","chr7","29678379","29678442","15","28991458"
"KQ054638v1","941321","941360","chr11","82330855","82330887","14","81389534"
"KQ054660v1","2328228","2328346","chr3","95065646","95065764","33","92737418"
"KQ054660v1","2745303","2745528","chr5","175400136","175400371","56","172654833"
"KQ054660v1","2922338","2922467","chr13","73675740","73675857","33","70753402"
"KQ054660v1","2922468","2922509","chr20","25493566","25493602","10","22571098"
"KQ054660v1","3005177","3005469","chr1","214526911","214527201","73","211521734"
"KQ054660v1","3580751","3580981","chr3","135951564","135951782","50","132370813"
"KQ054660v1","3591936","3592113","chr1","204842677","204842843","44","201250741"
"KQ054660v1","3751796","3751887","chr3","48157715","48157805","18","44405919"
"KQ054660v1","3783941","3784102","chr2","62549196","62549355","27","58765255"
"KQ054660v1","4129253","4129386","chr1","41210201","41210331","27","37080948"
"KQ054660v1","4221733","4221920","chr2","50393618","50393797","46","46171885"
"KQ054660v1","4255367","4255449","chr4","2744439","2744523","13","1510928"
"KQ054660v1","4289629","4289798","chr10","30277756","30277924","32","25988127"
"KQ054660v1","4300582","4300707","chr7","27522130","27522249","21","23221548"
"KQ054660v1","4386336","4386574","chr1","161615230","161615461","58","157228894"
"KQ054660v1","4405803","4405945","chr8","94138574","94138715","25","89732771"
"KQ054660v1","4533796","4533954","chr10","39230075","39230230","26","34696279"
"KQ054660v1","5117945","5118037","chr3","155522019","155522109","21","150404074"
"KQ054671v1","1354453","1354519","chr14","114488152","114488220","15","113133699"
"KQ054671v1","2432222","2432336","chr7","130054149","130054258","31","127621927"
"KQ054676v1","3609","3771","chr13","44659709","44659873","35","44656100"
"KQ054682v1","801082","801186","chr14","73178581","73178687","23","72377499"
"KQ054682v1","801973","802099","chrX","41760475","41760598","19","40958502"
"KQ054682v1","1018104","1018417","chrX","16052168","16052466","94","15034064"
"KQ054682v1","1557427","1557544","chr9","43217699","43217811","27","41660272"
"KQ054682v1","1557659","1557830","chr15","348992","349161","32","1208667"
"KQ054682v1","2190846","2190955","chr9","118215138","118215241","28","116024292"
"KQ054682v1","2194562","2194620","chr15","9384259","9384308","16","7189697"
"KQ054682v1","2194953","2195091","chr8","90738428","90738564","27","88543475"
"KQ054682v1","2319133","2319306","chr1","215133454","215133640","56","212814321"
"KQ054682v1","2366923","2366993","chr3","172280490","172280563","15","169913567"
"KQ054682v1","2383430","2383500","chr3","172280490","172280563","15","169897060"
"KQ054693v1","165964","166160","chr7","57639070","57639270","43","57473106"
"KQ054693v1","238717","238817","chr20","39332934","39333036","31","39094217"
"KQ054693v1","243009","243165","chr15","11879933","11880081","29","11636924"
"KQ054693v1","597200","597339","chr5","140362320","140362459","24","139765120"
"KQ054693v1","841658","841955","chr6","166241667","166241965","52","165400009"
"KQ054693v1","1059692","1059870","chr7","133437196","133437366","52","132377504"
"KQ054693v1","1243789","1243900","chr6","147609849","147609963","20","146366060"
"KQ054693v1","1244008","1244186","chr18","10244433","10244610","41","9000425"
"KQ054693v1","1293085","1293252","chr1","23706660","23706833","34","22413575"
"KQ054693v1","1361586","1361746","chr1","8856801","8856959","33","7495215"
"KQ054693v1","1393990","1394156","chr1","112152519","112152676","41","110758529"
"KQ054693v1","1803726","1803962","chr12","51447395","51447631","74","49643669"
"KQ054693v1","1832574","1832706","chr15","29077601","29077731","25","27245027"
"KQ054693v1","1833032","1833214","chr10","28728486","28728660","36","26895454"
"KQ054693v1","1838376","1838536","chr11","18862892","18863055","37","17024516"
"KQ054693v1","2018533","2018616","chr1","130442089","130442168","16","128423556"
"KQ054693v1","2028575","2028739","chr14","46331638","46331803","39","44303063"
"KQ054693v1","2083129","2083404","chr5","33703173","33703447","53","31620044"
"KQ054693v1","2570991","2571121","chr12","72016827","72016958","27","69445836"
"KQ054693v1","2572194","2572401","chr5","8485052","8485239","53","5912858"
"KQ054693v1","2636476","2636573","chr3","2704434","2704532","21","67958"
"KQ054704v1","266235","266393","chr19","14673246","14673394","36","14407011"
"KQ054704v1","274174","274316","chr2","100069015","100069158","37","99794841"
"KQ054704v1","353140","353277","chr3","39540961","39541094","48","39187821"
"KQ054704v1","361973","362089","chr7","120177321","120177429","39","119815348"
"KQ054704v1","389543","389720","chr3","42298682","42298860","38","41909139"
"KQ054704v1","479856","480039","chr1","61985686","61985841","61","61505830"
"KQ054704v1","501386","501602","chr3","130001871","130002091","50","129500485"
"KQ054704v1","587890","588148","chr6","90561696","90561950","82","89973806"
"KQ054704v1","611204","611309","chrX","136742279","136742386","25","136131075"
"KQ054704v1","668158","668435","chr15","21649874","21650154","68","20981716"
"KQ054704v1","672184","672466","chr9","91888719","91889008","68","91216535"
"KQ054704v1","701065","701207","chr2","172227852","172227991","30","171526787"
"KQ054704v1","725277","725410","chr1","29406522","29406647","33","28681245"
"KQ054704v1","898876","899177","chr1","26470279","26470577","53","25571403"
"KQ054704v1","1037003","1037230","chr1","86130224","86130455","61","85093221"
"KQ054704v1","1056869","1056975","chr1","160037558","160037669","23","158980689"
"KQ054704v1","1057966","1058028","chr15","105169373","105169433","14","104111407"
"KQ054704v1","1060618","1060764","chr1","139075827","139075967","52","138015209"
"KQ054704v1","1110463","1110543","chr11","7941679","7941757","19","6831216"
"KQ054704v1","1269883","1270197","chr4","108034371","108034672","75","106764488"
"KQ054713v1","6173","6371","chr11","565751","565943","53","559578"
"KQ054713v1","489575","489655","chr14","56381079","56381144","24","55891504"
"KQ054713v1","639354","639570","chr14","123018065","123018276","70","122378711"
"KQ054713v1","686862","687154","chr6","112704849","112705136","63","112017987"
"KQ054713v1","724472","724744","chr8","139433213","139433475","70","138708741"
"KQ054713v1","943407","943484","chr1","28824693","28824770","16","27881286"
"KQ054713v1","1854729","1854903","chr2","43232993","43233164","37","41378264"
"KQ054713v1","2394101","2394217","chr7","46633996","46634100","30","44239895"
"KQ054713v1","2394444","2394638","chr7","107277332","107277515","46","104882888"
"KQ054713v1","2546434","2546528","chr19","4597905","4597993","32","2051471"
"KQ054722v1","3041","3129","chr10","70694740","70694829","25","70691699"
"KQ054724v1","254987","255056","chr20","25263498","25263565","13","25008511"
"KQ054724v1","255559","255744","chr1","117073885","117074067","41","116818326"
"KQ054724v1","775618","775714","chr4","77556185","77556274","39","76780567"
"KQ054724v1","776021","776070","chr13","26369991","26370042","10","25593970"
"KQ054724v1","1451260","1451402","chr11","99627665","99627799","31","98176405"
"KQ054724v1","1483925","1484053","chr2","172227852","172227991","38","170743927"
"KQ054724v1","1484373","1484389","chr1","197479470","197479484","2","195995097"
"KQ054724v1","1584164","1584252","chr20","29468215","29468307","25","27884051"
"KQ054724v1","1584668","1584751","chr11","48979864","48979948","14","47395196"
"KQ054724v1","1739327","1739466","chr13","22554936","22555065","29","20815609"
"KQ054724v1","1743563","1743651","chr1","178521084","178521157","28","176777521"
"KQ054724v1","2282862","2282940","chr16","67683821","67683899","15","65400959"
"KQ054724v1","2427251","2427475","chr6","67323112","67323338","78","64895861"
"KQ054724v1","3074173","3074305","chr1","140326936","140327052","36","137252763"
"KQ054724v1","4127687","4127977","chr9","17232807","17233101","58","13105120"
"KQ054724v1","4812498","4812651","chr10","50951916","50952068","28","46139418"
"KQ054725v1","1111710","1111837","chr6","131471826","131471944","25","130360116"
"KQ054725v1","1659313","1659397","chr13","100779238","100779321","18","99119925"
"KQ054725v1","1677506","1677650","chr3","119595240","119595368","39","117917734"
"KQ054725v1","1785597","1785670","chr10","14543738","14543811","13","12758141"
"KQ054725v1","1853440","1853633","chr7","39261265","39261454","43","37407825"
"KQ054725v1","2230331","2230378","chr2","24557340","24557385","9","22327009"
"KQ054725v1","2230725","2230890","chr7","147463457","147463627","38","145232732"
"KQ054725v1","2334056","2334151","chr8","8498004","8498102","24","6163948"
"KQ054727v1","1188","1507","chr19","15939274","15939531","105","15938086"
"KQ054734v1","123482","123619","chr1","163252308","163252432","31","163128826"
"KQ054734v1","162035","162143","chr12","80509677","80509785","30","80347642"
"KQ054734v1","162271","162424","chr1","47622630","47622778","35","47460359"
"KQ054734v1","225082","225237","chr14","8170193","8170351","40","7945111"
"KQ054734v1","292073","292090","chr7","136759699","136759714","7","136467626"
"KQ054734v1","292974","293069","chr19","5298519","5298608","26","5005545"
"KQ054734v1","441592","441766","chr1","127866952","127867137","45","127425360"
"KQ054734v1","457594","457678","chr13","100779238","100779321","17","100321644"
"KQ054734v1","611609","611716","chr14","103366885","103366988","29","102755276"
"KQ054745v1","108177","108366","chr1","117073885","117074067","40","116965708"
"KQ054745v1","176988","177135","chr12","67877937","67878085","35","67700949"
"KQ054745v1","186150","186297","chr15","9081910","9082052","37","8895760"
"KQ054745v1","337460","337737","chr14","12468335","12468609","54","12130875"
"KQ054745v1","394967","395187","chr11","41453088","41453321","59","41058121"
"KQ054745v1","395673","395779","chr1","43113027","43113125","28","42717354"
"KQ054745v1","412754","412802","chr4","153887367","153887414","16","153474613"
"KQ054745v1","710801","711044","chr4","113043475","113043707","72","112332674"
"KQ054745v1","920622","920844","chr19","41156766","41156970","80","40236144"
"KQ054745v1","928110","928263","chr1","197472749","197472909","39","196544639"
"KQ054745v1","938901","939037","chr3","44087622","44087755","25","43148721"
"KQ054756v1","115502","115743","chr8","125307931","125308148","76","125192429"
"KQ054756v1","638664","638802","chr7","66814609","66814747","46","66175945"
"KQ054756v1","1364052","1364132","chr16","64623219","64623295","18","63259167"
"KQ054756v1","2572660","2572903","chr11","31585135","31585379","67","29012475"
"KQ054765v1","661948","662134","chr10","80145913","80146067","60","79483965"
"KQ054765v1","1922364","1922621","chrX","123254471","123254742","79","121332107"
"KQ054765v1","2970059","2970207","chr20","17522690","17522834","36","14552631"
"KQ054776v1","37319","37474","chr10","81587137","81587272","45","81549818"
"KQ054776v1","51516","51680","chr11","122274374","122274548","36","122222858"
"KQ054776v1","255791","255972","chr1","4849609","4849794","49","4593818"
"KQ054776v1","310693","310775","chr8","37054813","37054901","25","36744120"
"KQ054776v1","477390","477683","chr3","85847605","85847903","54","85370215"
"KQ054776v1","491187","491479","chr3","85847605","85847903","55","85356418"
"KQ054776v1","637931","638021","chr9","33121832","33121921","20","32483901"
"KQ054776v1","1218270","1218470","chr4","152014752","152014934","62","150796482"
"KQ054776v1","1327552","1327692","chr14","119235877","119236015","36","117908325"
"KQ054776v1","1330698","1330880","chr1","37933735","37933919","42","36603037"
"KQ054786v1","1277297","1277429","chr5","35099702","35099830","41","33822405"
"KQ054786v1","1445874","1445963","chr8","96649061","96649154","28","95203187"
"KQ054795v1","863343","863437","chr1","129798686","129798761","31","128935343"
"KQ054795v1","2134123","2134268","chrX","139095679","139095825","31","136961556"
"KQ054795v1","2343387","2343559","chr6","91703022","91703191","39","89359635"
"KQ054795v1","2343829","2343945","chr3","98073592","98073703","29","95729763"
"KQ054795v1","2546941","2547107","chr2","47505779","47505949","33","44958838"
"KQ054804v1","671605","671789","chr13","102715671","102715855","46","102044066"
"KQ054804v1","738852","738934","chr1","63958307","63958385","16","63219455"
"KQ054804v1","868427","868491","chr5","46548493","46548558","14","45680066"
"KQ054804v1","1576732","1576817","chr1","190655363","190655447","18","189078631"
"KQ054815v1","803382","803529","chr3","52525873","52526017","38","51722491"
"KQ054815v1","3402949","3402998","chr15","81456301","81456345","11","78053352"
"KQ054815v1","3403100","3403397","chr15","41006519","41006808","87","37603419"
"KQ054826v1","579180","579324","chr1","15506373","15506526","41","14927193"
"KQ054826v1","903921","904066","chr18","51300575","51300719","32","50396654"
"KQ054826v1","904306","904491","chr13","27642561","27642741","41","26738255"
"KQ054826v1","966530","966625","chr17","27310475","27310562","29","26343945"
"KQ054826v1","1077331","1077459","chr10","70401338","70401467","34","69324007"
"KQ054826v1","1096594","1096696","chr1","63817315","63817404","38","62720721"
"KQ054826v1","3038175","3038332","chr12","28324167","28324328","36","25285992"
"KQ054826v1","3088802","3088949","chr1","54287789","54287935","46","51198987"
"KQ054826v1","5145142","5145223","chr1","190655363","190655447","16","185510221"
"KQ054826v1","6255888","6256090","chr17","78471086","78471284","58","72215198"
"KQ054826v1","6710850","6711000","chr16","16228419","16228575","31","9517569"
"KQ054826v1","7227813","7227876","chr14","58785506","58785573","16","51557693"
"KQ054826v1","7429930","7429992","chr3","40058589","40058650","12","32628659"
"KQ054826v1","7521336","7521479","chr10","18365138","18365278","46","10843802"
"KQ054826v1","7602432","7602648","chr9","60876511","60876709","65","53274079"
"KQ054826v1","7624533","7624690","chr13","99896250","99896399","42","92271717"
"KQ054826v1","7631291","7631448","chr13","99896250","99896399","42","92264959"
"KQ054826v1","7763758","7764046","chr6","134251498","134251796","59","126487740"
"KQ054826v1","7997168","7997244","chr11","121991680","121991756","21","113994512"
"KQ054826v1","8684107","8684304","chr5","50714490","50714690","52","42030383"
"KQ054826v1","11851428","11851564","chr12","103977586","103977718","28","92126158"
"KQ054826v1","12249348","12249631","chr11","12098381","12098651","75","150967"
"KQ054827v1","1428854","1429033","chr4","146081163","146081333","36","144652309"
"KQ054827v1","1431669","1431794","chr12","67942185","67942309","22","66510516"
"KQ054827v1","2183354","2183536","chr3","80795189","80795371","43","78611835"
"KQ054827v1","2194516","2194700","chr3","80795189","80795371","42","78600673"
"KQ054827v1","2371925","2372125","chr10","69547738","69547924","60","67175813"
"KQ054827v1","2913819","2913948","chr19","7129602","7129718","47","4215783"
"KQ054837v1","130261","130426","chr14","84109323","84109498","35","83979062"
"KQ054837v1","166686","167003","chr13","115090995","115091287","89","114924309"
"KQ054837v1","400624","400799","chr19","13150082","13150263","45","12749458"
"KQ054837v1","453459","453634","chr13","35978492","35978658","55","35525033"
"KQ054837v1","465606","465730","chrX","112241983","112242097","27","111776377"
"KQ054839v1","5097","5173","chr17","11475214","11475290","20","11470117"
"KQ054844v1","1","190","chr11","99630156","99630348","46","99630155"
"KQ054848v1","992464","992749","chr11","122354616","122354898","62","121362152"
"KQ054857v1","801638","801950","chr1","212384780","212385070","84","211583142"
"KQ054857v1","864639","864701","chr10","16173252","16173314","8","15308613"
"KQ054857v1","1953684","1953842","chr10","66975614","66975768","30","65021930"
"KQ054868v1","8298","8577","chr17","23801256","23801545","73","23792958"
"KQ054868v1","44023","44094","chr1","180599157","180599229","15","180555134"
"KQ054868v1","108241","108432","chr9","31646078","31646264","51","31537837"
"KQ054868v1","118694","118787","chr8","8498004","8498102","22","8379310"
"KQ054868v1","257636","257909","chr17","71852249","71852523","74","71594613"
"KQ054868v1","765808","765947","chr2","55108477","55108613","51","54342669"
"KQ054868v1","766010","766089","chr15","42032271","42032338","25","41266261"
"KQ054868v1","772781","772860","chr16","40158789","40158860","21","39386008"
"KQ054868v1","864632","864785","chr6","96803739","96803880","44","95939107"
"KQ054868v1","1307003","1307168","chr2","92709050","92709208","41","91402047"
"KQ054868v1","1947454","1947531","chrX","60068044","60068118","16","58120590"
"KQ054868v1","2056536","2056694","chr4","130783416","130783561","42","128726880"
"KQ054868v1","2057106","2057219","chr1","4570747","4570860","25","2513641"
"KQ054868v1","2379384","2379449","chr3","135057925","135057984","19","132678541"
"KQ054879v1","1856196","1856456","chr11","26672282","26672557","71","24816086"
"KQ054879v1","1969797","1970093","chr6","14865574","14865856","80","12895777"
"KQ054879v1","2195003","2195284","chr13","52394202","52394489","65","50199199"
"KQ054879v1","2298200","2298350","chr9","20377689","20377836","31","18079489"
"KQ054879v1","2641225","2641280","chr7","161629769","161629818","16","158988544"
"KQ054879v1","2938644","2938657","chr1","13096977","13096989","3","10158333"
"KQ054879v1","2939665","2939880","chr10","14636862","14637077","51","11697197"
"KQ054901v1","2292174","2292350","chr15","97755040","97755203","48","95462866"
"KQ054910v1","786401","786535","chr19","38454590","38454726","34","37668189"
"KQ054910v1","121608","121702","chr12","67953274","67953369","20","67831666"
"KQ054910v1","334177","334331","chr7","33096606","33096761","34","32762429"
"KQ054910v1","364003","364141","chr1","85053040","85053174","49","84689037"
"KQ054910v1","432077","432303","chr5","86820397","86820617","75","86388320"
"KQ054910v1","485422","485613","chr14","62603712","62603871","55","62118290"
"KQ054910v1","834845","835016","chr3","125233005","125233176","41","124398160"
"KQ054910v1","1344276","1344362","chr20","17889421","17889500","19","16545145"
"KQ054910v1","1429864","1430041","chr6","69384842","69385010","49","67954978"
"KQ054910v1","1451278","1451457","chr20","52099766","52099939","42","50648488"
"KQ054910v1","1603163","1603347","chr10","37889717","37889905","39","36286554"
"KQ054910v1","1709139","1709327","chr3","114330066","114330251","49","112620927"
"KQ054921v1","1953641","1953717","chr5","140710371","140710442","22","138756730"
"KQ054921v1","1954013","1954079","chr13","42250192","42250250","22","40296179"
"KQ054921v1","2028515","2028723","chr6","131716506","131716733","68","129687991"
"KQ054921v1","2035812","2036047","chr3","172605060","172605286","67","170569248"
"KQ054921v1","3108706","3108760","chr1","86128485","86128542","14","83019779"
"KQ054921v1","3109769","3109960","chr1","163823073","163823253","39","160713304"
"KQ054921v1","3244286","3244445","chrX","29446583","29446745","30","26202297"
"KQ054921v1","4146648","4146725","chr5","79930418","79930496","20","75783770"
"KQ054932v1","70884","71030","chrX","112122465","112122615","26","112051581"
"KQ054932v1","91176","91316","chr2","106184496","106184638","38","106093320"
"KQ054932v1","887146","887217","chr12","31986571","31986626","19","31099425"
"KQ054932v1","887259","887344","chr1","204271088","204271175","15","203383829"
"KQ054932v1","2713291","2713428","chr6","132243968","132244102","22","129530677"
"KQ054932v1","3214266","3214396","chr13","95045656","95045789","39","91831390"
"KQ054932v1","3274044","3274108","chr4","57063686","57063754","13","53789642"
"KQ054932v1","3442517","3442601","chr9","13509590","13509671","19","10067073"
"KQ054932v1","3445985","3446074","chr1","83535930","83536020","20","80089945"
"KQ054932v1","3446818","3446901","chr13","46056566","46056648","19","42609748"
"KQ054932v1","3450963","3451046","chr4","128487169","128487256","18","125036206"
"KQ054932v1","3468930","3469109","chr3","17144680","17144857","43","13675750"
"KQ054932v1","3489842","3490018","chrX","4603811","4603975","56","1113969"
"KQ054932v1","3530676","3530852","chr20","26993039","26993219","50","23462363"
"KQ054932v1","3536773","3536953","chr20","26993039","26993219","51","23456266"
"KQ054932v1","3643314","3643472","chr3","76126040","76126194","40","72482726"
"KQ054932v1","3723387","3723562","chr1","163823073","163823253","44","160099686"
"KQ054932v1","3782756","3782927","chr19","5234935","5235087","53","1452179"
"KQ054932v1","3788620","3788871","chr18","13377482","13377717","93","9588862"
"KQ054932v1","3796482","3796653","chr1","204402584","204402746","41","200606102"
"KQ054932v1","4083083","4083174","chr2","61496575","61496664","23","57413492"
"KQ054932v1","4086850","4086960","chr7","120012364","120012476","32","115925514"
"KQ054932v1","4174576","4174744","chr11","72083978","72084150","39","67909402"
"KQ054932v1","4298890","4299038","chr4","103199591","103199725","34","98900701"
"KQ054932v1","4439048","4439124","chr1","34800369","34800443","13","30361321"
"KQ054932v1","4652103","4652188","chr14","541366","541448","14","4110737"
"KQ054932v1","4771686","4771730","chr1","125184004","125184047","10","120412318"
"KQ054932v1","4840916","4841082","chr3","42064302","42064465","31","37223386"
"KQ054932v1","4936832","4936913","chr4","128487169","128487256","18","123550337"
"KQ054932v1","5182004","5182115","chr3","55268266","55268384","18","50086262"
"KQ054932v1","5387691","5387919","chr1","4150682","4150919","70","1237009"
"KQ054932v1","6229727","6229904","chr13","84200894","84201069","39","77971167"
"KQ054932v1","6938923","6939088","chr10","30277756","30277924","35","23338833"
"KQ054932v1","7076584","7076710","chr15","70289395","70289517","23","63212811"
"KQ054932v1","7116935","7117037","chr11","110448868","110448972","38","103331933"
"KQ054932v1","7286393","7286530","chr1","160006226","160006358","27","152719833"
"KQ054932v1","7286659","7286830","chrX","45893021","45893191","29","38606362"
"KQ054932v1","7855117","7855280","chr3","124345563","124345718","45","116490446"
"KQ054932v1","8125633","8125805","chr12","40057892","40058056","52","31932259"
"KQ054932v1","8217637","8217695","chr1","100928185","100928237","10","92710548"
"KQ054932v1","8217696","8217834","chr8","4114371","4114505","29","4103325"
"KQ054932v1","8554180","8554248","chr1","30644596","30644660","11","22090416"
"KQ054932v1","8879315","8879454","chr3","175960599","175960723","34","167081284"
"KQ054932v1","8912307","8912419","chr20","26989370","26989485","31","18077063"
"KQ054932v1","8912464","8912656","chr15","105497754","105497931","65","96585290"
"KQ054932v1","10128949","10129076","chr3","51679299","51679431","26","41550350"
"KQ054933v1","505036","505208","chr3","125233005","125233176","42","124727969"
"KQ054933v1","519783","519913","chr2","78119437","78119571","26","77599654"
"KQ054933v1","520695","520848","chr6","131823917","131824058","41","131303222"
"KQ054933v1","758597","758770","chr6","33223434","33223602","40","32464837"
"KQ054933v1","799449","799614","chr3","173526190","173526356","31","172726741"
"KQ054933v1","847694","847741","chr19","15525518","15525564","8","14677824"
"KQ054933v1","847742","847948","chr4","15776741","15776949","38","14928999"
"KQ054933v1","1056088","1056378","chr1","54229102","54229398","58","53173014"
"KQ054933v1","1417632","1417803","chrX","1974259","1974432","29","556627"
"KQ054933v1","1456241","1456400","chr9","84374724","84374880","38","82918483"
"KQ054933v1","1890839","1891037","chr11","565751","565943","44","1325088"
"KQ054933v1","1962458","1962619","chr4","119074513","119074677","32","117112055"
"KQ054933v1","2114216","2114310","chr1","28560822","28560916","27","26446606"
"KQ054933v1","3582895","3583007","chr11","52337891","52338000","32","48754996"
"KQ054933v1","3713568","3713681","chr10","61329698","61329813","26","57616130"
"KQ054933v1","3816259","3816447","chrX","92618497","92618682","57","88802238"
"KQ054933v1","3995621","3995815","chr15","29523034","29523220","49","25527413"
"KQ054933v1","4054412","4054623","chr7","57639070","57639270","46","53584658"
"KQ054933v1","4113330","4113428","chr16","31379684","31379789","31","27266354"
"KQ054943v1","10882","11147","chr3","99424811","99425070","95","99413929"
"KQ054943v1","645885","646064","chr3","160190279","160190461","44","159544394"
"KQ054954v1","106596","106683","chrX","122790606","122790686","16","122684010"
"KQ054954v1","2132453","2132612","chr3","171192084","171192244","34","169059631"
"KQ054964v1","280472","280610","chr10","76989486","76989631","37","76709014"
"KQ054964v1","420026","420168","chr19","9122351","9122486","44","8702325"
"KQ054964v1","978919","979226","chr16","21320831","21321123","78","20341912"
"KQ054964v1","1289154","1289269","chr10","30484458","30484572","29","29195304"
"KQ054964v1","1289826","1289993","chr7","115979076","115979229","48","114689250"
"KQ054964v1","2014333","2014505","chr1","90145061","90145235","51","88130728"
"KQ054964v1","2711760","2711840","chr7","26261886","26261952","24","23550126"
"KQ054973v1","248501","248645","chr1","54321023","54321176","38","54072522"
"KQ054973v1","657635","657749","chr11","59572694","59572803","26","58915059"
"KQ054973v1","1534711","1534960","chr8","97565815","97566048","92","96031104"
"KQ054973v1","1563008","1563150","chr10","70292749","70292884","29","68729741"
"KQ054984v1","405850","405979","chr7","27522130","27522249","34","27116280"
"KQ054984v1","2058660","2058802","chr19","15651400","15651544","30","13592740"
"KQ054984v1","2082241","2082384","chr10","12286075","12286221","37","10203834"
"KQ054984v1","2679709","2679864","chr14","118945688","118945833","34","116265979"
"KQ054994v1","196110","196266","chr2","78836367","78836504","47","78640257"
"KQ054994v1","317354","317547","chr6","143181575","143181734","58","142864221"
"KQ054994v1","2727261","2727436","chr13","7960128","7960302","35","5232867"
"KQ054994v1","3357949","3358113","chr19","16773041","16773205","34","13415092"
"KQ054994v1","3393588","3393727","chr20","15083166","15083314","37","11689578"
"KQ054994v1","3566077","3566180","chr2","44969428","44969529","39","41403351"
"KQ054994v1","3566569","3566632","chr5","130486289","130486354","12","126919720"
"KQ054994v1","3575543","3575701","chr10","66975614","66975768","30","63400071"
"KQ054994v1","4016436","4016581","chr1","9667266","9667402","31","5650830"
"KQ054994v1","4437540","4437728","chr1","117073885","117074067","48","112636345"
"KQ055004v1","4968","5198","chr8","9662016","9662244","65","9657048"
"KQ055004v1","8474","8531","chr2","113016285","113016344","15","113007811"
"KQ055004v1","70425","70479","chr2","96120859","96120912","17","96050434"
"KQ055004v1","73833","74056","chr14","55438360","55438588","56","55364527"
"KQ055004v1","162508","162576","chr6","32063994","32064062","9","31901486"
"KQ055004v1","162899","163132","chr1","24237237","24237458","71","24074338"
"KQ055014v1","613982","614147","chrX","107282587","107282754","27","106668605"
"KQ055014v1","651904","652034","chr5","72211322","72211444","32","71559418"
"KQ055014v1","1058701","1058770","chr13","72133965","72134034","14","71075264"
"KQ055014v1","1340828","1341003","chr9","113076467","113076619","61","111735639"
"KQ055014v1","1718027","1718195","chr18","71006217","71006381","45","69288190"
"KQ055014v1","2008033","2008240","chr10","13014839","13015026","53","11006806"
"KQ055014v1","2199436","2199707","chr17","77523429","77523687","84","75323993"
"KQ055014v1","2931556","2931751","chrX","92618497","92618682","47","89686941"
"KQ055024v1","343853","343935","chr20","21786455","21786541","24","21442602"
"KQ055035v1","396999","397186","chr6","118356485","118356668","56","117959486"
"KQ055035v1","1327699","1327851","chr10","17264565","17264716","27","15936866"
"KQ055035v1","1335859","1336025","chrX","45607848","45608014","35","44271989"
"KQ055035v1","2015575","2015749","chrX","50896690","50896868","69","48881115"
"KQ055035v1","2674731","2674893","chr1","26828797","26828955","40","24154066"
"KQ055035v1","2764480","2764754","chr7","40110713","40110990","70","37346233"
"KQ055035v1","3608135","3608398","chr11","107892419","107892683","76","104284284"
"KQ055035v1","3695779","3695861","chr6","38476362","38476441","17","34780583"
"KQ055035v1","6924143","6924349","chr15","29523034","29523220","54","22598891"
"KQ055035v1","7069670","7069870","chr16","18142331","18142510","54","11072661"
"KQ055035v1","7929256","7929356","chr1","115398030","115398129","23","107468774"
"KQ055035v1","8268377","8268656","chr7","150913412","150913695","69","142645035"
"KQ055035v1","8315747","8315882","chr15","8580328","8580460","32","264581"
"KQ055035v1","8587055","8587160","chr14","37329060","37329168","22","28742005"
"KQ055035v1","8632336","8632552","chr1","150593735","150593929","83","141961399"
"KQ055036v1","604363","604498","chr2","79243789","79243922","32","78639426"
"KQ055036v1","721028","721222","chr5","73422543","73422715","56","72701515"
"KQ055036v1","1468361","1468493","chr13","107856462","107856600","31","106388101"
"KQ055036v1","2023439","2023587","chr7","25941776","25941912","32","23918337"
"KQ055036v1","3347458","3347686","chr7","45187599","45187830","84","41840141"
"KQ055036v1","4378676","4378819","chr2","172227852","172227991","36","167849176"
"KQ055043v1","4138","4206","chr13","72133965","72134034","15","72129827"
"KQ055043v1","9817","9887","chr3","172280490","172280563","15","172270673"
"KQ055044v1","37288","37402","chr2","95804694","95804803","33","95767406"
"KQ055044v1","172693","172782","chr3","9353376","9353462","19","9180683"
"KQ055044v1","473495","473507","chr2","69009062","69009074","2","68535567"
"KQ055044v1","479958","480187","chr8","6033021","6033261","71","5553063"
"KQ055044v1","571207","571529","chr1","213457818","213458127","103","212886611"
"KQ055044v1","857065","857169","chr8","122714486","122714583","38","121857421"
"KQ055055v1","2059760","2060035","chr11","51663606","51663889","82","49603846"
"KQ055065v1","657993","658138","chr19","9122351","9122486","43","8464358"
"KQ055065v1","933060","933235","chr13","108071410","108071581","48","107138350"
"KQ055065v1","934102","934275","chr20","40528242","40528420","43","39594140"
"KQ055065v1","938450","938635","chr1","117073885","117074067","37","116135435"
"KQ055065v1","952920","953099","chr20","40528242","40528420","40","39575322"
"KQ055065v1","2239304","2239364","chr9","94556178","94556231","19","92316874"
"KQ055065v1","2648566","2648657","chr17","15917356","15917444","30","13268790"
"KQ055065v1","3089229","3089492","chr2","92038882","92039146","73","88949653"
"KQ055065v1","3165928","3166109","chr2","48565458","48565631","38","45399530"
"KQ055076v1","1920981","1921060","chr2","182769148","182769221","15","180848167"
"KQ055076v1","1964818","1964895","chr10","71121695","71121775","14","69156877"
"KQ055087v1","163435","163487","chr1","124518607","124518649","17","124355172"
"KQ055087v1","834097","834185","chr1","63958307","63958385","24","63124210"
"KQ055087v1","1038380","1038520","chr1","138177964","138178102","40","137139584"
"KQ055087v1","1044000","1044161","chr14","18925179","18925342","37","17881179"
"KQ055087v1","1277574","1277867","chr6","157052866","157053161","57","155775292"
"KQ055087v1","1340247","1340340","chr8","81914095","81914173","28","80573848"
"KQ055097v1","1996718","1997061","chr3","151780351","151780668","73","149783633"
"KQ055097v1","2149765","2149993","chr7","36629070","36629316","71","34479305"
"KQ055097v1","2290130","2290245","chr19","12845467","12845572","37","10555337"
"KQ055097v1","3726162","3726322","chr3","171192084","171192244","28","167465922"
"KQ055097v1","3845742","3845888","chr6","126742384","126742530","37","122896642"
"KQ055099v1","1940","2063","chr8","7042343","7042471","34","7040403"
"KQ055099v1","8839","9101","chr13","44460904","44461173","75","44452065"
"KQ055108v1","857334","857536","chr2","186908456","186908658","47","186051122"
"KQ055108v1","1153203","1153285","chr3","9353376","9353462","17","8200173"
"KQ055108v1","1210492","1210552","chr5","139369160","139369219","14","138158668"
"KQ055108v1","1224488","1224597","chr4","104474917","104475020","26","103250429"
"KQ055108v1","1749607","1749720","chr11","109264581","109264691","29","107514974"
"KQ055108v1","1750233","1750390","chr20","70503362","70503506","39","68753129"
"KQ055108v1","2814745","2814824","chr2","47614777","47614855","16","44800032"
"KQ055108v1","2815389","2815679","chr16","56879272","56879570","71","54063883"
"KQ055119v1","165631","165914","chr8","128658614","128658884","73","128492983"
"KQ055119v1","218680","218831","chr3","109837782","109837935","33","109619102"
"KQ055119v1","315153","315305","chr2","172227852","172227991","34","171912699"
"KQ055119v1","315646","315674","chr13","125432389","125432411","8","125116743"
"KQ055119v1","785084","785172","chr20","8298660","8298739","18","7513576"
"KQ055119v1","1377695","1377878","chr1","21533916","21534102","38","20156221"
"KQ055119v1","1403348","1403606","chr3","14174391","14174669","80","12771043"
"KQ055119v1","2287247","2287508","chrX","71162731","71162989","62","68875484"
"KQ055119v1","2340272","2340428","chr9","123418869","123419012","36","121078597"
"KQ055119v1","2616109","2616257","chr6","43023740","43023893","25","40407631"
"KQ055119v1","2757245","2757472","chr2","170273228","170273458","58","167515983"
"KQ055119v1","3062096","3062349","chr20","24823376","24823641","73","21761280"
"KQ055119v1","3150358","3150503","chr3","37387839","37387976","35","34237481"
"KQ055119v1","4009339","4009535","chr12","84723587","84723780","48","80714248"
"KQ055119v1","4040028","4040188","chr9","13406268","13406424","26","9366240"
"KQ055119v1","4071778","4071858","chr9","13509590","13509671","21","9437812"
"KQ055119v1","4241035","4241316","chr15","10352679","10352959","54","6111644"
"KQ055126v1","3015","3347","chr5","36495868","36496149","119","36492853"
"KQ055129v1","381183","381479","chr5","46506732","46507011","94","46125549"
"KQ055129v1","385750","386040","chr11","101134463","101134737","77","100748713"
"KQ055129v1","665225","665396","chr8","40914201","40914362","49","40248976"
"KQ055129v1","760638","760713","chr4","39127753","39127828","20","38367115"
"KQ055129v1","837421","837575","chr19","3704035","3704196","30","2866614"
"KQ055129v1","1067217","1067415","chr7","57639070","57639270","50","56571853"
"KQ055129v1","1598739","1598922","chr5","73422543","73422715","42","71823804"
"KQ055129v1","2186268","2186424","chr4","153146708","153146864","35","150960440"
"KQ055129v1","2271064","2271165","chr19","9363791","9363883","29","7092727"
"KQ055129v1","2330535","2330608","chr1","28824693","28824770","17","26494158"
"KQ055129v1","2399421","2399645","chr1","93055697","93055926","50","90656276"
"KQ055131v1","2445","2525","chr1","26735072","26735142","23","26732627"
"KQ055140v1","367677","367748","chr6","61755949","61756015","18","61388272"
"KQ055140v1","600625","600758","chr2","172227852","172227991","21","171627227"
"KQ055140v1","637854","637985","chr2","172227852","172227991","29","171589998"
"KQ055140v1","886974","887143","chr14","3021437","3021606","39","2134463"
"KQ055140v1","934253","934419","chr15","882717","882880","42","51536"
"KQ055140v1","1115816","1115913","chrX","38470932","38471033","30","37355116"
"KQ055140v1","1301690","1301843","chr9","20377689","20377836","25","19075999"
"KQ055140v1","1339588","1339758","chr2","184466213","184466380","25","183126625"
"KQ055140v1","1504329","1504410","chr14","5854343","5854418","19","4350014"
"KQ055140v1","1504841","1505113","chr8","76427874","76428118","85","74923033"
"KQ055140v1","1554577","1554772","chr19","38937812","38937998","49","37383235"
"KQ055140v1","1555154","1555278","chr11","116579694","116579814","32","115024540"
"KQ055140v1","1591371","1591454","chr15","99095140","99095224","16","97503769"
"KQ055140v1","2029745","2029830","chr6","78398645","78398731","22","76368900"
"KQ055140v1","2210048","2210218","chr5","2156547","2156717","30","53501"
"KQ055140v1","2221037","2221156","chr6","30832647","30832770","22","28611610"
"KQ055140v1","2277336","2277468","chr16","68115653","68115783","39","65838317"
"KQ055140v1","2398599","2398795","chr4","33650828","33651021","47","31252229"
"KQ055140v1","2554163","2554328","chr1","25816699","25816864","29","23262536"
"KQ055140v1","2632055","2632178","chr1","34512524","34512644","31","31880469"
"KQ055140v1","2635629","2635763","chr1","179353901","179354033","24","176718272"
"KQ055140v1","2673925","2674198","chr5","71421913","71422197","61","68747988"
"KQ055140v1","2677277","2677445","chr20","26775145","26775312","32","24097868"
"KQ055140v1","2693522","2693675","chr19","8561853","8561997","38","5868331"
"KQ055140v1","2697905","2698084","chr7","158805939","158806113","52","156108034"
"KQ055140v1","2699520","2699670","chr2","100069015","100069158","37","97369495"
"KQ055140v1","2704129","2704303","chr7","158805939","158806113","48","156101810"
"KQ055140v1","2716512","2716639","chr13","63787243","63787367","38","61070731"
"KQ055140v1","2716683","2716753","chr6","134194500","134194566","15","131477817"
"KQ055140v1","2726024","2726092","chr6","134194500","134194566","15","131468476"
"KQ055140v1","2947306","2947419","chr2","49065778","49065892","42","46118472"
"KQ055140v1","2947715","2947830","chrX","311156","311271","40","2636559"
"KQ055140v1","2955445","2955577","chr13","75532111","75532244","47","72576666"
"KQ055140v1","3149739","3149807","chr3","3048123","3048191","19","101616"
"KQ055140v1","3150600","3150714","chr7","15394911","15395040","31","12244311"
"KQ055140v1","3219121","3219260","chr11","112306518","112306649","44","109087397"
"KQ055140v1","3232943","3233118","chr8","16555518","16555696","49","13322575"
"KQ055140v1","3625124","3625225","chr6","80443998","80444098","35","76818874"
"KQ055140v1","3748707","3748976","chr2","138987628","138987893","67","135238921"
"KQ055140v1","3774174","3774312","chr7","115637234","115637369","29","111863060"
"KQ055140v1","3775282","3775454","chr5","53523620","53523801","44","49748338"
"KQ055140v1","3811316","3811468","chr6","148135774","148135932","32","144324458"
"KQ055140v1","3828929","3829091","chr6","148135774","148135932","24","144306845"
"KQ055140v1","3831829","3832108","chr4","103585966","103586236","68","99754137"
"KQ055140v1","4197238","4197300","chr1","22407920","22407976","17","18210682"
"KQ055140v1","4340462","4340776","chr4","108034371","108034672","75","103693909"
"KQ055141v1","65101","65204","chr1","2156714","2156806","34","2091613"
"KQ055141v1","159434","159518","chr7","52438339","52438425","20","52278905"
"KQ055141v1","658028","658313","chr1","127896341","127896622","72","127238313"
"KQ055141v1","1079742","1080044","chrX","60143324","60143625","74","59063582"
"KQ055141v1","1776933","1777001","chr7","130508232","130508298","13","128731299"
"KQ055141v1","2462845","2462937","chr2","14166762","14166850","22","11703917"
"KQ055141v1","2509497","2509670","chr16","58311669","58311837","51","55802172"
"KQ055141v1","4388884","4388949","chr20","30746148","30746206","20","26357264"
"KQ055141v1","5592528","5592693","chr1","66887413","66887590","43","61294885"
"KQ055141v1","6534579","6534856","chr7","120643141","120643435","79","114108562"
"KQ055141v1","7784477","7784628","chr19","14673246","14673394","38","6888769"
"KQ055142v1","164383","164540","chr9","55615723","55615874","39","55451340"
"KQ055142v1","2614396","2614504","chr1","21550623","21550725","35","18936227"
"KQ055142v1","2823938","2824090","chr1","29993140","29993298","30","27169202"
"KQ055142v1","3157662","3157711","chr16","59772895","59772949","13","56615233"
"KQ055152v1","63976","64100","chr11","118242293","118242413","28","118178317"
"KQ055152v1","878818","879082","chr10","23327960","23328230","62","22449142"
"KQ055152v1","1716017","1716118","chr7","22128017","22128118","23","20412000"
"KQ055152v1","1716123","1716194","chrX","49479576","49479648","14","47763453"
"KQ055160v1","1348","1429","chr15","99095140","99095224","19","99093792"
"KQ055162v1","680725","680947","chr6","73280441","73280645","72","72599716"
"KQ055162v1","1176662","1176749","chr14","64339385","64339467","14","63162723"
"KQ055162v1","1177167","1177233","chr2","186994710","186994767","13","185817543"
"KQ055162v1","1346843","1347025","chr13","59943091","59943254","47","58596248"
"KQ055173v1","503753","503944","chr1","137963187","137963374","44","137459434"
"KQ055173v1","573628","573698","chr1","34800369","34800443","17","34226741"
"KQ055173v1","811607","811691","chr3","48157715","48157805","18","47346108"
"KQ055173v1","3334179","3334324","chr1","128286221","128286345","29","124952042"
"KQ055183v1","1434879","1435116","chr7","50056681","50056920","52","48621802"
"KQ055183v1","1435335","1435414","chr15","6337866","6337947","17","4902531"
"KQ055183v1","1517485","1517727","chr2","33057930","33058156","81","31540445"
"KQ055183v1","2328024","2328181","chrX","141531520","141531674","34","139203496"
"KQ055183v1","2681072","2681218","chr9","123590769","123590909","33","120909697"
"KQ055183v1","2758697","2758880","chr2","187026390","187026555","53","184267693"
"KQ055183v1","2818771","2818865","chr14","10540730","10540819","22","7721959"
"KQ055183v1","2855610","2855759","chr1","34737481","34737621","32","31881871"
"KQ055183v1","2867910","2868062","chr1","34737481","34737621","32","31869571"
"KQ055183v1","3305291","3305410","chrX","130341958","130342075","26","127036667"
"KQ055192v1","29039","29161","chr1","21418811","21418933","23","21389772"
"KQ055192v1","29577","29756","chr4","150808581","150808755","38","150779004"
"KQ055192v1","1585572","1585674","chr15","4765942","4766043","29","3180370"
"KQ055192v1","2327781","2327957","chr10","5084696","5084865","48","2756915"
"KQ055192v1","2863213","2863332","chr4","21726245","21726366","35","18863032"
"KQ055192v1","3175946","3176077","chr12","103977586","103977718","36","100801640"
"KQ055192v1","3178987","3179129","chr19","900807","900948","28","2278180"
"KQ055203v1","70731","71034","chr6","134251498","134251796","61","134180767"
"KQ055203v1","150286","150450","chrX","21075141","21075307","41","20924855"
"KQ055203v1","151757","151897","chr14","50339735","50339868","29","50187978"
"KQ055206v1","24529","24639","chr3","157051887","157051998","21","157027358"
"KQ055214v1","468646","468837","chr4","43573062","43573251","49","43104416"
"KQ055214v1","2204130","2204187","chr15","105169373","105169433","12","102965243"
"KQ055214v1","3960737","3960803","chr1","1451210","1451274","17","2509527"
"KQ055214v1","3960926","3961135","chrX","34917814","34918027","46","30956888"
"KQ055225v1","396676","396797","chr1","85858415","85858535","27","85461739"
"KQ055225v1","482332","482486","chrX","117872779","117872935","30","117390447"
"KQ055225v1","495384","495570","chr10","72233776","72233939","59","71738392"
"KQ055225v1","552158","552414","chrX","39026987","39027248","71","38474829"
"KQ055225v1","593242","593400","chr14","3383514","3383668","36","2790272"
"KQ055225v1","593477","593488","chr3","45919372","45919382","3","45325895"
"KQ055225v1","601684","601818","chr11","65976044","65976166","35","65374360"
"KQ055225v1","863675","863765","chr3","9353376","9353462","16","8489701"
"KQ055225v1","879555","879640","chr20","17889421","17889500","14","17009866"
"KQ055225v1","1053487","1053530","chr6","148291297","148291342","11","147237810"
"KQ055225v1","1053552","1053766","chr1","28249209","28249436","66","27195657"
"KQ055225v1","1347629","1347771","chr14","115035774","115035918","28","113688145"
"KQ055225v1","1349310","1349478","chr14","62571566","62571727","48","61222256"
"KQ055225v1","1353466","1353547","chr8","47954404","47954481","20","46600938"
"KQ055225v1","1353884","1354069","chrX","7455669","7455856","39","6101785"
"KQ055225v1","1372486","1372651","chr14","18781128","18781284","39","17408642"
"KQ055225v1","1628664","1628755","chr10","73436193","73436289","19","71807529"
"KQ055225v1","1628818","1628924","chr1","139597109","139597223","28","137968291"
"KQ055236v1","350390","350466","chr5","154240547","154240611","26","153890157"
"KQ055236v1","448374","448533","chr9","55615723","55615874","34","55167349"
"KQ055236v1","550620","550830","chr7","155505038","155505252","52","154954418"
"KQ055236v1","959895","959994","chr3","123692686","123692782","22","122732791"
"KQ055236v1","1649530","1649633","chr20","13351489","13351592","19","11701959"
"KQ055236v1","2026780","2026945","chr14","17262376","17262544","31","15235596"
"KQ055247v1","772578","772734","chrX","38470038","38470194","36","37697460"
"KQ055247v1","1394166","1394472","chr15","70204095","70204396","64","68809929"
"KQ055247v1","1622161","1622432","chr4","12809549","12809795","76","11187388"
"KQ055247v1","1748121","1748280","chr19","5196761","5196922","43","3448640"
"KQ055247v1","1858214","1858312","chr20","21304585","21304678","32","19446371"
"KQ055247v1","2148522","2148775","chr20","47735820","47736032","79","45587298"
"KQ055247v1","2158450","2158636","chr8","65399635","65399822","50","63241185"
"KQ055247v1","2286068","2286207","chr10","64172899","64173044","49","61886831"
"KQ055247v1","2332495","2332752","chr7","106707957","106708225","62","104375462"
"KQ055247v1","3404939","3405121","chr4","146081163","146081333","49","142676224"
"KQ055247v1","3462483","3462648","chr12","94499620","94499785","26","91037137"
"KQ055247v1","4044488","4044770","chr10","63311750","63312025","60","59267262"
"KQ055247v1","4115051","4115237","chr14","62644580","62644753","47","58529529"
"KQ055247v1","5060314","5060491","chr9","60586797","60586964","33","55526483"
"KQ055247v1","5224834","5224967","chr11","120530792","120530923","30","115305958"
"KQ055247v1","6706777","6706914","chr5","4108716","4108854","31","2598061"
"KQ055248v1","45926","46054","chr7","5302274","5302409","30","5256348"
"KQ055248v1","913717","913786","chr11","10965164","10965235","13","10051447"
"KQ055248v1","1222205","1222467","chr1","4156865","4157121","63","2934660"
"KQ055248v1","2723820","2724000","chrX","106767191","106767372","38","104043371"
"KQ055258v1","258440","258513","chr4","150935049","150935121","15","150676609"
"KQ055258v1","562775","562890","chr18","15661562","15661664","31","15098787"
"KQ055258v1","1213397","1213625","chr4","81020050","81020288","65","79806653"
"KQ055258v1","1466520","1466697","chr1","28468412","28468583","40","27001892"
"KQ055258v1","2121952","2122267","chr10","28165723","28166026","68","26043771"
"KQ055258v1","3083342","3083505","chr20","11717166","11717323","35","8633824"
"KQ055258v1","3083650","3083774","chr14","53330918","53331043","22","50247268"
"KQ055260v1","2256","2323","chr1","203526304","203526368","12","203524048"
"KQ055261v1","2610","2768","chr1","46969016","46969164","27","46966406"
"KQ055267v1","202804","203006","chr12","84146985","84147177","47","83944181"
"KQ055267v1","203376","203470","chr15","38079462","38079553","21","37876086"
"KQ055267v1","913884","914039","chr5","170700200","170700344","47","169786316"
"KQ055267v1","1754911","1755030","chr15","96951151","96951266","33","95196240"
"KQ055267v1","1838715","1838828","chr6","163065977","163066077","39","161227262"
"KQ055267v1","2647628","2647925","chr1","12935740","12936040","61","10288112"
"KQ055277v1","1218404","1218545","chr8","51519234","51519370","34","50300830"
"KQ055288v1","337706","338020","chr16","39316183","39316473","103","38978477"
"KQ055288v1","492533","492652","chr3","87298191","87298310","34","86805658"
"KQ055298v1","2083443","2083744","chr16","47482754","47483047","83","45399311"
"KQ055298v1","2178222","2178444","chr6","61679011","61679231","42","59500789"
"KQ055298v1","2856777","2856902","chr1","141542658","141542782","23","138685881"
"KQ055298v1","2857238","2857415","chr20","8530896","8531065","42","5673658"
"KQ055309v1","292507","292623","chr9","89082497","89082614","25","88789990"
"KQ055309v1","1147708","1147832","chr3","45308149","45308274","29","44160441"
"KQ055309v1","1178757","1178826","chr11","110806734","110806803","22","109627977"
"KQ055309v1","1330391","1330562","chr3","78718150","78718316","30","77387759"
"KQ055309v1","1375852","1375903","chr10","27729114","27729165","10","26353262"
"KQ055309v1","1375905","1375984","chr9","34116356","34116443","23","32740451"
"KQ055309v1","1435699","1435892","chr16","18888259","18888474","55","17452560"
"KQ055314v1","4155","4411","chr20","57121127","57121372","79","57116972"
"KQ055314v1","4846","4966","chr2","160576044","160576152","29","160571198"
"KQ055320v1","1154620","1154794","chr1","134951463","134951628","44","133796843"
"KQ055320v1","1300702","1300789","chr5","129707674","129707759","22","128406972"
"KQ055320v1","2035119","2035411","chr12","31579221","31579515","67","29544102"
"KQ055331v1","702145","702307","chr18","70682976","70683142","27","69980831"
"KQ055331v1","705218","705371","chr18","8223215","8223382","53","7517997"
"KQ055340v1","3","175","chr19","2965409","2965576","44","2965406"
"KQ055342v1","290583","290665","chr20","17889421","17889500","19","17598838"
"KQ055342v1","865414","865565","chr19","41126687","41126843","34","40261273"
"KQ055342v1","991753","991881","chr4","69106695","69106819","49","68114942"
"KQ055342v1","991937","992063","chr3","176368925","176369052","25","175376988"
"KQ055342v1","1216267","1216488","chr1","24237237","24237458","65","23020970"
"KQ055342v1","1242229","1242456","chr15","35530501","35530742","73","34288272"
"KQ055342v1","1270984","1271091","chr1","35008328","35008429","36","33737344"
"KQ055352v1","128563","128708","chr11","123943926","123944074","31","123815363"
"KQ055352v1","2136289","2136416","chr19","39183462","39183587","25","37047173"
"KQ055352v1","2137559","2137716","chr15","36307783","36307938","40","34170224"
"KQ055352v1","2502799","2502944","chr1","129871697","129871827","38","127368898"
"KQ055352v1","4042780","4043031","chr1","220038710","220038947","68","215995930"
"KQ055352v1","4188604","4188812","chr13","64022072","64022284","44","59833468"
"KQ055352v1","4229267","4229422","chr11","99703164","99703307","30","95473897"
"KQ055352v1","4230410","4230564","chr2","41160515","41160670","37","36930105"
"KQ055352v1","4694898","4695089","chr6","91703022","91703191","42","87008124"
"KQ055352v1","4807978","4808132","chr10","18365138","18365278","51","13557160"
"KQ055352v1","4967826","4968083","chr1","213506137","213506386","59","208538311"
"KQ055352v1","5325992","5326087","chr16","50411147","50411230","28","45085155"
"KQ055352v1","6143130","6143260","chr5","103772096","103772223","41","97628966"
"KQ055352v1","6171226","6171373","chr11","111931690","111931822","31","105760464"
"KQ055352v1","6283781","6283914","chr11","121092295","121092441","32","114808514"
"KQ055352v1","6342664","6342777","chr1","93907340","93907448","45","87564676"
"KQ055352v1","6511779","6511953","chr15","1504864","1505044","53","5006915"
"KQ055352v1","7010309","7010389","chr11","131017912","131017987","21","124007603"
"KQ055352v1","7131078","7131247","chr1","8856801","8856959","45","1725723"
"KQ055352v1","7189858","7190016","chr19","33479682","33479842","27","26289824"
"KQ055352v1","7538146","7538297","chr9","19767173","19767318","29","12229027"
"KQ055352v1","7936346","7936514","chr1","28468412","28468583","37","20532066"
"KQ055352v1","8076386","8076565","chr7","19543158","19543338","51","11466772"
"KQ055352v1","9084115","9084303","chr1","206823091","206823266","48","197738976"
"KQ055352v1","9301904","9301976","chr4","17031387","17031455","17","7729483"
"KQ055352v1","9686349","9686531","chr14","64817356","64817535","44","55131007"
"KQ055352v1","9709351","9709491","chr11","99627665","99627799","26","89918314"
"KQ055352v1","12665655","12665810","chr6","148135774","148135932","26","135470119"
"KQ055352v1","14430074","14430215","chr10","28014822","28014963","29","13584748"
"KQ055353v1","804274","804338","chr9","66802193","66802256","19","65997919"
"KQ055353v1","1202681","1202761","chr7","63626727","63626811","16","62424046"
"KQ055353v1","1202768","1202807","chr8","124760551","124760592","9","123557783"
"KQ055353v1","1952432","1952578","chr7","154460028","154460161","42","152507596"
"KQ055364v1","258649","258720","chr3","165938836","165938901","25","165680187"
"KQ055364v1","465660","465735","chr11","121991680","121991756","17","121526020"
"KQ055364v1","1210146","1210311","chrX","14387257","14387417","28","13177111"
"KQ055364v1","1210312","1210374","chr7","158668040","158668102","15","157457728"
"KQ055364v1","1381868","1381909","chr6","172279857","172279902","10","170897989"
"KQ055364v1","1444049","1444216","chr3","35213073","35213241","36","33769024"
"KQ055364v1","1449295","1449462","chr3","35213073","35213241","37","33763778"
"KQ055364v1","1454528","1454690","chr3","174269011","174269175","34","172814483"
"KQ055364v1","1512063","1512164","chr7","19848846","19848945","32","18336783"
"KQ055364v1","1882977","1883203","chr3","130001871","130002091","66","128118894"
"KQ055364v1","1950219","1950288","chr13","46870270","46870337","16","44920051"
"KQ055364v1","2046355","2046526","chr3","125233005","125233176","41","123186650"
"KQ055375v1","959686","959741","chr10","6785229","6785278","12","5825543"
"KQ055375v1","960334","960566","chr2","28426599","28426823","48","27466265"
"KQ055375v1","1091371","1091476","chr20","3918667","3918773","23","2827296"
"KQ055375v1","2267318","2267556","chr1","30539725","30539965","53","28272407"
"KQ055375v1","2899552","2899718","chr19","2116270","2116438","30","783282"
"KQ055375v1","3305289","3305567","chrX","7025914","7026190","73","3720625"
"KQ055375v1","3944626","3944793","chr3","171688320","171688476","40","167743694"
"KQ055375v1","4567116","4567303","chr12","14579064","14579244","43","10011948"
"KQ055384v1","202671","202722","chr20","14113727","14113772","13","13911056"
"KQ055384v1","285258","285398","chr13","63787243","63787367","44","63501985"
"KQ055384v1","288589","288672","chr5","79930418","79930496","14","79641829"
"KQ055384v1","336194","336410","chr3","173325146","173325338","59","172988952"
"KQ055384v1","389777","389806","chr1","141104407","141104435","6","140714630"
"KQ055384v1","389808","390018","chr18","1101286","1101494","43","711478"
"KQ055384v1","429783","429899","chr18","3820684","3820793","28","3390901"
"KQ055384v1","434576","434691","chr18","3820684","3820793","26","3386108"
"KQ055384v1","537992","538277","chr3","127939790","127940066","92","127401798"
"KQ055384v1","553146","553301","chr10","50951916","50952068","42","50398770"
"KQ055384v1","861818","861918","chr13","60541626","60541720","34","59679808"
"KQ055384v1","913859","913947","chr9","13509590","13509671","23","12595731"
"KQ055384v1","1303380","1303523","chr1","15229660","15229799","27","13926280"
"KQ055384v1","1346943","1347103","chr7","115913434","115913593","31","114566491"
"KQ055384v1","1479547","1479591","chr18","22885740","22885784","10","21406193"
"KQ055391v1","2391","2578","chr1","117073885","117074067","45","117071494"
"KQ055394v1","2480622","2480694","chr1","202762251","202762322","14","200281629"
"KQ055394v1","2807072","2807230","chr7","110262172","110262341","35","107455100"
"KQ055394v1","2982307","2982431","chr7","144623717","144623838","22","141641410"
"KQ055394v1","2983063","2983238","chr11","99854491","99854687","47","96871428"
"KQ055394v1","3180021","3180298","chr3","151478650","151478916","77","148298629"
"KQ055394v1","3192256","3192352","chr10","631506","631600","14","2560750"
"KQ055394v1","3192817","3192959","chr6","96803739","96803880","28","93610922"
"KQ055394v1","3328321","3328431","chr10","83305913","83306045","37","79977592"
"KQ055394v1","3976564","3976727","chrX","60062236","60062387","34","56085672"
"KQ055394v1","4399383","4399556","chr10","5084696","5084865","45","685313"
"KQ055394v1","4676030","4676175","chr8","81797451","81797600","41","77121421"
"KQ055394v1","4756409","4756564","chr3","171688320","171688476","29","166931911"
"KQ055404v1","2327387","2327686","chr9","111576750","111577061","68","109249363"
"KQ055404v1","3633573","3633771","chr10","28176078","28176254","46","24542505"
"KQ055404v1","3704719","3704858","chr1","91481939","91482075","25","87777220"
"KQ055404v1","3881015","3881122","chr3","154543697","154543812","24","150662682"
"KQ055404v1","3882888","3883014","chr9","89082497","89082614","31","85199609"
"KQ055404v1","3890831","3890900","chr14","114488152","114488220","17","110597321"
"KQ055404v1","4244698","4244888","chr19","44394983","44395172","46","40150285"
"KQ055414v1","729330","729370","chr17","23042823","23042865","10","22313493"
"KQ055414v1","773462","773601","chr13","31188760","31188898","42","30415298"
"KQ055425v1","278412","278514","chr19","25480204","25480305","31","25201792"
"KQ055425v1","854113","854265","chrX","35614340","35614485","46","34760227"
"KQ055425v1","1129698","1129866","chr1","25434148","25434318","39","24304450"
"KQ055425v1","1174028","1174198","chr4","125480312","125480478","37","124306284"
"KQ055425v1","3551356","3551438","chr1","157829766","157829843","23","154278410"
"KQ055425v1","3551447","3551561","chr6","58122345","58122457","28","54570898"
"KQ055425v1","3686773","3686917","chr15","81663422","81663556","46","77976649"
"KQ055436v1","68935","69033","chr3","133159684","133159786","28","133090749"
"KQ055436v1","79439","79449","chr1","13821976","13821987","1","13742537"
"KQ055436v1","212075","212362","chr2","55696206","55696498","87","55484131"
"KQ055436v1","228174","228479","chr6","50666377","50666682","66","50438203"
"KQ055436v1","232804","233102","chr1","23153634","23153942","71","22920830"
"KQ055436v1","320036","320156","chr1","63713739","63713839","41","63393703"
"KQ055436v1","333093","333297","chr1","8752372","8752579","52","8419279"
"KQ055436v1","387910","388015","chr11","30930377","30930488","24","30542467"
"KQ055436v1","390894","391067","chr9","66036986","66037158","41","65646092"
"KQ055436v1","957496","957640","chr14","97891172","97891312","27","96933676"
"KQ055447v1","1033907","1033972","chr4","57063686","57063754","14","56029779"
"KQ055447v1","2254127","2254316","chr12","6886799","6886980","45","4632672"
"KQ055447v1","2594256","2594361","chr19","49217531","49217636","27","46623275"
"KQ055457v1","1331352","1331510","chr10","81997397","81997558","30","80666045"
"KQ055457v1","1399506","1399657","chrX","92479349","92479506","38","91079843"
"KQ055457v1","1595779","1595982","chr9","110606624","110606826","42","109010845"
"KQ055457v1","1596722","1596796","chr1","30090005","30090082","20","28493283"
"KQ055457v1","1775178","1775357","chr19","12442736","12442895","42","10667558"
"KQ055457v1","1968845","1969133","chr3","14174391","14174669","64","12205546"
"KQ055457v1","2028586","2028731","chr1","139075383","139075524","39","137046797"
"KQ055457v1","2368969","2369259","chr19","16307376","16307673","66","13938407"
"KQ055457v1","2723186","2723257","chr3","172280490","172280563","16","169557304"
"KQ055457v1","3274719","3274781","chr9","59543709","59543771","11","56268990"
"KQ055457v1","3274807","3274927","chr1","119895702","119895823","18","116620895"
"KQ055457v1","3805877","3806012","chr2","77264146","77264283","41","73458269"
"KQ055457v1","3965647","3965829","chr1","163964282","163964469","42","159998635"
"KQ055457v1","5459356","5459490","chr3","29345541","29345673","27","23886185"
"KQ055457v1","5601700","5601982","chr11","121352926","121353191","78","115751226"
"KQ055457v1","6548770","6548939","chr16","60734185","60734351","34","54185415"
"KQ055457v1","7102047","7102334","chr3","86243869","86244159","58","79141822"
"KQ055457v1","8101209","8101376","chr7","145808597","145808766","32","137707388"
"KQ055457v1","8706075","8706257","chr4","80563106","80563283","35","71857031"
"KQ055457v1","8766706","8766981","chr1","160128034","160128315","78","151361328"
"KQ055457v1","8836260","8836343","chr10","85581899","85581983","15","76745639"
"KQ055457v1","9354240","9354435","chr11","51329058","51329258","46","41974818"
"KQ055457v1","9464050","9464171","chr4","34137832","34137935","32","24673782"
"KQ055457v1","9841566","9841628","chr8","92567790","92567854","9","82726224"
"KQ055457v1","9841762","9841851","chr10","7940850","7940944","19","1900912"
"KQ055457v1","11970214","11970360","chr9","110055117","110055262","27","98084903"
"KQ055457v1","12164033","12164219","chr4","31094159","31094330","43","18930126"
"KQ055457v1","12182818","12182888","chr6","134194500","134194566","11","122011682"
"KQ055457v1","12768940","12769029","chr7","123379466","123379550","17","110610526"
"KQ055457v1","13964385","13964536","chr6","61604613","61604735","47","47640228"
"KQ055468v1","616966","617244","chr20","13761988","13762271","59","13145022"
"KQ055468v1","703250","703346","chr2","3880884","3880982","19","3177634"
"KQ055468v1","1243599","1243711","chr20","56996305","56996409","34","55752706"
"KQ055468v1","1245806","1245955","chr10","32247914","32248061","31","31002108"
"KQ055468v1","1547507","1547652","chr1","64033124","64033268","43","62485617"
"KQ055468v1","2369078","2369199","chr8","2948906","2949031","28","579828"
"KQ055468v1","2416297","2416477","chr3","44793561","44793746","41","42377264"
"KQ055477v1","3750","3932","chr7","149431087","149431239","53","149427337"
"KQ055479v1","937632","937693","chr3","40058589","40058650","10","39120957"
"KQ055479v1","1675230","1675377","chr9","22936661","22936820","43","21261431"
"KQ055479v1","2031675","2031768","chr5","68536678","68536777","20","66505003"
"KQ055479v1","2622345","2622442","chr16","60761972","60762069","23","58139627"
"KQ055488v1","1","122","chr18","12999568","12999690","18","12999567"
"KQ055490v1","260656","260863","chr1","181377614","181377812","47","181116958"
"KQ055490v1","2007374","2007426","chr10","71316510","71316563","8","69309136"
"KQ055490v1","2007433","2007553","chrX","99038782","99038902","27","97031349"
"KQ055490v1","4090930","4091015","chrX","50273487","50273576","20","46182557"
"KQ055490v1","4093021","4093276","chr6","116577562","116577828","64","112484541"
"KQ055490v1","4211141","4211262","chr20","27085117","27085229","35","22873976"
"KQ055496v1","4809","4928","chr1","127451925","127452046","38","127447116"
"KQ055498v1","19031","19178","chr10","32259263","32259408","37","32240232"
"KQ055498v1","1201254","1201433","chr3","80795189","80795371","46","79593935"
"KQ055506v1","101","229","chr8","28365067","28365193","43","28364966"
"KQ055506v1","1458","1806","chr15","43010864","43011162","113","43009406"
"KQ055508v1","2193695","2193881","chr10","31639040","31639218","53","29445345"
"KQ055518v1","1643661","1643851","chr12","87286234","87286420","42","85642573"
"KQ055518v1","2156634","2156725","chr15","96436271","96436362","17","94279637"
"KQ055518v1","2590011","2590203","chr19","44394983","44395172","51","41804972"
"KQ055518v1","2596139","2596308","chr10","31481443","31481612","39","28885304"
"KQ055518v1","2696427","2696584","chr9","62608943","62609098","32","59912516"
"KQ055518v1","2696597","2696644","chr6","148291297","148291342","11","145594700"
"KQ055518v1","2734483","2734650","chr14","3185257","3185403","49","450774"
"KQ055518v1","2939790","2939893","chr14","6992524","6992621","34","4052734"
"KQ055529v1","12805","12899","chr6","150545060","150545165","31","150532255"
"KQ055529v1","497780","497935","chr10","62604038","62604193","31","62106258"
"KQ055529v1","611660","611826","chr10","25301150","25301294","47","24689490"
"KQ055529v1","712492","712558","chr4","21192049","21192120","15","20479557"
"KQ055529v1","868220","868274","chr1","21550283","21550332","16","20682063"
"KQ055540v1","81176","81248","chr14","12478551","12478622","17","12397375"
"KQ055540v1","3295628","3295717","chr4","128487169","128487256","18","125191541"
"KQ055540v1","3295992","3296112","chr12","30350333","30350455","37","27054341"
"KQ055540v1","3296149","3296271","chr11","52955301","52955425","30","49659152"
"KQ055540v1","4143187","4143279","chr3","44020347","44020441","29","39877160"
"KQ055540v1","4143618","4143694","chr10","74396296","74396372","20","70252678"
"KQ055540v1","4173459","4173550","chr7","148279189","148279277","27","144105730"
"KQ055540v1","5023722","5023921","chrX","118190696","118190886","55","113166974"
"KQ055549v1","410578","410843","chr3","66680474","66680730","101","66269896"
"KQ055549v1","2173445","2173754","chr13","88599158","88599470","70","86425713"
"KQ055557v1","1406114","1406289","chr10","28176078","28176254","44","26769964"
"KQ055557v1","3336282","3336315","chr6","53197872","53197899","11","49861590"
"KQ055557v1","3532710","3532915","chr19","16045292","16045513","61","12512582"
"KQ055557v1","3581861","3582046","chr19","33349512","33349704","47","29767651"
"KQ055558v1","333026","333125","chr10","59494001","59494096","29","59160975"
"KQ055558v1","1427857","1428076","chr1","181101273","181101503","69","179673416"
"KQ055569v1","145054","145225","chr10","30277756","30277924","36","30132702"
"KQ055569v1","263035","263129","chr19","5477693","5477791","26","5214658"
"KQ055569v1","666119","666405","chr1","179495394","179495679","71","178829275"
"KQ055579v1","53502","53787","chr7","113677816","113678111","73","113624314"
"KQ055579v1","340090","340157","chr6","73328202","73328270","11","72988112"
"KQ055579v1","444168","444223","chr20","39302037","39302091","14","38857869"
"KQ055579v1","898180","898366","chr1","97675791","97675972","42","96777611"
"KQ055579v1","949055","949350","chr4","42143224","42143519","55","41194169"
"KQ055579v1","994977","995093","chr13","68745274","68745390","28","67750297"
"KQ055588v1","7329","7460","chr17","54504110","54504240","37","54496781"
"KQ055590v1","7029","7138","chr17","75575117","75575216","33","75568088"
"KQ055590v1","160276","160568","chr3","44307047","44307344","61","44146771"
"KQ055590v1","322436","322665","chr14","71715136","71715366","60","71392700"
"KQ055590v1","572692","572860","chr16","67700482","67700638","44","67127790"
"KQ055590v1","734210","734512","chr9","113740769","113741081","76","113006559"
"KQ055590v1","960193","960352","chr9","84993746","84993904","36","84033553"
"KQ055590v1","1734110","1734258","chr6","148135774","148135932","29","146401664"
"KQ055590v1","2172248","2172344","chr11","110032530","110032623","15","107860282"
"KQ055590v1","2376823","2376921","chr1","10544861","10544950","22","8168038"
"KQ055590v1","2377244","2377345","chr1","48090423","48090515","37","45713179"
"KQ055590v1","2614785","2614859","chrX","1459697","1459768","15","1155088"
"KQ055600v1","55364","55572","chr13","90602411","90602619","76","90547047"
"KQ055600v1","169569","169740","chr3","150850969","150851139","44","150681400"
"KQ055600v1","368721","368878","chr19","33479682","33479842","32","33110961"
"KQ055600v1","889704","889777","chr19","33977631","33977704","16","33087927"
"KQ055610v1","221499","221532","chr7","59288027","59288061","4","59066528"
"KQ055610v1","971919","972024","chrX","5958409","5958517","20","4986490"
"KQ055610v1","1251465","1251642","chrX","71132060","71132234","41","69880595"
"KQ055610v1","1669320","1669553","chr2","78855951","78856210","69","77186631"
"KQ055610v1","2831555","2831841","chr5","34950991","34951295","73","32119436"
"KQ055629v1","42289","42573","chr4","16118861","16119148","79","16076572"
"KQ055629v1","1520996","1521192","chr9","110583614","110583820","48","109062618"
"KQ055629v1","3712761","3712833","chr20","29323968","29324037","13","25611207"
"KQ055629v1","4288430","4288565","chr3","39540961","39541094","36","35252531"
"KQ055629v1","4439163","4439394","chr2","97126076","97126314","79","92686913"
"KQ055629v1","4440078","4440140","chr16","53594672","53594734","13","49154594"
"KQ055629v1","5109428","5109582","chr1","204403717","204403875","42","199294289"
"KQ055640v1","949239","949394","chr1","112152519","112152676","34","111203280"
"KQ055640v1","1421025","1421123","chr7","34731918","34732010","32","33310893"
"KQ055640v1","1640733","1640841","chr17","73167035","73167133","34","71526302"
"KQ055651v1","3411818","3411996","chr9","66240836","66241008","34","62829018"
"KQ055651v1","4699842","4699917","chr4","39127753","39127828","18","34427911"
"KQ055662v1","331639","331838","chr10","27568951","27569107","63","27237312"
"KQ055662v1","1121075","1121093","chr8","39424351","39424368","6","38303276"
"KQ055662v1","1123944","1124085","chr2","172227852","172227991","26","171103908"
"KQ055662v1","1437825","1437955","chr7","23009438","23009561","31","21571613"
"KQ055662v1","1438477","1438642","chr12","93466662","93466820","39","92028185"
"KQ055662v1","1442657","1442864","chr5","129385932","129386100","63","127943275"
"KQ055662v1","1530919","1531101","chr19","11708896","11709079","36","10177977"
"KQ055662v1","1717527","1717680","chr3","40118518","40118678","30","38400991"
"KQ055662v1","2035947","2036248","chr5","118334613","118334918","66","116298666"
"KQ055662v1","2222323","2222496","chr1","180816969","180817139","33","178594646"
"KQ055662v1","2222879","2223001","chr3","173613198","173613322","28","171390319"
"KQ055662v1","2281336","2281612","chr10","38038057","38038338","60","35756721"
"KQ055662v1","2389587","2389736","chr2","67925671","67925816","31","65536084"
"KQ055662v1","5113016","5113178","chr3","45853439","45853605","35","40740423"
"KQ055662v1","5537721","5537991","chr14","12468335","12468609","58","6930614"
"KQ055662v1","5872264","5872325","chr13","42250192","42250250","13","36377928"
"KQ055662v1","5873798","5873884","chr10","29701381","29701465","23","23827583"
"KQ055662v1","5932108","5932383","chr1","137184625","137184902","71","131252517"
"KQ055662v1","6325675","6325825","chr16","16228419","16228575","41","9902744"
"KQ055662v1","6592025","6592094","chr9","29729329","29729400","14","23137304"
"KQ055662v1","6610463","6610537","chr5","159002076","159002138","28","152391613"
"KQ055662v1","6629222","6629345","chr3","176368925","176369052","33","169739703"
"KQ055662v1","6629684","6629720","chr11","97989142","97989169","10","91359458"
"KQ055662v1","6634137","6634364","chr3","44074065","44074297","64","37439928"
"KQ055662v1","6634468","6634530","chr2","115596700","115596762","11","108962232"
"KQ055662v1","6655686","6655842","chr4","147593489","147593650","35","140937803"
"KQ055662v1","7334031","7334297","chr4","112784516","112784799","78","105450485"
"KQ055662v1","7815332","7815462","chr5","46320987","46321125","33","38505655"
"KQ055663v1","917443","917506","chrX","70122389","70122448","19","69204946"
"KQ055674v1","437048","437115","chr1","203526304","203526368","12","203089256"
"KQ055674v1","544730","544898","chr1","45260987","45261150","34","44716257"
"KQ055674v1","636560","636755","chr7","39261265","39261454","48","38624705"
"KQ055674v1","637424","637505","chr3","172280490","172280563","16","171643066"
"KQ055674v1","686432","686585","chr6","31509603","31509754","54","30823171"
"KQ055674v1","819099","819232","chr19","27592800","27592928","35","26773701"
"KQ055684v1","1075159","1075345","chr2","161801601","161801772","59","160726442"
"KQ055695v1","256769","256900","chr19","9518072","9518203","29","9261303"
"KQ055695v1","407658","407850","chr7","132990411","132990572","56","132582753"
"KQ055706v1","2096365","2096709","chr4","107045325","107045624","103","104948960"
"KQ055706v1","2597653","2597732","chr12","69601772","69601849","20","67004119"
"KQ055713v1","1403","1481","chr19","46828456","46828531","23","46827053"
"KQ055717v1","151445","151609","chr1","185781085","185781244","33","185629640"
"KQ055717v1","226426","226520","chr9","42532907","42533005","19","42306481"
"KQ055717v1","426146","426311","chrX","27884976","27885136","32","27458830"
"KQ055717v1","611921","612057","chr14","10205992","10206125","23","9594071"
"KQ055717v1","660490","660554","chr1","33354963","33355023","18","32694473"
"KQ055717v1","863866","864106","chr5","151299291","151299537","80","150435425"
"KQ055717v1","1080495","1080722","chr8","81241327","81241547","58","80160832"
"KQ055717v1","1371767","1371854","chr1","190655363","190655447","20","189283596"
"KQ055717v1","1486046","1486118","chr7","91487723","91487790","17","90001677"
"KQ055717v1","1540659","1540862","chr1","11327207","11327391","55","9786548"
"KQ055717v1","1918149","1918237","chr6","139956525","139956610","17","138038376"
"KQ055717v1","1918276","1918476","JH680086","78840","79035","59","1839436"
"KQ055725v1","82586","82691","chr16","54550333","54550430","27","54467747"
"KQ055725v1","83040","83249","chr14","33242830","33243041","45","33159790"
"KQ055725v1","120932","121138","chr7","18356502","18356707","54","18235570"
"KQ055725v1","121726","121836","chrX","107437480","107437593","25","107315754"
"KQ055725v1","502026","502192","chr17","24243767","24243934","35","23741741"
"KQ055725v1","502591","502709","chr14","112130541","112130661","20","111627950"
"KQ055725v1","580613","580774","chr19","33479682","33479842","26","32899069"
"KQ055725v1","1037975","1038112","chrX","142493130","142493263","23","141455155"
"KQ055725v1","1038293","1038439","chr10","32247914","32248061","31","31209621"
"KQ055725v1","2156644","2156817","chr3","159965370","159965542","33","157808726"
"KQ055725v1","2469706","2469902","chr3","10250081","10250275","57","7780375"
"KQ055725v1","2849963","2850106","chr1","44541097","44541223","34","41691134"
"KQ055725v1","3228589","3228775","chr3","87647627","87647811","30","84419038"
"KQ055725v1","3229451","3229570","chr8","1753082","1753209","27","1476369"
"KQ055735v1","844292","844471","chr8","67378736","67378912","39","66534444"
"KQ055735v1","966354","966499","chr13","110973793","110973925","35","110007439"
"KQ055735v1","1093463","1093508","chr12","80492486","80492530","6","79399023"
"KQ055735v1","1099072","1099354","chr13","92792576","92792858","63","91693504"
"KQ055735v1","1700196","1700215","chr2","184458289","184458309","7","182758093"
"KQ055745v1","66386","66619","chr16","23729381","23729602","71","23662995"
"KQ055745v1","455861","456059","chr17","24119423","24119621","43","23663562"
"KQ055745v1","500001","500093","chr15","98493550","98493647","17","97993549"
"KQ055745v1","556156","556167","chr5","109335192","109335203","1","108779036"
"KQ055745v1","556198","556480","chr20","9939937","9940219","59","9383739"
"KQ055745v1","948417","948524","chr9","39399579","39399691","29","38451162"
"KQ055745v1","1257569","1257714","chr13","118913952","118914091","42","117656383"
"KQ055755v1","236859","236933","chr7","130508232","130508298","14","130271373"
"KQ055755v1","603121","603332","chr7","155505038","155505252","45","154901917"
"KQ055755v1","811763","811904","chr10","59697209","59697344","36","58885446"
"KQ055755v1","1151967","1152114","chr3","69048567","69048691","42","67896600"
"KQ055755v1","1473840","1473908","chr11","10965164","10965235","12","9491324"
"KQ055755v1","1791184","1791416","chr14","21975317","21975561","63","20184133"
"KQ055766v1","229220","229339","chr1","79644992","79645112","30","79415772"
"KQ055766v1","269151","269165","chr1","12914116","12914128","4","12644965"
"KQ055766v1","544949","545144","chr12","84723587","84723780","47","84178638"
"KQ055766v1","2374167","2374238","chrX","1459697","1459768","16","914470"
"KQ055766v1","2791623","2791781","chr13","37888752","37888912","30","35097129"
"KQ055766v1","3053580","3053771","chr10","79418959","79419152","64","76365379"
"KQ055766v1","3424530","3424632","chr19","25480204","25480305","19","22055674"
"KQ055766v1","3547074","3547217","chrX","61671031","61671155","43","58123957"
"KQ055766v1","4273040","4273245","chr13","63754209","63754408","59","59481169"
"KQ055766v1","4485660","4485805","chr6","131492945","131493086","27","127007285"
"KQ055766v1","4487569","4487674","chr1","215472697","215472799","32","210985128"
"KQ055766v1","4522410","4522568","chrX","125184344","125184505","35","120661934"
"KQ055766v1","4552307","4552459","chr12","34295811","34295952","50","29743504"
"KQ055766v1","4598786","4598932","chr9","123418869","123419012","38","118820083"
"KQ055766v1","4601607","4601738","chr10","72345245","72345373","33","67743638"
"KQ055767v1","2540910","2541195","chr4","69077877","69078163","77","66536967"
"KQ055767v1","3079538","3079602","chr6","51490952","51491018","9","48411414"
"KQ055767v1","3080230","3080451","chr14","36049423","36049655","52","32969193"
"KQ055777v1","736768","736844","chr3","17717595","17717670","17","16980827"
"KQ055777v1","988038","988317","chr3","139172254","139172544","73","138184216"
"KQ055777v1","1382134","1382411","chr12","92637112","92637395","68","91254978"
"KQ055777v1","2022286","2022342","chr20","39302037","39302091","15","37279751"
"KQ055777v1","2129672","2129955","chr2","172312432","172312733","93","170182760"
"KQ055777v1","2152574","2152640","chr3","135057925","135057984","20","132905351"
"KQ055787v1","2561","2718","chr8","40914201","40914362","34","40911640"
"KQ055787v1","2813","2929","chr11","27275028","27275139","25","27272215"
"KQ055787v1","111461","111525","chr5","163233609","163233669","19","163122148"
"KQ055787v1","111537","111780","chr7","50154686","50154933","54","50043149"
"KQ055787v1","124182","124196","chr1","41526213","41526224","3","41402031"
"KQ055787v1","124596","124850","chr14","107640563","107640819","52","107515967"
"KQ055787v1","462297","462352","chr4","112035965","112036014","16","111573668"
"KQ055787v1","1136914","1136931","chr5","22957217","22957232","3","21820303"
"KQ055787v1","1138998","1139159","chr11","12229571","12229722","41","11090573"
"KQ055787v1","1370632","1370760","chr2","102721735","102721840","45","101351103"
"KQ055792v1","318","485","chr2","149685908","149686075","35","149685590"
"KQ055796v1","4236","4463","chr2","170273228","170273458","80","170268992"
"KQ055796v1","5447","5515","chr7","17469084","17469152","11","17463637"
"KQ055798v1","323573","323741","chr6","147868533","147868696","37","147544960"
"KQ055798v1","540841","540998","chr6","42595918","42596055","64","42055077"
"KQ055798v1","550761","550816","chrX","939789","939841","13","389028"
"KQ055798v1","550820","550967","chr2","43531461","43531606","34","42980641"
"KQ055798v1","568211","568417","chr6","146172231","146172435","56","145604020"
"KQ055808v1","553028","553199","chrX","92618497","92618682","42","92065469"
"KQ055808v1","1254825","1255107","chr9","59761712","59761988","81","58506887"
"KQ055808v1","1453221","1453386","chr1","25816699","25816864","35","24363478"
"KQ055808v1","1675192","1675269","chr16","64623219","64623295","17","62948027"
"KQ055808v1","1903845","1903920","chr4","77649765","77649841","14","75745920"
"KQ055808v1","2866852","2866990","chr1","41557639","41557785","31","38690787"
"KQ055808v1","3529399","3529591","chr3","472708","472892","50","3056691"
"KQ055830v1","553873","554045","chr1","25587120","25587304","42","25033247"
"KQ055830v1","921533","921657","chr20","38347440","38347558","34","37425907"
"KQ055830v1","1280502","1280661","chr3","178210714","178210870","29","176930212"
"KQ055852v1","1110720","1110864","chrX","16522438","16522587","45","15411718"
"KQ055852v1","2116810","2116982","chr3","35213073","35213241","28","33096263"
"KQ055852v1","2217665","2217734","chr7","130508232","130508298","11","128290567"
"KQ055852v1","2573920","2574066","chr18","18705077","18705235","49","16131157"
"KQ055858v1","4100","4548","chr15","6654822","6655197","192","6650722"
"KQ055862v1","1257223","1257528","chr1","72140560","72140858","67","70883337"
"KQ055862v1","1538948","1538984","chr1","13963983","13964013","9","12425035"
"KQ055862v1","1539078","1539204","chr5","72211322","72211444","30","70672244"
"KQ055862v1","1728846","1728970","chr7","23009438","23009561","31","21280592"
"KQ055862v1","1729372","1729440","chr16","16180994","16181050","23","14451622"
"KQ055862v1","1806583","1806753","chr18","9996383","9996548","38","8189800"
"KQ055862v1","1806915","1807054","chr3","160740297","160740432","30","158933382"
"KQ055872v1","369409","369473","chr1","6641003","6641065","13","6271594"
"KQ055872v1","946917","946993","chr12","4064296","4064370","15","3117379"
"KQ055872v1","1647191","1647353","chr19","14673246","14673394","40","13026055"
"KQ055872v1","1705720","1705930","chr3","33170949","33171165","52","31465229"
"KQ055872v1","1823499","1823620","chr1","194324432","194324553","26","192500933"
"KQ055872v1","2033269","2033417","chr12","89428387","89428541","34","87395118"
"KQ055872v1","2088423","2088568","chr14","15277936","15278089","31","13189513"
"KQ055872v1","2106271","2106412","chr7","39022561","39022696","27","36916290"
"KQ055872v1","2601467","2601621","chrX","141531520","141531674","27","138930053"
"KQ055872v1","2775964","2776076","chr9","26103194","26103306","17","23327230"
"KQ055872v1","2796293","2796438","chr2","100069015","100069158","33","97272722"
"KQ055872v1","2833288","2833355","chrX","37713785","37713855","12","34880497"
"KQ055872v1","2945122","2945303","chr5","177021419","177021598","48","174076297"
"KQ055872v1","3277050","3277323","chr2","144685437","144685719","63","141408387"
"KQ055872v1","3490361","3490508","chr1","217829770","217829919","48","214339409"
"KQ055872v1","3497559","3497715","chr4","45727931","45728083","37","42230372"
"KQ055872v1","3505874","3505913","chr16","15921929","15921967","7","12416055"
"KQ055872v1","3506345","3506563","chr19","7681207","7681420","48","4174862"
"KQ055872v1","3682676","3682743","chr19","38172273","38172344","18","34489597"
"KQ055872v1","3838389","3838460","chr6","134194500","134194566","13","130356111"
"KQ055872v1","4064659","4064816","chr16","58777253","58777414","49","54712594"
"KQ055872v1","4613302","4613468","chr14","3842414","3842571","35","770888"
"KQ055872v1","4686403","4686578","chr12","40083105","40083287","48","35396702"
"KQ055872v1","4827590","4827678","chr20","14638966","14639060","28","9811376"
"KQ055872v1","4842757","4842961","chr6","65237690","65237870","69","60394933"
"KQ055872v1","5151692","5151848","chr18","1355950","1356099","39","3795742"
"KQ055872v1","5904503","5904629","chr2","44969048","44969166","26","39064545"
"KQ055872v1","8632251","8632422","chr15","348992","349161","34","8283259"
"KQ055872v1","8632879","8632998","chrX","138575877","138575991","31","129942998"
"KQ055872v1","8682003","8682094","chr4","2663377","2663473","14","6018626"
"KQ055872v1","8682215","8682400","chr14","84880887","84881063","55","76198672"
"KQ055872v1","8711546","8711696","chr20","14834085","14834234","46","6122539"
"KQ055872v1","8771981","8772159","chr10","69547738","69547924","43","60775757"
"KQ055872v1","8825920","8826019","chr5","137666209","137666302","22","128840289"
"KQ055872v1","8826423","8826507","chr1","129798686","129798761","29","120972263"
"KQ055872v1","8826831","8826957","chr16","3728930","3729057","26","5097901"
"KQ055872v1","9022608","9022704","chr3","157489474","157489560","26","148466866"
"KQ055872v1","9331240","9331415","chr14","19214830","19215003","47","9883590"
"KQ055872v1","12862183","12862258","chr3","50146107","50146182","17","37283924"
"KQ055872v1","12901995","12902076","chr12","69601772","69601849","22","56699777"
"KQ055872v1","13103414","13103523","chr5","135158660","135158762","25","122055246"
"KQ055872v1","13112155","13112314","chr7","44589967","44590125","32","31477812"
"KQ055872v1","13154571","13154737","chr7","44589967","44590125","43","31435396"
"KQ055872v1","13169869","13170149","chr13","42699961","42700256","76","29530092"
"KQ055872v1","14264581","14264679","chr1","191116066","191116165","28","176851485"
"KQ055872v1","14270624","14270766","chr1","38100145","38100281","28","23829521"
"KQ055872v1","14336562","14336783","chr1","66202779","66203008","54","51866217"
"KQ055872v1","14337515","14337582","chr20","14309840","14309907","15","27675"
"KQ055872v1","14999676","14999783","chr2","47982357","47982467","16","32982681"
"KQ055872v1","15771532","15771758","chr11","83961202","83961427","65","68189670"
"KQ055872v1","17133025","17133182","chr3","166611812","166611966","40","149478787"
"KQ055872v1","17135629","17135752","chr7","65420366","65420492","35","48284737"
"KQ055873v1","384877","385044","chr1","67267341","67267514","43","66882464"
"KQ055873v1","385820","385948","chr16","40688274","40688396","27","40302454"
"KQ055873v1","388922","389212","chr2","77592884","77593158","68","77203962"
"KQ055873v1","1129256","1129393","chr4","24268056","24268196","29","23138800"
"KQ055873v1","1131641","1131809","chr12","20792966","20793142","37","19661325"
"KQ055883v1","379747","379774","chr5","50330710","50330733","5","49950963"
"KQ055883v1","380345","380465","chr1","162457286","162457410","31","162076941"
"KQ055883v1","565811","566041","chr2","33057930","33058156","51","32492119"
"KQ055883v1","566846","566905","chr2","153520780","153520840","14","152953934"
"KQ055883v1","813276","813398","chr9","43471821","43471943","22","42658545"
"KQ055883v1","813737","813846","chrX","107437480","107437593","27","106623743"
"KQ055883v1","886128","886219","chr1","28195903","28195995","20","27309775"
"KQ055883v1","1177412","1177586","chr1","202426861","202427019","57","201249449"
"KQ055893v1","715549","715719","chr2","149685908","149686075","34","148970359"
"KQ055893v1","1753679","1753801","chr1","26439539","26439671","32","24685860"
"KQ055893v1","1782051","1782228","chrX","36990863","36991041","44","35208812"
"KQ055893v1","2064549","2064622","chr15","96972860","96972931","11","94908311"
"KQ055893v1","2364802","2364930","chr3","105416667","105416806","25","103051865"
"KQ055893v1","2371284","2371436","chr1","215791541","215791705","36","213420257"
"KQ055893v1","2745147","2745285","chr1","118805415","118805544","36","116060268"
"KQ055903v1","107369","107516","chr20","36795194","36795340","32","36687825"
"KQ055903v1","199595","199661","chr3","71062551","71062621","16","70862956"
"KQ055903v1","496975","497226","chr14","62317638","62317904","74","61820663"
"KQ055903v1","503845","504028","chr6","74178112","74178280","63","73674267"
"KQ055903v1","530498","530697","chr4","81227903","81228113","51","80697405"
"KQ055903v1","530952","531057","chr1","30948981","30949088","21","30418029"
"KQ055912v1","10755","10911","chr3","87540253","87540414","35","87529498"
"KQ055914v1","215144","215221","chr14","44363486","44363564","20","44148342"
"KQ055914v1","463818","464005","chr16","36340026","36340211","40","35876208"
"KQ055914v1","603915","604042","chr6","106688712","106688831","46","106084797"
"KQ055924v1","1293329","1293522","chr1","28689260","28689443","56","27395931"
"KQ055935v1","794342","794439","chr1","117415009","117415107","31","116620667"
"KQ055935v1","959117","959264","chr14","1103999","1104152","35","144882"
"KQ055935v1","1073363","1073528","chr11","110402020","110402179","27","109328657"
"KQ055935v1","1149461","1149545","chr2","33626076","33626151","26","32476615"
"KQ055946v1","298629","298887","chrX","141024796","141025052","71","140726167"
"KQ055946v1","548977","549083","chr10","32503651","32503748","38","31954674"
"KQ055946v1","687125","687303","chr2","44221366","44221544","38","43534241"
"KQ055946v1","696247","696427","chr2","44221366","44221544","37","43525119"
"KQ055946v1","807987","808163","chr6","73954227","73954390","51","73146240"
"KQ055957v1","129847","130140","chr2","143734680","143734962","63","143604833"
"KQ055957v1","573744","573908","chr19","30817957","30818117","37","30244213"
"KQ055957v1","574060","574197","chr3","151064465","151064606","28","150490405"
"KQ055957v1","582179","582276","chr17","30371791","30371888","20","29789612"
"KQ055957v1","1204420","1204511","chr3","9353376","9353462","15","8148956"
"KQ055957v1","1627080","1627204","chr20","10136157","10136277","20","8509077"
"KQ055957v1","1627855","1628030","chr2","47505779","47505949","35","45877924"
"KQ055957v1","2042761","2042875","chr14","9939495","9939604","30","7896734"
"KQ055957v1","2146614","2146784","chrX","38836775","38836941","40","36690161"
"KQ055957v1","2149079","2149224","chr2","69717880","69718018","27","67568801"
"KQ055957v1","2493746","2493911","chr17","82447529","82447690","29","79953783"
"KQ055968v1","1395199","1395293","chr12","5174134","5174223","30","3778935"
"KQ055968v1","1646746","1646960","chrX","22255317","22255540","49","20608571"
"KQ055968v1","1706476","1706627","chr18","42345274","42345410","36","40638798"
"KQ055978v1","209942","210023","chr16","67683821","67683899","15","67473879"
"KQ055978v1","550589","550654","chr16","1214502","1214567","16","663913"
"KQ055978v1","1298997","1299294","chr7","47537096","47537389","69","46238099"
"KQ055978v1","3136685","3136976","chr9","94154415","94154706","58","91017730"
"KQ055978v1","3510023","3510233","chrX","92618497","92618682","59","89108474"
"KQ055978v1","3674592","3674766","chrX","1974259","1974432","38","1700333"
"KQ055978v1","3996612","3996718","chr6","139641728","139641835","24","135645116"
"KQ055978v1","4021497","4021665","chr15","102217712","102217880","42","98196215"
"KQ055978v1","4031462","4031528","chr6","112808916","112808981","14","108777454"
"KQ055978v1","4031718","4031952","chr9","15427057","15427290","49","11395339"
"KQ055978v1","4060025","4060098","chr1","202762251","202762322","16","198702226"
"KQ055978v1","4294300","4294409","chr11","110032530","110032623","25","105738230"
"KQ055978v1","4294484","4294673","chr10","70086489","70086685","48","65792005"
"KQ055978v1","4299732","4299885","chr3","37739670","37739832","32","33439938"
"KQ055978v1","4523298","4523440","chr10","32259263","32259408","32","27735965"
"KQ055978v1","4552893","4553020","chr5","103772096","103772223","31","99219203"
"KQ055978v1","5013324","5013586","chr12","93468174","93468441","57","88454850"
"KQ055978v1","5020415","5020497","chr17","7877709","7877789","19","2857294"
"KQ055978v1","5133635","5133742","chr15","84952780","84952887","23","79819145"
"KQ055978v1","5135587","5135763","chr14","15550898","15551073","37","10415311"
"KQ055978v1","5203120","5203406","chr2","78439183","78439464","65","73236063"
"KQ055978v1","5361325","5361416","chrX","107340760","107340852","23","101979435"
"KQ055978v1","5889271","5889326","chr9","59627907","59627964","25","53738636"
"KQ055978v1","5889773","5889935","chr9","17489159","17489316","43","11599386"
"KQ055978v1","6092681","6092979","chr3","79520508","79520811","70","73427827"
"KQ055978v1","6134528","6134705","chr4","33622155","33622349","56","27487627"
"KQ055978v1","6407220","6407356","chr3","162197994","162198125","37","155790774"
"KQ055978v1","6408948","6409120","chr1","33328492","33328675","43","26919544"
"KQ055978v1","6463944","6464098","chr9","102282987","102283142","29","95819043"
"KQ055978v1","6583622","6583706","chr13","107308554","107308638","22","100724932"
"KQ055979v1","575068","575232","chr10","14462717","14462877","36","13887649"
"KQ055984v1","15351","15549","chr5","50714490","50714690","42","50699139"
"KQ055984v1","15660","15726","chr11","120650849","120650914","14","120635189"
"KQ055987v1","52712","52787","chr14","105794239","105794316","18","105741527"
"KQ055987v1","52833","53024","chr9","57895250","57895445","58","57842417"
"KQ055987v1","193391","193564","chr5","173617858","173618025","41","173424467"
"KQ055987v1","200389","200538","chr2","172227852","172227991","44","172027463"
"KQ055987v1","241256","241455","chr1","86061439","86061630","67","85820183"
"KQ055987v1","248743","248931","chrX","16468601","16468787","40","16219858"
"KQ055987v1","266579","266887","chr1","42401263","42401580","78","42134684"
"KQ055987v1","512091","512219","chr16","58890205","58890337","34","58378114"
"KQ055987v1","586283","586333","chr19","29966327","29966370","15","29380044"
"KQ055987v1","586326","586375","chr1","124518607","124518649","16","123932281"
"KQ055987v1","586368","586418","chr1","124518607","124518649","16","123932239"
"KQ055987v1","586411","586461","chr19","29966327","29966370","15","29379916"
"KQ055987v1","586535","586624","chr4","42029297","42029387","19","41442762"
"KQ056000v1","4221","4300","chr1","4000729","4000797","24","3996508"
"KQ056000v1","4652","4723","chr10","16721566","16721632","20","16716914"
"KQ056005v1","24586","24745","chr9","84993746","84993904","48","84969160"
"KQ056005v1","65501","65653","chr14","45752925","45753079","38","45687424"
"KQ056005v1","135323","135475","chr3","174269011","174269175","27","174133688"
"KQ056005v1","266415","266524","chr19","38086318","38086416","36","37819903"
"KQ056005v1","301982","302149","chr11","45209465","45209623","47","44907483"
"KQ056005v1","379327","379433","chr3","34515363","34515472","31","34136036"
"KQ056005v1","838952","839109","chr11","121331915","121332070","40","120492963"
"KQ056005v1","927332","927486","chr20","36795194","36795340","31","35867862"
"KQ056014v1","279491","279673","chr16","36340026","36340211","47","36060535"
"KQ056014v1","298762","298933","chr2","187026390","187026555","51","186727628"
"KQ056014v1","304865","305149","chr9","88035151","88035447","75","87730286"
"KQ056014v1","363379","363611","chr14","21975317","21975561","73","21611938"
"KQ056014v1","428334","428435","chr9","56994209","56994315","34","56565875"
"KQ056014v1","521032","521182","chr6","108216106","108216253","40","107695074"
"KQ056014v1","591140","591296","chr19","16165975","16166134","31","15574835"
"KQ056014v1","791762","791932","chr6","135812709","135812868","38","135020947"
"KQ056014v1","923515","923541","chr20","4820967","4820990","6","3897452"
"KQ056014v1","923857","923987","chr2","85452723","85452848","30","84528866"
"KQ056014v1","966612","966769","chr2","67925671","67925816","35","66959059"
"KQ056014v1","1029312","1029370","chr1","100928185","100928237","16","99898873"
"KQ056024v1","1847732","1848019","chr4","112784516","112784799","97","110936784"
"KQ056035v1","956833","957136","chr14","21160986","21161269","69","20204153"
"KQ056035v1","1541390","1541540","chr3","41431924","41432076","28","39890534"
"KQ056035v1","1541542","1541623","chr3","153599769","153599854","23","152058227"
"KQ056035v1","1569721","1569815","chrX","50273487","50273576","19","48703766"
"KQ056035v1","1747012","1747173","chr1","185781085","185781244","30","184034073"
"KQ056035v1","1838877","1839155","chr4","24776998","24777273","72","22938121"
"KQ056035v1","1851639","1851897","chr7","64635875","64636128","75","62784236"
"KQ056035v1","1985849","1985992","JH681628","2255","2402","55","1983594"
"KQ056035v1","1986067","1986158","chr13","35775083","35775176","17","33789016"
"KQ056035v1","1986867","1987008","chr1","130122588","130122730","37","128135721"
"KQ056039v1","4174","4373","chr19","8405755","8405942","64","8401581"
"KQ056044v1","1300163","1300299","chr2","39453945","39454083","25","38153782"
"KQ056044v1","1300446","1300619","chr11","110402020","110402179","44","109101574"
"KQ056044v1","2388369","2388496","chr10","2130477","2130608","26","257892"
"KQ056049v1","3191","3280","chr2","21428375","21428470","20","21425184"
"KQ056051v1","22565","22881","chr12","65233450","65233737","111","65210885"
"KQ056056v1","150233","150430","chr3","34029333","34029518","46","33879100"
"KQ056056v1","321231","321353","chr11","53261419","53261542","38","52940188"
"KQ056056v1","856707","856812","chr14","3020859","3020954","29","2164152"
"KQ056064v1","100161","100417","chr1","178025421","178025679","71","177925260"
"KQ056064v1","410271","410366","chr3","180006185","180006278","18","179595914"
"KQ056064v1","725693","725863","chr3","174269011","174269175","34","173543318"
"KQ056064v1","755386","755412","chr6","73953878","73953903","6","73198492"
"KQ056064v1","761700","761723","chr8","133861549","133861569","5","133099849"
"KQ056064v1","762326","762470","chr8","52169372","52169506","49","51407046"
"KQ056064v1","3786469","3786622","chr16","40912743","40912895","31","37126274"
"KQ056064v1","5555801","5555980","chr4","33650828","33651021","46","28095027"
"KQ056065v1","158855","159019","chr7","132572602","132572758","35","132413747"
"KQ056065v1","159023","159291","chr14","46305492","46305721","92","46146469"
"KQ056074v1","14269","14437","chr15","34718030","34718193","31","34703761"
"KQ056074v1","1642423","1642577","chr3","75119322","75119465","43","73476899"
"KQ056074v1","1642679","1642690","chr5","109335192","109335203","0","107692513"
"KQ056084v1","227462","227650","chr10","23268405","23268562","64","23040943"
"KQ056084v1","323518","323867","chr10","90294447","90294751","140","89970929"
"KQ056093v1","146566","146795","chr10","74815495","74815721","64","74668929"
"KQ056093v1","1757526","1757648","chr1","129457705","129457814","43","127700179"
"KQ056108v1","1962893","1963014","chr1","13283847","13283953","37","11320954"
"KQ056118v1","142966","143249","chrX","91033830","91034122","71","90890864"
"KQ056118v1","1115980","1116121","chr14","97558381","97558527","36","96442401"
"KQ056118v1","1214604","1214739","chr2","172227852","172227991","23","171013248"
"KQ056118v1","1343521","1343752","chr5","158781209","158781448","65","157437688"
"KQ056118v1","3386372","3386544","chr9","15331740","15331906","30","11945368"
"KQ056118v1","4281706","4281881","chr11","38369515","38369683","39","34087809"
"KQ056134v1","3504915","3504997","chr1","52328523","52328606","14","48823608"
"KQ056147v1","148721","149043","chr10","46350259","46350564","89","46201538"
"KQ056147v1","150587","150893","chr1","3132671","3132967","83","2982084"
"KQ056147v1","233987","234222","chrX","45281051","45281316","80","45047064"
"KQ056147v1","715031","715139","chr1","140326936","140327052","32","139611905"
"KQ056147v1","860097","860324","chr13","24871337","24871571","72","24011240"
"KQ056147v1","860513","860610","chr7","37709361","37709456","23","36848848"
"KQ056147v1","872258","872354","chr6","61711079","61711179","25","60838821"
"KQ056147v1","981657","981739","chr16","48034424","48034495","20","47052767"
"KQ056147v1","1049647","1049831","chr7","19543158","19543338","38","18493511"
"KQ056147v1","1439486","1439608","chr19","16695172","16695291","32","15255686"
"KQ056147v1","1439602","1439809","chr16","52728651","52728857","64","51289049"
"KQ056147v1","1448817","1448997","chr7","17693612","17693794","54","16244795"
"KQ056147v1","1451560","1451683","chr4","151423873","151423990","32","149972313"
"KQ056147v1","1451677","1451882","chr16","42498049","42498253","61","41046372"
"KQ056147v1","1470837","1470976","chr1","141217075","141217208","49","139746238"
"KQ056147v1","1705317","1705448","chr20","24656412","24656537","36","22951095"
"KQ056147v1","1870844","1870983","chr14","115035774","115035918","26","113164930"
"KQ056147v1","1902879","1902989","chr1","26521538","26521641","31","24618659"
"KQ056147v1","1924768","1925033","chr16","65823689","65823961","71","63898921"
"KQ056147v1","1977862","1977922","chr2","103522206","103522265","14","101544344"
"KQ056147v1","2021741","2021923","chr3","40667295","40667464","40","38645554"
"KQ056147v1","2032790","2032976","chr13","36076183","36076375","65","34043393"
"KQ056147v1","2058051","2058193","chr20","54555113","54555263","54","52497062"
"KQ056147v1","2128779","2128944","chr4","153856970","153857121","49","151728191"
"KQ056147v1","2172185","2172319","chr11","99627665","99627799","35","97455480"
"KQ056147v1","2179435","2179524","chr9","3301496","3301580","19","1122061"
"KQ056147v1","2278403","2278591","chr1","11327207","11327391","43","9048804"
"KQ056147v1","2336314","2336475","chr10","27103446","27103605","45","24767132"
"KQ056147v1","2396773","2396918","chr7","81988063","81988217","32","79591290"
"KQ056147v1","2397999","2398122","chr15","35938108","35938227","25","33540109"
"KQ056147v1","2443568","2443704","chr13","71849473","71849604","24","69405905"
"KQ056147v1","2546011","2546091","chr1","23121260","23121342","24","20575249"
"KQ056147v1","2552130","2552262","chr14","97071152","97071290","51","94519022"
"KQ056147v1","2645910","2645972","chr3","134762917","134762980","16","132117007"
"KQ056147v1","2758243","2758398","chr1","46969016","46969164","36","44210773"
"KQ056147v1","3122837","3122928","chr3","48157715","48157805","19","45034878"
"KQ056147v1","3183634","3183723","chr15","96436271","96436362","16","93252637"
"KQ056147v1","3248478","3248687","chr1","93016186","93016399","37","89767708"
"KQ056147v1","3248689","3248729","chr14","6765227","6765269","4","3516538"
"KQ056147v1","3293246","3293391","chr19","900807","900948","21","2392439"
"KQ056147v1","3293495","3293665","chr1","66887413","66887590","34","63593918"
"KQ056147v1","3409263","3409354","chr9","111366128","111366223","21","107956865"
"KQ056147v1","3489677","3489733","chr9","94556178","94556231","16","91066501"
"KQ056147v1","3523469","3523599","chr1","85858415","85858535","33","82334946"
"KQ056147v1","3532293","3532377","chr8","1485959","1486037","20","2046334"
"KQ056147v1","3532470","3532670","chr3","153546575","153546774","48","150014105"
"KQ056147v1","3809608","3809696","chr3","150024126","150024208","25","146214518"
"KQ056147v1","3810051","3810264","chr19","42707634","42707853","40","38897583"
"KQ056147v1","3862386","3862553","chr13","37888752","37888912","30","34026366"
"KQ056147v1","4057980","4058174","chr1","25508465","25508664","37","21450485"
"KQ056147v1","4196155","4196212","JH682082","162455","162512","12","4033700"
"KQ056147v1","4202360","4202496","chr14","72844030","72844163","20","68641670"
"KQ056147v1","4336635","4336796","chrX","123241333","123241468","57","118904698"
"KQ056148v1","159359","159489","chr1","85053040","85053174","40","84893681"
"KQ056148v1","395111","395228","chr15","51691816","51691919","31","51296705"
"KQ056148v1","397227","397441","chr14","33242830","33243041","46","32845603"
"KQ056148v1","1919435","1919624","chr2","151597344","151597528","49","149677909"
"KQ056148v1","2278776","2278909","chr3","37005988","37006115","26","34727212"
"KQ056148v1","2472544","2472622","chr12","69601772","69601849","15","67129228"
"KQ056148v1","2491584","2491751","chr16","32623526","32623691","37","30131942"
"KQ056148v1","3149047","3149242","chr9","24282205","24282408","47","21133158"
"KQ056148v1","3154985","3155180","chr6","84196333","84196526","49","81041348"
"KQ056148v1","3512396","3512466","chr3","169673411","169673478","12","166161015"
"KQ056148v1","3582997","3583178","chr16","74366100","74366292","56","70783103"
"KQ056148v1","3813824","3814007","chr1","37920496","37920661","64","34106672"
"KQ056148v1","4010975","4011133","chr2","67925671","67925816","29","63914696"
"KQ056148v1","4252413","4252554","chr1","1980205","1980345","53","2272208"
"KQ056148v1","4567386","4567497","chr6","110274692","110274802","28","105707306"
"KQ056149v1","1452851","1453116","chr7","130768593","130768871","64","129315742"
"KQ056157v1","900272","900353","chr15","42050104","42050189","20","41149832"
"KQ056157v1","924287","924436","chr19","14673246","14673394","40","13748959"
"KQ056157v1","925009","925134","chrX","5578138","5578263","27","4653129"
"KQ056157v1","932285","932369","chr16","72645767","72645849","18","71713482"
"KQ056166v1","669457","669592","chr10","89940615","89940741","34","89271158"
"KQ056166v1","669695","669823","chr3","98073592","98073703","38","97403897"
"KQ056166v1","841784","842030","chr3","45246484","45246736","86","44404700"
"KQ056166v1","1170422","1170550","chr3","42843614","42843751","37","41673192"
"KQ056166v1","1339429","1339491","chr3","37755894","37755956","10","36416465"
"KQ056173v1","1080183","1080470","chr8","87191709","87191998","69","86111526"
"KQ056173v1","1900666","1900824","chrX","11394761","11394923","33","9494095"
"KQ056173v1","2223252","2223419","chr2","187026390","187026555","55","184803138"
"KQ056173v1","2308303","2308478","chr18","42345709","42345883","42","40037406"
"KQ056173v1","2335320","2335497","chr18","42345709","42345883","38","40010389"
"KQ056182v1","2070855","2070917","chr3","40058589","40058650","13","37987734"
"KQ056200v1","16568","16662","chr8","80793317","80793409","26","80776749"
"KQ056200v1","29559","29647","chr13","42133212","42133297","20","42103653"
"KQ056200v1","39374","39490","chr1","127804825","127804934","36","127765451"
"KQ056200v1","192789","192961","chr5","154364778","154364948","46","154171989"
"KQ056200v1","438227","438515","chr3","78677915","78678207","79","78239688"
"KQ056200v1","480243","480429","chr15","8754102","8754281","50","8273859"
"KQ056207v1","835724","835881","chrX","14387257","14387417","36","13551533"
"KQ056234v1","704118","704257","chr20","14834085","14834234","45","14129967"
"KQ056234v1","719173","719335","chrX","38836775","38836941","38","38117602"
"KQ056234v1","773585","773600","chr15","55845990","55846002","5","55072405"
"KQ056234v1","774166","774365","chr7","49508590","49508798","56","48734424"
"KQ056234v1","902885","902963","JH682906","39510","39586","21","863375"
"KQ056234v1","910405","910569","chr3","73946361","73946527","47","73035956"
"KQ056234v1","1190627","1190713","chr10","71354179","71354259","20","70163552"
"KQ056234v1","1196161","1196267","chr1","117616104","117616201","33","116419943"
"KQ056234v1","1234405","1234703","chr6","143406031","143406335","49","142171626"
"KQ056234v1","1291646","1291795","chr9","26143190","26143342","33","24851544"
"KQ056234v1","1291877","1291962","chr4","51815470","51815554","15","50523593"
"KQ056234v1","1302580","1302865","chr1","54229102","54229398","73","52926522"
"KQ056234v1","1609647","1609814","chr13","90029018","90029182","38","88419371"
"KQ056234v1","1764535","1764709","chr20","56685472","56685652","48","54920937"
"KQ056234v1","1765227","1765295","chr1","202541422","202541489","7","200776195"
"KQ056234v1","2197170","2197494","chrX","15635217","15635534","74","13438047"
"KQ056234v1","2357403","2357578","chr14","10541261","10541426","46","8183858"
"KQ056234v1","2485747","2486031","chr4","35128891","35129172","62","32643144"
"KQ056234v1","2733035","2733119","chr13","2939122","2939208","28","206087"
"KQ056234v1","2811117","2811283","chrX","108074329","108074494","28","105263212"
"KQ056234v1","3002952","3003113","chr3","179744676","179744832","75","176741724"
"KQ056234v1","4127403","4127570","chr19","12442736","12442895","35","8315333"
"KQ056234v1","4129544","4129711","chr1","23596488","23596653","38","19466944"
"KQ056235v1","207269","207373","chr3","117284399","117284511","34","117077130"
"KQ056235v1","211723","211827","chr3","117284399","117284511","34","117072676"
"KQ056235v1","880097","880381","chr17","76879924","76880220","78","75999827"
"KQ056235v1","1017794","1017935","chr14","97891172","97891312","33","96873378"
"KQ056235v1","1018378","1018470","chr1","206822965","206823056","30","205804587"
"KQ056235v1","1713157","1713174","chr7","123424192","123424208","2","121711035"
"KQ056235v1","1713200","1713347","chr19","42217504","42217645","32","40504304"
"KQ056235v1","1715251","1715490","chr5","72420996","72421216","67","70705745"
"KQ056235v1","1753059","1753334","chr1","9438367","9438645","76","7685308"
"KQ056235v1","1839541","1839678","chr12","103977586","103977718","28","102138045"
"KQ056235v1","1839720","1839735","chr14","67618884","67618898","3","65779164"
"KQ056235v1","1860153","1860311","chr3","43918917","43919071","33","42058764"
"KQ056235v1","1873736","1873930","chr5","79528281","79528471","48","77654545"
"KQ056235v1","1908542","1908691","chr19","12586600","12586748","46","10678058"
"KQ056235v1","1925658","1925673","chr14","67618884","67618898","3","65693226"
"KQ056235v1","1925709","1925846","chr12","103977586","103977718","29","102051877"
"KQ056245v1","2431593","2431671","chr16","25240524","25240599","17","22808931"
"KQ056253v1","100","267","chr14","3185257","3185403","49","3185157"
"KQ056254v1","880162","880238","chr10","14543738","14543811","14","13663576"
"KQ056262v1","71467","71563","chr11","85269828","85269916","21","85198361"
"KQ056268v1","1445782","1445920","chr1","48746228","48746346","35","47300446"
"KQ056268v1","1446000","1446130","chr3","44068058","44068185","38","42622058"
"KQ056279v1","635630","635909","chr8","98680429","98680708","82","98044799"
"KQ056279v1","642196","642496","chr6","134251498","134251796","57","133609302"
"KQ056279v1","648776","648901","chr2","115337993","115338117","34","114689217"
"KQ056279v1","757062","757264","chr11","12555940","12556141","53","11798878"
"KQ056279v1","1038594","1038726","chr5","157475965","157476097","36","156437371"
"KQ056279v1","1075185","1075460","chr3","89512500","89512785","81","88437315"
"KQ056286v1","927252","927354","chr10","31887697","31887792","23","30960445"
"KQ056286v1","1330551","1330695","chr10","76989486","76989631","34","75658935"
"KQ056293v1","1441559","1441833","chr5","34187513","34187774","69","32745954"
"KQ056310v1","34195","34257","chr1","6641003","6641065","11","6606808"
"KQ056310v1","44287","44472","chr20","3964706","3964901","43","3920419"
"KQ056310v1","1320757","1321056","chr11","120491168","120491481","70","119170411"
"KQ056310v1","2112976","2113148","chr10","28176078","28176254","45","26063102"
"KQ056310v1","3042067","3042203","chr17","72539105","72539229","39","69497038"
"KQ056310v1","4593108","4593251","chr3","38181839","38181979","22","33588731"
"KQ056310v1","4596331","4596489","chr16","25554198","25554338","43","20957867"
"KQ056310v1","4903767","4903908","chr2","172227852","172227991","27","167324085"
"KQ056320v1","240293","240450","chr4","111582451","111582602","39","111342158"
"KQ056320v1","351179","351327","chr4","153856970","153857121","58","153505791"
"KQ056320v1","380198","380367","chr10","81845148","81845313","50","81464950"
"KQ056320v1","445520","445842","chr1","44650894","44651190","109","44205374"
"KQ056320v1","518445","518578","chr19","47047176","47047309","24","46528731"
"KQ056320v1","522113","522319","chr13","24926876","24927059","62","24404763"
"KQ056320v1","634414","634575","chrX","16522438","16522587","44","15888024"
"KQ056320v1","712248","712433","chr11","120821096","120821288","59","120108848"
"KQ056320v1","820069","820236","chr6","113014437","113014607","34","112194368"
"KQ056320v1","948302","948477","chr14","578567","578742","41","369735"
"KQ056320v1","1038891","1039019","chr1","127802671","127802794","34","126763780"
"KQ056320v1","1965389","1965657","chr7","47624243","47624516","59","45658854"
"KQ056321v1","293233","293524","chr16","32714688","32714980","68","32421455"
"KQ056321v1","756664","756849","chr13","102715671","102715855","32","101959007"
"KQ056321v1","772134","772294","chr4","31103892","31104045","51","30331758"
"KQ056321v1","784863","785023","chr4","31103892","31104045","51","30319029"
"KQ056321v1","851845","852039","chr9","110694159","110694351","46","109842314"
"KQ056326v1","334","482","chr10","17264565","17264716","41","17264231"
"KQ056331v1","921152","921181","chr1","28249146","28249175","9","27327994"
"KQ056339v1","830802","831024","chr1","21312997","21313221","63","20482195"
"KQ056345v1","277504","277765","chr13","111181831","111182089","68","110904327"
"KQ056345v1","817909","818130","chr2","44123912","44124129","67","43306003"
"KQ056345v1","874466","874665","chr10","13014839","13015026","62","12140373"
"KQ056345v1","882571","882653","chr18","5998049","5998128","19","5115478"
"KQ056345v1","1762959","1763042","chr4","125685233","125685314","19","123922274"
"KQ056345v1","1864294","1864438","chr11","118864512","118864657","27","117000218"
"KQ056345v1","1864452","1864505","chr12","92488974","92489026","12","90624522"
"KQ056345v1","2276307","2276584","chr14","12468335","12468609","70","10192028"
"KQ056361v1","489212","489356","chr2","90999551","90999685","45","90510339"
"KQ056361v1","3129093","3129284","chr3","72585900","72586085","54","69456807"
"KQ056368v1","412826","413118","chr3","44067077","44067369","56","43654251"
"KQ056368v1","1465583","1465790","chr8","125637325","125637526","57","124171742"
"KQ056368v1","2290573","2290655","chr10","72172135","72172210","19","69881562"
"KQ056368v1","2831586","2831757","chr6","150527557","150527737","42","147695971"
"KQ056375v1","557136","557270","chr18","18372344","18372485","47","17815208"
"KQ056375v1","992462","992678","chr16","45273398","45273615","69","44280936"
"KQ056375v1","1000030","1000151","chr12","43815963","43816074","40","42815933"
"KQ056375v1","1354938","1355135","chr13","54640464","54640655","47","53285526"
"KQ056375v1","1659493","1659554","chr7","7597258","7597316","11","5937765"
"KQ056375v1","1975953","1976018","chr2","14893150","14893215","13","12917197"
"KQ056375v1","2222014","2222323","chr7","113718634","113718942","68","111496620"
"KQ056375v1","2382623","2382752","chr16","72928191","72928312","31","70545568"
"KQ056386v1","1962377","1962546","chr3","78718150","78718316","40","76755773"
"KQ056393v1","40","108","chrX","39114961","39115027","15","39114921"
"KQ056393v1","2499","2615","chr6","170558842","170558953","20","170556343"
"KQ056394v1","46826","46979","chr19","6442740","6442894","26","6395914"
"KQ056394v1","323607","323727","chr17","54504110","54504240","30","54180503"
"KQ056394v1","1768128","1768292","chr1","13335847","13335992","44","11567719"
"KQ056404v1","36046","36135","chr7","90876558","90876638","22","90840512"
"KQ056404v1","217204","217264","chr17","87579315","87579371","15","87362111"
"KQ056404v1","770968","771044","chr15","58817","58894","19","712151"
"KQ056404v1","775005","775174","chr4","31094159","31094330","39","30319154"
"KQ056404v1","1069161","1069232","chr1","34800369","34800443","14","33731208"
"KQ056405v1","24058","24346","chr10","27732643","27732922","69","27708585"
"KQ056405v1","771095","771408","chr6","33100388","33100695","66","32329293"
"KQ056405v1","1611501","1611627","chr1","204353764","204353889","24","202742263"
"KQ056405v1","1616492","1616676","chr4","123622316","123622503","48","122005824"
"KQ056414v1","80075","80140","chr3","169673411","169673478","14","169593336"
"KQ056414v1","86698","86850","chr5","33461854","33462016","50","33375156"
"KQ056414v1","354746","354921","chr11","46245918","46246082","35","45891172"
"KQ056414v1","824468","824720","chr1","49428645","49428886","82","48604177"
"KQ056423v1","175874","176048","chr5","50152916","50153087","36","49977042"
"KQ056423v1","176541","176667","chr2","185419753","185419881","33","185243212"
"KQ056423v1","195532","195686","chr2","86886167","86886324","32","86690635"
"KQ056423v1","570799","571087","chr8","99112000","99112294","65","98541201"
"KQ056423v1","840525","840642","chr9","7497732","7497853","22","6657207"
"KQ056423v1","1041465","1041614","chr1","92884567","92884698","53","91843102"
"KQ056423v1","1345479","1345534","chr20","39302037","39302091","14","37956558"
"KQ056423v1","1506802","1507032","chr2","44125907","44126149","63","42619105"
"KQ056423v1","1788079","1788175","chr1","64356404","64356510","31","62568325"
"KQ056432v1","600516","600597","chr12","69601772","69601849","18","69001256"
"KQ056432v1","1485225","1485294","chr10","65224130","65224199","24","63738905"
"KQ056432v1","1669757","1669936","chr4","17247714","17247892","49","15577957"
"KQ056432v1","1799825","1799896","chr4","37770151","37770224","16","35970326"
"KQ056432v1","1875205","1875352","chr20","22121806","22121954","38","20246601"
"KQ056432v1","2523000","2523152","chr10","32259263","32259408","37","29736263"
"KQ056432v1","2561912","2562071","chr9","17522423","17522573","45","14960511"
"KQ056432v1","3297921","3298080","chr1","202426861","202427019","28","199128940"
"KQ056432v1","3371881","3372024","chr2","14134910","14135054","36","10763029"
"KQ056440v1","52557","52732","chrX","106767191","106767372","36","106714634"
"KQ056440v1","314084","314344","chr4","151996065","151996317","66","151681981"
"KQ056440v1","624675","624831","chrX","141531520","141531674","30","140906845"
"KQ056440v1","673993","674166","chr7","127252042","127252214","36","126578049"
"KQ056440v1","676090","676204","chr19","30963120","30963235","38","30287030"
"KQ056440v1","932080","932222","chr9","14371935","14372077","26","13439855"
"KQ056440v1","932648","932732","chr7","33765401","33765487","15","32832753"
"KQ056447v1","980800","980950","chr2","100069015","100069158","38","99088215"
"KQ056447v1","1339087","1339264","chr3","178475527","178475702","42","177136440"
"KQ056447v1","2228785","2228845","chr1","28104378","28104438","13","25875593"
"KQ056447v1","2408086","2408166","chr8","132999920","133000000","11","130591834"
"KQ056447v1","2436140","2436341","chr17","52218543","52218734","41","49782403"
"KQ056447v1","4350054","4350213","chr19","14673246","14673394","43","10323192"
"KQ056447v1","4554355","4554546","chr11","30814475","30814664","48","26260120"
"KQ056447v1","4555169","4555264","chr7","49417308","49417409","23","44862139"
"KQ056447v1","4841603","4841778","chr1","11980907","11981080","42","7139304"
"KQ056465v1","84107","84292","chr20","57157387","57157556","46","57073280"
"KQ056465v1","503221","503399","chr1","159012499","159012672","40","158509278"
"KQ056465v1","544084","544245","chr1","66763207","66763375","45","66219123"
"KQ056465v1","1194590","1194764","chr10","69380486","69380665","49","68185896"
"KQ056475v1","151175","151344","chr2","88109384","88109555","36","87958209"
"KQ056475v1","207423","207570","chr17","86309996","86310136","47","86102573"
"KQ056475v1","585734","585896","chr17","52288534","52288690","33","51702800"
"KQ056475v1","897914","898021","chr3","170988114","170988215","26","170090200"
"KQ056475v1","1193071","1193221","chr10","14839660","14839807","33","13646589"
"KQ056475v1","1193330","1193426","chr1","127883739","127883838","19","126690409"
"KQ056475v1","1274139","1274226","chr8","10739085","10739171","18","9464946"
"KQ056475v1","1378504","1378679","chr3","179821962","179822137","35","178443458"
"KQ056475v1","2202724","2202762","chr5","149920038","149920076","6","147717314"
"KQ056475v1","2202763","2202816","chr7","111674306","111674356","16","109471543"
"KQ056475v1","2203147","2203269","chr20","2384758","2384882","26","181611"
"KQ056475v1","2644255","2644557","chr2","86513286","86513586","66","83869031"
"KQ056475v1","2664951","2665166","chr3","103437927","103438127","43","100772976"
"KQ056475v1","2667553","2667641","chr7","43874876","43874967","16","41207323"
"KQ056475v1","3309937","3310006","chr11","10965164","10965235","14","7655227"
"KQ056475v1","3534919","3534933","chr6","172892752","172892764","4","169357833"
"KQ056475v1","3535227","3535268","chr8","114394644","114394683","8","110859417"
"KQ056475v1","3766149","3766222","chr16","48034424","48034495","16","44268275"
"KQ056475v1","3902426","3902512","chr20","9083124","9083211","16","5180698"
"KQ056475v1","5118525","5118700","chr3","34083106","34083268","50","28964581"
"KQ056475v1","5219447","5219576","chr4","103199591","103199725","23","97980144"
"KQ056475v1","5221139","5221298","chr3","42774674","42774835","26","37553535"
"KQ056475v1","5314254","5314404","chr2","82271675","82271805","37","76957421"
"KQ056488v1","3001","3034","chr6","64817448","64817480","7","64814447"
"KQ056493v1","99255","99305","chr15","24800921","24800973","10","24701666"
"KQ056493v1","276592","276729","chr3","146153164","146153310","37","145876572"
"KQ056493v1","799612","799756","chr19","13060538","13060678","32","12260926"
"KQ056493v1","2388633","2388698","chr4","17562635","17562703","18","15174002"
"KQ056493v1","2588268","2588341","chr9","21490694","21490771","17","18902426"
"KQ056493v1","3005112","3005332","chr6","67323112","67323338","72","64318000"
"KQ056493v1","3134631","3134712","chr1","190655363","190655447","18","187520732"
"KQ056493v1","3889693","3889801","chr9","56994209","56994315","37","53104516"
"KQ056493v1","4168725","4168987","chr3","150707818","150708068","70","146539093"
"KQ056493v1","5176326","5176484","chr3","77273639","77273797","36","72097313"
"KQ056493v1","5210493","5210583","chr4","14899520","14899606","27","9689027"
"KQ056493v1","6288067","6288157","chr11","47197431","47197509","25","40909364"
"KQ056494v1","1953951","1954107","chr2","48758257","48758393","59","46804306"
"KQ056494v1","1995474","1995754","chr2","81465485","81465751","64","79470011"
"KQ056494v1","3294007","3294062","chr13","60774497","60774555","10","57480490"
"KQ056494v1","3472843","3473055","chr4","66505792","66506005","67","63032949"
"KQ056494v1","3473372","3473509","chr7","38247857","38247981","40","34774485"
"KQ056512v1","13543","13641","chr15","55907244","55907342","28","55893701"
"KQ056512v1","100990","101212","chr15","27404184","27404415","83","27303194"
"KQ056512v1","190496","190805","chr3","84733866","84734172","60","84543370"
"KQ056512v1","232543","232686","chr2","172227852","172227991","29","171995309"
"KQ056512v1","385131","385290","chr10","50951916","50952068","39","50566785"
"KQ056521v1","334199","334315","chr4","118560558","118560676","21","118226359"
"KQ056521v1","334525","334678","chr3","80537600","80537755","35","80203075"
"KQ056521v1","793750","793884","chr11","94382624","94382759","36","93588874"
"KQ056521v1","794377","794509","chr13","73313842","73313975","25","72519465"
"KQ056521v1","962443","962585","chr20","53392693","53392842","36","52430250"
"KQ056521v1","1329443","1329543","chr3","159774272","159774370","18","158444829"
"KQ056530v1","12510","12645","chr10","59994419","59994557","30","59981909"
"KQ056530v1","803365","803542","chr19","37162232","37162399","33","36358867"
"KQ056534v1","147","285","chr10","62013083","62013201","48","62012936"
"KQ056540v1","609233","609350","chr7","27522130","27522249","26","26912897"
"KQ056540v1","878112","878210","chr15","55907244","55907342","27","55029132"
"KQ056550v1","66582","66675","chr6","78398645","78398731","22","78332063"
"KQ056550v1","70000","70317","chr10","85181699","85182000","92","85111699"
"KQ056550v1","113585","113831","chr18","4056226","4056459","73","3942641"
"KQ056550v1","265873","266175","chr15","7749125","7749420","88","7483252"
"KQ056558v1","323608","323668","chr3","40585334","40585399","18","40261726"
"KQ056558v1","749780","749844","chr19","3963263","3963320","20","3213483"
"KQ056558v1","1151590","1151769","chr1","69615336","69615507","55","68463746"
"KQ056558v1","1228098","1228278","chr16","71356778","71356956","39","70128680"
"KQ056558v1","1375164","1375302","chr8","28171863","28172008","53","26796699"
"KQ056568v1","248594","248774","chr19","2227010","2227198","38","1978416"
"KQ056568v1","251065","251236","chr3","45327162","45327342","45","45076097"
"KQ056568v1","333759","333893","chr9","96340398","96340525","31","96006639"
"KQ056568v1","415994","416192","chr11","22040320","22040521","44","21624326"
"KQ056568v1","793161","793317","chr6","148135774","148135932","40","147342613"
"KQ056568v1","793322","793386","chr1","15409364","15409425","13","14616042"
"KQ056568v1","1074980","1075175","chr8","99606832","99607023","53","98531852"
"KQ056568v1","1138074","1138291","chr3","128458391","128458597","63","127320317"
"KQ056568v1","1204335","1204520","chr2","44221366","44221544","43","43017031"
"KQ056568v1","1395676","1395721","chr14","17270498","17270540","15","15874822"
"KQ056568v1","1402106","1402287","chr1","25816699","25816864","52","24414593"
"KQ056568v1","1622530","1622573","chr4","103779745","103779791","11","102157215"
"KQ056568v1","1622861","1622904","chr4","103779745","103779791","11","102156884"
"KQ056568v1","1631460","1631613","chr1","63843903","63844038","55","62212443"
"KQ056568v1","1719273","1719383","chr1","12887433","12887526","37","11168160"
"KQ056579v1","2803","2974","chr20","27091802","27091965","50","27088999"
"KQ056587v1","300108","300283","chr7","43167456","43167625","37","42867348"
"KQ056587v1","333652","333927","chrX","20998775","20999048","71","20665123"
"KQ056587v1","342157","342323","chr7","54412705","54412868","37","54070548"
"KQ056587v1","449213","449300","chr3","109986164","109986245","18","109536951"
"KQ056587v1","499767","499918","chr4","84300276","84300437","40","83800509"
"KQ056587v1","703700","703882","chr16","69600142","69600306","53","68896442"
"KQ056587v1","713759","713925","chr10","14462717","14462877","33","13748958"
"KQ056587v1","1271697","1271785","chr14","541366","541448","26","730331"
"KQ056587v1","5073817","5074007","chr2","88031797","88031980","50","82957980"
"KQ056587v1","5074110","5074223","chr13","41518075","41518182","30","36443965"
"KQ056587v1","6371989","6372167","chrX","49866679","49866848","48","43494690"
"KQ056587v1","6372441","6372535","chr11","45003355","45003448","19","38630914"
"KQ056587v1","8954467","8954645","chr8","67378736","67378912","42","58424269"
"KQ056587v1","10980663","10980736","chr12","69601772","69601849","11","58621109"
"KQ056587v1","10999050","10999144","chr10","631506","631600","14","10367544"
"KQ056587v1","10999297","10999465","chrX","1974259","1974432","34","9025038"
"KQ056587v1","16647111","16647175","chr3","40058589","40058650","14","23411478"
"KQ056587v1","16839990","16840169","chr3","114330066","114330251","44","97490076"
"KQ056587v1","16891525","16891664","chr7","8631901","8632057","41","8259624"
"KQ056587v1","17089172","17089262","chr1","17984282","17984371","32","895110"
"KQ056587v1","17630550","17630678","chr7","23009438","23009561","43","5378888"
"KQ056587v1","17693566","17693753","chrX","92618497","92618682","40","74924931"
"KQ056587v1","17754526","17754630","chr7","63893759","63893865","32","46139233"
"KQ056587v1","17999604","17999785","chr3","43094798","43094972","52","25095194"
"KQ056587v1","18126960","18127114","chr12","61519193","61519346","29","43392233"
"KQ056597v1","25921","26191","chr1","64488499","64488769","60","64462578"
"KQ056597v1","1361741","1361825","chr16","1206077","1206154","24","155664"
"KQ056613v1","41205","41417","chr1","183639780","183639973","65","183598575"
"KQ056613v1","179817","180095","chr5","34860263","34860535","70","34680446"
"KQ056613v1","217792","217946","chr2","1109001","1109153","49","891209"
"KQ056613v1","1556974","1557183","chr19","7681207","7681420","47","6124233"
"KQ056613v1","1571166","1571254","chr15","11638067","11638158","19","10066901"
"KQ056620v1","409391","409537","chr11","121331915","121332070","38","120922524"
"KQ056627v1","73896","74127","chr4","30187975","30188221","64","30114079"
"KQ056627v1","524882","525041","chrX","124230750","124230911","42","123705868"
"KQ056635v1","195400","195484","chr9","33121832","33121921","20","32926432"
"KQ056635v1","274432","274482","chr4","150770223","150770275","9","150495791"
"KQ056635v1","274483","274602","chr7","30249077","30249200","46","29974594"
"KQ056635v1","298483","298634","chr1","212603272","212603425","38","212304789"
"KQ056635v1","372258","372415","chr1","1484808","1484955","52","1112550"
"KQ056635v1","422159","422409","chr1","136964420","136964679","92","136542261"
"KQ056635v1","509349","509453","chrX","14473401","14473500","23","13964052"
"KQ056635v1","671333","671490","chr1","23706660","23706833","43","23035327"
"KQ056635v1","683319","683453","chr20","32716912","32717041","36","32033593"
"KQ056635v1","751299","751458","chr15","40120059","40120215","43","39368760"
"KQ056643v1","149700","149777","chr5","163719797","163719873","13","163570097"
"KQ056643v1","248523","248691","chrX","101987349","101987523","29","101738826"
"KQ056643v1","434460","434571","chr10","81582235","81582334","36","81147775"
"KQ056643v1","465300","465430","chr2","110564575","110564692","37","110099275"
"KQ056643v1","482433","482671","chr3","30611442","30611666","79","30129009"
"KQ056643v1","757518","757684","chr10","83046737","83046899","39","82289219"
"KQ056643v1","766988","767222","chr10","40485533","40485770","79","39718545"
"KQ056643v1","775727","775892","chr19","16373390","16373559","39","15597663"
"KQ056643v1","1006619","1006682","chr7","72859659","72859719","16","71853040"
"KQ056643v1","1265010","1265155","chr1","11054500","11054633","48","9789490"
"KQ056652v1","605765","606004","chr18","42984739","42984984","58","42378974"
"KQ056652v1","1168798","1168982","chr19","2227010","2227198","35","1058212"
"KQ056652v1","1709037","1709212","chr12","43015004","43015178","36","41305967"
"KQ056663v1","438816","438898","chrX","37962081","37962167","22","37523265"
"KQ056663v1","439157","439363","chr1","37334133","37334321","48","36894976"
"KQ056663v1","777331","777463","chr4","88393586","88393713","33","87616255"
"KQ056663v1","778045","778138","chr2","167957198","167957287","23","167179153"
"KQ056663v1","998456","998625","chr9","54920627","54920788","55","53922171"
"KQ056672v1","326917","327067","chr19","40676036","40676184","36","40349119"
"KQ056672v1","864935","865079","chr16","25283322","25283460","32","24418387"
"KQ056672v1","1466855","1467022","chr13","37888752","37888912","33","36421897"
"KQ056672v1","1961959","1962036","chr11","93682641","93682708","18","91720682"
"KQ056672v1","2238050","2238248","chr10","37889717","37889905","52","35651667"
"KQ056672v1","3943537","3943726","chr1","139502237","139502420","59","135558700"
"KQ056672v1","4320507","4320583","chr7","47062923","47062993","14","42742416"
"KQ056672v1","4326307","4326589","chr14","55994528","55994819","77","51668221"
"KQ056672v1","4340780","4340846","chr4","118798435","118798503","14","114457655"
"KQ056672v1","4340962","4341151","chr6","133306359","133306553","46","128965397"
"KQ056672v1","4343256","4343531","chr7","65299583","65299861","78","60956327"
"KQ056672v1","5074346","5074388","chr16","67696765","67696807","9","62622419"
"KQ056672v1","5074390","5074462","chr14","58785506","58785573","14","53711116"
"KQ056672v1","5459626","5459687","chr1","18267593","18267648","20","12807967"
"KQ056672v1","5566488","5566785","chr11","93309550","93309829","79","87743062"
"KQ056672v1","5624678","5624871","chr2","97579489","97579682","40","91954811"
"KQ056672v1","6480254","6480432","chr2","149685908","149686075","37","143205654"
"KQ056672v1","6907224","6907382","chr2","152306472","152306631","45","145399248"
"KQ056672v1","7297257","7297483","chr1","139311539","139311761","57","132014282"
"KQ056673v1","514117","514153","chr6","144681678","144681717","12","144167561"
"KQ056673v1","615392","615571","chr20","51080323","51080502","37","50464931"
"KQ056673v1","615764","615864","chr20","3910828","3910923","24","3295064"
"KQ056673v1","884259","884426","chr5","4584887","4585053","32","3700628"
"KQ056673v1","886360","886652","chr18","3644200","3644488","65","2757840"
"KQ056673v1","1328441","1328490","chr6","172279767","172279813","11","170951326"
"KQ056673v1","1470931","1471043","chr1","85858415","85858535","23","84387484"
"KQ056681v1","61185","61321","chr6","131471826","131471944","45","131410641"
"KQ056681v1","82615","82826","chr20","40827887","40828084","56","40745272"
"KQ056681v1","82904","83066","chr11","1572615","1572784","45","1489711"
"KQ056681v1","97704","97890","chr3","91157300","91157454","59","91059596"
"KQ056681v1","199958","200079","chr1","85858415","85858535","27","85658457"
"KQ056699v1","605611","605664","chr7","161629769","161629818","10","161024158"
"KQ056699v1","1052181","1052336","chr6","153579550","153579715","44","152527369"
"KQ056699v1","1142210","1142421","chr6","146172231","146172435","58","145030021"
"KQ056707v1","1388088","1388253","chr8","135493211","135493372","30","134105123"
"KQ056707v1","1388334","1388427","chr12","63991766","63991859","16","62603432"
"KQ056707v1","1718328","1718458","chr5","43405822","43405943","38","41687494"
"KQ056707v1","2131546","2131709","chr2","187026390","187026555","41","184894844"
"KQ056707v1","2714451","2714584","chr10","82029827","82029961","29","79315376"
"KQ056707v1","2746678","2746759","chr16","67683821","67683899","12","64937143"
"KQ056716v1","1929843","1930129","chr15","12435717","12436012","81","10505874"
"KQ056716v1","2034377","2034547","chr1","152928618","152928784","41","150894241"
"KQ056733v1","537703","537776","chr1","202762251","202762322","15","202224548"
"KQ056733v1","575624","575760","chr13","66392402","66392543","39","65816778"
"KQ056733v1","646257","646313","chr20","21345546","21345599","17","20699289"
"KQ056733v1","646359","646497","chr15","9542725","9542854","39","8896366"
"KQ056733v1","996181","996429","chr9","46731059","46731283","78","45734878"
"KQ056733v1","1248728","1249029","chr7","150126938","150127230","73","148878210"
"KQ056733v1","1593811","1594002","chr20","3964706","3964901","37","2370895"
"KQ056733v1","1658016","1658187","chr6","58082549","58082722","42","56424533"
"KQ056733v1","1659759","1659885","chr3","2768409","2768528","38","1108650"
"KQ056733v1","1714342","1714480","chr2","156321051","156321179","25","154606709"
"KQ056733v1","1714799","1714956","chrX","92479349","92479506","41","90764550"
"KQ056751v1","448181","448251","chr16","48034424","48034495","12","47586243"
"KQ056761v1","724548","724737","chr1","54425917","54426121","64","53701369"
"KQ056761v1","760388","760493","chr16","45798027","45798132","26","45037639"
"KQ056761v1","2186048","2186127","chr7","107031510","107031583","15","104845462"
"KQ056761v1","2468690","2468847","chrX","106861512","106861669","32","104392822"
"KQ056761v1","3294527","3294818","chr12","99689911","99690212","73","96395384"
"KQ056761v1","3415590","3415835","chr19","4884902","4885144","77","1469312"
"KQ056762v1","955982","956054","chr5","113024039","113024111","12","112068057"
"KQ056773v1","159873","160024","chr16","36038941","36039074","37","35879068"
"KQ056773v1","206521","206583","chr6","102871779","102871841","11","102665258"
"KQ056773v1","360612","360686","chr11","62999686","62999757","19","62639074"
"KQ056773v1","378590","378667","chr19","13876496","13876573","22","13497906"
"KQ056773v1","390376","390460","chr11","967560","967636","22","577184"
"KQ056773v1","416779","416926","chr16","38249420","38249562","35","37832641"
"KQ056790v1","99667","99750","chr3","160875529","160875611","22","160775862"
"KQ056790v1","942751","942908","chr8","24195232","24195396","38","23252481"
"KQ056790v1","1904377","1904508","chr20","54732638","54732765","30","52828261"
"KQ056790v1","1955706","1955890","chr19","24189190","24189363","43","22233484"
"KQ056790v1","1990825","1990980","chr10","31906406","31906562","35","29915581"
"KQ056790v1","2138830","2139022","chrX","112202533","112202755","64","110063703"
"KQ056800v1","822839","822941","chr9","37810984","37811084","33","36988145"
"KQ056800v1","936994","937119","chr5","72211322","72211444","28","71274328"
"KQ056800v1","937321","937486","chr4","55851011","55851159","42","54913690"
"KQ056800v1","1673694","1673867","chr13","96234058","96234229","37","94560364"
"KQ056800v1","2508623","2508806","chr1","27148392","27148567","38","24639769"
"KQ056800v1","2966415","2966494","chr11","46980278","46980350","19","44013863"
"KQ056810v1","25141","25226","chr8","41459762","41459839","29","41434621"
"KQ056810v1","108280","108468","chr1","9189056","9189237","46","9080776"
"KQ056810v1","120594","120759","chr10","14462717","14462877","28","14342123"
"KQ056815v1","139","306","chr11","109855715","109855884","32","109855576"
"KQ056827v1","615786","615907","chr9","87325485","87325612","32","86709699"
"KQ056837v1","483644","483850","chr20","26088139","26088355","54","25604495"
"KQ056837v1","638469","638578","chr19","9491248","9491357","35","8852779"
"KQ056837v1","1253011","1253295","chr7","113133780","113134066","60","111880769"
"KQ056837v1","1422982","1423059","chr16","25240524","25240599","18","23817542"
"KQ056837v1","2536943","2537110","chr17","7709041","7709228","54","5172098"
"KQ056847v1","112469","112767","chr1","127896341","127896622","70","127783872"
"KQ056847v1","1109757","1109993","chr5","36031900","36032149","56","34922143"
"KQ056847v1","1110761","1110822","chr2","50587367","50587427","12","49476606"
"KQ056855v1","10360","10468","chr19","40190589","40190699","22","40180229"
"KQ056855v1","571747","571930","chr13","108242720","108242914","63","107670973"
"KQ056855v1","633638","633799","chr19","33479682","33479842","36","32846044"
"KQ056855v1","2951740","2951887","chr5","110152803","110152947","35","107201063"
"KQ056855v1","2965482","2965647","chr3","160740675","160740837","37","157775193"
"KQ056855v1","2966100","2966235","chr11","97458042","97458175","29","94491942"
"KQ056855v1","3241207","3241334","chr20","19814709","19814828","26","16573502"
"KQ056855v1","3243889","3244029","chr3","78879782","78879912","34","75635893"
"KQ056855v1","3700723","3700793","chr1","31252960","31253021","17","27552237"
"KQ056855v1","3718326","3718465","chr1","136927782","136927919","37","133209456"
"KQ056855v1","3804077","3804454","chr14","62607180","62607533","121","58803103"
"KQ056855v1","3861540","3861637","chr4","128487169","128487256","27","124625629"
"KQ056855v1","3861794","3862012","chr9","6030499","6030716","48","2168705"
"KQ056855v1","3871770","3871876","chr8","35517046","35517159","32","31645276"
"KQ056855v1","3911340","3911400","chr6","81693033","81693092","11","77781693"
"KQ056855v1","4017695","4017778","chr3","149872986","149873058","27","145855291"
"KQ056855v1","4030227","4030257","chr2","21604054","21604082","6","17573827"
"KQ056855v1","4032141","4032297","chr8","20189864","20190024","43","16157723"
"KQ056855v1","4370300","4370440","chr8","49998308","49998442","23","45628008"
"KQ056855v1","4370442","4370526","chr1","52328523","52328606","20","47958081"
"KQ056855v1","5963092","5963373","chr14","7509973","7510262","64","1546881"
"KQ056864v1","314659","314824","chr12","40057892","40058056","45","39743233"
"KQ056864v1","315100","315210","chr2","135456842","135456958","30","135141742"
"KQ056864v1","359485","359612","chr5","118658593","118658713","42","118299108"
"KQ056864v1","2304344","2304488","chr14","8680388","8680533","37","6376044"
"KQ056864v1","2532704","2532893","chr13","72624626","72624806","44","70091922"
"KQ056873v1","834557","834721","chr3","83882756","83882913","34","83048199"
"KQ056873v1","1109503","1109639","chr1","34737481","34737621","21","33627978"
"KQ056873v1","1174814","1174889","chr4","77649765","77649841","16","76474951"
"KQ056873v1","1356107","1356259","chr1","130698024","130698188","33","129341917"
"KQ056881v1","2765","2858","chr11","110032530","110032623","16","110029765"
"KQ056883v1","8594","8860","chr18","4425583","4425850","66","4416989"
"KQ056891v1","719716","719835","chr4","43561239","43561356","28","42841523"
"KQ056891v1","1604873","1604946","chr1","80050208","80050278","16","78445335"
"KQ056891v1","2227237","2227346","chr3","40559465","40559575","16","38332228"
"KQ056891v1","2227348","2227441","chr9","15064973","15065062","19","12837625"
"KQ056911v1","483931","484224","chr20","17527757","17528055","76","17043826"
"KQ056911v1","509899","509946","chr11","124177305","124177353","11","123667406"
"KQ056911v1","601916","602165","chr20","55997062","55997305","76","55395146"
"KQ056911v1","1242077","1242307","chr8","118294670","118294909","68","117052593"
"KQ056911v1","1319856","1320017","chr11","110402020","110402179","25","109082164"
"KQ056911v1","1457762","1458062","chr12","39011659","39011952","59","37553897"
"KQ056920v1","116114","116299","chr6","131290202","131290389","68","131174088"
"KQ056920v1","138934","139083","chr7","26963619","26963755","51","26824685"
"KQ056920v1","546367","546447","chr2","163024932","163025009","26","162478565"
"KQ056920v1","567361","567440","chr2","131826550","131826616","26","131259189"
"KQ056920v1","681343","681403","chr20","4972377","4972436","11","4291034"
"KQ056920v1","681563","681822","chr6","165893741","165893997","56","165212178"
"KQ056920v1","704799","704896","chr1","37385911","37386006","31","36681112"
"KQ056920v1","1170970","1171163","chr17","19842668","19842849","41","18671698"
"KQ056920v1","1208232","1208388","chr1","210690398","210690555","43","209482166"
"KQ056920v1","1317252","1317545","chr18","66675351","66675641","65","65358099"
"KQ056920v1","1633025","1633350","chr16","66612276","66612590","71","64979251"
"KQ056928v1","319892","319972","chr20","49943865","49943942","17","49623973"
"KQ056928v1","1586232","1586332","chr9","55667711","55667807","29","54081479"
"KQ056928v1","2099527","2099703","chr11","46547605","46547774","42","44448078"
"KQ056928v1","2315416","2315541","JH682662","6020","6141","27","2309396"
"KQ056928v1","2458102","2458229","chr7","106784517","106784648","28","104326415"
"KQ056928v1","2469045","2469164","chr7","106492413","106492535","27","104023368"
"KQ056928v1","2526860","2527161","chr2","99118366","99118672","68","96591506"
"KQ056936v1","1593745","1593883","chr7","125450390","125450526","51","123856645"
"KQ056945v1","410839","410925","chr1","179599376","179599456","15","179188537"
"KQ056945v1","889325","889385","JH681411","16635","16696","14","872690"
"KQ056945v1","1031923","1032128","chr20","50223086","50223283","56","49191163"
"KQ056945v1","1058022","1058101","chr10","37960614","37960698","19","36902592"
"KQ056945v1","1134198","1134467","chr1","41753520","41753796","66","40619322"
"KQ056945v1","1343629","1343807","chr16","45439753","45439906","44","44096124"
"KQ056945v1","1343815","1343907","chr13","35775083","35775176","17","34431268"
"KQ056945v1","2216089","2216218","chr5","103772096","103772223","38","101556007"
"KQ056945v1","2216550","2216620","chrX","49479576","49479648","23","47263026"
"KQ056945v1","2226313","2226487","chr1","95909466","95909641","44","93683153"
"KQ056945v1","3283355","3283471","chr18","68543916","68544034","31","65260561"
"KQ056946v1","281481","281729","chr2","98838078","98838332","66","98556597"
"KQ056946v1","1379558","1379734","chr5","46441003","46441171","47","45061445"
"KQ056955v1","1655264","1655357","chr11","110032530","110032623","19","108377266"
"KQ056965v1","54108","54383","chr17","27854216","27854497","64","27800108"
"KQ056965v1","227327","227476","chr9","116442504","116442647","38","116215177"
"KQ056965v1","278151","278318","chr14","63560003","63560159","35","63281852"
"KQ056973v1","351721","351872","chr10","18365138","18365278","43","18013417"
"KQ056973v1","1462917","1463080","chr10","14462717","14462877","32","12999800"
"KQ056973v1","2318730","2318824","chr7","72792351","72792440","21","70473621"
"KQ056973v1","2565662","2565818","chr19","8561853","8561997","46","5996191"
"KQ056976v1","6803","6885","chr3","125515394","125515481","20","125508591"
"KQ056988v1","644666","644810","chr14","33067378","33067509","45","32422712"
"KQ056996v1","695450","695523","chr5","20339254","20339327","16","19643804"
"KQ056996v1","788246","788378","chr11","84387535","84387667","24","83599289"
"KQ056996v1","1138248","1138275","chr1","31551783","31551810","6","30413535"
"KQ056996v1","1316599","1316723","chr4","66755463","66755582","48","65438864"
"KQ056996v1","1456366","1456583","chr3","66562418","66562624","67","65106052"
"KQ057004v1","433420","433506","chr2","76595940","76596024","11","76162520"
"KQ057004v1","1085135","1085423","chr1","92753852","92754144","80","91668717"
"KQ057004v1","1086547","1086685","chr3","172626119","172626265","35","171539572"
"KQ057004v1","1147953","1148071","chr1","85858415","85858535","22","84710462"
"KQ057004v1","1148293","1148456","chr19","27003755","27003919","38","25855462"
"KQ057004v1","1209163","1209336","chr13","43357057","43357228","34","42147894"
"KQ057004v1","1532820","1532966","chr1","41160156","41160285","42","39627336"
"KQ057004v1","2045553","2045715","chr11","123417462","123417626","45","121371909"
"KQ057013v1","1044031","1044236","chr7","5459775","5459974","59","4415744"
"KQ057023v1","88754","88928","chr4","3820353","3820539","41","3731599"
"KQ057023v1","515496","515665","chr19","2965409","2965576","44","2449913"
"KQ057023v1","680116","680283","chr1","202426861","202427019","42","201746745"
"KQ057023v1","908602","908769","chr15","36307783","36307938","39","35399181"
"KQ057023v1","1066509","1066711","chr11","565751","565943","51","500758"
"KQ057023v1","1074252","1074435","chr1","11980907","11981080","50","10906655"
"KQ057034v1","33968","34086","chr10","69787618","69787732","37","69753650"
"KQ057034v1","231685","231949","chr3","84807089","84807372","70","84575404"
"KQ057034v1","608240","608329","chr2","2600502","2600583","25","1992262"
"KQ057034v1","1157005","1157257","chr6","135792938","135793177","58","134635933"
"KQ057034v1","1157756","1157808","chr11","28776209","28776259","10","27618453"
"KQ057034v1","1554511","1554646","chr16","25554198","25554338","35","23999687"
"KQ057034v1","2365706","2365851","chr8","94138574","94138715","27","91772868"
"KQ057034v1","3316549","3316642","chr10","61758492","61758586","22","58441943"
"KQ057034v1","3580999","3581260","chr19","8855297","8855567","83","5274298"
"KQ057034v1","3712019","3712194","chr12","6886799","6886980","50","3174780"
"KQ057034v1","3826806","3826966","chr3","41813144","41813293","44","37986338"
"KQ057034v1","3898669","3898838","chr6","68454223","68454401","44","64555554"
"KQ057035v1","1388651","1388756","chr8","47713176","47713279","20","46324525"
"KQ057035v1","1388758","1388890","chr1","14816698","14816833","20","13427940"
"KQ057035v1","1397014","1397118","chr8","47713176","47713279","21","46316162"
"KQ057035v1","1397120","1397252","chr1","14816698","14816833","19","13419578"
"KQ057035v1","2437789","2437866","chr16","48034424","48034495","16","45596635"
"KQ057035v1","2571710","2571827","chr11","53261419","53261542","33","50689709"
"KQ057035v1","2606729","2606850","chr2","115500992","115501115","29","112894263"
"KQ057035v1","3067679","3067812","chr2","89860282","89860410","46","86792603"
"KQ057035v1","4675624","4675804","chr13","23170672","23170848","43","18495048"
"KQ057035v1","5034021","5034081","chr5","80684202","80684260","13","75650181"
"KQ057035v1","5034250","5034337","chr15","97019802","97019877","33","91985552"
"KQ057035v1","5656190","5656347","chr7","79392918","79393055","44","73736728"
"KQ057036v1","355496","355560","chr14","114903398","114903465","16","114547902"
"KQ057036v1","876143","876271","chr10","19926396","19926527","30","19050253"
"KQ057036v1","983082","983181","chr7","17265184","17265272","22","16282102"
"KQ057036v1","983870","984089","chr18","46996595","46996821","50","46012725"
"KQ057036v1","1155856","1155936","chr7","63626727","63626811","19","62470871"
"KQ057036v1","1241988","1242254","chr1","125283278","125283556","77","124041290"
"KQ057036v1","1282191","1282386","chr19","1620170","1620354","44","337979"
"KQ057045v1","226214","226399","chr15","56719266","56719458","41","56493052"
"KQ057045v1","285231","285450","chr1","161615230","161615461","58","161329999"
"KQ057045v1","309657","309880","chr1","161615230","161615461","55","161305573"
"KQ057045v1","702367","702441","chr1","129798686","129798761","26","129096319"
"KQ057053v1","933574","933787","chr1","93016186","93016399","46","92082612"
"KQ057053v1","933855","933920","chr18","8036947","8037011","11","7103092"
"KQ057053v1","1284560","1284679","chr14","12293807","12293916","35","11009247"
"KQ057053v1","1284978","1285142","chr1","152928618","152928784","34","151643640"
"KQ057053v1","1622593","1622845","chr6","173054276","173054528","65","171431683"
"KQ057053v1","1631628","1631913","chr13","102913751","102914038","61","101282123"
"KQ057059v1","5174","5254","chr4","39127753","39127828","16","39122579"
"KQ057059v1","698241","698295","chr19","2339973","2340024","9","1641732"
"KQ057059v1","2108882","2109075","chr13","90583539","90583723","46","88474657"
"KQ057059v1","4376805","4376893","chr8","11877000","11877087","23","7500195"
"KQ057074v1","130256","130356","chr13","24151350","24151438","29","24021094"
"KQ057082v1","440100","440384","chr13","1862231","1862512","61","1422131"
"KQ057082v1","642997","643016","chr13","26811040","26811056","3","26168043"
"KQ057082v1","643017","643144","chr1","85858415","85858535","27","85215398"
"KQ057082v1","657160","657328","chr7","59197023","59197182","46","58539863"
"KQ057082v1","682432","682706","chr1","11142185","11142448","76","10459753"
"KQ057091v1","690445","690649","chr7","57639070","57639270","58","56948625"
"KQ057108v1","434984","435143","chr2","187026390","187026555","37","186591406"
"KQ057108v1","587650","587787","chr9","84636893","84637025","35","84049243"
"KQ057108v1","644495","644568","chr3","172280490","172280563","18","171635995"
"KQ057109v1","35368","35667","chr12","38919021","38919319","68","38883653"
"KQ057118v1","277102","277178","chr20","49943865","49943942","14","49666763"
"KQ057118v1","1005496","1005638","chr2","90999551","90999685","42","89994055"
"KQ057118v1","1015892","1015955","chr19","41321509","41321573","13","40305617"
"KQ057118v1","1276926","1277045","chr14","73070336","73070454","25","71793410"
"KQ057118v1","1277109","1277343","chr17","51643","51852","61","1225466"
"KQ057118v1","1752427","1752644","chr4","105437631","105437848","57","103685204"
"KQ057118v1","1806827","1807125","chr14","31817216","31817510","57","30010389"
"KQ057118v1","1813112","1813266","chr7","149431087","149431239","31","147617975"
"KQ057118v1","1844502","1844652","chr3","41431924","41432076","28","39587422"
"KQ057118v1","1844661","1844717","chr5","158745627","158745680","14","156900966"
"KQ057118v1","1981276","1981366","chr9","33121832","33121921","16","31140556"
"KQ057118v1","1981745","1981956","chr7","117956412","117956623","54","115974667"
"KQ057118v1","2037359","2037486","chr20","24768103","24768223","25","22730744"
"KQ057118v1","2040344","2040465","chr4","6849856","6849975","22","4809512"
"KQ057118v1","2067693","2067751","chr13","23205822","23205881","15","21138129"
"KQ057118v1","2087284","2087481","chr4","156262708","156262902","39","154175424"
"KQ057118v1","2260665","2260747","chr3","109986164","109986245","17","107725499"
"KQ057118v1","2261410","2261629","chr9","6030499","6030716","42","3769089"
"KQ057118v1","2636491","2636672","chr3","51254773","51254961","40","48618282"
"KQ057118v1","2639391","2639570","chr3","51254773","51254961","41","48615382"
"KQ057118v1","2684450","2684721","chr16","25500273","25500570","73","22815823"
"KQ057118v1","3200991","3201138","chr9","110055117","110055262","27","106854126"
"KQ057118v1","3389167","3389434","chr2","160563835","160564105","63","157174668"
"KQ057118v1","3483283","3483479","chr2","100337874","100338043","61","96854591"
"KQ057118v1","3483758","3483792","chrX","50039567","50039601","5","46555809"
"KQ057118v1","3572448","3572828","chrX","11175740","11176098","111","7603292"
"KQ057118v1","3601775","3602058","chr13","91817329","91817619","65","88215554"
"KQ057118v1","3614909","3614982","chr10","20471867","20471935","15","16856958"
"KQ057118v1","3890085","3890204","chr4","43192773","43192890","35","39302688"
"KQ057118v1","3961607","3961894","chr13","108040087","108040372","58","104078480"
"KQ057118v1","4473564","4473705","chr19","8561853","8561997","33","4088289"
"KQ057118v1","4631523","4631769","chr19","39139364","39139608","65","34507841"
"KQ057118v1","4804328","4804404","chr1","28824693","28824770","15","24020365"
"KQ057119v1","89205","89342","chr19","14673246","14673394","39","14584041"
"KQ057119v1","633895","633978","chr19","13876496","13876573","26","13242601"
"KQ057119v1","1317712","1317877","chr17","7303986","7304143","39","5986274"
"KQ057127v1","151639","151759","chr4","151423873","151423990","22","151272234"
"KQ057127v1","172963","173264","chr9","69733757","69734051","73","69560794"
"KQ057136v1","1659128","1659209","chr4","118798435","118798503","26","117139307"
"KQ057143v1","793348","793417","chr1","44746983","44747047","17","43953635"
"KQ057143v1","1861958","1862220","chr6","136690960","136691239","88","134829002"
"KQ057143v1","1865007","1865268","chr4","101462173","101462439","86","99597166"
"KQ057151v1","144818","145020","chr19","2104895","2105096","52","1960077"
"KQ057151v1","280294","280466","chr4","13309633","13309798","43","13029339"
"KQ057168v1","71372","71481","chr6","121525875","121525984","39","121454503"
"KQ057168v1","192919","193017","chr15","59250981","59251087","28","59058062"
"KQ057168v1","650053","650160","chr4","144853856","144853955","26","144203803"
"KQ057168v1","1020375","1020662","chr2","114743712","114744001","71","113723337"
"KQ057168v1","1088228","1088398","chr10","70168143","70168311","46","69079915"
"KQ057168v1","1782271","1782414","chr1","148793758","148793892","40","147011487"
"KQ057177v1","604710","604902","chrX","16468601","16468787","37","15863891"
"KQ057186v1","384190","384298","chr9","68796517","68796624","34","68412327"
"KQ057186v1","418934","419010","chr1","80161457","80161527","21","79742523"
"KQ057186v1","658632","658793","chr16","45439753","45439906","34","44781121"
"KQ057186v1","828704","828849","chr5","78587456","78587592","26","77758752"
"KQ057186v1","830012","830148","chr8","87648871","87649005","37","86818859"
"KQ057186v1","926356","926504","chr1","129794719","129794870","45","128868363"
"KQ057186v1","926906","927001","chr10","7940850","7940944","21","7013944"
"KQ057204v1","1486037","1486150","chr9","118215138","118215241","26","116729101"
"KQ057204v1","1885760","1885949","chr15","22743371","22743552","53","20857611"
"KQ057204v1","1886846","1886915","chr11","107874455","107874526","8","105987609"
"KQ057204v1","1894270","1894454","chr14","18421081","18421263","51","16526811"
"KQ057204v1","3383580","3383868","chr3","20772169","20772462","68","17388589"
"KQ057204v1","3590751","3590914","chr12","61519193","61519346","32","57928442"
"KQ057204v1","4078983","4079151","chr1","91768319","91768493","47","87689336"
"KQ057205v1","1168553","1168845","chrX","38752114","38752407","54","37583561"
"KQ057205v1","1197669","1197757","chr16","6916307","6916376","31","5718638"
"KQ057205v1","1269138","1269368","chr5","33965698","33965937","66","32696560"
"KQ057205v1","1485345","1485512","chr16","56769527","56769696","33","55284182"
"KQ057205v1","1544151","1544445","chr1","73048115","73048390","78","71503964"
"KQ057205v1","1581317","1581412","chr3","125515394","125515481","23","123934077"
"KQ057205v1","1676349","1676496","chr1","46969016","46969164","44","45292667"
"KQ057205v1","1689696","1689799","chr8","62427896","62428002","21","60738200"
"KQ057205v1","1689847","1690082","chr10","77836142","77836372","54","76146295"
"KQ057205v1","1824649","1824830","chr3","160190279","160190461","44","158365630"
"KQ057205v1","1983281","1983392","chr15","13578853","13578978","32","11595572"
"KQ057205v1","2065204","2065302","chr20","66258924","66259023","36","64193720"
"KQ057205v1","2407127","2407231","chr9","89353957","89354059","23","86946830"
"KQ057205v1","2528118","2528303","chr4","80665238","80665411","63","78137120"
"KQ057213v1","249922","249995","chr5","4399656","4399728","20","4149734"
"KQ057213v1","434006","434331","chr17","77730330","77730626","78","77296324"
"KQ057213v1","436332","436406","chr2","7141201","7141280","21","6704869"
"KQ057213v1","437740","437972","chr3","135951564","135951782","72","135513824"
"KQ057213v1","458973","459283","chr11","121001535","121001825","67","120542562"
"KQ057213v1","475763","475812","chr11","121579732","121579777","11","121103969"
"KQ057213v1","481171","481240","chr1","34905115","34905185","18","34423944"
"KQ057213v1","482023","482185","chr11","52033395","52033557","35","51551372"
"KQ057223v1","146413","146551","chr19","34130811","34130947","22","33984398"
"KQ057223v1","203945","204066","chr3","2768409","2768528","37","2564464"
"KQ057223v1","216580","216640","chr3","157849713","157849768","19","157633133"
"KQ057232v1","9703","9870","chr1","41365135","41365302","39","41355432"
"KQ057232v1","9874","9933","chr16","23924156","23924211","12","23914282"
"KQ057232v1","14254","14395","chr19","900807","900948","26","886553"
"KQ057232v1","14573","14636","chr1","129285491","129285554","19","129270918"
"KQ057232v1","129626","129772","chr12","93781048","93781191","31","93651422"
"KQ057232v1","132580","132758","chr7","37428053","37428221","66","37295473"
"KQ057232v1","302391","302532","chr3","148580967","148581112","30","148278576"
"KQ057232v1","396643","396895","chr16","69271068","69271324","78","68874425"
"KQ057232v1","491935","492105","chr11","46547605","46547774","43","46055670"
"KQ057260v1","233164","233239","chr1","63958307","63958385","21","63725143"
"KQ057260v1","590353","590476","chr1","194324432","194324553","19","193734079"
"KQ057260v1","590609","590771","chr1","152928618","152928784","29","152338009"
"KQ057260v1","742471","742638","chr1","66887413","66887590","51","66144942"
"KQ057268v1","222499","222684","chrX","60062697","60062881","48","59840198"
"KQ057268v1","642761","642980","chr1","202304028","202304233","65","201661267"
"KQ057268v1","762695","762831","chr19","34988308","34988442","26","34225613"
"KQ057268v1","972157","972280","chr9","88996005","88996124","25","88023848"
"KQ057268v1","1560015","1560090","chr9","119932467","119932539","21","118372452"
"KQ057290v1","35660","35674","chr1","9597440","9597456","6","9561780"
"KQ057290v1","36013","36186","chr2","42963862","42964029","42","42927849"
"KQ057290v1","82156","82433","chr3","12228564","12228833","91","12146408"
"KQ057290v1","282777","282837","chr1","86128485","86128542","12","85845708"
"KQ057290v1","355772","356030","chr12","61586452","61586702","84","61230680"
"KQ057290v1","1000731","1000902","chrX","108074329","108074494","32","107073598"
"KQ057290v1","1032003","1032182","chr1","79971059","79971237","43","78939056"
"KQ057290v1","1034782","1034889","chrX","136742279","136742386","28","135707497"
"KQ057290v1","1054326","1054479","chr8","37155757","37155916","29","36101431"
"KQ057290v1","1301216","1301358","chr3","162197994","162198125","28","160896778"
"KQ057290v1","1385622","1385730","chr1","125220205","125220314","24","123834583"
"KQ057290v1","1531737","1531871","chr15","39403299","39403430","24","37871562"
"KQ057290v1","1535329","1535523","chr7","49055521","49055705","53","47520192"
"KQ057290v1","1696583","1696738","chr3","9513796","9513954","38","7817213"
"KQ057290v1","1730785","1730944","chr3","52525873","52526017","40","50795088"
"KQ057290v1","1764377","1764668","chr6","54483783","54484071","69","52719406"
"KQ057290v1","1816229","1816292","chr3","40058589","40058650","12","38242360"
"KQ057290v1","1816363","1816589","chr19","40826534","40826763","48","39010171"
"KQ057290v1","2063804","2063860","chr20","39302037","39302091","12","37238233"
"KQ057290v1","2334180","2334277","chr6","80443998","80444098","29","78109818"
"KQ057290v1","2334281","2334347","chr19","35000002","35000069","11","32665721"
"KQ057290v1","2556911","2556975","chr1","38650293","38650354","17","36093382"
"KQ057290v1","2647105","2647163","chr5","139369160","139369219","12","136722055"
"KQ057290v1","2804814","2804903","chr4","126169676","126169763","15","123364862"
"KQ057290v1","3287474","3287724","chr5","176854786","176855043","71","173567312"
"KQ057290v1","3323330","3323505","chr2","44221366","44221544","43","40898036"
"KQ057290v1","4081931","4082075","chr3","42843614","42843751","37","38761683"
"KQ057290v1","4545387","4545460","chr20","20112914","20112978","27","15567527"
"KQ057290v1","4659976","4660192","chr7","24543923","24544120","60","19883947"
"KQ057299v1","81750","81943","chr16","60237191","60237367","53","60155441"
"KQ057299v1","263851","263981","chr3","56094728","56094873","48","55830877"
"KQ057299v1","984850","984933","chr2","86230573","86230654","28","85245723"
"KQ057299v1","1577011","1577161","chr5","73015389","73015550","44","71438378"
"KQ057308v1","42963","43142","chr10","82261893","82262073","43","82218930"
"KQ057308v1","748434","748481","chr6","172279857","172279902","15","171531423"
"KQ057308v1","911437","911489","chr6","164706104","164706155","14","163794667"
"KQ057308v1","919566","919730","chr9","113273961","113274129","36","112354395"
"KQ057308v1","1075523","1075841","chr7","42683169","42683480","78","41607646"
"KQ057308v1","1099381","1099507","chr3","75058198","75058312","44","73958817"
"KQ057308v1","1429093","1429269","chr9","50315771","50315948","52","48886678"
"KQ057308v1","1583382","1583651","chr12","67929376","67929643","72","66345994"
"KQ057308v1","1642147","1642217","chr18","51499572","51499640","17","49857425"
"KQ057308v1","1716583","1716782","chr20","10497748","10497941","56","8781165"
"KQ057308v1","1845811","1846009","chr4","107996221","107996396","56","106150410"
"KQ057308v1","2167129","2167293","chr7","15038159","15038325","39","12871030"
"KQ057317v1","306420","306505","chr3","48157715","48157805","20","47851295"
"KQ057317v1","421641","421731","chr1","117616104","117616201","27","117194463"
"KQ057317v1","421757","421860","chr2","11211341","11211442","32","10789584"
"KQ057317v1","969775","969886","chr2","144028577","144028679","37","143058802"
"KQ057336v1","589366","589513","chr11","110402020","110402179","37","109812654"
"KQ057345v1","80412","80699","chr14","6908732","6909023","70","6828320"
"KQ057345v1","84824","84872","chr20","3213142","3213189","11","3128318"
"KQ057345v1","84874","84971","chr4","13532054","13532157","21","13447180"
"KQ057345v1","87534","87821","chr14","6908732","6909023","70","6821198"
"KQ057345v1","369883","370020","chr19","38745403","38745538","45","38375520"
"KQ057345v1","479782","479882","chr4","111189435","111189527","28","110709653"
"KQ057345v1","482338","482502","chr11","120942792","120942927","49","120460454"
"KQ057345v1","513754","513878","chr2","172227852","172227991","29","171714098"
"KQ057345v1","1163140","1163202","chr1","6641003","6641065","10","5477863"
"KQ057345v1","1297003","1297193","chr3","37177589","37177771","43","35880586"
"KQ057345v1","1299709","1299902","chr3","37177589","37177771","43","35877880"
"KQ057353v1","694914","695080","chr3","151760207","151760357","41","151065293"
"KQ057353v1","821763","821990","chr16","39999603","39999840","64","39177840"
"KQ057363v1","160946","161028","chr7","161032196","161032264","42","160871250"
"KQ057363v1","509927","510038","chr2","96982316","96982416","28","96472389"
"KQ057363v1","510484","510655","chr13","60629700","60629873","34","60119216"
"KQ057373v1","43298","43398","chr13","57639605","57639708","32","57596307"
"KQ057373v1","806070","806219","chr5","46320987","46321125","37","45514917"
"KQ057373v1","807044","807208","chrX","45599837","45600005","39","44792793"
"KQ057380v1","1051511","1051589","chr10","13477994","13478070","17","12426483"
"KQ057380v1","1478755","1478925","chr15","5766220","5766393","37","4287465"
"KQ057380v1","1719147","1719425","chr13","37816600","37816895","90","36097453"
"KQ057380v1","2483222","2483490","chr2","164121265","164121499","96","161638043"
"KQ057380v1","2573871","2574017","chr10","59994419","59994557","35","57420548"
"KQ057380v1","2575847","2575999","chr9","19767173","19767318","32","17191326"
"KQ057380v1","2677160","2677317","chr10","32247914","32248061","43","29570754"
"KQ057380v1","2697602","2697622","chr8","139207338","139207358","6","136509736"
"KQ057380v1","2697759","2697931","chr11","431135","431305","41","2266624"
"KQ057380v1","2701833","2701948","chr5","75882247","75882351","44","73180414"
"KQ057380v1","2748946","2749009","chr1","6641003","6641065","13","3892057"
"KQ057380v1","2749010","2749148","chr13","87730179","87730327","41","84981169"
"KQ057380v1","2760629","2760814","chr16","36340026","36340211","50","33579397"
"KQ057380v1","2837957","2838035","chr11","120833490","120833564","19","117995533"
"KQ057380v1","2869355","2869463","chr1","117616104","117616201","29","114746749"
"KQ057380v1","2896401","2896498","chr7","7898849","7898942","25","5002448"
"KQ057380v1","2896578","2896689","chr1","19543495","19543594","31","16646917"
"KQ057380v1","3134298","3134421","chr1","142003278","142003398","25","138868980"
"KQ057380v1","3134817","3134951","chr19","16740357","16740490","23","13605540"
"KQ057380v1","3349898","3350076","chrX","43108262","43108438","38","39758364"
"KQ057380v1","3354755","3354861","chr7","32728549","32728652","23","29373794"
"KQ057380v1","3371908","3371983","chr7","18349914","18349985","23","14978006"
"KQ057380v1","3373744","3373928","chrX","21167052","21167232","34","17793308"
"KQ057380v1","3376986","3377042","chr20","39302037","39302091","16","35925051"
"KQ057380v1","3381554","3381648","chr1","12917020","12917108","23","9535466"
"KQ057380v1","3668515","3668684","chr3","78718150","78718316","30","75049635"
"KQ057380v1","3668694","3668759","chr3","49241333","49241397","11","45572639"
"KQ057380v1","3793090","3793330","chr11","12092812","12093056","72","8299722"
"KQ057380v1","3824099","3824193","chr9","111366128","111366223","30","107542029"
"KQ057380v1","3826825","3826987","chrX","141531520","141531674","34","137704695"
"KQ057380v1","3826988","3827064","chr15","6337866","6337947","15","2510878"
"KQ057380v1","4120440","4120515","chr16","25477961","25478031","13","21357521"
"KQ057380v1","4120648","4120787","chr1","129471737","129471875","43","125351089"
"KQ057380v1","4166953","4167245","chr5","19810095","19810384","69","15643142"
"KQ057380v1","4229111","4229233","chr9","22920838","22920964","25","18691727"
"KQ057380v1","4229335","4229450","chr9","25944413","25944529","22","21715078"
"KQ057380v1","5583502","5583757","chr7","106707957","106708225","63","101124455"
"KQ057380v1","6400999","6401114","chr16","1172267","1172381","33","5228732"
"KQ057380v1","6578144","6578213","chr6","134194500","134194566","16","127616356"
"KQ057381v1","1428659","1428746","chr16","59773249","59773337","27","58344590"
"KQ057397v1","484994","485058","chr8","92567790","92567854","13","92082796"
"KQ057397v1","507138","507398","chr9","87427257","87427510","87","86920119"
"KQ057397v1","725279","725472","chr9","73575378","73575563","70","72850099"
"KQ057397v1","725959","726127","chr1","69615336","69615507","53","68889377"
"KQ057404v1","86953","87152","chr1","37731238","37731429","45","37644285"
"KQ057404v1","1345390","1345556","chr8","27352041","27352214","42","26006651"
"KQ057404v1","1345561","1345610","chr8","37317871","37317918","11","35972310"
"KQ057404v1","1900237","1900384","chr6","131823917","131824058","39","129923680"
"KQ057413v1","598066","598124","chr19","13436506","13436567","14","12838440"
"KQ057413v1","598764","598988","chr4","161487190","161487408","61","160888426"
"KQ057413v1","1222712","1222737","chr16","258708","258735","5","964004"
"KQ057413v1","1223128","1223245","chr4","151423873","151423990","21","150200745"
"KQ057413v1","1223643","1223776","chr9","84978695","84978835","37","83755052"
"KQ057413v1","1738450","1738602","chr10","13063054","13063208","35","11324604"
"KQ057429v1","1189","1364","chr10","31639040","31639218","47","31637851"
"KQ057431v1","741878","741998","chr18","13251705","13251824","28","12509827"
"KQ057431v1","742321","742484","chr10","21875828","21875987","38","21133507"
"KQ057431v1","757420","757600","chr8","39762759","39762933","38","39005339"
"KQ057431v1","1315450","1315591","chr18","28843197","28843321","55","27527747"
"KQ057431v1","1493033","1493343","chr1","121485969","121486261","81","119992936"
"KQ057431v1","1813877","1814056","chr17","37562488","37562666","43","35748611"
"KQ057431v1","1973159","1973308","chr7","111340573","111340711","32","109367414"
"KQ057431v1","2078174","2078337","chr1","152928618","152928784","29","150850444"
"KQ057440v1","671489","671665","chr5","133828085","133828266","48","133156596"
"KQ057449v1","773170","773315","chr2","143874231","143874379","44","143101061"
"KQ057449v1","834657","834667","chr7","150899467","150899477","3","150064810"
"KQ057449v1","836340","836367","chr6","53197872","53197899","7","52361532"
"KQ057449v1","836397","836501","chr7","14569784","14569892","22","13733387"
"KQ057449v1","884919","885000","chr12","69601772","69601849","16","68716853"
"KQ057449v1","1518317","1518409","chr4","21699086","21699169","28","20180769"
"KQ057449v1","2138798","2138997","chr1","28085364","28085559","49","25946566"
"KQ057449v1","2139155","2139278","chr2","144751139","144751253","33","142611984"
"KQ057459v1","1042623","1042725","chr11","26487463","26487559","22","25444840"
"KQ057459v1","1233720","1233854","chr13","87642991","87643131","30","86409271"
"KQ057459v1","1234144","1234297","chr19","15705849","15705993","38","14471705"
"KQ057470v1","2022688","2022886","chr4","152299818","152300020","49","150277130"
"KQ057471v1","294780","294871","chr5","142231293","142231384","18","141936513"
"KQ057471v1","295086","295284","chr2","77969409","77969619","54","77674323"
"KQ057471v1","539595","539663","chr4","57063686","57063754","16","56524091"
"KQ057471v1","812163","812410","chr2","81947439","81947687","61","81135276"
"KQ057471v1","827330","827385","chr9","92760983","92761036","12","91933653"
"KQ057480v1","558874","559083","chr5","96941662","96941857","57","96382788"
"KQ057480v1","577086","577255","chr9","61369898","61370055","44","60792812"
"KQ057480v1","590683","590912","chr6","61679011","61679231","49","61088328"
"KQ057480v1","931059","931189","chr4","151248158","151248282","34","150317099"
"KQ057480v1","1337888","1337961","chr1","11639035","11639105","12","10301147"
"KQ057488v1","168461","168700","chr11","109771579","109771818","66","109603118"
"KQ057488v1","217488","217561","chr20","14309840","14309907","15","14092352"
"KQ057488v1","238927","239085","chr19","33281962","33282131","46","33043035"
"KQ057488v1","285774","285963","chr11","565751","565943","45","279977"
"KQ057488v1","309504","309693","chr11","565751","565943","45","256247"
"KQ057488v1","325488","325653","chr14","27743706","27743871","31","27418218"
"KQ057488v1","325720","325853","chr19","43369522","43369658","23","43043802"
"KQ057488v1","875870","875949","chr10","87874394","87874478","18","86998524"
"KQ057495v1","233822","233971","chr20","25887875","25888024","44","25654053"
"KQ057495v1","234183","234286","chr15","88340796","88340897","25","88106613"
"KQ057495v1","743742","743895","chr17","19397749","19397908","52","18654007"
"KQ057500v1","6006","6340","chr9","105122823","105123124","96","105116817"
"KQ057500v1","8211","8382","chr1","113905917","113906080","53","113897706"
"KQ057504v1","132349","132480","chr20","10136157","10136277","26","10003808"
"KQ057504v1","139816","140002","chr15","101403181","101403371","36","101263365"
"KQ057504v1","1239251","1239417","chr1","28111637","28111808","41","26872386"
"KQ057522v1","81558","81652","chr10","31887697","31887792","23","31806139"
"KQ057532v1","2309093","2309161","chr14","58785506","58785573","11","56476413"
"KQ057532v1","2676238","2676357","chr7","132272180","132272307","28","129595942"
"KQ057541v1","130608","130686","chr4","27574226","27574305","24","27443618"
"KQ057541v1","469894","470089","chr12","84723587","84723780","36","84253693"
"KQ057541v1","713763","713916","chr2","123560865","123561030","40","122847102"
"KQ057541v1","987904","987994","chr13","41576482","41576572","16","40588578"
"KQ057541v1","1072577","1072644","chr9","104473090","104473162","18","103400513"
"KQ057541v1","1153352","1153560","chr4","154580360","154580587","59","153427008"
"KQ057560v1","300269","300547","chr7","159221500","159221793","63","158921231"
"KQ057560v1","356877","356979","chr4","4771987","4772093","28","4415110"
"KQ057560v1","466169","466244","chr2","182769148","182769221","13","182302979"
"KQ057560v1","504701","504820","chr7","27522130","27522249","25","27017429"
"KQ057560v1","575211","575399","chr10","37889717","37889905","42","37314506"
"KQ057560v1","755798","755855","chr6","92733514","92733569","16","91977716"
"KQ057560v1","1226711","1226899","chr19","7578184","7578366","53","6351473"
"KQ057560v1","1247145","1247184","chr10","13398535","13398571","8","12151390"
"KQ057560v1","1247686","1247978","chr2","90206774","90207060","55","88959088"
"KQ057560v1","1283960","1284120","chr9","55615723","55615874","40","54331763"
"KQ057560v1","1467979","1468048","chr3","165938747","165938813","14","164470768"
"KQ057560v1","1899630","1899809","chr17","37562488","37562666","45","35662858"
"KQ057560v1","2122487","2122613","chr3","176368925","176369052","39","174246438"
"KQ057560v1","2404551","2404825","chrX","141084927","141085212","70","138680376"
"KQ057560v1","2559262","2559473","chr11","123072854","123073061","63","120513592"
"KQ057560v1","2702721","2702852","chr11","120202469","120202606","35","117499748"
"KQ057560v1","2836758","2836823","chr6","82279521","82279590","14","79442763"
"KQ057560v1","3184317","3184390","chr6","134194500","134194566","17","131010183"
"KQ057560v1","3266738","3266787","chr6","172279857","172279902","14","169013119"
"KQ057560v1","3273607","3273769","chr3","87540253","87540414","34","84266646"
"KQ057560v1","3291997","3292089","chr20","55890676","55890763","20","52598679"
"KQ057560v1","3294562","3294732","chr13","99727917","99728079","47","96433355"
"KQ057560v1","3305469","3305637","chr3","173803571","173803734","35","170498102"
"KQ057560v1","4489251","4489330","chr14","64438492","64438559","21","59949241"
"KQ057561v1","14437","14480","chr16","67698449","67698492","9","67684012"
"KQ057561v1","225384","225540","chr14","6781826","6781988","36","6556442"
"KQ057561v1","237528","237715","chr2","60168576","60168753","55","59931048"
"KQ057561v1","2019804","2019919","chr11","94362131","94362241","26","92342327"
"KQ057570v1","150736","151016","chr5","100427269","100427564","69","100276533"
"KQ057570v1","210205","210502","chr1","56847746","56848041","80","56637541"
"KQ057570v1","542617","542692","chr1","28824693","28824770","15","28282076"
"KQ057587v1","35267","35441","chr5","73422543","73422715","39","73387276"
"KQ057587v1","93030","93300","chr14","97517412","97517696","78","97424382"
"KQ057587v1","828763","828947","chr19","4035153","4035332","40","3206390"
"KQ057603v1","63645","63725","chr1","179599376","179599456","16","179535731"
"KQ057603v1","738110","738310","chr1","28085364","28085559","51","27347254"
"KQ057603v1","765050","765169","chr1","152538420","152538530","28","151773370"
"KQ057603v1","1569831","1569985","chr10","71698588","71698750","35","70128757"
"KQ057603v1","1584430","1584627","chr10","13014839","13015026","37","11430409"
"KQ057603v1","1615068","1615237","chr15","41846097","41846253","45","40231029"
"KQ057611v1","681488","681726","chr15","23100010","23100235","62","22418522"
"KQ057611v1","681865","681955","chr3","17631641","17631731","14","16949776"
"KQ057611v1","755957","756255","chr9","79994615","79994911","56","79238658"
"KQ057611v1","976576","976874","chr2","149220987","149221284","65","148244411"
"KQ057621v1","327269","327398","chr20","929087","929213","27","601818"
"KQ057621v1","1466342","1466638","chr2","69557577","69557883","74","68091235"
"KQ057621v1","1477903","1478201","chrX","18951791","18952098","76","17473888"
"KQ057629v1","115928","116232","chr1","204782389","204782713","85","204666461"
"KQ057639v1","369550","369756","chr9","60876511","60876709","68","60506961"
"KQ057639v1","527901","528085","chr12","44565840","44566020","43","44037939"
"KQ057640v1","1","110","chr13","87672587","87672687","35","87672586"
"KQ057648v1","291474","291769","chr6","65554530","65554821","102","65263056"
"KQ057648v1","1354568","1354732","chr13","68543994","68544160","33","67189426"
"KQ057648v1","1486792","1486940","chr2","172487761","172487910","26","171000969"
"KQ057648v1","1908367","1908461","chr9","33121832","33121921","27","31213465"
"KQ057648v1","1911220","1911314","chr9","33121832","33121921","27","31210612"
"KQ057648v1","1918778","1918973","chr1","44770679","44770859","52","42851901"
"KQ057648v1","2103750","2103938","chr3","162662354","162662520","68","160558604"
"KQ057648v1","4255264","4255629","chr13","27587084","27587381","124","23331820"
"KQ057649v1","109583","109925","chr20","32565125","32565413","116","32455542"
"KQ057649v1","501715","501760","chr12","80492486","80492530","9","79990771"
"KQ057649v1","501762","501931","chr20","32137122","32137281","46","31635360"
"KQ057649v1","1726096","1726178","chr1","190655363","190655447","18","188929267"
"KQ057656v1","762513","762589","chr14","44363486","44363564","15","43600973"
"KQ057664v1","138160","138327","chr8","68837000","68837161","46","68698840"
"KQ057664v1","309573","309868","chr12","23928448","23928741","79","23618875"
"KQ057664v1","385258","385392","chr20","26457346","26457491","34","26072088"
"KQ057664v1","430880","431029","chr11","6353790","6353938","35","5922910"
"KQ057673v1","2175308","2175614","chr3","44223223","44223527","56","42047915"
"KQ057684v1","57641","57875","chr10","83271086","83271320","55","83213445"
"KQ057684v1","60580","60763","chr20","9206502","9206685","40","9145922"
"KQ057693v1","315904","316045","chr14","9934083","9934225","26","9618179"
"KQ057693v1","316101","316284","chr4","42117297","42117477","38","41801196"
"KQ057693v1","369030","369132","chr2","102721735","102721840","28","102352705"
"KQ057693v1","369134","369185","chr19","32931192","32931245","10","32562058"
"KQ057693v1","383189","383293","chr2","102721735","102721840","26","102338546"
"KQ057693v1","383295","383346","chr19","32931192","32931245","8","32547897"
"KQ057693v1","493211","493397","chrX","38827879","38828072","53","38334668"
"KQ057693v1","582383","582447","chr13","42250192","42250250","17","41667809"
"KQ057693v1","584702","584785","chr7","149304672","149304751","16","148719970"
"KQ057693v1","687645","687813","chr3","2024698","2024867","38","1337053"
"KQ057699v1","444","610","chr5","43889095","43889264","51","43888651"
"KQ057702v1","890626","890929","chr9","31537611","31537903","66","30646985"
"KQ057702v1","1661983","1662067","chr1","130442089","130442168","17","128780106"
"KQ057711v1","169560","169864","chr6","134251498","134251796","74","134081938"
"KQ057711v1","2725755","2725863","chr10","46313222","46313327","19","43587467"
"KQ057711v1","2730176","2730331","chrX","14387257","14387417","36","11657081"
"KQ057737v1","135780","135967","chr4","104078420","104078615","53","103942640"
"KQ057737v1","139041","139106","chr6","52241754","52241816","14","52102713"
"KQ057737v1","212272","212381","chr1","129399512","129399623","33","129187240"
"KQ057737v1","214672","214810","chr14","66153972","66154107","34","65939300"
"KQ057737v1","323298","323368","chr1","11639035","11639105","15","11315737"
"KQ057737v1","327285","327481","chrX","50039967","50040144","47","49712682"
"KQ057737v1","904829","904908","chr5","50038017","50038098","17","49133188"
"KQ057737v1","904931","905057","chr6","65095372","65095501","35","64190441"
"KQ057737v1","999518","999680","chr14","3383514","3383668","37","2383996"
"KQ057737v1","1458007","1458184","chr19","7525894","7526066","45","6067887"
"KQ057737v1","1978462","1978533","chr11","46980278","46980350","15","45001816"
"KQ057737v1","2603486","2603611","chr3","161255144","161255276","33","158651658"
"KQ057737v1","2649207","2649319","chr1","53358632","53358731","31","50709425"
"KQ057737v1","2769707","2769933","chr6","168909371","168909578","63","166139664"
"KQ057737v1","3022333","3022559","chr16","30465916","30466143","50","27443583"
"KQ057737v1","3022927","3023013","chr1","190655363","190655447","19","187632436"
"KQ057737v1","3367737","3367808","chr14","114488152","114488220","17","111120415"
"KQ057737v1","3397922","3398049","chr1","19501947","19502059","42","16104025"
"KQ057737v1","3507325","3507514","chr15","99521189","99521367","64","96013864"
"KQ057737v1","3528969","3529125","chr3","45465613","45465747","38","41936644"
"KQ057737v1","3569813","3569958","chr3","43515964","43516107","37","39946151"
"KQ057737v1","3710932","3711010","chr13","19314587","19314665","20","15603655"
"KQ057737v1","3719500","3719579","chr8","40500001","40500077","21","36780501"
"KQ057737v1","3869048","3869126","chr3","81803520","81803595","17","77934472"
"KQ057737v1","3879635","3879829","chr8","122869018","122869207","47","118989383"
"KQ057737v1","3916591","3916856","chr6","132966723","132966983","74","129050132"
"KQ057737v1","3944697","3944847","chr4","85201726","85201872","31","81257029"
"KQ057737v1","4287562","4287749","chr11","124358990","124359172","47","120071428"
"KQ057737v1","4448708","4448793","chr9","13509590","13509671","22","9060882"
"KQ057737v1","4462199","4462283","chr15","55990213","55990293","20","51528014"
"KQ057737v1","4979332","4979498","chr5","2156547","2156717","42","2822785"
"KQ057737v1","5153022","5153135","chr16","41022957","41023066","26","35869935"
"KQ057737v1","5282033","5282189","chr12","94509716","94509876","31","89227683"
"KQ057737v1","5527479","5527561","chr4","21699086","21699169","19","16171607"
"KQ057737v1","5781114","5781251","chrX","9915889","9916020","34","4134775"
"KQ057738v1","129071","129225","chr7","24531972","24532123","34","24402901"
"KQ057738v1","730875","731043","chr7","49465433","49465602","49","48734558"
"KQ057747v1","1485292","1485473","chr1","206823091","206823266","51","205337799"
"KQ057755v1","1562666","1562758","chr18","70289596","70289682","18","68726930"
"KQ057764v1","542355","542521","chr2","98090136","98090303","34","97547781"
"KQ057764v1","554520","554705","chr3","114330066","114330251","44","113775546"
"KQ057764v1","571238","571386","chr7","58979998","58980134","47","58408760"
"KQ057764v1","571776","571856","chr14","18598273","18598352","21","18026497"
"KQ057764v1","1077410","1077575","chr13","53769024","53769187","27","52691614"
"KQ057764v1","1827903","1828051","chr14","115003833","115003961","55","113175930"
"KQ057781v1","1307110","1307198","chr13","107308554","107308638","19","106001444"
"KQ057788v1","573764","573829","chr7","15452131","15452195","16","14878367"
"KQ057788v1","573977","574227","chr15","7888442","7888687","53","7314465"
"KQ057788v1","882532","882678","chr7","67097863","67098011","31","66215331"
"KQ057788v1","1146798","1146875","chr2","143404572","143404650","22","142257774"
"KQ057788v1","1406139","1406284","chr4","15141485","15141617","52","13735346"
"KQ057788v1","1473774","1473841","chr6","46377755","46377820","20","44903981"
"KQ057788v1","1498472","1498554","chr20","8298660","8298739","20","6800188"
"KQ057796v1","1552196","1552271","chr5","20339254","20339327","17","18787058"
"KQ057796v1","1677982","1678028","chr6","172279767","172279813","10","170601785"
"KQ057796v1","1686219","1686265","chr6","172279767","172279813","10","170593548"
"KQ057805v1","684124","684324","chr4","33650828","33651021","44","32966704"
"KQ057805v1","1290413","1290562","chr19","11481676","11481817","43","10191263"
"KQ057805v1","1744559","1744876","chr16","23005505","23005812","75","21260946"
"KQ057813v1","53916","53975","chr6","10047699","10047752","13","9993783"
"KQ057813v1","70036","70098","chr20","5048738","5048794","14","4978702"
"KQ057813v1","80896","80961","chr1","30644596","30644660","10","30563700"
"KQ057821v1","4108769","4108840","chr11","967560","967636","18","3141209"
"KQ057821v1","5105177","5105377","chr5","96941662","96941857","57","91836485"
"KQ057821v1","5748608","5748689","chr2","149704688","149704765","22","143956080"
"KQ057821v1","5808122","5808201","chr10","29611349","29611418","25","23803227"
"KQ057821v1","5811325","5811398","chr19","4260970","4261037","18","1550355"
"KQ057821v1","5811490","5811649","chr6","101637932","101638076","44","95826442"
"KQ057821v1","5923472","5923604","chr7","106665771","106665912","44","100742299"
"KQ057821v1","6148730","6148895","chrX","141531520","141531674","41","135382790"
"KQ057822v1","1154247","1154424","chr1","121080623","121080792","30","119926376"
"KQ057832v1","358581","358652","chr11","6791024","6791099","20","6432443"
"KQ057840v1","287963","288139","chr9","20377689","20377836","44","20089726"
"KQ057848v1","1221443","1221678","chr2","156517593","156517835","71","155296150"
"KQ057858v1","416907","417194","chr3","35139295","35139583","57","34722388"
"KQ057875v1","253705","253914","chr13","64022072","64022284","40","63768367"
"KQ057875v1","362852","362996","chr8","93414180","93414317","31","93051328"
"KQ057875v1","367163","367278","chr8","6062597","6062712","25","5695434"
"KQ057883v1","26009","26279","chr18","14960964","14961244","63","14934955"
"KQ057883v1","46786","46859","chr1","26735072","26735142","15","26688286"
"KQ057883v1","106812","106969","chr7","38982370","38982525","40","38875558"
"KQ057883v1","114445","114547","chr7","145173756","145173847","28","145059311"
"KQ057883v1","118066","118226","chr7","38982370","38982525","41","38864304"
"KQ057883v1","124969","125134","chr7","38982370","38982525","39","38857401"
"KQ057883v1","127720","127902","chr4","32746515","32746703","45","32618795"
"KQ057883v1","250493","250646","chr19","15705849","15705993","29","15455356"
"KQ057883v1","261646","261833","JH680761","4439","4611","42","257207"
"KQ057883v1","287108","287268","chr10","14462717","14462877","30","14175609"
"KQ057883v1","427235","427384","chr15","83109965","83110112","26","82682730"
"KQ057883v1","428045","428180","chr5","145271284","145271421","29","144843239"
"KQ057883v1","482400","482549","chr3","35842007","35842153","23","35359607"
"KQ057883v1","609587","609761","chr10","26482385","26482565","46","25872798"
"KQ057883v1","612242","612394","chr20","17632141","17632288","30","17019899"
"KQ057883v1","942907","943096","chr3","43749305","43749495","55","42806398"
"KQ057883v1","943553","943623","chr1","89778398","89778467","15","88834845"
"KQ057883v1","1104557","1104680","chr20","50140327","50140455","27","49035770"
"KQ057883v1","1119367","1119482","chr14","73070336","73070454","29","71950969"
"KQ057883v1","1142577","1142648","chr1","180599157","180599229","14","179456580"
"KQ057883v1","1269845","1270138","chr2","53678163","53678447","73","52408318"
"KQ057901v1","744823","745088","chr4","165235287","165235547","51","164490464"
"KQ057901v1","943324","943400","chr8","81477546","81477622","24","80534222"
"KQ057901v1","1200294","1200497","chr13","108242720","108242914","63","107042426"
"KQ057901v1","1244689","1244854","chr4","36456038","36456197","58","35211349"
"KQ057901v1","1278175","1278268","chr11","110032530","110032623","10","108754355"
"KQ057901v1","1282415","1282566","chr19","12462009","12462163","27","11179594"
"KQ057901v1","1299215","1299237","chr1","124645151","124645170","4","123345936"
"KQ057901v1","1299575","1299865","chr1","41895656","41895951","57","40596081"
"KQ057909v1","331035","331200","chr5","52245321","52245461","52","51914286"
"KQ057909v1","334800","334992","chr9","12447293","12447481","47","12112493"
"KQ057909v1","753490","753631","chr3","35842007","35842153","31","35088517"
"KQ057909v1","778266","778446","chr13","7960128","7960302","39","7181862"
"KQ057909v1","795395","795518","chrX","5578138","5578263","30","4782743"
"KQ057909v1","1112003","1112169","chr4","152516317","152516477","31","151404314"
"KQ057909v1","1242796","1242984","chr15","5048646","5048820","37","3805850"
"KQ057909v1","1422450","1422578","chr6","65444119","65444250","25","64021669"
"KQ057909v1","3194688","3194827","chr2","172227852","172227991","26","169033164"
"KQ057909v1","4039686","4039831","chr10","32296896","32297033","35","28257210"
"KQ057909v1","5569030","5569189","chr9","12657011","12657169","34","7087981"
"KQ057909v1","6479987","6480029","chr10","26799374","26799415","7","20319387"
"KQ057909v1","6480030","6480186","chr4","154022889","154023033","35","147542859"
"KQ057909v1","7739159","7739301","chr7","92732987","92733131","31","84993828"
"KQ057909v1","7862278","7862343","chrX","2482122","2482186","17","5380156"
"KQ057909v1","9035417","9035569","chr9","20377689","20377836","25","11342272"
"KQ057909v1","9752583","9752671","chr11","93309987","93310074","17","83557404"
"KQ057909v1","9754056","9754268","chr19","7681207","7681420","39","2072849"
"KQ057909v1","9756321","9756408","chr1","190655363","190655447","17","180899042"
"KQ057909v1","9765072","9765235","chr16","45752831","45752999","36","35987759"
"KQ057909v1","11005672","11005756","chr3","54964118","54964196","25","43958446"
"KQ057909v1","11586436","11586576","chr11","8436372","8436520","41","3150064"
"KQ057909v1","12408486","12408795","chr1","72196993","72197293","68","59788507"
"KQ057909v1","12469309","12469472","chr1","12782836","12783000","31","313527"
"KQ057909v1","12537991","12538128","chr9","104516478","104516617","28","91978487"
"KQ057909v1","12539565","12539764","chrX","118516607","118516796","63","105977042"
"KQ057909v1","12620599","12620756","chr2","78396898","78397056","31","65776299"
"KQ057909v1","12664107","12664270","chr1","206823091","206823266","33","194158984"
"KQ057909v1","12744545","12744715","chr20","41234108","41234268","54","28489563"
"KQ057909v1","12749379","12749549","chr20","41234108","41234268","54","28484729"
"KQ057909v1","12754231","12754381","chr19","31159211","31159360","43","18404980"
"KQ057909v1","12782747","12782813","chr14","114903398","114903465","17","102120651"
"KQ057909v1","13116636","13116833","chr7","88079364","88079575","59","74962728"
"KQ057909v1","13227402","13227456","chr20","39302037","39302091","16","26074635"
"KQ057909v1","13375120","13375287","chr9","86686072","86686226","50","73310952"
"KQ057909v1","13382586","13382822","chr9","66362561","66362793","47","52979975"
"KQ057909v1","13992447","13992548","chrX","37576686","37576788","21","23584239"
"KQ057909v1","14543196","14543280","chr1","190655363","190655447","19","176112167"
"KQ057909v1","15481327","15481418","chr1","92942038","92942134","23","77460711"
"KQ057910v1","271514","271645","chr11","121355024","121355150","30","121083510"
"KQ057910v1","300996","301218","chr7","106782234","106782446","53","106481238"
"KQ057910v1","320437","320520","chr16","73575271","73575350","15","73254834"
"KQ057910v1","383028","383219","chr19","38937812","38937998","37","38554784"
"KQ057910v1","400699","400880","chr6","113014437","113014607","44","112613738"
"KQ057910v1","406799","406952","chr8","93072698","93072851","36","92665899"
"KQ057910v1","408347","408521","chr7","127252042","127252214","44","126843695"
"KQ057910v1","412354","412533","chr13","8750207","8750376","46","8337853"
"KQ057910v1","595287","595394","chr19","13281071","13281170","33","12685784"
"KQ057910v1","729115","729236","chr11","118242293","118242413","34","117513178"
"KQ057910v1","729537","729712","chr4","146081163","146081333","38","145351626"
"KQ057910v1","1450215","1450471","chr4","118574058","118574304","58","117123843"
"KQ057910v1","1490356","1490503","chr3","35842007","35842153","30","34351651"
"KQ057910v1","1555402","1555569","chr1","8856801","8856959","42","7301399"
"KQ057910v1","1579972","1580099","chr9","43616944","43617066","42","42036972"
"KQ057910v1","1616165","1616311","chr1","179353901","179354033","30","177737736"
"KQ057910v1","1643617","1643689","chr10","29611349","29611418","24","27967732"
"KQ057910v1","1688387","1688584","chr5","142976347","142976541","39","141287960"
"KQ057910v1","1689338","1689468","chr1","25088477","25088615","31","23399139"
"KQ057910v1","1814088","1814261","chr14","106156925","106157089","35","104342837"
"KQ057910v1","1841688","1841761","chr17","76114979","76115055","18","74273291"
"KQ057910v1","1896255","1896423","chr19","10014739","10014903","44","8118484"
"KQ057910v1","2008826","2009026","chr7","39261265","39261454","52","37252439"
"KQ057910v1","2622787","2622968","chr7","42632376","42632554","43","40009589"
"KQ057910v1","2698890","2699088","chr20","30935460","30935643","54","28236570"
"KQ057910v1","2701375","2701551","chr2","87333498","87333670","40","84632123"
"KQ057910v1","2887988","2888128","chr13","8734201","8734342","29","5846213"
"KQ057910v1","3074052","3074305","chr2","155085621","155085851","85","152011569"
"KQ057910v1","3086123","3086224","chr10","61295538","61295626","28","58209415"
"KQ057910v1","3102468","3102679","chr1","26922470","26922675","76","23820002"
"KQ057910v1","3111350","3111443","chr2","94905779","94905869","20","91794429"
"KQ057910v1","3111782","3112010","chr8","39065455","39065676","49","35953673"
"KQ057910v1","3166917","3167132","chr19","44500663","44500861","62","41333746"
"KQ057910v1","3295371","3295539","chr12","93781048","93781191","52","90485677"
"KQ057911v1","19506","19714","chr13","85769217","85769425","59","85749711"
"KQ057911v1","77165","77308","chr2","172227852","172227991","25","172150687"
"KQ057911v1","225099","225251","chr6","16762742","16762891","37","16537643"
"KQ057911v1","226265","226409","chr11","118864512","118864657","32","118638247"
"KQ057911v1","622440","622619","chr4","102293007","102293184","34","101670567"
"KQ057911v1","764085","764195","chr9","96286117","96286223","35","95522032"
"KQ057922v1","183728","183870","chr14","115035774","115035918","30","114852046"
"KQ057922v1","184064","184236","chr16","18166958","18167135","48","17982894"
"KQ057922v1","1249164","1249361","chr5","148194407","148194588","52","146945243"
"KQ057931v1","220566","220654","chr10","72078487","72078573","16","71857921"
"KQ057931v1","689752","689959","chr13","53110147","53110349","62","52420395"
"KQ057934v1","4986","5122","chr6","167210861","167210986","42","167205875"
"KQ057938v1","1264353","1264530","chr3","88145926","88146099","44","86881573"
"KQ057947v1","275272","275433","chr18","4049557","4049717","40","3774285"
"KQ057958v1","614","696","chr19","29546534","29546620","26","29545920"
"KQ057989v1","223","300","chrX","60068044","60068118","13","60067821"
"KQ057995v1","66312","66870","chr19","3931905","3932285","273","3865593"
"KQ058004v1","709518","709634","chr9","43217699","43217811","31","42508181"
"KQ058004v1","771747","771892","chr2","94162758","94162902","44","93391011"
"KQ058004v1","830199","830357","chr1","14934763","14934906","40","14104564"
"KQ058004v1","1103028","1103222","chr1","28085364","28085559","52","26982336"
"KQ058004v1","1208010","1208250","chr2","167519566","167519802","57","166311556"
"KQ058004v1","1395051","1395211","chr10","27103446","27103605","44","25708395"
"KQ058004v1","1396772","1396891","chr2","135456842","135456958","29","134060070"
"KQ058004v1","1417681","1417922","chr5","72469347","72469584","61","71051666"
"KQ058004v1","1849644","1849675","chr1","24029915","24029937","12","22180271"
"KQ058004v1","1850550","1850720","chr5","50152916","50153087","31","48302366"
"KQ058004v1","1988014","1988185","chr4","109440638","109440824","44","107452624"
"KQ058004v1","2029995","2030033","chr1","164363057","164363097","10","162333062"
"KQ058004v1","2509548","2509740","chr2","50393618","50393797","53","47884070"
"KQ058004v1","2534629","2534833","chrX","5789446","5789647","40","3254817"
"KQ058004v1","3220565","3220738","chr10","60947221","60947393","41","57726656"
"KQ058004v1","3225837","3225974","chr1","94789361","94789497","29","91563524"
"KQ058004v1","3226431","3226577","chr18","53970803","53970943","27","50744372"
"KQ058004v1","3337410","3337561","chrX","62139974","62140128","31","58802564"
"KQ058004v1","3810126","3810368","chrX","87386178","87386385","63","83576052"
"KQ058004v1","3941346","3941519","chrX","50777688","50777855","44","46836342"
"KQ058004v1","4043548","4043810","chrX","15959436","15959686","74","11915888"
"KQ058005v1","773548","773679","chr3","162197994","162198125","30","161424446"
"KQ058023v1","81688","81844","chr12","59008948","59009089","59","58927260"
"KQ058033v1","359422","359565","chr3","161255144","161255276","44","160895722"
"KQ058042v1","225798","225877","chr2","186154334","186154414","25","185928536"
"KQ058042v1","231621","231765","chr20","36583367","36583513","27","36351746"
"KQ058050v1","602475","602534","chr1","38920498","38920555","15","38318023"
"KQ058050v1","602863","602877","chr1","197479470","197479484","1","196876607"
"KQ058050v1","615300","615356","chr1","38920498","38920555","16","38305198"
"KQ058050v1","627155","627241","chr4","51815470","51815554","16","51188315"
"KQ058050v1","627567","627708","chr1","129471737","129471875","42","128844170"
"KQ058050v1","984992","985084","chr14","10540730","10540819","25","9555738"
"KQ058065v1","291936","292206","chr10","26059826","26060100","73","25767890"
"KQ058065v1","370697","370770","chrX","1459697","1459768","19","1089000"
"KQ058065v1","698137","698216","chr7","75547640","75547719","20","74849503"
"KQ058065v1","890262","890422","chr1","196482138","196482295","31","195591876"
"KQ058076v1","978","1281","chr3","84807089","84807372","90","84806111"
"KQ058076v1","48081","48158","chr5","121746064","121746139","17","121697983"
"KQ058076v1","110201","110305","chr15","55907244","55907342","23","55797043"
"KQ058076v1","255204","255265","chr4","46781188","46781249","15","46525984"
"KQ058076v1","1048006","1048318","chr1","125173519","125173808","93","124125513"
"KQ058084v1","34078","34096","chr1","136304125","136304143","4","136270047"
"KQ058084v1","37056","37336","chr1","35664140","35664429","65","35627084"
"KQ058084v1","424562","424825","chr8","25673121","25673383","78","25248559"
"KQ058084v1","553782","553938","chr2","67925671","67925816","36","67371889"
"KQ058084v1","732867","733077","chr4","42686105","42686316","41","41953238"
"KQ058084v1","921156","921423","chr10","435831","436104","60","485325"
"KQ058084v1","1097786","1097952","chr9","97106507","97106675","47","96008721"
"KQ058084v1","1664254","1664485","chr5","145437734","145437976","59","143773480"
"KQ058092v1","3950","4095","chr16","6849095","6849248","33","6845145"
"KQ058092v1","5980","6100","chr1","64026914","64027031","32","64020934"
"KQ058094v1","2544457","2544626","chr18","50714690","50714852","34","48170233"
"KQ058094v1","2844026","2844223","chr20","63867225","63867422","58","61023199"
"KQ058094v1","3273211","3273348","chr7","160072024","160072150","36","156798813"
"KQ058094v1","3273386","3273478","chr7","156362019","156362111","14","153088633"
"KQ058094v1","3827773","3828036","chr1","203437600","203437853","70","199609827"
"KQ058094v1","3900242","3900310","chr4","21192049","21192120","12","17291807"
"KQ058094v1","4532425","4532518","chr7","160073797","160073898","33","155541372"
"KQ058094v1","4643161","4643276","chr8","71705519","71705629","28","67062358"
"KQ058094v1","4644450","4644556","chr20","26989757","26989877","37","22345307"
"KQ058094v1","4744304","4744349","chrX","11206122","11206160","15","6461818"
"KQ058094v1","5227363","5227485","chr9","8229652","8229756","41","3002289"
"KQ058094v1","5357688","5357750","chr20","33847675","33847739","12","28489987"
"KQ058094v1","5437110","5437255","chr11","42209137","42209279","30","36772027"
"KQ058094v1","5444122","5444265","chr11","42209137","42209279","30","36765015"
"KQ058094v1","5858022","5858122","chr11","50095456","50095550","30","44237434"
"KQ058094v1","5860902","5861091","chr9","52027191","52027380","42","46166289"
"KQ058094v1","5926741","5926893","chr13","8219169","8219312","40","2292428"
"KQ058094v1","5926900","5926981","chr3","47673139","47673219","28","41746239"
"KQ058094v1","5985905","5986039","chr9","12259898","12260026","33","6273993"
"KQ058094v1","6448407","6448497","chr20","19887217","19887309","24","13438810"
"KQ058094v1","6449279","6449511","chr6","65041124","65041348","65","58591845"
"KQ058094v1","6515475","6515593","chr10","17462345","17462444","44","10946870"
"KQ058094v1","6585246","6585398","chr19","14673246","14673394","34","8088000"
"KQ058094v1","6715844","6716042","chr13","69147995","69148175","53","62432151"
"KQ058094v1","6717078","6717274","chr13","69147995","69148175","54","62430917"
"KQ058094v1","6836940","6837027","chr8","80793317","80793409","24","73956377"
"KQ058094v1","6954997","6955101","chr10","81582235","81582334","29","74627238"
"KQ058094v1","6968358","6968513","chr1","47596342","47596495","33","40627984"
"KQ058094v1","7421800","7421875","chrX","43866307","43866378","22","36444507"
"KQ058094v1","7536411","7536685","chr16","45273398","45273615","103","37736987"
"KQ058094v1","7949131","7949259","chr15","36676455","36676583","22","28727324"
"KQ058094v1","7950222","7950375","chr4","101451761","101451910","46","93501539"
"KQ058094v1","7968295","7968393","chr20","39098018","39098105","24","31129723"
"KQ058095v1","382782","382840","chr15","5773431","5773490","13","5390649"
"KQ058113v1","242331","242503","chr5","2156547","2156717","38","1914216"
"KQ058113v1","373753","373895","chr9","19767173","19767318","32","19393420"
"KQ058122v1","45078","45248","chr12","13614701","13614861","41","13569623"
"KQ058122v1","57959","58131","chr20","3451155","3451327","44","3393196"
"KQ058122v1","61088","61223","chr4","7082390","7082520","36","7021302"
"KQ058122v1","557472","557617","chrX","38403661","38403796","39","37846189"
"KQ058122v1","565687","565870","chr8","78777591","78777773","38","78211904"
"KQ058129v1","279884","280000","chr13","14686139","14686251","27","14406255"
"KQ058129v1","332950","333142","chr16","67581540","67581735","51","67248590"
"KQ058129v1","362409","362647","chr9","57742865","57743108","58","57380456"
"KQ058129v1","363002","363075","chr6","61627781","61627859","13","61264779"
"KQ058129v1","490219","490324","chr6","121525875","121525984","28","121035656"
"KQ058129v1","651719","651898","chr3","66443406","66443586","54","65791687"
"KQ058136v1","397907","398002","chrX","347434","347526","21","50473"
"KQ058136v1","567650","567816","chr2","69278535","69278696","43","68710885"
"KQ058136v1","740730","740944","chr13","11259542","11259730","60","10518812"
"KQ058136v1","1051622","1051784","chr13","93024819","93024980","32","91973197"
"KQ058136v1","1052012","1052165","chr20","14676946","14677094","32","13624934"
"KQ058146v1","224094","224170","chr9","85194339","85194418","18","84970245"
"KQ058146v1","225912","226026","chr16","50880429","50880544","26","50654517"
"KQ058155v1","651252","651400","chr3","47000399","47000547","36","46349147"
"KQ058155v1","1325289","1325362","chr4","150935049","150935121","15","149609760"
"KQ058164v1","96739","96749","chr3","41735084","41735095","1","41638345"
"KQ058164v1","97064","97227","chr15","34718030","34718193","31","34620966"
"KQ058164v1","97272","97321","chr10","6986316","6986363","12","6889044"
"KQ058164v1","98635","98873","chr20","65884016","65884236","62","65785381"
"KQ058164v1","100640","100692","chr10","6986316","6986363","14","6885676"
"KQ058164v1","101007","101108","chr17","1041922","1042017","29","940915"
"KQ058173v1","1583465","1583633","chrX","49524523","49524692","33","47941058"
"KQ058183v1","9671","9791","chr13","68745274","68745390","30","68735603"
"KQ058183v1","102319","102506","chr3","45327162","45327342","44","45224843"
"KQ058183v1","127270","127375","JH682036","368317","368428","31","241047"
"KQ058183v1","560446","560596","chr1","25088918","25089068","34","24528472"
"KQ058183v1","1001902","1002090","chr9","1025973","1026154","58","24071"
"KQ058183v1","1816108","1816281","chrX","1974259","1974432","34","158151"
"KQ058183v1","1901652","1901927","chr1","69430164","69430437","64","67528512"
"KQ058183v1","2048975","2049147","chr11","119371471","119371636","40","117322496"
"KQ058183v1","2241029","2241305","chr9","51491182","51491455","52","49250153"
"KQ058183v1","3146487","3146641","chr7","38982370","38982525","30","35835883"
"KQ058183v1","3486299","3486411","chr2","44969428","44969529","40","41483129"
"KQ058183v1","3488715","3488794","chr1","63958307","63958385","22","60469592"
"KQ058183v1","3526081","3526229","chr2","100069015","100069158","34","96542934"
"KQ058183v1","3716686","3716827","chr2","94162758","94162902","40","90446072"
"KQ058183v1","3758238","3758307","chr2","157878493","157878571","23","154120255"
"KQ058183v1","3786694","3786824","chr7","130856224","130856355","33","127069530"
"KQ058183v1","4471815","4471928","chr19","25480204","25480305","30","21008389"
"KQ058184v1","132091","132167","chr16","48034424","48034495","14","47902333"
"KQ058184v1","945761","945952","chr1","117073885","117074067","40","116128124"
"KQ058184v1","1456709","1456774","chr6","92733514","92733569","17","91276805"
"KQ058184v1","1456933","1457001","chr1","154834065","154834128","16","153377132"
"KQ058190v1","235068","235217","chr2","85186845","85186987","44","84951777"
"KQ058190v1","1114788","1114862","chr3","10761706","10761770","18","9646918"
"KQ058199v1","1084160","1084239","chr4","39127753","39127828","18","38043593"
"KQ058199v1","1765102","1765262","chr17","52288534","52288690","35","50523432"
"KQ058207v1","287761","287905","chr4","103199591","103199725","33","102911830"
"KQ058207v1","1238834","1238872","chr17","52436","52475","11","1186398"
"KQ058207v1","1668140","1668314","chr7","59401852","59402031","33","57733712"
"KQ058215v1","811172","811330","JH682236","137687","137848","37","673485"
"KQ058226v1","30650","30736","chr19","17931953","17932032","22","17901303"
"KQ058226v1","346140","346293","chrX","141852416","141852573","43","141506276"
"KQ058226v1","668065","668164","chr1","44874800","44874895","26","44206735"
"KQ058226v1","693141","693247","chr7","33765401","33765487","31","33072260"
"KQ058242v1","604473","604636","chrX","45548301","45548451","38","44943828"
"KQ058248v1","384216","384336","chr5","113075185","113075293","31","112690969"
"KQ058248v1","838299","838450","chr19","6442740","6442894","27","5604441"
"KQ058248v1","957261","957557","chr7","111616505","111616808","67","110659244"
"KQ058248v1","1136285","1136344","chr5","139369160","139369219","13","138232875"
"KQ058249v1","564182","564211","chr7","109508628","109508653","5","108944446"
"KQ058249v1","565757","565895","chr7","147325809","147325945","41","146760052"
"KQ058249v1","797819","797966","chr14","8680388","8680533","29","7882569"
"KQ058249v1","884198","884337","chr5","96779555","96779693","33","95895357"
"KQ058249v1","889643","889801","chr12","98326952","98327107","35","97437309"
"KQ058249v1","985322","985561","chr15","42797071","42797304","63","41811749"
"KQ058250v1","182339","182628","chr2","144685437","144685719","69","144503098"
"KQ058250v1","645817","645991","chr14","29022158","29022328","37","28376341"
"KQ058250v1","736881","737067","chr5","148194407","148194588","42","147457526"
"KQ058250v1","1951941","1952068","chr6","131471826","131471944","33","129519885"
"KQ058252v1","371345","371582","chr9","24121613","24121829","92","23750268"
"KQ058252v1","504869","505010","chr2","172227852","172227991","33","171722983"
"KQ058253v1","74836","74913","chr11","64818561","64818638","21","64743725"
"KQ058253v1","1229308","1229417","chr1","139358754","139358864","34","138129446"
"KQ058255v1","1151827","1151930","chr4","36507579","36507679","23","35355752"
"KQ058255v1","1152285","1152479","chr1","179906915","179907105","40","178754630"
"KQ058256v1","98122","98242","chr15","34119100","34119199","36","34020978"
"KQ058257v1","252411","252592","chr13","72624626","72624806","37","72372215"
"KQ058257v1","727032","727093","chr7","72859659","72859719","14","72132627"
"KQ058258v1","222588","222658","chr1","202762251","202762322","17","202539663"
"KQ058258v1","298826","298982","chr9","102282987","102283142","42","101984161"
"KQ058259v1","1708578","1708665","chr14","17402873","17402953","22","15694295"
"KQ058261v1","261274","261429","chr1","29633027","29633165","47","29371753"
"KQ058261v1","261747","261852","chrX","124275818","124275924","24","124014071"
"KQ058261v1","543448","543619","chr8","40914201","40914362","41","40370753"
"KQ058261v1","627223","627415","chr6","50493580","50493774","48","49866357"
"KQ058261v1","1344966","1345102","chr7","58992652","58992774","37","57647686"
"KQ058265v1","508953","509110","chr19","16637554","16637714","43","16128601"
"KQ058266v1","748887","748980","chrX","19672480","19672579","22","18923593"
"KQ058266v1","899309","899436","chr6","133747828","133747953","31","132848519"
"KQ058266v1","1044935","1045128","chr2","88109384","88109555","47","87064449"
"KQ058266v1","1065959","1066055","chr7","130455229","130455326","33","129389270"
"KQ058267v1","858777","858940","chr9","26187477","26187648","38","25328700"
"KQ058268v1","556711","556788","chrX","99039175","99039252","19","98482464"
"KQ058270v1","899372","899445","chrX","1459697","1459768","10","560325"
"KQ058272v1","83256","83316","chr6","33215730","33215788","18","33132474"
"KQ058272v1","3595318","3595447","chr7","53192193","53192325","41","49596875"
"KQ058272v1","3596018","3596163","chr3","39721292","39721434","27","36125274"
"KQ058272v1","4255385","4255531","chr14","19237063","19237212","39","14981678"
"KQ058272v1","4259718","4259732","chr16","17162483","17162494","4","12902765"
"KQ058272v1","4259733","4259848","chr8","17924589","17924707","28","13664856"
"KQ058272v1","4286107","4286299","chrX","92618497","92618682","51","88332390"
"KQ058272v1","4354147","4354256","chr15","27166496","27166599","34","22812349"
"KQ058272v1","4357408","4357469","chr5","139369160","139369219","15","135011752"
"KQ058272v1","4558512","4558601","chr6","40436931","40437009","26","35878419"
"KQ058272v1","5264497","5264559","chr1","203526304","203526368","18","198261807"
"KQ058272v1","5266107","5266300","chr8","101766934","101767121","57","96500827"
"KQ058272v1","5281435","5281554","chr13","22554936","22555065","27","17273501"
"KQ058272v1","5282094","5282261","chr20","26120114","26120281","41","20838020"
"KQ058272v1","5402959","5403218","chr5","137597689","137597951","99","132194730"
"KQ058272v1","5572051","5572140","chr11","110032530","110032623","24","104460479"
"KQ058272v1","5572241","5572321","chr19","40861806","40861886","20","35289565"
"KQ058272v1","5572643","5572781","chr5","140538188","140538325","25","134965545"
"KQ058272v1","5614582","5614732","chr9","102282987","102283142","32","96668405"
"KQ058272v1","5643659","5643787","chr1","85858415","85858535","30","80214756"
"KQ058272v1","5741186","5741360","chr6","69384842","69385010","47","63643656"
"KQ058272v1","5768885","5769057","chr1","25816699","25816864","34","20047814"
"KQ058272v1","5855978","5856156","chr5","142829886","142830060","34","136973908"
"KQ058272v1","5939179","5939442","chr14","108115660","108115925","59","102176481"
"KQ058272v1","5939498","5939676","chr4","129155085","129155246","67","123215587"
"KQ058272v1","6191631","6191697","chr1","41706824","41706888","16","35515193"
"KQ058272v1","6527143","6527202","chr17","5229220","5229284","14","1297923"
"KQ058272v1","6718551","6718676","chr3","51679299","51679431","45","44960748"
"KQ058272v1","6737314","6737488","chr14","14251678","14251853","34","7514364"
"KQ058272v1","6839771","6839844","chr16","48034424","48034495","13","41194653"
"KQ058274v1","78791","79083","chr13","102913751","102914038","58","102834960"
"KQ058274v1","398306","398429","chr6","92522276","92522403","37","92123970"
"KQ058274v1","460771","460908","chr1","162457286","162457410","52","161996515"
"KQ058274v1","523544","523723","chr4","102293007","102293184","44","101769463"
"KQ058275v1","45876","46018","chr10","12286075","12286221","26","12240199"
"KQ058275v1","75680","75821","chr7","17380001","17380145","28","17304321"
"KQ058275v1","109928","110068","chr10","12286075","12286221","28","12176147"
"KQ058275v1","138902","139206","chr9","105759457","105759768","57","105620555"
"KQ058275v1","395599","395769","chr16","69823969","69824116","49","69428370"
"KQ058275v1","754983","755277","chrX","36812579","36812875","79","36057596"
"KQ058277v1","118945","118968","chr7","24994090","24994113","6","24875145"
"KQ058277v1","119400","119591","chrX","140774146","140774339","53","140654746"
"KQ058277v1","227615","227787","chr7","19543158","19543338","45","19315543"
"KQ058277v1","960556","960729","chr3","37137302","37137467","44","36176746"
"KQ058280v1","757513","757669","chr9","117454660","117454814","35","116697147"
"KQ058280v1","1000842","1000903","chr13","46870270","46870337","19","45869428"
"KQ058281v1","338220","338297","chr1","130442089","130442168","18","130103869"
"KQ058282v1","86870","87093","chr19","14968226","14968454","51","14881356"
"KQ058283v1","102424","102507","chr3","45654124","45654206","18","45551700"
"KQ058283v1","698803","698890","chr20","4769930","4770006","26","4071127"
"KQ058283v1","698892","699010","chr7","17489983","17490098","26","16791091"
"KQ058283v1","2974623","2974694","chr6","46844985","46845057","17","43870362"
"KQ058283v1","3365997","3366161","chr19","28878226","28878376","46","25512229"
"KQ058283v1","6007844","6008008","chr1","217829770","217829919","46","211821926"
"KQ058285v1","339193","339483","chr1","152329506","152329760","104","151990313"
"KQ058286v1","168796","168947","chr7","5302274","5302409","46","5133478"
"KQ058286v1","169231","169347","chr9","29852889","29853005","24","29683658"
"KQ058286v1","825275","825436","chr10","35741462","35741610","40","34916187"
"KQ058287v1","626320","626609","chr12","51721795","51722090","64","51095475"
"KQ058287v1","868185","868380","chr3","34928881","34929071","45","34060696"
"KQ058288v1","127266","127338","chr3","149872986","149873058","15","149745720"
"KQ058288v1","142707","142776","chr3","149872986","149873058","17","149730279"
"KQ058288v1","484852","484998","chr10","14521743","14521885","34","14036891"
"KQ058288v1","901850","902022","chr7","117936452","117936611","45","117034602"
"KQ058288v1","998142","998452","chr11","115869443","115869748","61","114871301"
"KQ058288v1","1003692","1003782","chr19","44453272","44453363","20","43449580"
"KQ058290v1","60328","60539","chr5","13004468","13004663","68","12944140"
"KQ058290v1","74613","74768","chr7","17056742","17056895","34","16982129"
"KQ058290v1","320096","320233","chr17","76603127","76603265","24","76283031"
"KQ058290v1","445106","445230","chr3","75058198","75058312","34","74613092"
"KQ058290v1","445722","445748","chr1","117411747","117411773","7","116966025"
"KQ058290v1","507537","507604","chr11","72246771","72246840","13","71739234"
"KQ058290v1","721177","721261","chr12","30624477","30624557","23","29903300"
"KQ058290v1","722508","722738","chr10","58189027","58189255","52","57466519"
"KQ058291v1","18147","18307","chr8","40914201","40914362","30","40896054"
"KQ058291v1","60843","61011","chr14","8801510","8801681","51","8740667"
"KQ058291v1","300933","301004","chr4","150935049","150935121","13","150634116"
"KQ058291v1","313850","313997","chr10","39230075","39230230","35","38916225"
"KQ058291v1","496938","497143","chrX","38827879","38828072","53","38330941"
"KQ058291v1","864459","864602","chr5","78587456","78587592","27","77722997"
"KQ058291v1","870512","870667","chr20","15083166","15083314","33","14212654"
"KQ058292v1","337917","337996","chr1","202762251","202762322","20","202424334"
"KQ058292v1","351059","351315","chr4","40486396","40486648","93","40135337"
"KQ058293v1","1088803","1088983","chr6","169206147","169206334","61","168117344"
"KQ058293v1","1152552","1152589","chr9","43545606","43545644","9","42393054"
"KQ058294v1","1284804","1284985","chr11","49289024","49289207","49","48004220"
"KQ058294v1","1286304","1286441","chr3","42735743","42735880","31","41449439"
"KQ058294v1","2232687","2232772","chr2","97005530","97005612","23","94772843"
"KQ058294v1","5259267","5259343","chrX","99039175","99039252","14","93779908"
"KQ058294v1","5607702","5607994","chr4","153723310","153723616","91","148115608"
"KQ058294v1","6338013","6338127","chr20","29290541","29290642","26","22952528"
"KQ058294v1","6499618","6499906","chr8","139338629","139338922","65","132839011"
"KQ058294v1","8144743","8144838","chr1","994671","994766","25","7150072"
"KQ058295v1","15425","15704","chr5","154828432","154828712","61","154813007"
"KQ058295v1","212890","213136","chr3","150707818","150708068","65","150494928"
"KQ058295v1","520062","520204","chr1","142371098","142371243","31","141851036"
"KQ058295v1","522947","523113","chr16","56769527","56769696","40","56246580"
"KQ058299v1","196922","197082","chr15","90520160","90520315","34","90323238"
"KQ058299v1","450267","450382","chr14","12690890","12691001","26","12240623"
"KQ058299v1","450872","451049","chr8","39762759","39762933","50","39311887"
"KQ058299v1","786982","787048","chr1","41706824","41706888","12","40919842"
"KQ058299v1","1007449","1007663","chr2","155876969","155877184","76","154869520"
"KQ058299v1","1008125","1008184","chr20","10976550","10976613","12","9968425"
"KQ058299v1","1274150","1274261","chr1","213956995","213957102","22","212682845"
"KQ058300v1","340640","340691","chr11","121742736","121742790","11","121402096"
"KQ058300v1","342109","342342","chr16","52706823","52707059","57","52364714"
"KQ058300v1","512174","512310","chr3","152592857","152592987","36","152080683"
"KQ058303v1","24567","24710","chr16","495696","495837","39","471129"
"KQ058303v1","1258850","1259053","chr12","42067679","42067875","51","40808829"
"KQ058304v1","108282","108367","chr11","121991680","121991756","23","121883398"
"KQ058305v1","1093440","1093613","chr7","37755730","37755904","31","36662290"
"KQ058305v1","1106086","1106269","chr4","15950711","15950896","52","14844625"
"KQ058305v1","1934737","1934819","chrX","122790606","122790686","10","120855869"
"KQ058305v1","2003290","2003397","chr15","51691816","51691919","23","49688526"
"KQ058305v1","2009364","2009447","chrX","122790606","122790686","14","120781242"
"KQ058305v1","2616721","2616768","chr6","29753449","29753493","19","27136728"
"KQ058305v1","2617416","2617672","chr16","40004289","40004549","70","37386873"
"KQ058305v1","3023426","3023495","chr1","42852789","42852856","17","39829363"
"KQ058305v1","3247623","3247763","chr1","131957481","131957601","48","128709858"
"KQ058305v1","3272422","3272630","chr1","66887413","66887590","70","63614991"
"KQ058305v1","3710729","3710893","chr15","96808393","96808554","46","93097664"
"KQ058305v1","3999153","3999313","chr1","47596342","47596495","43","43597189"
"KQ058305v1","4866546","4866658","chr5","60203021","60203131","24","55336475"
"KQ058305v1","5170847","5171093","chr7","133204294","133204530","79","128033447"
"KQ058305v1","5278658","5278674","chr10","16718740","16718756","3","11440082"
"KQ058305v1","5282073","5282366","chr2","76669795","76670086","57","71387722"
"KQ058305v1","5528915","5529103","chr1","117073885","117074067","42","111544970"
"KQ058308v1","441669","441858","JH682036","329577","329763","48","112092"
"KQ058309v1","346478","346575","chr1","117616104","117616201","19","117269626"
"KQ058310v1","223411","223582","chrX","7097328","7097502","33","6873917"
"KQ058310v1","256354","256469","chr16","22725404","22725514","43","22469050"
"KQ058313v1","272690","272804","chr5","148463280","148463383","30","148190590"
"KQ058313v1","381263","381476","chr4","133002915","133003130","69","132621652"
"KQ058313v1","1267280","1267341","chr16","23924156","23924211","12","22656876"
"KQ058313v1","1267388","1267522","chr4","102481242","102481378","35","101213854"
"KQ058313v1","2549721","2549806","chr1","131366815","131366896","27","128817094"
"KQ058313v1","3568478","3568549","chr1","11639035","11639105","12","8070557"
"KQ058315v1","254257","254398","chrX","864241","864385","30","609984"
"KQ058315v1","254396","254453","chr10","31547305","31547359","9","31292909"
"KQ058315v1","417823","417983","chr11","50074022","50074182","37","49656199"
"KQ058316v1","1220591","1220757","chr10","17606488","17606653","33","16385897"
"KQ058316v1","1326992","1327253","chr6","166241667","166241965","79","164914675"
"KQ058316v1","1330704","1330852","chr4","152516317","152516477","40","151185613"
"KQ058316v1","1374888","1374980","chr1","4112129","4112225","27","2737241"
"KQ058316v1","1375924","1376057","chr1","4377926","4378058","32","3002002"
"KQ058316v1","1389367","1389570","chr11","6231840","6232010","76","4842473"
"KQ058316v1","1573249","1573416","chrX","106861512","106861669","42","105288263"
"KQ058316v1","1727243","1727532","chr6","42766269","42766565","69","41039026"
"KQ058316v1","2045739","2045881","chr20","11717166","11717323","32","9671427"
"KQ058316v1","2047828","2047949","chr11","84380060","84380177","35","82332232"
"KQ058316v1","2098227","2098325","chr9","14031705","14031802","23","11933478"
"KQ058316v1","2657733","2657944","chr4","103435082","103435278","64","100777349"
"KQ058316v1","2681419","2681611","chrX","92618497","92618682","40","89937078"
"KQ058316v1","2922927","2922938","chr10","63894628","63894640","2","60971701"
"KQ058316v1","2923247","2923439","chr7","31022042","31022218","53","28098795"
"KQ058316v1","2938716","2938887","chr18","54780565","54780737","44","51841849"
"KQ058316v1","2942860","2943117","chr9","94081004","94081269","70","91138144"
"KQ058316v1","2957289","2957476","chrX","92618497","92618682","40","89661208"
"KQ058316v1","3041236","3041373","chr1","9667266","9667402","23","6626030"
"KQ058316v1","3074248","3074351","chr1","2156714","2156806","32","917534"
"KQ058316v1","3198789","3198871","chr3","9353376","9353462","16","6154587"
"KQ058316v1","3207030","3207184","chr1","47596342","47596495","46","44389312"
"KQ058316v1","4053826","4054007","chr1","13980322","13980494","56","9926496"
"KQ058316v1","5508468","5508608","chr20","3030594","3030728","21","2477874"
"KQ058316v1","5511876","5512004","chr5","36065215","36065339","29","30553339"
"KQ058316v1","5676924","5677075","chr3","55443372","55443530","31","49766448"
"KQ058316v1","5678733","5678874","chr10","31505962","31506101","22","25827229"
"KQ058316v1","6322818","6322976","chr3","38910368","38910526","36","32587550"
"KQ058317v1","1819993","1820130","chr20","10025046","10025182","31","8205053"
"KQ058317v1","1950039","1950309","chr11","88643601","88643856","64","86693562"
"KQ058317v1","3803229","3803435","chr17","78471086","78471284","59","74667857"
"KQ058317v1","3974294","3974378","chr20","8298660","8298739","18","4324366"
"KQ058317v1","4117899","4118070","chr5","137844689","137844860","31","133726790"
"KQ058317v1","5369412","5369534","chr3","152474105","152474228","21","147104693"
"KQ058318v1","39994","40267","chr7","43636521","43636808","77","43596527"
"KQ058318v1","587927","588046","chr16","53428177","53428290","31","52840250"
"KQ058319v1","17926","18047","chr5","72211322","72211444","27","72193396"
"KQ058320v1","318018","318218","chr1","93016186","93016399","57","92698168"
"KQ058320v1","318308","318409","chr1","64356404","64356510","26","64038096"
"KQ058320v1","716801","716940","chr20","3666462","3666602","50","2949661"
"KQ058321v1","54408","54573","chr3","88142432","88142595","60","88088024"
"KQ058321v1","104847","104917","chr6","134194500","134194566","15","134089653"
"KQ058321v1","152855","153011","chr17","50631400","50631554","31","50478545"
"KQ058321v1","318445","318535","chr7","17236032","17236126","29","16917587"
"KQ058321v1","733901","734052","chr4","151693413","151693549","42","150959512"
"KQ058321v1","855911","856011","chr4","144853856","144853955","31","143997945"
"KQ058322v1","469837","469981","chr14","11249494","11249646","33","10779657"
"KQ058325v1","264086","264243","chr10","27501941","27502094","28","27237855"
"KQ058325v1","661231","661520","chr1","22940926","22941211","76","22279695"
"KQ058325v1","1410421","1410526","chr16","37963523","37963619","31","36553102"
"KQ058325v1","1410741","1410883","chr16","37923406","37923540","36","36512665"
"KQ058325v1","1501407","1501641","chr4","143477926","143478172","95","141976519"
"KQ058325v1","2839598","2839672","chr2","78246320","78246395","17","75406722"
"KQ058328v1","503380","503511","chr1","142003645","142003771","26","141500265"
"KQ058328v1","634416","634533","chrX","43701261","43701368","24","43066845"
"KQ058328v1","856300","856460","chr16","49977243","49977401","58","49120943"
"KQ058328v1","1766626","1766694","chr11","10965164","10965235","16","9198538"
"KQ058328v1","1879529","1879719","chr2","149685908","149686075","48","147806379"
"KQ058328v1","2689241","2689378","chr3","48092229","48092363","23","45402988"
"KQ058328v1","2822820","2822960","chr20","36795194","36795340","31","33972374"
"KQ058328v1","2860001","2860149","chr10","2060472","2060601","41","799529"
"KQ058328v1","3246868","3247006","chr19","23762854","23762988","31","20515986"
"KQ058328v1","3279771","3279861","chr9","16601180","16601266","20","13321409"
"KQ058328v1","4032761","4032951","chr1","125182406","125182592","46","121149645"
"KQ058328v1","4643223","4643295","chr5","79930418","79930496","18","75287195"
"KQ058328v1","5603693","5603777","chr4","2744439","2744523","18","2859254"
"KQ058328v1","5660670","5660941","chr3","155599535","155599816","64","149938865"
"KQ058328v1","7231217","7231306","chr1","17984282","17984371","18","10753065"
"KQ058328v1","7499829","7500000","chr3","2024698","2024867","36","5475131"
"KQ058328v1","7622446","7622623","chr13","7960128","7960302","37","337682"
"KQ058329v1","325286","325417","chr13","61100120","61100249","25","60774834"
"KQ058329v1","325747","325941","chr20","30935460","30935643","54","30609713"
"KQ058329v1","330799","330930","chr13","61100120","61100249","25","60769321"
"KQ058329v1","331260","331453","chr20","30935460","30935643","53","30604200"
"KQ058329v1","475449","475561","chr3","109504048","109504163","20","109028599"
"KQ058330v1","346258","346379","chr4","152807333","152807454","18","152461075"
"KQ058330v1","346908","347067","chr3","55443372","55443530","30","55096464"
"KQ058333v1","297194","297393","chr3","34928881","34929071","46","34631687"
"KQ058333v1","922791","922930","chr19","30417844","30417976","44","29495053"
"KQ058333v1","1846118","1846203","chr5","60708817","60708902","20","58862699"
"KQ058334v1","67208","67385","chr14","84109323","84109498","39","84042115"
"KQ058335v1","300855","300936","chr20","2197020","2197105","16","1896165"
"KQ058337v1","38488","38617","chr1","118805415","118805544","27","118766927"
"KQ058337v1","39017","39187","chr7","16958421","16958590","38","16919404"
"KQ058337v1","85495","85658","chrX","16902979","16903143","31","16817484"
"KQ058338v1","315388","315560","chr4","48783277","48783441","44","48467889"
"KQ058338v1","1255612","1255698","chr2","116557008","116557093","27","115301396"
"KQ058339v1","849292","849370","chr1","130442089","130442168","17","129592797"
"KQ058339v1","1354901","1355030","chr16","15701841","15701970","34","14346940"
"KQ058339v1","2220174","2220283","chr8","8499563","8499676","32","6279389"
"KQ058339v1","2581021","2581089","chr5","140710371","140710442","21","138129350"
"KQ058339v1","3951009","3951197","chr1","22366142","22366323","50","18415133"
"KQ058339v1","4367215","4367277","chr10","34590576","34590638","15","30223361"
"KQ058339v1","4401503","4401672","chr1","185781085","185781244","52","181379582"
"KQ058339v1","4521769","4522030","chr4","133020332","133020601","75","128498563"
"KQ058339v1","4537477","4537747","chr14","107640563","107640819","68","103103086"
"KQ058339v1","4683101","4683187","chr3","45654124","45654206","19","40971023"
"KQ058339v1","4793171","4793253","chr2","76595940","76596024","16","71802769"
"KQ058339v1","4913528","4913672","chrX","124115459","124115602","46","119201931"
"KQ058339v1","5031488","5031696","chr1","117073885","117074067","58","112042397"
"KQ058339v1","5191589","5191703","chr16","49457910","49458027","26","44266321"
"KQ058339v1","6303190","6303312","chr14","98050563","98050680","35","91747373"
"KQ058339v1","6406283","6406536","chr1","22939003","22939281","75","16532720"
"KQ058339v1","6415930","6416209","chr2","156993470","156993750","67","150577540"
"KQ058339v1","6824644","6824725","chr11","108072531","108072606","24","101247887"
"KQ058340v1","147184","147445","chr14","13391491","13391748","64","13244307"
"KQ058341v1","504665","504826","chr14","11561267","11561429","23","11056602"
"KQ058341v1","1708396","1708540","chr10","57365614","57365759","37","55657218"
"KQ058341v1","1740609","1740630","chr6","135748499","135748522","4","134007890"
"KQ058342v1","39273","39382","chr7","129979248","129979346","24","129939975"
"KQ058342v1","39810","40021","chr5","43359808","43360019","61","43319998"
"KQ058343v1","93881","94033","chr10","66975614","66975768","25","66881733"
"KQ058343v1","96594","96729","chr4","56297509","56297643","20","56200915"
"KQ058343v1","127432","127634","chr14","67129250","67129427","57","67001818"
"KQ058343v1","211031","211172","chr2","155851929","155852070","25","155640898"
"KQ058343v1","212958","213116","chr19","28996591","28996737","43","28783633"
"KQ058345v1","51634","51743","chr7","151742744","151742860","28","151691110"
"KQ058345v1","167014","167279","chr11","44807375","44807642","62","44640361"
"KQ058345v1","174166","174425","chr11","120002786","120003050","63","119828620"
"KQ058345v1","220620","220772","chr3","71419392","71419543","49","71198772"
"KQ058347v1","1284156","1284210","chr2","99989151","99989203","13","98704995"
"KQ058347v1","1286993","1287108","chr8","71705519","71705629","26","70418526"
"KQ058348v1","1372864","1373078","chr11","83961202","83961427","66","82588338"
"KQ058348v1","1800986","1801138","chr9","801634","801780","31","999352"
"KQ058348v1","1801139","1801206","chr1","145524601","145524665","17","143723462"
"KQ058349v1","539051","539132","chr5","65849197","65849276","22","65310146"
"KQ058349v1","539742","539835","chr11","92599905","92599995","24","92060163"
"KQ058349v1","1042700","1042838","chr19","16670987","16671122","20","15628287"
"KQ058350v1","13107023","13107215","chr7","133478930","133479119","58","120371907"
"KQ058350v1","19284","19346","chr1","6641003","6641065","9","6621719"
"KQ058350v1","168905","169040","chr7","77886179","77886317","26","77717274"
"KQ058350v1","221591","221658","chr1","75869357","75869430","23","75647766"
"KQ058350v1","320363","320569","chr5","50714490","50714690","44","50394127"
"KQ058350v1","922408","922721","chr1","214967193","214967500","84","214044785"
"KQ058350v1","923732","923984","chr5","32596711","32596973","62","31672979"
"KQ058350v1","1033665","1033752","chr7","152685094","152685184","18","151651429"
"KQ058350v1","2317231","2317431","chr10","69547738","69547924","50","67230507"
"KQ058350v1","2849095","2849184","chr20","55312503","55312585","15","52463408"
"KQ058350v1","2849771","2849971","chr6","70760693","70760890","47","67910922"
"KQ058350v1","3438998","3439149","chr9","29301195","29301347","29","25862197"
"KQ058350v1","5881203","5881289","chr19","41210688","41210764","21","35329485"
"KQ058350v1","7063936","7064005","chr13","93349515","93349583","15","86285579"
"KQ058350v1","8619386","8619529","chr20","25315640","25315778","35","16696254"
"KQ058350v1","8619668","8619839","chrX","1974259","1974432","24","6645409"
"KQ058350v1","9192652","9192719","chr11","10965164","10965235","20","1772512"
"KQ058350v1","9689416","9689500","chr3","44555349","44555433","20","34865933"
"KQ058350v1","13008203","13008345","chr1","130122588","130122730","39","117114385"
"KQ058350v1","13249333","13249606","chr16","30237050","30237335","66","16987717"
"KQ058351v1","100678","100780","chr5","20259577","20259676","19","20158899"
"KQ058352v1","111692","111766","chr3","172280490","172280563","16","172168798"
"KQ058352v1","289665","289798","chr4","96485150","96485274","29","96195485"
"KQ058352v1","324219","324297","chr1","202517954","202518029","20","202193735"
"KQ058352v1","372809","372983","chr1","121080623","121080792","40","120707814"
"KQ058352v1","688046","688119","chr9","55616200","55616273","16","54928154"
"KQ058352v1","822088","822190","chr10","82273464","82273569","24","81451376"
"KQ058352v1","822234","822268","chr1","19824879","19824912","9","19002645"
"KQ058353v1","253144","253293","chr14","110635458","110635599","52","110382314"
"KQ058353v1","254054","254169","chr1","11987047","11987164","28","11732993"
"KQ058353v1","1376502","1376749","chr2","44125907","44126149","70","42749405"
"KQ058357v1","592976","593124","chr3","125539048","125539186","42","124946072"
"KQ058358v1","239912","240013","chr7","19848846","19848945","29","19608934"
"KQ058358v1","249578","249770","chr1","30399148","30399337","56","30149570"
"KQ058358v1","345490","345781","chr13","95455544","95455830","66","95110054"
"KQ058358v1","412880","413001","chr1","48746228","48746346","32","48333348"
"KQ058358v1","574146","574345","chr7","34001932","34002127","38","33427786"
"KQ058359v1","531102","531284","chr1","46816351","46816521","44","46285249"
"KQ058359v1","677004","677195","chr3","37177589","37177771","41","36500585"
"KQ058359v1","678189","678271","chr9","33211776","33211858","12","32533587"
"KQ058360v1","87905","88003","chrX","13936177","13936268","22","13848272"
"KQ058360v1","88117","88341","chr7","50700572","50700776","50","50612455"
"KQ058361v1","685226","685383","chr6","65510029","65510182","33","64824803"
"KQ058361v1","778260","778401","chr16","8801720","8801866","29","8023460"
"KQ058363v1","437760","437839","chr11","51804837","51804914","18","51367077"
"KQ058364v1","119425","119570","chr9","87445157","87445307","28","87325732"
"KQ058364v1","857205","857397","chr1","25508465","25508664","48","24651260"
"KQ058365v1","94376","94510","chr2","172227852","172227991","34","172133476"
"KQ058369v1","336200","336351","chr1","213244566","213244714","34","212908366"
"KQ058369v1","336352","336409","chr15","35316596","35316647","10","34980244"
"KQ058370v1","853276","853425","chr11","111581793","111581928","43","110728517"
"KQ058371v1","69311","69393","chr13","107308554","107308638","21","107239243"
"KQ058371v1","69878","70081","chr8","105677001","105677222","66","105607123"
"KQ058371v1","1248092","1248190","chr1","83535930","83536020","24","82287838"
"KQ058372v1","507132","507377","chr4","81009580","81009821","76","80502448"
"KQ058372v1","803571","803731","chrX","45828117","45828268","40","45024546"
"KQ058372v1","1190605","1190741","chr3","33274161","33274292","45","32083556"
"KQ058372v1","1312103","1312236","chr1","134136751","134136870","46","132824648"
"KQ058372v1","2397834","2397975","chr7","126875416","126875554","26","124477582"
"KQ058372v1","2996459","2996810","chr6","85628608","85628905","136","82632149"
"KQ058372v1","3586476","3586646","chr14","3021437","3021606","34","565039"
"KQ058372v1","3818937","3819005","chr6","134194500","134194566","14","130375563"
"KQ058373v1","300104","300294","chr19","4035153","4035332","41","3735049"
"KQ058373v1","320398","320588","chr8","8974796","8974978","43","8654398"
"KQ058373v1","337648","337739","JH681574","5539","5626","21","332109"
"KQ058373v1","337852","337936","chr8","41459762","41459839","14","41121910"
"KQ058374v1","439328","439492","chr3","33054676","33054834","40","32615348"
"KQ058378v1","168455","168528","chr11","123024248","123024324","15","122855793"
"KQ058378v1","168531","168669","chr8","40191767","40191900","28","40023236"
"KQ058378v1","1060723","1060958","chr11","41547105","41547338","58","40486382"
"KQ058378v1","1113231","1113317","chr10","71505902","71505989","18","70392671"
"KQ058378v1","1437506","1437684","chr18","18705077","18705235","65","17267571"
"KQ058381v1","656187","656349","chr3","42064302","42064465","33","41408115"
"KQ058382v1","63672","63727","chr13","47541254","47541307","16","47477582"
"KQ058383v1","495471","495510","chr10","72806962","72807001","9","72311491"
"KQ058383v1","665460","665549","chr16","43215164","43215249","21","42549704"
"KQ058383v1","4568396","4568551","chr14","18925179","18925342","35","14356783"
"KQ058383v1","6724596","6724736","chr15","6731117","6731255","31","6521"
"KQ058383v1","6724799","6724981","chr12","14579064","14579244","37","7854265"
"KQ058383v1","7110965","7111044","chr3","27847421","27847498","23","20736456"
"KQ058383v1","7201739","7201813","chrX","52130257","52130333","17","44928518"
"KQ058383v1","7202306","7202509","chr18","67610111","67610315","51","60407805"
"KQ058383v1","7203182","7203338","chrX","14387257","14387417","30","7184075"
"KQ058383v1","7273750","7274047","chr3","28898267","28898572","61","21624517"
"KQ058383v1","7289780","7289917","chr1","44541097","44541223","35","37251317"
"KQ058383v1","7317421","7317524","chr5","119582001","119582110","30","112264580"
"KQ058383v1","7321067","7321187","chr3","35828798","35828904","37","28507731"
"KQ058383v1","7411173","7411288","chr6","32938721","32938840","27","25527548"
"KQ058383v1","7411627","7411758","chr1","44541097","44541223","38","37129470"
"KQ058383v1","7428414","7428549","chr10","4838649","4838787","23","2589765"
"KQ058383v1","7538823","7538979","chr3","77273639","77273797","39","69734816"
"KQ058383v1","7708145","7708350","chrX","108987045","108987244","41","101278900"
"KQ058383v1","8035990","8036169","chr8","133708143","133708321","51","125672153"
"KQ058383v1","8218322","8218470","chr7","42422566","42422701","36","34204244"
"KQ058383v1","8769012","8769209","chr8","125637325","125637526","46","116868313"
"KQ058383v1","8769522","8769598","chr2","177602452","177602527","14","168832930"
"KQ058383v1","9149582","9149764","chrX","36990863","36991041","38","27841281"
"KQ058383v1","9666669","9666981","chrX","68438567","68438870","73","58771898"
"KQ058383v1","10268276","10268338","chr3","40058589","40058650","13","29790313"
"KQ058384v1","790665","790859","chr3","42546130","42546315","49","41755465"
"KQ058384v1","790991","791079","chr13","73343677","73343764","14","72552686"
"KQ058384v1","795176","795356","chr3","42546130","42546315","44","41750954"
"KQ058384v1","795486","795568","chr10","28685034","28685109","16","27889548"
"KQ058384v1","808225","808371","chr12","93559611","93559755","27","92751386"
"KQ058385v1","983825","983982","chr9","20377689","20377836","28","19393864"
"KQ058385v1","995880","996039","chr1","18696758","18696894","41","17700878"
"KQ058386v1","35419","35540","chr8","90064854","90064963","25","90029435"
"KQ058386v1","36124","36263","chr2","86350598","86350732","37","86314474"
"KQ058386v1","48331","48405","chr9","29729329","29729400","19","29680998"
"KQ058386v1","124640","124698","chrX","45491347","45491400","12","45366707"
"KQ058387v1","37560","37832","chr8","26423847","26424135","70","26386287"
"KQ058389v1","751969","752145","chr4","151172244","151172412","47","150420275"
"KQ058389v1","817406","817643","chr7","73232517","73232748","61","72415111"
"KQ058389v1","1218868","1219036","chr3","173972341","173972504","45","172753473"
"KQ058389v1","1408394","1408602","chr17","78471086","78471284","55","77062692"
"KQ058389v1","2209685","2209839","chr16","49977243","49977401","51","47767558"
"KQ058394v1","380941","381290","chr11","71550887","71551195","131","71169946"
"KQ058394v1","1609769","1609900","chr15","9209841","9209961","39","7600072"
"KQ058394v1","2513174","2513444","chr7","121028610","121028880","71","118515436"
"KQ058394v1","2672330","2672492","chrX","99232418","99232569","38","96560088"
"KQ058394v1","3009445","3009621","chr1","113304083","113304261","45","110294638"
"KQ058394v1","3094250","3094460","chr1","66887413","66887590","64","63793163"
"KQ058394v1","5635691","5635894","chrX","99881690","99881893","46","94245999"
"KQ058394v1","5636015","5636073","chr1","100928185","100928237","9","95292170"
"KQ058394v1","6389822","6390019","chr9","114486043","114486237","43","108096221"
"KQ058394v1","7302774","7302933","chr11","132141785","132141944","36","124839011"
"KQ058394v1","7673716","7673813","chrX","13936177","13936268","26","6262461"
"KQ058394v1","7778749","7778840","chr4","102420454","102420545","25","94641705"
"KQ058394v1","7924009","7924183","chrX","15997136","15997312","44","8073127"
"KQ058394v1","7924190","7924222","chrX","124002440","124002474","8","116078250"
"KQ058394v1","9693823","9693886","chr14","64438492","64438559","16","54744669"
"KQ058394v1","9805806","9805996","chr17","7709041","7709228","46","2096765"
"KQ058394v1","10047319","10047408","chr20","9083124","9083211","19","964195"
"KQ058394v1","11530711","11530875","chr13","107948859","107949020","37","96418148"
"KQ058394v1","11635428","11635736","chr2","78493440","78493742","65","66858012"
"KQ058394v1","11641277","11641364","chr11","130993518","130993604","13","119352241"
"KQ058394v1","12006129","12006287","chr3","173803571","173803734","39","161797442"
"KQ058394v1","12037865","12038036","chr11","113835613","113835796","46","101797748"
"KQ058394v1","12148474","12148641","chrX","49524523","49524692","37","37376049"
"KQ058394v1","12235739","12235935","chr1","213956816","213956994","52","201721077"
"KQ058394v1","12362952","12363109","chr2","186229796","186229929","46","173866844"
"KQ058394v1","12494840","12494994","chr2","82223077","82223233","41","69728237"
"KQ058394v1","13207106","13207277","chr10","5084696","5084865","44","8122410"
"KQ058394v1","13346862","13347022","chr13","5588080","5588243","42","7758782"
"KQ058394v1","14667319","14667391","chr6","61755949","61756015","19","47088630"
"KQ058394v1","14982576","14982823","chr7","52530435","52530696","63","37547859"
"KQ058394v1","15558024","15558076","chr1","129054910","129054962","18","113496886"
"KQ058394v1","15644286","15644436","chr7","33096606","33096761","39","17452320"
"KQ058399v1","1042320","1042508","chr1","127375663","127375849","45","126333343"
"KQ058399v1","1295261","1295414","chr4","103199591","103199725","35","101904330"
"KQ058400v1","21592","21786","chr6","131826887","131827083","53","131805295"
"KQ058405v1","1179472","1179752","chr1","155440421","155440722","71","154260949"
"KQ058405v1","152187","152364","chr9","26187011","26187160","54","26034824"
"KQ058405v1","587827","588086","chr2","77592884","77593158","72","77005057"
"KQ058405v1","969543","969713","chr1","28468412","28468583","36","27498869"
"KQ058405v1","1095331","1095378","chr1","164363057","164363097","14","163267726"
"KQ058405v1","1095380","1095428","chr14","17270498","17270540","12","16175118"
"KQ058405v1","1095429","1095476","chr14","17270498","17270540","13","16175069"
"KQ058405v1","1095482","1095525","chr14","17270498","17270540","12","16175016"
"KQ058405v1","1095531","1095575","chr14","17270498","17270540","10","16174967"
"KQ058405v1","1095580","1095624","chr14","17270498","17270540","9","16174918"
"KQ058405v1","1095625","1095673","chr14","17270498","17270540","12","16174873"
"KQ058405v1","1095678","1095722","chr14","17270498","17270540","9","16174820"
"KQ058405v1","1095723","1095770","chr14","17270498","17270540","12","16174775"
"KQ058405v1","1095776","1095820","chr14","17270498","17270540","9","16174722"
"KQ058405v1","1095824","1095868","chr14","17270498","17270540","10","16174674"
"KQ058405v1","1095869","1095917","chr14","17270498","17270540","13","16174629"
"KQ058405v1","1095922","1095965","chr14","17270498","17270540","11","16174576"
"KQ058405v1","1095967","1096032","chr1","86128485","86128542","17","85032518"
"KQ058405v1","1325313","1325386","chrX","99039175","99039252","15","97713862"
"KQ058405v1","1565371","1565566","chr9","29984454","29984639","50","28419083"
"KQ058405v1","1567812","1567887","chr6","135748834","135748907","18","134181022"
"KQ058405v1","1586426","1586617","chr1","4849609","4849794","47","3263183"
"KQ058405v1","1760475","1760556","chr11","19074056","19074134","18","17313581"
"KQ058405v1","1863745","1863814","chrX","37713785","37713855","16","35850040"
"KQ058407v1","10087","10353","chr18","4425583","4425850","66","4415496"
"KQ058410v1","405935","406130","chr16","43212690","43212877","51","42806755"
"KQ058410v1","790156","790442","chr1","110242381","110242668","63","109452225"
"KQ058413v1","308287","308496","chr3","33647318","33647517","56","33339031"
"KQ058414v1","53845","53964","chr20","17145915","17146034","26","17092070"
"KQ058415v1","68157","68339","chrX","21167052","21167232","39","21098895"
"KQ058416v1","113148","113241","chr12","32103273","32103366","22","31990125"
"KQ058416v1","387265","387325","chr5","15572813","15572871","14","15185548"
"KQ058416v1","612108","612324","chr4","13235583","13235781","52","12623475"
"KQ058416v1","612809","612922","chr20","13351489","13351592","23","12738680"
"KQ058416v1","822854","823013","chr7","121078048","121078214","49","120255194"
"KQ058416v1","1022861","1022999","chr9","34281861","34281999","44","33259000"
"KQ058416v1","1027693","1027889","chr16","45301217","45301409","48","44273524"
"KQ058416v1","1149912","1150147","chr5","138875614","138875816","87","137725702"
"KQ058416v1","1193769","1193935","chrX","7040535","7040695","49","5846766"
"KQ058416v1","1231462","1231642","chr3","43257783","43257968","54","42026321"
"KQ058416v1","1239446","1239560","chr7","95686014","95686122","39","94446568"
"KQ058416v1","1317151","1317301","chr10","2464482","2464626","32","1147331"
"KQ058416v1","1317451","1317523","chr19","3643688","3643758","10","2326237"
"KQ058416v1","1384592","1384778","chr1","117073885","117074067","48","115689293"
"KQ058416v1","1406959","1406969","chr3","15539298","15539308","0","14132339"
"KQ058416v1","1407317","1407632","chr10","29884369","29884677","66","28477052"
"KQ058416v1","1550152","1550320","chr10","71698588","71698750","37","70148436"
"KQ058416v1","1550504","1550628","chr8","28326832","28326954","18","26776328"
"KQ058416v1","2068518","2068557","chr10","6808035","6808071","9","4739517"
"KQ058416v1","2069101","2069346","chr3","40019507","40019754","59","37950406"
"KQ058416v1","2184334","2184396","chr1","31252960","31253021","14","29068626"
"KQ058416v1","2319946","2320151","chr10","37889717","37889905","61","35569771"
"KQ058418v1","544185","544352","chrX","108349826","108349985","36","107805641"
"KQ058419v1","263540","263671","chr12","93536346","93536478","28","93272806"
"KQ058419v1","264098","264273","chr2","149685908","149686075","32","149421810"
"KQ058421v1","98360","98490","chr15","87891807","87891936","26","87793447"
"KQ058421v1","300341","300414","chr20","29298153","29298218","22","28997812"
"KQ058423v1","540246","540313","chr1","30644596","30644660","15","30104350"
"KQ058425v1","483364","483492","chr2","99549654","99549789","46","99066290"
"KQ058427v1","358682","358834","chr19","14673246","14673394","31","14314564"
"KQ058427v1","373263","373412","chr8","8215329","8215474","32","7842066"
"KQ058427v1","1789630","1789832","chr2","50393618","50393797","61","48603988"
"KQ058427v1","2041651","2041836","chr13","102715671","102715855","47","100674020"
"KQ058427v1","2342281","2342355","chr7","47062923","47062993","16","44720642"
"KQ058427v1","2633779","2633882","chr20","3918667","3918773","20","1284888"
"KQ058427v1","3343982","3344136","chr19","14673246","14673394","37","11329264"
"KQ058427v1","3712547","3712676","chr12","64202244","64202378","40","60489697"
"KQ058427v1","3712677","3712739","chr7","161629769","161629818","18","157917092"
"KQ058427v1","3731983","3732083","chr20","49228494","49228595","24","45496511"
"KQ058427v1","3817185","3817361","chrX","80022984","80023157","40","76205799"
"KQ058427v1","3885246","3885407","chr6","148135774","148135932","40","144250528"
"KQ058427v1","3899607","3899851","chr3","87202001","87202258","66","83302394"
"KQ058427v1","4041940","4042013","chr1","11639035","11639105","15","7597095"
"KQ058427v1","4157291","4157362","chr2","166678300","166678369","13","162521009"
"KQ058427v1","4180155","4180318","chr1","110050094","110050244","44","105869939"
"KQ058427v1","4449320","4449468","chr3","47000399","47000547","33","42551079"
"KQ058427v1","4813021","4813146","chr2","45006085","45006206","39","40193064"
"KQ058427v1","4813208","4813367","chr20","15083166","15083314","35","10269958"
"KQ058427v1","4860226","4860439","chr6","169500535","169500753","67","164640309"
"KQ058427v1","4882356","4882535","chr11","122510863","122511042","44","117628507"
"KQ058427v1","4887279","4887427","chr19","12586600","12586748","36","7699321"
"KQ058427v1","4887752","4887776","chr20","26852534","26852557","6","21964782"
"KQ058427v1","4898882","4899031","chr11","12585160","12585317","44","7686278"
"KQ058427v1","5151755","5151770","chr2","79492675","79492690","3","74340920"
"KQ058427v1","5152101","5152407","chr6","118282510","118282819","77","113130409"
"KQ058427v1","5439884","5440028","chr15","92343691","92343826","33","86903807"
"KQ058427v1","5596459","5596656","chr1","124298307","124298494","50","118701848"
"KQ058427v1","5597243","5597505","chr1","157281198","157281450","59","151683955"
"KQ058427v1","5665719","5665792","chr8","81477546","81477622","24","75811827"
"KQ058427v1","6170988","6171136","chr3","52621523","52621666","26","46450535"
"KQ058427v1","6171137","6171201","chr7","38877014","38877075","13","32705877"
"KQ058427v1","6358477","6358688","chr10","16558424","16558625","50","10199947"
"KQ058427v1","6359308","6359392","chr6","173271593","173271680","15","166912285"
"KQ058427v1","6383065","6383093","chr7","133109071","133109096","7","126726006"
"KQ058427v1","6383210","6383487","chr1","191111039","191111320","68","184727829"
"KQ058427v1","6385401","6385646","chr13","24581020","24581268","58","18195619"
"KQ058427v1","6442523","6442586","chr2","128380298","128380361","11","121937775"
"KQ058427v1","6776620","6776757","chr7","25372151","25372276","38","18595531"
"KQ058427v1","6904272","6904433","chr16","58311669","58311837","47","51407397"
"KQ058427v1","6978354","6978511","chr16","45398550","45398706","35","38420196"
"KQ058427v1","7674736","7674897","chr8","11400706","11400863","28","3725970"
"KQ058427v1","7838285","7838488","chr1","42596082","42596277","49","34757797"
"KQ058427v1","7874942","7875046","chr4","32764855","32764970","28","24889913"
"KQ058427v1","7876659","7876824","chr1","204402584","204402746","28","196525925"
"KQ058427v1","8093475","8093580","chr4","165209459","165209558","32","157115984"
"KQ058427v1","8169315","8169466","chr2","185392597","185392750","40","177223282"
"KQ058427v1","8465735","8465968","chr9","120885499","120885738","60","112419764"
"KQ058427v1","8525655","8525826","chr6","58082549","58082722","40","49556894"
"KQ058427v1","8525827","8525877","chr4","154580698","154580747","8","146054871"
"KQ058427v1","8953023","8953141","chr3","55180473","55180591","27","46227450"
"KQ058427v1","8954162","8954212","chr13","26369991","26370042","11","17415829"
"KQ058427v1","10530739","10530896","chr6","65110840","65110974","40","54580101"
"KQ058427v1","10723077","10723333","chr1","154796303","154796584","73","144073226"
"KQ058427v1","10850201","10850331","chr7","158292805","158292932","23","147442604"
"KQ058427v1","10854121","10854280","chr3","34083106","34083268","36","23228985"
"KQ058427v1","10955918","10955932","chr3","127940123","127940136","2","116984205"
"KQ058427v1","10957076","10957387","chr1","29474373","29474681","55","18517297"
"KQ058427v1","10999097","10999270","chr4","146081163","146081333","40","135082066"
"KQ058427v1","11117345","11117436","chr7","60070562","60070654","24","48953217"
"KQ058427v1","11504801","11505055","chr10","49008839","49009096","49","37504038"
"KQ058427v1","11679831","11680047","chr13","60335790","60335997","79","48655959"
"KQ058427v1","11730241","11730440","chrX","92618497","92618682","57","80888256"
"KQ058427v1","11730768","11730785","chr6","135941415","135941432","2","124210647"
"KQ058427v1","11752401","11752504","chr9","55667711","55667807","31","43915310"
"KQ058427v1","11790511","11790618","chr2","144028577","144028679","27","132238066"
"KQ058427v1","11791153","11791361","chr18","66723268","66723464","69","54932115"
"KQ058427v1","12375530","12375726","chr3","152681099","152681284","49","140305569"
"KQ058427v1","13487044","13487143","chr7","87943721","87943819","16","74456677"
"KQ058427v1","13487787","13487964","chrX","106767191","106767372","33","93279404"
"KQ058427v1","14778195","14778289","chr3","159774272","159774370","27","144996077"
"KQ058427v1","15220489","15220577","chr11","9981435","9981516","21","5239054"
"KQ058428v1","415374","415465","chr1","18745459","18745551","20","18330085"
"KQ058428v1","432139","432219","chr16","66816782","66816860","14","66384643"
"KQ058428v1","432423","432660","chr2","20951111","20951335","68","20518688"
"KQ058428v1","843798","843867","chr7","130508232","130508298","17","129664434"
"KQ058428v1","1329374","1329420","chr8","34448767","34448818","15","33119393"
"KQ058428v1","1331901","1332185","chr12","59493732","59494014","73","58161831"
"KQ058428v1","1538676","1538850","chr16","58311669","58311837","42","56772993"
"KQ058428v1","1709039","1709219","chrX","62813073","62813257","46","61104034"
"KQ058428v1","1709350","1709481","chr4","46569443","46569565","31","44860093"
"KQ058428v1","1712208","1712353","chr1","130150311","130150462","48","128438103"
"KQ058428v1","1718191","1718374","chr6","134080321","134080504","43","132362130"
"KQ058428v1","1718506","1718637","chrX","61671031","61671155","29","59952525"
"KQ058428v1","2448163","2448238","chr3","172280490","172280563","15","169832327"
"KQ058429v1","180414","180705","chr3","159823062","159823353","89","159642648"
"KQ058429v1","203566","203747","chr14","101068915","101069079","60","100865349"
"KQ058429v1","462966","463281","chr3","153060925","153061233","61","152597959"
"KQ058429v1","487785","487953","chr16","56748585","56748737","40","56260800"
"KQ058429v1","492215","492349","chrX","6619860","6619994","21","6127645"
"KQ058429v1","499914","499995","chr16","43444346","43444428","16","42944432"
"KQ058431v1","402514","402664","chr2","160584361","160584514","36","160181847"
"KQ058431v1","402665","402727","chr5","164952895","164952957","12","164550230"
"KQ058432v1","521040","521139","chr14","108037762","108037866","23","107516722"
"KQ058433v1","521952","522036","chr1","190655363","190655447","18","190133411"
"KQ058436v1","80096","80240","chr10","12286075","12286221","38","12205979"
"KQ058436v1","102467","102653","chr7","49115676","49115859","45","49013209"
"KQ058438v1","50362","50480","chr10","59994419","59994557","40","59944057"
"KQ058438v1","50489","50603","chr1","85858415","85858535","28","85807926"
"KQ058438v1","308865","309029","chr1","154762006","154762163","36","154453141"
"KQ058438v1","462163","462183","chr3","43935721","43935742","3","43473558"
"KQ058438v1","465919","466091","chr2","147102143","147102315","48","146636224"
"KQ058441v1","6343","6634","chr3","150376105","150376398","65","150369762"
"KQ058441v1","7563","7660","chr1","204271088","204271175","23","204263525"
"KQ058441v1","127101","127343","chr8","76427874","76428118","43","76300773"
"KQ058441v1","171230","171373","chr12","92451179","92451318","46","92279949"
"KQ058442v1","398627","398898","chr16","66353696","66353968","73","65955069"
"KQ058442v1","425310","425603","chr2","78493440","78493742","76","78068130"
"KQ058445v1","62574","62640","chr1","30644596","30644660","17","30582022"
"KQ058445v1","164206","164365","chr6","171316813","171316947","54","171152607"
"KQ058445v1","210893","211065","chrX","7269639","7269810","32","7058746"
"KQ058448v1","300165","300228","chr2","160288546","160288607","15","159988381"
"KQ058448v1","300254","300350","chr15","53175349","53175441","28","52875095"
"KQ058450v1","21022","21141","chr7","125902593","125902716","32","125881571"
"KQ058450v1","136475","136635","chr10","43934876","43935028","50","43798401"
"KQ058450v1","294653","294853","chr3","24592579","24592773","55","24297926"
"KQ058450v1","308451","308526","chrX","1968956","1969032","11","1660505"
"KQ058450v1","2140494","2140654","chr6","148135774","148135932","35","145995280"
"KQ058450v1","2908545","2908651","chr14","73178581","73178687","23","70270036"
"KQ058450v1","2909583","2909705","chr1","22698921","22699041","24","19789338"
"KQ058451v1","358883","358949","chr13","295846","295914","14","63037"
"KQ058451v1","399109","399167","chrX","939789","939841","11","540680"
"KQ058451v1","476464","476660","chr7","80517313","80517495","42","80040849"
"KQ058451v1","692022","692108","chr9","13509590","13509671","17","12817568"
"KQ058452v1","414885","414977","chr1","158522190","158522276","21","158107305"
"KQ058452v1","417315","417414","chr6","164929864","164929966","22","164512549"
"KQ058453v1","103459","103639","chr7","26371707","26371880","48","26268248"
"KQ058453v1","221031","221131","chr7","59549608","59549699","30","59328577"
"KQ058453v1","222503","222626","chr4","112837068","112837184","33","112614565"
"KQ058453v1","443829","443910","chr7","56849195","56849280","13","56405366"
"KQ058454v1","876554","876724","chr5","50152916","50153087","34","49276362"
"KQ058460v1","32909","33041","chrX","38403661","38403796","35","38370752"
"KQ058461v1","2342781","2342846","chr19","47335713","47335773","12","44992932"
"KQ058461v1","2342857","2343038","chr7","148674141","148674325","46","146331284"
"KQ058461v1","3318603","3318901","chr8","6210880","6211181","64","2892277"
"KQ058461v1","3414146","3414358","chrX","155106","155322","50","3259040"
"KQ058468v1","358339","358513","chr15","22905688","22905844","57","22547349"
"KQ058468v1","609962","610148","chr19","3220819","3220991","42","2610857"
"KQ058468v1","720470","720637","chr12","13614701","13614861","31","12894231"
"KQ058468v1","1248518","1248710","chr11","565751","565943","39","682767"
"KQ058468v1","1269476","1269702","chr7","18356502","18356707","54","17087026"
"KQ058468v1","1269842","1269938","chrX","13936177","13936268","20","12666335"
"KQ058468v1","1527950","1528181","chr7","73232517","73232748","64","71704567"
"KQ058468v1","1628032","1628153","chr5","92576688","92576810","31","90948656"
"KQ058470v1","281557","281729","chr19","2965409","2965576","42","2683852"
"KQ058472v1","421760","421916","chr19","48182384","48182533","37","47760624"
"KQ058472v1","601156","601313","chr2","104219744","104219898","32","103618588"
"KQ058472v1","952554","952730","chr1","114596902","114597067","60","113644348"
"KQ058472v1","1134227","1134413","chr3","46031983","46032161","48","44897756"
"KQ058472v1","1134875","1134952","chr16","69727674","69727760","24","68592799"
"KQ058472v1","1409823","1409930","chr5","1766721","1766817","35","356898"
"KQ058472v1","2492582","2492708","chrX","38403661","38403796","28","35911079"
"KQ058472v1","2636863","2636993","chr20","32716912","32717041","27","30080049"
"KQ058473v1","14279","14462","chr10","30277756","30277924","47","30263477"
"KQ058473v1","339861","340124","chr12","14699456","14699725","61","14359595"
"KQ058473v1","392201","392336","chr6","131689314","131689451","25","131297113"
"KQ058473v1","395299","395426","chr1","140326936","140327052","34","139931637"
"KQ058475v1","140596","140885","chr2","44518497","44518791","59","44377901"
"KQ058480v1","369375","369534","chr14","15277936","15278089","34","14908561"
"KQ058480v1","396330","396551","chr19","42707634","42707853","52","42311304"
"KQ058480v1","397131","397216","chr4","51815470","51815554","14","51418339"
"KQ058480v1","601983","602148","chr5","6873452","6873599","48","6271469"
"KQ058481v1","94039","94223","chr13","102715671","102715855","46","102621632"
"KQ058482v1","283199","283340","chr11","23711887","23712024","40","23428688"
"KQ058482v1","579474","579618","chrX","128178900","128179053","35","127599426"
"KQ058483v1","1216688","1216761","chr16","40158789","40158860","18","38942101"
"KQ058483v1","1345868","1346028","chr3","103433065","103433226","36","102087197"
"KQ058483v1","1671839","1672100","chr1","34725635","34725903","81","33053796"
"KQ058483v1","1695435","1695584","chr11","120204006","120204165","37","118508571"
"KQ058483v1","1755388","1755682","chr20","54669025","54669320","59","52913637"
"KQ058483v1","1823611","1823675","chr3","88101668","88101733","17","86278057"
"KQ058483v1","1823960","1823978","chr1","124376040","124376060","4","122552080"
"KQ058483v1","1962064","1962148","chr1","160005856","160005933","28","158043792"
"KQ058483v1","1980414","1980722","chr10","85181699","85182000","57","83201285"
"KQ058483v1","2233947","2234031","chr19","29546534","29546620","20","27312587"
"KQ058483v1","2559282","2559347","chr1","6641003","6641065","11","4081721"
"KQ058483v1","2559348","2559498","chr1","213183591","213183740","33","210624243"
"KQ058483v1","2642356","2642642","chr10","33658124","33658406","54","31015768"
"KQ058483v1","3944708","3944767","chr16","35398279","35398337","10","31453571"
"KQ058483v1","3944791","3944925","chr11","7819652","7819788","25","3874861"
"KQ058483v1","3973651","3973875","chr3","66562418","66562624","69","62588767"
"KQ058483v1","4367762","4368010","chr14","32553034","32553283","75","28185272"
"KQ058483v1","4419375","4419653","chr2","127373021","127373306","78","122953646"
"KQ058483v1","4487017","4487078","chr11","12004155","12004220","11","7517138"
"KQ058483v1","4550614","4550699","chr8","93093840","93093924","32","88543226"
"KQ058483v1","4713672","4713716","chr8","57333504","57333549","9","52619832"
"KQ058483v1","4764605","4764746","chr1","34737481","34737621","32","29972876"
"KQ058483v1","4900522","4900674","chr3","41538773","41538924","34","36638251"
"KQ058483v1","4905939","4906048","chr1","20156576","20156692","33","15250637"
"KQ058483v1","5061829","5061980","chrX","37802494","37802650","42","32740665"
"KQ058483v1","5308527","5308563","chr14","107726307","107726340","8","102417780"
"KQ058483v1","5308564","5308752","chr1","179906915","179907105","33","174598351"
"KQ058483v1","6132119","6132142","chr1","20651030","20651049","10","14518911"
"KQ058483v1","6338002","6338160","chr17","52288534","52288690","33","45950532"
"KQ058483v1","6387615","6387775","chr3","171675560","171675717","49","165287945"
"KQ058483v1","6949721","6949973","chr4","154994774","154995038","70","148045053"
"KQ058485v1","920675","920748","chr4","37770151","37770224","24","36849476"
"KQ058485v1","992239","992431","chr13","102715671","102715855","41","101723432"
"KQ058488v1","532469","532638","chr1","163182796","163182963","36","162650327"
"KQ058491v1","380355","380535","chr8","16555518","16555696","49","16175163"
"KQ058492v1","236665","236780","chr5","94185945","94186058","35","93949280"
"KQ058493v1","77610","77902","chr6","134251498","134251796","57","134173888"
"KQ058494v1","414392","414545","chr1","10902379","10902525","59","10487987"
"KQ058494v1","1666470","1666544","chr2","182769148","182769221","14","181102678"
"KQ058494v1","1666774","1666964","chr11","106321781","106321987","49","104655007"
"KQ058494v1","4356359","4356611","chr4","7550105","7550357","54","3193746"
"KQ058494v1","4760410","4760553","chr1","47796459","47796598","34","43036049"
"KQ058494v1","4761012","4761162","chr2","101468859","101469005","35","96707847"
"KQ058494v1","4844176","4844471","chr10","85181699","85182000","66","80337523"
"KQ058494v1","7301474","7301577","chr14","118812459","118812559","31","111510985"
"KQ058494v1","8979367","8979468","chr1","129580754","129580854","21","120601387"
"KQ058494v1","8979999","8980138","chr20","15083166","15083314","27","6103167"
"KQ058494v1","8980492","8980518","chr3","43935721","43935742","5","34955229"
"KQ058494v1","11001777","11001952","chr1","124148367","124148532","45","113146590"
"KQ058494v1","11131183","11131337","chr19","8561853","8561997","38","2569330"
"KQ058494v1","12240567","12240628","chr16","53594672","53594734","11","41354105"
"KQ058494v1","12241176","12241423","chr15","7888442","7888687","54","4352734"
"KQ058494v1","12557389","12557520","chr11","106085517","106085648","37","93528128"
"KQ058497v1","500039","500180","chr15","9685093","9685236","33","9185054"
"KQ058497v1","510280","510455","chr7","77997737","77997912","40","77487457"
"KQ058498v1","148728","149047","chr10","20853642","20853971","70","20704914"
"KQ058498v1","346685","346930","chr11","129212927","129213163","76","128866242"
"KQ058499v1","128508","128749","chr10","8142235","8142476","66","8013727"
"KQ058500v1","86851","86999","chr9","13993975","13994124","46","13907124"
"KQ058505v1","1433909","1433976","chr6","134194500","134194566","14","132760591"
"KQ058505v1","3459397","3459476","chr7","117163412","117163490","19","113704015"
"KQ058505v1","3556729","3557036","chr9","59477775","59478085","60","55921046"
"KQ058505v1","3987038","3987133","chr1","42600316","42600409","25","38613278"
"KQ058505v1","4020512","4020672","chr2","92709050","92709208","38","88688538"
"KQ058505v1","5443954","5444253","chr12","89683420","89683718","63","84239466"
"KQ058505v1","5564017","5564096","chr7","52832784","52832847","25","47268767"
"KQ058505v1","6731065","6731156","chr12","52921867","52921958","14","46190802"
"KQ058505v1","8206807","8207061","chr4","37219824","37220087","73","29013017"
"KQ058506v1","51111","51321","chr14","67827826","67828033","50","67776715"
"KQ058506v1","54622","54719","chr5","74566488","74566585","19","74511866"
"KQ058506v1","510142","510209","chr1","30644596","30644660","11","30134454"
"KQ058506v1","607823","608001","chr9","36450458","36450612","48","35842635"
"KQ058509v1","30532","30650","chr20","38347440","38347558","36","38316908"
"KQ058512v1","265512","265589","chr2","182769148","182769221","14","182503636"
"KQ058512v1","405651","405836","chr1","117073885","117074067","41","116668234"
"KQ058513v1","753775","753974","chr13","26807831","26808026","47","26054056"
"KQ058516v1","635265","635418","chr19","34658765","34658928","43","34023500"
"KQ058516v1","785973","786057","chr14","44363486","44363564","23","43577513"
"KQ058516v1","1005493","1005685","chr12","15016735","15016924","41","14011242"
"KQ058516v1","1292274","1292437","chr9","102282987","102283142","28","100990713"
"KQ058516v1","1356606","1356816","chr11","60256195","60256401","75","58899589"
"KQ058516v1","1724859","1724916","chr10","80737554","80737606","13","79012695"
"KQ058516v1","1743799","1743878","chr10","28612489","28612565","18","26868690"
"KQ058516v1","2228406","2228477","chr14","63646146","63646210","23","61417740"
"KQ058516v1","2388892","2389046","chr12","23099834","23100001","39","20710942"
"KQ058516v1","2577040","2577333","chr13","27979792","27980083","86","25402752"
"KQ058516v1","2626223","2626399","chr10","71101618","71101789","40","68475395"
"KQ058516v1","2778939","2779096","chr1","123889771","123889925","36","121110832"
"KQ058516v1","2779631","2779733","chr15","4765942","4766043","21","1986311"
"KQ058516v1","2827829","2827973","chr3","38683388","38683529","37","35855559"
"KQ058516v1","3037082","3037148","chrX","63538907","63538972","14","60501825"
"KQ058516v1","3037524","3037769","chr3","36736557","36736796","53","33699033"
"KQ058516v1","3042523","3042650","chr1","77844218","77844352","38","74801695"
"KQ058516v1","3724656","3724818","chr7","121078048","121078214","46","117353392"
"KQ058516v1","4157978","4158246","chr15","67970873","67971128","73","63812895"
"KQ058518v1","63126","63322","chr16","45301217","45301409","40","45238091"
"KQ058519v1","206961","206985","chr3","43181040","43181063","8","42974079"
"KQ058519v1","392352","392504","chr2","62549196","62549355","35","62156844"
"KQ058520v1","12921","13051","chr20","32716912","32717041","27","32703991"
"KQ058523v1","166058","166125","chr19","43887517","43887583","14","43721459"
"KQ058523v1","176158","176262","chr7","99996135","99996235","29","99819977"
"KQ058523v1","183802","183869","chr19","43887517","43887583","14","43703715"
"KQ058524v1","545085","545189","chr18","852448","852546","24","307363"
"KQ058527v1","526","635","chr17","75575117","75575216","33","75574591"
"KQ058527v1","146071","146170","chr4","2663377","2663473","22","2517306"
"KQ058527v1","1633227","1633374","chr11","111749078","111749217","32","110115851"
"KQ058527v1","2524115","2524257","chrX","108812927","108813078","39","106288812"
"KQ058527v1","3366384","3366471","chr13","107308554","107308638","15","103942170"
"KQ058527v1","3988248","3988397","chr19","39183462","39183587","40","35195214"
"KQ058527v1","4023548","4023662","chr1","14729430","14729534","32","10705882"
"KQ058527v1","4423748","4423949","chr16","45301217","45301409","33","40877469"
"KQ058527v1","4424385","4424485","chr11","117593949","117594046","21","113169564"
"KQ058527v1","4487406","4487493","chr2","116557008","116557093","21","112069602"
"KQ058527v1","5021463","5021528","chr1","30644596","30644660","15","25623133"
"KQ058527v1","5186054","5186149","chr1","42138303","42138393","22","36952249"
"KQ058527v1","5188892","5189018","chr1","1658615","1658747","22","3530277"
"KQ058527v1","5306050","5306083","chr9","43631745","43631776","4","38325695"
"KQ058527v1","5306408","5306665","chrX","41475741","41475996","70","36169333"
"KQ058527v1","5599955","5600048","chr11","110032530","110032623","21","104432575"
"KQ058527v1","5644276","5644449","chr16","45752831","45752999","43","40108555"
"KQ058527v1","5761039","5761184","chr19","14673246","14673394","29","8912207"
"KQ058528v1","101626","101867","chr6","66283368","66283597","60","66181742"
"KQ058530v1","1487256","1487305","chr10","29755182","29755227","8","28267926"
"KQ058532v1","5071","5152","chr16","67683821","67683899","12","67678750"
"KQ058532v1","955118","955186","chr16","12498210","12498281","16","11543092"
"KQ058533v1","602463","602753","chr14","18211787","18212071","64","17609324"
"KQ058534v1","209773","209873","chr5","135158660","135158762","18","134948887"
"KQ058534v1","209978","210175","chr1","139597846","139598046","46","139387868"
"KQ058537v1","22811","22882","chr14","114488152","114488220","18","114465341"
"KQ058538v1","1193900","1194210","chr13","41851851","41852159","59","40657951"
"KQ058538v1","1539591","1539743","chr19","12360244","12360392","35","10820653"
"KQ058538v1","1852574","1852887","chrX","17441779","17442073","100","15589205"
"KQ058538v1","2142005","2142019","chr1","129764551","129764564","4","127622546"
"KQ058538v1","2142350","2142520","chr15","34718030","34718193","35","32575680"
"KQ058538v1","2358672","2358831","chrX","16894143","16894296","44","14535471"
"KQ058538v1","3177293","3177578","chr7","39824433","39824717","85","36647140"
"KQ058538v1","4272958","4273265","chrX","142116490","142116801","86","137843532"
"KQ058538v1","5108963","5109127","chr1","29993140","29993298","39","24884177"
"KQ058539v1","3475","3633","chr1","196482138","196482295","32","196478663"
"KQ058539v1","228818","228985","chr13","37888752","37888912","36","37659934"
"KQ058539v1","325168","325317","chr19","14673246","14673394","35","14348078"
"KQ058539v1","725969","726138","chr12","94509716","94509876","38","93783747"
"KQ058539v1","791886","792171","chr2","103902499","103902775","83","103110613"
"KQ058539v1","818525","818712","chr3","87647627","87647811","38","86829102"
"KQ058539v1","940527","940703","chr5","2156547","2156717","36","1216020"
"KQ058539v1","945263","945409","chr2","172227852","172227991","31","171282589"
"KQ058539v1","962908","963017","chr14","37329060","37329168","24","36366152"
"KQ058539v1","965024","965204","chr5","73422543","73422715","38","72457519"
"KQ058539v1","1078806","1078976","chr6","139127124","139127284","49","138048318"
"KQ058539v1","1135739","1135952","chr18","50659853","50660057","69","49524114"
"KQ058539v1","1728672","1728855","chr7","37755730","37755904","37","36027058"
"KQ058539v1","2014341","2014574","chr10","8142235","8142476","73","6127894"
"KQ058539v1","2227907","2228046","chr3","44976801","44976953","47","42748894"
"KQ058544v1","177358","177489","chr15","97072995","97073126","32","96895637"
"KQ058547v1","252033","252153","chr19","42823888","42823999","36","42571855"
"KQ058550v1","68308","68501","chr19","38910126","38910317","45","38841818"
"KQ058550v1","958814","958987","chr3","84113450","84113623","53","83154636"
"KQ058550v1","2335006","2335133","chr20","3389239","3389353","43","1054233"
"KQ058550v1","2644840","2644909","chr6","82279521","82279590","17","79634681"
"KQ058550v1","2922834","2923081","chr2","45001567","45001810","70","42078733"
"KQ058550v1","2989055","2989220","chr11","27626881","27627040","51","24637826"
"KQ058550v1","2997183","2997279","chr2","38943291","38943376","27","35946108"
"KQ058550v1","3012234","3012319","chr9","3301496","3301580","22","289262"
"KQ058550v1","3016179","3016361","chr1","18763864","18764040","46","15747685"
"KQ058550v1","3079890","3079963","chr2","182769148","182769221","15","179689258"
"KQ058550v1","3119046","3119158","chr14","107776971","107777068","37","104657925"
"KQ058550v1","3202524","3202704","chr8","63361944","63362121","47","60159420"
"KQ058550v1","3256668","3256853","chr3","87647627","87647811","43","84390959"
"KQ058550v1","3409626","3409766","chr6","133747828","133747953","43","130338202"
"KQ058550v1","3410473","3410614","chr7","42254946","42255078","36","38844473"
"KQ058550v1","3556512","3556710","chr16","67581540","67581735","53","64025028"
"KQ058550v1","3620110","3620223","chr18","3820684","3820793","26","200574"
"KQ058550v1","3731492","3731546","chr6","10047699","10047752","10","6316207"
"KQ058550v1","3731940","3732091","chr8","98032657","98032805","53","94300717"
"KQ058550v1","4012841","4012947","chr11","115999896","116000000","29","111987055"
"KQ058550v1","4013313","4013403","chr13","109556256","109556343","25","105542943"
"KQ058550v1","4849958","4850121","chr7","127238544","127238710","41","122388586"
"KQ058550v1","4899443","4899608","chr4","71486007","71486161","52","66586564"
"KQ058550v1","4953307","4953435","chr2","85452723","85452848","27","80499416"
"KQ058550v1","4953473","4953512","chr8","100854085","100854124","6","95900612"
"KQ058550v1","5109069","5109378","chr4","34410345","34410644","76","29301276"
"KQ058552v1","81158","81451","chr2","146910253","146910552","68","146829095"
"KQ058558v1","6059","6123","chr19","43887517","43887583","15","43881458"
"KQ058558v1","6601","6690","chr9","33121832","33121921","25","33115231"
"KQ058561v1","310311","310480","chr10","81260002","81260161","37","80949691"
"KQ058561v1","408446","408566","chr7","27522130","27522249","25","27113684"
"KQ058561v1","408898","408913","chr1","197479470","197479484","2","197070572"
"KQ058561v1","772455","772628","chr10","35345408","35345572","48","34572953"
"KQ058561v1","1563301","1563411","chr20","17667801","17667909","26","16104500"
"KQ058561v1","2210915","2211059","chr11","6990374","6990517","29","4779459"
"KQ058561v1","2325679","2325809","chr15","8343848","8343976","19","6018169"
"KQ058561v1","2325811","2325896","chr1","130442089","130442168","14","128116278"
"KQ058561v1","2333088","2333180","chr1","2156714","2156806","25","176374"
"KQ058561v1","2347172","2347453","chr7","41634834","41635113","67","39287662"
"KQ058561v1","2914306","2914483","chr16","36340026","36340211","44","33425720"
"KQ058561v1","3062803","3062977","chr15","99057995","99058168","45","95995192"
"KQ058561v1","3063556","3063651","chr9","3301496","3301580","23","237940"
"KQ058561v1","3100984","3101253","chr10","29047313","29047589","63","25946329"
"KQ058561v1","3162499","3162710","chr1","137923876","137924086","53","134761377"
"KQ058561v1","3668213","3668398","chr4","33650828","33651021","49","29982615"
"KQ058561v1","3674498","3674789","chr4","151103320","151103609","64","147428822"
"KQ058561v1","3998387","3998458","chr1","30644596","30644660","14","26646209"
"KQ058561v1","4980181","4980329","chr11","120384576","120384698","47","115404395"
"KQ058561v1","5060568","5060700","chr1","85858415","85858535","42","80797847"
"KQ058561v1","5252662","5252903","chr15","8891760","8892011","61","3639098"
"KQ058561v1","5577040","5577121","chr11","114385185","114385262","14","108808145"
"KQ058561v1","6593060","6593203","chr10","13335805","13335945","36","6742745"
"KQ058561v1","7561873","7562016","chr1","64229909","64230052","35","56668036"
"KQ058561v1","7674229","7674414","chr12","11220138","11220318","44","3545909"
"KQ058561v1","8062270","8062516","chr5","1765985","1766240","57","6296285"
"KQ058561v1","8062981","8063011","chr16","73551188","73551218","2","65488207"
"KQ058561v1","8345528","8345705","chr19","2116270","2116438","45","6229258"
"KQ058561v1","8393055","8393159","chr11","6600507","6600612","23","1792548"
"KQ058561v1","8852558","8852733","chr13","60066770","60066941","41","51214212"
"KQ058561v1","9019856","9019951","chrX","347434","347526","24","8672422"
"KQ058561v1","9251379","9251528","chr2","147139117","147139264","29","137887738"
"KQ058561v1","9748004","9748178","chr1","217814415","217814581","30","208066411"
"KQ058561v1","9811904","9811989","chr6","139956525","139956610","20","130144621"
"KQ058561v1","10133414","10133593","chr8","39794313","39794488","35","29660899"
"KQ058561v1","10207546","10207617","chr18","15904045","15904111","19","5696499"
"KQ058561v1","10223301","10223454","chrX","106861512","106861669","27","96638211"
"KQ058562v1","106210","106291","chr4","2744439","2744523","15","2638229"
"KQ058563v1","101713","101786","chr1","157829766","157829843","21","157728053"
"KQ058563v1","101787","101953","chr1","17629970","17630130","41","17528183"
"KQ058565v1","306973","307171","chr3","42298682","42298860","51","41991709"
"KQ058565v1","336133","336215","chr2","98163452","98163527","31","97827319"
"KQ058568v1","34881","34943","chr8","11269904","11269959","26","11235023"
"KQ058568v1","36514","36651","chr11","44441404","44441541","33","44404890"
"KQ058568v1","37075","37216","chr2","172227852","172227991","32","172190777"
"KQ058572v1","1196953","1197146","chr13","36076183","36076375","51","34879230"
"KQ058572v1","1198157","1198216","chr7","158716377","158716438","13","157518220"
"KQ058572v1","1374803","1374876","chr1","34800369","34800443","12","33425566"
"KQ058572v1","1507433","1507587","chr14","21241881","21242020","36","19734448"
"KQ058572v1","2100750","2100909","chr11","15162048","15162193","54","13061298"
"KQ058572v1","2109740","2109972","chr19","40826534","40826763","57","38716794"
"KQ058572v1","2110275","2110346","chr4","21192049","21192120","13","19081774"
"KQ058572v1","2782911","2783142","chr7","19509923","19510154","52","16727012"
"KQ058572v1","2828079","2828151","chr4","104181246","104181321","16","101353167"
"KQ058572v1","3110270","3110335","chr20","376914","376974","16","2733356"
"KQ058572v1","3480923","3481012","chr7","92047931","92048023","22","88567008"
"KQ058572v1","3481597","3481797","chr6","70760693","70760890","47","67279096"
"KQ058572v1","3639818","3639974","chrX","106861512","106861669","32","103221694"
"KQ058577v1","274769","274929","chr1","25816699","25816864","37","25541930"
"KQ058577v1","275457","275591","chr19","38725872","38726005","23","38450415"
"KQ058577v1","572665","572813","chr7","149431087","149431239","31","148858422"
"KQ058580v1","56984","57289","chr3","44307047","44307344","70","44250063"
"KQ058580v1","116205","116327","chr12","84179573","84179687","30","84063368"
"KQ058580v1","117407","117523","chr12","84179573","84179687","29","84062166"
"KQ058580v1","146684","146971","chr11","122354616","122354898","55","122207932"
"KQ058580v1","175322","175631","chr2","66445797","66446107","58","66270475"
"KQ058582v1","1745923","1746081","chr15","6545105","6545266","28","4799182"
"KQ058583v1","1706064","1706380","chrX","142116490","142116801","59","140410426"
"KQ058583v1","1976308","1976382","chr1","181872340","181872413","9","179896032"
"KQ058583v1","1976432","1976531","chr3","9353376","9353462","23","7376944"
"KQ058583v1","2648714","2649029","chrX","120625866","120626177","82","117977152"
"KQ058583v1","3582351","3582488","chr16","9009276","9009407","34","5426925"
"KQ058589v1","222251","222390","chr15","13249512","13249640","38","13027261"
"KQ058589v1","456614","456804","chr10","13014839","13015026","46","12558225"
"KQ058594v1","97179","97317","chr12","64467093","64467231","36","64369914"
"KQ058594v1","184012","184195","chr19","8561853","8561997","59","8377841"
"KQ058594v1","187698","187744","chr4","103779745","103779791","12","103592047"
"KQ058594v1","309768","309897","chr16","52431504","52431633","43","52121736"
"KQ058594v1","361755","361829","chr14","58785506","58785573","19","58423751"
"KQ058594v1","405525","405694","chr14","3842414","3842571","39","3436889"
"KQ058594v1","663514","663571","chr2","106352970","106353029","13","105689456"
"KQ058594v1","785509","785598","chr9","34116356","34116443","20","33330847"
"KQ058594v1","1010091","1010271","chr11","66104687","66104863","41","65094596"
"KQ058594v1","1511377","1511508","chr11","61214928","61215062","29","59703551"
"KQ058594v1","1511698","1511861","chr11","1222722","1222876","33","288976"
"KQ058594v1","1822597","1822764","chr20","4309267","4309431","36","2486670"
"KQ058594v1","1823026","1823169","chr19","29755129","29755268","24","27932103"
"KQ058594v1","2293525","2293594","chr13","93349515","93349583","15","91055990"
"KQ058594v1","4222195","4222392","chr3","48985192","48985383","64","44762997"
"KQ058594v1","4224819","4224893","chr3","160144231","160144302","19","155919412"
"KQ058594v1","5243737","5243917","chr14","11878331","11878507","40","6634594"
"KQ058594v1","5244472","5244541","chr13","84303487","84303550","21","79059015"
"KQ058594v1","5439677","5439773","chr7","37709361","37709456","12","32269684"
"KQ058594v1","5441093","5441276","chr3","56622966","56623153","49","51181873"
"KQ058594v1","5587824","5587947","chr20","24768103","24768223","24","19180279"
"KQ058594v1","5589085","5589262","chr20","31885242","31885424","37","26296157"
"KQ058594v1","5920186","5920380","chr16","51125292","51125488","48","45205106"
"KQ058594v1","5922687","5922818","chr1","9037160","9037294","25","3114473"
"KQ058594v1","6194539","6194684","chr1","36379374","36379525","35","30184835"
"KQ058595v1","219646","219697","chr1","198738207","198738256","16","198518561"
"KQ058595v1","270495","270579","chr2","78246320","78246395","28","77975825"
"KQ058595v1","322348","322418","chr11","76775013","76775082","16","76452665"
"KQ058595v1","410509","410640","chrX","123983164","123983291","30","123572655"
"KQ058597v1","31341","31485","chr12","91803945","91804089","28","91772604"
"KQ058597v1","33812","33960","chr8","81908157","81908291","44","81874345"
"KQ058603v1","404569","404645","chr2","149704688","149704765","19","149300119"
"KQ058603v1","674841","675137","chr6","50837720","50838015","81","50162879"
"KQ058603v1","677206","677250","chr14","92387146","92387191","10","91709940"
"KQ058604v1","233111","233141","chr13","90104401","90104430","7","89871290"
"KQ058604v1","235490","235770","chr1","56843989","56844257","68","56608499"
"KQ058604v1","547993","548213","chr11","45238807","45239033","70","44690814"
"KQ058605v1","710739","710819","chr16","40158789","40158860","18","39448050"
"KQ058605v1","733768","733866","chr6","84359432","84359538","39","83625664"
"KQ058605v1","1241772","1241836","chr1","1451210","1451274","12","209438"
"KQ058605v1","1327770","1327894","chr19","27774401","27774528","43","26446631"
"KQ058605v1","2075989","2076146","chr19","39769443","39769593","32","37693454"
"KQ058605v1","2482037","2482182","chr11","82972806","82972941","39","80490769"
"KQ058605v1","2531144","2531293","chr5","4450724","4450860","35","1919580"
"KQ058605v1","2532515","2532603","chr2","186306466","186306555","20","183773951"
"KQ058605v1","2724101","2724197","chrX","38470932","38471033","20","35746831"
"KQ058605v1","2728084","2728301","chr6","131716506","131716733","55","128988422"
"KQ058605v1","2796411","2796478","chr6","134194500","134194566","12","131398089"
"KQ058608v1","90317","90621","chrX","46200808","46201119","80","46110491"
"KQ058613v1","453294","453380","chr4","2744439","2744523","20","2291145"
"KQ058613v1","474621","474746","chr3","109793110","109793241","34","109318489"
"KQ058616v1","147129","147198","chr5","130486289","130486354","17","130339160"
"KQ058616v1","693996","694046","chr6","118717922","118717975","12","118023926"
"KQ058616v1","1176645","1176791","chr15","598374","598523","34","578271"
"KQ058616v1","2522524","2522684","chr7","46204257","46204412","46","43681733"
"KQ058616v1","3743141","3743306","chr6","102118429","102118592","46","98375288"
"KQ058616v1","3743308","3743361","chrX","939789","939841","10","2803519"
"KQ058616v1","3801851","3801903","chr8","62412681","62412731","18","58610830"
"KQ058617v1","595883","595989","chr20","17667801","17667909","22","17071918"
"KQ058619v1","43718","43915","chr1","34377500","34377690","61","34333782"
"KQ058619v1","98504","98666","chr10","16675619","16675771","55","16577115"
"KQ058619v1","107319","107450","chr11","110448868","110448972","47","110341549"
"KQ058619v1","184951","185078","chr11","61214928","61215062","30","61029977"
"KQ058622v1","145861","146043","chr4","125651104","125651289","35","125505243"
"KQ058622v1","146233","146359","chr16","44193446","44193572","24","44047213"
"KQ058626v1","47605","47696","chr8","28871592","28871678","23","28823987"
"KQ058626v1","106776","106855","chr2","98666597","98666670","23","98559821"
"KQ058626v1","108189","108354","chr19","15651400","15651544","45","15543211"
"KQ058626v1","158389","158492","chr7","17265184","17265272","28","17106795"
"KQ058627v1","1887711","1887791","chr10","59108975","59109057","24","57221264"
"KQ058627v1","2289857","2290079","chr4","4361137","4361354","55","2071280"
"KQ058627v1","2311409","2311615","chr11","119597835","119598044","56","117286426"
"KQ058627v1","3252842","3252991","chr11","121092295","121092441","32","117839453"
"KQ058627v1","3254436","3254603","chr5","118526326","118526488","36","115271890"
"KQ058629v1","320607","320771","chr3","2024698","2024867","37","1704091"
"KQ058629v1","322063","322210","chr4","55851011","55851159","28","55528948"
"KQ058629v1","401633","401755","chr2","89860282","89860410","45","89458649"
"KQ058630v1","339659","339731","chr14","30621733","30621805","15","30282074"
"KQ058630v1","797060","797248","chr1","117073885","117074067","35","116276825"
"KQ058630v1","1028624","1028667","chr6","172279857","172279902","9","171251233"
"KQ058630v1","1240730","1240894","chr11","1710400","1710546","38","469670"
"KQ058630v1","1326494","1326807","chrX","28158227","28158530","64","26831733"
"KQ058631v1","153048","153200","chr10","29318941","29319087","40","29165893"
"KQ058634v1","305943","306031","chr12","67997626","67997718","22","67691683"
"KQ058634v1","560272","560611","chr7","160210008","160210357","114","159649736"
"KQ058636v1","77980","78347","chr6","166241667","166241965","130","166163687"
"KQ058636v1","819763","819930","chr10","14462717","14462877","36","13642954"
"KQ058636v1","1180843","1180965","chr3","51809178","51809299","26","50628335"
"KQ058636v1","1184417","1184617","chr3","39861348","39861550","46","38676931"
"KQ058636v1","1616089","1616184","chr8","28787933","28788030","21","27171844"
"KQ058637v1","546863","546967","chrX","6554585","6554688","24","6007722"
"KQ058638v1","134796","134856","chr1","18317282","18317339","17","18182486"
"KQ058638v1","390509","390824","chr5","35786577","35786873","71","35396068"
"KQ058638v1","742245","742533","chr8","139057439","139057732","72","138315194"
"KQ058638v1","766615","766801","chr16","73477932","73478112","49","72711317"
"KQ058638v1","1198952","1199114","chr9","12657011","12657169","46","11458059"
"KQ058638v1","2184218","2184392","chr2","51157414","51157581","44","48973196"
"KQ058638v1","2610956","2611129","chr1","93759595","93759762","53","91148639"
"KQ058638v1","2798407","2798592","chr16","65643896","65644073","36","62845489"
"KQ058638v1","2840958","2841050","chr10","64290660","64290749","24","61449702"
"KQ058641v1","294560","294694","chr4","65813127","65813256","37","65518567"
"KQ058643v1","268084","268162","chr12","30624477","30624557","14","30356393"
"KQ058643v1","354847","355141","chr6","9991488","9991776","63","9636641"
"KQ058643v1","355148","355250","chr5","135158660","135158762","16","134803512"
"ABDC02000589v1","1032","1115","chr10","85581899","85581983","15","85580867"
"ABDC02003384v1","253072","253244","chr5","174326554","174326731","45","174073482"
"ABDC02005909v1","142631","142838","chr1","118199214","118199431","68","118056583"
"ABDC02013809v1","6760","7050","chr10","72209147","72209439","62","72202387"
"ABDC02022299v1","497","699","chr3","43257783","43257968","78","43257286"
"ABDC02022752v1","207540","207709","chr3","88142432","88142595","34","87934892"
"ABDC02026549v1","2860","3116","chr1","41034829","41035098","87","41031969"
"ABDC02027018v1","5976","6119","chr7","38707944","38708096","46","38701968"
"ABDC02027136v1","15722","15860","chr11","94382624","94382759","47","94366902"
"ABDC02029150v1","2040","2119","chr14","64438492","64438559","21","64436452"
"ABDC02030531v1","1485","1716","chr3","46215419","46215640","62","46213934"
"ABDC02031352v1","1577","1712","chr8","76048135","76048258","46","76046558"
"ABDC02031352v1","1713","1799","chr3","124056778","124056859","28","124055065"
"ABDC02031867v1","3838","3941","chr5","29025774","29025872","37","29021936"
"ABDC02032138v1","2759","2934","chr14","62644580","62644753","42","62641821"
"ABDC02032138v1","7046","7101","chr14","98125217","98125272","15","98118171"
"ABDC02032857v1","20","215","chr17","6628450","6628638","65","6628430"
"ABDC02033170v1","2","114","chr8","95824703","95824817","29","95824701"
"ABDC02033394v1","2328","2486","chr5","1888026","1888179","42","1885698"
"ABDC02034485v1","29","110","chr11","130993518","130993604","15","130993489"
"ABDC02035056v1","3097","3177","chr9","13509590","13509671","13","13506493"
"ABDC02037249v1","1595","1843","chr9","15104313","15104578","97","15102718"
"ABDC02037849v1","2067","2341","chr8","136121879","136122149","79","136119812"
"ABDC02038574v1","273","437","chr18","24355600","24355763","45","24355327"
"ABDC02039509v1","792","963","chr2","48565458","48565631","44","48564666"
"ABDC02039735v1","4885","5059","chr4","153955031","153955201","36","153950146"
"ABDC02039735v1","5227","5305","chr1","187601134","187601209","14","187595907"
"ABDC02040602v1","3158","3234","chr8","5999686","5999751","23","5996528"
"ABDC02040602v1","3911","4212","chr7","30149330","30149627","83","30145419"
"ABDC02040793v1","1788","1954","chr19","3220819","3220991","35","3219031"
"ABDC02043021v1","2265","2444","chr9","95058510","95058688","35","95056245"
"ABDC02044826v1","1565","1631","chr6","138213145","138213207","26","138211580"
"ABDC02045271v1","596","739","chr6","161966424","161966574","39","161965828"
"ABDC02045528v1","29","285","chr11","117104863","117105087","79","117104834"
"ABDC02046283v1","3670","3746","chr4","77649765","77649841","15","77646095"
"ABDC02046716v1","1083","1146","chr1","41706824","41706888","16","41705741"
"ABDC02046721v1","4840","5030","chr11","121894773","121894965","38","121889933"
"ABDC02047098v1","12","88","chr1","63958307","63958385","14","63958295"
"ABDC02047165v1","4343","4419","chr1","180599157","180599229","16","180594814"
"ABDC02048058v1","4880","5114","chr11","119168629","119168847","72","119163749"
"ABDC02048409v1","559","716","chr10","2054989","2055155","46","2054430"
"ABDC02048439v1","2","121","chr15","59859294","59859409","39","59859292"
"ABDC02048559v1","721","992","chr4","148588692","148588953","74","148587971"
"ABDC02049653v1","1035","1224","chrX","92618497","92618682","51","92617462"
"ABDC02049896v1","2297","2492","chr1","53358897","53359084","64","53356600"
"ABDC02050330v1","2587","2744","chr6","30415087","30415245","44","30412500"
"ABDC02050334v1","3072","3253","chr6","148240501","148240691","41","148237429"
"ABDC02051269v1","1975","2185","chr3","149236365","149236573","77","149234390"
"ABDC02051742v1","913","1016","chr15","98493550","98493647","21","98492637"
"ABDC02051923v1","647","810","chr4","133258497","133258659","30","133257850"
"ABDC02052540v1","749","868","chr9","57895123","57895243","34","57894374"
"ABDC02052580v1","990","1169","chr11","125313132","125313305","49","125312142"
"ABDC02052801v1","260","433","chr11","94351939","94352106","48","94351679"
"ABDC02053658v1","2461","2734","chr10","47545155","47545427","76","47542694"
"ABDC02053660v1","470","621","chr3","39308142","39308308","49","39307672"
"ABDC02053834v1","1","131","chr5","36065215","36065339","40","36065214"
"ABDC02054532v1","861","1020","chr10","27103446","27103605","35","27102585"
"ABDC02054757v1","1","163","chr8","63744922","63745087","36","63744921"
"ABDC02055627v1","1","76","chr16","25240524","25240599","16","25240523"
"ABDC02055665v1","5851","6015","chr7","15293356","15293511","45","15287505"
"ABDC02055802v1","1","82","chr12","103622995","103623076","17","103622994"
"ABDC02055858v1","2593","2750","chr20","17522690","17522834","44","17520097"
"ABDC02055881v1","1021","1117","chr1","58740674","58740760","26","58739653"
"ABDC02056200v1","15","201","chr14","64817356","64817535","36","64817341"
