"KQ052968v1","5159801","5160090","chr3","98448555","98448855","79","93288754"
"KQ052968v1","6882305","6882416","chr4","31737169","31737288","42","24854864"
"KQ052982v1","1037188","1037392","chr10","15784388","15784554","71","14747200"
"KQ052993v1","106858","107022","chr7","136094449","136094602","49","135987591"
"KQ053013v1","549072","549150","chr13","59030303","59030380","25","58481231"
"KQ053026v1","2625154","2625229","chr2","94229786","94229859","16","91604632"
"KQ053115v1","4315760","4315855","chr19","2588475","2588568","13","1727285"
"KQ053157v1","4086507","4086592","chrY","601005","601090","13","3485502"
"KQ053190v1","1328834","1328926","chr13","28074442","28074535","16","26745608"
"KQ053299v1","6943837","6943988","chr2","182440628","182440772","43","175496791"
"KQ053299v1","10910416","10910466","chr10","68376351","68376404","16","57465935"
"KQ053487v1","549600","549677","chr12","106187714","106187787","12","105638114"
"KQ053609v1","1915522","1915589","chr13","36040070","36040132","18","34124548"
"KQ053696v1","1714731","1714793","chr10","88764999","88765063","20","87050268"
"KQ053740v1","1272033","1272232","chr6","139607648","139607856","44","138335615"
"KQ053752v1","2511791","2511869","chrX","71469889","71469966","14","68958098"
"KQ053774v1","476119","476427","chr8","139828903","139829201","92","139352784"
"KQ053795v1","1571830","1571841","chr1","149339926","149339936","2","147768096"
"KQ053795v1","1572171","1572471","chr2","47255267","47255558","92","45683096"
"KQ053894v1","3858653","3858710","chr3","172190982","172191034","19","168332329"
"KQ054069v1","3890167","3890202","chr7","66340703","66340736","8","62450536"
"KQ054235v1","2563319","2563398","chr4","70627499","70627568","33","68064180"
"KQ054400v1","7322499","7322636","chr7","136525234","136525365","37","129202735"
"KQ054423v1","1002456","1002773","chr9","15480763","15481052","87","14478307"
"KQ054565v1","1657956","1658039","chr1","107893075","107893158","9","106235119"
"KQ054704v1","305262","305592","chr3","182185971","182186268","105","181880709"
"KQ054734v1","157310","157439","chr3","63716027","63716159","33","63558717"
"KQ054765v1","2119384","2119454","chr15","25679125","25679203","19","23559741"
"KQ054879v1","699195","699341","chr18","2406371","2406510","42","1707176"
"KQ054994v1","1602770","1602903","chr16","59608816","59608950","40","58006046"
"KQ055108v1","1693940","1694059","chr1","27631416","27631528","36","25937476"
"KQ055140v1","3406115","3406180","chr1","89177028","89177087","21","85770913"
"KQ055236v1","137509","137726","chr14","806283","806497","47","668774"
"KQ055364v1","1556728","1556825","chr10","5111262","5111356","23","3554534"
"KQ055532v1","5586","5730","chr10","79783068","79783192","55","79777482"
"KQ055629v1","5103352","5103429","chr9","37384331","37384403","21","32280979"
"KQ055717v1","607973","608086","chr9","32444962","32445085","37","31836989"
"KQ055883v1","1177712","1177805","chr3","55444913","55444998","29","54267201"
"KQ056166v1","1024314","1024550","chr7","26577776","26578004","69","25553462"
"KQ056234v1","1722181","1722281","chr2","46592911","46592996","28","44870730"
"KQ056345v1","2364678","2364765","chr2","192588248","192588335","12","190223570"
"KQ056475v1","598629","598817","chr2","93922344","93922524","62","93323715"
"KQ056494v1","751737","751811","chr1","220361957","220362032","20","219610220"
"KQ056530v1","655075","655158","chr6","131018029","131018112","16","130362954"
"KQ056587v1","10966386","10966466","chr14","78889653","78889735","15","67923267"
"KQ056751v1","890961","891083","chr3","141399958","141400080","31","140508997"
"KQ056865v1","4754","4881","chr1","89081336","89081467","26","89076582"
"KQ056911v1","1131026","1131247","chr19","36146711","36146917","81","35015685"
"KQ057034v1","3737593","3737834","chr1","57264697","57264941","86","53527104"
"KQ057045v1","128068","128195","chr1","44549063","44549193","21","44420995"
"KQ057205v1","820748","820831","chr4","171451407","171451490","10","170630659"
"KQ057290v1","1324360","1324489","chr1","125218577","125218706","33","123894217"
"KQ057363v1","468028","468224","chr7","100682926","100683102","53","100214898"
"KQ057570v1","791973","792197","chr9","21370506","21370751","93","20578533"
"KQ057726v1","334172","334261","chr16","15777161","15777248","18","15442989"
"KQ057773v1","25814","25947","chr1","130617483","130617614","43","130591669"
"KQ057821v1","3826850","3826934","chr1","155065416","155065503","18","151238566"
"KQ057883v1","254411","254570","chr7","51580024","51580196","42","51325613"
"KQ057909v1","423105","423351","chr20","18976832","18977073","80","18553727"
"KQ057911v1","758922","759067","chr19","25526644","25526767","56","24767722"
"KQ058094v1","8138731","8138885","chr7","63425957","63426101","44","55287226"
"KQ058280v1","747525","747639","chr7","54880951","54881053","35","54133426"
"KQ058291v1","243771","243898","chr3","166935704","166935824","42","166691933"
"KQ058316v1","1987085","1987169","chr1","40970644","40970727","21","38983559"
"KQ058372v1","3324098","3324262","chr7","136682091","136682253","44","133357993"
"KQ058382v1","82338","82410","chr20","61287526","61287585","22","61205188"
"KQ058382v1","82426","82498","chr20","61287526","61287585","22","61205100"
"KQ058383v1","5112501","5112627","chr7","42769295","42769425","27","37656794"
"KQ058425v1","146157","146306","chr2","108675731","108675878","33","108529574"
"KQ058427v1","10643664","10643863","chr4","34368659","34368860","54","23724995"
"KQ058427v1","11361647","11361744","chr19","47783278","47783364","32","36421631"
"KQ058483v1","86885","86968","chr3","64801739","64801821","20","64714854"
"KQ058538v1","2500982","2501229","chr2","41272076","41272303","83","38771094"
"KQ058546v1","438325","438591","chr7","71038648","71038922","75","70600323"
"KQ058548v1","177448","177608","chr7","18673709","18673866","35","18496261"
"KQ058553v1","152743","152806","chr20","37437120","37437187","14","37284377"
"KQ058605v1","2450813","2450960","chr3","3660972","3661139","47","1210159"
