"chr1","8160876","8161184","chrX_KE148108v1_random","4070862","4071183","53","4090014"
"chr1","37311430","37311992","chr3","41007332","41007731","230","3695902"
"chr1","216736743","216737354","chr11","105493540","105493967","253","111243203"
"chr3","2409449","2411530","chr11","105493540","105493967","1654","103084091"
"chr3","15438287","15438894","chr11","105493540","105493967","276","90055253"
"chr3","92126601","92126914","chr7","87185986","87186310","43","4940615"
"chr3","155711135","155711466","chr6","47723727","47724044","61","107987408"
"chr3","184001283","184001892","chr3","41007332","41007731","273","142993951"
"chr4","13302231","13302558","chr17","46781509","46781830","45","33479278"
"chr4","48013799","48014402","chr11","105493540","105493967","305","57479741"
"chr4","122168766","122170809","chr11","105493540","105493967","1616","16675226"
"chr4","151781487","151781857","chr9","118730862","118731206","71","33050625"
"chr4","161400886","161401224","chr11","76434620","76434947","54","84966266"
"chr5","37680032","37680623","chr11","105493540","105493967","239","67813508"
"chr5","67081714","67082330","chr11","105493540","105493967","254","38411826"
"chr5","163244409","163244957","chr3","41007332","41007731","218","122237077"
"chr6","21716751","21717353","chr11","105493540","105493967","255","83776789"
"chr6","21755087","21755691","chr11","105493540","105493967","256","83738453"
"chr7","221442","222056","chr11","105493540","105493967","262","105272098"
"chr7","85191284","85191621","chr9","118730862","118731206","65","33539578"
"chr8","50020507","50021094","chr3","41007332","41007731","258","9013175"
"chr8","64414113","64414428","chr1","4727144","4727451","40","59686969"
"chr8","142501185","142501781","chr11","105493540","105493967","240","37007645"
"chr9","47606817","47607145","chr10","66689906","66690227","53","19083089"
"chrX","28464734","28465049","chrX","30195633","30195936","37","1730899"
"chrX","41461823","41462409","chr11","105493540","105493967","236","64031717"
"chrX","71015769","71016112","chr17","55538676","55539005","45","15477093"
"chr10","31510941","31512481","chr9","88752071","88752495","1118","57241130"
"chr10","37308001","37308555","chr11","105493540","105493967","245","68185539"
"chr10","39884528","39885119","chr11","105493540","105493967","270","65609012"
"chr11","7127369","7127972","chr11","105493540","105493967","248","98366171"
"chr12","35158995","35159547","chr11","105493540","105493967","232","70334545"
"chr12","119878299","119878660","chr7","108165623","108165901","187","11712676"
"chr12","122063832","122064754","chr9","88752071","88752495","537","33311761"
"chr13","66753390","66753732","chrX_KE148108v1_random","6536544","6536895","54","60216846"
"chr13","73441850","73442190","chr9","118730862","118731206","52","45289012"
"chr14","15697235","15697861","chr11","105493540","105493967","269","89796305"
"chr14","57487540","57487865","chrX_KE148108v1_random","4070862","4071183","52","53416678"
"chr15","5453094","5453443","chr1","5327099","5327414","61","125995"
"chr15","24298584","24299185","chr11","105493540","105493967","242","81194956"
"chr16","20088017","20088618","chr11","105493540","105493967","253","85405523"
"chr17","9766375","9766700","chrX_KE148108v1_random","4070862","4071183","54","5695513"
"chr19","10375100","10375265","chr17","27801153","27801311","39","17426053"
"chr19","11592082","11592681","chr11","105493540","105493967","243","93901458"
"chr19","17415963","17416307","chr1","5327099","5327414","62","12088864"
"chr19","57527408","57528325","chr11","105493540","105493967","531","47966132"
"chr21","32113092","32113668","chr9","88752071","88752495","247","56638979"
"chr22","20292219","20292489","chr12","9425913","9426179","57","10866306"
"chr22","25950343","25950993","chr11","105493540","105493967","282","79543197"
"chr2A","77006074","77006708","chr11","105493540","105493967","283","28487466"
"chr2A","96955038","96955369","chr4","50215735","50216047","64","46739303"
"chr2B","935034","935655","chr11","105493540","105493967","271","104558506"
