"chr1","11534290","11534583","chr10","13828195","13828491","57","2293905"
"chr1","30408677","30408955","chrX","49766537","49766810","61","19357860"
"chr1","115605390","115605539","chr7","150619038","150619173","31","35013648"
"chr1","124125129","124125398","chr18","2383546","2383800","46","121741583"
"chr1","141819853","141820167","chr19","390887","391199","66","141428966"
"chr1","92615","92942","chr3","39544873","39545188","66","39452258"
"chr1","110487","110772","chr2","111010900","111011190","60","110900413"
"chr1","200349","200658","chr13","44115059","44115365","87","43914710"
"chr1","207884","208182","chr22","29758068","29758367","63","29550184"
"chr1","210647","210719","chr4","31053234","31053299","21","30842587"
"chr1","356230","356338","chr5","59655504","59655606","24","59299274"
"chr1","356655","356808","chr22","34252705","34252860","38","33896050"
"chr1","408417","408529","chr1","13967182","13967290","20","13558765"
"chr1","475842","475893","chr2","46888305","46888351","9","46412463"
"chr1","485910","486070","chr3","52321080","52321233","35","51835170"
"chr1","486690","486853","chr2","9738861","9739025","30","9252171"
"chr1","505423","505711","chr9","101966653","101966946","54","101461230"
"chr1","520969","521098","chr4","44463564","44463694","22","43942595"
"chr1","534452","534576","chr1","65498126","65498250","25","64963674"
"chr1","543068","543198","chr4","44463564","44463694","20","43920496"
"chr1","563193","563325","chr22","45119087","45119217","21","44555894"
"chr1","620064","620347","chr7","36014795","36015076","74","35394731"
"chr1","629311","629606","chr12","11728210","11728498","77","11098899"
"chr1","722160","722442","chr11","82443030","82443313","63","81720870"
"chr1","749847","749912","chr16","53306201","53306264","14","52556354"
"chr1","785889","786017","chr15","16123472","16123605","19","15337583"
"chr1","841208","841328","chr7","36234079","36234203","17","35392871"
"chr1","845261","845393","chrX","106737738","106737868","28","105892477"
"chr1","858911","859227","chr11","9065170","9065493","72","8206259"
"chr1","885846","886152","chr1","118797181","118797481","65","117911335"
"chr1","898721","899007","chr19","24569418","24569705","76","23670697"
"chr1","936273","936423","chr7","57359333","57359475","34","56423060"
"chr1","977596","977890","chr7","36373099","36373357","80","35395503"
"chr1","1063408","1063531","chr7","36466603","36466728","15","35403195"
"chr1","1070619","1070893","chr7","36468181","36468467","59","35397562"
"chr1","1079839","1079914","chr13","78697253","78697329","13","77617414"
"chr1","1238918","1239216","chr10","127941325","127941621","59","126702407"
"chr1","1241796","1242059","chr6","53816675","53816942","64","52574879"
"chr1","1306082","1306211","chrX","52274343","52274475","24","50968261"
"chr1","1434593","1434717","chr3","164999153","164999276","29","163564560"
"chr1","1622919","1623067","chrX","127182142","127182276","45","125559223"
"chr1","1807854","1808173","chr22","28224003","28224270","105","26416149"
"chr1","1917868","1918138","chr7","37232897","37233176","58","35315029"
"chr1","1995495","1995665","chrUn_GL286409","202513","202684","34","1792982"
"chr1","1996800","1997096","chr1","165107174","165107471","57","163110374"
"chr1","2298726","2299019","chr7","37598327","37598626","42","35299601"
"chr1","2545994","2546285","chr9","53523121","53523415","55","50977127"
"chr1","2621539","2621724","chrX","64594901","64595076","54","61973362"
"chr1","2634139","2634282","chr9","21026329","21026464","30","18392190"
"chr1","2634587","2634724","chr13","36824426","36824554","31","34189839"
"chr1","2690083","2690432","chr7","75920665","75920968","100","73230582"
"chr1","2753922","2754046","chr7","78792060","78792184","18","76038138"
"chr1","2807796","2808086","chr7","38099827","38100115","45","35292031"
"chr1","2812419","2812693","chr7","38106401","38106679","41","35293982"
"chr1","2840494","2840778","chr6","15120054","15120337","61","12279560"
"chr1","2859507","2859792","chr7","38153506","38153790","43","35293999"
"chr1","3159133","3159254","chrX","107428789","107428908","18","104269656"
"chr1","3452805","3453099","chrX","15505273","15505563","76","12052468"
"chr1","3796989","3797121","chr2","10110790","10110922","24","6313801"
"chr1","3871489","3871798","chr7","39018519","39018824","42","35147030"
"chr1","3951636","3951935","chr7","39104263","39104556","58","35152627"
"chr1","4226560","4226877","chr5","5080420","5080723","74","853860"
"chr1","4399886","4400184","chr7","79834187","79834474","64","75434301"
"chr1","4532647","4532939","chr7","47467453","47467742","58","42934806"
"chr1","4553247","4553381","chr1","156039373","156039492","33","151486126"
"chr1","4573165","4573457","chr2","20509241","20509527","55","15936076"
"chr1","5042697","5043000","chr7","40262640","40262935","50","35219943"
"chr1","5152858","5153177","chrX","48297259","48297562","76","43144401"
"chr1","5173232","5173547","chr7","40397149","40397457","45","35223917"
"chr1","5180645","5180954","chr7","40404973","40405278","46","35224328"
"chr1","5264547","5264816","chr12","83721463","83721729","61","78456916"
"chr1","5336362","5336544","chr1","183821080","183821252","54","178484718"
"chr1","5336853","5337004","chr4","153004901","153005054","37","147668048"
"chr1","5360184","5360401","chr9","111304955","111305173","51","105944771"
"chr1","5433385","5433513","chr9","8615145","8615268","28","3181760"
"chr1","5515458","5515592","chr10","74474605","74474739","23","68959147"
"chr1","5536758","5537046","chr7","61099816","61100105","65","55563058"
"chr1","5577958","5578250","chr11","127973910","127974198","57","122395952"
"chr1","5622921","5623217","chr10","127941325","127941621","55","122318404"
"chr1","5646884","5647054","chr6","116614338","116614511","40","110967454"
"chr1","5713307","5713595","chr7","98805445","98805741","57","93092138"
"chr1","5750591","5750715","chr11","72012853","72012979","25","66262262"
"chr1","5750995","5751134","chr13","10331146","10331276","38","4580151"
"chr1","5753982","5754160","chr1","136062577","136062752","49","130308595"
"chr1","5793214","5793508","chr7","41063865","41064133","49","35270651"
"chr1","5803607","5803894","chr9","101966653","101966946","59","96163046"
"chr1","5815828","5815894","chr8","11472709","11472779","13","5656881"
"chr1","5842586","5842846","chr12","26532682","26532938","57","20690096"
"chr1","5879974","5880265","chr7","41144431","41144720","50","35264457"
"chr1","5881969","5882096","chr7","41146391","41146518","15","35264422"
"chr1","5895758","5896046","chrUn_GL286465","10422","10718","61","5885336"
"chr1","5927202","5927487","chr7","41192368","41192655","34","35265166"
"chr1","5949772","5950080","chrUn_GL286465","58542","58841","40","5891230"
"chr1","6018073","6018226","chr7","72403751","72403882","40","66385678"
"chr1","6032583","6032898","chr13","38940945","38941263","77","32908362"
"chr1","6136593","6136869","chr7","41407875","41408151","33","35271282"
"chr1","6181246","6181541","chr20","7325190","7325485","67","1143944"
"chr1","6887025","6887106","chr10","103231199","103231281","18","96344174"
"chr1","6953219","6953341","chrX","120496137","120496262","19","113542918"
"chr1","6970944","6971232","chr12","110076471","110076774","60","103105527"
"chr1","6987551","6987681","chr2","1253341","1253471","26","5734210"
"chr1","7040206","7040534","chr5","110537880","110538173","78","103497674"
"chr1","7044879","7045005","chrX","43757804","43757931","18","36712925"
"chr1","7059810","7060095","chr7","42360539","42360819","42","35300729"
"chr1","7063542","7063866","chr1","24379226","24379548","66","17315684"
"chr1","7085621","7085895","chr13","84497184","84497449","73","77411563"
"chr1","7110131","7110258","chrX","43757804","43757931","27","36647673"
"chr1","7182071","7182349","chr12","37031385","37031666","71","29849314"
"chr1","7190258","7190529","chr22","34048849","34049118","63","26858591"
"chr1","7210046","7210393","chr7","42521223","42521524","105","35311177"
"chr1","7244906","7245184","chr5","79171893","79172178","72","71926987"
"chr1","7279471","7279666","chr1","140829989","140830173","45","133550518"
"chr1","7305777","7306056","chr13","73500165","73500436","65","66194388"
"chr1","7351817","7352106","chr7","42666082","42666378","36","35314265"
"chr1","7352433","7352745","chr9","102262325","102262646","57","94909892"
"chr1","7368518","7368785","chrX","107704790","107705063","74","100336272"
"chr1","7379764","7380077","chr9","121784693","121785002","66","114404929"
"chr1","7430318","7430448","chr4","110937154","110937284","29","103506836"
"chr1","7451981","7452318","chr11","95361513","95361842","77","87909532"
"chr1","7558005","7558258","chr11","72085295","72085549","66","64527290"
"chr1","7617962","7618268","chr7","42925982","42926285","50","35308020"
"chr1","7666501","7666853","chr8","105371168","105371493","90","97704667"
"chr1","7703100","7703387","chr7","43011636","43011934","37","35308536"
"chr1","7704716","7704775","chr1","172836048","172836104","12","165131332"
"chr1","7734194","7734464","chr6","4911540","4911816","71","2822654"
"chr1","7755991","7756263","chr7","43063216","43063481","36","35307225"
"chr1","7776240","7776362","chr5","149795184","149795306","24","142018944"
"chr1","7797393","7797657","chr7","43107537","43107811","45","35310144"
"chr1","7804621","7804896","chr9","34989939","34990227","61","27185318"
"chr1","7836161","7836444","chr16","71714174","71714446","60","63878013"
"chr1","7887029","7887306","chr7","43204929","43205236","54","35317900"
"chr1","7898304","7898443","chr2","170813628","170813760","26","162915324"
"chr1","7901279","7901508","chr7","43229752","43229997","46","35328473"
"chr1","7939429","7939545","chr4","110656247","110656364","21","102716818"
"chr1","7939573","7939637","chr2","6905000","6905062","17","1034573"
"chr1","7975882","7976050","chr1","193433260","193433422","40","185457378"
"chr1","7978102","7978291","chr1","188326542","188326728","36","180348440"
"chr1","8011954","8012104","chr17","73250584","73250724","29","65238630"
"chr1","8045507","8045735","chr1","187358105","187358339","61","179312598"
"chr1","8049547","8049873","chr10","115974107","115974421","82","107924560"
"chr1","8059468","8059710","chr14","31218191","31218442","70","23158723"
"chr1","8067271","8067401","chr1","22614360","22614489","18","14547089"
"chr1","8074869","8075173","chr7","58274465","58274765","78","50199596"
"chr1","8099655","8099946","chr7","43394842","43395134","40","35295187"
"chr1","8155229","8155496","chr15","71466538","71466806","57","63311309"
"chr1","8165462","8165772","chr1","155208804","155209105","72","147043342"
"chr1","8181063","8181201","chr5","5144583","5144711","27","3036480"
"chr1","8186032","8186340","chr5","97783704","97784018","76","89597672"
"chr1","8186643","8186810","chr9","1902769","1902931","34","6283874"
"chr1","8220171","8220303","chr2","1983485","1983615","25","6236686"
"chr1","8220620","8220814","chr7","100076392","100076576","46","91855772"
"chr1","8224751","8225021","chr7","43504141","43504423","41","35279390"
"chr1","8243530","8243809","chr7","43528654","43528923","30","35285124"
"chr1","8276600","8276732","chr7","43571468","43571601","13","35294868"
"chr1","8337295","8337433","chr13","4350492","4350626","26","3986803"
"chr1","8403317","8403629","chr3","7506567","7506884","70","896750"
"chr1","8428198","8428503","chr5","121315531","121315833","76","112887333"
"chr1","8462967","8463097","chr7","43776908","43777033","17","35313941"
"chr1","8470977","8471106","chr20","5208280","5208403","22","3262697"
"chr1","8535158","8535417","chr11","72085295","72085549","59","63550137"
"chr1","8585313","8585579","chr19","26371101","26371375","60","17785788"
"chr1","8604665","8604961","chr7","43941867","43942159","33","35337202"
"chr1","8622707","8623015","chr2","8000025","8000324","57","622682"
"chr1","8636376","8636669","chr7","43977187","43977484","31","35340811"
"chr1","8641603","8641896","chr14","80754932","80755229","52","72113329"
"chr1","8680454","8680744","chr14","65675933","65676229","75","56995479"
"chr1","8741473","8741753","chr11","15873870","15874145","66","7132397"
"chr1","8782482","8782609","chr18","34752931","34753055","31","25970449"
"chr1","8807792","8807988","chr20","1214861","1215048","57","7592931"
"chr1","8811139","8811424","chr5","137650955","137651245","66","128839816"
"chr1","8840321","8840512","chr13","59196473","59196657","40","50356152"
"chr1","8841112","8841245","chr5","4469592","4469726","24","4371520"
"chr1","8844497","8844627","chr7","87116259","87116390","21","78271762"
"chr1","8844923","8845057","chr5","133327714","133327847","21","124482791"
"chr1","8850617","8850911","chr11","122094771","122095073","59","113244154"
"chr1","8851274","8851436","chr7","16304849","16305014","43","7453575"
"chr1","8851745","8851886","chr2","170813628","170813760","27","161961883"
"chr1","8853531","8853714","chr3","121801888","121802059","44","112948357"
"chr1","8854016","8854147","chr11","110496243","110496373","29","101642227"
"chr1","8882503","8882795","chr5","99530495","99530792","64","90647992"
"chr1","8889665","8889812","chr2","194870770","194870908","28","185981105"
"chr1","8890113","8890289","chr9","115746103","115746272","37","106855990"
"chr1","8916807","8916933","chr19","26202497","26202625","22","17285690"
"chr1","8922309","8922622","chr5","101404898","101405201","65","92482589"
"chr1","8969149","8969358","chr7","44313225","44313439","25","35344076"
"chr1","9015920","9016210","chr1","184964510","184964801","57","175948590"
"chr1","9104872","9105026","chr7","137638938","137639090","31","128534066"
"chr1","9133664","9133718","chr9","82947781","82947837","16","73814117"
"chr1","9136021","9136100","chr2","71146304","71146385","16","62010283"
"chr1","9143023","9143132","chr2","11777768","11777876","30","2634745"
"chr1","9167021","9167362","chr2","17573984","17574332","116","8406963"
"chr1","9190976","9191122","chr1","192542368","192542501","33","183351392"
"chr1","9191418","9191436","chr3","132390148","132390171","8","123198730"
"chr1","9192081","9192239","chr10","6450650","6450808","38","2741431"
"chr1","9246711","9246830","chr2","19417","19538","24","9227294"
"chr1","9264353","9264503","chr2","11233655","11233794","37","1969302"
"chr1","9264807","9264888","chr7","44614116","44614194","12","35349309"
"chr1","9273363","9273634","chr5","5902864","5903129","67","3370499"
"chr1","9336257","9336391","chr7","44691638","44691773","18","35355381"
"chr1","9365658","9365951","chr7","44721565","44721845","41","35355907"
"chr1","9388755","9388892","chr20","3034685","3034821","28","6354070"
"chr1","9396133","9396170","chr2","59203611","59203647","10","49807478"
"chr1","9402313","9402571","chr1","193901621","193901899","61","184499308"
"chr1","9407308","9407433","chrX","123286820","123286944","20","113879512"
"chr1","9416431","9416746","chr3","39544873","39545188","63","30128442"
"chr1","9425011","9425302","chr4","25779472","25779759","53","16354461"
"chr1","9429273","9429399","chrX","40204042","40204168","22","30774769"
"chr1","9434130","9434284","chr10","69617874","69618027","32","60183744"
"chr1","9445612","9445907","chr5","106251952","106252249","63","96806340"
"chr1","9458544","9458843","chr14","82325633","82325925","83","72867089"
"chr1","9467123","9467424","chr7","44819104","44819382","52","35351981"
"chr1","9610494","9610627","chr2","18166051","18166184","26","8555557"
"chr1","9632006","9632101","chr11","97465642","97465734","25","87833636"
"chr1","9632393","9632528","chr8","97921026","97921161","44","88288633"
"chr1","9653019","9653148","chr1","174630875","174631003","30","164977856"
"chr1","9670984","9671161","chr7","45008797","45008992","32","35337813"
"chr1","9688007","9688152","chr7","45032289","45032446","38","35344282"
"chr1","9688428","9688543","chr11","128205151","128205252","31","118516723"
"chr1","9707713","9707845","chr2","170813628","170813760","23","161105915"
"chr1","9708727","9708897","chr5","43371636","43371805","46","33662909"
"chr1","9738736","9739000","chr7","40795990","40796264","60","31057254"
"chr1","9750473","9750743","chr5","76604093","76604368","64","66853620"
"chr1","9765736","9766084","chr18","8277645","8277995","109","1488091"
"chr1","9820603","9820727","chr1","209446595","209446715","29","199625992"
"chr1","9836611","9836838","chr7","45171795","45172035","45","35335184"
"chr1","10223194","10223348","chr1","186568722","186568874","31","176345528"
"chr1","10239847","10240171","chr20","26320868","26321194","69","16081021"
"chr1","10243627","10243790","chr22","36702629","36702792","40","26459002"
"chr1","10244086","10244220","chr9","100741503","100741636","22","90497417"
"chr1","10246180","10246467","chrY","1728836","1729131","53","8517344"
"chr1","10260788","10261075","chr3","111189894","111190176","61","100929106"
"chr1","10317173","10317283","chr12","4805498","4805607","34","5511675"
"chr1","10350574","10350856","chr13","84912960","84913233","71","74562386"
"chr1","10370128","10370176","chr4","8230861","8230900","14","2139267"
"chr1","10370752","10370857","chr4","113634902","113635006","33","103264150"
"chr1","10385275","10385571","chr5","131527086","131527390","62","121141811"
"chr1","10417349","10417469","chrX","17631702","17631819","22","7214353"
"chr1","10423218","10423408","chr16","96451653","96451840","45","86028435"
"chr1","10472194","10472450","chr2","31054548","31054819","66","20582354"
"chr1","10514677","10514802","chr1","138926403","138926525","22","128411726"
"chr1","10517105","10517380","chr18","33136329","33136606","56","22619224"
"chr1","10567494","10567688","chr7","45922277","45922481","28","35354783"
"chr1","10568595","10568907","chr7","45923353","45923661","38","35354758"
"chr1","10665585","10665890","chr5","131527086","131527390","59","120861501"
"chr1","10667813","10668115","chr7","46035698","46035986","41","35367885"
"chr1","10694936","10695104","chr7","145634806","145634974","29","134939870"
"chr1","10696049","10696372","chr6","35499674","35499980","77","24803625"
"chr1","10824962","10825084","chr14","37256066","37256187","19","26431104"
"chr1","10827436","10827671","chr6","17141989","17142230","44","6314553"
"chr1","10866637","10866794","chr12","33261650","33261815","37","22395013"
"chr1","10867110","10867242","chr1","180762759","180762888","23","169895649"
"chr1","10868718","10869025","chr7","46316678","46316956","58","35447960"
"chr1","10921101","10921410","chr7","46376738","46377041","44","35455637"
"chr1","10931015","10931153","chr6","139607166","139607303","32","128676151"
"chr1","11005631","11005936","chr7","46479012","46479303","52","35473381"
"chr1","11029310","11029611","chr6","139464345","139464646","58","128435035"
"chr1","11037072","11037204","chr5","76869109","76869234","32","65832037"
"chr1","11101883","11102195","chr3","33258815","33259122","66","22156932"
"chr1","11213530","11213664","chr15","16123472","16123605","22","4909942"
"chr1","11283764","11283900","chr11","27993807","27993940","22","16710043"
"chr1","11328530","11328818","chr11","15873870","15874145","63","4545340"
"chr1","11369114","11369385","chr5","108864858","108865125","72","97495744"
"chr1","11409909","11409966","chr1","172836048","172836104","7","161426139"
"chr1","11445359","11445649","chr4","43331299","43331589","57","31885940"
"chr1","11456868","11456998","chr15","16123472","16123605","25","4666604"
"chr1","11499334","11499638","chr7","46955419","46955723","30","35456085"
"chr1","11536822","11537138","chr5","60008529","60008838","58","48471707"
"chr1","11545455","11545767","chr7","47016497","47016804","41","35471042"
"chr1","11550726","11550848","chr9","79583180","79583304","14","68032454"
"chr1","11552060","11552189","chr11","14627685","14627815","24","3075625"
"chr1","11565581","11565879","chr15","28321944","28322236","53","16756363"
"chr1","11567616","11567898","chr7","47039073","47039340","40","35471457"
"chr1","11672105","11672421","chr7","55567706","55568016","66","43895601"
"chr1","11684623","11684916","chr9","18838366","18838663","65","7153743"
"chr1","11710411","11710532","chr2","152262434","152262556","18","140552023"
"chr1","11712333","11712517","chr17","17569387","17569579","57","5857054"
"chr1","11786225","11786292","chr5","8919067","8919133","16","2867158"
"chr1","11817160","11817457","chr9","109152851","109153140","70","97335691"
"chr1","11823862","11824159","chr12","87651268","87651569","61","75827406"
"chr1","11864742","11865050","chr10","114838607","114838907","61","102973865"
"chr1","11926430","11926736","chr21","35594076","35594365","67","23667646"
"chr1","11949740","11949862","chr9","65816955","65817079","23","53867215"
"chr1","11952479","11952786","chr1","21430763","21431070","55","9478284"
"chr1","11967401","11967561","chr9","41262718","41262873","35","29295317"
"chr1","11967867","11967995","chrX","40204042","40204168","23","28236175"
"chr1","11983798","11984097","chr7","47483677","47483985","41","35499879"
"chr1","11993751","11994055","chr1","13153250","13153558","62","1159499"
"chr1","12030056","12030177","chr4","138721119","138721242","22","126691063"
"chr1","12112918","12113039","chr2","11524067","11524186","24","588851"
"chr1","12125454","12125586","chr6","117421484","117421614","22","105296030"
"chr1","12198718","12198844","chr3","166227051","166227178","34","154028333"
"chr1","12199145","12199333","chrX","62896920","62897101","50","50697775"
"chr1","12267445","12267747","chr7","47661102","47661402","33","35393657"
"chr1","12271261","12271401","chr5","89542035","89542171","26","77270774"
"chr1","12314024","12314363","chr6","21417853","21418185","75","9103829"
"chr1","12418319","12418438","chrUn_GL286217","106113","106229","19","12312206"
"chr1","12489920","12490020","chr11","66982197","66982301","25","54492277"
"chr1","12575797","12575908","chr2","7433105","7433216","28","5142692"
"chr1","12588605","12588913","chr9","43654559","43654856","70","31065954"
"chr1","12844230","12844541","chr7","48240007","48240299","59","35395777"
"chr1","12958459","12958577","chr9","108534541","108534662","21","95576082"
"chr1","13059655","13059953","chr1","92186831","92187133","70","79127176"
"chr1","13079727","13080020","chr1","198276236","198276530","51","185196509"
"chr1","13089309","13089435","chr7","48496472","48496602","18","35407163"
"chr1","13227159","13227444","chr7","48632411","48632677","59","35405252"
"chr1","13419918","13420214","chr7","48859967","48860269","39","35440049"
"chr1","13483317","13483628","chr7","48928199","48928501","40","35444882"
"chr1","13529893","13530214","chr22","29758068","29758367","68","16228175"
"chr1","13547919","13548010","chr3","110537912","110538004","22","96989993"
"chr1","13594119","13594250","chr7","49046768","49046899","18","35452649"
"chr1","13719797","13719928","chr2","170813628","170813760","20","157093831"
"chr1","13766880","13767061","chr1","136698409","136698598","43","122931529"
"chr1","13833026","13833317","chr14","80754932","80755229","59","66921906"
"chr1","13876020","13876298","chrX","45691230","45691509","65","31815210"
"chr1","13936836","13937143","chr14","36457155","36457448","60","22520319"
"chr1","14033328","14033623","chr7","6067755","6068040","65","7965573"
"chr1","14066725","14067007","chr2","47396528","47396808","56","33329803"
"chr1","14078972","14079266","chr13","54608186","54608474","55","40529214"
"chr1","14209686","14209988","chr7","49679635","49679923","46","35469949"
"chr1","14256887","14257182","chr10","92824645","92824933","67","78567758"
"chr1","14304822","14305130","chr7","49757327","49757615","48","35452505"
"chr1","14400077","14400373","chr7","49810900","49811203","53","35410823"
"chr1","14410038","14410182","chr12","29176000","29176144","26","14765962"
"chr1","14410479","14410569","chr12","79511692","79511783","15","65101213"
"chr1","14466257","14466564","chr13","61792200","61792505","63","47325943"
"chr1","14469914","14470211","chr12","4899598","4899881","73","9570316"
"chr1","14474394","14474601","chr13","59196473","59196657","48","44722079"
"chr1","14474901","14475018","chr2","4554669","4554784","25","9920232"
"chr1","14483112","14483276","chr7","47492323","47492505","50","33009211"
"chr1","14483562","14483637","chr9","114371584","114371663","21","99888022"
"chr1","14514122","14514260","chr7","111353633","111353770","26","96839511"
"chr1","14533781","14534052","chr7","49958993","49959248","46","35425212"
"chr1","14563937","14564218","chr1","181800405","181800684","63","167236468"
"chr1","14583935","14584241","chr7","32363417","32363723","60","17779482"
"chr1","14585383","14585670","chrX","43622906","43623162","80","29037523"
"chr1","14588933","14589220","chr9","53523121","53523415","59","38934188"
"chr1","14693914","14694049","chr16","43800043","43800177","26","29106129"
"chr1","14695302","14695422","chr4","158358470","158358589","20","143663168"
"chr1","14781526","14781828","chr7","50191069","50191375","43","35409543"
"chr1","14790799","14791090","chr9","104218395","104218692","75","89427596"
"chr1","14795981","14796285","chr7","50197891","50198183","43","35401910"
"chr1","14812530","14812808","chr7","50219229","50219501","46","35406699"
"chr1","14827766","14827893","chr5","91955023","91955149","25","77127257"
"chr1","14878636","14878760","chr17","73961152","73961276","15","59082516"
"chr1","14906080","14906372","chr12","48712370","48712665","60","33806290"
"chr1","14912171","14912484","chrX","22454216","22454523","63","7542045"
"chr1","14923465","14923745","chr12","36771746","36772017","57","21848281"
"chr1","14941820","14942079","chr18","28378203","28378459","51","13436383"
"chr1","15002677","15002947","chr7","43528654","43528923","64","28525977"
"chr1","15032101","15032394","chr20","23787822","23788115","67","8755721"
"chr1","15064855","15065149","chr3","111556877","111557172","57","96492022"
"chr1","15121239","15121411","chr5","45938371","45938544","45","30817132"
"chr1","15128394","15128688","chr7","50502965","50503252","51","35374571"
"chr1","15151535","15151591","chr2","52696304","52696360","8","37544769"
"chr1","15157403","15157614","chr13","35934862","35935087","62","20777459"
"chr1","15162693","15162822","chr4","110194069","110194197","22","95031376"
"chr1","15166638","15166933","chr15","32745136","32745429","57","17578498"
"chr1","15167516","15167619","chr1","76911186","76911292","22","61743670"
"chr1","15215348","15215550","chr20","20488632","20488834","43","5273284"
"chr1","15228079","15228135","chr5","44575437","44575489","16","29347358"
"chr1","15228508","15228562","chr2","3436653","3436709","14","11791855"
"chr1","15229237","15229326","chr1","107145009","107145091","26","91915772"
"chr1","15234574","15234750","chr11","65243879","65244052","54","50009305"
"chr1","15237255","15237368","chrUn_GL286217","106113","106229","24","15131142"
"chr1","15237394","15237574","chr1","169458534","169458710","36","154221140"
"chr1","15260701","15260786","chr11","83664033","83664115","29","68403332"
"chr1","15260822","15261012","chr22","10255164","10255353","47","5005658"
"chr1","15267632","15267752","chr5","111009082","111009205","22","95741450"
"chr1","15303483","15303792","chr7","50679512","50679822","52","35376029"
"chr1","15334450","15334736","chr5","137246805","137247081","65","121912355"
"chr1","15350327","15350629","chr7","50722546","50722848","30","35372219"
"chr1","15356799","15357073","chr20","360106","360386","54","14996693"
"chr1","15396614","15396826","chr7","73648794","73649004","48","58252180"
"chr1","15410924","15410977","chr11","32565286","32565335","8","17154362"
"chr1","15412387","15412564","chr18","3586535","3586705","30","11825852"
"chr1","15448291","15448344","chr11","32565286","32565335","9","17116995"
"chr1","15491875","15492151","chr8","107398355","107398625","63","91906480"
"chr1","15521051","15521365","chr19","1163250","1163563","73","14357801"
"chr1","15571625","15571805","chr8","115927657","115927837","46","100356032"
"chr1","15571847","15571961","chr5","143470483","143470599","21","127898636"
"chr1","15612633","15612765","chr5","111788720","111788849","22","96176087"
"chr1","15634459","15634597","chr9","56024635","56024765","34","40390176"
"chr1","15649434","15649567","chr2","10110790","10110922","19","5538644"
"chr1","15726585","15726898","chr7","6067755","6068040","72","9658830"
"chr1","15745013","15745291","chr7","50928058","50928335","37","35183045"
"chr1","15801100","15801211","chr5","129888004","129888104","34","114086904"
"chr1","15801227","15801319","chr2","56197852","56197944","27","40396625"
"chr1","15801337","15801560","chr20","35956324","35956549","51","20154987"
"chr1","15824021","15824313","chr7","51007155","51007445","30","35183134"
"chr1","16023130","16023248","chr2","582580","582697","20","15440550"
"chr1","16035030","16035335","chr7","51221186","51221484","45","35186156"
"chr1","16057921","16058228","chr8","105346370","105346666","64","89288449"
"chr1","16060542","16060773","chr14","63019465","63019694","54","46958923"
"chr1","16108796","16108950","chr7","57359333","57359475","45","41250537"
"chr1","16109273","16109428","chr1","79792663","79792824","38","63683390"
"chr1","16142538","16142807","chr10","32698472","32698746","66","16555934"
"chr1","16257462","16257584","chr12","59437659","59437779","17","43180197"
"chr1","16261911","16262208","chr7","35511084","35511364","98","19249173"
"chr1","16262507","16262526","chr1","194855220","194855245","9","178592713"
"chr1","16278354","16278649","chr13","74285702","74285991","64","58007348"
"chr1","16303402","16303668","chr9","102878956","102879231","62","86575554"
"chr1","16309156","16309295","chr7","51495455","51495615","35","35186299"
"chr1","16355174","16355472","chr7","51542166","51542478","40","35186992"
"chr1","16431887","16432088","chr2","169837367","169837568","43","153405480"
"chr1","16434290","16434600","chr7","51633815","51634125","46","35199525"
"chr1","16480403","16480534","chr10","37764548","37764680","25","21284145"
"chr1","16684293","16684566","chr4","20988397","20988680","48","4304104"
"chr1","17094618","17094734","chr1","155368947","155369069","28","138274329"
"chr1","17267680","17267837","chr12","11035256","11035394","39","6232424"
"chr1","17326886","17327166","chr7","52545776","52546069","44","35218890"
"chr1","17335857","17335970","chr5","43529229","43529341","26","26193372"
"chr1","17376013","17376382","chr10","35350967","35351308","110","17974954"
"chr1","17513645","17513822","chr7","81009046","81009220","55","63495401"
"chr1","17704318","17704615","chr7","52930436","52930743","51","35226118"
"chr1","17742733","17743029","chr7","493374","493666","53","17249359"
"chr1","17794940","17795063","chr7","53025481","53025604","9","35230541"
"chr1","17810836","17811119","chr4","27905909","27906191","60","10095073"
"chr1","17830665","17830937","chrX","7907915","7908188","76","9922750"
"chr1","17901472","17901594","chr19","28118672","28118794","17","10217200"
"chr1","17917786","17917907","chr4","58596055","58596175","18","40678269"
"chr1","17918258","17918405","chr1","201404456","201404602","41","183486198"
"chr1","17972627","17972883","chr7","53199053","53199306","30","35226426"
"chr1","17973254","17973562","chr8","29312697","29313006","65","11339443"
"chr1","17984792","17984843","chr7","26432305","26432351","12","8447513"
"chr1","17986356","17986644","chr7","53212362","53212633","47","35226006"
"chr1","18037437","18037544","chr15","66108448","66108545","35","48071011"
"chr1","18069580","18069873","chr2","56969336","56969629","63","38899756"
"chr1","18070749","18070879","chr7","53305182","53305313","18","35234433"
"chr1","18086806","18087104","chr16","46255187","46255478","62","28168381"
"chr1","18091819","18091944","chr4","11388620","11388734","33","6703199"
"chr1","18098836","18099161","chr7","53330290","53330619","72","35231454"
"chr1","18145787","18146091","chr7","20056054","20056352","58","1910267"
"chr1","18246179","18246283","chr8","94240770","94240877","28","75994591"
"chr1","18274185","18274455","chr9","121923416","121923688","67","103649231"
"chr1","18281385","18281502","chr2","59743655","59743761","32","41462270"
"chr1","18282417","18282699","chr19","43208317","43208587","64","24925900"
"chr1","18287055","18287180","chr7","53527316","53527438","15","35240261"
"chr1","18302163","18302225","chr4","159638154","159638215","6","141335991"
"chr1","18302228","18302351","chrUn_GL286453","16784","16912","35","18285444"
"chr1","18307210","18307519","chr8","29312697","29313006","60","11005487"
"chr1","18315934","18316232","chr7","53550288","53550573","51","35234354"
"chr1","18335925","18336219","chr9","40510882","40511171","65","22174957"
"chr1","18346360","18346641","chrX","10814263","10814537","57","7532097"
"chr1","18348227","18348529","chr12","107437782","107438081","59","89089555"
"chr1","18352478","18352797","chr7","53575144","53575434","69","35222666"
"chr1","18368234","18368513","chr2","68752876","68753162","69","50384642"
"chr1","18372033","18372157","chr9","21660421","21660545","18","3288388"
"chr1","18376764","18376884","chr12","13754352","13754471","18","4622412"
"chr1","18413463","18413762","chr7","53640923","53641209","48","35227460"
"chr1","18435036","18435382","chr7","53661630","53661941","91","35226594"
"chr1","18479297","18479607","chr7","53705027","53705340","43","35225730"
"chr1","18480284","18480608","chr7","79590777","79591087","83","61110493"
"chr1","18490428","18490715","chr7","53720001","53720293","39","35229573"
"chr1","18498730","18498898","chr13","48099377","48099547","36","29600647"
"chr1","18499193","18499323","chr2","10899863","10899988","24","7599330"
"chr1","18596756","18596987","chr7","80307062","80307300","61","61710306"
"chr1","18658931","18659214","chr1","62869740","62870021","59","44210809"
"chr1","18694684","18694975","chr7","53927868","53928156","34","35233184"
"chr1","18770990","18771290","chr7","54000667","54000950","77","35229677"
"chr1","18883163","18883285","chr13","24976561","24976677","26","6093398"
"chr1","18923611","18923739","chr5","31753831","31753955","20","12830220"
"chr1","18926522","18926811","chr7","54156870","54157164","44","35230348"
"chr1","18961306","18961616","chr7","54181830","54182144","36","35220524"
"chr1","19338863","19339156","chr13","60354203","60354490","58","41015340"
"chr1","19408329","19408597","chr7","54622296","54622578","55","35213967"
"chr1","19487971","19488092","chr21","45537068","45537190","22","26049097"
"chr1","19488099","19488439","chr3","39357000","39357300","83","19868901"
"chr1","19492607","19492740","chr2","48748821","48748954","20","29256214"
"chr1","19500530","19500715","chr1","151084679","151084867","42","131584149"
"chr1","19501012","19501133","chr19","28118672","28118794","14","8617660"
"chr1","19556950","19557221","chr7","54774010","54774279","44","35217060"
"chr1","19581899","19582193","chr7","54794174","54794470","53","35212275"
"chr1","19604327","19604604","chr7","54817119","54817400","75","35212792"
"chr1","19605404","19605531","chr9","65816955","65817079","22","46211551"
"chr1","19644115","19644280","chr18","33201864","33202025","46","13557749"
"chr1","19669321","19669631","chr5","59406520","59406821","67","39737199"
"chr1","19682755","19683037","chr7","54895559","54895848","40","35212804"
"chr1","19704569","19704668","chr7","20200683","20200783","20","496114"
"chr1","19724120","19724423","chr12","84699755","84700062","71","64975635"
"chr1","19750701","19750985","chr7","54967945","54968241","29","35217244"
"chr1","19766443","19766741","chr3","82913223","82913528","75","63146780"
"chr1","19847120","19847250","chr7","55066240","55066369","13","35219120"
"chr1","19866073","19866379","chr21","40638970","40639264","63","20772897"
"chr1","19882091","19882235","chrUn_GL286439","53125","53271","35","19828966"
"chr1","19884407","19884658","chr18","34201571","34201835","69","14317164"
"chr1","19886593","19886901","chr7","55109646","55109959","46","35223053"
"chr1","19886922","19887066","chr9","105368304","105368450","31","85481382"
"chr1","19887378","19887547","chr2","7088626","7088790","35","12798752"
"chr1","19892335","19892625","chr4","107511275","107511552","67","87618940"
"chr1","19894442","19894568","chr5","84748676","84748799","27","64854234"
"chr1","19894862","19895040","chr10","126259446","126259620","39","106364584"
"chr1","19900098","19900346","chr16","86054638","86054881","60","66154540"
"chr1","19903001","19903127","chr7","55126901","55127025","12","35223900"
"chr1","19915194","19915315","chr6","148981161","148981280","23","129065967"
"chr1","19928048","19928165","chrX","22513334","22513446","25","2585286"
"chr1","19928862","19929183","chr15","34609396","34609696","79","14680534"
"chr1","19938621","19938907","chr7","55162583","55162873","49","35223962"
"chr1","19945061","19945367","chr7","55168420","55168731","35","35223359"
"chr1","19952448","19952689","chr1","61437621","61437857","59","41485173"
"chr1","19964069","19964186","chr16","18098192","18098307","21","1865877"
"chr1","19964461","19964637","chr16","85097929","85098101","49","65133468"
"chr1","19977314","19977445","chr7","55206396","55206523","16","35229082"
"chr1","20003770","20004052","chr12","14121462","14121751","74","5882308"
"chr1","20004078","20004317","chr6","154371141","154371357","82","134367063"
"chr1","20009126","20009286","chr5","83400224","83400389","48","63391098"
"chr1","20036047","20036322","chr1","155032190","155032474","59","134996143"
"chr1","20036363","20036524","chr5","88882379","88882540","31","68846016"
"chr1","20036821","20036953","chr7","55242415","55242549","24","35205594"
"chr1","20043097","20043388","chr10","131311882","131312173","56","111268785"
"chr1","20121304","20121481","chr17","10952065","10952253","47","9169239"
"chr1","20125453","20125752","chr2","14508195","14508486","57","5617258"
"chr1","20205237","20205472","chr7","55427300","55427546","36","35222063"
"chr1","20247987","20248072","chr7","149861904","149861986","20","129613917"
"chr1","20248505","20248708","chr3","75033239","75033448","47","54784734"
"chr1","20279007","20279306","chr16","1418834","1419135","57","18860173"
"chr1","20292484","20292790","chr7","55501099","55501409","35","35208615"
"chr1","20303419","20303585","chr5","112318082","112318244","35","92014663"
"chr1","20303913","20304023","chr2","166452559","166452668","26","146148646"
"chr1","20308223","20308514","chr7","55520020","55520322","45","35211797"
"chr1","20403622","20403904","chr3","139966772","139967058","54","119563150"
"chr1","20434341","20434464","chr13","96625264","96625387","17","76190923"
"chr1","20471655","20471877","chr7","55675293","55675512","35","35203638"
"chr1","20490140","20490420","chr7","55694277","55694536","68","35204137"
"chr1","20512347","20512681","chr5","41483881","41484209","78","20971534"
"chr1","20540967","20541272","chr10","47254925","47255223","72","26713958"
"chr1","20552418","20552527","chr13","16682306","16682420","20","3870112"
"chr1","20557253","20557559","chr2","13987385","13987695","61","6569868"
"chr1","20591140","20591315","chr7","55796879","55797055","27","35205739"
"chr1","20613261","20613476","chr11","124318402","124318622","48","103705141"
"chr1","20705824","20706129","chr7","55911228","55911533","33","35205404"
"chr1","20749321","20749524","chr10","130697550","130697736","45","109948229"
"chr1","20820343","20820474","chr4","14872788","14872907","28","5947555"
"chr1","20924623","20924945","chr7","56128200","56128490","72","35203577"
"chr1","20956931","20957297","chr7","56165508","56165872","67","35208577"
"chr1","20969707","20970007","chr1","120923427","120923719","63","99953720"
"chr1","21145367","21145677","chr7","56364167","56364454","51","35218800"
"chr1","21202246","21202373","chr5","94178179","94178303","34","72975933"
"chr1","21240210","21240519","chr7","56462395","56462691","45","35222185"
"chr1","21300895","21301148","chrX","62939793","62940049","61","41638898"
"chr1","21334057","21334373","chrX","10322763","10323079","75","11011294"
"chr1","21516847","21517188","chr7","56743729","56744073","76","35226882"
"chr1","21525089","21525393","chr7","56751389","56751666","55","35226300"
"chr1","21592709","21593022","chr2","10830367","10830666","58","10762342"
"chr1","21633770","21633904","chr10","82290819","82290946","23","60657049"
"chr1","21636311","21636561","chr4","10829719","10829958","74","10806592"
"chr1","21675232","21675506","chr9","42430456","42430730","64","20755224"
"chr1","21703791","21703991","chr7","59454684","59454882","40","37750893"
"chr1","21714526","21714825","chr10","99902302","99902598","60","78187776"
"chr1","21786810","21787100","chr11","64814235","64814520","57","43027425"
"chr1","21876289","21876578","chr1","209695868","209696163","65","187819579"
"chr1","21878139","21878463","chr22","13094589","13094911","69","8783550"
"chr1","21911584","21911703","chr14","44818049","44818166","13","22906465"
"chr1","21932683","21932990","chr11","122332898","122333191","75","100400215"
"chr1","21959959","21960192","chr5","45329384","45329629","58","23369425"
"chr1","22028373","22028675","chr5","92793655","92793948","67","70765282"
"chr1","22031660","22031995","chr6","110789765","110790084","78","88758105"
"chr1","22034539","22034662","chr12","44766552","44766674","32","22732013"
"chr1","22050268","22050404","chr12","11035256","11035394","22","11015012"
"chr1","22062924","22063219","chr7","57303438","57303729","42","35240514"
"chr1","22111244","22111537","chr1","175259188","175259476","73","153147944"
"chr1","22114853","22115128","chr5","32678837","32679116","64","10563984"
"chr1","22118414","22118560","chr7","57359333","57359475","18","35240919"
"chr1","22118807","22118965","chr14","33865664","33865827","39","11746857"
"chr1","22119917","22120046","chr7","57360693","57360823","21","35240776"
"chr1","22194004","22194287","chr8","116172513","116172796","57","93978509"
"chr1","22237374","22237481","chrX","51170656","51170763","18","28933282"
"chr1","22264772","22265050","chr6","30883695","30883969","70","8618923"
"chr1","22290049","22290188","chr12","11035256","11035394","27","11254793"
"chr1","22321987","22322117","chr10","98492248","98492377","19","76170261"
"chr1","22396627","22396817","chr1","175525091","175525256","48","153128464"
"chr1","22400683","22400782","chr12","19191553","19191652","25","3209130"
"chr1","22429713","22430017","chr19","4638723","4639031","52","17790990"
"chr1","22446576","22446690","chr10","16801974","16802091","15","5644602"
"chr1","22480107","22480407","chr14","80754932","80755229","54","58274825"
"chr1","22498060","22498333","chr7","9508800","9509104","76","12989260"
"chr1","22516505","22516635","chr7","23997896","23998020","20","1481391"
"chr1","22576480","22576781","chr7","57812239","57812547","44","35235759"
"chr1","22619022","22619311","chr7","100304291","100304586","67","77685269"
"chr1","22635442","22635663","chr8","104993538","104993797","80","82358096"
"chr1","22718731","22718747","chr2","9724691","9724705","6","12994040"
"chr1","22719113","22719226","chr2","4554669","4554784","17","18164444"
"chr1","22722087","22722373","chr10","41143300","41143592","59","18421213"
"chr1","22776175","22776453","chr5","61648175","61648440","75","38872000"
"chr1","22792710","22792996","chr2","3223505","3223798","73","19569205"
"chr1","22802815","22802881","chr4","124656239","124656302","18","101853424"
"chr1","22824862","22825136","chr4","20988397","20988680","68","1836465"
"chr1","22870030","22870317","chr7","66388710","66388987","57","43518680"
"chr1","22885614","22885931","chr9","111542388","111542692","61","88656774"
"chr1","22954517","22954818","chr1","201757442","201757742","53","178802925"
"chr1","22978252","22978412","chr7","58152401","58152567","19","35174149"
"chr1","23018578","23018826","chr4","151964886","151965141","58","128946308"
"chr1","23043221","23043339","chr2","7433105","7433216","34","15610116"
"chr1","23048345","23048643","chr7","58234598","58234889","56","35186253"
"chr1","23053789","23053903","chr2","101681814","101681931","19","78628025"
"chr1","23065156","23065457","chr5","61257854","61258143","59","38192698"
"chr1","23071219","23071514","chr5","130512344","130512635","50","107441125"
"chr1","23085436","23085752","chr7","58274465","58274765","45","35189029"
"chr1","23100389","23100664","chr1","155032190","155032474","65","131931801"
"chr1","23100710","23100739","chr4","86330088","86330119","9","63229378"
"chr1","23109996","23110099","chr20","11379201","11379302","17","11730795"
"chr1","23299397","23299525","chr7","58493511","58493636","18","35194114"
"chr1","23317694","23317788","chr2","10906979","10907070","21","12410715"
"chr1","23354211","23354347","chr7","58551532","58551658","26","35197321"
"chr1","23354348","23354614","chr7","58551659","58551914","48","35197311"
"chr1","23426362","23426483","chr15","64306043","64306166","21","40879681"
"chr1","23457546","23457854","chr6","35499674","35499980","67","12042128"
"chr1","23461304","23461563","chr4","151964886","151965141","67","128503582"
"chr1","23507874","23508170","chr12","27030088","27030379","62","3522214"
"chr1","23533969","23534262","chr7","58749026","58749316","38","35215057"
"chr1","23537313","23537617","chr1","118797181","118797481","54","95259868"
"chr1","23553455","23553625","chr9","58573097","58573261","41","35019642"
"chr1","23580510","23580547","chr15","25218526","25218565","5","1638016"
"chr1","23583040","23583172","chr6","116399239","116399363","24","92816199"
"chr1","23628403","23628712","chr2","153911331","153911638","62","130282928"
"chr1","23643965","23644259","chr17","40213301","40213595","68","16569336"
"chr1","23671012","23671225","chr7","58891235","58891452","39","35220223"
"chr1","23730288","23730591","chrUn_GL286420","387835","388137","70","23342453"
"chr1","23946442","23946753","chr5","60008529","60008838","63","36062087"
"chr1","23972326","23972619","chr12","88933406","88933700","63","64961080"
"chr1","23995412","23995730","chr22","37688895","37689202","62","13693483"
"chr1","24012056","24012318","chr12","89186286","89186561","45","65174230"
"chr1","24050595","24050722","chr7","59289311","59289436","19","35238716"
"chr1","24053258","24053563","chr4","20055600","20055916","58","3997658"
"chr1","24077468","24077725","chr5","108864858","108865125","66","84787390"
"chr1","24104789","24104907","chrX","1469770","1469893","27","22635019"
"chr1","24120802","24120969","chr3","150153665","150153833","30","126032863"
"chr1","24141485","24141802","chr2","17910029","17910313","87","6231456"
"chr1","24141807","24141938","chr9","114082157","114082283","35","89940350"
"chr1","24173666","24173969","chr7","59420361","59420658","54","35246695"
"chr1","24200761","24201085","chr11","25321368","25321665","84","1120607"
"chr1","24276170","24276379","chr19","17046003","17046214","39","7230167"
"chr1","24420484","24420604","chr7","59660347","59660465","13","35239863"
"chr1","24522205","24522512","chrX","13810174","13810484","62","10712031"
"chr1","24744714","24745040","chr7","59977205","59977504","65","35232491"
"chr1","24753033","24753334","chr7","59983491","59983797","78","35230458"
"chr1","24761943","24762066","chr12","13754352","13754471","18","11007591"
"chr1","24772796","24773104","chr4","12723278","12723569","87","12049518"
"chr1","24820757","24820934","chr6","35838549","35838718","45","11017792"
"chr1","24820974","24821092","chr5","96364952","96365066","19","71543978"
"chr1","24893765","24894047","chr5","87129552","87129831","63","62235787"
"chr1","24938422","24938736","chr12","84699755","84700062","67","59761333"
"chr1","24958949","24959076","chr9","65816955","65817079","20","40858006"
"chr1","25054538","25054856","chr7","31899128","31899441","69","6844590"
"chr1","25073739","25073859","chr14","42908731","42908853","28","17834992"
"chr1","25140007","25140309","chr7","60368846","60369142","40","35228839"
"chr1","25148852","25149145","chr20","42319874","42320168","57","17171022"
"chr1","25174260","25174536","chr9","113009987","113010277","80","87835727"
"chr1","25182206","25182340","chrX","106737738","106737868","25","81555532"
"chr1","25182652","25182804","chr5","45860737","45860891","37","20678085"
"chr1","25187574","25187867","chr7","60413137","60413432","36","35225563"
"chr1","25194916","25195190","chr7","150658429","150658702","53","125463513"
"chr1","25205052","25205143","chr5","92796249","92796333","21","67591197"
"chr1","25220064","25220306","chr13","29202613","29202851","49","3982549"
"chr1","25220598","25220731","chr18","14848181","14848308","20","10372417"
"chr1","25254473","25254773","chr15","82936864","82937164","55","57682391"
"chr1","25278574","25278844","chrX","121842868","121843151","65","96564294"
"chr1","25288138","25288402","chr1","77102851","77103111","62","51814713"
"chr1","25305615","25305737","chr14","76068886","76069008","15","50763271"
"chr1","25323889","25324021","chr9","43510189","43510319","19","18186300"
"chr1","25337700","25337838","chr10","7285258","7285397","26","18052442"
"chr1","25371360","25371411","chr12","46509723","46509772","12","21138363"
"chr1","25424484","25424612","chr7","60672768","60672898","21","35248284"
"chr1","25455518","25455815","chr7","60708517","60708809","52","35252999"
"chr1","25462276","25462410","chr20","43938537","43938669","21","18476261"
"chr1","25538665","25538951","chr2","129413288","129413585","69","103874623"
"chr1","25546687","25547005","chr2","56969336","56969629","65","31422649"
"chr1","25598680","25598713","chrX","72754721","72754757","11","47156041"
"chr1","25599061","25599095","chr5","86449237","86449268","10","60850176"
"chr1","25629531","25629648","chr6","51446971","51447089","22","25817440"
"chr1","25650387","25650517","chr2","170813628","170813760","20","145163241"
"chr1","25678205","25678508","chr7","60940481","60940762","59","35262276"
"chr1","25702766","25702980","chr4","39219724","39219940","53","13516958"
"chr1","25739282","25739315","chrX","72754721","72754757","9","47015439"
"chr1","25739618","25739753","chr5","133327714","133327847","27","107588096"
"chr1","25799148","25799414","chr6","42074326","42074599","71","16275178"
"chr1","25806597","25806914","chr12","81292072","81292368","79","55485475"
"chr1","25818275","25818396","chr17","5989328","5989449","16","19828947"
"chr1","25907591","25907886","chr9","53523121","53523415","46","27615530"
"chr1","25912413","25912537","chr1","199892609","199892732","23","173980196"
"chr1","25913119","25913300","chr19","21396362","21396544","46","4516757"
"chr1","25926561","25926855","chr3","39357000","39357300","62","13430439"
"chr1","25928284","25928566","chr7","61178752","61179031","32","35250468"
"chr1","25964169","25964483","chr7","61217862","61218169","39","35253693"
"chr1","26023502","26023631","chr16","20407661","20407791","21","5615841"
"chr1","26029062","26029196","chr1","26993712","26993840","33","964650"
"chr1","26029784","26029920","chr15","65499192","65499313","39","39469408"
"chr1","26049154","26049189","chr2","129032486","129032525","9","102983332"
"chr1","26062663","26062986","chr12","52167967","52168289","72","26105304"
"chr1","26064531","26064593","chr4","89478243","89478304","15","63413712"
"chr1","26127581","26127715","chr15","64519168","64519297","28","38391587"
"chr1","26129693","26129982","chr7","61402147","61402432","51","35272454"
"chr1","26134894","26135030","chr22","18128678","18128803","27","8006216"
"chr1","26136322","26136630","chr7","61408525","61408824","39","35272203"
"chr1","26167355","26167498","chr12","11035256","11035394","32","15132099"
"chr1","26167800","26167967","chr22","28403347","28403515","34","2235547"
"chr1","26182762","26182981","chr9","115579963","115580173","52","89397201"
"chr1","26213448","26213581","chr5","112473213","112473343","19","86259765"
"chr1","26219135","26219369","chr7","61490368","61490604","28","35271233"
"chr1","26295541","26295834","chr11","66877535","66877842","57","40581994"
"chr1","26301443","26301747","chr7","61572796","61573095","57","35271353"
"chr1","26306729","26306857","chr13","114883886","114884010","25","88577157"
"chr1","26307153","26307332","chr1","129159547","129159726","42","102852394"
"chr1","26307763","26307893","chr12","52082691","52082829","27","25774928"
"chr1","26320838","26321124","chr8","117511783","117512069","67","91190945"
"chr1","26348536","26348680","chr9","52758524","52758672","22","26409988"
"chr1","26348971","26349134","chr1","97267771","97267928","34","70918800"
"chr1","26368650","26368787","chr11","33708224","33708370","31","7339574"
"chr1","26390862","26391129","chr9","111317782","111318041","72","84926920"
"chr1","26502207","26502428","chr7","136534238","136534453","49","110032031"
"chr1","26505936","26506303","chr5","79135774","79136084","123","52629838"
"chr1","26545937","26546203","chr7","61820357","61820641","51","35274420"
"chr1","26650877","26651144","chr7","61922254","61922510","51","35271377"
"chr1","26656478","26656801","chr22","31632788","31633117","68","4976310"
"chr1","26696124","26696404","chr7","61969260","61969541","60","35273136"
"chr1","26721667","26721961","chr7","61993388","61993686","52","35271721"
"chr1","26740936","26741074","chr9","39436388","39436527","22","12695452"
"chr1","26758254","26758379","chr9","79583180","79583304","23","52824926"
"chr1","26761863","26761994","chr10","47645070","47645193","22","20883207"
"chr1","26765369","26765480","chr7","62054201","62054307","19","35288832"
"chr1","26765783","26765938","chr20","4217365","4217513","40","22548418"
"chr1","26804132","26804214","chr5","129062775","129062858","18","102258643"
"chr1","26804241","26804357","chr5","2154065","2154180","16","24650176"
"chr1","26868391","26868521","chr1","98656756","98656886","18","71788365"
"chr1","26872821","26873127","chr14","80754932","80755229","68","53882111"
"chr1","26884492","26884624","chr5","76835259","76835389","21","49950767"
"chr1","26918121","26918419","chr7","62226408","62226676","59","35308287"
"chr1","26960812","26961082","chr7","62261413","62261673","48","35300601"
"chr1","26970907","26971217","chr10","114838607","114838907","59","87867700"
"chr1","26989423","26989678","chr8","76560509","76560777","51","49571086"
"chr1","27008610","27008926","chr7","62315133","62315433","58","35306523"
"chr1","27017804","27017912","chr4","43443399","43443509","27","16425595"
"chr1","27018208","27018379","chr22","28403347","28403515","33","1385139"
"chr1","27032674","27032887","chr14","65606512","65606726","53","38573838"
"chr1","27043207","27043341","chr1","157999498","157999632","20","130956291"
"chr1","27051130","27051252","chr9","101275237","101275361","19","74224107"
"chr1","27061650","27061782","chr5","46011681","46011810","21","18950031"
"chr1","27071741","27071873","chr7","62373408","62373536","13","35301667"
"chr1","27112804","27112935","chr15","22196676","22196805","21","4916128"
"chr1","27139661","27139769","chr6","31227532","31227638","37","4087871"
"chr1","27140096","27140229","chr7","11955711","11955840","38","15184385"
"chr1","27176759","27177051","chr8","107289554","107289838","62","80112795"
"chr1","27183785","27183934","chr7","62476047","62476189","21","35292262"
"chr1","27232962","27233199","chr16","33679813","33680045","54","6446851"
"chr1","27254149","27254231","chr22","32226679","32226744","30","4972530"
"chr1","27268747","27268900","chr1","98597456","98597600","33","71328709"
"chr1","27273004","27273134","chr9","35779465","35779593","26","8506461"
"chr1","27283985","27284246","chr3","183541524","183541776","67","156257539"
"chr1","27284554","27284588","chr14","41566630","41566665","11","14282076"
"chr1","27356275","27356344","chr9","44462528","44462597","11","17106253"
"chr1","27376107","27376304","chr6","38923914","38924104","52","11547807"
"chr1","27376628","27376761","chr2","170813628","170813760","24","143437000"
"chr1","27384083","27384296","chr10","79891266","79891470","50","52507183"
"chr1","27390030","27390359","chr7","78050188","78050503","77","50660158"
"chr1","27393609","27393890","chr15","49105761","49106040","69","21712152"
"chr1","27402680","27402977","chr7","62660368","62660667","46","35257688"
"chr1","27416091","27416395","chr16","94132557","94132858","59","66716466"
"chr1","27459736","27460042","chr15","32840949","32841254","62","5381213"
"chr1","27472078","27472352","chr15","33790444","33790722","64","6318366"
"chr1","27501622","27501741","chr7","67330740","67330854","22","39829118"
"chr1","27501788","27501937","chr10","21466038","21466185","26","6035750"
"chr1","27521610","27521903","chr7","62762392","62762694","54","35240782"
"chr1","27530881","27531154","chrX","5111432","5111690","66","22419449"
"chr1","27568365","27568504","chr9","56024635","56024765","26","28456270"
"chr1","27585993","27586311","chr7","151690932","151691249","70","124104939"
"chr1","27623514","27623650","chr12","9152563","9152697","23","18470951"
"chr1","27623956","27624143","chr17","73872505","73872698","51","46248549"
"chr1","27638265","27638562","chr12","87539499","87539795","60","59901234"
"chr1","27699247","27699537","chr9","101966653","101966946","52","74267406"
"chr1","27706140","27706263","chr20","23024449","23024564","34","4681691"
"chr1","27718276","27718453","chr2","137127076","137127249","54","109408800"
"chr1","27718696","27718823","chr5","5144583","5144711","24","22574113"
"chr1","27763657","27763945","chr7","63007721","63007999","41","35244064"
"chr1","27801947","27802248","chr7","63050384","63050670","48","35248437"
"chr1","27828646","27828942","chr10","130058266","130058570","60","102229620"
"chr1","27837750","27838034","chr7","63085211","63085475","53","35247461"
"chr1","27884114","27884256","chr2","170813628","170813760","29","142929514"
"chr1","27884538","27884694","chr1","120288571","120288728","37","92404033"
"chr1","27892633","27892930","chr7","63139379","63139676","37","35246746"
"chr1","27902034","27902236","chr21","43271444","43271658","43","15369410"
"chr1","27914639","27914939","chr1","106482342","106482647","75","78567703"
"chr1","27919822","27920108","chr15","7227741","7228029","63","20692081"
"chr1","27946365","27946659","chr7","63194929","63195225","29","35248564"
"chr1","27955183","27955492","chr7","63203985","63204284","39","35248802"
"chr1","28012800","28013061","chr7","63248306","63248577","34","35235506"
"chr1","28113527","28113802","chr5","107077344","107077623","57","78963817"
"chr1","28133209","28133479","chr10","1423080","1423358","71","26710129"
"chr1","28177184","28177385","chr7","61388728","61388928","40","33211544"
"chr1","28184077","28184377","chr9","45335801","45336101","55","17151724"
"chr1","28202754","28202852","chr1","201710418","201710516","25","173507664"
"chr1","28262616","28262927","chr2","153911331","153911638","59","125648715"
"chr1","28298419","28298650","chr7","63549445","63549657","42","35251026"
"chr1","28735443","28735746","chr7","63946992","63947298","50","35211549"
"chr1","29671503","29671791","chr16","69364967","69365256","56","39693464"
"chr1","29688850","29688969","chr7","64828288","64828405","16","35139438"
"chr1","29912469","29912697","chr13","57754140","57754373","57","27841671"
"chr1","30015659","30015973","chr7","65161638","65161923","64","35145979"
"chr1","30044331","30044586","chr7","65191148","65191423","55","35146817"
"chr1","30075383","30075541","chr9","113573097","113573249","48","83497714"
"chr1","30075830","30075996","chr17","62477872","62478021","63","32402042"
"chr1","30089141","30089271","chr20","2224767","2224901","29","27864374"
"chr1","30095210","30095374","chr12","10324844","10324992","46","19770366"
"chr1","30106633","30106754","chr5","23830381","23830500","29","6276252"
"chr1","30117647","30117861","chr4","135438548","135438762","40","105320901"
"chr1","30148244","30148381","chr2","170813628","170813760","20","140665384"
"chr1","30148681","30148868","chr12","33261650","33261815","54","3112969"
"chr1","30150821","30151101","chr7","65297119","65297416","54","35146298"
"chr1","30153982","30154314","chr14","97194507","97194841","73","67040525"
"chr1","30167213","30167454","chr2","7577397","7577640","64","22589816"
"chr1","30171525","30171817","chr1","98586967","98587255","59","68415442"
"chr1","30186184","30186439","chr3","141719659","141719903","88","111533475"
"chr1","30192580","30192865","chr7","65329317","65329594","56","35136737"
"chr1","30236628","30236937","chr20","20554088","20554395","58","9682540"
"chr1","30244140","30244457","chr5","73572927","73573228","82","43328787"
"chr1","30259413","30259548","chr10","45321452","45321581","21","15062039"
"chr1","30336815","30337119","chr15","56416001","56416298","69","26079186"
"chr1","30366974","30367253","chr7","65501046","65501317","40","35134072"
"chr1","30433266","30433348","chr5","41188658","41188737","18","10755392"
"chr1","30469957","30470242","chr7","72654211","72654497","61","42184254"
"chr1","30480620","30480749","chr10","82290819","82290946","20","51810199"
"chr1","30515980","30516109","chr3","149245179","149245310","24","118729199"
"chr1","30597016","30597227","chr7","65760082","65760279","43","35163066"
"chr1","30635265","30635557","chr7","65789566","65789858","36","35154301"
"chr1","30728551","30728853","chr7","65879706","65880009","54","35151155"
"chr1","30802410","30802722","chrX","122434270","122434575","67","91631860"
"chr1","30827491","30827782","chr7","65981053","65981362","48","35153562"
"chr1","30877081","30877201","chr7","66029805","66029929","19","35152724"
"chr1","30910941","30911246","chr3","16518998","16519295","67","14391943"
"chr1","31053371","31053672","chr7","66227399","66227698","36","35174028"
"chr1","31074784","31075106","chr3","148408684","148409008","66","117333900"
"chr1","31077969","31078268","chr4","68178002","68178303","58","37100033"
"chr1","31113898","31114028","chr7","136413230","136413360","28","105299332"
"chr1","31114620","31114806","chr5","151593879","151594052","54","120479259"
"chr1","31116379","31116616","chr7","66291838","66292083","31","35175459"
"chr1","31134115","31134296","chr3","48173821","48174007","36","17039706"
"chr1","31181115","31181157","chr1","15722709","15722749","8","15458406"
"chr1","31182594","31182673","chr5","108825198","108825270","21","77642604"
"chr1","31182974","31183017","chr1","158782196","158782235","12","127599222"
"chr1","31184439","31184728","chr12","48712370","48712665","66","17527931"
"chr1","31188124","31188424","chr2","111010900","111011190","61","79822776"
"chr1","31196468","31196772","chr22","4729015","4729316","68","26467453"
"chr1","31260640","31260936","chr7","66433328","66433614","64","35172688"
"chr1","31275125","31275356","chr7","66446846","66447076","26","35171721"
"chr1","31301046","31301068","chr5","130763003","130763018","10","99461957"
"chr1","31301375","31301605","chr5","323343","323572","66","30978032"
"chr1","31316682","31316878","chr11","123412810","123413013","65","92096128"
"chr1","31317498","31317674","chr2","190014101","190014253","55","158696603"
"chr1","31321552","31321684","chr2","11695570","11695700","22","19625982"
"chr1","31324554","31324851","chr7","149433598","149433890","66","118109044"
"chr1","31344064","31344386","chr6","134380509","134380813","74","103036445"
"chr1","31352760","31352877","chr6","112717459","112717576","17","81364699"
"chr1","31356053","31356147","chr14","19104955","19105049","25","12251098"
"chr1","31399954","31400169","chr12","26450888","26451095","46","4949066"
"chr1","31420653","31420944","chr7","66595303","66595578","53","35174650"
"chr1","31465687","31466002","chr7","66640794","66641089","51","35175107"
"chr1","31579686","31579986","chr2","153911331","153911638","67","122331645"
"chr1","31580114","31580264","chr10","69617874","69618027","29","38037760"
"chr1","31595966","31596257","chr11","96427998","96428282","65","64832032"
"chr1","31596709","31596832","chr9","79583180","79583304","16","47986471"
"chr1","31623262","31623547","chr7","66793852","66794148","45","35170590"
"chr1","31638592","31638782","chrUn_GL286397","312575","312745","53","31326017"
"chr1","31645396","31645673","chr7","66809252","66809535","52","35163856"
"chr1","31646550","31646685","chr11","7707261","7707392","21","23939289"
"chr1","31646971","31647008","chr8","67663213","67663246","9","36016242"
"chr1","31651774","31652050","chr3","168646029","168646316","74","136994255"
"chr1","31652162","31652284","chr1","121375989","121376113","23","89723827"
"chr1","31694121","31694418","chr12","5262282","5262582","66","26431839"
"chr1","31713165","31713484","chr6","32054163","32054464","105","340998"
"chr1","31714272","31714441","chr13","31510403","31510563","45","203869"
"chr1","31714467","31714582","chr11","20227354","20227469","22","11487113"
"chr1","31746135","31746346","chr3","150308937","150309134","58","118562802"
"chr1","31770350","31770640","chr7","46522140","46522415","75","14751790"
"chr1","31770904","31771216","chr2","60111467","60111783","68","28340563"
"chr1","31879063","31879370","chr7","32363417","32363723","69","484354"
"chr1","31903323","31903456","chr5","53397560","53397691","25","21494237"
"chr1","31903754","31903890","chr14","1757940","1758064","44","30145814"
"chr1","31928504","31928601","chr2","72352681","72352780","26","40424177"
"chr1","31929671","31929768","chr2","72352681","72352780","26","40423010"
"chr1","31938644","31938936","chr7","67086888","67087185","41","35148244"
"chr1","32081951","32082226","chr2","16314575","16314859","70","15767376"
"chr1","32110808","32110860","chr7","50497579","50497627","8","18386771"
"chr1","32118013","32118276","chr7","67269303","67269586","60","35151290"
"chr1","32124140","32124444","chr7","67275487","67275764","57","35151347"
"chr1","32287423","32287580","chr1","53541243","53541394","36","21253820"
"chr1","32287617","32287736","chr6","112341343","112341464","28","80053726"
"chr1","32440217","32440467","chr5","111537138","111537387","65","79096921"
"chr1","32604590","32604722","chr11","120560318","120560450","24","87955728"
"chr1","32613369","32613497","chr6","44075624","44075754","17","11462255"
"chr1","32816013","32816270","chr7","67923168","67923419","46","35107155"
"chr1","33084276","33084396","chr3","19818533","19818648","22","13265743"
"chr1","33084423","33084602","chr10","20850893","20851063","39","12233530"
"chr1","33150765","33150922","chr7","20363911","20364072","43","12786854"
"chr1","33168515","33168805","chrX","17820848","17821136","63","15347667"
"chr1","33553353","33553650","chr10","15974514","15974790","73","17578839"
"chr1","33571139","33571445","chr7","68719820","68720141","61","35148681"
"chr1","33821510","33821722","chr2","34963335","34963537","51","1141825"
"chr1","33949289","33949571","chr15","90789706","90789988","54","56840417"
"chr1","34145014","34145322","chr5","131527086","131527390","58","97382072"
"chr1","34165671","34165964","chr1","180060139","180060432","61","145894468"
"chr1","34187571","34187890","chrX","107564319","107564619","67","73376748"
"chr1","34206405","34206746","chr2","13227642","13227960","88","20978763"
"chr1","34211610","34211803","chr5","9878737","9878921","45","24332873"
"chr1","34212395","34212519","chr19","28118672","28118794","18","6093723"
"chr1","34258367","34258666","chr16","1418834","1419135","61","32839533"
"chr1","34263992","34264109","chr14","84202406","84202526","16","49938414"
"chr1","34271936","34272247","chr1","21430763","21431070","68","12841173"
"chr1","34279410","34279701","chr14","48902299","48902576","76","14622889"
"chr1","34373642","34373767","chr2","2408820","2408946","22","31964822"
"chr1","34422905","34423031","chr9","21660421","21660545","22","12762484"
"chr1","34447051","34447237","chr18","30818824","30819004","44","3628227"
"chr1","34447540","34447674","chr3","150713547","150713681","26","116266007"
"chr1","34458627","34458897","chr7","69634063","69634343","43","35175436"
"chr1","34473979","34474268","chr5","144162498","144162784","60","109688519"
"chr1","34478066","34478340","chr5","143483451","143483721","56","109005385"
"chr1","34493884","34494163","chr2","9828579","9828858","71","24665305"
"chr1","34499305","34499546","chr5","130447098","130447335","59","95947793"
"chr1","34524463","34524754","chr7","78397742","78398033","67","43873279"
"chr1","34542991","34543113","chr1","199892609","199892732","21","165349618"
"chr1","34639998","34640285","chr5","77086674","77086952","69","42446676"
"chr1","34662379","34662671","chr5","116435024","116435315","55","81772645"
"chr1","34663206","34663338","chr2","170813628","170813760","18","136150422"
"chr1","34665044","34665330","chr7","69855547","69855828","45","35190503"
"chr1","34683247","34683370","chr7","69870800","69870910","23","35187553"
"chr1","34722964","34723263","chr2","1630130","1630431","60","33092834"
"chr1","34742612","34742914","chr3","111556877","111557172","67","76814265"
"chr1","34743058","34743343","chr7","69927545","69927828","54","35184487"
"chr1","34752125","34752397","chr14","42910019","42910280","61","8157894"
"chr1","34763396","34763669","chr7","69946742","69947010","33","35183346"
"chr1","34769789","34770081","chr2","55200270","55200573","62","20430481"
"chr1","34772899","34773170","chr7","69956385","69956660","40","35183486"
"chr1","34812359","34812669","chr2","13987385","13987695","54","20824974"
"chr1","34826213","34826359","chr6","46419722","46419854","50","11593509"
"chr1","34826666","34826684","chr2","9724691","9724705","6","25101975"
"chr1","34826969","34827101","chr18","23159951","23160076","24","11667018"
"chr1","34849391","34849581","chr20","1214861","1215048","37","33634530"
"chr1","34907458","34907582","chr9","65816955","65817079","20","30909497"
"chr1","35015857","35016141","chr7","70187825","70188088","54","35171968"
"chr1","35021588","35021904","chr7","70193626","70193942","46","35172038"
"chr1","35046662","35046998","chr7","70221752","70222058","68","35175090"
"chr1","35078674","35078994","chr22","32315972","32316276","75","2762702"
"chr1","35095147","35095444","chr2","99399481","99399781","71","64304334"
"chr1","35120412","35120699","chr7","70292570","70292863","44","35172158"
"chr1","35123761","35123881","chr3","137802923","137803047","18","102679162"
"chr1","35168241","35168377","chr2","11370630","11370762","20","23797611"
"chr1","35198626","35198760","chr7","70387290","70387422","19","35188664"
"chr1","35212470","35212752","chr7","70404363","70404646","29","35191893"
"chr1","35216126","35216391","chr7","70411004","70411292","55","35194878"
"chr1","35232221","35232510","chr14","60987126","60987396","69","25754905"
"chr1","35255036","35255316","chr7","70443765","70444057","50","35188729"
"chr1","35261936","35261992","chr16","93869360","93869416","7","58607424"
"chr1","35276554","35276839","chr7","70465192","70465461","41","35188638"
"chr1","35299230","35299485","chr14","80054050","80054303","58","44754820"
"chr1","35321201","35321467","chr18","33417455","33417706","60","1903746"
"chr1","35377741","35377862","chr20","3590689","3590809","23","31787052"
"chr1","35408949","35409070","chr22","17799573","17799687","35","17609376"
"chr1","35409535","35409660","chr7","70587805","70587930","8","35178270"
"chr1","35474448","35474708","chr3","38974995","38975250","58","3500547"
"chr1","35515415","35515714","chr7","70681315","70681604","33","35165900"
"chr1","35557221","35557346","chrX","120496137","120496262","15","84938916"
"chr1","35563422","35563717","chr7","70722916","70723210","36","35159494"
"chr1","35568908","35569029","chr12","55402346","55402468","15","19833438"
"chr1","35577492","35577731","chr7","70737471","70737716","31","35159979"
"chr1","35604405","35604713","chr7","53815922","53816220","65","18211517"
"chr1","35632728","35633053","chr7","70793236","70793545","78","35160508"
"chr1","35700003","35700140","chr11","120560318","120560450","20","84860315"
"chr1","35750253","35750542","chr7","70910478","70910776","44","35160225"
"chr1","35868313","35868592","chr11","22475002","22475290","71","13393311"
"chr1","35931825","35932093","chr10","77549448","77549717","63","41617623"
"chr1","36077952","36078190","chr5","84024732","84024986","67","47946780"
"chr1","36397538","36397794","chr10","15545104","15545372","60","20852434"
"chr1","36499606","36499736","chr10","37764548","37764680","17","1264942"
"chr1","36573386","36573675","chr7","71768859","71769136","38","35195473"
"chr1","36616176","36616331","chr7","87733540","87733679","47","51117364"
"chr1","36647650","36647929","chr5","46063984","46064267","59","9416334"
"chr1","36679782","36680059","chr7","71875409","71875683","76","35195627"
"chr1","36699286","36699577","chr7","71895631","71895926","32","35196345"
"chr1","36735970","36736281","chr7","71933402","71933699","50","35197432"
"chr1","36814144","36814273","chr17","69721565","69721688","19","32907421"
"chr1","36930767","36931050","chr7","72129532","72129787","65","35198765"
"chr1","36987682","36987961","chr3","33367854","33368134","59","3619828"
"chr1","36988009","36988029","chr9","114463129","114463145","8","77475120"
"chr1","36991381","36991506","chr2","67970502","67970621","31","30979121"
"chr1","37027829","37027963","chr1","102188482","102188614","24","65160653"
"chr1","37034111","37034377","chr7","72238437","72238705","50","35204326"
"chr1","37056173","37056472","chr1","118797181","118797481","64","81741008"
"chr1","37083838","37083964","chr2","10899863","10899988","29","26183975"
"chr1","37084264","37084456","chr20","417726","417894","54","36666538"
"chr1","37092401","37092600","chr1","165270882","165271074","44","128178481"
"chr1","37105101","37105431","chr7","72309393","72309678","80","35204292"
"chr1","37206335","37206455","chr9","91516339","91516464","19","54310004"
"chr1","37289387","37289510","chr1","202769733","202769856","21","165480346"
"chr1","37336074","37336374","chr5","99530495","99530792","66","62194421"
"chr1","37497223","37497380","chr7","72717818","72717981","27","35220595"
"chr1","37565410","37565538","chr10","98492248","98492377","20","60926838"
"chr1","37907581","37907853","chr8","29819130","29819402","62","8088451"
"chr1","37963131","37963433","chr5","5051180","5051479","55","32911951"
"chr1","37979072","37979379","chr14","80754932","80755229","59","42775860"
"chr1","38000018","38000326","chr1","21430763","21431070","60","16569255"
"chr1","38032107","38032403","chr7","73255262","73255561","39","35223155"
"chr1","38137584","38137884","chr7","73359462","73359757","45","35221878"
"chr1","38200176","38200297","chr13","38636566","38636687","29","436390"
"chr1","38225188","38225477","chr3","165909533","165909818","61","127684345"
"chr1","38227949","38228074","chr11","65528037","65528159","19","27300088"
"chr1","38310976","38311232","chr3","119295284","119295536","63","80984308"
"chr1","38355673","38355786","chr7","150694763","150694852","35","112339090"
"chr1","38435086","38435367","chr8","76560509","76560777","65","38125423"
"chr1","38442614","38442734","chr7","74897348","74897465","20","36454734"
"chr1","38461800","38461867","chr2","55598124","55598191","15","17136324"
"chr1","38464474","38464641","chr5","107270715","107270880","34","68806241"
"chr1","38471915","38472201","chr7","73620755","73621043","25","35148840"
"chr1","38485742","38485861","chr2","8694044","8694161","20","29791698"
"chr1","38504897","38505018","chr17","6125141","6125264","17","32379756"
"chr1","38505220","38505346","chr7","46700947","46701073","19","8195727"
"chr1","38579574","38579698","chr17","18697273","18697397","15","19882301"
"chr1","38609252","38609522","chr7","73765072","73765367","52","35155820"
"chr1","38653135","38653392","chr7","73805108","73805360","50","35151973"
"chr1","38805231","38805355","chr7","73956385","73956505","17","35151154"
"chr1","38810978","38811271","chr7","144949960","144950250","50","106138982"
"chr1","38813356","38813478","chr9","8892547","8892667","17","29920809"
"chr1","38851497","38851809","chr7","74001407","74001702","51","35149910"
"chr1","38889162","38889465","chr2","12785986","12786272","75","26103176"
"chr1","38898750","38898879","chr7","74052864","74052979","18","35154114"
"chr1","38987397","38987576","chr4","31553123","31553294","51","7434274"
"chr1","39001232","39001354","chr5","127901579","127901706","27","88900347"
"chr1","39078794","39079088","chr17","46411685","46411987","68","7332891"
"chr1","39118883","39119186","chr7","74337730","74338026","34","35218847"
"chr1","39146438","39146697","chr15","70502804","70503075","64","31356366"
"chr1","39215149","39215441","chr7","74428789","74429095","36","35213640"
"chr1","39273352","39273606","chr7","74462181","74462404","57","35188829"
"chr1","39280249","39280511","chr11","52063111","52063376","53","12782862"
"chr1","39282307","39282438","chr1","192440376","192440501","23","153158069"
"chr1","39282714","39282986","chr7","74470682","74470941","46","35187968"
"chr1","39345950","39346068","chr15","32508091","32508208","19","6837859"
"chr1","39346111","39346230","chr4","113558359","113558481","39","74212248"
"chr1","39458756","39458879","chr10","59380073","59380196","18","19921317"
"chr1","39474194","39474323","chr9","65816955","65817079","26","26342761"
"chr1","39474634","39474823","chr22","7782238","7782421","52","31692396"
"chr1","39553807","39553937","chr5","155488912","155489042","23","115935105"
"chr1","39582421","39582547","chr11","109461963","109462085","21","69879542"
"chr1","39591045","39591327","chr7","74832599","74832887","25","35241554"
"chr1","39701541","39701662","chr7","74952579","74952697","16","35251038"
"chr1","39764989","39765273","chr7","75018910","75019189","57","35253921"
"chr1","39793751","39793978","chr11","124318402","124318622","51","84524651"
"chr1","39844923","39845162","chr7","75100540","75100774","51","35255617"
"chr1","39860385","39860716","chr2","138027451","138027756","69","98167066"
"chr1","39932161","39932470","chr7","75155882","75156178","44","35223721"
"chr1","39974540","39974658","chr10","71376250","71376366","23","31401710"
"chr1","39981459","39981678","chr6","121991218","121991438","42","82009759"
"chr1","40002892","40003206","chr7","75230013","75230298","62","35227121"
"chr1","40024646","40024939","chr12","18907931","18908235","69","21116715"
"chr1","40101502","40101796","chr7","75324256","75324561","42","35222754"
"chr1","40111008","40111278","chr16","8843993","8844263","53","31267015"
"chr1","40114032","40114254","chr7","75337953","75338181","39","35223921"
"chr1","40143226","40143539","chr7","75367633","75367926","63","35224407"
"chr1","40182039","40182266","chr7","75411419","75411582","76","35229380"
"chr1","40182489","40182585","chr7","75411682","75411778","11","35229193"
"chr1","40193179","40193328","chr3","56902323","56902466","38","16709144"
"chr1","40193633","40193803","chrX","62787840","62788004","36","22594207"
"chr1","40194470","40194590","chr1","199892609","199892732","17","159698139"
"chr1","40205499","40205631","chr2","170813628","170813760","17","130608129"
"chr1","40243372","40243739","chr7","75479916","75480282","83","35236544"
"chr1","40258302","40258476","chr13","48099377","48099547","32","7841075"
"chr1","40259180","40259321","chr18","27702305","27702429","34","12556875"
"chr1","40288419","40288547","chr2","66201268","66201401","26","25912849"
"chr1","40292317","40292620","chr15","61218731","61219028","65","20926414"
"chr1","40293555","40293624","chr2","55598124","55598191","14","15304569"
"chr1","40308444","40308725","chr7","75539787","75540070","66","35231343"
"chr1","40316603","40316866","chr7","75548215","75548481","35","35231612"
"chr1","40320614","40320886","chr1","108156177","108156443","73","67835563"
"chr1","40344698","40345001","chr7","75571571","75571874","53","35226873"
"chr1","40374824","40375170","chr7","75611615","75611930","85","35236791"
"chr1","40393495","40393539","chr5","144598465","144598508","9","104204970"
"chr1","40408530","40408832","chr20","38498660","38498964","68","1909870"
"chr1","40484360","40484553","chr7","5821077","5821269","55","34663283"
"chr1","40546250","40546526","chr7","75795046","75795314","36","35248796"
"chr1","40678139","40678248","chr12","4251107","4251222","28","36427032"
"chr1","40726616","40726747","chr14","33457557","33457690","18","7269059"
"chr1","40764488","40764787","chr3","149104058","149104353","58","108339570"
"chr1","40787304","40787471","chr1","167067586","167067746","41","126280282"
"chr1","40787777","40787922","chr15","47418219","47418348","32","6630442"
"chr1","40788146","40788459","chr7","76046078","76046364","64","35257932"
"chr1","40940467","40940600","chr2","170813628","170813760","18","129873161"
"chr1","40955542","40955851","chr7","76160102","76160409","41","35204560"
"chr1","41015428","41015670","chr7","76221284","76221557","60","35205856"
"chr1","41126053","41126222","chr12","22347884","22348060","40","18778169"
"chr1","41126251","41126367","chr18","27192071","27192188","19","13934180"
"chr1","41216363","41216647","chr7","76424216","76424491","45","35207853"
"chr1","41256325","41256619","chr7","76458166","76458456","45","35201841"
"chr1","41397653","41397941","chr7","76630352","76630634","52","35232699"
"chr1","41565285","41565512","chr22","42405148","42405367","55","839863"
"chr1","41742226","41742323","chrX","52263674","52263769","24","10521448"
"chr1","41778229","41778295","chr2","145774339","145774401","17","103996110"
"chr1","41800205","41800412","chr7","77134851","77135058","27","35334646"
"chr1","41807726","41807964","chr7","77142317","77142561","25","35334591"
"chr1","41841309","41841582","chr2","135492393","135492673","62","93651084"
"chr1","41916667","41916863","chr7","77246659","77246855","24","35329992"
"chr1","41935149","41935275","chr1","199892609","199892732","24","157957460"
"chr1","41954313","41954437","chr17","18697273","18697397","20","23257040"
"chr1","41981660","41981883","chr7","77302087","77302311","33","35320427"
"chr1","42002824","42003118","chr7","77329015","77329305","40","35326191"
"chr1","42017790","42018070","chr1","155032190","155032474","65","113014400"
"chr1","42040949","42041199","chr13","58924417","58924669","69","16883468"
"chr1","42045997","42046271","chr12","19015505","19015772","75","23030492"
"chr1","42054543","42054793","chr7","77391170","77391424","30","35336627"
"chr1","42102015","42102329","chr14","84353619","84353920","58","42251604"
"chr1","42122822","42123114","chr4","16462057","16462343","56","25660765"
"chr1","42181920","42182051","chr2","79253996","79254126","20","37072076"
"chr1","42314032","42314329","chr3","165672623","165672918","59","123358591"
"chr1","42372540","42372838","chr6","57949636","57949925","75","15577096"
"chr1","42404832","42405151","chr22","34009301","34009611","75","8395531"
"chr1","42447312","42447440","chrX","48633221","48633356","26","6185909"
"chr1","42661727","42662033","chr16","85499065","85499359","64","42837338"
"chr1","42696125","42696417","chr5","81599940","81600225","62","38903815"
"chr1","42770255","42770388","chr4","106083874","106084003","23","63313619"
"chr1","42780699","42780992","chr7","78006472","78006767","31","35225773"
"chr1","42818338","42818379","chr16","10070997","10071034","10","32747341"
"chr1","42820833","42821141","chr7","78050188","78050503","40","35229355"
"chr1","42844044","42844245","chr1","202799809","202800001","55","159955765"
"chr1","42844546","42844689","chr14","62981222","62981361","32","20136676"
"chr1","42901635","42901928","chr6","39094098","39094376","76","3807537"
"chr1","42919695","42919963","chr18","34201571","34201835","62","8718124"
"chr1","42983087","42983182","chr3","73969031","73969121","21","30985944"
"chr1","43015670","43015804","chr1","192542368","192542501","27","149526698"
"chr1","43080658","43080954","chr22","13364654","13364940","67","29716004"
"chr1","43136482","43136633","chr7","78369225","78369385","38","35232743"
"chr1","43155876","43156187","chr7","78387329","78387624","56","35231453"
"chr1","43157622","43157932","chr3","149104058","149104353","57","105946436"
"chr1","43164437","43164588","chr22","17416127","17416287","36","25748310"
"chr1","43164879","43165022","chr2","170813628","170813760","27","127648749"
"chr1","43194857","43195007","chr7","78429187","78429344","19","35234330"
"chr1","43203682","43203931","chr15","88247632","88247880","60","45043950"
"chr1","43213542","43213810","chr10","8884527","8884798","65","34329015"
"chr1","43216362","43216659","chr9","12480239","12480534","69","30736123"
"chr1","43228848","43229013","chr2","7088626","7088790","39","36140222"
"chr1","43229323","43229478","chr15","5374915","5375069","41","37854408"
"chr1","43249640","43249928","chr7","78481044","78481342","69","35231404"
"chr1","43262147","43262450","chrX","43460098","43460387","69","197951"
"chr1","43272377","43272504","chr5","35421705","35421831","26","7850672"
"chr1","43317644","43317768","chr3","137802923","137803047","21","94485279"
"chr1","43327845","43328138","chrX","63901568","63901868","67","20573723"
"chr1","43365241","43365506","chr9","113346613","113346873","62","69981372"
"chr1","43386574","43386868","chr13","1765130","1765423","58","41621444"
"chr1","43552145","43552452","chr7","78763474","78763750","61","35211329"
"chr1","43668728","43669039","chr7","78844631","78844940","47","35175903"
"chr1","43714490","43714806","chr4","20055600","20055916","66","23658890"
"chr1","43720303","43720432","chr1","137317635","137317763","24","93597332"
"chr1","43722259","43722532","chr12","107512652","107512920","64","63790393"
"chr1","43742255","43742531","chr7","78913306","78913561","58","35171051"
"chr1","43768471","43768760","chr7","78932661","78932945","54","35164190"
"chr1","43901143","43901448","chr14","36133893","36134197","58","7767250"
"chr1","43999696","44000000","chr4","110032503","110032791","75","66032807"
"chr1","44039374","44039523","chr15","23337227","23337374","31","20702147"
"chr1","44039811","44039941","chr7","26075412","26075534","31","17964399"
"chr1","44041517","44041816","chr7","79221623","79221919","33","35180106"
"chr1","44112815","44113121","chr9","112979466","112979755","78","68866651"
"chr1","44156468","44156750","chr7","79341291","79341574","33","35184823"
"chr1","44193658","44193788","chr11","120560318","120560450","18","76366660"
"chr1","44220817","44220867","chr11","95760435","95760484","9","51539618"
"chr1","44221175","44221317","chr1","74757824","74757960","27","30536649"
"chr1","44262973","44263097","chr3","20634202","20634323","18","23628771"
"chr1","44263128","44263434","chr7","79454236","79454531","48","35191108"
"chr1","44293803","44293926","chr6","47665029","47665154","26","3371226"
"chr1","44301088","44301386","chr7","79496411","79496722","52","35195323"
"chr1","44346545","44346675","chr12","51810003","51810136","38","7463458"
"chr1","44346962","44347104","chr18","44838369","44838516","41","491407"
"chr1","44363156","44363467","chr7","145514977","145515276","74","101151821"
"chr1","44403592","44403730","chr3","150467906","150468042","24","106064314"
"chr1","44448357","44448648","chr7","79665158","79665442","36","35216801"
"chr1","44464129","44464451","chr7","79680715","79681023","44","35216586"
"chr1","44496414","44496482","chr7","113564743","113564806","11","69068329"
"chr1","44528646","44528956","chr2","136915981","136916277","74","92387335"
"chr1","44555311","44555523","chr6","110815268","110815478","57","66259957"
"chr1","44600604","44600863","chr10","127537261","127537516","61","82936657"
"chr1","44641462","44641764","chr7","79834187","79834474","42","35192725"
"chr1","44660416","44660704","chr7","79847828","79848131","48","35187412"
"chr1","44696116","44696404","chr9","84226861","84227152","61","39530745"
"chr1","44712518","44712709","chr1","129159547","129159726","55","84447029"
"chr1","44712749","44712908","chr6","17820371","17820524","41","26892378"
"chr1","44788445","44788731","chr9","103649469","103649752","65","58861024"
"chr1","44812351","44812471","chr10","115287253","115287373","24","70474902"
"chr1","44817572","44817793","chr7","80049873","80050098","25","35232301"
"chr1","44840371","44840595","chr11","20973291","20973519","38","23867080"
"chr1","44842035","44842389","chr6","8398394","8398709","92","36443641"
"chr1","44906504","44906777","chr22","18208981","18209232","78","26697523"
"chr1","44918558","44918670","chr7","59660347","59660465","24","14741789"
"chr1","44936830","44936961","chr9","39279269","39279400","25","5657561"
"chr1","44937247","44937478","chr7","6837001","6837237","81","38100246"
"chr1","44954361","44954632","chr13","39630062","39630334","60","5324299"
"chr1","44958333","44958456","chr7","80199703","80199835","18","35241370"
"chr1","45016354","45016648","chr2","129413288","129413585","59","84396934"
"chr1","45031611","45031904","chr7","80290440","80290720","49","35258829"
"chr1","45044365","45044650","chr7","80299353","80299642","27","35254988"
"chr1","45062373","45062494","chrX","22373284","22373410","22","22689089"
"chr1","45070579","45070881","chr2","138027451","138027756","66","92956872"
"chr1","45080508","45080636","chr3","64669306","64669430","25","19588798"
"chr1","45110494","45110664","chr21","33262509","33262682","34","11847985"
"chr1","45110932","45111061","chr7","46900397","46900535","36","1789465"
"chr1","45150401","45150519","chr11","129640116","129640228","37","84489715"
"chr1","45150833","45151003","chrX","5182390","5182560","52","39968443"
"chr1","45165453","45165705","chr7","80452688","80452936","61","35287235"
"chr1","45176112","45176385","chr7","80471962","80472237","54","35295850"
"chr1","45181326","45181600","chr7","80480365","80480619","54","35299039"
"chr1","45215890","45216177","chr20","3690374","3690654","64","41525516"
"chr1","45331648","45331783","chr14","21355191","21355319","43","23976457"
"chr1","45350558","45350707","chrX","7214579","7214734","44","38135979"
"chr1","45393247","45393393","chr6","119028353","119028505","32","73635106"
"chr1","45393691","45393821","chr2","17455028","17455152","27","27938663"
"chr1","45400343","45400650","chrX","45691230","45691509","72","290887"
"chr1","45407240","45407383","chr12","61331188","61331335","31","15923948"
"chr1","45407655","45407815","chr7","66724665","66724825","30","21317010"
"chr1","45422333","45422636","chr5","47308621","47308922","61","1886288"
"chr1","45436853","45436945","chr22","29722066","29722149","27","15714787"
"chr1","45437442","45437530","chr7","128409182","128409264","18","82971740"
"chr1","45503639","45503762","chr17","18697273","18697397","14","26806366"
"chr1","45510816","45511130","chr14","37485441","37485741","80","8025375"
"chr1","45522053","45522338","chr1","92174125","92174415","58","46652072"
"chr1","45549417","45549634","chr10","32832939","32833159","61","12716478"
"chr1","45566962","45567098","chrY","721809","721944","29","44845153"
"chr1","45576465","45576591","chr16","26196082","26196210","25","19380383"
"chr1","45576752","45577048","chr7","80798128","80798393","55","35221376"
"chr1","45596174","45596474","chr14","64768756","64769038","68","19172582"
"chr1","45617918","45618202","chr7","80843718","80843995","42","35225800"
"chr1","45678426","45678693","chr7","80911317","80911613","61","35232891"
"chr1","45699952","45700091","chr3","187522859","187522990","48","141822907"
"chr1","45701055","45701172","chr2","8694044","8694161","19","37007011"
"chr1","45731344","45731636","chrY","1728836","1729131","55","44002508"
"chr1","45742137","45742272","chr1","156039373","156039492","35","110297236"
"chr1","45766705","45766829","chrX","22373284","22373410","20","23393421"
"chr1","45769764","45770056","chr7","81000580","81000887","58","35230816"
"chr1","45793454","45793735","chr15","63901832","63902116","65","18108378"
"chr1","45819141","45819427","chr7","81053738","81054037","40","35234597"
"chr1","45842671","45842807","chr9","100741503","100741636","22","54898832"
"chr1","45843110","45843287","chr9","44670820","44670988","48","1172290"
"chr1","45853831","45854129","chr9","103525515","103525797","60","57671684"
"chr1","45906425","45906557","chr1","178021039","178021189","48","132114614"
"chr1","45906858","45906980","chr1","38075302","38075428","22","7831556"
"chr1","45907844","45908133","chr7","81139477","81139769","53","35231633"
"chr1","45914887","45915210","chr5","83103373","83103695","81","37188486"
"chr1","45922058","45922368","chr2","8000025","8000324","63","37922033"
"chr1","45924032","45924330","chr7","81159168","81159479","39","35235136"
"chr1","45925400","45925561","chr7","86115420","86115582","37","40190020"
"chr1","45925885","45926030","chr11","24229797","24229945","32","21696088"
"chr1","45926064","45926201","chr1","102188482","102188614","28","56262418"
"chr1","45939774","45940055","chr7","81171213","81171499","41","35231439"
"chr1","45965818","45966030","chr11","28563521","28563704","62","17402297"
"chr1","45968393","45968669","chr1","139701138","139701413","58","93732745"
"chr1","45978322","45978456","chr7","80199703","80199835","23","34221381"
"chr1","45978760","45978944","chr5","88882379","88882540","47","42903619"
"chr1","46025194","46025315","chr4","113634902","113635006","39","67609708"
"chr1","46053609","46053772","chr7","81284364","81284533","26","35230755"
"chr1","46249669","46249918","chr7","81488180","81488442","54","35238511"
"chr1","46306437","46306729","chr7","81557279","81557577","39","35250842"
"chr1","46311137","46311420","chr7","81562296","81562589","41","35251159"
"chr1","46707425","46707557","chr8","11520784","11520916","20","35186641"
"chr1","46707869","46708075","chr3","140806140","140806350","58","94098271"
"chr1","46745882","46746095","chr7","82145888","82146090","40","35400006"
"chr1","46809702","46809997","chr12","110076471","110076774","71","63266769"
"chr1","46902584","46902850","chr4","106105978","106106250","69","59203394"
"chr1","46956408","46956716","chr7","82350176","82350486","49","35393768"
"chr1","47001908","47002211","chr7","82397257","82397564","61","35395349"
"chr1","47010073","47010367","chr13","36414491","36414784","54","10595582"
"chr1","47296030","47296299","chr7","82711975","82712273","59","35415945"
"chr1","47973253","47973545","chr11","119397861","119398140","71","71424608"
"chr1","48157504","48157610","chr20","11379201","11379302","23","36778303"
"chr1","48244052","48244335","chr7","83548853","83549156","48","35304801"
"chr1","49334236","49334512","chr2","130179277","130179554","81","80845041"
"chr1","49469237","49469537","chr22","27403772","27404076","64","22065465"
"chr1","49683478","49683768","chr3","111189894","111190176","68","61506416"
"chr1","49832917","49833041","chr17","5989328","5989449","11","43843589"
"chr1","49953324","49953543","chr4","12360826","12361036","49","37592498"
"chr1","50020781","50021092","chr7","32363417","32363723","60","17657364"
"chr1","50025991","50026119","chr10","21974325","21974451","19","28051666"
"chr1","50083864","50083978","chr5","121614481","121614595","26","71530617"
"chr1","50084010","50084134","chr3","137802923","137803047","21","87718913"
"chr1","50084180","50084234","chr2","8674236","8674291","12","41409944"
"chr1","50085077","50085128","chr13","5892204","5892256","12","44192873"
"chr1","50085171","50085295","chr14","84452511","84452635","22","34367340"
"chr1","50104954","50105239","chr7","85456828","85457113","42","35351874"
"chr1","50108346","50108553","chr6","112553299","112553480","48","62444953"
"chr1","50108859","50108964","chr4","113634902","113635006","26","63526043"
"chr1","50122325","50122490","chr4","88675047","88675210","41","38552722"
"chr1","50156885","50157186","chr7","85513849","85514143","42","35356964"
"chr1","50201430","50201738","chr7","85578540","85578845","36","35377110"
"chr1","50230845","50230994","chr7","57215506","57215649","26","6984661"
"chr1","50240723","50241041","chr3","39544873","39545188","68","10695850"
"chr1","50300194","50300499","chr7","85679559","85679839","53","35379365"
"chr1","50307656","50307952","chr7","85686141","85686431","48","35378485"
"chr1","50336110","50336405","chr7","85727126","85727429","45","35391016"
"chr1","50347691","50347945","chr8","4141665","4141912","62","46206026"
"chr1","50361689","50361945","chr5","76614099","76614351","64","26252410"
"chr1","50369990","50370264","chr13","50344869","50345147","69","25121"
"chr1","50428723","50428947","chr5","129856899","129857118","55","79428176"
"chr1","50480161","50480468","chr7","85894095","85894398","54","35413934"
"chr1","50491807","50492116","chr19","18021088","18021396","63","32470719"
"chr1","50499341","50499502","chr1","186568722","186568874","42","136069381"
"chr1","50576915","50576959","chr22","23859582","23859625","9","26717333"
"chr1","50578154","50578276","chr5","133986597","133986719","21","83408443"
"chr1","50578392","50578722","chr7","86002571","86002894","49","35424179"
"chr1","50592982","50593293","chr1","106482342","106482647","57","55889360"
"chr1","50629706","50629987","chr15","56002735","56003013","59","5373029"
"chr1","50678593","50678716","chr2","152262434","152262556","20","101583841"
"chr1","50709359","50709659","chr7","86125182","86125464","44","35415823"
"chr1","50713728","50714011","chr7","86128260","86128545","34","35414532"
"chr1","50746172","50746470","chr7","86155761","86156052","32","35409589"
"chr1","50749526","50749810","chr7","86159745","86160020","33","35410219"
"chr1","50750596","50750905","chr1","202762040","202762339","100","152011444"
"chr1","50764361","50764494","chr2","10110790","10110922","19","40653571"
"chr1","50765956","50766271","chr22","32315972","32316276","69","18449984"
"chr1","50796382","50796670","chr7","86203460","86203750","45","35407078"
"chr1","50805483","50805612","chr11","120560318","120560450","23","69754835"
"chr1","50808366","50808572","chr10","79891266","79891470","38","29082900"
"chr1","50809401","50809680","chr2","110911723","110911992","66","60102322"
"chr1","50814113","50814248","chr7","57359333","57359475","33","6545220"
"chr1","50817592","50817886","chr2","17546997","17547294","63","33270595"
"chr1","50921898","50922049","chr17","7177552","7177717","56","43744346"
"chr1","50928150","50928447","chr2","17914482","17914775","68","33013668"
"chr1","50951742","50952066","chr7","98144442","98144755","69","47192700"
"chr1","51018886","51019195","chr1","118797181","118797481","68","67778295"
"chr1","51091241","51091487","chr18","1297557","1297800","56","49793684"
"chr1","51108800","51108930","chr4","17941977","17942107","25","33166823"
"chr1","51113731","51114027","chr7","86561994","86562297","53","35448263"
"chr1","51129902","51130156","chr7","86572153","86572417","63","35442251"
"chr1","51130241","51130253","chr9","114463129","114463145","4","63332888"
"chr1","51188311","51188435","chr1","156039373","156039492","32","104851062"
"chr1","51199531","51199827","chr18","8030633","8030930","55","43168898"
"chr1","51208223","51208537","chr7","86659791","86660090","60","35451568"
"chr1","51290271","51290330","chr7","86762331","86762390","4","35472060"
"chr1","51303676","51303961","chr16","64720627","64720906","72","13416951"
"chr1","51329424","51329705","chr12","26801469","26801751","63","24527955"
"chr1","51389799","51389970","chr7","86863730","86863898","36","35473931"
"chr1","51406995","51407123","chr1","192440376","192440501","25","141033381"
"chr1","51454546","51454731","chr15","20611899","20612093","39","30842647"
"chr1","51476614","51476932","chr7","86945216","86945549","58","35468602"
"chr1","51583057","51583336","chr7","87094219","87094490","37","35511162"
"chr1","51686851","51686985","chr10","33086866","33086994","30","18599985"
"chr1","51693073","51693204","chr7","88004637","88004769","20","36311564"
"chr1","51694646","51694796","chr10","94736096","94736263","56","43041450"
"chr1","51719927","51720145","chr11","14362144","14362363","53","37357783"
"chr1","51755317","51755601","chr7","87913942","87914213","41","36158625"
"chr1","51786582","51786706","chr9","21660421","21660545","14","30126161"
"chr1","51828566","51828698","chr9","112921738","112921872","16","61093172"
"chr1","51888267","51888571","chr8","118224264","118224561","54","66335997"
"chr1","51898207","51898506","chr3","33258815","33259122","57","18639392"
"chr1","52048126","52048238","chr2","7433105","7433216","28","44615021"
"chr1","52077860","52077991","chr20","35704842","35704971","25","16373018"
"chr1","52090574","52090703","chr8","10635600","10635722","32","41454974"
"chr1","52091009","52091175","chr22","28971407","28971576","41","23119602"
"chr1","52149816","52149872","chr4","32848789","32848847","13","19301027"
"chr1","52182233","52182550","chrX","13810174","13810484","61","38372059"
"chr1","52189550","52189850","chr10","115656334","115656612","80","63466784"
"chr1","52207384","52207661","chr7","87450957","87451254","48","35243573"
"chr1","52207866","52208067","chr7","87450547","87450751","22","35242681"
"chr1","52222863","52223078","chr7","87429709","87429931","30","35206846"
"chr1","52226284","52226549","chr6","150478215","150478472","60","98251931"
"chr1","52237590","52237881","chr10","94610637","94610936","58","42373047"
"chr1","52271585","52271908","chr7","87375667","87375977","68","35104082"
"chr1","52279855","52279983","chr5","111142863","111142987","19","58863008"
"chr1","52280281","52280461","chr19","3896790","3896969","38","48383491"
"chr1","52306642","52306942","chr7","87335974","87336278","36","35029332"
"chr1","52365369","52365493","chr7","97430825","97430950","19","45065456"
"chr1","52367372","52367668","chr10","59564146","59564439","71","7196774"
"chr1","52393797","52394135","chr13","117645745","117646066","79","65251948"
"chr1","52411306","52411605","chr1","166986785","166987076","65","114575479"
"chr1","52423844","52423977","chr2","170813628","170813760","24","118389784"
"chr1","52437445","52437685","chr9","20904317","20904539","63","31533128"
"chr1","52456267","52456362","chr11","97465642","97465734","24","45009375"
"chr1","52472307","52472603","chrX","17536496","17536791","61","34935811"
"chr1","52569927","52570113","chr9","101960601","101960798","56","49390674"
"chr1","52576647","52576939","chr22","29213886","29214184","60","23362761"
"chr1","52599590","52599903","chr7","75178667","75178973","64","22579077"
"chr1","52599947","52600205","chr7","88180829","88181078","53","35580882"
"chr1","52609817","52609871","chr22","15125697","15125742","16","37484120"
"chr1","52639110","52639409","chr7","70722916","70723210","64","18083806"
"chr1","52663476","52663598","chr7","88249433","88249555","12","35585957"
"chr1","52680639","52680997","chr7","88274461","88274772","88","35593822"
"chr1","52775073","52775368","chr5","140984252","140984542","53","88209179"
"chr1","52807684","52807974","chr7","88402496","88402779","47","35594812"
"chr1","52841406","52841537","chr4","13599154","13599281","21","39242252"
"chr1","52854525","52854682","chr21","35623657","35623809","27","17230868"
"chr1","52854960","52855096","chr2","170813628","170813760","24","117958668"
"chr1","52884218","52884570","chr7","50419399","50419739","76","2464819"
"chr1","52986975","52987256","chr7","88577735","88578009","51","35590760"
"chr1","53046556","53046835","chr7","88635482","88635763","51","35588926"
"chr1","53066163","53066351","chr1","188326542","188326728","41","135260379"
"chr1","53245573","53245882","chr12","84699755","84700062","59","31454182"
"chr1","53347764","53347890","chr3","137802923","137803047","21","84455159"
"chr1","53353079","53353131","chr15","56737672","56737727","10","3384593"
"chr1","53354571","53354869","chr5","83900229","83900526","64","30545658"
"chr1","53386082","53386213","chr3","149245179","149245310","22","95859097"
"chr1","53419043","53419270","chr11","20973291","20973519","47","32445752"
"chr1","53433638","53433904","chr8","11182306","11182560","57","42251332"
"chr1","53479100","53479369","chr7","89052619","89052886","32","35573519"
"chr1","53573555","53573819","chr8","107421957","107422209","61","53848402"
"chr1","53608099","53608383","chr8","107302265","107302541","60","53694166"
"chr1","53634889","53635153","chr7","89205887","89206160","55","35570998"
"chr1","53748515","53748828","chr2","48697994","48698302","69","5050521"
"chr1","53749686","53749995","chr7","89344206","89344522","62","35594520"
"chr1","53758285","53758590","chr7","89354106","89354399","45","35595821"
"chr1","53869889","53870013","chr11","130077116","130077231","29","76207227"
"chr1","53874513","53874801","chr7","89477939","89478225","37","35603426"
"chr1","53890955","53891255","chr5","106251952","106252249","62","52360997"
"chr1","53930837","53931146","chr7","89531115","89531406","51","35600278"
"chr1","53959825","53960035","chr7","89560370","89560580","35","35600545"
"chr1","54031896","54032197","chr15","72518938","72519246","63","18487042"
"chr1","54112202","54112417","chr4","37436285","37436498","43","16675917"
"chr1","54121456","54121760","chr10","96847195","96847490","60","42725739"
"chr1","54139218","54139418","chr4","11227482","11227686","50","42911736"
"chr1","54198528","54198684","chr6","59399282","59399426","60","5200754"
"chr1","54198710","54198861","chr12","106965619","106965753","35","52766909"
"chr1","54306146","54306318","chr12","22624242","22624413","40","31681904"
"chr1","54307760","54308065","chr7","149433598","149433890","69","95125838"
"chr1","54344896","54345100","chr7","89938919","89939114","26","35594023"
"chr1","54384553","54384687","chr11","120560318","120560450","19","66175765"
"chr1","54405068","54405114","chr15","23966155","23966200","8","30438913"
"chr1","54413064","54413185","chr1","121375989","121376113","26","66962925"
"chr1","54413487","54413626","chr5","133327714","133327847","40","78914227"
"chr1","54414522","54414787","chr7","90004704","90004985","54","35590182"
"chr1","54459217","54459510","chr4","13619965","13620262","52","40839252"
"chr1","54494604","54494878","chr7","43504141","43504423","74","10990463"
"chr1","54564702","54564832","chr7","90139382","90139512","9","35574680"
"chr1","54983113","54983406","chr7","90573649","90573942","32","35590536"
"chr1","55470204","55470503","chr7","90991808","90992088","53","35521604"
"chr1","55565466","55565744","chr7","91100724","91101000","38","35535258"
"chr1","56078095","56078388","chr7","91619669","91619960","46","35541574"
"chr1","56237060","56237200","chr6","139607166","139607303","30","83370106"
"chr1","56331257","56331384","chr1","38075302","38075428","24","18255955"
"chr1","56339653","56339957","chr7","91887694","91887992","35","35548041"
"chr1","56349414","56349697","chr7","91897628","91897904","55","35548214"
"chr1","56364982","56365021","chr2","115778","115818","7","56249204"
"chr1","56541258","56541551","chr7","92107660","92107962","52","35566402"
"chr1","57042225","57042554","chr7","92631283","92631610","65","35589058"
"chr1","57467953","57468255","chr11","110207708","110208007","56","52739755"
"chr1","57582354","57582584","chr12","28836055","28836291","54","28746299"
"chr1","57777031","57777345","chr7","93388490","93388797","54","35611459"
"chr1","58055916","58056195","chr7","93686742","93687019","36","35630826"
"chr1","58365075","58365196","chr9","44914588","44914709","20","13450487"
"chr1","58774096","58774416","chr6","116646407","116646718","67","57872311"
"chr1","59436490","59436788","chr7","70801500","70801792","55","11365010"
"chr1","60210737","60211053","chr6","22082494","22082803","72","38128243"
"chr1","60379060","60379371","chr7","95989804","95990111","57","35610744"
"chr1","60710205","60710551","chr7","96348601","96348951","78","35638396"
"chr1","60715444","60715706","chr15","61773901","61774159","60","1058457"
"chr1","60755764","60756047","chr9","114335053","114335333","53","53579289"
"chr1","61070570","61070855","chr7","96721389","96721654","54","35650819"
"chr1","61077561","61077869","chr7","32363417","32363723","61","28714144"
"chr1","61153641","61153934","chr16","69869166","69869456","63","8715525"
"chr1","61175511","61175669","chr9","114287577","114287735","44","53112066"
"chr1","61175967","61176091","chr7","6167066","6167189","25","55008901"
"chr1","61305707","61306009","chr16","26279287","26279583","68","35026420"
"chr1","61380792","61381092","chr14","80754932","80755229","62","19374140"
"chr1","61394227","61394395","chr7","57143850","57144017","32","4250377"
"chr1","61399607","61399878","chr7","100581899","100582178","55","39182292"
"chr1","61407565","61407654","chr5","41653817","41653900","22","19753748"
"chr1","61414222","61414493","chrX","123817451","123817724","72","62403229"
"chr1","61416190","61416492","chr10","114838607","114838907","60","53422417"
"chr1","61447956","61448252","chr14","80754932","80755229","61","19306976"
"chr1","61480189","61480407","chr4","159802850","159803070","57","98322661"
"chr1","61551646","61551927","chr7","97153628","97153921","48","35601982"
"chr1","61581456","61581718","chr7","97182937","97183211","49","35601481"
"chr1","61586257","61586554","chr7","97187528","97187820","42","35601271"
"chr1","61592524","61592645","chr7","97194771","97194894","17","35602247"
"chr1","61606740","61607044","chr3","151778094","151778405","69","90171354"
"chr1","61617024","61617146","chr10","26107021","26107146","33","35510003"
"chr1","61617444","61617561","chr5","84342879","84342988","28","22725435"
"chr1","61621981","61622268","chr7","18263574","18263862","61","43358407"
"chr1","61625006","61625143","chr10","11480819","11480952","26","50144187"
"chr1","61651656","61651795","chr12","11035256","11035394","28","50616400"
"chr1","61652101","61652270","chr12","11019099","11019268","36","50633002"
"chr1","61702614","61702910","chr4","42968482","42968779","59","18734132"
"chr1","61760687","61760986","chr7","97369287","97369586","45","35608600"
"chr1","61794912","61795203","chr20","7533162","7533444","58","54261750"
"chr1","61855354","61855584","chr11","20973291","20973519","46","40882063"
"chr1","61891726","61891908","chr1","79496924","79497108","43","17605198"
"chr1","61914454","61914661","chr12","21831837","21832044","52","40082617"
"chr1","61932227","61932344","chr11","111084407","111084517","20","49152180"
"chr1","61937520","61937545","chr7","121158321","121158346","7","59220801"
"chr1","61937897","61938008","chr7","97527489","97527599","10","35589592"
"chr1","62000006","62000116","chr7","70755488","70755597","21","8755482"
"chr1","62073928","62074219","chr12","48878943","48879230","66","13194985"
"chr1","62121045","62121186","chr7","97728624","97728755","23","35607579"
"chr1","62121953","62122240","chr7","97730148","97730448","36","35608195"
"chr1","62137903","62138108","chr12","13049081","13049280","57","49088822"
"chr1","62164203","62164323","chr20","3590689","3590809","21","58573514"
"chr1","62288495","62288784","chr3","188177597","188177882","57","125889102"
"chr1","62374726","62375004","chr7","98019265","98019514","59","35644539"
"chr1","62398628","62398933","chr7","97730148","97730448","64","35331520"
"chr1","62415830","62416139","chr7","98060834","98061136","47","35645004"
"chr1","62459785","62460094","chr7","98144442","98144755","42","35684657"
"chr1","62501497","62501775","chr7","98184315","98184600","46","35682818"
"chr1","62581550","62581854","chr7","98280154","98280433","60","35698604"
"chr1","62619713","62619841","chr7","98318267","98318393","20","35698554"
"chr1","62675570","62675853","chr21","36911010","36911297","61","25764560"
"chr1","62714034","62714310","chr15","49105761","49106040","60","13608273"
"chr1","62770313","62770609","chr10","39655048","39655342","59","23115265"
"chr1","62844968","62845286","chr8","75873726","75874038","62","13028758"
"chr1","62877653","62877875","chr10","131473224","131473446","43","68595571"
"chr1","62949745","62950048","chr7","98664500","98664793","46","35714755"
"chr1","62984686","62984996","chr7","98704681","98705009","50","35719995"
"chr1","63059162","63059470","chr7","98805445","98805741","55","35746283"
"chr1","63061042","63061345","chr15","28538039","28538327","70","34523003"
"chr1","63241749","63241890","chr7","99007085","99007202","30","35765336"
"chr1","63275013","63275301","chr12","24527665","24527951","56","38747348"
"chr1","63389322","63389556","chr7","99190600","99190823","31","35801278"
"chr1","63805217","63805521","chr7","99602013","99602335","50","35796796"
"chr1","64032829","64032950","chr2","8694044","8694161","16","55338785"
"chr1","64119007","64119326","chr1","139908124","139908437","69","75789117"
"chr1","64167043","64167279","chr9","115566340","115566565","53","51399297"
"chr1","64344387","64344675","chr4","110032503","110032791","61","45688116"
"chr1","64349080","64349135","chr2","8674236","8674291","8","55674844"
"chr1","64394749","64394997","chr11","16942753","16943004","54","47451996"
"chr1","64406274","64406345","chr22","26121405","26121472","16","38284869"
"chr1","64473584","64473703","chr11","61882187","61882302","20","2591397"
"chr1","64573195","64573474","chr7","100459590","100459873","39","35886395"
"chr1","64658772","64659075","chr7","100543733","100544029","50","35884961"
"chr1","64697980","64698269","chr7","100596189","100596454","56","35898209"
"chr1","64738685","64738944","chr7","100637720","100637968","54","35899035"
"chr1","64740072","64740315","chr7","100638605","100638822","54","35898533"
"chr1","64786527","64786735","chr1","177120892","177121090","57","112334365"
"chr1","64789516","64789803","chrX","40275096","40275395","67","24514420"
"chr1","64798597","64798886","chr2","10816283","10816573","54","53982314"
"chr1","64808605","64808718","chr2","166452559","166452668","22","101643954"
"chr1","64956592","64956897","chr1","73469574","73469872","75","8512982"
"chr1","64958080","64958381","chr4","110867337","110867624","82","45909257"
"chr1","64986042","64986337","chr7","100823597","100823905","41","35837555"
"chr1","65232931","65233241","chr2","153911331","153911638","64","88678400"
"chr1","65274883","65274933","chr18","3961015","3961064","8","61313868"
"chr1","65361385","65361680","chr9","96993073","96993365","54","31631688"
"chr1","65370573","65370727","chr9","113573097","113573249","36","48202524"
"chr1","65700483","65700724","chr9","69223067","69223318","75","3522584"
"chr1","65931281","65931519","chr15","3765466","3765711","55","62165815"
"chr1","66081746","66082050","chr7","101942957","101943250","40","35861211"
"chr1","66425659","66425948","chr7","102264848","102265132","51","35839189"
"chr1","66510649","66510767","chr5","88195584","88195699","17","21684935"
"chr1","66645939","66646064","chr4","18304557","18304678","22","48341382"
"chr1","66711597","66711804","chr7","102541984","102542194","28","35830387"
"chr1","66721499","66721598","chr3","33148350","33148450","23","33573149"
"chr1","66895060","66895366","chr9","84226861","84227152","64","17331801"
"chr1","66902248","66902554","chr7","102726252","102726556","37","35824004"
"chr1","66969285","66969579","chr7","102806131","102806414","48","35836846"
"chr1","67046975","67047101","chrX","4685456","4685581","32","62361519"
"chr1","67142161","67142455","chr1","69310366","69310647","55","2168205"
"chr1","67259795","67260078","chr5","64964516","64964784","62","2295279"
"chr1","67275577","67275854","chr7","103125527","103125811","63","35849950"
"chr1","67316454","67316583","chr1","205210342","205210473","27","137893888"
"chr1","67357987","67358074","chr14","62934280","62934367","23","4423707"
"chr1","67358100","67358255","chr21","35623657","35623809","36","31734443"
"chr1","67406102","67406388","chr7","103244698","103244979","25","35838596"
"chr1","67409440","67409561","chr7","103248014","103248135","10","35838574"
"chr1","67831810","67832080","chr22","39542345","39542617","63","28289465"
"chr1","67912275","67912611","chr14","35604602","35604922","78","32307673"
"chr1","68112424","68112732","chr15","61218731","61219028","60","6893693"
"chr1","68156170","68156278","chr12","51849640","51849751","21","16306530"
"chr1","68156639","68156664","chr7","121158321","121158346","6","53001682"
"chr1","68322333","68322630","chr2","171137066","171137361","70","102814733"
"chr1","68455354","68455534","chr15","1487062","1487247","52","66968292"
"chr1","68470321","68470620","chr4","157845979","157846270","75","89375658"
"chr1","68488748","68489014","chr7","104306175","104306426","56","35817427"
"chr1","69103930","69104222","chr7","104966062","104966341","46","35862132"
"chr1","69845755","69845892","chr7","105788280","105788417","9","35942525"
"chr1","69894615","69894933","chr7","105839182","105839470","72","35944567"
"chr1","69955440","69955741","chr7","105902239","105902539","30","35946799"
"chr1","69971085","69971353","chr7","105919452","105919726","41","35948367"
"chr1","70003239","70003460","chr14","34027757","34027966","53","35975482"
"chr1","70014183","70014450","chr2","56445778","56446064","67","13568405"
"chr1","70023207","70023333","chr17","18697273","18697397","18","51325934"
"chr1","70066289","70066592","chr7","106029855","106030150","49","35963566"
"chr1","70068093","70068234","chr10","88773992","88774133","20","18705899"
"chr1","70069549","70069825","chr5","137246805","137247081","64","67177256"
"chr1","70088172","70088381","chr5","39905956","39906166","42","30182216"
"chr1","70210319","70210615","chr14","59648138","59648426","63","10562181"
"chr1","70305340","70305588","chr9","51365529","51365777","54","18939811"
"chr1","70858157","70858386","chrUn_GL288126","1720","1963","39","70856437"
"chr1","71025944","71026102","chr10","100194841","100194990","40","29168897"
"chr1","72205710","72205991","chr5","40743409","40743693","60","31462301"
"chr1","72389329","72389646","chr7","108293877","108294190","50","35904548"
"chr1","72580309","72580616","chr7","108487430","108487736","43","35907121"
"chr1","72719283","72719374","chr7","108628879","108628973","21","35909596"
"chr1","73111116","73111416","chr7","6067755","6068040","67","67043361"
"chr1","73115594","73115885","chr7","109028672","109028963","55","35913078"
"chr1","73439908","73440127","chr10","21901215","21901431","54","51538693"
"chr1","73830342","73830622","chr7","109718532","109718804","55","35888190"
"chr1","73856143","73856415","chr7","109748006","109748276","50","35891863"
"chr1","74490555","74490755","chr12","53849246","53849452","50","20641309"
"chr1","75145687","75145870","chr19","28230486","28230653","53","46915201"
"chr1","75675147","75675442","chr7","97730148","97730448","65","22055001"
"chr1","75723627","75723748","chr9","29291794","29291917","17","46431833"
"chr1","75740088","75740261","chr18","14647029","14647180","60","61093059"
"chr1","75740563","75740700","chr6","18022253","18022382","37","57718310"
"chr1","75748600","75748901","chr2","18917278","18917580","63","56831322"
"chr1","75750573","75750898","chr5","109551336","109551639","85","33800763"
"chr1","75763553","75763611","chr8","35821737","35821793","15","39941816"
"chr1","75764337","75764411","chr19","94284","94361","13","75670053"
"chr1","75769080","75769289","chr13","61381664","61381873","64","14387416"
"chr1","75769523","75769668","chr9","76037920","76038064","29","268397"
"chr1","75780809","75781108","chr13","97618859","97619147","67","21838050"
"chr1","75796324","75796605","chr7","111529253","111529535","57","35732929"
"chr1","76386269","76386397","chr6","144234386","144234514","16","67848117"
"chr1","76985654","76985960","chr7","112691397","112691698","50","35705743"
"chr1","76986235","76986366","chr9","15630398","15630529","18","61355837"
"chr1","77204659","77204941","chr7","112906684","112906947","49","35702025"
"chr1","77446115","77446418","chr7","113165028","113165336","51","35718913"
"chr1","77497301","77497427","chr7","113218433","113218558","19","35721132"
"chr1","77611451","77611748","chr7","113333322","113333610","42","35721871"
"chr1","77683352","77683666","chr5","131527086","131527390","58","53843734"
"chr1","77704668","77704891","chr7","113420153","113420391","37","35715485"
"chr1","77707193","77707485","chr5","80634800","80635088","81","2927607"
"chr1","77741068","77741356","chr9","53523121","53523415","55","24217947"
"chr1","77816908","77817198","chr6","31997562","31997858","71","45819346"
"chr1","77864586","77864720","chr7","113591976","113592105","14","35727390"
"chr1","77876005","77876217","chr2","144984778","144984986","52","67108773"
"chr1","77886591","77886896","chr7","113625614","113625894","56","35739023"
"chr1","77892083","77892382","chr9","84226861","84227152","58","6334778"
"chr1","77894707","77894985","chr8","97697339","97697618","68","19802632"
"chr1","77936779","77937067","chr7","113676256","113676514","55","35739477"
"chr1","77954503","77954693","chr1","165270882","165271074","39","87316379"
"chr1","77957186","77957469","chr9","84226861","84227152","58","6269675"
"chr1","77964770","77965081","chr1","118797181","118797481","69","40832411"
"chr1","77986333","77986456","chrX","58482136","58482260","18","19504197"
"chr1","78050605","78050887","chr4","12206745","12207025","71","65843860"
"chr1","78054516","78054800","chr7","113790933","113791228","56","35736417"
"chr1","78055154","78055277","chr7","113791874","113791998","11","35736720"
"chr1","78095107","78095241","chr2","10110790","10110922","22","67984317"
"chr1","78184244","78184393","chr10","47115508","47115647","35","31068736"
"chr1","78184830","78185072","chr9","53581710","53581934","61","24603120"
"chr1","78484708","78484918","chr5","107263432","107263635","49","28778724"
"chr1","78511709","78511934","chr7","60841311","60841533","57","17670398"
"chr1","78645265","78645573","chr7","53815922","53816220","69","24829343"
"chr1","79109057","79109328","chr7","114855741","114856015","35","35746684"
"chr1","79217315","79217605","chr7","114957702","114958000","47","35740387"
"chr1","79920075","79920335","chr7","115704062","115704314","50","35783987"
"chr1","80001443","80001571","chr7","102766883","102767024","39","22765440"
"chr1","80001879","80002016","chr13","72273832","72273968","23","7728047"
"chr1","80325582","80325700","chr7","116124879","116124994","15","35799297"
"chr1","80550245","80550486","chr19","21958050","21958289","70","58592195"
"chr1","81243712","81244023","chr15","24157499","24157811","71","57086213"
"chr1","81385820","81386122","chr7","117102942","117103265","61","35717122"
"chr1","81594465","81594596","chr5","87483246","87483379","28","5888781"
"chr1","81862964","81863101","chr13","40267018","40267150","25","41595946"
"chr1","81909013","81909317","chr7","117634364","117634656","40","35725351"
"chr1","81925138","81925440","chr14","80754932","80755229","66","1170206"
"chr1","82141545","82141662","chr18","22414794","22414911","21","59726751"
"chr1","82141723","82141850","chr15","70588037","70588168","39","11553686"
"chr1","82302547","82302826","chr5","141504411","141504687","60","59201864"
"chr1","82500449","82500521","chr3","45305508","45305586","22","37194941"
"chr1","82565597","82565897","chr7","118321590","118321880","51","35755993"
"chr1","82740638","82740804","chr4","21762556","21762704","44","60978082"
"chr1","82747515","82747636","chr6","83801747","83801869","25","1054232"
"chr1","82799080","82799380","chr2","10830367","10830666","58","71968713"
"chr1","84231398","84231691","chr12","27030088","27030379","56","57201310"
"chr1","84243639","84243910","chr5","72141580","72141861","68","12102059"
"chr1","84630656","84630952","chr5","106251952","106252249","54","21621296"
"chr1","84661915","84662185","chr7","120350908","120351166","53","35688993"
"chr1","84814017","84814144","chr5","83386495","83386622","31","1427522"
"chr1","84883011","84883161","chr12","76120225","76120372","32","8762786"
"chr1","85005976","85006245","chr7","120703785","120704051","28","35697809"
"chr1","85154163","85154410","chr6","45133121","45133364","63","40021042"
"chr1","85168978","85169269","chr7","120813460","120813738","44","35644482"
"chr1","85228787","85228922","chr1","41377894","41378028","21","43850893"
"chr1","85253603","85253902","chr7","113385005","113385295","62","28131402"
"chr1","85258335","85258616","chr7","120904354","120904625","41","35646019"
"chr1","85456225","85456534","chr7","121121218","121121510","65","35664993"
"chr1","85465627","85465931","chr7","97730148","97730448","62","12264521"
"chr1","85524870","85525165","chr7","121188885","121189187","27","35664015"
"chr1","85531281","85531575","chr3","123800985","123801280","49","38269704"
"chr1","85566963","85567248","chr7","89477939","89478225","57","3910976"
"chr1","85777967","85778260","chr11","113631741","113632052","65","27853774"
"chr1","85836156","85836437","chr7","100581899","100582178","59","14745743"
"chr1","85920335","85920610","chr7","121587892","121588153","47","35667557"
"chr1","86018255","86018556","chr7","121686663","121686951","47","35668408"
"chr1","86051205","86051487","chr7","121721150","121721426","48","35669945"
"chr1","86105995","86106280","chr7","121785291","121785594","53","35679296"
"chr1","86208041","86208296","chr4","36694578","36694832","67","49513463"
"chr1","86229867","86229996","chr7","121910502","121910633","22","35680635"
"chr1","86330361","86330644","chr2","56563942","56564231","68","29766419"
"chr1","86453165","86453451","chr4","104446464","104446748","66","17993299"
"chr1","86554025","86554327","chr5","131527086","131527390","79","44973061"
"chr1","86643982","86644281","chr15","61664566","61664863","67","24979416"
"chr1","86661156","86661290","chr7","32225551","32225675","33","54435605"
"chr1","86810097","86810423","chr11","15115051","15115366","76","71695046"
"chr1","87045611","87045735","chr8","53156205","53156331","21","33889406"
"chr1","87101724","87101859","chr11","27993807","27993940","22","59107917"
"chr1","87112032","87112346","chr4","160043890","160044207","73","72931858"
"chr1","87166364","87166622","chr7","122885667","122885928","20","35719303"
"chr1","87239945","87240023","chrX","10321034","10321111","12","76918911"
"chr1","87466044","87466349","chr5","106251952","106252249","62","18785908"
"chr1","87602825","87603091","chr7","128732867","128733111","80","41130042"
"chr1","87743121","87743403","chr22","48648463","48648741","88","39094658"
"chr1","87823900","87824028","chr2","152877669","152877786","35","65053769"
"chr1","88106391","88106513","chr10","9062820","9062938","17","79043571"
"chr1","88328417","88328712","chr2","3223505","3223798","71","85104912"
"chr1","88998839","88999134","chr6","31372066","31372370","60","57626773"
"chr1","89025239","89025504","chr2","55407268","55407545","71","33617971"
"chr1","89061935","89062070","chr14","1043718","1043850","29","88018217"
"chr1","89062372","89062516","chr18","5241123","5241261","33","83821249"
"chr1","89276157","89276226","chr5","8919067","8919133","12","80357090"
"chr1","89380535","89380840","chr10","100428631","100428916","94","11048096"
"chr1","89393519","89393791","chr7","125246466","125246754","42","35852947"
"chr1","89664584","89664898","chr4","135707438","135707747","72","46042854"
"chr1","89827679","89827984","chr7","125716255","125716562","35","35888576"
"chr1","89883161","89883281","chr4","18028677","18028793","23","71854484"
"chr1","89924257","89924371","chr15","4368065","4368182","29","85556192"
"chr1","90138432","90138718","chr7","126043619","126043897","41","35905187"
"chr1","90187827","90187967","chr5","89542035","89542171","21","645792"
"chr1","90247490","90247572","chr9","115845329","115845414","15","25597839"
"chr1","90248475","90248767","chr16","64531975","64532268","55","25716500"
"chr1","90286991","90287285","chr7","126221755","126222038","63","35934764"
"chr1","90807957","90808091","chr10","103174192","103174326","25","12366235"
"chr1","90846850","90847126","chr6","9793001","9793270","61","81053849"
"chr1","91082540","91082834","chr16","1429121","1429423","68","89653419"
"chr1","91202991","91203239","chr8","4141665","4141912","62","87061326"
"chr1","91209147","91209263","chr14","84202406","84202526","23","7006741"
"chr1","91294989","91295163","chr6","42136011","42136172","48","49158978"
"chr1","91314687","91314862","chr14","1058610","1058781","39","90256077"
"chr1","91655396","91655621","chr1","201577087","201577308","57","109921691"
"chr1","91930781","91931077","chr1","28942068","28942353","68","62988713"
"chr1","92235303","92235423","chr8","106698398","106698519","20","14463095"
"chr1","92277147","92277410","chr7","127791085","127791351","38","35513938"
"chr1","92420160","92420457","chr7","127963676","127963978","51","35543516"
"chr1","92448947","92449238","chr2","66998596","66998891","60","25450351"
"chr1","92464477","92464787","chr2","6855246","6855557","60","85609231"
"chr1","92467066","92467312","chr12","107922934","107923182","67","15455868"
"chr1","92506228","92506352","chr18","14848181","14848308","19","77658047"
"chr1","92508378","92508501","chr7","78792060","78792184","13","13716318"
"chr1","92523286","92523410","chr9","8892547","8892667","21","83630739"
"chr1","92541039","92541178","chr4","16066197","16066331","35","76474842"
"chr1","92541479","92541609","chr5","127364220","127364342","36","34822741"
"chr1","92550901","92551159","chr9","113346613","113346873","72","20795712"
"chr1","92554109","92554415","chr2","129413288","129413585","63","36859179"
"chr1","92559535","92559598","chr5","94231549","94231613","20","1672014"
"chr1","92561427","92561728","chr1","43698220","43698519","58","48863207"
"chr1","92583153","92583466","chr1","24379226","24379548","71","68203927"
"chr1","92607044","92607284","chr1","108296903","108297147","54","15689859"
"chr1","92704855","92705174","chrX","43710230","43710539","70","48994625"
"chr1","92724691","92724978","chr7","128403688","128403984","52","35678997"
"chr1","92747497","92747807","chr7","70793236","70793545","61","21954261"
"chr1","92781036","92781290","chr2","131702085","131702345","66","38921049"
"chr1","92810042","92810336","chr7","128491628","128491920","47","35681586"
"chr1","92861025","92861154","chrX","93172718","93172845","20","311693"
"chr1","93011714","93012026","chr7","128729572","128729892","60","35717858"
"chr1","93030614","93030918","chr7","97730148","97730448","55","4699534"
"chr1","93042642","93042795","chr1","180762759","180762888","37","87720117"
"chr1","93043096","93043135","chr2","129032486","129032525","14","35989390"
"chr1","93043438","93043571","chr9","12384325","12384458","36","80659113"
"chr1","93050734","93051085","chr7","128773263","128773556","87","35722529"
"chr1","93080863","93081118","chr7","128800808","128801061","25","35719945"
"chr1","93148404","93148728","chr2","55200270","55200573","76","37948134"
"chr1","93148773","93149009","chrX","85874253","85874507","61","7274520"
"chr1","93154061","93154358","chr14","60705346","60705640","61","32448715"
"chr1","93210630","93210914","chr7","128918663","128918948","50","35708033"
"chr1","93218876","93219085","chr9","8946059","8946261","58","84272817"
"chr1","93306623","93306747","chr7","72033791","72033913","17","21272832"
"chr1","93449859","93449966","chr14","20931062","20931159","30","72518797"
"chr1","93452350","93452474","chr7","129280912","129281033","19","35828562"
"chr1","93464177","93464303","chr7","129293331","129293456","15","35829154"
"chr1","93486917","93487226","chr7","129314513","129314815","44","35827596"
"chr1","93519238","93519502","chr14","79575769","79576034","58","13943469"
"chr1","93521076","93521363","chr1","26200802","26201093","56","67320274"
"chr1","93538064","93538354","chr7","129359447","129359734","36","35821383"
"chr1","93543445","93543677","chrX","16925992","16926221","47","76617453"
"chr1","93630211","93630331","chr20","38912926","38913040","23","54717285"
"chr1","93661361","93661672","chr5","42579144","42579455","54","51082217"
"chr1","93694562","93694833","chr7","129527223","129527485","31","35832661"
"chr1","93893935","93894127","chr5","93974723","93974924","53","80788"
"chr1","93940533","93940831","chr22","37263333","37263633","57","56677200"
"chr1","93941511","93941687","chr2","171121213","171121372","42","77179702"
"chr1","93970818","93971132","chr7","129803375","129803651","68","35832557"
"chr1","93976666","93976958","chrX","7945410","7945708","66","86031256"
"chr1","94030192","94030314","chr19","28118672","28118794","14","65911520"
"chr1","94043988","94044277","chr1","92174125","92174415","46","1869863"
"chr1","94062898","94063173","chr5","80277745","80278021","65","13785153"
"chr1","94077096","94077394","chr20","10016068","10016368","72","84061028"
"chr1","94081942","94082070","chr16","71372699","71372830","25","22709243"
"chr1","94129224","94129353","chr7","129929643","129929775","20","35800419"
"chr1","94141709","94142006","chr7","129939123","129939419","56","35797414"
"chr1","94332354","94332655","chr7","130154867","130155157","53","35822513"
"chr1","94495956","94496285","chr7","130354400","130354735","47","35858444"
"chr1","94583537","94583657","chr6","86252050","86252171","18","8331487"
"chr1","94629667","94629774","chr7","130467372","130467474","14","35837705"
"chr1","94651546","94651840","chr7","59376036","59376328","60","35275510"
"chr1","94875017","94875310","chr7","130721633","130721924","42","35846616"
"chr1","94899485","94899798","chr18","33187573","33187871","74","61711912"
"chr1","94937115","94937378","chr7","130783130","130783391","34","35846015"
"chr1","94946870","94947153","chrX","17832431","17832705","61","77114439"
"chr1","94960293","94960599","chr7","130806116","130806410","46","35845823"
"chr1","95258840","95259120","chr11","28816210","28816498","64","66442630"
"chr1","95377764","95378012","chr5","97113079","97113317","72","1735315"
"chr1","95384021","95384316","chr16","27196583","27196863","67","68187438"
"chr1","95394337","95394640","chr7","131307593","131307905","49","35913256"
"chr1","95394641","95394778","chr1","65182737","65182869","22","30211904"
"chr1","95472265","95472557","chr15","21338413","21338706","54","74133852"
"chr1","95502012","95502139","chr1","202423602","202423731","25","106921590"
"chr1","95575275","95575580","chr7","131509047","131509328","53","35933772"
"chr1","95637139","95637422","chr7","131559868","131560152","36","35922729"
"chr1","95640264","95640551","chr12","56237130","56237414","68","39403134"
"chr1","95651938","95652048","chr15","48918659","48918771","20","46733279"
"chr1","95724943","95725186","chr1","155451312","155451539","61","59726369"
"chr1","95806119","95806397","chr10","92760208","92760487","62","3045911"
"chr1","95853265","95853394","chr4","113256464","113256591","22","17403199"
"chr1","96411443","96411699","chr7","132348488","132348736","54","35937045"
"chr1","96759043","96759297","chr22","15852149","15852413","75","80906894"
"chr1","96814022","96814114","chr7","146302339","146302436","18","49488317"
"chr1","96831496","96831667","chr4","119194179","119194342","39","22362683"
"chr1","96831694","96831818","chr3","42393626","42393743","24","54438068"
"chr1","96917534","96917655","chr4","138721119","138721242","22","41803585"
"chr1","96936591","96936880","chr7","132827436","132827733","51","35890845"
"chr1","97080681","97080743","chr5","8919067","8919133","11","88161614"
"chr1","97380595","97380896","chr15","82901630","82901926","82","14478965"
"chr1","97478284","97478565","chr22","38290165","38290452","59","59188119"
"chr1","97701264","97701491","chr7","133574421","133574642","33","35873157"
"chr1","97953929","97954235","chr7","133834446","133834729","57","35880517"
"chr1","98012336","98012641","chr7","133890379","133890679","36","35878043"
"chr1","98240785","98240990","chr1","101778302","101778510","45","3537517"
"chr1","98247881","98248164","chr7","134092842","134093105","69","35844961"
"chr1","98741169","98741464","chr19","16420334","16420626","68","82320835"
"chr1","98769636","98769929","chr7","134630615","134630916","37","35860979"
"chr1","99159008","99159219","chr7","135036818","135037033","32","35877810"
"chr1","99643859","99644142","chr1","155032190","155032474","64","55388331"
"chr1","99821250","99821378","chr9","65816955","65817079","21","34004295"
"chr1","99867966","99868306","chr7","135665292","135665578","84","35797326"
"chr1","99869374","99869691","chr7","135666684","135666980","53","35797310"
"chr1","100002894","100003153","chr7","135792132","135792371","72","35789238"
"chr1","100202836","100203136","chr10","13257728","13258031","68","86945108"
"chr1","100276277","100276319","chrX","93307524","93307563","7","6968753"
"chr1","100381074","100381380","chr7","136156104","136156403","40","35775030"
"chr1","100488894","100489180","chrX","43460098","43460387","61","57028796"
"chr1","100521097","100521362","chr7","136263114","136263364","47","35742017"
"chr1","100573537","100573840","chr7","136319671","136319969","34","35746134"
"chr1","100596391","100596528","chr1","102188482","102188614","22","1592091"
"chr1","100608261","100608433","chr7","136353594","136353759","29","35745333"
"chr1","100683407","100683721","chr22","39326550","39326854","66","61356857"
"chr1","100728111","100728215","chrUn_GL286435","298528","298640","24","100429583"
"chr1","100774041","100774304","chr1","167872994","167873266","64","67098953"
"chr1","100784454","100784753","chrUn_GL286435","351190","351488","62","100433264"
"chr1","100804381","100804696","chr7","81210361","81210666","67","19594020"
"chr1","100808495","100808563","chr22","17770353","17770420","13","83038142"
"chr1","100858997","100859145","chr22","36034120","36034271","36","64824877"
"chr1","100877738","100877853","chr15","48918659","48918771","27","51959079"
"chr1","100884511","100884814","chrUn_GL286435","441811","442118","68","100442700"
"chr1","100898390","100898706","chrUn_GL286435","456420","456712","52","100441970"
"chr1","100947907","100948207","chr7","136437577","136437866","40","35489670"
"chr1","101042646","101042958","chr15","61435851","61436157","64","39606795"
"chr1","101108498","101108805","chr12","36952591","36952886","72","64155907"
"chr1","101110336","101110621","chr10","29693174","29693457","60","71417162"
"chr1","101122026","101122304","chr22","41892794","41893087","66","59229232"
"chr1","101123561","101123846","chr4","104446464","104446748","71","3322903"
"chr1","101126033","101126283","chr18","10217984","10218226","60","90908049"
"chr1","101153440","101153591","chr5","98941880","98942018","42","2211560"
"chr1","101153928","101154060","chr5","46011681","46011810","30","55142247"
"chr1","101156951","101157261","chr7","136615235","136615534","63","35458284"
"chr1","101158303","101158598","chr9","9968844","9969135","65","91189459"
"chr1","101186439","101186611","chr17","26243013","26243196","45","74943426"
"chr1","101196439","101196735","chr7","136653915","136654197","50","35457476"
"chr1","101216812","101217114","chr8","108262734","108263034","69","7045922"
"chr1","101240604","101240782","chr12","11019099","11019268","44","90221505"
"chr1","101241077","101241208","chrX","120950991","120951121","25","19709914"
"chr1","101277550","101277767","chr7","136725697","136725905","42","35448147"
"chr1","101300293","101300447","chr1","120306539","120306692","43","19006246"
"chr1","101300486","101300599","chr2","8694044","8694161","22","92606442"
"chr1","101325104","101325418","chr4","58909358","58909670","74","42415746"
"chr1","101336740","101336873","chr2","170813628","170813760","18","69476888"
"chr1","101748106","101748412","chr7","137238807","137239109","45","35490701"
"chr1","101897918","101898214","chr2","47003368","47003657","65","54894550"
"chr1","102102812","102103123","chr3","39370689","39370990","79","62732123"
"chr1","102112861","102113116","chr7","137598744","137598987","40","35485883"
"chr1","102118873","102119001","chr4","110194069","110194197","20","8075196"
"chr1","102138022","102138216","chr10","126259446","126259620","48","24121424"
"chr1","102138514","102138644","chr9","6899249","6899381","23","95239265"
"chr1","102153748","102154002","chr20","3489108","3489357","63","98664640"
"chr1","102155532","102155663","chr2","170813628","170813760","21","68658096"
"chr1","102175613","102175907","chr14","5388973","5389259","64","96786640"
"chr1","102292820","102293111","chr7","137784882","137785178","48","35492062"
"chr1","102344873","102344990","chr14","81158200","81158314","17","21186673"
"chr1","102355518","102355812","chr22","42082128","42082418","56","60273390"
"chr1","102471756","102472070","chr7","137916599","137916886","75","35444843"
"chr1","102495013","102495143","chr6","43173799","43173932","23","59321214"
"chr1","102828041","102828343","chr7","138257044","138257333","51","35429003"
"chr1","102875751","102875851","chr16","38130873","38130975","29","64744878"
"chr1","102876142","102876226","chr6","17316911","17316986","27","85559231"
"chr1","102876282","102876403","chr7","138304120","138304238","18","35427838"
"chr1","103009952","103010078","chr3","19920221","19920345","23","83089731"
"chr1","103037717","103037845","chrX","49189929","49190053","26","53847788"
"chr1","103118095","103118298","chr15","32660290","32660497","50","70457805"
"chr1","103547726","103547972","chr12","102053933","102054192","72","1493793"
"chr1","103626204","103626509","chr9","39338082","39338374","77","64288122"
"chr1","103678225","103678371","chr1","201404456","201404602","41","97726231"
"chr1","103747506","103747818","chr7","139167759","139168064","51","35420253"
"chr1","103871494","103871714","chr7","139297279","139297481","42","35425785"
"chr1","103988859","103989142","chr7","139401795","139402077","38","35412936"
"chr1","104170725","104170812","chr1","177564929","177565020","18","73394204"
"chr1","104225936","104226252","chr2","13987385","13987695","68","90238551"
"chr1","104579669","104579932","chr6","45133121","45133364","68","59446548"
"chr1","104727931","104728049","chr16","15181905","15182026","18","89546026"
"chr1","104907642","104907755","chr7","140228495","140228608","19","35320853"
"chr1","105498129","105498415","chr4","16462057","16462343","65","89036072"
"chr1","105661981","105662292","chr14","99094248","99094547","77","6567733"
"chr1","105935052","105935346","chr10","21809192","21809501","80","84125860"
"chr1","106120178","106120501","chr7","141335051","141335372","60","35214873"
"chr1","106504730","106505015","chr3","16630241","16630511","82","89874489"
"chr1","106667205","106667489","chr4","155554282","155554564","70","48887077"
"chr1","108383411","108383559","chr3","5910863","5911020","37","102472548"
"chr1","108598556","108598864","chr11","120028102","120028391","80","11429546"
"chr1","108984876","108985001","chrX","120496137","120496262","17","11511261"
"chr1","109016333","109016641","chr10","127941325","127941621","62","18924992"
"chr1","109104559","109104863","chr14","1243434","1243735","72","107861125"
"chr1","109156022","109156107","chr2","10906979","10907070","16","98249043"
"chr1","109216929","109217069","chr10","10408941","10409082","30","98807988"
"chr1","109288065","109288367","chr10","47254925","47255223","70","62033140"
"chr1","109393702","109394004","chr14","1243434","1243735","66","108150268"
"chr1","109498829","109499011","chr16","96451653","96451840","37","13047176"
"chr1","109587277","109587603","chr7","144447288","144447628","53","34860011"
"chr1","109603744","109603831","chr4","30511775","30511860","13","79091969"
"chr1","109610260","109610542","chr16","1754811","1755092","66","107855449"
"chr1","109612678","109612803","chr7","144472183","144472307","9","34859505"
"chr1","109628443","109628706","chr7","144484919","144485184","42","34856476"
"chr1","109642704","109642828","chr5","97612044","97612168","18","12030660"
"chr1","109648297","109648567","chr5","158818048","158818324","64","49169751"
"chr1","109676778","109676906","chr7","78792060","78792184","22","30884718"
"chr1","109694463","109694767","chr5","9499160","9499467","62","100195303"
"chr1","109697446","109697750","chr7","144557728","144558033","52","34860282"
"chr1","109712833","109713125","chr7","144573159","144573441","39","34860326"
"chr1","109732504","109732813","chr7","144596860","144597168","50","34864356"
"chr1","109754381","109754669","chr7","144633138","144633448","56","34878757"
"chr1","109781639","109781861","chr9","112349057","112349258","70","2567418"
"chr1","109816307","109816618","chr7","144696018","144696314","48","34879711"
"chr1","109818175","109818476","chr1","185506876","185507173","58","75688701"
"chr1","109891153","109891396","chr5","8894896","8895147","70","100996257"
"chr1","109930446","109930779","chr7","144799968","144800292","46","34869522"
"chr1","109938690","109938982","chr7","493374","493666","58","109445316"
"chr1","109960399","109960709","chr12","110076471","110076774","72","116072"
"chr1","109973982","109974244","chr7","144862808","144863046","65","34888826"
"chr1","109979851","109980128","chr12","60392436","60392708","64","49587415"
"chr1","110001991","110002285","chr10","127941325","127941621","53","17939334"
"chr1","110023821","110023940","chr6","83801747","83801869","22","26222074"
"chr1","110056068","110056327","chr12","3145987","3146251","48","106910081"
"chr1","110110153","110110284","chr1","98656756","98656886","24","11453397"
"chr1","110126698","110126835","chr10","74474605","74474739","25","35652093"
"chr1","110135877","110136149","chr16","71714174","71714446","58","38421703"
"chr1","110136901","110137204","chr11","66877535","66877842","52","43259366"
"chr1","110143334","110143391","chr7","145007903","145007964","10","34864569"
"chr1","110161168","110161365","chr5","61166619","61166811","48","48994549"
"chr1","110171698","110171965","chr5","109677073","109677335","59","494625"
"chr1","110233645","110233762","chr20","3590689","3590809","20","106642956"
"chr1","110319282","110319557","chr5","127542950","127543244","68","17223668"
"chr1","110319558","110319693","chr7","41169931","41170063","23","69149627"
"chr1","110349541","110349841","chr7","145227417","145227720","53","34877876"
"chr1","110381008","110381315","chr7","145259580","145259875","41","34878572"
"chr1","110382625","110382918","chr10","98902985","98903279","73","11479640"
"chr1","110427160","110427309","chr1","173569423","173569569","32","63142263"
"chr1","110445140","110445236","chr7","145332012","145332107","18","34886872"
"chr1","110461591","110461667","chr1","182701093","182701165","17","72239502"
"chr1","110485004","110485313","chr11","17495354","17495655","63","92989650"
"chr1","110572952","110573138","chr15","20611899","20612093","44","89961053"
"chr1","110666798","110666988","chr6","12094580","12094758","56","98572218"
"chr1","110683007","110683114","chr7","55174589","55174694","30","55508418"
"chr1","110986806","110987078","chr7","145846830","145847125","48","34860024"
"chr1","111008967","111009093","chr9","43510189","43510319","22","67498778"
"chr1","111113782","111113967","chrX","20284106","20284287","44","90829676"
"chr1","111127870","111127921","chr16","32515974","32516028","8","78611896"
"chr1","111269741","111269939","chr2","13072223","13072399","58","98197518"
"chr1","111328376","111328680","chr15","32840949","32841254","67","78487427"
"chr1","111392469","111392593","chrX","120496137","120496262","21","9103668"
"chr1","111421630","111421909","chr7","149089625","149089915","70","37667995"
"chr1","111484241","111484398","chr2","8135290","8135448","34","103348951"
"chr1","111484691","111484843","chr7","57359333","57359475","34","54125358"
"chr1","111559675","111559940","chr10","20831783","20832060","70","90727892"
"chr1","111898862","111898954","chr22","31500001","31500095","25","80398861"
"chr1","111968260","111968469","chr14","41761803","41762014","53","70206457"
"chr1","112410143","112410276","chr7","147403694","147403823","16","34993551"
"chr1","112422696","112422809","chr1","176456973","176457096","21","64034277"
"chr1","112485791","112486097","chr7","147478520","147478816","47","34992729"
"chr1","112561746","112562069","chr5","45466092","45466398","69","67095654"
"chr1","112609135","112609425","chrY","2258233","2258522","75","110350902"
"chr1","112674635","112674854","chr4","155207864","155208086","57","42533229"
"chr1","113312946","113313104","chr6","17820371","17820524","37","95492575"
"chr1","113313420","113313595","chr6","131169510","131169681","37","17856090"
"chr1","113349430","113349792","chr22","16159125","16159495","107","97190305"
"chr1","113393319","113393615","chr7","148409350","148409639","42","35016031"
"chr1","113426493","113426770","chr7","148438063","148438342","27","35011570"
"chr1","113458038","113458336","chr22","35001531","35001831","67","78456507"
"chr1","113482540","113482829","chr7","148490557","148490848","34","35008017"
"chr1","113524996","113525291","chr5","43481946","43482233","71","70043050"
"chr1","113595591","113595707","chr8","35004872","35004992","29","78590719"
"chr1","113604236","113604359","chrX","47000722","47000844","15","66603514"
"chr1","113621710","113621837","chr16","69056136","69056255","25","44565574"
"chr1","113632189","113632493","chr1","118797181","118797481","65","5164992"
"chr1","113675456","113675688","chr10","128285533","128285765","57","14610077"
"chr1","113701400","113701557","chr20","29117654","29117818","34","84583746"
"chr1","113742125","113742235","chr7","30215462","30215575","15","83526663"
"chr1","113748258","113748576","chr7","148753654","148753976","40","35005396"
"chr1","113749852","113749977","chrX","123286820","123286944","24","9536968"
"chr1","113769989","113770291","chr7","148780544","148780837","54","35010555"
"chr1","113881136","113881251","chr12","37160288","37160403","24","76720848"
"chr1","113891861","113891993","chr1","65245501","65245628","25","48646360"
"chr1","113892231","113892394","chr17","17312580","17312737","38","96579651"
"chr1","113905411","113905729","chr15","72518938","72519246","64","41386473"
"chr1","113905730","113905800","chrUn_GL286212","63493","63559","16","113842237"
"chr1","113958237","113958309","chr3","115280121","115280198","17","1321884"
"chr1","114085668","114085723","chr16","93869360","93869416","8","20216308"
"chr1","114227381","114227512","chr7","149179460","149179583","17","34952079"
"chr1","114315404","114315719","chrX","7316921","7317229","64","106998483"
"chr1","114440812","114441121","chr7","149424747","149425047","38","34983935"
"chr1","114471538","114471662","chr17","5989328","5989449","23","108482210"
"chr1","114524493","114524763","chr7","149497350","149497634","42","34972857"
"chr1","114589959","114590077","chr7","149567697","149567823","15","34977738"
"chr1","114590159","114590457","chr7","149567903","149568206","41","34977744"
"chr1","114633699","114633933","chr7","149617344","149617577","32","34983645"
"chr1","114693339","114693631","chr1","118797181","118797481","62","4103842"
"chr1","114782781","114782907","chr12","3671597","3671722","20","111111184"
"chr1","114792390","114792690","chr12","78553276","78553586","71","36239114"
"chr1","114848641","114848869","chr13","62490969","62491193","49","52357672"
"chr1","114859670","114859940","chr7","149854490","149854759","38","34994820"
"chr1","114896526","114896728","chr5","100376117","100376299","53","14520409"
"chr1","114897039","114897140","chr11","67226993","67227094","23","47670046"
"chr1","114953969","114954262","chr1","198276236","198276530","58","83322267"
"chr1","114962156","114962190","chr1","29219010","29219046","6","85743146"
"chr1","115064186","115064469","chr7","150052294","150052590","53","34988108"
"chr1","115093699","115093817","chr20","3073595","3073716","20","112020104"
"chr1","115331511","115331814","chr7","150342882","150343167","55","35011371"
"chr1","115417035","115417259","chr9","72508643","72508859","68","42908392"
"chr1","115483414","115483615","chr13","145211","145394","59","115338203"
"chr1","115509269","115509572","chr11","110268702","110269004","65","5240567"
"chr1","115576705","115576952","chr2","5339053","5339312","70","110237652"
"chr1","115607936","115608242","chr7","150622399","150622698","50","35014463"
"chr1","115635857","115635986","chr1","176862599","176862729","21","61226742"
"chr1","115695847","115696150","chr7","150706818","150707117","51","35010971"
"chr1","115712055","115712271","chr1","177120892","177121090","58","61408837"
"chr1","115741561","115741869","chr2","1128220","1128520","55","114613341"
"chr1","115748422","115748487","chr9","113160225","113160291","12","2588197"
"chr1","115758985","115759281","chr7","75920665","75920968","76","39838320"
"chr1","115798842","115799124","chr7","150816169","150816430","64","35017327"
"chr1","115875595","115875734","chr2","9000891","9001022","27","106874704"
"chr1","115891165","115891457","chr2","36914712","36915009","66","78976453"
"chr1","115898347","115898628","chr7","150928657","150928928","51","35030310"
"chr1","115963672","115963754","chr11","5727997","5728079","15","110235675"
"chr1","116019298","116019400","chr7","20200683","20200783","27","95818615"
"chr1","116089214","116089495","chr7","151142425","151142708","40","35053211"
"chr1","116211180","116211320","chr12","65595305","65595445","23","50615875"
"chr1","116545856","116546126","chr15","95004508","95004776","61","21541348"
"chr1","116681498","116681807","chr4","21261252","21261557","68","95420246"
"chr1","116682718","116682851","chr10","48082510","48082642","25","68600208"
"chr1","116695594","116695908","chr7","151690932","151691249","49","34995338"
"chr1","116697997","116698304","chr7","151693300","151693604","54","34995303"
"chr1","116813138","116813443","chr7","63234098","63234395","61","53579040"
"chr1","117028770","117028900","chr11","55083684","55083814","23","61945086"
"chr1","117159849","117160070","chr22","37704800","37705025","51","79455049"
"chr1","117175292","117175593","chr7","152196534","152196828","47","35021242"
"chr1","117218161","117218282","chr6","110911653","110911772","24","6306508"
"chr1","117307036","117307318","chr5","73426428","73426715","63","43880608"
"chr1","117329272","117329443","chr7","152355172","152355342","23","35025900"
"chr1","117568963","117569060","chr7","130467372","130467474","21","12898409"
"chr1","117579940","117580242","chr10","125770877","125771174","67","8190937"
"chr1","117628529","117628657","chr1","137317635","137317763","20","19689106"
"chr1","117693067","117693122","chr13","117601597","117601657","21","91470"
"chr1","117693285","117693311","chr7","121158321","121158346","5","3465036"
"chr1","117693732","117693843","chr12","53533404","53533513","19","64160328"
"chr1","117713874","117714076","chr7","152763996","152764200","34","35050122"
"chr1","117753492","117753743","chr3","149614943","149615188","61","31861451"
"chr1","117848827","117849109","chr1","143562031","143562314","69","25713204"
"chr1","118453630","118453933","chr5","97020583","97020868","75","21433047"
"chr1","118528142","118528359","chr7","153544568","153544782","58","35016426"
"chr1","118559143","118559435","chr1","198276236","198276530","53","79717093"
"chr1","118732894","118733188","chr4","111330364","111330653","66","7402530"
"chr1","119200878","119201031","chr7","53269745","53269910","45","65931133"
"chr1","119219692","119219981","chr9","53523121","53523415","57","65696571"
"chr1","119221263","119221323","chr17","40320272","40320332","11","78900991"
"chr1","119229835","119230126","chr14","82325633","82325925","52","36904202"
"chr1","119555245","119555522","chrUn_GL286478","57843","58119","56","119497402"
"chr1","120069401","120069522","chr1","138926403","138926525","17","18857002"
"chr1","120100025","120100325","chr7","155151719","155151983","57","35051694"
"chr1","120249698","120250001","chr7","155310103","155310424","61","35060405"
"chr1","120309725","120310032","chr7","155382447","155382749","60","35072722"
"chr1","120315817","120316060","chr6","116322592","116322818","60","3993225"
"chr1","120492133","120492323","chr3","190346321","190346506","48","69854188"
"chr1","120515684","120515965","chr22","35395830","35396114","55","85119854"
"chr1","120811739","120811976","chr7","155754858","155755063","52","34943119"
"chr1","120870370","120870504","chr4","13599154","13599281","28","107271216"
"chr1","121173393","121173597","chr18","435621","435824","31","120737772"
"chr1","121185308","121185559","chr6","45133121","45133364","66","76052187"
"chr1","121277233","121277501","chr9","114540716","114540982","62","6736517"
"chr1","121639215","121639511","chrX","20607629","20607919","65","101031586"
"chr1","121641937","121642213","chr8","117324937","117325224","69","4317000"
"chr1","121643086","121643401","chr5","131527086","131527390","63","9884000"
"chr1","121671805","121672057","chr18","1123993","1124246","33","120547812"
"chr1","121672453","121672579","chr9","65816955","65817079","21","55855498"
"chr1","121745491","121745605","chr19","25631036","25631149","32","96114455"
"chr1","121745760","121746052","chrUn_GL286236","63523","63808","73","121682237"
"chr1","121846825","121847104","chr5","24110793","24111067","73","97736032"
"chr1","122116387","122116692","chr8","76537930","76538239","71","45578457"
"chr1","122356246","122356372","chr8","25108160","25108287","22","97248086"
"chr1","122409598","122409726","chr17","18697273","18697397","25","103712325"
"chr1","122565713","122565971","chr2","5954328","5954584","63","116611385"
"chr1","122585577","122585707","chr4","17998578","17998708","20","104586999"
"chr1","122876295","122876628","chr15","61435851","61436157","76","61440444"
"chr1","122974982","122975096","chr10","89808395","89808508","17","33166587"
"chr1","122975124","122975301","chr7","146339161","146339318","38","23364037"
"chr1","122987538","122987825","chr6","123605308","123605591","61","617770"
"chr1","123156631","123156862","chr7","6831804","6832017","72","116324827"
"chr1","123210656","123210770","chr5","143470483","143470599","19","20259827"
"chr1","123210806","123210970","chr12","92053163","92053322","33","31157643"
"chr1","123298697","123298792","chr4","106631117","106631212","24","16667580"
"chr1","123342197","123342518","chr22","32369693","32369997","69","90972504"
"chr1","123355258","123355542","chr10","86291197","86291483","60","37064061"
"chr1","123405076","123405380","chr5","97145715","97146015","58","26259361"
"chr1","123476518","123476795","chr5","141504411","141504687","64","18027893"
"chr1","123512643","123512939","chr8","32599624","32599918","56","90913019"
"chr1","123514019","123514315","chr8","32599624","32599918","56","90914395"
"chr1","123539686","123539818","chr16","64673997","64674131","28","58865689"
"chr1","123560116","123560404","chr7","110740130","110740421","54","12819986"
"chr1","123561235","123561528","chr6","20459835","20460133","66","103101400"
"chr1","123633771","123634058","chr18","1451256","1451552","46","122182515"
"chr1","123719661","123719792","chr18","1552041","1552173","14","122167620"
"chr1","123732082","123732363","chr9","84226861","84227152","69","39505221"
"chr1","123792755","123792959","chr3","152985036","152985239","50","29192281"
"chr1","123853297","123853340","chr22","15125697","15125742","8","108727600"
"chr1","123898855","123899141","chr10","114311269","114311553","74","9587586"
"chr1","124004048","124004366","chrX","48297259","48297562","87","75706789"
"chr1","124004518","124004650","chr21","39905","40039","23","123964613"
"chr1","124022418","124022716","chr2","129413288","129413585","62","5390870"
"chr1","124035327","124035607","chr6","45344302","45344577","67","78691025"
"chr1","124043613","124043733","chr5","78821234","78821351","22","45222379"
"chr1","124086413","124086729","chr12","22589161","22589472","69","101497252"
"chr1","124342163","124342373","chr14","21259489","21259689","61","103082674"
"chr1","124394518","124394803","chr6","36596920","36597212","60","87797598"
"chr1","124476383","124476502","chr13","12004248","12004359","31","112472135"
"chr1","124623269","124623554","chr18","4229669","4229956","36","120393600"
"chr1","124643969","124644224","chr18","4251989","4252236","51","120391980"
"chr1","124704341","124704560","chr18","4315834","4316055","23","120388507"
"chr1","124755029","124755355","chr18","4367939","4368218","91","120387090"
"chr1","124756160","124756292","chr7","87116259","87116390","21","37639901"
"chr1","124757732","124758029","chr16","96695087","96695382","46","28062645"
"chr1","124760911","124761035","chr5","125448434","125448561","19","687523"
"chr1","124803120","124803367","chr7","49897375","49897613","75","74905745"
"chr1","124816436","124816702","chr18","4413618","4413904","68","120402818"
"chr1","124838474","124838749","chr18","4442784","4443079","61","120395690"
"chr1","124846995","124847308","chr18","4448541","4448844","36","120398454"
"chr1","124944837","124945151","chr1","191559624","191559919","69","66614787"
"chr1","124946236","124946375","chr10","27220287","27220416","28","97725949"
"chr1","124974726","124974884","chr10","55790487","55790648","34","69184239"
"chr1","124975183","124975288","chr13","48015795","48015882","36","76959388"
"chr1","124977265","124977517","chr4","85639320","85639571","70","39337945"
"chr1","125095707","125095885","chr12","33935865","33936028","45","91159842"
"chr1","125103776","125103906","chr14","88236743","88236871","21","36867033"
"chr1","125108591","125108889","chr18","4636708","4637002","48","120471883"
"chr1","125190902","125191243","chr1","194015120","194015405","109","68824218"
"chr1","125322594","125322812","chr5","132088604","132088805","46","6766010"
"chr1","125331400","125331533","chr20","43938537","43938669","24","81392863"
"chr1","125352605","125352919","chr18","4868336","4868646","53","120484269"
"chr1","125374499","125374806","chr14","80754932","80755229","55","44619567"
"chr1","125490961","125491093","chr8","34296313","34296442","21","91194648"
"chr1","125596634","125596764","chr4","24024837","24024955","31","101571797"
"chr1","125729816","125729905","chr3","161462329","161462418","23","35732513"
"chr1","125730194","125730327","chr10","37764548","37764680","26","87965646"
"chr1","125738013","125738134","chr18","5216345","5216469","20","120521668"
"chr1","125768745","125769034","chr6","71196341","71196628","50","54572404"
"chr1","125775403","125775697","chr1","90249678","90249953","64","35525725"
"chr1","125799518","125799694","chr18","5273916","5274074","44","120525602"
"chr1","125876238","125876344","chr11","128205151","128205252","26","2328913"
"chr1","125890637","125890938","chr9","16269953","16270254","61","109620684"
"chr1","125898658","125898947","chr18","5388289","5388580","44","120510369"
"chr1","125898977","125899253","chr18","5388289","5388580","45","120510688"
"chr1","125914848","125914927","chr9","57896373","57896451","16","68018475"
"chr1","125995630","125995803","chr7","145634806","145634974","37","19639176"
"chr1","126000524","126000818","chr11","120608722","120609012","59","5391802"
"chr1","126019546","126019703","chr18","5510633","5510772","37","120508913"
"chr1","126026539","126026841","chr15","82936864","82937164","60","43089675"
"chr1","126074936","126075055","chr18","5570209","5570329","16","120504727"
"chr1","126089077","126089201","chr2","7404886","7405007","21","118684191"
"chr1","126136900","126137206","chr4","83717239","83717535","61","42419661"
"chr1","126206870","126207155","chr18","5711951","5712227","43","120494919"
"chr1","126219883","126220218","chr5","4000666","4000984","73","122219217"
"chr1","126385971","126386273","chr18","5885814","5886111","33","120500157"
"chr1","126391020","126391159","chr14","1043718","1043850","23","125347302"
"chr1","126400153","126400434","chr14","65932558","65932834","52","60467595"
"chr1","126489655","126489956","chr7","32363417","32363723","71","94126238"
"chr1","126622459","126622746","chr18","6214827","6215101","42","120407632"
"chr1","127266984","127267297","chr18","6672839","6673114","64","120594145"
"chr1","127380994","127381286","chr2","35022203","35022483","70","92358791"
"chr1","127842644","127842781","chr8","22659422","22659556","22","105183222"
"chr1","128017909","128018197","chr14","82325633","82325925","62","45692276"
"chr1","128075744","128076036","chr15","7227741","7228029","63","120848003"
"chr1","128155704","128156002","chr4","143488433","143488737","73","15332729"
"chr1","128166303","128166377","chrUn_GL286557","117","187","15","128166186"
"chr1","128183499","128183627","chr9","111374025","111374149","22","16809474"
"chr1","128216363","128216487","chr3","137802923","137803047","22","9586560"
"chr1","128229855","128229968","chr1","189291918","189292031","29","61062063"
"chr1","128247317","128247623","chr2","144744618","144744915","70","16497301"
"chr1","128275119","128275409","chr18","7617125","7617426","42","120657994"
"chr1","128293387","128293508","chr14","84202406","84202526","21","44090981"
"chr1","128418268","128418533","chr18","7764271","7764567","58","120653997"
"chr1","128420792","128420915","chr12","46132601","46132723","25","82288191"
"chr1","128428700","128428976","chr7","56364167","56364454","64","72064533"
"chr1","128458155","128458437","chr13","36056001","36056281","66","92402154"
"chr1","128493507","128493705","chr14","105182436","105182633","48","23311071"
"chr1","128494002","128494114","chr22","14245648","14245765","28","114248354"
"chr1","128504496","128504629","chr1","98656756","98656886","24","29847740"
"chr1","128505528","128505807","chr15","6994440","6994701","86","121511088"
"chr1","128509342","128509601","chr15","6994440","6994701","67","121514902"
"chr1","128594757","128595012","chr12","27414324","27414577","61","101180433"
"chr1","128601628","128601910","chr18","7955448","7955756","65","120646180"
"chr1","128605601","128605880","chr11","61214278","61214568","60","67391323"
"chr1","128635978","128636288","chr18","7986444","7986747","42","120649534"
"chr1","128663208","128663348","chr5","22187923","22188060","35","106475285"
"chr1","128664659","128664962","chr2","56738365","56738665","63","71926294"
"chr1","128665949","128666134","chr8","76414677","76414850","55","52251272"
"chr1","128687323","128687448","chr15","95042966","95043087","19","33644357"
"chr1","128751314","128751611","chr2","16314575","16314859","75","112436739"
"chr1","128767082","128767198","chr7","47001025","47001133","34","81766057"
"chr1","128807074","128807358","chr12","45969053","45969340","58","82838021"
"chr1","128815967","128816092","chr11","35268620","35268744","14","93547347"
"chr1","128816095","128816375","chr19","16420334","16420626","60","112395761"
"chr1","128819962","128820231","chr13","84010355","84010627","60","44809607"
"chr1","128853700","128853951","chr4","140118170","140118414","63","11264470"
"chr1","128887502","128887788","chr18","8222742","8222990","64","120664760"
"chr1","128902546","128902844","chr13","15311932","15312216","68","113590614"
"chr1","128917795","128917938","chr10","47115508","47115647","28","81802287"
"chr1","129042639","129042830","chr1","148854318","148854509","41","19811679"
"chr1","129045029","129045305","chr1","200727590","200727862","54","71682561"
"chr1","129103196","129103501","chr18","8419502","8419808","46","120683694"
"chr1","129117726","129117784","chr9","85202540","85202596","8","43915186"
"chr1","129171520","129171634","chr9","29291794","29291917","24","99879726"
"chr1","129178041","129178173","chr9","56024635","56024765","18","73153406"
"chr1","129255050","129255348","chr18","8578832","8579134","48","120676218"
"chr1","129408520","129408662","chr11","48127862","48128011","45","81280658"
"chr1","129408982","129409115","chr8","22659422","22659556","26","106749560"
"chr1","129588077","129588203","chr22","39610861","39610986","25","89977216"
"chr1","129612074","129612378","chr6","22714968","22715275","63","106897106"
"chr1","129615294","129615586","chr18","8894400","8894692","32","120720894"
"chr1","129625238","129625440","chr1","117169046","117169222","64","12456192"
"chr1","129785113","129785188","chr18","46816746","46816819","17","82968367"
"chr1","129785513","129785537","chr2","9726044","9726071","7","120059469"
"chr1","129785707","129785958","chr11","23332713","23332963","56","106452994"
"chr1","129870340","129870646","chr18","9171379","9171683","47","120698961"
"chr1","129925660","129925783","chrUn_GL286397","117322","117446","21","129808338"
"chr1","129959192","129959352","chr3","150153665","150153833","38","20194473"
"chr1","130048590","130048913","chr22","32315972","32316276","78","97732618"
"chr1","130056765","130057023","chr2","18852856","18853112","58","111203909"
"chr1","130075226","130075400","chr10","4558460","4558636","48","125516766"
"chr1","130132758","130132898","chr18","9486979","9487116","24","120645779"
"chr1","130207159","130207296","chr11","65528037","65528159","29","64679122"
"chr1","130216276","130216594","chr20","20554088","20554395","73","109662188"
"chr1","130230756","130231008","chr2","140380252","140380521","67","10149496"
"chr1","130231029","130231209","chr22","33953137","33953307","51","96277892"
"chr1","130243317","130243591","chr18","9583410","9583695","44","120659907"
"chr1","130250493","130250687","chr18","9590242","9590451","33","120660251"
"chr1","130252821","130253100","chr18","9592849","9593122","49","120659972"
"chr1","130259713","130259956","chr3","90551964","90552213","61","39707749"
"chr1","130266120","130266387","chr5","154170953","154171213","61","23904833"
"chr1","130280541","130280853","chr18","9683633","9683941","29","120596908"
"chr1","130281241","130281539","chr18","9684291","9684621","67","120596950"
"chr1","130284770","130285080","chr18","9687394","9687702","64","120597376"
"chr1","130294795","130295094","chr18","9694330","9694631","50","120600465"
"chr1","130363650","130363784","chr4","10682357","10682488","22","119681293"
"chr1","130366338","130366630","chr13","60354203","60354490","57","70012135"
"chr1","130369617","130369925","chr2","126758380","126758692","63","3611237"
"chr1","130386107","130386411","chr2","37258716","37259015","65","93127391"
"chr1","130386750","130387060","chr18","9793092","9793393","46","120593658"
"chr1","130398188","130398310","chr16","69056136","69056255","21","61342052"
"chr1","130398322","130398613","chr8","76410681","76410966","70","53987641"
"chr1","130448579","130448859","chr4","107869232","107869514","59","22579347"
"chr1","130463166","130463430","chr7","50778917","50779183","60","79684249"
"chr1","130475406","130475547","chrX","22478430","22478567","26","107996976"
"chr1","130475848","130475882","chr2","44144151","44144183","15","86331697"
"chr1","130481086","130481373","chr18","9887894","9888176","59","120593192"
"chr1","130500216","130500348","chr5","74329230","74329369","26","56170986"
"chr1","130510613","130510673","chr4","159638154","159638215","12","29127541"
"chr1","130510712","130510821","chr13","115718404","115718488","33","14792308"
"chr1","130554285","130554406","chr17","18697273","18697397","23","111857012"
"chr1","130580947","130581214","chr18","9991202","9991451","52","120589745"
"chr1","130618443","130618729","chr1","181800405","181800684","62","51181962"
"chr1","130618799","130619080","chr7","43504141","43504423","59","87114658"
"chr1","130656354","130656686","chr14","9848454","9848798","101","120807900"
"chr1","130705888","130706183","chr20","23785685","23785965","65","106920203"
"chr1","130774176","130774355","chr18","8147646","8147821","51","122626530"
"chr1","130789468","130789756","chr13","55290461","55290751","59","75499007"
"chr1","130816556","130816669","chr13","38832013","38832126","21","91984543"
"chr1","130835980","130836066","chr12","15932287","15932374","18","114903693"
"chr1","130840855","130841169","chr18","10264106","10264422","22","120576749"
"chr1","130867986","130868287","chrX","20607629","20607919","69","110260357"
"chr1","130883514","130883648","chr12","11035256","11035394","31","119848258"
"chr1","130913029","130913335","chr7","59384217","59384511","57","71528812"
"chr1","130948256","130948348","chr2","10906979","10907070","20","120041277"
"chr1","131003894","131004184","chr18","10437872","10438152","51","120566022"
"chr1","131074654","131074760","chr3","39741952","39742052","29","91332702"
"chr1","131105700","131105828","chr5","133601563","133601693","31","2495863"
"chr1","131106133","131106267","chr9","100741503","100741636","19","30364630"
"chr1","131173844","131174144","chr18","10614598","10614896","37","120559246"
"chr1","131181108","131181411","chr18","10614598","10614896","68","120566510"
"chr1","131196764","131197028","chr1","204073427","204073684","59","72876663"
"chr1","131197052","131197205","chr5","39736662","39736814","33","91460390"
"chr1","131203160","131203470","chr9","85892957","85893259","63","45310203"
"chr1","131227554","131227862","chr18","10668193","10668477","59","120559361"
"chr1","131291573","131291877","chr18","10734538","10734843","78","120557035"
"chr1","131316023","131316300","chr10","11787491","11787758","63","119528532"
"chr1","131355239","131355501","chr9","114817205","114817455","72","16538034"
"chr1","131402310","131402484","chr9","18625365","18625513","50","112776945"
"chr1","131432985","131433110","chr7","46825878","46826002","19","84607107"
"chr1","131434674","131434841","chr18","10870705","10870861","27","120563969"
"chr1","131449352","131449647","chr16","55880801","55881091","58","75568551"
"chr1","131653390","131653519","chr18","11089447","11089577","13","120563943"
"chr1","131708803","131708977","chr18","11134295","11134471","25","120574508"
"chr1","131784879","131785050","chr12","92053163","92053322","35","39731716"
"chr1","131785081","131785212","chr1","176862599","176862729","24","45077518"
"chr1","131871748","131872045","chr9","92420833","92421114","80","39450915"
"chr1","131886562","131886697","chr18","11280905","11281037","22","120605657"
"chr1","131936821","131937077","chr18","28378203","28378459","55","103558618"
"chr1","132048634","132048755","chr9","65816955","65817079","14","66231679"
"chr1","132116385","132116549","chr18","11330680","11330835","21","120785705"
"chr1","132173627","132173708","chr19","18400847","18400923","13","113772780"
"chr1","132315954","132316072","chrX","68740871","68740987","21","63575083"
"chr1","132353822","132353941","chr18","11662410","11662544","29","120691412"
"chr1","132644330","132644612","chr18","11886482","11886728","61","120757848"
"chr1","132749705","132749825","chr18","11996308","11996438","16","120753397"
"chr1","132804702","132804831","chr2","41238218","41238347","30","91566484"
"chr1","133313243","133313512","chr8","69700412","69700679","63","63612831"
"chr1","134747819","134748127","chr18","13577456","13577747","51","121170363"
"chr1","134749981","134750298","chr18","13580229","13580547","56","121169752"
"chr1","134760912","134761202","chr18","13589416","13589704","40","121171496"
"chr1","134785008","134785286","chr9","102878956","102879231","50","31906052"
"chr1","134809145","134809449","chr1","174700024","174700323","67","39890879"
"chr1","134893219","134893514","chr4","117443805","117444104","61","17449414"
"chr1","134999847","135000000","chr10","79545961","79546118","36","55453886"
"chr1","135002440","135002708","chr19","17497365","17497639","64","117505075"
"chr1","135480691","135480784","chr3","188393537","188393622","26","52912846"
"chr1","135653479","135653787","chr3","33258815","33259122","70","102394664"
"chr1","135704695","135704823","chr9","43510189","43510319","26","92194506"
"chr1","135741650","135741725","chrX","103762587","103762657","21","31979063"
"chr1","135753841","135754201","chr9","64241893","64242266","96","71511948"
"chr1","135754206","135754564","chrX","2036487","2036817","100","133717719"
"chr1","135833975","135834260","chr9","109118176","109118464","63","26715799"
"chr1","135836062","135836358","chr14","41388931","41389229","61","94447131"
"chr1","135854595","135854730","chr5","72732483","72732615","21","63122112"
"chr1","135859248","135859490","chr6","45133121","45133364","62","90726127"
"chr1","135921306","135921609","chr18","14723230","14723525","43","121198076"
"chr1","135960120","135960250","chr4","17941977","17942107","16","118018143"
"chr1","135965200","135965415","chr18","14767679","14767851","55","121197521"
"chr1","135965726","135965860","chr7","136413230","136413360","23","447504"
"chr1","135972286","135972527","chr11","76093763","76093988","60","59878523"
"chr1","136030227","136030553","chr5","41483881","41484209","72","94546346"
"chr1","136054055","136054256","chrX","95596924","95597125","35","40457131"
"chr1","136060248","136060558","chr2","8000025","8000324","65","128060223"
"chr1","136077326","136077454","chr17","18697273","18697397","19","117380053"
"chr1","136283683","136283991","chr5","131527086","131527390","59","4756597"
"chr1","136409674","136409992","chr22","31632788","31633117","93","104776886"
"chr1","136410587","136410656","chr4","31053234","31053299","15","105357353"
"chr1","136515450","136515692","chr5","31027779","31028019","55","105487671"
"chr1","136563382","136563665","chr18","15331187","15331481","44","121232195"
"chr1","136644086","136644327","chr18","15386437","15386674","33","121257649"
"chr1","136707742","136707863","chr9","53669548","53669665","18","83038194"
"chr1","136875782","136876063","chr18","15613745","15614037","57","121262037"
"chr1","137197012","137197347","chr9","121784693","121785002","86","15412319"
"chr1","137221944","137222058","chr1","136121848","136121962","32","1100096"
"chr1","137237560","137237673","chr12","37355797","37355908","25","99881763"
"chr1","137276348","137276644","chr18","25237497","25237796","43","112038851"
"chr1","137287192","137287337","chr6","139607166","139607303","38","2319974"
"chr1","137289454","137289755","chr18","25250572","25250846","55","112038882"
"chr1","137361771","137361902","chr13","4350492","4350626","22","133011279"
"chr1","137368644","137368953","chr4","68178002","68178303","57","69190642"
"chr1","137453660","137453983","chr5","909874","910180","71","136543786"
"chr1","137456314","137456615","chr11","73756218","73756516","66","63700096"
"chr1","137702964","137703262","chr1","155032190","155032474","75","17329226"
"chr1","137777690","137777985","chr19","17017402","17017703","63","120760288"
"chr1","137784315","137784525","chr1","165270882","165271074","57","27486567"
"chr1","137862587","137862715","chr15","64306043","64306166","23","73556544"
"chr1","137868081","137868385","chr19","16942063","16942342","53","120926018"
"chr1","137885803","137885915","chr19","16925626","16925737","28","120960177"
"chr1","137983525","137983812","chr6","156012143","156012430","65","18028618"
"chr1","138067123","138067417","chr12","110086331","110086619","74","27980792"
"chr1","138186463","138186587","chr1","109230303","109230426","20","28956160"
"chr1","138342751","138342859","chr10","94414166","94414263","28","43928585"
"chr1","138351158","138351450","chr2","56301029","56301327","60","82050129"
"chr1","138405038","138405343","chr2","153911331","153911638","55","15506293"
"chr1","138426359","138426660","chr2","55200270","55200573","58","83226089"
"chr1","138428767","138429073","chr19","16420334","16420626","35","122008433"
"chr1","138430773","138431037","chr19","16418359","16418620","65","122012414"
"chr1","138445002","138445224","chr19","16400242","16400462","42","122044760"
"chr1","138448703","138448827","chr19","16396577","16396701","12","122052126"
"chr1","138462724","138463063","chr1","194824784","194825082","101","56362060"
"chr1","138655043","138655358","chr7","51662074","51662375","67","86992969"
"chr1","138755103","138755285","chr13","22844362","22844549","47","115910741"
"chr1","138784468","138784601","chr1","180762759","180762888","26","41978291"
"chr1","138784900","138784983","chr9","115097114","115097197","19","23687786"
"chr1","138859760","138860039","chr19","33276232","33276518","43","105583528"
"chr1","138870558","138870682","chr6","112341343","112341464","18","26529215"
"chr1","138875950","138876204","chr9","43514346","43514607","61","95361604"
"chr1","138878182","138878487","chr2","56969336","56969629","73","81908846"
"chr1","138923777","138923845","chr10","83665165","83665223","28","55258612"
"chr1","139006665","139006774","chr11","111084407","111084517","17","27922258"
"chr1","139021402","139021693","chr19","33396819","33397094","58","105624583"
"chr1","139030024","139030323","chr5","99326836","99327142","71","39703188"
"chr1","139166024","139166299","chr1","175682262","175682534","65","36516238"
"chr1","139178860","139179100","chr10","128285533","128285765","59","10893327"
"chr1","139185395","139185680","chr9","35954271","35954556","53","103231124"
"chr1","139193127","139193407","chr19","33554817","33555068","53","105638310"
"chr1","139258442","139258757","chr1","202793076","202793380","67","63534634"
"chr1","139343514","139343775","chr11","72085295","72085549","60","67258219"
"chr1","139415054","139415315","chr1","149009575","149009828","63","9594521"
"chr1","139438470","139438775","chr2","55200270","55200573","69","84238200"
"chr1","139542632","139542922","chr3","7612476","7612758","66","131930156"
"chr1","139564222","139564495","chr5","108117893","108118172","60","31446329"
"chr1","139732888","139733164","chr3","71625263","71625527","66","68107625"
"chr1","139795145","139795432","chr19","17311436","17311730","44","122483709"
"chr1","139808745","139808904","chr22","10601419","10601573","41","129207326"
"chr1","139810534","139810839","chr18","37261507","37261799","78","102549027"
"chr1","139976459","139976738","chr5","4013730","4014011","61","135962729"
"chr1","140015365","140015665","chr3","33258815","33259122","64","106756550"
"chr1","140073065","140073193","chr6","116399239","116399363","17","23673826"
"chr1","140090106","140090378","chr18","28378203","28378459","67","111711903"
"chr1","140094361","140094662","chr9","66444598","66444909","59","73649763"
"chr1","140125592","140125814","chrX","106962388","106962612","46","33163204"
"chr1","140146751","140146859","chr10","48429603","48429703","28","91717148"
"chr1","140157281","140157410","chr7","46700947","46701073","33","93456334"
"chr1","140170577","140170847","chr19","17669263","17669506","52","122501314"
"chr1","140221549","140221846","chr19","17717684","17717945","66","122503865"
"chr1","140283731","140283871","chr19","17771706","17771845","15","122512025"
"chr1","140305230","140305521","chr19","17794338","17794623","51","122510892"
"chr1","140313070","140313355","chr19","17801863","17802134","52","122511207"
"chr1","140333272","140333365","chr8","28713815","28713905","17","111619457"
"chr1","140350435","140350638","chr8","57142532","57142707","62","83207903"
"chr1","140438118","140438426","chr19","17910798","17911108","34","122527320"
"chr1","140492928","140493187","chr22","37448778","37449041","63","103044150"
"chr1","140554649","140554956","chr2","136994298","136994596","70","3560351"
"chr1","140600583","140600883","chr19","18063403","18063691","37","122537180"
"chr1","140606684","140606977","chr19","18068915","18069205","40","122537769"
"chr1","140724941","140725257","chr19","18190922","18191222","40","122534019"
"chr1","140726277","140726546","chr5","5902864","5903129","60","134823413"
"chr1","140815972","140816101","chr1","65182737","65182869","26","75633235"
"chr1","140924664","140924849","chr4","153058388","153058576","42","12133724"
"chr1","141283928","141284240","chr5","122545761","122546061","71","18738167"
"chr1","141652970","141653268","chr6","35499674","35499980","61","106153296"
"chr1","141665401","141665531","chr13","40267018","40267150","30","101398383"
"chr1","141757398","141757700","chr10","114838607","114838907","60","26918791"
"chr1","141761319","141761616","chr19","330591","330883","43","141430728"
"chr1","141931226","141931522","chr19","519135","519423","42","141412091"
"chr1","141946706","141946824","chr13","58129108","58129220","27","83817598"
"chr1","142027438","142027622","chr19","615052","615221","34","141412386"
"chr1","142055131","142055252","chr7","66850922","66851046","23","75204209"
"chr1","142080663","142080861","chr22","6900226","6900409","56","135180437"
"chr1","142081499","142081697","chr22","6900226","6900409","56","135181273"
"chr1","142083578","142083801","chr19","669991","670200","35","141413587"
"chr1","142119363","142119631","chr7","14103441","14103711","54","128015922"
"chr1","142161544","142161832","chr19","48742894","48743187","54","93418650"
"chr1","142175038","142175360","chr3","39544873","39545188","67","102630165"
"chr1","142200245","142200509","chr16","71714174","71714446","55","70486071"
"chr1","142215492","142215640","chr5","86428102","86428250","29","55787390"
"chr1","142239659","142239810","chr1","33125170","33125327","49","109114489"
"chr1","142240106","142240202","chr22","41910605","41910703","23","100329501"
"chr1","142248197","142248372","chr22","23083723","23083901","39","119164474"
"chr1","142262561","142262833","chr4","22997946","22998207","79","119264615"
"chr1","142275759","142275947","chr7","44938611","44938794","41","97337148"
"chr1","142331132","142331394","chr14","79683137","79683415","37","62647995"
"chr1","142336292","142336603","chr19","960067","960373","46","141376225"
"chr1","142338334","142338590","chr9","58814659","58814924","70","83523675"
"chr1","142351750","142352064","chr19","981819","982115","60","141369931"
"chr1","142357206","142357512","chr19","986737","987027","57","141370469"
"chr1","142510502","142510637","chr2","170813628","170813760","22","28303126"
"chr1","142570038","142570138","chr3","90494104","90494198","23","52075934"
"chr1","142589261","142589556","chr19","1209377","1209671","29","141379884"
"chr1","142596854","142597169","chr7","77076421","77076738","71","65520433"
"chr1","142601910","142602192","chr5","108117893","108118172","64","34484017"
"chr1","142604710","142605010","chr3","181979447","181979739","58","39374737"
"chr1","142643512","142643827","chr13","10709180","10709493","74","131934332"
"chr1","142767962","142768215","chr15","6994440","6994701","60","135773522"
"chr1","142782696","142782975","chr9","121845233","121845526","58","20937463"
"chr1","143026129","143026398","chr7","16364592","16364860","60","126661537"
"chr1","143099612","143099820","chr19","1672368","1672575","29","141427244"
"chr1","143118800","143119080","chr19","1691769","1692048","51","141427031"
"chr1","143130115","143130400","chr1","28942068","28942353","56","114188047"
"chr1","143157963","143158180","chr19","1723311","1723528","30","141434652"
"chr1","143298245","143298380","chr5","72732483","72732615","24","70565762"
"chr1","143345556","143345843","chr2","144679040","144679334","56","1333484"
"chr1","143359087","143359399","chr17","28143101","28143388","78","115215986"
"chr1","143443739","143444030","chr19","1973684","1973986","46","141470055"
"chr1","143459191","143459326","chr9","21026329","21026464","31","122432862"
"chr1","143459362","143459488","chr9","29291794","29291917","19","114167568"
"chr1","143528929","143529174","chr10","90092977","90093238","58","53435952"
"chr1","143532033","143532257","chr16","70757491","70757717","45","72774542"
"chr1","143540503","143540660","chr7","124575227","124575382","34","18965276"
"chr1","143540966","143541112","chr10","82819638","82819773","26","60721328"
"chr1","143725897","143726203","chr19","13257924","13258227","33","130467973"
"chr1","143728912","143729208","chrUn_GL287824","31515","31808","25","143697397"
"chr1","143776864","143777170","chr2","18917278","18917580","67","124859586"
"chr1","143909013","143909135","chr7","46825878","46826002","18","97083135"
"chr1","144100877","144101164","chr19","2518175","2518452","52","141582702"
"chr1","144288761","144289085","chr6","154908395","154908691","78","10619634"
"chr1","144310292","144310561","chr19","2685430","2685687","56","141624862"
"chr1","144406946","144407072","chr5","1797499","1797620","26","142609447"
"chr1","144469119","144469250","chr19","2858763","2858894","19","141610356"
"chr1","144471185","144471502","chrX","13860648","13860939","74","130610537"
"chr1","144603755","144604054","chr22","26828487","26828783","64","117775268"
"chr1","144963873","144964176","chr19","3307740","3308034","54","141656133"
"chr1","145105958","145106255","chr1","209695868","209696163","63","64589910"
"chr1","145501251","145501576","chr7","31899128","31899441","83","113602123"
"chr1","145550050","145550147","chr3","90494104","90494198","20","55055946"
"chr1","145561308","145561596","chr19","3882773","3883059","43","141678535"
"chr1","145641754","145641881","chr9","108534541","108534662","26","37107213"
"chr1","145645298","145645567","chr2","16314575","16314859","60","129330723"
"chr1","146067188","146067467","chr19","4367890","4368164","38","141699298"
"chr1","146105515","146105815","chr19","4396502","4396809","55","141709013"
"chr1","146145677","146145967","chrX","16677699","16677992","57","129467978"
"chr1","146265462","146265574","chr13","7996055","7996163","32","138269407"
"chr1","146336980","146337272","chr13","40050342","40050639","59","106286638"
"chr1","146341417","146341663","chr1","140908440","140908669","68","5432977"
"chr1","146376239","146376354","chr2","137376540","137376658","23","8999699"
"chr1","146403634","146403808","chr10","90145669","90145843","15","56257965"
"chr1","146431192","146431354","chr2","49203359","49203515","41","97227833"
"chr1","146586666","146586941","chr3","6617961","6618238","69","139968705"
"chr1","146647071","146647198","chr10","98492248","98492377","32","48154823"
"chr1","146907206","146907467","chr16","8843993","8844263","61","138063213"
"chr1","147388913","147389084","chr19","5738517","5738687","12","141650396"
"chr1","147877382","147877668","chr19","6199228","6199511","48","141678154"
"chr1","147961962","147962266","chr7","97730148","97730448","71","50231814"
"chr1","147971904","147972056","chr9","100809203","100809353","43","47162701"
"chr1","148002147","148002215","chr11","127489317","127489389","10","20512830"
"chr1","148028207","148028308","chr19","6337114","6337224","23","141691093"
"chr1","148060727","148061006","chr19","6368676","6368959","46","141692051"
"chr1","148152159","148152280","chr19","6453575","6453696","10","141698584"
"chr1","148187954","148188235","chr1","204073427","204073684","62","55885473"
"chr1","148347988","148348304","chr19","6633996","6634296","53","141713992"
"chr1","148381736","148381975","chr5","120784128","120784350","64","27597608"
"chr1","148626016","148626101","chrUn_GL287838","10470","10555","14","148615546"
"chr1","148973495","148973728","chr2","135760575","135760802","52","13212920"
"chr1","149062884","149063193","chr19","7366347","7366636","61","141696537"
"chr1","149368369","149368669","chr19","7676287","7676578","46","141692082"
"chr1","149387655","149387771","chr3","184604038","184604156","20","35216383"
"chr1","149410445","149410562","chr9","107943149","107943266","21","41467296"
"chr1","149410602","149410752","chr6","31573814","31573968","35","117836788"
"chr1","149415669","149415949","chr19","7723549","7723814","58","141692120"
"chr1","149474137","149474421","chrX","40359746","40360035","75","109114391"
"chr1","149505665","149505911","chr12","27341174","27341419","63","122164491"
"chr1","149876573","149876867","chr19","8211109","8211385","55","141665464"
"chr1","150027106","150027416","chr2","8932516","8932804","83","141094590"
"chr1","150057536","150057647","chr19","8418561","8418673","23","141638975"
"chr1","150311240","150311525","chr19","8663872","8664155","26","141647368"
"chr1","150487145","150487274","chr19","8852272","8852399","22","141634873"
"chr1","150592489","150592612","chr1","38075302","38075428","23","112517187"
"chr1","150770607","150770751","chr1","79943166","79943301","31","70827441"
"chr1","150770794","150770955","chr15","24412527","24412698","41","126358267"
"chr1","150856112","150856220","chr8","76501435","76501550","30","74354677"
"chr1","150905805","150906092","chrX","16677699","16677992","61","134228106"
"chr1","151351863","151352077","chr10","128285533","128285765","59","23066330"
"chr1","151555126","151555276","chr7","57359333","57359475","34","94195793"
"chr1","151586227","151586511","chr2","36914712","36915009","75","114671515"
"chr1","151940967","151941258","chr19","10165741","10166043","44","141775226"
"chr1","151944180","151944323","chr7","55141055","55141198","43","96803125"
"chr1","151944349","151944467","chr15","32508091","32508208","22","119436258"
"chr1","151970920","151971115","chr2","137887898","137888092","40","14083022"
"chr1","152001935","152002221","chr19","10229616","10229878","56","141772319"
"chr1","152035933","152036187","chr19","10256050","10256303","40","141779883"
"chr1","152152024","152152305","chr19","10379973","10380270","71","141772051"
"chr1","152165195","152165231","chr16","57783141","57783176","5","94382054"
"chr1","152188035","152188302","chr4","21609243","21609510","60","130578792"
"chr1","153071039","153071343","chr19","11263411","11263709","56","141807628"
"chr1","153309597","153309885","chr19","11508498","11508806","71","141801099"
"chr1","153360838","153361104","chr19","11594812","11595055","63","141766026"
"chr1","153383115","153383428","chr1","186733373","186733661","75","33350258"
"chr1","153425193","153425473","chr19","11663808","11664104","52","141761385"
"chr1","153498679","153498808","chr2","11695570","11695700","19","141803109"
"chr1","153510694","153510950","chr19","11738260","11738524","56","141772434"
"chr1","153542033","153542343","chr4","135707438","135707747","64","17834595"
"chr1","153564474","153564764","chr19","11791667","11791958","52","141772807"
"chr1","153582367","153582650","chr19","11810212","11810505","59","141772155"
"chr1","153605644","153605940","chr19","11826505","11826795","25","141779139"
"chr1","153648646","153648960","chr19","11868939","11869258","43","141779707"
"chr1","153677221","153677350","chr16","64673997","64674131","40","89003224"
"chr1","153686772","153687073","chr19","11906433","11906735","40","141780339"
"chr1","153695387","153695568","chr19","43867731","43867907","39","109827656"
"chr1","153758092","153758375","chr5","140005277","140005560","63","13752815"
"chr1","153793303","153793460","chr10","74699647","74699806","31","79093656"
"chr1","153798900","153799019","chr7","73205982","73206099","21","80592918"
"chr1","153810517","153810770","chr19","12015502","12015759","37","141795015"
"chr1","153815393","153815701","chr19","12019052","12019378","60","141796341"
"chr1","153822616","153822818","chr12","11678339","11678535","42","142144277"
"chr1","154084121","154084427","chr8","29312697","29313006","64","124771424"
"chr1","154119679","154119925","chr9","44595314","44595570","66","109524365"
"chr1","154173038","154173278","chr5","75114426","75114658","56","79058612"
"chr1","154298392","154298698","chr1","36567601","36567886","73","117730791"
"chr1","154396793","154396824","chr12","88459327","88459360","8","65937466"
"chr1","154396879","154396923","chr1","54775850","54775894","15","99621029"
"chr1","154440350","154440497","chr11","33708224","33708370","30","120732126"
"chr1","154529053","154529359","chr5","5051180","5051479","66","149477873"
"chr1","154600003","154600327","chr6","153276156","153276483","78","1323847"
"chr1","154636668","154636957","chr19","12810513","12810787","39","141826155"
"chr1","154722579","154722853","chr19","24385826","24386100","64","130336753"
"chr1","154732308","154732616","chr2","55200270","55200573","61","99532038"
"chr1","154847890","154848027","chr5","76835259","76835389","29","78012631"
"chr1","154881461","154881579","chr14","84202406","84202526","17","70679055"
"chr1","154910813","154911026","chr19","13089501","13089706","33","141821312"
"chr1","155079314","155079597","chr4","38719031","38719301","70","116360283"
"chr1","155091960","155092259","chr14","36718091","36718384","57","118373869"
"chr1","155174523","155174678","chr12","14541469","14541606","65","140633054"
"chr1","155175024","155175127","chr5","124110917","124111018","23","31064107"
"chr1","155203923","155204220","chr19","13377989","13378269","42","141825934"
"chr1","155239865","155239987","chr9","65816955","65817079","16","89422910"
"chr1","155246498","155246774","chr19","13426214","13426488","40","141820284"
"chr1","155263992","155264280","chr19","13445001","13445291","47","141818991"
"chr1","155267851","155268138","chr6","112891961","112892244","60","42375890"
"chr1","155305914","155306222","chr15","72518938","72519246","60","82786976"
"chr1","155312191","155312478","chr5","144162498","144162784","67","11149693"
"chr1","155313956","155314233","chr2","66314390","66314677","60","88999566"
"chr1","155324315","155324602","chr9","53523121","53523415","58","101801194"
"chr1","155384216","155384500","chr19","13563591","13563894","59","141820625"
"chr1","155384521","155384818","chr19","13563897","13564196","40","141820624"
"chr1","155558487","155558781","chr19","13759221","13759510","56","141799266"
"chr1","155785052","155785358","chr19","13960069","13960362","40","141824983"
"chr1","155787700","155787881","chr9","113192690","113192876","54","42595010"
"chr1","155961982","155962261","chr13","9464875","9465137","70","146497107"
"chr1","156005245","156005558","chr10","61226573","61226892","65","94778672"
"chr1","156082027","156082152","chr5","97612044","97612168","18","58469983"
"chr1","156156527","156156821","chrX","7719050","7719345","61","148437477"
"chr1","156177825","156177885","chr7","33682049","33682114","16","122495776"
"chr1","156190031","156190330","chr19","14392678","14392974","55","141797353"
"chr1","156204107","156204417","chr2","8000025","8000324","59","148204082"
"chr1","156210703","156211008","chr19","14411945","14412258","48","141798758"
"chr1","156213759","156214063","chr19","14416091","14416399","45","141797668"
"chr1","156219618","156219745","chr2","170813628","170813760","23","14594010"
"chr1","156255589","156255710","chr19","14465207","14465324","15","141790382"
"chr1","156257163","156257473","chr22","28315613","28315917","65","127941550"
"chr1","156426093","156426390","chr2","10830367","10830666","51","145595726"
"chr1","156679773","156680065","chr11","127973910","127974198","51","28705863"
"chr1","156726652","156726884","chr19","31886019","31886248","41","124840633"
"chr1","156746063","156746337","chr1","136312939","136313222","64","20433124"
"chr1","156777255","156777573","chr7","98144442","98144755","62","58632813"
"chr1","157039459","157039651","chr1","188326542","188326728","47","31287083"
"chr1","157242773","157243080","chr19","31304091","31304348","71","125938682"
"chr1","157315195","157315258","chr1","208841798","208841858","8","51526603"
"chr1","157501007","157501266","chr15","62136548","62136812","60","95364459"
"chr1","158174043","158174172","chr2","6978374","6978503","24","151195669"
"chr1","158485125","158485259","chr1","192542368","192542501","23","34057243"
"chr1","158607717","158608017","chr5","37895721","37896023","57","120711996"
"chr1","158889174","158889468","chr19","29533981","29534275","53","129355193"
"chr1","158920674","158920942","chr19","29725520","29725777","39","129195154"
"chr1","159095417","159095728","chr2","15424118","15424424","66","143671299"
"chr1","159459023","159459305","chr19","29248697","29248991","46","130210326"
"chr1","159486378","159486669","chr19","29208278","29208574","40","130278100"
"chr1","159512371","159512383","chr1","189870970","189870980","5","30358599"
"chr1","159521229","159521343","chr18","27910041","27910156","21","131611188"
"chr1","159711831","159712133","chr6","123895636","123895933","57","35816195"
"chr1","159734793","159735055","chr19","28952030","28952286","54","130782763"
"chr1","160073588","160073876","chr19","28607560","28607849","25","131466028"
"chr1","160115791","160116118","chr17","34611000","34611332","86","125504791"
"chr1","160343530","160343862","chr19","28307833","28308159","52","132035697"
"chr1","160360320","160360601","chr8","32075305","32075590","53","128285015"
"chr1","160388474","160388609","chr1","74757824","74757960","37","85630650"
"chr1","160388911","160389058","chr19","28258510","28258641","31","132130401"
"chr1","160414859","160415163","chr6","21553047","21553340","68","138861812"
"chr1","160446302","160446613","chr19","28197959","28198264","47","132248343"
"chr1","160562359","160562670","chr17","54552181","54552486","62","106010178"
"chr1","160805921","160806208","chr12","56102409","56102688","73","104703512"
"chr1","160841309","160841530","chr19","27827385","27827592","46","133013924"
"chr1","160841776","160841790","chr12","22057554","22057568","4","138784222"
"chr1","160849162","160849438","chr19","27819663","27819943","38","133029499"
"chr1","160853093","160853221","chr7","102897696","102897818","22","57955397"
"chr1","160990049","160990180","chr16","46329569","46329700","24","114660480"
"chr1","161044572","161044869","chr19","27616273","27616564","56","133428299"
"chr1","161171386","161171486","chr7","20252207","20252306","30","140919179"
"chr1","161175505","161175757","chr7","36789366","36789627","60","124386139"
"chr1","161196249","161196367","chr7","50631972","50632084","28","110564277"
"chr1","161212368","161212547","chr3","150153665","150153833","37","11058703"
"chr1","161318559","161318867","chr19","27324194","27324473","65","133994365"
"chr1","161386941","161387254","chr19","27257201","27257510","36","134129740"
"chr1","161399038","161399290","chr7","11187097","11187343","72","150211941"
"chr1","161419417","161419673","chr19","27225253","27225506","39","134194164"
"chr1","161441457","161441760","chr19","27203596","27203893","35","134237861"
"chr1","161489767","161489906","chr8","12444049","12444178","37","149045718"
"chr1","161489907","161490185","chr10","128358845","128359115","67","33131062"
"chr1","161490186","161490326","chr1","157999498","157999632","26","3490688"
"chr1","161670052","161670174","chr7","126919095","126919217","19","34750957"
"chr1","161776476","161776783","chr19","26728636","26728947","33","135047840"
"chr1","161780719","161781010","chr19","26724548","26724847","40","135056171"
"chr1","161803539","161803802","chr5","144840569","144840845","69","16962970"
"chr1","161843283","161843570","chr19","26663090","26663386","60","135180193"
"chr1","161952428","161952745","chr19","26548060","26548356","75","135404368"
"chr1","162032556","162032825","chr2","17434750","17435004","74","144597806"
"chr1","162045941","162046233","chr19","26449485","26449775","47","135596456"
"chr1","162049042","162049212","chr10","74699647","74699806","47","87349395"
"chr1","162114022","162114303","chr19","26371101","26371375","31","135742921"
"chr1","162137391","162137689","chr19","26345376","26345670","43","135792015"
"chr1","162150694","162151008","chr8","29312697","29313006","61","132837997"
"chr1","162156351","162156646","chr19","26326594","26326882","48","135829757"
"chr1","162174637","162174777","chr19","26305846","26305969","25","135868791"
"chr1","162178445","162178695","chr7","62436613","62436878","63","99741832"
"chr1","162205870","162206000","chr20","43938537","43938669","23","118267333"
"chr1","162206038","162206097","chr5","111162615","111162674","22","51043423"
"chr1","162268421","162268652","chr19","26236515","26236746","31","136031906"
"chr1","162414070","162414361","chr16","53481409","53481705","68","108932661"
"chr1","162454010","162454023","chr12","55401111","55401122","3","107052899"
"chr1","162454056","162454338","chr19","26045160","26045463","52","136408896"
"chr1","162615450","162615691","chrX","122038265","122038501","49","40577185"
"chr1","162707993","162708171","chr2","5699250","5699423","35","157008743"
"chr1","162708477","162708602","chr4","118099847","118099969","26","44608630"
"chr1","162722553","162722613","chr4","159638154","159638215","8","3084399"
"chr1","162724127","162724432","chr16","91655571","91655871","56","71068556"
"chr1","162738774","162739104","chr19","25650598","25650919","48","137088176"
"chr1","162748701","162748989","chr13","40286338","40286624","59","122462363"
"chr1","162807693","162807829","chr8","91375377","91375506","29","71432316"
"chr1","162818710","162819005","chr5","154251993","154252288","58","8566717"
"chr1","162823129","162823428","chr19","25562696","25562991","40","137260433"
"chr1","162870372","162870461","chr1","107145009","107145091","19","55725363"
"chr1","162872466","162872502","chr1","29219010","29219046","9","133653456"
"chr1","162872820","162873016","chr13","59196473","59196657","50","103676347"
"chr1","162930831","162931121","chr19","25462592","25462883","33","137468239"
"chr1","162973238","162973362","chr19","25403361","25403484","17","137569877"
"chr1","163041623","163041887","chr13","95943928","95944190","85","67097695"
"chr1","163065560","163065863","chr22","29758068","29758367","55","133307492"
"chr1","163076998","163077305","chr6","117308252","117308560","75","45768746"
"chr1","163108940","163109247","chr19","25250167","25250476","45","137858773"
"chr1","163198161","163198440","chr6","117705099","117705381","58","45493062"
"chr1","163255547","163255842","chr19","25102099","25102363","64","138153448"
"chr1","163313942","163314061","chr5","44802174","44802292","14","118511768"
"chr1","163349430","163349480","chr10","85019506","85019548","19","78329924"
"chr1","163349525","163349651","chr5","158326293","158326413","24","5023232"
"chr1","163362527","163362884","chr19","24972275","24972585","69","138390252"
"chr1","163364425","163364723","chr19","36536577","36536855","79","126827848"
"chr1","163476640","163476771","chr13","54274276","54274404","30","109202364"
"chr1","163544081","163544368","chr19","24798654","24798948","47","138745427"
"chr1","163571319","163571536","chr5","129856899","129857118","61","33714420"
"chr1","163703571","163703868","chr4","118776795","118777091","62","44926776"
"chr1","163704718","163705062","chr11","95361513","95361842","89","68343205"
"chr1","163777931","163778072","chr19","24618841","24618984","22","139159090"
"chr1","163795607","163795886","chr9","121923416","121923688","56","41872191"
"chr1","163822089","163822392","chr19","24569418","24569705","54","139252671"
"chr1","163874691","163874827","chr4","17998578","17998708","27","145876113"
"chr1","163908432","163908548","chrX","74683928","74684042","18","89224504"
"chr1","163917556","163917697","chrX","4695650","4695782","30","159221906"
"chr1","163931460","163931560","chr7","20200683","20200783","18","143730777"
"chr1","163960574","163960695","chr6","112341343","112341464","17","51619231"
"chr1","163996202","163996509","chr5","107146174","107146473","72","56850028"
"chr1","164004797","164005057","chr19","24385826","24386100","46","139618971"
"chr1","164018860","164018984","chr6","115121226","115121350","15","48897634"
"chr1","164020039","164020327","chr19","24369860","24370137","40","139650179"
"chr1","164042741","164042861","chr19","24344595","24344716","10","139698146"
"chr1","164050859","164050977","chr9","21660421","21660545","19","142390438"
"chr1","164184326","164184605","chrUn_GL286217","105255","105541","54","164079071"
"chr1","164261127","164261437","chr19","24163325","24163619","56","140097802"
"chr1","164379605","164379867","chr3","184526780","184527046","56","20147175"
"chr1","164475659","164475954","chr9","121845233","121845526","56","42630426"
"chr1","164608143","164608431","chr15","7227741","7228029","58","157380402"
"chr1","164622665","164622964","chr15","82936864","82937164","60","81685801"
"chr1","164652377","164652642","chr19","23747318","23747598","99","140905059"
"chr1","164727037","164727147","chr11","125886666","125886786","30","38840371"
"chr1","164770839","164771147","chr4","31255405","31255695","68","133515434"
"chr1","164789365","164789635","chr7","62436613","62436878","68","102352752"
"chr1","164791975","164792096","chr19","23598690","23598812","14","141193285"
"chr1","164803068","164803208","chr5","135000433","135000563","35","29802635"
"chr1","164803236","164803348","chr1","174962778","174962885","25","10159542"
"chr1","164907301","164907599","chr19","23481631","23481937","48","141425670"
"chr1","164934046","164934346","chr12","87539499","87539795","57","77394547"
"chr1","164966018","164966313","chr2","152552956","152553251","60","12413062"
"chr1","165056587","165056709","chr19","23322232","23322353","15","141734355"
"chr1","165172643","165172942","chr19","23206245","23206546","66","141966398"
"chr1","165242736","165242790","chr16","93869360","93869416","7","71373376"
"chr1","165276200","165276335","chr4","10682357","10682488","29","154593843"
"chr1","165341597","165341735","chr19","23034869","23035000","27","142306728"
"chr1","165502514","165502816","chr9","101966653","101966946","64","63535861"
"chr1","165539655","165539929","chr2","16070846","16071128","72","149468809"
"chr1","165569957","165570086","chr19","22806146","22806275","21","142763811"
"chr1","165596716","165596976","chr19","22781423","22781679","31","142815293"
"chr1","165702535","165702667","chr3","137802923","137803047","23","27899612"
"chr1","165746836","165746959","chr3","164999153","164999276","16","747683"
"chr1","165766170","165766489","chr19","22592584","22592880","46","143173586"
"chr1","165796574","165796698","chr14","1573842","1573967","18","164222732"
"chr1","165813686","165813821","chr1","192542368","192542501","21","26728682"
"chr1","165827797","165827936","chr15","16123472","16123605","22","149704325"
"chr1","165834022","165834147","chr2","8694044","8694161","22","157139978"
"chr1","165834440","165834624","chr4","26624916","26625101","49","139209524"
"chr1","165842978","165843266","chr4","16462057","16462343","57","149380921"
"chr1","165879793","165880114","chr4","151447656","151447965","74","14432137"
"chr1","165926720","165926845","chr5","108248088","108248216","28","57678632"
"chr1","166009071","166009356","chr19","22347458","22347733","35","143661613"
"chr1","166073936","166074047","chr3","84241727","84241839","17","81832209"
"chr1","166132719","166132843","chr5","44646079","44646202","22","121486640"
"chr1","166207823","166208135","chr19","22131319","22131615","45","144076504"
"chr1","166229068","166229378","chr6","31372066","31372370","69","134857002"
"chr1","166245949","166246302","chr2","6784654","6784993","92","159461295"
"chr1","166308653","166308966","chr19","22038605","22038896","44","144270048"
"chr1","166336937","166337221","chr15","22732881","22733172","59","143604056"
"chr1","166338348","166338640","chr2","16070846","16071128","67","150267502"
"chr1","166395000","166395131","chr10","94218298","94218427","27","72176702"
"chr1","166417362","166417485","chr21","42851758","42851881","35","123565604"
"chr1","166535270","166535559","chr15","67887822","67888120","73","98647448"
"chr1","166580570","166580829","chr9","101986624","101986886","56","64593946"
"chr1","166693595","166693721","chr19","21631431","21631556","16","145062164"
"chr1","166706079","166706200","chr19","21617696","21617818","10","145088383"
"chr1","166737064","166737223","chr13","50976413","50976575","35","115760651"
"chr1","166740153","166740277","chr13","27707086","27707210","22","139033067"
"chr1","166788757","166788883","chr5","127901579","127901706","20","38887178"
"chr1","166837336","166837621","chr5","87129552","87129831","67","79707784"
"chr1","166856371","166856663","chr22","38290165","38290452","69","128566206"
"chr1","166856704","166856715","chr12","55401111","55401122","3","111455593"
"chr1","166873050","166873343","chr19","21440538","21440845","41","145432512"
"chr1","166922794","166922920","chr18","14848181","14848308","21","152074613"
"chr1","167165349","167165627","chr1","82762027","82762299","87","84403322"
"chr1","167510737","167510868","chr5","4469592","4469726","28","163041145"
"chr1","167611578","167611709","chr10","98492248","98492377","21","69119330"
"chr1","167642941","167643121","chr1","135370037","135370222","43","32272904"
"chr1","167644766","167645062","chr19","20613962","20614267","35","147030804"
"chr1","167687370","167687584","chr19","13089501","13089706","50","154597869"
"chr1","167737549","167737831","chr19","20536595","20536876","46","147200954"
"chr1","167891081","167891374","chr10","7833028","7833324","68","160058053"
"chr1","168569470","168569601","chr3","149245179","149245310","20","19324291"
"chr1","168746089","168746395","chr1","200032121","200032424","67","31286032"
"chr1","168804850","168805063","chr1","200711759","200711969","52","31906909"
"chr1","168887116","168887237","chr5","109365188","109365305","30","59521928"
"chr1","169400989","169401302","chr4","138184186","138184489","67","31216803"
"chr1","169684193","169684425","chr12","5317713","5317940","47","164366480"
"chr1","169723380","169723683","chrX","40275096","40275395","73","129448284"
"chr1","169802174","169802469","chr18","47423815","47424111","62","122378359"
"chr1","169824503","169824663","chr12","26795571","26795724","42","143028932"
"chr1","170184783","170185095","chr3","39544873","39545188","75","130639910"
"chr1","170186251","170186543","chr19","4638723","4639031","68","165547528"
"chr1","170989386","170989693","chr7","11568162","11568463","66","159421224"
"chr1","171317143","171317215","chr22","17770353","17770420","18","153546790"
"chr1","171387564","171387783","chr1","187358105","187358339","56","15970541"
"chr1","171401449","171401716","chr4","43732058","43732324","62","127669391"
"chr1","171710934","171711043","chrX","22513334","22513446","21","149197600"
"chr1","171837330","171837444","chr6","22275179","22275292","21","149562151"
"chr1","171853694","171853964","chr18","46289224","46289490","50","125564470"
"chr1","172426138","172426451","chr9","66444598","66444909","72","105981540"
"chr1","172847448","172847579","chr14","1043718","1043850","22","171803730"
"chr1","172875287","172875557","chr18","45251525","45251809","55","127623762"
"chr1","173308394","173308526","chr1","192542368","192542501","23","19233974"
"chr1","173504904","173505169","chr14","79575769","79576034","60","93929135"
"chr1","173798715","173798923","chr11","119840096","119840304","52","53958619"
"chr1","173801850","173802183","chr18","44370511","44370781","88","129431339"
"chr1","173895696","173896003","chr18","44288062","44288365","54","129607634"
"chr1","173914730","173915026","chr1","66194386","66194674","69","107720344"
"chr1","174062356","174062628","chr18","44129465","44129737","35","129932891"
"chr1","174715746","174715871","chr4","110194069","110194197","26","64521677"
"chr1","174817028","174817342","chr11","54903815","54904126","73","119913213"
"chr1","175249638","175249767","chrX","58482136","58482260","25","116767502"
"chr1","175308973","175309250","chrUn_GL286400","1135835","1136109","70","174173138"
"chr1","175399611","175399665","chr21","8802324","8802373","12","166597287"
"chr1","176717322","176717468","chr5","126095611","126095757","31","50621711"
"chr1","176846145","176846448","chr1","68118792","68119089","77","108727353"
"chr1","176877373","176877444","chr4","152238610","152238681","16","24638763"
"chr1","177554486","177554575","chr3","118898265","118898354","18","58656221"
"chr1","177840311","177840581","chr18","17251859","17252139","64","160588452"
"chr1","178794305","178794596","chr3","37979335","37979632","63","140814970"
"chr1","178982601","178982886","chr3","7174714","7174991","82","171807887"
"chr1","179395819","179396108","chr18","18494905","18495220","55","160900914"
"chr1","179398115","179398400","chr7","11083550","11083838","67","168314565"
"chr1","179444728","179444983","chr18","18522833","18523117","58","160921895"
"chr1","179853095","179853333","chr9","46506463","46506697","52","133346632"
"chr1","179898814","179899108","chr15","7227741","7228029","59","172671073"
"chr1","179942418","179942681","chr5","43088880","43089135","65","136853538"
"chr1","179975113","179975417","chr18","19036880","19037166","53","160938233"
"chr1","179979062","179979198","chr5","46011681","46011810","22","133967381"
"chr1","180275930","180276235","chr2","37276775","37277073","61","142999155"
"chr1","180339304","180339626","chr5","129489203","129489517","71","50850101"
"chr1","180359394","180359646","chr13","48005870","48006111","62","132353524"
"chr1","180389562","180389831","chr7","16364592","16364860","73","164024970"
"chr1","180411721","180412002","chr18","19431541","19431807","54","160980180"
"chr1","180510836","180511117","chr15","21338413","21338706","60","159172423"
"chr1","180600777","180601078","chr18","19582274","19582576","59","161018503"
"chr1","180608767","180609057","chr15","28538039","28538327","59","152070728"
"chr1","180636625","180636929","chr18","19610706","19610999","49","161025919"
"chr1","180904442","180904731","chr18","19831710","19832005","31","161072732"
"chr1","181019657","181019711","chr11","64893707","64893765","14","116125950"
"chr1","181032491","181032780","chr18","19973621","19973905","50","161058870"
"chr1","181393234","181393549","chr22","31632788","31633117","72","149760446"
"chr1","181571444","181571568","chr22","28812684","28812807","22","152758760"
"chr1","181598694","181599011","chr11","66941827","66942142","75","114656867"
"chr1","181618832","181619067","chr13","28176421","28176647","62","153442411"
"chr1","181797596","181797911","chr2","100484494","100484801","67","81313102"
"chr1","181813249","181813574","chr18","20718670","20718958","75","161094579"
"chr1","181868269","181868581","chr18","20782143","20782414","71","161086126"
"chr1","181900230","181900503","chr1","181800405","181800684","63","99825"
"chr1","181912570","181912831","chr18","20830158","20830421","32","161082412"
"chr1","181932986","181933276","chr18","20851141","20851397","62","161081845"
"chr1","181947561","181947684","chr12","55319903","55320027","21","126627658"
"chr1","182090773","182090909","chr9","99057103","99057238","22","83033670"
"chr1","182178038","182178159","chr5","116371414","116371536","18","65806624"
"chr1","182202780","182202864","chr3","85499911","85500000","14","96702869"
"chr1","182215954","182216184","chr1","106520613","106520834","75","75695341"
"chr1","182300381","182300696","chr18","21160244","21160552","62","161140137"
"chr1","182321397","182321529","chr9","20099570","20099702","19","162221827"
"chr1","182406703","182406821","chrX","29998235","29998361","21","152408468"
"chr1","182458816","182459098","chr18","21256808","21257075","58","161202008"
"chr1","182689301","182689442","chr12","52082691","52082829","23","130606610"
"chr1","182822002","182822131","chr18","21610018","21610150","18","161211984"
"chr1","182836794","182837084","chr18","21625659","21625945","46","161211135"
"chr1","182849355","182849563","chr18","21638580","21638795","27","161210775"
"chr1","182905348","182905571","chr12","53663232","53663452","47","129242116"
"chr1","182926202","182926516","chr18","21720804","21721109","54","161205398"
"chr1","182989954","182990252","chr18","21775459","21775749","40","161214495"
"chr1","183364093","183364156","chr18","22144314","22144383","13","161219779"
"chr1","183409899","183410072","chr12","19289136","19289299","47","164120763"
"chr1","183411759","183412032","chr18","22189585","22189850","42","161222174"
"chr1","183486601","183486904","chr18","22212755","22213047","63","161273846"
"chr1","183575095","183575210","chr5","128965572","128965690","21","54609523"
"chr1","183657598","183657892","chr17","28143101","28143388","53","155514497"
"chr1","183719524","183719648","chr18","22471826","22471950","11","161247698"
"chr1","183785665","183785894","chr5","11852816","11853050","73","171932849"
"chr1","183842080","183842384","chr18","22588747","22589033","57","161253333"
"chr1","183944408","183944646","chr12","27090681","27090927","64","156853727"
"chr1","184056391","184056725","chr18","22793816","22794147","43","161262575"
"chr1","184115098","184115409","chr18","22855139","22855447","42","161259959"
"chr1","184260547","184260832","chr18","22957797","22958087","40","161302750"
"chr1","184386807","184386929","chr9","101275237","101275361","17","83111570"
"chr1","184463952","184464208","chr18","23158439","23158708","45","161305513"
"chr1","184487601","184487667","chr14","13294030","13294096","13","171193571"
"chr1","184559894","184560201","chr18","23262242","23262541","63","161297652"
"chr1","184566678","184566958","chr12","56102409","56102688","55","128464269"
"chr1","184622486","184622754","chr18","23320071","23320365","52","161302415"
"chr1","184716944","184717238","chr6","132872350","132872658","66","51844594"
"chr1","184848636","184848915","chr3","42270326","42270606","75","142578310"
"chr1","184876100","184876222","chr4","44786151","44786277","29","140089949"
"chr1","184886137","184886430","chr2","37276775","37277073","62","147609362"
"chr1","184917258","184917384","chr17","18697273","18697397","17","166219985"
"chr1","184941358","184941479","chr18","23615055","23615177","17","161326303"
"chr1","184941772","184941782","chr8","32028405","32028415","5","152913367"
"chr1","185028041","185028180","chr10","60100392","60100530","27","124927649"
"chr1","185061625","185061895","chr18","23725150","23725441","56","161336475"
"chr1","185068720","185068989","chr1","102625470","102625724","58","82443250"
"chr1","185124895","185125069","chr10","126259446","126259620","40","58865449"
"chr1","185285410","185285694","chr2","29995743","29996022","64","155289667"
"chr1","185613051","185613333","chr2","14508195","14508486","70","171104856"
"chr1","185825902","185826030","chr5","82890481","82890603","20","102935421"
"chr1","185967706","185967956","chr9","110190839","110191077","76","75776867"
"chr1","186147154","186147461","chr5","97338828","97339133","64","88808326"
"chr1","186164007","186164315","chr18","24839641","24839929","57","161324366"
"chr1","186209522","186209817","chr2","153911331","153911638","61","32298191"
"chr1","186238400","186238696","chr14","80754932","80755229","51","105483468"
"chr1","186252281","186252445","chr20","417726","417894","37","185834555"
"chr1","186252473","186252551","chr1","142062442","142062519","17","44190031"
"chr1","186527111","186527398","chr4","106016325","106016602","71","80510786"
"chr1","186677628","186677889","chr5","124927544","124927804","58","61750084"
"chr1","186686484","186686616","chrX","4685456","4685581","28","182001028"
"chr1","186697646","186697919","chr14","65622887","65623156","58","121074759"
"chr1","186727212","186727517","chr18","26445213","26445506","48","160281999"
"chr1","186845971","186846236","chr10","127537261","127537516","69","59308710"
"chr1","186847123","186847371","chr18","26565706","26565946","35","160281417"
"chr1","186876973","186877257","chr3","156563310","156563598","63","30313663"
"chr1","186902417","186902717","chr18","26624125","26624406","50","160278292"
"chr1","186957738","186957903","chr7","88830081","88830245","36","98127657"
"chr1","186957934","186958051","chrUn_GL286217","106113","106229","19","186851821"
"chr1","186983401","186983523","chr21","45537068","45537190","17","141446333"
"chr1","187051321","187051608","chr18","26759439","26759730","38","160291882"
"chr1","187077021","187077338","chr18","26787940","26788237","46","160289081"
"chr1","187177968","187178162","chr2","130203536","130203708","54","56974432"
"chr1","187208355","187208645","chr9","101966653","101966946","56","85241702"
"chr1","187246368","187246502","chr18","26956580","26956717","18","160289788"
"chr1","187272476","187272752","chr2","186302488","186302771","60","969988"
"chr1","187285174","187285466","chr18","26992686","26992971","44","160292488"
"chr1","187393699","187393826","chr9","65816955","65817079","23","121576744"
"chr1","187404841","187404965","chr4","44453749","44453878","26","142951092"
"chr1","187440137","187440285","chr11","122685354","122685503","31","64754783"
"chr1","187491759","187492046","chr18","27188140","27188429","56","160303619"
"chr1","187497213","187497346","chr18","27193842","27193962","23","160303371"
"chr1","187516978","187517281","chr2","55200270","55200573","64","132316708"
"chr1","187533856","187534071","chr18","27228548","27228742","37","160305308"
"chr1","187547194","187547490","chr18","33187573","33187871","66","154359621"
"chr1","187629744","187629858","chr1","77240426","77240541","22","110389318"
"chr1","187629896","187630026","chr13","12571378","12571509","29","175058518"
"chr1","187782703","187782952","chr18","27460456","27460707","51","160322247"
"chr1","187791722","187792009","chr5","112637900","112638164","62","75153822"
"chr1","187933066","187933186","chr10","115878852","115878969","18","72054214"
"chr1","188139380","188139724","chr2","39328149","39328481","99","148811231"
"chr1","188140680","188140963","chr12","82357521","82357802","73","105783159"
"chr1","188160295","188160575","chr8","76560509","76560777","65","111599786"
"chr1","188163467","188163643","chr18","27689840","27690012","27","160473627"
"chr1","188178196","188178320","chr19","28118672","28118794","25","160059524"
"chr1","188247180","188247493","chr10","8915279","8915588","60","179331901"
"chr1","188264913","188265219","chr20","38498660","38498964","66","149766253"
"chr1","188266526","188266826","chr19","47117136","47117439","62","141149390"
"chr1","188480701","188480824","chr1","18467879","18468002","21","170012822"
"chr1","188674558","188674676","chr1","189291918","189292031","26","617360"
"chr1","188793087","188793388","chr18","28308455","28308751","43","160484632"
"chr1","188812183","188812373","chr1","136698409","136698598","56","52113774"
"chr1","188846657","188846962","chr5","110974404","110974709","75","77872253"
"chr1","188910223","188910456","chr5","123795629","123795854","62","65114594"
"chr1","188910637","188910928","chr11","118382154","118382447","56","70528483"
"chr1","188941933","188942181","chr18","28436001","28436278","59","160505932"
"chr1","188977329","188977459","chr9","56024635","56024765","23","132952694"
"chr1","189002847","189003095","chr18","28495233","28495514","63","160507614"
"chr1","189021234","189021524","chr18","28517975","28518271","44","160503259"
"chr1","189146209","189146511","chr2","10731671","10731959","76","178414538"
"chr1","189282820","189283100","chr18","28810966","28811241","56","160471854"
"chr1","189285397","189285524","chr11","63815604","63815727","27","125469793"
"chr1","189388482","189388641","chr5","39736662","39736814","34","149651820"
"chr1","189409050","189409365","chr9","99080067","99080376","60","90328983"
"chr1","189424966","189425267","chr18","28942498","28942788","52","160482468"
"chr1","189435440","189435563","chr13","86283501","86283625","20","103151939"
"chr1","189585050","189585188","chr12","11035256","11035394","23","178549794"
"chr1","190171659","190171779","chr18","29622169","29622289","11","160549490"
"chr1","191052343","191052465","chr14","37256066","37256187","25","153796277"
"chr1","191140883","191141168","chr18","30610872","30611141","40","160530011"
"chr1","191168091","191168273","chr7","88263908","88264094","38","102904183"
"chr1","191170199","191170496","chr16","53502280","53502575","68","137667919"
"chr1","191250452","191250769","chr18","30720561","30720881","35","160529891"
"chr1","191257171","191257306","chr10","11480819","11480952","24","179776352"
"chr1","191499923","191500000","chr5","79180645","79180712","15","112319278"
"chr1","191500155","191500443","chr3","111556877","111557172","67","79943278"
"chr1","191604575","191604767","chr1","171621623","171621816","64","19982952"
"chr1","191617162","191617414","chr22","8366172","8366433","60","183250990"
"chr1","191729349","191729473","chr18","31207267","31207391","19","160522082"
"chr1","192144154","192144428","chr18","31614826","31615102","34","160529328"
"chr1","192375091","192375338","chr9","61362615","61362865","65","131012476"
"chr1","192580732","192580880","chr11","33708224","33708370","31","158872508"
"chr1","192581179","192581353","chr5","45463271","45463451","35","147117908"
"chr1","192604787","192605071","chr5","43481946","43482233","59","149122841"
"chr1","192612725","192613034","chr18","32079807","32080111","56","160532918"
"chr1","192632274","192632535","chr4","164304495","164304754","66","28327779"
"chr1","192665553","192665867","chr5","101404898","101405201","72","91260655"
"chr1","192777646","192777876","chr1","205426503","205426721","60","12648857"
"chr1","193137559","193137841","chr5","144162498","144162784","60","48975061"
"chr1","193142427","193142691","chr8","105756763","105757025","67","87385664"
"chr1","193369031","193369204","chr10","9132038","9132206","39","184236993"
"chr1","193378419","193378708","chr18","32796625","32796916","42","160581794"
"chr1","193390268","193390556","chr18","32809464","32809738","57","160580804"
"chr1","193394702","193395001","chr18","32813110","32813414","42","160581592"
"chr1","193443920","193444175","chr18","32850582","32850842","33","160593338"
"chr1","193453326","193453613","chr2","35553288","35553567","55","157900038"
"chr1","193475135","193475301","chr18","32881937","32882085","37","160593198"
"chr1","193508813","193509108","chr1","28807002","28807286","65","164701811"
"chr1","193546488","193546604","chr17","18697273","18697397","24","174849215"
"chr1","193566387","193566696","chr18","32983018","32983310","44","160583369"
"chr1","193614601","193614883","chr9","121845233","121845526","60","71769368"
"chr1","193720821","193721146","chr12","52167967","52168289","77","141552854"
"chr1","193741702","193741844","chr17","73250584","73250724","29","120491118"
"chr1","193742139","193742300","chr2","149524500","149524669","41","44217639"
"chr1","193767337","193767621","chr18","33174828","33175116","34","160592509"
"chr1","193769960","193770093","chr20","27666546","27666681","21","166103414"
"chr1","193775955","193775985","chr10","22521327","22521358","8","171254628"
"chr1","193776294","193776596","chr3","65255675","65255960","83","128520619"
"chr1","193823178","193823554","chrX","140632555","140632907","104","53190623"
"chr1","194032898","194033031","chr18","33330492","33330624","13","160702406"
"chr1","194293864","194294152","chr2","35553288","35553567","73","158740576"
"chr1","194463693","194464017","chr18","1723868","1724182","75","192739825"
"chr1","195129623","195129925","chr18","34249263","34249552","57","160880360"
"chr1","195145225","195145494","chr18","34265737","34266021","39","160879488"
"chr1","195601261","195601576","chr5","108704243","108704559","66","86897018"
"chr1","195603217","195603522","chr7","129074421","129074722","66","66528796"
"chr1","195750321","195750606","chr18","34822287","34822573","43","160928034"
"chr1","195899262","195899563","chr18","34980044","34980338","45","160919218"
"chr1","195917288","195917409","chr8","85624156","85624277","19","110293132"
"chr1","196045113","196045380","chr18","35128237","35128501","49","160916876"
"chr1","196088421","196088729","chr1","157905053","157905351","67","38183368"
"chr1","196104568","196104874","chr7","102910575","102910883","60","93193993"
"chr1","196155491","196155710","chr1","121548205","121548417","51","74607286"
"chr1","196223180","196223305","chr7","12988414","12988537","19","183234766"
"chr1","196234316","196234589","chr2","20509241","20509527","55","175725075"
"chr1","196260416","196260695","chr9","42430456","42430730","53","153829960"
"chr1","196260712","196260818","chr11","128205151","128205252","23","68055561"
"chr1","196263693","196263814","chr1","155368947","155369069","23","40894746"
"chr1","196330133","196330438","chr18","35315284","35315599","60","161014849"
"chr1","196347302","196347581","chr4","155554282","155554564","56","40793020"
"chr1","196361794","196361917","chr5","80621485","80621603","28","115740309"
"chr1","196385027","196385334","chr15","3252489","3252788","59","193132538"
"chr1","196449284","196449412","chr2","79253996","79254126","22","117195288"
"chr1","196539870","196540135","chr14","58769372","58769633","63","137770498"
"chr1","196813030","196813293","chr10","99013193","99013451","63","97799837"
"chr1","196996437","196996739","chr2","16070846","16071128","73","180925591"
"chr1","197001472","197001777","chr2","8000025","8000324","68","189001447"
"chr1","197103129","197103484","chr9","113546779","113547111","94","83556350"
"chr1","197579179","197579327","chr3","93932441","93932590","27","103646738"
"chr1","197689310","197689627","chr5","6490301","6490607","97","191199009"
"chr1","197784960","197785047","chr1","28602712","28602793","29","169182248"
"chr1","197787671","197787967","chr18","36640982","36641276","32","161146689"
"chr1","197808034","197808294","chr15","61443949","61444210","59","136364085"
"chr1","197908188","197908372","chr18","36770089","36770288","43","161138099"
"chr1","198387299","198387617","chr5","83283473","83283757","87","115103826"
"chr1","198508539","198508825","chr18","37252331","37252603","46","161256208"
"chr1","198563227","198563483","chrX","7907915","7908188","63","190655312"
"chr1","198575034","198575328","chr18","37319134","37319421","44","161255900"
"chr1","199351511","199351699","chr1","136698409","136698598","52","62653102"
"chr1","199381347","199381644","chr1","14261703","14261983","72","185119644"
"chr1","199475145","199475444","chr11","5496824","5497129","59","193978321"
"chr1","199517378","199517680","chrX","117708473","117708779","66","81808905"
"chr1","199563016","199563319","chr18","38162718","38163007","42","161400298"
"chr1","199566241","199566531","chr7","62429742","62430022","63","137136499"
"chr1","199663066","199663377","chr18","38256562","38256878","47","161406504"
"chr1","199699912","199700138","chr5","123795629","123795854","48","75904283"
"chr1","199709634","199709904","chr18","38305466","38305737","43","161404168"
"chr1","199827545","199827848","chr5","42579144","42579455","63","157248401"
"chr1","199844488","199844808","chr7","53815922","53816220","74","146028566"
"chr1","199859594","199859722","chr18","38457720","38457849","18","161401874"
"chr1","199887209","199887474","chr18","38482122","38482392","50","161405087"
"chr1","199941852","199942160","chr21","46998038","46998338","53","152943814"
"chr1","200033012","200033323","chr12","83782377","83782672","81","116250635"
"chr1","200092273","200092402","chr1","157999498","157999632","24","42092775"
"chr1","200377514","200377813","chr4","16462057","16462343","57","183915457"
"chr1","200379204","200379442","chr18","38928616","38928830","64","161450588"
"chr1","200525633","200525921","chr8","73325748","73326034","56","127199885"
"chr1","200749532","200749857","chr18","39248153","39248451","56","161501379"
"chr1","200866414","200866710","chr18","39357756","39358041","55","161508658"
"chr1","200921685","200921952","chr18","39411065","39411334","59","161510620"
"chr1","201110181","201110500","chr13","117119956","117120256","71","83990225"
"chr1","201127413","201127657","chr6","117948134","117948379","59","83179279"
"chr1","201358181","201358450","chr19","17019320","17019585","70","184338861"
"chr1","201359512","201359782","chr7","79950346","79950633","68","121409166"
"chr1","201451547","201451687","chr1","123354154","123354290","28","78097393"
"chr1","201454434","201454738","chr5","131527086","131527390","54","69927348"
"chr1","201513411","201513545","chr1","137396841","137396969","31","64116570"
"chr1","201682240","201682544","chrX","117922794","117923086","74","83759446"
"chr1","201716428","201716736","chrX","62411395","62411707","68","139305033"
"chr1","201754583","201754703","chr1","121147274","121147392","28","80607309"
"chr1","201755010","201755195","chr13","9173046","9173224","46","192581964"
"chr1","201807479","201807754","chr1","137030004","137030286","61","64777475"
"chr1","201813645","201813766","chr3","137802923","137803047","15","64010722"
"chr1","201827325","201827450","chr13","86283501","86283625","21","115543824"
"chr1","201832498","201832790","chr7","37992173","37992449","72","163840325"
"chr1","201835355","201835662","chr6","132872350","132872658","59","68963005"
"chr1","201837427","201837726","chr12","48712370","48712665","56","153125057"
"chr1","201843261","201843546","chr18","40185664","40185931","53","161657597"
"chr1","201845089","201845391","chr18","40187930","40188215","66","161657159"
"chr1","201898688","201898975","chr9","2060562","2060850","65","199838126"
"chr1","201957347","201957508","chrUn_GL286373","1329248","1329389","57","200628099"
"chr1","201980226","201980444","chr18","40249032","40249250","22","161731194"
"chr1","201992906","201993075","chr7","44057108","44057285","40","157935798"
"chr1","202006110","202006408","chr18","40270334","40270620","44","161735776"
"chr1","202017167","202017345","chrX","62896920","62897101","41","139120247"
"chr1","202017661","202017816","chr6","17820371","17820524","39","184197290"
"chr1","202023070","202023362","chr7","493374","493666","61","201529696"
"chr1","202055189","202055458","chr9","23673977","23674251","70","178381212"
"chr1","202129825","202130124","chr12","87539499","87539795","60","114590326"
"chr1","202140622","202140903","chr18","40389628","40389907","31","161750994"
"chr1","202910187","202910436","chr18","41166927","41167164","44","161743260"
"chr1","203118867","203119121","chr4","151964886","151965141","57","51153981"
"chr1","203217386","203217669","chr7","6556899","6557185","73","196660487"
"chr1","203261066","203261276","chr18","41477776","41477989","28","161783290"
"chr1","203331203","203331497","chr12","53934556","53934851","72","149396647"
"chr1","203943295","203943430","chr3","42104522","42104652","26","161838773"
"chr1","203944142","203944441","chr6","46850675","46850976","65","157093467"
"chr1","204093521","204093732","chrUn_GL286602","19960","20172","42","204073561"
"chr1","204280071","204280358","chr1","183850104","183850381","63","20429967"
"chr1","204290048","204290180","chrX","103724522","103724656","23","100565526"
"chr1","204821224","204821500","chr13","5616001","5616271","85","199205223"
"chr1","204890873","204891164","chr10","114838607","114838907","56","90052266"
"chr1","204949335","204949629","chrUn_GL286327","15157","15448","56","204934178"
"chr1","205064466","205064560","chr5","116514857","116514956","24","88549609"
"chr1","205064761","205065070","chr1","182536418","182536717","72","22528343"
"chr1","205132152","205132445","chr19","16109717","16110008","41","189022435"
"chr1","205193795","205193972","chr1","79496924","79497108","51","125696871"
"chr1","205229760","205229870","chr5","74162581","74162675","40","131067179"
"chr1","205282212","205282409","chr19","15978041","15978235","21","189304171"
"chr1","205332961","205333259","chr1","118797181","118797481","73","86535780"
"chr1","205371721","205372022","chr9","100935680","100935979","59","104436041"
"chr1","205389422","205389728","chr8","110485730","110486027","69","94903692"
"chr1","205493665","205493966","chr19","15814667","15814959","42","189678998"
"chr1","205506688","205506970","chr8","29429437","29429710","88","176077251"
"chr1","205526133","205526438","chr19","15787127","15787429","70","189739006"
"chr1","205541646","205541968","chr12","19513042","19513356","74","186028604"
"chr1","205585735","205586039","chr10","93110088","93110390","59","112475647"
"chr1","205597499","205597790","chrX","46727084","46727376","57","158870415"
"chr1","205612873","205612968","chr19","15720293","15720388","5","189892580"
"chr1","205615063","205615370","chr19","15717936","15718251","36","189897127"
"chr1","205636695","205636835","chr8","12444049","12444178","34","193192646"
"chr1","205637170","205637324","chr13","48957380","48957538","39","156679790"
"chr1","205647891","205648177","chr7","47774307","47774589","57","157873584"
"chr1","205653358","205653489","chr8","57262937","57263069","25","148390421"
"chr1","205653777","205653877","chr7","146302339","146302436","28","59351438"
"chr1","205657068","205657357","chr19","15667827","15668109","58","189989241"
"chr1","205682517","205682839","chr19","15641043","15641363","35","190041474"
"chr1","205684526","205684818","chr19","15638788","15639069","43","190045738"
"chr1","205695597","205695904","chr1","43698220","43698519","68","161997377"
"chr1","205695970","205696102","chr20","2123056","2123184","27","203572914"
"chr1","205699236","205699526","chr8","76410681","76410966","62","129288555"
"chr1","205777102","205777232","chr1","176862599","176862729","22","28914503"
"chr1","205784291","205784586","chr10","115656334","115656612","75","90127957"
"chr1","205874428","205874533","chr19","15464066","15464162","20","190410362"
"chr1","205874635","205874914","chr19","15463684","15463952","49","190410951"
"chr1","205874918","205875046","chrX","43757804","43757931","23","162117114"
"chr1","206173654","206173963","chr19","15199440","15199749","46","190974214"
"chr1","206184872","206185181","chr13","11123373","11123653","84","195061499"
"chr1","206188136","206188488","chr19","15182757","15183091","82","191005379"
"chr1","206234714","206235027","chr12","83681563","83681876","62","122553151"
"chr1","206264134","206264430","chr19","15105158","15105456","36","191158976"
"chr1","206326161","206326449","chr19","15046514","15046779","50","191279647"
"chr1","206350343","206350642","chr19","15018357","15018661","51","191331986"
"chr1","206369159","206369420","chr10","20054264","20054517","69","186314895"
"chr1","206580723","206581024","chr22","28387762","28388048","78","178192961"
"chr1","206598612","206598833","chr15","26023509","26023723","43","180575103"
"chr1","206713876","206714034","chr19","49436936","49437110","36","157276940"
"chr1","206736137","206736412","chr14","71285636","71285909","67","135450501"
"chr1","206766714","206766975","chr4","136807335","136807585","61","69959379"
"chr1","206781251","206781501","chr4","151964886","151965141","59","54816365"
"chr1","206927767","206927816","chr15","23966155","23966200","9","182961612"
"chr1","206985484","206985680","chr19","49184643","49184813","42","157800841"
"chr1","206987229","206987395","chr19","49183486","49183652","13","157803743"
"chr1","207111845","207112088","chr8","70943040","70943274","57","136168805"
"chr1","207177050","207177292","chr10","14736302","14736548","67","192440748"
"chr1","207186957","207187236","chr19","48950779","48951056","35","158236178"
"chr1","207196429","207196725","chr19","48941323","48941621","31","158255106"
"chr1","207213599","207213916","chr19","48923737","48924053","51","158289862"
"chr1","207214200","207214495","chr19","48923227","48923519","46","158290973"
"chr1","207241967","207242255","chr15","20098469","20098753","58","187143498"
"chr1","207263953","207263983","chr2","14173520","14173553","12","193090433"
"chr1","207264444","207264633","chr10","114493505","114493695","46","92770939"
"chr1","207411374","207411666","chr19","48742894","48743187","28","158668480"
"chr1","207412597","207412833","chr9","27331428","27331637","65","180081169"
"chr1","207433847","207434120","chr19","48721267","48721545","35","158712580"
"chr1","207448460","207448582","chr7","46825878","46826002","21","160622582"
"chr1","207448887","207449049","chr13","48099377","48099547","50","159349510"
"chr1","207536469","207536631","chrUn_GL286312","13089","13236","47","207523380"
"chr1","207568743","207569010","chr7","16364592","16364860","60","191204151"
"chr1","207610239","207610496","chr7","55281128","55281387","69","152329111"
"chr1","207613004","207613328","chr5","79135774","79136084","91","128477230"
"chr1","207661235","207661526","chr19","48535898","48536183","52","159125337"
"chr1","207688976","207689102","chrX","4685456","4685581","20","203003520"
"chr1","207704117","207704238","chr16","68163341","68163463","19","139540776"
"chr1","207800092","207800177","chr3","118898265","118898354","19","88901827"
"chr1","207837908","207838198","chr4","137673426","137673712","71","70164482"
"chr1","207980709","207981000","chr11","15873870","15874145","76","192106839"
"chr1","208031823","208032091","chrUn_GL288094","1220","1487","32","208030603"
"chr1","208403746","208403845","chr5","26494997","26495100","18","181908749"
"chr1","208403946","208404124","chr22","31046870","31047047","46","177357076"
"chr1","208478117","208478255","chr19","47852321","47852455","14","160625796"
"chr1","208550452","208550575","chr10","47645070","47645193","16","160905382"
"chr1","208594799","208595099","chr19","47728180","47728455","60","160866619"
"chr1","208722178","208722469","chr19","47599717","47600008","42","161122461"
"chr1","208755819","208756082","chr19","47566398","47566678","76","161189421"
"chr1","208958042","208958313","chr4","43702734","43703013","77","165255308"
"chr1","209094235","209094468","chr13","9993638","9993888","63","199100597"
"chr1","209180291","209180572","chr7","56789938","56790216","67","152390353"
"chr1","209275766","209275907","chr9","112694008","112694150","29","96581758"
"chr1","209276219","209276374","chr15","72139421","72139576","36","137136798"
"chr1","209283676","209283937","chr2","152641523","152641779","53","56642153"
"chr1","209409366","209409555","chr6","42136011","42136172","58","167273355"
"chr1","209501216","209501330","chr19","25631036","25631149","26","183870180"
"chr1","209501623","209501658","chr12","14356894","14356928","8","195144729"
"chr1","209757920","209758184","chr18","28378203","28378459","46","181379717"
"chr1","209795356","209795556","chrUn_GL286453","150144","150337","48","209645212"
"chr1","209795582","209795754","chr7","89790273","89790446","55","120005309"
"chr1","209849040","209849342","chr2","17670653","17670953","66","192178387"
"chr1","209877722","209877842","chr1","158983184","158983299","19","50894538"
"chr1","209926304","209926629","chr1","41496488","41496795","85","168429816"
"chr1","209982940","209983107","chr11","5613583","5613746","41","204369357"
"chr1","210066056","210066338","chr5","108117893","108118172","60","101948163"
"chr1","210079216","210079506","chr3","41608465","41608749","56","168470751"
"chr1","210110065","210110348","chr19","46439794","46440070","48","163670271"
"chr1","210323996","210324291","chr12","110076471","110076774","70","100247525"
"chr1","210356760","210356893","chr10","98492248","98492377","23","111864512"
"chr1","210565947","210566203","chr19","46011734","46011988","49","164554213"
"chr1","210590122","210590404","chrX","140703925","140704201","60","69886197"
"chr1","210604730","210605020","chr6","140350199","140350498","60","70254531"
"chr1","210736030","210736311","chr19","45809208","45809509","54","164926822"
"chr1","211175633","211175918","chr5","158818048","158818324","66","52357585"
"chr1","211200333","211200456","chr5","80579274","80579400","24","130621059"
"chr1","211364871","211365123","chr19","45167800","45168057","28","166197071"
"chr1","211426189","211426463","chr5","123729083","123729359","66","87697106"
"chr1","211427577","211427870","chr9","53523121","53523415","47","157904456"
"chr1","211436679","211437001","chr19","45099232","45099540","59","166337447"
"chr1","211454302","211454432","chr1","135758144","135758264","29","75696158"
"chr1","211464122","211464412","chr19","45071238","45071527","42","166392884"
"chr1","211469968","211470238","chr19","45064240","45064484","55","166405728"
"chr1","211504746","211505038","chr19","45031101","45031369","61","166473645"
"chr1","211516044","211516215","chr10","90145669","90145843","45","121370375"
"chr1","211571882","211572170","chr10","114756255","114756541","60","96815627"
"chr1","211582315","211582562","chr3","119295284","119295536","61","92287031"
"chr1","211600374","211600674","chr19","44946501","44946789","51","166653873"
"chr1","211620513","211620643","chr8","11520784","11520916","20","200099729"
"chr1","211679970","211680272","chr10","100768838","100769140","73","110911132"
"chr1","211689601","211689732","chr1","202756427","202756559","18","8933174"
"chr1","211699463","211699685","chr19","44872076","44872266","54","166827387"
"chr1","211717518","211717670","chr2","14748610","14748753","41","196968908"
"chr1","211744381","211744681","chr16","193867","194165","61","211550514"
"chr1","211745602","211745899","chr7","43435989","43436282","58","168309613"
"chr1","211836512","211836824","chr7","69669981","69670287","67","142166531"
"chr1","211862820","211863084","chr19","44719801","44720045","40","167143019"
"chr1","211875940","211876178","chr4","35987018","35987248","55","175888922"
"chr1","211886006","211886280","chr22","35782150","35782427","72","176103856"
"chr1","211917410","211917690","chr2","47396528","47396808","55","164520882"
"chr1","212121086","212121233","chr17","73250584","73250724","28","138870502"
"chr1","212169312","212169576","chr17","26333739","26334002","57","185835573"
"chr1","212263791","212263961","chr17","48056948","48057120","32","164206843"
"chr1","212273457","212273765","chr12","87586243","87586552","57","124687214"
"chr1","212341929","212342014","chr12","15932287","15932374","18","196409642"
"chr1","212380831","212381116","chr19","44204766","44205057","36","168176065"
"chr1","212387461","212387586","chr7","46700947","46701073","21","165686514"
"chr1","212424852","212424962","chr1","137953456","137953565","17","74471396"
"chr1","212425032","212425096","chr2","6905000","6905062","13","205520032"
"chr1","212480472","212480752","chr19","44133871","44134152","42","168346601"
"chr1","212494305","212494613","chr19","44116092","44116373","64","168378213"
"chr1","212568534","212568826","chr19","44048241","44048537","45","168520293"
"chr1","212578922","212579233","chr19","44038713","44038998","58","168540209"
"chr1","212639186","212639319","chr19","43986916","43987041","14","168652270"
"chr1","212740198","212740283","chr3","150629318","150629405","14","62110880"
"chr1","212745173","212745296","chr19","28118672","28118794","17","184626501"
"chr1","212745463","212745757","chr2","56969336","56969629","62","155776127"
"chr1","212777349","212777488","chr5","23498705","23498844","25","189278644"
"chr1","212849534","212849658","chr3","137802923","137803047","17","75046611"
"chr1","212849956","212850127","chr2","13959772","13959938","47","198890184"
"chr1","212994196","212994499","chr7","493374","493666","57","212500822"
"chr1","213065518","213065819","chr19","43688592","43688895","28","169376926"
"chr1","213089927","213090214","chr2","57114627","57114910","56","155975300"
"chr1","213311020","213311264","chr14","13484570","13484833","62","199826450"
"chr1","213394890","213395190","chr10","89815328","89815623","63","123579562"
"chr1","213424077","213424373","chr10","8915279","8915588","62","204508798"
"chr1","213438763","213439030","chr13","39630062","39630334","58","173808701"
"chr1","213523297","213523509","chr12","27591986","27592176","56","185931311"
"chr1","213533972","213534249","chr19","43217753","43218020","47","170316219"
"chr1","213543366","213543646","chr2","7417032","7417317","66","206126334"
"chr1","213543647","213543777","chr2","170813628","170813760","22","42730019"
"chr1","213605915","213606021","chr13","57005536","57005634","27","156600379"
"chr1","213706510","213706782","chr11","19613847","19614126","70","194092663"
"chr1","213720657","213720775","chr5","93839697","93839814","15","119880960"
"chr1","213848212","213848510","chr7","44932331","44932612","70","168915881"
"chr1","213889245","213889556","chrX","15041806","15042119","72","198847439"
"chr1","214147305","214147598","chr4","107163426","107163721","67","106983879"
"chr1","214206790","214206941","chr2","189489762","189489913","35","24717028"
"chr1","214206983","214207104","chr13","16027487","16027604","21","198179496"
"chr1","214334822","214334979","chr12","21035279","21035439","46","193299543"
"chr1","214335113","214335210","chr3","110537912","110538004","26","103797201"
"chr1","214748673","214748966","chr7","55501099","55501409","71","159247574"
"chr1","215098583","215098892","chr9","28959190","28959500","78","186139393"
"chr1","215205126","215205256","chr18","8966133","8966268","33","206238993"
"chr1","215460321","215460561","chr19","41574440","41574655","48","173885881"
"chr1","215598461","215598581","chr19","41465130","41465249","16","174133331"
"chr1","215912319","215912475","chr9","25339648","25339808","42","190572671"
"chr1","215986697","215987003","chr19","41117536","41117822","57","174869161"
"chr1","216037648","216037930","chr19","41066377","41066660","43","174971271"
"chr1","216079071","216079363","chr19","41024326","41024612","47","175054745"
"chr1","216301002","216301212","chr1","177120892","177121090","46","39180110"
"chr1","216353709","216353994","chr1","86874600","86874892","59","129479109"
"chr1","216409510","216409804","chr5","2622512","2622802","73","213786998"
"chr1","216475448","216475594","chr10","88773992","88774133","28","127701456"
"chr1","216475890","216476065","chr22","15794310","15794478","34","200681580"
"chr1","216549038","216549326","chr1","194405982","194406268","54","22143056"
"chr1","216573220","216573522","chr2","129413288","129413585","59","87159932"
"chr1","216577543","216577823","chr17","40368623","40368904","64","176208920"
"chr1","216591092","216591404","chr22","29758068","29758367","69","186833024"
"chr1","216618042","216618328","chr19","40548245","40548514","47","176069797"
"chr1","216657295","216657589","chr19","40507035","40507334","48","176150260"
"chr1","216823902","216824190","chr19","40339863","40340142","42","176484039"
"chr1","216972636","216972957","chr2","56346032","56346347","75","160626604"
"chr1","217030374","217030669","chr19","40119401","40119701","47","176910973"
"chr1","217066715","217066846","chr2","11695570","11695700","26","205371145"
"chr1","217089302","217089433","chr2","11695570","11695700","21","205393732"
"chr1","217116070","217116330","chr6","17257114","17257354","76","199858956"
"chr1","217116583","217116702","chrUn_GL286420","723172","723296","22","216393411"
"chr1","217194524","217194646","chr2","8694044","8694161","22","208500480"
"chr1","217298279","217298568","chr8","26402284","26402563","68","190895995"
"chr1","217306452","217306761","chr1","118797181","118797481","68","98509271"
"chr1","217541040","217541336","chrX","117922794","117923086","59","99618246"
"chr1","217570587","217570892","chr4","117443805","117444104","63","100126782"
"chr1","217592548","217592849","chr19","39582595","39582892","38","178009953"
"chr1","217954077","217954367","chr19","39254761","39255059","38","178699316"
"chr1","218086283","218086473","chr19","39110590","39110783","36","178975693"
"chr1","218110117","218110241","chr19","39091608","39091732","9","179018509"
"chr1","218355432","218355565","chrY","1696792","1696926","20","216658640"
"chr1","218368066","218368192","chr19","38813977","38814104","19","179554089"
"chr1","218458541","218458816","chr4","33440542","33440813","65","185017999"
"chr1","218468435","218468533","chr19","38748384","38748481","16","179720051"
"chr1","218476538","218476663","chr6","112341343","112341464","25","106135195"
"chr1","218481256","218481551","chr19","38746002","38746296","34","179735254"
"chr1","218506602","218506897","chr22","29758068","29758367","62","188748534"
"chr1","218538235","218538510","chr19","38690591","38690841","49","179847644"
"chr1","218539010","218539137","chr5","83386495","83386622","25","135152515"
"chr1","218540354","218540498","chr5","4469592","4469726","31","214070762"
"chr1","218545575","218545711","chr2","9000891","9001022","29","209544684"
"chr1","218636073","218636132","chr1","99030434","99030489","20","119605639"
"chr1","218698982","218699287","chr19","38592456","38592756","41","180106526"
"chr1","219114037","219114310","chr5","130607961","130608238","62","88506076"
"chr1","219401442","219401506","chr5","121042053","121042115","18","98359389"
"chr1","219540332","219540639","chrX","46688635","46688945","32","172851697"
"chr1","219653926","219654177","chr19","37601595","37601836","36","182052331"
"chr1","219655809","219656122","chr18","3285745","3286058","67","216370064"
"chr1","219662055","219662327","chr19","37592077","37592334","54","182069978"
"chr1","219669526","219669665","chr6","139607166","139607303","32","80062360"
"chr1","219669977","219670145","chr7","46662435","46662600","39","173007542"
"chr1","219876013","219876298","chr19","37385444","37385732","41","182490569"
"chr1","219997718","219997960","chr9","41720592","41720843","64","178277126"
"chr1","219999431","219999729","chr1","92174125","92174415","66","127825306"
"chr1","220048019","220048310","chr19","37204223","37204485","58","182843796"
"chr1","220094329","220094446","chr2","136128837","136128954","19","83965492"
"chr1","220176478","220176601","chr12","13754352","13754471","18","206422126"
"chr1","220230941","220231038","chr19","37079077","37079169","23","183151864"
"chr1","220247033","220247346","chr19","37062171","37062468","54","183184862"
"chr1","220294892","220295173","chr19","37015639","37015933","41","183279253"
"chr1","220317917","220318031","chr2","7433105","7433216","31","212884812"
"chr1","220354375","220354440","chr19","36962250","36962315","7","183392125"
"chr1","220367980","220368040","chr7","2189180","2189239","9","218178800"
"chr1","220370064","220370340","chr7","122885667","122885928","75","97484397"
"chr1","220398630","220398939","chr7","46400752","46401035","90","173997878"
"chr1","220424912","220425064","chr1","53541243","53541394","36","166883669"
"chr1","220425101","220425213","chr1","77240426","77240541","22","143184675"
"chr1","220451599","220451896","chr19","36850509","36850814","40","183601090"
"chr1","220461058","220461359","chr19","36841152","36841461","43","183619906"
"chr1","220500022","220500300","chr2","55353859","55354135","65","165146163"
"chr1","220557915","220558203","chr14","52011852","52012115","82","168546063"
"chr1","220740330","220740631","chr12","11643416","11643705","74","209096914"
"chr1","220753579","220753921","chr9","103577959","103578303","83","117175620"
"chr1","220776233","220776350","chr2","15926744","15926861","25","204849489"
"chr1","220799046","220799170","chr9","17901392","17901513","19","202897654"
"chr1","220806324","220806623","chrX","92375440","92375736","52","128430884"
"chr1","220861273","220861314","chr17","63565794","63565839","8","157295479"
"chr1","220861343","220861518","chr5","75415424","75415589","43","145445919"
"chr1","220884916","220885192","chrX","13489888","13490170","65","207395028"
"chr1","220975235","220975364","chr8","30003722","30003852","26","190971513"
"chr1","221011692","221011998","chr2","55200270","55200573","67","165811422"
"chr1","221083221","221083517","chr19","36237961","36238225","54","184845260"
"chr1","221103559","221103869","chr19","38844414","38844720","67","182259145"
"chr1","221192954","221193236","chr19","36145619","36145885","54","185047335"
"chr1","221252869","221253031","chr8","87990874","87991034","29","133261995"
"chr1","221253335","221253526","chr5","76792128","76792315","53","144461207"
"chr1","221285861","221286173","chr19","36061028","36061324","51","185224833"
"chr1","221287259","221287409","chr11","33708224","33708370","29","187579035"
"chr1","221296768","221296893","chr18","14848181","14848308","19","206448587"
"chr1","221317380","221317494","chr12","13754352","13754471","31","207563028"
"chr1","221343355","221343493","chr5","127901579","127901706","29","93441776"
"chr1","221382574","221382708","chr15","16123472","16123605","33","205259102"
"chr1","221414494","221414762","chr6","49226699","49226951","63","172187795"
"chr1","221420191","221420299","chr19","35945088","35945197","15","185475103"
"chr1","221441610","221441740","chr19","35917292","35917414","19","185524318"
"chr1","221461515","221461713","chr3","53824531","53824731","48","167636984"
"chr1","221467692","221467822","chr10","103373628","103373759","19","118094064"
"chr1","221502826","221502913","chr12","15932287","15932374","19","205570539"
"chr1","221503726","221503857","chrX","106469400","106469531","21","115034326"
"chr1","221525880","221526177","chr2","13511856","13512150","71","208014024"
"chr1","221553547","221553645","chr11","58496392","58496484","35","163057155"
"chr1","221573213","221573328","chr16","69056136","69056255","23","152517077"
"chr1","221573634","221573777","chr16","22526596","22526736","34","199047038"
"chr1","221779302","221779611","chrX","22454216","22454523","66","199325086"
"chr1","221781348","221781616","chr19","35634227","35634510","52","186147121"
"chr1","221798573","221798891","chr6","132872350","132872658","65","88926223"
"chr1","221861189","221861499","chr5","89277897","89278214","73","132583292"
"chr1","221919202","221919481","chr5","44526179","44526457","57","177393023"
"chr1","222082006","222082136","chr12","50947006","50947137","19","171135000"
"chr1","222317642","222317924","chr19","35040681","35040975","49","187276961"
"chr1","222391341","222391632","chr19","34964042","34964328","66","187427299"
"chr1","222483324","222483511","chr3","48173821","48174007","30","174309503"
"chr1","222526099","222526381","chr19","34839123","34839406","37","187686976"
"chr1","222534465","222534797","chr19","34830158","34830469","64","187704307"
"chr1","222597873","222598168","chr20","28805753","28806048","69","193792120"
"chr1","222671171","222671447","chr19","34740260","34740556","48","187930911"
"chr1","222678335","222678553","chr3","137902586","137902803","51","84775749"
"chr1","222895280","222895557","chr19","34482812","34483090","36","188412468"
"chr1","222907578","222907884","chr3","82913223","82913528","69","139994355"
"chr1","222927495","222927783","chr7","70529533","70529824","57","152397962"
"chr1","222932065","222932360","chr19","34445498","34445786","40","188486567"
"chr1","222991229","222991356","chr5","59575820","59575950","25","163415409"
"chr1","223068351","223068653","chr12","43974461","43974751","72","179093890"
"chr1","223121937","223122193","chr19","34265126","34265406","60","188856811"
"chr1","223127203","223127494","chr7","145853186","145853471","64","77274017"
"chr1","223176738","223177009","chr20","7533162","7533444","68","215643576"
"chr1","223214313","223214432","chr4","26083036","26083157","27","197131277"
"chr1","223237738","223238025","chr4","31255405","31255695","63","191982333"
"chr1","223294885","223295177","chr9","34989939","34990227","68","188304946"
"chr1","223309336","223309460","chr9","65816955","65817079","17","157492381"
"chr1","223316576","223316870","chr13","25550139","25550428","58","197766437"
"chr1","223384338","223384452","chr2","14907919","14908025","28","208476419"
"chr1","223483639","223483797","chrX","29466640","29466814","48","194016999"
"chr1","223484475","223484719","chr10","10304825","10305065","64","213179650"
"chr1","223550553","223550725","chr2","7088626","7088790","34","216461927"
"chr1","223551031","223551154","chr10","127442757","127442877","15","96108274"
"chr1","223570743","223570863","chr3","137802923","137803047","16","85767820"
"chr1","223571399","223571587","chr7","55803413","55803594","62","167767986"
"chr1","223583561","223583690","chr19","33895779","33895904","17","189687782"
"chr1","223737667","223737767","chr7","32049061","32049166","29","191688606"
"chr1","223755315","223755561","chr15","33978455","33978682","69","189776860"
"chr1","223941217","223941509","chr14","59275312","59275604","65","164665905"
"chr1","223945414","223945726","chr22","15869004","15869318","66","208076410"
"chr1","223950549","223950803","chr19","32881276","32881527","33","191069273"
"chr1","224032115","224032418","chr12","18923286","18923596","69","205108829"
"chr1","224040910","224041229","chr5","63275279","63275591","62","160765631"
"chr1","224053798","224054101","chrUn_GL286409","1078431","1078726","56","222975367"
"chr1","224064423","224064514","chrX","123806707","123806799","23","100257716"
"chr1","224064553","224064731","chr1","129159547","129159726","36","94905006"
"chr1","224102853","224102967","chr1","141440727","141440840","23","82662126"
"chr1","224165807","224166078","chr19","32751801","32752092","64","191414006"
"chr1","224171837","224172161","chr5","99326836","99327142","72","124845001"
"chr1","224479366","224479661","chr22","3474672","3474960","63","221004694"
"chr1","224914701","224914999","chr7","70722916","70723210","73","154191785"
"chr1","225477915","225478218","chr22","42840279","42840583","69","182637636"
"chr1","225525131","225525434","chr19","32108134","32108434","52","193416997"
"chr1","225536755","225537051","chr9","9528801","9529099","62","216007954"
"chr2","115343111","115343408","chr16","90261294","90261591","62","25081817"
"chr2","123731958","123732081","chr9","65816955","65817079","14","57915003"
"chr2","34340764","34340907","chr8","118866193","118866339","36","84525429"
"chr2","39583724","39583998","chr5","76994040","76994311","78","37410316"
"chr2","48758549","48758807","chrX","47626101","47626354","50","1132448"
"chr2","113639296","113639597","chr7","150507214","150507511","59","36867918"
"chr2","116915970","116916272","chr16","94132557","94132858","55","22783413"
"chr2","117724","117876","chrUn_GL286439","53125","53271","32","64599"
"chr2","426214","426468","chr21","17676318","17676575","42","17250104"
"chr2","598112","598410","chr2","10830367","10830666","79","10232255"
"chr2","731277","731569","chr21","17275978","17276273","39","16544701"
"chr2","760516","760633","chr4","132018781","132018898","28","131258265"
"chr2","851691","851814","chr21","17144092","17144213","15","16292401"
"chr2","878591","878728","chr5","97009631","97009766","37","96131040"
"chr2","1002194","1002499","chr17","43901981","43902274","60","42899787"
"chr2","1211512","1211825","chr7","81210361","81210666","82","79998849"
"chr2","1468929","1469221","chr21","16602995","16603284","45","15134066"
"chr2","1848896","1849215","chr21","16249256","16249565","55","14400360"
"chr2","1888914","1889217","chr21","16209616","16209915","37","14320702"
"chr2","1939177","1939294","chr10","29633125","29633240","21","27693948"
"chr2","2502362","2502670","chr8","29312697","29313006","72","26810335"
"chr2","2995130","2995252","chr12","55402346","55402468","24","52407216"
"chr2","3343723","3344039","chr10","12589587","12589894","91","9245864"
"chr2","3419576","3419851","chr6","49226699","49226951","68","45807123"
"chr2","3435056","3435235","chrX","69115137","69115309","45","65680081"
"chr2","3509323","3509431","chr10","59940804","59940901","20","56431481"
"chr2","3554111","3554421","chr21","14610978","14611274","57","11056867"
"chr2","3797751","3798064","chr21","14393264","14393578","61","10595513"
"chr2","3800693","3800959","chr21","14390384","14390645","35","10589691"
"chr2","4091574","4091875","chr21","14097556","14097855","44","10005982"
"chr2","4272983","4273207","chr9","27393535","27393759","51","23120552"
"chr2","4778794","4779091","chr2","8000025","8000324","66","3221231"
"chr2","5195554","5195746","chr2","83443785","83443965","63","78248231"
"chr2","6287044","6287330","chr21","12112505","12112794","47","5825461"
"chr2","6297407","6297531","chr3","51044533","51044650","34","44747126"
"chr2","6332469","6332740","chr21","12064579","12064864","42","5732110"
"chr2","6408745","6409013","chr4","88429037","88429298","67","82020292"
"chr2","7005613","7005933","chr12","21140767","21141078","76","14135154"
"chr2","7307743","7308049","chr21","11262829","11263134","54","3955086"
"chr2","7605989","7606193","chr1","71355033","71355242","47","63749044"
"chr2","8273913","8274085","chrX","85772838","85773011","41","77498925"
"chr2","8291295","8291562","chr10","55523346","55523594","72","47232051"
"chr2","8449024","8449325","chr21","10288125","10288389","78","1839101"
"chr2","8712309","8712637","chr15","2545849","2546167","76","6166460"
"chr2","9118290","9118572","chr14","80054050","80054303","81","70935760"
"chr2","9217539","9217729","chr1","154999792","154999979","42","145782253"
"chr2","9530545","9530709","chr11","51622480","51622640","47","42091935"
"chr2","9704110","9704391","chr2","55629969","55630244","61","45925859"
"chr2","9782204","9782444","chr21","9179780","9180021","44","602424"
"chr2","9965568","9965826","chr5","31318175","31318425","66","21352607"
"chr2","10190077","10190402","chr21","8769299","8769618","61","1420778"
"chr2","10703965","10704252","chrX","51843185","51843465","68","41139220"
"chr2","11142094","11142371","chr9","107291727","107292006","69","96149633"
"chr2","11201702","11201824","chrX","47000722","47000844","19","35799020"
"chr2","11256021","11256300","chr5","91951691","91951969","70","80695670"
"chr2","11453134","11453392","chr21","7557230","7557503","49","3895904"
"chr2","11731050","11731366","chr12","36758730","36759026","69","25027680"
"chr2","11947040","11947352","chr21","7088763","7089054","66","4858277"
"chr2","12764493","12764785","chr9","16269953","16270254","65","3505460"
"chr2","12786201","12786309","chr6","116636569","116636676","24","103850368"
"chr2","12786686","12786716","chr16","64785568","64785595","8","51998882"
"chr2","12932335","12932613","chr21","6277907","6278164","61","6654428"
"chr2","12967396","12967522","chr17","18697273","18697397","25","5729877"
"chr2","13796462","13796757","chr21","5463923","5464209","70","8332539"
"chr2","13801186","13801482","chr9","53523121","53523415","62","39721935"
"chr2","13844114","13844386","chr21","5418420","5418698","50","8425694"
"chr2","14171784","14171972","chr8","128029178","128029368","66","113857394"
"chr2","14560806","14561102","chr21","4736341","4736631","50","9824465"
"chr2","14967907","14968031","chr3","137802923","137803047","25","122835016"
"chr2","15025205","15025472","chr9","85053683","85053955","74","70028478"
"chr2","15075958","15076264","chr21","4216405","4216711","39","10859553"
"chr2","15085634","15085924","chr21","4206737","4207040","70","10878897"
"chr2","15100622","15100861","chr21","4189029","4189277","60","10911593"
"chr2","16494038","16494123","chr8","8072996","8073083","31","8421042"
"chr2","16576884","16577175","chr6","17817515","17817805","57","1240631"
"chr2","16964614","16964900","chr19","16420334","16420626","70","544280"
"chr2","18911349","18911540","chr21","260113","260302","18","18651236"
"chr2","18916477","18916603","chr6","154903789","154903912","38","135987312"
"chr2","18980142","18980271","chr4","50775252","50775381","22","31795110"
"chr2","19189420","19189723","chr5","131527086","131527390","58","112337666"
"chr2","19487234","19487522","chr15","98219361","98219647","43","78732127"
"chr2","19520067","19520347","chr15","98172657","98172925","38","78652590"
"chr2","19663992","19664279","chr15","98077814","98078092","38","78413822"
"chr2","19792406","19792695","chr15","97904836","97905123","37","78112430"
"chr2","20231453","20231716","chr15","97544327","97544585","46","77312874"
"chr2","20590129","20590260","chr7","58677986","58678111","25","38087857"
"chr2","20857034","20857107","chr20","2243206","2243276","16","18613828"
"chr2","20857135","20857297","chr1","178021039","178021189","47","157163904"
"chr2","20897000","20897298","chr15","96864733","96865014","48","75967733"
"chr2","20995340","20995472","chr15","96764768","96764902","17","75769428"
"chr2","21079580","21079701","chr15","96681877","96681999","21","75602297"
"chr2","21083804","21084098","chr15","96677195","96677481","49","75593391"
"chr2","21121085","21121353","chr20","21404321","21404577","78","283236"
"chr2","21186204","21186482","chr15","96572326","96572610","51","75386122"
"chr2","21233711","21233987","chr12","117258202","117258483","66","96024491"
"chr2","21255575","21255860","chr15","96509662","96509965","43","75254087"
"chr2","21297761","21298029","chr15","96464703","96464969","32","75166942"
"chr2","21335986","21336102","chrUn_GL286217","106113","106229","17","21229873"
"chr2","21811538","21811863","chr15","95964774","95965060","69","74153236"
"chr2","22020248","22020553","chrUn_GL287824","31515","31808","67","21988733"
"chr2","22237384","22237687","chr13","40050342","40050639","60","17812958"
"chr2","22331880","22332067","chr11","113380805","113380972","61","91048925"
"chr2","22399682","22399962","chr15","95294505","95294785","35","72894823"
"chr2","22455972","22456273","chr9","53523121","53523415","71","31067149"
"chr2","22473442","22473588","chr4","38242375","38242513","36","15768933"
"chr2","22473830","22474000","chr8","57142532","57142707","45","34668702"
"chr2","22517440","22517572","chr2","79253996","79254126","20","56736556"
"chr2","22523521","22523829","chr15","95175486","95175799","34","72651965"
"chr2","22543563","22543692","chr15","95155011","95155145","13","72611448"
"chr2","22616551","22616852","chr15","95085739","95086061","70","72469188"
"chr2","22633285","22633429","chr8","117193658","117193788","31","94560373"
"chr2","22651608","22651775","chr22","3564760","3564931","39","19086848"
"chr2","22674184","22674491","chr15","95029314","95029617","47","72355130"
"chr2","22751381","22751626","chr15","94946402","94946648","51","72195021"
"chr2","22938937","22939068","chrX","29998235","29998361","20","7059298"
"chr2","23054112","23054240","chrX","22373284","22373410","24","680828"
"chr2","23577530","23577647","chrUn_GL286217","106113","106229","33","23471417"
"chr2","23644881","23645166","chr15","94077165","94077422","60","70432284"
"chr2","23778308","23778623","chr15","93959307","93959598","81","70180999"
"chr2","23896544","23896826","chr1","155032190","155032474","55","131135646"
"chr2","24218978","24219292","chr5","131527086","131527390","82","107308108"
"chr2","24752584","24752835","chr1","187358105","187358339","74","162605521"
"chr2","24837035","24837322","chr16","74451330","74451609","63","49614295"
"chr2","25243118","25243420","chr15","92581980","92582286","41","67338862"
"chr2","25394853","25395145","chr9","40285498","40285797","62","14890645"
"chr2","26052814","26053053","chr3","105724210","105724441","73","79671396"
"chr2","26179472","26179601","chr6","44075624","44075754","23","17896152"
"chr2","26940012","26940122","chr19","17814104","17814211","25","9125908"
"chr2","26987287","26987614","chr6","132872350","132872658","75","105885063"
"chr2","27044867","27045151","chr15","90902372","90902649","57","63857505"
"chr2","27125338","27125368","chr4","86330088","86330119","10","59204750"
"chr2","27125408","27125692","chr15","90873174","90873488","69","63747766"
"chr2","27148579","27148643","chr22","28991399","28991463","9","1842820"
"chr2","27217466","27217749","chr15","90789706","90789988","32","63572240"
"chr2","27375263","27375565","chr15","90633375","90633687","45","63258112"
"chr2","27479650","27479951","chr15","90516702","90516980","57","63037052"
"chr2","28190617","28190663","chr2","11662226","11662267","10","16528391"
"chr2","28424829","28425117","chr15","89621364","89621644","41","61196535"
"chr2","28563406","28563525","chr8","69931629","69931746","24","41368223"
"chr2","28563559","28563719","chr4","88897644","88897805","32","60334085"
"chr2","28627444","28627728","chr15","89411458","89411738","49","60784014"
"chr2","28634294","28634456","chr18","38765543","38765708","37","10131249"
"chr2","28634757","28634899","chr10","126116181","126116313","29","97481424"
"chr2","28683704","28683992","chr15","89352100","89352385","42","60668396"
"chr2","28731556","28731681","chr1","9817600","9817721","28","18913956"
"chr2","29052002","29052294","chr17","34083042","34083328","60","5031040"
"chr2","29112338","29112653","chr15","88879460","88879759","51","59767122"
"chr2","29559384","29559669","chr4","129514436","129514718","61","99955052"
"chr2","29571135","29571284","chr15","88373479","88373623","27","58802344"
"chr2","29571583","29571661","chr1","66531900","66531978","21","36960317"
"chr2","29710358","29710518","chr16","19741507","19741659","29","9968851"
"chr2","29710545","29710620","chr20","25308107","25308180","12","4402438"
"chr2","29831496","29831773","chr16","71714174","71714446","69","41882678"
"chr2","29832686","29832983","chr15","7227741","7228029","75","22604945"
"chr2","29861948","29862235","chr15","88003192","88003475","34","58141244"
"chr2","30195015","30195160","chr22","46297492","46297632","30","16102477"
"chr2","30195449","30195609","chr2","7088626","7088790","32","23106823"
"chr2","30207524","30207815","chr15","87659573","87659879","47","57452049"
"chr2","30437721","30438022","chr15","87391668","87391986","53","56953947"
"chr2","30458129","30458236","chr15","87371029","87371136","12","56912900"
"chr2","30563085","30563369","chr4","95862364","95862650","59","65299279"
"chr2","30594925","30595191","chrX","51992138","51992393","62","21397213"
"chr2","30744033","30744278","chr5","97529041","97529289","56","66785008"
"chr2","30792155","30792443","chr2","12715029","12715327","67","18077126"
"chr2","30901037","30901314","chrX","51862457","51862739","69","20961420"
"chr2","30987666","30987934","chr14","98178663","98178940","63","67190997"
"chr2","32067750","32068048","chr3","111556877","111557172","63","79489127"
"chr2","32144287","32144432","chr9","47452015","47452161","44","15307728"
"chr2","32294922","32295199","chr2","35553288","35553567","79","3258366"
"chr2","32576836","32576959","chr20","32123195","32123316","20","453641"
"chr2","32907103","32907384","chr20","3690374","3690654","55","29216729"
"chr2","32912903","32913215","chr5","131527086","131527390","64","98614183"
"chr2","32931322","32931624","chr1","118797181","118797481","64","85865859"
"chr2","32931645","32931733","chr19","35308331","35308418","17","2376686"
"chr2","32931813","32931988","chr2","144690776","144690943","38","111758963"
"chr2","33426482","33426773","chr15","83139217","83139521","66","49712735"
"chr2","33494906","33495008","chr9","119692410","119692516","22","86197504"
"chr2","33587930","33588051","chr7","46825878","46826002","16","13237948"
"chr2","34034103","34034234","chr5","74329230","74329369","21","40295127"
"chr2","34189639","34189938","chr15","83883204","83883513","62","49693565"
"chr2","34262314","34262624","chr10","93110088","93110390","58","58847774"
"chr2","34314133","34314423","chr15","84006099","84006379","47","49691966"
"chr2","34345230","34345512","chr1","155032190","155032474","54","120686960"
"chr2","34536644","34536870","chr15","84231161","84231387","30","49694517"
"chr2","34538988","34539146","chr2","10299485","10299633","48","24239503"
"chr2","34603271","34603548","chr6","132873754","132874039","78","98270483"
"chr2","34699080","34699323","chr3","105724210","105724441","65","71025130"
"chr2","34792362","34792662","chr1","21430763","21431070","66","13361599"
"chr2","34873556","34873872","chr15","84591423","84591745","57","49717867"
"chr2","34874980","34875149","chr1","193433260","193433422","33","158558280"
"chr2","34898421","34898715","chr15","82959266","82959560","44","48060845"
"chr2","34941234","34941501","chr5","141504411","141504687","60","106563177"
"chr2","35027255","35027550","chr10","99902302","99902598","63","64875047"
"chr2","35064843","35065141","chr15","82779574","82779858","43","47714731"
"chr2","35123149","35123211","chr7","33682049","33682114","15","1441100"
"chr2","35124321","35124445","chr9","21660421","21660545","13","13463900"
"chr2","35150165","35150449","chr2","111010900","111011190","58","75860735"
"chr2","35159518","35159644","chr17","18697273","18697397","20","16462245"
"chr2","35172759","35173061","chr15","32840949","32841254","66","2331810"
"chr2","35854007","35854288","chr17","39705998","39706286","63","3851991"
"chr2","35991257","35991482","chr15","81935304","81935531","25","45944047"
"chr2","36286191","36286479","chr15","81662283","81662563","49","45376092"
"chr2","36815833","36816144","chr15","81097179","81097491","52","44281346"
"chr2","37349001","37349276","chr15","80570512","80570787","66","43221511"
"chr2","37455873","37456155","chr15","80465805","80466088","42","43009932"
"chr2","37837028","37837154","chr15","80112831","80112959","23","42275803"
"chr2","38063107","38063413","chr2","153911331","153911638","66","115848224"
"chr2","38152678","38152958","chr3","33367854","33368134","63","4784824"
"chr2","38359526","38359808","chr15","79570181","79570444","55","41210655"
"chr2","38415345","38415504","chr8","110101299","110101456","45","71685954"
"chr2","38415542","38415661","chr11","74800188","74800306","24","36384646"
"chr2","38569259","38569437","chrX","7313535","7313711","44","31255724"
"chr2","39159999","39160302","chr1","118797181","118797481","63","79637182"
"chr2","39480175","39480385","chr13","54339141","54339346","47","14858966"
"chr2","39525093","39525217","chrX","120496137","120496262","16","80971044"
"chr2","39597499","39597757","chr22","7704778","7705044","68","31892721"
"chr2","39920342","39920603","chr15","78099620","78099878","30","38179278"
"chr2","39981310","39981441","chr5","93167823","93167959","24","53186513"
"chr2","40465246","40465531","chr4","16462057","16462343","49","24003189"
"chr2","40573506","40573629","chr9","21660421","21660545","18","18913085"
"chr2","40579257","40579483","chr16","37866159","37866376","57","2713098"
"chr2","40736265","40736572","chr15","77325657","77325958","36","36589392"
"chr2","41123945","41124087","chr5","4469592","4469726","26","36654353"
"chr2","41153536","41153826","chr16","47912463","47912753","73","6758927"
"chr2","41158160","41158295","chr9","39279269","39279400","26","1878891"
"chr2","41231079","41231366","chr15","38414117","38414402","76","2816962"
"chr2","41238773","41239062","chr4","107869232","107869514","57","66630459"
"chr2","41304435","41304646","chr13","61381664","61381873","48","20077229"
"chr2","41323649","41323918","chr9","46787760","46788022","58","5464111"
"chr2","41401211","41401352","chr15","76696302","76696440","20","35295091"
"chr2","41466163","41466473","chr3","116846901","116847199","64","75380738"
"chr2","41525719","41526018","chr15","76610732","76611020","30","35085013"
"chr2","41902646","41902967","chr12","21140767","21141078","63","20761879"
"chr2","41904977","41905286","chr15","76303596","76303891","60","34398619"
"chr2","42102378","42102698","chr13","40544565","40544878","78","1557813"
"chr2","42186091","42186273","chr8","32199301","32199487","43","9986790"
"chr2","42291397","42291687","chr2","10830367","10830666","65","31461030"
"chr2","42538546","42538724","chr8","116151308","116151472","44","73612762"
"chr2","42538773","42538881","chr15","75611542","75611645","19","33072769"
"chr2","42552606","42552866","chr15","75721138","75721387","35","33168532"
"chr2","42584077","42584232","chr15","75689497","75689653","19","33105420"
"chr2","42630062","42630181","chr7","43774959","43775075","20","1144897"
"chr2","42658653","42658944","chr15","75604441","75604738","40","32945788"
"chr2","42701051","42701327","chr15","75499317","75499594","25","32798266"
"chr2","42725726","42725796","chr2","153067060","153067127","16","110341334"
"chr2","42726095","42726311","chr12","43938866","43939092","73","1212771"
"chr2","42753102","42753411","chr5","101404898","101405201","69","58651796"
"chr2","42789504","42789803","chr7","59658431","59658713","61","16868927"
"chr2","42910650","42910961","chr2","153911331","153911638","65","111000681"
"chr2","42961050","42961385","chr11","95361513","95361842","74","52400463"
"chr2","43001213","43001502","chr15","75112553","75112843","48","32111340"
"chr2","43031298","43031596","chr15","75082140","75082430","57","32050842"
"chr2","43118516","43118825","chr22","12318778","12319074","75","30799738"
"chr2","43325425","43325687","chr15","74884980","74885251","54","31559555"
"chr2","43443416","43443729","chr5","116794122","116794424","71","73350706"
"chr2","43580346","43580654","chr15","74668229","74668528","53","31087883"
"chr2","43601743","43602060","chr15","74644982","74645293","39","31043239"
"chr2","43647887","43647926","chr2","15245186","15245224","8","28402701"
"chr2","43711921","43712206","chr15","74552085","74552370","76","30840164"
"chr2","43777309","43777623","chr15","74483051","74483340","62","30705742"
"chr2","43780625","43780853","chr3","182438227","182438451","51","138657602"
"chr2","43825428","43825739","chr20","23776031","23776338","63","20049397"
"chr2","43860636","43860952","chr15","28538039","28538327","79","15322597"
"chr2","43936583","43936893","chr2","8000025","8000324","68","35936558"
"chr2","43982858","43982937","chr7","24319810","24319893","21","19663048"
"chr2","43988887","43989178","chr9","53523121","53523415","56","9534234"
"chr2","44026991","44027257","chr9","95421624","95421886","60","51394633"
"chr2","44090085","44090193","chr14","63373933","63374050","25","19283848"
"chr2","44257669","44257975","chr2","17670653","17670953","62","26587016"
"chr2","44263424","44263727","chrX","22358614","22358914","64","21904810"
"chr2","44277957","44278263","chr15","73994813","73995109","51","29716856"
"chr2","44345415","44345663","chrX","107089070","107089312","54","62743655"
"chr2","44414287","44414560","chr9","84226861","84227152","71","39812574"
"chr2","44445818","44446120","chr15","73819848","73820155","60","29374030"
"chr2","44467113","44467404","chr1","88714641","88714933","57","44247528"
"chr2","44561035","44561337","chr15","73707515","73707798","55","29146480"
"chr2","44634243","44634552","chr15","73630592","73630887","48","28996349"
"chr2","44712316","44712432","chr7","30215462","30215575","18","14496854"
"chr2","44775762","44775942","chr10","17884969","17885143","39","26890793"
"chr2","44827647","44827951","chr22","15042874","15043180","76","29784773"
"chr2","44830007","44830285","chr5","32678837","32679116","53","12151170"
"chr2","44931475","44931600","chr5","80579274","80579400","24","35647799"
"chr2","44957792","44958104","chr5","2204659","2204958","76","42753133"
"chr2","44959478","44959760","chr15","73300843","73301126","56","28341365"
"chr2","44988597","44988902","chr5","126802877","126803183","61","81814280"
"chr2","45056612","45056903","chr15","73203049","73203343","51","28146437"
"chr2","45079973","45080279","chr15","73184007","73184333","47","28104034"
"chr2","45142719","45143020","chr8","11372628","11372910","85","33770091"
"chr2","45164270","45164570","chr15","60438150","60438451","54","15273880"
"chr2","45396558","45396872","chr1","157534774","157535075","66","112138216"
"chr2","45445461","45445745","chr1","155032190","155032474","56","109586729"
"chr2","45587416","45587688","chr15","50165523","50165799","61","4578107"
"chr2","45685579","45685882","chr15","72561049","72561360","52","26875470"
"chr2","45724744","45725043","chr15","72518938","72519246","36","26794194"
"chr2","45814599","45814836","chr11","14955928","14956171","59","30858671"
"chr2","45893908","45894215","chr15","72338299","72338604","38","26444391"
"chr2","45899532","45899834","chr19","17031038","17031339","59","28868494"
"chr2","45913601","45913899","chr1","175350248","175350544","70","129436647"
"chr2","45940924","45941228","chr2","1128220","1128520","62","44812704"
"chr2","45949958","45950231","chr7","91644687","91644967","61","45694729"
"chr2","45979465","45979721","chr7","70465192","70465461","58","24485727"
"chr2","46008295","46008607","chr15","72135831","72136125","44","26127536"
"chr2","46024918","46025206","chr15","72117858","72118150","40","26092940"
"chr2","46025981","46026102","chr1","121375989","121376113","18","75350008"
"chr2","46173086","46173378","chr11","5464781","5465066","62","40708305"
"chr2","46206379","46206684","chr22","13364654","13364940","67","32841725"
"chr2","46289670","46289955","chrX","16832926","16833207","59","29456744"
"chr2","46298559","46298872","chr20","20354483","20354779","68","25944076"
"chr2","46336374","46336665","chrX","138043135","138043421","55","91706761"
"chr2","46450022","46450321","chr5","37248018","37248311","75","9202004"
"chr2","46506968","46507227","chr15","71602882","71603139","28","25095914"
"chr2","46549108","46549407","chr1","118767884","118768187","62","72218776"
"chr2","46614862","46614997","chr9","100741503","100741636","19","54126641"
"chr2","46615347","46615495","chr13","92331295","92331447","37","45715948"
"chr2","46629407","46629672","chr15","71466538","71466806","45","24837131"
"chr2","46629953","46630077","chr2","10899863","10899988","15","35730090"
"chr2","46634944","46635241","chr15","71460031","71460344","50","24825087"
"chr2","46636053","46636324","chr15","71459286","71459540","43","24823233"
"chr2","46639532","46639840","chr8","29312697","29313006","58","17326835"
"chr2","46648461","46648585","chr1","202423319","202423445","19","155774858"
"chr2","46665593","46665774","chr15","71427022","71427202","28","24761429"
"chr2","46673251","46673569","chr7","58274465","58274765","72","11601214"
"chr2","46681805","46682100","chr12","36952591","36952886","66","9729214"
"chr2","46684153","46684445","chr3","149104058","149104353","52","102419905"
"chr2","46689271","46689409","chr5","95230714","95230848","24","48541443"
"chr2","46703102","46703379","chr4","130200734","130201024","59","83497632"
"chr2","46724747","46725005","chr15","71377995","71378242","32","24653248"
"chr2","46745999","46746138","chr1","199637057","199637188","35","152891058"
"chr2","46748418","46748728","chr22","2944554","2944866","69","43803864"
"chr2","46764805","46764930","chr7","2524096","2524217","34","44240709"
"chr2","46780921","46781164","chr2","16167627","16167864","60","30613294"
"chr2","46781473","46781521","chr2","129032486","129032525","20","82251013"
"chr2","46809973","46810284","chr15","71298476","71298776","53","24488503"
"chr2","46828923","46829164","chr11","20973291","20973519","60","25855632"
"chr2","46835925","46836057","chr13","40267018","40267150","32","6568907"
"chr2","46842452","46842480","chr7","121158321","121158346","9","74315869"
"chr2","46842798","46842913","chr15","71256170","71256285","13","24413372"
"chr2","46889494","46889625","chr16","26196082","26196210","25","20693412"
"chr2","46921837","46921959","chr7","72033791","72033913","16","25111954"
"chr2","46924136","46924398","chr7","95168281","95168553","62","48244145"
"chr2","46990994","46991203","chr15","73024123","73024324","32","26033129"
"chr2","47175974","47176038","chr6","118490248","118490302","22","71314274"
"chr2","47195134","47195439","chr15","71060800","71061092","35","23865666"
"chr2","47378968","47379274","chr7","151690932","151691249","67","104311964"
"chr2","47420985","47421266","chr15","70839918","70840207","63","23418933"
"chr2","47464309","47464591","chr15","65048162","65048446","62","17583853"
"chr2","47540436","47540724","chr9","53523121","53523415","50","5982685"
"chr2","47733440","47733734","chr22","15273463","15273759","56","32459977"
"chr2","47833292","47833614","chr15","70502804","70503075","71","22669512"
"chr2","47942484","47942790","chr15","70397950","70398248","60","22455466"
"chr2","47958474","47958694","chr4","159802850","159803070","45","111844376"
"chr2","47967021","47967267","chr4","36694578","36694832","62","11272443"
"chr2","48090576","48090702","chr6","14754971","14755097","21","33335605"
"chr2","48095092","48095402","chr15","70228026","70228323","54","22132934"
"chr2","48243220","48243502","chr15","70082813","70083120","57","21839593"
"chr2","48269909","48270189","chr2","16314575","16314859","69","31955334"
"chr2","48410532","48410787","chr19","21958050","21958289","75","26452482"
"chr2","48457038","48457220","chr15","69839119","69839308","33","21382081"
"chr2","48685090","48685223","chr2","170813628","170813760","22","122128538"
"chr2","48704065","48704237","chr4","43442754","43442918","33","5261311"
"chr2","48704543","48704578","chr1","147394521","147394551","11","98689978"
"chr2","48704882","48704989","chr12","51595060","51595170","17","2890178"
"chr2","48723306","48723571","chr22","35782150","35782427","65","12941156"
"chr2","48725601","48725877","chr1","206058573","206058853","61","157332972"
"chr2","48786000","48786287","chr14","20102351","20102644","60","28683649"
"chr2","48976299","48976506","chr15","69161205","69161411","35","20184906"
"chr2","48976981","48977269","chr12","45969053","45969340","62","3007928"
"chr2","49096873","49097158","chr7","25646773","25647048","69","23450100"
"chr2","49249404","49249681","chr6","123605308","123605591","56","74355904"
"chr2","49249712","49249750","chr15","25218526","25218565","7","24031186"
"chr2","49275165","49275296","chr15","68874033","68874164","11","19598868"
"chr2","49342198","49342313","chr22","13148295","13148409","22","36193903"
"chr2","49611679","49611955","chr15","68523601","68523901","57","18911922"
"chr2","49670535","49670659","chr7","23997896","23998020","15","25672639"
"chr2","49722514","49722648","chr4","44463564","44463694","22","5258950"
"chr2","49760203","49760427","chr10","114494275","114494501","46","64734072"
"chr2","49794443","49794707","chr15","68351677","68351943","45","18557234"
"chr2","49847238","49847504","chr15","68305361","68305660","62","18458123"
"chr2","49852988","49853291","chrX","12076194","12076489","76","37776794"
"chr2","49888797","49888966","chr17","48056948","48057120","39","1831849"
"chr2","49910419","49910669","chr9","102777974","102778233","67","52867555"
"chr2","49915098","49915202","chr11","98231138","98231243","25","48316040"
"chr2","49975874","49976164","chr15","68169555","68169830","38","18193681"
"chr2","49989274","49989585","chr4","111657812","111658121","64","61668538"
"chr2","49993163","49993468","chr7","81210361","81210666","60","31217198"
"chr2","50064745","50064873","chr7","51683975","51684102","26","1619230"
"chr2","50064899","50065047","chr4","134801242","134801380","39","84736343"
"chr2","50275859","50276170","chr8","75873726","75874038","68","25597867"
"chr2","50277484","50277768","chr21","50457151","50457444","56","179667"
"chr2","50367365","50367488","chr1","202769733","202769856","20","152402368"
"chr2","50376899","50377191","chr7","70529533","70529824","63","20152634"
"chr2","50383690","50383812","chr12","28937868","28937989","20","21445822"
"chr2","50384121","50384294","chr2","137127076","137127249","44","86742955"
"chr2","50441650","50441925","chr8","93800061","93800334","72","43358411"
"chr2","50452204","50452492","chr7","493374","493666","61","49958830"
"chr2","50474810","50475096","chr6","112891961","112892244","60","62417151"
"chr2","50476458","50476758","chr15","37614895","37615195","66","12861563"
"chr2","50476939","50477248","chr15","67757864","67758172","45","17280925"
"chr2","50525496","50525554","chr19","13007116","13007175","17","37518380"
"chr2","50525853","50526059","chr14","26452678","26452891","51","24073175"
"chr2","50526186","50526321","chr1","192542368","192542501","22","142016182"
"chr2","50527746","50527871","chr1","176456973","176457096","17","125929227"
"chr2","50528806","50529084","chr1","62869740","62870021","56","12340934"
"chr2","50549195","50549505","chr15","67685368","67685662","53","17136173"
"chr2","50583547","50583843","chrUn_GL288521","13033","13338","48","50570514"
"chr2","50725505","50725578","chr1","14546176","14546247","15","36179329"
"chr2","50746122","50746310","chr13","12231321","12231497","50","38514801"
"chr2","50983415","50983688","chr10","127537261","127537516","68","76553846"
"chr2","51002019","51002239","chr10","79891266","79891470","53","28889247"
"chr2","51045873","51046194","chr15","67221156","67221477","37","16175283"
"chr2","51088590","51088886","chr9","9047308","9047599","65","42041282"
"chr2","51120269","51120568","chr7","137539963","137540262","59","86419694"
"chr2","51121736","51122072","chr7","78050188","78050503","81","26928452"
"chr2","51136601","51136860","chr15","67120867","67121122","33","15984266"
"chr2","51146608","51146735","chr15","67104423","67104550","11","15957815"
"chr2","51169472","51169745","chr15","67085069","67085352","46","15915597"
"chr2","51226088","51226223","chr2","170813628","170813760","23","119587540"
"chr2","51234988","51235109","chr15","67035926","67036049","15","15800938"
"chr2","51235476","51235770","chr12","88933406","88933700","58","37697930"
"chr2","51244819","51245101","chr3","182078962","182079241","68","130834143"
"chr2","51337311","51337626","chr15","66918630","66918943","48","15581319"
"chr2","51362242","51362521","chr15","66892602","66892876","35","15530360"
"chr2","51373391","51373519","chr9","56024635","56024765","25","4651244"
"chr2","51415340","51415641","chr2","37276775","37277073","67","14138565"
"chr2","51426513","51426807","chr15","66825382","66825695","50","15398869"
"chr2","51463631","51463935","chr15","66790313","66790606","47","15326682"
"chr2","51495107","51495223","chr10","29194759","29194877","25","22300348"
"chr2","51518832","51519154","chr15","66735468","66735753","60","15216636"
"chr2","51543897","51544178","chr6","28744681","28744954","58","22799216"
"chr2","51544206","51544225","chr15","42742025","42742041","5","8802181"
"chr2","51733467","51733726","chr15","66495678","66495929","44","14762211"
"chr2","51816199","51816503","chr15","66413640","66413956","60","14597441"
"chr2","51902723","51903014","chr15","66328821","66329114","46","14426098"
"chr2","52031400","52031729","chr22","12799864","12800189","95","39231536"
"chr2","52079949","52080243","chr15","66138940","66139252","51","14058991"
"chr2","52121058","52121366","chr7","57399106","57399413","49","5278048"
"chr2","52226062","52226356","chr18","5885814","5886111","62","46340248"
"chr2","52595232","52595512","chr1","90249678","90249953","60","37654446"
"chr2","52875048","52875167","chr5","76251600","76251715","23","23376552"
"chr2","52915844","52916017","chr15","65429548","65429723","23","12513704"
"chr2","52918592","52918842","chr18","33417455","33417706","54","19501137"
"chr2","53003196","53003508","chr2","14002316","14002621","67","39000880"
"chr2","53033698","53033995","chr2","56969336","56969629","60","3935638"
"chr2","53109279","53109578","chr3","148323947","148324242","60","95214668"
"chr2","53118270","53118402","chr15","65228112","65228245","18","12109842"
"chr2","53327671","53327852","chr6","112553299","112553480","53","59225628"
"chr2","53520918","53521227","chr2","62089075","62089372","61","8568157"
"chr2","53551867","53551989","chr15","64796509","64796638","21","11244642"
"chr2","53620831","53620958","chr7","78792060","78792184","16","25171229"
"chr2","53680386","53680508","chrUn_GL286400","1169720","1169844","17","52510666"
"chr2","53686407","53686504","chr7","145332012","145332107","24","91645605"
"chr2","53708976","53708990","chr3","11300434","11300446","3","42408542"
"chr2","53709018","53709306","chr7","95168281","95168553","60","41459263"
"chr2","53734715","53735041","chr12","21140767","21141078","76","32593948"
"chr2","53743395","53743718","chr15","64614527","64614823","59","10871132"
"chr2","53745586","53745890","chrX","48297259","48297562","69","5448327"
"chr2","53750599","53750719","chr5","37629937","37630052","25","16120662"
"chr2","53772901","53773088","chr21","47828691","47828880","47","5944210"
"chr2","53802206","53802583","chr7","62675613","62675986","110","8873407"
"chr2","53813576","53813823","chr13","20904567","20904826","59","32909009"
"chr2","53827507","53827636","chr3","26447989","26448117","27","27379518"
"chr2","53851166","53851401","chr9","114763203","114763443","63","60912037"
"chr2","53881998","53882130","chr4","71594486","71594622","29","17712488"
"chr2","53907068","53907190","chr15","64456343","64456473","14","10549275"
"chr2","53983874","53984185","chr15","64378398","64378707","27","10394524"
"chr2","54010845","54011136","chr7","70529533","70529824","60","16518688"
"chr2","54024787","54025111","chr9","102262325","102262646","67","48237538"
"chr2","54032829","54032950","chr15","64332883","64333005","13","10300054"
"chr2","54087413","54087696","chr2","56445778","56446064","63","2358365"
"chr2","54099930","54100194","chr15","64267792","64268063","46","10167862"
"chr2","54137788","54138057","chr15","64230232","64230498","37","10092444"
"chr2","54185705","54186007","chr14","80754932","80755229","62","26569227"
"chr2","54258497","54258616","chr16","69056136","69056255","22","14797639"
"chr2","54266472","54266768","chr2","56969336","56969629","57","2702864"
"chr2","54289109","54289417","chr15","64063672","64063958","51","9774563"
"chr2","54414733","54415042","chr15","63928912","63929200","59","9514179"
"chr2","54431023","54431279","chr15","63914978","63915239","35","9483955"
"chr2","54473997","54474249","chr15","63859266","63859516","34","9385269"
"chr2","54476819","54477105","chr1","198470770","198471042","67","143993951"
"chr2","54494495","54494795","chr21","46998038","46998338","49","7496457"
"chr2","54528804","54528936","chr12","15549187","15549316","18","38979617"
"chr2","54535179","54535464","chr22","13364654","13364940","57","41170525"
"chr2","54537587","54537850","chr8","9604472","9604743","67","44933115"
"chr2","54548732","54548992","chr5","96636957","96637210","56","42088225"
"chr2","54573165","54573455","chr3","153009060","153009353","60","98435895"
"chr2","54585879","54586165","chrX","40344177","40344457","56","14241702"
"chr2","54588025","54588293","chr9","41671862","41672138","65","12916163"
"chr2","54589315","54589501","chr9","107456252","107456436","42","52866937"
"chr2","54589807","54589931","chr9","8892547","8892667","24","45697260"
"chr2","54634462","54634756","chr15","63686119","63686409","24","9051657"
"chr2","54789240","54789502","chr3","38467001","38467266","58","16322239"
"chr2","54797455","54797584","chr4","13599154","13599281","28","41198301"
"chr2","54802674","54802971","chr14","80754932","80755229","66","25952258"
"chr2","54823584","54823868","chr21","44798531","44798812","74","10025053"
"chr2","54950718","54951030","chr15","63376559","63376874","57","8425841"
"chr2","54956926","54957181","chr15","63370397","63370632","50","8413471"
"chr2","54980584","54980884","chr7","25212122","25212421","64","29768462"
"chr2","55068889","55069098","chr15","63241586","63241785","29","8172697"
"chr2","55081118","55081396","chr15","63232108","63232373","43","8150990"
"chr2","55122899","55123009","chr9","43278514","43278622","38","11844385"
"chr2","55123311","55123449","chr13","47557912","47558048","27","7565399"
"chr2","55495655","55495881","chr15","62767934","62768153","43","7272279"
"chr2","55529195","55529481","chr15","62731930","62732201","45","7202735"
"chr2","55770796","55770848","chr4","5654692","5654748","11","50116104"
"chr2","55770937","55771212","chr1","184285102","184285371","59","128514165"
"chr2","55828725","55828990","chr8","69256600","69256869","56","13427875"
"chr2","56007018","56007341","chr12","52167967","52168289","76","3839051"
"chr2","56015675","56015789","chr1","96645976","96646092","26","40630301"
"chr2","56045830","56046111","chr15","62193324","62193609","40","6147494"
"chr2","56064064","56064186","chr7","78792060","78792184","19","22727996"
"chr2","56070662","56070802","chr1","74513280","74513415","33","18442618"
"chr2","56071429","56071599","chr7","88830081","88830245","33","32758652"
"chr2","56072292","56072420","chr1","192440376","192440501","22","136368084"
"chr2","56072720","56072841","chr4","112039327","112039435","48","55966607"
"chr2","56081822","56081953","chr1","166187745","166187875","20","110105923"
"chr2","56083373","56083666","chr7","50420067","50420331","66","5663306"
"chr2","56091660","56091915","chr5","8891819","8892073","53","47199841"
"chr2","56109658","56109781","chr15","62131094","62131218","10","6021436"
"chr2","56116793","56116901","chrX","141163474","141163582","19","85046681"
"chr2","56117209","56117379","chr7","47492323","47492505","42","8624886"
"chr2","56125956","56126254","chr15","62115122","62115407","47","5989166"
"chr2","56130389","56130680","chr15","62110259","62110560","37","5979870"
"chr2","56152755","56153052","chr15","62088610","62088905","31","5935855"
"chr2","56164106","56164388","chr9","109118176","109118464","56","52954070"
"chr2","56173156","56173277","chr1","185240252","185240373","28","129067096"
"chr2","56211291","56211414","chr14","81158200","81158314","23","24946909"
"chr2","56213808","56214112","chr7","98805445","98805741","63","42591637"
"chr2","56254332","56254630","chr15","61996290","61996584","41","5741958"
"chr2","56301658","56301949","chr3","168646029","168646316","70","112344371"
"chr2","56316730","56317037","chr1","89848958","89849263","66","33532228"
"chr2","56320682","56320876","chr12","13698325","13698481","69","42622357"
"chr2","56346716","56346998","chr15","67666693","67666967","29","11319977"
"chr2","56386361","56386489","chr10","98492248","98492377","20","42105887"
"chr2","56444968","56445264","chr4","83717239","83717535","58","27272271"
"chr2","56520720","56520994","chr8","76560509","76560777","52","20039789"
"chr2","56541287","56541554","chr15","61773901","61774159","37","5232614"
"chr2","56625384","56625667","chr15","61696349","61696629","24","5070965"
"chr2","56636550","56636863","chr15","61685846","61686151","41","5049296"
"chr2","56719113","56719238","chr9","85393340","85393464","27","28674227"
"chr2","56767760","56768067","chr14","74675440","74675747","64","17907680"
"chr2","56770330","56770625","chr3","165672623","165672918","60","108902293"
"chr2","56814822","56815128","chr8","34283921","34284227","68","22530901"
"chr2","56825699","56825989","chrX","17913242","17913538","58","38912457"
"chr2","56836194","56836312","chr8","106305629","106305752","23","49469435"
"chr2","56924484","56924743","chr9","101021699","101021955","65","44097215"
"chr2","57037001","57037123","chr5","31305611","31305733","19","25731390"
"chr2","57119275","57119581","chr15","61218731","61219028","38","4099456"
"chr2","57168863","57169155","chr7","70529533","70529824","51","13360670"
"chr2","57181601","57181898","chr15","61168550","61168847","56","3986949"
"chr2","57226936","57227264","chr15","61123057","61123370","60","3896121"
"chr2","57230125","57230431","chr14","80754932","80755229","57","23524807"
"chr2","57316254","57316535","chr15","61032518","61032784","56","3716264"
"chr2","57775293","57775594","chr15","60360757","60361037","47","2585464"
"chr2","57806199","57806323","chr15","60328008","60328128","19","2521809"
"chr2","58150649","58150784","chr2","1983485","1983615","30","56167164"
"chr2","58533844","58534087","chr15","59663214","59663456","46","1129370"
"chr2","59304762","59304872","chr21","45494022","45494130","23","13810740"
"chr2","59454718","59454879","chr10","126259446","126259620","46","66804728"
"chr2","59576628","59576911","chr7","70529533","70529824","67","10952905"
"chr2","59838487","59838791","chr12","36952591","36952886","65","22885896"
"chr2","60741197","60741482","chr15","57539836","57540111","36","3201361"
"chr2","61200745","61201022","chr15","57163762","57164055","53","4036983"
"chr2","61251312","61251616","chr15","57101955","57102246","45","4149357"
"chr2","61290293","61290625","chr15","57058522","57058823","71","4231771"
"chr2","61391465","61391759","chr3","173826482","173826775","66","112435017"
"chr2","61392278","61392411","chr15","56957839","56957973","18","4434439"
"chr2","61441039","61441303","chr15","56920333","56920609","52","4520706"
"chr2","61452407","61452532","chr9","21660421","21660545","22","39791986"
"chr2","61472850","61473136","chr9","53523121","53523415","52","7949729"
"chr2","61503273","61503399","chr13","8573542","8573671","19","52929731"
"chr2","61542206","61542461","chr15","56829174","56829430","26","4713032"
"chr2","61638843","61639156","chr15","56718580","56718886","37","4920263"
"chr2","61641443","61641744","chr2","189054502","189054809","65","127413059"
"chr2","61776909","61777195","chr15","56576602","56576893","35","5200307"
"chr2","61884354","61884667","chr3","149104058","149104353","79","87219704"
"chr2","61995105","61995275","chr17","48056948","48057120","31","13938157"
"chr2","62009974","62010255","chrX","138043135","138043421","57","76033161"
"chr2","62056179","62056401","chr15","56332169","56332384","26","5724010"
"chr2","62079061","62079198","chr4","148876640","148876761","35","86797579"
"chr2","62106016","62106316","chr7","51662074","51662375","48","10443942"
"chr2","62112918","62113051","chr9","43510189","43510319","28","18602729"
"chr2","62448747","62448867","chrX","52248071","52248191","20","10200676"
"chr2","62449190","62449354","chr12","10324844","10324992","48","52124346"
"chr2","62454364","62454652","chr15","55996959","55997242","50","6457405"
"chr2","62471381","62471678","chr15","55985424","55985717","29","6485957"
"chr2","62488899","62489036","chr3","187522859","187522990","43","125033960"
"chr2","62748258","62748558","chr15","55709599","55709890","39","7038659"
"chr2","63294988","63295126","chr15","55116793","55116932","16","8178195"
"chr2","63311562","63311769","chr5","6447228","6447428","47","56864334"
"chr2","63312109","63312191","chr17","57214490","57214572","19","6097619"
"chr2","63353383","63353686","chr1","118797181","118797481","57","55443798"
"chr2","63376606","63376816","chr6","154371141","154371357","58","90994535"
"chr2","63441150","63441442","chrX","20607629","20607919","63","42833521"
"chr2","63466642","63466763","chr7","66813979","66814096","22","3347337"
"chr2","63513362","63513477","chr15","54912687","54912814","24","8600675"
"chr2","63516402","63516688","chr15","54909518","54909807","48","8606884"
"chr2","63643300","63643604","chr15","54777766","54778077","40","8865534"
"chr2","63973375","63973673","chr15","54417290","54417583","41","9556085"
"chr2","64277540","64277815","chr15","54115195","54115485","56","10162345"
"chr2","64284318","64284440","chr15","54108515","54108639","22","10175803"
"chr2","64306695","64306989","chr15","54083977","54084272","61","10222718"
"chr2","64361930","64362236","chr7","55567706","55568016","62","8794224"
"chr2","64571539","64571795","chr9","85720379","85720637","70","21148840"
"chr2","64657502","64657757","chr15","53416893","53417145","42","11240609"
"chr2","65122092","65122364","chr7","87094219","87094490","66","21972127"
"chr2","65384835","65384952","chrX","45736957","45737074","23","19647878"
"chr2","65429400","65429675","chr15","52999039","52999318","61","12430361"
"chr2","65552740","65552823","chr11","118128148","118128232","20","52575408"
"chr2","65553105","65553240","chr13","40267018","40267150","21","25286087"
"chr2","65981084","65981395","chr2","14241153","14241456","67","51739931"
"chr2","66365302","66365681","chr12","27369818","27370198","113","38995484"
"chr2","66379234","66379435","chr6","112553299","112553480","57","46174065"
"chr2","66449861","66450132","chr5","73454858","73455134","59","7004997"
"chr2","66538310","66538586","chr15","51781789","51782075","46","14756521"
"chr2","66598489","66598645","chr15","51722211","51722370","27","14876278"
"chr2","66634678","66634852","chr10","126259446","126259620","41","59624768"
"chr2","66661421","66661642","chr15","51645963","51646175","34","15015458"
"chr2","66692149","66692457","chr1","204029697","204030003","82","137337548"
"chr2","66751395","66751697","chr7","32363417","32363723","67","34387978"
"chr2","67321067","67321342","chr3","165617023","165617301","72","98295956"
"chr2","67360337","67360514","chr10","126259446","126259620","41","58899109"
"chr2","67570063","67570350","chr1","171173294","171173582","62","103603231"
"chr2","67737479","67737657","chr1","129159547","129159726","37","61422068"
"chr2","67737687","67737806","chr5","78821234","78821351","19","11083547"
"chr2","68074953","68075243","chr15","50262945","50263230","42","17812008"
"chr2","68081868","68082184","chr15","50255459","50255773","59","17826409"
"chr2","68233728","68234037","chr15","50106228","50106504","64","18127500"
"chr2","68438493","68438738","chr14","79575769","79576034","53","11137276"
"chr2","68715296","68715612","chr5","37895721","37896023","72","30819575"
"chr2","68880609","68880724","chr8","97349961","97350081","35","28469352"
"chr2","68923307","68923602","chr2","186302488","186302771","67","117379181"
"chr2","68950237","68950422","chr7","129152773","129152960","66","60202536"
"chr2","68951020","68951206","chr5","100376117","100376299","45","31425097"
"chr2","68974742","68974882","chr11","120560318","120560450","37","51585576"
"chr2","69006384","69006506","chr4","21104550","21104670","15","47901834"
"chr2","69019696","69019853","chr11","7935377","7935532","29","61084319"
"chr2","69020157","69020295","chrX","106469400","106469531","22","37449243"
"chr2","69038763","69038887","chr15","49323014","49323135","9","19715749"
"chr2","69050208","69050347","chr15","49310822","49310960","13","19739386"
"chr2","69050642","69050841","chr2","81438120","81438295","72","12387478"
"chr2","69168003","69168129","chr5","134021489","134021611","21","64853486"
"chr2","69175660","69175791","chr6","144234386","144234514","19","75058726"
"chr2","69245517","69245830","chr15","49118280","49118568","56","20127237"
"chr2","69311466","69311588","chr9","21660421","21660545","19","47651045"
"chr2","69332659","69332964","chr1","96846672","96846981","55","27514013"
"chr2","69392068","69392197","chr5","130229536","130229666","27","60837468"
"chr2","69482537","69482669","chr5","36121312","36121444","20","33361225"
"chr2","69664937","69665232","chr15","48679236","48679533","28","20985701"
"chr2","69773706","69773997","chr12","55105052","55105337","68","14668654"
"chr2","69805688","69805972","chr4","20202557","20202833","63","49603131"
"chr2","69847755","69847929","chr10","99609234","99609397","33","29761479"
"chr2","69847958","69848081","chr3","139577813","139577930","27","69729855"
"chr2","69863388","69863469","chr11","5727997","5728079","10","64135391"
"chr2","69996620","69996933","chr15","48333995","48334286","61","21662625"
"chr2","70075614","70075896","chr15","48249792","48250063","56","21825822"
"chr2","70086645","70086936","chr15","48238734","48239049","60","21847911"
"chr2","70128400","70128518","chr10","86319309","86319428","26","16190909"
"chr2","70161886","70162177","chr15","48167208","48167497","43","21994678"
"chr2","70267481","70267776","chr15","48065873","48066159","48","22201608"
"chr2","70343541","70343844","chr15","47988114","47988397","62","22355427"
"chr2","70496043","70496347","chr20","25064635","25064941","66","45431408"
"chr2","70586028","70586113","chr1","29368267","29368347","14","41217761"
"chr2","70598506","70598821","chr15","47725345","47725643","53","22873161"
"chr2","70688192","70688473","chr5","1991258","1991543","68","68696934"
"chr2","70837540","70837669","chr15","47418219","47418348","13","23419321"
"chr2","70905485","70905770","chr7","100581899","100582178","54","29676414"
"chr2","70913619","70913796","chr12","27050283","27050451","42","43863336"
"chr2","70913834","70913956","chr1","106234261","106234385","21","35320427"
"chr2","71007724","71008037","chr2","11289435","11289730","84","59718289"
"chr2","71045816","71046113","chr10","94610637","94610936","60","23564821"
"chr2","71060469","71060745","chr15","47178980","47179262","67","23881489"
"chr2","71318521","71318816","chr1","194015120","194015405","78","122696599"
"chr2","71685722","71685999","chr15","46539803","46540069","46","25145919"
"chr2","72197628","72197751","chr15","46024843","46024967","13","26172785"
"chr2","72285757","72286047","chr15","45944513","45944802","60","26341244"
"chr2","72341474","72341754","chr15","45872719","45873000","41","26468755"
"chr2","72425433","72425749","chr15","45771991","45772301","48","26653442"
"chr2","72542579","72542865","chr15","45653087","45653373","30","26889492"
"chr2","72585886","72586191","chr1","43698220","43698519","60","28887666"
"chr2","72587987","72588116","chr3","137802923","137803047","16","65214936"
"chr2","72600417","72600627","chr15","26023509","26023723","41","46576908"
"chr2","72602580","72602880","chr15","45594368","45594656","51","27008212"
"chr2","72641711","72641934","chr15","45551288","45551500","37","27090423"
"chr2","72730325","72730630","chr9","85460941","85461248","63","12730616"
"chr2","72735272","72735389","chr2","10258659","10258769","30","62476613"
"chr2","72735671","72735865","chr19","3896790","3896969","49","68838881"
"chr2","72807737","72808035","chr15","45381029","45381330","23","27426708"
"chr2","72831552","72831843","chr11","28816210","28816498","54","44015342"
"chr2","72857825","72858112","chr12","48712370","48712665","59","24145455"
"chr2","72879823","72879956","chr2","48830947","48831083","25","24048876"
"chr2","72951725","72952018","chr15","45224384","45224692","44","27727341"
"chr2","72964151","72964452","chr11","122094771","122095073","54","49130620"
"chr2","72997497","72997804","chr2","17670653","17670953","60","55326844"
"chr2","73031216","73031508","chr9","99541907","99542185","63","26510691"
"chr2","73216889","73217179","chr9","85312741","85313040","69","12095852"
"chr2","73360113","73360410","chr15","44789285","44789600","56","28570828"
"chr2","73498062","73498343","chr7","59376036","59376328","66","14122026"
"chr2","73515279","73515527","chr15","44639874","44640132","35","28875405"
"chr2","73752153","73752362","chr12","3591089","3591286","48","70161064"
"chr2","74050058","74050356","chr12","48712370","48712665","58","25337688"
"chr2","74285613","74285896","chr6","8665415","8665701","67","65620198"
"chr2","74329139","74329258","chr16","32439882","32440011","27","41889257"
"chr2","74341143","74341445","chr15","43938561","43938851","55","30402582"
"chr2","74354425","74354648","chr15","43925094","43925301","49","30429331"
"chr2","74356685","74356807","chr1","13295911","13296032","24","61060774"
"chr2","74430453","74430744","chr11","118382154","118382447","57","43951701"
"chr2","74433855","74434150","chr12","15593109","15593404","63","58840746"
"chr2","74982173","74982459","chr15","43250348","43250610","67","31731825"
"chr2","75392513","75392823","chr5","131527086","131527390","65","56134573"
"chr2","75561697","75562004","chr15","42725215","42725506","56","32836482"
"chr2","75889035","75889328","chr8","32599624","32599918","59","43289411"
"chr2","75914892","75915191","chrX","20607629","20607919","58","55307263"
"chr2","75958706","75958839","chr4","111165694","111165827","21","35206988"
"chr2","75970264","75970394","chr6","57538145","57538275","19","18432119"
"chr2","76016541","76016797","chr4","151964886","151965141","62","75948345"
"chr2","76053545","76053864","chr15","42239339","42239640","57","33814206"
"chr2","76063917","76064047","chrX","140664256","140664385","18","64600339"
"chr2","76089273","76089551","chr4","88967705","88967982","64","12878432"
"chr2","76097596","76097839","chr3","80761524","80761758","68","4663928"
"chr2","76099549","76099761","chr15","42194290","42194497","34","33905259"
"chr2","76161620","76161921","chr3","39370689","39370990","61","36790931"
"chr2","76203595","76203909","chr15","42088269","42088558","59","34115326"
"chr2","76210815","76211096","chr15","42081411","42081696","43","34129404"
"chr2","76298090","76298272","chr13","6071368","6071541","42","70226722"
"chr2","76347559","76347830","chr10","16818011","16818266","68","59529548"
"chr2","76394907","76395067","chr15","41896354","41896493","32","34498553"
"chr2","76395366","76395487","chr1","185240252","185240373","38","108844886"
"chr2","76398941","76399234","chr15","41893542","41893837","25","34505399"
"chr2","76451344","76451641","chrX","17699750","17700053","54","58751594"
"chr2","76548090","76548327","chr15","41739925","41740164","20","34808165"
"chr2","76627090","76627392","chr3","111556877","111557172","54","34929787"
"chr2","76747049","76747303","chr18","35043663","35043933","71","41703386"
"chr2","77100983","77101106","chr1","138926403","138926525","21","61825420"
"chr2","77219090","77219386","chr9","92420833","92421114","81","15201743"
"chr2","77222634","77222936","chr15","41034990","41035285","46","36187644"
"chr2","77391870","77392025","chr13","48602828","48602986","43","28789042"
"chr2","77495557","77495697","chr8","97649621","97649760","25","20154064"
"chr2","77502434","77502582","chr11","5613583","5613746","45","71888851"
"chr2","77502616","77502736","chr7","154063464","154063583","23","76560848"
"chr2","77965271","77965510","chr15","40282146","40282379","32","37683125"
"chr2","78041923","78042208","chr15","40201216","40201496","63","37840707"
"chr2","78164444","78164582","chr11","7850129","7850261","27","70314315"
"chr2","78173418","78173587","chr11","44586911","44587078","48","33586507"
"chr2","78173821","78173968","chr10","127767886","127768021","36","49594065"
"chr2","78198917","78199198","chr15","40041480","40041752","36","38157437"
"chr2","78213622","78213987","chr5","128326004","128326357","112","50112382"
"chr2","78309261","78309516","chr10","37882786","37883037","61","40426475"
"chr2","78313650","78313935","chr15","39925167","39925435","50","38388483"
"chr2","78448842","78449071","chr9","12503437","12503646","57","65945405"
"chr2","79212768","79212804","chrX","98365464","98365498","7","19152696"
"chr2","79286817","79287122","chr20","29688896","29689203","66","49597921"
"chr2","79287124","79287267","chr3","165643216","165643353","28","86356092"
"chr2","79602246","79602552","chr20","38894081","38894379","58","40708165"
"chr2","79714318","79714601","chr15","38492312","38492605","53","41222006"
"chr2","79732470","79732764","chr1","135471991","135472267","69","55739521"
"chr2","79805050","79805178","chr15","38393573","38393703","19","41411477"
"chr2","79887755","79888051","chr15","38305061","38305361","39","41582694"
"chr2","79972004","79972305","chr15","38218271","38218576","55","41753733"
"chr2","79986033","79986291","chr15","38204322","38204553","47","41781711"
"chr2","79995358","79995386","chr7","121158321","121158346","3","41162963"
"chr2","79995759","79995870","chr22","31821429","31821538","21","48174330"
"chr2","80022650","80022953","chr12","31070036","31070341","66","48952614"
"chr2","80035822","80036142","chrX","22454216","22454523","69","57581606"
"chr2","80169225","80169498","chr8","110663646","110663923","69","30494421"
"chr2","80279311","80279569","chr5","23381432","23381696","66","56897879"
"chr2","80322448","80322733","chr17","35647330","35647595","88","44675118"
"chr2","80368520","80368794","chr15","37798487","37798756","50","42570033"
"chr2","80466533","80466656","chr7","25666039","25666162","25","54800494"
"chr2","80518811","80518990","chr2","130203536","130203708","43","49684725"
"chr2","80519034","80519150","chr22","27535939","27536055","23","52983095"
"chr2","80537979","80538138","chr3","33295253","33295397","45","47242726"
"chr2","80541005","80541178","chr2","14697358","14697527","38","65843647"
"chr2","80541206","80541318","chr5","114665000","114665107","19","34123794"
"chr2","80599410","80599657","chr15","37567276","37567547","58","43032134"
"chr2","80619474","80619764","chr15","37546296","37546557","52","43073178"
"chr2","80635608","80635737","chr15","37531227","37531357","22","43104381"
"chr2","80710488","80710765","chr10","56285609","56285878","80","24424879"
"chr2","80943058","80943336","chr15","37256689","37256968","34","43686369"
"chr2","81122338","81122581","chr2","170759914","170760154","52","89637576"
"chr2","81380011","81380142","chr10","98492248","98492377","22","17112237"
"chr2","81632803","81633093","chr12","12640059","12640347","56","68992744"
"chr2","81645367","81645623","chr15","36567746","36568029","56","45077621"
"chr2","81851893","81852192","chr15","36350255","36350555","50","45501638"
"chr2","81915733","81916013","chr9","108785728","108786012","58","26869995"
"chr2","82145285","82145401","chr15","36029731","36029840","20","46115554"
"chr2","82426318","82426624","chr15","35730170","35730464","59","46696148"
"chr2","82962579","82962885","chr15","35171034","35171327","58","47791545"
"chr2","82968860","82969046","chr7","46315006","46315190","50","36653854"
"chr2","82999818","83000000","chr9","58584095","58584276","49","24415723"
"chr2","83118751","83119056","chr15","35029243","35029554","34","48089508"
"chr2","83255345","83255652","chr15","34890418","34890730","53","48364927"
"chr2","83548941","83549250","chr15","34609396","34609696","39","48939545"
"chr2","83556898","83557175","chr11","35144168","35144447","57","48412730"
"chr2","83581573","83581705","chr20","35704842","35704971","20","47876731"
"chr2","83656334","83656603","chr15","34498549","34498813","45","49157785"
"chr2","83661130","83661406","chr15","34493444","34493733","54","49167686"
"chr2","83663124","83663246","chr15","34491887","34492009","11","49171237"
"chr2","83695849","83696103","chr1","191896494","191896742","70","108200645"
"chr2","83707050","83707262","chr15","34466484","34466698","17","49240566"
"chr2","83758040","83758349","chr7","89304550","89304852","56","5546510"
"chr2","83762072","83762341","chr15","34410860","34411121","39","49351212"
"chr2","83791306","83791598","chr15","34383669","34383953","35","49407637"
"chr2","83805536","83805835","chr6","60084779","60085077","50","23720757"
"chr2","83810511","83810620","chr10","92428650","92428755","24","8618139"
"chr2","83810640","83810928","chr15","34370713","34371021","58","49439927"
"chr2","83849748","83850042","chr15","34339005","34339302","48","49510743"
"chr2","83854533","83854662","chr7","78792060","78792184","21","5062473"
"chr2","83977725","83977854","chr19","6666335","6666466","23","77311390"
"chr2","84073407","84073688","chr15","72006581","72006859","60","12066826"
"chr2","84085088","84085249","chr2","10299485","10299633","58","73785603"
"chr2","84085541","84085656","chr10","7264959","7265072","15","76820582"
"chr2","84088651","84088942","chr17","64416945","64417235","63","19671706"
"chr2","84092072","84092153","chr15","34102120","34102201","3","49989952"
"chr2","84107800","84107867","chr2","188977154","188977216","17","104869354"
"chr2","84121941","84121998","chr1","208841798","208841858","6","124719857"
"chr2","84149579","84149807","chr2","112253119","112253353","58","28103540"
"chr2","84189333","84189563","chr22","37704800","37705025","59","46484533"
"chr2","84206558","84206830","chr15","33978955","33979227","25","50227603"
"chr2","84210384","84210601","chr15","33975890","33976096","29","50234494"
"chr2","84251083","84251377","chr15","33938801","33939102","47","50312282"
"chr2","84327702","84327980","chr15","33861784","33862066","60","50465918"
"chr2","84370987","84371137","chr18","9327614","9327757","36","75043373"
"chr2","84386126","84386329","chr2","61594505","61594698","60","22791621"
"chr2","84406290","84406409","chr4","110358851","110358970","40","25952561"
"chr2","84407383","84407558","chr15","33789310","33789492","30","50618073"
"chr2","84428460","84428767","chr15","33768389","33768697","41","50660071"
"chr2","84428840","84428969","chr1","176862599","176862729","25","92433759"
"chr2","84436797","84437088","chr19","37479058","37479346","65","46957739"
"chr2","84532391","84532523","chr15","33675293","33675416","19","50857098"
"chr2","84547914","84548023","chr5","72838946","72839058","18","11708968"
"chr2","84554518","84554688","chr15","33650315","33650482","20","50904203"
"chr2","84558527","84558673","chr19","1388476","1388621","32","83170051"
"chr2","84559279","84559422","chr7","57359333","57359475","31","27199946"
"chr2","84592956","84593217","chr15","33609527","33609791","51","50983429"
"chr2","84603578","84603871","chr12","11643416","11643705","69","72960162"
"chr2","84643384","84643684","chr12","106143660","106143953","55","21500276"
"chr2","84644611","84644919","chr7","151690932","151691249","70","67046321"
"chr2","84656200","84656321","chr12","106151412","106151534","16","21495212"
"chr2","84665713","84665819","chr2","93927440","93927542","20","9261727"
"chr2","84695559","84695856","chr1","182536418","182536717","58","97840859"
"chr2","84704222","84704509","chr15","33522179","33522460","33","51182043"
"chr2","84800569","84800860","chr15","32444335","32444610","48","52356234"
"chr2","84848489","84848766","chr15","33254546","33254804","43","51593943"
"chr2","84874251","84874548","chr15","33226372","33226667","38","51647879"
"chr2","84919288","84919585","chr15","33181764","33182062","32","51737524"
"chr2","84924741","84925048","chr10","22214617","22214924","70","62710124"
"chr2","84994167","84994459","chr6","117705099","117705381","58","32710932"
"chr2","84999431","84999692","chr20","38370070","38370338","64","46629361"
"chr2","85067632","85067711","chr18","25240363","25240439","19","59827269"
"chr2","85068026","85068169","chr22","36661092","36661241","31","48406934"
"chr2","85118391","85118675","chr11","32438550","32438822","64","52679841"
"chr2","85165992","85166276","chr15","32904689","32904955","52","52261303"
"chr2","85176811","85177136","chr15","32897139","32897447","44","52279672"
"chr2","85188377","85188653","chr3","6107759","6108048","58","79080618"
"chr2","85207828","85208145","chr7","78050188","78050503","63","7157640"
"chr2","85218213","85218345","chr1","38075302","38075428","24","47142911"
"chr2","85218346","85218639","chr5","121237736","121238019","62","36019390"
"chr2","85218688","85218837","chr4","160773778","160773929","23","75555090"
"chr2","85225151","85225462","chr15","32845309","32845607","48","52379842"
"chr2","85249447","85249570","chr11","63815604","63815727","15","21433843"
"chr2","85255416","85255711","chr7","43435989","43436282","54","41819427"
"chr2","85309055","85309236","chr1","129159547","129159726","44","43850492"
"chr2","85309271","85309390","chrX","17631702","17631819","19","67677569"
"chr2","85455449","85455747","chr9","43654559","43654856","58","41800890"
"chr2","85470378","85470459","chr3","119755521","119755592","23","34285143"
"chr2","85478035","85478315","chr9","99965031","99965295","68","14486996"
"chr2","85478982","85479266","chr2","29790334","29790619","67","55688648"
"chr2","85481102","85481361","chr9","42124159","42124418","63","43356943"
"chr2","85487458","85487736","chr2","16314575","16314859","62","69172883"
"chr2","85491640","85491764","chr5","127901579","127901706","27","42409939"
"chr2","85502612","85502889","chr11","121542347","121542608","61","36039735"
"chr2","85509600","85509694","chr12","15932287","15932374","22","69577313"
"chr2","85609557","85609875","chr15","32516818","32517115","49","53092739"
"chr2","85630279","85630564","chr6","84950940","84951228","56","679339"
"chr2","85662938","85663131","chr1","188326542","188326728","47","102663604"
"chr2","85663429","85663549","chr20","34603027","34603143","28","51060402"
"chr2","85681793","85681985","chr6","142307272","142307459","51","56625479"
"chr2","85741718","85741846","chr15","32233255","32233383","20","53508463"
"chr2","85832725","85832971","chr15","32150997","32151243","38","53681728"
"chr2","85948533","85948668","chr15","32023286","32023420","25","53925247"
"chr2","85978651","85978941","chr1","137030004","137030286","67","51051353"
"chr2","85982485","85982620","chr7","44691638","44691773","24","41290847"
"chr2","86049740","86049885","chr10","47115508","47115647","30","38934232"
"chr2","86149727","86149904","chr15","31824701","31824874","21","54325026"
"chr2","86192110","86192384","chr15","31781903","31782200","49","54410207"
"chr2","86334944","86335221","chr1","62869740","62870021","51","23465204"
"chr2","86345940","86346227","chr15","31629666","31629953","52","54716274"
"chr2","86502942","86503232","chr15","31464127","31464417","68","55038815"
"chr2","86584578","86584883","chr15","31387142","31387434","43","55197436"
"chr2","86805740","86806045","chr2","8000025","8000324","68","78805715"
"chr2","87110822","87111133","chr15","30849872","30850178","47","56260950"
"chr2","87170985","87171296","chr15","30791301","30791598","48","56379684"
"chr2","87420127","87420394","chr1","176518287","176518568","77","89098160"
"chr2","87423024","87423296","chr15","30522681","30522959","49","56900343"
"chr2","87563175","87563476","chr15","30402034","30402321","40","57161141"
"chr2","87664693","87664987","chr10","96387125","96387423","72","8722432"
"chr2","87707092","87707406","chr11","77252129","77252437","73","10454963"
"chr2","87735357","87735396","chr2","15245186","15245224","9","72490171"
"chr2","87735449","87735658","chr3","116348612","116348811","51","28613163"
"chr2","87787076","87787178","chr3","165599008","165599114","16","77811932"
"chr2","87901030","87901303","chr17","35647330","35647595","60","52253700"
"chr2","88042371","88042562","chr1","165270882","165271074","40","77228511"
"chr2","88125466","88125779","chr8","29312697","29313006","61","58812769"
"chr2","88175964","88176083","chr7","14217068","14217186","15","73958896"
"chr2","88176130","88176271","chr13","28530480","28530624","37","59645650"
"chr2","88222842","88223127","chr15","29735772","29736085","54","58487070"
"chr2","88546606","88546910","chr5","131527086","131527390","60","42980480"
"chr2","88769663","88769965","chr15","29194852","29195142","51","59574811"
"chr2","88771883","88772005","chr1","65498126","65498250","20","23273757"
"chr2","88779031","88779320","chr15","29179135","29179432","37","59599896"
"chr2","88791378","88791683","chr15","29153814","29154111","39","59637564"
"chr2","88864772","88865018","chr12","84400258","84400509","46","4464514"
"chr2","88876346","88876469","chr4","138721119","138721242","23","49844773"
"chr2","88876947","88877082","chrUn_GL287824","33813","33951","29","88843134"
"chr2","88896234","88896520","chr15","29064178","29064444","43","59832056"
"chr2","88908232","88908358","chrX","58482136","58482260","20","30426096"
"chr2","88908657","88908852","chr7","46009519","46009697","47","42899138"
"chr2","88942866","88943159","chr15","29018981","29019281","45","59923885"
"chr2","89044546","89044835","chr15","28914716","28915000","42","60129830"
"chr2","89048943","89049248","chr3","111556877","111557172","57","22507934"
"chr2","89072001","89072305","chr15","28891027","28891332","24","60180974"
"chr2","89073841","89074118","chr15","28889387","28889659","27","60184454"
"chr2","89090469","89090750","chr15","28872060","28872352","37","60218409"
"chr2","89097939","89098060","chr11","72129732","72129850","26","16968207"
"chr2","89140594","89140868","chr15","28823638","28823912","41","60316956"
"chr2","89202871","89203029","chr5","75168836","75168996","38","14034035"
"chr2","89203077","89203210","chr15","16123472","16123605","21","73079605"
"chr2","89331479","89331775","chr12","12640059","12640347","64","76691420"
"chr2","89408288","89408559","chr15","28558544","28558818","42","60849744"
"chr2","89466093","89466443","chr16","53502280","53502575","105","35963813"
"chr2","89483708","89483792","chr2","17923872","17923953","14","71559836"
"chr2","89550235","89550535","chrX","22454216","22454523","58","67096019"
"chr2","89552235","89552509","chrX","22851548","22851815","64","66700687"
"chr2","89597743","89597883","chr7","59979500","59979645","36","29618243"
"chr2","89598182","89598307","chr2","17455028","17455152","26","72143154"
"chr2","89609405","89609541","chr15","28344824","28344961","18","61264581"
"chr2","89658083","89658362","chr15","28301455","28301737","42","61356628"
"chr2","89742033","89742342","chr1","15579367","15579676","69","74162666"
"chr2","89857896","89858169","chr15","28103035","28103322","46","61754861"
"chr2","89871800","89872093","chr15","28090718","28091007","47","61781082"
"chr2","89874060","89874363","chr15","28085902","28086200","37","61788158"
"chr2","90348694","90349003","chr15","16072105","16072413","52","74276589"
"chr2","90505467","90505754","chr1","183927736","183928027","59","93422269"
"chr2","90678317","90678621","chr17","68245364","68245660","67","22432953"
"chr2","90696460","90696732","chr5","7763353","7763613","66","82933107"
"chr2","90726722","90726947","chr22","32203555","32203776","45","58523167"
"chr2","90739645","90739852","chr14","84000004","84000214","37","6739641"
"chr2","90744697","90744982","chr7","43504141","43504423","57","47240556"
"chr2","90766131","90766253","chr9","114511093","114511213","18","23744962"
"chr2","90803310","90803645","chrX","2036487","2036817","84","88766823"
"chr2","90810296","90810397","chr14","70036054","70036156","18","20774242"
"chr2","90810659","90810752","chr9","59275603","59275687","27","31535056"
"chr2","90817964","90818258","chr2","37276775","37277073","59","53541189"
"chr2","90825312","90825442","chr2","41238218","41238347","21","49587094"
"chr2","90834621","90834752","chr9","85202705","85202833","24","5631916"
"chr2","90838318","90838613","chr19","46731009","46731303","78","44107309"
"chr2","90852168","90852457","chr15","27217364","27217662","45","63634804"
"chr2","90852898","90853203","chr18","33187573","33187871","56","57665325"
"chr2","90891161","90891435","chr14","80054050","80054303","70","10837111"
"chr2","90905455","90905606","chr9","96473152","96473305","36","5567697"
"chr2","90977529","90977829","chr15","27099381","27099695","49","63878148"
"chr2","91011723","91012063","chr15","27058234","27058561","47","63953489"
"chr2","91017387","91017509","chr9","65816955","65817079","16","25200432"
"chr2","91462721","91463029","chr8","75873726","75874038","70","15588995"
"chr2","91492767","91493051","chr5","108117893","108118172","65","16625126"
"chr2","91585143","91585454","chr13","6809801","6810102","56","84775342"
"chr2","91714788","91715055","chr3","111189894","111190176","58","19475106"
"chr2","91723738","91723918","chr15","26313201","26313371","28","65410537"
"chr2","91950631","91950939","chr15","26071927","26072216","57","65878704"
"chr2","92015014","92015206","chr15","26023509","26023723","29","65991505"
"chr2","92055315","92055654","chr11","95361513","95361842","78","3306198"
"chr2","92231882","92232159","chr15","48075643","48075912","71","44156239"
"chr2","92232262","92232545","chr5","154251993","154252288","66","62019731"
"chr2","92306298","92306588","chr15","25739424","25739709","32","66566874"
"chr2","92363362","92363650","chr2","39175701","39175981","76","53187661"
"chr2","92365446","92365567","chr2","36475059","36475177","20","55890387"
"chr2","92365606","92365795","chr1","188326542","188326728","47","95960936"
"chr2","92377316","92377444","chr2","11695570","11695700","21","80681746"
"chr2","92401512","92401720","chr2","15883450","15883658","48","76518062"
"chr2","92495664","92495925","chr4","159242068","159242326","55","66746404"
"chr2","92520791","92521084","chr8","101735110","101735402","57","9214319"
"chr2","92538977","92539225","chr20","21404321","21404577","67","71134656"
"chr2","92539545","92539830","chr12","54760383","54760680","76","37779162"
"chr2","92540550","92540849","chr15","25498790","25499080","52","67041760"
"chr2","92558875","92559001","chr12","26467909","26468038","23","66090966"
"chr2","92559346","92559626","chr20","10487182","10487445","75","82072164"
"chr2","92738378","92738707","chr1","185506876","185507173","98","92768498"
"chr2","92740505","92740697","chr10","56062622","56062824","51","36677883"
"chr2","92825496","92825622","chr9","37986103","37986239","26","54839393"
"chr2","92852115","92852248","chr5","90819875","90820001","29","2032240"
"chr2","92852565","92852735","chr22","15794310","15794478","31","77058255"
"chr2","92867780","92867900","chr17","73961152","73961276","26","18906628"
"chr2","92873085","92873178","chr12","107606116","107606200","28","14733031"
"chr2","92878863","92878971","chrX","51170656","51170763","25","41708207"
"chr2","92901750","92901894","chr6","142617377","142617514","41","49715627"
"chr2","92901922","92902040","chr18","26886834","26886951","22","66015088"
"chr2","92904713","92904930","chr9","35661211","35661407","67","57243502"
"chr2","92918011","92918240","chr15","25115181","25115398","50","67802830"
"chr2","92947462","92947681","chr12","53663232","53663452","45","39284230"
"chr2","92952913","92953188","chr10","115656334","115656612","67","22703421"
"chr2","92986262","92986415","chr10","117855645","117855799","33","24869383"
"chr2","92986733","92986897","chr1","192074532","192074680","55","99087799"
"chr2","93088062","93088188","chr6","47304979","47305106","24","45783083"
"chr2","93099967","93100084","chr2","63796578","63796696","22","29303389"
"chr2","93181497","93181659","chr12","44335289","44335454","29","48846208"
"chr2","93181967","93182145","chr5","94028788","94028961","37","846821"
"chr2","93284343","93284637","chr15","24777835","24778133","62","68506508"
"chr2","93300249","93300367","chr11","130077116","130077231","26","36776867"
"chr2","93306163","93306291","chr2","18614959","18615091","32","74691204"
"chr2","93306844","93306892","chr5","125243838","125243878","10","31936994"
"chr2","93311291","93311579","chr22","27343527","27343816","62","65967764"
"chr2","93319444","93319714","chr15","24755894","24756142","55","68563550"
"chr2","93343360","93343614","chr15","24734099","24734367","74","68609261"
"chr2","93367922","93367978","chr3","164558067","164558123","5","71190145"
"chr2","93379754","93379885","chr1","14294163","14294293","23","79085591"
"chr2","93395486","93395772","chr15","24673370","24673658","48","68722116"
"chr2","93518140","93518448","chr16","1418834","1419135","74","92099306"
"chr2","93524826","93525098","chr15","24600644","24600929","49","68924182"
"chr2","93529941","93530108","chr14","25233657","25233832","34","68296284"
"chr2","93542513","93542721","chr18","11168512","11168701","51","82374001"
"chr2","93564998","93565295","chr15","24558345","24558646","53","69006653"
"chr2","93566265","93566546","chr2","11757725","11758011","72","81808540"
"chr2","93568444","93568723","chr15","24554725","24554994","40","69013719"
"chr2","93570093","93570235","chr16","43800043","43800177","25","49770050"
"chr2","93576376","93576498","chr9","65816955","65817079","19","27759421"
"chr2","93618892","93619014","chr9","21660421","21660545","16","71958471"
"chr2","93636008","93636306","chr10","114838607","114838907","59","21202599"
"chr2","93704240","93704377","chr15","24426759","24426896","12","69277481"
"chr2","93758057","93758177","chr10","9062820","9062938","17","84695237"
"chr2","93761664","93761934","chr15","24376390","24376661","47","69385274"
"chr2","93778467","93778725","chr6","67225575","67225851","65","26552892"
"chr2","93784444","93784737","chr15","24354500","24354789","57","69429944"
"chr2","93826802","93826997","chr15","20611899","20612093","55","73214903"
"chr2","93836484","93836619","chr1","180762759","180762888","35","86926275"
"chr2","93935078","93935369","chr9","38433850","38434138","72","55501228"
"chr2","93945697","93945925","chr4","88749296","88749521","70","5196401"
"chr2","93975776","93975944","chr6","35395508","35395648","47","58580268"
"chr2","93980250","93980437","chr5","80122972","80123152","40","13857278"
"chr2","93998708","93998841","chr15","24131587","24131721","19","69867121"
"chr2","94001273","94001402","chr15","24130259","24130388","16","69871014"
"chr2","94090103","94090224","chr11","128205151","128205252","30","34115048"
"chr2","94090525","94090678","chr20","23307328","23307479","41","70783197"
"chr2","94150177","94150465","chr2","12288665","12288939","63","81861512"
"chr2","94154616","94154883","chrX","97085588","97085857","61","2930972"
"chr2","94185335","94185380","chr15","23966155","23966200","2","70219180"
"chr2","94208765","94208886","chr5","24084987","24085108","23","70123778"
"chr2","94216068","94216319","chr2","53119753","53120007","56","41096315"
"chr2","94222237","94222470","chr6","50030186","50030414","69","44192051"
"chr2","94261984","94262292","chr1","118797181","118797481","63","24535197"
"chr2","94267217","94267344","chr6","44075624","44075754","13","50191593"
"chr2","94275459","94275624","chr15","23913914","23914068","23","70361545"
"chr2","94289088","94289394","chr22","32315972","32316276","62","61973116"
"chr2","94317988","94318299","chr15","23885241","23885535","52","70432747"
"chr2","94398742","94399031","chr13","60354203","60354490","60","34044539"
"chr2","94405792","94405928","chr2","1983485","1983615","20","92422307"
"chr2","94444900","94445070","chr4","35718965","35719129","51","58725935"
"chr2","94457156","94457442","chr15","23781453","23781733","59","70675703"
"chr2","94488221","94488505","chr15","23746226","23746524","57","70741995"
"chr2","94519115","94519264","chr15","23719583","23719726","22","70799532"
"chr2","94523472","94523602","chr16","46329569","46329700","22","48193903"
"chr2","94523898","94524052","chr3","5910863","5911020","34","88613035"
"chr2","94545805","94545935","chr7","51683975","51684102","22","42861830"
"chr2","94554069","94554357","chr18","33187573","33187871","67","61366496"
"chr2","94672216","94672490","chr15","23560477","23560758","60","71111739"
"chr2","94707540","94707731","chr1","165270882","165271074","51","70563342"
"chr2","94738560","94738677","chr4","150299411","150299526","31","55560851"
"chr2","94755951","94756259","chr1","21430763","21431070","66","73325188"
"chr2","94783560","94783675","chr1","206201103","206201214","23","111417543"
"chr2","94792539","94792835","chr4","108467740","108468029","70","13675201"
"chr2","94804357","94804489","chr1","98656756","98656886","25","3852399"
"chr2","94805324","94805629","chr15","23410092","23410405","61","71395232"
"chr2","94810934","94811218","chr6","132636838","132637115","72","37825904"
"chr2","94811226","94811333","chr5","131662296","131662401","24","36851070"
"chr2","94835545","94835676","chr1","38075302","38075428","29","56760243"
"chr2","94877012","94877136","chr10","20521071","20521195","22","74355941"
"chr2","94877229","94877353","chr15","23338745","23338866","14","71538484"
"chr2","94906300","94906610","chr15","23309324","23309627","62","71596976"
"chr2","94907553","94907789","chr6","130883982","130884209","60","35976429"
"chr2","94910240","94910367","chr15","23305889","23306016","13","71604351"
"chr2","94947454","94947670","chr7","75427691","75427912","47","19519763"
"chr2","94974338","94974644","chr1","96846672","96846981","58","1872334"
"chr2","95002351","95002649","chr8","87725031","87725339","62","7277320"
"chr2","95007792","95007889","chr11","128205151","128205252","21","33197359"
"chr2","95029636","95029917","chr15","23126722","23127007","38","71902914"
"chr2","95035258","95035551","chr8","105343725","105344018","53","10308467"
"chr2","95057463","95057587","chr1","202423319","202423445","14","107365856"
"chr2","95077117","95077408","chrX","15505273","15505563","58","79571844"
"chr2","95087388","95087451","chr9","112827727","112827792","14","17740339"
"chr2","95120255","95120588","chr7","31899128","31899441","82","63221127"
"chr2","95124371","95124639","chr3","151221445","151221703","69","56097074"
"chr2","95126559","95126646","chr22","24396342","24396427","15","70730217"
"chr2","95160669","95160968","chr15","23011070","23011371","46","72149599"
"chr2","95162488","95162650","chr20","20671177","20671335","36","74491311"
"chr2","95215995","95216296","chr15","22965357","22965645","32","72250638"
"chr2","95227832","95228123","chr7","18926841","18927131","62","76300991"
"chr2","95255954","95256264","chrX","52367656","52367966","65","42888298"
"chr2","95283230","95283520","chr15","22897931","22898210","63","72385299"
"chr2","95302091","95302246","chr15","22878550","22878698","19","72423541"
"chr2","95325554","95325862","chr2","153911331","153911638","73","58585777"
"chr2","95386907","95387039","chr1","177356345","177356479","19","81969438"
"chr2","95387938","95388237","chr15","22790219","22790528","49","72597719"
"chr2","95416175","95416470","chr15","22760977","22761273","50","72655198"
"chr2","95425202","95425324","chrX","47621577","47621698","23","47803625"
"chr2","95425325","95425596","chr15","22751776","22752046","43","72673549"
"chr2","95444874","95445166","chr15","22732881","22733172","38","72711993"
"chr2","95461220","95461395","chr1","129159547","129159726","40","33698327"
"chr2","95461709","95461833","chr13","61724743","61724866","29","33736966"
"chr2","95582287","95582606","chr15","22596776","22597068","54","72985511"
"chr2","95616358","95616481","chr17","18697273","18697397","18","76919085"
"chr2","95789043","95789352","chr15","22426011","22426310","44","73363032"
"chr2","95808512","95808769","chr15","22405422","22405677","30","73403090"
"chr2","95825320","95825619","chr15","22390526","22390815","45","73434794"
"chr2","96003872","96003942","chr15","22223422","22223491","12","73780450"
"chr2","96005152","96005221","chr15","22223422","22223491","13","73781730"
"chr2","96030935","96031065","chr15","22196676","22196805","12","73834259"
"chr2","96032355","96032651","chr15","67237558","67237845","59","28794797"
"chr2","96123918","96124050","chr3","166227051","166227178","25","70103133"
"chr2","96149047","96149338","chr2","47003368","47003657","67","49145679"
"chr2","96158365","96158539","chr9","9322409","9322577","43","86835956"
"chr2","96213446","96213568","chr12","13754352","13754471","21","82459094"
"chr2","96392024","96392291","chr15","51865667","51865954","72","44526357"
"chr2","96543828","96543846","chrX","39423061","39423078","8","57120767"
"chr2","96543880","96543980","chr17","53768712","53768813","28","42775168"
"chr2","96584830","96585104","chr15","21662837","21663107","44","74921993"
"chr2","96586599","96586725","chr15","21661243","21661369","18","74925356"
"chr2","96642190","96642426","chr15","21605894","21606139","38","75036296"
"chr2","96702708","96702962","chr15","21549686","21549946","41","75153022"
"chr2","96809460","96809617","chr4","110627661","110627822","46","13818201"
"chr2","96847502","96847759","chr15","68263695","68263949","71","28583807"
"chr2","96888361","96888599","chr1","194070755","194070982","61","97182394"
"chr2","96904009","96904329","chr7","31899128","31899441","71","65004881"
"chr2","96967492","96967762","chr15","21289743","21290009","48","75677749"
"chr2","96982518","96982807","chr15","1543849","1544150","62","95438669"
"chr2","97034979","97035285","chr4","83717239","83717535","56","13317740"
"chr2","97057963","97058250","chr7","38106401","38106679","60","58951562"
"chr2","97218701","97219008","chrX","37220316","37220589","76","59998385"
"chr2","97307186","97307454","chr15","20955810","20956071","33","76351376"
"chr2","97371380","97371506","chr11","120560318","120560450","23","23188938"
"chr2","97424343","97424460","chr7","74897348","74897465","12","22526995"
"chr2","97497894","97498185","chr5","129507595","129507893","67","32009701"
"chr2","97564164","97564485","chr1","13153250","13153558","79","84410914"
"chr2","97601415","97601533","chr15","20637951","20638071","13","76963464"
"chr2","97624294","97624430","chr5","72732483","72732615","19","24891811"
"chr2","97624724","97624892","chr2","13959772","13959938","41","83664952"
"chr2","97693515","97693634","chr16","49500808","49500932","38","48192707"
"chr2","97693936","97694031","chr10","83279405","83279503","18","14414531"
"chr2","97766682","97766856","chr15","20492282","20492454","33","77274400"
"chr2","97778077","97778212","chr7","136788134","136788270","25","39010057"
"chr2","97778478","97778662","chrX","122485422","122485601","39","24706944"
"chr2","97826375","97826623","chr1","193722242","193722500","51","95895867"
"chr2","97881556","97881639","chr1","142062442","142062519","17","44180886"
"chr2","97973251","97973446","chr1","173411736","173411920","55","75438485"
"chr2","97973735","97973838","chr7","145332012","145332107","18","47358277"
"chr2","97997659","97997956","chr15","20299814","20300100","44","77697845"
"chr2","98073620","98073902","chr15","20246550","20246829","44","77827070"
"chr2","98107337","98107575","chr7","136534238","136534453","58","38426901"
"chr2","98108571","98108707","chr5","89542035","89542171","21","8566536"
"chr2","98132927","98133052","chr15","20173282","20173415","15","77959645"
"chr2","98262557","98262839","chr15","20098469","20098753","39","78164088"
"chr2","98265224","98265345","chr5","31305611","31305733","24","66959613"
"chr2","98265406","98265699","chr15","20095427","20095718","48","78169979"
"chr2","98272103","98272332","chrX","137328971","137329200","56","39056868"
"chr2","98284963","98285106","chr12","29176000","29176144","25","69108963"
"chr2","98285398","98285572","chr10","86734476","86734643","32","11550922"
"chr2","98295074","98295383","chr2","1128220","1128520","57","97166854"
"chr2","98350459","98350755","chr15","20015479","20015759","53","78334980"
"chr2","98448557","98448826","chr15","19900437","19900733","56","78548120"
"chr2","98524697","98524954","chr15","19820993","19821236","36","78703704"
"chr2","98574647","98574922","chr15","19769646","19769911","45","78805001"
"chr2","98675638","98675922","chr8","74550433","74550733","67","24125205"
"chr2","98835368","98835501","chr15","19484052","19484183","14","79351316"
"chr2","98924192","98924477","chr15","19385673","19385958","43","79538519"
"chr2","98935353","98935658","chr5","43489301","43489607","64","55446052"
"chr2","99366607","99366739","chr4","13599154","13599281","26","85767453"
"chr2","99367037","99367185","chr16","19741507","19741659","35","79625530"
"chr2","100031933","100032198","chr5","131081538","131081815","62","31049605"
"chr2","100064800","100064976","chr17","72963080","72963246","33","27101720"
"chr2","100073592","100073784","chr7","42729123","42729310","42","57344469"
"chr2","100169795","100170090","chr11","65330058","65330354","62","34839737"
"chr2","100171856","100172148","chr5","106632","106929","66","100065224"
"chr2","100239868","100240030","chr5","79470509","79470673","36","20769359"
"chr2","100306392","100306441","chr2","46888305","46888351","11","53418087"
"chr2","100531215","100531492","chr17","72507245","72507532","53","28023970"
"chr2","100576948","100577087","chr12","65595305","65595445","23","34981643"
"chr2","100646900","100647184","chr13","28175400","28175686","63","72471500"
"chr2","100657427","100657550","chr17","72378494","72378616","12","28278933"
"chr2","100688866","100689169","chr17","72346169","72346468","54","28342697"
"chr2","100703537","100703835","chr5","157943846","157944152","69","57240309"
"chr2","100705495","100705556","chr3","121693712","121693777","11","20988217"
"chr2","100744513","100744803","chr17","72312812","72313095","62","28431701"
"chr2","100855857","100856114","chr6","30883695","30883969","74","69972162"
"chr2","100895498","100895616","chr17","72182363","72182481","11","28713135"
"chr2","100952408","100952660","chr3","150777865","150778127","56","49825457"
"chr2","100997939","100998209","chr7","122885667","122885928","67","21887728"
"chr2","101199063","101199237","chr5","99050194","99050359","52","2148869"
"chr2","101285915","101286195","chr9","106173665","106173947","59","4887750"
"chr2","101297780","101298108","chr4","139043565","139043889","65","37745785"
"chr2","101338051","101338335","chr8","4156638","4156919","63","97181413"
"chr2","101385181","101385458","chr5","137246805","137247081","63","35861624"
"chr2","101501698","101501986","chr17","71618125","71618420","41","29883573"
"chr2","101571546","101571837","chr17","71543975","71544277","39","30027571"
"chr2","101735128","101735429","chr5","77673067","77673368","72","24062061"
"chr2","102081629","102081923","chr7","70529533","70529824","68","31552096"
"chr2","102129452","102129542","chr10","55209582","55209674","14","46919870"
"chr2","102130082","102130119","chr9","94865050","94865087","8","7265032"
"chr2","102144785","102145070","chr17","70942171","70942463","41","31202614"
"chr2","102231838","102232125","chr17","70878327","70878622","44","31353511"
"chr2","102252574","102252872","chr3","137990398","137990702","61","35737824"
"chr2","102253165","102253465","chr7","53815922","53816220","68","48437243"
"chr2","102288096","102288396","chr1","118797181","118797481","53","16509085"
"chr2","102387103","102387237","chr7","136413230","136413360","30","34026127"
"chr2","102396900","102397191","chr3","174308163","174308443","72","71911263"
"chr2","102466222","102466506","chr17","70641382","70641649","39","31824840"
"chr2","102490401","102490715","chrX","44065324","44065634","63","58425077"
"chr2","102538894","102539193","chr17","70558011","70558306","41","31980883"
"chr2","103017438","103017734","chr17","70089308","70089602","41","32928130"
"chr2","103250311","103250499","chr2","54552842","54553032","45","48697469"
"chr2","103291107","103291385","chr2","7531437","7531716","72","95759670"
"chr2","103298793","103299084","chr17","69884820","69885119","53","33413973"
"chr2","103326614","103326877","chr17","69851001","69851264","46","33475613"
"chr2","103510354","103510631","chr17","69642894","69643205","58","33867460"
"chr2","104107680","104107976","chr22","4741700","4742003","63","99365980"
"chr2","104359523","104359824","chr1","14322710","14323002","68","90036813"
"chr2","104376462","104376736","chr17","68842325","68842595","45","35534137"
"chr2","104418489","104418762","chr17","68805158","68805439","37","35613331"
"chr2","104454501","104454742","chr7","51465389","51465618","54","52989112"
"chr2","104455776","104456062","chr17","68768879","68769148","46","35686897"
"chr2","104575822","104575950","chr5","127901579","127901706","19","23325757"
"chr2","104594339","104594623","chr17","68627140","68627430","36","35967199"
"chr2","104682541","104682846","chr4","78445232","78445538","59","26237309"
"chr2","104687617","104687929","chr12","5732028","5732332","74","98955589"
"chr2","104733853","104734158","chrX","13810174","13810484","70","90923679"
"chr2","105296347","105296546","chr17","67913585","67913774","40","37382762"
"chr2","105401348","105401611","chr13","99615094","99615355","60","5786254"
"chr2","105446041","105446172","chr7","136413230","136413360","20","30967189"
"chr2","105500854","105501172","chr8","75873726","75874038","62","29627128"
"chr2","105508368","105508670","chr17","67696787","67697088","48","37811581"
"chr2","105537664","105537968","chr22","42279747","42280044","61","63257917"
"chr2","105618421","105618542","chr1","106234261","106234385","20","615840"
"chr2","105625208","105625392","chr10","89565570","89565748","43","16059638"
"chr2","105646635","105646715","chr17","67636229","67636314","14","38010406"
"chr2","105664786","105664847","chr2","8674236","8674291","12","96990550"
"chr2","105726029","105726312","chr5","108117893","108118172","57","2391864"
"chr2","105831302","105831567","chr16","71714174","71714446","61","34117128"
"chr2","105833931","105834227","chr1","150763613","150763909","66","44929682"
"chr2","105876220","105876513","chr17","67427923","67428206","49","38448297"
"chr2","105885915","105886198","chr6","117705099","117705381","66","11819184"
"chr2","105906642","105906930","chr17","67410552","67410826","56","38496090"
"chr2","105921740","105922038","chr2","129413288","129413585","65","23491548"
"chr2","105940894","105941236","chr17","67370262","67370633","81","38570632"
"chr2","106049058","106049198","chr1","190676536","190676671","26","84627478"
"chr2","106237906","106238112","chr4","37396090","37396294","46","68841816"
"chr2","106255442","106255746","chr15","8243920","8244220","42","98011522"
"chr2","106490558","106490785","chr2","7577397","7577640","52","98913161"
"chr2","106845405","106845717","chr18","1723868","1724182","68","105121537"
"chr2","106875336","106875549","chr1","155155306","155155510","43","48279970"
"chr2","106903851","106903981","chr2","170813628","170813760","21","63909777"
"chr2","107061588","107061902","chr8","75873726","75874038","61","31187862"
"chr2","107089553","107089761","chr19","25822194","25822397","61","81267359"
"chr2","107111956","107112152","chr19","25822194","25822397","50","81289762"
"chr2","107313015","107313139","chr7","72033791","72033913","19","35279224"
"chr2","107330007","107330240","chr15","7310328","7310557","42","100019679"
"chr2","107336517","107336796","chr16","71714174","71714446","55","35622343"
"chr2","107350824","107350955","chr1","98656756","98656886","32","8694068"
"chr2","107376144","107376433","chr10","14728635","14728926","56","92647509"
"chr2","107436726","107437034","chr15","7201450","7201743","50","100235276"
"chr2","107511662","107511971","chr7","81210361","81210666","66","26301301"
"chr2","107518083","107518379","chr17","67410552","67410826","74","40107531"
"chr2","107534230","107534376","chr12","11035256","11035394","24","96498974"
"chr2","107534988","107535156","chr5","112318082","112318244","34","4783094"
"chr2","107611332","107611609","chr15","7047585","7047865","34","100563747"
"chr2","107661497","107661792","chr9","45335801","45336101","55","62325696"
"chr2","107689667","107689964","chr14","80754932","80755229","56","26934735"
"chr2","107846681","107846788","chr10","118338020","118338120","30","10491339"
"chr2","108285413","108285729","chr15","6341739","6342054","35","101943674"
"chr2","108591576","108591870","chr13","36414491","36414784","54","72177085"
"chr2","108785922","108786233","chr3","39544873","39545188","61","69241049"
"chr2","108920089","108920315","chr15","5728544","5728760","34","103191545"
"chr2","108942472","108942782","chr5","140459961","140460270","68","31517489"
"chr2","108972994","108973221","chr5","123795629","123795854","58","14822635"
"chr2","108994675","108994977","chr3","52306328","52306620","67","56688347"
"chr2","109062380","109062674","chr1","171173294","171173582","56","62110914"
"chr2","109068836","109069172","chr15","5604420","5604714","75","103464416"
"chr2","109123019","109123155","chr12","26467909","26468038","22","82655110"
"chr2","109224818","109225095","chr15","4479259","4479540","66","104745559"
"chr2","109237791","109237915","chr1","106642431","106642552","19","2595360"
"chr2","109247500","109247788","chr2","56563942","56564231","68","52683558"
"chr2","109283029","109283275","chr12","112333911","112334156","68","3050882"
"chr2","109300597","109300866","chr7","57769692","57769967","67","51530905"
"chr2","109385508","109385810","chr15","5296529","5296830","41","104088979"
"chr2","109474531","109474559","chr1","147394521","147394551","11","37919990"
"chr2","109474591","109474745","chr2","14530879","14531029","42","94943712"
"chr2","109475017","109475167","chr9","100741503","100741636","33","8733514"
"chr2","109484014","109484205","chr1","188326542","188326728","40","78842528"
"chr2","109514414","109514625","chr22","28354376","28354591","53","81160038"
"chr2","109532217","109532528","chrX","62411395","62411707","64","47120822"
"chr2","109963092","109963261","chr8","116151308","116151472","28","6188216"
"chr2","109963569","109963707","chr7","57359333","57359475","31","52604236"
"chr2","109976511","109976808","chr15","4770288","4770583","42","105206223"
"chr2","109980770","109981064","chr15","22944454","22944738","79","87036316"
"chr2","110019347","110019649","chr7","70529533","70529824","62","39489814"
"chr2","110102930","110103166","chr15","4646602","4646847","60","105456328"
"chr2","110117856","110118078","chr15","4630138","4630362","30","105487718"
"chr2","110209524","110209760","chr15","4529839","4530073","34","105679685"
"chr2","110393734","110393998","chr11","82250190","82250457","63","28143544"
"chr2","110396630","110396802","chr14","41753195","41753370","51","68643435"
"chr2","110968555","110968863","chr15","3806229","3806518","49","107162326"
"chr2","111009451","111009731","chr5","43481946","43482233","53","67527505"
"chr2","111019920","111020226","chr1","79686163","79686476","66","31333757"
"chr2","111261978","111262263","chr15","3500640","3500914","40","107761338"
"chr2","111278760","111278888","chr12","106919819","106919948","27","4358941"
"chr2","111292915","111293151","chr15","3466272","3466508","34","107826643"
"chr2","111294404","111294699","chrX","63901568","63901868","66","47392836"
"chr2","111396361","111396482","chrY","96220","96343","19","111300141"
"chr2","111409718","111410011","chr11","65462769","65463069","59","45946949"
"chr2","111422007","111422300","chr4","13667055","13667352","66","97754952"
"chr2","111432781","111432861","chr15","3320888","3320956","21","108111893"
"chr2","111552176","111552406","chrX","16925992","16926221","50","94626184"
"chr2","111572379","111572670","chr15","3191331","3191607","42","108381048"
"chr2","111857387","111857615","chr6","157676492","157676717","68","45819105"
"chr2","111964696","111964875","chr11","90846578","90846753","45","21118118"
"chr2","112184403","112184702","chr11","120858293","120858589","55","8673890"
"chr2","112236522","112236754","chr1","181981211","181981446","62","69744689"
"chr2","112357448","112357708","chr12","11198245","11198513","78","101159203"
"chr2","112431059","112431210","chr9","113573097","113573249","32","1142038"
"chr2","113533533","113533846","chr8","55165951","55166255","67","58367582"
"chr2","113535817","113536082","chr15","1333461","1333747","53","112202356"
"chr2","113579828","113580130","chr4","110955984","110956276","71","2623844"
"chr2","113628497","113628814","chr15","1266556","1266866","59","112361941"
"chr2","113650419","113650720","chr15","1240945","1241233","47","112409474"
"chr2","113661696","113661977","chr15","1224783","1225066","33","112436913"
"chr2","113679486","113679711","chr22","37704800","37705025","53","75974686"
"chr2","113777175","113777497","chr5","101404898","101405201","79","12372277"
"chr2","113832731","113832866","chr15","1071331","1071453","25","112761400"
"chr2","113849279","113849581","chr13","44115059","44115365","70","69734220"
"chr2","113876929","113877231","chr13","36876265","36876554","65","77000664"
"chr2","113890821","113891104","chr5","125877212","125877479","84","11986391"
"chr2","114020278","114020526","chr7","75427691","75427912","66","38592587"
"chr2","114113790","114113936","chr15","24302989","24303141","38","89810801"
"chr2","114130204","114130333","chr10","27220287","27220416","24","86909917"
"chr2","114204853","114205108","chr8","4141665","4141912","57","110063188"
"chr2","114319275","114319466","chr7","81009046","81009220","55","33310229"
"chr2","114336040","114336289","chr15","599245","599489","28","113736795"
"chr2","115315263","115315451","chr3","176020853","176021049","31","60705590"
"chr2","115466143","115466440","chr17","690786","691076","58","114775357"
"chr2","115793420","115793681","chr10","99013193","99013451","66","16780227"
"chr2","115904700","115905028","chr5","4000666","4000984","75","111904034"
"chr2","116124727","116125040","chr2","153911331","153911638","72","37786604"
"chr2","116146700","116146996","chr7","79834187","79834474","53","36312513"
"chr2","116153701","116154008","chr7","151690932","151691249","69","35537231"
"chr2","116160711","116160977","chr4","151964886","151965141","61","35804175"
"chr2","116310440","116310728","chr4","25902460","25902744","66","90407980"
"chr2","116310835","116311109","chr7","122885667","122885928","71","6574832"
"chr2","116633401","116633703","chr3","151344768","151345065","62","34711367"
"chr2","116684872","116685174","chr17","1914863","1915145","45","114770009"
"chr2","116703545","116703835","chr17","1928740","1929011","62","114774805"
"chr2","117302163","117302323","chr16","67092085","67092238","48","50210078"
"chr2","118033832","118034089","chr17","3241414","3241686","62","114792418"
"chr2","118102402","118102533","chr17","3315802","3315933","19","114786600"
"chr2","118473436","118473731","chr17","3672487","3672778","58","114800949"
"chr2","118664672","118664957","chr1","166931846","166932134","70","48267174"
"chr2","118695682","118695977","chr17","3882380","3882644","60","114813302"
"chr2","119079368","119079496","chr4","10682357","10682488","29","108397011"
"chr2","119364243","119364525","chr22","31139189","31139466","59","88225054"
"chr2","119364590","119364608","chr15","42742025","42742041","5","76622565"
"chr2","119604874","119605178","chr17","4771924","4772219","54","114832950"
"chr2","119786370","119786672","chr8","107839515","107839806","70","11946855"
"chr2","119824683","119824948","chr7","42719837","42720106","68","77104846"
"chr2","120121983","120122261","chr17","5237414","5237709","61","114884569"
"chr2","120390470","120390588","chr22","27973712","27973825","25","92416758"
"chr2","120422578","120422696","chr14","84202406","84202526","23","36220172"
"chr2","120492603","120492725","chr22","31429278","31429404","22","89063325"
"chr2","120932432","120932555","chr17","5989328","5989449","16","114943104"
"chr2","121038014","121038176","chrX","16685526","16685679","42","104352488"
"chr2","121038487","121038612","chrX","69342191","69342313","30","51696296"
"chr2","121070872","121070931","chr3","81229711","81229764","11","39841161"
"chr2","121072621","121072923","chr17","6154024","6154328","48","114918597"
"chr2","121081442","121081730","chr1","204152923","204153211","70","83071481"
"chr2","121184255","121184557","chr15","72518938","72519246","57","48665317"
"chr2","121535752","121536041","chr7","132179583","132179874","51","10643831"
"chr2","121578767","121579052","chr4","130200734","130201024","75","8621967"
"chr2","121596201","121596320","chr8","72446713","72446836","22","49149488"
"chr2","121764973","121765258","chr9","115599283","115599567","65","6165690"
"chr2","121778884","121779052","chr10","74699647","74699806","50","47079237"
"chr2","121892978","121893297","chr2","7562360","7562664","78","114330618"
"chr2","121911444","121911756","chr2","18917278","18917580","74","102994166"
"chr2","121958074","121958236","chr17","7010438","7010584","29","114947636"
"chr2","122020548","122020834","chr10","13257728","13258031","65","108762820"
"chr2","122021865","122021988","chr17","7075872","7076000","16","114945993"
"chr2","122044265","122044580","chr17","7104480","7104783","61","114939785"
"chr2","122156502","122156814","chr17","7240314","7240620","50","114916188"
"chr2","122315467","122315768","chr17","7405072","7405362","51","114910395"
"chr2","122347755","122348015","chr11","95452964","95453219","57","26894791"
"chr2","122381979","122382271","chr18","3013302","3013589","64","119368677"
"chr2","122423505","122423791","chr17","7514541","7514820","39","114908964"
"chr2","122614262","122614398","chr2","170813628","170813760","28","48199366"
"chr2","122792774","122793053","chr17","7912923","7913195","40","114879851"
"chr2","122812922","122813208","chr15","90789706","90789988","51","32023216"
"chr2","122842961","122843258","chr7","70722916","70723210","59","52120045"
"chr2","122849955","122850247","chr15","62163451","62163742","68","60686504"
"chr2","122964111","122964409","chr9","53523121","53523415","56","69440990"
"chr2","123347326","123347461","chr2","170813628","170813760","23","47466302"
"chr2","123408966","123409193","chr20","7006338","7006572","68","116402628"
"chr2","123455327","123455624","chr12","48712370","48712665","63","74742957"
"chr2","123483398","123483691","chr17","8602940","8603232","62","114880458"
"chr2","123483757","123484037","chr1","155032190","155032474","56","31548433"
"chr2","123520037","123520332","chrX","14050766","14051067","72","109469271"
"chr2","123525548","123525841","chr17","8652711","8653000","37","114872837"
"chr2","123545459","123545776","chr19","25462592","25462883","95","98082867"
"chr2","123609569","123609751","chr7","44938611","44938794","41","78670958"
"chr2","123625145","123625413","chr17","8754933","8755217","44","114870212"
"chr2","123627854","123628160","chr9","16269953","16270254","74","107357901"
"chr2","123690868","123691142","chr17","8780127","8780395","46","114910741"
"chr2","123828870","123828992","chr9","112874431","112874552","30","10954439"
"chr2","123875353","123875662","chr14","36457155","36457448","74","87418198"
"chr2","123909515","123909669","chr10","74699647","74699806","33","49209868"
"chr2","123990013","123990223","chr11","14362144","14362363","58","109627869"
"chr2","124092428","124092718","chr17","9177067","9177350","57","114915361"
"chr2","124261036","124261288","chr5","11324319","11324582","70","112936717"
"chr2","124856925","124857234","chr17","9910583","9910871","58","114946342"
"chr2","124878065","124878298","chr17","9930859","9931082","34","114947206"
"chr2","125245153","125245348","chr7","88263908","88264094","49","36981245"
"chr2","125442733","125443022","chr17","10444438","10444734","45","114998295"
"chr2","125912022","125912304","chr7","89477939","89478225","70","36434083"
"chr2","126185689","126185814","chr11","14480143","14480271","20","111705546"
"chr2","126548656","126548961","chr17","11455868","11456190","58","115092788"
"chr2","127055084","127055261","chr11","65243879","65244052","48","61811205"
"chr2","127095833","127096028","chr17","11873161","11873324","50","115222672"
"chr2","127338485","127338710","chr4","82284539","82284730","76","45053946"
"chr2","127573859","127574160","chr21","45087700","45087986","82","82486159"
"chr2","127869048","127869334","chr5","9587600","9587868","70","118281448"
"chr2","128674259","128674576","chr5","42579144","42579455","62","86095115"
"chr2","129141448","129141710","chr3","184526780","184527046","56","55385332"
"chr2","129342850","129343031","chr17","13341372","13341546","29","116001478"
"chr2","129395715","129395995","chr3","26556188","26556454","72","102839527"
"chr2","129473928","129474233","chr2","153911331","153911638","67","24437403"
"chr2","129743443","129743561","chr1","77240426","77240541","23","52503017"
"chr2","130520918","130521199","chr1","9473724","9473997","79","121047194"
"chr2","130522665","130522963","chr2","137583704","137583996","67","7061039"
"chr2","130787714","130788059","chr15","2545849","2546167","85","128241865"
"chr2","131095569","131095868","chr14","21286699","21286994","80","109808870"
"chr2","131641709","131641862","chr1","106665366","106665523","41","24976343"
"chr2","131780051","131780295","chr19","49373586","49373842","75","82406465"
"chr2","131796635","131796757","chr7","88249433","88249555","25","43547202"
"chr2","132006195","132006288","chr8","78876170","78876262","30","53130025"
"chr2","132008324","132008367","chr6","84243233","84243274","5","47765091"
"chr2","132442137","132442446","chr13","40050342","40050639","73","92391795"
"chr2","132529886","132530169","chr1","173223827","173224106","76","40693941"
"chr2","133397589","133397898","chr13","64433942","64434240","68","68963647"
"chr2","133419343","133419638","chr17","16020553","16020854","46","117398790"
"chr2","133465560","133465847","chr17","16064476","16064753","60","117401084"
"chr2","133545933","133546061","chr9","21660421","21660545","21","111885512"
"chr2","133962280","133962523","chr7","64836205","64836455","61","69126075"
"chr2","134020635","134020867","chr14","71250544","71250783","63","62770091"
"chr2","134186273","134186402","chr17","73458914","73459038","22","60727359"
"chr2","134224317","134224593","chr17","16853227","16853511","40","117371090"
"chr2","134257334","134257465","chr17","16870754","16870881","20","117386580"
"chr2","134258631","134258922","chr17","16872057","16872353","30","117386574"
"chr2","134358123","134358423","chr17","16967822","16968110","46","117390301"
"chr2","134374567","134374837","chr3","38467001","38467266","60","95907566"
"chr2","134413930","134414062","chr10","74474605","74474739","24","59939325"
"chr2","134434970","134435096","chr7","32225551","32225675","17","102209419"
"chr2","134506818","134507111","chr4","107163426","107163721","68","27343392"
"chr2","134522580","134522838","chr3","119295284","119295536","65","15227296"
"chr2","134624150","134624312","chr2","46403915","46404089","45","88220235"
"chr2","134634696","134634988","chrX","27252469","27252755","69","107382227"
"chr2","134689532","134689842","chrUn_GL286208","94483","94798","62","134595049"
"chr2","134694569","134694866","chr15","75255522","75255795","65","59439047"
"chr2","134698919","134699218","chr1","135947783","135948078","68","1248864"
"chr2","134719867","134720152","chr17","17328265","17328569","48","117391602"
"chr2","134740788","134741083","chr17","17345543","17345827","55","117395245"
"chr2","134752325","134752455","chr4","35394758","35394888","22","99357567"
"chr2","134786086","134786131","chr9","9555030","9555072","10","125231056"
"chr2","134837928","134838227","chr14","20962894","20963191","66","113875034"
"chr2","134866378","134866569","chr17","17488958","17489162","29","117377420"
"chr2","135189359","135189657","chr17","17818174","17818467","42","117371185"
"chr2","135604559","135604903","chr2","8422119","8422451","98","127182440"
"chr2","135725004","135725320","chr14","41964274","41964591","63","93760730"
"chr2","135784799","135785136","chr4","161003437","161003756","79","25218638"
"chr2","136199448","136199599","chr5","26420300","26420451","30","109779148"
"chr2","136255435","136255554","chr22","42735756","42735874","24","93519679"
"chr2","136365460","136365751","chr9","92420833","92421114","62","43944627"
"chr2","136365802","136365829","chr4","86330088","86330119","11","50035714"
"chr2","136404306","136404420","chr2","66890768","66890879","27","69513538"
"chr2","136448392","136448684","chr6","60084779","60085077","28","76363613"
"chr2","136563619","136563918","chr4","142943536","142943826","75","6379917"
"chr2","136572697","136572900","chr17","27407013","27407214","30","109165684"
"chr2","136704901","136705184","chrX","17588150","17588404","68","119116751"
"chr2","136807721","136808040","chr3","38015382","38015702","91","98792339"
"chr2","137037435","137037745","chr7","51542166","51542478","61","85495269"
"chr2","137154161","137154320","chr17","26784114","26784272","18","110370047"
"chr2","137205801","137205932","chr6","149077528","149077656","26","11871727"
"chr2","137293498","137293779","chr17","26655587","26655872","38","110637911"
"chr2","137297078","137297211","chr5","133327714","133327847","23","3969364"
"chr2","137310993","137311144","chr1","117180058","117180201","38","20130935"
"chr2","137311876","137312181","chr17","26638218","26638526","51","110673658"
"chr2","137326536","137326815","chr17","26620689","26620973","43","110705847"
"chr2","137335547","137335923","chr17","26612534","26612911","65","110723013"
"chr2","137350655","137350913","chr17","26595559","26595826","37","110755096"
"chr2","137379143","137379322","chr10","4558460","4558636","32","132820683"
"chr2","137400816","137401101","chr17","26556481","26556749","49","110844335"
"chr2","137409958","137410094","chr8","12143571","12143704","36","125266387"
"chr2","137434461","137434583","chr17","26536510","26536632","14","110897951"
"chr2","137487161","137487444","chr17","26505432","26505730","44","110981729"
"chr2","137542962","137543248","chr17","26441515","26441807","52","111101447"
"chr2","137583045","137583168","chr11","14826319","14826438","23","122756726"
"chr2","137920864","137921157","chr17","26063894","26064160","57","111856970"
"chr2","137950943","137951277","chr17","26022715","26023020","84","111928228"
"chr2","137962996","137963272","chr17","26010483","26010744","42","111952513"
"chr2","138131140","138131259","chr1","202769733","202769856","25","64638593"
"chr2","138413152","138413420","chrX","1818606","1818879","63","136594546"
"chr2","138723609","138723930","chr2","55200270","55200573","83","83523339"
"chr2","138747888","138748018","chr17","25299420","25299551","20","113448468"
"chr2","138989113","138989420","chr17","25090666","25090960","62","113898447"
"chr2","139045379","139045611","chr18","38062492","38062711","54","100982887"
"chr2","139076140","139076265","chr5","125448434","125448561","19","13627706"
"chr2","139164341","139164640","chr17","24948495","24948778","53","114215846"
"chr2","139227241","139227361","chr17","24886369","24886477","18","114340872"
"chr2","139235190","139235442","chr11","121542347","121542608","67","17692843"
"chr2","139283084","139283353","chr3","26556188","26556454","74","112726896"
"chr2","139528338","139528634","chr11","17495354","17495655","70","122032984"
"chr2","139659079","139659374","chr17","24537283","24537557","46","115121796"
"chr2","139805352","139805462","chr4","106631117","106631212","34","33174235"
"chr2","139851968","139852269","chr17","24355010","24355310","36","115496958"
"chr2","139915674","139915976","chr17","24298454","24298747","49","115617220"
"chr2","139918094","139918381","chr7","43435989","43436282","44","96482105"
"chr2","139953073","139953196","chr17","24248865","24248986","20","115704208"
"chr2","139969567","139969689","chr9","112492215","112492332","23","27477352"
"chr2","139977513","139977652","chr12","11035256","11035394","28","128942257"
"chr2","139991830","139992077","chr17","24208288","24208510","55","115783542"
"chr2","139999636","139999755","chr5","123966755","123966870","20","16032881"
"chr2","139999787","139999939","chr17","38042932","38043077","36","101956855"
"chr2","140034339","140034629","chr17","24177679","24177968","51","115856660"
"chr2","140129644","140129774","chr17","24136495","24136616","20","115993149"
"chr2","140133392","140133682","chr17","24132399","24132693","37","116000993"
"chr2","140371629","140371929","chr17","23861065","23861350","56","116510564"
"chr2","140847814","140848121","chr17","23401244","23401553","54","117446570"
"chr2","141034238","141034528","chr17","23223716","23223999","61","117810522"
"chr2","141323196","141323475","chr4","144189206","144189486","57","2866010"
"chr2","141401668","141401957","chr17","22910045","22910327","43","118491623"
"chr2","141548682","141548971","chr7","60677817","60678103","60","80870865"
"chr2","141958133","141958427","chr18","36489760","36490055","64","105468373"
"chr2","142007856","142007978","chr22","28812684","28812807","20","113195172"
"chr2","142185132","142185260","chr17","22137868","22137996","12","120047264"
"chr2","142347401","142347705","chr14","74675440","74675747","63","67671961"
"chr2","142361085","142361359","chr1","204073427","204073684","60","61712342"
"chr2","142626002","142626175","chr8","117586126","117586283","57","25039876"
"chr2","142722866","142723039","chr7","21789387","21789560","41","120933479"
"chr2","142723354","142723487","chr10","43599444","43599579","24","99123910"
"chr2","142885291","142885588","chr2","55200270","55200573","62","87685021"
"chr2","142915163","142915454","chr2","8000025","8000324","61","134915138"
"chr2","143072195","143072270","chr15","75346064","75346132","14","67726131"
"chr2","143297185","143297475","chr4","110955984","110956276","58","32341201"
"chr2","144038227","144038538","chr3","153009060","153009353","99","8970833"
"chr2","144245545","144245872","chr4","30939276","30939591","84","113306269"
"chr2","144274355","144274671","chr17","20214932","20215230","59","124059423"
"chr2","144493133","144493441","chr22","37263333","37263633","65","107229800"
"chr2","144529365","144529659","chr1","118797181","118797481","62","25732184"
"chr2","144622700","144622868","chrX","107740639","107740811","39","36882061"
"chr2","144622894","144623013","chr1","154987813","154987928","23","10364919"
"chr2","144915107","144915310","chr16","96451653","96451840","49","48463454"
"chr2","145082922","145083044","chr2","10899863","10899988","18","134183059"
"chr2","145220667","145220790","chr9","65816955","65817079","19","79403712"
"chr2","145492773","145493070","chr17","19090921","19091222","38","126401852"
"chr2","145637369","145637603","chr11","20973291","20973519","50","124664078"
"chr2","145677441","145677724","chr22","8697052","8697338","77","136980389"
"chr2","145747133","145747440","chr17","18809469","18809762","55","126937664"
"chr2","145835995","145836295","chr17","18710912","18711210","35","127125083"
"chr2","145845807","145846037","chr17","18700872","18701076","44","127144935"
"chr2","146964771","146964971","chr6","114679849","114680044","25","32284922"
"chr2","147662292","147662591","chr2","10830367","10830666","67","136831925"
"chr2","147672992","147673168","chr5","110707649","110707822","43","36965343"
"chr2","147908253","147908366","chr2","166452559","166452668","21","18544306"
"chr2","148118064","148118366","chr9","107213490","107213791","56","40904574"
"chr2","148123538","148123698","chr2","14751458","14751615","35","133372080"
"chr2","148123727","148123845","chrX","17631702","17631819","18","130492025"
"chr2","148147900","148148023","chr12","23847472","23847595","20","124300428"
"chr2","148377656","148377933","chr14","48902299","48902576","73","99475357"
"chr2","148465196","148465487","chr6","113268200","113268486","47","35196996"
"chr2","148567290","148567559","chrX","69163604","69163865","69","79403686"
"chr2","148582844","148583122","chrX","120084603","120084880","56","28498241"
"chr2","148766805","148766932","chr4","39582330","39582447","24","109184475"
"chr2","148770754","148771004","chr2","7657045","7657305","60","141113709"
"chr2","148804491","148804615","chr7","78792060","78792184","18","70012431"
"chr2","148868563","148868690","chr4","13599154","13599281","33","135269409"
"chr2","148880812","148881123","chr2","61588962","61589252","67","87291850"
"chr2","148899900","148900158","chr6","112806584","112806830","38","36093316"
"chr2","148928189","148928362","chr12","87228090","87228255","44","61700099"
"chr2","148928663","148928676","chr2","47407563","47407577","6","101521100"
"chr2","148955949","148956074","chr1","135758144","135758264","23","13197805"
"chr2","148982586","148982878","chr11","96291475","96291752","64","52691111"
"chr2","148993665","148993799","chr7","75977346","75977482","26","73016319"
"chr2","149015514","149015694","chr2","36646325","36646502","50","112369189"
"chr2","149015999","149016133","chr5","83386495","83386622","29","65629504"
"chr2","149025477","149025609","chr8","102603197","102603330","26","46422280"
"chr2","149031531","149031661","chr2","10899863","10899988","22","138131668"
"chr2","149031699","149031872","chr2","130203536","130203708","30","18828163"
"chr2","149076465","149076592","chr5","44550770","44550895","20","104525695"
"chr2","149113601","149113883","chr6","112663002","112663283","37","36450599"
"chr2","149139487","149139777","chr6","112637363","112637642","41","36502124"
"chr2","149409582","149409885","chr6","112360195","112360508","47","37049387"
"chr2","149427346","149427509","chr6","112342143","112342307","20","37085203"
"chr2","149758683","149758742","chr5","31641560","31641623","14","118117123"
"chr2","149976962","149977249","chr6","111746086","111746354","58","38230876"
"chr2","150051437","150051746","chr6","111676868","111677175","43","38374569"
"chr2","150162684","150162817","chr2","11695570","11695700","24","138467114"
"chr2","150168187","150168475","chr6","111556287","111556587","43","38611900"
"chr2","150204111","150204393","chr6","111519938","111520202","41","38684173"
"chr2","150418721","150419002","chr6","111286231","111286514","43","39132490"
"chr2","150520486","150520737","chr5","113636296","113636535","66","36884190"
"chr2","150609768","150610078","chr6","111089772","111090083","35","39519996"
"chr2","150631889","150632182","chr6","111060748","111061043","54","39571141"
"chr2","150664374","150664665","chr9","112309848","112310148","69","38354526"
"chr2","150671665","150671833","chr10","86734476","86734643","42","63937189"
"chr2","150671900","150672018","chr1","158983184","158983299","19","8311284"
"chr2","150672062","150672346","chr6","111007071","111007349","59","39664991"
"chr2","150767797","150767929","chr9","43510189","43510319","20","107257608"
"chr2","150788889","150789173","chr1","155032190","155032474","64","4243301"
"chr2","150807301","150807589","chrX","106520726","106521015","66","44286575"
"chr2","150845762","150845905","chr5","78533110","78533241","27","72312652"
"chr2","150930588","150930884","chr1","168328997","168329294","60","17398409"
"chr2","150938619","150938749","chr6","110725734","110725859","19","40212885"
"chr2","150968231","150968513","chr6","110693889","110694174","42","40274342"
"chr2","150979066","150979362","chr6","110681516","110681808","38","40297550"
"chr2","151171176","151171476","chr10","114838607","114838907","66","36332569"
"chr2","151305824","151306133","chr6","110274727","110275021","52","41031097"
"chr2","151813165","151813422","chr6","109828683","109828938","35","41984482"
"chr2","151888779","151889081","chr6","109749531","109749839","48","42139248"
"chr2","152145727","152145961","chr9","14578386","14578616","62","137567341"
"chr2","152165573","152165705","chr2","11695570","11695700","20","140470003"
"chr2","152526628","152526908","chr6","109036861","109037154","54","43489767"
"chr2","153114319","153114439","chr8","85624156","85624277","19","67490163"
"chr2","153462195","153462499","chr17","29000369","29000670","44","124461826"
"chr2","153833961","153834099","chr13","255758","255895","42","153578203"
"chr2","153834150","153834271","chr9","44914588","44914709","21","108919562"
"chr2","153858442","153858740","chr1","205390596","205390862","88","51532154"
"chr2","154310082","154310363","chr17","29754510","29754811","53","124555572"
"chr2","155297199","155297325","chr8","25595258","25595381","19","129701941"
"chr2","155937009","155937307","chr17","31287912","31288207","51","124649097"
"chr2","156000173","156000461","chr4","31255405","31255695","68","124744768"
"chr2","156024466","156024588","chr10","47645070","47645193","19","108379396"
"chr2","156191430","156191545","chrUn_GL286217","106113","106229","25","156085317"
"chr2","156191585","156191602","chr12","22057554","22057568","5","134134031"
"chr2","156425498","156425794","chr2","10263373","10263670","65","146162125"
"chr2","156589824","156590134","chr17","31650716","31651018","47","124939108"
"chr2","157031622","157031929","chr6","86935652","86935955","69","70095970"
"chr2","157368317","157368439","chr17","5989328","5989449","28","151378989"
"chr2","157375088","157375371","chr5","3937324","3937612","69","153437764"
"chr2","157428775","157429051","chr7","38338046","38338321","54","119090729"
"chr2","157614945","157615234","chr14","59365458","59365731","73","98249487"
"chr2","157784903","157785210","chr8","29312697","29313006","59","128472206"
"chr2","158119624","158119911","chr17","32969338","32969623","41","125150286"
"chr2","158124290","158124608","chr17","32973275","32973573","73","125151015"
"chr2","158241373","158241683","chr8","29312697","29313006","58","128928676"
"chr2","158272539","158272848","chr12","25820748","25821062","74","132451791"
"chr2","158385961","158386249","chr17","33237823","33238113","50","125148138"
"chr2","158481725","158482004","chr17","33338010","33338293","37","125143715"
"chr2","158803685","158803906","chr20","35956324","35956549","66","122847361"
"chr2","159158233","159158404","chr7","17785263","17785432","48","141372970"
"chr2","159228221","159228504","chr17","34083042","34083328","41","125145179"
"chr2","159287761","159288064","chr17","34144630","34144934","63","125143131"
"chr2","159326018","159326323","chr1","141447001","141447306","55","17879017"
"chr2","159344019","159344291","chr3","65274685","65274952","58","94069334"
"chr2","159349468","159349592","chr13","86283501","86283625","13","73065967"
"chr2","159365476","159365755","chr1","137030004","137030286","57","22335472"
"chr2","159370789","159371085","chr1","200746044","200746338","59","41375255"
"chr2","159371115","159371264","chr7","57215506","57215649","35","102155609"
"chr2","159377873","159378177","chr17","34233373","34233668","43","125144500"
"chr2","159411534","159411835","chr17","34267095","34267401","45","125144439"
"chr2","159469243","159469525","chr17","34311930","34312218","52","125157313"
"chr2","159482626","159482908","chr5","108117893","108118172","65","51364733"
"chr2","159491498","159491798","chr7","97730148","97730448","59","61761350"
"chr2","159491812","159491945","chr1","180762759","180762888","22","21270947"
"chr2","159583181","159583486","chr4","36261316","36261618","69","123321865"
"chr2","159598432","159598560","chr13","27707086","27707210","27","131891346"
"chr2","159680529","159680703","chr18","35076298","35076464","39","124604231"
"chr2","159680993","159681127","chr21","38022221","38022351","28","121658772"
"chr2","159761505","159761805","chr17","34549753","34550052","40","125211752"
"chr2","159851444","159851739","chrY","1728836","1729131","55","158122608"
"chr2","159855982","159856302","chr13","83898350","83898652","65","75957632"
"chr2","159858111","159858408","chr17","34640244","34640536","45","125217867"
"chr2","159964709","159964815","chr1","101255273","101255376","27","58709436"
"chr2","160113012","160113298","chr6","8665415","8665701","50","151447597"
"chr2","160139447","160139575","chrX","29998235","29998361","17","130141212"
"chr2","160233052","160233344","chrX","20607629","20607919","58","139625423"
"chr2","160314781","160315076","chr19","18021088","18021396","69","142293693"
"chr2","160578992","160579115","chr5","35534219","35534343","17","125044773"
"chr2","160914847","160915152","chr17","35594533","35594823","51","125320314"
"chr2","160964608","160964646","chrX","22328014","22328054","11","138636594"
"chr2","161033287","161033405","chr5","23830381","23830500","21","137202906"
"chr2","161076185","161076488","chr17","35760996","35761289","37","125315189"
"chr2","161556268","161556404","chr17","36268312","36268448","19","125287956"
"chr2","162325936","162326160","chrX","122038265","122038501","63","40287671"
"chr2","162765678","162765968","chr8","106878303","106878595","55","55887375"
"chr2","162892366","162892649","chr17","37542415","37542724","63","125349951"
"chr2","162897687","162897979","chr10","122349107","122349396","60","40548580"
"chr2","162898307","162898431","chr15","94288366","94288482","28","68609941"
"chr2","162956657","162956981","chr17","37623421","37623728","51","125333236"
"chr2","163042269","163042477","chr6","152829534","152829735","47","10212735"
"chr2","163070545","163070664","chr10","9062820","9062938","17","154007725"
"chr2","163080306","163080620","chr7","151690932","151691249","64","11389374"
"chr2","163098921","163099231","chr17","37748281","37748563","57","125350640"
"chr2","163145094","163145208","chr17","37791702","37791805","19","125353392"
"chr2","163147577","163147736","chr1","201404456","201404602","39","38256879"
"chr2","163148033","163148172","chr11","27993807","27993940","31","135154226"
"chr2","163149002","163149285","chr17","37795588","37795874","43","125353414"
"chr2","163157832","163157989","chr7","22443476","22443623","45","140714356"
"chr2","163189090","163189399","chr7","102737494","102737807","60","60451596"
"chr2","163192371","163192675","chr17","37830666","37830945","60","125361705"
"chr2","163198895","163199021","chr1","99997997","99998125","12","63200898"
"chr2","163254194","163254433","chr7","45171795","45172035","58","118082399"
"chr2","163319521","163319823","chrUn_GL286373","1308819","1309112","68","162010702"
"chr2","163320468","163320577","chr2","10902097","10902210","27","152418371"
"chr2","163427423","163427616","chr3","48173821","48174007","43","115253602"
"chr2","163539136","163539433","chr10","95322285","95322584","66","68216851"
"chr2","164039881","164040168","chr17","38625170","38625467","41","125414711"
"chr2","164198152","164198444","chr17","38766229","38766519","50","125431923"
"chr2","164997759","164998048","chr17","39495526","39495783","62","125502233"
"chr2","165008038","165008181","chr17","39500181","39500322","19","125507857"
"chr2","165086379","165086687","chr5","10603156","10603466","67","154483223"
"chr2","165102847","165103107","chr17","39610793","39611046","40","125492054"
"chr2","165177629","165177891","chr17","39678567","39678833","28","125499062"
"chr2","165230992","165231245","chr5","152236917","152237178","76","12994075"
"chr2","165244184","165244492","chr6","22082494","22082803","64","143161690"
"chr2","165300319","165300625","chr17","39795011","39795329","66","125505308"
"chr2","165302542","165302735","chr5","158730034","158730227","38","6572508"
"chr2","165313727","165313800","chr5","65805152","65805225","16","99508575"
"chr2","165314112","165314249","chr3","150713547","150713681","29","14600565"
"chr2","165330526","165330701","chrX","17269668","17269841","42","148060858"
"chr2","165422258","165422377","chr17","39936272","39936391","15","125485986"
"chr2","165432479","165432770","chr4","107869232","107869514","70","57563247"
"chr2","165454720","165454986","chr15","34303695","34303968","56","131151025"
"chr2","165537770","165537883","chr3","105883249","105883362","26","59654521"
"chr2","165613106","165613387","chr17","40141751","40142031","41","125471355"
"chr2","165634799","165635075","chr5","108117893","108118172","61","57516906"
"chr2","165677302","165677605","chr17","40213301","40213595","42","125464001"
"chr2","165683398","165683694","chr1","185506876","185507173","51","19823478"
"chr2","165687718","165687845","chr17","40224438","40224565","14","125463280"
"chr2","165702452","165702741","chr1","155032190","155032474","56","10670262"
"chr2","165708673","165708977","chr5","32159227","32159534","71","133549446"
"chr2","165817376","165817501","chr17","40306534","40306660","17","125510842"
"chr2","165888686","165888953","chr17","40368623","40368904","45","125520063"
"chr2","165996078","165996365","chr9","109118176","109118464","54","56877902"
"chr2","166009639","166009708","chr8","89722945","89723013","11","76286694"
"chr2","167248876","167249136","chr13","99615094","99615355","56","67633782"
"chr2","167352841","167353130","chr17","41826708","41827011","50","125526133"
"chr2","167457974","167458097","chr6","116399239","116399363","20","51058735"
"chr2","167663526","167663823","chr2","13585999","13586296","60","154077527"
"chr2","167709682","167709795","chr1","3731502","3731613","18","163978180"
"chr2","167710085","167710264","chr7","47492323","47492505","37","120217762"
"chr2","167806693","167806968","chr17","42277224","42277510","43","125529469"
"chr2","167822486","167822781","chr17","42293210","42293514","43","125529276"
"chr2","167926032","167926329","chr17","42412705","42412984","48","125513327"
"chr2","168189539","168189839","chr7","98805445","98805741","64","69384094"
"chr2","168333726","168334021","chr17","42820558","42820842","40","125513168"
"chr2","168343277","168343578","chrX","40275096","40275395","62","128068181"
"chr2","168382523","168382644","chr5","82890481","82890603","18","85492042"
"chr2","168410740","168410951","chr17","42900524","42900740","34","125510216"
"chr2","168440449","168440559","chr7","77471756","77471872","24","90968693"
"chr2","168440596","168440609","chr3","11300434","11300446","3","157140162"
"chr2","168445545","168445838","chr15","33790444","33790722","67","134655101"
"chr2","168466550","168466660","chrUn_GL286397","279803","279912","20","168186747"
"chr2","168534998","168535119","chr12","55402346","55402468","19","113132652"
"chr2","168535161","168535305","chr5","44633704","44633835","48","123901457"
"chr2","168600206","168600504","chr17","43076739","43077025","44","125523467"
"chr2","168633038","168633153","chr12","53533404","53533513","16","115099634"
"chr2","168862515","168862811","chr17","43347485","43347785","35","125515030"
"chr2","168920548","168920835","chr3","6299341","6299618","69","162621207"
"chr2","169015397","169015521","chr6","112341343","112341464","19","56674054"
"chr2","169338317","169338451","chr12","121369794","121369923","27","47968523"
"chr2","169682352","169682630","chr22","6359507","6359768","81","163322845"
"chr2","169955805","169955918","chr19","28118672","28118794","22","141837133"
"chr2","170211903","170212187","chrX","140703925","140704201","63","29507978"
"chr2","170276658","170276779","chr17","44649570","44649692","19","125627088"
"chr2","170293505","170293813","chr7","46635623","46635928","67","123657882"
"chr2","170399970","170400267","chr3","111556877","111557172","58","58843093"
"chr2","170491626","170491916","chr22","7664406","7664694","68","162827220"
"chr2","170523257","170523529","chr17","44871053","44871350","63","125652204"
"chr2","170753542","170753825","chr14","21286699","21286994","56","149466843"
"chr2","170923700","170923989","chr12","117258202","117258483","62","53665498"
"chr2","170978593","170978868","chr12","84563392","84563671","60","86415201"
"chr2","170998667","170998985","chr17","45309244","45309584","70","125689423"
"chr2","170998997","170999356","chr17","45309597","45309944","72","125689400"
"chr2","171019861","171019989","chr1","182409325","182409454","21","11389464"
"chr2","171074986","171075120","chr1","98645751","98645883","25","72429235"
"chr2","171084558","171084851","chr17","45403267","45403571","47","125681291"
"chr2","171230471","171230757","chr17","45544225","45544506","49","125686246"
"chr2","171309797","171310074","chr17","45617368","45617623","47","125692429"
"chr2","171358505","171358674","chr13","15750569","15750732","35","155607936"
"chr2","171842744","171843041","chr22","40807399","40807695","67","131035345"
"chr2","171939576","171939710","chr5","72732483","72732615","24","99207093"
"chr2","171940015","171940171","chr8","11275602","11275759","49","160664413"
"chr2","171958471","171958770","chr18","33187573","33187871","55","138770898"
"chr2","171978010","171978145","chr12","111584089","111584226","23","60393921"
"chr2","171993529","171993822","chr17","46321816","46322108","39","125671713"
"chr2","171995395","171995724","chr22","17447872","17448201","93","154547523"
"chr2","172005257","172005563","chr3","39544873","39545188","63","132460384"
"chr2","172007242","172007561","chr6","22082494","22082803","66","149924748"
"chr2","172023166","172023258","chr14","50559382","50559475","21","121463784"
"chr2","172024283","172024472","chr14","46475000","46475188","42","125549283"
"chr2","172140486","172140621","chr9","37986103","37986239","21","134154383"
"chr2","172209054","172209171","chr16","69056136","69056255","24","103152918"
"chr2","172348544","172348841","chr17","46673070","46673361","34","125675474"
"chr2","172447860","172447986","chr15","64519168","64519297","20","107928692"
"chr2","172595870","172596161","chr17","46935706","46935987","51","125660164"
"chr2","172748911","172749181","chr7","73222549","73222814","66","99526362"
"chr2","172878757","172878906","chrX","51477759","51477894","32","121400998"
"chr2","172897201","172897467","chr17","47192373","47192649","43","125704828"
"chr2","173056604","173056917","chrUn_GL286241","21141","21441","48","173035463"
"chr2","173247849","173248160","chr17","47574154","47574439","65","125673695"
"chr2","173684479","173684779","chr2","12622076","12622367","67","161062403"
"chr2","173993460","173993722","chr17","48272009","48272262","37","125721451"
"chr2","174034852","174035133","chr19","36287507","36287789","64","137747345"
"chr2","174115372","174115659","chr1","185506876","185507173","61","11391504"
"chr2","174126751","174127051","chr2","17670653","17670953","60","156456098"
"chr2","174228445","174228573","chr17","48524748","48524876","16","125703697"
"chr2","174320245","174320388","chr10","47225571","47225710","25","127094674"
"chr2","174346391","174346720","chr17","48650751","48651041","80","125695640"
"chr2","174417908","174418214","chr6","112564656","112564960","57","61853252"
"chr2","174962055","174962375","chr3","39544873","39545188","73","135417182"
"chr2","175691273","175691585","chr5","84095562","84095856","87","91595711"
"chr2","176007180","176007429","chr17","52601345","52601592","62","123405835"
"chr2","176558193","176558472","chr13","36303745","36304037","62","140254448"
"chr2","176806333","176806628","chr4","87743506","87743793","76","89062827"
"chr2","177053295","177053586","chr17","51616338","51616617","56","125436957"
"chr2","177541095","177541387","chrX","49921192","49921497","69","127619903"
"chr2","177617210","177617335","chr5","132892578","132892701","21","44724632"
"chr2","177722956","177723086","chr4","17941977","17942107","23","159780979"
"chr2","177789214","177789337","chr10","71376250","71376366","33","106412964"
"chr2","177800253","177800448","chr17","50948154","50948356","27","126852099"
"chr2","177841097","177841222","chr9","65816955","65817079","18","112024142"
"chr2","177911863","177911998","chr2","41238218","41238347","29","136673645"
"chr2","177912297","177912457","chr7","152798189","152798338","41","25114108"
"chr2","177939440","177939764","chr3","151332941","151333264","78","26606499"
"chr2","177948184","177948498","chr11","122094771","122095073","63","55853413"
"chr2","177954211","177954502","chr1","181800405","181800684","72","3846194"
"chr2","177957073","177957310","chr1","180241325","180241563","53","2284252"
"chr2","177967407","177967624","chr17","50791634","50791856","30","127175773"
"chr2","178006237","178006327","chr17","50753498","50753590","9","127252739"
"chr2","178037838","178038143","chr17","50720677","50720974","49","127317161"
"chr2","178041137","178041427","chr17","50717303","50717583","37","127323834"
"chr2","178047892","178048187","chr3","118065632","118065926","62","59982260"
"chr2","178048451","178048563","chr17","50709720","50709833","22","127338731"
"chr2","178061329","178061555","chr15","62220886","62221111","52","115840443"
"chr2","178114507","178114633","chr17","18697273","18697397","19","159417234"
"chr2","178191847","178192135","chr17","50605049","50605330","64","127586798"
"chr2","178442574","178442705","chr8","34296313","34296442","20","144146261"
"chr2","179383393","179383653","chr1","77806623","77806879","62","101576770"
"chr2","179696667","179696974","chr5","73041009","73041315","65","106655658"
"chr2","179946894","179947215","chr17","53814734","53815047","46","126132160"
"chr2","180228774","180229080","chr17","54090325","54090623","48","126138449"
"chr2","180393070","180393380","chr9","121845233","121845526","67","58547837"
"chr2","180492770","180493066","chr14","84353619","84353920","62","96139151"
"chr2","180514840","180514966","chr17","54363562","54363686","11","126151278"
"chr2","180531865","180532149","chr5","46063984","46064267","64","134467881"
"chr2","180573705","180573987","chrX","16677699","16677992","64","163896006"
"chr2","180574466","180574767","chr7","30548228","30548525","72","150026238"
"chr2","180602687","180602972","chr17","54453101","54453386","34","126149586"
"chr2","180728341","180728558","chr4","88074592","88074807","64","92653749"
"chr2","180766483","180766787","chr2","56969336","56969629","65","123797147"
"chr2","180826727","180827048","chr17","54707095","54707388","65","126119632"
"chr2","180836389","180836703","chr1","106482342","106482647","65","74354047"
"chr2","180908068","180908362","chr17","54780690","54780990","38","126127378"
"chr2","181127028","181127264","chr6","147975347","147975579","56","33151681"
"chr2","181560883","181561186","chr17","55478629","55478935","49","126082254"
"chr2","181666481","181666603","chr2","12275834","12275961","24","169390647"
"chr2","181743302","181743615","chr17","55673805","55674092","61","126069497"
"chr2","181852035","181852334","chr17","55781053","55781354","35","126070982"
"chr2","181930052","181930346","chr17","55866776","55867075","49","126063276"
"chr2","182126067","182126358","chr5","144162498","144162784","56","37963569"
"chr2","182180101","182180388","chr7","38106401","38106679","69","144073700"
"chr2","182280237","182280363","chr17","18697273","18697397","16","163582964"
"chr2","182634530","182634824","chr14","36457155","36457448","54","146177375"
"chr2","182686351","182686456","chr7","30215462","30215575","24","152470889"
"chr2","182826139","182826274","chr17","56754999","56755135","15","126071140"
"chr2","183046231","183046528","chr1","157534774","157535075","59","25511457"
"chr2","183215177","183215502","chr17","57128480","57128791","68","126086697"
"chr2","183218689","183218919","chr11","20973291","20973519","42","162245398"
"chr2","183857115","183857236","chr5","43416700","43416825","27","140440415"
"chr2","184166683","184166960","chr17","58089369","58089653","42","126077314"
"chr2","184179150","184179425","chr3","186163013","186163302","66","1983863"
"chr2","184219386","184219585","chr5","84797190","84797362","57","99422196"
"chr2","184268136","184268304","chr17","7177552","7177717","35","177090584"
"chr2","184269156","184269263","chr2","166452559","166452668","27","17816597"
"chr2","184315728","184315853","chr5","35534219","35534343","19","148781509"
"chr2","184323710","184323987","chr17","58247859","58248116","69","126075851"
"chr2","184346318","184346613","chr9","84226861","84227152","58","100119457"
"chr2","184377608","184377917","chr17","58303574","58303875","41","126074034"
"chr2","184378379","184378584","chr12","83821507","83821675","61","100556872"
"chr2","184378827","184378965","chr7","16064745","16064881","27","168314082"
"chr2","184412123","184412418","chr17","58347861","58348155","34","126064262"
"chr2","184502987","184503285","chr5","31311951","31312254","72","153191036"
"chr2","184582948","184583249","chr17","58456395","58456701","32","126126553"
"chr2","184909948","184910199","chr17","58753547","58753795","48","126156401"
"chr2","185181843","185182154","chr17","59039886","59040195","40","126141957"
"chr2","185229844","185230010","chr22","29338560","29338717","39","155891284"
"chr2","185457149","185457459","chr17","60927946","60928238","58","124529203"
"chr2","185763729","185764030","chr16","1418834","1419135","57","184344895"
"chr2","185988635","185988913","chr17","60382237","60382510","35","125606398"
"chr2","185989159","185989284","chr1","199892609","199892732","27","13903450"
"chr2","186031552","186031870","chr2","153911331","153911638","75","32120221"
"chr2","186157841","186158143","chr17","60213427","60213712","56","125944414"
"chr2","186372846","186373137","chr17","59970797","59971087","49","126402049"
"chr2","186487464","186487595","chr7","148603508","148603636","25","37883956"
"chr2","186555405","186555525","chr16","69369089","69369211","18","117186316"
"chr2","186752386","186752680","chr22","3474672","3474960","60","183277714"
"chr2","187178546","187178665","chrX","120496137","120496262","20","66682409"
"chr2","187218103","187218396","chr15","29626979","29627271","68","157591124"
"chr2","187253745","187254042","chr17","64416945","64417235","32","122836800"
"chr2","187290567","187290867","chr2","8000025","8000324","49","179290542"
"chr2","187343652","187343802","chr11","125306488","125306618","37","62037164"
"chr2","187349096","187349379","chr9","119502249","119502543","63","67846847"
"chr2","187351285","187351376","chr3","188393537","188393622","21","1042252"
"chr2","187353305","187353595","chr7","72654211","72654497","48","114699094"
"chr2","187374024","187374179","chr5","79064008","79064140","45","108310016"
"chr2","187475167","187475465","chr17","64195430","64195726","28","123279737"
"chr2","187494389","187494537","chr2","152075717","152075862","31","35418672"
"chr2","187494841","187494998","chr9","52758524","52758672","38","134736317"
"chr2","187534943","187535236","chr17","64129760","64130042","49","123405183"
"chr2","187564044","187564175","chr9","114082157","114082283","30","73481887"
"chr2","187570225","187570488","chr2","17434750","17435004","57","170135475"
"chr2","187594526","187594837","chr6","22082494","22082803","73","165512032"
"chr2","187613727","187613872","chr10","88627114","88627260","51","98986613"
"chr2","187740595","187740905","chr2","18974586","18974896","61","168766009"
"chr2","187796294","187796442","chr5","86428102","86428250","35","101368192"
"chr2","187815890","187816163","chr12","26700702","26700953","88","161115188"
"chr2","187841018","187841142","chr17","63840489","63840620","23","124000529"
"chr2","187870323","187870594","chr5","82462071","82462341","74","105408252"
"chr2","187915848","187916129","chr12","26801469","26801751","68","161114379"
"chr2","188160672","188160971","chr9","29430001","29430288","65","158730671"
"chr2","188178098","188178385","chr5","125558030","125558312","67","62620068"
"chr2","188245772","188245889","chr12","49445287","49445400","27","138800485"
"chr2","188277337","188277493","chr2","116097377","116097529","31","72179960"
"chr2","188283824","188284008","chr15","71427022","71427202","39","116856802"
"chr2","188287444","188287560","chr7","99853344","99853456","23","88434100"
"chr2","188347144","188347319","chr10","101724711","101724868","56","86622433"
"chr2","188382778","188382857","chr2","8592824","8592898","21","179789954"
"chr2","188404412","188404712","chr2","136915981","136916277","64","51488431"
"chr2","188405220","188405391","chr4","53651537","53651707","33","134753683"
"chr2","188435292","188435607","chr12","84699755","84700062","66","103735537"
"chr2","188439293","188439601","chr9","83059785","83060092","72","105379508"
"chr2","188473127","188473166","chr1","202800040","202800076","6","14326913"
"chr2","188539140","188539433","chr1","135160482","135160771","58","53378658"
"chr2","188541382","188541687","chr3","6959741","6960037","75","181581641"
"chr2","188544270","188544552","chr17","63237391","63237672","61","125306879"
"chr2","188566014","188566284","chr17","63215369","63215641","42","125350645"
"chr2","188616545","188616853","chr2","17546997","17547294","72","171069548"
"chr2","188702247","188702550","chr2","55412229","55412524","68","133290018"
"chr2","188738531","188738826","chrX","20607629","20607919","60","168130902"
"chr2","188743043","188743176","chr5","72732483","72732615","20","116010560"
"chr2","188760434","188760749","chr17","63031085","63031395","31","125729349"
"chr2","188822785","188822927","chr2","5618578","5618718","23","183204207"
"chr2","188836153","188836445","chr17","62958461","62958771","58","125877692"
"chr2","188850952","188851227","chr22","7026685","7026959","65","181824267"
"chr2","188961161","188961295","chr2","11370630","11370762","22","177590531"
"chr2","188970595","188970887","chrX","11526987","11527280","69","177443608"
"chr2","188982176","188982477","chr17","62801018","62801312","46","126181158"
"chr2","188992484","188992766","chr4","16462057","16462343","57","172530427"
"chr2","189007700","189007969","chr15","62136548","62136812","66","126871152"
"chr2","189036912","189037151","chr10","120602881","120603131","59","68434031"
"chr2","189061600","189061729","chrX","140664256","140664385","27","48397344"
"chr2","189169666","189169949","chr17","62610115","62610397","23","126559551"
"chr2","189195259","189195374","chr2","136446034","136446150","19","52749225"
"chr2","189465132","189465425","chr17","62305204","62305497","42","127159928"
"chr2","189489986","189490102","chr17","62280193","62280309","20","127209793"
"chr2","189514876","189514997","chrX","52248071","52248191","16","137266805"
"chr2","189526121","189526384","chr5","43194707","43194975","68","146331414"
"chr2","189689079","189689389","chr17","62074006","62074295","54","127615073"
"chr2","189811120","189811248","chr2","55407546","55407677","21","134403574"
"chr2","189918984","189919298","chr17","61846228","61846547","45","128072756"
"chr2","189997646","189997930","chr19","37479058","37479346","62","152518588"
"chr2","190012540","190012672","chr9","21660421","21660545","30","168352119"
"chr2","190060051","190060177","chr1","202423319","202423445","21","12363268"
"chr2","190187756","190188036","chr2","16314575","16314859","68","173873181"
"chr2","190447896","190448024","chr17","61349424","61349557","19","129098472"
"chr2","190468669","190468956","chr17","61327350","61327643","68","129141319"
"chr2","190471261","190471565","chr17","61324781","61325063","61","129146480"
"chr2","190519565","190519868","chr17","61276797","61277091","67","129242768"
"chr2","190639312","190639430","chr17","61166915","61167039","19","129472397"
"chr2","190920733","190921033","chr15","10402804","10403101","61","180517929"
"chr2","191156415","191156645","chr13","57754140","57754373","55","133402275"
"chr2","191193856","191194138","chr15","10119228","10119530","63","181074628"
"chr2","191344205","191344506","chr6","147575083","147575379","73","43769122"
"chr2","191350290","191350588","chr15","9953727","9954027","57","181396563"
"chr2","191360208","191360488","chr3","40209261","40209534","72","151150947"
"chr2","191400442","191400576","chr5","41235917","41236047","21","150164525"
"chr2","191441784","191441916","chr11","120560318","120560450","19","70881466"
"chr2","191472431","191472738","chr15","9822847","9823139","42","181649584"
"chr2","191849895","191850176","chr15","9421537","9421816","67","182428358"
"chr2","192217836","192218092","chrX","63370150","63370401","58","128847686"
"chr2","192446078","192446201","chr6","86252050","86252171","16","106194028"
"chr2","192503054","192503356","chr6","17863060","17863374","78","174639994"
"chr2","192730472","192730782","chr7","78050188","78050503","69","114680284"
"chr2","192758334","192758438","chr15","8460915","8461009","19","184297419"
"chr2","192813652","192813778","chr12","12297542","12297674","28","180516110"
"chr2","192835845","192835967","chr1","89636506","89636638","38","103199339"
"chr2","193045191","193045475","chr1","90249678","90249953","63","102795513"
"chr2","193349062","193349333","chr17","66782374","66782639","42","126566688"
"chr2","193522278","193522553","chr17","66616224","66616514","57","126906054"
"chr2","193802219","193802339","chr17","73444665","73444783","17","120357554"
"chr2","194487893","194488209","chr6","132872350","132872658","72","61615543"
"chr2","194766365","194766667","chr17","65374018","65374325","43","129392347"
"chr2","195479594","195479894","chr18","5388289","5388580","64","190091305"
"chr2","195731692","195731974","chr15","10665303","10665576","43","185066389"
"chr2","195948362","195948535","chr15","10903056","10903226","40","185045306"
"chr2","196350683","196350989","chr15","11280670","11280942","66","185070013"
"chr2","196496127","196496220","chr7","22434038","22434132","19","174062089"
"chr2","196638444","196638701","chr15","11569334","11569594","39","185069110"
"chr2","196787442","196787768","chr1","92300668","92300973","94","104486774"
"chr2","197468428","197468711","chr5","116435024","116435315","77","81033404"
"chr2","197604982","197605259","chr2","35553288","35553567","74","162051694"
"chr2","197892282","197892442","chr9","58573097","58573261","36","139319185"
"chr2","197992096","197992352","chr8","4141665","4141912","57","193850431"
"chr2","198010812","198011082","chr15","12912741","12913010","27","185098071"
"chr2","198719770","198719946","chr9","99545446","99545622","69","99174324"
"chr2","199037114","199037304","chr4","26624916","26625101","48","172412198"
"chr2","199106063","199106369","chr15","14005448","14005747","56","185100615"
"chr2","199116317","199116600","chr11","82443030","82443313","62","116673287"
"chr2","199270677","199270806","chr6","98176046","98176174","37","101094631"
"chr2","199744135","199744257","chr7","46825878","46826002","21","152918257"
"chr2","200133668","200133954","chr15","15002800","15003086","30","185130868"
"chr2","200339570","200339864","chr9","14769251","14769537","79","185570319"
"chr2","200363803","200364081","chr15","15251320","15251626","61","185112483"
"chr2","200377052","200377326","chr15","15264824","15265101","48","185112228"
"chr2","200482450","200482760","chr15","15369030","15369349","49","185113420"
"chr2","200486276","200486573","chr15","15372607","15372892","49","185113669"
"chr2","200508841","200509141","chr15","15399295","15399593","37","185109546"
"chr2","200516227","200516548","chr15","15405045","15405370","48","185111182"
"chr2","200603797","200604037","chr7","37213018","37213260","76","163390779"
"chr2","200610426","200610737","chr1","21430763","21431070","59","179179663"
"chr2","200628700","200628822","chr10","20521071","20521195","20","180107629"
"chr2","200656248","200656517","chr7","65448136","65448404","71","135208112"
"chr2","200759582","200759762","chr11","120019391","120019573","35","80740191"
"chr2","201183681","201183962","chr1","155032190","155032474","58","46151491"
"chr2","201218592","201218714","chr6","83801747","83801869","17","117416845"
"chr2","201225642","201225957","chr6","116646407","116646718","71","84579235"
"chr2","201229598","201229728","chr15","16123472","16123605","17","185106126"
"chr2","201245290","201245561","chr8","39539460","39539723","73","161705830"
"chr2","201257894","201258022","chr1","135758144","135758264","22","65499750"
"chr2","201316690","201317021","chr9","39045148","39045454","89","162271542"
"chr2","201385979","201386130","chr5","86428102","86428250","36","114957877"
"chr2","201393159","201393447","chr15","16306377","16306674","55","185086782"
"chr2","201397821","201398111","chr5","10972633","10972925","55","190425188"
"chr2","201458474","201458599","chr15","16382136","16382261","8","185076338"
"chr2","201504559","201504859","chr15","16427815","16428108","52","185076744"
"chr2","201548053","201548337","chr14","97949734","97950020","59","103598319"
"chr2","201781716","201781840","chr9","65816955","65817079","18","135964761"
"chr2","201840177","201840493","chr15","16758828","16759119","65","185081349"
"chr2","201946681","201946956","chr15","16850860","16851135","27","185095821"
"chr2","202139339","202139625","chr20","23785685","23785965","56","178353654"
"chr2","202195120","202195411","chr15","66083720","66084008","64","136111400"
"chr2","202199103","202199383","chr15","17106343","17106618","40","185092760"
"chr2","202203359","202203660","chr15","17113603","17113896","46","185089756"
"chr2","202231585","202231709","chr9","65816955","65817079","23","136414630"
"chr2","202239837","202239969","chr9","114463776","114463907","25","87776061"
"chr2","202252925","202253135","chr15","17152101","17152315","38","185100824"
"chr2","202255061","202255186","chr4","13599154","13599281","27","188655907"
"chr2","202291437","202291731","chr15","17189068","17189327","65","185102369"
"chr2","202292425","202292706","chr11","115154046","115154331","62","87138379"
"chr2","202312931","202313063","chr5","129538101","129538235","31","72774830"
"chr2","202340780","202341037","chr1","155910517","155910789","62","46430263"
"chr2","202614320","202614454","chrX","106469400","106469531","27","96144920"
"chr2","202620941","202621234","chr13","60354203","60354490","59","142266738"
"chr2","202631214","202631346","chr17","73642244","73642370","23","128988970"
"chr2","202675459","202675535","chr8","11472709","11472779","22","191202750"
"chr2","202715821","202715941","chr2","8694044","8694161","16","194021777"
"chr2","202716516","202716790","chr5","50311390","50311670","65","152405126"
"chr2","202752081","202752344","chr17","73571568","73571831","41","129180513"
"chr2","202763021","202763232","chr21","43271444","43271658","37","159491577"
"chr2","202771639","202771936","chr14","36457155","36457448","48","166314484"
"chr2","202878036","202878162","chr17","73458914","73459038","9","129419122"
"chr2","202917097","202917391","chr2","136915981","136916277","60","66001116"
"chr2","202929491","202929685","chr1","136698409","136698598","53","66231082"
"chr2","202955800","202955921","chr12","51879540","51879656","23","151076260"
"chr2","202983962","202984082","chr1","195983420","195983531","27","7000542"
"chr2","202989640","202989714","chr17","73349872","73349941","11","129639768"
"chr2","202992817","202993025","chr12","109943379","109943586","45","93049438"
"chr2","203108406","203108562","chr2","7088626","7088790","35","196019780"
"chr2","203108876","203109014","chr1","102188482","102188614","32","100920394"
"chr2","203116989","203117263","chr5","126956284","126956559","70","76160705"
"chr2","203118674","203118730","chr2","3436653","3436709","11","199682021"
"chr2","203144606","203144739","chr1","22614360","22614489","23","180530246"
"chr2","203150118","203150381","chr15","18450619","18450874","44","184699499"
"chr2","203167357","203167511","chr12","10324844","10324992","37","192842513"
"chr2","203247357","203247509","chr22","13609437","13609590","29","189637920"
"chr2","203263881","203264002","chr9","101275237","101275361","24","101988644"
"chr2","203278824","203278962","chr10","131796964","131797092","29","71481860"
"chr2","203295803","203295993","chr10","130697550","130697736","46","72598253"
"chr2","203308789","203309084","chr15","18335465","18335746","53","184973324"
"chr2","203448116","203448276","chrX","1629390","1629544","41","201818726"
"chr2","203448582","203448630","chr19","27226284","27226334","7","176222298"
"chr2","203489628","203489919","chr15","18165046","18165325","49","185324582"
"chr2","203551953","203552107","chr5","37595693","37595857","55","165956260"
"chr2","203579326","203579591","chrX","17588150","17588404","63","185991176"
"chr2","203606878","203607024","chr11","44282581","44282726","30","159324297"
"chr2","203607337","203607470","chr9","100741503","100741636","18","102865834"
"chr2","203628985","203629093","chr1","194359398","194359502","33","9269587"
"chr2","203629542","203629723","chr21","40114152","40114323","49","163515390"
"chr2","203630022","203630171","chr11","64977952","64978081","38","138652070"
"chr2","203687222","203687495","chrX","22950454","22950722","71","180736768"
"chr2","203740725","203741019","chr15","17923923","17924230","45","185816802"
"chr2","203797698","203797971","chr15","17868622","17868888","35","185929076"
"chr2","203804587","203804896","chr15","17861649","17861925","59","185942938"
"chr2","203962209","203962314","chr10","82874990","82875101","25","121087219"
"chr2","203985771","203986077","chr15","17680415","17680707","55","186305356"
"chr2","204002086","204002370","chr2","77910618","77910914","70","126091468"
"chr2","204102261","204102567","chrX","18982709","18983018","53","185119552"
"chr2","204295185","204295475","chr6","40167347","40167644","57","164127838"
"chr2","204296407","204296533","chr14","36659591","36659721","25","167636816"
"chr2","204296837","204296911","chr22","2783788","2783864","17","201513049"
"chr2","204344087","204344354","chr7","100801481","100801755","64","103542606"
"chr2","204456726","204456845","chr15","25842891","25843009","22","178613835"
"chr2","204474929","204475218","chr17","74070519","74070816","44","130404410"
"chr2","204507321","204507594","chr1","183926420","183926697","63","20580901"
"chr2","204515137","204515388","chr12","104841162","104841427","70","99673975"
"chr2","204521366","204521673","chr17","74117964","74118265","47","130403402"
"chr2","204602140","204602404","chr17","74175916","74176176","40","130426224"
"chr2","204612725","204613018","chr17","74188226","74188513","44","130424499"
"chr2","204630563","204630813","chr12","28586623","28586879","51","176043940"
"chr2","204646758","204646886","chr1","98656756","98656886","19","105990002"
"chr2","204653594","204653888","chr17","74243820","74244102","52","130409774"
"chr2","204654166","204654366","chr5","132088604","132088805","39","72565562"
"chr2","204665310","204665556","chr2","62680815","62681063","65","141984495"
"chr3","10485700","10485965","chr18","28378203","28378459","62","17892503"
"chr3","119799595","119799884","chr8","21270645","21270942","62","98528950"
"chr3","114749","115046","chr21","50457151","50457444","37","50342402"
"chr3","226299","226598","chr16","46255187","46255478","59","46028888"
"chr3","382364","382609","chr7","149279340","149279571","60","148896976"
"chr3","400121","400213","chr2","14420685","14420770","27","14020564"
"chr3","400511","400639","chr2","10899863","10899988","24","10499352"
"chr3","407537","407745","chr21","50139207","50139436","44","49731670"
"chr3","422136","422341","chr5","6447228","6447428","47","6025092"
"chr3","449196","449506","chr5","129489203","129489517","66","129040007"
"chr3","452073","452201","chr7","136413230","136413360","27","135961157"
"chr3","489220","489358","chr6","154086852","154086987","29","153597632"
"chr3","489660","489819","chr1","186568722","186568874","42","186079062"
"chr3","520770","521060","chr21","50022520","50022784","65","49501750"
"chr3","538433","538689","chr21","50000044","50000301","27","49461611"
"chr3","550904","551210","chr21","49986220","49986507","41","49435316"
"chr3","578471","578757","chr9","35954271","35954556","76","35375800"
"chr3","709437","709599","chr14","98032907","98033059","33","97323470"
"chr3","716966","717098","chr5","79064008","79064140","21","78347042"
"chr3","838018","838313","chr16","96695087","96695382","58","95857069"
"chr3","1027215","1027537","chr5","131527086","131527390","84","130499871"
"chr3","1091926","1092184","chr21","49447595","49447856","41","48355669"
"chr3","1103213","1103332","chr7","36466603","36466728","23","35363390"
"chr3","1388597","1388891","chr21","49147576","49147871","52","47758979"
"chr3","1589487","1589739","chr21","48940081","48940332","24","47350594"
"chr3","1655062","1655376","chr21","48873247","48873533","63","47218185"
"chr3","1768846","1769145","chr9","100935680","100935979","71","99166834"
"chr3","1783322","1783618","chr1","101201030","101201336","58","99417708"
"chr3","1876270","1876550","chr14","36457155","36457448","67","34580885"
"chr3","1960942","1961223","chr15","49105761","49106040","59","47144819"
"chr3","2094711","2094832","chr21","48444436","48444556","16","46349725"
"chr3","2266406","2266708","chr14","80754932","80755229","67","78488526"
"chr3","2471959","2472118","chr15","72139421","72139576","32","69667462"
"chr3","2472420","2472564","chr7","57359333","57359475","26","54886913"
"chr3","2483810","2484004","chr21","48047755","48047947","36","45563945"
"chr3","2583229","2583536","chr21","47964758","47965055","70","45381529"
"chr3","2659787","2659916","chr2","170813628","170813760","22","168153841"
"chr3","2671258","2671541","chr2","12622076","12622367","57","9950818"
"chr3","2753701","2754016","chr2","138027451","138027756","69","135273750"
"chr3","2840383","2840544","chr5","115480865","115481025","36","112640482"
"chr3","2841148","2841305","chr15","82732062","82732206","40","79890914"
"chr3","2943118","2943169","chr1","190883051","190883098","8","187939933"
"chr3","2946008","2946135","chr2","11238360","11238490","35","8292352"
"chr3","2995109","2995418","chr5","96920240","96920551","64","93925131"
"chr3","3002220","3002504","chr6","67225575","67225851","69","64223355"
"chr3","3003453","3003764","chr12","110076471","110076774","62","107073018"
"chr3","3022065","3022352","chr7","145853186","145853471","58","142831121"
"chr3","3091869","3092234","chr7","27430380","27430713","109","24338511"
"chr3","3123263","3123576","chr2","16070846","16071128","79","12947583"
"chr3","3136708","3137022","chr21","47422790","47423085","69","44286082"
"chr3","3201283","3201585","chr3","111556877","111557172","63","108355594"
"chr3","3426554","3426868","chr21","47148557","47148863","54","43722003"
"chr3","3481457","3481765","chr21","47093690","47094000","37","43612233"
"chr3","3520498","3520808","chr5","32159227","32159534","55","28638729"
"chr3","3537113","3537251","chr9","43510189","43510319","24","39973076"
"chr3","3616396","3616522","chr9","15630398","15630529","28","12014002"
"chr3","3636091","3636362","chr2","31052006","31052263","64","27415915"
"chr3","3638799","3638983","chrX","46432419","46432600","45","42793620"
"chr3","3639278","3639401","chr1","202423319","202423445","23","198784041"
"chr3","3709533","3709820","chr19","22522225","22522505","65","18812692"
"chr3","3772220","3772403","chr1","188326542","188326728","45","184554322"
"chr3","3772879","3772997","chr7","25593991","25594110","31","21821112"
"chr3","3819597","3819734","chr7","19671951","19672086","27","15852354"
"chr3","3872157","3872459","chrX","122434270","122434575","56","118562113"
"chr3","3934089","3934215","chr21","46671796","46671921","10","42737707"
"chr3","3955432","3955772","chr9","114486663","114486982","82","110531231"
"chr3","4125521","4125817","chr21","46493182","46493495","51","42367661"
"chr3","4219987","4220266","chr21","46399275","46399537","53","42179288"
"chr3","4224703","4225000","chr21","46393760","46394063","48","42169057"
"chr3","4451207","4451512","chr7","26682750","26683063","69","22231543"
"chr3","4486604","4486741","chr21","46146689","46146826","15","41660085"
"chr3","4581603","4581970","chr10","8714895","8715252","112","4133292"
"chr3","4600524","4600834","chr21","45839536","45839842","49","41239012"
"chr3","4623737","4624026","chr1","186733373","186733661","57","182109636"
"chr3","4650040","4650110","chr2","55598124","55598191","12","50948084"
"chr3","4650588","4650869","chr5","44526179","44526457","64","39875591"
"chr3","4710268","4710575","chr21","45948087","45948394","47","41237819"
"chr3","4741746","4741969","chr21","45980046","45980277","46","41238300"
"chr3","4791060","4791375","chr21","46030296","46030586","58","41239236"
"chr3","4832581","4832862","chr7","111551397","111551669","72","106718816"
"chr3","4870638","4870939","chr21","46121598","46121882","56","41250960"
"chr3","4893040","4893192","chr8","30587546","30587708","32","25694506"
"chr3","4926329","4926602","chr2","130179277","130179554","84","125252948"
"chr3","5029083","5029231","chr10","88773992","88774133","35","83744909"
"chr3","5050528","5050647","chr1","138972244","138972360","18","133921716"
"chr3","5062601","5062758","chr5","74034571","74034713","42","68971970"
"chr3","5146331","5146449","chr4","162823871","162823985","21","157677540"
"chr3","5174947","5175223","chr13","92119195","92119472","61","86944248"
"chr3","5263667","5263945","chr20","18500185","18500455","66","13236518"
"chr3","5363911","5364204","chr21","45258584","45258886","43","39894673"
"chr3","5412912","5413082","chr7","6627094","6627272","46","1214182"
"chr3","5413484","5413567","chr2","1242778","1242860","18","4170706"
"chr3","5441606","5441901","chr7","56128200","56128490","60","50686594"
"chr3","5683738","5684009","chr21","44914984","44915254","44","39231246"
"chr3","5782153","5782274","chr1","110156997","110157120","18","104374844"
"chr3","5804620","5804935","chr21","44790676","44790983","55","38986056"
"chr3","5874640","5874934","chr17","42166920","42167209","67","36292280"
"chr3","5947954","5948248","chr21","44658531","44658838","53","38710577"
"chr3","5971750","5972043","chr21","44632686","44632966","50","38660936"
"chr3","6041767","6042058","chr21","44563622","44563889","59","38521855"
"chr3","6239135","6239434","chr21","44356865","44357168","56","38117730"
"chr3","6349822","6350018","chr12","75187675","75187858","58","68837853"
"chr3","7027179","7027468","chr21","43602950","43603252","44","36575771"
"chr3","7046516","7046819","chr2","18917278","18917580","64","11870762"
"chr3","7094752","7094871","chr5","44802174","44802292","20","37707422"
"chr3","7167434","7167736","chr21","43467893","43468177","46","36300459"
"chr3","7214673","7214951","chr21","43416646","43416901","48","36201973"
"chr3","7229577","7229890","chr21","43398172","43398482","48","36168595"
"chr3","7241358","7241541","chr21","43387338","43387515","26","36145980"
"chr3","7269507","7269786","chr21","43358895","43359184","45","36089388"
"chr3","7284817","7285120","chr21","43344016","43344291","68","36059199"
"chr3","7311294","7311582","chr21","43320131","43320448","67","36008837"
"chr3","7336696","7336962","chr21","43290454","43290689","58","35953758"
"chr3","7385065","7385352","chr21","43252151","43252443","39","35867086"
"chr3","7397208","7397495","chr7","25938278","25938549","71","18541070"
"chr3","7409104","7409379","chr21","43227040","43227317","46","35817936"
"chr3","7416041","7416354","chr12","50951799","50952095","70","43535758"
"chr3","7421235","7421366","chr5","82890481","82890603","27","75469246"
"chr3","7492062","7492195","chr21","43133400","43133537","17","35641338"
"chr3","7681730","7682024","chr9","105088484","105088779","56","97406754"
"chr3","7966349","7966478","chr2","10110790","10110922","26","2144441"
"chr3","8215600","8215744","chr12","55412336","55412480","31","47196736"
"chr3","8322013","8322258","chr21","42305505","42305758","41","33983492"
"chr3","8634014","8634223","chr15","20611899","20612093","54","11977885"
"chr3","8988411","8988698","chr15","28538039","28538327","65","19549628"
"chr3","9051523","9051844","chr5","41483881","41484209","79","32432358"
"chr3","9076765","9076992","chr17","48136865","48137097","61","39060100"
"chr3","9205599","9205891","chr21","41515782","41516062","36","32310183"
"chr3","9213206","9213489","chr4","37613653","37613939","49","28400447"
"chr3","9226543","9226825","chr5","43942051","43942327","65","34715508"
"chr3","9274915","9275219","chr21","41450795","41451107","44","32175880"
"chr3","9314516","9314794","chr21","41415531","41415806","37","32101015"
"chr3","9411551","9411817","chr14","71285636","71285909","68","61874085"
"chr3","9421299","9421553","chr4","89147953","89148213","61","79726654"
"chr3","9428565","9428872","chr21","41313170","41313476","49","31884605"
"chr3","9434323","9434627","chr9","106895314","106895616","63","97460991"
"chr3","9459210","9459468","chr5","43751476","43751736","57","34292266"
"chr3","9462778","9462872","chr7","86371833","86371928","14","76909055"
"chr3","9463170","9463375","chr2","152617718","152617926","40","143154548"
"chr3","9499873","9500000","chr6","44075624","44075754","19","34575751"
"chr3","9693847","9694013","chr7","69645119","69645280","53","59951272"
"chr3","9694313","9694433","chr5","32529589","32529711","19","22835276"
"chr3","9697001","9697287","chr5","43481946","43482233","61","33784945"
"chr3","9708634","9708919","chrX","10814263","10814537","61","1105629"
"chr3","9762734","9762878","chr7","57215506","57215649","30","47452772"
"chr3","9788688","9788990","chr2","153911331","153911638","53","144122643"
"chr3","9805226","9805514","chr16","76258769","76259059","48","66453543"
"chr3","9830721","9831020","chr5","110537880","110538173","68","100707159"
"chr3","9978091","9978371","chr21","40760062","40760358","76","30781971"
"chr3","10075520","10075848","chr21","40648945","40649253","54","30573425"
"chr3","10086160","10086451","chr21","40638970","40639264","56","30552810"
"chr3","10126280","10126348","chr7","145007903","145007964","20","134881623"
"chr3","10144544","10144851","chr21","40577414","40577716","45","30432870"
"chr3","10267011","10267177","chrX","51563931","51564099","43","41296920"
"chr3","10308661","10308953","chr9","121845233","121845526","62","111536572"
"chr3","10321300","10321406","chr7","30215462","30215575","32","19894162"
"chr3","10336259","10336545","chr21","40399709","40399995","41","30063450"
"chr3","10347258","10347559","chr5","124246613","124246925","68","113899355"
"chr3","10372601","10372729","chr21","40369171","40369295","22","29996570"
"chr3","10395003","10395302","chr16","40153884","40154193","73","29758881"
"chr3","10426015","10426288","chr22","8841860","8842139","83","1584155"
"chr3","10427522","10427826","chr10","125473966","125474267","66","115046444"
"chr3","10439091","10439197","chr12","82797752","82797854","23","72358661"
"chr3","10440176","10440370","chr13","59196473","59196657","41","48756297"
"chr3","10457422","10457709","chr5","137246805","137247081","57","126789383"
"chr3","10474083","10474347","chr12","19015505","19015772","49","8541422"
"chr3","10533485","10533787","chr21","40212891","40213181","42","29679406"
"chr3","10588681","10589004","chr12","15838296","15838607","75","5249615"
"chr3","10597313","10597594","chr21","40149290","40149564","54","29551977"
"chr3","10604431","10604705","chr21","40141066","40141364","55","29536635"
"chr3","10625288","10625439","chr2","116097377","116097529","37","105472089"
"chr3","10655723","10656053","chrX","106249576","106249872","81","95593853"
"chr3","10727617","10727905","chrUn_GL286478","57843","58119","61","10669774"
"chr3","10760698","10761010","chr5","56462319","56462623","60","45701621"
"chr3","10934739","10935045","chr15","57058522","57058823","69","46123783"
"chr3","11184582","11184858","chr21","39557597","39557878","50","28373015"
"chr3","11242674","11242935","chr2","31054548","31054819","69","19811874"
"chr3","11249496","11249802","chr7","97730148","97730448","70","86480652"
"chr3","11258547","11258858","chr1","15579367","15579676","65","4320820"
"chr3","11288146","11288445","chr21","39448911","39449205","37","28160765"
"chr3","11812583","11812713","chr2","61580149","61580279","26","49767566"
"chr3","11956934","11957219","chr21","38765940","38766224","45","26809006"
"chr3","11989619","11989853","chr10","45771885","45772107","58","33782266"
"chr3","11989858","11989989","chr10","98492248","98492377","23","86502390"
"chr3","12035575","12035848","chr13","27150208","27150478","62","15114633"
"chr3","12137476","12137763","chr1","171534713","171534992","66","159397237"
"chr3","12202449","12202516","chr8","11472709","11472779","10","729740"
"chr3","12279720","12280014","chr21","38451419","38451712","47","26171699"
"chr3","12313509","12313816","chr21","38425347","38425658","42","26111838"
"chr3","12493481","12493574","chr7","58001229","58001324","18","45507748"
"chr3","12493938","12494144","chr3","85340185","85340385","50","72846247"
"chr3","12662742","12662864","chr21","38060363","38060481","18","25397621"
"chr3","12690804","12690918","chr4","106435481","106435597","18","93744677"
"chr3","12690966","12691127","chr13","28323804","28323965","31","15632838"
"chr3","12697582","12697712","chr21","38022221","38022351","14","25324639"
"chr3","12707012","12707307","chr21","38009864","38010147","46","25302852"
"chr3","12721065","12721366","chr5","100870694","100870989","65","88149629"
"chr3","12733116","12733392","chr2","68752876","68753162","66","56019760"
"chr3","12790275","12790562","chr21","37901117","37901404","56","25110842"
"chr3","12791089","12791378","chr21","37899979","37900267","29","25108890"
"chr3","12919049","12919334","chr21","37776351","37776636","69","24857302"
"chr3","12957312","12957598","chr21","37737342","37737633","39","24780030"
"chr3","12968413","12968587","chr10","126259446","126259620","40","113291033"
"chr3","12969154","12969280","chrX","58482136","58482260","21","45512982"
"chr3","12969316","12969446","chr11","109682144","109682273","19","96712828"
"chr3","12998425","12998709","chr2","39459923","39460207","68","26461498"
"chr3","13054681","13054919","chr21","37647387","37647644","50","24592706"
"chr3","13064943","13065250","chr21","37638046","37638346","41","24573103"
"chr3","13150760","13151057","chr21","37551038","37551337","39","24400278"
"chr3","13291753","13291875","chr1","199892609","199892732","20","186600856"
"chr3","13301003","13301156","chr7","19671951","19672086","38","6370948"
"chr3","13301452","13301632","chr22","15794310","15794478","45","2492858"
"chr3","13343042","13343219","chr21","37328042","37328219","29","23985000"
"chr3","13384222","13384460","chr17","56067111","56067358","58","42682889"
"chr3","13527261","13527547","chrX","14756991","14757281","55","1229730"
"chr3","13568091","13568214","chr7","146223042","146223164","20","132654951"
"chr3","13601350","13601495","chr18","9327614","9327757","26","4273736"
"chr3","13601802","13601942","chr2","10902947","10903077","37","2698855"
"chr3","13610789","13610927","chr6","7724482","7724611","35","5886307"
"chr3","13610953","13611068","chr14","42019528","42019644","27","28408575"
"chr3","13652257","13652536","chrX","17832431","17832705","66","4180174"
"chr3","13774282","13774581","chr1","68118792","68119089","64","54344510"
"chr3","13920956","13921251","chr21","36713162","36713442","48","22792206"
"chr3","14148843","14148966","chr20","39572738","39572861","23","25423895"
"chr3","14174325","14174621","chr21","36533118","36533410","48","22358793"
"chr3","14350207","14350513","chr21","36346717","36347006","54","21996510"
"chr3","14608767","14608849","chr7","41821957","41822038","15","27213190"
"chr3","14837586","14837875","chr21","35793798","35794080","31","20956212"
"chr3","14885042","14885324","chr2","30163313","30163587","64","15278271"
"chr3","15003411","15003708","chr21","35621813","35622074","73","20618402"
"chr3","15007126","15007417","chr16","94763524","94763810","63","79756398"
"chr3","15073523","15073659","chr10","128531631","128531764","23","113458108"
"chr3","15090461","15090742","chr5","32678837","32679116","59","17588376"
"chr3","15108130","15108426","chr1","192044767","192045049","59","176936637"
"chr3","15165617","15165909","chr22","32369693","32369997","68","17204076"
"chr3","15194671","15194978","chr2","7562360","7562664","77","7632311"
"chr3","15198256","15198337","chr14","79621092","79621164","27","64422836"
"chr3","15236274","15236584","chr21","35387122","35387421","56","20150848"
"chr3","15258473","15258765","chr2","66314390","66314677","64","51055917"
"chr3","15377912","15378194","chr5","6021672","6021951","69","9356240"
"chr3","15451496","15451773","chr17","67410552","67410826","64","51959056"
"chr3","15462631","15462968","chr21","35148953","35149261","70","19686322"
"chr3","15491538","15491820","chr1","173223827","173224106","56","157732289"
"chr3","15537218","15537493","chrX","48717096","48717374","67","33179878"
"chr3","15583572","15583805","chr21","35018157","35018383","38","19434585"
"chr3","15588913","15589214","chr21","35011984","35012279","41","19423071"
"chr3","15646983","15647305","chr5","131527086","131527390","71","115880103"
"chr3","15870428","15870544","chr12","37355797","37355908","25","21485369"
"chr3","15991005","15991231","chr2","39361745","39361988","65","23370740"
"chr3","16363089","16363373","chr21","34324354","34324635","59","17961265"
"chr3","17695958","17696256","chr5","137650955","137651245","64","119954997"
"chr3","17703139","17703435","chr12","48712370","48712665","59","31009231"
"chr3","17762852","17763152","chr5","121237736","121238019","66","103474884"
"chr3","17763198","17763208","chr12","55401111","55401122","3","37637913"
"chr3","17777920","17778230","chr16","49169614","49169934","81","31391694"
"chr3","17963660","17963976","chr22","37263333","37263633","66","19299673"
"chr3","18135571","18135693","chr9","29291794","29291917","18","11156223"
"chr3","18436027","18436257","chr21","32305234","32305460","40","13869207"
"chr3","18838807","18838935","chr8","91375377","91375506","22","72536570"
"chr3","18855198","18855288","chr10","118959235","118959328","19","100104037"
"chr3","18899463","18899594","chr4","15204781","15204912","25","3694682"
"chr3","18972044","18972306","chr12","102053933","102054192","71","83081889"
"chr3","19320343","19320635","chr15","62163451","62163742","58","42843108"
"chr3","19535806","19535930","chr5","35534219","35534343","17","15998413"
"chr3","19583021","19583306","chr14","59275312","59275604","64","39692291"
"chr3","19620961","19621154","chrX","64086297","64086476","46","44465336"
"chr3","19655809","19655928","chr2","27663487","27663607","32","8007678"
"chr3","19983934","19983996","chr3","54025668","54025727","15","34041734"
"chr3","19984028","19984154","chr2","10902947","10903077","37","9081081"
"chr3","20007543","20007751","chr4","11883758","11883959","51","8123785"
"chr3","20797681","20797804","chr2","17211909","17212030","18","3585772"
"chr3","20813832","20814119","chr21","30143223","30143515","49","9329391"
"chr3","20944543","20944820","chr7","129803375","129803651","69","108858832"
"chr3","21043973","21044286","chrX","17699750","17700053","64","3344223"
"chr3","21195945","21196228","chr7","43504141","43504423","59","22308196"
"chr3","21243804","21243935","chr5","127901579","127901706","31","106657775"
"chr3","21316825","21317130","chr21","29623797","29624092","56","8306972"
"chr3","21325295","21325604","chr21","29616092","29616381","59","8290797"
"chr3","21330543","21330679","chr4","111165694","111165827","28","89835151"
"chr3","21480384","21480666","chr21","29470355","29470633","49","7989971"
"chr3","21533396","21533673","chr21","29403772","29404069","71","7870376"
"chr3","22277122","22277416","chr2","39764306","39764586","80","17487184"
"chr3","22531105","22531404","chr5","37914319","37914619","61","15383214"
"chr3","23007266","23007436","chr1","209915025","209915185","42","186907759"
"chr3","23007733","23007856","chr2","8694044","8694161","26","14313689"
"chr3","23140067","23140371","chr14","46753912","46754218","81","23613845"
"chr3","23676115","23676405","chr9","99097338","99097625","69","75421223"
"chr3","23773054","23773289","chr21","27606116","27606348","29","3833062"
"chr3","23806232","23806550","chr1","73469574","73469872","72","49663342"
"chr3","23830879","23831175","chr10","55285796","55286072","84","31454917"
"chr3","24382092","24382397","chr5","96920240","96920551","61","72538148"
"chr3","25216051","25216181","chr4","111961413","111961541","25","86745362"
"chr3","25218976","25219003","chr7","121158321","121158346","6","95939345"
"chr3","25219389","25219500","chr1","204983305","204983415","22","179763916"
"chr3","25886496","25886619","chr11","119741904","119742026","20","93855408"
"chr3","26177682","26177818","chr11","28044866","28045001","22","1867184"
"chr3","26187330","26187453","chr1","77240426","77240541","20","51053096"
"chr3","26344113","26344404","chr20","3457074","3457357","68","22887039"
"chr3","26344881","26345109","chr21","25406617","25406814","47","938264"
"chr3","26811958","26812240","chr12","96754398","96754675","74","69942440"
"chr3","26850354","26850655","chr21","24897813","24898115","53","1952541"
"chr3","27154750","27154881","chr21","24612897","24613021","20","2541853"
"chr3","27467343","27467475","chr21","24393514","24393646","16","3073829"
"chr3","27716232","27716537","chr4","43810135","43810439","78","16093903"
"chr3","27992735","27993040","chr7","70801500","70801792","67","42808765"
"chr3","28272299","28272528","chr7","49897375","49897613","58","21625076"
"chr3","28429291","28429410","chr6","115121226","115121350","20","86691935"
"chr3","28518445","28518573","chr21","23601714","23601832","23","4916731"
"chr3","29024822","29025137","chr21","23210268","23210577","53","5814554"
"chr3","29761961","29762244","chr7","68443322","68443608","64","38681361"
"chr3","29790161","29790468","chr4","134631799","134632096","69","104841638"
"chr3","29801877","29802059","chr21","22443762","22443940","28","7358115"
"chr3","29922227","29922343","chr5","106841763","106841870","21","76919536"
"chr3","29937873","29938144","chr7","122885667","122885928","61","92947794"
"chr3","29964120","29964406","chr22","29758068","29758367","65","206052"
"chr3","29975609","29975814","chr4","37396090","37396294","44","7420481"
"chr3","30020304","30020615","chr5","131527086","131527390","58","101506782"
"chr3","30022049","30022340","chr2","67557663","67557949","67","37535614"
"chr3","30029245","30029377","chr8","95268655","95268786","20","65239410"
"chr3","30059412","30059719","chr3","149104058","149104353","58","119044646"
"chr3","30062495","30062791","chr7","97730148","97730448","59","67667653"
"chr3","30063027","30063169","chr21","22181968","22182110","12","7881059"
"chr3","30073391","30073696","chr21","22175095","22175375","66","7898296"
"chr3","30085678","30085823","chr5","110558610","110558758","41","80472932"
"chr3","30119356","30119651","chr5","22206437","22206736","62","7912919"
"chr3","30127465","30127773","chr15","20075036","20075344","60","10052429"
"chr3","30147944","30148068","chr21","22111085","22111209","20","8036859"
"chr3","30238823","30239054","chr3","105724210","105724441","67","75485387"
"chr3","30246379","30246717","chr21","22048725","22049014","81","8197654"
"chr3","30667605","30667865","chr12","78370776","78371043","54","47703171"
"chr3","31429822","31429994","chr21","20939232","20939403","38","10490590"
"chr3","31797502","31797699","chr20","10437982","10438169","54","21359520"
"chr3","32304212","32304499","chr16","26022918","26023205","68","6281294"
"chr3","32384787","32385039","chr4","44769411","44769667","72","12384624"
"chr3","32405397","32405694","chr2","10392032","10392324","70","22013365"
"chr3","32815865","32816177","chr21","19470622","19470933","59","13345243"
"chr3","32878027","32878257","chr21","19408362","19408576","40","13469665"
"chr3","33060605","33060912","chr4","157845979","157846270","69","124785374"
"chr3","33170700","33170835","chr8","11520784","11520916","25","21649916"
"chr3","33259935","33260057","chr8","107251569","107251691","24","73991634"
"chr3","33523699","33523978","chr3","189065990","189066257","66","155542291"
"chr3","33552708","33552987","chr8","30922257","30922529","83","2630451"
"chr3","33553044","33553164","chr2","11524067","11524186","22","22028977"
"chr3","33834013","33834122","chrY","1564504","1564612","25","32269509"
"chr3","33854928","33855029","chr2","79216942","79217046","33","45362014"
"chr3","33932759","33933020","chr2","57728405","57728674","74","23795646"
"chr3","34045983","34046287","chr12","55034868","55035178","73","20988885"
"chr3","34118323","34118611","chrX","1523744","1524042","60","32594579"
"chr3","34244694","34244940","chr7","21946089","21946328","54","12298605"
"chr3","34250839","34251135","chr8","110485730","110486027","68","76234891"
"chr3","34266312","34266583","chr1","18155161","18155431","71","16111151"
"chr3","34334179","34334469","chrX","17726924","17727183","89","16607255"
"chr3","34357243","34357509","chr5","109677073","109677335","58","75319830"
"chr3","34402759","34403068","chr2","57626837","57627139","54","23224078"
"chr3","34426044","34426167","chr2","11524067","11524186","24","22901977"
"chr3","34439046","34439256","chr10","114494275","114494501","44","80055229"
"chr3","34543015","34543321","chr2","57529273","57529579","50","22986258"
"chr3","34559162","34559293","chr1","22614360","22614489","21","11944802"
"chr3","34559556","34559747","chr2","36714412","36714592","52","2154856"
"chr3","34567272","34567578","chr5","154786017","154786314","60","120218745"
"chr3","34571449","34571744","chrX","16677699","16677992","53","17893750"
"chr3","34585145","34585443","chr1","204152923","204153211","67","169567778"
"chr3","34586538","34586841","chr2","57486491","57486787","50","22899953"
"chr3","34600485","34600724","chrX","106962388","106962612","53","72361903"
"chr3","34665576","34665877","chr7","150507214","150507511","65","115841638"
"chr3","34673909","34674041","chr1","76557749","76557879","34","41883840"
"chr3","34674361","34674484","chrX","124293865","124293988","30","89619504"
"chr3","34686192","34686498","chr2","57381496","57381783","69","22695304"
"chr3","34686499","34686639","chr2","57381360","57381495","32","22694861"
"chr3","34693481","34693680","chr2","57373690","57373889","21","22680209"
"chr3","34709311","34709603","chr2","57358964","57359247","52","22649653"
"chr3","34710628","34710938","chr2","57357802","57358111","57","22647174"
"chr3","34733023","34733322","chr2","57103039","57103364","59","22370016"
"chr3","34737537","34737713","chr5","113714798","113714975","59","78977261"
"chr3","34842179","34842446","chr13","35589830","35590095","67","747651"
"chr3","34850140","34850220","chr3","115280121","115280198","18","80429981"
"chr3","34854863","34855196","chr5","41483881","41484209","74","6629018"
"chr3","34862087","34862390","chr2","56974142","56974449","56","22112055"
"chr3","34866053","34866332","chr2","56969336","56969629","44","22103283"
"chr3","34878403","34878680","chr2","56954856","56955096","59","22076453"
"chr3","34898005","34898289","chr20","32577772","32578049","65","2320233"
"chr3","34900930","34901234","chr13","6809801","6810102","56","28091129"
"chr3","34907836","34908159","chr2","126762484","126762804","70","91854648"
"chr3","34948023","34948160","chr12","87744791","87744924","35","52796768"
"chr3","35029415","35029715","chr14","36457155","36457448","50","1427740"
"chr3","35046296","35046594","chr2","56799059","56799354","56","21752763"
"chr3","35083122","35083267","chr1","91595290","91595433","31","56512168"
"chr3","35084788","35085092","chr22","5216107","5216402","65","29868681"
"chr3","35094067","35094388","chr7","79590777","79591087","81","44496710"
"chr3","35099917","35099998","chr11","122926217","122926296","16","87826300"
"chr3","35105985","35106246","chr2","56723648","56723914","49","21617663"
"chr3","35106495","35106803","chr2","56723080","56723398","43","21616585"
"chr3","35108385","35108545","chr3","117436536","117436699","42","82328151"
"chr3","35132687","35132859","chr6","147621690","147621871","41","112489003"
"chr3","35190758","35191069","chr2","13987385","13987695","60","21203373"
"chr3","35217975","35218266","chr2","56610317","56610601","60","21392342"
"chr3","35229849","35230163","chr15","72518938","72519246","62","37289089"
"chr3","35231200","35231388","chr2","56598867","56599028","54","21367667"
"chr3","35275077","35275366","chr2","56552654","56552947","64","21277577"
"chr3","35295680","35295965","chr4","110032503","110032791","60","74736823"
"chr3","35312832","35312964","chr2","137462219","137462349","27","102149387"
"chr3","35313274","35313461","chr8","76706062","76706248","38","41392788"
"chr3","35404106","35404240","chr15","21301323","21301457","15","14102783"
"chr3","35408778","35409076","chr11","118382154","118382447","66","82973376"
"chr3","35441975","35442107","chr5","80398262","80398393","24","44956287"
"chr3","35478880","35479171","chr14","36718091","36718384","49","1239211"
"chr3","35495303","35495619","chr2","55200270","55200573","66","19704967"
"chr3","35510957","35511079","chr1","138926403","138926525","17","103415446"
"chr3","35525830","35526124","chr2","56311805","56312106","51","20785975"
"chr3","35555987","35556273","chr12","2858540","2858826","65","32697447"
"chr3","35571472","35571645","chr7","47492323","47492505","49","11920851"
"chr3","35571972","35572078","chr1","189545271","189545371","24","153973299"
"chr3","35583943","35584251","chr22","15042874","15043180","54","20541069"
"chr3","35594993","35595164","chr2","56248840","56248993","37","20653847"
"chr3","35754735","35755026","chr22","35395830","35396114","55","358905"
"chr3","35778513","35778774","chr2","56074005","56074259","34","20295492"
"chr3","35780097","35780360","chr9","41671862","41672138","61","5891765"
"chr3","35950497","35950625","chr4","113256464","113256591","18","77305967"
"chr3","36133422","36133738","chr2","55727082","55727384","85","19593660"
"chr3","36143351","36143640","chr2","8000025","8000324","72","28143326"
"chr3","36159639","36159772","chr2","1983485","1983615","20","34176154"
"chr3","36199094","36199248","chr14","98032907","98033059","36","61833813"
"chr3","36209272","36209527","chr3","52593730","52594001","72","16384458"
"chr3","36216329","36216613","chr2","55629969","55630244","42","19413640"
"chr3","36218385","36218507","chr10","35815482","35815605","20","402903"
"chr3","36223487","36223596","chr2","93927440","93927542","30","57703953"
"chr3","36230364","36230658","chr10","114838607","114838907","53","78608243"
"chr3","36233984","36234279","chrX","9403738","9404043","74","26830246"
"chr3","36244704","36244823","chr22","41890555","41890666","28","5645851"
"chr3","36246647","36246945","chr2","55602701","55602974","61","19356054"
"chr3","36255736","36256040","chr9","53064202","53064515","73","16808466"
"chr3","36258431","36258699","chr5","5637858","5638119","66","30620573"
"chr3","36259207","36259477","chr4","104860719","104860990","56","68601512"
"chr3","36292570","36292706","chr12","29176000","29176144","31","7116570"
"chr3","36295049","36295260","chr22","37185361","37185573","69","890312"
"chr3","36300905","36300969","chr6","4910806","4910868","13","31390099"
"chr3","36301267","36301406","chr8","115124923","115125067","37","78823656"
"chr3","36326609","36326876","chr6","112518540","112518808","68","76191931"
"chr3","36327274","36327486","chr21","43271444","43271658","46","6944170"
"chr3","36365008","36365320","chr10","83029322","83029625","72","46664314"
"chr3","36383405","36383532","chr5","125448434","125448561","18","89065029"
"chr3","36408453","36408517","chr22","47566009","47566073","13","11157556"
"chr3","36409302","36409317","chr2","47407563","47407577","7","10998261"
"chr3","36409487","36409522","chr1","113717818","113717853","9","77308331"
"chr3","36409831","36409919","chr12","79275938","79276033","36","42866107"
"chr3","36416048","36416166","chr9","2802928","2803046","19","33613120"
"chr3","36452951","36453076","chr2","55407546","55407677","20","18954595"
"chr3","36453078","36453366","chr2","55407268","55407545","48","18954190"
"chr3","36467764","36468048","chr2","55392180","55392464","30","18924416"
"chr3","36472037","36472166","chr12","23847472","23847595","22","12624565"
"chr3","36472473","36472650","chr12","33261650","33261815","44","3210823"
"chr3","36476253","36476531","chr1","170171519","170171801","60","133695266"
"chr3","36477984","36478048","chr2","126679892","126679955","15","90201908"
"chr3","36480704","36480871","chrX","64086297","64086476","48","27605593"
"chr3","36492727","36493019","chr2","55353859","55354135","58","18861132"
"chr3","36561371","36561635","chr2","55282444","55282707","53","18721073"
"chr3","36621704","36622004","chr14","80754932","80755229","58","44133228"
"chr3","36630776","36631063","chr22","14099311","14099592","63","22531465"
"chr3","36637848","36637971","chr7","25666039","25666162","22","10971809"
"chr3","36656746","36657042","chr13","39465693","39466001","67","2808947"
"chr3","36692173","36692294","chrX","93104267","93104383","26","56412094"
"chr3","36703599","36703890","chr2","17914482","17914775","40","18789117"
"chr3","36706749","36706997","chr13","7487505","7487759","52","29219244"
"chr3","36713764","36714017","chr4","40282848","40283058","82","3569084"
"chr3","36728763","36728976","chr1","71355033","71355242","50","34626270"
"chr3","36735625","36735903","chr22","35395830","35396114","61","1339795"
"chr3","36771330","36771636","chr2","17845805","17846105","61","18925525"
"chr3","36796409","36796715","chr6","6039062","6039358","64","30757347"
"chr3","36800964","36801274","chr5","6654459","6654759","81","30146505"
"chr3","36810371","36810494","chr13","86283501","86283625","14","49473130"
"chr3","36861879","36862171","chr16","46255187","46255478","59","9393308"
"chr3","36890893","36891188","chrX","1500709","1500995","66","35390184"
"chr3","36898121","36898249","chr19","26305846","26305969","28","10592275"
"chr3","36900146","36900449","chr19","26663505","26663817","78","10236641"
"chr3","36908877","36909057","chr2","43271447","43271632","40","6362570"
"chr3","36909389","36909521","chr7","136413230","136413360","25","99503841"
"chr3","36932347","36932639","chr2","17670653","17670953","38","19261694"
"chr3","36967630","36967933","chr12","105993613","105993920","57","69025983"
"chr3","36972379","36972664","chr7","80299353","80299642","58","43326974"
"chr3","36983448","36983578","chr9","56024635","56024765","14","19041187"
"chr3","36987015","36987320","chr7","32363417","32363723","55","4623598"
"chr3","36999032","36999327","chr9","85460941","85461248","74","48461909"
"chr3","37018622","37018923","chrX","16677699","16677992","51","20340923"
"chr3","37020149","37020281","chr11","120560318","120560450","17","83540169"
"chr3","37058044","37058342","chr2","17535169","17535452","44","19522875"
"chr3","37067089","37067372","chr2","17525300","17525590","45","19541789"
"chr3","37071200","37071512","chr14","74675440","74675747","65","37604240"
"chr3","37072202","37072503","chr2","17518407","17518691","48","19553795"
"chr3","37077955","37078025","chr2","17512473","17512542","6","19565482"
"chr3","37079697","37080011","chr2","17510612","17510916","48","19569085"
"chr3","37089188","37089486","chr15","28321944","28322236","56","8767244"
"chr3","37100075","37100410","chr4","35978592","35978899","72","1121483"
"chr3","37110826","37111130","chr4","35988844","35989152","57","1121982"
"chr3","37117796","37117909","chr7","63129024","63129132","22","26011228"
"chr3","37117911","37118207","chr4","35997111","35997400","59","1120800"
"chr3","37126266","37126559","chr5","43481946","43482233","55","6355680"
"chr3","37192760","37192979","chr4","20914865","20915071","46","16277895"
"chr3","37193359","37193452","chr22","31599695","31599788","17","5593664"
"chr3","37201269","37201281","chr1","189870970","189870980","5","152669701"
"chr3","37201551","37201590","chr9","107054665","107054705","12","69853114"
"chr3","37210775","37211085","chr3","111556877","111557172","72","74346102"
"chr3","37221065","37221402","chr11","7865016","7865343","74","29356049"
"chr3","37227123","37227404","chr2","17434750","17435004","47","19792373"
"chr3","37232181","37232476","chr2","17428136","17428436","51","19804045"
"chr3","37252625","37252768","chr3","25543051","25543189","33","11709574"
"chr3","37261649","37261938","chr2","17397774","17398065","37","19863875"
"chr3","37287545","37287851","chr2","17363865","17364162","40","19923680"
"chr3","37402149","37402472","chrX","50190461","50190757","79","12788312"
"chr3","37427093","37427217","chr2","17211909","17212030","17","20215184"
"chr3","37475911","37476203","chr5","37875524","37875810","62","399613"
"chr3","37554006","37554298","chr1","155032190","155032474","77","117478184"
"chr3","37619408","37619715","chr10","35314886","35315185","66","2304522"
"chr3","37777087","37777225","chr17","73250584","73250724","24","35473497"
"chr3","37845316","37845614","chr2","16817698","16818004","55","21027618"
"chr3","37882575","37882858","chr2","16780339","16780614","52","21102236"
"chr3","38029772","38030062","chr2","16645454","16645737","34","21384318"
"chr3","38169855","38170094","chr2","16513157","16513411","50","21656698"
"chr3","38184812","38185107","chr2","16498330","16498626","31","21686482"
"chr3","38211257","38211385","chr19","26202497","26202625","22","12008760"
"chr3","38304827","38304946","chr7","30215462","30215575","21","8089365"
"chr3","38362916","38363172","chr15","63232108","63232373","63","24869192"
"chr3","38374770","38374941","chr12","11358486","11358652","29","27016284"
"chr3","38375245","38375381","chr4","13599154","13599281","25","24776091"
"chr3","38384771","38385040","chr8","26402284","26402563","55","11982487"
"chr3","38429633","38429941","chr2","16259500","16259797","47","22170133"
"chr3","38450972","38451251","chr12","16349750","16350038","62","22101222"
"chr3","38490837","38490973","chrX","106469400","106469531","24","67978563"
"chr3","38517353","38517642","chr2","16186225","16186525","47","22331128"
"chr3","38524246","38524551","chr1","185506876","185507173","54","146982630"
"chr3","38531930","38532198","chrUn_GL286435","354511","354784","60","38177419"
"chr3","38535866","38536190","chr2","16163142","16163425","66","22372724"
"chr3","38546117","38546294","chr5","80122972","80123152","36","41576855"
"chr3","38558305","38558616","chr2","16146651","16146938","53","22411654"
"chr3","38586406","38586704","chr15","21338413","21338706","60","17247993"
"chr3","38635232","38635507","chr18","6815644","6815919","59","31819588"
"chr3","38658077","38658382","chr11","881066","881370","61","37777011"
"chr3","38674326","38674576","chr7","21946089","21946328","49","16728237"
"chr3","38686208","38686343","chr13","114319796","114319927","25","75633588"
"chr3","38718503","38718801","chr2","15981664","15981938","60","22736839"
"chr3","38724071","38724356","chr2","15965929","15966231","51","22758142"
"chr3","38742650","38742946","chr2","15941476","15941766","50","22801174"
"chr3","38750366","38750495","chr1","155368947","155369069","22","116618581"
"chr3","38775276","38775584","chr2","8000025","8000324","60","30775251"
"chr3","38784036","38784162","chrX","45785087","45785210","39","7001051"
"chr3","38784461","38784579","chr2","21228963","21229079","22","17555498"
"chr3","38803479","38803767","chr2","15880623","15880915","60","22922856"
"chr3","38814463","38814736","chr2","15868571","15868840","51","22945892"
"chr3","38834385","38834649","chr2","15849470","15849745","49","22984915"
"chr3","38859545","38859834","chr15","63232108","63232373","73","24372563"
"chr3","38868659","38868793","chr8","11520784","11520916","22","27347875"
"chr3","38894556","38894841","chr4","16462057","16462343","48","22432499"
"chr3","38925066","38925338","chr11","120028102","120028391","66","81103036"
"chr3","38938382","38938663","chr2","15722451","15722724","42","23215931"
"chr3","38997022","38997312","chr7","99811053","99811342","64","60814031"
"chr3","39001157","39001447","chr14","36718091","36718384","64","2283066"
"chr3","39028053","39028175","chr2","15672305","15672427","19","23355748"
"chr3","39029065","39029376","chr2","15670922","15671226","59","23358143"
"chr3","39046601","39046901","chr2","15651713","15652014","47","23394888"
"chr3","39061992","39062175","chr13","47878056","47878238","46","8816064"
"chr3","39110604","39110887","chr2","61481489","61481776","60","22370885"
"chr3","39131738","39132059","chr2","15633059","15633374","45","23498679"
"chr3","39158455","39158709","chr2","15605575","15605822","66","23552880"
"chr3","39169072","39169330","chr2","7942285","7942555","67","31226787"
"chr3","39175478","39175602","chr6","22130573","22130698","20","17044905"
"chr3","39176865","39177153","chr13","23028238","23028519","60","16148627"
"chr3","39186018","39186290","chr2","35553288","35553567","72","3632730"
"chr3","39199061","39199333","chr1","188596474","188596746","68","149397413"
"chr3","39232680","39232968","chr3","188177597","188177882","56","148944917"
"chr3","39345959","39346005","chr2","15057114","15057158","5","24288845"
"chr3","39359285","39359545","chr3","70418623","70418875","67","31059338"
"chr3","39399142","39399430","chr9","101261928","101262196","78","61862786"
"chr3","39409600","39409888","chr2","15123436","15123721","44","24286164"
"chr3","39411607","39411911","chr8","106878303","106878595","69","67466696"
"chr3","39421994","39422116","chrUn_GL286397","117322","117446","19","39304672"
"chr3","39445139","39445236","chr7","129764066","129764155","26","90318927"
"chr3","39452876","39452999","chr7","23997896","23998020","16","15454980"
"chr3","39465493","39465795","chr1","65566064","65566367","58","26100571"
"chr3","39486957","39487092","chr7","45651390","45651528","21","6164433"
"chr3","39487696","39487859","chr7","17442888","17443054","32","22044808"
"chr3","39488244","39488534","chr5","108117893","108118172","74","68629649"
"chr3","39522694","39522826","chr8","11520784","11520916","23","28001910"
"chr3","39529987","39530053","chr1","177621209","177621270","13","138091222"
"chr3","39541811","39542126","chr2","15208774","15209076","55","24333037"
"chr3","39547489","39547761","chr21","50000044","50000301","58","10452555"
"chr3","39555626","39555830","chr10","79891266","79891470","49","40335640"
"chr3","39557062","39557194","chr10","98492248","98492377","25","58935186"
"chr3","39564539","39564847","chr2","10830367","10830666","61","28734172"
"chr3","39584362","39584670","chr7","72188757","72189065","75","32604395"
"chr3","39602154","39602434","chr2","15260202","15260491","42","24341952"
"chr3","39605447","39605593","chr17","73250584","73250724","25","33645137"
"chr3","39631558","39631861","chr7","97730148","97730448","63","58098590"
"chr3","39631879","39632054","chr15","65429548","65429723","44","25797669"
"chr3","39632370","39632632","chrX","14837432","14837696","63","24794938"
"chr3","39632898","39633029","chr2","170813628","170813760","34","131180730"
"chr3","39639730","39639901","chr14","21424653","21424809","49","18215077"
"chr3","39670669","39670798","chr2","17455028","17455152","26","22215641"
"chr3","39678349","39678500","chr4","24762365","24762512","37","14915984"
"chr3","39678814","39678949","chr5","79064008","79064140","29","39385194"
"chr3","39683570","39683629","chr6","75468172","75468231","9","35784602"
"chr3","39685726","39686028","chr12","36952591","36952886","64","2733135"
"chr3","39695611","39695884","chr2","15358545","15358829","57","24337066"
"chr3","39727330","39727532","chr2","15239686","15239876","52","24487644"
"chr3","39727835","39727950","chr1","84875223","84875339","23","45147388"
"chr3","39727970","39728097","chrX","29998235","29998361","20","9729735"
"chr3","39742475","39742780","chr21","46998038","46998338","76","7255563"
"chr3","39744929","39745169","chr6","17823568","17823808","74","21921361"
"chr3","39791970","39792241","chr5","14365737","14366007","64","25426233"
"chr3","39798344","39798646","chr10","90956024","90956328","63","51157680"
"chr3","39836597","39836828","chr2","15487568","15487795","51","24349029"
"chr3","39840631","39840844","chr2","15510593","15510798","34","24330038"
"chr3","39843849","39844135","chr2","15513691","15513968","48","24330158"
"chr3","39890445","39890561","chr9","21660421","21660545","26","18230024"
"chr3","39895113","39895318","chr2","36714412","36714592","50","3180701"
"chr3","39895637","39895766","chr8","91375377","91375506","21","51479740"
"chr3","39898369","39898682","chr11","80929220","80929523","67","41030851"
"chr3","39903840","39904155","chr5","97783704","97784018","75","57879864"
"chr3","39904761","39904876","chr8","115869131","115869246","25","75964370"
"chr3","39910810","39911121","chr2","13987385","13987695","69","25923425"
"chr3","39927594","39927760","chr2","14153230","14153380","36","25774364"
"chr3","39954184","39954469","chr2","61481489","61481776","55","21527305"
"chr3","39998598","39998702","chr2","14894860","14894967","17","25103738"
"chr3","39999394","39999688","chr2","14893861","14894156","39","25105533"
"chr3","40020346","40020614","chr8","76560509","76560777","49","36540163"
"chr3","40022504","40022795","chr22","29758068","29758367","60","10264436"
"chr3","40053008","40053137","chr15","25842891","25843009","27","14210117"
"chr3","40053453","40053632","chr22","15794310","15794478","37","24259143"
"chr3","40091937","40092055","chrUn_GL286217","106113","106229","25","39985824"
"chr3","40092353","40092572","chr11","122316729","122316935","66","82224376"
"chr3","40104084","40104395","chr1","106482342","106482647","62","66378258"
"chr3","40119003","40119307","chr13","60572029","60572314","71","20453026"
"chr3","40124652","40124949","chr2","14777824","14778112","41","25346828"
"chr3","40130333","40130386","chr4","104296190","104296246","12","64165857"
"chr3","40135719","40135846","chr2","13143165","13143292","25","26992554"
"chr3","40144840","40145141","chr3","149104058","149104353","59","108959218"
"chr3","40146409","40146719","chr15","57058522","57058823","70","16912113"
"chr3","40150572","40150859","chr17","37748281","37748563","58","2402291"
"chr3","40179147","40179368","chr9","35091043","35091265","50","5088104"
"chr3","40193281","40193563","chr2","15256886","15257186","67","24936395"
"chr3","40199085","40199389","chr2","14716938","14717241","44","25482147"
"chr3","40218035","40218355","chr6","30992090","30992400","67","9225945"
"chr3","40269291","40269393","chr2","47496449","47496540","31","7227158"
"chr3","40285504","40285755","chr2","14644907","14645151","64","25640597"
"chr3","40291467","40291596","chr5","83875954","83876078","22","43584487"
"chr3","40294593","40294890","chr9","109118176","109118464","63","68823583"
"chr3","40295185","40295474","chr9","109118176","109118464","53","68822991"
"chr3","40303522","40303846","chr4","138184186","138184489","94","97880664"
"chr3","40328139","40328454","chr2","14604983","14605286","46","25723156"
"chr3","40344851","40345111","chr6","112931181","112931437","71","72586330"
"chr3","40348032","40348247","chr5","110498210","110498425","49","70150178"
"chr3","40353583","40353882","chr2","14579150","14579450","41","25774433"
"chr3","40363598","40363858","chr7","44269189","44269453","84","3905591"
"chr3","40367375","40367678","chr16","46926731","46927033","63","6559356"
"chr3","40398067","40398336","chr2","7531437","7531716","64","32866630"
"chr3","40399267","40399531","chr7","72238437","72238705","58","31839170"
"chr3","40413237","40413538","chr2","55200270","55200573","64","14787033"
"chr3","40425258","40425556","chr2","14508195","14508486","44","25917063"
"chr3","40430431","40430576","chrX","21957844","21957985","34","18472587"
"chr3","40431015","40431284","chr2","14501697","14501939","59","25929318"
"chr3","40447586","40447886","chr2","14484495","14484792","39","25963091"
"chr3","40529329","40529522","chr2","14401734","14401950","44","26127595"
"chr3","40544516","40544639","chr3","52890490","52890612","17","12345974"
"chr3","40560715","40560771","chr10","22512833","22512887","15","18047882"
"chr3","40561575","40561710","chr4","110937154","110937284","26","70375579"
"chr3","40580182","40580489","chr2","14347614","14347911","54","26232568"
"chr3","40589528","40589738","chr2","14339369","14339552","40","26250159"
"chr3","40604157","40604471","chr2","14322888","14323183","51","26281269"
"chr3","40617964","40618222","chr12","64677289","64677555","65","24059325"
"chr3","40618689","40618966","chr2","14311925","14312201","51","26306764"
"chr3","40619653","40619789","chr2","14311147","14311278","22","26308506"
"chr3","40633527","40633817","chr2","68124882","68125158","90","27491355"
"chr3","40669814","40670091","chr2","14258355","14258619","42","26411459"
"chr3","40683326","40683610","chr2","14238882","14239168","45","26444444"
"chr3","40753095","40753357","chr2","14173211","14173467","46","26579884"
"chr3","40764766","40764931","chr2","14153230","14153380","33","26611536"
"chr3","40771709","40771834","chr2","10902097","10902210","27","29869612"
"chr3","40786069","40786378","chr2","13987385","13987695","67","26798684"
"chr3","40787432","40787729","chr2","14130545","14130831","47","26656887"
"chr3","40801382","40801700","chr11","107617186","107617497","69","66815804"
"chr3","40809170","40809448","chrX","12600332","12600602","64","28208838"
"chr3","40813673","40813797","chr20","5208280","5208403","17","35605393"
"chr3","40820385","40820673","chr9","37480758","37481030","68","3339627"
"chr3","40822256","40822447","chr9","8667642","8667830","43","32154614"
"chr3","40824862","40825135","chr6","46061053","46061339","62","5236191"
"chr3","40831414","40831693","chr2","14091635","14091903","49","26739779"
"chr3","40854185","40854454","chr2","14084279","14084535","47","26769906"
"chr3","40887944","40888228","chr12","79981614","79981894","58","39093670"
"chr3","40913734","40914044","chr2","9436690","9436988","56","31477044"
"chr3","40925358","40925495","chrX","106469400","106469531","23","65544042"
"chr3","40944517","40944824","chr22","12435150","12435452","60","28509367"
"chr3","40949252","40949531","chr8","71124830","71125081","55","30175578"
"chr3","40956599","40956722","chrX","121526326","121526449","17","80569727"
"chr3","40962062","40962264","chr9","45892749","45892950","46","4930687"
"chr3","40965039","40965152","chr7","30215462","30215575","20","10749577"
"chr3","40979380","40979660","chr8","107146130","107146409","78","66166750"
"chr3","41000035","41000269","chr2","10337559","10337798","60","30662476"
"chr3","41008157","41008439","chr7","79834187","79834474","63","38826030"
"chr3","41016019","41016285","chr14","80054050","80054303","56","39038031"
"chr3","41016575","41016625","chr7","10164383","10164438","12","30852192"
"chr3","41017703","41018019","chr7","151690932","151691249","69","110673229"
"chr3","41035196","41035454","chrX","4022470","4022728","62","37012726"
"chr3","41043145","41043451","chr2","9303361","9303671","61","31739784"
"chr3","41049732","41049859","chr9","43510189","43510319","22","2460457"
"chr3","41075029","41075299","chr1","96925176","96925451","69","55850147"
"chr3","41090256","41090553","chr2","9255060","9255349","56","31835196"
"chr3","41101926","41102200","chr2","9240789","9241058","52","31861137"
"chr3","41106201","41106303","chr6","150403543","150403639","26","109297342"
"chr3","41153740","41154024","chr2","31329145","31329415","100","9824595"
"chr3","41176855","41177126","chr18","31007574","31007846","53","10169281"
"chr3","41194378","41194696","chr13","63755620","63755926","69","22561242"
"chr3","41217237","41217357","chr9","2802928","2803046","15","38414309"
"chr3","41217384","41217549","chr10","115235509","115235665","36","74018125"
"chr3","41222655","41222981","chr16","49169614","49169934","74","7946959"
"chr3","41272845","41272865","chr6","16302946","16302959","9","24969899"
"chr3","41273191","41273314","chr7","46825878","46826002","24","5552687"
"chr3","41289128","41289413","chr2","9053182","9053484","58","32235946"
"chr3","41289739","41290022","chr3","111189894","111190176","60","69900155"
"chr3","41291332","41291469","chr11","7850129","7850261","22","33441203"
"chr3","41291759","41291893","chr16","43911507","43911646","33","2619748"
"chr3","41294508","41294636","chr9","65816955","65817079","23","24522447"
"chr3","41355582","41355705","chr2","9001270","9001393","12","32354312"
"chr3","41374409","41374673","chr2","8980236","8980513","44","32394173"
"chr3","41383772","41384069","chr1","181959346","181959643","53","140575574"
"chr3","41397033","41397314","chr9","86682222","86682482","84","45285189"
"chr3","41417797","41417923","chr2","8942359","8942489","24","32475438"
"chr3","41433811","41434159","chr22","31632788","31633117","75","9801023"
"chr3","41440230","41440521","chr13","16973355","16973643","58","24466875"
"chr3","41445873","41446117","chr6","17141989","17142230","59","24303884"
"chr3","41447483","41447617","chr2","68131181","68131310","20","26683698"
"chr3","41448379","41448593","chr10","79891266","79891470","50","38442887"
"chr3","41451440","41451562","chr9","65816955","65817079","14","24365515"
"chr3","41456791","41456913","chr4","138326437","138326560","19","96869646"
"chr3","41457209","41457407","chr5","83456739","83456926","50","41999530"
"chr3","41461106","41461235","chr14","93410979","93411109","22","51949873"
"chr3","41482331","41482454","chr7","72033791","72033913","18","30551460"
"chr3","41496727","41496922","chrX","46432419","46432600","54","4935692"
"chr3","41497215","41497354","chr12","11035256","11035394","25","30461959"
"chr3","41500215","41500346","chr4","104475551","104475678","37","62975336"
"chr3","41505094","41505317","chr11","124318402","124318622","47","82813308"
"chr3","41517383","41517509","chr21","29840367","29840491","22","11677016"
"chr3","41525615","41525890","chr1","139763383","139763661","59","98237768"
"chr3","41528241","41528549","chr1","26200802","26201093","72","15327439"
"chr3","41530261","41530564","chr7","10005546","10005847","52","31524715"
"chr3","41531754","41532028","chr5","126956284","126956559","63","85424530"
"chr3","41532029","41532154","chr2","170813628","170813760","23","129281599"
"chr3","41544436","41544704","chr1","209445315","209445577","64","167900879"
"chr3","41577333","41577563","chr5","119521229","119521452","55","77943896"
"chr3","41579352","41579638","chr17","74532386","74532666","66","32953034"
"chr3","41584081","41584218","chr12","11035256","11035394","24","30548825"
"chr3","41587766","41588092","chr9","115801079","115801390","72","74213313"
"chr3","41590865","41591039","chr10","76657162","76657329","39","35066297"
"chr3","41591344","41591477","chr7","136788134","136788270","21","95196790"
"chr3","41592595","41592904","chrX","48297259","48297562","60","6704664"
"chr3","41610477","41610781","chr22","31352205","31352514","59","10258272"
"chr3","41627222","41627342","chr12","120052353","120052465","28","78425131"
"chr3","41637794","41638129","chr2","8737914","8738231","56","32899880"
"chr3","41639526","41639627","chr10","129242271","129242370","20","87602745"
"chr3","41650271","41650585","chrX","38534283","38534596","63","3115988"
"chr3","41688461","41688733","chr2","8682795","8683064","31","33005666"
"chr3","41689881","41690205","chr2","8681368","8681693","35","33008513"
"chr3","41696170","41696224","chr2","8674236","8674291","4","33021934"
"chr3","41697387","41697684","chr1","139886086","139886369","75","98188699"
"chr3","41698925","41699066","chr18","9486979","9487116","22","32211946"
"chr3","41702549","41702634","chr20","11385354","11385437","16","30317195"
"chr3","41708401","41708523","chr2","8660526","8660652","17","33047875"
"chr3","41712911","41713207","chr7","26070890","26071185","62","15642021"
"chr3","41767450","41767760","chr12","28026150","28026454","78","13741300"
"chr3","41801953","41802232","chr12","86831523","86831824","69","45029570"
"chr3","41823216","41823511","chr2","8548930","8549226","29","33274286"
"chr3","41842143","41842262","chr8","25595258","25595381","22","16246885"
"chr3","41850607","41850877","chr15","49105761","49106040","60","7255154"
"chr3","41853446","41853699","chr2","8517379","8517637","37","33336067"
"chr3","41878863","41879156","chr6","67256542","67256821","67","25377679"
"chr3","41883948","41884114","chrX","7313535","7313711","42","34570413"
"chr3","41928827","41929140","chr5","101404898","101405201","65","59476071"
"chr3","41939846","41939967","chr7","6167066","6167189","32","35772780"
"chr3","41940258","41940443","chr7","47492323","47492505","48","5552065"
"chr3","41946281","41946577","chr2","8415872","8416163","46","33530409"
"chr3","41946777","41946943","chr15","42203770","42203927","50","256993"
"chr3","41961556","41961770","chr2","116816598","116816813","47","74855042"
"chr3","41967637","41967758","chrUn_GL286217","106113","106229","17","41861524"
"chr3","41981424","41981554","chr5","78534975","78535110","25","36553551"
"chr3","41991848","41991971","chr10","20521071","20521195","22","21470777"
"chr3","41992505","41992804","chr9","599638","599926","57","41392867"
"chr3","42044386","42044684","chr14","99471702","99472002","57","57427316"
"chr3","42045802","42045925","chr7","99853344","99853456","31","57807542"
"chr3","42054906","42055022","chr18","22210859","22210975","21","19844047"
"chr3","42055054","42055205","chr2","189489762","189489913","30","147434708"
"chr3","42058050","42058320","chr22","18208981","18209232","64","23849069"
"chr3","42060909","42061116","chr12","113818090","113818279","56","71757181"
"chr3","42069438","42069696","chr10","74933917","74934176","78","32864479"
"chr3","42090026","42090198","chr22","31046870","31047047","36","11043156"
"chr3","42090503","42090633","chr2","8274878","8275010","23","33815625"
"chr3","42126345","42126563","chr2","8238087","8238294","49","33888258"
"chr3","42145311","42145594","chr2","111010900","111011190","62","68865589"
"chr3","42150673","42150968","chr14","36457155","36457448","51","5693518"
"chr3","42159807","42159863","chr16","93869360","93869416","7","51709553"
"chr3","42197432","42197561","chr10","21974325","21974451","23","20223107"
"chr3","42206900","42207031","chr3","149245179","149245310","24","107038279"
"chr3","42211954","42212020","chr5","113418572","113418638","14","71206618"
"chr3","42221124","42221155","chr12","100675202","100675239","7","58454078"
"chr3","42221462","42221733","chr2","60086722","60087003","65","17865260"
"chr3","42228238","42228536","chr2","8143434","8143722","47","34084804"
"chr3","42249892","42250206","chr10","29841339","29841646","63","12408553"
"chr3","42254199","42254409","chrX","29485044","29485249","42","12769155"
"chr3","42272184","42272345","chr2","8110144","8110315","41","34162040"
"chr3","42272349","42272529","chr9","58584095","58584276","49","16311746"
"chr3","42273366","42273610","chr2","8108320","8108559","49","34165046"
"chr3","42302403","42302696","chr2","8082716","8082996","44","34219687"
"chr3","42312365","42312665","chr2","8070293","8070582","53","34242072"
"chr3","42328224","42328546","chr14","80754932","80755229","83","38426708"
"chr3","42337981","42338297","chr2","7883191","7883491","82","34454790"
"chr3","42366185","42366443","chr2","7518695","7518971","55","34847490"
"chr3","42384695","42384997","chr2","7498681","7498982","52","34886014"
"chr3","42396180","42396310","chr8","56082085","56082212","25","13685905"
"chr3","42411373","42411664","chr2","7470336","7470608","55","34941037"
"chr3","42414437","42414728","chr20","8771067","8771344","79","33643370"
"chr3","42417781","42418061","chr2","7462151","7462430","41","34955630"
"chr3","42437480","42437820","chr2","7441554","7441831","83","34995926"
"chr3","42447209","42447557","chrX","46524812","46525145","96","4077603"
"chr3","42451363","42451658","chr2","7425024","7425314","33","35026339"
"chr3","42452366","42452657","chr2","7424008","7424289","45","35028358"
"chr3","42453137","42453357","chr7","51264417","51264640","39","8811280"
"chr3","42453674","42453766","chr15","34318382","34318474","14","8135292"
"chr3","42463961","42464083","chr9","65816955","65817079","18","23352994"
"chr3","42464095","42464388","chr9","121845233","121845526","58","79381138"
"chr3","42467853","42468056","chr3","39848644","39848850","60","2619209"
"chr3","42468905","42469023","chr2","7404886","7405007","10","35064019"
"chr3","42474048","42474333","chr2","7399605","7399891","31","35074443"
"chr3","42498842","42498929","chr12","16515369","16515451","21","25983473"
"chr3","42500862","42501156","chr7","63234098","63234395","63","20733236"
"chr3","42505975","42506259","chr2","7365838","7366125","45","35140137"
"chr3","42513160","42513502","chr2","8116261","8116602","84","34396899"
"chr3","42515746","42515869","chr9","65816955","65817079","14","23301209"
"chr3","42536265","42536438","chr2","7336138","7336304","40","35200127"
"chr3","42548778","42549053","chr16","8843993","8844263","58","33704785"
"chr3","42549085","42549098","chr2","9724691","9724705","3","32824394"
"chr3","42573244","42573551","chr2","13987385","13987695","67","28585859"
"chr3","42577382","42577509","chr2","7292179","7292306","18","35285203"
"chr3","42699974","42700222","chr7","74546194","74546461","57","31846220"
"chr3","42705953","42706231","chrX","17820848","17821136","62","24885105"
"chr3","42718256","42718531","chr7","74567699","74567949","62","31849443"
"chr3","42742384","42742508","chr17","18697273","18697397","18","24045111"
"chr3","42748257","42748541","chr2","7160370","7160679","56","35587887"
"chr3","42758786","42758908","chr1","199892609","199892732","19","157133823"
"chr3","42766120","42766250","chr10","46878184","46878309","25","4112064"
"chr3","42769687","42769998","chrX","19539076","19539381","69","23230611"
"chr3","42779610","42779739","chr14","45131695","45131827","21","2352085"
"chr3","42785536","42785812","chr2","7133895","7134168","41","35651641"
"chr3","42797591","42797719","chr1","192457186","192457318","25","149659595"
"chr3","42804784","42805088","chr6","117308252","117308560","58","74503468"
"chr3","42819735","42819870","chr6","112715524","112715653","26","69895789"
"chr3","42827789","42828105","chr2","7095707","7096002","63","35732082"
"chr3","42832181","42832479","chr2","7091574","7091859","49","35740607"
"chr3","42837031","42837333","chr2","7088791","7089072","59","35748240"
"chr3","42846335","42846630","chr10","121293668","121293955","57","78447333"
"chr3","42860069","42860366","chr2","7069624","7069915","48","35790445"
"chr3","42872937","42873248","chr2","7055866","7056154","57","35817071"
"chr3","42891764","42892059","chr18","37261507","37261799","72","5630257"
"chr3","42903784","42903913","chr2","7028179","7028303","19","35875605"
"chr3","42943159","42943461","chr14","80754932","80755229","60","37811773"
"chr3","42960626","42960767","chr2","6978374","6978503","25","35982252"
"chr3","42960768","42961079","chr2","6978071","6978369","48","35982697"
"chr3","42963948","42964258","chr3","111556877","111557172","71","68592929"
"chr3","42967433","42967736","chr3","111556877","111557172","65","68589444"
"chr3","42974085","42974386","chr5","96270932","96271230","82","53296847"
"chr3","42986949","42987235","chr2","17910029","17910313","57","25076920"
"chr3","42990475","42990637","chr5","95379241","95379411","50","52388766"
"chr3","42990950","42991080","chr5","53397560","53397691","25","10406610"
"chr3","42996150","42996347","chr13","59196473","59196657","50","16200323"
"chr3","42997005","42997133","chr5","43093688","43093811","24","96683"
"chr3","43005475","43005771","chr2","7554432","7554703","60","35451043"
"chr3","43007746","43007956","chrX","46432419","46432600","67","3424673"
"chr3","43008223","43008358","chr1","157999498","157999632","24","114991275"
"chr3","43012708","43012879","chr5","88882379","88882540","31","45869671"
"chr3","43013201","43013334","chr4","18150235","18150364","23","24862966"
"chr3","43015407","43015717","chr2","7562360","7562664","47","35453047"
"chr3","43023132","43023319","chr2","7568825","7568987","45","35454307"
"chr3","43032103","43032408","chr5","79839694","79839993","64","36807591"
"chr3","43033193","43033434","chr2","7577397","7577640","26","35455796"
"chr3","43046769","43047091","chr2","7592075","7592401","50","35454694"
"chr3","43048364","43048666","chr2","7594156","7594447","54","35454208"
"chr3","43064502","43064599","chr3","39741952","39742052","24","3322550"
"chr3","43064931","43065091","chr4","153004901","153005054","39","109939970"
"chr3","43073223","43073528","chr2","8000025","8000324","63","35073198"
"chr3","43077950","43078081","chr10","27220287","27220416","19","15857663"
"chr3","43081651","43081965","chr2","7622815","7623123","40","35458836"
"chr3","43121572","43121608","chr12","14356894","14356928","9","28764678"
"chr3","43121903","43122180","chr10","119482015","119482308","102","76360112"
"chr3","43130451","43130643","chr12","26089654","26089836","48","17040797"
"chr3","43133599","43133853","chr2","39361745","39361988","62","3771854"
"chr3","43134916","43135006","chr6","119285887","119285976","17","76150971"
"chr3","43142911","43143040","chr2","7684770","7684896","20","35458141"
"chr3","43147527","43147833","chr2","7687942","7688262","47","35459585"
"chr3","43162393","43162459","chr14","13294030","13294096","9","29868363"
"chr3","43175366","43175488","chr5","132892578","132892701","23","89717212"
"chr3","43177998","43178292","chr14","84353619","84353920","73","41175621"
"chr3","43196474","43196625","chr8","3161096","3161248","34","40035378"
"chr3","43225442","43225563","chr7","51683975","51684102","21","8458533"
"chr3","43229614","43229739","chr5","97612044","97612168","19","54382430"
"chr3","43244046","43244328","chr2","14725962","14726237","71","28518084"
"chr3","43355011","43355328","chr1","200746044","200746338","84","157391033"
"chr3","43393984","43394299","chr2","7753856","7754163","38","35640128"
"chr3","43441819","43441993","chr2","125066199","125066371","29","81624380"
"chr3","43511185","43511385","chr2","13561617","13561807","53","29949568"
"chr3","43528085","43528405","chr2","7883191","7883491","44","35644894"
"chr3","43528410","43528542","chr10","98492248","98492377","17","54963838"
"chr3","43538939","43539255","chr15","22278823","22279129","68","21260116"
"chr3","43548977","43549262","chr15","49105761","49106040","61","5556784"
"chr3","43568831","43569021","chr5","83456739","83456926","39","39887908"
"chr3","43577341","43577461","chr18","10017085","10017201","15","33560256"
"chr3","43577765","43577791","chr2","14760863","14760882","11","28816902"
"chr3","43577818","43577969","chr10","18480162","18480314","33","25097656"
"chr3","43594798","43595095","chr2","55200270","55200573","54","11605472"
"chr3","43596129","43596447","chr19","1163250","1163563","87","42432879"
"chr3","43597490","43597796","chr2","7943893","7944185","52","35653597"
"chr3","43607084","43607392","chr2","7951193","7951475","52","35655891"
"chr3","43628905","43629039","chr1","180762759","180762888","21","137133854"
"chr3","43685639","43685721","chr22","27307534","27307617","16","16378105"
"chr3","43685790","43685941","chr5","63280254","63280406","27","19594464"
"chr3","43687305","43687451","chr22","9503903","9504040","29","34183402"
"chr3","43688026","43688242","chr9","100103035","100103214","66","56415009"
"chr3","43701880","43702181","chr2","55200270","55200573","61","11498390"
"chr3","43710693","43710829","chr6","122117626","122117747","32","78406933"
"chr3","43723449","43723741","chr5","127542950","127543244","73","83819501"
"chr3","43724363","43724494","chr2","1983485","1983615","10","41740878"
"chr3","43767868","43768143","chrX","97085588","97085857","54","53317720"
"chr3","43842847","43843108","chr10","21403284","21403530","63","22439563"
"chr3","43848352","43848649","chr1","168010740","168011028","68","124162388"
"chr3","43850655","43850952","chr1","168010740","168011028","68","124160085"
"chr3","43852393","43852641","chr3","26412811","26413053","57","17439582"
"chr3","43854730","43855016","chr2","2089306","2089585","47","41765424"
"chr3","43865138","43865280","chr2","2095846","2095967","34","41769292"
"chr3","43866419","43866580","chr1","120288571","120288728","35","76422152"
"chr3","43866890","43866997","chr7","36689934","36690042","32","7176956"
"chr3","43895280","43895586","chr9","98584366","98584670","63","54689086"
"chr3","43904439","43904734","chr9","40510882","40511171","68","3393557"
"chr3","43943166","43943472","chrX","20607629","20607919","61","23335537"
"chr3","43957250","43957516","chr7","11164022","11164267","63","32793228"
"chr3","44111099","44111379","chr8","95915501","95915782","59","51804402"
"chr3","44141189","44141491","chr2","2379657","2379957","42","41761532"
"chr3","44170955","44171083","chr2","2408820","2408946","12","41762135"
"chr3","44187347","44187568","chr1","14613692","14613877","65","29573655"
"chr3","44187868","44187987","chr14","41097088","41097209","17","3090780"
"chr3","44193297","44193595","chr2","2427450","2427758","53","41765847"
"chr3","44215929","44216058","chr3","5799886","5800009","38","38416043"
"chr3","44264503","44264796","chr2","2500957","2501233","57","41763546"
"chr3","44314915","44315205","chr2","2548686","2548972","45","41766229"
"chr3","44344370","44344509","chr10","131155652","131155790","37","86811282"
"chr3","44344829","44344985","chr1","186568722","186568874","47","142223893"
"chr3","44366349","44366645","chr2","2603647","2603932","50","41762702"
"chr3","44386638","44386774","chr9","84960101","84960234","29","40573463"
"chr3","44460003","44460301","chr2","2748294","2748585","49","41711709"
"chr3","44471396","44471636","chr2","151397559","151397799","60","106926163"
"chr3","44472653","44472927","chr13","28213349","28213619","61","16259304"
"chr3","44573454","44573754","chr2","2863760","2864059","39","41709694"
"chr3","44588418","44588714","chr2","2880343","2880601","63","41708075"
"chr3","44588716","44588836","chr4","14872788","14872907","22","29715928"
"chr3","44600546","44600850","chr16","53481409","53481705","68","8880863"
"chr3","44620903","44621198","chr2","2903046","2903336","38","41717857"
"chr3","44630109","44630460","chr2","2912146","2912525","101","41717963"
"chr3","44678846","44678925","chr3","118898265","118898354","30","74219419"
"chr3","44684628","44684916","chr2","2966286","2966578","47","41718342"
"chr3","44769047","44769326","chr17","40368623","40368904","52","4400424"
"chr3","44853411","44853708","chr14","74675440","74675747","67","29822029"
"chr3","44856012","44856326","chr2","3131102","3131363","86","41724910"
"chr3","44861932","44862241","chr2","3137033","3137332","64","41724899"
"chr3","44924337","44924631","chr2","3194281","3194580","52","41730056"
"chr3","44946881","44947169","chr1","155032190","155032474","53","110085309"
"chr3","44958075","44958390","chr2","3223505","3223798","49","41734570"
"chr3","45014311","45014596","chr2","3278125","3278417","48","41736186"
"chr3","45026822","45027102","chr2","73277207","73277506","75","28250385"
"chr3","45031149","45031290","chr7","23999122","23999254","28","21032027"
"chr3","45031336","45031555","chr7","136534238","136534453","63","91502902"
"chr3","45038848","45039132","chr2","3299858","3300154","48","41738990"
"chr3","45084168","45084462","chr2","3354482","3354786","49","41729686"
"chr3","45156096","45156405","chr5","144162498","144162784","91","99006402"
"chr3","45205045","45205335","chr1","26200802","26201093","55","19004243"
"chr3","45255967","45256208","chr2","7036677","7036920","58","38219290"
"chr3","45260268","45260562","chr13","64433942","64434240","78","19173674"
"chr3","45275603","45275898","chr5","140984252","140984542","55","95708649"
"chr3","45282185","45282488","chr11","17495354","17495655","54","27786831"
"chr3","45292954","45293094","chr1","157999498","157999632","27","112706544"
"chr3","45294217","45294357","chr1","157999498","157999632","27","112705281"
"chr3","45311657","45311940","chr2","3552467","3552726","66","41759190"
"chr3","45317480","45317765","chr5","942750","943029","70","44374730"
"chr3","45446145","45446417","chrX","40469926","40470192","67","4976219"
"chr3","45485219","45485522","chr7","58274465","58274765","67","12789246"
"chr3","45537677","45537939","chr2","3760116","3760375","61","41777561"
"chr3","45585134","45585434","chr2","3804807","3805106","38","41780327"
"chr3","45660259","45660574","chr7","32363417","32363723","70","13296842"
"chr3","45753492","45753816","chr2","3973048","3973336","68","41780444"
"chr3","45785309","45785561","chr5","96220103","96220350","50","50434794"
"chr3","45794184","45794494","chr2","4013610","4013919","51","41780574"
"chr3","45889217","45889507","chr2","4109197","4109468","76","41780020"
"chr3","45979092","45979374","chr5","41154070","41154347","69","4825022"
"chr3","46028144","46028258","chrX","39352966","39353083","21","6675178"
"chr3","46028296","46028487","chr2","36714412","36714592","46","9313884"
"chr3","46204340","46204652","chr15","32840949","32841254","69","13363391"
"chr3","46301061","46301330","chr2","4549190","4549462","54","41751871"
"chr3","46305782","46305910","chr5","97612044","97612168","23","51306262"
"chr3","46334101","46334231","chr2","4589451","4589581","14","41744650"
"chr3","46336477","46336700","chr10","32832939","32833159","54","13503538"
"chr3","46450939","46451226","chr2","4711557","4711843","58","41739382"
"chr3","46505236","46505370","chr17","16870754","16870881","28","29634482"
"chr3","46575952","46576216","chr2","4835805","4836077","62","41740147"
"chr3","46585121","46585428","chr2","4844847","4845134","52","41740274"
"chr3","46625811","46626128","chr5","60008529","60008838","69","13382718"
"chr3","46632350","46632645","chr5","61659323","61659618","61","15026973"
"chr3","46639402","46639679","chr1","205390596","205390862","62","158751194"
"chr3","46645671","46645955","chr1","189636183","189636474","57","142990512"
"chr3","46648362","46648415","chr12","11463759","11463812","9","35184603"
"chr3","46650680","46650966","chr2","4916649","4916951","59","41734031"
"chr3","46653882","46654186","chr2","4920686","4921001","58","41733196"
"chr3","46661286","46661589","chr4","43810135","43810439","61","2851151"
"chr3","46692463","46692743","chr2","4958744","4959029","36","41733719"
"chr3","46708267","46708406","chr15","16123472","16123605","27","30584795"
"chr3","46723079","46723386","chr2","4982979","4983294","43","41740100"
"chr3","46726080","46726381","chr6","140350199","140350498","61","93624119"
"chr3","46732386","46732699","chr2","4993124","4993420","47","41739262"
"chr3","46753196","46753493","chr14","36457155","36457448","57","10296041"
"chr3","46753647","46753954","chr2","5015986","5016308","60","41737661"
"chr3","46762012","46762313","chr22","27040819","27041113","67","19721193"
"chr3","46778551","46778862","chr2","153911331","153911638","59","107132780"
"chr3","46809174","46809454","chr1","155032190","155032474","51","108223016"
"chr3","46815734","46816032","chr9","69101922","69102211","67","22286188"
"chr3","46818661","46818964","chr2","5075999","5076305","40","41742662"
"chr3","46822930","46823218","chr2","5080531","5080830","43","41742399"
"chr3","46825788","46826080","chr5","110537880","110538173","67","63712092"
"chr3","46835864","46836161","chr10","20352331","20352619","68","26483533"
"chr3","46838803","46838958","chr10","117855645","117855799","30","71016842"
"chr3","46839256","46839391","chr5","97012405","97012532","30","50173149"
"chr3","46883000","46883284","chr15","20098469","20098753","59","26784531"
"chr3","46928260","46928385","chr9","65816955","65817079","12","18888695"
"chr3","46950277","46950519","chr2","5193499","5193739","33","41756778"
"chr3","46952697","46952977","chr6","140422095","140422395","73","93469398"
"chr3","46970909","46971195","chr2","5216883","5217188","45","41754026"
"chr3","46973877","46974203","chr2","5219935","5220246","49","41753942"
"chr3","46991140","46991301","chr2","171121213","171121372","36","124130073"
"chr3","47024689","47024970","chr1","135471991","135472267","59","88447302"
"chr3","47034659","47034960","chr6","83527822","83528124","54","36493163"
"chr3","47061879","47062136","chr15","83852309","83852555","49","36790430"
"chr3","47098146","47098429","chr1","105108042","105108314","68","58009896"
"chr3","47102596","47102879","chr2","5333798","5334080","37","41768798"
"chr3","47103496","47103732","chr2","5334811","5335062","30","41768685"
"chr3","47105752","47106043","chr2","5336747","5337041","48","41769005"
"chr3","47108135","47108439","chr21","50023013","50023317","68","2914878"
"chr3","47110288","47110574","chr7","132179583","132179874","64","85069295"
"chr3","47117817","47118123","chr20","3640077","3640356","90","43477740"
"chr3","47123714","47123852","chr12","11035256","11035394","28","36088458"
"chr3","47183190","47183319","chr7","50802550","50802680","24","3619360"
"chr3","47200392","47200685","chr2","5412568","5412852","52","41787824"
"chr3","47213053","47213400","chr2","55440929","55441275","95","8227876"
"chr3","47226325","47226456","chr16","46329569","46329700","18","896756"
"chr3","47273377","47273483","chr2","5476721","5476841","27","41796656"
"chr3","47294054","47294235","chr2","5493671","5493877","45","41800383"
"chr3","47294862","47295132","chr22","39542345","39542617","60","7752517"
"chr3","47315020","47315326","chr5","72293670","72293952","85","24978650"
"chr3","47385567","47385844","chr2","5558537","5558797","55","41827030"
"chr3","47405645","47405920","chr5","91951691","91951969","59","44546046"
"chr3","47419654","47419964","chr6","135137405","135137707","68","87717751"
"chr3","47425833","47425953","chr5","22098231","22098347","21","25327602"
"chr3","47474181","47474460","chr11","121542347","121542608","69","74068166"
"chr3","47524663","47524972","chr5","152240073","152240379","70","104715410"
"chr3","47552456","47552673","chr2","5694105","5694306","44","41858351"
"chr3","47580945","47581083","chrUn_GL286420","739765","739898","33","46841180"
"chr3","47605231","47605538","chr5","73238327","73238614","76","25633096"
"chr3","47607784","47608097","chr2","5759618","5759922","51","41848166"
"chr3","47634821","47635140","chr2","5779454","5779756","52","41855367"
"chr3","47656519","47656827","chr7","63211966","63212270","73","15555447"
"chr3","47660928","47661234","chr2","5803399","5803691","56","41857529"
"chr3","47679984","47680276","chrX","138043135","138043421","54","90363151"
"chr3","47691589","47691857","chrX","62106453","62106715","82","14414864"
"chr3","47713938","47714219","chr4","105604521","105604803","61","57890583"
"chr3","47815020","47815318","chr2","5955692","5955969","67","41859328"
"chr3","48001109","48001301","chr1","188326542","188326728","39","140325433"
"chr3","48016268","48016580","chrX","118952039","118952348","74","70935771"
"chr3","48057349","48057607","chr6","39372823","39373068","68","8684526"
"chr3","48060263","48060391","chr1","38075302","38075428","21","9984961"
"chr3","48065343","48065676","chr2","6192421","6192741","60","41872922"
"chr3","48096665","48096964","chr2","6219022","6219324","41","41877643"
"chr3","48133510","48133844","chr12","97833203","97833523","82","49699693"
"chr3","48149321","48149601","chr15","7227741","7228029","64","40921580"
"chr3","48159257","48159544","chr2","6277777","6278070","38","41881480"
"chr3","48169799","48169927","chr7","23997896","23998020","24","24171903"
"chr3","48169953","48170118","chr7","43610864","43611029","34","4559089"
"chr3","48209379","48209596","chr11","60147414","60147621","58","11938035"
"chr3","48230228","48230348","chr5","76947722","76947839","22","28717494"
"chr3","48236954","48237087","chr12","11035256","11035394","30","37201698"
"chr3","48261809","48262106","chr11","117246056","117246353","63","68984247"
"chr3","48270986","48271287","chr3","111556877","111557172","58","63285891"
"chr3","48288690","48288838","chr11","33708224","33708370","28","14580466"
"chr3","48348700","48348978","chr1","155032190","155032474","63","106683490"
"chr3","48395234","48395526","chr2","6444018","6444299","52","41951216"
"chr3","48422087","48422356","chr2","6480730","6481010","60","41941357"
"chr3","48441747","48442044","chr18","26787940","26788237","59","21653807"
"chr3","48484492","48484776","chr6","21995323","21995618","58","26489169"
"chr3","48484805","48484828","chr2","11238519","11238536","8","37246286"
"chr3","48488909","48489041","chr19","26202497","26202625","25","22286412"
"chr3","48497162","48497461","chr2","17535169","17535452","65","30961993"
"chr3","48497462","48497596","chr4","117305226","117305359","19","68807764"
"chr3","48501856","48501973","chr7","74897348","74897465","20","26395492"
"chr3","48553350","48553675","chr2","93954048","93954373","78","45400698"
"chr3","48618308","48618631","chr13","39644105","39644413","81","8974203"
"chr3","48620351","48620628","chr2","17518407","17518691","74","31101944"
"chr3","48674512","48674677","chr12","117132071","117132233","32","68457559"
"chr3","48674992","48675141","chr7","75977346","75977482","39","27302354"
"chr3","48691515","48691734","chrX","29485044","29485249","53","19206471"
"chr3","48701699","48701916","chr2","12770367","12770584","49","35931332"
"chr3","48746680","48746750","chr9","20317498","20317570","13","28429182"
"chr3","48746782","48746900","chr8","95835043","95835158","22","47088261"
"chr3","48779668","48779958","chr2","6817280","6817563","43","41962388"
"chr3","48822638","48822896","chr2","6860494","6860767","47","41962144"
"chr3","48862475","48862774","chr2","8000025","8000324","66","40862450"
"chr3","48870429","48870650","chr6","24981506","24981719","46","23888923"
"chr3","48875204","48875504","chr2","6910002","6910309","53","41965202"
"chr3","48909171","48909475","chr5","78440924","78441226","63","29531753"
"chr3","48941037","48941160","chr2","57111469","57111593","20","8170432"
"chr3","48944019","48944375","chr11","107570235","107570558","97","58626216"
"chr3","48969092","48969391","chr2","17670653","17670953","55","31298439"
"chr3","49012195","49012494","chr8","29312697","29313006","65","19699498"
"chr3","49175853","49176138","chr2","1764395","1764680","33","47411458"
"chr3","49230880","49231009","chr10","98492248","98492377","25","49261368"
"chr3","49231321","49231496","chr5","141094961","141095146","36","91863640"
"chr3","49258915","49259198","chr2","1670029","1670304","50","47588886"
"chr3","49278272","49278598","chr8","75873726","75874038","74","26595454"
"chr3","49308027","49308316","chr1","142990040","142990329","53","93682013"
"chr3","49310331","49310617","chr5","144162498","144162784","61","94852167"
"chr3","49319870","49320147","chr22","14669329","14669606","58","34650541"
"chr3","49346063","49346371","chr2","1599600","1599890","60","47746463"
"chr3","49347689","49347985","chr9","85613582","85613875","67","36265893"
"chr3","49355264","49355387","chr3","137802923","137803047","21","88447659"
"chr3","49380563","49380689","chr1","199892609","199892732","25","150512046"
"chr3","49404505","49404836","chr19","28307833","28308159","68","21096672"
"chr3","49420179","49420309","chr20","5208280","5208403","18","44211899"
"chr3","49428826","49428944","chr2","7404886","7405007","10","42023940"
"chr3","49435086","49435368","chr2","7399605","7399891","36","42035481"
"chr3","49483750","49483793","chr5","85542996","85543043","12","36059246"
"chr3","49495176","49495461","chr2","1522530","1522834","50","47972646"
"chr3","49497705","49497907","chr13","59196473","59196657","56","9698768"
"chr3","49618281","49618473","chr9","107456252","107456436","46","57837971"
"chr3","49636437","49636554","chr1","84875223","84875339","17","35238786"
"chr3","49918742","49918900","chr3","119164749","119164910","50","69246007"
"chr3","50014264","50014560","chr5","106251952","106252249","59","56237688"
"chr3","50020420","50020690","chr2","1184306","1184571","58","48836114"
"chr3","50084517","50084776","chr2","1240215","1240468","38","48844302"
"chr3","50154630","50154911","chr4","106105978","106106250","69","55951348"
"chr3","50170774","50171014","chr12","19657642","19657879","55","30513132"
"chr3","50183145","50183444","chr14","83337289","83337574","78","33154144"
"chr3","50207351","50207626","chr4","106105978","106106250","68","55898627"
"chr3","50210961","50211245","chr10","35987883","35988166","55","14223078"
"chr3","50215896","50216195","chr2","1279033","1279306","61","48936863"
"chr3","50223436","50223680","chr12","19657642","19657879","55","30565794"
"chr3","50255151","50255466","chr2","1306721","1306998","66","48948430"
"chr3","50272263","50272529","chr2","1323012","1323268","41","48949251"
"chr3","50293030","50293188","chr11","106023187","106023336","39","55730157"
"chr3","50326649","50326974","chr7","151693300","151693604","67","101366651"
"chr3","50369095","50369225","chr9","83313053","83313187","27","32943958"
"chr3","50374606","50374888","chr10","115656334","115656612","69","65281728"
"chr3","50377406","50377584","chr5","62473341","62473519","42","12095935"
"chr3","50377893","50378027","chr2","170813628","170813760","22","120435735"
"chr3","50379516","50379824","chr1","21430763","21431070","67","28948753"
"chr3","50387177","50387386","chr17","73872505","73872698","50","23485328"
"chr3","50387698","50387831","chr10","27220287","27220416","26","23167411"
"chr3","50434324","50434530","chrUn_GL286453","16127","16330","29","50418197"
"chr3","50434953","50435086","chr17","74385149","74385293","30","23950196"
"chr3","50435099","50435211","chr22","13148295","13148409","33","37286804"
"chr3","50444362","50444658","chr22","40807399","40807695","68","9636963"
"chr3","50460239","50460348","chr8","1499203","1499320","26","48961036"
"chr3","50467302","50467615","chr17","74539608","74539898","50","24072306"
"chr3","50502267","50502542","chr9","103525515","103525797","68","53023248"
"chr3","50543996","50544126","chr4","10682357","10682488","22","39861639"
"chr3","50589583","50589713","chr22","27530531","27530659","25","23059052"
"chr3","50608573","50608732","chr10","75869473","75869623","41","25260900"
"chr3","50649016","50649220","chr5","132088604","132088805","54","81439588"
"chr3","50688850","50688980","chrUn_GL288204","3605","3732","19","50685245"
"chr3","50689231","50689427","chrUn_GL286453","16127","16330","41","50673104"
"chr3","50723135","50723467","chr19","28307833","28308159","61","22415302"
"chr3","51227114","51227396","chr2","136478476","136478767","79","85251362"
"chr3","51760070","51760185","chr2","171117387","171117497","32","119357317"
"chr3","52230941","52231161","chr8","19933145","19933374","43","32297796"
"chr3","53046300","53046586","chr8","20594519","20594793","48","32451781"
"chr3","53261084","53261378","chr5","3937324","3937612","60","49323760"
"chr3","53987683","53987744","chr8","21630004","21630071","13","32357679"
"chr3","53998568","53998741","chr7","60565933","60566105","47","6567365"
"chr3","53999024","53999149","chr2","7684770","7684896","26","46314254"
"chr3","54533837","54534122","chr13","69275726","69276022","68","14741889"
"chr3","54701535","54701829","chr8","22396750","22397041","40","32304785"
"chr3","54724076","54724248","chr3","150153665","150153833","35","95429589"
"chr3","54728978","54729102","chr3","137802923","137803047","17","83073945"
"chr3","54888190","54888310","chr8","22572545","22572663","23","32315645"
"chr3","54923517","54923649","chr2","170813628","170813760","22","115890111"
"chr3","54948878","54949147","chr8","29819130","29819402","72","25129748"
"chr3","55066977","55067053","chr5","11691653","11691730","23","43375324"
"chr3","55067360","55067430","chr1","14546176","14546247","14","40521184"
"chr3","55069295","55069586","chr7","50122793","50123076","47","4946502"
"chr3","55097383","55097667","chr8","112726784","112727067","80","57629401"
"chr3","55100156","55100441","chr8","112726784","112727067","79","57626628"
"chr3","55110951","55111265","chr13","46191369","46191685","64","8919582"
"chr3","55112590","55112868","chr9","121923416","121923688","76","66810826"
"chr3","55138027","55138222","chrUn_GL286453","16127","16330","33","55121900"
"chr3","55138527","55138673","chrUn_GL286321","1930","2066","36","55136597"
"chr3","55138677","55138817","chrUn_GL286321","1786","1921","22","55136891"
"chr3","55149766","55150069","chr9","98584366","98584670","60","43434600"
"chr3","55157712","55157820","chr2","6535526","6535634","25","48622186"
"chr3","55161542","55161843","chr22","29213886","29214184","66","25947656"
"chr3","55171607","55171838","chr11","17286524","17286747","52","37885083"
"chr3","55176997","55177309","chr17","74539608","74539898","50","19362611"
"chr3","55183541","55183826","chr4","30320006","30320287","77","24863535"
"chr3","55198937","55199217","chrX","20607629","20607919","60","34591308"
"chr3","55206820","55207141","chr18","1723868","1724182","82","53482952"
"chr3","55207827","55208149","chr18","1723868","1724182","80","53483959"
"chr3","55262463","55262723","chr1","156170883","156171146","56","100908420"
"chr3","55272341","55272471","chrUn_GL286466","43010","43137","16","55229331"
"chr3","55277827","55278138","chrUn_GL286209","125818","126117","45","55152009"
"chr3","55288191","55288491","chr17","74666385","74666691","58","19378194"
"chr3","55303936","55304208","chr1","193901621","193901899","72","138597685"
"chr3","55309068","55309260","chr2","9684873","9685057","36","45624195"
"chr3","55312463","55312764","chr2","8000025","8000324","69","47312438"
"chr3","55334524","55334646","chr4","102324465","102324592","25","46989941"
"chr3","55352198","55352488","chr4","111330364","111330653","58","55978166"
"chr3","55356874","55357181","chr17","74416837","74417139","36","19059963"
"chr3","55381420","55381616","chr17","74460673","74460863","39","19079253"
"chr3","55398535","55398746","chr1","121548205","121548417","40","66149670"
"chr3","55422079","55422315","chr17","74498347","74498560","52","19076268"
"chr3","55426025","55426126","chr4","38318362","38318459","17","17107663"
"chr3","55437632","55437851","chr17","74508363","74508587","44","19070731"
"chr3","55443857","55444138","chr3","148672195","148672487","67","93228338"
"chr3","55448376","55448496","chr17","74524064","74524180","17","19075688"
"chr3","55534897","55535047","chr17","74560095","74560235","33","19025198"
"chr3","55541478","55541593","chr2","7433105","7433216","29","48108373"
"chr3","55543820","55544117","chr3","151599961","151600260","70","96056141"
"chr3","55552380","55552504","chr1","65498126","65498250","23","9945746"
"chr3","55586205","55586326","chr17","74632049","74632175","25","19045844"
"chr3","55599390","55599519","chrUn_GL286321","1930","2066","23","55597460"
"chr3","55599825","55600031","chrUn_GL286453","16127","16330","21","55583698"
"chr3","55642427","55642736","chr2","5259050","5259351","43","50383377"
"chr3","55675304","55675557","chr12","49931530","49931770","68","5743774"
"chr3","55676344","55676539","chr5","83456739","83456926","45","27780395"
"chr3","55676838","55676978","chr5","74329230","74329369","31","18652392"
"chr3","55718388","55718682","chr4","20988397","20988680","70","34729991"
"chr3","55730717","55730991","chr3","185886297","185886541","53","130155580"
"chr3","55780149","55780430","chr16","19842038","19842317","73","35938111"
"chr3","55858050","55858179","chr19","6952953","6953082","22","48905097"
"chr3","56443127","56443419","chr3","111189894","111190176","66","54746767"
"chr3","57379210","57379377","chr17","72963080","72963246","41","15583870"
"chr3","57504135","57504433","chr13","60354203","60354490","69","2850068"
"chr3","57589291","57589560","chr8","18032304","18032602","56","39556987"
"chr3","57789080","57789364","chr9","96993073","96993365","53","39203993"
"chr3","57934446","57934747","chr16","96695087","96695382","63","38760641"
"chr3","57955069","57955218","chr8","17694404","17694547","23","40260665"
"chr3","58565207","58565545","chr8","17098977","17099322","58","41466230"
"chr3","58920375","58920698","chr8","16786498","16786807","62","42133877"
"chr3","59404868","59405190","chr5","2335077","2335389","84","57069791"
"chr3","60059503","60059788","chr20","3708677","3708953","67","56350826"
"chr3","60240210","60240342","chr4","16066197","16066331","28","44174013"
"chr3","60277274","60277558","chr4","155554282","155554564","65","95277008"
"chr3","60681776","60682065","chr8","15221403","15221687","32","45460373"
"chr3","60801045","60801282","chr8","15098320","15098556","41","45702725"
"chr3","60842893","60843173","chr8","15069061","15069362","73","45773832"
"chr3","60843834","60844131","chr8","15069061","15069362","39","45774773"
"chr3","61217188","61217328","chr9","112921738","112921872","23","51704550"
"chr3","61217618","61217805","chr8","70292929","70293114","41","9075311"
"chr3","61906858","61907118","chr10","60367454","60367725","76","1539404"
"chr3","61984232","61984357","chr8","14025655","14025786","23","47958577"
"chr3","62012307","62012617","chr8","14011413","14011720","64","48000894"
"chr3","62147868","62147995","chr10","88827716","88827843","22","26679848"
"chr3","62299453","62299722","chr18","44129465","44129737","71","18169988"
"chr3","62534356","62534652","chr3","149104058","149104353","61","86569702"
"chr3","62576688","62576826","chr5","86428102","86428250","39","23851414"
"chr3","62685745","62685892","chr5","46011681","46011810","39","16674064"
"chr3","62808705","62809037","chr2","63108304","63108615","87","299599"
"chr3","63215245","63215550","chr19","48874730","48875031","66","14340515"
"chr3","63274611","63274903","chr8","13072389","13072657","54","50202222"
"chr3","63279312","63279571","chrX","14837432","14837696","64","48441880"
"chr3","63281602","63281894","chr8","13064836","13065131","54","50216766"
"chr3","63559476","63559604","chr1","199892609","199892732","22","136333133"
"chr3","63559634","63559810","chr1","129159547","129159726","42","65599913"
"chr3","63614940","63615114","chr7","153516064","153516232","51","89901124"
"chr3","63630924","63631197","chr8","12691111","12691370","43","50939813"
"chr3","63781073","63781365","chrX","7945410","7945708","63","55835663"
"chr3","63782798","63783002","chr1","84280002","84280208","43","20497204"
"chr3","63787716","63788029","chr21","46998038","46998338","80","16789678"
"chr3","63789924","63790229","chr2","8000025","8000324","59","55789899"
"chr3","63837771","63837821","chr9","107054665","107054705","20","43216894"
"chr3","63837954","63838085","chr9","43510189","43510319","24","20327765"
"chr3","63845359","63845536","chr8","12476112","12476262","44","51369247"
"chr3","63846088","63846124","chr1","113717818","113717853","5","49871730"
"chr3","63884450","63884536","chr20","11385354","11385437","17","52499096"
"chr3","63885104","63885243","chr8","12444049","12444178","26","51441055"
"chr3","63885539","63885729","chr8","12443581","12443748","39","51441958"
"chr3","63924604","63924875","chr8","12395093","12395379","52","51529511"
"chr3","63977597","63977895","chr8","12346396","12346698","44","51631201"
"chr3","63982675","63982786","chr14","19104955","19105049","32","44877720"
"chr3","63998193","63998321","chr8","12326224","12326351","13","51671969"
"chr3","64009337","64009482","chr13","28530480","28530624","31","35478857"
"chr3","64009769","64009792","chr2","9724691","9724705","9","54285078"
"chr3","64010091","64010212","chr6","58826","58944","34","63951265"
"chr3","64057969","64058098","chr8","12259922","12260040","20","51798047"
"chr3","64078528","64078751","chr11","124318402","124318622","49","60239874"
"chr3","64099476","64099609","chr7","136788134","136788270","24","72688658"
"chr3","64102273","64102560","chr10","8850889","8851177","54","55251384"
"chr3","64105478","64105593","chr7","63129024","63129132","26","976454"
"chr3","64182199","64182484","chr5","60811975","60812253","68","3370224"
"chr3","64184741","64184994","chr8","12140772","12141027","50","52043969"
"chr3","64227703","64228036","chr12","29349698","29349999","106","34878005"
"chr3","64247926","64248094","chr2","12607722","12607885","34","51640204"
"chr3","64248391","64248531","chr12","11035256","11035394","26","53213135"
"chr3","64259511","64259812","chr13","10709180","10709493","62","53550331"
"chr3","64266395","64266688","chr4","157845979","157846270","65","93579584"
"chr3","64277091","64277173","chr19","18400847","18400923","15","45876244"
"chr3","64290823","64290953","chr10","9122272","9122399","25","55168551"
"chr3","64376498","64376697","chr12","102528390","102528588","47","38151892"
"chr3","64450218","64450528","chr6","22082494","22082803","66","42367724"
"chr3","64472349","64472479","chr15","16123472","16123605","20","48348877"
"chr3","64489771","64490025","chr8","11805106","11805390","54","52684665"
"chr3","64611420","64611731","chrX","44065324","44065634","65","20546096"
"chr3","64690816","64691083","chr8","11605795","11606080","40","53085021"
"chr3","64772544","64772766","chr8","11537230","11537447","41","53235314"
"chr3","64812700","64813014","chr8","11486227","11486537","47","53326473"
"chr3","64824130","64824254","chr11","96832037","96832164","20","32007907"
"chr3","64830750","64830919","chr9","75720167","75720328","46","10889417"
"chr3","64831231","64831355","chr4","155882585","155882706","33","91051354"
"chr3","64860931","64861046","chr4","58596055","58596175","32","6264876"
"chr3","64872500","64872787","chr8","11433624","11433922","55","53438876"
"chr3","64908633","64908924","chr7","150057788","150058082","57","85149155"
"chr3","64937119","64937369","chr8","11385769","11386037","45","53551350"
"chr3","64984067","64984375","chrX","19539076","19539381","58","45444991"
"chr3","65088826","65089043","chr7","45673448","45673666","62","19415378"
"chr3","65096992","65097278","chrUn_GL286743","5845","6131","53","65091147"
"chr3","65164794","65165107","chr3","82913223","82913528","61","17748429"
"chr3","65219173","65219483","chrX","62411395","62411707","62","2807778"
"chr3","65319790","65320089","chr8","10983624","10983933","36","54336166"
"chr3","65407944","65408063","chr8","10877790","10877912","20","54530154"
"chr3","65504846","65505042","chr22","9897173","9897367","40","55607673"
"chr3","65601345","65601647","chr10","16781307","16781603","59","48820038"
"chr3","65810930","65811206","chr8","10473401","10473683","29","55337529"
"chr3","65855264","65855388","chr2","201004019","201004138","31","135148755"
"chr3","65857021","65857180","chr2","144690776","144690943","42","78833755"
"chr3","65867540","65867851","chr8","10420045","10420363","41","55447495"
"chr3","66800798","66801049","chr8","9578981","9579231","27","57221817"
"chr3","67028334","67028641","chrX","48297259","48297562","68","18731075"
"chr3","67196295","67196600","chr22","29758068","29758367","66","37438227"
"chr3","67256851","67257148","chr22","31790880","31791171","71","35465971"
"chr3","67438965","67439267","chr8","8952718","8953013","49","58486247"
"chr3","67511655","67511932","chr12","100917529","100917806","67","33405874"
"chr3","67545325","67545456","chr8","8851558","8851690","20","58693767"
"chr3","67691895","67692001","chrX","111909956","111910060","24","44218061"
"chr3","67777167","67777304","chr3","94752934","94753066","26","26975767"
"chr3","67777593","67777760","chr7","17442888","17443054","34","50334705"
"chr3","67979121","67979470","chr10","120546371","120546703","88","52567250"
"chr3","68026826","68027155","chr8","8399827","8400120","67","59626999"
"chr3","68143943","68144180","chr8","8285079","8285328","43","59858864"
"chr3","68154626","68154902","chr3","38467001","38467266","66","29687625"
"chr3","68230751","68230870","chr3","184604038","184604156","27","116373287"
"chr3","68348307","68348407","chr8","8072996","8073083","19","60275311"
"chr3","68408497","68408786","chrX","15505273","15505563","55","52903224"
"chr3","68518659","68518967","chr22","43060689","43060986","72","25457970"
"chr3","68555816","68556127","chr15","56767289","56767596","70","11788527"
"chr3","68621552","68621839","chr2","11019507","11019792","59","57602045"
"chr3","68633742","68634053","chr8","7803631","7803944","51","60830111"
"chr3","68648362","68648657","chr14","41388931","41389229","84","27259431"
"chr3","68675050","68675162","chr2","10258659","10258769","21","58416391"
"chr3","68776068","68776322","chr13","36083362","36083598","67","32692706"
"chr3","68802037","68802315","chr8","7671617","7671886","42","61130420"
"chr3","68811169","68811468","chrX","43129614","43129910","64","25681555"
"chr3","68835097","68835393","chr8","7642068","7642354","48","61193029"
"chr3","68862797","68863087","chr6","84950940","84951228","66","16088143"
"chr3","68898214","68898534","chr3","148408684","148409008","71","79510470"
"chr3","68940686","68940783","chr4","3720844","3720942","19","65219842"
"chr3","68941048","68941081","chr2","14173520","14173553","10","54767528"
"chr3","68980299","68980663","chrX","2036487","2036817","101","66943812"
"chr3","69019325","69019621","chr8","7487222","7487498","54","61532103"
"chr3","69039229","69039340","chr2","49343358","49343463","20","19695871"
"chr3","69039733","69039762","chr7","121158321","121158346","6","52118588"
"chr3","69053281","69053431","chr9","120961334","120961478","31","51908053"
"chr3","69142551","69142676","chr5","5770359","5770483","28","63372192"
"chr3","69150499","69150800","chr15","57058522","57058823","53","12091977"
"chr3","69166213","69166507","chr8","7341846","7342138","51","61824367"
"chr3","69172593","69172896","chr8","7335791","7336119","53","61836802"
"chr3","69205635","69205800","chr1","66764937","66765107","47","2440698"
"chr3","69222775","69223036","chr14","79575769","79576034","65","10352994"
"chr3","69631424","69631550","chr3","142008554","142008675","20","72377130"
"chr3","69643082","69643358","chr8","6861916","6862217","53","62781166"
"chr3","69833465","69833624","chr10","127862136","127862294","35","58028671"
"chr3","69837677","69837979","chr2","56563942","56564231","55","13273735"
"chr3","69875772","69875907","chrX","48633221","48633356","32","21242551"
"chr3","70027450","70027578","chr10","88827716","88827843","24","18800266"
"chr3","70206727","70206882","chr16","19741507","19741659","27","50465220"
"chr3","70207256","70207374","chr6","142974951","142975078","25","72767695"
"chr3","70481219","70481516","chr8","6080051","6080350","39","64401168"
"chr3","70492329","70492635","chr2","1128220","1128520","61","69364109"
"chr3","70495143","70495457","chr2","13987385","13987695","67","56507758"
"chr3","70993523","70993786","chr6","42111483","42111732","66","28882040"
"chr3","71228589","71228889","chr8","5511454","5511761","51","65717135"
"chr3","71278008","71278279","chr9","101021699","101021955","65","29743691"
"chr3","71336429","71336651","chr8","5401070","5401261","54","65935359"
"chr3","71383658","71383787","chr11","55083684","55083814","21","16299974"
"chr3","71444370","71444675","chr22","37688895","37689202","58","33755475"
"chr3","71459676","71459809","chr9","20099570","20099702","32","51360106"
"chr3","71589195","71589475","chr12","56102409","56102688","73","15486786"
"chr3","72249057","72249357","chr16","7347300","7347601","64","64901757"
"chr3","72251314","72251574","chr8","4444379","4444594","64","67806935"
"chr3","72317962","72318254","chr8","4399097","4399396","42","67918865"
"chr3","72363320","72363533","chr1","15724705","15724913","54","56638615"
"chr3","72383003","72383257","chr8","4341879","4342139","33","68041124"
"chr3","72394309","72394617","chr5","129489203","129489517","60","57094894"
"chr3","72443782","72444086","chr8","4277559","4277852","67","68166223"
"chr3","72467431","72467736","chr11","73756218","73756516","60","1288787"
"chr3","72515823","72516096","chr8","4207255","4207548","37","68308568"
"chr3","72564638","72564930","chr8","4156638","4156919","43","68408000"
"chr3","72584140","72584411","chr17","35647330","35647595","60","36936810"
"chr3","72588741","72588871","chr17","7075872","7076000","21","65512869"
"chr3","72737414","72737584","chr4","53651537","53651707","37","19085877"
"chr3","72739812","72740129","chr8","29312697","29313006","69","43427115"
"chr3","72748332","72748415","chr7","41821957","41822038","21","30926375"
"chr3","72748768","72748816","chr1","135742828","135742878","8","62994060"
"chr3","72778968","72779070","chr2","7433105","7433216","29","65345863"
"chr3","72933278","72933576","chr8","3782907","3783209","46","69150371"
"chr3","72937392","72937690","chr8","3775097","3775378","63","69162295"
"chr3","73004514","73004851","chr8","3699737","3700041","72","69304777"
"chr3","73098569","73098880","chr8","3611442","3611758","46","69487127"
"chr3","73331443","73331617","chr8","3376923","3377109","42","69954520"
"chr3","73334937","73335119","chr8","3376923","3377109","22","69958014"
"chr3","73417565","73417860","chr8","107264774","107265069","65","33847209"
"chr3","73715071","73715243","chr11","44601210","44601380","44","29113861"
"chr3","73782342","73782513","chr7","17785263","17785432","36","55997079"
"chr3","73822340","73822463","chr8","2707728","2707851","13","71114612"
"chr3","74365737","74365867","chr9","111361775","111361904","22","36996038"
"chr3","74374884","74375005","chrUn_GL286217","106113","106229","26","74268771"
"chr3","74949735","74950016","chr15","33790444","33790722","70","41159291"
"chr3","74951541","74951685","chr1","192542368","192542501","34","117590827"
"chr3","75024992","75025049","chr5","86109315","86109375","9","11084323"
"chr3","75025185","75025484","chr8","1128501","1128771","66","73896684"
"chr3","75029177","75029472","chr8","1125349","1125654","43","73903828"
"chr3","75076817","75077100","chr16","46255187","46255478","67","28821630"
"chr3","75098288","75098606","chr2","17670653","17670953","84","57427635"
"chr3","75114341","75114579","chr19","49526885","49527127","68","25587456"
"chr3","75131589","75131722","chr4","71594486","71594622","22","3537103"
"chr3","75190225","75190394","chr1","193180342","193180500","44","117990117"
"chr3","75203356","75203420","chr10","15429019","15429087","12","59774337"
"chr3","75223919","75224216","chr8","910012","910306","44","74313907"
"chr3","75224878","75225046","chr6","60378333","60378495","35","14846545"
"chr3","75225416","75225549","chr1","192457186","192457318","28","117231770"
"chr3","75226841","75227132","chr8","907142","907432","53","74319699"
"chr3","75335684","75335965","chr4","10363070","10363355","64","64972614"
"chr3","75361755","75361907","chr8","3161096","3161248","20","72200659"
"chr3","75510285","75510369","chr10","118959235","118959328","26","43448950"
"chr3","75541322","75541623","chr1","191338211","191338509","72","115796889"
"chr3","75547030","75547153","chr9","65816955","65817079","24","9730075"
"chr3","75549359","75549635","chr8","851484","851779","51","74697875"
"chr3","75659436","75659750","chr8","766421","766714","56","74893015"
"chr3","75668360","75668538","chr2","14697358","14697527","47","60971002"
"chr3","75673578","75673873","chr8","753467","753760","44","74920111"
"chr3","75678275","75678545","chr7","97773405","97773684","66","22095130"
"chr3","75753611","75753924","chr5","10603156","10603466","61","65150455"
"chr3","75838121","75838372","chr19","36887082","36887339","55","38951039"
"chr3","75864787","75865073","chr8","592358","592637","49","75272429"
"chr3","75881209","75881526","chrX","68797941","68798246","69","7083268"
"chr3","75912239","75912545","chr13","88129881","88130187","59","12217642"
"chr3","76021121","76021336","chr8","420724","420933","34","75600397"
"chr3","76027753","76028039","chr4","77331513","77331798","56","1303760"
"chr3","76679177","76679308","chr8","24334370","24334504","18","52344807"
"chr3","76751604","76751906","chr8","24418031","24418344","49","52333573"
"chr3","76757177","76757487","chr8","24423350","24423659","37","52333827"
"chr3","77470605","77470732","chr8","25108160","25108287","19","52362445"
"chr3","77521174","77521473","chr5","11377719","11378025","59","66143455"
"chr3","77525638","77525910","chr9","41671862","41672138","56","35853776"
"chr3","77533968","77534264","chr22","38655292","38655590","52","38878676"
"chr3","77597154","77597410","chr2","59670998","59671249","61","17926156"
"chr3","77685176","77685441","chr8","25297530","25297788","43","52387646"
"chr3","77870127","77870255","chrX","58482136","58482260","18","19387991"
"chr3","77911642","77911853","chr8","25534538","25534743","22","52377104"
"chr3","78014072","78014360","chr8","25640998","25641286","24","52373074"
"chr3","78047824","78048131","chr8","25677769","25678061","39","52370055"
"chr3","78116813","78116945","chr4","13599154","13599281","24","64517659"
"chr3","78272562","78272877","chr10","12589587","12589894","71","65682975"
"chr3","78400278","78400430","chr8","3161096","3161248","19","75239182"
"chr3","78479838","78479952","chr5","500013","500135","29","77979825"
"chr3","78764580","78764839","chr6","24026823","24027080","53","54737757"
"chr3","78903133","78903412","chr6","51939705","51939978","56","26963428"
"chr3","78906047","78906365","chr2","43945072","43945365","80","34960975"
"chr3","79025198","79025275","chr4","17097297","17097374","14","61927901"
"chr3","79145791","79146085","chr22","29077612","29077903","61","50068179"
"chr3","79319443","79319746","chr8","26842937","26843224","52","52476506"
"chr3","79370866","79370997","chr10","119317607","119317738","20","39946741"
"chr3","79454332","79454602","chr8","26980961","26981248","56","52473371"
"chr3","79498067","79498190","chr7","23997896","23998020","17","55500171"
"chr3","79501728","79501865","chr12","11035256","11035394","22","68466472"
"chr3","79536051","79536362","chr5","131527086","131527390","66","51991035"
"chr3","79635292","79635574","chr2","144679040","144679334","64","65043748"
"chr3","79689797","79690120","chr8","27222480","27222816","58","52467317"
"chr3","79697477","79697781","chr5","106251952","106252249","57","26554475"
"chr3","80179659","80179936","chr8","27712436","27712741","59","52467223"
"chr3","80189576","80189877","chr16","1418834","1419135","52","78770742"
"chr3","80247301","80247636","chrX","40170539","40170849","84","40076762"
"chr3","80249052","80249340","chr5","46063984","46064267","62","34185068"
"chr3","80268156","80268440","chr10","33938537","33938820","58","46329619"
"chr3","80361860","80362165","chr8","27898236","27898532","43","52463624"
"chr3","80548112","80548374","chr8","28082074","28082337","59","52466038"
"chr3","80604518","80604818","chr8","28136688","28137007","57","52467830"
"chr3","80652944","80653219","chr3","38467001","38467266","54","42185943"
"chr3","80685453","80685680","chr8","28221065","28221285","27","52464388"
"chr3","80697041","80697152","chr8","28233255","28233366","6","52463786"
"chr3","80711579","80711888","chr8","28243519","28243823","35","52468060"
"chr3","80845065","80845173","chr7","146302339","146302436","28","65457274"
"chr3","80858653","80858938","chr2","46868550","46868834","68","33990103"
"chr3","80858945","80859098","chr8","28378773","28378902","35","52480172"
"chr3","80911372","80911676","chr4","36562328","36562620","90","44349044"
"chr3","81115294","81115423","chr9","79583180","79583304","29","1532114"
"chr3","81117718","81118021","chr19","1359810","1360112","63","79757908"
"chr3","81122762","81122902","chr2","23625832","23625962","29","57496930"
"chr3","81123267","81123427","chr3","151321717","151321874","32","70198450"
"chr3","81375328","81375549","chr11","60147414","60147621","41","21227914"
"chr3","81427224","81427418","chrX","46432419","46432600","55","34994805"
"chr3","81795515","81795793","chr11","54783009","54783295","66","27012506"
"chr3","81827763","81828074","chr8","29376294","29376606","41","52451469"
"chr3","81834730","81834922","chr2","15927298","15927493","63","65907432"
"chr3","81860607","81860730","chr8","29409284","29409415","21","52451323"
"chr3","81890201","81890329","chr9","85393340","85393464","15","3503139"
"chr3","81930934","81931254","chr20","38498660","38498964","71","43432274"
"chr3","81950051","81950340","chr4","117443805","117444104","70","35493754"
"chr3","81980858","81980991","chr5","84504165","84504288","27","2523307"
"chr3","82000423","82000709","chr8","29516880","29517165","41","52483543"
"chr3","82016575","82016864","chrX","48297259","48297562","67","33719316"
"chr3","82028190","82028463","chr8","29547175","29547432","57","52481015"
"chr3","82047373","82047650","chr5","137246805","137247081","62","55199432"
"chr3","82062978","82063260","chr5","108117893","108118172","58","26054915"
"chr3","82077195","82077426","chr8","29597633","29597862","30","52479562"
"chr3","82099050","82099183","chr8","29619671","29619806","21","52479379"
"chr3","82099507","82099786","chr8","29620120","29620402","48","52479387"
"chr3","82230248","82230564","chr1","181596229","181596532","73","99365981"
"chr3","82303579","82303878","chr6","123895636","123895933","58","41592057"
"chr3","82304688","82304975","chr1","200032121","200032424","59","117727433"
"chr3","82632746","82633049","chr1","172661037","172661336","70","90028291"
"chr3","82726823","82727109","chr8","30229763","30230055","35","52497060"
"chr3","82985957","82986249","chr22","33624847","33625140","59","49361110"
"chr3","83017881","83018196","chr8","30511846","30512155","46","52506035"
"chr3","83049184","83049373","chr2","60944701","60944880","47","22104483"
"chr3","83069183","83069460","chr1","172630627","172630882","59","89561444"
"chr3","83200143","83200355","chr8","30640797","30641011","34","52559346"
"chr3","83256293","83256424","chr7","6167066","6167189","28","77089227"
"chr3","83515807","83516058","chr2","62797002","62797257","58","20718805"
"chr3","84250364","84250678","chr15","16072105","16072413","59","68178259"
"chr3","84290091","84290337","chr8","31802901","31803191","69","52487190"
"chr3","84441928","84442223","chr8","31970476","31970776","54","52471452"
"chr3","84445559","84445683","chr8","31974410","31974535","24","52471149"
"chr3","84525032","84525333","chr10","94610637","94610936","60","10085605"
"chr3","84547847","84547985","chr13","40267018","40267150","30","44280829"
"chr3","84565214","84565493","chr3","168646029","168646316","61","84080815"
"chr3","84567635","84567919","chr8","32125282","32125575","35","52442353"
"chr3","84587442","84587724","chr8","32146586","32146873","31","52440856"
"chr3","84596909","84597158","chr7","62983124","62983378","74","21613785"
"chr3","84607466","84607628","chr8","32174909","32175056","32","52432557"
"chr3","84689229","84689509","chr2","72351163","72351438","57","12338066"
"chr3","84707829","84707918","chr4","78169805","78169884","26","6538024"
"chr3","84769432","84769679","chr8","32301444","32301683","33","52467988"
"chr3","84809374","84809671","chr14","32616977","32617269","74","52192397"
"chr3","84826549","84826837","chr1","202843232","202843502","84","118016683"
"chr3","84845344","84845499","chr7","24977819","24977978","35","59867525"
"chr3","84845525","84845683","chr10","129591404","129591533","48","44745879"
"chr3","85045170","85045313","chr8","32534652","32534782","37","52510518"
"chr3","85222250","85222383","chr5","4469592","4469726","24","80752658"
"chr3","85384272","85384554","chr14","63742115","63742384","70","21642157"
"chr3","85432899","85433189","chr13","9473345","9473634","60","75959554"
"chr3","85569010","85569112","chr8","33100854","33100954","13","52468156"
"chr3","85584760","85584963","chrX","95596924","95597125","40","10012164"
"chr3","85588531","85588826","chr15","57058522","57058823","63","28530009"
"chr3","85653612","85653734","chr8","33178349","33178471","14","52475263"
"chr3","85672712","85672937","chrX","16925992","16926221","48","68746720"
"chr3","85841866","85842044","chrX","7313535","7313711","41","78528331"
"chr3","85950987","85951279","chr8","33502408","33502707","31","52448579"
"chr3","85998770","85999054","chr10","86291197","86291483","52","292427"
"chr3","86066547","86066824","chr8","33632152","33632435","40","52434395"
"chr3","86299858","86300136","chr8","33878581","33878866","61","52421277"
"chr3","86300856","86301136","chr8","33879580","33879854","30","52421276"
"chr3","86551529","86551820","chr8","34119117","34119408","42","52432412"
"chr3","86640077","86640382","chr15","57058522","57058823","68","29581555"
"chr3","86669278","86669573","chr8","34283921","34284227","43","52385357"
"chr3","86798873","86799171","chr8","34462800","34463094","44","52336073"
"chr3","86805767","86806040","chr16","8843993","8844263","55","77961774"
"chr3","86860951","86861203","chr18","34201571","34201835","61","52659380"
"chr3","86905970","86906080","chr1","141440727","141440840","29","54534757"
"chr3","86911020","86911331","chr9","43654559","43654856","59","43256461"
"chr3","86958982","86959214","chr2","154116457","154116678","67","67157475"
"chr3","87117870","87118130","chr8","34828884","34829139","32","52288986"
"chr3","87285615","87285738","chr8","35004872","35004992","16","52280743"
"chr3","87317534","87317843","chr8","35026899","35027205","62","52290635"
"chr3","87321560","87321780","chr8","35031162","35031389","38","52290398"
"chr3","87365175","87365471","chr8","35071447","35071739","39","52293728"
"chr3","87506959","87507241","chr7","43504141","43504423","54","44002818"
"chr3","88834050","88834339","chr8","36702039","36702326","47","52132011"
"chr3","89023152","89023443","chr9","40451644","40451926","69","48571508"
"chr3","89080768","89080899","chr8","36964120","36964251","23","52116648"
"chr3","89306245","89306556","chr8","37211460","37211775","49","52094785"
"chr3","89325659","89325934","chr5","91435952","91436229","68","2110293"
"chr3","89802853","89802981","chr5","97612044","97612168","23","7809191"
"chr3","90373328","90373631","chr8","41690569","41690883","55","48682759"
"chr3","90612328","90612582","chr10","89598186","89598436","55","1014142"
"chr3","90857545","90857680","chr1","190676536","190676671","26","99818991"
"chr3","91150117","91150309","chr1","188326542","188326728","46","97176425"
"chr3","91319072","91319371","chr4","44142360","44142652","60","47176712"
"chr3","91405911","91405957","chr10","118193207","118193255","11","26787296"
"chr3","91405998","91406116","chr5","80929362","80929479","26","10476636"
"chr3","91718061","91718381","chr8","40411369","40411677","56","51306692"
"chr3","92016601","92016736","chr2","11695570","11695700","28","80321031"
"chr3","92087469","92087743","chr8","40018496","40018791","58","52068973"
"chr3","92129799","92130072","chr8","39973825","39974107","53","52155974"
"chr3","92198988","92199280","chr15","7227741","7228029","59","84971247"
"chr3","92226913","92227206","chr14","108340279","108340570","73","16113366"
"chr3","92558963","92559192","chrX","16925992","16926221","51","75632971"
"chr3","92581978","92582277","chr8","39543417","39543696","62","53038561"
"chr3","92585198","92585468","chr8","39539460","39539723","56","53045738"
"chr3","92706692","92706986","chr8","39416982","39417274","37","53289710"
"chr3","92805600","92805804","chr2","93990980","93991183","42","1185380"
"chr3","92878120","92878255","chr1","16853894","16854030","29","76024226"
"chr3","92878283","92878401","chr7","20444003","20444120","19","72434280"
"chr3","92881079","92881308","chr8","39235312","39235529","35","53645767"
"chr3","93032130","93032451","chr13","35686042","35686349","83","57346088"
"chr3","93163682","93163961","chr8","38908542","38908800","55","54255140"
"chr3","93338216","93338509","chr8","38743456","38743756","36","54594760"
"chr3","93394381","93394512","chr2","170813628","170813760","23","77419247"
"chr3","93439271","93439537","chr8","38680873","38681170","58","54758398"
"chr3","93809085","93809392","chr8","38357263","38357572","41","55451822"
"chr3","94207248","94207550","chrUn_GL286409","901595","901886","70","93305653"
"chr3","94329623","94329964","chr16","49169614","49169934","90","45160009"
"chr3","94449340","94449448","chr5","61358690","61358789","27","33090650"
"chr3","94613921","94614114","chr18","11168512","11168701","50","83445409"
"chr3","95032753","95033073","chr5","131527086","131527390","91","36494333"
"chr3","95574452","95574583","chr6","154086852","154086987","30","58512400"
"chr3","95574640","95574834","chr8","33627774","33627953","56","61946866"
"chr3","95663598","95663885","chr3","189280360","189280656","64","93616762"
"chr3","95945011","95945302","chr4","20988397","20988680","59","74956614"
"chr3","96007168","96007291","chr12","12666683","12666807","21","83340485"
"chr3","96104734","96105009","chr1","181800405","181800684","53","85695671"
"chr3","96214646","96214943","chr8","43942357","43942653","39","52272289"
"chr3","96252428","96252709","chr5","130607961","130608238","69","34355533"
"chr3","96291436","96291552","chr16","15181905","15182026","23","81109531"
"chr3","97000373","97000494","chr5","37629937","37630052","20","59370436"
"chr3","97047362","97047717","chr8","44813333","44813639","79","52234029"
"chr3","97235326","97235611","chr8","45006713","45006986","52","52228613"
"chr3","97373337","97373508","chr8","45145390","45145545","29","52227947"
"chr3","97471115","97471245","chr2","11695570","11695700","23","85775545"
"chr3","97529230","97529369","chr1","62915457","62915600","41","34613773"
"chr3","97650428","97650541","chr10","37948188","37948301","20","59702240"
"chr3","97699546","97699819","chr2","15576517","15576785","58","82123029"
"chr3","97712164","97712457","chr8","45496236","45496526","55","52215928"
"chr3","97743596","97743867","chr8","45522928","45523206","39","52220668"
"chr3","97748454","97748569","chrUn_GL286397","279803","279912","22","97468651"
"chr3","97799488","97799687","chr8","45607333","45607532","27","52192155"
"chr3","98402343","98402614","chrX","45691230","45691509","64","52711113"
"chr3","98404000","98404114","chr4","62196746","62196863","19","36207254"
"chr3","98510782","98510977","chr8","46283873","46284039","44","52226909"
"chr3","98559864","98559981","chr3","173786783","173786898","25","75226919"
"chr3","98563485","98563775","chr12","89683096","89683386","59","8880389"
"chr3","98959121","98959242","chr7","32225551","32225675","18","66733570"
"chr3","99099412","99099689","chr2","39377705","39377984","74","59721707"
"chr3","99110063","99110374","chr12","100673425","100673736","71","1563362"
"chr3","99136531","99136769","chr17","56067111","56067358","70","43069420"
"chr3","99207575","99207879","chr8","47032210","47032512","61","52175365"
"chr3","100062823","100063103","chr3","145069847","145070129","66","45007024"
"chr3","100314861","100315112","chr15","75721138","75721387","66","24593723"
"chr3","100376933","100377221","chr8","48195030","48195313","40","52181903"
"chr3","100678161","100678395","chr8","48518991","48519209","51","52159170"
"chr3","100679477","100679777","chr8","48520325","48520624","42","52159152"
"chr3","100725845","100726118","chr7","130813510","130813787","63","30087665"
"chr3","100752290","100752587","chr1","198276236","198276530","60","97523946"
"chr3","100792544","100792823","chr8","48640662","48640951","40","52151882"
"chr3","100812143","100812438","chr8","48659870","48660168","44","52152273"
"chr3","100836616","100836910","chr6","31372066","31372370","61","69464550"
"chr3","100854505","100854794","chr1","181800405","181800684","62","80945900"
"chr3","100889870","100890133","chr8","48750988","48751249","38","52138882"
"chr3","101115410","101115699","chr8","48968898","48969195","59","52146512"
"chr3","101146101","101146405","chr9","121784693","121785002","71","20638592"
"chr3","101161932","101162057","chr8","49007494","49007618","10","52154438"
"chr3","101524125","101524188","chr5","113418572","113418638","18","11894447"
"chr3","101647134","101647265","chr8","49468852","49468983","20","52178282"
"chr3","101748819","101748928","chr7","32049061","32049166","23","69699758"
"chr3","101921911","101921967","chr16","93869360","93869416","8","8052551"
"chr3","101942918","101943051","chr8","55612530","55612665","23","46330388"
"chr3","102019618","102019918","chr5","106632","106929","69","101912986"
"chr3","102204415","102204707","chr8","55866326","55866626","53","46338089"
"chr3","102996857","102997148","chr8","56631210","56631502","45","46365647"
"chr3","103134246","103134521","chr8","56729893","56730179","51","46404353"
"chr3","103308433","103308737","chr1","169206416","169206728","82","65897983"
"chr3","103347430","103347697","chr8","56942040","56942316","40","46405390"
"chr3","103391812","103392092","chr4","20988397","20988680","66","82403415"
"chr3","103464922","103465212","chr8","57071490","57071783","41","46393432"
"chr3","103548801","103549101","chr4","36614775","36615079","69","66934026"
"chr3","103568035","103568325","chr8","57138809","57139094","36","46429226"
"chr3","103571344","103571468","chr13","27707086","27707210","23","75864258"
"chr3","103590321","103590440","chr5","84748676","84748799","24","18841645"
"chr3","103594592","103594716","chr8","57161036","57161160","13","46433556"
"chr3","103781669","103781753","chr4","30511775","30511860","16","73269894"
"chr3","103892721","103893014","chr8","57504083","57504373","53","46388638"
"chr3","104178865","104179140","chr2","117431198","117431481","72","13252333"
"chr3","104574106","104574215","chr10","82874990","82875101","22","21699116"
"chr3","104750040","104750365","chr15","61435851","61436157","84","43314189"
"chr3","104860185","104860315","chr9","65816955","65817079","20","39043230"
"chr3","105406667","105406804","chr2","170813628","170813760","25","65406961"
"chr3","105872560","105872667","chr2","11260542","11260654","18","94612018"
"chr3","106348976","106349271","chr8","60079491","60079773","44","46269485"
"chr3","106362528","106362596","chr8","60093248","60093316","6","46269280"
"chr3","106585259","106585463","chr13","70204685","70204888","39","36380574"
"chr3","106638037","106638344","chr8","60335332","60335646","42","46302705"
"chr3","106757816","106758073","chr3","111368676","111368935","65","4610860"
"chr3","106790604","106790916","chr8","60509618","60509943","53","46280986"
"chr3","106914507","106914738","chr8","60615505","60615743","57","46299002"
"chr3","107024581","107024714","chr4","13599154","13599281","27","93425427"
"chr3","107677420","107677728","chr8","61691169","61691477","37","45986251"
"chr3","108199160","108199287","chrX","140288647","140288775","30","32089487"
"chr3","109108616","109108891","chr13","95762561","95762837","65","13346055"
"chr3","109194127","109194406","chr8","62944625","62944898","56","46249502"
"chr3","109429546","109429658","chr7","63129024","63129132","21","46300522"
"chr3","110435061","110435340","chr8","64138509","64138783","50","46296552"
"chr3","111302591","111302709","chr2","62024670","62024788","24","49277921"
"chr3","111689221","111689438","chr12","46063510","46063719","57","65625711"
"chr3","111719956","111720229","chr8","65374841","65375125","37","46345115"
"chr3","111803758","111804014","chr16","71714174","71714446","62","40089584"
"chr3","111888821","111889108","chr8","65547286","65547594","65","46341535"
"chr3","111901867","111902045","chr6","112553299","112553480","42","651432"
"chr3","112132678","112132984","chr8","65786888","65787185","44","46345790"
"chr3","112261398","112261699","chr8","29312697","29313006","76","82948701"
"chr3","112397650","112397872","chr8","66056566","66056782","19","46341084"
"chr3","112872298","112872572","chr8","66578359","66578645","40","46293939"
"chr3","112987239","112987477","chr8","66678136","66678376","31","46309103"
"chr3","113024540","113024614","chr6","111369811","111369885","9","1654729"
"chr3","113175174","113175458","chr8","66870626","66870885","55","46304548"
"chr3","113194700","113194813","chr7","30215462","30215575","28","82979238"
"chr3","113200649","113200921","chr7","50420067","50420331","52","62780582"
"chr3","113567815","113568118","chr6","140350199","140350498","58","26782384"
"chr3","113753746","113754038","chr11","120028102","120028391","56","6274356"
"chr3","113890518","113890828","chr8","67568271","67568594","59","46322247"
"chr3","113916025","113916194","chr2","21097639","21097803","40","92818386"
"chr3","113916501","113916622","chr2","10902097","10902210","26","103014404"
"chr3","114038125","114038426","chr7","59384217","59384511","67","54653908"
"chr3","114039533","114039840","chr12","26481170","26481471","67","87558363"
"chr3","114127750","114127900","chr20","28112205","28112347","41","86015545"
"chr3","114461124","114461248","chr3","137802923","137803047","22","23341799"
"chr3","114517549","114517822","chr18","37261507","37261799","78","77256042"
"chr3","114519855","114520137","chr10","21048920","21049212","66","93470935"
"chr3","114928374","114928654","chr8","68660554","68660833","30","46267820"
"chr3","115007480","115007610","chr8","68743541","68743672","10","46263939"
"chr3","115836278","115836576","chr15","82936864","82937164","61","32899414"
"chr3","116220705","116220999","chr8","69861674","69861980","42","46359031"
"chr3","116332970","116333253","chr8","69977974","69978256","42","46354996"
"chr3","116509533","116509808","chr8","70230289","70230561","27","46279244"
"chr3","116635325","116635629","chr8","70422622","70422921","48","46212703"
"chr3","116697185","116697324","chrX","106469400","106469531","28","10227785"
"chr3","116697611","116697793","chr12","52378109","52378288","39","64319502"
"chr3","116728983","116729228","chr7","11164022","11164267","69","105564961"
"chr3","116764646","116764907","chr15","82161440","82161707","62","34603206"
"chr3","116772174","116772283","chr9","29259947","29260055","23","87512227"
"chr3","116808872","116809179","chr13","47997106","47997410","65","68811766"
"chr3","116827996","116828268","chr1","173745109","173745401","68","56917113"
"chr3","116849386","116849579","chr5","92751949","92752136","49","24097437"
"chr3","116856300","116856587","chr8","70611096","70611376","39","46245204"
"chr3","116892993","116893283","chr8","70659162","70659454","30","46233831"
"chr3","116894173","116894459","chr18","21625659","21625945","60","95268514"
"chr3","116942036","116942316","chr8","97614829","97615103","61","19327207"
"chr3","117080374","117080670","chr3","53744280","53744582","60","63336094"
"chr3","117187272","117187576","chr1","43698220","43698519","72","73489052"
"chr3","117309741","117310042","chr8","71075425","71075698","52","46234316"
"chr3","117315506","117315803","chr3","33258815","33259122","63","84056691"
"chr3","117367853","117368171","chr7","12954299","12954613","80","104413554"
"chr3","117480749","117481031","chr8","55350585","55350865","41","62130164"
"chr3","117668927","117669233","chrY","786752","787056","66","116882175"
"chr3","117841549","117841846","chr8","55020507","55020800","39","62821042"
"chr3","117852653","117852836","chr13","59196473","59196657","38","58656180"
"chr3","117853142","117853289","chr9","120961334","120961478","30","3108192"
"chr3","117873675","117873796","chr14","1757940","1758064","41","116115735"
"chr3","118033083","118033345","chr8","54827598","54827865","46","63205485"
"chr3","118046580","118046882","chr14","80921614","80921919","61","37124966"
"chr3","118132892","118133013","chr8","54730982","54731107","19","63401910"
"chr3","118273321","118273456","chr10","98492248","98492377","22","19781073"
"chr3","118367543","118367831","chr7","128773263","128773556","68","10405720"
"chr3","118515259","118515542","chr8","54368213","54368483","43","64147046"
"chr3","118544188","118544327","chr5","36121312","36121444","26","82422876"
"chr3","118615677","118615999","chr8","54253448","54253757","46","64362229"
"chr3","118798071","118798267","chr17","74208469","74208659","56","44589602"
"chr3","119214239","119214552","chr8","53671586","53671895","58","65542653"
"chr3","119437227","119437340","chr7","36423029","36423139","31","83014198"
"chr3","119714853","119714978","chr8","53156205","53156331","14","66558648"
"chr3","119822100","119822226","chr9","65816955","65817079","17","54005145"
"chr3","119853647","119853957","chr8","26659654","26659967","68","93193993"
"chr3","119871050","119871174","chr8","52984070","52984187","17","66886980"
"chr3","120124745","120124870","chr18","14848181","14848308","18","105276564"
"chr3","120269552","120269863","chr7","152659545","152659854","65","32389993"
"chr3","120271290","120271590","chr8","52622226","52622518","49","67649064"
"chr3","120395826","120395949","chr5","31045003","31045127","16","89350823"
"chr3","120431207","120431337","chr12","27170790","27170918","24","93260417"
"chr3","120433192","120433318","chr17","18697273","18697397","19","101735919"
"chr3","120454209","120454335","chr10","59216321","59216447","16","61237888"
"chr3","120786028","120786157","chr8","52112289","52112418","18","68673739"
"chr3","120787410","120787579","chr13","35745807","35745974","48","85041603"
"chr3","120787621","120787735","chr2","152561637","152561752","15","31774016"
"chr3","120800809","120801104","chr15","62163451","62163742","51","58637358"
"chr3","120802404","120802683","chr8","52090549","52090822","41","68711855"
"chr3","121094475","121094770","chr8","51795921","51796215","39","69298554"
"chr3","121375195","121375479","chr13","18188863","18189150","59","103186332"
"chr3","121377189","121377310","chr8","51490899","51491019","17","69886290"
"chr3","121386615","121386899","chr8","51480747","51481032","34","69905868"
"chr3","121697612","121697735","chr8","51170352","51170469","15","70527260"
"chr3","121709086","121709394","chr13","36414491","36414784","89","85294595"
"chr3","121752104","121752224","chr4","13431843","13431957","18","108320261"
"chr3","121752253","121752431","chr22","31046870","31047047","36","90705383"
"chr3","121991323","121991448","chrX","29998235","29998361","16","91993088"
"chr3","121993392","121993663","chr5","82462071","82462341","60","39531321"
"chr3","122575507","122575595","chr7","66057935","66058006","28","56517572"
"chr3","122655131","122655257","chrX","140664256","140664385","22","18009125"
"chr3","122674624","122674894","chr8","50235786","50236055","42","72438838"
"chr3","122986134","122986434","chr11","28272526","28272830","65","94713608"
"chr3","123289434","123289743","chr3","173536850","173537151","64","50247416"
"chr3","123294154","123294449","chr2","14059632","14059907","52","109234522"
"chr3","123297964","123298275","chr7","12131768","12132078","65","111166196"
"chr3","123311121","123311246","chr2","14045332","14045457","17","109265789"
"chr3","123313030","123313154","chr2","60809765","60809888","18","62503265"
"chr3","123313882","123313963","chr22","2783788","2783864","16","120530094"
"chr3","123314288","123314463","chr12","21922774","21922937","41","101391514"
"chr3","123324577","123324706","chr2","14027507","14027641","26","109297070"
"chr3","123330442","123330748","chr19","13257924","13258227","68","110072518"
"chr3","123356347","123356630","chrX","45691230","45691509","72","77665117"
"chr3","123358378","123358547","chr22","31046870","31047047","40","92311508"
"chr3","123358851","123358984","chr21","14461904","14462029","32","108896947"
"chr3","123374483","123374823","chr11","7865016","7865343","80","115509467"
"chr3","123376721","123376960","chr12","11950392","11950614","52","111426329"
"chr3","123383033","123383278","chr2","127585589","127585844","65","4202556"
"chr3","123384548","123384859","chr2","10830367","10830666","61","112554181"
"chr3","123386204","123386505","chr2","10830367","10830666","63","112555837"
"chr3","123414369","123414698","chr3","39544873","39545188","79","83869496"
"chr3","123471482","123471804","chr2","13885632","13885928","71","109585850"
"chr3","123477872","123477993","chr4","108076550","108076669","34","15401322"
"chr3","123478306","123478434","chr5","88570718","88570842","19","34907588"
"chr3","123487948","123488234","chr2","13871044","13871322","53","109616904"
"chr3","123496895","123497000","chr7","63129024","63129132","34","60367871"
"chr3","123525396","123525513","chr5","93839697","93839814","19","29685699"
"chr3","123589353","123589678","chr2","13777485","13777804","48","109811868"
"chr3","123604329","123604449","chr2","13761815","13761935","19","109842514"
"chr3","123607198","123607314","chr9","93860244","93860358","18","29746954"
"chr3","123610984","123611129","chr4","21762556","21762704","28","101848428"
"chr3","123611417","123611545","chrX","62809715","62809831","27","60801702"
"chr3","123632652","123632778","chr2","13729352","13729478","12","109903300"
"chr3","123715659","123715944","chr2","13646694","13646973","50","110068965"
"chr3","123718467","123718741","chr8","76560509","76560777","65","47157958"
"chr3","123728823","123729156","chr22","26852593","26852915","80","96876230"
"chr3","123736553","123736703","chr2","13624591","13624747","21","110111962"
"chr3","123756308","123756609","chr7","150507214","150507511","59","26750906"
"chr3","123761806","123762105","chr2","13600332","13600619","45","110161474"
"chr3","123785606","123785905","chr2","13585999","13586296","50","110199607"
"chr3","123786778","123786892","chr15","48918659","48918771","17","74868119"
"chr3","123801625","123801927","chr1","73469574","73469872","63","50332051"
"chr3","123803495","123803804","chr2","13568524","13568834","37","110234971"
"chr3","123821478","123821754","chr5","513735","514014","64","123307743"
"chr3","123844362","123844668","chr2","13511856","13512150","47","110332506"
"chr3","123849614","123849662","chr9","9555030","9555072","12","114294584"
"chr3","123851219","123851544","chr2","13505180","13505503","83","110346039"
"chr3","123862107","123862396","chr4","110032503","110032791","62","13829604"
"chr3","123866992","123867234","chr5","130447098","130447335","58","6580106"
"chr3","123868629","123868939","chrX","13810174","13810484","59","110058455"
"chr3","123878851","123879136","chr11","123111597","123111883","70","767254"
"chr3","123881165","123881455","chr1","28942068","28942353","69","94939097"
"chr3","123912415","123912695","chr7","26863668","26863943","59","97048747"
"chr3","123918899","123919196","chr2","13451747","13452056","69","110467152"
"chr3","123929670","123929785","chr4","11388620","11388734","30","112541050"
"chr3","123939554","123939857","chr2","13433018","13433315","44","110506536"
"chr3","123952310","123952608","chr2","10830367","10830666","55","113121943"
"chr3","123988483","123988780","chr2","10830367","10830666","56","113158116"
"chr3","124001118","124001404","chr6","117705099","117705381","59","6296019"
"chr3","124019101","124019227","chr7","43798565","43798701","45","80220536"
"chr3","124086232","124086555","chr1","15579367","15579676","72","108506865"
"chr3","124104356","124104669","chr22","31352205","31352514","58","92752151"
"chr3","124110936","124111214","chr4","144189206","144189486","66","20078270"
"chr3","124173580","124173885","chr2","13246868","13247171","44","110926712"
"chr3","124192211","124192546","chr2","13227642","13227960","57","110964569"
"chr3","124193761","124194081","chr7","493374","493666","91","123700387"
"chr3","124257854","124258134","chr2","6480730","6481010","56","117777124"
"chr3","124262381","124262515","chr2","11695570","11695700","27","112566811"
"chr3","124278779","124279067","chr2","13146233","13146516","45","111132546"
"chr3","124279188","124279482","chr2","13145808","13146124","57","111133380"
"chr3","124288804","124289105","chr2","63670235","63670547","63","60618569"
"chr3","124306709","124306950","chr7","80452688","80452936","76","43854021"
"chr3","124308604","124308915","chr8","11605795","11606080","90","112702809"
"chr3","124311249","124311565","chr22","12499021","12499321","66","111812228"
"chr3","124336578","124336879","chr2","13090744","13091026","56","111245834"
"chr3","124403449","124403743","chr7","49453234","49453527","56","74950215"
"chr3","124462515","124462611","chr7","80145718","80145811","21","44316797"
"chr3","124489971","124490104","chr4","44463564","44463694","21","80026407"
"chr3","124494022","124494357","chr9","107233363","107233663","102","17260659"
"chr3","124497314","124497436","chr4","58596055","58596175","20","65901259"
"chr3","124552444","124552733","chr2","12877287","12877574","55","111675157"
"chr3","124572768","124573050","chr22","35395830","35396114","54","89176938"
"chr3","124579624","124579879","chr9","122667714","122667963","75","1911910"
"chr3","124604313","124604561","chr5","45222426","45222673","60","79381887"
"chr3","124608042","124608319","chr2","12817187","12817464","46","111790855"
"chr3","124608968","124609244","chr2","12816256","12816521","37","111792712"
"chr3","124618031","124618275","chr15","29064178","29064444","70","95553853"
"chr3","124623314","124623590","chr2","12804543","12804831","53","111818771"
"chr3","124640761","124641072","chr2","12785986","12786272","51","111854775"
"chr3","124648167","124648403","chr1","185271994","185272223","64","60623827"
"chr3","124656467","124656686","chr2","12770367","12770584","28","111886100"
"chr3","124662685","124662907","chr2","12761121","12761350","44","111901564"
"chr3","124676013","124676329","chr2","12747539","12747846","40","111928474"
"chr3","124687877","124688174","chr12","36952591","36952886","56","87735286"
"chr3","124693483","124693613","chr15","22196676","22196805","16","102496807"
"chr3","124693892","124694090","chr1","151084679","151084867","52","26390787"
"chr3","124705692","124705975","chr2","12715029","12715327","44","111990663"
"chr3","124707715","124708019","chr2","8000025","8000324","57","116707690"
"chr3","124710678","124710972","chr2","12709310","12709596","67","112001368"
"chr3","124721844","124722143","chr2","12701617","12701923","45","112020227"
"chr3","124724432","124724705","chr2","12697589","12697871","39","112026843"
"chr3","124740866","124741130","chr8","71131889","71132125","72","53608977"
"chr3","124749469","124749766","chr2","14565736","14566027","62","110183733"
"chr3","124753185","124753474","chr2","12663592","12663875","51","112089593"
"chr3","124758722","124758918","chr11","95481928","95482109","61","29276794"
"chr3","124767119","124767251","chr18","21388412","21388541","30","103378707"
"chr3","124775953","124776088","chr18","9886383","9886517","23","114889570"
"chr3","124805324","124805457","chr6","24967870","24967992","22","99837454"
"chr3","124807013","124807344","chr22","40807399","40807695","87","83999614"
"chr3","124826212","124826466","chr3","115773598","115773843","65","9052614"
"chr3","124897760","124897945","chr7","44938611","44938794","39","79959149"
"chr3","124909230","124909522","chr11","15901401","15901684","80","109007829"
"chr3","124933942","124934241","chr2","10830367","10830666","66","114103575"
"chr3","124943251","124943331","chr8","114444923","114445005","17","10498328"
"chr3","124950377","124950457","chr4","30511775","30511860","16","94438602"
"chr3","124950752","124950994","chr5","114066663","114066897","60","10884089"
"chr3","124952892","124953190","chr2","48208901","48209209","72","76743991"
"chr3","124979938","124980060","chr2","12382637","12382767","13","112597301"
"chr3","124982699","124982849","chr6","44075624","44075754","36","80907075"
"chr3","125013435","125013562","chr1","62759693","62759822","28","62253742"
"chr3","125013610","125013887","chr5","108117893","108118172","58","16895717"
"chr3","125036207","125036473","chr4","157553435","157553696","64","32517228"
"chr3","125048388","125048679","chr2","152552956","152553251","65","27504568"
"chr3","125070893","125071159","chr2","12288665","12288939","34","112782228"
"chr3","125085532","125085665","chr2","12275834","12275961","22","112809698"
"chr3","125325601","125325822","chrX","139762297","139762524","55","14436696"
"chr3","125421912","125422158","chr6","49226699","49226951","48","76195213"
"chr3","125454509","125454605","chr7","32049061","32049166","37","93405448"
"chr3","125484593","125484888","chr2","11954180","11954473","49","113530413"
"chr3","125507156","125507462","chr2","11926077","11926381","40","113581079"
"chr3","125522977","125523255","chr1","155032190","155032474","58","29509213"
"chr3","125525906","125526202","chr3","111556877","111557172","62","13969029"
"chr3","125557596","125557843","chr2","11878009","11878282","61","113679587"
"chr3","125558008","125558304","chr11","96787141","96787435","65","28770867"
"chr3","125566333","125566584","chr1","136253007","136253232","67","10686674"
"chr3","125608837","125608989","chr10","58858956","58859107","28","66749881"
"chr3","125636291","125636501","chr2","11793720","11793933","36","113842571"
"chr3","125647554","125647845","chr3","6644571","6644876","64","119002983"
"chr3","125664905","125665183","chr2","11779846","11780113","50","113885059"
"chr3","125699129","125699417","chr2","17910029","17910313","59","107789100"
"chr3","125712551","125712847","chr19","16420334","16420626","61","109292217"
"chr3","125713026","125713246","chr2","11715555","11715774","23","113997471"
"chr3","125727617","125727911","chr9","53523121","53523415","65","72204496"
"chr3","125729522","125729826","chr9","98584366","98584670","56","27145156"
"chr3","125764681","125764829","chr4","135555578","135555738","48","9790897"
"chr3","125782104","125782353","chr21","24750240","24750483","69","101031864"
"chr3","125789208","125789326","chr1","155368947","155369069","21","29579739"
"chr3","125790444","125790752","chr2","11652916","11653220","48","114137528"
"chr3","125810102","125810406","chr3","82913223","82913528","57","42896879"
"chr3","125856810","125857057","chr7","11164022","11164267","56","114692788"
"chr3","125864193","125864502","chr2","11583562","11583884","49","114280631"
"chr3","125873327","125873453","chr2","11571964","11572091","18","114301363"
"chr3","125890103","125890396","chr5","31311951","31312254","67","94578152"
"chr3","125894911","125895035","chr10","71376250","71376366","31","54518661"
"chr3","125895041","125895174","chr1","14294163","14294293","26","111600878"
"chr3","125895436","125895610","chr1","129159547","129159726","34","3264111"
"chr3","125902937","125903067","chr8","106727674","106727807","23","19175263"
"chr3","125906380","125906689","chr3","33258815","33259122","73","92647565"
"chr3","125915106","125915182","chr10","116296898","116296975","13","9618208"
"chr3","125952864","125953150","chr12","21915818","21916101","68","104037046"
"chr3","125953277","125953297","chr2","11238519","11238536","4","114714758"
"chr3","126009829","126010095","chr2","11432464","11432725","37","114577365"
"chr3","126018740","126018761","chr9","102910989","102911012","9","23107751"
"chr3","126021240","126021403","chr2","11419827","11419988","26","114601413"
"chr3","126035266","126035498","chr9","46506463","46506697","51","79528803"
"chr3","126040398","126040530","chr9","113330723","113330856","22","12709675"
"chr3","126057166","126057176","chr3","11300434","11300446","4","114756732"
"chr3","126057488","126057658","chr1","141028853","141029015","35","14971365"
"chr3","126057992","126058116","chr10","98846274","98846399","26","27211718"
"chr3","126066753","126066884","chr2","11370630","11370762","14","114696123"
"chr3","126075258","126075395","chr2","11363423","11363543","25","114711835"
"chr3","126076073","126076197","chr16","69056136","69056255","21","57019937"
"chr3","126088335","126088434","chr11","128205151","128205252","20","2116816"
"chr3","126132839","126133128","chr14","21286699","21286994","52","104846140"
"chr3","126133328","126133613","chr2","11311502","11311804","58","114821826"
"chr3","126135033","126135287","chr9","101021699","101021955","70","25113334"
"chr3","126136566","126136727","chr3","99425951","99426113","41","26710615"
"chr3","126136985","126137166","chr15","65429548","65429723","45","60707437"
"chr3","126145300","126145646","chr22","29758068","29758367","87","96387232"
"chr3","126149417","126149715","chr2","11295112","11295409","48","114854305"
"chr3","126152688","126152991","chr9","107213490","107213791","70","18939198"
"chr3","126154899","126155206","chr2","11289435","11289730","50","114865464"
"chr3","126158899","126159198","chr13","36419108","36419418","81","89739791"
"chr3","126162161","126162474","chr2","11274348","11274647","57","114887813"
"chr3","126183381","126183679","chr2","153911331","153911638","57","27727950"
"chr3","126185950","126186260","chr15","51049264","51049568","62","75136686"
"chr3","126187759","126187904","chr12","11035256","11035394","29","115152503"
"chr3","126188214","126188412","chrX","39068325","39068506","45","87119889"
"chr3","126199626","126199798","chr2","11238818","11238989","28","114960808"
"chr3","126200090","126200217","chr2","11238360","11238490","12","114961730"
"chr3","126215140","126215451","chr2","11217792","11218100","68","114997348"
"chr3","126216654","126216948","chr2","11215274","11215574","32","115001380"
"chr3","126225741","126226030","chr17","38766229","38766519","55","87459512"
"chr3","126233208","126233405","chr14","105182436","105182633","41","21050772"
"chr3","126235668","126235793","chr10","20521071","20521195","24","105714597"
"chr3","126240814","126241110","chr9","101966653","101966946","51","24274161"
"chr3","126253124","126253429","chr14","36457155","36457448","59","89795969"
"chr3","126268248","126268559","chr2","11162831","11163123","56","115105417"
"chr3","126268581","126268639","chr4","21382917","21382973","11","104885664"
"chr3","126276375","126276662","chr2","11154367","11154666","48","115122008"
"chr3","126288707","126289002","chr2","11137122","11137407","41","115151585"
"chr3","126342174","126342353","chr7","60387722","60387884","42","65954452"
"chr3","126342670","126342812","chr6","43173799","43173932","31","83168871"
"chr3","126351481","126351603","chrX","47000722","47000844","13","79350759"
"chr3","126417748","126418035","chr2","11047177","11047455","42","115370571"
"chr3","126418418","126418731","chr2","11046485","11046790","47","115371933"
"chr3","126421353","126421498","chr10","7285258","7285397","22","119136095"
"chr3","126456516","126456776","chr12","26063623","26063876","61","100392893"
"chr3","126503978","126504286","chr2","10985432","10985733","47","115518546"
"chr3","126510246","126510515","chr1","141266461","141266723","60","14756215"
"chr3","126520737","126520815","chr21","47461495","47461573","14","79059242"
"chr3","126521344","126521654","chr6","35499674","35499980","68","91021670"
"chr3","126528265","126528404","chr9","112921738","112921872","23","13606527"
"chr3","126545313","126545616","chr13","10709180","10709493","66","115836133"
"chr3","126560468","126560787","chr13","60354203","60354490","95","66206265"
"chr3","126563510","126563838","chr2","10890346","10890678","40","115673164"
"chr3","126580898","126581024","chr1","202423319","202423445","16","75842421"
"chr3","126613036","126613334","chr4","157845979","157846270","69","31232943"
"chr3","126632403","126632704","chr2","55200270","55200573","41","71432133"
"chr3","126643189","126643323","chr12","61315186","61315314","22","65328003"
"chr3","126647007","126647094","chr9","111342548","111342632","18","15304459"
"chr3","126647406","126647456","chr8","934140","934191","9","125713266"
"chr3","126671589","126671689","chr11","128205151","128205252","23","1533562"
"chr3","126672283","126672451","chr3","150218732","150218895","35","23546449"
"chr3","126738918","126739190","chr2","10731671","10731959","45","116007247"
"chr3","126741833","126742109","chr2","10728525","10728810","39","116013308"
"chr3","126762254","126762481","chr22","29071481","29071698","56","97690773"
"chr3","126766894","126767018","chr1","106234261","106234385","20","20532633"
"chr3","126768340","126768501","chrUn_GL286478","107360","107513","30","126660980"
"chr3","126768819","126768959","chr8","107521384","107521530","37","19247435"
"chr3","126772520","126772809","chr9","102889199","102889491","61","23883321"
"chr3","126775114","126775419","chr8","74550433","74550733","58","52224681"
"chr3","126785073","126785174","chr1","188311265","188311361","27","61526192"
"chr3","126797557","126797846","chr22","1225511","1225802","80","125572046"
"chr3","126798946","126799239","chr3","6107759","6108048","57","120691187"
"chr3","126815818","126816141","chr14","59498349","59498666","68","67317469"
"chr3","126817375","126817697","chr2","10659452","10659748","67","116157923"
"chr3","126828157","126828476","chr7","86585147","86585458","72","40243010"
"chr3","126832296","126832584","chr7","66793852","66794148","78","60038444"
"chr3","126841326","126841623","chr3","111556877","111557172","62","15284449"
"chr3","126844034","126844157","chr14","84452511","84452635","19","42391523"
"chr3","126858524","126858826","chr2","10616154","10616456","32","116242370"
"chr3","126872559","126872844","chr9","115599283","115599567","58","11273276"
"chr3","126909857","126909914","chr2","152678780","152678836","12","25768923"
"chr3","126915011","126915278","chr2","10560032","10560299","34","116354979"
"chr3","126922198","126922472","chr2","10555200","10555478","47","116366998"
"chr3","126923754","126923892","chr2","10553779","10553916","17","116369975"
"chr3","126924205","126924389","chr7","60565933","60566105","41","66358272"
"chr3","126927902","126928170","chr2","11078777","11079046","49","115849125"
"chr3","126936329","126936594","chr7","4509672","4509924","65","122426657"
"chr3","126954318","126954459","chr17","73250584","73250724","30","53703734"
"chr3","126968877","126969151","chr2","10516253","10516517","43","116452624"
"chr3","126980038","126980136","chr10","74369270","74369366","16","52610768"
"chr3","126980176","126980355","chr8","90812382","90812546","33","36167794"
"chr3","127062451","127062723","chr1","90249678","90249953","50","36812773"
"chr3","127075857","127075997","chr12","11035256","11035394","33","116040601"
"chr3","127076311","127076502","chr1","169458534","169458710","50","42382223"
"chr3","127077901","127078189","chrUn_GL286409","290667","290955","51","126787234"
"chr3","127086782","127086905","chr1","155368947","155369069","20","28282165"
"chr3","127104518","127104817","chr1","172661037","172661336","64","45556519"
"chr3","127105128","127105420","chr2","10392032","10392324","33","116713096"
"chr3","127109711","127110035","chr2","10391188","10391507","46","116718523"
"chr3","127118201","127118332","chr2","170813628","170813760","21","43695427"
"chr3","127118644","127118836","chr5","100376117","100376299","45","26742527"
"chr3","127151250","127151532","chr6","117705099","117705381","56","9446151"
"chr3","127160052","127160291","chr2","10337559","10337798","24","116822493"
"chr3","127192643","127192768","chr7","49180248","49180374","18","78012395"
"chr3","127198058","127198353","chr10","89786631","89786916","60","37411427"
"chr3","127218427","127218668","chr3","105724210","105724441","69","21494217"
"chr3","127233746","127233842","chr2","57518393","57518492","22","69715353"
"chr3","127234140","127234319","chrX","103130375","103130541","60","24103765"
"chr3","127261866","127262180","chr2","10227515","10227814","65","117034351"
"chr3","127264713","127265028","chr2","10224779","10225086","79","117039934"
"chr3","127269009","127269308","chr14","80754932","80755229","51","46514077"
"chr3","127277347","127277473","chr11","63815604","63815727","22","63461743"
"chr3","127288443","127288750","chr2","10203707","10203992","54","117084736"
"chr3","127325036","127325325","chr2","10164507","10164808","55","117160529"
"chr3","127354984","127355233","chr2","10131579","10131827","33","117223405"
"chr3","127378222","127378350","chr5","137705493","137705618","21","10327271"
"chr3","127381494","127381798","chr7","53815922","53816220","57","73565572"
"chr3","127399224","127399352","chrX","47006467","47006595","20","80392757"
"chr3","127404973","127405194","chr2","10069764","10069980","37","117335209"
"chr3","127417908","127418194","chr10","121946939","121947234","68","5470969"
"chr3","127420042","127420234","chr12","22096741","22096933","48","105323301"
"chr3","127423051","127423355","chr9","121784693","121785002","63","5638358"
"chr3","127430522","127430836","chr2","15633059","15633374","66","111797463"
"chr3","127442519","127442822","chr2","10031871","10032167","50","117410648"
"chr3","127444988","127445119","chr14","1043718","1043850","23","126401270"
"chr3","127450207","127450487","chr6","112891961","112892244","68","14558246"
"chr3","127468230","127468523","chr10","44890595","44890883","58","82577635"
"chr3","127484350","127484643","chr2","9993431","9993726","43","117490919"
"chr3","127491862","127492149","chr2","9985413","9985693","39","117506449"
"chr3","127494737","127494848","chr2","10902097","10902210","25","116592640"
"chr3","127497448","127497767","chr1","199078152","199078471","67","71580704"
"chr3","127533205","127533478","chr12","89133942","89134212","67","38399263"
"chr3","127536658","127536979","chr2","9939636","9939966","63","117597022"
"chr3","127550805","127551087","chrX","93665905","93666196","63","33884900"
"chr3","127556965","127557263","chr2","9920954","9921259","59","117636011"
"chr3","127569652","127569781","chr2","9907299","9907427","10","117662353"
"chr3","127582909","127583186","chr2","9891777","9892081","67","117691132"
"chr3","127592709","127592843","chr1","41377894","41378028","20","86214815"
"chr3","127594263","127594348","chr2","9878820","9878903","13","117715443"
"chr3","127609667","127609964","chr1","185506876","185507173","66","57897209"
"chr3","127618424","127618728","chr2","9851487","9851784","55","117766937"
"chr3","127651711","127652025","chr2","9815831","9816144","39","117835880"
"chr3","127658287","127658588","chr2","9809684","9809961","69","117848603"
"chr3","127673825","127674131","chr7","100609789","100610096","66","27064036"
"chr3","127694954","127695244","chr11","61214278","61214568","53","66480676"
"chr3","127697468","127697746","chr1","177846092","177846368","61","50148624"
"chr3","127710832","127711109","chr2","9756124","9756386","47","117954708"
"chr3","127742502","127742679","chr2","9724219","9724382","37","118018283"
"chr3","127742987","127743012","chr7","121158321","121158346","3","6584666"
"chr3","127743292","127743391","chr9","112809694","112809786","21","14933598"
"chr3","127807333","127807391","chr4","21382917","21382973","11","106424416"
"chr3","127809110","127809223","chr12","2233828","2233938","29","125575282"
"chr3","127814456","127814691","chr2","116834011","116834223","64","10980445"
"chr3","127820513","127820748","chr21","50000044","50000301","64","77820469"
"chr3","127828719","127828848","chr19","6952953","6953082","20","120875766"
"chr3","127853156","127853442","chr13","18188863","18189150","62","109664293"
"chr3","127856468","127856770","chr22","38655292","38655590","63","89201176"
"chr3","127880199","127880452","chr6","112518540","112518808","60","15361659"
"chr3","127932907","127933176","chr7","113676256","113676514","66","14256651"
"chr3","127959668","127959963","chr15","28321944","28322236","51","99637724"
"chr3","128085867","128086182","chr8","71292564","71292876","44","56793303"
"chr3","128117682","128117974","chr10","47769839","47770129","62","80347843"
"chr3","128121815","128122053","chr8","71335329","71335565","50","56786486"
"chr3","128235662","128235795","chr11","7850129","7850261","25","120385533"
"chr3","128263776","128264049","chr8","71479221","71479493","48","56784555"
"chr3","128373694","128373837","chr7","57359333","57359475","30","71014361"
"chr3","128374148","128374332","chr3","97225371","97225533","60","31148777"
"chr3","128411917","128412212","chr1","171173294","171173582","67","42761377"
"chr3","128416850","128416978","chr12","28937868","28937989","21","99478982"
"chr3","128436558","128436677","chr7","51216894","51217010","22","77219664"
"chr3","128484066","128484370","chr8","71729185","71729480","44","56754881"
"chr3","128600449","128600723","chr7","14899862","14900134","73","113700587"
"chr3","128839715","128839837","chr17","24136495","24136616","22","104703220"
"chr3","128908159","128908499","chr8","72108949","72109238","90","56799210"
"chr3","129730012","129730299","chr8","72914122","72914404","43","56815890"
"chr3","129891306","129891587","chr8","107302265","107302541","67","22589041"
"chr3","130002349","130002655","chr15","63672518","63672828","55","66329831"
"chr3","130168360","130168642","chr8","73295236","73295514","35","56873124"
"chr3","130199156","130199279","chr2","17211909","17212030","21","112987247"
"chr3","130210525","130210814","chr8","73325748","73326034","30","56884777"
"chr3","130226877","130227148","chr5","79733741","79734011","71","50493136"
"chr3","130259766","130260059","chr5","140984252","140984542","62","10724486"
"chr3","130279967","130280231","chrX","17832431","17832705","61","112447536"
"chr3","130325082","130325395","chr7","44402369","44402680","59","85922713"
"chr3","130406849","130407139","chr2","9248171","9248467","72","121158678"
"chr3","130586060","130586376","chr2","13987385","13987695","69","116598675"
"chr3","130590525","130590610","chr8","73733431","73733516","14","56857094"
"chr3","130618548","130618685","chr12","26467909","26468038","28","104150639"
"chr3","130629542","130629839","chr11","120608722","120609012","70","10020820"
"chr3","130718777","130718897","chr6","146442627","146442753","23","15723850"
"chr3","130720603","130720859","chr5","125877212","125877479","70","4843391"
"chr3","130722922","130723218","chr10","59514709","59514996","74","71208213"
"chr3","130764769","130765020","chr8","73900098","73900322","55","56864671"
"chr3","130773751","130774044","chr8","73910287","73910566","39","56863464"
"chr3","130816356","130816661","chr22","42840279","42840583","63","87976077"
"chr3","130865792","130866097","chr7","97730148","97730448","60","33135644"
"chr3","130875137","130875266","chr8","74001384","74001515","21","56873753"
"chr3","130886066","130886162","chr12","22144658","22144745","25","108741408"
"chr3","130961988","130962273","chr8","74078732","74079028","39","56883256"
"chr3","131057800","131058113","chr8","74184371","74184678","44","56873429"
"chr3","131194395","131194702","chr8","74328394","74328683","53","56866001"
"chr3","131258625","131258933","chr8","74409843","74410141","52","56848782"
"chr3","131330726","131331029","chr8","74484201","74484500","28","56846525"
"chr3","131342416","131342608","chr10","76657162","76657329","50","54685254"
"chr3","131398766","131399058","chr8","74550433","74550733","51","56848333"
"chr3","131402924","131403082","chr1","209915025","209915185","31","78512101"
"chr3","131403380","131403530","chr2","203979369","203979506","32","72575989"
"chr3","131428110","131428245","chr8","74584780","74584913","10","56843330"
"chr3","131510264","131510555","chr14","82325633","82325925","60","49184631"
"chr3","131580161","131580271","chr4","110956504","110956611","24","20623657"
"chr3","131611206","131611419","chr5","149715262","149715468","47","18104056"
"chr3","131873756","131874054","chr8","75033657","75033961","50","56840099"
"chr3","132045245","132045357","chr8","75260230","75260342","16","56785015"
"chr3","132083982","132084278","chr8","75296189","75296464","48","56787793"
"chr3","132295169","132295428","chr8","75457458","75457692","48","56837711"
"chr3","132461254","132461558","chr8","75616296","75616594","38","56844958"
"chr3","132523215","132523530","chr8","75679160","75679453","67","56844055"
"chr3","132563555","132563690","chr9","43510189","43510319","27","89053366"
"chr3","132705502","132705639","chr15","56862420","56862553","28","75843082"
"chr3","132866065","132866325","chr6","59319154","59319425","64","73546911"
"chr3","133111393","133111693","chr8","76336141","76336437","34","56775252"
"chr3","133167981","133168268","chr5","46063984","46064267","65","87103997"
"chr3","133214139","133214379","chr8","76452698","76452938","25","56761441"
"chr3","133247410","133247721","chr10","116728194","116728502","66","16519216"
"chr3","133292687","133293011","chr8","76537930","76538239","35","56754757"
"chr3","133365871","133366173","chr8","76605951","76606252","47","56759920"
"chr3","133564675","133564944","chr8","76823451","76823711","42","56741224"
"chr3","133630130","133630266","chr4","13599154","13599281","27","120030976"
"chr3","133710452","133710795","chr12","53771374","53771693","102","79939078"
"chr3","133751321","133751626","chr8","77004670","77004958","56","56746651"
"chr3","133910720","133910997","chr8","77201464","77201739","48","56709256"
"chr3","134233024","134233146","chr1","106642431","106642552","18","27590593"
"chr3","134372075","134372365","chr3","45128888","45129166","66","89243187"
"chr3","134484765","134485051","chr7","46035698","46035986","58","88449067"
"chr3","134963398","134963690","chr12","87539499","87539795","70","47423899"
"chr3","136172502","136172778","chr8","79470258","79470545","46","56702244"
"chr3","136197201","136197322","chrX","2094656","2094777","20","134102545"
"chr3","136813852","136814164","chr8","80122565","80122877","44","56691287"
"chr3","136924775","136925086","chr8","80242103","80242419","51","56682672"
"chr3","137059662","137059961","chr21","46998038","46998338","58","90061624"
"chr3","137206275","137206572","chr8","80522097","80522392","34","56684178"
"chr3","137353248","137353505","chr15","29064178","29064444","71","108289070"
"chr3","137491571","137491693","chr22","27287569","27287695","21","110204002"
"chr3","137504177","137504260","chr10","114177646","114177728","13","23326531"
"chr3","137590576","137590830","chr10","122142707","122142959","63","15447869"
"chr3","137783503","137783715","chr22","18114406","18114635","59","119669097"
"chr3","137942024","137942183","chr2","71338097","71338253","39","66603927"
"chr3","137943165","137943464","chr8","81254171","81254458","39","56688994"
"chr3","137982860","137983167","chr8","81291653","81291942","52","56691207"
"chr3","138033298","138033582","chr8","81370095","81370405","58","56663203"
"chr3","138767304","138767524","chr2","28952930","28953134","59","109814374"
"chr3","138767639","138767765","chr8","82163966","82164089","17","56603673"
"chr3","139061311","139061570","chr19","17977283","17977550","67","121084028"
"chr3","139173039","139173349","chr9","121784693","121785002","70","17388346"
"chr3","139174416","139174728","chr8","82528319","82528632","48","56646097"
"chr3","139386977","139387250","chr7","100581899","100582178","67","38805078"
"chr3","139719120","139719394","chr8","83026461","83026741","40","56692659"
"chr3","139794287","139794571","chr1","192044767","192045049","69","52250480"
"chr3","139831618","139831914","chr8","83142862","83143165","54","56688756"
"chr3","139888523","139888746","chr1","185840840","185841067","52","45952317"
"chr3","140113176","140113425","chr10","128285533","128285765","64","11827643"
"chr3","140119321","140119612","chr8","83426197","83426468","61","56693124"
"chr3","140768940","140769143","chr22","24337821","24338000","59","116431119"
"chr3","141158288","141158581","chr3","149104058","149104353","66","7945770"
"chr3","141370601","141370919","chr2","8000025","8000324","70","133370576"
"chr3","142235609","142235896","chr15","42395800","42396087","54","99839809"
"chr3","142286658","142286789","chr13","40267018","40267150","19","102019640"
"chr3","142306488","142306794","chr8","85644036","85644312","45","56662452"
"chr3","142438647","142438919","chr16","11744799","11745069","72","130693848"
"chr3","142465276","142465544","chr8","85813563","85813843","41","56651713"
"chr3","142621326","142621626","chr8","85916729","85917028","33","56704597"
"chr3","142692538","142692798","chr10","127537261","127537516","64","15155277"
"chr3","142792609","142792919","chr6","35499674","35499980","68","107292935"
"chr3","142837464","142837725","chr8","86105974","86106232","46","56731490"
"chr3","142939059","142939358","chr8","86216420","86216688","54","56722639"
"chr3","143060954","143061256","chr5","86548077","86548371","72","56512877"
"chr3","143108506","143108781","chr8","86376589","86376862","49","56731917"
"chr3","143117244","143117554","chr8","29312697","29313006","71","113804547"
"chr3","143446929","143447182","chr18","9991202","9991451","56","133455727"
"chr3","143513236","143513551","chr8","86792680","86792986","52","56720556"
"chr3","143593792","143593922","chr10","128531631","128531764","22","15062161"
"chr3","144011124","144011362","chr17","56067111","56067358","58","87944013"
"chr3","144021740","144022048","chr12","29286487","29286801","66","114735253"
"chr3","144480907","144481196","chr8","127602541","127602837","43","16878366"
"chr3","144786060","144786350","chr5","140984252","140984542","69","3801808"
"chr3","145421387","145421638","chr15","75721138","75721387","70","69700249"
"chr3","145556430","145556663","chr2","50614698","50614928","75","94941732"
"chr3","146451265","146451412","chr9","18625365","18625513","36","127825900"
"chr3","146451839","146452143","chr8","125903796","125904096","39","20548043"
"chr3","146509027","146509154","chr8","125843618","125843745","23","20665409"
"chr3","146594900","146595199","chr8","125752944","125753245","32","20841956"
"chr3","147007114","147007420","chr8","97620169","97620475","60","49386945"
"chr3","147069490","147069794","chr8","125263912","125264208","51","21805578"
"chr3","147191117","147191267","chr8","125143171","125143301","37","22047946"
"chr3","147465029","147465226","chr8","124859208","124859387","38","22605821"
"chr3","147491604","147491881","chr2","13935591","13935871","65","133556013"
"chr3","147504420","147504725","chr20","25064635","25064941","61","122439785"
"chr3","147521218","147521505","chr14","36457155","36457448","55","111064063"
"chr3","147677040","147677337","chr3","136802119","136802401","96","10874921"
"chr3","148207129","148207255","chr6","144234386","144234514","21","3972743"
"chr3","148403867","148404043","chr4","88675047","88675210","42","59728820"
"chr3","148404086","148404197","chr10","89808395","89808508","15","58595691"
"chr3","148549478","148549608","chr8","123692822","123692951","17","24856656"
"chr3","148685975","148686287","chr5","153954801","153955107","69","5268826"
"chr3","148691069","148691229","chr11","31583539","31583686","43","117107530"
"chr3","148745097","148745383","chr8","96342338","96342624","65","52402759"
"chr3","148748859","148749038","chr18","33201864","33202025","57","115546995"
"chr3","148850355","148850647","chr9","53523121","53523415","59","95327234"
"chr3","149011038","149011327","chr1","26200802","26201093","61","122810236"
"chr3","149707419","149707723","chr8","122532112","122532402","40","27175307"
"chr3","149841474","149841608","chr9","37986103","37986239","28","111855371"
"chr3","149846966","149847279","chr5","79839694","79839993","73","70007272"
"chr3","149961586","149961715","chr6","57538145","57538275","27","92423441"
"chr3","150028651","150028946","chr8","122264240","122264517","56","27764411"
"chr3","150145750","150146039","chr8","122182339","122182628","31","27963411"
"chr3","150156645","150156881","chr10","55609895","55610138","46","94546750"
"chr3","150731919","150732058","chr8","97649621","97649760","25","53082298"
"chr3","150786926","150787233","chr8","121542913","121543225","57","29244013"
"chr3","150917938","150918212","chr2","14084279","14084535","69","136833659"
"chr3","151221095","151221217","chr8","121103693","121103811","16","30117402"
"chr3","151695867","151696176","chr2","63108304","63108615","68","88587563"
"chr3","152039428","152039532","chr8","120297554","120297660","13","31741874"
"chr3","152216624","152216911","chr3","111189894","111190176","67","41026730"
"chr3","152916070","152916361","chr22","14099311","14099592","76","138816759"
"chr3","153499645","153499766","chr8","118813459","118813589","21","34686186"
"chr3","153594507","153594699","chr1","188326542","188326728","46","34732035"
"chr3","153821827","153821963","chr10","103174192","103174326","26","50647635"
"chr3","153822262","153822441","chr8","57142532","57142707","41","96679730"
"chr3","153838850","153839135","chr2","13511856","13512150","63","140326994"
"chr3","153878094","153878397","chr5","10603156","10603466","69","143274938"
"chr3","153897648","153897756","chr12","55023013","55023115","22","98874635"
"chr3","153897798","153897987","chr13","9173046","9173224","48","144724752"
"chr3","153928985","153929295","chr8","29312697","29313006","57","124616288"
"chr3","153958033","153958322","chr9","53523121","53523415","48","100434912"
"chr3","154011193","154011472","chr8","118315115","118315386","29","35696078"
"chr3","154034219","154034472","chr8","118293036","118293284","25","35741183"
"chr3","154129025","154129305","chr7","53732606","53732886","58","100396419"
"chr3","154134055","154134339","chr13","60354203","60354490","71","93779852"
"chr3","154155276","154155409","chr2","170813628","170813760","15","16658352"
"chr3","154213829","154213963","chr2","11695570","11695700","20","142518259"
"chr3","154367896","154368012","chr1","28652277","28652403","36","125715619"
"chr3","154368042","154368186","chr1","121055496","121055640","35","33312546"
"chr3","154396508","154396813","chr15","16072105","16072413","59","138324403"
"chr3","154399686","154399975","chr8","117915997","117916266","50","36483689"
"chr3","154427462","154427586","chr8","117888920","117889051","17","36538542"
"chr3","154459095","154459395","chr8","117855761","117856047","46","36603334"
"chr3","154461747","154462052","chr5","131527086","131527390","58","22934661"
"chr3","154528841","154529117","chr15","28538039","28538327","78","125990802"
"chr3","154615893","154616165","chr8","117697895","117698165","34","36917998"
"chr3","154653108","154653417","chr20","38894081","38894379","64","115759027"
"chr3","154670980","154671294","chr5","99326836","99327142","64","55344144"
"chr3","154748548","154748714","chr5","393372","393538","46","154355176"
"chr3","154748747","154748866","chr9","58062480","58062599","25","96686267"
"chr3","154753743","154753756","chr12","55401111","55401122","5","99352632"
"chr3","154753891","154753947","chr2","6905000","6905062","14","147848891"
"chr3","154798781","154799088","chr8","117520008","117520319","54","37278773"
"chr3","154844377","154844679","chr13","11419444","11419742","62","143424933"
"chr3","154921459","154921774","chr15","71922660","71922969","63","82998799"
"chr3","154991543","154991709","chr6","60378333","60378495","40","94613210"
"chr3","154992048","154992184","chr12","11035256","11035394","30","143956792"
"chr3","155056105","155056239","chr5","76309637","76309769","22","78746468"
"chr3","155063053","155063339","chr8","117254802","117255098","38","37808251"
"chr3","155074423","155074707","chr8","117248407","117248683","37","37826016"
"chr3","155099098","155099374","chr1","171534713","171534992","65","16435615"
"chr3","155128543","155128863","chr9","53523121","53523415","77","101605422"
"chr3","155142457","155142750","chr9","53523121","53523415","58","101619336"
"chr3","155143461","155143592","chr8","117182036","117182167","11","37961425"
"chr3","155200833","155200953","chr4","44463564","44463694","29","110737269"
"chr3","155245279","155245376","chr2","10906979","10907070","18","144338300"
"chr3","155246746","155246882","chr9","43510189","43510319","26","111736557"
"chr3","155281778","155282071","chr8","117041356","117041651","45","38240422"
"chr3","155292790","155293108","chr3","38837440","38837750","77","116455350"
"chr3","155297894","155298193","chr21","46998038","46998338","54","108299856"
"chr3","155342875","155343039","chr4","129110070","129110240","43","26232805"
"chr3","155346202","155346508","chr8","116978336","116978643","40","38367866"
"chr3","155386401","155386700","chr4","122925393","122925686","60","32461008"
"chr3","155433798","155434069","chr13","59238655","59238922","70","96195143"
"chr3","155464750","155464877","chr11","7707261","7707392","24","147757489"
"chr3","155530197","155530507","chr8","116801553","116801859","53","38728644"
"chr3","155541657","155541789","chr4","44463564","44463694","23","111078093"
"chr3","155608401","155608572","chr9","109217985","109218154","40","46390416"
"chr3","155632234","155632357","chr9","88843653","88843775","36","66788581"
"chr3","155673355","155673633","chr9","121923416","121923688","53","33749939"
"chr3","155678095","155678283","chr13","59196473","59196657","39","96481622"
"chr3","155678609","155678619","chr3","11300434","11300446","2","144378175"
"chr3","155678907","155679034","chr2","9000891","9001022","25","146678016"
"chr3","155721215","155721469","chr16","71714174","71714446","67","84007041"
"chr3","155739987","155740294","chr8","116618342","116618643","50","39121645"
"chr3","155788326","155788627","chr14","80754932","80755229","64","75033394"
"chr3","155836698","155836833","chr4","111165694","111165827","22","44671004"
"chr3","155899738","155900050","chr16","18323646","18323959","62","137576092"
"chr3","155916877","155917162","chr8","116437695","116437980","43","39479182"
"chr3","155939944","155940263","chr5","137246805","137247081","92","18693139"
"chr3","155986235","155986531","chr8","116370529","116370829","45","39615706"
"chr3","156017555","156017674","chr3","137802923","137803047","23","18214632"
"chr3","156033966","156034268","chr8","21270645","21270942","63","134763321"
"chr3","156067180","156067461","chr7","43504141","43504423","49","112563039"
"chr3","156071534","156071627","chr2","71146304","71146385","30","84925230"
"chr3","156085995","156086281","chr2","16314575","16314859","63","139771420"
"chr3","156140469","156140604","chr1","180762759","180762888","30","24622290"
"chr3","156144500","156144798","chr5","65054591","65054892","65","91089909"
"chr3","156182505","156182758","chr6","104819581","104819829","63","51362924"
"chr3","156186866","156187167","chr1","15346692","15346991","67","140840174"
"chr3","156224776","156225095","chr5","129489203","129489517","65","26735573"
"chr3","156303578","156303869","chr14","87894635","87894929","65","68408943"
"chr3","156311275","156311403","chr8","116047832","116047955","13","40263443"
"chr3","156344894","156345210","chr7","151693300","151693604","60","4651594"
"chr3","156438932","156439234","chrX","22454216","22454523","61","133984716"
"chr3","156455571","156455878","chr8","115916546","115916848","42","40539025"
"chr3","156466125","156466434","chr1","149020182","149020489","67","7445943"
"chr3","156470170","156470474","chr8","115900403","115900711","43","40569767"
"chr3","156487660","156487978","chr15","57058522","57058823","69","99429138"
"chr3","156501132","156501253","chr8","115871144","115871266","17","40629988"
"chr3","156503291","156503415","chr8","115869131","115869246","16","40634160"
"chr3","156532660","156532965","chr10","102125593","102125891","61","54407067"
"chr3","156545176","156545451","chr14","83531153","83531417","62","73014023"
"chr3","156726794","156726893","chr10","32615846","32615947","28","124110948"
"chr3","156785946","156786139","chr4","74333712","74333895","41","82452234"
"chr3","156786439","156786562","chr3","5799886","5800009","23","150986553"
"chr3","157042680","157042971","chr8","115369269","115369557","42","41673411"
"chr3","157120444","157120741","chr8","115286749","115287028","50","41833695"
"chr3","157205823","157205946","chr9","21660421","21660545","19","135545402"
"chr3","157252226","157252522","chr2","72627727","72628022","58","84624499"
"chr3","157319336","157319414","chr8","115068476","115068544","14","42250860"
"chr3","157335262","157335541","chr15","26071927","26072216","63","131263335"
"chr3","157352842","157353178","chr8","115035839","115036149","64","42317003"
"chr3","157361133","157361321","chr22","9291790","9291978","43","148069343"
"chr3","157379939","157380190","chr1","205390596","205390862","92","48010657"
"chr3","157415866","157416176","chr8","114972577","114972882","48","42443289"
"chr3","157450448","157450594","chr13","52657857","52657994","34","104792591"
"chr3","157450902","157451056","chr7","57359333","57359475","35","100091569"
"chr3","157463249","157463484","chr22","15492261","15492493","54","141970988"
"chr3","157531130","157531420","chr8","114819558","114819860","49","42711572"
"chr3","157615286","157615602","chr12","21140767","21141078","77","136474519"
"chr3","157633714","157633999","chr2","111010900","111011190","57","46622814"
"chr3","157647446","157647746","chr8","114695604","114695900","50","42951842"
"chr3","157669866","157670165","chr5","61671414","61671706","59","95998452"
"chr3","157697664","157697784","chr12","28152872","28152988","15","129544792"
"chr3","157743403","157743659","chr8","114595104","114595403","62","43148299"
"chr3","157768028","157768328","chr8","114570008","114570315","44","43198020"
"chr3","157827895","157828126","chr4","155892220","155892443","57","1935675"
"chr3","158014241","158014508","chr1","181800405","181800684","64","23786164"
"chr3","158230607","158230873","chr7","14103441","14103711","57","144127166"
"chr3","158242751","158243070","chr1","14219165","14219469","74","144023586"
"chr3","158839270","158839364","chr4","61902955","61903052","15","96936315"
"chr3","158839675","158839887","chr7","89836404","89836620","46","69003271"
"chr3","159014363","159014644","chr8","113304156","113304447","41","45710207"
"chr3","159103723","159104009","chr8","113212708","113212996","57","45891015"
"chr3","159199308","159199603","chr8","113116685","113116973","41","46082623"
"chr3","159318170","159318308","chr9","76037920","76038064","33","83280250"
"chr3","159318606","159318757","chr7","62708940","62709097","37","96609666"
"chr3","159349173","159349379","chr19","15499255","15499461","41","143849918"
"chr3","159457902","159458211","chr5","7164263","7164564","61","152293639"
"chr3","159487583","159487722","chr8","112833064","112833201","20","46654519"
"chr3","159596261","159596545","chr8","112726784","112727067","37","46869477"
"chr3","159740865","159741143","chrX","4580059","4580324","73","155160806"
"chr3","159772372","159772579","chr8","4444379","4444594","63","155327993"
"chr3","159772926","159772961","chr15","7203820","7203856","10","152569106"
"chr3","159829597","159829873","chr5","130607961","130608238","67","29221636"
"chr3","159852801","159852929","chr4","113256464","113256591","28","46596337"
"chr3","160226693","160226989","chr8","112072433","112072708","60","48154260"
"chr3","160314509","160314816","chr9","101966653","101966946","74","58347856"
"chr3","160341098","160341364","chr8","111953656","111953933","47","48387442"
"chr3","160595943","160596224","chr5","32651008","32651300","82","127944935"
"chr3","160604744","160605033","chr2","16314575","16314859","62","144290169"
"chr3","160621081","160621302","chr7","49820721","49820939","60","110800360"
"chr3","160757857","160757941","chr22","3877617","3877705","25","156880240"
"chr3","160794736","160794986","chr10","128694006","128694266","73","32100730"
"chr3","160844902","160845198","chr3","111556877","111557172","60","49288025"
"chr3","160986587","160986816","chr6","105935079","105935305","55","55051508"
"chr3","161083180","161083450","chr15","19769646","19769911","62","141313534"
"chr3","161163403","161163526","chr8","111301753","111301874","16","49861650"
"chr3","161189380","161189607","chr12","83751953","83752183","67","77437427"
"chr3","161265053","161265130","chr4","159746319","159746403","13","1518734"
"chr3","161266140","161266347","chr2","71295737","71295946","44","89970403"
"chr3","161545114","161545233","chr8","110955623","110955739","17","50589491"
"chr3","161575378","161575655","chr6","47949991","47950257","57","113625387"
"chr3","161602015","161602286","chr15","63232108","63232373","57","98369907"
"chr3","161623953","161624245","chr2","17708815","17709104","61","143915138"
"chr3","161654388","161654705","chr12","84611036","84611340","59","77043352"
"chr3","161762647","161762930","chr8","110742491","110742774","31","51020156"
"chr3","161772667","161772786","chr1","138529083","138529203","24","23243584"
"chr3","161838314","161838645","chr14","20605277","20605602","75","141233037"
"chr3","161840528","161840651","chr10","79565786","79565901","23","82274742"
"chr3","161845754","161845870","chrX","107428789","107428908","22","54416965"
"chr3","161901808","161902079","chr8","110603609","110603908","57","51298199"
"chr3","161954999","161955161","chr8","110554592","110554751","19","51400407"
"chr3","161955820","161955942","chr2","186673645","186673771","29","24717825"
"chr3","161990645","161990762","chr8","115869131","115869246","23","46121514"
"chr3","161998815","161999110","chr1","194838798","194839100","60","32839983"
"chr3","162024690","162024974","chr8","110485730","110486027","48","51538960"
"chr3","162046707","162047019","chr7","46606433","46606729","69","115440274"
"chr3","162184974","162185098","chr22","18128678","18128803","19","144056296"
"chr3","162192476","162192615","chr12","10324844","10324992","31","151867632"
"chr3","162192997","162193133","chr20","35704842","35704971","25","126488155"
"chr3","162313861","162314092","chr15","26023509","26023723","51","136290352"
"chr3","162349297","162349573","chr2","39377705","39377984","63","122971592"
"chr3","162697783","162698085","chr8","109760114","109760416","44","52937669"
"chr3","163011788","163012052","chr8","109448344","109448620","64","53563444"
"chr3","163156345","163156638","chr8","109307960","109308246","52","53848385"
"chr3","163266151","163266431","chrX","62357526","62357821","76","100908625"
"chr3","163840582","163840855","chr7","11110467","11110754","74","152730115"
"chr3","164183129","164183212","chr11","61168833","61168910","14","103014296"
"chr3","164227234","164227540","chr8","108249256","108249560","35","55977978"
"chr3","164305475","164305605","chrX","106469400","106469531","20","57836075"
"chr3","164314581","164314879","chr3","111033017","111033309","60","53281564"
"chr3","164320272","164320422","chr8","108141861","108142010","18","56178411"
"chr3","164411030","164411316","chr5","6313507","6313787","60","158097523"
"chr3","164412248","164412381","chr13","60996904","60997036","25","103415344"
"chr3","164412807","164413103","chr8","108092793","108093080","63","56320014"
"chr3","164434501","164434636","chr7","128115154","128115285","26","36319347"
"chr3","164456717","164457001","chrX","137827934","137828219","60","26628783"
"chr3","164470513","164470767","chr8","108033738","108033985","45","56436775"
"chr3","164510161","164510294","chr9","112921738","112921872","23","51588423"
"chr3","164514693","164514813","chr8","107984571","107984686","18","56530122"
"chr3","164545727","164546038","chr8","107937412","107937718","50","56608315"
"chr3","164546986","164547166","chr6","17144940","17145117","45","147402046"
"chr3","164570089","164570400","chr7","32363417","32363723","56","132206672"
"chr3","164584442","164584564","chr8","107883470","107883590","12","56700972"
"chr3","164604770","164604991","chr7","36312954","36313175","56","128291816"
"chr3","164605109","164605269","chr22","13609437","13609590","36","150995672"
"chr3","164622544","164622685","chr2","170813628","170813760","30","6191084"
"chr3","164630188","164630488","chr19","16420334","16420626","53","148209854"
"chr3","164637839","164638123","chr8","107836507","107836784","45","56801332"
"chr3","164653467","164653757","chrX","62357526","62357821","61","102295941"
"chr3","164686080","164686330","chr3","151561313","151561572","76","13124767"
"chr3","164691930","164692178","chr14","64401109","64401385","77","100290821"
"chr3","164722066","164722371","chr8","107777925","107778230","60","56944141"
"chr3","164768989","164769097","chr8","107724522","107724631","16","57044467"
"chr3","164847026","164847178","chr5","39736662","39736814","29","125110364"
"chr3","164885975","164886204","chr8","107614317","107614556","49","57271658"
"chr3","164917403","164917536","chr8","107594318","107594445","21","57323085"
"chr3","164956834","164957133","chr8","107555446","107555739","54","57401388"
"chr3","165072413","165072719","chr15","40031946","40032251","62","125040467"
"chr3","165077599","165077888","chr8","107133338","107133631","41","57944261"
"chr3","165105252","165105419","chr2","13959772","13959938","40","151145480"
"chr3","165105712","165105855","chr4","159176751","159176889","29","5928961"
"chr3","165128761","165129034","chr8","107186481","107186766","43","57942280"
"chr3","165188926","165189047","chr8","107251569","107251691","14","57937357"
"chr3","165201679","165201973","chr8","107264774","107265069","35","57936905"
"chr3","165202708","165203001","chr22","9881660","9881950","73","155321048"
"chr3","165232640","165232927","chr8","107302265","107302541","29","57930375"
"chr3","165238784","165238829","chr12","33562118","33562162","7","131676666"
"chr3","165289794","165290082","chr5","43481946","43482233","52","121807848"
"chr3","165294114","165294422","chr8","107358076","107358391","42","57936038"
"chr3","165296710","165296833","chr1","106642431","106642552","21","58654279"
"chr3","165305296","165305599","chr9","53523121","53523415","57","111782175"
"chr3","165313981","165314356","chr8","107377758","107378062","106","57936223"
"chr3","165315516","165315811","chr10","114838607","114838907","57","50476909"
"chr3","165328515","165328805","chr8","107396222","107396512","37","57932293"
"chr3","165334321","165334601","chr8","107403644","107403937","61","57930677"
"chr3","165350388","165350629","chr8","107421957","107422209","41","57928431"
"chr3","165380644","165380930","chr14","5388973","5389259","54","159991671"
"chr3","165384880","165385157","chr22","30209389","30209661","67","135175491"
"chr3","165385229","165385347","chr1","158983184","158983299","16","6402045"
"chr3","165434158","165434455","chr8","107064071","107064374","38","58370087"
"chr3","165451731","165452023","chr8","107047341","107047647","47","58404390"
"chr3","165555024","165555132","chr3","33474329","33474431","29","132080695"
"chr3","165596268","165596398","chr6","44075624","44075754","23","121520644"
"chr3","165606921","165607226","chr8","106879414","106879716","48","58727507"
"chr3","165692860","165693049","chr13","70204685","70204888","55","95488175"
"chr3","165734646","165734714","chr8","89722945","89723013","10","76011701"
"chr3","165752389","165752559","chr18","31571241","31571400","37","134181148"
"chr3","165752585","165752709","chr1","202769733","202769856","21","37017148"
"chr3","165771880","165772077","chr1","154999792","154999979","44","10772088"
"chr3","165782009","165782129","chr8","106698398","106698519","12","59083611"
"chr3","165787259","165787567","chr8","106692783","106693075","48","59094476"
"chr3","165841174","165841463","chr8","106654598","106654899","38","59186576"
"chr3","165891796","165892007","chr8","106606745","106606959","28","59285051"
"chr3","165904840","165905148","chr2","153911331","153911638","59","11993509"
"chr3","165965806","165966070","chr8","106545615","106545903","51","59420191"
"chr3","166020615","166020925","chr7","97730148","97730448","67","68290467"
"chr3","166046352","166046458","chr12","52587021","52587120","21","113459331"
"chr3","166235514","166235636","chr8","106305629","106305752","11","59929885"
"chr3","166255242","166255397","chr9","37549259","37549412","30","128705983"
"chr3","166255705","166255854","chr1","186568722","186568874","39","20313017"
"chr3","166307537","166307817","chr9","114335053","114335333","67","51972484"
"chr3","166385246","166385521","chr8","106148969","106149239","37","60236277"
"chr3","166517426","166517735","chr8","105992384","105992696","46","60525042"
"chr3","166601018","166601307","chr7","59376036","59376328","57","107224982"
"chr3","166643440","166643727","chr8","105860301","105860601","44","60783139"
"chr3","166647258","166647566","chr8","105856788","105857096","35","60790470"
"chr3","166650070","166650276","chr7","87450547","87450751","40","79199523"
"chr3","166780895","166781019","chr14","1573842","1573967","21","165207053"
"chr3","166782904","166783225","chr8","105729044","105729362","54","61053860"
"chr3","166788798","166788929","chr9","65797051","65797176","31","100991747"
"chr3","166791234","166791352","chr5","131294331","131294442","30","35496903"
"chr3","166792069","166792388","chr7","31899128","31899441","71","134892941"
"chr3","166795585","166795871","chr8","105723639","105723923","39","61071946"
"chr3","166798314","166798507","chr5","6447228","6447428","57","160351086"
"chr3","166813252","166813542","chr2","14508195","14508486","53","152305057"
"chr3","166822775","166822906","chr5","112473213","112473343","20","54349562"
"chr3","166831658","166831835","chr1","129159547","129159726","41","37672111"
"chr3","166832170","166832311","chr13","40267018","40267150","28","126565152"
"chr3","166868862","166868989","chr7","21824538","21824660","25","145044324"
"chr3","166870111","166870173","chr3","136349829","136349891","14","30520282"
"chr3","166926860","166927160","chr16","71686442","71686730","67","95240418"
"chr3","166933333","166933446","chr9","93860244","93860358","23","73073089"
"chr3","166963055","166963338","chr8","105534492","105534778","41","61428563"
"chr3","166996202","166996452","chr13","7487505","7487759","60","159508697"
"chr3","167026061","167026185","chrX","58482136","58482260","19","108543925"
"chr3","167030789","167031104","chr5","42579144","42579455","65","124451645"
"chr3","167134486","167134801","chr8","105371168","105371493","109","61763318"
"chr3","167160189","167160485","chr8","105346370","105346666","32","61813819"
"chr3","167214444","167214720","chrX","96960850","96961122","66","70253594"
"chr3","167264916","167265182","chrX","62939793","62940049","55","104325123"
"chr3","167301877","167302025","chr2","31153955","31154091","38","136147922"
"chr3","167333760","167334018","chr21","48009470","48009719","65","119324290"
"chr3","167339260","167339387","chr4","110937154","110937284","25","56402106"
"chr3","167347323","167347445","chr8","105150545","105150672","18","62196778"
"chr3","167579351","167579526","chr10","126259446","126259620","41","41319905"
"chr3","167579822","167579942","chr10","9062820","9062938","21","158517002"
"chr3","167587485","167587616","chr8","104882032","104882165","14","62705453"
"chr3","167609159","167609413","chr8","104854170","104854427","42","62754989"
"chr3","167782012","167782310","chr8","104672515","104672814","33","63109497"
"chr3","168127545","168127679","chr1","118529934","118530068","32","49597611"
"chr3","168226447","168226755","chr22","37688895","37689202","80","130537552"
"chr3","168593768","168594054","chr8","103844623","103844908","38","64749145"
"chr3","168703123","168703415","chr14","22768703","22768989","63","145934420"
"chr3","169551753","169552040","chr10","44890595","44890883","57","124661158"
"chr3","169626174","169626469","chr7","75622886","75623189","59","94003288"
"chr3","169806358","169806529","chr14","64591617","64591781","41","105214741"
"chr3","169905352","169905619","chr3","182078962","182079241","67","12173610"
"chr3","170002278","170002516","chr7","4474412","4474662","71","165527866"
"chr3","170116184","170116471","chr8","97287009","97287300","38","72829175"
"chr3","170125805","170125932","chr2","192516067","192516193","33","22390262"
"chr3","170204974","170205094","chr2","38631189","38631317","23","131573785"
"chr3","170210877","170211002","chr4","96162029","96162158","25","74048848"
"chr3","170228982","170229292","chr12","31070036","31070341","73","139158946"
"chr3","170237117","170237275","chr7","88865951","88866111","31","81371166"
"chr3","170237620","170237760","chr6","44075624","44075754","27","126161996"
"chr3","170251536","170251791","chr8","97427474","97427727","39","72824062"
"chr3","170331656","170331755","chr2","10906979","10907070","19","159424677"
"chr3","170439268","170439549","chr8","97614829","97615103","31","72824439"
"chr3","170477834","170477963","chr8","97649621","97649760","23","72828213"
"chr3","170571776","170572078","chr1","73469574","73469872","51","97102202"
"chr3","170607126","170607410","chr2","7417032","7417317","62","163190094"
"chr3","170885425","170885543","chrX","17631702","17631819","19","153253723"
"chr3","170885588","170885760","chrX","62896920","62897101","49","107988668"
"chr3","170975059","170975368","chr22","43472617","43472924","58","127502442"
"chr3","171032424","171032554","chr7","31953126","31953257","32","139079298"
"chr3","171048082","171048214","chr6","105871690","105871818","31","65176392"
"chr3","171052107","171052174","chr8","98307002","98307068","6","72745105"
"chr3","171066216","171066502","chr8","98320684","98320976","40","72745532"
"chr3","171100783","171101059","chr13","39630062","39630334","53","131470721"
"chr3","171362955","171363123","chr2","16500965","16501119","42","154861990"
"chr3","171529599","171529883","chr6","112518540","112518808","66","59011059"
"chr3","172009506","172009791","chr3","54113949","54114238","75","117895557"
"chr3","172227266","172227544","chr15","33978955","33979227","71","138248311"
"chr3","172514817","172515094","chr8","99756379","99756640","67","72758438"
"chr3","172564940","172565234","chr14","82325633","82325925","67","90239307"
"chr3","173631640","173631755","chr1","77240426","77240541","21","96391214"
"chr3","173747601","173747899","chr7","99811053","99811342","75","73936548"
"chr3","173800482","173800715","chr8","101009709","101009975","60","72790773"
"chr3","174077049","174077369","chrX","6506369","6506672","83","167570680"
"chr3","174186787","174187101","chr8","101342824","101343110","66","72843963"
"chr3","174188573","174188726","chr8","108244784","108244942","36","65943789"
"chr3","174645764","174646072","chrUn_GL286465","10422","10718","54","174635342"
"chr3","174845203","174845480","chr10","115656334","115656612","64","59188869"
"chr3","174847353","174847484","chr5","108248088","108248216","23","66599265"
"chr3","174867274","174867562","chr15","20098469","20098753","58","154768805"
"chr3","174889064","174889363","chr9","53523121","53523415","57","121365943"
"chr3","174908272","174908529","chr1","209445315","209445577","59","34537043"
"chr3","174944658","174944781","chr12","12666683","12666807","23","162277975"
"chr3","175020955","175021125","chrX","85772838","85773011","35","89248117"
"chr3","175217896","175218168","chr7","42719837","42720106","65","132498059"
"chr3","175313416","175313553","chr8","117636047","117636181","22","57677369"
"chr3","175452062","175452195","chr8","102603197","102603330","17","72848865"
"chr3","175637852","175638067","chr14","34027757","34027966","56","141610095"
"chr3","175660053","175660357","chr5","131527086","131527390","51","44132967"
"chr3","175675740","175675847","chr8","97145456","97145561","17","78530284"
"chr3","175747047","175747217","chr12","26669090","26669253","38","149077957"
"chr3","175747531","175747664","chr3","149245179","149245310","26","26502352"
"chr3","175781504","175781754","chr9","43230395","43230614","89","132551109"
"chr3","175810470","175810748","chr8","97003088","97003395","54","78807382"
"chr3","175830799","175831086","chr4","110032503","110032791","65","65798296"
"chr3","175971715","175972005","chr1","84478844","84479135","67","91492871"
"chr3","175972720","175973017","chr5","125768916","125769211","69","50203804"
"chr3","176246547","176246841","chr8","96651730","96652040","53","79594817"
"chr3","176248490","176248551","chr12","26954694","26954761","20","149293796"
"chr3","176321017","176321248","chr7","66762584","66762812","59","109558433"
"chr3","176400044","176400333","chr8","96496756","96497042","39","79903288"
"chr3","176437667","176437963","chr7","70529533","70529824","66","105908134"
"chr3","176474268","176474440","chr8","115927657","115927837","39","60546611"
"chr3","176474483","176474593","chr6","148859821","148859927","27","27614662"
"chr3","176542633","176542867","chr8","96395027","96395260","36","80147606"
"chr3","177006137","177006517","chr8","96064596","96064904","99","80941541"
"chr3","177098913","177099180","chr8","95962360","95962639","48","81136553"
"chr3","177129898","177130168","chr8","95915501","95915782","53","81214397"
"chr3","177141463","177141774","chr3","149104058","149104353","69","28037405"
"chr3","177207279","177207406","chr7","46700947","46701073","18","130506332"
"chr3","177323133","177323232","chr8","12600697","12600799","18","164722436"
"chr3","177323835","177324000","chr2","92606095","92606227","61","84717740"
"chr3","177374689","177375006","chr3","39544873","39545188","67","137829816"
"chr3","177483141","177483279","chr10","79724313","79724447","23","97758828"
"chr3","177498111","177498421","chr8","95528115","95528423","35","81969996"
"chr3","177505324","177505602","chr8","95520276","95520558","46","81985048"
"chr3","177573746","177574056","chr8","95456739","95457046","50","82117007"
"chr3","177582313","177582453","chr2","5618578","5618718","30","171963735"
"chr3","177583061","177583238","chr10","126259446","126259620","35","51323615"
"chr3","177595967","177596232","chr8","95431923","95432180","44","82164044"
"chr3","177672322","177672440","chr8","95349694","95349810","10","82322628"
"chr3","177689595","177689709","chr9","44949983","44950094","37","132739612"
"chr3","177718625","177718862","chr2","140601837","140602059","76","37116788"
"chr3","177720093","177720379","chr8","95295128","95295409","47","82424965"
"chr3","177756428","177756560","chr8","95268655","95268786","21","82487773"
"chr3","177760924","177761211","chr8","95264178","95264466","22","82496746"
"chr3","177802862","177803129","chr8","95229212","95229469","57","82573650"
"chr3","177811266","177811545","chrX","4580059","4580324","71","173231207"
"chr3","177822444","177822575","chr8","95192501","95192632","14","82629943"
"chr3","177832260","177832375","chr8","95184416","95184531","8","82647844"
"chr3","177847123","177847259","chr19","25631036","25631149","45","152216087"
"chr3","177868402","177868525","chr7","99853344","99853456","31","78015058"
"chr3","177868839","177868990","chr9","21026329","21026464","36","156842510"
"chr3","177890090","177890370","chr7","6067755","6068040","74","171822335"
"chr3","177908563","177908830","chr1","198470770","198471042","62","20562207"
"chr3","178088477","178088757","chr2","55200270","55200573","66","122888207"
"chr3","178308439","178308745","chr8","94624937","94625227","55","83683502"
"chr3","178319476","178319721","chr8","94611030","94611268","38","83708446"
"chr3","178392700","178392985","chr19","26371101","26371375","71","152021599"
"chr3","178400804","178401100","chr1","150763613","150763909","65","27637191"
"chr3","178432949","178433235","chr8","94497878","94498166","52","83935071"
"chr3","178512695","178512841","chr9","52758524","52758672","38","125754171"
"chr3","178513148","178513315","chr15","94109345","94109508","41","84403803"
"chr3","178593561","178593851","chr8","94329432","94329718","48","84264129"
"chr3","178621759","178621884","chr7","32225551","32225675","23","146396208"
"chr3","178693323","178693498","chr22","28403347","28403515","38","150289976"
"chr3","178693816","178693948","chr7","51683975","51684102","24","127009841"
"chr3","178697236","178697375","chr15","22212088","22212214","47","156485148"
"chr3","178697662","178697779","chr5","127697438","127697541","38","51000224"
"chr3","178715143","178715279","chr2","170813628","170813760","26","7901515"
"chr3","178715591","178715653","chr10","27513186","27513244","19","151202405"
"chr3","178723889","178724021","chr8","94196190","94196321","16","84527699"
"chr3","178768538","178768844","chr1","14231240","14231548","68","164537298"
"chr3","178851413","178851657","chr12","52409838","52410099","64","126441575"
"chr3","178852343","178852611","chr8","94075957","94076215","41","84776386"
"chr3","178864590","178864877","chr6","156012143","156012430","55","22852447"
"chr3","178877890","178878179","chr3","188177597","188177882","56","9299707"
"chr3","178922415","178922713","chr11","95532597","95532904","68","83389818"
"chr3","178925941","178926088","chr10","47225571","47225710","32","131700370"
"chr3","178959957","178960240","chr7","60677817","60678103","56","118282140"
"chr3","179014688","179014949","chr8","93921843","93922108","34","85092845"
"chr3","179140746","179141025","chr8","93800061","93800334","35","85340685"
"chr3","179236549","179236845","chr3","33258815","33259122","52","145977734"
"chr3","179386029","179386328","chr9","45121884","45122176","63","134264145"
"chr3","180131190","180131491","chr14","80754932","80755229","61","99376258"
"chr3","180230125","180230245","chr8","92653835","92653956","14","87576290"
"chr3","180292989","180293290","chr2","62626349","62626655","76","117666640"
"chr3","180403914","180404044","chr9","45389308","45389436","21","135014606"
"chr3","180434932","180435249","chr8","92488035","92488346","54","87946897"
"chr3","180719544","180719809","chr5","158137953","158138228","56","22581591"
"chr3","180856209","180856276","chr10","15429019","15429087","12","165427190"
"chr3","181164086","181164151","chr8","91742531","91742596","5","89421555"
"chr3","181354879","181355158","chr18","44129465","44129737","56","137225414"
"chr3","181399027","181399209","chr15","71427022","71427202","42","109972005"
"chr3","181536334","181536494","chr12","22149043","22149205","26","159387291"
"chr3","181614156","181614448","chr8","91352006","91352276","50","90262150"
"chr3","181686899","181687012","chr3","33474329","33474431","33","148212570"
"chr3","181825274","181825584","chr12","31070036","31070341","73","150755238"
"chr3","181922148","181922416","chr1","136312939","136313222","69","45609209"
"chr3","182029635","182029872","chr5","83767803","83768038","65","98261832"
"chr3","182459724","182459856","chr6","136009617","136009749","33","46450107"
"chr3","182460088","182460204","chrX","17631702","17631819","26","164828386"
"chr3","182764706","182764987","chr8","33879580","33879854","66","148885126"
"chr3","183030085","183030204","chr6","110911653","110911772","30","72118432"
"chr3","183258927","183259032","chr8","120297554","120297660","26","62961373"
"chr3","183282196","183282310","chr4","11388620","11388734","20","171893576"
"chr3","183311382","183311693","chr8","89708105","89708418","39","93603277"
"chr3","183404971","183405258","chr7","97139775","97140065","67","86265196"
"chr3","183485433","183485685","chr7","11164022","11164267","54","172321411"
"chr3","183504032","183504310","chr8","22185930","22186206","66","161318102"
"chr3","183525564","183525685","chr8","89529541","89529661","11","93996023"
"chr3","183538960","183539264","chr12","27300719","27301023","66","156238241"
"chr3","183596846","183597152","chr2","13987385","13987695","58","169609461"
"chr3","183625717","183626009","chr9","53523121","53523415","53","130102596"
"chr3","183657965","183658236","chr10","35735331","35735593","62","147922634"
"chr3","183658237","183658364","chr2","17455028","17455152","23","166203209"
"chr3","183715217","183715299","chr1","107145009","107145091","19","76570208"
"chr3","183759370","183759398","chr4","86330088","86330119","10","97429282"
"chr3","183759678","183759815","chr22","8110721","8110853","27","175648957"
"chr3","183808475","183808759","chr4","37613653","37613939","65","146194822"
"chr3","183819841","183819952","chr11","74887924","74888033","25","108931917"
"chr3","183822178","183822388","chr15","27209911","27210115","55","156612267"
"chr3","183822672","183822800","chr11","44077989","44078116","31","139744683"
"chr3","183927063","183927175","chr4","88494059","88494169","38","95433004"
"chr3","184141909","184142048","chr17","73250584","73250724","21","110891325"
"chr3","184930882","184931010","chr2","11695570","11695700","27","173235312"
"chr3","184982046","184982317","chr8","88040647","88040926","50","96941399"
"chr3","185009480","185009650","chrX","7313535","7313711","43","177695945"
"chr3","185076496","185076657","chr10","90145669","90145843","37","94930827"
"chr3","185143692","185143977","chr8","87894582","87894869","56","97249110"
"chr3","185178367","185178504","chr6","143977655","143977788","21","41200712"
"chr3","185250046","185250350","chr8","87782458","87782735","78","97467588"
"chr3","185348376","185348661","chr10","99902302","99902598","72","85446074"
"chr3","185380108","185380377","chr8","107398355","107398625","69","77981753"
"chr3","185423261","185423392","chr3","65250236","65250367","23","120173025"
"chr3","185482227","185482502","chr8","87545266","87545546","64","97936961"
"chr3","185705915","185706212","chr8","87382226","87382514","48","98323689"
"chr4","36831033","36831340","chr4","36852788","36853083","53","21755"
"chr4","453071","453358","chr4","28636353","28636649","55","28183282"
"chr4","546038","546319","chr16","8843993","8844263","55","8297955"
"chr4","943843","944126","chrX","17820848","17821136","53","16877005"
"chr4","995206","995488","chr4","28063900","28064211","64","27068694"
"chr4","1103214","1103336","chr4","27952234","27952356","12","26849020"
"chr4","1147699","1147981","chr4","27910645","27910933","45","26762946"
"chr4","1151722","1152034","chr4","27905909","27906191","64","26754187"
"chr4","1183632","1183925","chr4","27847468","27847764","40","26663836"
"chr4","1316330","1316591","chr4","27699902","27700177","50","26383572"
"chr4","1373246","1373524","chr4","27638328","27638613","53","26265082"
"chr4","1388569","1388841","chr4","27615695","27615951","51","26227126"
"chr4","1571800","1572055","chr4","27402441","27402674","53","25830641"
"chr4","1728344","1728651","chr4","27236192","27236497","43","25507848"
"chr4","1839092","1839273","chr2","125066199","125066371","51","123227107"
"chr4","1856124","1856455","chr10","16975369","16975683","84","15119245"
"chr4","1976021","1976317","chr9","35601695","35601992","54","33625674"
"chr4","2017178","2017295","chr5","113591507","113591623","18","111574329"
"chr4","2118596","2118880","chr4","26825237","26825507","59","24706641"
"chr4","2125087","2125390","chr12","12652290","12652586","79","10527203"
"chr4","2140661","2140889","chr6","46221305","46221551","72","44080644"
"chr4","2140916","2141049","chr11","7850129","7850261","25","5709213"
"chr4","2141242","2141517","chr4","26803536","26803811","40","24662294"
"chr4","2160067","2160321","chr4","26786092","26786341","37","24626025"
"chr4","2160707","2160992","chr5","32678837","32679116","59","30518130"
"chr4","2572235","2572533","chr7","137539963","137540262","60","134967728"
"chr4","2774886","2775178","chr12","13322686","13322982","64","10547800"
"chr4","2925266","2925465","chr5","6447228","6447428","36","3521962"
"chr4","2996013","2996122","chr20","4688853","4688962","30","1692840"
"chr4","3023098","3023419","chr4","25779472","25779759","60","22756374"
"chr4","3024082","3024201","chr1","84875223","84875339","21","81851141"
"chr4","3043660","3043969","chr5","131527086","131527390","55","128483426"
"chr4","3062162","3062473","chr5","140459961","140460270","70","137397799"
"chr4","3076650","3076814","chr11","60286150","60286322","39","57209500"
"chr4","3077162","3077194","chr2","9723892","9723921","10","6646730"
"chr4","3077577","3077684","chr9","40310395","40310501","18","37232818"
"chr4","3104705","3105013","chr4","25685174","25685484","51","22580469"
"chr4","3150919","3151053","chr5","4469592","4469726","27","1318673"
"chr4","3151359","3151511","chr16","19741507","19741659","31","16590148"
"chr4","3456138","3456464","chr2","7687575","7687861","103","4231437"
"chr4","3677437","3677710","chr4","25093999","25094271","58","21416562"
"chr4","3767186","3767450","chr9","39829962","39830221","85","36062776"
"chr4","3769468","3769744","chr13","92119195","92119472","61","88349727"
"chr4","3852922","3853220","chr2","127621039","127621333","62","123768117"
"chr4","3908801","3908930","chr20","35704842","35704971","21","31796041"
"chr4","3944319","3944618","chr6","149239727","149240016","75","145295408"
"chr4","4193862","4193993","chr1","22614360","22614489","20","18420498"
"chr4","4254351","4254543","chr13","59196473","59196657","47","54942122"
"chr4","4254824","4254970","chr17","73250584","73250724","33","68995760"
"chr4","4390783","4391086","chr4","24322320","24322626","42","19931537"
"chr4","4449937","4450101","chr17","7177552","7177717","32","2727615"
"chr4","4603900","4604031","chr2","10110790","10110922","18","5506890"
"chr4","4660181","4660303","chr1","18467879","18468002","18","13807698"
"chr4","4710794","4711084","chr4","23977689","23977976","48","19266895"
"chr4","4843127","4843432","chr4","23888556","23888862","48","19045429"
"chr4","4914843","4915139","chr15","21338413","21338706","55","16423570"
"chr4","4965930","4966219","chr8","105321748","105322037","60","100355818"
"chr4","4998729","4999009","chr12","89683096","89683386","61","84684367"
"chr4","5003242","5003478","chr1","205390596","205390862","66","200387354"
"chr4","5081909","5082044","chr1","22614360","22614489","24","17532451"
"chr4","5098809","5099110","chr2","161561066","161561375","61","156462257"
"chr4","5162325","5162611","chr1","171173294","171173582","60","166010969"
"chr4","5443498","5443803","chr5","110537880","110538173","72","105094382"
"chr4","5612049","5612164","chr7","63129024","63129132","29","57516975"
"chr4","5715419","5715727","chr4","22997946","22998207","70","17282527"
"chr4","5741167","5741466","chr5","59406520","59406821","56","53665353"
"chr4","5821063","5821353","chr22","37370285","37370577","60","31549222"
"chr4","5895735","5895877","chr13","36628140","36628274","42","30732405"
"chr4","5896140","5896283","chr12","11035256","11035394","21","5139116"
"chr4","6047169","6047455","chr7","70529533","70529824","56","64482364"
"chr4","6087662","6087937","chr10","15545104","15545372","82","9457442"
"chr4","6312939","6313022","chr2","71146304","71146385","17","64833365"
"chr4","6487886","6488091","chr5","78842041","78842234","45","72354155"
"chr4","6650579","6650701","chr1","9817600","9817721","19","3167021"
"chr4","6745370","6745499","chr14","93410979","93411109","21","86665609"
"chr4","6804700","6804983","chr1","92174125","92174415","62","85369425"
"chr4","6869083","6869350","chr4","21813307","21813603","55","14944224"
"chr4","6921474","6921757","chr9","106173665","106173947","48","99252191"
"chr4","6979152","6979419","chr10","5139322","5139600","71","1839830"
"chr4","6986683","6986971","chr9","107213490","107213791","67","100226807"
"chr4","6998606","6998783","chr7","6627094","6627272","39","371512"
"chr4","7077553","7077652","chr10","59940804","59940901","26","52863251"
"chr4","7079126","7079454","chr15","51049264","51049568","76","43970138"
"chr4","7080613","7080899","chr4","21609243","21609510","52","14528630"
"chr4","7083711","7083986","chr4","21602892","21603183","47","14519181"
"chr4","7094676","7094952","chr1","90249678","90249953","56","83155002"
"chr4","7124595","7124731","chr7","58239646","58239772","30","51115051"
"chr4","7161537","7161710","chr4","159637298","159637470","39","152475761"
"chr4","7161992","7162119","chr14","96931543","96931667","24","89769551"
"chr4","7173527","7173839","chr1","173965131","173965437","69","166791604"
"chr4","7241816","7242118","chr21","50126062","50126364","62","42884246"
"chr4","7256909","7257032","chr9","65816955","65817079","12","58560046"
"chr4","7308154","7308260","chr10","59940804","59940901","24","52632650"
"chr4","7309524","7309717","chrX","39905781","39905954","47","32596257"
"chr4","7310054","7310184","chr10","98492248","98492377","19","91182194"
"chr4","7381701","7382001","chr4","21302753","21303029","62","13921052"
"chr4","7496917","7496989","chrUn_GL286557","117","187","12","7496800"
"chr4","7532742","7532887","chr17","73250584","73250724","28","65717842"
"chr4","7533186","7533347","chr8","85507522","85507687","33","77974336"
"chr4","7542169","7542476","chr7","151690932","151691249","74","144148763"
"chr4","7554704","7554874","chr5","129861216","129861385","38","122306512"
"chr4","7567294","7567413","chr7","74897348","74897465","13","67330054"
"chr4","7681981","7682243","chr4","21010565","21010794","58","13328584"
"chr4","7699053","7699342","chr4","20988397","20988680","30","13289344"
"chr4","7750395","7750705","chr4","20850908","20851195","60","13100513"
"chr4","7791488","7791794","chr4","20800635","20800919","59","13009147"
"chr4","7883279","7883532","chr18","26564615","26564884","70","18681336"
"chr4","7994155","7994442","chr4","20583940","20584210","53","12589785"
"chr4","8136853","8137176","chr4","20411888","20412206","37","12275035"
"chr4","8303076","8303394","chr4","20266772","20267087","56","11963696"
"chr4","8325574","8325811","chr8","4141665","4141912","54","4183909"
"chr4","8348724","8348848","chr9","85393340","85393464","22","77044616"
"chr4","8367189","8367468","chr4","20202557","20202833","41","11835368"
"chr4","8449941","8450227","chr4","20132963","20133268","57","11683022"
"chr4","8918824","8918945","chr10","126065906","126066026","20","117147082"
"chr4","9097476","9097785","chr18","1723868","1724182","79","7373608"
"chr4","9200489","9200792","chr3","39544873","39545188","69","30344384"
"chr4","9665060","9665140","chr1","153537514","153537596","14","143872454"
"chr4","9772165","9772462","chr4","18923740","18924025","33","9151575"
"chr4","10060363","10060626","chr4","18657306","18657600","61","8596943"
"chr4","10236229","10236532","chr2","9671919","9672214","71","564310"
"chr4","10381653","10381945","chrX","117430804","117431094","65","107049151"
"chr4","10440618","10440872","chr4","18332952","18333207","24","7892334"
"chr4","10460269","10460386","chr7","99853344","99853456","23","89393075"
"chr4","10460676","10460825","chr3","34139","34290","41","10426537"
"chr4","10484013","10484243","chr11","76528645","76528886","62","66044632"
"chr4","10490399","10490521","chr21","45537068","45537190","12","35046669"
"chr4","10493581","10493699","chr7","154063464","154063583","20","143569883"
"chr4","10595086","10595209","chr8","106305629","106305752","23","95710543"
"chr4","10611076","10611366","chr7","58488273","58488574","51","47877197"
"chr4","10612217","10612417","chr9","107456252","107456436","58","96844035"
"chr4","10612717","10612845","chr15","67099840","67099965","24","56487123"
"chr4","10621143","10621393","chr12","26616973","26617230","68","15995830"
"chr4","10683692","10683820","chr22","6584280","6584408","25","4099412"
"chr4","10684131","10684327","chrX","18038660","18038852","56","7354529"
"chr4","10701103","10701403","chr4","18118100","18118399","78","7416997"
"chr4","10725567","10725880","chr2","13987385","13987695","63","3261818"
"chr4","10730520","10730721","chr4","18034115","18034308","32","7303595"
"chr4","10762129","10762424","chr3","93714336","93714627","66","82952207"
"chr4","10868824","10868959","chr20","35704842","35704971","30","24836018"
"chr4","10964984","10965275","chr4","17819065","17819358","34","6854081"
"chr4","11090846","11091135","chr12","113797487","113797776","54","102706641"
"chr4","11148043","11148345","chrX","62357526","62357821","63","51209483"
"chr4","11187144","11187456","chr18","26665640","26665940","89","15478496"
"chr4","11316272","11316403","chr1","41377894","41378028","21","30061622"
"chr4","11436335","11436446","chr20","3995277","3995385","18","7441058"
"chr4","11436473","11436632","chr2","63618419","63618575","34","52181946"
"chr4","11783496","11783673","chr2","125066199","125066371","38","113282703"
"chr4","11818577","11818716","chr12","11035256","11035394","21","783321"
"chr4","12155061","12155345","chr4","16739104","16739379","60","4584043"
"chr4","12423620","12423688","chr2","17512473","17512542","10","5088853"
"chr4","12443482","12443771","chr5","38096576","38096865","63","25653094"
"chr4","12444704","12444998","chr4","16462057","16462343","44","4017353"
"chr4","12489243","12489557","chr7","78050188","78050503","64","65560945"
"chr4","12551996","12552179","chr22","27442785","27442964","40","14890789"
"chr4","12552208","12552329","chr2","193532314","193532427","19","180980106"
"chr4","12586451","12586570","chr10","9062820","9062938","17","3523631"
"chr4","12617894","12618102","chr2","12305677","12305867","57","312217"
"chr4","12643434","12643759","chr13","8828075","8828397","81","3815359"
"chr4","12755009","12755295","chr4","16197460","16197751","48","3442451"
"chr4","12960645","12960930","chr4","15998862","15999131","46","3038217"
"chr4","13081681","13081931","chr1","187358105","187358339","67","174276424"
"chr4","13116435","13116726","chr4","15838907","15839195","35","2722472"
"chr4","13157144","13157446","chr4","15796162","15796460","48","2639018"
"chr4","13191009","13191315","chr4","15765436","15765750","46","2574427"
"chr4","13229421","13229725","chr4","15727579","15727876","55","2498158"
"chr4","13263962","13264245","chr1","155615330","155615616","63","142351368"
"chr4","13322605","13322899","chr4","15635256","15635558","37","2312651"
"chr4","13449372","13449580","chr4","15499442","15499652","33","2050070"
"chr4","13569795","13570084","chr2","17546997","17547294","56","3977202"
"chr4","13586397","13586614","chr2","5964457","5964681","61","7621940"
"chr4","13625180","13625310","chr2","11695570","11695700","18","1929610"
"chr4","13625315","13625610","chr4","15204916","15205205","52","1579601"
"chr4","13626964","13627251","chr4","15206411","15206689","44","1579447"
"chr4","13653966","13654281","chr4","15234522","15234828","52","1580556"
"chr4","13752128","13752414","chr4","15325297","15325579","46","1573169"
"chr4","13753952","13754230","chr4","15327124","15327422","57","1573172"
"chr4","13809555","13809829","chr1","98661620","98661898","62","84852065"
"chr4","13892666","13892820","chr2","16500965","16501119","31","2608299"
"chr4","13965506","13965703","chr3","190346321","190346506","61","176380815"
"chr4","13965987","13966105","chr9","107943149","107943266","16","93977162"
"chr4","14012333","14012626","chr20","22090201","22090496","61","8077868"
"chr4","14083733","14083861","chr3","137802923","137803047","22","123719190"
"chr4","14120397","14120697","chr7","97730148","97730448","49","83609751"
"chr4","14132824","14133121","chr2","10830367","10830666","61","3302457"
"chr4","14133808","14134096","chr1","73469574","73469872","65","59335766"
"chr4","14174974","14175093","chr9","65816955","65817079","19","51641981"
"chr4","14339990","14340095","chr4","14615452","14615556","9","275462"
"chr4","14354399","14354686","chr14","65803189","65803472","54","51448790"
"chr4","14372973","14373256","chr4","14575371","14575654","41","202398"
"chr4","14485185","14485461","chr4","14465633","14465897","43","19552"
"chr4","14555529","14555701","chr12","19289136","19289299","47","4733607"
"chr4","14670474","14670768","chr4","14293410","14293708","57","377064"
"chr4","14683519","14683796","chr4","14281212","14281491","28","402307"
"chr4","14977540","14977829","chr4","13990251","13990539","45","987289"
"chr4","14982719","14983020","chr7","10005546","10005847","60","4977173"
"chr4","15057698","15057885","chr4","13905921","13906107","30","1151777"
"chr4","15076295","15076580","chr4","13886492","13886779","51","1189803"
"chr4","15138281","15138579","chr4","13822586","13822875","45","1315695"
"chr4","15180626","15180684","chr7","44594095","44594156","15","29413469"
"chr4","15210087","15210214","chr5","127901579","127901706","19","112691492"
"chr4","15225936","15226075","chr20","3034685","3034821","28","12191251"
"chr4","15258928","15259244","chr21","46955305","46955611","61","31696377"
"chr4","15267278","15267349","chr4","105689375","105689447","14","90422097"
"chr4","15308636","15308942","chr4","13667055","13667352","36","1641581"
"chr4","15325717","15325809","chrX","43072109","43072204","21","27746392"
"chr4","15376465","15376770","chr7","150507214","150507511","62","135130749"
"chr4","15385163","15385454","chr4","13600764","13601061","38","1784399"
"chr4","15408688","15408761","chr5","63517019","63517090","16","48108331"
"chr4","15433700","15433983","chr7","12994058","12994340","73","2439642"
"chr4","15438978","15439290","chr15","32840949","32841254","71","17401971"
"chr4","15507684","15507799","chr7","30215462","30215575","21","14707778"
"chr4","15517364","15517656","chr22","15764310","15764604","64","246946"
"chr4","15518721","15518842","chr1","202769733","202769856","23","187251012"
"chr4","15529637","15529758","chr3","165848458","165848581","17","150318821"
"chr4","15565281","15565413","chr5","36121312","36121444","21","20556031"
"chr4","15577803","15578102","chr1","201757442","201757742","73","186179639"
"chr4","15612422","15612699","chr6","135462321","135462587","83","119849899"
"chr4","15623763","15624032","chr8","69256600","69256869","69","53632837"
"chr4","15935106","15935395","chr4","24919137","24919440","45","8984031"
"chr4","16010244","16010364","chr2","1983485","1983615","20","14026759"
"chr4","16128773","16129065","chr15","82901630","82901926","73","66772857"
"chr4","16186463","16186768","chr4","12716425","12716711","58","3470038"
"chr4","16239288","16239596","chr10","120923334","120923624","73","104684046"
"chr4","16300224","16300552","chr4","12663761","12664092","39","3636463"
"chr4","16356383","16356667","chr4","12609424","12609725","55","3746959"
"chr4","16415876","16416171","chr4","26008384","26008680","46","9592508"
"chr4","16432108","16432414","chr4","25991446","25991739","48","9559338"
"chr4","16505972","16506120","chr2","126284285","126284430","42","109778313"
"chr4","16514197","16514255","chr4","32848789","32848847","10","16334592"
"chr4","16551737","16552021","chr4","12383694","12383966","46","4168043"
"chr4","16596327","16596464","chr2","170813628","170813760","24","154217301"
"chr4","16629218","16629519","chr4","12302062","12302356","43","4327156"
"chr4","16673323","16673600","chr4","12252843","12253121","33","4420480"
"chr4","16717268","16717534","chr4","12206745","12207025","61","4510523"
"chr4","16725469","16725601","chr2","79253996","79254126","26","62528527"
"chr4","16944609","16944919","chr4","11978110","11978421","42","4966499"
"chr4","16993697","16993869","chr4","11928054","11928227","22","5065643"
"chr4","17027482","17027771","chr9","111867347","111867609","74","94839865"
"chr4","17028240","17028325","chrX","71620367","71620445","27","54592127"
"chr4","17033888","17034041","chr4","21762556","21762704","36","4728668"
"chr4","17111970","17112270","chr4","11800658","11800971","46","5311312"
"chr4","17114835","17115110","chr4","11797366","11797621","55","5317469"
"chr4","17240448","17240748","chr7","97730148","97730448","53","80489700"
"chr4","17462401","17462686","chrX","138043135","138043421","45","120580734"
"chr4","17534347","17534463","chr4","11388620","11388734","21","6145727"
"chr4","17564384","17564684","chr14","20102351","20102644","65","2537967"
"chr4","17715408","17715569","chr14","51841958","51842119","43","34126550"
"chr4","17746522","17746658","chr4","10682357","10682488","26","7064165"
"chr4","17789006","17789289","chr8","96342338","96342624","71","78553332"
"chr4","17872438","17872749","chr2","138027451","138027756","58","120155013"
"chr4","17898707","17898992","chr2","9805060","9805337","62","8093647"
"chr4","17898993","17899137","chr7","57359333","57359475","30","39460340"
"chr4","17943625","17943748","chr6","83801747","83801869","13","65858122"
"chr4","17953644","17953954","chrX","122434270","122434575","60","104480626"
"chr4","18024831","18025066","chr5","10492228","10492470","64","7532603"
"chr4","18061061","18061315","chr11","64678120","64678365","63","46617059"
"chr4","18074755","18075015","chr12","109917903","109918154","71","91843148"
"chr4","18180191","18180316","chr17","18697273","18697397","21","517082"
"chr4","18197599","18197892","chr22","3459208","3459508","55","14738391"
"chr4","18215381","18215604","chr4","10814972","10815196","26","7400409"
"chr4","18215613","18215772","chr10","74699647","74699806","29","56484034"
"chr4","18231793","18232105","chr12","87539499","87539795","65","69307706"
"chr4","18303963","18304094","chr11","60256130","60256265","23","41952167"
"chr4","18306301","18306601","chr8","89578609","89578895","67","71272308"
"chr4","18312383","18312510","chr9","12184805","12184929","15","6127578"
"chr4","18348232","18348367","chr4","10682357","10682488","19","7665875"
"chr4","18357871","18358007","chr10","118643704","118643827","29","100285833"
"chr4","18407733","18407987","chr14","98474406","98474660","54","80066673"
"chr4","18411894","18412178","chr16","53183885","53184163","64","34771991"
"chr4","18457927","18458051","chr9","65816955","65817079","19","47359028"
"chr4","18466537","18466802","chr4","10579433","10579689","37","7887104"
"chr4","18518929","18519227","chr4","10542018","10542297","64","7976911"
"chr4","18552010","18552211","chr1","151084679","151084867","50","132532669"
"chr4","18581006","18581296","chr2","8000025","8000324","72","10580981"
"chr4","18684972","18685106","chr5","59575820","59575950","25","40890848"
"chr4","18696843","18697128","chr4","10363400","10363684","45","8333443"
"chr4","18703217","18703486","chrX","86939729","86939984","67","68236512"
"chr4","18711573","18711836","chr4","104860719","104860990","61","86149146"
"chr4","18712336","18712460","chr7","148747510","148747633","20","130035174"
"chr4","18728497","18728802","chrX","102595259","102595568","58","83866762"
"chr4","18735669","18735953","chr12","11643416","11643705","61","7092253"
"chr4","18747117","18747411","chr14","59275312","59275604","74","40528195"
"chr4","18748081","18748355","chr12","110410134","110410408","71","91662053"
"chr4","18749903","18750208","chr1","142549323","142549618","69","123799420"
"chr4","18765622","18765922","chr4","10292431","10292724","52","8473191"
"chr4","18900619","18900850","chr11","60147414","60147621","54","41246795"
"chr4","18929463","18929543","chr17","63493060","63493137","22","44563597"
"chr4","19354649","19354928","chr4","9692268","9692534","48","9662381"
"chr4","19362560","19362649","chr4","9683061","9683150","14","9679499"
"chr4","19415519","19415825","chr7","151690932","151691249","56","132275413"
"chr4","19509392","19509650","chr4","9516669","9516921","46","9992723"
"chr4","19940327","19940622","chr12","98692241","98692535","59","78751914"
"chr4","20017268","20017557","chr4","130200734","130201024","65","110183466"
"chr4","20150915","20151230","chr9","42569821","42570130","69","22418906"
"chr4","20302315","20302544","chr5","113638116","113638349","53","93335801"
"chr4","20315657","20315773","chr9","95266599","95266719","23","74950942"
"chr4","20509494","20509756","chr14","65622887","65623156","61","45113393"
"chr4","20518872","20519215","chr15","94916304","94916623","79","74397432"
"chr4","20551063","20551390","chr4","8360093","8360391","64","12190970"
"chr4","20640789","20640947","chr2","14751458","14751615","32","5889331"
"chr4","20640976","20641095","chr1","158983184","158983299","22","138342208"
"chr4","20665557","20665708","chr7","20201000","20201149","40","464557"
"chr4","20665736","20665863","chr7","46825878","46826002","24","26160142"
"chr4","20713947","20714117","chr19","36311846","36312020","42","15597899"
"chr4","20741211","20741344","chr8","74366698","74366822","24","53625487"
"chr4","20741644","20741799","chr19","25516637","25516792","37","4774993"
"chr4","20804559","20804643","chr4","8093698","8093782","6","12710861"
"chr4","20812117","20812285","chr2","3526673","3526849","47","17285444"
"chr4","20821457","20821741","chr9","103983537","103983823","71","83162080"
"chr4","20884385","20884632","chr1","76642067","76642317","53","55757682"
"chr4","20904563","20904670","chr2","131948485","131948588","25","111043922"
"chr4","20927105","20927239","chr8","11520784","11520916","24","9406321"
"chr4","21062294","21062463","chr8","114499825","114500000","43","93437531"
"chr4","21114765","21115080","chr7","57399106","57399413","71","36284341"
"chr4","21139824","21139959","chr3","150467906","150468042","28","129328082"
"chr4","21221027","21221156","chr2","128921321","128921443","18","107700294"
"chr4","21221652","21221766","chr6","115121226","115121350","27","93899574"
"chr4","21224598","21224726","chr1","22614360","22614489","20","1389762"
"chr4","21353050","21353373","chr4","7558626","7558924","68","13794424"
"chr4","21355944","21356229","chr9","17260366","17260644","56","4095578"
"chr4","21365212","21365504","chr4","7543697","7544002","58","13821515"
"chr4","21381721","21382014","chr1","79700662","79700955","63","58318941"
"chr4","21466452","21466745","chr2","10110504","10110773","82","11355948"
"chr4","21650998","21651291","chr4","7202517","7202798","52","14448481"
"chr4","21689106","21689410","chr15","32840949","32841254","58","11151843"
"chr4","21715722","21715999","chr4","7134583","7134857","61","14581139"
"chr4","21808521","21808812","chr4","7039630","7039924","48","14768891"
"chr4","21881538","21881784","chr5","100210662","100210902","60","78329124"
"chr4","22025983","22026263","chr2","56197451","56197724","59","34171468"
"chr4","22038141","22038446","chr14","80754932","80755229","54","58716791"
"chr4","22118456","22118737","chr18","37231216","37231490","62","15112760"
"chr4","22171918","22172223","chr2","15934375","15934678","69","6237543"
"chr4","22198816","22198986","chr1","186568722","186568874","45","164369906"
"chr4","22199070","22199252","chr4","5870907","5871076","48","16328163"
"chr4","22363642","22363930","chr20","7228882","7229179","58","15134760"
"chr4","22377367","22377640","chr2","110911723","110911992","66","88534356"
"chr4","22379925","22380210","chr4","6465886","6466166","44","15914039"
"chr4","22626243","22626512","chr2","7657045","7657305","65","14969198"
"chr4","23097161","23097424","chr3","70418623","70418875","67","47321462"
"chr4","23158838","23159132","chr13","40050342","40050639","62","16891504"
"chr4","23164214","23164510","chr4","5654417","5654689","75","17509797"
"chr4","23357469","23357602","chr2","170813628","170813760","21","147456159"
"chr4","23421550","23421663","chr4","5400445","5400555","18","18021105"
"chr4","23864365","23864653","chr4","5030483","5030765","45","18833882"
"chr4","23885209","23885355","chr4","5006325","5006469","16","18878884"
"chr4","24363309","24363438","chr6","49874159","49874291","33","25510850"
"chr4","24723540","24723666","chr4","4240621","4240746","17","20482919"
"chr4","24786869","24787158","chr13","15311932","15312216","57","9474937"
"chr4","24836483","24836758","chr5","92779738","92780016","67","67943255"
"chr4","24846866","24846969","chr21","22207949","22208055","27","2638917"
"chr4","24957909","24958170","chr1","193722242","193722500","56","168764333"
"chr4","24975009","24975288","chr4","4006813","4007095","38","20968196"
"chr4","24984191","24984415","chr2","15505041","15505264","70","9479150"
"chr4","25024307","25024440","chr4","3949175","3949307","18","21075132"
"chr4","25089373","25089436","chr22","32226679","32226744","15","7137306"
"chr4","25184563","25184789","chr19","38207840","38208066","54","13023277"
"chr4","25222470","25222544","chr8","11472709","11472779","16","13749761"
"chr4","25245162","25245287","chr6","14754971","14755097","17","10490191"
"chr4","25251156","25251283","chr8","114427808","114427934","25","89176652"
"chr4","25274254","25274558","chr4","16462057","16462343","66","8812197"
"chr4","25319546","25319835","chr17","64416945","64417235","65","39097399"
"chr4","25330213","25330484","chr8","11805106","11805390","60","13525107"
"chr4","25379343","25379625","chr4","37613653","37613939","57","12234310"
"chr4","25389192","25389489","chr4","3586844","3587142","36","21802348"
"chr4","25418849","25419163","chr4","3557568","3557853","64","21861281"
"chr4","25570462","25570749","chr4","3450825","3451100","68","22119637"
"chr4","25619346","25619587","chr5","10870058","10870293","56","14749288"
"chr4","25645512","25645847","chr4","3375569","3375884","55","22269943"
"chr4","25679106","25679392","chr10","43935296","43935566","64","18256190"
"chr4","25828914","25828987","chr8","4573208","4573272","22","21255706"
"chr4","25874573","25874859","chr11","19220257","19220544","69","6654316"
"chr4","25916335","25916646","chr4","2769339","2769653","57","23146996"
"chr4","25976954","25977239","chr19","15342671","15342963","67","10634283"
"chr4","25992758","25992841","chr7","4390344","4390426","19","21602414"
"chr4","26017826","26017957","chr11","96832037","96832164","28","70814211"
"chr4","26374643","26374776","chr1","205210342","205210473","22","178835699"
"chr4","26515500","26515809","chr5","140459961","140460270","58","113944461"
"chr4","26627989","26628270","chr4","2373644","2373928","50","24254345"
"chr4","26647577","26647751","chr10","99272754","99272926","42","72625177"
"chr4","26800627","26800867","chr17","34168894","34169131","78","7368267"
"chr4","26803229","26803374","chr3","99417427","99417560","43","72614198"
"chr4","26803682","26803828","chr15","48878694","48878831","47","22075012"
"chr4","26878521","26878792","chr11","120608722","120609012","64","93730201"
"chr4","26977597","26977708","chr5","94818021","94818132","18","67840424"
"chr4","26990057","26990346","chr15","72117858","72118150","59","45127801"
"chr4","27015554","27015667","chr4","2076059","2076168","19","24939495"
"chr4","27028507","27028808","chr4","2058879","2059181","73","24969628"
"chr4","27085013","27085306","chr15","72117858","72118150","61","45032845"
"chr4","27110171","27110259","chr4","2036941","2037032","16","25073230"
"chr4","27119385","27119505","chr5","44646079","44646202","19","17526694"
"chr4","27159691","27159999","chr4","71926328","71926622","85","44766637"
"chr4","27258059","27258341","chr3","186163013","186163302","66","158904954"
"chr4","27699541","27699668","chr1","121147274","121147392","35","93447733"
"chr4","27699970","27700002","chr13","95468876","95468911","14","67768906"
"chr4","27743247","27743402","chr18","9327614","9327757","33","18415633"
"chr4","27820515","27820640","chr9","65816955","65817079","22","37996440"
"chr4","28011768","28011993","chr5","107069532","107069765","75","79057764"
"chr4","28172611","28172914","chr1","170675569","170675857","65","142502958"
"chr4","28221128","28221436","chr12","55980536","55980844","71","27759408"
"chr4","28247409","28247639","chr4","1096033","1096273","55","27151376"
"chr4","28295259","28295316","chrX","107723124","107723180","10","79427865"
"chr4","28295843","28295922","chr5","82589450","82589522","20","54293607"
"chr4","28300920","28301212","chr1","202793076","202793380","74","174492156"
"chr4","28313044","28313359","chr9","92861664","92861949","89","64548620"
"chr4","28532668","28532935","chrX","46700762","46701035","62","18168094"
"chr4","28612400","28612537","chr1","180762759","180762888","30","152150359"
"chr4","28664821","28665110","chr14","99471702","99472002","51","70806881"
"chr4","28689533","28689719","chr2","81380059","81380251","57","52690526"
"chr4","28759832","28760135","chr15","28103035","28103322","80","656797"
"chr4","28833156","28833315","chr4","614927","615094","31","28218229"
"chr4","28883062","28883354","chr22","10245410","10245690","81","18637652"
"chr4","28913751","28913879","chr14","53129496","53129624","27","24215745"
"chr4","28963946","28964261","chr15","57058522","57058823","67","28094576"
"chr4","29039171","29039475","chr8","112996641","112996930","64","83957470"
"chr4","29074584","29074706","chr9","101275237","101275361","22","72200653"
"chr4","29162548","29162854","chr13","16135709","16136007","71","13026839"
"chr4","29441262","29441340","chr21","47461495","47461573","22","18020233"
"chr4","29447728","29448005","chr9","40268613","40268887","58","10820885"
"chr4","29555902","29556032","chr22","45119087","45119217","19","15563185"
"chr4","29804698","29804833","chr11","28044866","28045001","18","1759832"
"chr4","30027197","30027336","chr10","47225571","47225710","25","17198374"
"chr4","30028632","30028926","chr14","36457155","36457448","56","6428523"
"chr4","30052380","30052643","chr1","76642067","76642317","72","46589687"
"chr4","30120360","30120510","chr22","31296093","31296252","43","1175733"
"chr4","30220774","30220895","chr12","13754352","13754471","22","16466422"
"chr4","30240680","30240991","chr5","99326836","99327142","80","69086156"
"chr4","30436626","30436934","chr7","51662074","51662375","74","21225448"
"chr4","30460065","30460357","chr12","29307648","29307948","77","1152417"
"chr4","30498115","30498428","chr10","31053310","31053623","79","555195"
"chr4","30511388","30511487","chr17","67620685","67620781","25","37109297"
"chr4","30629316","30629624","chr8","75873726","75874038","76","45244410"
"chr4","30737798","30738126","chr4","30343598","30343909","83","394200"
"chr4","30891673","30891988","chr10","16318674","16318965","75","14572999"
"chr4","31104741","31104862","chr9","65816955","65817079","23","34712214"
"chr4","31172594","31172717","chr8","97349961","97350081","25","66177367"
"chr4","31196622","31196741","chr6","31167603","31167720","29","29019"
"chr4","31229641","31229772","chr1","173367690","173367818","23","142138049"
"chr4","31231366","31231682","chr1","21430763","21431070","69","9800603"
"chr4","31231954","31232088","chr3","5772032","5772168","44","25459922"
"chr4","31232389","31232522","chr11","27993807","27993940","25","3238582"
"chr4","31273389","31273670","chr5","144162498","144162784","61","112889109"
"chr4","31281384","31281674","chr5","77812777","77813055","81","46531393"
"chr4","31297443","31297741","chr19","26663505","26663817","69","4633938"
"chr4","31327508","31327799","chr4","31045089","31045383","34","282419"
"chr4","31382202","31382367","chr1","167067586","167067746","36","135685384"
"chr4","31382680","31382815","chr1","118529934","118530068","24","87147254"
"chr4","31397082","31397360","chr4","31113391","31113644","63","283691"
"chr4","31446714","31446826","chr4","31162259","31162368","24","284455"
"chr4","31464533","31464852","chr7","65645212","65645513","76","34180679"
"chr4","31476449","31476746","chr14","36457155","36457448","60","4980706"
"chr4","31485950","31486075","chr11","14544890","14545010","25","16941060"
"chr4","31489966","31490259","chr3","149104058","149104353","61","117614092"
"chr4","31496742","31497000","chr4","31217851","31218108","43","278891"
"chr4","31497128","31497296","chr10","55574605","55574778","45","24077477"
"chr4","31508536","31508839","chr4","31230215","31230514","53","278321"
"chr4","31533304","31533614","chr4","31255405","31255695","50","277899"
"chr4","31572978","31573140","chr17","7177552","7177717","38","24395426"
"chr4","31732694","31732991","chr5","106251952","106252249","57","74519258"
"chr4","31768744","31769081","chr3","39544873","39545188","83","7776129"
"chr4","31790731","31790862","chr1","202756427","202756559","23","170965696"
"chr4","31819614","31819725","chr16","32689512","32689623","15","869898"
"chr4","31820039","31820245","chr14","73932723","73932901","60","42112684"
"chr4","32154066","32154261","chr9","11469598","11469769","56","20684468"
"chr4","32180652","32180827","chr5","79470509","79470673","49","47289857"
"chr4","32189159","32189334","chr5","79470509","79470673","45","47281350"
"chr4","32285546","32285632","chr4","31053087","31053169","23","1232459"
"chr4","32290424","32290553","chr1","137317635","137317763","24","105027211"
"chr4","32375715","32375836","chr4","32000311","32000437","22","375404"
"chr4","32392893","32393167","chr4","32062365","32062643","46","330528"
"chr4","32413163","32413404","chr2","39361745","39361988","56","6948582"
"chr4","32448189","32448300","chr15","1165577","1165683","25","31282612"
"chr4","32453643","32453902","chr4","32135843","32136102","42","317800"
"chr4","32494274","32494377","chr2","56299504","56299605","23","23805230"
"chr4","32494672","32494695","chr16","2370436","2370463","9","30124236"
"chr4","32638897","32639180","chr4","32341542","32341832","49","297355"
"chr4","32655129","32655305","chr11","62887566","62887739","40","30232437"
"chr4","32673458","32673703","chr15","3765466","3765711","62","28907992"
"chr4","32682852","32683002","chr2","35963527","35963666","33","3280675"
"chr4","32683309","32683454","chr1","186568722","186568874","35","153885413"
"chr4","32715102","32715225","chr4","32413693","32413815","14","301409"
"chr4","32722355","32722473","chr4","106435481","106435597","29","73713126"
"chr4","32861410","32861766","chr4","32567754","32568065","66","293656"
"chr4","33107278","33107431","chr11","66357851","66358009","44","33250573"
"chr4","33107734","33107880","chr1","102188482","102188614","30","69080748"
"chr4","33111922","33112221","chr4","32841503","32841791","38","270419"
"chr4","33234743","33235034","chr4","160585765","160586050","57","127351022"
"chr4","33600011","33600305","chr7","70529533","70529824","66","36929522"
"chr4","33631444","33631749","chr4","33652164","33652466","47","20720"
"chr4","33698441","33698674","chr4","33713292","33713540","47","14851"
"chr4","33723510","33723802","chr12","89683096","89683386","57","55959586"
"chr4","33779594","33779870","chr7","59376036","59376328","64","25596442"
"chr4","33869036","33869355","chr4","33880594","33880878","68","11558"
"chr4","33873883","33874012","chr4","33883539","33883671","14","9656"
"chr4","33874251","33874534","chr4","33883873","33884161","52","9622"
"chr4","34000002","34000200","chr1","98845365","98845568","44","64845363"
"chr4","34062759","34062881","chr8","107251569","107251691","21","73188810"
"chr4","34090884","34091050","chr7","8646198","8646368","31","25444686"
"chr4","34091076","34091187","chr2","8694044","8694161","23","25397032"
"chr4","34099752","34099853","chr10","8649865","8649966","25","25449887"
"chr4","34100158","34100266","chr12","53533404","53533513","18","19433246"
"chr4","34118535","34118763","chr12","4692569","4692807","64","29425966"
"chr4","34225280","34225374","chr10","17348534","17348624","21","16876746"
"chr4","34225680","34225907","chr5","55312710","55312929","66","21087030"
"chr4","34386298","34386633","chr5","89277897","89278214","81","54891599"
"chr4","34403132","34403256","chr13","7996055","7996163","37","26407077"
"chr4","34415018","34415236","chr6","154371141","154371357","47","119956123"
"chr4","34465426","34465715","chr20","7533162","7533444","53","26932264"
"chr4","34512009","34512290","chr1","194015120","194015405","71","159503111"
"chr4","34537222","34537337","chr17","18697273","18697397","24","15839949"
"chr4","34579938","34580221","chr4","34537117","34537369","67","42821"
"chr4","34616039","34616323","chr4","34576748","34577031","44","39291"
"chr4","34618913","34619189","chr4","34576748","34577031","50","42165"
"chr4","34631835","34632142","chr18","33187573","33187871","63","1444262"
"chr4","34638268","34638557","chr7","47467453","47467742","53","12829185"
"chr4","35114801","35115004","chr7","61388728","61388928","54","26273927"
"chr4","35121654","35121941","chr8","105321748","105322037","65","70200094"
"chr4","35123781","35123912","chr9","56024635","56024765","26","20900854"
"chr4","35132306","35132600","chr1","62869740","62870021","65","27737434"
"chr4","35134121","35134296","chr4","35137311","35137484","31","3190"
"chr4","35134418","35134695","chr4","35137624","35137907","40","3206"
"chr4","35158286","35158592","chr15","57058522","57058823","61","21900236"
"chr4","35216310","35216614","chr4","35219486","35219810","56","3176"
"chr4","35249193","35249479","chr5","31380179","31380467","81","3869014"
"chr4","35255066","35255352","chr9","103525515","103525797","61","68270449"
"chr4","35293211","35293460","chr1","156170883","156171146","60","120877672"
"chr4","35375172","35375302","chr4","35394758","35394888","15","19586"
"chr4","35511957","35512212","chr7","122885667","122885928","57","87373710"
"chr4","35523579","35523828","chr2","148568747","148569001","58","113045168"
"chr4","35541875","35542002","chr9","65816955","65817079","21","30275080"
"chr4","35544850","35544992","chr10","11480819","11480952","32","24064031"
"chr4","35577115","35577403","chr4","35594503","35594786","55","17388"
"chr4","35592318","35592435","chr1","84875223","84875339","13","49282905"
"chr4","35614830","35615039","chr12","112939533","112939745","62","77324703"
"chr4","35615351","35615457","chr3","90494104","90494198","26","54878753"
"chr4","35617136","35617450","chr12","37567341","37567651","64","1950205"
"chr4","35646703","35646988","chr4","16462057","16462343","51","19184646"
"chr4","35662261","35662575","chr7","9508800","9509104","62","26153461"
"chr4","35686173","35686441","chr7","95168281","95168553","52","59482108"
"chr4","35695891","35696140","chr6","16310120","16310376","57","19385771"
"chr4","35715566","35715867","chr1","202762040","202762339","60","167046474"
"chr4","35750392","35750697","chr4","35755375","35755659","62","4983"
"chr4","35915897","35916216","chr15","72518938","72519246","62","36603041"
"chr4","36007545","36007836","chr7","70529533","70529824","52","34521988"
"chr4","36017417","36017680","chr20","21404321","21404577","59","14613096"
"chr4","36037332","36037642","chr4","36046895","36047198","35","9563"
"chr4","36043028","36043279","chr4","36052210","36052465","42","9182"
"chr4","36060584","36060708","chr9","65816955","65817079","14","29756371"
"chr4","36292167","36292469","chr5","4623319","4623616","60","31668848"
"chr4","36301049","36301352","chr4","36309653","36309963","40","8604"
"chr4","36319090","36319397","chr5","131527086","131527390","58","95207996"
"chr4","36344664","36344959","chrX","20607629","20607919","59","15737035"
"chr4","36348863","36349107","chr13","29202613","29202851","58","7146250"
"chr4","36369287","36369452","chr7","20926460","20926622","39","15442827"
"chr4","36388561","36388848","chr7","73222549","73222814","76","36833988"
"chr4","36395440","36395575","chr9","56024635","56024765","28","19629195"
"chr4","36439034","36439139","chr8","10635141","10635239","26","25803893"
"chr4","36439184","36439301","chr11","121368334","121368449","22","84929150"
"chr4","36446149","36446436","chr4","36473132","36473405","47","26983"
"chr4","36502900","36503019","chr4","36531500","36531618","14","28600"
"chr4","36503917","36504230","chr15","16072105","16072413","48","20431812"
"chr4","36528687","36529000","chr4","36555588","36555872","53","26901"
"chr4","36537279","36537581","chr4","36564192","36564487","33","26913"
"chr4","36564115","36564397","chr9","40154728","40155015","62","3590613"
"chr4","36566299","36566539","chr4","36592234","36592495","47","25935"
"chr4","36601566","36601750","chr5","124969971","124970141","52","88368405"
"chr4","36658175","36658438","chr4","36694578","36694832","55","36403"
"chr4","36702316","36702439","chr18","14848181","14848308","21","21854135"
"chr4","36729557","36729815","chr12","26700702","26700953","73","10028855"
"chr4","36735589","36735729","chr10","88773992","88774133","23","52038403"
"chr4","36764167","36764356","chr9","58584095","58584276","51","21819928"
"chr4","36765026","36765144","chr7","99853344","99853456","14","63088318"
"chr4","36771912","36772126","chr5","82783618","82783833","46","46011706"
"chr4","36783746","36783865","chr17","18697273","18697397","19","18086473"
"chr4","36806710","36807021","chr4","36829973","36830266","56","23263"
"chr4","36809949","36810196","chr1","64744179","64744432","71","27934230"
"chr4","36840471","36840592","chr2","7684770","7684896","22","29155701"
"chr4","36910432","36910722","chr7","70529533","70529824","60","33619101"
"chr4","36972207","36972529","chr2","18917278","18917580","74","18054929"
"chr4","36974575","36974728","chr3","85930800","85930953","36","48956225"
"chr4","36975011","36975042","chr13","54811828","54811851","13","17836817"
"chr4","36975333","36975465","chr15","22196676","22196805","23","14778657"
"chr4","36999954","37000000","chr5","97447344","97447389","9","60447390"
"chr4","37029698","37029985","chrX","7467968","7468260","69","29561730"
"chr4","37031896","37032184","chr4","37061357","37061651","54","29461"
"chr4","37091664","37091936","chr5","137246805","137247081","62","100155141"
"chr4","37098891","37099169","chr4","37133648","37133933","47","34757"
"chr4","37110821","37111084","chr4","37146448","37146728","44","35627"
"chr4","37144863","37145157","chr12","87539499","87539795","60","50394636"
"chr4","37161024","37161335","chr4","37199505","37199812","51","38481"
"chr4","37171148","37171409","chr4","37210320","37210580","38","39172"
"chr4","37184507","37184808","chr4","37222460","37222756","46","37953"
"chr4","37205997","37206295","chr4","37243713","37244007","42","37716"
"chr4","37268788","37269097","chr5","65110304","65110606","60","27841516"
"chr4","37331015","37331214","chr4","37396090","37396294","32","65075"
"chr4","37339164","37339247","chr14","3042098","3042180","14","34297066"
"chr4","37342214","37342340","chrUn_GL286397","117322","117446","22","37224892"
"chr4","37342385","37342571","chr2","5699250","5699423","49","31643135"
"chr4","37347388","37347685","chr4","37401226","37401526","50","53838"
"chr4","37361975","37362086","chr2","13754521","13754622","29","23607454"
"chr4","37386633","37386884","chr9","37480758","37481030","72","94125"
"chr4","37387086","37387339","chrX","107089070","107089312","57","69701984"
"chr4","37395811","37396117","chr12","84699755","84700062","55","47303944"
"chr4","37427207","37427488","chr4","37469618","37469913","55","42411"
"chr4","37442876","37443008","chr12","9152563","9152697","27","28290313"
"chr4","37443299","37443471","chr5","94028788","94028961","44","56585489"
"chr4","37478793","37479076","chr4","37518898","37519184","37","40105"
"chr4","37540042","37540316","chr12","106662781","106663052","58","69122739"
"chr4","37547108","37547183","chr17","67699277","67699352","13","30152169"
"chr4","37547779","37547906","chr9","42144589","42144713","21","4596810"
"chr4","37566066","37566375","chr4","37611379","37611673","62","45313"
"chr4","37616055","37616207","chr5","125139649","125139792","40","87523594"
"chr4","37616509","37616659","chr8","74092458","74092599","35","36475949"
"chr4","37619445","37619769","chr12","84132705","84133005","83","46513260"
"chr4","37668217","37668503","chr4","37720653","37720947","48","52436"
"chr4","37693117","37693402","chr2","68752876","68753162","59","31059759"
"chr4","37718882","37719201","chr2","62592689","62592984","69","24873807"
"chr4","37742036","37742311","chr4","37800698","37800955","42","58662"
"chr4","37753297","37753595","chr4","37811210","37811522","62","57913"
"chr4","37961262","37961550","chr7","19823889","19824175","62","18137373"
"chr4","37985616","37985751","chr9","21026329","21026464","23","16959287"
"chr4","38042484","38042616","chr8","105982638","105982771","41","67940154"
"chr4","38042919","38043062","chr4","44463564","44463694","27","6420645"
"chr4","38059599","38059904","chrX","7316921","7317229","61","30742678"
"chr4","38091701","38092013","chr2","10392032","10392324","102","27699669"
"chr4","38210294","38210433","chr4","38242375","38242513","14","32081"
"chr4","38216720","38216973","chr10","127537261","127537516","56","89320541"
"chr4","38235324","38235655","chr10","93110088","93110390","86","54874764"
"chr4","38419413","38419719","chr4","38467468","38467758","66","48055"
"chr4","38631619","38631913","chr4","38698274","38698568","36","66655"
"chr4","38669405","38669698","chr4","38738817","38739113","41","69412"
"chr4","38682385","38682672","chr4","38754056","38754342","57","71671"
"chr4","38704626","38704927","chr4","38774616","38774912","38","69990"
"chr4","38728421","38728694","chr3","186685732","186686009","54","147957311"
"chr4","38753211","38753381","chr1","33125170","33125327","52","5628041"
"chr4","38753593","38753738","chr8","11520784","11520916","32","27232809"
"chr4","38789284","38789525","chr2","21066441","21066684","67","17722843"
"chr4","38830046","38830335","chr7","59501772","59502067","59","20671726"
"chr4","38854160","38854230","chr1","65965245","65965317","14","27111085"
"chr4","38894486","38894768","chr15","70108564","70108852","70","31214078"
"chr4","38937809","38938105","chr22","41892794","41893087","71","2954985"
"chr4","39000001","39000106","chr10","29652461","29652558","21","9347540"
"chr4","39016331","39016634","chr9","53523121","53523415","54","14506790"
"chr4","39054982","39055113","chr10","27220287","27220416","24","11834695"
"chr4","39124579","39124923","chr4","39178820","39179156","63","54241"
"chr4","39155767","39155936","chr2","70117217","70117373","34","30961450"
"chr4","39156246","39156383","chr5","4469592","4469726","24","34686654"
"chr4","39236935","39237222","chr4","144731555","144731838","69","105494620"
"chr4","39269704","39269987","chr4","39327189","39327482","41","57485"
"chr4","39387537","39387661","chrX","40204042","40204168","18","816505"
"chr4","39478928","39479167","chr16","45933438","45933680","55","6454510"
"chr4","39479194","39479241","chr12","30884994","30885039","6","8594200"
"chr4","39527393","39527440","chr2","11487153","11487195","11","28040240"
"chr4","39538198","39538499","chr4","39546411","39546714","33","8213"
"chr4","39614566","39614876","chr1","21430763","21431070","72","18183803"
"chr4","39660410","39660701","chr4","39665943","39666216","34","5533"
"chr4","39672997","39673294","chr5","106251952","106252249","55","66578955"
"chr4","39745269","39745576","chr4","39752375","39752655","61","7106"
"chr4","39754793","39755096","chr4","39761298","39761593","47","6505"
"chr4","39826449","39826721","chr14","63742115","63742384","71","23915666"
"chr4","39862742","39863019","chr4","39884622","39884934","62","21880"
"chr4","40638797","40639122","chr10","22636713","22637017","77","18002084"
"chr4","40719058","40719173","chr2","8605160","8605281","28","32113898"
"chr4","40896232","40896545","chr2","15633059","15633374","61","25263173"
"chr4","40919522","40919801","chr16","69364967","69365256","62","28445445"
"chr4","41219906","41220196","chr12","23568258","23568556","71","17651648"
"chr4","41846691","41846967","chr1","158046528","158046808","64","116199837"
"chr4","42062618","42062881","chr4","42284654","42284916","58","222036"
"chr4","42247601","42247913","chrX","68797941","68798246","66","26550340"
"chr4","42409274","42409544","chr5","108864858","108865125","66","66455584"
"chr4","42437351","42437504","chr12","51944281","51944413","38","9506930"
"chr4","42449717","42449944","chr7","51264417","51264640","54","8814700"
"chr4","42461831","42461954","chr17","18697273","18697397","21","23764558"
"chr4","42532802","42532934","chr19","6952953","6953082","21","35579849"
"chr4","42585753","42585873","chr4","42837857","42837980","17","252104"
"chr4","42641919","42642215","chr4","42903460","42903756","39","261541"
"chr4","42727805","42728105","chr4","42988363","42988654","61","260558"
"chr4","42804804","42805058","chr10","88657091","88657330","78","45852287"
"chr4","42825601","42825874","chr6","42074326","42074599","68","751275"
"chr4","42836504","42836781","chr2","201309763","201310040","63","158473259"
"chr4","42874292","42874431","chr12","11035256","11035394","27","31839036"
"chr4","42874733","42874888","chr10","99609234","99609397","36","56734501"
"chr4","42879771","42880025","chr20","12412751","12413009","54","30467020"
"chr4","42946559","42946676","chr7","30215462","30215575","19","12731097"
"chr4","42948385","42948505","chrUn_GL286217","106113","106229","21","42842272"
"chr4","42952051","42952345","chr4","43217620","43217895","53","265569"
"chr4","43031182","43031464","chr14","84715393","84715685","70","41684211"
"chr4","43039792","43039926","chr13","40267018","40267150","24","2772774"
"chr4","43076972","43077104","chrX","140664256","140664385","20","97587284"
"chr4","43086973","43087115","chr17","73250584","73250724","30","30163611"
"chr4","43087709","43087860","chr2","63618419","63618575","39","20530710"
"chr4","43110973","43111101","chr8","91375377","91375506","21","48264404"
"chr4","43264374","43264665","chr5","144162498","144162784","48","100898124"
"chr4","43405688","43405970","chr1","167872994","167873266","60","124467306"
"chr4","43557778","43558071","chr2","129413288","129413585","53","85855510"
"chr4","43563682","43563985","chr2","55200270","55200573","60","11636588"
"chr4","43617128","43617296","chr4","43880600","43880777","29","263472"
"chr4","43617332","43617602","chr15","56944629","56944917","79","13327297"
"chr4","43633875","43634092","chr4","31531118","31531304","72","12102757"
"chr4","43695604","43695938","chr22","2944554","2944866","85","40751050"
"chr4","43814321","43814491","chr17","48056948","48057120","37","4242627"
"chr4","43828252","43828386","chr1","185472360","185472497","31","141644108"
"chr4","43828981","43829130","chr20","6958920","6959075","29","36870061"
"chr4","43834004","43834291","chr14","36457155","36457448","57","7376849"
"chr4","43924631","43924922","chr4","44194916","44195228","54","270285"
"chr4","43954850","43955101","chr10","128285533","128285765","81","84330683"
"chr4","43997912","43998092","chr4","10508178","10508351","54","33489734"
"chr4","44015017","44015152","chr8","11520784","11520916","20","32494233"
"chr4","44039133","44039424","chr7","149433598","149433890","72","105394465"
"chr4","44070789","44070928","chr5","133327714","133327847","28","89256925"
"chr4","44070929","44071201","chr4","44368907","44369184","35","297978"
"chr4","44101742","44102057","chr4","37400860","37401174","64","6700882"
"chr4","44151628","44151907","chr9","84226861","84227152","69","40075233"
"chr4","44155169","44155348","chr10","6943810","6943995","39","37211359"
"chr4","44158320","44158483","chr10","74699647","74699806","28","30541327"
"chr4","44166636","44166897","chr2","9805060","9805337","63","34361576"
"chr4","44168862","44168995","chr4","44463564","44463694","17","294702"
"chr4","44186286","44186412","chr4","44484019","44484152","22","297733"
"chr4","44211648","44211774","chr2","140083589","140083713","16","95871941"
"chr4","44237620","44237688","chr6","18892982","18893049","11","25344638"
"chr4","44253389","44253693","chr12","36952591","36952886","53","7300798"
"chr4","44257597","44257903","chrX","40170539","40170849","62","4087058"
"chr4","44367852","44368117","chr5","43194707","43194975","54","1173145"
"chr4","44412244","44412375","chr4","44700678","44700811","8","288434"
"chr4","44430597","44430855","chr4","44716465","44716727","34","285868"
"chr4","44438387","44438700","chr4","44724576","44724891","33","286189"
"chr4","44440279","44440428","chr7","57359333","57359475","31","12919054"
"chr4","44484282","44484452","chr9","113345858","113346021","44","68861576"
"chr4","44484630","44484753","chr1","192440376","192440501","22","147955746"
"chr4","44619133","44619251","chr6","31167603","31167720","23","13451530"
"chr4","44623541","44623847","chr4","44900979","44901287","51","277438"
"chr4","44652544","44652856","chr4","44928253","44928530","63","275709"
"chr4","44668331","44668463","chr4","44946818","44946949","13","278487"
"chr4","44703709","44703840","chr1","81378006","81378132","36","36674297"
"chr4","44755543","44755674","chr19","6952953","6953082","31","37802590"
"chr4","44805679","44805808","chr4","45078486","45078617","16","272807"
"chr4","45090804","45091091","chr4","17055504","17055791","60","28035300"
"chr4","45122330","45122641","chr4","45336409","45336707","47","214079"
"chr4","45146614","45146930","chr2","13987385","13987695","72","31159229"
"chr4","45245187","45245491","chr4","45468112","45468399","54","222925"
"chr4","45258502","45258816","chr4","45483885","45484210","50","225383"
"chr4","45271244","45271553","chr2","8000025","8000324","52","37271219"
"chr4","45302112","45302245","chr5","133327714","133327847","21","88025602"
"chr4","45304957","45305082","chr5","82890481","82890603","16","37585524"
"chr4","45320980","45321290","chrX","107193280","107193586","72","61872300"
"chr4","45325955","45326090","chr3","149245179","149245310","28","103919224"
"chr4","45346848","45347147","chr1","14219165","14219469","58","31127683"
"chr4","45581015","45581142","chr5","35534219","35534343","19","10046796"
"chr4","45595960","45596272","chr4","45838806","45839104","48","242846"
"chr4","45618824","45619146","chr4","45860276","45860599","41","241452"
"chr4","45642301","45642598","chr4","45881423","45881708","73","239122"
"chr4","45926003","45926295","chr22","31802295","31802576","62","14123708"
"chr4","45986490","45986589","chrX","43072109","43072204","27","2914381"
"chr4","46035782","46036021","chr6","23986720","23986963","62","22049062"
"chr4","46139473","46139764","chr4","46397899","46398195","52","258426"
"chr4","46298669","46298797","chr5","94145493","94145621","23","47846824"
"chr4","46337173","46337280","chr2","59005504","59005608","21","12668331"
"chr4","46359901","46360194","chr1","193901621","193901899","71","147541720"
"chr4","46402331","46402448","chr7","63129024","63129132","25","16726693"
"chr4","46440233","46440512","chr4","46696796","46697069","39","256563"
"chr4","46459460","46459661","chr12","11855606","11855807","50","34603854"
"chr4","46472357","46472521","chr22","36702629","36702792","34","9769728"
"chr4","46472814","46472944","chr12","2233828","2233938","36","44238986"
"chr4","46495918","46496170","chr4","46751343","46751592","31","255425"
"chr4","47060420","47060634","chr4","47318896","47319115","41","258476"
"chr4","47071369","47071663","chr4","47330379","47330649","56","259010"
"chr4","47678502","47678800","chr4","48020535","48020829","36","342033"
"chr4","48127579","48127869","chr1","166931846","166932134","64","118804267"
"chr4","48242117","48242239","chr4","48621336","48621458","19","379219"
"chr4","48377241","48377502","chr18","28378203","28378459","66","19999038"
"chr4","48469410","48469695","chr9","102233046","102233336","69","53763636"
"chr4","48513275","48513407","chr4","48895943","48896072","24","382668"
"chr4","48554218","48554523","chr3","111189894","111190176","70","62635676"
"chr4","48579923","48580062","chr5","133601563","133601693","25","85021640"
"chr4","48581185","48581331","chr11","82041723","82041863","50","33460538"
"chr4","48581632","48581711","chr9","86068508","86068585","17","37486876"
"chr4","48630807","48631061","chr6","45133121","45133364","66","3497686"
"chr4","48712462","48712765","chr4","49113583","49113878","60","401121"
"chr4","49886760","49886893","chr3","65250236","65250367","26","15363476"
"chr4","50166541","50166836","chr1","175907848","175908144","69","125741307"
"chr4","50283610","50283701","chr5","92796249","92796333","27","42512639"
"chr4","50284000","50284178","chr22","5222520","5222691","51","45061480"
"chr4","50531644","50531851","chr4","50758769","50758982","41","227125"
"chr4","50549140","50549264","chr9","65816955","65817079","16","15267815"
"chr4","50584670","50584951","chr4","50809447","50809735","29","224777"
"chr4","50632097","50632339","chr13","36892680","36892913","68","13739417"
"chr4","50726123","50726450","chr8","70658484","70658788","76","19932361"
"chr4","51600886","51601007","chr7","46825878","46826002","24","4775008"
"chr4","52261108","52261165","chr17","74635537","74635595","12","22374429"
"chr4","52564612","52564732","chr4","52790298","52790409","22","225686"
"chr4","52616433","52616721","chr4","52851341","52851645","52","234908"
"chr4","52998272","52998568","chr4","39647768","39648069","64","13350504"
"chr4","53308090","53308404","chr4","53618669","53618978","54","310579"
"chr4","53338798","53338977","chr4","53651537","53651707","40","312739"
"chr4","53392943","53393112","chr5","83400224","83400389","29","30007281"
"chr4","53399458","53399723","chr13","36056001","36056281","78","17343457"
"chr4","53426988","53427274","chr4","53695104","53695391","43","268116"
"chr4","53613484","53613792","chr14","80754932","80755229","64","27141448"
"chr4","53847199","53847489","chr5","121237736","121238019","61","67390537"
"chr4","53864648","53864772","chr4","54116693","54116815","14","252045"
"chr4","53968720","53969010","chr4","54227395","54227688","39","258675"
"chr4","54009733","54009992","chr5","48203577","48203854","73","5806156"
"chr4","54048319","54048622","chr7","78050188","78050503","62","24001869"
"chr4","54068134","54068289","chr15","24302989","24303141","43","29765145"
"chr4","54092993","54093123","chr9","16376354","16376486","22","37716639"
"chr4","54100669","54100956","chr5","140984252","140984542","56","86883583"
"chr4","54144294","54144590","chr5","31156632","31156934","67","22987662"
"chr4","54148160","54148291","chr8","11520784","11520916","22","42627376"
"chr4","54152441","54152722","chr2","111981601","111981880","60","57829160"
"chr4","54192818","54192857","chr1","195422697","195422735","6","141229879"
"chr4","54211051","54211356","chr2","73277207","73277506","68","19066156"
"chr4","54243057","54243105","chr18","14515525","14515573","11","39727532"
"chr4","54370366","54370642","chr11","121542347","121542608","68","67171981"
"chr4","54441426","54441740","chr4","54737236","54737537","60","295810"
"chr4","54458641","54458856","chr22","15970627","15970842","51","38488014"
"chr4","54532025","54532155","chr1","102188482","102188614","18","47656457"
"chr4","55143054","55143351","chr4","55427909","55428197","57","284855"
"chr4","55673725","55674022","chr8","76413850","76414142","69","20740125"
"chr4","56213764","56214052","chr15","37567276","37567547","82","18646488"
"chr4","56544885","56545199","chr22","7695950","7696250","64","48848935"
"chr4","57021893","57022031","chr4","57354716","57354852","21","332823"
"chr4","57336424","57336688","chr2","4869355","4869634","72","52467069"
"chr4","57530010","57530292","chr10","79480704","79480979","63","21950694"
"chr4","57569506","57569576","chr10","92146879","92146938","19","34577373"
"chr4","57655530","57655798","chr22","8366172","8366433","69","49289358"
"chr4","57793460","57793608","chr12","61331188","61331335","25","3537728"
"chr4","57827950","57828237","chr4","58212390","58212681","35","384440"
"chr4","57934917","57935201","chr4","58337402","58337698","54","402485"
"chr4","57975804","57975954","chr11","33708224","33708370","30","24267580"
"chr4","57976939","57977056","chr7","80222234","80222356","20","22245295"
"chr4","57996316","57996599","chr9","98010714","98010994","62","40014398"
"chr4","58041460","58041761","chr4","58445093","58445386","42","403633"
"chr4","58052479","58052761","chr16","71714174","71714446","57","13661695"
"chr4","58197696","58197905","chr14","4537494","4537690","49","53660202"
"chr4","58234822","58235099","chr14","25329835","25330123","70","32904987"
"chr4","58238258","58238391","chr7","136788134","136788270","20","78549876"
"chr4","58238698","58238869","chr1","129159547","129159726","36","70920849"
"chr4","58362328","58362645","chr7","31899128","31899441","67","26463200"
"chr4","58564535","58564820","chr4","59017675","59017957","38","453140"
"chr4","58577674","58577985","chr1","96846672","96846981","68","38268998"
"chr4","58655606","58655647","chr2","115778","115818","8","58539828"
"chr4","59002329","59002642","chr14","59498349","59498666","69","496020"
"chr4","59013983","59014167","chr11","59836810","59836987","44","822827"
"chr4","60211798","60212079","chr4","60710424","60710704","30","498626"
"chr4","60822801","60823022","chr17","18593066","18593271","61","42229735"
"chr4","61320961","61321092","chr1","41377894","41378028","23","19943067"
"chr4","61344320","61344442","chr2","10899863","10899988","22","50444457"
"chr4","61499073","61499358","chr1","175682262","175682534","75","114183189"
"chr4","61543434","61543712","chr13","60354203","60354490","56","1189231"
"chr4","61959231","61959350","chr4","62383515","62383631","15","424284"
"chr4","61973045","61973337","chr4","62397744","62398048","49","424699"
"chr4","62386604","62386733","chr1","192440376","192440501","28","130053772"
"chr4","62595460","62595744","chr4","63079788","63080068","41","484328"
"chr4","62921297","62921589","chr4","63446823","63447095","58","525526"
"chr4","63296432","63296628","chr15","20121892","20122096","56","43174540"
"chr4","63365616","63365919","chrX","52367656","52367966","67","10997960"
"chr4","63763790","63763914","chr10","47645070","47645193","23","16118720"
"chr4","63997553","63997868","chr2","15607263","15607555","101","48390290"
"chr4","65832781","65833097","chr12","82326495","82326805","77","16493714"
"chr4","66055781","66056091","chr5","149870776","149871073","80","83814995"
"chr4","66623805","66624106","chr11","82443030","82443313","78","15819225"
"chr4","67361408","67361532","chr4","67401997","67402122","17","40589"
"chr4","68213124","68213183","chr12","11463759","11463812","21","56749365"
"chr4","68250934","68251209","chr14","79575769","79576034","59","11324835"
"chr4","68658907","68659209","chr1","118797181","118797481","64","50138274"
"chr4","68678884","68679168","chr4","68858899","68859202","49","180015"
"chr4","68685819","68686103","chr1","39208247","39208530","60","29477572"
"chr4","68686276","68686545","chr7","53766492","53766755","67","14919784"
"chr4","68733018","68733319","chr9","107213490","107213791","62","38480472"
"chr4","68866080","68866378","chr4","69090081","69090383","45","224001"
"chr4","68932628","68932934","chr4","69138240","69138552","43","205612"
"chr4","69030210","69030491","chr4","69281542","69281809","54","251332"
"chr4","69119968","69120005","chr14","41566630","41566665","6","27553338"
"chr4","69120622","69120921","chr16","94132557","94132858","57","25011935"
"chr4","69255663","69255970","chr4","69485932","69486218","61","230269"
"chr4","69286138","69286418","chr4","69524332","69524654","73","238194"
"chr4","69433508","69433759","chr18","33417455","33417706","54","36016053"
"chr4","69494860","69495116","chr8","102914625","102914885","60","33419765"
"chr4","70005655","70005974","chr8","75873726","75874038","67","5868071"
"chr4","70617217","70617334","chr11","20227354","20227469","20","50389863"
"chr4","70617361","70617504","chr11","123412653","123412793","41","52795292"
"chr4","70853425","70853664","chr4","71142817","71143053","44","289392"
"chr4","71051931","71052213","chr4","71356476","71356761","40","304545"
"chr4","71057957","71058206","chrX","140151803","140152039","63","69093846"
"chr4","71083380","71083502","chr1","138529083","138529203","24","67445703"
"chr4","71085303","71085513","chr11","123412810","123413013","37","52327507"
"chr4","71253016","71253352","chr5","4000666","4000984","90","67252350"
"chr4","71335066","71335369","chr12","23319507","23319788","81","48015559"
"chr4","71336000","71336124","chr4","44091627","44091751","17","27244373"
"chr4","71384461","71384693","chr10","128285533","128285765","55","56901072"
"chr4","71385063","71385335","chr13","88632650","88632920","57","17247587"
"chr4","71409514","71409648","chr22","13408298","13408427","24","58001216"
"chr4","71419521","71419624","chr2","63766211","63766304","28","7653310"
"chr4","71458310","71458497","chr5","97011316","97011504","41","25553006"
"chr4","71458794","71458898","chr12","20583978","20584080","19","50874816"
"chr4","71493234","71493357","chr4","71758070","71758190","23","264836"
"chr4","71511733","71511949","chr15","5458623","5458839","35","66053110"
"chr4","71560828","71561093","chr1","191811584","191811847","69","120250756"
"chr4","71562779","71562942","chr3","150153665","150153833","30","78590886"
"chr4","71567133","71567421","chr3","181979447","181979739","57","110412314"
"chr4","71568071","71568204","chr3","149245179","149245310","25","77677108"
"chr4","71569410","71569680","chr5","5637858","5638119","78","65931552"
"chr4","71631589","71631627","chrX","90247050","90247087","6","18615461"
"chr4","71636559","71636696","chr9","99057103","99057238","29","27420544"
"chr4","71675501","71675776","chr19","24369860","24370137","64","47305641"
"chr4","71680717","71680847","chr9","21660421","21660545","17","50020296"
"chr4","71694317","71694626","chr2","55200270","55200573","55","16494047"
"chr4","71702937","71703233","chr4","44308057","44308331","49","27394880"
"chr4","71708088","71708292","chr6","152829534","152829735","44","81121446"
"chr4","71719721","71720014","chr4","71921338","71921618","58","201617"
"chr4","71732677","71732955","chr4","71933504","71933768","40","200827"
"chr4","71760776","71761087","chr14","80754932","80755229","67","8994156"
"chr4","71792842","71792980","chr5","89542035","89542171","25","17749193"
"chr4","72235781","72236074","chr7","60043787","60044082","65","12191994"
"chr4","72726708","72727033","chr5","103848275","103848555","98","31121567"
"chr4","73389026","73389186","chr5","79470509","79470673","40","6081483"
"chr4","73489203","73489489","chr5","93175506","93175788","66","19686303"
"chr4","73518606","73518914","chr10","29841339","29841646","68","43677267"
"chr4","73633274","73633345","chr4","73837023","73837106","15","203749"
"chr4","73724388","73724659","chr4","73931254","73931515","43","206866"
"chr4","73760375","73760517","chr20","10070673","10070812","27","63689702"
"chr4","73798500","73798767","chr4","73999239","73999512","53","200739"
"chr4","73846771","73846926","chr1","155651408","155651570","39","81804637"
"chr4","73864587","73864714","chr10","103174192","103174326","26","29309605"
"chr4","73930445","73930711","chr22","3486646","3486904","69","70443799"
"chr4","73938362","73938642","chr2","6860494","6860767","73","67077868"
"chr4","73940932","73941253","chr5","99326836","99327142","81","25385904"
"chr4","74030101","74030237","chr1","98656756","98656886","21","24626655"
"chr4","74594216","74594527","chr5","78546797","78547103","76","3952581"
"chr4","74604729","74604854","chr1","38075302","38075428","18","36529427"
"chr4","74936685","74936806","chr4","75155880","75155997","19","219195"
"chr4","75182146","75182410","chr4","75382551","75382816","30","200405"
"chr4","75317391","75317666","chr4","75493166","75493449","27","175775"
"chr4","75406037","75406348","chr8","75873726","75874038","77","467689"
"chr4","76120063","76120360","chr7","11568162","11568463","73","64551901"
"chr4","76855670","76855995","chr20","12698803","12699121","84","64156867"
"chr4","76856955","76857233","chr8","30607878","30608153","65","46249077"
"chr4","76944151","76944282","chr4","77173157","77173278","22","229006"
"chr4","77136620","77136844","chr4","77329095","77329309","45","192475"
"chr4","77145291","77145602","chr5","40816302","40816606","71","36328989"
"chr4","77487914","77488218","chr13","36640040","36640347","66","40847874"
"chr4","78062454","78062756","chr7","34197754","34198037","74","43864700"
"chr4","78496146","78496429","chr14","61286420","61286702","69","17209726"
"chr4","80314235","80314563","chr4","80775666","80775950","73","461431"
"chr4","80329350","80329655","chr15","32840949","32841254","61","47488401"
"chr4","80405164","80405296","chr4","80871857","80871988","17","466693"
"chr4","80461138","80461442","chr3","149104058","149104353","61","68642920"
"chr4","80961314","80961652","chr4","81394766","81395088","45","433452"
"chr4","80974440","80974485","chr10","85019506","85019548","15","4045066"
"chr4","80974513","80974637","chr7","154063464","154063583","21","73088951"
"chr4","81003033","81003302","chr4","81449026","81449292","51","445993"
"chr4","81023833","81024118","chr13","36414491","36414784","67","44609342"
"chr4","81039551","81039677","chrX","93172718","93172845","21","12133167"
"chr4","81124878","81125157","chr2","29790334","29790619","68","51334544"
"chr4","81327390","81327523","chr8","117193658","117193788","24","35866268"
"chr4","81332151","81332329","chr22","23083723","23083901","33","58248428"
"chr4","81386871","81387003","chr7","90139382","90139512","21","8752511"
"chr4","81425697","81426006","chr4","81936315","81936601","59","510618"
"chr4","81459063","81459379","chr4","7167646","7167951","72","74291417"
"chr4","81599058","81599254","chr2","137887898","137888092","49","56288840"
"chr4","81615215","81615378","chr11","20887100","20887260","45","60728115"
"chr4","81675186","81675462","chr15","33790444","33790722","60","47884742"
"chr4","81685036","81685334","chr20","6373115","6373410","58","75311921"
"chr4","81690914","81691201","chr4","82228472","82228760","32","537558"
"chr4","81716394","81716659","chr1","136890592","136890860","59","55174198"
"chr4","81744995","81745323","chr6","123895636","123895933","82","42150641"
"chr4","81850405","81850743","chr12","91110270","91110596","98","9259865"
"chr4","82102238","82102369","chr11","7850129","7850261","18","74252109"
"chr4","82146108","82146411","chr15","33017834","33018115","92","49128274"
"chr4","82396934","82397232","chr16","46255187","46255478","61","36141747"
"chr4","82461133","82461351","chr4","83039599","83039830","36","578466"
"chr4","82624526","82624627","chr4","83244136","83244238","20","619610"
"chr4","82830664","82830979","chr4","83456325","83456617","68","625661"
"chr4","83431207","83431487","chr17","68661900","68662179","66","14769307"
"chr4","83491326","83491636","chr15","72518938","72519246","63","10972388"
"chr4","83502742","83503039","chr4","84255712","84255999","46","752970"
"chr4","83714502","83714778","chr2","35553288","35553567","56","48161214"
"chr4","83733548","83733835","chr4","84504598","84504861","48","771050"
"chr4","83753905","83754199","chr9","16269953","16270254","62","67483952"
"chr4","83840777","83840949","chr6","41174730","41174894","48","42666047"
"chr4","83856643","83856803","chr3","153064211","153064368","40","69207568"
"chr4","83936048","83936147","chr4","84733810","84733907","20","797762"
"chr4","84040937","84041237","chr1","43698220","43698519","67","40342717"
"chr4","84630096","84630225","chr5","80579274","80579400","23","4050822"
"chr4","84798067","84798331","chr4","85639320","85639571","63","841253"
"chr4","84969684","84969977","chr8","111275979","111276267","84","26306295"
"chr4","85262803","85263128","chr1","24379226","24379548","83","60883577"
"chr4","85312527","85312836","chr1","118797181","118797481","67","33484654"
"chr4","85474344","85474453","chr2","9372218","9372324","28","76102126"
"chr4","85513867","85513991","chr9","85393340","85393464","18","120527"
"chr4","85531586","85531895","chr4","86449370","86449674","50","917784"
"chr4","85567132","85567459","chr4","86492488","86492795","64","925356"
"chr4","85600414","85600556","chr3","56902323","56902466","33","28698091"
"chr4","85684761","85685054","chr9","43654559","43654856","58","42030202"
"chr4","85693723","85694013","chr4","86678362","86678664","49","984639"
"chr4","85718425","85718733","chr14","74675440","74675747","70","11042985"
"chr4","85740037","85740363","chr4","86733018","86733327","63","992981"
"chr4","85837670","85838001","chr5","123929377","123929688","78","38091707"
"chr4","86245432","86245740","chr7","89304550","89304852","70","3059118"
"chr4","86596848","86597166","chr4","87592605","87592920","57","995757"
"chr4","86671572","86671862","chr4","87669450","87669742","33","997878"
"chr4","86777940","86778134","chr2","137887898","137888092","42","51109958"
"chr4","86922788","86923075","chr1","116896306","116896588","60","29973518"
"chr4","86997455","86997771","chr4","88004266","88004563","61","1006811"
"chr4","87018971","87019245","chr13","43606578","43606839","71","43412393"
"chr4","87026142","87026327","chr14","25233657","25233832","46","61792485"
"chr4","87044037","87044169","chr2","170813628","170813760","26","83769591"
"chr4","87057449","87057668","chr4","88074592","88074807","25","1017143"
"chr4","87059099","87059230","chr14","1043718","1043850","20","86015381"
"chr4","87084970","87085109","chr9","76022866","76022996","39","11062104"
"chr4","87085399","87085597","chr17","73872505","73872698","54","13212894"
"chr4","87097687","87097969","chr4","88114721","88115002","71","1017034"
"chr4","87168161","87168285","chr11","35268620","35268744","15","51899541"
"chr4","87182486","87182754","chr4","88208807","88209076","42","1026321"
"chr4","87190130","87190254","chr1","22614360","22614489","19","64575770"
"chr4","87199760","87199850","chr2","71146304","71146385","25","16053456"
"chr4","87199854","87199980","chr11","35055337","35055454","32","52144517"
"chr4","87201134","87201259","chr4","88224899","88225026","19","1023765"
"chr4","87201821","87202003","chr5","138560759","138560936","43","51358938"
"chr4","87203575","87203877","chr1","136763377","136763656","65","49559802"
"chr4","87236960","87237232","chr19","17019320","17019585","69","70217640"
"chr4","87252471","87252782","chr4","88282421","88282717","55","1029950"
"chr4","87370616","87370923","chr4","88406365","88406663","80","1035749"
"chr4","87454535","87454748","chr6","112553299","112553480","62","25098764"
"chr4","87471517","87471855","chr4","88496828","88497134","74","1025311"
"chr4","87503736","87504028","chr4","88522967","88523245","42","1019231"
"chr4","87519814","87519951","chr5","44643676","44643812","21","42876138"
"chr4","87527853","87528166","chr10","30016244","30016558","79","57511609"
"chr4","87547977","87548257","chr1","155032190","155032474","66","67484213"
"chr4","87599255","87599556","chr7","15610314","15610612","65","71988941"
"chr4","87663940","87664156","chr11","124318402","124318622","50","36654462"
"chr4","87716668","87716934","chr15","17868622","17868888","67","69848046"
"chr4","87748345","87748637","chr14","59275312","59275604","55","28473033"
"chr4","87765056","87765180","chr22","27287569","27287695","16","60477487"
"chr4","87853704","87853995","chr3","175755491","175755782","65","87901787"
"chr4","87884976","87885107","chr1","176862599","176862729","23","88977623"
"chr4","87900791","87901023","chr6","151840446","151840669","62","63939655"
"chr4","87905019","87905309","chr4","88874042","88874328","55","969023"
"chr4","87954109","87954233","chr18","2841161","2841277","31","85112948"
"chr4","87954535","87954690","chr3","137781678","137781812","59","49827143"
"chr4","87957347","87957459","chr3","84241727","84241839","20","3715620"
"chr4","87967341","87967586","chr10","128285533","128285765","66","40318192"
"chr4","87985299","87985543","chr19","17019320","17019585","68","70965979"
"chr4","88003555","88003830","chr4","88967705","88967982","35","964150"
"chr4","88013457","88013766","chr5","96920240","96920551","60","8906783"
"chr4","88073237","88073562","chrX","68797941","68798246","93","19275296"
"chr4","88100121","88100232","chr4","89065020","89065132","8","964899"
"chr4","88229157","88229325","chrUn_GL286209","100748","100912","35","88128409"
"chr4","88487143","88487457","chr4","89484502","89484808","56","997359"
"chr4","88582589","88582707","chr7","74897348","74897465","13","13685241"
"chr4","88611696","88611824","chr4","89604129","89604257","15","992433"
"chr4","88633159","88633238","chr10","100844336","100844414","17","12211177"
"chr4","88698799","88699058","chr4","89714289","89714530","41","1015490"
"chr4","89077761","89077884","chr7","46825878","46826002","15","42251883"
"chr4","89230953","89231274","chr22","36673498","36673805","69","52557455"
"chr4","89250477","89250742","chr4","90301191","90301433","49","1050714"
"chr4","89275406","89275677","chr4","90326801","90327064","48","1051395"
"chr4","89339334","89339611","chr4","90396137","90396427","53","1056803"
"chr4","89508133","89508447","chr4","90558214","90558530","43","1050081"
"chr4","89859632","89859895","chr4","90898304","90898566","34","1038672"
"chr4","89976998","89977068","chr5","79180645","79180712","13","10796353"
"chr4","90353595","90353903","chr11","95532597","95532904","72","5179002"
"chr4","90957172","90957450","chr4","91947893","91948166","51","990721"
"chr4","91202544","91202889","chr11","69854410","69854733","96","21348134"
"chr4","91387429","91387569","chr17","73250584","73250724","37","18136845"
"chr4","91670796","91671071","chr7","128225145","128225420","75","36554349"
"chr4","92367510","92367805","chr4","93338467","93338765","44","970957"
"chr4","92533301","92533589","chr6","148623403","148623692","64","56090102"
"chr4","92662891","92663101","chr5","130251070","130251279","50","37588179"
"chr4","92805427","92805735","chr9","79506712","79507008","70","13298715"
"chr4","93925358","93925637","chr5","108117893","108118172","60","14192535"
"chr4","93960833","93960958","chr10","6674200","6674326","26","87286633"
"chr4","93996863","93997176","chr15","72518938","72519246","79","21477925"
"chr4","94001043","94001123","chr19","18400847","18400923","16","75600196"
"chr4","94250487","94250655","chr12","76120225","76120372","43","18130262"
"chr4","94622121","94622401","chr4","95321397","95321652","57","699276"
"chr4","94670451","94670694","chr2","67295746","67295991","66","27374705"
"chr4","94810868","94811156","chrX","17913242","17913538","66","76897626"
"chr4","95190748","95191040","chr4","95862364","95862650","32","671616"
"chr4","95453209","95453447","chr4","96111428","96111666","24","658219"
"chr4","95659858","95660104","chr10","55523346","55523594","68","40136512"
"chr4","95767002","95767284","chrX","93665905","93666196","65","2101097"
"chr4","95910234","95910524","chr12","87823501","87823799","60","8086733"
"chr4","96371587","96371884","chr4","96972459","96972741","77","600872"
"chr4","96889559","96889631","chr7","50624213","50624280","22","46265346"
"chr4","96889935","96890110","chr11","76578764","76578933","45","20311171"
"chr4","97200737","97200970","chr17","8617473","8617688","70","88583264"
"chr4","97270962","97271284","chr1","21430763","21431070","80","75840199"
"chr4","97275821","97275980","chr14","10025350","10025511","41","87250471"
"chr4","97402694","97402824","chr22","12564392","12564521","20","84838302"
"chr4","97829693","97829793","chr13","57005536","57005634","24","40824157"
"chr4","97840869","97840991","chr10","9062820","9062938","20","88778049"
"chr4","97972272","97972313","chr14","44342307","44342346","7","53629965"
"chr4","98080994","98081004","chr8","32028405","32028415","4","66052589"
"chr4","98081032","98081147","chr9","105373500","105373613","15","7292468"
"chr4","98106916","98107033","chr4","98786422","98786539","8","679506"
"chr4","98184217","98184335","chr1","158706758","158706883","22","60522541"
"chr4","98222504","98222735","chr4","98917846","98918104","55","695342"
"chr4","98323153","98323345","chr12","11855606","11855807","54","86467547"
"chr4","98531773","98531912","chr18","11756384","11756520","39","86775389"
"chr4","98571390","98571665","chr7","53431232","53431509","57","45140158"
"chr4","99013004","99013308","chr4","99739310","99739610","43","726306"
"chr4","99301259","99301435","chr16","94562072","94562235","46","4739187"
"chr4","99301690","99301828","chr4","155941508","155941642","24","56639818"
"chr4","99568173","99568347","chr4","100300795","100300970","18","732622"
"chr4","99952913","99953191","chr15","56936551","56936832","60","43016362"
"chr4","100416996","100417118","chr9","65816955","65817079","17","34600041"
"chr4","100524746","100525028","chr4","101170351","101170636","59","645605"
"chr4","100713830","100714120","chr4","101310401","101310685","48","596571"
"chr4","101598955","101599255","chr11","22475002","22475290","80","79123953"
"chr4","101900231","101900362","chr4","102324465","102324592","26","424234"
"chr4","102643511","102643632","chr13","27707086","27707210","18","74936425"
"chr4","102809229","102809479","chr20","32159378","32159618","70","70649851"
"chr4","102892795","102893099","chr4","106757160","106757450","70","3864365"
"chr4","102914657","102914813","chr4","106740644","106740793","32","3825987"
"chr4","102924680","102924806","chr17","18697273","18697397","19","84227407"
"chr4","102946309","102946440","chr12","26467909","26468038","25","76478400"
"chr4","102970265","102970377","chr4","106683960","106684076","13","3713695"
"chr4","103040533","103040833","chr14","64227573","64227879","67","38812960"
"chr4","103056480","103056640","chr5","112318082","112318244","30","9261602"
"chr4","103056950","103057079","chr9","102477388","102477514","26","579562"
"chr4","103083817","103083934","chr1","141783295","141783419","28","38699478"
"chr4","103118958","103119080","chr1","187240040","187240160","22","84121082"
"chr4","103133508","103133635","chr1","176862599","176862729","21","73729091"
"chr4","103149171","103149458","chr22","4454183","4454471","54","98694988"
"chr4","103150520","103150801","chr15","22195164","22195444","55","80955356"
"chr4","103177853","103178152","chr4","106461835","106462133","45","3283982"
"chr4","103208476","103208772","chr4","110385446","110385743","59","7176970"
"chr4","103242388","103242659","chr5","125799838","125800113","55","22557450"
"chr4","103306859","103307151","chr4","110032503","110032791","61","6725644"
"chr4","103307320","103307628","chr4","106331567","106331853","55","3024247"
"chr4","103312808","103313116","chr4","106326394","106326698","42","3013586"
"chr4","103337107","103337390","chr14","20102351","20102644","64","83234756"
"chr4","103375290","103375599","chr7","55567706","55568016","56","47807584"
"chr4","103377281","103377582","chr20","19498160","19498465","65","83879121"
"chr4","103415447","103415715","chr6","24992445","24992715","74","78423002"
"chr4","103461878","103462203","chr4","106179182","106179482","56","2717304"
"chr4","103487270","103487562","chr4","106153051","106153347","35","2665781"
"chr4","103554552","103554847","chr4","106086284","106086597","58","2531732"
"chr4","103556999","103557127","chr4","106083874","106084003","10","2526875"
"chr4","103714673","103714985","chr6","32054163","32054464","67","71660510"
"chr4","103716680","103716955","chr2","7462151","7462430","73","96254529"
"chr4","103819854","103820149","chr4","105802633","105802924","42","1982779"
"chr4","103885616","103885748","chrX","95382197","95382328","19","8503419"
"chr4","103890785","103890911","chr19","6952953","6953082","16","96937832"
"chr4","103893714","103893975","chrUn_GL286233","28821","29079","71","103864893"
"chr4","103988862","103989145","chr12","97674374","97674654","67","6314488"
"chr4","104047781","104048066","chr1","90249678","90249953","57","13798103"
"chr4","104245362","104245574","chr9","107456252","107456436","64","3210890"
"chr4","104717643","104717895","chr4","104957577","104957820","37","239934"
"chr4","104965146","104965458","chr4","104723051","104723347","44","242095"
"chr4","105004797","105004915","chr1","136475422","136475541","24","31470625"
"chr4","105055658","105055795","chr11","28044866","28045001","20","77010792"
"chr4","105058555","105058686","chr8","91375377","91375506","19","13683178"
"chr4","105094148","105094433","chr1","155032190","155032474","51","49938042"
"chr4","105133533","105133822","chr2","5412568","5412852","70","99720965"
"chr4","105146427","105146686","chr21","50139207","50139436","82","55007220"
"chr4","105189258","105189529","chrX","12600332","12600602","62","92588926"
"chr4","105193203","105193484","chr4","104446464","104446748","42","746739"
"chr4","105234492","105234720","chr8","106680235","106680463","51","1445743"
"chr4","105247465","105247690","chr4","104408562","104408786","29","838903"
"chr4","105265486","105265733","chr1","155385469","155385738","75","50119983"
"chr4","105285304","105285591","chr4","104325734","104326025","41","959570"
"chr4","105314276","105314596","chr20","38136382","38136686","97","67177894"
"chr4","105827892","105828222","chr9","5751939","5752243","80","100075953"
"chr4","105904945","105905242","chr4","103759306","103759598","39","2145639"
"chr4","106150629","106150751","chr1","202769733","202769856","22","96619104"
"chr4","106506048","106506114","chr10","27513186","27513244","21","78992862"
"chr4","106513331","106513618","chr4","106945165","106945456","54","431834"
"chr4","106567943","106568238","chr4","107007780","107008076","40","439837"
"chr4","106683360","106683620","chr14","105105823","105106088","77","1577537"
"chr4","106781052","106781330","chr12","79981614","79981894","62","26799438"
"chr4","106790149","106790447","chr4","107218552","107218849","40","428403"
"chr4","106818423","106818485","chr7","44594095","44594156","12","62224328"
"chr4","106840017","106840278","chr16","32517987","32518247","65","74322030"
"chr4","106846090","106846208","chr9","111981765","111981882","21","5135675"
"chr4","106874972","106875091","chrX","107428789","107428908","17","553817"
"chr4","106928854","106928977","chr22","17647117","17647240","18","89281737"
"chr4","106937773","106938094","chr4","107364272","107364572","51","426499"
"chr4","106965160","106965453","chr4","107389750","107390046","46","424590"
"chr4","106978999","106979294","chr4","107402343","107402645","37","423344"
"chr4","106991591","106991714","chr14","42841708","42841831","23","64149883"
"chr4","107001949","107002071","chr3","137802923","137803047","16","30800974"
"chr4","107065778","107066085","chr4","159946609","159946906","57","52880831"
"chr4","107107630","107107952","chr12","23324730","23325025","78","83782900"
"chr4","107171581","107171901","chr4","159839361","159839673","53","52667780"
"chr4","107208159","107208424","chr2","5173559","5173820","59","102034600"
"chr4","107210097","107210375","chr4","159800049","159800360","76","52589952"
"chr4","107260179","107260308","chr4","159758514","159758634","17","52498335"
"chr4","107400807","107401125","chr20","3443651","3443961","72","103957156"
"chr4","107433941","107434247","chr4","159561694","159561997","36","52127753"
"chr4","107590450","107590741","chr4","159400268","159400582","53","51809818"
"chr4","107647387","107647693","chr4","159313488","159313777","47","51666101"
"chr4","107739322","107739446","chr9","65816955","65817079","19","41922367"
"chr4","107764825","107764994","chr15","25634876","25635045","39","82129949"
"chr4","107815985","107816288","chr7","81210361","81210666","66","26605624"
"chr4","107868368","107868488","chr7","149567697","149567823","19","41699329"
"chr4","107921929","107922232","chr5","37895721","37896023","66","70026208"
"chr4","107988065","107988349","chr2","56445778","56446064","60","51542287"
"chr4","107988383","107988398","chr12","22057554","22057568","1","85930829"
"chr4","108095274","108095585","chr4","158903028","158903323","53","50807754"
"chr4","108263070","108263188","chr19","39770450","39770570","17","68492620"
"chr4","108428307","108428617","chr2","9613715","9614013","59","98814592"
"chr4","108442208","108442533","chr3","39544873","39545188","70","68897335"
"chr4","108610196","108610499","chr4","158392684","158392986","63","49782488"
"chr4","108655822","108655949","chr5","75731449","75731576","28","32924373"
"chr4","108783102","108783307","chr1","202799809","202800001","61","94016707"
"chr4","108982048","108982158","chr15","66108448","66108545","34","42873600"
"chr4","109051548","109051840","chr3","150429407","150429694","56","41377859"
"chr4","109218521","109218785","chr4","157845979","157846270","52","48627458"
"chr4","109222069","109222346","chr4","157842479","157842751","39","48620410"
"chr4","109237326","109237607","chr4","157828420","157828694","33","48591094"
"chr4","109270274","109270434","chr1","163741091","163741249","36","54470817"
"chr4","109310100","109310373","chr4","157755886","157756137","52","48445786"
"chr4","109326251","109326550","chr5","22206437","22206736","76","87119814"
"chr4","109346400","109346660","chr4","157715589","157715861","43","48369189"
"chr4","109487778","109487906","chr4","157571972","157572101","22","48084194"
"chr4","109503849","109504141","chr4","157553435","157553696","52","48049586"
"chr4","109534448","109534712","chr4","157525047","157525315","35","47990599"
"chr4","109553606","109553880","chr4","157501561","157501832","23","47947955"
"chr4","109696148","109696273","chr3","177493383","177493511","33","67797235"
"chr4","110335650","110335950","chr4","156700407","156700707","39","46364757"
"chr4","110422935","110423219","chr4","156606325","156606619","48","46183390"
"chr4","110648495","110648618","chrX","58482136","58482260","19","52166359"
"chr4","110789766","110790071","chr2","55200270","55200573","58","55589496"
"chr4","110846122","110846314","chr9","101931910","101932076","61","8914212"
"chr4","110920245","110920552","chr15","63672518","63672828","61","47247727"
"chr4","110969607","110969903","chr4","156062875","156063156","45","45093268"
"chr4","110969912","110970039","chr7","6167066","6167189","21","104802846"
"chr4","110979399","110979532","chr12","11035256","11035394","28","99944143"
"chr4","111041034","111041345","chr4","155990498","155990808","40","44949464"
"chr4","111053294","111053489","chr15","7116425","7116616","47","103936869"
"chr4","111055415","111055708","chr4","155971346","155971625","48","44915931"
"chr4","111080359","111080412","chr2","46888305","46888351","13","64192054"
"chr4","111108385","111108462","chr8","45593270","45593347","14","65515115"
"chr4","111122741","111122861","chr10","10222109","10222229","25","100900632"
"chr4","111133343","111133592","chr8","39539460","39539723","60","71593883"
"chr4","111236925","111237181","chr4","106333599","106333847","56","4903326"
"chr4","111260563","111260647","chr4","17097297","17097374","21","94163266"
"chr4","111263667","111263947","chr14","16742849","16743121","68","94520818"
"chr4","111364622","111364908","chr3","168646029","168646316","58","57281407"
"chr4","111365641","111365949","chr5","37895721","37896023","64","73469920"
"chr4","111400302","111400424","chr15","42302065","42302189","15","69098237"
"chr4","111404909","111405032","chr4","26083036","26083157","29","85321873"
"chr4","111411324","111411632","chr4","155598340","155598641","55","44187016"
"chr4","111434111","111434245","chr5","41235917","41236047","25","70198194"
"chr4","111535334","111535458","chr4","110946446","110946568","19","588888"
"chr4","111549790","111550086","chr4","155448529","155448822","35","43898739"
"chr4","111553248","111553563","chr9","66444598","66444909","59","45108650"
"chr4","111573871","111573996","chr4","155397007","155397135","14","43823136"
"chr4","111579259","111579382","chr4","155391729","155391852","17","43812470"
"chr4","111581633","111581945","chr1","118797181","118797481","62","7215548"
"chr4","111624089","111624381","chr7","59376036","59376328","54","52248053"
"chr4","111702999","111703271","chr11","96291475","96291752","55","15411524"
"chr4","111745406","111745670","chr9","112765502","112765752","74","1020096"
"chr4","111751889","111752161","chr4","155218987","155219276","60","43467098"
"chr4","111790471","111790600","chrX","120496137","120496262","21","8705666"
"chr4","111793107","111793407","chr18","8030633","8030930","56","103762474"
"chr4","112003439","112003640","chr21","47732835","47733040","47","64270604"
"chr4","112343551","112343843","chr3","175755491","175755782","57","63411940"
"chr4","112512903","112513170","chr3","6617961","6618238","70","105894942"
"chr4","113138292","113138582","chr2","13511856","13512150","60","99626436"
"chr4","113475469","113475590","chr4","153639385","153639502","18","40163916"
"chr4","113587128","113587374","chrX","106962388","106962612","63","6624740"
"chr4","113607430","113607694","chr4","153520673","153520931","48","39913243"
"chr4","113757021","113757332","chr4","153423193","153423499","42","39666172"
"chr4","113806390","113806698","chr4","153372349","153372637","53","39565959"
"chr4","113981413","113981716","chr4","153183184","153183474","42","39201771"
"chr4","114141619","114141946","chr15","94916304","94916623","69","19225315"
"chr4","114410766","114411068","chr7","58274465","58274765","69","56136301"
"chr4","114420003","114420125","chr4","152738875","152738996","14","38318872"
"chr4","114814650","114814948","chr4","152266650","152266933","42","37452000"
"chr4","114820542","114820674","chr8","116120171","116120301","28","1299629"
"chr4","114820964","114821132","chrX","107994219","107994369","40","6826745"
"chr4","114940613","114940915","chr4","152143252","152143556","39","37202639"
"chr4","115014029","115014368","chr14","1388435","1388765","81","113625594"
"chr4","115035022","115035135","chr6","16642119","16642231","25","98392903"
"chr4","115082277","115082543","chr4","152006045","152006320","48","36923768"
"chr4","115158419","115158600","chrX","124620171","124620359","34","9461752"
"chr4","115197872","115198014","chr4","151907040","151907158","35","36709168"
"chr4","115262375","115262642","chr4","151842789","151843057","41","36580414"
"chr4","115331231","115331452","chr22","29071481","29071698","49","86259750"
"chr4","115332190","115332322","chr2","79253996","79254126","19","36078194"
"chr4","115340636","115340765","chr10","98492248","98492377","20","16848388"
"chr4","115404326","115404611","chr5","32678837","32679116","64","82725489"
"chr4","115434025","115434326","chr4","151656567","151656875","39","36222542"
"chr4","115442691","115442815","chr2","31618750","31618875","17","83823941"
"chr4","115458612","115458814","chr14","105182436","105182633","41","10276176"
"chr4","115497297","115497556","chr4","151589578","151589821","45","36092281"
"chr4","115596123","115596405","chr2","60086722","60087003","59","55509401"
"chr4","115766344","115766619","chr4","151321009","151321280","47","35554665"
"chr4","116029171","116029414","chr9","12197567","12197800","68","103831604"
"chr4","116037416","116037726","chr4","151086990","151087297","41","35049574"
"chr4","116052922","116053241","chr5","131527086","131527390","68","15474164"
"chr4","116133193","116133477","chr4","150982339","150982619","55","34849146"
"chr4","116174922","116175258","chr1","173189356","173189666","85","57014434"
"chr4","116177151","116177408","chr4","150940137","150940390","52","34762986"
"chr4","116192807","116193106","chr9","40154728","40155015","71","76038079"
"chr4","116205070","116205193","chr8","25595258","25595381","21","90609812"
"chr4","116206009","116206181","chr4","150911481","150911653","23","34705472"
"chr4","116288711","116288999","chr16","53633568","53633854","60","62655143"
"chr4","116396693","116396996","chr21","46998038","46998338","60","69398655"
"chr4","116434761","116434890","chr1","155368947","155369069","19","38934186"
"chr4","116527984","116528286","chr1","43698220","43698519","65","72829764"
"chr4","116594802","116595112","chr2","64762504","64762809","61","51832298"
"chr4","116627039","116627293","chr4","150636519","150636767","33","34009480"
"chr4","116662070","116662368","chr12","36952591","36952886","65","79709479"
"chr4","116707309","116707425","chr8","114427808","114427934","21","2279501"
"chr4","116714116","116714400","chr1","46260267","46260550","58","70453849"
"chr4","116747562","116747848","chr4","150525119","150525396","50","33777557"
"chr4","116761781","116762060","chrX","138043135","138043421","60","21281354"
"chr4","116764411","116764689","chr5","6313507","6313787","65","110450904"
"chr4","116811377","116811630","chr4","144107225","144107472","77","27295848"
"chr4","116825683","116825980","chrX","22401599","22401896","74","94424084"
"chr4","116834120","116834413","chr9","53523121","53523415","51","63310999"
"chr4","116849335","116849468","chr4","150414791","150414917","22","33565456"
"chr4","116850023","116850156","chr4","150414791","150414917","23","33564768"
"chr4","116871557","116871863","chrX","135311144","135311444","67","18439587"
"chr4","116884635","116884828","chr2","59708014","59708206","46","57176621"
"chr4","116885414","116885530","chr5","10694445","10694559","22","106190969"
"chr4","116890741","116891035","chr4","150395073","150395337","58","33504332"
"chr4","116900104","116900396","chr2","29546292","29546581","62","87353812"
"chr4","116906490","116906627","chr18","4349071","4349198","42","112557419"
"chr4","116906898","116907087","chr13","9173046","9173224","43","107733852"
"chr4","116922142","116922383","chr4","150369068","150369280","54","33446926"
"chr4","116933350","116933652","chr15","21338413","21338706","62","95594937"
"chr4","117025004","117025296","chr12","23507753","23508036","64","93517251"
"chr4","117172785","117173072","chr1","171173294","171173582","72","54000509"
"chr4","117283815","117284099","chr4","149980451","149980743","42","32696636"
"chr4","117440774","117440927","chr8","74154207","74154361","28","43286567"
"chr4","117464897","117465199","chr4","149799593","149799894","46","32334696"
"chr4","117604476","117604755","chr16","20391239","20391513","58","97213237"
"chr4","117786091","117786174","chr12","46566484","46566568","19","71219607"
"chr4","117810310","117810599","chr4","149439980","149440261","58","31629670"
"chr4","118193569","118193749","chr4","108333583","108333739","50","9859986"
"chr4","118218915","118219215","chr11","60197055","60197347","75","58021860"
"chr4","118253815","118254096","chr4","149037914","149038193","41","30784099"
"chr4","118266831","118267121","chr3","175755491","175755782","60","57488660"
"chr4","118442465","118442771","chr12","102466039","102466338","73","15976426"
"chr4","118952873","118953038","chr4","148333671","148333834","20","29380798"
"chr4","119204731","119205030","chr4","148115792","148116074","51","28911061"
"chr4","119575665","119575861","chr1","136698409","136698598","62","17122744"
"chr4","119649173","119649370","chr4","147684056","147684250","26","28034883"
"chr4","119879182","119879443","chr1","204073427","204073684","53","84194245"
"chr4","119920305","119920635","chr4","147429103","147429395","75","27508798"
"chr4","120140580","120140750","chr18","27689840","27690012","40","92450740"
"chr4","120245085","120245270","chr2","7924400","7924587","53","112320685"
"chr4","120855140","120855422","chr5","47566511","47566798","43","73288629"
"chr4","120920425","120920718","chr5","47580292","47580596","61","73340133"
"chr4","120922044","120922127","chr14","37456819","37456906","24","83465225"
"chr4","120930267","120930529","chr5","47590456","47590707","64","73339811"
"chr4","121060053","121060318","chr20","10439120","10439392","56","110620933"
"chr4","122237662","122237727","chr2","126679711","126679776","12","4442049"
"chr4","122246559","122246752","chr6","147621690","147621871","45","25375131"
"chr4","122486150","122486417","chr4","145288671","145288942","45","22802521"
"chr4","122599536","122599844","chrX","44065324","44065634","57","78534212"
"chr4","122695302","122695604","chr4","145074692","145074992","53","22379390"
"chr4","122723830","122723974","chr6","154086852","154086987","37","31363022"
"chr4","122724264","122724419","chr7","86115420","86115582","54","36608844"
"chr4","122787383","122787501","chr4","107354931","107355048","21","15432452"
"chr4","122838382","122838690","chr4","144918839","144919145","38","22080457"
"chr4","122898405","122898563","chr7","78429187","78429344","39","44469218"
"chr4","122918937","122918979","chr4","88675224","88675266","8","34243713"
"chr4","122927220","122927388","chr9","58584095","58584276","45","64343125"
"chr4","122944580","122944742","chr9","95405617","95405776","35","27538963"
"chr4","122944790","122944906","chr18","26886834","26886951","20","96057956"
"chr4","123173543","123173824","chr8","11545763","11546025","73","111627780"
"chr4","123188670","123188948","chr4","144549031","144549299","41","21360361"
"chr4","123191827","123192133","chr4","144545054","144545348","51","21353227"
"chr4","123252018","123252318","chr4","144533050","144533337","55","21281032"
"chr4","123280400","123280713","chr4","144512276","144512607","51","21231876"
"chr4","123281222","123281352","chr1","176862599","176862729","17","53581377"
"chr4","123291029","123291304","chr22","47570742","47571020","50","75720287"
"chr4","123522679","123523014","chr4","144284990","144285291","62","20762311"
"chr4","123612257","123612551","chr7","56789938","56790216","76","66822319"
"chr4","123656833","123657128","chr4","144147258","144147547","40","20490425"
"chr4","123669430","123669729","chr7","144949960","144950250","63","21280530"
"chr4","123669931","123670050","chr1","135758144","135758264","19","12088213"
"chr4","123693737","123693982","chr15","18450619","18450874","67","105243118"
"chr4","123807316","123807604","chr12","55070315","55070618","86","68737001"
"chr4","124026910","124027218","chr4","143782313","143782603","47","19755403"
"chr4","124049127","124049415","chr4","143768232","143768500","67","19719105"
"chr4","124196963","124197263","chr2","1128220","1128520","60","123068743"
"chr4","124356999","124357290","chr4","143487696","143487994","44","19130697"
"chr4","124414738","124414955","chr12","109943379","109943586","52","14471359"
"chr4","124415035","124415304","chr4","143435875","143436162","48","19020840"
"chr4","124460983","124461274","chr2","3605481","3605769","61","120855502"
"chr4","124830994","124831069","chr4","143001356","143001435","15","18170362"
"chr4","125066842","125067137","chr4","142773637","142773941","50","17706795"
"chr4","125142333","125142608","chr9","102878956","102879231","64","22263377"
"chr4","125184989","125185257","chr5","92152006","92152280","75","33032983"
"chr4","125289058","125289158","chr21","9309341","9309428","28","115979717"
"chr4","125289203","125289323","chr22","24409094","24409209","24","100880109"
"chr4","125483622","125483882","chr4","142321941","142322209","41","16838319"
"chr4","125613042","125613253","chr3","75033239","75033448","46","50579803"
"chr4","125626425","125626571","chrX","31046812","31046957","38","94579613"
"chr4","125626921","125627034","chr4","17603660","17603777","23","108023261"
"chr4","125840949","125841072","chr4","58596055","58596175","23","67244894"
"chr4","126037364","126037675","chr5","32159227","32159534","73","93878137"
"chr4","126269505","126269749","chr22","31441074","31441310","67","94828431"
"chr4","126781791","126782010","chr22","15970627","15970842","54","110811164"
"chr4","127335140","127335428","chr4","140575417","140575707","33","13240277"
"chr4","127754813","127755055","chr14","4602297","4602558","61","123152516"
"chr4","128007436","128007746","chr4","139875849","139876136","62","11868413"
"chr4","128011976","128012273","chr4","139870729","139871017","52","11858753"
"chr4","128230642","128230926","chr19","48742894","48743187","72","79487748"
"chr4","128236205","128236515","chr4","139638598","139638879","63","11402393"
"chr4","128237662","128237935","chr4","139636886","139637143","42","11399224"
"chr4","128241354","128241656","chr19","25462592","25462883","71","102778762"
"chr4","128260475","128260762","chr4","139612822","139613118","52","11352347"
"chr4","128268462","128268595","chr5","53397560","53397691","29","74870902"
"chr4","128268907","128269081","chrX","122137763","122137942","46","6131144"
"chr4","128483927","128484069","chr4","139393746","139393887","15","10909819"
"chr4","128498567","128498855","chr2","4114308","4114586","73","124384259"
"chr4","128502208","128502335","chr4","139373809","139373933","20","10871601"
"chr4","128505526","128505845","chr4","139370453","139370774","44","10864927"
"chr4","128518179","128518480","chr4","139356953","139357269","45","10838774"
"chr4","128525070","128525266","chr4","139350237","139350413","34","10825167"
"chr4","128551533","128551843","chr4","11800658","11800971","64","116750875"
"chr4","128562558","128562867","chr15","72518938","72519246","53","56043620"
"chr4","128701129","128701463","chr4","135707438","135707747","88","7006309"
"chr4","128770931","128771242","chr4","139092407","139092698","52","10321476"
"chr4","128823608","128823906","chr4","139038015","139038300","49","10214407"
"chr4","128826133","128826256","chr4","139035217","139035341","10","10209084"
"chr4","128839973","128840262","chr4","16462057","16462343","56","112377916"
"chr4","128887874","128888036","chr5","12090346","12090508","30","116797528"
"chr4","128888081","128888183","chr4","138972944","138973047","14","10084863"
"chr4","128905123","128905241","chrX","107428789","107428908","18","21476334"
"chr4","128907508","128907632","chr7","12988414","12988537","14","115919094"
"chr4","128927983","128928299","chr4","138936324","138936616","57","10008341"
"chr4","129035760","129035844","chr6","76600206","76600281","26","52435554"
"chr4","129294740","129295049","chr12","23611311","23611621","86","105683429"
"chr4","129431062","129431190","chr4","138432623","138432752","17","9001561"
"chr4","129538144","129538258","chr7","30215462","30215575","18","99322682"
"chr4","129557848","129557964","chr10","7264959","7265072","19","122292889"
"chr4","129558003","129558050","chr2","146076441","146076486","16","16518438"
"chr4","129569496","129569791","chr4","138292308","138292606","46","8722812"
"chr4","129592855","129593081","chr4","138270358","138270584","32","8677503"
"chr4","129673700","129673996","chr5","106251952","106252249","53","23421748"
"chr4","129788109","129788357","chr4","138109233","138109489","42","8321124"
"chr4","129816858","129817157","chr4","138072837","138073143","42","8255979"
"chr4","129907875","129908008","chr19","6952953","6953082","19","122954922"
"chr4","130069904","130070179","chr5","5290409","5290679","65","124779495"
"chr4","130080753","130080896","chr1","22614360","22614489","29","107466393"
"chr4","130081175","130081340","chr8","116151308","116151472","28","13929867"
"chr4","130151836","130152061","chr12","97941585","97941814","50","32210251"
"chr4","130285235","130285528","chr4","137601287","137601592","46","7316052"
"chr4","130298631","130298929","chr4","137588581","137588865","49","7289950"
"chr4","130300563","130300731","chr7","86115420","86115582","32","44185143"
"chr4","130300765","130300851","chr3","84043862","84043941","18","46256903"
"chr4","130349919","130350056","chr10","74474605","74474739","20","55875314"
"chr4","130457810","130457850","chr10","60013227","60013269","8","70444583"
"chr4","130480342","130480647","chr20","10083203","10083502","72","120397139"
"chr4","130561637","130561927","chr4","137320136","137320425","32","6758499"
"chr4","130754876","130755200","chr4","137119084","137119404","57","6364208"
"chr4","130773803","130774084","chr8","27521358","27521638","69","103252445"
"chr4","130839765","130840034","chr4","137034317","137034583","32","6194552"
"chr4","130894487","130894786","chr4","136982182","136982494","47","6087695"
"chr4","130937692","130937977","chr12","12640059","12640347","63","118297633"
"chr4","130974920","130975177","chr9","44595314","44595570","60","86379606"
"chr4","130979154","130979502","chr5","2910345","2910692","102","128068809"
"chr4","130984088","130984375","chr20","23785685","23785965","63","107198403"
"chr4","131063855","131064143","chr2","61820209","61820486","67","69243646"
"chr4","131111926","131112235","chr4","136759072","136759373","50","5647146"
"chr4","131221087","131221218","chr4","17941977","17942107","21","113279110"
"chr4","131331605","131331910","chr12","87539499","87539795","60","43792106"
"chr4","131445102","131445379","chr4","136423585","136423858","38","4978483"
"chr4","131576925","131577226","chr22","12440819","12441114","69","119136106"
"chr4","131692441","131692766","chr5","141615757","141616078","81","9923316"
"chr4","131955154","131955464","chr13","35686042","35686349","67","96269112"
"chr4","131965785","131965921","chr5","22548661","22548806","38","109417124"
"chr4","131965948","131966063","chr16","43812685","43812802","21","88153263"
"chr4","132097384","132097672","chr2","144679040","144679334","67","12581656"
"chr4","132125478","132125768","chr4","135712610","135712875","54","3587132"
"chr4","132130679","132130803","chr10","47645070","47645193","17","84485609"
"chr4","132130835","132131013","chr22","27442785","27442964","38","104688050"
"chr4","132283413","132283543","chr4","135551676","135551806","19","3268263"
"chr4","132290306","132290576","chr2","17616855","17617130","62","114673451"
"chr4","132400377","132400676","chr7","10005546","10005847","57","122394831"
"chr4","132465902","132466054","chr5","46056604","46056754","45","86409298"
"chr4","132547979","132548278","chr15","7227741","7228029","57","125320238"
"chr4","132568437","132568738","chr4","135272314","135272605","52","2703877"
"chr4","132689479","132689607","chrX","58482136","58482260","24","74207343"
"chr4","132793440","132793749","chr9","114661912","114662217","59","18131528"
"chr4","132905196","132905305","chr2","10902097","10902210","31","122003099"
"chr4","132911844","132911982","chr5","113534332","113534473","34","19377512"
"chr4","132912222","132912277","chr1","151218584","151218641","23","18306362"
"chr4","132945202","132945323","chr17","18697273","18697397","14","114247929"
"chr4","133115283","133115543","chr9","106625346","106625611","69","26489937"
"chr4","133117717","133118009","chr2","113039773","113040065","61","20077944"
"chr4","133122966","133123238","chr4","134712214","134712484","32","1589248"
"chr4","133283660","133283927","chr9","37863570","37863842","70","95420090"
"chr4","133310678","133310968","chr2","39267658","39267950","61","94043020"
"chr4","133370874","133371188","chr1","185506876","185507173","69","52136002"
"chr4","133404981","133405298","chr4","134438439","134438730","77","1033458"
"chr4","133504669","133504795","chrUn_GL286397","279803","279912","36","133224866"
"chr4","133601230","133601384","chr5","75820485","75820635","38","57780745"
"chr4","133639218","133639491","chr15","96864733","96865014","70","36774485"
"chr4","133700815","133701097","chr12","50996319","50996609","78","82704496"
"chr4","133838484","133838778","chr22","33624847","33625140","60","100213637"
"chr4","134497985","134498250","chr9","53722432","53722697","56","80775553"
"chr4","134587328","134587448","chr14","66590134","66590257","34","67997194"
"chr4","134850398","134850474","chr5","11691653","11691730","18","123158745"
"chr4","135156463","135156595","chr1","102188482","102188614","26","32967981"
"chr4","135162466","135162676","chr4","132633745","132633953","29","2528721"
"chr4","135378341","135378649","chr4","132417011","132417318","47","2961330"
"chr4","135639844","135640159","chr4","132192724","132193028","51","3447120"
"chr4","135722932","135723212","chr2","8980236","8980513","61","126742696"
"chr4","135796994","135797293","chr16","49350105","49350405","52","86446889"
"chr4","135802061","135802363","chr1","73469574","73469872","64","62332487"
"chr4","135815654","135815947","chr4","132021676","132021975","33","3793978"
"chr4","135835090","135835255","chr17","48056948","48057120","41","87778142"
"chr4","135999750","135999876","chr4","131835359","131835487","16","4164391"
"chr4","136240511","136240638","chr3","149245179","149245310","19","13004668"
"chr4","136339073","136339369","chr4","131491111","131491385","68","4847962"
"chr4","136518694","136518964","chr18","34201571","34201835","58","102317123"
"chr4","136719186","136719356","chr17","48056948","48057120","37","88662238"
"chr4","136722704","136722830","chr12","28937868","28937989","25","107784836"
"chr4","136733678","136733971","chr4","131068296","131068594","53","5665382"
"chr4","137323225","137323527","chr22","8475487","8475794","67","128847738"
"chr4","137365015","137365321","chr4","130404072","130404358","57","6960943"
"chr4","137377399","137377693","chr3","186518788","186519074","66","49141389"
"chr4","137397880","137398188","chr10","16781307","16781603","66","120616573"
"chr4","137401857","137402165","chr4","130368573","130368856","51","7033284"
"chr4","137781680","137781976","chr4","129968568","129968879","51","7813112"
"chr4","137894858","137895160","chr4","129855909","129856204","47","8038949"
"chr4","138012599","138012842","chr4","129735889","129736135","40","8276710"
"chr4","138053447","138053747","chr4","129695802","129696095","36","8357645"
"chr4","138231849","138232155","chr2","86963706","86964004","59","51268143"
"chr4","138409930","138410228","chr4","129311656","129311952","36","9098274"
"chr4","138497538","138497701","chr2","57511457","57511614","41","80986081"
"chr4","138497728","138497854","chr13","57332614","57332737","23","81165114"
"chr4","138770951","138771057","chr7","63129024","63129132","17","75641927"
"chr4","138784367","138784687","chr11","9065170","9065493","65","129719197"
"chr4","138909787","138910110","chr4","128785002","128785307","53","10124785"
"chr4","139071808","139072102","chr2","56969336","56969629","55","82102472"
"chr4","139174835","139174919","chr22","24396342","24396427","13","114778493"
"chr4","139500598","139500894","chr4","128222430","128222731","44","11278168"
"chr4","140129878","140130191","chr4","127650685","127650988","43","12479193"
"chr4","140319234","140319530","chr4","127489942","127490229","44","12829292"
"chr4","140397178","140397488","chr4","127417307","127417618","42","12979871"
"chr4","141319561","141319841","chr4","126519346","126519630","41","14800215"
"chr4","141320036","141320234","chr8","32199301","32199487","50","109120735"
"chr4","141375308","141375614","chr20","21809218","21809508","85","119566090"
"chr4","141419501","141419788","chr9","51880711","51880996","57","89538790"
"chr4","141640429","141640709","chr4","126207693","126207942","51","15432736"
"chr4","141671095","141671240","chr7","73422264","73422408","30","68248831"
"chr4","141671540","141671718","chr5","41541162","41541337","39","100130378"
"chr4","141864876","141865161","chr4","125981351","125981650","56","15883525"
"chr4","141885464","141885780","chr10","8915279","8915588","68","132970185"
"chr4","141931931","141932189","chr2","14433558","14433813","67","127498373"
"chr4","142088654","142088946","chr3","91972816","91973114","69","50115838"
"chr4","142157463","142157750","chr21","46998038","46998338","54","95159425"
"chr4","142730644","142730869","chr7","36424194","36424415","53","106306450"
"chr4","143138521","143138648","chr1","22614360","22614489","22","120524161"
"chr4","143882776","143883096","chr12","97833203","97833523","74","46049573"
"chr4","143949748","143949872","chr2","10899863","10899988","16","133049885"
"chr4","145028555","145028832","chr4","122785869","122786165","51","22242686"
"chr4","145154106","145154406","chr7","97730148","97730448","68","47423958"
"chr4","145210591","145210710","chr6","86252050","86252171","24","58958541"
"chr4","145303168","145303442","chr4","122475866","122476142","42","22827302"
"chr4","145305111","145305394","chr4","122468206","122468482","35","22836905"
"chr4","145351390","145351691","chr20","38136382","38136686","76","107215008"
"chr4","145871184","145871316","chr7","136413230","136413360","26","9457954"
"chr4","146013224","146013549","chr4","121818942","121819237","65","24194282"
"chr4","146057608","146057722","chr9","85480683","85480784","30","60576925"
"chr4","146125413","146125527","chrX","74683928","74684042","20","71441485"
"chr4","146160478","146160628","chr19","43208141","43208288","29","102952337"
"chr4","146195651","146195831","chr22","23083723","23083901","41","123111928"
"chr4","146220764","146221028","chr21","37116502","37116748","74","109104262"
"chr4","146244060","146244361","chr2","55200270","55200573","67","91043790"
"chr4","146279393","146279674","chr12","79981614","79981894","61","66297779"
"chr4","146312303","146312618","chr15","72518938","72519246","68","73793365"
"chr4","146365543","146365823","chr22","31139189","31139466","58","115226354"
"chr4","146698499","146698796","chr5","116150121","116150414","57","30548378"
"chr4","146740821","146741120","chr7","70529533","70529824","57","76211288"
"chr4","147401854","147402022","chr10","102394684","102394848","42","45007170"
"chr4","147402050","147402159","chr6","57726781","57726892","22","89675269"
"chr4","148601402","148601719","chr7","32363417","32363723","62","116237985"
"chr4","148689237","148689505","chr4","119047611","119047881","31","29641626"
"chr4","148689922","148690093","chr4","119047030","119047196","17","29642892"
"chr4","148926295","148926409","chr7","86302875","86302990","22","62623420"
"chr4","148967328","148967516","chr7","17442888","17443054","56","131524440"
"chr4","149083473","149083774","chr1","150763613","150763909","57","1680140"
"chr4","149090330","149090438","chr7","99853344","99853456","32","49236986"
"chr4","149170941","149171222","chr4","118549127","118549403","53","30621814"
"chr4","149218237","149218533","chr13","64433942","64434240","69","84784295"
"chr4","149519335","149519431","chr4","11354234","11354335","25","138165101"
"chr4","149936351","149936569","chr4","117795638","117795869","39","32140713"
"chr4","150144072","150144351","chr4","117554726","117554989","65","32589346"
"chr4","150161054","150161360","chr8","9727343","9727662","60","140433711"
"chr4","150415757","150415974","chr12","28196636","28196859","48","122219121"
"chr4","150416881","150417161","chr1","171173294","171173582","56","20756413"
"chr4","150430366","150430680","chr4","117294945","117295240","50","33135421"
"chr4","150715001","150715192","chr5","150074441","150074626","44","640560"
"chr4","150724571","150724853","chr2","35260992","35261277","68","115463579"
"chr4","150902449","150902565","chr4","116796320","116796448","27","34106129"
"chr4","150915140","150915390","chr4","116783824","116784088","62","34131316"
"chr4","151102036","151102366","chr4","69138240","69138552","84","81963796"
"chr4","151114448","151114570","chr1","106234261","106234385","23","44880187"
"chr4","151160953","151161254","chr4","116516965","116517271","48","34643988"
"chr4","151208754","151208887","chr10","129591404","129591533","29","21617350"
"chr4","151228051","151228173","chr17","5989328","5989449","16","145238723"
"chr4","151395657","151395935","chr4","116287571","116287816","62","35108086"
"chr4","151523413","151523688","chr1","136658621","136658903","70","14864792"
"chr4","151811901","151812079","chr22","31296093","31296252","49","120515808"
"chr4","151984846","151985127","chr11","96291475","96291752","70","55693371"
"chr4","152608744","152609038","chr4","115154881","115155171","42","37453863"
"chr4","152969047","152969282","chr4","114867871","114868096","56","38101176"
"chr4","153454675","153454797","chr4","14872788","14872907","27","138581887"
"chr4","153465361","153465636","chr4","114325290","114325581","45","39140071"
"chr4","153496620","153496739","chrX","17631702","17631819","19","135864918"
"chr4","153523911","153524207","chrX","106511433","106511738","69","47012478"
"chr4","153538653","153538943","chr4","114240688","114240975","51","39297965"
"chr4","153662351","153662637","chr10","14728635","14728926","75","138933716"
"chr4","153679921","153680055","chr3","65250236","65250367","23","88429685"
"chr4","154015105","154015364","chr5","40142791","40143043","66","113872314"
"chr4","154077072","154077299","chr9","20904317","20904539","62","133172755"
"chr4","154115059","154115192","chr11","125306488","125306618","21","28808571"
"chr4","154162120","154162316","chr2","7484275","7484482","62","146677845"
"chr4","154183437","154183568","chr13","1728584","1728710","27","152454853"
"chr4","154221861","154222081","chr7","36424194","36424415","66","117797667"
"chr4","154258340","154258463","chr13","57332614","57332737","19","96925726"
"chr4","154304589","154304875","chr22","28799022","28799307","73","125505567"
"chr4","154379661","154379959","chr4","113365655","113365940","45","41014006"
"chr4","154413268","154413565","chr4","113329125","113329423","37","41084143"
"chr4","155059068","155059353","chr6","71196341","71196628","58","83862727"
"chr4","155589937","155590249","chr7","77076421","77076738","60","78513516"
"chr4","155610352","155610648","chr9","9000857","9001164","65","146609495"
"chr4","155641156","155641406","chr4","112058182","112058436","36","43582974"
"chr4","155741499","155741632","chr4","111961413","111961541","13","43780086"
"chr4","156002835","156003123","chr4","8360591","8360881","71","147642244"
"chr4","156040282","156040588","chr4","111657812","111658121","30","44382470"
"chr4","156060614","156060896","chr3","6617961","6618238","60","149442653"
"chr4","156144322","156144608","chr7","97730148","97730448","64","58414174"
"chr4","156206576","156206874","chr4","111482949","111483223","55","44723627"
"chr4","156242298","156242423","chr17","18697273","18697397","15","137545025"
"chr4","156276343","156276475","chr1","22614360","22614489","22","133661983"
"chr4","156276765","156276860","chr15","7940713","7940805","29","148336052"
"chr4","156377923","156378231","chr9","100990691","100990997","55","55387232"
"chr4","156466094","156466385","chr11","118382154","118382447","53","38083940"
"chr4","156493816","156493947","chr9","100741503","100741636","21","55752313"
"chr4","156521590","156521887","chr5","111730943","111731232","84","44790647"
"chr4","156537034","156537156","chr6","122117626","122117747","19","34419408"
"chr4","156590364","156590488","chr9","65816955","65817079","18","90773409"
"chr4","156590779","156590936","chr5","75168836","75168996","35","81421943"
"chr4","156701119","156701231","chr4","110956504","110956611","16","45744615"
"chr4","156706594","156706849","chr18","33417455","33417706","52","123289139"
"chr4","156714854","156714977","chr4","110946446","110946568","11","45768408"
"chr4","156724722","156724854","chr4","110937154","110937284","13","45787568"
"chr4","156746527","156746816","chr4","110910486","110910774","45","45836041"
"chr4","156752751","156752874","chr1","202769733","202769856","17","46016982"
"chr4","156773552","156773842","chr4","110867337","110867624","22","45906215"
"chr4","156851658","156851950","chr11","118382154","118382447","56","38469504"
"chr4","156852857","156852953","chr4","3569481","3569570","21","153283376"
"chr4","156853247","156853301","chr22","31396787","31396843","13","125456460"
"chr4","156927346","156927654","chr2","9951049","9951351","77","146976297"
"chr4","156949261","156949565","chr22","29758068","29758367","65","127191193"
"chr4","156964915","156965258","chr9","53523121","53523415","99","103441794"
"chr4","156982255","156982379","chr9","21660421","21660545","18","135321834"
"chr4","157014947","157015000","chr2","8674236","8674291","12","148340711"
"chr4","157016683","157016755","chr9","108817576","108817636","17","48199107"
"chr4","157017022","157017155","chr2","170813628","170813760","23","13796606"
"chr4","157025874","157026141","chr7","43113627","43113882","72","113912247"
"chr4","157063285","157063498","chr4","110555646","110555855","38","46507639"
"chr4","157126900","157127184","chr10","20352331","20352619","61","136774569"
"chr4","157136919","157137042","chr12","13754352","13754471","17","143382567"
"chr4","157163396","157163522","chr1","157739475","157739603","23","576079"
"chr4","157166214","157166521","chr4","110445662","110445952","44","46720552"
"chr4","157177911","157178212","chr8","55165951","55166255","69","102011960"
"chr4","157178717","157179019","chr1","106482342","106482647","72","50696375"
"chr4","157191543","157191678","chr1","202756427","202756559","22","45564884"
"chr4","157217573","157217843","chr6","49226699","49226951","59","107990874"
"chr4","157275735","157276020","chr1","186733373","186733661","61","29457638"
"chr4","157329519","157329647","chr1","155368947","155369069","26","1960572"
"chr4","157386458","157386759","chr4","110216220","110216535","52","47170238"
"chr4","157417518","157417653","chr4","110185011","110185135","22","47232507"
"chr4","157421991","157422116","chr4","110180535","110180669","17","47241456"
"chr4","157499078","157499209","chr1","183854544","183854676","20","26355466"
"chr4","157507272","157507407","chr4","110099102","110099237","20","47408170"
"chr4","157594796","157595092","chr4","110012841","110013131","38","47581955"
"chr4","157835806","157835921","chr13","38832013","38832126","23","119003793"
"chr4","157895657","157895790","chr7","136413230","136413360","27","21482427"
"chr4","157939578","157939873","chr4","109651082","109651375","54","48288496"
"chr4","157942266","157942548","chr4","109651082","109651375","52","48291184"
"chr4","158039671","158039803","chr4","109523328","109523457","19","48516343"
"chr4","158197904","158198202","chr4","109350573","109350874","30","48847331"
"chr4","158232052","158232339","chr4","109310862","109311156","44","48921190"
"chr4","158242926","158243232","chr4","135707438","135707747","64","22535488"
"chr4","158281526","158281649","chr9","79583180","79583304","20","78698346"
"chr4","158315688","158315818","chr6","105871690","105871818","21","52443998"
"chr4","158398378","158398535","chr5","40167159","40167297","53","118231219"
"chr4","158398891","158399076","chr17","54825565","54825752","35","103573326"
"chr4","158458437","158458597","chr18","28180429","28180591","40","130278008"
"chr4","158463973","158464274","chr15","51781789","51782075","67","106682184"
"chr4","158481354","158481604","chr4","109021466","109021719","45","49459888"
"chr4","158534344","158534663","chr8","70658484","70658788","74","87875860"
"chr4","158564265","158564549","chr4","108939913","108940197","40","49624352"
"chr4","158678256","158678325","chr7","73658799","73658866","16","85019457"
"chr4","158757676","158757955","chr2","130179277","130179554","62","28578399"
"chr4","158866140","158866422","chr4","108610600","108610901","55","50255540"
"chr4","158876142","158876451","chr4","108598984","108599284","54","50277158"
"chr4","158879163","158879303","chr4","24762365","24762512","38","134116798"
"chr4","158879335","158879454","chr4","107354931","107355048","24","51524404"
"chr4","158947408","158947714","chr16","46334192","46334488","70","112613216"
"chr4","158954338","158954613","chr4","24548863","24549139","63","134405475"
"chr4","159158930","159159161","chr3","105724210","105724441","55","53434720"
"chr4","159252042","159252177","chr8","91375377","91375506","29","67876665"
"chr4","159360566","159360882","chr4","108113375","108113680","54","51247191"
"chr4","159426308","159426602","chr5","108117893","108118172","69","51308415"
"chr4","159546961","159547169","chr13","37752834","37753047","58","121794127"
"chr4","159547205","159547329","chr6","112341343","112341464","20","47205862"
"chr4","159573506","159573789","chr4","107869232","107869514","32","51704274"
"chr4","159573920","159574007","chr22","27307534","27307617","16","132266386"
"chr4","159627703","159627981","chr1","204152923","204153211","72","44525220"
"chr4","159628733","159628940","chr13","59196473","59196657","62","100432260"
"chr4","159634011","159634143","chr4","107801752","107801888","18","51832259"
"chr4","159643668","159643786","chr17","18697273","18697397","21","140946395"
"chr4","159644413","159644582","chr2","13959772","13959938","46","145684641"
"chr4","159680440","159680740","chr4","107741115","107741401","46","51939325"
"chr4","159695727","159695854","chrX","29998235","29998361","20","129697492"
"chr4","159718103","159718388","chr7","70529533","70529824","56","89188570"
"chr4","159735530","159735661","chr5","31305611","31305733","20","128429919"
"chr4","159771194","159771497","chr18","22800802","22801101","65","136970392"
"chr4","159773693","159773976","chr4","107594003","107594286","35","52179690"
"chr4","159810190","159810314","chr9","65816955","65817079","18","93993235"
"chr4","159811400","159811524","chr5","44646079","44646202","17","115165321"
"chr4","159823735","159824001","chr20","10487182","10487445","58","149336553"
"chr4","159827154","159827291","chr11","12566672","12566812","21","147260482"
"chr4","159842950","159843072","chr17","24884233","24884356","22","134958717"
"chr4","159857961","159858249","chr4","107511275","107511552","35","52346686"
"chr4","159861783","159861930","chr1","22614360","22614489","39","137247423"
"chr4","159904782","159905081","chr7","493374","493666","52","159411408"
"chr4","159937674","159937984","chr4","107450128","107450427","50","52487546"
"chr4","160012132","160012397","chr2","8980236","8980513","61","151031896"
"chr4","160108868","160109180","chr6","59944245","59944547","62","100164623"
"chr4","160281260","160281538","chr4","160302803","160303055","58","21543"
"chr4","160556942","160557213","chr4","160585765","160586050","57","28823"
"chr4","160799279","160799335","chr2","273706","273759","7","160525573"
"chr4","160841232","160841547","chr4","160792441","160792752","41","48791"
"chr4","160850559","160850867","chr4","160802411","160802695","61","48148"
"chr4","160861377","160861624","chr4","160813870","160814113","35","47507"
"chr4","160923925","160924237","chr20","38136382","38136686","70","122787543"
"chr4","160962638","160962944","chr4","160922066","160922366","47","40572"
"chr4","161029084","161029317","chr4","161005374","161005596","46","23710"
"chr4","161085299","161085418","chr9","65816955","65817079","19","95268344"
"chr4","161085717","161085883","chr4","18351645","18351806","44","142734072"
"chr4","161136051","161136261","chr2","15883450","15883658","39","145252601"
"chr4","161467215","161467525","chr6","132872350","132872658","63","28594865"
"chr4","161533446","161533749","chr4","161498948","161499263","49","34498"
"chr4","161592806","161593105","chr4","43810135","43810439","69","117782671"
"chr4","161949008","161949311","chr5","131527086","131527390","63","30421922"
"chr4","162091738","162092028","chr5","52953805","52954072","76","109137933"
"chr4","162159932","162160228","chr11","84264230","84264517","62","77895702"
"chr4","162347936","162348201","chr4","162041587","162041836","46","306349"
"chr4","162352574","162352696","chr9","45835419","45835544","22","116517155"
"chr4","162368180","162368462","chr4","162055507","162055797","42","312673"
"chr4","162429134","162429234","chr4","162109404","162109497","18","319730"
"chr4","162478963","162479231","chr13","18944890","18945142","62","143534073"
"chr4","162628604","162628893","chr4","8360591","8360881","76","154268013"
"chr4","162746808","162746922","chr1","121147274","121147392","27","41599534"
"chr4","162877186","162877474","chr6","58959939","58960218","74","103917247"
"chr4","162896161","162896460","chr6","124269829","124270127","70","38626332"
"chr4","162896916","162897215","chr14","80921614","80921919","68","81975302"
"chr4","162965432","162965706","chr4","162706932","162707197","43","258500"
"chr4","163074862","163074982","chr4","162823871","162823985","13","250991"
"chr4","163162824","163163138","chr7","78101377","78101671","71","85061447"
"chr4","163349701","163350013","chr9","100935680","100935979","75","62414021"
"chr4","163480693","163480994","chr4","163276775","163277058","55","203918"
"chr4","163714476","163714738","chr4","163514439","163514698","46","200037"
"chr4","163797400","163797683","chr4","163597833","163598109","47","199567"
"chr4","163799246","163799378","chr9","103586171","103586302","22","60213075"
"chr4","164303344","164303627","chr22","34127282","34127563","64","130176062"
"chr4","164710160","164710459","chr5","56462319","56462623","63","108247841"
"chr4","164915506","164915571","chr14","13294030","13294096","11","151621476"
"chr4","165372761","165373052","chr4","165174130","165174402","71","198631"
"chr4","165778290","165778353","chr4","159226691","159226742","21","6551599"
"chr4","165967597","165967827","chr22","8705090","8705330","66","157262507"
"chr4","166027433","166027732","chr11","17495354","17495655","62","148532079"
"chr4","166050091","166050401","chr11","66877535","66877842","65","99172556"
"chr4","166842522","166842822","chr22","29758068","29758367","58","137084454"
"chr4","166854900","166855133","chr4","166716073","166716310","43","138827"
"chr4","166885947","166886237","chr7","70529533","70529824","56","96356414"
"chr4","167349616","167349736","chr4","167059545","167059660","19","290071"
"chr4","167444924","167445206","chr1","139763383","139763661","59","27681541"
"chr4","167555547","167555849","chr5","101892022","101892320","66","65663525"
"chr4","167562322","167562450","chrX","29998235","29998361","17","137564087"
"chr4","167629579","167629702","chr4","167310638","167310765","17","318941"
"chr4","167714463","167714720","chr11","61987283","61987542","52","105727180"
"chr4","168087299","168087520","chr4","167759340","167759567","29","327959"
"chr4","168492096","168492230","chr1","192542368","192542501","24","24050272"
"chr4","168772449","168772598","chr13","58496153","58496302","32","110276296"
"chr4","168790626","168790748","chr19","39247718","39247841","22","129542908"
"chr4","168939155","168939415","chr4","168475732","168475996","43","463423"
"chr4","168966001","168966193","chr2","36714412","36714592","50","132251589"
"chr4","168966497","168966569","chr20","2243206","2243276","16","166723291"
"chr4","169281994","169282274","chr20","10487182","10487445","61","158794812"
"chr4","169394987","169395112","chr4","13636507","13636633","23","155758480"
"chr4","169528172","169528321","chr2","116097377","116097529","29","53430795"
"chr4","169566770","169567002","chr16","37866159","37866376","57","131700611"
"chr4","169567514","169567543","chr10","22521327","22521358","4","147046187"
"chr4","169678459","169678632","chr17","48056948","48057120","34","121621511"
"chr4","169886463","169886552","chr4","169429451","169429546","11","457012"
"chr4","169931322","169931448","chr11","66333336","66333450","35","103597986"
"chr4","169931746","169931839","chr2","11043633","11043718","26","158888113"
"chr4","170000149","170000289","chr7","44071353","44071486","23","125928796"
"chr4","170223164","170223241","chr9","44462528","44462597","17","125760636"
"chr4","170248458","170248566","chr2","11777768","11777876","35","158470690"
"chr4","170770993","170771302","chr10","111893627","111893939","41","58877366"
"chr4","170866889","170867179","chrX","108475064","108475349","76","62391825"
"chr4","171075677","171075975","chr10","112169409","112169705","48","58906268"
"chr4","171251701","171251973","chr7","30839369","30839648","60","140412332"
"chr4","171316549","171316828","chr13","36056001","36056281","81","135260548"
"chr4","171573271","171573559","chr11","60197055","60197347","65","111376216"
"chr4","171765141","171765439","chr1","188149430","188149729","57","16384289"
"chr4","171927868","171928171","chr2","36914712","36915009","73","135013156"
"chr4","171958747","171958984","chr4","171602568","171602796","48","356179"
"chr4","172151721","172151854","chr3","149245179","149245310","23","22906542"
"chr4","172243656","172243933","chr4","171319214","171319499","56","924442"
"chr4","172256551","172256847","chr4","171306569","171306873","62","949982"
"chr4","172370834","172370936","chr4","115728591","115728689","25","56642243"
"chr5","158990277","158990613","chr5","141615757","141616078","82","17374520"
"chr5","149005","149284","chr15","33790444","33790722","73","33641439"
"chr5","251599","251864","chr3","190536307","190536576","47","190284708"
"chr5","527050","527318","chr3","190439868","190440155","53","189912818"
"chr5","718002","718282","chr3","190199131","190199404","53","189481129"
"chr5","747674","747843","chr15","75398883","75399064","43","74651209"
"chr5","870987","871285","chr7","493374","493666","57","377613"
"chr5","883674","883794","chr16","69056136","69056255","27","68172462"
"chr5","884085","884099","chr2","47407563","47407577","9","46523478"
"chr5","1050260","1050588","chr3","189846324","189846639","45","188796064"
"chr5","1202916","1203036","chr1","176456973","176457096","20","175254057"
"chr5","1203081","1203225","chr13","28285408","28285549","38","27082327"
"chr5","1203586","1203704","chr22","29149976","29150092","32","27946390"
"chr5","1240208","1240511","chr7","59384217","59384511","74","58144009"
"chr5","1293037","1293150","chr1","189291918","189292031","34","187998881"
"chr5","1317427","1317709","chr5","43481946","43482233","66","42164519"
"chr5","1333815","1334103","chr3","189566655","189566944","30","188232840"
"chr5","1686798","1687107","chr3","189453184","189453474","61","187766386"
"chr5","1729164","1729198","chr9","99943494","99943528","4","98214330"
"chr5","1742504","1742797","chr1","165107174","165107471","52","163364670"
"chr5","1813147","1813287","chr2","170813628","170813760","35","169000481"
"chr5","1823184","1823307","chr5","31305611","31305733","26","29482427"
"chr5","1823308","1823596","chr1","198410057","198410349","54","196586749"
"chr5","1896526","1896832","chr6","132872350","132872658","58","130975824"
"chr5","1950066","1950306","chr9","94539538","94539792","90","92589472"
"chr5","1957239","1957495","chr3","189065990","189066257","53","187108751"
"chr5","1969780","1969893","chr6","25842341","25842447","27","23872561"
"chr5","1972296","1972515","chr10","43366581","43366803","78","41394285"
"chr5","1978264","1978536","chr2","15576517","15576785","61","13598253"
"chr5","1979173","1979473","chr3","189038531","189038829","49","187059358"
"chr5","1980490","1980781","chr1","170883474","170883759","82","168902984"
"chr5","2018213","2018481","chr3","189001420","189001676","47","186983207"
"chr5","2022929","2023229","chr3","188997597","188997899","41","186974668"
"chr5","2041935","2042223","chr3","153009060","153009353","58","150967125"
"chr5","2091669","2091798","chr4","106083874","106084003","20","103992205"
"chr5","2133843","2133971","chr1","155368947","155369069","31","153235104"
"chr5","2141498","2141756","chr3","188888817","188889067","28","186747319"
"chr5","2161177","2161425","chr22","15492261","15492493","75","13331084"
"chr5","2348491","2348776","chr3","188736624","188736923","44","186388133"
"chr5","2420399","2420673","chr3","188670655","188670935","48","186250256"
"chr5","2656476","2656612","chr3","65250236","65250367","29","62593760"
"chr5","2656911","2657068","chr1","51033543","51033694","40","48376632"
"chr5","2673192","2673316","chr9","8422725","8422848","20","5749533"
"chr5","2673762","2674045","chr3","188434761","188435037","51","185760999"
"chr5","2707907","2708181","chr1","81787386","81787676","72","79079479"
"chr5","2716412","2716617","chrX","107099426","107099651","65","104383014"
"chr5","2724432","2724739","chr1","204029697","204030003","73","201305265"
"chr5","2746086","2746234","chr5","31488324","31488459","35","28742238"
"chr5","2746544","2746696","chr9","114388715","114388867","38","111642171"
"chr5","2768971","2769118","chr13","57332614","57332737","43","54563643"
"chr5","2769423","2769548","chr4","58596055","58596175","22","55826632"
"chr5","2783341","2783475","chr2","131370983","131371114","23","128587642"
"chr5","2784686","2784967","chr19","29219146","29219429","65","26434460"
"chr5","2804981","2805243","chr3","188316166","188316406","44","185511185"
"chr5","2818996","2819277","chr3","188304633","188304930","57","185485637"
"chr5","2848278","2848406","chr17","18697273","18697397","20","15848995"
"chr5","2852220","2852511","chr3","188270391","188270692","67","185418171"
"chr5","2874031","2874326","chr12","36952591","36952886","59","34078560"
"chr5","2874328","2874623","chr2","16689005","16689306","55","13814677"
"chr5","2906040","2906349","chr13","69699481","69699776","71","66793441"
"chr5","2921939","2922188","chr14","70275344","70275578","61","67353405"
"chr5","2931413","2931697","chr9","92420833","92421114","64","89489420"
"chr5","2955624","2955678","chr4","127433741","127433793","22","124478117"
"chr5","2955990","2956115","chr1","121147274","121147392","40","118191284"
"chr5","2992778","2992909","chr5","99194863","99194996","20","96202085"
"chr5","2993650","2993958","chr3","188120879","188121189","52","185127229"
"chr5","3060976","3061271","chr3","188048058","188048325","67","184987082"
"chr5","3094430","3094716","chr2","16070846","16071128","66","12976416"
"chr5","3140117","3140387","chr3","187976041","187976327","52","184835924"
"chr5","3153291","3153449","chr12","33261650","33261815","53","30108359"
"chr5","3167489","3167759","chr7","81488180","81488442","70","78320691"
"chr5","3171818","3171939","chrX","69342191","69342313","26","66170373"
"chr5","3207996","3208265","chr7","24059808","24060089","73","20851812"
"chr5","3242409","3242712","chr4","111330364","111330653","67","108087955"
"chr5","3251046","3251168","chrX","120496137","120496262","20","117245091"
"chr5","3265698","3265997","chr3","187870007","187870302","34","184604309"
"chr5","3291047","3291182","chr2","170813628","170813760","20","167522581"
"chr5","3297538","3297851","chr3","187839301","187839615","30","184541763"
"chr5","3369150","3369435","chr3","187735077","187735350","62","184365927"
"chr5","3375811","3376102","chrX","20607629","20607919","54","17231818"
"chr5","3400568","3400798","chr7","78037492","78037715","56","74636924"
"chr5","3411715","3412019","chr3","187692877","187693163","54","184281162"
"chr5","3458613","3458864","chr12","41146250","41146509","57","37687637"
"chr5","3462776","3463058","chr3","187645315","187645582","51","184182539"
"chr5","3477201","3477488","chr3","187630818","187631098","66","184153617"
"chr5","3538248","3538556","chr15","72518938","72519246","59","68980690"
"chr5","3612613","3612910","chr17","6128741","6129040","47","2516128"
"chr5","3830624","3830895","chr3","187258176","187258443","45","183427552"
"chr5","4458244","4458343","chr9","111821287","111821385","29","107363043"
"chr5","4500089","4500399","chr3","182005654","182005962","44","177505565"
"chr5","4509517","4509798","chr3","182016142","182016421","45","177506625"
"chr5","4559487","4559794","chr6","140215175","140215480","63","135655688"
"chr5","4574629","4574918","chr3","189280360","189280656","61","184705731"
"chr5","4587363","4587498","chr8","97649621","97649760","30","93062258"
"chr5","4847836","4848118","chr3","182370356","182370637","31","177522520"
"chr5","4869975","4870077","chr11","128205151","128205252","20","123335176"
"chr5","4935858","4935978","chr3","52890490","52890612","19","47954632"
"chr5","5158023","5158143","chr19","39247718","39247841","24","34089695"
"chr5","5167478","5167717","chr3","182696662","182696909","27","177529184"
"chr5","5189455","5189739","chr14","65803189","65803472","60","60613734"
"chr5","5358501","5358771","chr3","182913557","182913831","30","177555056"
"chr5","5689112","5689391","chrX","106520726","106521015","61","100831614"
"chr5","5848649","5848737","chr7","128274164","128274254","19","122425515"
"chr5","5939215","5939340","chr3","183559097","183559223","14","177619882"
"chr5","5961516","5961818","chr7","97730148","97730448","56","91768632"
"chr5","5963143","5963455","chr5","32159227","32159534","65","26196084"
"chr5","6298066","6298350","chr8","112996641","112996930","47","106698575"
"chr5","6404756","6405067","chr12","84699755","84700062","58","78294999"
"chr5","6445450","6445762","chr3","184105275","184105561","59","177659825"
"chr5","6486627","6486924","chrX","14756991","14757281","67","8270364"
"chr5","6683774","6684070","chr3","184351721","184352003","42","177667947"
"chr5","6750107","6750418","chr2","29941556","29941863","60","23191449"
"chr5","6801401","6801711","chr3","184478764","184479081","41","177677363"
"chr5","6821217","6821482","chr3","184504485","184504753","51","177683268"
"chr5","6843598","6843758","chr9","46276827","46276979","38","39433229"
"chr5","6906880","6907131","chr3","184601511","184601767","39","177694631"
"chr5","6921329","6921646","chr3","39544873","39545188","61","32623544"
"chr5","7126196","7126314","chr5","93839697","93839814","22","86713501"
"chr5","7193616","7193732","chr9","112486080","112486197","25","105292464"
"chr5","7393591","7393722","chr2","10110790","10110922","18","2717199"
"chr5","7397597","7397845","chrX","63370150","63370401","59","55972553"
"chr5","7439840","7440134","chr9","16578012","16578303","62","9138172"
"chr5","7476527","7476810","chr11","82443030","82443313","64","74966503"
"chr5","8024130","8024392","chr3","185734764","185735002","61","177710634"
"chr5","8058925","8059225","chr11","120608722","120609012","55","112549797"
"chr5","8107548","8107827","chr7","130813510","130813787","55","122705962"
"chr5","8144228","8144495","chrX","12600332","12600602","67","4456104"
"chr5","8147440","8147742","chr17","40176040","40176340","56","32028600"
"chr5","8178235","8178478","chr3","185886297","185886541","27","177708062"
"chr5","8212217","8212560","chr11","15011895","15012243","76","6799678"
"chr5","8332891","8333190","chr15","61218731","61219028","51","52885840"
"chr5","8438518","8438698","chr17","48056948","48057120","36","39618430"
"chr5","8748166","8748451","chr3","186491481","186491787","61","177743315"
"chr5","8753606","8753643","chr4","3751293","3751333","6","5002313"
"chr5","8917511","8917824","chr15","72518938","72519246","63","63601427"
"chr5","8932007","8932303","chr3","186707699","186708003","47","177775692"
"chr5","9085503","9085812","chr18","32066350","32066649","76","22980847"
"chr5","9109179","9109335","chr1","53541243","53541394","38","44432064"
"chr5","9109362","9109469","chr12","53533404","53533513","23","44424042"
"chr5","9424575","9424707","chr3","181580551","181580680","19","172155976"
"chr5","10665812","10665940","chr7","51683975","51684102","20","41018163"
"chr5","10817363","10817688","chr3","179974996","179975294","68","169157633"
"chr5","11036179","11036309","chr22","45119087","45119217","25","34082908"
"chr5","11768061","11768286","chr11","20973291","20973519","56","9205230"
"chr5","11912550","11912848","chr18","33187573","33187871","62","21275023"
"chr5","11991600","11991778","chr10","126259446","126259620","50","114267846"
"chr5","11992079","11992171","chr2","71146304","71146385","32","59154225"
"chr5","11992511","11992562","chr18","8314798","8314847","17","3677713"
"chr5","12007770","12008050","chrX","43460098","43460387","83","31452328"
"chr5","12018581","12018855","chr20","7533162","7533444","74","4485419"
"chr5","12119000","12119258","chr3","178666371","178666597","70","166547371"
"chr5","12186881","12187166","chr3","178598383","178598650","52","166411502"
"chr5","12523789","12524093","chr5","17583319","17583611","81","5059530"
"chr5","12543869","12544180","chr9","78591630","78591939","62","66047761"
"chr5","12815115","12815417","chrY","1728836","1729131","66","11086279"
"chr5","12843300","12843617","chr5","83552603","83552909","75","70709303"
"chr5","13039344","13039474","chr2","18985348","18985479","24","5946004"
"chr5","13306912","13307194","chr3","177382262","177382541","56","164075350"
"chr5","13589905","13590148","chr3","70418623","70418875","61","56828718"
"chr5","13666427","13666724","chr5","115310019","115310310","60","101643592"
"chr5","14343069","14343377","chr8","76537930","76538239","63","62194861"
"chr5","14726898","14727072","chr11","66043564","66043741","36","51316666"
"chr5","14729725","14729854","chr9","43510189","43510319","21","28780464"
"chr5","14865127","14865429","chr3","175795275","175795586","62","160930148"
"chr5","14981435","14981724","chr3","175659447","175659732","48","160678012"
"chr5","15215917","15216206","chr3","175452433","175452709","47","160236516"
"chr5","15226372","15226626","chr3","175440063","175440313","41","160213691"
"chr5","15243362","15243648","chr3","175422499","175422790","49","160179137"
"chr5","15270705","15270828","chr6","115121226","115121350","21","99850521"
"chr5","15323201","15323329","chr13","1728584","1728710","29","13594617"
"chr5","15362093","15362371","chr11","61984364","61984654","78","46622271"
"chr5","15487084","15487218","chr3","149245179","149245310","21","133758095"
"chr5","15543728","15544025","chr3","175117014","175117315","49","159573286"
"chr5","15603349","15603479","chr3","175055862","175055991","17","159452513"
"chr5","16334179","16334475","chr3","174308163","174308443","47","157973984"
"chr5","16615611","16615735","chr14","19993266","19993392","25","3377655"
"chr5","16807672","16807976","chr12","84699755","84700062","64","67892083"
"chr5","16846472","16846762","chr22","32818279","32818574","59","15971807"
"chr5","16854010","16854315","chr3","173826482","173826775","44","156972472"
"chr5","16886340","16886455","chr3","173786783","173786898","13","156900443"
"chr5","16894624","16894809","chr7","6940600","6940771","50","9954024"
"chr5","16906374","16906685","chr1","120744956","120745266","63","103838582"
"chr5","16917048","16917149","chr9","114568709","114568812","16","97651661"
"chr5","16926935","16927175","chr1","180241325","180241563","56","163314390"
"chr5","16940462","16940761","chr5","43481946","43482233","69","26541484"
"chr5","16968891","16969021","chr2","170813628","170813760","26","153844737"
"chr5","16969615","16969789","chr22","7487096","7487267","43","9482519"
"chr5","16974615","16974747","chr15","16123472","16123605","22","851143"
"chr5","16975029","16975176","chr22","10337685","10337824","31","6637344"
"chr5","17079676","17079800","chr16","69056136","69056255","21","51976460"
"chr5","17120109","17120418","chr15","72518938","72519246","66","55398829"
"chr5","17153837","17154099","chr3","173533166","173533430","30","156379329"
"chr5","17520460","17520561","chr3","173720898","173720998","26","156200438"
"chr5","17520607","17520756","chr2","189489762","189489913","34","171969155"
"chr5","17989877","17990001","chr13","114883886","114884010","19","96894009"
"chr5","18368434","18368491","chr4","32848789","32848847","17","14480355"
"chr5","18453434","18453558","chr3","172192521","172192644","20","153739087"
"chr5","18646534","18646841","chr3","172017246","172017553","59","153370712"
"chr5","18666611","18666909","chr3","171997255","171997553","56","153330644"
"chr5","18863667","18863801","chr17","73250584","73250724","21","54386917"
"chr5","19150424","19150720","chrX","40322376","40322663","69","21171952"
"chr5","19355572","19355876","chr12","36952591","36952886","73","17597019"
"chr5","19706297","19706591","chrUn_GL287824","31515","31808","68","19674782"
"chr5","19734176","19734489","chr16","8890862","8891169","63","10843314"
"chr5","19897051","19897375","chr2","13987385","13987695","76","5909666"
"chr5","20099504","20099756","chr9","8595709","8595948","74","11503795"
"chr5","20106430","20106722","chr4","13667055","13667352","66","6439375"
"chr5","20197272","20197568","chr11","82443030","82443313","71","62245758"
"chr5","20264332","20264648","chr5","40205296","40205600","72","19940964"
"chr5","20527107","20527362","chr3","170077616","170077855","59","149550509"
"chr5","20554261","20554407","chr2","16466012","16466144","41","4088249"
"chr5","20554441","20554610","chr1","169458534","169458710","34","148904093"
"chr5","20578645","20578723","chr14","65500132","65500210","11","44921487"
"chr5","20580782","20580808","chr7","121158321","121158346","9","100577539"
"chr5","20580839","20581113","chr3","170031545","170031844","59","149450706"
"chr5","20598452","20598585","chr2","78576342","78576471","24","57977890"
"chr5","20777375","20777575","chrX","29485044","29485249","48","8707669"
"chr5","20827311","20827615","chr3","169833922","169834224","49","149006611"
"chr5","20894459","20894763","chr10","93110088","93110390","64","72215629"
"chr5","21079530","21079791","chr3","169570742","169571027","64","148491212"
"chr5","21188949","21189246","chr3","169453472","169453764","50","148264523"
"chr5","21204919","21205033","chr13","83458171","83458284","21","62253252"
"chr5","21360627","21360946","chr3","169283212","169283531","50","147922585"
"chr5","21903194","21903493","chr3","168695732","168696025","47","146792538"
"chr5","21944020","21944301","chr7","66388710","66388987","64","44444690"
"chr5","22038159","22038454","chr9","53523121","53523415","59","31484962"
"chr5","22058036","22058222","chr5","130345480","130345649","54","108287444"
"chr5","23552808","23553072","chr5","77105400","77105669","70","53552592"
"chr5","23859579","23859740","chr15","24302989","24303141","44","443410"
"chr5","23967051","23967350","chr3","166587419","166587698","61","142620368"
"chr5","24023995","24024111","chr11","109461963","109462085","16","85437968"
"chr5","24026777","24027087","chr3","166534157","166534454","53","142507380"
"chr5","24389476","24389765","chr3","166148560","166148855","44","141759084"
"chr5","24402733","24403035","chr3","166135393","166135691","43","141732660"
"chr5","24439741","24440056","chr5","9014229","9014531","78","15425512"
"chr5","24484249","24484533","chr3","166043895","166044172","43","141559646"
"chr5","24609955","24610233","chr3","165909533","165909818","38","141299578"
"chr5","24614257","24614565","chr10","74657438","74657746","60","50043181"
"chr5","24628547","24628840","chr13","40050342","40050639","56","15421795"
"chr5","24629350","24629473","chr9","21660421","21660545","19","2968929"
"chr5","24645718","24646016","chr16","96695087","96695382","61","72049369"
"chr5","24669039","24669158","chr3","165854349","165854475","23","141185310"
"chr5","24675377","24675500","chr3","165848458","165848581","16","141173081"
"chr5","24808979","24809275","chr4","36727942","36728236","58","11918963"
"chr5","24818638","24818826","chr14","104960405","104960597","40","80141767"
"chr5","24861777","24861907","chr10","45321452","45321581","20","20459675"
"chr5","24875408","24875713","chr19","17031038","17031339","69","7844370"
"chr5","24886944","24887245","chr12","36952591","36952886","61","12065647"
"chr5","24920076","24920385","chr6","124026035","124026337","61","99105959"
"chr5","24936556","24936847","chr11","120608722","120609012","54","95672166"
"chr5","24986663","24986780","chr1","193428102","193428218","20","168441439"
"chr5","25054177","25054478","chr12","13322686","13322982","65","11731491"
"chr5","25087120","25087251","chr3","165430982","165431105","25","140343862"
"chr5","25087559","25087728","chr3","165429924","165430089","34","140342365"
"chr5","25107833","25107950","chr14","81158200","81158314","29","56050367"
"chr5","25122305","25122600","chr13","40050342","40050639","60","14928037"
"chr5","25122603","25122703","chr3","165392536","165392635","17","140269933"
"chr5","25127291","25127413","chr2","38631189","38631317","27","13503898"
"chr5","25150944","25151074","chr14","76068886","76069008","24","50917942"
"chr5","25166113","25166276","chr2","7088626","7088790","30","18077487"
"chr5","25166307","25166422","chr9","102564839","102564954","20","77398532"
"chr5","25237234","25237306","chr5","95378880","95378953","12","70141646"
"chr5","25321590","25321902","chr3","165125648","165125932","60","139804058"
"chr5","25400979","25401258","chr3","26556188","26556454","66","1155209"
"chr5","25549739","25549862","chr4","13599154","13599281","20","11950585"
"chr5","25628584","25628680","chr7","150943963","150944060","16","125315379"
"chr5","25707842","25708133","chr7","70801500","70801792","62","45093658"
"chr5","25822721","25823010","chr20","149604","149889","70","25673117"
"chr5","25903221","25903500","chr3","164524845","164525124","29","138621624"
"chr5","26117247","26117379","chr2","41238218","41238347","22","15120971"
"chr5","26154209","26154518","chr4","137136066","137136370","61","110981857"
"chr5","26285072","26285384","chr19","1163250","1163563","72","25121822"
"chr5","26347012","26347135","chr1","106642431","106642552","25","80295419"
"chr5","26393384","26393484","chr5","11644176","11644276","23","14749208"
"chr5","26497202","26497324","chr5","44646079","44646202","23","18148877"
"chr5","26572533","26572671","chr3","163866950","163867092","24","137294417"
"chr5","26647103","26647396","chr3","163791822","163792112","31","137144719"
"chr5","26774331","26774619","chr3","163656196","163656486","48","136881865"
"chr5","27393128","27393408","chr3","162976619","162976898","37","135583491"
"chr5","27629806","27630070","chr8","76560509","76560777","54","48930703"
"chr5","27731634","27731908","chr7","14103441","14103711","70","13628193"
"chr5","27814149","27814451","chr3","162527998","162528319","66","134713849"
"chr5","28456818","28457117","chr6","58314619","58314915","63","29857801"
"chr5","28476295","28476458","chr3","4718865","4719021","39","23757430"
"chr5","28476490","28476574","chr1","177564929","177565020","19","149088439"
"chr5","28757739","28757873","chr1","102188482","102188614","33","73430743"
"chr5","28798914","28799207","chrX","11036430","11036712","71","17762484"
"chr5","28894200","28894470","chrUn_GL286258","38753","39003","75","28855447"
"chr5","29012715","29013008","chr16","61555872","61556165","58","32543157"
"chr5","29154593","29154925","chr2","13568524","13568834","96","15586069"
"chr5","29281522","29281690","chr3","4718865","4719021","42","24562657"
"chr5","29281725","29281842","chr14","45762266","45762383","20","16480541"
"chr5","29396871","29397146","chr2","16314575","16314859","70","13082296"
"chr5","29456724","29457029","chr4","107218552","107218849","73","77761828"
"chr5","29599026","29599123","chr15","96675705","96675807","19","67076679"
"chr5","29632388","29632599","chr3","160805612","160805817","52","131173224"
"chr5","29681285","29681407","chr9","65816955","65817079","24","36135670"
"chr5","30550927","30551231","chr20","20354483","20354779","70","10196444"
"chr5","31144703","31145003","chrX","22454216","22454523","69","8690487"
"chr5","31692722","31693057","chr3","158689394","158689736","79","126996672"
"chr5","32000239","32000605","chr2","6784654","6784993","100","25215585"
"chr5","32521670","32521843","chr14","59259487","59259656","47","26737817"
"chr5","32521878","32521987","chr2","2692415","2692524","27","29829463"
"chr5","32527306","32527435","chr4","110194069","110194197","25","77666763"
"chr5","32856813","32856974","chr14","16117871","16118020","46","16738942"
"chr5","32857300","32857455","chr5","45860737","45860891","43","13003437"
"chr5","33500001","33500078","chr20","11509064","11509138","25","21990937"
"chr5","33697406","33697658","chr3","149545010","149545252","85","115847604"
"chr5","35693333","35693620","chr3","154753527","154753817","50","119060194"
"chr5","35985323","35985489","chr11","62604229","62604396","40","26618906"
"chr5","35985534","35985650","chr15","22491152","22491268","21","13494382"
"chr5","36557645","36557774","chr7","58239646","58239772","29","21682001"
"chr5","37273923","37274224","chr2","166314745","166315041","58","129040822"
"chr5","37338676","37338864","chr8","73956428","73956622","52","36617752"
"chr5","37385081","37385394","chr3","151778094","151778405","63","114393013"
"chr5","37389188","37389476","chrX","16677699","16677992","66","20711489"
"chr5","37519478","37519766","chr2","201309763","201310040","65","163790285"
"chr5","37535371","37535652","chr3","184351721","184352003","69","146816350"
"chr5","37599785","37599918","chr2","11695570","11695700","18","25904215"
"chr5","37601257","37601564","chr15","32840949","32841254","67","4760308"
"chr5","37637516","37637770","chr3","152850374","152850617","36","115212858"
"chr5","38027256","38027516","chr1","174815877","174816140","58","136788621"
"chr5","38260317","38260584","chr3","152220392","152220664","40","113960075"
"chr5","38286500","38286635","chr19","22108614","22108744","22","16177886"
"chr5","38350170","38350305","chr11","27993807","27993940","18","10356363"
"chr5","38351433","38351471","chr9","9555030","9555072","9","28796403"
"chr5","38441462","38441583","chr22","4565834","4565943","35","33875628"
"chr5","38555738","38555903","chr3","5910863","5911020","42","32644875"
"chr5","38556201","38556334","chrX","22373284","22373410","25","16182917"
"chr5","38568014","38568325","chr3","151884468","151884783","51","113316454"
"chr5","38629401","38629678","chr7","60677817","60678103","48","22048416"
"chr5","38667076","38667356","chr4","23638614","23638892","70","15028462"
"chr5","38766200","38766463","chr6","112891961","112892244","64","74125761"
"chr5","38766585","38766852","chr14","18987846","18988107","77","19778739"
"chr5","38800740","38801040","chr3","151622572","151622867","33","112821832"
"chr5","38810457","38810761","chr10","93110088","93110390","59","54299631"
"chr5","38902762","38903058","chr14","21286699","21286994","63","17616063"
"chr5","38906812","38907109","chr4","39332871","39333162","60","426059"
"chr5","38947943","38948240","chr10","122411599","122411887","71","83463656"
"chr5","38954334","38954465","chr4","144511631","144511760","30","105557297"
"chr5","38954690","38954817","chr7","26075412","26075534","35","12879278"
"chr5","38957853","38957974","chr9","8892547","8892667","20","30065306"
"chr5","39035039","39035313","chr3","151433974","151434261","41","112398935"
"chr5","39053327","39053429","chr22","29149976","29150092","22","9903351"
"chr5","39068973","39069264","chr3","151400580","151400852","52","112331607"
"chr5","39169661","39169945","chr5","44526179","44526457","64","5356518"
"chr5","39249320","39249428","chrX","43072109","43072204","34","3822789"
"chr5","39250533","39250668","chr9","20099570","20099702","27","19150963"
"chr5","39262554","39262703","chr3","151317086","151317238","20","112054532"
"chr5","39298987","39299111","chr4","151759409","151759533","26","112460422"
"chr5","39308847","39309146","chr3","151261420","151261711","53","111952573"
"chr5","39321357","39321393","chr1","195422697","195422735","8","156101340"
"chr5","39334305","39334402","chr4","106631117","106631212","18","67296812"
"chr5","39346716","39346836","chrX","45736957","45737074","21","6390241"
"chr5","39347458","39347573","chr5","77459437","77459531","33","38111979"
"chr5","39352305","39352522","chr5","89292510","89292728","43","49940205"
"chr5","39367111","39367393","chr1","102110047","102110334","57","62742936"
"chr5","39378539","39378834","chr22","13386087","13386376","66","25992452"
"chr5","39379631","39379917","chr4","80869804","80870087","60","41490173"
"chr5","39403340","39403622","chr5","87129552","87129831","65","47726212"
"chr5","39410545","39410807","chr11","61987283","61987542","55","22576738"
"chr5","39412135","39412348","chr4","12360826","12361036","47","27051309"
"chr5","39460709","39460831","chr1","199892609","199892732","20","160431900"
"chr5","39492495","39492790","chr5","17583319","17583611","86","21909176"
"chr5","39512020","39512341","chr3","151090266","151090542","84","111578246"
"chr5","39534323","39534558","chr3","151070766","151071010","47","111536443"
"chr5","39535244","39535540","chr9","45669573","45669861","72","6134329"
"chr5","39552188","39552311","chr9","121935096","121935218","15","82382908"
"chr5","39566169","39566476","chr3","151035248","151035551","47","111469079"
"chr5","39570381","39570516","chr16","43911507","43911646","40","4341126"
"chr5","39570811","39570927","chr5","84342879","84342988","29","44772068"
"chr5","39580231","39580531","chr7","67188624","67188926","72","27608393"
"chr5","39589255","39589503","chr3","151015944","151016188","53","111426689"
"chr5","39634048","39634344","chr2","140573404","140573691","68","100939356"
"chr5","39637645","39637910","chr3","119295284","119295536","68","79657639"
"chr5","39646620","39646913","chr19","48742894","48743187","65","9096274"
"chr5","39659769","39659971","chr5","6447228","6447428","47","33212541"
"chr5","39663650","39663779","chr4","110194069","110194197","24","70530419"
"chr5","39687329","39687463","chr2","18201706","18201839","26","21485623"
"chr5","39723362","39723492","chr1","99997997","99998125","23","60274635"
"chr5","39733823","39734116","chr3","150892913","150893195","42","111159090"
"chr5","39761654","39761897","chrX","23420940","23421181","69","16340714"
"chr5","39784861","39785160","chr3","150842563","150842859","44","111057702"
"chr5","39788201","39788335","chr5","46011681","46011810","25","6223480"
"chr5","39823791","39824091","chr22","29213886","29214184","61","10609905"
"chr5","39825375","39825677","chr3","150800290","150800585","46","110974915"
"chr5","39849236","39849508","chr3","150777865","150778127","37","110928629"
"chr5","39859352","39859622","chr1","175682262","175682534","56","135822910"
"chr5","39892038","39892272","chr12","19657642","19657879","47","20234396"
"chr5","39913158","39913441","chr3","150705537","150705818","52","110792379"
"chr5","39957433","39957572","chr9","112921738","112921872","23","72964305"
"chr5","40054885","40055097","chr8","76504622","76504837","57","36449737"
"chr5","40056108","40056415","chr3","150596918","150597202","57","110540810"
"chr5","40170163","40170441","chrX","106520726","106521015","51","66350563"
"chr5","40170959","40171086","chr3","150467906","150468042","23","110296947"
"chr5","40271365","40271477","chr15","61296467","61296574","19","21025102"
"chr5","40301127","40301399","chr1","189623405","189623671","63","149322278"
"chr5","40326291","40326592","chr1","150763613","150763909","64","110437322"
"chr5","40354398","40354525","chr8","68743541","68743672","26","28389143"
"chr5","40368053","40368123","chr1","202084540","202084596","24","161716487"
"chr5","40375402","40375644","chr1","117639362","117639598","55","77263960"
"chr5","40380055","40380313","chr9","101986624","101986886","58","61606569"
"chr5","40398024","40398143","chr5","44802174","44802292","19","4404150"
"chr5","40404714","40404932","chr3","150232947","150233160","42","109828233"
"chr5","40407975","40408264","chr4","155554282","155554564","60","115146307"
"chr5","40438284","40438403","chr15","49323014","49323135","20","8884730"
"chr5","40472538","40472647","chrX","27659767","27659871","21","12812771"
"chr5","40517983","40518247","chr5","140466443","140466709","59","99948460"
"chr5","40548619","40548933","chr4","111657812","111658121","66","71109193"
"chr5","40569184","40569279","chr12","79275938","79276033","26","38706754"
"chr5","40614201","40614512","chr3","150020390","150020684","51","109406189"
"chr5","40730456","40730768","chr3","149894832","149895148","53","109164376"
"chr5","40759724","40760006","chr5","8405996","8406277","64","32353728"
"chr5","40780428","40780704","chr3","149845390","149845675","58","109064962"
"chr5","40804103","40804374","chr5","109677073","109677335","59","68872970"
"chr5","40887083","40887367","chr7","60677817","60678103","61","19790734"
"chr5","40894913","40895199","chr1","194015120","194015405","61","153120207"
"chr5","40969460","40969782","chr3","149656605","149656915","78","108687145"
"chr5","40996546","40996801","chr3","149614943","149615188","43","108618397"
"chr5","41043390","41043521","chr5","127901579","127901706","27","86858189"
"chr5","41061861","41062151","chr3","149551881","149552162","32","108490020"
"chr5","41112993","41113277","chr20","509485","509771","65","40603508"
"chr5","41243369","41243493","chr3","149345364","149345489","10","108101995"
"chr5","41338247","41338377","chr3","149245179","149245310","15","107906932"
"chr5","41408328","41408621","chr3","149175789","149176073","43","107767461"
"chr5","41482741","41482874","chr3","149100164","149100296","15","107617423"
"chr5","41496456","41496760","chr8","74550433","74550733","75","33053977"
"chr5","41552642","41552923","chr3","149028259","149028516","44","107475617"
"chr5","41632051","41632168","chr7","79741137","79741252","19","38109086"
"chr5","41759961","41760269","chrUn_GL286234","51216","51507","92","41708745"
"chr5","41760658","41760948","chrX","20607629","20607919","70","21153029"
"chr5","41783867","41784145","chr1","166931846","166932134","62","125147979"
"chr5","41875745","41875868","chr5","44646079","44646202","19","2770334"
"chr5","41968565","41968855","chr9","36143544","36143820","69","5825021"
"chr5","42099921","42100227","chr3","148485179","148485483","57","106385258"
"chr5","42198924","42199225","chr3","148408684","148409008","66","106209760"
"chr5","42363632","42363930","chr3","148247902","148248179","74","105884270"
"chr5","42625884","42626013","chr9","65816955","65817079","22","23191071"
"chr5","42897602","42897921","chr3","147723181","147723501","36","104825579"
"chr5","43604828","43605119","chr1","192044767","192045049","74","148439939"
"chr5","44163633","44163929","chr16","26279287","26279583","68","17884346"
"chr5","44287098","44287382","chr3","146410194","146410480","41","102123096"
"chr5","44609740","44609864","chr3","146071818","146071940","16","101462078"
"chr5","45584663","45584979","chrX","6506369","6506672","69","39078294"
"chr5","45694449","45694756","chr8","52123300","52123597","84","6428851"
"chr5","45713295","45713558","chr3","144944888","144945161","51","99231593"
"chr5","45873613","45873896","chr12","101836847","101837117","73","55963234"
"chr5","46355508","46355786","chr15","51781789","51782075","70","5426281"
"chr5","46680197","46680486","chr2","2427450","2427758","61","44252747"
"chr5","46689051","46689180","chr3","118402734","118402854","37","71713683"
"chr5","46974376","46974664","chr7","63156471","63156746","84","16182095"
"chr5","47273373","47273677","chr2","130179277","130179554","92","82905904"
"chr5","47489078","47489354","chr5","66079941","66080224","60","18590863"
"chr5","47550041","47550339","chr3","143217142","143217429","51","95667101"
"chr5","47599675","47599991","chr10","8915279","8915588","64","38684396"
"chr5","48035663","48035788","chr3","20634202","20634323","30","27401461"
"chr5","48071981","48072253","chr12","23319507","23319788","64","24752474"
"chr5","48227419","48227725","chr3","142574825","142575115","66","94347406"
"chr5","48299510","48299630","chr7","74897348","74897465","18","26597838"
"chr5","48374215","48374421","chr10","79891266","79891470","42","31517051"
"chr5","48419491","48419754","chr5","42154361","42154600","70","6265130"
"chr5","48471498","48471788","chr3","142295513","142295824","50","93824015"
"chr5","48599062","48599363","chr3","142171655","142171959","47","93572593"
"chr5","48688519","48688777","chr5","84024732","84024986","77","35336213"
"chr5","48695627","48695937","chr14","80921614","80921919","74","32225987"
"chr5","48755764","48755899","chr1","41377894","41378028","21","7377870"
"chr5","48757938","48758238","chr3","142006032","142006339","38","93248094"
"chr5","48803729","48804031","chr3","141970332","141970626","33","93166603"
"chr5","48838033","48838307","chr7","44819104","44819382","55","4018929"
"chr5","48849585","48849659","chr5","82589450","82589522","22","33739865"
"chr5","48875113","48875415","chr3","141903233","141903552","52","93028120"
"chr5","48890121","48890399","chr3","141888968","141889247","45","92998847"
"chr5","49264096","49264145","chr1","190883051","190883098","19","141618955"
"chr5","49264180","49264297","chr2","8694044","8694161","22","40570136"
"chr5","49385537","49385842","chr3","109162430","109162727","44","59776893"
"chr5","49414825","49415121","chr11","12827826","12828124","61","36586999"
"chr5","49578429","49578712","chr1","180060139","180060432","58","130481710"
"chr5","49678688","49679001","chrX","122434270","122434575","64","72755582"
"chr5","50058689","50058810","chrX","120496137","120496262","18","70437448"
"chr5","50185165","50185484","chr4","160043890","160044207","66","109858725"
"chr5","50436316","50436663","chr12","15905636","15905943","99","34530680"
"chr5","50618699","50619005","chr3","110468996","110469287","73","59850297"
"chr5","50677689","50677829","chrX","22478430","22478567","22","28199259"
"chr5","50682563","50682857","chr4","80844374","80844657","61","30161811"
"chr5","50685772","50685871","chr3","110537912","110538004","11","59852140"
"chr5","50725874","50726169","chr3","110576039","110576334","44","59850165"
"chr5","50754663","50754810","chrUn_GL286475","13160","13303","34","50741503"
"chr5","50829842","50830147","chr5","83103373","83103695","76","32273531"
"chr5","50834702","50834824","chr21","45537068","45537190","21","5297634"
"chr5","50880399","50880703","chr3","110712538","110712842","46","59832139"
"chr5","50883303","50883569","chr3","110715363","110715617","50","59832060"
"chr5","50889978","50890110","chr4","10682357","10682488","21","40207621"
"chr5","50896600","50896777","chr17","48056948","48057120","36","2839652"
"chr5","50905734","50905869","chr8","26749659","26749790","28","24156075"
"chr5","50909735","50909858","chr3","110740590","110740713","18","59830855"
"chr5","50961209","50961506","chr3","110793864","110794131","55","59832655"
"chr5","50975107","50975400","chrX","62357526","62357821","53","11382419"
"chr5","51017532","51017815","chr12","12640059","12640347","59","38377473"
"chr5","51030098","51030396","chr3","110880101","110880400","35","59850003"
"chr5","51092137","51092266","chr9","65816955","65817079","15","14724818"
"chr5","51177372","51177651","chr4","20988397","20988680","55","30188975"
"chr5","51199326","51199615","chr3","111033017","111033309","43","59833691"
"chr5","51231410","51231710","chr3","111078706","111079007","36","59847296"
"chr5","51352180","51352307","chrX","120496137","120496262","21","69143957"
"chr5","51401858","51402127","chr3","111267005","111267290","55","59865147"
"chr5","51604186","51604473","chr3","111474608","111474895","46","59870422"
"chr5","51636683","51636973","chr9","10039488","10039776","68","41597195"
"chr5","51777290","51777586","chr7","70529533","70529824","61","18752243"
"chr5","51838056","51838347","chr5","37895721","37896023","57","13942335"
"chr5","51884033","51884161","chr3","111752171","111752297","26","59868138"
"chr5","51911426","51911693","chr16","53183885","53184163","63","1272459"
"chr5","51914659","51914926","chr16","53183885","53184163","62","1269226"
"chr5","51926566","51926852","chr12","89683096","89683386","58","37756530"
"chr5","52009084","52009207","chr1","106234261","106234385","25","54225177"
"chr5","52077993","52078274","chr1","90249678","90249953","58","38171685"
"chr5","52100182","52100506","chr10","8915279","8915588","78","43184903"
"chr5","52121916","52122053","chr5","133327714","133327847","28","81205798"
"chr5","52138240","52138362","chr9","65816955","65817079","20","13678715"
"chr5","52250158","52250290","chr1","22614360","22614489","21","29635798"
"chr5","52517237","52517538","chr2","8000025","8000324","69","44517212"
"chr5","52527655","52527946","chr12","21415132","21415424","53","31112523"
"chr5","52681515","52681774","chr13","44460568","44460832","60","8220947"
"chr5","52755901","52756190","chrX","13592824","13593107","67","39163077"
"chr5","52804692","52804974","chr1","155032190","155032474","60","102227498"
"chr5","52943361","52943656","chr3","112934169","112934456","50","59990808"
"chr5","52967524","52967830","chr3","112958738","112959051","57","59991214"
"chr5","53210012","53210293","chrX","7907915","7908188","72","45302097"
"chr5","53498621","53498899","chr1","15031088","15031358","60","38467533"
"chr5","53751361","53751667","chr15","72518938","72519246","67","18767577"
"chr5","54015876","54015999","chrY","590668","590790","21","53425208"
"chr5","54148757","54149082","chr9","102262325","102262646","69","48113568"
"chr5","54154271","54154458","chr5","45463271","45463451","47","8691000"
"chr5","54154496","54154609","chr2","152561637","152561752","19","98407141"
"chr5","54437084","54437164","chr3","45305508","45305586","13","9131576"
"chr5","54705974","54706262","chr1","14322710","14323002","70","40383264"
"chr5","54780795","54781080","chr5","32678837","32679116","60","22101958"
"chr5","55268092","55268391","chr3","115260381","115260677","36","59992289"
"chr5","55290841","55290920","chr3","115280121","115280198","4","59989280"
"chr5","55468189","55468488","chr11","66877535","66877842","70","11409346"
"chr5","55643819","55644100","chr8","26402284","26402563","57","29241535"
"chr5","55709118","55709427","chr3","53289563","53289852","75","2419555"
"chr5","55821084","55821338","chr3","115773598","115773843","34","59952514"
"chr5","55838101","55838236","chr21","27015698","27015831","44","28822403"
"chr5","55840208","55840542","chr9","112166469","112166779","91","56326261"
"chr5","55845022","55845143","chr4","110656247","110656364","20","54811225"
"chr5","55964757","55964968","chr3","115917108","115917310","30","59952351"
"chr5","56156895","56157186","chr3","116114210","116114494","56","59957315"
"chr5","56242804","56242983","chr18","28238771","28238959","48","28004033"
"chr5","56355470","56355769","chr22","12435150","12435452","60","43920320"
"chr5","56695241","56695514","chr1","9473724","9473997","60","47221517"
"chr5","56742277","56742546","chr3","116778298","116778586","58","60036021"
"chr5","56797321","56797624","chr21","46998038","46998338","62","9799283"
"chr5","56812094","56812412","chr3","116846901","116847199","49","60034807"
"chr5","56814757","56815055","chr3","116849514","116849805","64","60034757"
"chr5","57015144","57015270","chr1","137317635","137317763","14","80302491"
"chr5","57377228","57377390","chr3","117436536","117436699","13","60059308"
"chr5","57479542","57479667","chr12","55319903","55320027","21","2159639"
"chr5","57589660","57589785","chr1","199892609","199892732","23","142302949"
"chr5","57682650","57682944","chr3","117751747","117752038","40","60069097"
"chr5","57703467","57703714","chr2","166318298","166318529","71","108614831"
"chr5","57761415","57761719","chr3","117828204","117828516","48","60066789"
"chr5","57887504","57887622","chr11","125886666","125886786","21","67999162"
"chr5","57940615","57940921","chr3","118013573","118013856","52","60072958"
"chr5","58002556","58002836","chr5","125799838","125800113","50","67797282"
"chr5","58350129","58350440","chr3","118479704","118480008","45","60129575"
"chr5","58361228","58361528","chr3","118490152","118490448","45","60128924"
"chr5","58382837","58383113","chr15","33978955","33979227","65","24403882"
"chr5","58403469","58403707","chr5","134459998","134460249","69","76056529"
"chr5","58418859","58419152","chr10","127079730","127080018","62","68660871"
"chr5","58567665","58567968","chr3","118739547","118739850","31","60171882"
"chr5","58604646","58604940","chr5","116063334","116063623","64","57458688"
"chr5","58637499","58637762","chr3","118815662","118815938","50","60178163"
"chr5","58641491","58641764","chr4","16462057","16462343","66","42179434"
"chr5","58688873","58689145","chr14","79575769","79576034","80","20886896"
"chr5","58689997","58690197","chr22","8652028","8652229","51","50037969"
"chr5","58694204","58694493","chr2","144679040","144679334","74","85984836"
"chr5","58720687","58720778","chr3","118898265","118898354","13","60177578"
"chr5","58722947","58723258","chrX","68797941","68798246","66","10074994"
"chr5","58783162","58783466","chr3","118957594","118957898","36","60174432"
"chr5","58846621","58846764","chrX","14189660","14189800","35","44656961"
"chr5","58847069","58847361","chr3","119022953","119023224","53","60175884"
"chr5","58847362","58847503","chr8","74092458","74092599","30","15245096"
"chr5","58851570","58851862","chr19","16420334","16420626","53","42431236"
"chr5","58890472","58890714","chr13","59238655","59238922","75","348183"
"chr5","58932137","58932425","chr19","22189185","22189477","53","36742952"
"chr5","58936783","58937068","chr3","119118919","119119210","50","60182136"
"chr5","58986106","58986400","chr17","47192373","47192649","83","11793733"
"chr5","59151325","59151450","chr19","16396577","16396701","18","42754748"
"chr5","59988634","59988696","chr3","120175177","120175239","11","60186543"
"chr5","60274481","60274768","chr3","120427352","120427636","35","60152871"
"chr5","60365651","60365935","chr12","27030088","27030379","61","33335563"
"chr5","61311691","61311974","chr18","4756465","4756750","63","56555226"
"chr5","61314207","61314518","chr2","17670653","17670953","60","43643554"
"chr5","61449377","61449512","chr7","48367404","48367536","26","13081973"
"chr5","61483069","61483204","chr5","4469592","4469726","21","57013477"
"chr5","61499922","61500000","chr7","41821957","41822038","20","19677965"
"chr5","61537058","61537355","chr3","121548524","121548820","40","60011466"
"chr5","61555847","61555977","chr3","121567288","121567418","14","60011441"
"chr5","61685859","61686169","chr4","43810135","43810439","67","17875724"
"chr5","61737307","61737589","chr3","121818877","121819171","56","60081570"
"chr5","61820620","61820887","chr7","113676256","113676514","64","51855636"
"chr5","61844114","61844424","chr5","99326836","99327142","81","37482722"
"chr5","62052082","62052118","chr21","42808266","42808289","15","19243816"
"chr5","62052156","62052272","chr10","44897366","44897481","24","17154790"
"chr5","62570868","62571207","chr3","122640276","122640596","99","60069408"
"chr5","62596954","62597234","chr3","122666528","122666807","34","60069574"
"chr5","62921458","62921761","chr3","122981067","122981365","40","60059609"
"chr5","63119969","63120284","chr3","123174689","123175000","45","60054720"
"chr5","63168368","63168518","chr5","110558610","110558758","38","47390242"
"chr5","63539688","63539991","chr2","153911331","153911638","58","90371643"
"chr5","63609032","63609334","chr3","123695162","123695458","45","60086130"
"chr5","63651330","63651536","chr5","6447228","6447428","40","57204102"
"chr5","63670674","63670949","chr5","43481946","43482233","63","20188728"
"chr5","63706243","63706518","chr3","123787551","123787810","51","60081308"
"chr5","63714928","63715051","chrUn_GL286397","117322","117446","25","63597606"
"chr5","63715859","63715982","chr10","118643704","118643827","26","54927845"
"chr5","63730547","63730846","chr2","17670653","17670953","58","46059894"
"chr5","63775890","63776167","chr3","123855664","123855935","52","60079774"
"chr5","63786250","63786411","chr12","21684197","21684352","33","42102053"
"chr5","63786445","63786558","chr13","83672758","83672874","19","19886313"
"chr5","63835048","63835320","chrX","49766537","49766810","55","14068511"
"chr5","63846175","63846470","chr1","135947783","135948078","67","72101608"
"chr5","63859582","63859885","chr9","84226861","84227152","56","20367279"
"chr5","63875254","63875368","chr12","51879540","51879656","17","11995714"
"chr5","63875408","63875570","chr7","17442888","17443054","40","46432520"
"chr5","63962764","63963056","chr3","124035779","124036074","32","60073015"
"chr5","64119161","64119456","chr5","107447036","107447311","79","43327875"
"chr5","64244590","64244887","chr5","140984252","140984542","68","76739662"
"chr5","64527041","64527325","chr14","81263863","81264142","64","16736822"
"chr5","64531222","64531392","chr15","26313201","26313371","37","38218021"
"chr5","64663785","64663915","chr2","1983485","1983615","23","62680300"
"chr5","64809668","64809849","chr1","140829989","140830173","48","76020321"
"chr5","65162563","65162885","chr3","39544873","39545188","81","25617690"
"chr5","65341505","65341707","chr11","122248268","122248463","60","56906763"
"chr5","65757674","65757964","chr4","44692760","44693050","73","21064914"
"chr5","65982199","65982487","chr3","125703808","125704085","49","59721609"
"chr5","65999330","65999442","chr21","36793127","36793240","26","29206203"
"chr5","66230991","66231127","chr16","43800043","43800177","23","22430948"
"chr5","66391436","66391698","chr3","126113213","126113476","32","59721777"
"chr5","66805688","66806004","chr16","54244632","54244948","54","12561056"
"chr5","66861326","66861449","chr3","126513846","126513969","17","59652520"
"chr5","67279257","67279549","chr3","126943451","126943723","57","59664194"
"chr5","67532373","67532661","chr16","49384017","49384308","70","18148356"
"chr5","67600891","67601010","chr12","89023668","89023783","21","21422777"
"chr5","67858504","67858794","chr1","198410057","198410349","65","130551553"
"chr5","67913621","67913930","chr5","9499160","9499467","72","58414461"
"chr5","67931512","67931589","chr15","34350551","34350629","21","33580961"
"chr5","68554606","68554877","chr2","63271181","63271452","61","5283425"
"chr5","68653458","68653566","chr3","128293197","128293301","11","59639739"
"chr5","69361440","69361743","chr18","33187573","33187871","74","36173867"
"chr5","70097702","70097981","chr3","129658205","129658458","60","59560503"
"chr5","70114122","70114225","chr4","113634902","113635006","24","43520780"
"chr5","70398833","70399157","chrX","38534283","38534596","94","31864550"
"chr5","70663119","70663402","chr22","25631758","25632042","63","45031361"
"chr5","72445722","72445989","chr3","131589760","131590055","67","59144038"
"chr5","72689540","72689663","chr10","20521071","20521195","19","52168469"
"chr5","72731474","72731774","chr3","131870724","131871037","45","59139250"
"chr5","72744115","72744238","chr3","131882732","131882854","16","59138617"
"chr5","72750169","72750462","chr3","131893222","131893527","40","59143053"
"chr5","72757286","72757646","chr10","120546371","120546703","92","47789085"
"chr5","73025488","73025772","chr3","132160864","132161132","49","59135376"
"chr5","73228010","73228192","chr7","85367109","85367294","44","12139099"
"chr5","73247999","73248319","chr12","78553276","78553586","71","5305277"
"chr5","73286001","73286279","chr12","23456415","23456671","74","49829586"
"chr5","73291308","73291391","chr18","30755961","30756045","14","42535347"
"chr5","73352229","73352515","chr3","132495825","132496098","44","59143596"
"chr5","73367277","73367586","chr13","10122359","10122668","70","63244918"
"chr5","73652176","73652489","chr9","28959190","28959500","72","44692986"
"chr5","73760582","73760852","chr15","62136548","62136812","72","11624034"
"chr5","73973509","73973797","chr17","64416945","64417235","75","9556564"
"chr5","74288017","74288289","chr16","92263906","92264164","64","17975889"
"chr5","74615513","74615803","chr3","133707145","133707450","60","59091632"
"chr5","75274486","75274606","chrX","62809715","62809831","22","12464771"
"chr5","76348378","76348669","chr4","104860719","104860990","69","28512341"
"chr5","76437104","76437345","chr3","135341892","135342139","36","58904788"
"chr5","76784770","76785042","chr3","135701710","135701978","48","58916940"
"chr5","77012130","77012447","chr5","79135774","79136084","78","2123644"
"chr5","77419021","77419150","chr22","45119087","45119217","20","32299934"
"chr5","77459647","77459960","chr5","108704243","108704559","64","31244596"
"chr5","77464681","77464959","chr3","136365099","136365389","43","58900418"
"chr5","77469539","77469671","chr7","51683975","51684102","21","25785564"
"chr5","77570670","77570959","chr7","493374","493666","55","77077296"
"chr5","77590569","77590694","chr7","46700947","46701073","18","30889622"
"chr5","77605249","77605355","chr3","136512881","136512976","17","58907632"
"chr5","77614617","77614738","chr2","39029850","39029975","24","38584767"
"chr5","77655700","77656002","chr3","136574362","136574659","41","58918662"
"chr5","77679183","77679317","chr11","11295424","11295539","41","66383759"
"chr5","77687272","77687389","chr7","87475646","87475762","31","9788374"
"chr5","77687649","77687809","chr3","5910863","5911020","37","71776786"
"chr5","77691486","77691774","chr11","17495354","17495655","71","60196132"
"chr5","77742206","77742358","chr1","176456973","176457096","41","98714767"
"chr5","77758456","77758711","chr6","49226699","49226951","54","28531757"
"chr5","77769964","77770088","chr17","18697273","18697397","20","59072691"
"chr5","77806627","77806750","chr13","57332614","57332737","16","20474013"
"chr5","77808858","77808996","chr2","11370630","11370762","29","66438228"
"chr5","77841498","77841631","chr19","27471313","27471460","45","50370185"
"chr5","77857272","77857537","chr3","136802119","136802401","57","58944847"
"chr5","77868808","77869062","chr3","132035621","132035893","75","54166813"
"chr5","77878189","77878314","chr17","18697273","18697397","15","59180916"
"chr5","77967996","77968119","chr3","136904029","136904146","18","58936033"
"chr5","77968141","77968419","chr3","136904176","136904439","35","58936035"
"chr5","78010660","78010973","chr2","13568524","13568834","61","64442136"
"chr5","78032203","78032510","chr2","6219022","6219324","70","71813181"
"chr5","78035039","78035284","chr13","35483755","35483995","61","42551284"
"chr5","78037923","78038040","chr3","136975371","136975489","21","58937448"
"chr5","78132686","78132944","chr3","137054985","137055251","72","58922299"
"chr5","78136809","78137107","chr19","48742894","48743187","62","29393915"
"chr5","78215136","78215251","chr20","37709373","37709496","19","40505763"
"chr5","78316236","78316375","chr12","108103952","108104102","38","29787716"
"chr5","78316682","78316848","chr12","87228090","87228255","35","8911408"
"chr5","78326705","78326882","chr5","99050194","99050359","53","20723489"
"chr5","78511138","78511447","chr5","108704243","108704559","78","30193105"
"chr5","78523958","78524265","chr3","137481518","137481813","43","58957560"
"chr5","78570684","78571011","chr3","137531203","137531491","76","58960519"
"chr5","78571122","78571430","chr3","137531600","137531892","45","58960478"
"chr5","78584895","78585184","chr3","137544331","137544618","57","58959436"
"chr5","78671433","78671735","chr7","51662074","51662375","60","27009359"
"chr5","78695185","78695468","chr3","137655830","137656117","40","58960645"
"chr5","78699664","78699791","chr19","26202497","26202625","23","52497167"
"chr5","78708423","78708721","chr3","137668021","137668314","52","58959598"
"chr5","78760851","78760924","chr4","89545306","89545373","24","10784455"
"chr5","78760955","78761056","chr20","39358531","39358633","18","39402424"
"chr5","78988899","78989023","chr3","137917814","137917935","13","58928915"
"chr5","79017829","79018125","chr3","137944531","137944832","31","58926702"
"chr5","79093593","79093715","chrX","29998235","29998361","20","49095358"
"chr5","79127244","79127529","chr4","16462057","16462343","58","62665187"
"chr5","79127745","79128035","chr3","138069993","138070281","37","58942248"
"chr5","79149325","79149623","chr3","138089914","138090222","53","58940589"
"chr5","79169709","79169993","chr15","7227741","7228029","57","71941968"
"chr5","79171287","79171527","chr8","4141665","4141912","51","75029622"
"chr5","79172674","79172953","chr3","138111562","138111852","48","58938888"
"chr5","79217341","79217629","chr3","54113949","54114238","68","25103392"
"chr5","79265768","79265885","chr5","43093688","43093811","22","36172080"
"chr5","79284776","79285066","chr3","138226680","138226986","55","58941904"
"chr5","79299869","79300010","chr7","98418057","98418197","52","19118188"
"chr5","79304008","79304185","chr7","21789387","21789560","42","57514621"
"chr5","79304453","79304582","chr2","62989438","62989568","24","16315015"
"chr5","79311078","79311393","chr15","72518938","72519246","68","6792140"
"chr5","79328509","79328817","chr3","138276151","138276450","48","58947642"
"chr5","79365249","79365539","chrX","7431484","7431768","71","71933765"
"chr5","79887518","79887636","chr6","21903275","21903392","28","57984243"
"chr5","79995322","79995637","chr1","185506876","185507173","67","105511554"
"chr5","80037401","80037682","chr12","2144532","2144821","60","77892869"
"chr5","80115938","80116237","chr9","53523121","53523415","62","26592817"
"chr5","80125740","80126042","chr14","71285636","71285909","85","8840104"
"chr5","80157606","80157756","chr13","48602828","48602986","52","31554778"
"chr5","80203425","80203750","chr3","39544873","39545188","79","40658552"
"chr5","80232341","80232615","chr3","139138434","139138712","28","58906093"
"chr5","80356673","80356984","chr6","123454745","123455044","76","43098072"
"chr5","80414562","80414679","chr8","92653835","92653956","21","12239273"
"chr5","80423350","80423488","chr9","56024635","56024765","24","24398715"
"chr5","80430948","80430960","chr1","189870970","189870980","6","109440022"
"chr5","80431245","80431369","chr12","12666683","12666807","19","67764562"
"chr5","80442003","80442305","chr3","139356971","139357279","43","58914968"
"chr5","80538722","80538949","chr4","88074592","88074807","64","7535870"
"chr5","80611271","80611567","chr3","139517177","139517477","48","58905906"
"chr5","80761578","80761865","chr3","139654168","139654462","58","58892590"
"chr5","80876043","80876182","chr5","44151190","44151325","27","36724853"
"chr5","80938666","80938964","chr12","107006984","107007288","64","26068318"
"chr5","81091261","81091571","chr1","68778538","68778855","75","12312723"
"chr5","81275784","81276050","chr9","53360606","53360873","64","27915178"
"chr5","81355240","81355527","chr5","140984252","140984542","56","59629012"
"chr5","81396767","81397066","chrX","21504897","21505201","78","59891870"
"chr5","81405480","81405771","chr3","140203884","140204171","42","58798404"
"chr5","81722861","81723157","chr3","140501354","140501654","41","58778493"
"chr5","82110636","82110765","chr3","149245179","149245310","24","67134543"
"chr5","82246508","82246812","chr3","140970721","140971013","63","58724213"
"chr5","82264872","82265127","chr4","86705155","86705418","75","4440283"
"chr5","82512468","82512607","chr4","16066197","16066331","32","66446271"
"chr5","82613058","82613178","chrX","130628821","130628950","38","48015763"
"chr5","82642671","82642873","chr19","15499255","15499461","46","67143416"
"chr5","82688384","82688571","chr3","141368933","141369149","48","58680549"
"chr5","82771510","82771643","chr3","141447093","141447211","23","58675583"
"chr5","82815485","82815773","chr3","141500548","141500834","36","58685063"
"chr5","83281185","83281469","chr3","108941109","108941390","38","25659924"
"chr5","83597698","83597981","chr18","9887894","9888176","72","73709804"
"chr5","84028155","84028441","chr16","71714174","71714446","51","12313981"
"chr5","84177338","84177636","chr3","108211637","108211935","54","24034299"
"chr5","84196375","84196506","chr3","108192747","108192880","20","23996372"
"chr5","84429366","84429669","chr5","37914319","37914619","69","46515047"
"chr5","84679692","84679961","chr7","31057628","31057908","67","53622064"
"chr5","84923055","84923198","chrUn_GL286420","739765","739898","36","84183290"
"chr5","84935851","84936142","chrX","15505273","15505563","51","69430578"
"chr5","84936434","84936560","chr13","96625264","96625387","19","11688830"
"chr5","85113076","85113204","chr3","107316613","107316740","22","22203537"
"chr5","85189168","85189480","chr3","107246918","107247207","53","22057750"
"chr5","85245011","85245305","chr9","599638","599926","50","84645373"
"chr5","85267256","85267421","chr20","21820908","21821071","32","63446348"
"chr5","85267716","85267727","chr13","85286333","85286346","6","18617"
"chr5","85267756","85267874","chr9","104064315","104064431","19","18796559"
"chr5","85275575","85275863","chr3","107161409","107161706","56","21885834"
"chr5","85285121","85285268","chr17","73250584","73250724","32","12034537"
"chr5","85285570","85285725","chr12","92053163","92053322","29","6767593"
"chr5","85401689","85401896","chr1","121548205","121548417","49","36146516"
"chr5","85430284","85430424","chr7","111353633","111353770","26","25923349"
"chr5","85444795","85445000","chr8","28924650","28924850","59","56520145"
"chr5","85452685","85452965","chr3","106989742","106990042","51","21537057"
"chr5","85528793","85529089","chr5","41109882","41110175","75","44418911"
"chr5","85546762","85547057","chr3","106886339","106886638","45","21339577"
"chr5","85550973","85551171","chr14","105182436","105182633","43","19631463"
"chr5","85601121","85601402","chr5","108117893","108118172","57","22516772"
"chr5","85610073","85610163","chr7","77495348","77495435","33","8114725"
"chr5","85612431","85612741","chrX","106249576","106249872","73","20637145"
"chr5","85629586","85629880","chr3","106796769","106797077","62","21167183"
"chr5","85667143","85667445","chr3","106768481","106768787","49","21101338"
"chr5","85669352","85669675","chr3","106766283","106766600","68","21096931"
"chr5","85679490","85679581","chr11","58496392","58496484","12","27183098"
"chr5","85679889","85679985","chr9","39655939","39656042","33","46023950"
"chr5","85708538","85708842","chr3","106734212","106734510","51","21025674"
"chr5","85754402","85754543","chr3","106687362","106687497","29","20932960"
"chr5","85808969","85809225","chr2","110911723","110911992","66","25102754"
"chr5","85999782","86000000","chr9","110695983","110696197","61","24696201"
"chr5","86077682","86077969","chr3","106359910","106360176","61","20282228"
"chr5","86374407","86374720","chr3","106048162","106048465","56","19673755"
"chr5","86387994","86388243","chr16","32517987","32518247","63","53870007"
"chr5","86404165","86404455","chr3","106018652","106018944","35","19614487"
"chr5","86469299","86469588","chr9","53523121","53523415","55","32946178"
"chr5","86474221","86474534","chr15","16072105","16072413","62","70402116"
"chr5","86494165","86494287","chr13","114883886","114884010","26","28389721"
"chr5","86570041","86570338","chr3","105861400","105861696","40","19291359"
"chr5","86576686","86576956","chr9","121923416","121923688","55","35346730"
"chr5","86577495","86577614","chr11","65528037","65528159","18","21049458"
"chr5","86592937","86593067","chr17","18697273","18697397","21","67895664"
"chr5","86672915","86673090","chrX","17412373","17412538","43","69260542"
"chr5","86673133","86673241","chr5","94818021","94818132","21","8144888"
"chr5","86773452","86773741","chr4","20850908","20851195","62","65922544"
"chr5","86826968","86827087","chr19","14371197","14371320","24","72455771"
"chr5","86845777","86845901","chr3","105641707","105641833","14","18795930"
"chr5","86863141","86863204","chr3","105628205","105628266","10","18765064"
"chr5","87008375","87008673","chr3","105453744","105454009","67","18445369"
"chr5","87414262","87414596","chr3","105001847","105002167","72","17587585"
"chr5","87433238","87433525","chr12","87539499","87539795","60","106261"
"chr5","87499143","87499443","chr17","6626257","6626549","66","80872886"
"chr5","87532658","87532959","chr13","60354203","60354490","63","27178455"
"chr5","87676535","87676805","chr17","73143250","73143523","60","14533285"
"chr5","88206627","88206760","chr2","55624117","55624250","25","32582510"
"chr5","88285715","88285846","chr9","39279269","39279400","23","49006446"
"chr5","88544723","88545014","chr3","103759934","103760224","34","15215211"
"chr5","88603647","88603953","chr11","117400325","117400632","59","28796678"
"chr5","88782046","88782216","chr1","15956300","15956461","52","72825746"
"chr5","88782270","88782401","chrUn_GL288991","5898","6030","28","88776372"
"chr5","88804971","88805214","chr3","103504189","103504442","49","14699218"
"chr5","88910527","88910780","chrX","17588150","17588404","66","71322377"
"chr5","88924341","88924472","chr11","14157994","14158117","26","74766347"
"chr5","88948472","88948683","chr1","14040159","14040371","46","74908313"
"chr5","89172842","89172961","chr5","46011681","46011810","27","43161161"
"chr5","89188603","89188866","chr8","76560509","76560777","67","12628094"
"chr5","89951327","89951457","chr3","102433872","102433997","15","12482545"
"chr5","90177616","90177782","chr2","125066199","125066371","55","34888583"
"chr5","90442161","90442440","chr3","102047260","102047514","63","11605099"
"chr5","90849819","90850116","chr3","101600830","101601126","46","10751011"
"chr5","90911066","90911345","chrX","138043135","138043421","56","47132069"
"chr5","91036244","91036549","chr3","101408471","101408762","49","10372227"
"chr5","91224512","91224812","chr12","26481170","26481471","72","64743342"
"chr5","92721512","92721811","chr3","151344768","151345065","56","58623256"
"chr5","92770788","92771099","chr3","99672849","99673153","58","6902061"
"chr5","92957496","92957624","chr3","99468105","99468246","31","6510609"
"chr5","92957678","92957852","chr3","99467914","99468089","27","6510236"
"chr5","92988142","92988382","chr3","99440234","99440456","38","6452092"
"chr5","93010657","93010779","chr6","22130573","22130698","19","70880084"
"chr5","93033435","93033717","chr1","155032190","155032474","55","61998755"
"chr5","93041945","93042230","chr3","99385952","99386238","39","6344007"
"chr5","93130102","93130226","chr3","99296006","99296135","18","6165904"
"chr5","93457134","93457434","chr3","98929304","98929600","44","5472170"
"chr5","93533139","93533457","chr14","46130357","46130668","61","47402782"
"chr5","93541056","93541365","chr7","32363417","32363723","63","61177639"
"chr5","93544337","93544632","chrX","18597547","18597834","62","74946790"
"chr5","93801847","93802146","chr5","3004401","3004694","73","90797446"
"chr5","93897046","93897330","chr5","97837666","97837964","63","3940620"
"chr5","93901897","93902196","chr3","98467009","98467288","52","4565112"
"chr5","93906019","93906135","chr3","98462147","98462260","14","4556128"
"chr5","94131793","94131921","chr9","85393340","85393464","22","8738453"
"chr5","94250841","94251122","chr3","98184340","98184614","40","3933499"
"chr5","94849223","94849341","chr14","52172661","52172778","21","42676562"
"chr5","94962716","94962793","chr3","45305508","45305586","12","49657208"
"chr5","95460058","95460149","chr2","10906979","10907070","21","84553079"
"chr5","95471422","95471730","chr2","13433018","13433315","69","82038404"
"chr5","95857056","95857364","chr3","96643873","96644155","59","786817"
"chr5","96416905","96417187","chr6","60084779","60085077","67","36332126"
"chr5","96490715","96491046","chr3","95964463","95964782","65","526252"
"chr5","96709314","96709602","chr3","95794238","95794503","60","915076"
"chr5","96984138","96984424","chr3","95444035","95444327","53","1540103"
"chr5","97029634","97029818","chr1","188326542","188326728","41","91296908"
"chr5","97093397","97093466","chr2","55598124","55598191","10","41495273"
"chr5","97101282","97101591","chr3","95314280","95314590","68","1787002"
"chr5","97198726","97198854","chr8","70250248","70250378","24","26948478"
"chr5","97371209","97371330","chr9","8422725","8422848","22","88948484"
"chr5","97375793","97376071","chr1","81930171","81930470","70","15445622"
"chr5","97520265","97520386","chr22","48887646","48887766","24","48632619"
"chr5","97522465","97522663","chr3","94847938","94848142","32","2674527"
"chr5","97557665","97557819","chrUn_GL286373","1329248","1329389","42","96228417"
"chr5","97616690","97616813","chr3","94752934","94753066","15","2863756"
"chr5","97626803","97626986","chr22","6242457","6242643","48","91384346"
"chr5","97629983","97630115","chr8","91375377","91375506","25","6254606"
"chr5","97639682","97639867","chrX","46432419","46432600","42","51207263"
"chr5","97640165","97640293","chr17","18697273","18697397","20","78942892"
"chr5","97656128","97656379","chr4","151964886","151965141","57","54308758"
"chr5","97659277","97659581","chr5","78684817","78685116","61","18974460"
"chr5","97733567","97733842","chr3","94658215","94658507","61","3075352"
"chr5","97765261","97765539","chr1","135465757","135466031","57","37700496"
"chr5","98725329","98725571","chrX","16925992","16926221","55","81799337"
"chr5","98765897","98766204","chr6","153648750","153649057","57","54882853"
"chr5","99629100","99629381","chr7","59376036","59376328","64","40253064"
"chr5","99700122","99700425","chr3","92778756","92779039","56","6921366"
"chr5","99909003","99909325","chr3","92595227","92595519","84","7313776"
"chr5","100012326","100012657","chr11","97461453","97461764","83","2550873"
"chr5","100076864","100077135","chr2","47396528","47396808","71","52680336"
"chr5","101280137","101280261","chr17","18697273","18697397","16","82582864"
"chr5","101288462","101288785","chr7","57399106","57399413","83","43889356"
"chr5","101420032","101420309","chr3","91061582","91061871","43","10358450"
"chr5","101590651","101590971","chr6","117308252","117308560","69","15717601"
"chr5","101599196","101599290","chr5","74162581","74162675","22","27436615"
"chr5","101609802","101610096","chrX","92375440","92375736","59","9234362"
"chr5","101686607","101686738","chr7","136413230","136413360","22","34726623"
"chr5","101766455","101766743","chr3","90732873","90733139","50","11033582"
"chr5","101801035","101801304","chr3","90706831","90707096","29","11094204"
"chr5","101853447","101853712","chr12","45077937","45078217","70","56775510"
"chr5","101909942","101910229","chr3","90606089","90606373","51","11303853"
"chr5","101913752","101914053","chr3","90602439","90602732","66","11311313"
"chr5","101997135","101997271","chr3","90520452","90520587","24","11476683"
"chr5","102008386","102008698","chr5","42579144","42579455","57","59429242"
"chr5","102507732","102508053","chr3","90081945","90082251","60","12425787"
"chr5","102750131","102750423","chr14","59275312","59275604","59","43474819"
"chr5","104178549","104178838","chr5","9363783","9364082","62","94814766"
"chr5","104395670","104395910","chr3","87741753","87741991","22","16653917"
"chr5","104476874","104477141","chr13","43382306","43382564","62","61094568"
"chr5","104553840","104554151","chr15","3252489","3252788","65","101301351"
"chr5","104625040","104625324","chr5","19556388","19556678","73","85068652"
"chr5","104913646","104913772","chrX","61446467","61446595","24","43467179"
"chr5","105731965","105732254","chr3","89055949","89056248","45","16676016"
"chr5","106068009","106068314","chrX","63420555","63420854","65","42647454"
"chr5","106732865","106733139","chr7","6324624","6324921","62","100408241"
"chr5","106823809","106823939","chrX","48598620","48598749","19","58225189"
"chr5","106975822","106975946","chr7","72033791","72033913","23","34942031"
"chr5","107020090","107020375","chr8","112996641","112996930","52","5976551"
"chr5","107096412","107096704","chr3","85423589","85423877","33","21672823"
"chr5","107100306","107100596","chr3","85419502","85419805","39","21680804"
"chr5","107456096","107456388","chr3","85104228","85104503","55","22351868"
"chr5","107500496","107500613","chr10","20230881","20231004","30","87269615"
"chr5","107589369","107589720","chr3","84963354","84963647","86","22626015"
"chr5","107611751","107611880","chr2","1983485","1983615","15","105628266"
"chr5","107612664","107612726","chr2","126679892","126679955","15","19067228"
"chr5","107642223","107642349","chr9","65816955","65817079","20","41825268"
"chr5","107652588","107652774","chr1","188326542","188326728","40","80673954"
"chr5","107824794","107825087","chr3","84689644","84689934","47","23135150"
"chr5","108023716","108024018","chr2","129413288","129413585","57","21389572"
"chr5","108082139","108082406","chr1","102717848","102718107","64","5364291"
"chr5","108112611","108112901","chr3","84534718","84535010","30","23577893"
"chr5","108199300","108199578","chr8","107146130","107146409","68","1053170"
"chr5","108324656","108324951","chr6","156012143","156012430","71","47687487"
"chr5","108332288","108332582","chr3","84291393","84291702","44","24040895"
"chr5","108340093","108340207","chr7","30215462","30215575","24","78124631"
"chr5","108368268","108368554","chr3","84259241","84259550","63","24109027"
"chr5","108468792","108469059","chr3","84158154","84158426","46","24310638"
"chr5","108590405","108590691","chr2","12622076","12622367","61","95968329"
"chr5","108613831","108613984","chr1","137644903","137645049","41","29031072"
"chr5","108628734","108629033","chr5","158776937","158777234","65","50148203"
"chr5","108708421","108708545","chr22","18128678","18128803","23","90579743"
"chr5","108728433","108728734","chrX","63901568","63901868","69","44826865"
"chr5","108941376","108941615","chr18","1475586","1475831","67","107465790"
"chr5","109006522","109006659","chr20","3034685","3034821","30","105971837"
"chr5","109074564","109074827","chr3","83471814","83472087","43","25602750"
"chr5","109076420","109076730","chr16","26022918","26023205","79","83053502"
"chr5","109162018","109162282","chr4","36465471","36465723","73","72696547"
"chr5","109163545","109163866","chr3","83448078","83448382","43","25715467"
"chr5","109189061","109189360","chr8","118224264","118224561","60","9035203"
"chr5","109208311","109208606","chr15","72135831","72136125","66","37072480"
"chr5","109247354","109247578","chr3","83358518","83358736","26","25888836"
"chr5","110241891","110242231","chr5","101404898","101405201","106","8836993"
"chr5","110880994","110881148","chr14","64308467","64308619","39","46572527"
"chr5","111117414","111117698","chr22","9002282","9002574","57","102115132"
"chr5","111198644","111198897","chr3","81421528","81421807","50","29777116"
"chr5","111432915","111433219","chr3","81144461","81144755","59","30288454"
"chr5","111475684","111475822","chr10","127896721","127896843","39","16421037"
"chr5","111475884","111476037","chr22","16309776","16309924","38","95166108"
"chr5","111509193","111509470","chr3","81056910","81057172","57","30452283"
"chr5","111614765","111615063","chr3","80938494","80938786","63","30676271"
"chr5","111634674","111634985","chr13","83898350","83898652","75","27736324"
"chr5","111635433","111635484","chr1","192093568","192093621","12","80458135"
"chr5","111671527","111671826","chr3","80890110","80890414","40","30781417"
"chr5","111692267","111692529","chr3","80865532","80865783","51","30826735"
"chr5","111802473","111802576","chr9","116221162","116221251","26","4418689"
"chr5","111802880","111803015","chr11","7850129","7850261","24","103952751"
"chr5","111824493","111824792","chr3","105618103","105618396","61","6206390"
"chr5","111874537","111874821","chr12","54920952","54921238","64","56953585"
"chr5","111875541","111875723","chr5","99050194","99050359","50","12825347"
"chr5","112007956","112008277","chr5","86761093","86761393","82","25246863"
"chr5","112035690","112035998","chr3","80508706","80509003","57","31526984"
"chr5","112118322","112118379","chr11","98818179","98818236","4","13300143"
"chr5","112121457","112121519","chr5","77157075","77157133","20","34964382"
"chr5","112243136","112243432","chr2","34587414","34587716","63","77655722"
"chr5","112251680","112251756","chr4","73837023","73837106","24","38414657"
"chr5","112280247","112280544","chr9","53523121","53523415","62","58757126"
"chr5","112302525","112302649","chr7","46825878","46826002","20","65476647"
"chr5","112478293","112478569","chrX","123632053","123632322","60","11153760"
"chr5","112518823","112519115","chr3","80035557","80035854","47","32483266"
"chr5","112566371","112566678","chr5","140459961","140460270","73","27893590"
"chr5","112586598","112586880","chr8","112996641","112996930","60","410043"
"chr5","112659972","112660240","chr2","55282444","55282707","77","57377528"
"chr5","112683764","112684090","chr3","79862021","79862330","46","32821743"
"chr5","112734951","112735245","chr3","79816545","79816844","54","32918406"
"chr5","112745000","112745308","chr5","106251952","106252249","70","6493048"
"chr5","112918862","112919128","chr8","117019962","117020237","64","4101100"
"chr5","113611507","113611801","chr16","30904107","30904394","68","82707400"
"chr5","113837313","113837626","chr22","38365973","38366282","63","75471340"
"chr5","113908974","113909107","chr8","116120171","116120301","26","2211197"
"chr5","114197106","114197375","chr3","78502618","78502907","55","35694488"
"chr5","114399582","114399886","chr4","14595998","14596298","68","99803584"
"chr5","114507403","114507745","chr11","95361513","95361842","97","19145890"
"chr5","114597837","114598127","chr17","26620689","26620973","71","87977148"
"chr5","114600062","114600328","chrX","10814263","10814537","70","103785799"
"chr5","114795236","114795408","chr2","144690776","144690943","37","29895540"
"chr5","115098953","115099253","chr12","81292072","81292368","69","33806881"
"chr5","115175260","115175333","chr2","96708193","96708264","15","18467067"
"chr5","115554094","115554396","chr3","77212716","77213017","55","38341378"
"chr5","115574855","115574950","chr16","90230407","90230504","11","25344448"
"chr5","115940546","115940886","chr4","2769339","2769653","106","113171207"
"chr5","116264678","116264833","chr4","149021721","149021871","43","32757043"
"chr5","116636459","116636584","chr4","37981431","37981545","36","78655028"
"chr5","116957997","116958056","chr9","70411380","70411438","12","46546617"
"chr5","117123389","117123688","chr9","109118176","109118464","69","8005213"
"chr5","117475930","117476226","chr10","121575093","121575381","69","4099163"
"chr5","117532389","117532688","chr3","75311928","75312220","40","42220461"
"chr5","117589090","117589408","chr10","29841339","29841646","75","87747751"
"chr5","117602360","117602624","chr3","75229808","75230059","61","42372552"
"chr5","117605379","117605509","chr9","43510189","43510319","21","74095190"
"chr5","117783659","117783905","chr1","204060620","204060854","66","86276961"
"chr5","117785240","117785533","chr3","75044202","75044504","42","42741038"
"chr5","117823778","117824068","chr2","11906373","11906635","68","105917405"
"chr5","117923094","117923394","chr15","32840949","32841254","63","85082145"
"chr5","118448758","118448883","chr11","11690527","11690653","19","106758231"
"chr5","118449171","118449373","chr10","113386993","113387199","52","5062178"
"chr5","118619009","118619303","chr3","74202390","74202686","35","44416619"
"chr5","118672858","118673155","chr10","99902302","99902598","57","18770556"
"chr5","118815358","118815633","chrX","96275840","96276113","69","22539518"
"chr5","118832851","118833047","chr1","193184267","193184450","55","74351416"
"chr5","119121715","119121806","chr22","24396342","24396427","21","94725373"
"chr5","119611222","119611518","chr15","62088610","62088905","61","57522612"
"chr5","119630815","119631121","chr15","29735772","29736085","67","89895043"
"chr5","119666965","119667256","chr3","73205983","73206240","52","46460982"
"chr5","120533864","120534099","chr1","193561670","193561903","58","73027806"
"chr5","120575454","120575771","chr3","72293751","72294038","59","48281703"
"chr5","120650411","120650539","chr3","72204380","72204515","19","48446031"
"chr5","120660205","120660330","chr9","65816955","65817079","25","54843250"
"chr5","120717359","120717491","chr9","39279269","39279400","20","81438090"
"chr5","120749511","120749788","chr3","72114510","72114807","43","48635001"
"chr5","120805289","120805337","chr3","72043423","72043474","9","48761866"
"chr5","121060422","121060544","chr22","31877426","31877548","20","89182996"
"chr5","121074157","121074465","chr1","101201030","101201336","69","19873127"
"chr5","121240747","121241023","chr3","71625263","71625527","44","49615484"
"chr5","121296106","121296410","chr12","104617930","104618226","62","16678176"
"chr5","121481694","121481997","chr3","71433920","71434208","47","50047774"
"chr5","121674785","121675076","chr3","71232398","71232680","52","50442387"
"chr5","121676259","121676388","chr19","26411296","26411426","23","95264963"
"chr5","121855179","121855428","chr9","9669843","9670100","66","112185336"
"chr5","121925196","121925359","chr8","30587546","30587708","32","91337650"
"chr5","121929960","121930080","chr15","94288366","94288482","20","27641594"
"chr5","121930383","121930557","chr5","63105454","63105625","38","58824929"
"chr5","121930664","121930851","chr3","71004906","71005086","28","50925758"
"chr5","122093740","122094015","chr2","55353859","55354135","58","66739881"
"chr5","122134300","122134575","chr13","5616001","5616271","61","116518299"
"chr5","122201599","122201890","chr7","70529533","70529824","60","51672066"
"chr5","122464288","122464605","chr9","85691306","85691592","91","36772982"
"chr5","122484751","122485048","chr3","70544658","70544958","45","51940093"
"chr5","122627009","122627310","chr1","118797181","118797481","60","3829828"
"chr5","123412212","123412336","chr10","102756944","102757067","25","20655268"
"chr5","123619563","123619813","chr8","4141665","4141912","60","119477898"
"chr5","123623658","123623795","chr7","113434434","113434568","29","10189224"
"chr5","123783867","123783981","chr3","69215334","69215448","10","54568533"
"chr5","124310255","124310466","chr3","68720876","68721096","47","55589379"
"chr5","124884739","124885044","chr1","73469574","73469872","59","51415165"
"chr5","124999690","124999811","chr5","82890481","82890603","29","42109209"
"chr5","125677594","125677703","chr7","63129024","63129132","22","62548570"
"chr5","125939436","125939559","chr3","67140944","67141075","16","58798492"
"chr5","126057658","126057966","chr17","21841826","21842134","73","104215832"
"chr5","126851511","126851735","chr2","137931603","137931812","50","11080092"
"chr5","126862802","126862967","chrX","69115137","69115309","33","57747665"
"chr5","127117389","127117672","chr3","44613839","44614123","64","82503550"
"chr5","127210752","127211084","chr19","26724548","26724847","87","100486204"
"chr5","127212443","127212678","chr3","65729233","65729463","28","61483210"
"chr5","127316591","127316888","chr3","65662609","65662915","49","61653982"
"chr5","127323376","127323508","chrX","46261897","46262025","31","81061479"
"chr5","127342639","127342812","chr7","80607453","80607622","37","46735186"
"chr5","127396017","127396286","chr7","9256863","9257121","80","118139154"
"chr5","127398188","127398420","chr1","82026409","82026638","71","45371779"
"chr5","127407456","127407732","chr9","40268613","40268887","59","87138843"
"chr5","127444287","127444592","chr3","65529089","65529376","57","61915198"
"chr5","127530824","127531134","chr22","13364654","13364940","70","114166170"
"chr5","127611668","127611950","chr3","65322902","65323171","46","62288766"
"chr5","127646935","127647296","chr3","65279845","65280141","106","62367090"
"chr5","127658770","127659054","chr3","65265533","65265814","46","62393237"
"chr5","127667998","127668292","chr1","150886633","150886932","61","23218635"
"chr5","127853356","127853665","chr18","34370286","34370590","70","93483070"
"chr5","127893165","127893462","chr7","89477939","89478225","66","38415226"
"chr5","127937809","127938062","chr3","64945876","64946120","37","62991933"
"chr5","127944005","127944291","chr3","64939585","64939872","39","63004420"
"chr5","127998533","127998662","chr4","10682357","10682488","29","117316176"
"chr5","128040681","128040813","chr3","64831932","64832069","24","63208749"
"chr5","128068399","128068548","chr7","87710370","87710518","40","40358029"
"chr5","128068842","128068983","chr17","73250584","73250724","28","54818258"
"chr5","128072244","128072540","chr3","64795090","64795387","38","63277154"
"chr5","128145528","128145745","chr3","64712317","64712541","41","63433211"
"chr5","128189865","128189989","chr3","64669306","64669430","8","63520559"
"chr5","128407335","128407645","chr7","31899128","31899441","73","96508207"
"chr5","128489964","128490270","chr3","64225547","64225838","65","64264417"
"chr5","129150518","129150633","chr5","122990269","122990384","22","6160249"
"chr5","129150666","129150838","chrX","17412373","17412538","39","111738293"
"chr5","129994093","129994395","chr6","117311097","117311394","83","12682996"
"chr5","130134907","130135090","chr3","62549828","62550018","39","67585079"
"chr5","130487701","130487879","chr1","136698409","136698598","53","6210708"
"chr5","131097559","131097869","chr3","61693943","61694256","56","69403616"
"chr5","131423448","131423723","chr1","181800405","181800684","64","50376957"
"chr5","131990821","131991111","chrX","68797941","68798246","71","63192880"
"chr5","132424065","132424357","chr3","184351721","184352003","77","51927656"
"chr5","132475885","132476180","chr6","16231327","16231619","67","116244558"
"chr5","132804503","132804771","chr7","80244208","80244485","75","52560295"
"chr5","132824322","132824504","chr7","45834377","45834542","50","86989945"
"chr5","132824534","132824652","chr2","136446034","136446150","25","3621500"
"chr5","133017044","133017344","chr3","59824483","59824769","51","73192561"
"chr5","133112271","133112547","chr19","49373586","49373842","70","83738685"
"chr5","133152136","133152272","chr7","150619038","150619173","42","17466902"
"chr5","133152303","133152422","chr7","62446727","62446842","23","70705576"
"chr5","133343806","133344147","chr6","67414268","67414565","99","65929538"
"chr5","133806358","133806444","chr5","41188658","41188737","19","92617700"
"chr5","133862140","133862253","chr19","24429508","24429617","26","109432632"
"chr5","133996171","133996444","chr12","38927067","38927330","74","95069104"
"chr5","134321483","134321542","chrUn_GL286463","5448","5505","7","134316035"
"chr5","134645519","134645817","chr3","58246021","58246320","52","76399498"
"chr5","135150647","135150957","chr22","27403772","27404076","68","107746875"
"chr5","135296359","135296660","chr3","57636526","57636818","55","77659833"
"chr5","135619702","135619988","chr3","57308663","57308952","42","78311039"
"chr5","136547680","136547982","chr8","30865115","30865407","63","105682565"
"chr5","136669181","136669456","chr10","98875275","98875560","64","37793906"
"chr5","136714208","136714502","chr20","21046458","21046749","61","115667750"
"chr5","136730163","136730287","chr7","23997896","23998020","24","112732267"
"chr5","136787055","136787316","chr3","56299418","56299698","60","80487637"
"chr5","137136932","137137151","chr3","55950231","55950430","46","81186701"
"chr5","138191020","138191326","chr3","54826327","54826621","44","83364693"
"chr5","138407716","138407881","chr19","43987690","43987850","47","94420026"
"chr5","138432813","138432929","chr3","26683452","26683569","22","111749361"
"chr5","138435231","138435513","chr14","81263863","81264142","75","57171368"
"chr5","138770572","138770737","chr7","17442888","17443054","34","121327684"
"chr5","138773574","138773878","chr3","54285750","54286041","41","84487824"
"chr5","138857064","138857365","chr3","54198098","54198394","38","84658966"
"chr5","138945243","138945527","chr7","100581899","100582178","58","38363344"
"chr5","139012002","139012129","chr2","11695570","11695700","24","127316432"
"chr5","139058574","139058898","chr3","53988168","53988479","55","85070406"
"chr5","139061763","139062052","chr3","53984124","53984409","42","85077639"
"chr5","139113450","139113754","chr3","53918644","53918952","55","85194806"
"chr5","139143196","139143485","chr2","144679040","144679334","62","5535844"
"chr5","139150854","139150986","chr8","34296313","34296442","28","104854541"
"chr5","139167570","139167683","chr12","1795382","1795492","21","137372188"
"chr5","139184953","139185074","chr9","93860244","93860358","22","45324709"
"chr5","139193333","139193624","chr9","53523121","53523415","59","85670212"
"chr5","139198956","139199077","chr3","53839002","53839135","20","85359954"
"chr5","139248605","139248893","chr3","53796475","53796786","61","85452130"
"chr5","139265034","139265152","chr3","53770073","53770189","16","85494961"
"chr5","139286881","139287111","chr3","148474562","148474798","66","9187681"
"chr5","139289545","139289668","chr3","53738679","53738802","15","85550866"
"chr5","139303019","139303148","chr9","85393340","85393464","24","53909679"
"chr5","139337783","139338085","chr3","53686711","53687016","51","85651072"
"chr5","139345247","139345562","chr7","144949960","144950250","81","5604713"
"chr5","139351706","139351999","chr3","53673130","53673425","35","85678576"
"chr5","139473322","139473605","chr11","96291475","96291752","61","43181847"
"chr5","139480347","139480714","chr18","8277645","8277995","105","131202702"
"chr5","139508717","139509019","chr3","53506723","53506982","62","86001994"
"chr5","139565027","139565265","chr5","61647071","61647316","69","77917956"
"chr5","139653164","139653293","chr19","6952953","6953082","21","132700211"
"chr5","139684804","139685085","chr1","155032190","155032474","50","15347386"
"chr5","139695168","139695466","chr2","18917278","18917580","64","120777890"
"chr5","139827181","139827452","chr3","53174390","53174651","45","86652791"
"chr5","139862879","139863175","chr3","149104058","149104353","51","9241179"
"chr5","140228935","140229231","chr10","114838607","114838907","52","25390328"
"chr5","140293635","140293950","chr3","52678085","52678395","53","87615550"
"chr5","140400479","140400706","chr2","21066441","21066684","67","119334038"
"chr5","140422483","140422775","chr3","52593730","52594001","49","87828753"
"chr5","140483216","140483511","chr10","94610637","94610936","54","45872579"
"chr5","140521845","140522108","chr3","52470639","52470904","44","88051206"
"chr5","140534994","140535281","chr5","92801432","92801723","65","47733562"
"chr5","140613803","140614096","chr8","4360997","4361291","67","136252806"
"chr5","140719584","140719707","chr12","23847472","23847595","16","116872112"
"chr5","140764739","140765005","chr7","59413419","59413683","62","81351320"
"chr5","140787609","140787915","chr3","52184689","52184984","55","88602920"
"chr5","140812262","140812323","chr11","68044094","68044155","11","72768168"
"chr5","140822339","140822550","chrX","22642043","22642254","51","118180296"
"chr5","140831970","140832262","chr3","39357000","39357300","64","101474970"
"chr5","140841107","140841409","chr3","52125410","52125711","36","88715697"
"chr5","140849302","140849598","chr10","89786631","89786916","58","51062671"
"chr5","140931593","140931885","chr3","52035258","52035530","66","88896335"
"chr5","141217053","141217354","chr3","51738621","51738903","58","89478432"
"chr5","141535750","141536055","chr15","7227741","7228029","71","134308009"
"chr5","141635885","141636162","chr10","98474749","98475015","67","43161136"
"chr5","141676286","141676571","chr3","51234329","51234627","45","90441957"
"chr5","141841610","141841727","chr3","51044533","51044650","16","90797077"
"chr5","141978285","141978594","chr3","50921641","50921951","45","91056644"
"chr5","142009126","142009402","chr1","181800405","181800684","64","39791279"
"chr5","142301287","142301551","chr19","26371101","26371375","72","115930186"
"chr5","142473563","142473904","chr3","50390626","50390930","80","92082937"
"chr5","142828240","142828432","chr8","11413671","11413857","49","131414569"
"chr5","142831310","142831431","chr9","115992224","115992348","28","26839086"
"chr5","143113028","143113174","chr3","150778651","150778794","34","7665623"
"chr5","143113483","143113653","chrX","17412373","17412538","31","125701110"
"chr5","143153604","143153920","chr3","49691289","49691592","56","93462315"
"chr5","143303495","143303742","chr9","9909870","9910125","61","133393625"
"chr5","143327115","143327387","chr3","49488735","49489005","52","93838380"
"chr5","143365258","143365387","chr3","137802923","137803047","18","5562335"
"chr5","143501284","143501538","chr3","49274221","49274498","47","94227063"
"chr5","143818184","143818434","chr1","74659901","74660159","66","69158283"
"chr5","144367478","144367777","chr2","129413288","129413585","65","14954190"
"chr5","144681801","144682087","chr3","48168858","48169147","35","96512943"
"chr5","144829953","144830249","chr3","48014644","48014926","47","96815309"
"chr5","144837576","144837894","chr3","48007995","48008302","41","96829581"
"chr5","144947808","144947996","chr14","21745951","21746128","49","123201857"
"chr5","145126896","145127204","chr3","46437511","46437815","61","98689385"
"chr5","145484949","145485203","chr15","75721138","75721387","63","69763811"
"chr5","145561179","145561485","chr3","47210762","47211059","55","98350417"
"chr5","145825764","145826055","chr4","107607230","107607513","54","38218534"
"chr5","145843290","145843588","chr3","46910289","46910576","40","98933001"
"chr5","145899870","145899959","chr3","84703890","84703982","24","61195980"
"chr5","145964240","145964458","chr3","46792307","46792518","21","99171933"
"chr5","146046350","146046629","chr3","46700939","46701213","38","99345411"
"chr5","146180201","146180498","chr3","46543083","46543362","42","99637118"
"chr5","146212429","146212551","chr10","47645070","47645193","24","98567359"
"chr5","146212590","146212780","chrUn_GL286400","1052857","1053034","49","145159733"
"chr5","146244082","146244208","chrX","40204042","40204168","23","106040040"
"chr5","146285465","146285764","chr3","46437511","46437815","61","99847954"
"chr5","146552696","146552999","chr3","46157112","46157410","65","100395584"
"chr5","147290879","147291191","chr3","45378008","45378310","48","101912871"
"chr5","147302915","147303196","chr14","20102351","20102644","63","127200564"
"chr5","147351700","147351778","chr3","45305508","45305586","5","102046192"
"chr5","147378158","147378368","chr1","134441077","134441285","41","12937081"
"chr5","147437910","147438191","chr3","45226174","45226469","56","102211736"
"chr5","147456040","147456321","chr2","34782361","34782648","63","112673679"
"chr5","147513457","147513755","chr15","61218731","61219028","53","86294726"
"chr5","147519945","147520253","chr3","45128888","45129166","65","102391057"
"chr5","147569126","147569178","chr10","68995488","68995539","12","78573638"
"chr5","147596938","147597073","chr3","45036577","45036707","26","102560361"
"chr5","147639199","147639310","chr7","63129024","63129132","19","84510175"
"chr5","147717690","147717946","chr9","44595314","44595570","70","103122376"
"chr5","147740578","147740695","chr1","66884308","66884424","23","80856270"
"chr5","147740726","147740915","chr13","59196473","59196657","42","88544253"
"chr5","148002964","148003292","chr3","44611983","44612311","55","103390981"
"chr5","148160460","148160776","chr3","44451227","44451526","58","103709233"
"chr5","148198489","148198795","chr3","44422705","44423009","52","103775784"
"chr5","148242030","148242308","chr3","44364682","44364966","44","103877348"
"chr5","148334842","148335122","chr3","44265952","44266234","44","104068890"
"chr5","148412655","148412947","chr5","137650955","137651245","72","10761700"
"chr5","148609876","148610133","chr5","120565786","120566047","61","28044090"
"chr5","148695232","148695520","chr3","43912984","43913274","30","104782248"
"chr5","148760525","148760634","chr14","52014074","52014180","27","96746451"
"chr5","149179243","149179563","chr3","43349655","43349937","68","105829588"
"chr5","149309522","149309812","chr3","149104058","149104353","70","205464"
"chr5","149928295","149928582","chr9","45121884","45122176","71","104806411"
"chr5","149956561","149956871","chr12","87539499","87539795","64","62417062"
"chr5","149999331","149999449","chr3","42529712","42529825","16","107469619"
"chr5","150002904","150003228","chr3","148408684","148409008","67","1594220"
"chr5","150019353","150019484","chr3","42509538","42509667","23","107509815"
"chr5","150134028","150134154","chr3","137802923","137803047","21","12331105"
"chr5","150254836","150255129","chr1","192021542","192021837","61","41766706"
"chr5","150418198","150418329","chr3","42104522","42104652","18","108313676"
"chr5","150478573","150478844","chr3","42048454","42048728","41","108430119"
"chr5","150485072","150485352","chr3","42043583","42043852","60","108441489"
"chr5","150495154","150495461","chr1","179295353","179295656","76","28800199"
"chr5","150532689","150533000","chr3","42000640","42000943","64","108532049"
"chr5","150533034","150533308","chr7","79834187","79834474","73","70698847"
"chr5","150585572","150585701","chr9","113192981","113193110","25","37392591"
"chr5","150600478","150600752","chr17","26620689","26620973","66","123979789"
"chr5","150696499","150696660","chr2","97175202","97175347","47","53521297"
"chr5","150863315","150863620","chr7","21657673","21657982","64","129205642"
"chr5","150914576","150914704","chr2","2408820","2408946","23","148505756"
"chr5","150964387","150964663","chr5","87129552","87129831","66","63834835"
"chr5","151002102","151002297","chr12","75187675","75187858","37","75814427"
"chr5","151141988","151142278","chr5","116063334","116063623","61","35078654"
"chr5","151142897","151143174","chr13","60354203","60354490","60","90788694"
"chr5","151184722","151185009","chr3","41335963","41336261","71","109848759"
"chr5","151253915","151254208","chr16","1754811","1755092","65","149499104"
"chr5","151356327","151356461","chr5","133327714","133327847","25","18028613"
"chr5","151643672","151643981","chr3","40854737","40855038","44","110788935"
"chr5","152120415","152120524","chr6","57726781","57726892","32","94393634"
"chr5","152124906","152125206","chr5","73836924","73837222","68","78287982"
"chr5","152209957","152210086","chr2","11695570","11695700","24","140514387"
"chr5","152259258","152259530","chr3","40209261","40209534","33","112049997"
"chr5","152328772","152328996","chr11","55316653","55316883","48","97012119"
"chr5","152456960","152457226","chr3","39988675","39988962","55","112468285"
"chr5","152463124","152463434","chr3","39983558","39983859","53","112479566"
"chr5","152585468","152585750","chr9","92420833","92421114","63","60164635"
"chr5","152647649","152647953","chr3","39785044","39785327","60","112862605"
"chr5","152768303","152768610","chr4","78445232","78445538","65","74323071"
"chr5","152825943","152826104","chr3","39615399","39615560","16","113210544"
"chr5","152933552","152933822","chr1","84374822","84375097","61","68558730"
"chr5","153004541","153004673","chr19","26202497","26202625","20","126802044"
"chr5","153034766","153035067","chr15","21338413","21338706","68","131696353"
"chr5","153057075","153057383","chr3","39366984","39367282","57","113690091"
"chr5","153073301","153073482","chr5","100376117","100376299","33","52697184"
"chr5","153073779","153073876","chr4","169429451","169429546","22","16355672"
"chr5","153086098","153086306","chr3","39335224","39335446","30","113750874"
"chr5","153102485","153102685","chr19","15499255","15499461","43","137603230"
"chr5","153103507","153103624","chr14","18952630","18952747","22","134150877"
"chr5","153103671","153103838","chr17","74270250","74270417","39","78833421"
"chr5","153148636","153148915","chr18","35126792","35127078","62","118021844"
"chr5","153190400","153190506","chrX","14927158","14927260","23","138263242"
"chr5","153193680","153193800","chr22","9915068","9915192","21","143278612"
"chr5","153195128","153195449","chr3","39209566","39209893","45","113985562"
"chr5","153249586","153249898","chr3","39152124","39152417","45","114097462"
"chr5","153298309","153298600","chr3","39121320","39121591","57","114176989"
"chr5","153304452","153304625","chr17","48056948","48057120","39","105247504"
"chr5","153308490","153308785","chr9","53523121","53523415","55","99785369"
"chr5","153312386","153312501","chr10","74848821","74848935","20","78463565"
"chr5","153316236","153316414","chr5","131985352","131985527","45","21330884"
"chr5","153335785","153336074","chr3","39085828","39086108","54","114249957"
"chr5","153398066","153398358","chr3","39014124","39014393","51","114383942"
"chr5","153405795","153406101","chr2","90157730","90158029","73","63248065"
"chr5","153413795","153414114","chr2","55200270","55200573","73","98213525"
"chr5","153423932","153424239","chr14","41388931","41389229","61","112035001"
"chr5","153434226","153434517","chr2","39267658","39267950","66","114166568"
"chr5","153462783","153463082","chr3","38927331","38927629","29","114535452"
"chr5","153532325","153532597","chr3","38853046","38853308","52","114679279"
"chr5","153558824","153558839","chr6","16302946","16302959","5","137255878"
"chr5","153559163","153559300","chr5","129538101","129538235","26","24021062"
"chr5","153580638","153580940","chr1","185506876","185507173","58","31926238"
"chr5","153726731","153727068","chr4","78445232","78445538","99","75281499"
"chr5","153840607","153840887","chr3","38575500","38575759","46","115265107"
"chr5","154374337","154374635","chr3","38015382","38015702","57","116358955"
"chr5","154418354","154418670","chr3","37969193","37969489","45","116449161"
"chr5","154422545","154422865","chr11","110268702","110269004","79","44153843"
"chr5","154472985","154473288","chr3","37913005","37913311","51","116559980"
"chr5","154534801","154535118","chr7","98081861","98082166","74","56452940"
"chr5","154544619","154544897","chr3","37838263","37838534","34","116706356"
"chr5","155088936","155089062","chr11","109461963","109462085","18","45626973"
"chr5","155154921","155155213","chr1","175852107","175852404","71","20697186"
"chr5","155279694","155279994","chr3","36840792","36841094","61","118438902"
"chr5","155442515","155442827","chr3","37031404","37031689","59","118411111"
"chr5","155613191","155613491","chr3","37204060","37204341","64","118409131"
"chr5","156338363","156338661","chr7","63050384","63050670","73","93287979"
"chr5","156385254","156385430","chr13","30490881","30491037","47","125894373"
"chr5","156457166","156457433","chr6","143834699","143834992","79","12622467"
"chr5","156706888","156707134","chr3","35534881","35535103","59","121172007"
"chr5","157140509","157140774","chr13","83038997","83039256","71","74101512"
"chr5","157401968","157402213","chr3","38575500","38575759","68","118826468"
"chr5","157953044","157953301","chr22","45155038","45155284","68","112798006"
"chr5","157966783","157967049","chr3","34192420","34192681","61","123774363"
"chr5","158063802","158063942","chr9","12207630","12207766","24","145856172"
"chr5","158063972","158064092","chr4","21429296","21429421","21","136634676"
"chr5","158373638","158373905","chr10","8713583","8713865","67","149660055"
"chr5","158593105","158593232","chr5","97612044","97612168","23","60981061"
"chr5","158607582","158607860","chr3","33506800","33507041","53","125100782"
"chr5","158610256","158610321","chr2","145774339","145774401","17","12835917"
"chr5","158639465","158639566","chr3","33474329","33474431","16","125165136"
"chr5","158708742","158709027","chr5","131081538","131081815","63","27627204"
"chr5","158710219","158710525","chr3","33401013","33401314","41","125309206"
"chr5","158763861","158763984","chr1","156039373","156039492","24","2724488"
"chr5","158786049","158786356","chr3","33313362","33313673","52","125472687"
"chr5","159014078","159014357","chr1","139763383","139763661","62","19250695"
"chr5","159016329","159016449","chr2","88005315","88005435","29","71011014"
"chr5","159023098","159023385","chr13","1765130","1765423","61","157257968"
"chr5","159094650","159094821","chrUn_GL286397","312575","312745","36","158782075"
"chr5","159095125","159095259","chr5","72732483","72732615","24","86362642"
"chr5","159146377","159146566","chr1","188326542","188326728","33","29180165"
"chr5","159150593","159150893","chr3","32977616","32977911","63","126172977"
"chr5","159349054","159349356","chr15","40031946","40032251","64","119317108"
"chr5","159378188","159378315","chr12","27225431","27225557","19","132152757"
"chr5","159897085","159897204","chr8","95835043","95835158","19","64062042"
"chr5","159897504","159897700","chr9","38541190","38541372","55","121356314"
"chr5","160500155","160500442","chr14","64768756","64769038","73","95731399"
"chr5","160538151","160538281","chr7","145915848","145915979","22","14622303"
"chr5","161426548","161426861","chr5","140459961","140460270","76","20966587"
"chr5","161505033","161505303","chr22","10970268","10970531","75","150534765"
"chr5","161599579","161599885","chrX","20284744","20285050","80","141314835"
"chr5","161622597","161622890","chr3","30452030","30452340","65","131170567"
"chr5","161839051","161839192","chr9","90645374","90645510","28","71193677"
"chr5","161970465","161970775","chr15","82936864","82937164","67","79033601"
"chr5","162680642","162680967","chr10","100367258","100367564","78","62313384"
"chr5","163067757","163068074","chr3","29052119","29052434","72","134015638"
"chr5","163455199","163455289","chr2","10906979","10907070","14","152548220"
"chr5","163508273","163508585","chr3","28534342","28534643","52","134973931"
"chr5","163545432","163545718","chr3","153009060","153009353","81","10536372"
"chr5","163599216","163599526","chr3","28437772","28438097","48","135161444"
"chr5","163703331","163703650","chr2","93954048","93954373","80","69749283"
"chr5","163892202","163892511","chr8","122642040","122642335","64","41250162"
"chr5","163903602","163903894","chr3","28114690","28114982","50","135788912"
"chr5","164034931","164035199","chr7","51640880","51641151","73","112394051"
"chr5","164699579","164699908","chr3","27167614","27167908","69","137531965"
"chr5","164833556","164833868","chrX","44065324","44065634","63","120768232"
"chr5","164833982","164834287","chrX","60483136","60483438","57","104350846"
"chr5","165095659","165095973","chr9","102262325","102262646","69","62833334"
"chr5","165120609","165120908","chr9","84226861","84227152","58","80893748"
"chr5","165125949","165126224","chr4","130200734","130201024","68","34925215"
"chr5","165175306","165175601","chr3","26572904","26573188","35","138602402"
"chr5","165184002","165184316","chr22","38414394","38414697","68","126769608"
"chr5","165193466","165193734","chr3","26556188","26556454","33","138637278"
"chr5","165240710","165240880","chr14","64308467","64308619","51","100932243"
"chr5","165302939","165303142","chr1","170420690","170420904","51","5117751"
"chr5","165303445","165303544","chr11","99686585","99686688","20","65616860"
"chr5","165306762","165307078","chr11","116398444","116398743","80","48908318"
"chr5","165308814","165309064","chr3","26412811","26413053","36","138896003"
"chr5","165318975","165319081","chr22","47264006","47264113","28","118054969"
"chr5","165320016","165320136","chr12","44766552","44766674","28","120553464"
"chr5","165325136","165325270","chr4","21546003","21546133","26","143779133"
"chr5","165352598","165352865","chr5","3937324","3937612","67","161415274"
"chr5","165386681","165386815","chr5","83386495","83386622","21","82000186"
"chr5","165404497","165404625","chr1","192542368","192542501","29","27137871"
"chr5","165462836","165463131","chr3","26254398","26254710","51","139208438"
"chr5","165505350","165505674","chr3","26194867","26195179","45","139310483"
"chr5","165676341","165676417","chrX","45784989","45785061","17","119891352"
"chr5","165710521","165710835","chr12","23499418","23499720","82","142211103"
"chr5","165929219","165929354","chr20","10070673","10070812","19","155858546"
"chr5","166067238","166067380","chr3","25543051","25543189","19","140524187"
"chr5","166122556","166122828","chr3","25490171","25490446","47","140632385"
"chr5","166558467","166558762","chr5","32651008","32651300","69","133907459"
"chr5","166879787","166880085","chr3","23561149","23561430","60","143318638"
"chr5","166928564","166928827","chr3","184526780","184527046","62","17598216"
"chr5","167009233","167009473","chr3","23406115","23406340","62","143603118"
"chr5","167135920","167136039","chr3","23212661","23212784","28","143923259"
"chr5","167617757","167618042","chr3","22555034","22555289","61","145062723"
"chr5","167691473","167691780","chr9","102550388","102550690","65","65141085"
"chr5","168640276","168640476","chr5","74070214","74070393","57","94570062"
"chr5","168640528","168640647","chr9","39758487","39758604","22","128882041"
"chr5","168669459","168669585","chr1","99997997","99998125","18","68671462"
"chr5","168677348","168677652","chr3","21307427","21307711","59","147369921"
"chr5","168834543","168834845","chr3","21123094","21123379","50","147711449"
"chr5","168976418","168976647","chr6","94627439","94627665","47","74348979"
"chr5","168999879","168999997","chr14","63373933","63374050","22","105625946"
"chr5","169152671","169152978","chr6","22082494","22082803","68","147070177"
"chr5","169311357","169311667","chr3","53218406","53218714","61","116092951"
"chr5","169332030","169332155","chr8","25595258","25595381","22","143736772"
"chr5","169334434","169334563","chr2","67968411","67968538","16","101366023"
"chr5","169336518","169336639","chr3","20634202","20634323","10","148702316"
"chr5","169343782","169344060","chr7","80299353","80299642","61","89044429"
"chr5","169368292","169368583","chr3","20604967","20605257","65","148763325"
"chr5","169397174","169397438","chr3","20569645","20569910","36","148827529"
"chr5","169433197","169433482","chr3","20530164","20530450","49","148903033"
"chr5","169474868","169474994","chr1","98118308","98118430","34","71356560"
"chr5","169603824","169604103","chr3","20368997","20369270","47","149234827"
"chr5","169625755","169625999","chr3","20336983","20337219","64","149288772"
"chr5","169776536","169776853","chr7","32363417","32363723","69","137413119"
"chr5","169884763","169884941","chrX","62896920","62897101","47","106987843"
"chr5","169884968","169885081","chr20","38912926","38913040","18","130972042"
"chr5","169946091","169946380","chr1","116820133","116820420","49","53125958"
"chr5","169954795","169955089","chr3","19955766","19956005","79","149999029"
"chr5","169989897","169990020","chr3","19920221","19920345","14","150069676"
"chr5","170091984","170092111","chr1","137245791","137245921","23","32846193"
"chr5","170095205","170095330","chr5","31305611","31305733","25","138789594"
"chr5","170117212","170117342","chr3","19801833","19801963","16","150315379"
"chr5","170130042","170130348","chr3","19787272","19787570","53","150342770"
"chr5","170324174","170324477","chr5","2622512","2622802","68","167701662"
"chr5","170697810","170697930","chr1","106642431","106642552","22","64055379"
"chr5","170844044","170844295","chr6","134536145","134536402","52","36307899"
"chr5","170878242","170878538","chr18","8030633","8030930","62","162847609"
"chr5","171015957","171016073","chr3","18862393","18862504","21","152153564"
"chr5","171088868","171089142","chr8","97614829","97615103","64","73474039"
"chr5","171305191","171305485","chr3","18545225","18545505","51","152759966"
"chr5","171562070","171562138","chr7","113564743","113564806","21","57997327"
"chr5","171950453","171950587","chr8","11520784","11520916","24","160429669"
"chr5","171963834","171964145","chr3","188177597","188177882","84","16213763"
"chr5","172084519","172084624","chr2","9372218","9372324","26","162712301"
"chr5","172179750","172180055","chr12","110076471","110076774","64","62103279"
"chr5","172407318","172407550","chr3","17354335","17354564","36","155052983"
"chr5","172600554","172600713","chr13","58713135","58713283","35","113887419"
"chr5","172699395","172699700","chr9","18838366","18838663","74","153861029"
"chr5","172854917","172855043","chr3","173747397","173747521","21","892480"
"chr5","172967302","172967600","chr17","46695611","46695901","70","126271691"
"chr5","173113644","173113926","chr3","16630241","16630511","40","156483403"
"chr5","173122320","173122617","chr13","55290461","55290751","61","117831859"
"chr5","173251666","173251790","chr3","19920221","19920345","17","153331445"
"chr5","173493881","173494072","chr3","16200079","16200273","25","157293802"
"chr5","173510042","173510324","chr7","62736782","62737064","64","110773260"
"chr5","173560893","173561152","chr3","16126422","16126682","30","157434471"
"chr5","173740034","173740335","chr3","15916014","15916311","51","157824020"
"chr5","173815738","173816032","chr3","15845927","15846205","53","157969811"
"chr5","174041221","174041351","chr3","15553275","15553404","12","158487946"
"chr5","174266218","174266501","chr4","113664627","113664908","66","60601591"
"chr5","174277938","174278067","chr10","98846274","98846399","24","75431664"
"chr5","174444040","174444330","chr3","15204298","15204589","43","159239742"
"chr5","174586345","174586657","chr3","15130479","15130804","60","159455866"
"chr5","174711893","174712195","chr6","22082494","22082803","69","152629399"
"chr5","174723390","174723496","chrX","51170656","51170763","27","123552734"
"chr5","174733686","174733988","chr14","80754932","80755229","69","93978754"
"chr5","174742051","174742337","chr3","14964164","14964419","55","159777887"
"chr5","174985641","174985949","chr3","14718019","14718333","61","160267622"
"chr5","175056488","175056726","chr3","14635671","14635908","27","160420817"
"chr5","176021778","176022074","chr5","108117893","108118172","89","67903885"
"chr5","176189954","176190210","chr3","13775411","13775673","69","162414543"
"chr5","176211001","176211307","chr3","13755229","13755530","62","162455772"
"chr5","176301422","176301576","chr2","5623364","5623518","38","170678058"
"chr5","176371011","176371302","chr13","1765130","1765423","64","174605881"
"chr5","176403067","176403351","chr22","34977031","34977311","75","141426036"
"chr5","176503681","176504001","chr11","15205446","15205760","77","161298235"
"chr5","176603866","176604178","chr5","131527086","131527390","61","45076780"
"chr5","176619565","176619850","chr3","13321547","13321843","51","163298018"
"chr5","176642160","176642444","chr3","13287571","13287866","64","163354589"
"chr5","177102093","177102367","chr3","12845991","12846263","57","164256102"
"chr5","177123737","177124028","chr3","12824411","12824677","64","164299326"
"chr5","177150255","177150461","chr12","27591986","27592176","66","149558269"
"chr5","177381306","177381598","chr1","90249678","90249953","77","87131628"
"chr5","177609833","177610120","chr3","12314560","12314858","36","165295273"
"chr5","177671166","177671497","chr3","12256626","12256971","60","165414540"
"chr5","177833477","177833772","chr22","12440819","12441114","83","165392658"
"chr5","178689804","178690089","chr7","43504141","43504423","67","135185663"
"chr5","178845398","178845649","chr3","11133048","11133303","34","167712350"
"chr5","178869158","178869422","chr1","125157754","125158029","67","53711404"
"chr5","179196309","179196435","chr6","85799407","85799524","36","93396902"
"chr5","179261702","179262020","chr5","4000666","4000984","80","175261036"
"chr5","179332126","179332235","chr18","21332","21441","25","179310794"
"chr5","179353940","179354220","chr1","155032190","155032474","70","24321750"
"chr5","180138477","180138738","chr10","89598186","89598436","62","90540291"
"chr5","180619011","180619283","chr3","9371125","9371398","65","171247886"
"chr5","180641774","180641977","chr2","47362783","47363003","59","133278991"
"chr5","180727405","180727643","chr3","9253324","9253554","38","171474081"
"chr5","181156993","181157115","chr13","10331146","10331276","38","170825847"
"chr5","181166658","181166968","chr14","101002335","101002640","79","80164323"
"chr5","181372029","181372321","chr3","8592243","8592533","51","172779786"
"chr5","182036123","182036430","chr18","8030633","8030930","65","174005490"
"chr5","182097957","182098273","chr16","54244632","54244948","72","127853325"
"chr5","182361885","182362180","chr14","36457155","36457448","53","145904730"
"chr5","182487748","182487956","chr3","106912561","106912770","56","75575187"
"chr5","182629197","182629475","chr1","184285102","184285371","65","1655905"
"chr5","182658692","182658907","chr3","7244837","7245044","35","175413855"
"chr5","182697820","182697945","chr3","7206902","7207023","16","175490918"
"chr5","182720086","182720224","chr12","11035256","11035394","24","171684830"
"chr5","182872446","182872592","chr9","65816955","65817079","40","117055491"
"chr5","182942124","182942408","chr3","6959741","6960037","37","175982383"
"chr5","182999427","182999583","chr22","13609437","13609590","37","169389990"
"chr5","183030949","183031120","chr6","41174730","41174894","39","141856219"
"chr5","183031418","183031490","chr2","35195969","35196040","12","147835449"
"chr5","183259430","183259740","chr2","8000025","8000324","61","175259405"
"chr5","183275877","183276160","chr3","6617961","6618238","33","176657916"
"chr5","183336449","183336734","chr8","26402284","26402563","66","156934165"
"chr5","183439314","183439590","chr3","6470179","6470456","38","176969135"
"chr5","183484283","183484571","chr2","129413288","129413585","63","54070995"
"chr5","183521642","183521798","chr17","73250584","73250724","42","110271058"
"chr5","183534591","183534885","chr2","12715029","12715327","64","170819562"
"chr5","183586009","183586301","chr3","6299341","6299618","45","177286668"
"chr5","183771523","183771646","chr13","20043383","20043507","22","163728140"
"chr5","183783078","183783198","chr12","13754352","13754471","15","170028726"
"chr5","183786078","183786365","chr3","6107759","6108048","43","177678319"
"chr5","183796108","183796415","chr9","121784693","121785002","54","62011415"
"chr5","183823030","183823291","chr7","44693982","44694244","66","139129048"
"chr5","183865386","183865692","chr11","66877535","66877842","62","116987851"
"chr5","183900231","183900612","chr12","27369818","27370198","116","156530413"
"chr5","183903915","183904196","chr6","117705099","117705381","54","66198816"
"chr5","183987627","183987745","chr6","4698451","4698568","22","179289176"
"chr5","184111434","184111748","chr14","80921614","80921919","73","103189820"
"chr5","184142987","184143268","chr5","108117893","108118172","65","76025094"
"chr5","184150566","184150845","chr1","156132293","156132574","59","28018273"
"chr5","184238205","184238479","chr3","5630480","5630762","61","178607725"
"chr5","184319998","184320290","chr3","5545660","5545948","61","178774338"
"chr5","184349251","184349374","chr9","21660421","21660545","16","162688830"
"chr5","184356029","184356333","chr5","78546797","78547103","72","105809232"
"chr5","184489192","184489510","chr5","131527086","131527390","67","52962106"
"chr5","184492676","184492821","chr1","192542368","192542501","36","8049692"
"chr5","184521925","184522194","chr3","5338169","5338434","54","179183756"
"chr5","184857761","184858043","chr3","5032425","5032711","40","179825336"
"chr5","184944590","184944842","chr3","4931013","4931244","41","180013577"
"chr5","185011995","185012068","chr1","194840410","194840475","24","9828415"
"chr5","185013331","185013582","chr19","17019320","17019585","69","167994011"
"chr5","185090027","185090323","chr7","150507214","150507511","54","34582813"
"chr5","185191699","185191983","chr2","20509241","20509527","57","164682458"
"chr5","185295781","185296092","chr3","4584937","4585230","59","180710844"
"chr5","185313651","185313956","chr9","112309848","112310148","74","73003803"
"chr5","185316147","185316417","chr3","4561338","4561603","47","180754809"
"chr5","185416485","185416608","chr5","94503040","94503164","23","90913445"
"chr5","185561176","185561304","chr9","65816955","65817079","17","119744221"
"chr5","185598057","185598323","chr3","4324572","4324816","45","181273485"
"chr5","185599551","185599852","chr10","93110088","93110390","64","92489463"
"chr5","185615401","185615702","chr7","32363417","32363723","64","153251984"
"chr5","185653767","185653934","chr9","107358223","107358395","44","78295544"
"chr5","185730129","185730434","chr3","4176028","4176329","40","181554101"
"chr5","185801867","185802008","chr7","57215506","57215649","25","128586361"
"chr5","185803379","185803672","chr9","53318032","53318314","65","132485347"
"chr5","185879244","185879529","chr8","107302265","107302541","58","78576979"
"chr5","185975098","185975202","chr4","103785519","103785617","25","82189579"
"chr5","186003031","186003320","chr3","3879289","3879574","47","182123742"
"chr5","186009168","186009456","chr3","6299341","6299618","65","179709827"
"chr5","186058358","186058677","chr20","25064635","25064941","75","160993723"
"chr5","186121527","186121789","chr3","3753509","3753790","48","182368018"
"chr5","186295819","186295952","chr22","12564392","12564521","26","173731427"
"chr5","186378386","186378560","chr5","141094961","141095146","44","45283425"
"chr5","186477090","186477391","chr15","61218731","61219028","64","125258359"
"chr5","186498377","186498506","chr12","27170790","27170918","21","159327587"
"chr5","186560839","186561120","chr5","8903482","8903762","68","177657357"
"chr5","186606543","186606822","chr3","3338887","3339157","71","183267656"
"chr5","186767853","186768145","chr16","1418834","1419135","70","185349019"
"chr5","186775055","186775337","chr3","3203865","3204139","45","183571190"
"chr5","186826278","186826562","chr11","120608722","120609012","59","66217556"
"chr5","186836640","186836889","chr18","28378203","28378459","58","158458437"
"chr5","186860273","186860503","chr11","20973291","20973519","47","165886982"
"chr5","186959426","186959727","chr3","3071219","3071490","58","183888207"
"chr5","186962914","186963036","chr3","3069425","3069548","14","183893489"
"chr5","186990842","186991027","chr18","3588215","3588385","56","183402627"
"chr5","186998226","186998310","chr3","150629318","150629405","10","36368908"
"chr5","187057894","187058191","chr1","181800405","181800684","72","5257489"
"chr5","187066716","187066832","chr14","66590134","66590257","35","120476582"
"chr5","187150764","187151059","chr5","129507595","129507893","63","57643169"
"chr5","187312953","187313264","chr2","8000025","8000324","69","179312928"
"chr5","187552381","187552660","chr3","2525979","2526260","64","185026402"
"chr5","187695385","187695692","chr12","112465770","112466064","71","75229615"
"chr5","187953010","187953301","chr13","60354203","60354490","69","127598807"
"chr5","188078276","188078468","chr2","103572006","103572192","48","84506270"
"chr5","188078513","188078622","chr8","95835043","95835158","19","92243470"
"chr5","188270181","188270483","chr3","140494187","140494471","86","47775994"
"chr5","188420542","188420691","chr7","50887057","50887204","45","137533485"
"chr5","188420947","188421160","chr22","32189378","32189584","46","156231569"
"chr5","188523217","188523455","chr5","29912017","29912253","62","158611200"
"chr5","188530223","188530343","chr10","47209062","47209186","24","141321161"
"chr5","188728652","188728955","chr2","67387328","67387625","67","121341324"
"chr5","188755148","188755449","chr7","77076421","77076738","62","111678727"
"chr5","188968816","188968997","chr16","32050963","32051140","45","156917853"
"chr5","188969030","188969159","chr4","134729954","134730080","26","54239076"
"chr5","189101846","189101970","chr6","115121226","115121350","16","73980620"
"chr5","189206145","189206303","chr8","74987764","74987925","44","114218381"
"chr5","189206345","189206456","chr1","172846799","172846913","21","16359546"
"chr5","189385951","189386239","chr3","852976","853248","47","188532975"
"chr5","189396596","189396891","chrX","62357526","62357821","65","127039070"
"chr5","189405205","189405465","chr3","835492","835735","56","188569713"
"chr5","189414262","189414325","chr7","97303626","97303690","13","92110636"
"chr5","189849216","189849408","chr22","34348878","34349070","48","155500338"
"chr5","190317171","190317455","chr2","186302488","186302771","60","4014683"
"chr5","190322786","190322908","chr17","18697273","18697397","15","171625513"
"chr6","49544951","49545251","chr2","147617372","147617666","49","98072421"
"chr6","77987644","77987926","chr10","74268223","74268494","64","3719421"
"chr6","129892183","129892497","chr2","73277207","73277506","38","56614976"
"chr6","136970166","136970426","chr2","79430247","79430518","61","57539919"
"chr6","147587011","147587136","chr2","46884560","46884689","20","100702451"
"chr6","156273","156409","chr12","107787989","107788121","31","107631716"
"chr6","212674","212797","chr3","2270446","2270570","19","2057772"
"chr6","310742","310873","chr8","57138266","57138395","23","56827524"
"chr6","311285","311599","chr2","204082007","204082320","42","203770722"
"chr6","1136931","1137235","chr2","203298928","203299208","64","202161997"
"chr6","1158289","1158580","chr10","61051432","61051722","62","59893143"
"chr6","1208754","1208888","chr4","34862872","34863004","26","33654118"
"chr6","1242387","1242514","chr5","84342879","84342988","35","83100492"
"chr6","1317689","1317991","chr2","203121313","203121602","40","201803624"
"chr6","1367403","1367684","chr9","109118176","109118464","62","107750773"
"chr6","1716753","1716884","chr8","34296313","34296442","17","32579560"
"chr6","1966888","1967165","chr2","60386659","60386942","71","58419771"
"chr6","2124550","2124849","chr2","202251962","202252254","65","200127412"
"chr6","2371489","2371773","chr2","201999407","201999690","38","199627918"
"chr6","2540069","2540192","chr1","193439148","193439272","34","190899079"
"chr6","2907023","2907147","chr9","112874431","112874552","26","109967408"
"chr6","2937921","2938218","chrX","12076194","12076489","59","9138273"
"chr6","3304815","3305017","chr2","200990799","200991002","27","197685984"
"chr6","3734627","3734875","chr9","92156897","92157148","76","88422270"
"chr6","3832419","3832548","chr19","6952953","6953082","24","3120534"
"chr6","4970768","4971039","chr2","199199164","199199429","66","194228396"
"chr6","5229641","5229934","chr2","198927138","198927423","37","193697497"
"chr6","5271508","5271812","chr17","72625640","72625935","80","67354132"
"chr6","5899687","5899988","chr1","135364201","135364504","69","129464514"
"chr6","6268076","6268220","chr2","197806176","197806334","45","191538100"
"chr6","6337320","6337631","chr2","197738365","197738664","47","191401045"
"chr6","6420533","6420594","chr1","169458412","169458464","16","163037879"
"chr6","6548550","6548681","chr5","64602223","64602357","23","58053673"
"chr6","8090051","8090338","chr19","6633996","6634296","68","1456055"
"chr6","8304964","8305233","chr8","76560509","76560777","52","68255545"
"chr6","8512752","8513018","chr1","138578417","138578675","66","130065665"
"chr6","9067892","9068193","chr2","195038831","195039127","54","185970939"
"chr6","9160876","9161007","chr10","82290819","82290946","24","73129943"
"chr6","9236791","9236929","chr2","194870770","194870908","17","185633979"
"chr6","10117907","10118223","chr2","193927061","193927355","54","183809154"
"chr6","10202212","10202395","chr22","15514870","15515045","39","5312658"
"chr6","10239751","10240011","chr2","193796016","193796275","32","183556265"
"chr6","10281160","10281462","chr4","13667055","13667352","60","3385895"
"chr6","10320898","10321143","chr2","193712454","193712732","55","183391556"
"chr6","10334535","10334719","chr1","129159547","129159726","35","118825012"
"chr6","10335018","10335145","chr6","47665029","47665154","25","37330011"
"chr6","10419479","10419757","chr15","33790444","33790722","54","23370965"
"chr6","10438794","10439111","chr2","193585587","193585889","43","183146793"
"chr6","10530226","10530304","chr15","48181293","48181365","17","37651067"
"chr6","10586998","10587276","chr1","26511558","26511840","69","15924560"
"chr6","10595307","10595366","chr9","85202540","85202596","7","74607233"
"chr6","10651716","10651964","chrX","123950742","123950992","59","113299026"
"chr6","10674599","10674759","chr3","150778651","150778794","50","140104052"
"chr6","11277939","11278228","chr2","62601131","62601423","62","51323192"
"chr6","11285156","11285314","chr2","14751458","14751615","31","3466302"
"chr6","11414056","11414182","chr2","192516067","192516193","11","181102011"
"chr6","11513061","11513372","chr7","58488273","58488574","77","46975212"
"chr6","12027620","12027893","chr3","6299341","6299618","64","5728279"
"chr6","12633080","12633285","chr1","84060090","84060290","56","71427010"
"chr6","12705657","12705789","chr2","191131585","191131717","18","178425928"
"chr6","12823341","12823627","chr2","191054894","191055178","42","178231553"
"chr6","13385037","13385338","chr2","190496662","190496961","43","177111625"
"chr6","13921221","13921345","chr1","199892609","199892732","15","185971388"
"chr6","13969388","13969668","chr19","31837192","31837471","63","17867804"
"chr6","14035155","14035434","chr2","189932670","189932947","69","175897515"
"chr6","14573519","14573648","chr21","45537068","45537190","26","30963549"
"chr6","14587421","14587577","chr1","43975206","43975366","47","29387785"
"chr6","14587872","14588015","chr1","117180058","117180201","29","102592186"
"chr6","14693723","14693955","chr2","189242565","189242795","27","174548842"
"chr6","14771490","14771790","chr2","189154849","189155147","54","174383359"
"chr6","14864154","14864458","chr2","189054502","189054809","43","174190348"
"chr6","15016514","15016823","chr2","188927866","188928161","51","173911352"
"chr6","15141553","15141661","chr8","120297554","120297660","28","105156001"
"chr6","15162777","15163088","chr2","188771315","188771611","61","173608538"
"chr6","15179057","15179332","chr15","63232108","63232373","64","48053051"
"chr6","15215130","15215422","chr6","123605308","123605591","63","108390178"
"chr6","15255116","15255419","chr2","188675124","188675421","64","173420008"
"chr6","15263577","15263875","chr2","188668872","188669179","29","173405295"
"chr6","15281587","15281723","chr2","188651493","188651621","23","173369906"
"chr6","15333454","15333735","chr4","3450825","3451100","72","11882629"
"chr6","15416253","15416385","chr2","188465428","188465551","18","173049175"
"chr6","16037394","16037741","chr2","8116261","8116602","80","7921133"
"chr6","16403304","16403588","chr11","82443030","82443313","64","66039726"
"chr6","16750711","16751001","chr7","59384217","59384511","59","42633506"
"chr6","16966043","16966101","chr9","15019919","15019973","11","1946124"
"chr6","17168663","17168971","chr15","72518938","72519246","57","55350275"
"chr6","17217332","17217618","chr2","186609025","186609317","59","169391693"
"chr6","17280141","17280246","chr12","52587021","52587120","30","35306880"
"chr6","17284893","17285017","chr22","28812684","28812807","20","11527791"
"chr6","17430396","17430702","chr14","20102351","20102644","68","2671955"
"chr6","17451947","17452069","chr1","138926403","138926525","20","121474456"
"chr6","17481351","17481609","chr18","28378203","28378459","51","10896852"
"chr6","17490331","17490623","chr2","186345316","186345618","53","168854985"
"chr6","17501825","17502124","chr2","186335791","186336065","60","168833966"
"chr6","17518753","17518875","chr15","42302065","42302189","15","24783312"
"chr6","17519671","17519983","chr7","31899128","31899441","70","14379457"
"chr6","17530836","17531135","chr2","186308011","186308321","43","168777175"
"chr6","17533904","17534021","chr14","18952630","18952747","20","1418726"
"chr6","17536121","17536418","chr2","186302488","186302771","53","168766367"
"chr6","17537576","17537847","chr2","186300600","186300890","42","168763024"
"chr6","17556421","17556708","chr2","186279883","186280174","39","168723462"
"chr6","17622968","17623088","chr14","84202406","84202526","20","66579438"
"chr6","17634015","17634310","chr1","174700024","174700323","71","157066009"
"chr6","17642261","17642553","chr2","186195859","186196163","47","168553598"
"chr6","17647193","17647473","chr2","186190684","186190978","42","168543491"
"chr6","17770788","17771083","chr2","186061562","186061828","60","168290774"
"chr6","17776257","17776389","chr5","78533110","78533241","25","60756853"
"chr6","17823252","17823566","chr2","186004066","186004344","57","168180814"
"chr6","17924492","17924616","chr2","185887201","185887324","23","167962709"
"chr6","18477833","18478138","chr2","185323063","185323356","56","166845230"
"chr6","18949384","18949491","chr5","154281566","154281683","26","135332182"
"chr6","19507337","19507641","chr2","184396137","184396453","72","164888800"
"chr6","19625756","19626061","chr2","184288731","184289033","44","164662975"
"chr6","20078178","20078475","chr10","89786631","89786916","76","69708453"
"chr6","20142342","20142474","chr12","91187092","91187222","30","71044750"
"chr6","20142777","20142981","chr17","73872505","73872698","55","53729728"
"chr6","20513389","20513691","chr2","183364395","183364695","68","162851006"
"chr6","20647054","20647176","chr6","112341343","112341464","22","91694289"
"chr6","20779654","20779928","chr2","183076307","183076581","47","162296653"
"chr6","21642646","21642905","chr11","107121323","107121561","80","85478677"
"chr6","21779149","21779357","chr12","11855606","11855807","38","9923543"
"chr6","21781849","21782118","chr5","6314809","6315075","79","15467040"
"chr6","22071549","22071839","chr2","181822043","181822317","71","159750494"
"chr6","22308413","22308723","chr15","83139217","83139521","83","60830804"
"chr6","22593159","22593290","chr11","117451092","117451225","27","94857933"
"chr6","22593320","22593455","chr2","136930650","136930783","40","114337330"
"chr6","22815843","22815954","chr13","38832013","38832126","28","16016170"
"chr6","22850249","22850533","chr1","166931846","166932134","74","144081597"
"chr6","23021477","23021776","chr19","18292714","18293015","72","4728763"
"chr6","23145452","23145663","chr2","180789361","180789568","42","157643909"
"chr6","24246707","24247013","chr2","179711522","179711792","80","155464815"
"chr6","24623622","24623930","chr2","179317721","179317998","66","154694099"
"chr6","25076440","25076727","chr1","155032190","155032474","60","129955750"
"chr6","25412185","25412309","chr2","178573652","178573773","23","153161467"
"chr6","25492085","25492372","chr7","28772859","28773146","78","3280774"
"chr6","26134499","26134810","chr2","177826473","177826771","72","151691974"
"chr6","26167263","26167354","chr20","38723050","38723144","32","12555787"
"chr6","26356846","26357038","chr22","27461763","27461948","51","1104917"
"chr6","26588046","26588260","chr10","45314376","45314591","49","18726330"
"chr6","27147124","27147248","chr11","125886666","125886786","22","98739542"
"chr6","27557481","27557615","chr4","13599154","13599281","28","13958327"
"chr6","27593594","27593898","chr2","176439899","176440184","55","148846305"
"chr6","28045544","28045844","chr2","176036358","176036670","73","147990814"
"chr6","28726245","28726300","chr2","119478847","119478903","9","90752602"
"chr6","29508354","29508652","chr15","57058522","57058823","76","27550168"
"chr6","29563400","29563680","chr15","56849669","56849947","72","27286269"
"chr6","29824750","29825051","chrX","13489888","13490170","85","16334862"
"chr6","30507810","30508081","chr4","44928253","44928530","75","14420443"
"chr6","30633298","30633367","chr20","44351649","44351714","16","13718351"
"chr6","31792976","31793268","chr2","172186666","172186946","38","140393690"
"chr6","31861975","31862142","chr4","119047030","119047196","33","87185055"
"chr6","32186020","32186147","chr1","155368947","155369069","23","123182927"
"chr6","32186173","32186302","chr1","168378690","168378809","36","136192517"
"chr6","32267652","32267907","chr7","79219953","79220213","65","46952301"
"chr6","32487399","32487511","chr19","1707144","1707254","21","30780255"
"chr6","32488198","32488227","chr16","2370436","2370463","7","30117762"
"chr6","32541431","32541714","chr9","53511553","53511834","60","20970122"
"chr6","32542059","32542315","chr5","43984416","43984662","60","11442357"
"chr6","32553093","32553398","chr5","59406520","59406821","63","26853427"
"chr6","32609554","32609866","chr12","36952591","36952886","107","4343037"
"chr6","32657640","32657946","chr20","38498660","38498964","56","5841020"
"chr6","32662376","32662662","chr7","120584738","120585022","63","87922362"
"chr6","32672183","32672491","chr1","118797181","118797481","61","86124998"
"chr6","32704587","32704890","chr2","171240638","171240923","49","138536051"
"chr6","32715927","32716071","chr12","106965619","106965753","28","74249692"
"chr6","32757348","32757528","chr10","126259446","126259620","39","93502098"
"chr6","32769759","32769884","chr1","192542368","192542501","25","159772609"
"chr6","32792166","32792313","chr7","10082686","10082827","38","22709480"
"chr6","32792617","32792756","chr6","86891654","86891792","43","54099037"
"chr6","32794318","32794573","chr2","171152164","171152421","35","138357846"
"chr6","32822580","32822891","chr2","171137066","171137361","47","138314486"
"chr6","32844982","32845093","chr2","171117387","171117497","11","138272405"
"chr6","32873262","32873392","chr20","22595004","22595129","30","10278258"
"chr6","32911189","32911484","chr2","8000025","8000324","59","24911164"
"chr6","32938477","32938764","chr2","171025456","171025743","39","138086979"
"chr6","32944762","32945061","chr2","171011938","171012233","39","138067176"
"chr6","32950894","32950962","chr13","71051032","71051101","11","38100138"
"chr6","32960238","32960523","chr2","170995552","170995825","45","138035314"
"chr6","32974332","32974627","chr5","60614719","60615019","73","27640387"
"chr6","32995770","32995896","chr7","58239646","58239772","26","25243876"
"chr6","33035245","33035535","chr2","170928868","170929158","40","137893623"
"chr6","33113693","33113821","chr9","98982723","98982858","21","65869030"
"chr6","33140939","33141128","chrX","46432419","46432600","44","13291480"
"chr6","33141441","33141593","chr8","74092458","74092599","34","40951017"
"chr6","33203648","33203778","chr14","62032612","62032743","20","28828964"
"chr6","33344506","33344631","chr3","139337920","139338036","31","105993414"
"chr6","33344938","33345085","chr6","106016232","106016378","37","72671294"
"chr6","33518515","33518614","chr22","12054240","12054336","22","21464275"
"chr6","33520267","33520467","chr2","116834011","116834223","52","83313744"
"chr6","33606895","33607058","chr2","171121213","171121372","35","137514318"
"chr6","33607355","33607502","chrX","47004809","47004944","31","13397454"
"chr6","33682857","33683011","chr2","170337298","170337449","22","136654441"
"chr6","33683012","33683294","chr2","170337008","170337295","44","136653996"
"chr6","33683295","33683482","chr17","54825565","54825752","56","21142270"
"chr6","33846834","33846953","chr5","10871715","10871834","15","22975119"
"chr6","34106028","34106300","chr9","107054730","107054986","64","72948702"
"chr6","34124749","34124958","chr2","169837367","169837568","29","135712618"
"chr6","34425230","34425514","chr1","28807002","28807286","73","5618228"
"chr6","34590024","34590161","chr1","74671369","74671502","22","40081345"
"chr6","34681333","34681570","chr5","45329384","45329629","60","10648051"
"chr6","34733676","34733802","chr4","96162029","96162158","22","61428353"
"chr6","34860032","34860327","chr1","192021542","192021837","65","157161510"
"chr6","34938817","34939113","chr22","46292815","46293094","70","11353998"
"chr6","34997153","34997285","chr5","46011681","46011810","25","11014528"
"chr6","35028011","35028296","chr2","168932676","168932965","52","133904665"
"chr6","35086117","35086248","chr14","1043718","1043850","20","34042399"
"chr6","35097984","35098107","chr1","121375989","121376113","26","86278005"
"chr6","35245371","35245508","chr8","34296313","34296442","26","949058"
"chr6","35253502","35253789","chr4","117443805","117444104","63","82190303"
"chr6","35260815","35260944","chr4","148876640","148876761","36","113615825"
"chr6","35274389","35274531","chr2","152075717","152075862","30","116801328"
"chr6","35274594","35274755","chr14","15855937","15856102","36","19418657"
"chr6","35612538","35612715","chr9","115746103","115746272","37","80133565"
"chr6","35613012","35613110","chr1","15320391","15320477","27","20292621"
"chr6","35968803","35969092","chr2","167952586","167952870","45","131983783"
"chr6","35981795","35981897","chr11","9281508","9281613","22","26700287"
"chr6","36400819","36401122","chr8","70658484","70658788","62","34257665"
"chr6","36495065","36495193","chr12","61285614","61285742","27","24790549"
"chr6","36510317","36510628","chr1","202058415","202058725","86","165548098"
"chr6","36591374","36591542","chr7","88830081","88830245","33","52238707"
"chr6","36591871","36591980","chrUn_GL286400","1043970","1044077","32","35547901"
"chr6","36964866","36964989","chrX","58482136","58482260","12","21517270"
"chr6","37441519","37441746","chr9","111357182","111357387","81","73915663"
"chr6","37462397","37462730","chr10","61226573","61226892","74","23764176"
"chr6","37464315","37464424","chr2","166452559","166452668","7","128988244"
"chr6","37524777","37525053","chrX","106602142","106602430","67","69077365"
"chr6","37537264","37537375","chrX","17631702","17631819","23","19905562"
"chr6","37547054","37547353","chr2","166366748","166367049","30","128819694"
"chr6","37572601","37572898","chr2","166330188","166330470","59","128757587"
"chr6","37588611","37588841","chr12","90142547","90142773","61","52553936"
"chr6","37621995","37622146","chr7","10082686","10082827","37","27539309"
"chr6","37622448","37622486","chrX","72754721","72754757","10","35132273"
"chr6","37623216","37623515","chr6","16565433","16565732","60","21057783"
"chr6","37736713","37736794","chr14","84452753","84452833","23","46716040"
"chr6","37748934","37749237","chr2","10830367","10830666","72","26918567"
"chr6","37760294","37760610","chr2","166154522","166154810","60","128394228"
"chr6","37776933","37777273","chr14","97194507","97194841","61","59417574"
"chr6","37778762","37778919","chr10","74699647","74699806","33","36920885"
"chr6","37868024","37868323","chr12","27830219","27830501","49","10037805"
"chr6","37871140","37871305","chr8","55624204","55624357","42","17753064"
"chr6","37874835","37875150","chr16","54244632","54244948","63","16369797"
"chr6","37923599","37923898","chr5","23645809","23646089","85","14277790"
"chr6","37929620","37929922","chr21","46998038","46998338","63","9068418"
"chr6","37931595","37931740","chr10","88773992","88774133","29","50842397"
"chr6","38206311","38206483","chr10","89904884","89905029","55","51698573"
"chr6","38405235","38405522","chr2","165613982","165614285","52","127208747"
"chr6","38590821","38590957","chr1","180762759","180762888","22","142171938"
"chr6","38619049","38619305","chr15","6994440","6994701","59","31624609"
"chr6","38880242","38880331","chr11","127351915","127352007","15","88471673"
"chr6","38901866","38902096","chr14","41987866","41988093","56","3086000"
"chr6","38904106","38904231","chr4","113256464","113256591","18","74352358"
"chr6","39025147","39025348","chr2","164950545","164950747","55","125925398"
"chr6","39205870","39206104","chr5","109715558","109715789","56","70509688"
"chr6","39276787","39277088","chr5","51463597","51463902","60","12186810"
"chr6","39331069","39331366","chr1","68118792","68119089","65","28787723"
"chr6","39610905","39611217","chr2","164332866","164333167","49","124721961"
"chr6","39648200","39648499","chr2","164293259","164293551","58","124645059"
"chr6","40028243","40028529","chr2","163899229","163899497","46","123870986"
"chr6","40396288","40396406","chr2","163558420","163558537","15","123162132"
"chr6","40802701","40803014","chr5","110974404","110974709","78","70171703"
"chr6","40938249","40938559","chr1","192354092","192354385","68","151415843"
"chr6","41125747","41126066","chr2","162878151","162878427","80","121752404"
"chr6","41236143","41236274","chr2","1983485","1983615","22","39252658"
"chr6","41255425","41255710","chr2","162745898","162746171","49","121490473"
"chr6","41305838","41306200","chr5","4144871","4145238","112","37160967"
"chr6","41323906","41324036","chr2","11695570","11695700","23","29628336"
"chr6","41349675","41349968","chr14","20102351","20102644","56","21247324"
"chr6","41399635","41399727","chr11","128205151","128205252","24","86805516"
"chr6","41433415","41433474","chr4","132019857","132019915","9","90586442"
"chr6","41452442","41452743","chr2","162561556","162561869","50","121109114"
"chr6","41514638","41514932","chr11","115154046","115154331","55","73639408"
"chr6","42248008","42248273","chr5","45329384","45329629","88","3081376"
"chr6","42483447","42483760","chr2","161561066","161561375","45","119077619"
"chr6","43518885","43519190","chr7","97730148","97730448","52","54211263"
"chr6","43592290","43592598","chr2","160515207","160515488","55","116922917"
"chr6","43673287","43673545","chr10","89598186","89598436","69","45924899"
"chr6","43804006","43804267","chr19","16942063","16942342","62","26861943"
"chr6","43809691","43809987","chr2","160401715","160402018","68","116592024"
"chr6","43891110","43891238","chr5","137705493","137705618","23","93814383"
"chr6","43950008","43950301","chr5","127501656","127501956","65","83551648"
"chr6","43976120","43976439","chr2","157131667","157131980","72","113155547"
"chr6","43984339","43984467","chr5","94145493","94145621","21","50161154"
"chr6","44001509","44001815","chr2","160134865","160135175","36","116133356"
"chr6","44010231","44010510","chr2","127631231","127631511","62","83621000"
"chr6","44085861","44086120","chr10","9239452","9239713","62","34846409"
"chr6","44151309","44151604","chr17","40650289","40650578","57","3501020"
"chr6","44154473","44154733","chr4","137618856","137619127","65","93464383"
"chr6","44257363","44257662","chr2","159903537","159903829","38","115646174"
"chr6","44390611","44390740","chr10","34499549","34499683","21","9891062"
"chr6","44411127","44411401","chr2","159745616","159745907","51","115334489"
"chr6","45258805","45258947","chr17","37828897","37829039","29","7429908"
"chr6","45258980","45259102","chr3","137000469","137000586","27","91741489"
"chr6","45283687","45283949","chr2","159014780","159015050","43","113731093"
"chr6","45324688","45324990","chr2","158973876","158974164","44","113649188"
"chr6","45372296","45372427","chr2","67968411","67968538","23","22596115"
"chr6","45509013","45509278","chr2","158819776","158820058","54","113310763"
"chr6","46041484","46041805","chr2","158288518","158288823","59","112247034"
"chr6","46591498","46591627","chr2","157851011","157851134","22","111259513"
"chr6","46734337","46734622","chr1","155032190","155032474","58","108297853"
"chr6","47835881","47836192","chr7","151693300","151693604","74","103857419"
"chr6","47874500","47874814","chr1","106482342","106482647","76","58607842"
"chr6","47889274","47889435","chr5","40645035","40645194","39","7244239"
"chr6","47889564","47889776","chr11","123412810","123413013","53","75523246"
"chr6","47954556","47954684","chr2","149284418","149284552","21","101329862"
"chr6","48005142","48005430","chr2","149232036","149232328","47","101226894"
"chr6","48497067","48497336","chr2","148719188","148719456","41","100222121"
"chr6","48581766","48582077","chr2","148627734","148628033","50","100045968"
"chr6","48592149","48592445","chr2","148610660","148610956","45","100018511"
"chr6","48622679","48622979","chr22","10398013","10398314","59","38224666"
"chr6","48640611","48640868","chr2","148568747","148569001","35","99928136"
"chr6","48785547","48785676","chr2","148406230","148406351","20","99620683"
"chr6","48795806","48796094","chr20","19593485","19593785","76","29202321"
"chr6","48858991","48859115","chr20","5208280","5208403","25","43650711"
"chr6","48869160","48869342","chr2","11316509","11316690","42","37552651"
"chr6","49046528","49046847","chr7","32512245","32512557","72","16534283"
"chr6","49126718","49127019","chr2","148052226","148052533","44","98925508"
"chr6","49166401","49166645","chr6","124046692","124046934","61","74880291"
"chr6","49211424","49211691","chr2","147971914","147972172","55","98760490"
"chr6","49330523","49330828","chr2","147842427","147842716","52","98511904"
"chr6","49687928","49688054","chr1","172253068","172253194","26","122565140"
"chr6","49949425","49949476","chr2","61971924","61971971","11","12022499"
"chr6","50107598","50107906","chr7","32363417","32363723","68","17744181"
"chr6","50145639","50145819","chr3","150153665","150153833","43","100008026"
"chr6","50179283","50179596","chr20","22217726","22218037","74","27961557"
"chr6","50377234","50377458","chr1","155451312","155451539","62","105074078"
"chr6","50559743","50559949","chr8","7824943","7825133","60","42734800"
"chr6","51123173","51123486","chr9","42569821","42570130","66","8553352"
"chr6","51125478","51125807","chr15","45479470","45479779","102","5646008"
"chr6","51253768","51253887","chr2","152262434","152262556","16","101008666"
"chr6","51274948","51275267","chr2","157131667","157131980","38","105856719"
"chr6","51329172","51329468","chr2","157085407","157085708","44","105756235"
"chr6","51479963","51480082","chrX","22513334","22513446","36","28966629"
"chr6","51810928","51811037","chr2","10258659","10258769","21","41552269"
"chr6","51984260","51984553","chr2","156423202","156423495","42","104438942"
"chr6","52003520","52003706","chr3","48173821","48174007","41","3829699"
"chr6","52690314","52690603","chr2","155711156","155711431","50","103020842"
"chr6","53649414","53649535","chr2","154910418","154910527","18","101261004"
"chr6","53653037","53653220","chr2","130203536","130203708","39","76550499"
"chr6","54020389","54020703","chr8","70658484","70658788","54","16638095"
"chr6","54296993","54297277","chr6","9793001","9793270","69","44503992"
"chr6","54537905","54538010","chr11","67226993","67227094","27","12689088"
"chr6","54713278","54713587","chr2","153911331","153911638","46","99198053"
"chr6","54748391","54748510","chr14","1573842","1573967","27","53174549"
"chr6","54748833","54749018","chr7","21789387","21789560","47","32959446"
"chr6","54838062","54838371","chr2","153799541","153799842","38","98961479"
"chr6","54931227","54931352","chr9","8862594","8862718","20","46068633"
"chr6","55064013","55064260","chr3","65367860","65368101","55","10303847"
"chr6","55281380","55281681","chr8","21270645","21270942","59","34010735"
"chr6","55337746","55337868","chr8","106305629","106305752","21","50967883"
"chr6","55365838","55365901","chr1","143254556","143254618","15","87888718"
"chr6","55375369","55375646","chr5","158818048","158818324","61","103442679"
"chr6","55414430","55414551","chr5","97612044","97612168","18","42197614"
"chr6","55421946","55422229","chr2","153226158","153226448","34","97804212"
"chr6","55445340","55445635","chr4","107607230","107607513","69","52161890"
"chr6","55445659","55445790","chr3","65250236","65250367","20","9804577"
"chr6","55500740","55501041","chr2","153136521","153136820","45","97635781"
"chr6","55523459","55523754","chr4","15486597","15486882","67","40036862"
"chr6","55611965","55612247","chr1","28807002","28807286","61","26804963"
"chr6","55866704","55866864","chr15","29341286","29341465","54","26525418"
"chr6","56037992","56038309","chr2","152596690","152597001","46","96558698"
"chr6","56055852","56056148","chr2","152582531","152582799","60","96526679"
"chr6","56111658","56111943","chr9","101966653","101966946","65","45854995"
"chr6","56151239","56151548","chr14","36677221","36677527","76","19474018"
"chr6","56212516","56212789","chr2","152417688","152417969","44","96205172"
"chr6","56242013","56242255","chr2","152387215","152387444","52","96145202"
"chr6","56242858","56243147","chr4","157845979","157846270","70","101603121"
"chr6","56320782","56321079","chrUn_GL286409","290667","290955","65","56030115"
"chr6","56367337","56367486","chr22","36661092","36661241","32","19706245"
"chr6","56377507","56377695","chr2","152269348","152269503","50","95891841"
"chr6","56384467","56384604","chrX","51477759","51477894","21","4906708"
"chr6","56388946","56389232","chrX","17832431","17832705","61","38556515"
"chr6","56390620","56390922","chr7","87450957","87451254","80","31060337"
"chr6","56392812","56393144","chr2","152252681","152253005","43","95859869"
"chr6","56430897","56431205","chr12","87539499","87539795","59","31108602"
"chr6","56460352","56460649","chr4","83717239","83717535","63","27256887"
"chr6","56583964","56584266","chr2","152052336","152052626","53","95468372"
"chr6","56623674","56623812","chr2","152015395","152015533","23","95391721"
"chr6","56637182","56637357","chr18","36949169","36949344","47","19688013"
"chr6","56666627","56666735","chr19","15464066","15464162","26","41202561"
"chr6","56678351","56678645","chr15","28321944","28322236","56","28356407"
"chr6","56698710","56699001","chr2","136915981","136916277","60","80217271"
"chr6","57032444","57032729","chr2","151578491","151578779","41","94546047"
"chr6","57108508","57108764","chr10","27466435","27466697","70","29642073"
"chr6","57122847","57123159","chr2","151482381","151482667","65","94359534"
"chr6","57125750","57126016","chr2","8980236","8980513","57","48145514"
"chr6","57154647","57154932","chr13","51980951","51981244","61","5173696"
"chr6","57202209","57202375","chr3","107195331","107195480","47","49993122"
"chr6","57249961","57250246","chr2","151373116","151373412","43","94123155"
"chr6","57602600","57602907","chr2","151023200","151023503","40","93420600"
"chr6","57777087","57777351","chr2","150839432","150839699","56","93062345"
"chr6","57847634","57847916","chr2","150752923","150753203","39","92905289"
"chr6","57850239","57850508","chr7","11164022","11164267","74","46686217"
"chr6","57948398","57948532","chr3","149245179","149245310","26","91296781"
"chr6","57983523","57983659","chr2","150625635","150625767","19","92642112"
"chr6","57984091","57984389","chr15","51781789","51782075","63","6202302"
"chr6","58041703","58041825","chr2","150575096","150575213","14","92533393"
"chr6","58074606","58074918","chr2","150545862","150546175","67","92471256"
"chr6","58098775","58099075","chr11","123306290","123306594","65","65207515"
"chr6","58122123","58122137","chr6","16302946","16302959","5","41819177"
"chr6","58122176","58122299","chr20","5208280","5208403","20","52913896"
"chr6","58129328","58129417","chr14","3042098","3042180","19","55087230"
"chr6","58129452","58129576","chr4","138721119","138721242","21","80591667"
"chr6","58129910","58130223","chr11","96787141","96787435","69","38657231"
"chr6","58136164","58136390","chr22","28354376","28354591","53","29781788"
"chr6","58162271","58162341","chr1","135701382","135701452","13","77539111"
"chr6","58172423","58172536","chr10","79565786","79565901","21","21393363"
"chr6","58172578","58172762","chr4","168164450","168164626","71","109991872"
"chr6","58185390","58185549","chr2","150450653","150450806","34","92265263"
"chr6","58223768","58223864","chr10","76755153","76755257","22","18531385"
"chr6","58255554","58255679","chr5","75447676","75447791","26","17192122"
"chr6","58255689","58255958","chr2","150392642","150392915","64","92136953"
"chr6","58309151","58309382","chr11","20973291","20973519","46","37335860"
"chr6","58314992","58315281","chrX","137827934","137828219","58","79512942"
"chr6","58324503","58324635","chr2","150311059","150311190","23","91986556"
"chr6","58343187","58343345","chr3","83416661","83416829","31","25073474"
"chr6","58354955","58355264","chr2","150278647","150278950","49","91923692"
"chr6","58396316","58396597","chr5","415074","415353","60","57981242"
"chr6","58800773","58800905","chr16","43800043","43800177","18","15000730"
"chr6","59174427","59174738","chrX","44065324","44065634","55","15109103"
"chr6","59199453","59199691","chr12","28836055","28836291","68","30363398"
"chr6","59199781","59200068","chr13","73837480","73837754","76","14637699"
"chr6","59278300","59278431","chr6","44075624","44075754","25","15202676"
"chr6","59278731","59278780","chr2","146076441","146076486","9","86797710"
"chr6","59284130","59284321","chr12","11997795","11997996","41","47286335"
"chr6","59483239","59483551","chrX","107193280","107193586","74","47710041"
"chr6","60123328","60123626","chr15","24930070","24930360","85","35193258"
"chr6","60164898","60165195","chr9","53523121","53523415","72","6641777"
"chr6","60201989","60202289","chr14","99094248","99094547","58","38892259"
"chr6","60207791","60207923","chr4","44463564","44463694","21","15744227"
"chr6","60289376","60289645","chr2","145005701","145005961","46","84716325"
"chr6","60305354","60305468","chr12","37355797","37355908","15","22949557"
"chr6","60322126","60322419","chr2","144970387","144970683","41","84648261"
"chr6","60329734","60330017","chr2","144960232","144960495","49","84630498"
"chr6","60352996","60353286","chr12","18930802","18931100","71","41422194"
"chr6","60354793","60354918","chr1","193439148","193439272","23","133084355"
"chr6","60355512","60355799","chr2","144943487","144943773","52","84587975"
"chr6","60412257","60412563","chr7","85727126","85727429","64","25314869"
"chr6","60477026","60477137","chr11","130077116","130077231","25","69600090"
"chr6","60628840","60629154","chr2","144679040","144679334","57","84050200"
"chr6","61743095","61743369","chr14","5388973","5389259","64","56354122"
"chr6","61796688","61796966","chr2","9828579","9828858","66","51968109"
"chr6","62370237","62370546","chr6","116646407","116646718","74","54276170"
"chr6","62512557","62512808","chr5","31027779","31028019","62","31484778"
"chr6","62607986","62608275","chr8","74294982","74295271","60","11686996"
"chr6","63137830","63138147","chr2","142118229","142118536","45","78980399"
"chr6","63382351","63382644","chr2","141845855","141846154","36","78463504"
"chr6","63398241","63398548","chr3","149104058","149104353","61","85705817"
"chr6","63505296","63505502","chr2","36714412","36714592","60","26790884"
"chr6","63544167","63544407","chr5","113476998","113477246","75","49932831"
"chr6","63563544","63563821","chr2","141667174","141667476","57","78103630"
"chr6","63651173","63651289","chr2","141575893","141576009","16","77924720"
"chr6","63661984","63662193","chr5","35652638","35652840","56","28009346"
"chr6","63663428","63663564","chr9","100741503","100741636","28","37078075"
"chr6","63790806","63790993","chr7","44938611","44938794","36","18852195"
"chr6","63809856","63810167","chr2","141435566","141435878","49","77625710"
"chr6","63886022","63886355","chr1","79686163","79686476","88","15800141"
"chr6","63911014","63911183","chr13","66738092","66738261","31","2827078"
"chr6","63921259","63921563","chr5","122545761","122546061","68","58624502"
"chr6","63943221","63943360","chr8","97649621","97649760","25","33706400"
"chr6","64011950","64012131","chr2","141217214","141217362","48","77205264"
"chr6","64033655","64033947","chr2","9248171","9248467","77","54785484"
"chr6","64169712","64170022","chr20","2026045","2026341","80","62143667"
"chr6","64233195","64233326","chrUn_GL288991","5898","6030","24","64227297"
"chr6","64249661","64249707","chr2","11662226","11662267","6","52587435"
"chr6","64330409","64330720","chrX","38534283","38534596","84","25796126"
"chr6","64338592","64338712","chr2","140934252","140934372","10","76595660"
"chr6","64380014","64380304","chr13","15863362","15863648","56","48516652"
"chr6","64646796","64647014","chr2","140601837","140602059","34","75955041"
"chr6","64809136","64809436","chr22","32315972","32316276","62","32493164"
"chr6","64853343","64853621","chr2","140380252","140380521","38","75526909"
"chr6","65058568","65058873","chr20","20554088","20554395","71","44504480"
"chr6","65367198","65367495","chrX","12076194","12076489","71","53291004"
"chr6","65506140","65506435","chr2","139712793","139713089","40","74206653"
"chr6","65974440","65974736","chrX","2464719","2465013","65","63509721"
"chr6","66130167","66130444","chr8","32599624","32599918","62","33530543"
"chr6","66173708","66173990","chr2","139039525","139039805","35","72865817"
"chr6","66457416","66457716","chr3","149104058","149104353","57","82646642"
"chr6","66565361","66565673","chr2","138625230","138625533","58","72059869"
"chr6","67208793","67209083","chr17","68362310","68362617","60","1153517"
"chr6","67225311","67225624","chr2","137952641","137952972","53","70727330"
"chr6","67235482","67235751","chr2","137945835","137946114","40","70710353"
"chr6","67271630","67271915","chr2","137910994","137911269","38","70639364"
"chr6","67275408","67275687","chr5","3925376","3925655","60","63350032"
"chr6","67287305","67287439","chr5","4469592","4469726","25","62817713"
"chr6","67321247","67321385","chr5","32818444","32818581","33","34502803"
"chr6","67341222","67341493","chr2","137842576","137842858","38","70501354"
"chr6","67351261","67351396","chr9","104853544","104853677","25","37502283"
"chr6","67357468","67357596","chr2","7433105","7433216","39","59924363"
"chr6","67364684","67364832","chr2","137821183","137821326","23","70456499"
"chr6","67381675","67381988","chr2","137801502","137801815","55","70419827"
"chr6","67396731","67397004","chr22","2203258","2203543","71","65193473"
"chr6","67420254","67420550","chrX","50133052","50133339","59","17287202"
"chr6","67433421","67433542","chr15","47418219","47418348","36","20015202"
"chr6","67448887","67449186","chr2","137753545","137753846","46","70304658"
"chr6","67493746","67494062","chr2","137702860","137703157","52","70209114"
"chr6","67531474","67531592","chr2","17211909","17212030","28","50319565"
"chr6","67531900","67532071","chr5","79470509","79470673","41","11938609"
"chr6","67542897","67543167","chr2","137563389","137563670","34","70020492"
"chr6","67590338","67590478","chr5","89542035","89542171","26","21951697"
"chr6","67590768","67590889","chr1","168378690","168378809","36","100787922"
"chr6","67652895","67653193","chr2","137470443","137470750","36","69817548"
"chr6","67660158","67660262","chr9","107176684","107176790","20","39516526"
"chr6","67706717","67706853","chr4","155941508","155941642","20","88234791"
"chr6","67708140","67708457","chr3","39544873","39545188","64","28163267"
"chr6","67787601","67787731","chr10","98492248","98492377","17","30704647"
"chr6","67811756","67812042","chr2","137353828","137354120","52","69542072"
"chr6","67853394","67853538","chr22","29233939","29234084","34","38619455"
"chr6","67853565","67853675","chr15","61296467","61296574","18","6557098"
"chr6","67887301","67887433","chr1","99997997","99998125","21","32110696"
"chr6","67891245","67891563","chr13","58872776","58873082","68","9018469"
"chr6","67897561","67897685","chrUn_GL286420","723172","723296","15","67174389"
"chr6","67913623","67913922","chr2","137252420","137252717","39","69338797"
"chr6","67922889","67923020","chr11","109461963","109462085","29","41539074"
"chr6","67923320","67923483","chr8","116151308","116151472","42","48227988"
"chr6","67931163","67931261","chr1","139988187","139988272","34","72057024"
"chr6","67942198","67942430","chr2","62177680","62177906","67","5764518"
"chr6","67942810","67942958","chrUn_GL286439","53125","53271","30","67889685"
"chr6","67963162","67963476","chr22","32319349","32319654","69","35643813"
"chr6","67964306","67964599","chr9","88559164","88559453","64","20594858"
"chr6","67969528","67969686","chrX","111808729","111808886","40","43839201"
"chr6","67969988","67970123","chr1","176862599","176862729","27","108892611"
"chr6","67976848","67977155","chr2","137152360","137152666","58","69175512"
"chr6","67980759","67981053","chr14","20102351","20102644","69","47878408"
"chr6","67981219","67981528","chr1","65566064","65566367","69","2415155"
"chr6","68022940","68023070","chr5","46011681","46011810","20","22011259"
"chr6","68066045","68066212","chr12","19289136","19289299","48","48776909"
"chr6","68074923","68075169","chr3","111368676","111368935","67","43293753"
"chr6","68111666","68111976","chr2","136994298","136994596","35","68882632"
"chr6","68119991","68120360","chr1","191796488","191796834","125","123676497"
"chr6","68143590","68143884","chr2","136953814","136954125","54","68810224"
"chr6","68180364","68180532","chr2","136918106","136918272","22","68737742"
"chr6","68197306","68197436","chr16","46329569","46329700","24","21867737"
"chr6","68313632","68313924","chr5","125594619","125594906","58","57280987"
"chr6","68559109","68559406","chr2","136508237","136508539","37","67949128"
"chr6","68642957","68643092","chr12","110982897","110983030","41","42339940"
"chr6","68680508","68680659","chr14","87410270","87410421","27","18729762"
"chr6","68680966","68681101","chr9","56024635","56024765","25","12656331"
"chr6","68700507","68700805","chr2","136361029","136361317","46","67660522"
"chr6","68830393","68830686","chr2","136234299","136234585","36","67403906"
"chr6","68980473","68980611","chr2","136065809","136065945","13","67085336"
"chr6","69069878","69070188","chr2","135972360","135972628","68","66902482"
"chr6","69311774","69312109","chr5","124246613","124246925","89","54934839"
"chr6","69378800","69379088","chr2","135610804","135611110","45","66232004"
"chr6","69434535","69434793","chr2","141370617","141370878","69","71936082"
"chr6","69452708","69452978","chr2","135540542","135540830","58","66087834"
"chr6","69463547","69463839","chr17","28143101","28143388","55","41320446"
"chr6","69542765","69543054","chr2","135492393","135492673","42","65949628"
"chr6","69555476","69555738","chr11","82129011","82129275","69","12573535"
"chr6","69556807","69557105","chr22","29758068","29758367","67","39798739"
"chr6","69661209","69661507","chr2","153911331","153911638","64","84250122"
"chr6","69685474","69685763","chr2","135347077","135347365","29","65661603"
"chr6","69690520","69690821","chr2","135341666","135341969","61","65651146"
"chr6","69702695","69702803","chr2","146156734","146156848","29","76454039"
"chr6","70040991","70041299","chr2","135027275","135027585","50","64986284"
"chr6","70068026","70068095","chr2","55598124","55598191","9","14469902"
"chr6","70104622","70104745","chrUn_GL286420","723172","723296","22","69381450"
"chr6","70112001","70112135","chr2","10899863","10899988","27","59212138"
"chr6","70190996","70191213","chr4","12360826","12361036","52","57830170"
"chr6","70209504","70209638","chr3","118982146","118982280","19","48772642"
"chr6","70458993","70459274","chr2","134605161","134605436","30","64146168"
"chr6","70559135","70559418","chr2","134501549","134501834","66","63942414"
"chr6","70627261","70627394","chr12","11035256","11035394","20","59592005"
"chr6","71061910","71062196","chr2","133988721","133988998","58","62926811"
"chr6","71131892","71132016","chrX","10359284","10359407","15","60772608"
"chr6","71157767","71158027","chr13","60924997","60925259","73","10232770"
"chr6","71281198","71281382","chr4","113858802","113858983","41","42577604"
"chr6","71394262","71394507","chr2","133639782","133640017","30","62245520"
"chr6","71482205","71482385","chr2","9684873","9685057","44","61797332"
"chr6","71525993","71526301","chr5","37895721","37896023","62","33630272"
"chr6","71532892","71533159","chrX","50802654","50802918","68","20730238"
"chr6","71559157","71559458","chr2","133462769","133463059","51","61903612"
"chr6","71905980","71906239","chr1","155910517","155910789","71","84004537"
"chr6","71931314","71931604","chr9","96993073","96993365","61","25061759"
"chr6","71940424","71940703","chr2","133110733","133111011","41","61170309"
"chr6","71955182","71955478","chr5","106251952","106252249","62","34296770"
"chr6","71961842","71962157","chr2","133098845","133099151","34","61137003"
"chr6","72006757","72006886","chr8","11427272","11427397","23","60579485"
"chr6","72038560","72038698","chr4","110194069","110194197","28","38155509"
"chr6","72039005","72039177","chr1","129159547","129159726","38","57120542"
"chr6","72091880","72092109","chr2","132984186","132984403","28","60892306"
"chr6","72127699","72127973","chr2","132938517","132938810","50","60810818"
"chr6","72217597","72217719","chr1","138926403","138926525","21","66708806"
"chr6","72399251","72399519","chr2","132679723","132679979","51","60280472"
"chr6","72408160","72408290","chr5","79064008","79064140","21","6655848"
"chr6","72548380","72548711","chr9","107213490","107213791","80","34665110"
"chr6","72579498","72579662","chr13","36500001","36500154","49","36079497"
"chr6","72977619","72977903","chrX","15505273","15505563","57","57472346"
"chr6","72984151","72984284","chr4","10682357","10682488","22","62301794"
"chr6","72999251","72999373","chr7","78792060","78792184","24","5792809"
"chr6","72999720","72999832","chr12","28937868","28937989","26","44061852"
"chr6","73072906","73073208","chr2","131926417","131926713","48","58853511"
"chr6","73101384","73101516","chr2","131900688","131900821","18","58799304"
"chr6","73113981","73114113","chr2","131888276","131888419","21","58774295"
"chr6","73264711","73264834","chr3","137802923","137803047","15","64538212"
"chr6","73389167","73389476","chr10","8915279","8915588","58","64473888"
"chr6","73422853","73423042","chr5","76792128","76792315","41","3369275"
"chr6","73447094","73447361","chr16","8843993","8844263","57","64603101"
"chr6","73460627","73460899","chr8","97697339","97697618","60","24236712"
"chr6","73465843","73465979","chr2","131522706","131522842","12","58056863"
"chr6","73476434","73476713","chr2","131508868","131509146","33","58032434"
"chr6","73506962","73507212","chr2","131481464","131481711","34","57974502"
"chr6","73509679","73509945","chr3","189567189","189567465","60","116057510"
"chr6","73618976","73619271","chr22","29758068","29758367","53","43860908"
"chr6","73638976","73639099","chr2","131411098","131411215","26","57772122"
"chr6","73683123","73683254","chr2","131370983","131371114","17","57687860"
"chr6","73691252","73691423","chr10","20850893","20851063","41","52840359"
"chr6","73691455","73691568","chrX","17631702","17631819","20","56059753"
"chr6","73795238","73795423","chr5","92751949","92752136","30","18956711"
"chr6","73926737","73927023","chr2","131122248","131122514","55","57195511"
"chr6","74163039","74163347","chr2","153911331","153911638","66","79748292"
"chr6","74344633","74344761","chr1","202423319","202423445","22","128078686"
"chr6","74449747","74449878","chrUn_GL288991","5898","6030","19","74443849"
"chr6","74585720","74585867","chr10","69617874","69618027","35","4967846"
"chr6","74673673","74673967","chr12","9055699","9055994","55","65617974"
"chr6","74718014","74718317","chr2","130327650","130327928","59","55609636"
"chr6","74734099","74734248","chr2","137929099","137929248","32","63195000"
"chr6","74734544","74734689","chr5","74329230","74329369","31","405314"
"chr6","74751083","74751353","chr14","84599670","84599940","54","9848587"
"chr6","74802248","74802492","chr2","130247037","130247312","57","55444789"
"chr6","74965722","74966019","chr2","130098638","130098945","44","55132916"
"chr6","74978458","74978751","chr2","130072160","130072426","54","55093702"
"chr6","74992591","74992728","chr14","1043718","1043850","28","73948873"
"chr6","75002177","75002476","chr2","130049792","130050090","46","55047615"
"chr6","75010104","75010398","chr2","130041721","130042007","48","55031617"
"chr6","75024026","75024342","chr2","130027651","130027962","49","55003625"
"chr6","75039430","75039725","chr2","130002272","130002556","45","54962842"
"chr6","75047363","75047663","chr9","103525515","103525797","73","28478152"
"chr6","75147609","75147791","chr2","129885077","129885255","20","54737468"
"chr6","75196816","75197117","chr3","189280360","189280656","67","114083544"
"chr6","75234720","75234969","chr2","129802332","129802584","38","54567612"
"chr6","75440840","75441133","chr7","58274465","58274765","67","17166375"
"chr6","75454395","75454703","chr2","129583318","129583620","42","54128923"
"chr6","75544980","75545262","chr2","129472227","129472509","39","53927247"
"chr6","75602785","75603069","chr2","129413288","129413585","43","53810503"
"chr6","75747237","75747368","chr6","115121226","115121350","20","39373989"
"chr6","75782775","75783076","chr11","122094771","122095073","59","46311996"
"chr6","75834615","75834819","chr10","79891266","79891470","43","4056651"
"chr6","75880673","75880952","chr9","114335053","114335333","63","38454380"
"chr6","75904569","75904691","chr8","4131451","4131575","22","71773118"
"chr6","75914797","75915075","chr5","137246805","137247081","57","61332008"
"chr6","75976344","75976460","chr9","46685405","46685517","39","29290939"
"chr6","75976772","75977064","chr19","46731009","46731303","50","29245763"
"chr6","75977065","75977206","chr2","170813628","170813760","21","94836563"
"chr6","75979633","75979750","chr13","21563891","21564009","25","54415742"
"chr6","75991059","75991358","chr2","128958317","128958619","38","52967258"
"chr6","76012536","76012652","chr2","128930152","128930268","15","52917616"
"chr6","76029660","76029838","chr14","25233657","25233832","41","50796003"
"chr6","76032947","76033108","chr8","30587546","30587708","30","45445401"
"chr6","76081547","76081670","chr1","9508271","9508392","18","66573276"
"chr6","76097240","76097381","chr12","11035256","11035394","21","65061984"
"chr6","76180996","76181274","chr2","128737108","128737405","62","52556112"
"chr6","76189025","76189331","chr2","128730704","128730985","66","52541679"
"chr6","76260679","76260938","chr2","128650086","128650360","48","52389407"
"chr6","76277434","76277563","chr4","113256464","113256591","21","36979030"
"chr6","76286476","76286597","chr2","128631447","128631569","13","52344971"
"chr6","76299447","76299768","chr20","19498160","19498465","71","56801287"
"chr6","76425987","76426297","chr2","128495243","128495535","45","52069256"
"chr6","76432118","76432238","chr11","73137726","73137849","34","3294392"
"chr6","76706847","76707086","chr2","128209790","128210041","45","51502943"
"chr6","76852555","76852771","chr17","74001525","74001735","50","2851030"
"chr6","76889874","76889994","chr2","16474771","16474887","19","60415103"
"chr6","76890037","76890209","chr17","37680301","37680470","38","39209736"
"chr6","76901775","76901963","chrX","124620171","124620359","45","47718396"
"chr6","76928119","76928424","chr11","122094771","122095073","70","45166652"
"chr6","76938583","76938899","chr5","37895721","37896023","71","39042862"
"chr6","76964125","76964408","chr2","127936780","127937079","58","50972655"
"chr6","76981401","76981521","chrX","107428789","107428908","17","30447388"
"chr6","76984016","76984354","chr11","95361513","95361842","77","18377497"
"chr6","77064497","77064806","chr2","127885194","127885477","66","50820697"
"chr6","77100483","77100779","chr13","40050342","40050639","58","37050141"
"chr6","77108504","77108806","chr2","127851236","127851531","35","50742732"
"chr6","77122526","77122809","chr10","47542357","47542638","77","29580169"
"chr6","77209586","77209698","chr5","131294331","131294442","20","54084745"
"chr6","77215598","77215721","chr1","170687777","170687897","16","93472179"
"chr6","77230939","77231223","chr2","127736504","127736779","41","50505565"
"chr6","77251330","77251635","chr7","55168420","55168731","66","22082910"
"chr6","77330796","77331071","chr2","127621039","127621333","45","50290243"
"chr6","77635674","77635801","chr12","50193702","50193833","21","27441972"
"chr6","77661315","77661609","chr6","31372066","31372370","68","46289249"
"chr6","77680428","77680730","chr2","127275303","127275586","58","49594875"
"chr6","77695911","77696204","chr5","61671414","61671706","50","16024497"
"chr6","77739551","77739825","chr2","2309407","2309659","67","75430144"
"chr6","77739859","77739884","chr2","11238519","11238536","10","66501340"
"chr6","77753174","77753478","chr14","99471702","99472002","49","21718528"
"chr6","77818750","77819055","chr2","127133078","127133383","46","49314328"
"chr6","77882795","77883095","chr2","127057003","127057288","41","49174208"
"chr6","77897515","77897836","chr2","127041944","127042246","63","49144429"
"chr6","78159870","78160182","chr7","31899128","31899441","73","46260742"
"chr6","78252715","78252840","chr10","47645070","47645193","15","30607645"
"chr6","78324427","78324726","chr18","271531","271804","53","78052896"
"chr6","78389754","78390054","chr2","126536889","126537201","46","48147135"
"chr6","78416962","78417276","chr7","74337730","74338026","85","4079232"
"chr6","78528209","78528450","chr22","41757124","41757364","62","36771085"
"chr6","78733720","78733843","chr17","18697273","18697397","16","60036447"
"chr6","78739652","78739929","chr2","126164534","126164811","34","47424882"
"chr6","78747922","78748215","chr2","126159370","126159666","49","47411448"
"chr6","79024916","79025225","chr2","125926838","125927150","35","46901922"
"chr6","79098564","79098680","chr5","94818021","94818132","18","15719457"
"chr6","79127020","79127327","chr7","81210361","81210666","61","2083341"
"chr6","79620850","79620974","chr2","125287069","125287193","19","45666219"
"chr6","79699550","79699824","chr2","125204084","125204350","49","45504534"
"chr6","80161100","80161400","chr2","4790364","4790646","79","75370736"
"chr6","80256688","80256973","chr12","12640059","12640347","66","67616629"
"chr6","80304794","80305077","chr14","61286420","61286702","58","19018374"
"chr6","81110353","81110659","chr4","80346085","80346387","69","764268"
"chr6","81253994","81254233","chr5","130845066","130845313","73","49591072"
"chr6","81445569","81445862","chr2","123507443","123507724","50","42061874"
"chr6","81585166","81585289","chr2","123366012","123366134","28","41780846"
"chr6","81778012","81778106","chr2","123191334","123191426","10","41413322"
"chr6","82359100","82359361","chr6","112931181","112931437","77","30572081"
"chr6","82365904","82366133","chr22","37704800","37705025","58","44661104"
"chr6","82394132","82394402","chr1","137030004","137030286","64","54635872"
"chr6","82616410","82616541","chr19","26202497","26202625","25","56413913"
"chr6","82616829","82617015","chr7","47492323","47492505","56","35124506"
"chr6","82634769","82634893","chr11","35268620","35268744","18","47366149"
"chr6","83057817","83058095","chr7","9256863","9257121","93","73800954"
"chr6","83058490","83058534","chr6","141314125","141314167","11","58255635"
"chr6","83111773","83111935","chr22","42258036","42258203","43","40853737"
"chr6","83112226","83112370","chr1","187929080","187929223","32","104816854"
"chr6","83127564","83127820","chr5","5290409","5290679","68","77837155"
"chr6","83315115","83315317","chr4","35974833","35975021","48","47340282"
"chr6","83341985","83342091","chr2","6535526","6535634","27","76806459"
"chr6","83342417","83342570","chr21","35623657","35623809","31","47718760"
"chr6","83513959","83514087","chr2","121489769","121489891","21","37975810"
"chr6","83722316","83722623","chr22","7810477","7810771","72","75911839"
"chr6","83722799","83722999","chr1","136698409","136698598","58","52975610"
"chr6","83743733","83744009","chr2","121260502","121260776","44","37516769"
"chr6","83769915","83770041","chr2","10899863","10899988","24","72870052"
"chr6","84018928","84019191","chr2","120970153","120970428","45","36951225"
"chr6","84026011","84026125","chr12","37355797","37355908","26","46670214"
"chr6","84077205","84077471","chr2","120913481","120913740","43","36836276"
"chr6","84095026","84095302","chr8","73499171","73499455","68","10595855"
"chr6","84116074","84116196","chr2","120870646","120870766","16","36754572"
"chr6","84118475","84118783","chr2","16484234","16484540","69","67634241"
"chr6","84122698","84123031","chr2","56723080","56723398","86","27399618"
"chr6","84202428","84202704","chr2","120791955","120792239","44","36589527"
"chr6","84247855","84247975","chr2","120741786","120741911","27","36493931"
"chr6","84460447","84460737","chr15","72135831","72136125","64","12324616"
"chr6","84733477","84733776","chr2","120221597","120221879","47","35488120"
"chr6","84830908","84831061","chr15","5374915","5375069","54","79455993"
"chr6","84885786","84886082","chr2","120075141","120075426","59","35189355"
"chr6","85133521","85133649","chr2","119825127","119825255","15","34691606"
"chr6","85229706","85229863","chr5","139628746","139628900","49","54399040"
"chr6","85251594","85251716","chr1","155368947","155369069","27","70117353"
"chr6","85569314","85569633","chr5","84590060","84590364","72","979254"
"chr6","85592396","85592629","chr12","26756922","26757147","73","58835474"
"chr6","85723231","85723492","chr7","122885667","122885928","59","37162436"
"chr6","85805339","85805500","chr12","33261650","33261815","43","52543689"
"chr6","85805797","85805928","chr13","54274276","54274404","32","31531521"
"chr6","85912763","85913060","chrX","28554013","28554309","75","57358750"
"chr6","85948780","85949084","chr2","118989588","118989909","62","33040808"
"chr6","85980696","85980833","chr15","56862420","56862553","25","29118276"
"chr6","85989039","85989327","chr2","118949109","118949395","46","32960070"
"chr6","86120646","86120954","chr21","46998038","46998338","61","39122608"
"chr6","86307008","86307313","chrUn_GL286224","44216","44516","80","86262792"
"chr6","86827042","86827339","chr2","118062124","118062429","51","31235082"
"chr6","87263850","87264136","chr2","117609016","117609333","76","30345166"
"chr6","87288256","87288565","chr5","1914630","1914936","63","85373626"
"chr6","87301469","87301609","chr5","89542035","89542171","22","2240566"
"chr6","87357397","87357662","chr2","117501669","117501943","50","30144272"
"chr6","87756194","87756345","chr22","13609437","13609590","29","74146757"
"chr6","87881727","87881842","chr2","116952610","116952725","10","29070883"
"chr6","87919877","87920182","chr2","116906412","116906706","70","28986535"
"chr6","88051122","88051243","chr2","116760032","116760155","18","28708910"
"chr6","88119938","88120031","chr11","58496392","58496484","16","29623546"
"chr6","88120349","88120571","chr10","46921857","46922077","50","41198492"
"chr6","88137861","88137945","chr7","4390344","4390426","23","83747517"
"chr6","88155033","88155155","chr2","116660603","116660719","16","28505570"
"chr6","88243242","88243514","chr2","116564711","116564982","26","28321469"
"chr6","88257450","88257491","chrX","90247050","90247087","9","1989600"
"chr6","88257790","88257879","chr5","73505727","73505818","23","14752063"
"chr6","88288930","88289232","chr2","116515693","116515976","58","28226763"
"chr6","88431829","88432119","chr5","144812139","144812433","73","56380310"
"chr6","88767386","88767666","chrX","138043135","138043421","64","49275749"
"chr6","88773535","88773687","chr2","116097377","116097529","18","27323842"
"chr6","88937583","88937733","chr18","33201864","33202025","39","55735719"
"chr6","89716897","89716986","chr5","35302644","35302737","20","54414253"
"chr6","90193521","90193801","chr19","10514857","10515138","54","79678664"
"chr6","90331368","90331621","chr15","63232108","63232373","64","27099260"
"chr6","90408122","90408444","chr5","75048361","75048673","72","15359761"
"chr6","90589153","90589345","chr2","114168565","114168752","26","23579412"
"chr6","90609644","90609939","chr2","114149012","114149310","43","23539368"
"chr6","90775593","90775888","chr19","519135","519423","67","90256458"
"chr6","90884304","90884582","chrX","127560393","127560668","62","36676089"
"chr6","90905593","90905867","chr11","16450711","16450985","67","74454882"
"chr6","90931121","90931399","chr14","71285636","71285909","70","19645485"
"chr6","91133765","91134045","chr7","144920461","144920738","55","53786696"
"chr6","91234156","91234453","chr2","113532053","113532346","53","22297897"
"chr6","91271393","91271553","chrX","18169747","18169899","36","73101646"
"chr6","91653106","91653355","chr2","94002244","94002481","68","2349138"
"chr6","91653639","91653829","chr7","47492323","47492505","56","44161316"
"chr6","91654124","91654267","chr7","57359333","57359475","30","34294791"
"chr6","92001793","92002113","chr1","24379226","24379548","91","67622567"
"chr6","92322034","92322337","chr2","112430008","112430303","53","20107974"
"chr6","92412493","92412622","chr1","29483933","29484054","30","62928560"
"chr6","92478589","92478836","chr2","112253119","112253353","43","19774530"
"chr6","92555407","92555530","chr9","65816955","65817079","15","26738452"
"chr6","92568198","92568481","chr10","6869829","6870109","60","85698369"
"chr6","92918501","92918725","chr2","111781467","111781696","29","18862966"
"chr6","93165293","93165552","chr1","202478050","202478303","65","109312757"
"chr6","93533373","93533655","chr19","43208317","43208587","65","50325056"
"chr6","93561319","93561620","chr2","111141151","111141446","43","17579832"
"chr6","93688933","93689241","chr4","135707438","135707747","61","42018505"
"chr6","93965922","93965937","chr9","114463129","114463145","3","20497207"
"chr6","93966221","93966512","chr2","110684840","110685130","69","16718619"
"chr6","93989664","93989978","chr2","110662933","110663231","49","16673269"
"chr6","94088722","94089008","chr2","110558376","110558654","46","16469654"
"chr6","94093585","94093708","chr4","8032334","8032456","20","86061251"
"chr6","94142877","94143169","chr12","98692241","98692535","61","4549364"
"chr6","94865903","94866080","chr4","137137979","137138158","47","42272076"
"chr6","95037275","95037558","chr2","109669587","109669871","44","14632312"
"chr6","95335606","95335892","chr7","100581899","100582178","61","5246293"
"chr6","95335962","95335992","chr4","86330088","86330119","12","9005874"
"chr6","95742555","95742870","chr1","202080831","202081137","78","106338276"
"chr6","95757793","95758097","chr2","108959346","108959653","51","13201553"
"chr6","95891877","95892180","chr1","194838798","194839100","60","98946921"
"chr6","95898884","95899007","chr2","108822128","108822250","19","12923244"
"chr6","95899865","95900097","chr17","26413286","26413511","65","69486579"
"chr6","95920027","95920344","chrX","43710230","43710539","58","52209797"
"chr6","96037440","96037717","chr4","167980018","167980298","73","71942578"
"chr6","96430527","96430855","chr5","4000666","4000984","82","92429861"
"chr6","96780351","96780613","chr5","53014207","53014467","68","43766144"
"chr6","96810236","96810534","chr2","107837760","107838052","68","11027524"
"chr6","96922337","96922641","chr1","171963710","171964014","58","75041373"
"chr6","96956135","96956432","chr14","21286699","21286994","62","75669436"
"chr6","97066285","97066363","chr7","44614116","44614194","15","52452169"
"chr6","97122691","97122944","chr2","14730892","14731147","68","82391799"
"chr6","97538376","97538502","chr8","116047832","116047955","24","18509456"
"chr6","97643764","97644061","chr10","127941325","127941621","62","30297561"
"chr6","97933208","97933479","chr2","106643349","106643625","46","8710141"
"chr6","98210066","98210342","chr7","80244208","80244485","79","17965858"
"chr6","99730445","99730657","chr9","56330360","56330542","66","43400085"
"chr6","99844958","99845251","chr2","7399605","7399891","60","92445353"
"chr6","99860590","99860874","chr7","43435989","43436282","69","56424601"
"chr6","99978862","99979127","chr2","104719643","104719928","71","4740781"
"chr6","99999347","99999630","chr2","104692673","104692938","52","4693326"
"chr6","100081441","100081569","chr2","104605720","104605842","18","4524279"
"chr6","100572217","100572494","chr13","84010355","84010627","74","16561862"
"chr6","100622906","100623134","chr5","95309505","95309726","61","5313401"
"chr6","100868809","100869113","chr3","111033017","111033309","58","10164208"
"chr6","101759941","101760162","chr2","102893963","102894188","45","1134022"
"chr6","102007357","102007644","chr12","79594461","79594738","63","22412896"
"chr6","102974137","102974445","chr5","97145715","97146015","78","5828422"
"chr6","103105498","103105626","chr10","82290819","82290946","24","20814679"
"chr6","103219551","103219677","chr2","101462003","101462129","23","1757548"
"chr6","103257136","103257370","chrX","16925992","16926221","50","86331144"
"chr6","103426149","103426237","chr3","118898265","118898354","21","15472116"
"chr6","103566611","103566909","chr11","72031048","72031355","69","31535563"
"chr6","103624560","103624699","chr10","88773992","88774133","21","14850568"
"chr6","103662297","103662597","chr2","101010633","101010924","39","2651664"
"chr6","103966708","103966948","chr5","137832085","137832343","74","33865377"
"chr6","104111693","104112001","chr2","100484494","100484801","53","3627199"
"chr6","104120517","104120826","chr5","32159227","32159534","67","71961290"
"chr6","104333936","104334200","chr18","9571653","9571934","78","94762283"
"chr6","104527964","104528252","chr2","100097090","100097374","36","4430874"
"chr6","104716688","104716821","chr2","17455028","17455152","29","87261660"
"chr6","104716847","104716991","chrUn_GL286475","136087","136243","42","104580760"
"chr6","105429559","105429793","chr2","99182824","99183065","41","6246735"
"chr6","105933253","105933532","chr13","48857580","48857877","75","57075673"
"chr6","105956001","105956298","chr2","98711348","98711642","31","7244653"
"chr6","105968223","105968512","chr4","16462057","16462343","44","89506166"
"chr6","105978561","105978637","chr4","33893632","33893709","10","72084929"
"chr6","106273111","106273420","chr2","98372264","98372555","50","7900847"
"chr6","106306892","106307022","chr14","93410979","93411109","21","12895913"
"chr6","106319363","106319655","chr2","98324468","98324751","58","7994895"
"chr6","106350704","106350830","chr4","44463564","44463694","24","61887140"
"chr6","106368531","106368839","chr2","98250682","98250994","54","8117849"
"chr6","106470265","106470351","chr22","47869778","47869861","19","58600487"
"chr6","106495663","106495732","chr18","4186232","4186301","11","102309431"
"chr6","106564419","106564541","chr9","12184805","12184929","19","94379614"
"chr6","107097307","107097605","chr14","84070740","84071038","77","23026567"
"chr6","107407783","107408067","chr12","83782377","83782672","65","23625406"
"chr6","107992476","107992732","chr2","96500307","96500566","42","11492169"
"chr6","108145196","108145367","chr22","42258036","42258203","43","65887160"
"chr6","108145643","108145789","chr8","97649621","97649760","34","10496022"
"chr6","108378798","108379101","chr2","96122713","96123021","61","12256085"
"chr6","108650274","108650464","chrX","62896920","62897101","56","45753354"
"chr6","109205401","109205521","chr1","174626517","174626639","24","65421116"
"chr6","109350608","109350902","chr2","95034652","95034935","50","14315956"
"chr6","109418209","109418512","chr22","29758068","29758367","66","79660141"
"chr6","109634246","109634369","chr11","125886666","125886786","34","16252420"
"chr6","109770208","109770513","chr10","12589587","12589894","69","97180621"
"chr6","109954777","109954828","chr3","186114247","186114299","6","76159470"
"chr6","109955200","109955276","chr3","115280121","115280198","22","5324921"
"chr6","109955306","109955463","chr4","15015591","15015749","39","94939715"
"chr6","109991062","109991339","chr1","181800405","181800684","64","71809343"
"chr6","110182489","110182731","chr2","94205712","94205963","39","15976777"
"chr6","110189647","110189957","chr2","94193630","94193910","73","15996017"
"chr6","110208397","110208644","chr17","56067111","56067358","57","54141286"
"chr6","110253374","110253507","chr7","129293331","129293456","24","19039957"
"chr6","110277409","110277673","chr13","59468988","59469242","83","50808421"
"chr6","110301504","110301800","chr2","94084109","94084397","40","16217395"
"chr6","110382393","110382561","chr21","28549233","28549377","56","81833160"
"chr6","110387688","110387825","chr17","73250584","73250724","19","37137104"
"chr6","110388156","110388331","chr16","91551886","91552056","36","18836270"
"chr6","110388342","110388623","chr2","35022203","35022483","76","75366139"
"chr6","110413058","110413373","chr2","93954048","93954373","53","16459010"
"chr6","110429669","110429788","chr2","187507423","187507547","33","77077754"
"chr6","110430192","110430295","chr11","128205151","128205252","18","17774959"
"chr6","110432611","110432826","chr4","107392055","107392281","44","3040556"
"chr6","110501981","110502282","chr2","93854281","93854585","39","16647700"
"chr6","110730202","110730455","chr13","87903167","87903408","61","22827035"
"chr6","110824156","110824460","chr5","14949198","14949503","53","95874958"
"chr6","110837483","110837774","chr15","7227741","7228029","51","103609742"
"chr6","110980047","110980093","chr15","70507073","70507119","11","40472974"
"chr6","111052665","111052821","chr1","178021039","178021189","47","66968374"
"chr6","111052855","111052971","chr6","57726781","57726892","21","53326074"
"chr6","111068074","111068362","chr2","93249281","93249550","45","17818793"
"chr6","111189833","111190119","chr2","93130359","93130631","50","18059474"
"chr6","111264570","111264702","chr2","93044641","93044766","23","18219929"
"chr6","112000001","112000287","chr5","44526179","44526457","65","67473822"
"chr6","112284935","112285221","chr2","91937025","91937315","36","20347910"
"chr6","112316693","112316955","chr2","91904050","91904329","51","20412643"
"chr6","113328460","113328742","chr12","82291634","82291917","75","31036826"
"chr6","113575940","113576071","chr2","90694980","90695104","20","22880960"
"chr6","113931479","113931783","chr2","90423292","90423578","58","23508187"
"chr6","113965579","113965719","chr11","12566672","12566812","24","101398907"
"chr6","114141746","114141986","chr14","64730752","64731004","63","49410994"
"chr6","114325342","114325643","chr16","96695087","96695382","55","17630255"
"chr6","114467982","114468284","chr19","33597403","33597714","68","80870579"
"chr6","114553940","114554175","chr2","116816598","116816813","60","2262658"
"chr6","115738859","115738911","chr3","81229711","81229764","9","34509148"
"chr6","116059737","116060019","chr2","88263779","88264055","49","27795958"
"chr6","116306278","116306402","chr20","5208280","5208403","22","111097998"
"chr6","116382639","116382937","chr2","87922204","87922498","36","28460435"
"chr6","116448820","116449127","chr1","118797181","118797481","55","2348361"
"chr6","116653465","116653773","chr7","146469241","146469543","73","29815776"
"chr6","116717698","116717977","chr2","87567622","87567895","41","29150076"
"chr6","116809502","116809807","chr5","140459961","140460270","77","23650459"
"chr6","116826595","116826772","chr10","9132038","9132206","43","107694557"
"chr6","116840082","116840420","chr7","151690932","151691249","89","34850850"
"chr6","117022200","117022476","chr5","116435024","116435315","61","587176"
"chr6","117085655","117085962","chr2","55200270","55200573","63","61885385"
"chr6","117108389","117108607","chr2","87135369","87135582","33","29973020"
"chr6","117113872","117113991","chr7","12493742","12493862","23","104620130"
"chr6","117134672","117134976","chrX","52367656","52367966","66","64767016"
"chr6","117150930","117151221","chr2","87091936","87092208","56","30058994"
"chr6","117270000","117270305","chr2","86963706","86964004","44","30306294"
"chr6","117731094","117731211","chr8","107251569","107251691","19","10479525"
"chr6","118090666","118090974","chr6","139464345","139464646","71","21373679"
"chr6","118699656","118699970","chr1","118797181","118797481","64","97525"
"chr6","118788458","118788706","chr12","106688636","106688883","69","12099822"
"chr6","118825158","118825466","chr9","98832984","98833286","88","19992174"
"chr6","119847361","119847643","chr2","83918082","83918364","39","35929279"
"chr6","120183121","120183305","chr2","83291307","83291494","26","36891814"
"chr6","120184647","120184922","chr2","83290159","83290448","52","36894488"
"chr6","120228185","120228461","chr3","66211168","66211457","62","54017017"
"chr6","120235901","120236023","chr2","48020218","48020339","22","72215683"
"chr6","120283630","120283841","chrX","14792523","14792740","48","105491107"
"chr6","120396402","120396530","chr4","138721119","138721242","23","18324717"
"chr6","120458107","120458372","chr2","83079313","83079587","36","37378794"
"chr6","120484511","120484767","chrX","43549111","43549351","71","76935400"
"chr6","120832653","120832775","chr3","137802923","137803047","18","16970270"
"chr6","120952420","120952664","chr2","82577511","82577749","40","38374909"
"chr6","120996082","120996365","chr2","82531545","82531833","67","38464537"
"chr6","121119675","121119810","chr22","18128678","18128803","32","102990997"
"chr6","121859511","121859817","chr7","53815922","53816220","66","68043589"
"chr6","121951906","121952193","chr2","81524745","81525009","57","40427161"
"chr6","121972160","121972430","chr3","38853046","38853308","62","83119114"
"chr6","121979992","121980299","chr2","81497257","81497556","44","40482735"
"chr6","121988049","121988328","chr2","81487352","81487630","25","40500697"
"chr6","122117639","122117768","chr2","68131181","68131310","18","53986458"
"chr6","122184651","122184957","chr2","13987385","13987695","66","108197266"
"chr6","122396962","122397266","chr2","56969336","56969629","58","65427626"
"chr6","122418009","122418300","chr2","81046351","81046659","66","41371658"
"chr6","122500392","122500586","chr6","147621690","147621871","53","25121298"
"chr6","122601649","122601939","chr2","80853756","80854047","45","41747893"
"chr6","123034023","123034228","chr2","80453518","80453719","23","42580505"
"chr6","123502533","123502814","chr7","11618058","11618337","70","111884475"
"chr6","123504204","123504481","chr9","38918706","38918990","70","84585498"
"chr6","123723363","123723649","chr10","20352331","20352619","59","103371032"
"chr6","123869691","123869989","chr13","36414491","36414784","68","87455200"
"chr6","123976951","123977243","chr2","79516729","79517027","58","44460222"
"chr6","124053815","124054085","chr2","79430247","79430518","25","44623568"
"chr6","124092371","124092489","chr12","51879540","51879656","14","72212831"
"chr6","124095847","124096133","chr13","30307087","30307370","61","93788760"
"chr6","124117660","124117895","chr2","79394861","79395097","36","44722799"
"chr6","124128201","124128493","chr1","135471991","135472267","66","11343790"
"chr6","124132329","124132521","chr1","110891694","110891861","67","13240635"
"chr6","124133324","124133484","chr9","13870020","13870184","61","110263304"
"chr6","124161462","124161765","chr1","185506876","185507173","60","61345414"
"chr6","124187451","124187578","chr6","51446971","51447089","32","72740480"
"chr6","124205346","124205641","chr7","87368088","87368386","62","36837258"
"chr6","124205645","124205942","chr2","79306369","79306664","32","44899276"
"chr6","124207909","124208180","chr7","19027470","19027747","65","105180439"
"chr6","124219093","124219220","chr2","41238218","41238347","20","82980875"
"chr6","124294735","124294869","chrX","106469400","106469531","32","17825335"
"chr6","124295491","124295667","chr8","25296425","25296600","39","98999066"
"chr6","124303613","124303735","chr7","80222234","80222356","21","44081379"
"chr6","124327739","124328039","chr7","65645212","65645513","60","58682527"
"chr6","124335457","124335684","chr2","15997374","15997596","57","108338083"
"chr6","124346744","124347054","chrX","22454216","22454523","74","101892528"
"chr6","124352219","124352335","chr22","9915068","9915192","29","114437151"
"chr6","124391675","124391977","chr1","200032121","200032424","65","75640446"
"chr6","124523393","124523699","chr7","31899128","31899441","53","92624265"
"chr6","124689594","124689901","chr7","129074421","129074722","56","4384827"
"chr6","124963674","124963979","chr1","102015660","102015969","74","22948014"
"chr6","125097963","125098082","chr9","53669548","53669665","19","71428415"
"chr6","125107660","125107960","chr7","120461483","120461779","63","4646177"
"chr6","125309628","125309919","chr6","59077136","59077433","78","66232492"
"chr6","125434267","125434447","chr3","136694325","136694509","49","11260058"
"chr6","125434821","125434933","chr5","83670899","83671014","21","41763922"
"chr6","125488241","125488553","chr2","78145609","78145922","45","47342632"
"chr6","125607962","125608265","chr2","56346032","56346347","74","69261930"
"chr6","125717286","125717573","chr2","77910618","77910914","39","47806668"
"chr6","125725683","125725976","chr22","34967574","34967862","65","90758109"
"chr6","125805490","125805782","chr4","149439980","149440261","87","23634490"
"chr6","125867392","125867511","chr17","5989328","5989449","17","119878064"
"chr6","125885308","125885590","chr4","107869232","107869514","53","18016076"
"chr6","126133895","126134185","chr2","77488489","77488783","54","48645406"
"chr6","126195049","126195295","chr2","151397559","151397799","63","25202510"
"chr6","126275019","126275321","chr10","114838607","114838907","62","11436412"
"chr6","126325293","126325467","chr9","30937300","30937470","44","95387993"
"chr6","126360621","126360904","chr12","12640059","12640347","63","113720562"
"chr6","126596937","126597231","chr2","76985393","76985681","68","49611544"
"chr6","126654427","126654547","chr22","4576407","4576526","15","122078020"
"chr6","126688586","126688699","chr10","86441456","86441570","29","40247130"
"chr6","126688727","126688858","chr14","77259277","77259410","37","49429450"
"chr6","127412074","127412336","chr7","62436613","62436878","72","64975461"
"chr6","127481518","127481810","chr4","122925393","122925686","75","4556125"
"chr6","127617394","127617635","chr2","75756981","75757255","74","51860413"
"chr6","127655909","127656089","chr2","129885077","129885255","49","2229168"
"chr6","128438023","128438278","chr2","14730892","14731147","79","113707131"
"chr6","128623702","128623993","chr1","118797181","118797481","63","9826521"
"chr6","128692519","128692664","chr12","61331188","61331335","30","67361331"
"chr6","128919410","128919594","chr2","56213585","56213736","57","72705825"
"chr6","128934193","128934303","chr2","74377312","74377434","25","54556881"
"chr6","128967591","128967888","chr2","74330118","74330406","55","54637473"
"chr6","128968973","128969165","chr5","93974723","93974924","60","34994250"
"chr6","128994398","128994685","chr14","20102351","20102644","59","108892047"
"chr6","129031177","129031369","chr5","132875163","132875342","48","3843986"
"chr6","129107902","129108154","chr13","60924997","60925259","63","68182905"
"chr6","129256251","129256308","chr2","146076441","146076486","21","16820190"
"chr6","129428254","129428421","chr2","73834046","73834211","23","55594208"
"chr6","129477924","129478047","chr9","85393340","85393464","22","44084584"
"chr6","129936854","129937143","chr16","19148516","19148813","69","110788338"
"chr6","130060327","130060637","chr7","81210361","81210666","66","48849966"
"chr6","130119317","130119618","chr2","73028760","73029045","53","57090557"
"chr6","130297455","130297735","chr15","23038887","23039168","55","107258568"
"chr6","130337400","130337677","chr2","72819173","72819457","63","57518227"
"chr6","130426417","130426693","chr2","72737188","72737466","40","57689229"
"chr6","130435523","130435829","chr2","56738365","56738665","63","73697158"
"chr6","130478164","130478448","chr2","72686490","72686788","73","57791674"
"chr6","130539407","130539704","chr2","72627727","72628022","47","57911680"
"chr6","130540910","130541151","chr5","26580674","26580908","57","103960236"
"chr6","130544928","130545179","chr1","73964551","73964809","61","56580377"
"chr6","130599525","130599772","chr2","72565139","72565381","34","58034386"
"chr6","130620194","130620485","chr7","70529533","70529824","59","60090661"
"chr6","130639233","130639351","chr22","4576407","4576526","20","126062826"
"chr6","130645812","130645946","chr2","170813628","170813760","23","40167816"
"chr6","130646237","130646412","chr10","20850893","20851063","33","109795344"
"chr6","130677620","130677758","chr9","103586171","103586302","30","27091449"
"chr6","130678059","130678197","chr2","165779808","165779945","38","35101749"
"chr6","130697576","130697848","chr2","72444058","72444329","35","58253518"
"chr6","130698154","130698184","chr16","64785568","64785595","7","65912586"
"chr6","130699473","130699607","chr8","26749659","26749790","23","103949814"
"chr6","130727805","130727927","chr3","137802923","137803047","18","7075118"
"chr6","130760647","130760929","chr18","3013302","3013589","74","127747345"
"chr6","130775133","130775435","chr22","9002282","9002574","91","121772851"
"chr6","130782066","130782338","chr2","72351163","72351438","38","58430903"
"chr6","130792373","130792519","chr7","102766883","102767024","37","28025490"
"chr6","130792822","130792944","chr5","31305611","31305733","22","99487211"
"chr6","130903717","130904014","chr5","65054591","65054892","58","65849126"
"chr6","131308394","131308704","chr2","71787065","71787368","51","59521329"
"chr6","131318226","131318344","chr14","45762266","45762383","20","85555960"
"chr6","131552114","131552391","chr5","137246805","137247081","63","5694691"
"chr6","131578299","131578609","chr2","71438885","71439191","39","60139414"
"chr6","131650777","131651116","chr2","71358632","71358939","73","60292145"
"chr6","131653886","131654194","chr2","71356493","71356806","51","60297393"
"chr6","131705030","131705154","chr20","5208280","5208403","19","126496750"
"chr6","131735395","131735548","chrUn_GL286397","777383","777540","33","130958012"
"chr6","131735849","131735989","chr14","62981222","62981361","23","68754627"
"chr6","131738854","131738990","chr5","108248088","108248216","20","23490766"
"chr6","131755644","131755958","chrX","62411395","62411707","72","69344249"
"chr6","131756028","131756100","chr16","96401753","96401829","14","35354275"
"chr6","131845368","131845493","chr12","23352979","23353105","25","108492389"
"chr6","131845788","131845973","chr22","7782238","7782421","45","124063550"
"chr6","131861168","131861249","chr2","71146304","71146385","1","60714864"
"chr6","131903816","131904049","chr11","20973291","20973519","59","110930525"
"chr6","131905475","131905601","chr7","97430825","97430950","21","34474650"
"chr6","131927819","131928127","chr2","31008637","31008943","51","100919182"
"chr6","131943633","131943692","chrX","107723124","107723180","6","24220509"
"chr6","131951207","131951521","chr5","101404898","101405201","89","30546309"
"chr6","131959129","131959235","chr11","74172764","74172868","22","57786365"
"chr6","132010090","132010384","chr2","31052006","31052263","64","100958084"
"chr6","132018393","132018684","chr1","198276236","198276530","57","66257843"
"chr6","132019701","132019819","chr2","31061373","31061493","20","100958328"
"chr6","132021928","132022130","chr6","150782587","150782794","54","18760659"
"chr6","132107519","132107795","chr2","31149661","31149928","31","100957858"
"chr6","132167058","132167346","chr2","56969336","56969629","49","75197722"
"chr6","132177405","132177524","chr20","26032000","26032122","21","106145405"
"chr6","132221947","132222229","chr2","31283399","31283668","42","100938548"
"chr6","132232307","132232439","chr1","74671369","74671502","22","57560938"
"chr6","132289453","132289746","chrX","17820848","17821136","54","114468605"
"chr6","132302679","132302813","chr7","57281399","57281531","26","75021280"
"chr6","132313362","132313676","chr2","31376644","31376947","52","100936718"
"chr6","132326974","132327099","chr2","31390438","31390568","14","100936536"
"chr6","132334722","132335030","chr2","11917529","11917838","61","120417193"
"chr6","132341804","132341930","chr9","65816955","65817079","16","66524849"
"chr6","132349028","132349159","chr7","136413230","136413360","22","4064202"
"chr6","132349447","132349627","chr13","59196473","59196657","45","73152974"
"chr6","132353466","132353717","chr13","111842663","111842912","60","20510803"
"chr6","132375261","132375522","chr4","92733911","92734194","58","39641350"
"chr6","132376057","132376355","chr7","150944880","150945184","75","18568823"
"chr6","132377281","132377586","chr4","92736297","92736618","56","39640984"
"chr6","132387558","132387702","chr15","45875743","45875867","56","86511815"
"chr6","132387742","132387783","chr4","111167952","111167992","7","21219790"
"chr6","132430394","132430522","chr5","43093688","43093811","22","89336706"
"chr6","132453424","132453732","chr2","31504697","31505007","53","100948727"
"chr6","132463531","132463688","chr1","77561037","77561197","48","54902494"
"chr6","132465722","132466016","chr4","118776795","118777091","73","13688927"
"chr6","132471294","132471597","chr2","31532350","31532656","35","100938944"
"chr6","132486634","132486768","chr7","136413230","136413360","23","3926596"
"chr6","132493242","132493387","chr1","137720535","137720667","37","5227293"
"chr6","132493678","132493812","chr5","72732483","72732615","29","59761195"
"chr6","132501959","132502226","chr7","50420067","50420331","55","82081892"
"chr6","132529959","132530090","chr2","31585490","31585611","25","100944469"
"chr6","132557233","132557364","chr12","50947006","50947137","23","81610227"
"chr6","132563491","132563642","chrUn_GL286397","777383","777540","32","131786108"
"chr6","132563671","132563789","chr4","39582330","39582447","24","92981341"
"chr6","132673255","132673552","chr7","32363417","32363723","62","100309838"
"chr6","132673884","132674031","chr5","74329230","74329369","32","58344654"
"chr6","133078208","133078309","chr2","32159639","32159746","16","100918569"
"chr6","133288120","133288412","chr1","192044767","192045049","61","58756647"
"chr6","133697460","133697704","chrX","125049365","125049603","58","8648095"
"chr6","134614763","134614894","chr2","33663501","33663632","23","100951262"
"chr6","134786628","134786952","chr2","33852829","33853131","59","100933799"
"chr6","135070776","135071060","chr13","36728667","36728950","61","98342109"
"chr6","135368915","135369192","chr2","34505992","34506268","53","100862923"
"chr6","135446821","135447109","chr2","34586198","34586495","45","100860623"
"chr6","135509155","135509232","chr15","22094493","22094573","17","113414662"
"chr6","135608308","135608509","chr11","123412810","123413013","41","12195498"
"chr6","135610264","135610366","chr1","170688349","170688438","38","35078085"
"chr6","135620624","135620850","chr7","75427691","75427912","53","60192933"
"chr6","135621056","135621337","chr2","34782361","34782648","53","100838695"
"chr6","135718130","135718405","chr4","21302753","21303029","58","114415377"
"chr6","135731155","135731441","chr22","29758068","29758367","57","105973087"
"chr6","135745538","135745789","chr5","77415458","77415701","61","58330080"
"chr6","135778739","135778865","chr9","115998189","115998298","43","19780550"
"chr6","135779151","135779319","chr15","63447352","63447528","51","72331799"
"chr6","135802149","135802455","chr2","34955891","34956186","46","100846258"
"chr6","135809309","135809508","chr2","34963335","34963537","27","100845974"
"chr6","135812362","135812489","chr5","44646079","44646202","24","91166283"
"chr6","135834679","135834880","chr22","15797537","15797730","56","120037142"
"chr6","135835908","135836189","chr6","15120054","15120337","59","120715854"
"chr6","135861648","135861937","chr15","57058522","57058823","57","78803126"
"chr6","135867858","135868109","chr13","31234559","31234826","63","104633299"
"chr6","135887426","135887698","chr2","56791226","56791491","72","79096200"
"chr6","135928322","135928607","chr20","39468851","39469144","70","96459471"
"chr6","135934899","135935220","chr2","35083537","35083834","69","100851362"
"chr6","136024092","136024409","chr2","35172400","35172718","63","100851692"
"chr6","136025838","136026123","chr1","129334114","129334396","60","6691724"
"chr6","136042356","136042492","chr10","106092903","106093032","25","29949453"
"chr6","136042762","136042903","chr17","37828897","37829039","34","98213865"
"chr6","136044656","136044905","chr4","131993194","131993427","72","4051462"
"chr6","136096962","136097257","chr2","35251989","35252277","55","100844973"
"chr6","136097472","136097589","chr17","18697273","18697397","18","117400199"
"chr6","136198579","136198731","chr2","35355301","35355435","28","100843278"
"chr6","136199352","136199494","chr21","47877874","47878005","34","88321478"
"chr6","136201291","136201340","chr18","14515525","14515573","11","121685766"
"chr6","136249273","136249544","chr2","35407041","35407323","49","100842232"
"chr6","136274706","136275004","chr2","35430147","35430439","41","100844559"
"chr6","136277046","136277221","chr2","9175320","9175491","47","127101726"
"chr6","136277300","136277467","chr6","156999595","156999757","45","20722295"
"chr6","136292315","136292614","chr3","149104058","149104353","68","12811743"
"chr6","136295628","136295868","chr1","22657041","22657266","70","113638587"
"chr6","136333097","136333397","chr2","35488159","35488453","42","100844938"
"chr6","136347299","136347595","chr3","111556877","111557172","64","24790422"
"chr6","136394716","136394995","chr2","35553288","35553567","21","100841428"
"chr6","136415457","136415595","chr1","140072468","140072601","31","3657011"
"chr6","136415896","136416057","chr1","186568722","186568874","34","50152826"
"chr6","136430308","136430422","chr7","146302339","146302436","28","9872031"
"chr6","136432702","136433005","chr2","1128220","1128520","64","135304482"
"chr6","136442021","136442140","chr9","108534541","108534662","29","27907480"
"chr6","136472997","136473293","chr10","94610637","94610936","59","41862360"
"chr6","136501954","136502137","chr7","100076392","100076576","41","36425562"
"chr6","136502432","136502572","chr10","8202776","8202912","27","128299656"
"chr6","136537597","136537762","chr5","83400224","83400389","38","53137373"
"chr6","136571694","136571803","chr2","35718354","35718462","13","100853340"
"chr6","136582580","136582879","chrX","40275096","40275395","65","96307484"
"chr6","136587990","136588291","chr8","105343725","105344018","59","31244265"
"chr6","136698745","136698885","chr2","35853267","35853404","10","100845478"
"chr6","136731350","136731631","chr2","35885347","35885620","37","100846003"
"chr6","136836304","136836604","chr21","46998038","46998338","60","89838266"
"chr6","136837922","136838045","chr9","65816955","65817079","17","71020967"
"chr6","136860541","136860664","chr2","36021753","36021877","12","100838788"
"chr6","136889850","136890147","chr8","105343725","105344018","67","31546125"
"chr6","136955596","136955724","chr15","25842891","25843009","34","111112705"
"chr6","136962546","136962679","chr5","31686295","31686426","26","105276251"
"chr6","136996920","136997051","chr9","43510189","43510319","23","93486731"
"chr6","137005472","137005576","chr20","38723050","38723144","33","98282422"
"chr6","137019254","137019571","chr1","175650547","175650870","64","38631293"
"chr6","137052559","137052694","chr1","192542368","192542501","23","55489809"
"chr6","137068322","137068618","chr3","118013573","118013856","84","19054749"
"chr6","137090899","137090997","chr13","7996055","7996163","25","129094844"
"chr6","137149225","137149406","chr5","99050194","99050359","53","38099031"
"chr6","137149738","137150024","chr2","36257216","36257506","47","100892522"
"chr6","137172497","137172750","chr2","36282334","36282554","49","100890163"
"chr6","137184020","137184094","chr1","195151781","195151854","13","57967761"
"chr6","137223394","137223680","chr2","8980236","8980513","58","128243158"
"chr6","137282032","137282286","chr18","34201571","34201835","71","103080461"
"chr6","137345092","137345354","chr2","36447152","36447425","56","100897940"
"chr6","137351945","137352211","chr2","36459283","36459556","54","100892662"
"chr6","137357262","137357585","chr14","74675440","74675747","73","62681822"
"chr6","137360097","137360416","chr7","70490592","70490881","83","66869505"
"chr6","137547107","137547190","chrUn_GL287838","10470","10555","21","137536637"
"chr6","137557339","137557463","chr22","26861563","26861685","19","110695776"
"chr6","137557518","137557669","chr7","58411221","58411369","36","79146297"
"chr6","137650511","137650628","chr7","99853344","99853456","21","37797167"
"chr6","137958683","137958957","chr1","26252599","26252890","63","111706084"
"chr6","138086653","138086947","chr2","37210064","37210348","58","100876589"
"chr6","138106993","138107295","chr2","37231727","37232023","41","100875266"
"chr6","138133771","138134067","chr2","37258716","37259015","28","100875055"
"chr6","138136532","138136823","chr2","37263436","37263731","40","100873096"
"chr6","138180739","138180909","chr8","115417751","115417910","35","22762988"
"chr6","138180936","138181058","chr5","44802174","44802292","17","93378762"
"chr6","138204328","138204477","chrUn_GL286439","53125","53271","27","138151203"
"chr6","138241542","138241834","chr1","169198082","169198378","62","30956540"
"chr6","138266720","138266848","chr22","18128678","18128803","25","120138042"
"chr6","138292499","138292777","chr8","73910287","73910566","62","64382212"
"chr6","138299543","138299841","chr2","37418820","37419137","54","100880723"
"chr6","138310537","138310688","chr9","112694008","112694150","33","25616529"
"chr6","138310985","138311159","chr11","76578764","76578933","34","61732221"
"chr6","138356973","138357247","chr2","37475040","37475322","43","100881933"
"chr6","138454765","138454857","chr3","170259854","170259947","15","31805089"
"chr6","138468948","138469079","chr11","120560318","120560450","18","17908630"
"chr6","138492701","138492868","chr2","37638359","37638525","21","100854342"
"chr6","138498013","138498322","chr7","55567706","55568016","63","82930307"
"chr6","138589515","138589784","chr9","41671862","41672138","61","96917653"
"chr6","138667628","138667924","chr12","36952591","36952886","61","101715037"
"chr6","138690739","138690890","chr1","186568722","186568874","36","47877983"
"chr6","138995797","138995911","chr2","38187980","38188089","16","100807817"
"chr6","139030378","139030681","chr14","59275312","59275604","62","79755066"
"chr6","139061289","139061597","chr2","38266941","38267241","69","100794348"
"chr6","139062150","139062281","chr7","32278014","32278141","25","106784136"
"chr6","139190973","139191126","chr5","84121565","84121712","43","55069408"
"chr6","139191228","139191353","chr22","26861563","26861685","25","112329665"
"chr6","139230857","139231153","chr2","38427743","38428039","26","100803114"
"chr6","139311295","139311571","chr13","60354203","60354490","63","78957092"
"chr6","139315615","139315768","chr12","10324844","10324992","38","128990771"
"chr6","139356611","139356742","chr16","62641580","62641711","22","76715031"
"chr6","139384125","139384166","chr15","7203820","7203856","10","132180305"
"chr6","139384491","139384595","chr4","138320033","138320135","31","1064458"
"chr6","139399189","139399482","chr2","38591662","38591957","45","100807527"
"chr6","139435829","139435961","chr2","38631189","38631317","14","100804640"
"chr6","139450431","139450725","chr2","38645838","38646134","35","100804593"
"chr6","139462162","139462437","chr1","175682262","175682534","64","36220100"
"chr6","139607857","139607915","chr4","32848789","32848847","13","106759068"
"chr6","139819904","139820026","chr1","106234261","106234385","16","33585643"
"chr6","139823693","139823982","chr2","39033711","39034002","53","100789982"
"chr6","139850036","139850318","chr22","28641187","28641477","68","111208849"
"chr6","139975649","139975948","chr2","39175701","39175981","41","100799948"
"chr6","140016637","140016940","chr2","39216556","39216841","55","100800081"
"chr6","140090294","140090411","chr1","194601865","194601976","30","54511571"
"chr6","140123314","140123432","chr2","39331636","39331760","16","100791678"
"chr6","140191771","140191921","chr2","8607778","8607916","43","131583993"
"chr6","140224499","140224660","chr2","63618419","63618575","35","76606080"
"chr6","140224952","140224970","chr2","11238519","11238536","4","128986433"
"chr6","140225284","140225438","chr2","170813628","170813760","40","30588344"
"chr6","140229996","140230129","chr2","39435936","39436070","20","100794060"
"chr6","140233975","140234294","chr2","39440677","39441007","57","100793298"
"chr6","140424012","140424314","chr2","56969336","56969629","61","83454676"
"chr6","140503417","140503604","chr2","39731680","39731853","25","100771737"
"chr6","140604186","140604472","chr16","22185963","22186263","75","118418223"
"chr6","140610640","140610748","chr9","93677184","93677287","28","46933456"
"chr6","140611059","140611256","chr2","9684873","9685057","48","130926186"
"chr6","140754050","140754336","chr2","39986212","39986505","33","100767838"
"chr6","140766759","140767076","chr14","80754932","80755229","65","60011827"
"chr6","141252906","141253097","chr3","48173821","48174007","40","93079085"
"chr6","141272420","141272537","chr2","40513909","40514015","23","100758511"
"chr6","141381764","141382064","chr2","40608028","40608324","44","100773736"
"chr6","141617193","141617488","chr2","40882494","40882794","40","100734699"
"chr6","142149483","142149787","chr2","41444049","41444345","56","100705434"
"chr6","142675814","142676083","chr2","41907946","41908220","39","100767868"
"chr6","142739155","142739452","chr2","41967563","41967863","62","100771592"
"chr6","142881652","142881930","chr19","17355793","17356029","97","125525859"
"chr6","142882688","142882907","chr11","14362144","14362363","53","128520544"
"chr6","143062923","143063052","chr1","166187745","166187875","28","23124822"
"chr6","143176431","143176477","chr7","43880085","43880130","8","99296346"
"chr6","143209795","143209956","chr19","28230486","28230653","44","114979309"
"chr6","143273256","143273414","chr13","58496153","58496302","31","84777103"
"chr6","143284819","143285138","chr6","116646407","116646718","70","26638412"
"chr6","143600907","143601203","chr14","87894635","87894929","63","55706272"
"chr6","143898160","143898272","chr2","43016462","43016573","11","100881698"
"chr6","143909994","143910285","chr2","43028737","43029027","34","100881257"
"chr6","144038619","144038916","chr12","81368549","81368843","61","62670070"
"chr6","144081405","144081704","chr2","43207367","43207666","35","100874038"
"chr6","144099588","144099740","chr1","186568722","186568874","36","42469134"
"chr6","144103511","144103811","chr21","46998038","46998338","66","97105473"
"chr6","144122175","144122296","chr2","43251564","43251685","17","100870611"
"chr6","144138016","144138244","chr5","119521229","119521452","54","24616787"
"chr6","144143233","144143529","chr2","43270260","43270559","41","100872973"
"chr6","144182614","144182928","chr14","84353619","84353920","73","59828995"
"chr6","144210610","144210732","chr18","14768270","14768391","21","129442340"
"chr6","144270206","144270339","chr11","120560318","120560450","22","23709888"
"chr6","144287733","144287856","chr6","112341343","112341464","19","31946390"
"chr6","144293866","144294170","chr7","32363417","32363723","64","111930449"
"chr6","144429685","144429990","chr2","43555141","43555434","50","100874544"
"chr6","144604430","144604734","chr2","43737417","43737692","57","100867013"
"chr6","144672869","144673157","chr2","43797483","43797761","61","100875386"
"chr6","144804485","144804634","chr15","82732062","82732206","34","62072423"
"chr6","144850570","144850877","chr15","82936864","82937164","53","61913706"
"chr6","145648854","145649143","chr13","10574438","10574724","65","135074416"
"chr6","145671143","145671402","chr14","79575769","79576034","57","66095374"
"chr6","145919577","145919734","chr8","94759538","94759700","42","51160039"
"chr6","146013668","146013977","chr2","138027451","138027756","68","7986217"
"chr6","146203000","146203260","chr20","27803746","27804013","73","118399254"
"chr6","146406783","146407059","chr17","34836807","34837087","61","111569976"
"chr6","146678847","146678970","chr7","46700947","46701073","23","99977900"
"chr6","147196370","147196663","chr2","46489776","46490086","40","100706594"
"chr6","147532870","147533008","chr19","46804223","46804354","27","100728647"
"chr6","147577621","147577912","chr2","46878298","46878553","60","100699323"
"chr6","147580734","147581053","chr5","129489203","129489517","70","18091531"
"chr6","147590493","147590699","chr9","8807617","8807817","50","138782876"
"chr6","147591461","147591590","chrUn_GL286453","16784","16912","27","147574677"
"chr6","147606951","147607195","chr3","184601511","184601767","78","36994560"
"chr6","147634004","147634120","chr1","158983184","158983299","14","11349180"
"chr6","147635298","147635570","chr4","104860719","104860990","64","42774579"
"chr6","147669393","147669510","chr7","30215462","30215575","22","117453931"
"chr6","147691708","147691831","chr20","26032000","26032122","28","121659708"
"chr6","147707186","147707292","chr15","66108448","66108545","35","81598738"
"chr6","147726674","147726980","chr7","20056054","20056352","59","127670620"
"chr6","147811631","147811876","chrX","122038265","122038501","51","25773366"
"chr6","147833994","147834121","chr17","18697273","18697397","20","129136721"
"chr6","147873128","147873428","chr8","55165951","55166255","60","92707177"
"chr6","148006270","148006396","chrUn_GL286217","106113","106229","24","147900157"
"chr6","148041899","148041935","chr1","195422697","195422735","5","47380798"
"chr6","148063110","148063398","chr2","47389917","47390206","32","100673193"
"chr6","148086310","148086445","chr2","47415009","47415146","16","100671301"
"chr6","148106411","148106540","chr17","18697273","18697397","15","129409138"
"chr6","148123928","148124211","chr5","43481946","43482233","49","104641982"
"chr6","148148707","148149016","chr2","47468685","47469003","56","100680022"
"chr6","148174266","148174481","chr3","75033239","75033448","61","73141027"
"chr6","148231694","148231975","chr14","36718091","36718384","65","111513603"
"chr6","148359816","148359956","chr2","47690017","47690157","23","100669799"
"chr6","148411186","148411465","chr10","128358845","128359115","62","20052341"
"chr6","148456862","148457144","chr9","111001986","111002259","64","37454876"
"chr6","148473799","148474085","chr2","47810683","47810976","42","100663116"
"chr6","148502898","148503018","chr11","65528037","65528159","18","82974861"
"chr6","148524731","148525022","chr2","47867171","47867455","42","100657560"
"chr6","148560018","148560335","chr2","8000025","8000324","71","140559993"
"chr6","148587157","148587291","chrX","93172718","93172845","24","55414439"
"chr6","148597607","148597898","chr12","48712370","48712665","69","99885237"
"chr6","148603672","148603792","chr9","2802928","2803046","16","145800744"
"chr6","148663338","148663637","chr15","7227741","7228029","62","141435597"
"chr6","148785880","148786003","chr10","45303732","45303853","22","103482148"
"chr6","148798070","148798382","chr2","48129259","48129569","30","100668811"
"chr6","148815638","148815936","chr2","48148731","48149033","48","100666907"
"chr6","149052247","149052529","chr15","67666693","67666967","65","81385554"
"chr6","149063683","149063978","chr3","151599961","151600260","63","2536278"
"chr6","149104047","149104292","chr18","33417455","33417706","54","115686592"
"chr6","149150351","149150661","chr2","48578974","48579286","42","100571377"
"chr6","149257311","149257609","chr11","66877535","66877842","67","82379776"
"chr6","149439696","149440010","chr5","99326836","99327142","67","50112860"
"chr6","149490821","149490919","chr11","128205151","128205252","17","21285670"
"chr6","149635499","149635796","chr1","203796500","203796783","78","54161001"
"chr6","149746456","149746591","chr11","120992744","120992876","32","28753712"
"chr6","149746881","149747051","chr2","49489760","49489931","37","100257121"
"chr6","149752308","149752439","chr5","112473213","112473343","23","37279095"
"chr6","149773543","149773863","chr2","49360640","49360958","57","100412903"
"chr6","149868973","149869274","chr22","8475487","8475794","59","141393486"
"chr6","149918443","149918738","chr2","49491148","49491437","52","100427295"
"chr6","149921100","149921411","chr20","10115789","10116083","77","139805311"
"chr6","149922203","149922491","chr13","1765130","1765423","71","148157073"
"chr6","150117260","150117571","chr2","49706322","49706591","68","100410938"
"chr6","150599634","150599925","chr2","50237380","50237676","50","100362254"
"chr6","151089310","151089614","chr8","55165951","55166255","69","95923359"
"chr6","151120410","151120664","chr11","120166744","120166992","65","30953666"
"chr6","151134400","151134691","chr3","33367854","33368134","73","117766546"
"chr6","151952229","151952352","chr17","18697273","18697397","16","133254956"
"chr6","152155152","152155438","chr3","41608465","41608749","82","110546687"
"chr6","152276631","152276976","chr2","52127024","52127321","86","100149607"
"chr6","152393236","152393512","chr8","711059","711337","57","151682177"
"chr6","152501879","152502178","chr2","52359219","52359522","42","100142660"
"chr6","152512128","152512416","chr2","52370507","52370792","43","100141621"
"chr6","152539866","152540178","chr12","101788389","101788695","66","50751477"
"chr6","152684121","152684429","chr2","52543729","52544020","36","100140392"
"chr6","152699345","152699468","chr2","52557936","52558058","14","100141409"
"chr6","152732530","152732765","chr2","52596666","52596888","32","100135864"
"chr6","152734840","152734897","chr13","100951037","100951096","9","51783803"
"chr6","152763363","152763640","chr2","52620763","52621038","35","100142600"
"chr6","152766579","152766849","chr2","52622696","52622969","59","100143883"
"chr6","152774368","152774576","chr11","14362144","14362363","52","138412224"
"chr6","152776651","152776797","chr5","74329230","74329369","29","78447421"
"chr6","152777142","152777306","chr7","24977819","24977978","47","127799323"
"chr6","152803948","152804069","chr1","106642431","106642552","22","46161517"
"chr6","152865800","152866095","chr2","52721358","52721651","45","100144442"
"chr6","152881692","152881964","chr2","52737167","52737450","41","100144525"
"chr6","152902136","152902263","chr1","205210342","205210473","23","52308206"
"chr6","152903464","152903765","chr2","52761990","52762265","55","100141474"
"chr6","152957088","152957226","chr7","44691638","44691773","31","108265450"
"chr6","152957833","152957893","chr7","2189180","2189239","11","150768653"
"chr6","152958165","152958263","chr6","116719997","116720088","26","36238168"
"chr6","152958511","152958779","chr12","80414049","80414330","64","72544462"
"chr6","152960460","152960733","chr12","80414049","80414330","64","72546411"
"chr6","152968042","152968335","chr6","123605308","123605591","63","29362734"
"chr6","153009150","153009345","chr8","34223601","34223790","50","118785549"
"chr6","153308576","153308868","chr7","493374","493666","60","152815202"
"chr6","153922448","153922630","chr1","129159547","129159726","43","24762901"
"chr6","153922923","153923051","chrX","58482136","58482260","21","95440787"
"chr6","154047754","154048033","chr2","53981437","53981714","66","100066317"
"chr6","154190420","154190697","chr1","166931846","166932134","56","12741426"
"chr6","154239348","154239622","chr7","96312925","96313193","60","57926423"
"chr6","154247410","154247706","chr2","54193460","54193735","56","100053950"
"chr6","154636788","154637047","chr2","54602080","54602366","60","100034708"
"chr6","154819630","154819918","chr2","54792748","54793034","37","100026882"
"chr6","154912515","154912805","chr16","51799052","51799355","69","103113463"
"chr6","154953018","154953116","chr8","28713815","28713905","20","126239203"
"chr6","154958536","154958773","chr12","50181489","50181714","64","104777047"
"chr6","154982634","154982911","chr2","55000605","55000881","39","99982029"
"chr6","154999610","154999743","chr5","76309637","76309769","25","78689973"
"chr6","155007612","155007704","chr1","177564929","177565020","18","22557317"
"chr6","155019473","155019605","chr22","32725115","32725247","25","122294358"
"chr6","155023389","155023695","chr20","20554088","20554395","58","134469301"
"chr6","155044373","155044658","chr10","75401525","75401812","70","79642848"
"chr6","155067610","155067821","chr2","55105461","55105681","46","99962149"
"chr6","155093394","155093692","chrX","20607629","20607919","55","134485765"
"chr6","155136704","155136830","chr2","10902097","10902210","29","144234607"
"chr6","155147272","155147580","chr6","124026035","124026337","66","31121237"
"chr6","155160485","155160584","chr12","37093156","37093256","19","118067329"
"chr6","155165622","155165744","chr9","65816955","65817079","17","89348667"
"chr6","155173233","155173521","chr2","55198041","55198328","61","99975192"
"chr6","155175182","155175402","chr2","55199983","55200193","40","99975199"
"chr6","155175478","155175790","chr2","55200270","55200573","42","99975208"
"chr6","155189665","155189962","chr5","286416","286705","88","154903249"
"chr6","155218419","155218650","chr1","40232871","40233107","56","114985548"
"chr6","155267706","155267829","chr2","18074414","18074547","18","137193292"
"chr6","155359758","155360036","chr9","100844088","100844357","72","54515670"
"chr6","155432921","155433042","chr1","106642431","106642552","22","48790490"
"chr6","155603686","155603990","chr2","18423443","18423745","32","137180243"
"chr6","155758804","155758997","chr22","9291790","9291978","41","146467014"
"chr6","155822500","155822632","chr21","36225539","36225673","23","119596961"
"chr6","155902195","155902502","chr2","18742534","18742821","59","137159661"
"chr6","155944956","155945208","chr19","35751476","35751716","53","120193480"
"chr6","155947295","155947622","chr2","18788344","18788625","69","137158951"
"chr6","155956674","155956966","chr1","9469383","9469676","59","146487291"
"chr6","156011665","156011932","chr2","18852856","18853112","31","137158809"
"chr6","156019766","156020098","chr5","131527086","131527390","82","24492680"
"chr6","156027323","156027574","chr2","18868027","18868268","39","137159296"
"chr6","156053941","156054099","chr5","93715090","93715246","45","62338851"
"chr6","156068031","156068340","chr2","18917278","18917580","30","137150753"
"chr6","156073713","156073835","chrUn_GL286217","106113","106229","20","155967600"
"chr6","156092029","156092334","chr12","26481170","26481471","65","129610859"
"chr6","156110553","156110756","chr18","8716776","8716979","42","147393777"
"chr6","156133241","156133371","chr2","18985348","18985479","14","137147893"
"chr6","156143948","156144081","chr3","165920845","165920981","17","9776897"
"chr6","156168262","156168560","chr2","19017978","19018291","49","137150284"
"chr6","156181772","156181945","chr11","66043564","66043741","42","90138208"
"chr6","156319147","156319459","chr2","19191742","19192035","60","137127405"
"chr6","156503248","156503542","chr1","28942068","28942353","64","127561180"
"chr6","156619770","156619892","chr1","117149955","117150073","24","39469815"
"chr6","156703093","156703390","chr12","113797487","113797776","68","42905606"
"chr6","157386980","157387168","chr19","15499255","15499461","47","141887725"
"chr6","157421943","157422223","chr1","155385469","155385738","59","2036474"
"chr6","157434046","157434335","chr15","57249480","57249771","76","100184566"
"chr6","157481273","157481401","chr2","20393834","20393948","28","137087439"
"chr6","157523623","157523900","chr7","66388710","66388987","54","91134913"
"chr6","157591283","157591569","chr2","20509241","20509527","19","137082042"
"chr6","157608308","157608450","chr2","20521652","20521794","14","137086656"
"chr6","157679707","157680017","chr2","20592564","20592860","57","137087143"
"chr6","158096100","158096303","chr5","132088604","132088805","50","26007496"
"chr6","158137942","158138062","chr10","86319309","86319428","19","71818633"
"chr6","158151416","158151713","chr2","17670653","17670953","67","140480763"
"chr6","158166013","158166320","chr18","33187573","33187871","62","124978440"
"chr6","158184417","158184626","chr5","132088604","132088805","47","26095813"
"chr6","158192606","158192877","chr2","21092164","21092465","53","137100442"
"chr6","158195242","158195362","chr2","8694044","8694161","18","149501198"
"chr6","158203212","158203502","chr7","60677817","60678103","59","97525395"
"chr6","158222080","158222352","chr14","105452936","105453220","79","52769144"
"chr6","158228960","158229250","chr2","21128193","21128468","29","137100767"
"chr6","158249586","158249866","chr2","21146814","21147085","66","137102772"
"chr6","158261227","158261348","chr2","21160225","21160341","18","137101002"
"chr6","158270497","158270573","chr9","121926826","121926898","19","36343671"
"chr6","158301440","158301559","chr5","129121","129233","34","158172319"
"chr6","158302152","158302306","chr4","26083036","26083157","54","132219116"
"chr6","158304687","158304963","chr2","21214657","21214932","34","137090030"
"chr6","158314071","158314177","chr15","48918659","48918771","34","109395412"
"chr6","158321519","158321654","chr6","154086852","154086987","25","4234667"
"chr6","158321957","158322076","chr1","72314972","72315090","33","86006985"
"chr6","158363833","158364128","chr2","17670653","17670953","67","140693180"
"chr6","158399864","158400108","chr12","26163376","26163610","65","132236488"
"chr6","158413702","158414007","chr2","21348110","21348413","51","137065592"
"chr6","158414018","158414292","chr2","21348416","21348707","54","137065602"
"chr6","158421015","158421137","chr14","84202406","84202526","15","74218609"
"chr6","158463663","158463796","chr2","170813628","170813760","22","12349965"
"chr6","158528285","158528406","chr10","47645070","47645193","23","110883215"
"chr6","158728607","158728747","chr14","98032907","98033059","24","60695700"
"chr6","158909744","158910054","chr4","138839400","138839698","74","20070344"
"chr6","159161135","159161430","chr2","22104021","22104300","53","137057114"
"chr6","159197290","159197583","chr2","22141687","22141982","43","137055603"
"chr6","159457137","159457366","chr2","22435968","22436195","41","137021169"
"chr6","159811712","159812021","chr2","22793108","22793408","41","137018604"
"chr6","159832978","159833096","chr6","70909306","70909412","33","88923672"
"chr6","160026584","160026884","chr2","22977682","22977983","47","137048902"
"chr6","160126337","160126634","chr2","23086450","23086752","40","137039887"
"chr6","160327084","160327337","chr2","23281494","23281747","39","137045590"
"chr6","160453456","160453578","chr5","110844048","110844168","27","49609408"
"chr6","160482249","160482559","chr3","138069503","138069810","74","22412746"
"chr6","160699032","160699162","chr2","23625832","23625962","13","137073200"
"chr6","161495026","161495313","chr4","77331513","77331798","63","84163513"
"chr6","161544453","161544739","chr2","24631021","24631313","54","136913432"
"chr6","161545193","161545356","chr9","96473152","96473305","51","65072041"
"chr6","161572104","161572313","chr9","101960601","101960798","51","59611503"
"chr6","161585700","161585957","chr18","33417455","33417706","66","128168245"
"chr6","161606889","161607012","chr2","24694998","24695118","20","136911891"
"chr6","161647187","161647521","chr3","148408684","148409008","84","13238503"
"chr6","161696763","161696882","chr2","24791087","24791196","22","136905676"
"chr6","161912538","161912849","chr2","25013179","25013459","57","136899359"
"chr6","162581040","162581357","chr10","8915279","8915588","80","153665761"
"chr6","162757464","162757774","chr2","25837697","25837991","60","136919767"
"chr6","162866752","162867035","chr2","25960350","25960633","62","136906402"
"chr6","162905991","162906284","chr2","25998941","25999203","58","136907050"
"chr6","162925210","162925343","chr3","28548713","28548848","26","134376497"
"chr6","163073429","163073723","chr9","40510882","40511171","60","122562547"
"chr6","163342964","163343085","chr5","108882668","108882786","23","54460296"
"chr6","163469980","163470264","chr2","26553400","26553683","34","136916580"
"chr6","163503333","163503631","chr2","26594124","26594434","57","136909209"
"chr6","163638213","163638486","chr2","26728049","26728336","46","136910164"
"chr6","163659714","163660010","chr2","26748033","26748313","49","136911681"
"chr6","163728127","163728197","chr2","26812679","26812757","20","136915448"
"chr6","163908074","163908288","chr2","26938228","26938470","66","136969846"
"chr6","163985200","163985492","chr2","27019085","27019391","52","136966115"
"chr6","164303245","164303535","chr7","70529533","70529824","53","93773712"
"chr6","164394560","164394860","chr2","27351005","27351289","51","137043555"
"chr6","164436099","164436229","chr4","17998578","17998708","24","146437521"
"chr6","164986486","164986777","chr5","39418421","39418716","68","125568065"
"chr6","165084793","165085104","chr2","55200270","55200573","62","109884523"
"chr6","165651290","165651349","chr1","35273159","35273224","18","130378131"
"chr6","165979262","165979448","chr3","39348468","39348645","52","126630794"
"chr6","165979811","165979925","chr5","78821234","78821351","26","87158577"
"chr6","166360967","166361266","chr13","54551589","54551894","70","111809378"
"chr6","166412299","166412609","chr2","29407715","29408025","30","137004584"
"chr6","166424671","166424799","chr2","29419096","29419224","21","137005575"
"chr6","166466676","166466955","chr2","29462574","29462838","51","137004102"
"chr6","166569659","166569968","chr2","29571991","29572286","58","136997668"
"chr6","166612887","166613176","chr8","73998320","73998580","80","92614567"
"chr6","166685495","166685786","chr1","26019801","26020092","57","140665694"
"chr6","166721845","166721972","chr4","26083036","26083157","32","140638809"
"chr6","166742158","166742453","chr2","29748082","29748376","36","136994076"
"chr6","166753192","166753389","chr13","16369587","16369789","46","150383605"
"chr6","166773055","166773182","chr5","137705493","137705618","22","29067562"
"chr6","166789038","166789309","chr12","21915818","21916101","63","144873220"
"chr6","166834676","166834766","chr9","63440882","63440970","24","103393794"
"chr6","166913047","166913324","chr2","29919158","29919438","50","136993889"
"chr6","166928713","166928995","chr8","117324937","117325224","60","49603776"
"chr6","166936101","166936398","chr2","29941556","29941863","36","136994545"
"chr6","167101158","167101275","chr9","108534541","108534662","28","58566617"
"chr6","167188913","167189172","chr2","30163313","30163587","45","137025600"
"chr6","167698259","167698568","chr1","101989337","101989640","73","65708922"
"chr6","167834529","167834835","chr22","29213886","29214184","62","138620643"
"chr6","167896172","167896370","chr4","37396090","37396294","45","130500082"
"chr6","167933103","167933203","chr22","12054240","12054336","21","155878863"
"chr6","168017098","168017211","chr9","93860244","93860358","26","74156854"
"chr6","168027797","168028106","chr2","70587753","70588045","62","97440044"
"chr6","168125208","168125491","chr2","70466624","70466908","59","97658584"
"chr6","168125492","168125546","chr19","36163909","36163959","11","131961583"
"chr6","168125547","168125601","chr19","36163909","36163959","11","131961638"
"chr6","168125602","168125661","chr11","122637507","122637564","14","45488095"
"chr6","168173050","168173182","chr22","12564392","12564521","23","155608658"
"chr6","168981594","168981893","chr2","69630912","69631214","32","99350682"
"chr6","169095609","169095920","chr10","35314886","35315185","63","133780723"
"chr6","169196061","169196319","chr5","96636957","96637210","59","72559104"
"chr6","169294474","169294731","chr12","33898143","33898402","71","135396331"
"chr6","169338430","169338748","chr22","32315972","32316276","73","137022458"
"chr6","169341386","169341684","chr2","69248494","69248775","56","100092892"
"chr6","169363275","169363569","chr7","53815922","53816220","58","115547353"
"chr6","169481192","169481317","chr11","35268620","35268744","21","134212572"
"chr6","169497750","169498032","chr2","13875181","13875462","60","155622569"
"chr6","169616541","169616836","chr7","31522864","31523146","62","138093677"
"chr6","169624833","169624957","chr9","39338608","39338728","24","130286225"
"chr6","169717574","169717850","chr5","109677073","109677335","62","60040501"
"chr6","170024534","170024668","chr4","106083874","106084003","22","63940660"
"chr6","170026777","170026909","chr2","68534506","68534647","20","101492271"
"chr6","170043038","170043163","chr12","55001360","55001484","19","115041678"
"chr6","170074339","170074643","chr2","68472670","68472967","47","101601669"
"chr6","170170658","170170985","chr22","15869004","15869318","79","154301654"
"chr6","170174859","170175157","chr10","94610637","94610936","51","75564222"
"chr6","170207053","170207221","chr12","92053163","92053322","34","78153890"
"chr6","170212139","170212420","chr2","61820209","61820486","63","108391930"
"chr6","170312892","170312979","chr5","95667632","95667724","22","74645260"
"chr6","170355392","170355510","chr1","135758144","135758264","24","34597248"
"chr6","170382916","170383236","chr2","68151648","68151944","57","102231268"
"chr6","170429412","170429719","chr7","57399106","57399413","68","113030306"
"chr6","170491672","170491973","chr2","67992803","67993107","44","102498869"
"chr6","170551193","170551485","chr2","67922840","67923128","50","102628353"
"chr6","170582112","170582400","chr9","40510882","40511171","56","130071230"
"chr6","170607514","170607823","chr2","67857025","67857326","48","102750489"
"chr6","170719869","170720137","chr2","67744921","67745189","26","102974948"
"chr6","170756845","170757146","chr9","53523121","53523415","57","117233724"
"chr6","171087053","171087184","chr2","11695570","11695700","20","159391483"
"chr6","171088771","171089005","chr7","14243210","14243449","51","156845561"
"chr6","171092363","171092623","chr2","67383227","67383497","48","103709136"
"chr6","171092809","171093146","chr2","67383227","67383497","93","103709582"
"chr6","171095287","171095599","chr2","18974586","18974896","68","152120701"
"chr6","171101272","171101475","chr5","43945851","43946049","37","127155421"
"chr6","171237522","171237782","chr5","137246805","137247081","65","33990717"
"chr6","171239063","171239348","chr2","67233475","67233765","50","104005588"
"chr6","171260137","171260258","chr2","67209735","67209856","17","104050402"
"chr6","171289378","171289645","chr22","8366172","8366433","54","162923206"
"chr6","171311838","171312124","chr2","67150432","67150737","73","104161406"
"chr6","171321516","171321650","chr7","111353633","111353770","24","59967883"
"chr6","171385902","171386019","chr19","16340528","16340642","17","155045374"
"chr6","171399800","171400064","chr2","67064169","67064432","50","104335631"
"chr6","171402770","171402897","chrX","120496137","120496262","19","50906633"
"chr6","171446805","171447081","chr2","67008279","67008574","57","104438526"
"chr6","171456578","171456707","chrX","140288647","140288775","24","31167931"
"chr6","171462195","171462359","chr14","33602840","33603014","43","137859355"
"chr6","171467797","171467922","chr7","72033791","72033913","22","99434006"
"chr6","171504577","171504875","chr2","66942134","66942440","56","104562443"
"chr6","171513472","171513781","chr12","61470693","61470992","61","110042779"
"chr6","171537034","171537184","chr7","57359333","57359475","33","114177701"
"chr6","171557955","171558250","chr2","66885904","66886200","41","104672051"
"chr6","171566129","171566444","chr2","66877864","66878179","41","104688265"
"chr6","171584427","171584560","chr5","43093688","43093811","27","128490739"
"chr6","171702806","171702938","chr14","64635678","64635805","25","107067128"
"chr6","171784257","171784439","chr10","90145669","90145843","44","81638588"
"chr6","172046058","172046344","chr22","34967574","34967862","78","137078484"
"chr6","172055937","172056258","chr2","66324257","66324576","61","105731680"
"chr6","172066156","172066452","chr2","66314390","66314677","54","105751766"
"chr6","172126050","172126324","chr2","66256240","66256492","59","105869810"
"chr6","172129218","172129530","chr2","66254053","66254356","44","105875165"
"chr6","172160133","172160428","chr2","66222389","66222691","42","105937744"
"chr6","172180727","172180858","chr2","66201268","66201401","16","105979459"
"chr6","172196391","172196490","chr10","17740914","17741008","20","154455477"
"chr6","172268387","172268672","chr4","118776795","118777091","66","53491592"
"chr6","172276083","172276350","chr2","66104812","66105082","41","106171271"
"chr6","172318885","172319211","chr5","87129552","87129831","87","85189333"
"chr6","172585701","172585803","chr2","65716828","65716932","12","106868873"
"chr6","172857814","172858108","chr2","65445946","65446199","66","107411868"
"chr6","172954050","172954328","chr2","65354795","65355070","44","107599255"
"chr6","173048298","173048600","chr2","65260902","65261199","43","107787396"
"chr6","173544106","173544402","chr2","64939898","64940185","47","108604208"
"chr6","173651185","173651529","chrX","43710230","43710539","85","129940955"
"chr6","173792844","173793150","chr2","64617755","64618051","55","109175089"
"chr6","173872735","173872867","chrX","95382197","95382328","18","78490538"
"chr6","173901892","173902171","chr2","64489629","64489886","54","109412263"
"chr6","173937012","173937143","chr14","41849195","41849327","23","132087817"
"chr6","173989049","173989336","chr5","110485926","110486206","67","63503123"
"chr6","174165404","174165531","chr12","18741127","18741248","32","155424277"
"chr6","174165591","174165713","chr1","84875223","84875339","21","89290368"
"chr6","174593606","174593743","chr11","7850129","7850261","23","166743477"
"chr6","174594052","174594230","chr2","130203536","130203708","29","44390516"
"chr6","174730082","174730213","chr2","62989438","62989568","11","111740644"
"chr6","174735003","174735280","chr9","100234181","100234451","66","74500822"
"chr6","174737180","174737432","chrX","140900598","140900840","68","33836582"
"chr6","174839166","174839435","chr7","87913942","87914213","59","86925224"
"chr6","174860318","174860609","chr12","34873024","34873317","52","139987294"
"chr6","174892114","174892390","chr2","72444058","72444329","65","102448056"
"chr6","174892431","174892640","chr12","50181489","50181714","64","124710942"
"chr6","174912957","174913249","chr9","121981870","121982168","68","52931087"
"chr6","174919505","174919606","chr5","125527400","125527494","37","49392105"
"chr6","174942625","174942921","chr2","62813035","62813335","39","112129590"
"chr6","174948554","174948857","chr14","80754932","80755229","48","94193622"
"chr6","174979338","174979400","chr1","143254556","143254618","19","31724782"
"chr6","174979692","174979786","chr7","73511291","73511374","25","101468401"
"chr6","174989837","174989953","chr19","23553914","23554027","28","151435923"
"chr6","175048970","175049258","chr2","62714496","62714785","29","112334474"
"chr6","175109995","175110119","chr2","62651518","62651643","7","112458477"
"chr6","175134001","175134303","chr2","62626349","62626655","51","112507652"
"chr6","175144281","175144586","chr2","153911331","153911638","59","21232950"
"chr6","175158341","175158659","chr2","62601131","62601423","56","112557210"
"chr6","175164815","175165123","chr2","62592689","62592984","53","112572126"
"chr6","175180407","175180509","chr10","118959235","118959328","24","56221172"
"chr6","175410452","175410757","chr9","40285498","40285797","61","135124954"
"chr6","175577286","175577421","chr2","62291223","62291346","25","113286063"
"chr6","175598632","175598822","chr5","158730034","158730227","45","16868598"
"chr6","175605724","175605920","chr22","29584269","29584483","65","146021455"
"chr6","175620898","175621092","chr12","11997795","11997996","42","163623103"
"chr6","175624307","175624425","chr3","173786783","173786898","22","1837524"
"chr6","175655041","175655363","chr1","169206416","169206728","76","6448625"
"chr6","175675491","175675555","chr7","10420215","10420270","19","165255276"
"chr6","175682167","175682354","chr7","81009046","81009220","54","94673121"
"chr6","175682662","175682837","chr5","130345480","130345649","43","45337182"
"chr6","175703274","175703397","chr9","65816955","65817079","21","109886319"
"chr6","175720454","175720759","chr2","62100017","62100320","56","113620437"
"chr6","175730547","175730840","chr2","62089075","62089372","54","113641472"
"chr6","175798633","175798922","chr7","493374","493666","61","175305259"
"chr6","175825939","175826228","chrX","16677699","16677992","62","159148240"
"chr6","175840370","175840660","chr1","198410057","198410349","58","22569687"
"chr6","175846502","175846680","chr7","21789387","21789560","38","154057115"
"chr6","175846726","175846850","chr1","193439148","193439272","24","17592422"
"chr6","175855647","175855925","chr20","3640077","3640356","69","172215570"
"chr6","175856743","175856877","chr1","102188482","102188614","27","73668261"
"chr6","175868990","175869275","chr2","61970588","61970873","47","113898402"
"chr6","175869802","175870042","chr2","61969470","61969728","50","113900332"
"chr6","175892269","175892477","chr18","1229465","1229683","57","174662804"
"chr6","175926027","175926323","chr2","61911061","61911368","50","114014966"
"chr6","175977849","175977972","chr10","20521071","20521195","20","155456778"
"chr6","176001841","176002163","chr4","135707438","135707747","66","40294403"
"chr6","176068098","176068404","chr2","61758155","61758450","53","114309943"
"chr6","176233385","176233721","chr22","31632788","31633117","69","144600597"
"chr6","176253187","176253313","chr1","74671369","74671502","20","101581818"
"chr6","176405775","176405973","chr1","18733295","18733485","52","157672480"
"chr6","176553371","176553454","chr1","136820261","136820344","14","39733110"
"chr6","176591511","176591793","chr13","40050342","40050639","67","136541169"
"chr6","176609472","176609763","chr9","53523121","53523415","59","123086351"
"chr6","176641722","176641737","chr2","9724691","9724705","4","166917031"
"chr6","176642100","176642373","chr2","63271181","63271452","27","113370919"
"chr6","176648953","176649086","chr8","26749659","26749790","28","149899294"
"chr6","176665960","176666077","chr9","39916998","39917115","22","136748962"
"chr6","176724640","176724910","chr2","14084279","14084535","77","162640361"
"chr6","176728162","176728455","chr16","46255187","46255478","56","130472975"
"chr6","176765225","176765544","chr11","69854410","69854733","67","106910815"
"chr6","176999751","176999882","chr1","22614360","22614489","24","154385391"
"chr6","177086109","177086294","chrX","62896920","62897101","47","114189189"
"chr6","177086558","177086737","chr22","39322191","39322376","57","137764367"
"chr6","177125327","177125435","chr3","140096710","140096817","22","37028617"
"chr6","177140295","177140417","chr4","55257420","55257543","18","121882875"
"chr6","177153309","177153403","chr11","79147592","79147685","23","98005717"
"chr6","177329033","177329323","chr9","116105682","116105984","53","61223351"
"chr6","177361484","177361760","chr9","116081960","116082234","35","61279524"
"chr6","177378541","177378611","chr1","135701382","135701452","15","41677159"
"chr6","177401586","177401874","chr12","31057584","31057852","78","146344002"
"chr6","177452162","177452444","chr2","60794497","60794776","77","116657665"
"chr6","177466848","177466957","chr9","61202823","61202935","16","116264025"
"chr6","177553354","177553645","chr13","44063960","44064257","64","133489394"
"chr6","177573753","177573869","chr2","25754063","25754178","17","151819690"
"chr6","177574110","177574285","chr4","113858802","113858983","41","63715308"
"chr6","177608034","177608347","chr2","60953110","60953424","38","116654924"
"chr6","177674978","177675290","chr6","140350199","140350498","69","37324779"
"chr6","177825632","177825898","chr5","61647071","61647316","76","116178561"
"chr6","177870706","177870992","chr2","61146435","61146734","67","116724271"
"chr6","177996451","177996759","chr2","61275886","61276208","48","116720565"
"chr6","178123023","178123140","chr11","35268620","35268744","26","142854403"
"chr6","178168662","178168737","chr3","118835821","118835894","13","59332841"
"chr6","178177548","178177850","chr9","105250134","105250430","70","72927414"
"chr6","178187893","178188180","chr5","140984252","140984542","51","37203641"
"chr6","178198055","178198338","chr2","59185321","59185613","45","119012734"
"chr6","178209739","178210002","chr9","53360606","53360873","61","124849133"
"chr6","178312088","178312269","chr8","25283491","25283668","40","153028597"
"chr6","178312882","178312892","chr16","76841245","76841255","5","101471637"
"chr6","178312922","178313028","chr7","62366064","62366173","23","115946858"
"chr6","178330102","178330230","chr1","9817600","9817721","24","168512502"
"chr6","178338256","178338389","chr2","68131181","68131310","24","110207075"
"chr6","178420534","178420740","chr4","107463267","107463478","41","70957267"
"chr6","178468436","178468558","chr2","152262434","152262556","20","26206002"
"chr6","178500008","178500129","chr2","8605160","8605281","35","169894848"
"chr6","178500440","178500585","chr5","112473213","112473343","38","66027227"
"chr6","178512357","178512653","chr2","59471946","59472260","54","119040411"
"chr6","178545618","178545887","chr2","59503677","59503937","41","119041941"
"chr6","178602664","178602945","chr2","59560152","59560433","34","119042512"
"chr6","178602947","178603099","chr9","113573097","113573249","31","65029850"
"chr6","178604454","178604735","chr7","134570686","134570967","58","44033768"
"chr6","178648311","178648633","chr2","59613889","59614178","67","119034422"
"chr6","178673439","178673724","chr2","59638830","59639111","42","119034609"
"chr6","178702928","178703183","chr2","59674695","59674959","50","119028233"
"chr6","179055669","179055969","chr14","80921614","80921919","67","98134055"
"chr6","179134946","179135226","chr2","60086722","60087003","21","119048224"
"chr6","179139879","179140138","chr1","204073427","204073684","58","24933548"
"chr6","179152918","179153226","chr2","60111467","60111783","39","119041451"
"chr6","179214180","179214266","chr2","59014582","59014660","17","120199598"
"chr6","179241763","179242051","chr15","67237558","67237845","70","112004205"
"chr6","179243180","179243431","chr2","58986138","58986388","30","120257042"
"chr6","179243532","179243651","chr5","158326293","158326413","23","20917239"
"chr6","179278140","179278424","chr14","98178663","98178940","73","81099477"
"chr6","179386144","179386266","chr7","46825878","46826002","21","132560266"
"chr6","179491192","179491315","chr15","42302065","42302189","21","137189127"
"chr6","179846593","179846785","chr5","76284247","76284438","36","103562346"
"chr6","179876718","179876947","chr4","88074592","88074807","57","91802126"
"chr6","180011707","180011960","chr13","43382306","43382564","58","136629401"
"chr7","786268","786441","chr4","25757123","25757300","41","24970855"
"chr7","56753873","56754197","chr6","26859304","26859604","61","29894569"
"chr7","119406564","119406695","chr6","144234386","144234514","21","24827822"
"chr7","127532959","127533254","chr10","90566929","90567243","51","36966030"
"chr7","133824382","133824670","chr10","96734861","96735144","46","37089521"
"chr7","71254","71294","chr2","15245186","15245224","10","15173932"
"chr7","111060","111184","chr9","65816955","65817079","16","65705895"
"chr7","151990","152125","chr7","136788134","136788270","25","136636144"
"chr7","184666","185000","chr6","118197","118503","57","66469"
"chr7","187433","187736","chr6","31372066","31372370","55","31184633"
"chr7","233933","234190","chr10","36204398","36204653","55","35970465"
"chr7","248830","248957","chr17","18697273","18697397","21","18448443"
"chr7","307150","307356","chrX","3097634","3097826","59","2790484"
"chr7","318613","318925","chr2","161561066","161561375","67","161242453"
"chr7","333327","333626","chr9","45335801","45336101","59","45002474"
"chr7","345584","345761","chr11","122536735","122536912","43","122191151"
"chr7","384050","384172","chr4","148876640","148876761","23","148492590"
"chr7","459834","460130","chr2","137579288","137579583","79","137119454"
"chr7","484729","484853","chr2","7404886","7405007","23","6920157"
"chr7","711053","711332","chr17","34836807","34837087","67","34125754"
"chr7","786217","786267","chr15","23966155","23966200","11","23179938"
"chr7","787601","787666","chr4","159638154","159638215","12","158850553"
"chr7","964464","964634","chr22","31296093","31296252","37","30331629"
"chr7","987791","988099","chr11","66877535","66877842","60","65889744"
"chr7","1224708","1224988","chr21","36911010","36911297","62","35686302"
"chr7","1420724","1421007","chr4","20463836","20464123","68","19043112"
"chr7","1446775","1447064","chr13","88484583","88484873","67","87037808"
"chr7","1462066","1462350","chr21","36911010","36911297","64","35448944"
"chr7","1710385","1710666","chr10","59894197","59894490","74","58183812"
"chr7","1765805","1765934","chr18","7779273","7779403","26","6013468"
"chr7","1811679","1811992","chr6","990941","991232","66","820738"
"chr7","1894616","1894896","chr7","87913942","87914213","70","86019326"
"chr7","1895877","1896075","chr1","70094736","70094929","61","68198859"
"chr7","1926040","1926337","chr2","201309763","201310040","76","199383723"
"chr7","2244780","2245082","chr2","48148731","48149033","77","45903951"
"chr7","2322388","2322505","chr7","66813979","66814096","20","64491591"
"chr7","2374843","2375165","chr6","1553981","1554295","41","820862"
"chr7","2375955","2376080","chr2","10899863","10899988","23","8523908"
"chr7","2481325","2481456","chr6","57538145","57538275","19","55056820"
"chr7","2505342","2505475","chr1","192542368","192542501","27","190037026"
"chr7","2576521","2576664","chr5","110276872","110277004","31","107700351"
"chr7","2628867","2629118","chr1","202478050","202478303","60","199849183"
"chr7","2638523","2638657","chr6","43173799","43173932","26","40535276"
"chr7","2658283","2658623","chr5","118220175","118220483","90","115561892"
"chr7","2689624","2689910","chr15","28538039","28538327","57","25848415"
"chr7","2736749","2736836","chr4","3569481","3569570","19","832732"
"chr7","2741946","2742219","chr2","13188478","13188756","66","10446532"
"chr7","2742477","2742598","chr1","106642431","106642552","19","103899954"
"chr7","2745625","2745757","chr22","45119087","45119217","26","42373462"
"chr7","2758936","2759249","chrX","6506369","6506672","81","3747433"
"chr7","2786521","2786830","chr11","61214278","61214568","72","58427757"
"chr7","2817235","2817386","chr3","151317086","151317238","33","148499851"
"chr7","2832978","2833277","chr6","2873068","2873370","38","40090"
"chr7","2930560","2930719","chr9","41262718","41262873","29","38332158"
"chr7","2930765","2930845","chr1","142062442","142062519","18","139131677"
"chr7","2944590","2944751","chr7","62757077","62757239","40","59812487"
"chr7","2957774","2957906","chr16","43800043","43800177","23","40842269"
"chr7","3116604","3116883","chr6","2612805","2613078","39","503799"
"chr7","3178405","3178707","chr6","2541344","2541653","46","637061"
"chr7","3179455","3179730","chr6","2540355","2540629","44","639100"
"chr7","3356358","3356667","chr6","2369968","2370250","77","986390"
"chr7","3483736","3484052","chr2","13511856","13512150","67","10028120"
"chr7","3509569","3509854","chr6","2238584","2238877","58","1270985"
"chr7","3568670","3568809","chr3","149245179","149245310","29","145676509"
"chr7","3733807","3733936","chr9","15630398","15630529","27","11896591"
"chr7","3819869","3820143","chr2","15577689","15577967","53","11757820"
"chr7","3924084","3924207","chr6","1926247","1926370","15","1997837"
"chr7","4023870","4024113","chr2","94205712","94205963","63","90181842"
"chr7","4133307","4133575","chr6","3040542","3040805","42","1092765"
"chr7","4310754","4310840","chr15","53977542","53977624","24","49666788"
"chr7","5083791","5084074","chr7","60677817","60678103","51","55594026"
"chr7","5290052","5290220","chr5","83400224","83400389","42","78110172"
"chr7","5326425","5326570","chr5","44151190","44151325","47","38824765"
"chr7","5383681","5383997","chr2","138027451","138027756","67","132643770"
"chr7","5438293","5438424","chr2","170813628","170813760","26","165375335"
"chr7","5464090","5464392","chr2","8000025","8000324","59","2535935"
"chr7","5537646","5537778","chr13","40267018","40267150","24","34729372"
"chr7","5582818","5582939","chr6","5170292","5170412","12","412526"
"chr7","5838061","5838350","chr7","60427014","60427299","61","54588953"
"chr7","6131976","6132300","chr7","53816740","53817046","80","47684764"
"chr7","6177722","6178037","chr5","124246613","124246925","82","118068891"
"chr7","6471269","6471402","chr6","22511691","22511820","23","16040422"
"chr7","6488099","6488397","chr16","96695087","96695382","61","90206988"
"chr7","6536819","6537126","chr3","137944531","137944832","68","131407712"
"chr7","6540533","6540640","chr6","6075842","6075946","20","464691"
"chr7","6626558","6626722","chr10","74699647","74699806","36","68073089"
"chr7","6649027","6649153","chrX","22373284","22373410","23","15724257"
"chr7","6650109","6650402","chr5","129507595","129507893","52","122857486"
"chr7","6663369","6663531","chrUn_GL286439","53125","53271","34","6610244"
"chr7","6733094","6733201","chr2","7433105","7433216","25","700011"
"chr7","6736723","6736850","chr10","45403654","45403780","25","38666931"
"chr7","6817972","6818156","chr5","80122972","80123152","41","73305000"
"chr7","6859875","6860159","chrX","140956012","140956301","66","134096137"
"chr7","6870064","6870347","chr6","4945037","4945337","54","1925027"
"chr7","6903270","6903402","chr10","119317607","119317738","19","112414337"
"chr7","7019434","7019575","chr12","11594716","11594853","25","4575282"
"chr7","7207005","7207279","chr6","4601667","4601953","53","2605338"
"chr7","7276898","7277021","chr17","18697273","18697397","19","11420375"
"chr7","7292716","7293015","chr12","87539499","87539795","54","80246783"
"chr7","7302211","7302507","chr2","16314575","16314859","68","9012364"
"chr7","7417807","7417907","chr7","43265240","43265341","26","35847433"
"chr7","8177236","8177523","chr4","50809447","50809735","65","42632211"
"chr7","8284754","8284973","chr11","14362144","14362363","46","6077390"
"chr7","8465875","8466170","chr10","41807043","41807343","42","33341168"
"chr7","8526040","8526312","chr10","41864720","41864978","54","33338680"
"chr7","8583746","8584039","chr10","41918592","41918853","58","33334846"
"chr7","8641770","8642036","chrX","102348790","102349059","55","93707020"
"chr7","8731714","8732035","chr11","95532597","95532904","68","86800883"
"chr7","8847899","8848030","chr9","39279269","39279400","29","30431370"
"chr7","8878216","8878483","chr10","42219343","42219608","59","33341127"
"chr7","8978995","8979289","chr7","26133999","26134303","67","17155004"
"chr7","9037432","9037630","chr16","19306702","19306886","57","10269270"
"chr7","9063653","9063961","chr10","42404664","42404939","65","33341011"
"chr7","9160212","9160339","chrX","47378137","47378260","26","38217925"
"chr7","9270392","9270524","chr7","136413230","136413360","24","127142838"
"chr7","9326822","9326925","chr11","66982197","66982301","26","57655375"
"chr7","9871718","9872038","chr10","43196567","43196876","48","33324849"
"chr7","9891806","9892080","chrUn_GL286373","160570","160854","63","9731236"
"chr7","9913954","9914085","chr4","10682357","10682488","27","768403"
"chr7","9951313","9951619","chr3","33258815","33259122","72","23307502"
"chr7","9965841","9965880","chr18","6216388","6216424","10","3749453"
"chr7","9965932","9966049","chr9","53669548","53669665","15","43703616"
"chr7","9981868","9982176","chr10","43309492","43309802","59","33327624"
"chr7","9986589","9986737","chr9","97359807","97359956","40","87373218"
"chr7","9986780","9986901","chr17","18697273","18697397","15","8710493"
"chr7","10043732","10044009","chr10","43365024","43365297","58","33321292"
"chr7","10066671","10066957","chr10","43387442","43387729","51","33320771"
"chr7","10143631","10143762","chr2","41238218","41238347","19","31094587"
"chr7","10185268","10185544","chr2","59560152","59560433","75","49374884"
"chr7","10221194","10221498","chr14","64768756","64769038","74","54547562"
"chr7","10304611","10304779","chrX","7313535","7313711","37","2991076"
"chr7","10513926","10514212","chr7","11136421","11136704","62","622495"
"chr7","10551206","10551521","chr7","31899128","31899441","71","21347922"
"chr7","10661622","10661843","chr7","75427691","75427912","52","64766069"
"chr7","10665037","10665161","chr5","92348119","92348243","21","81683082"
"chr7","10672321","10672613","chr9","53523121","53523415","60","42850800"
"chr7","10722364","10722549","chr4","159637298","159637470","43","148914934"
"chr7","10722577","10722694","chr10","45669340","45669457","19","34946763"
"chr7","10755358","10755658","chr4","118776795","118777091","65","108021437"
"chr7","11000777","11001104","chr10","41412389","41412691","62","30411612"
"chr7","11042434","11042740","chr5","129489203","129489517","58","118446769"
"chr7","11246529","11246818","chr7","50420067","50420331","72","39173538"
"chr7","11314684","11314983","chr10","41081971","41082260","47","29767287"
"chr7","11335929","11336236","chr10","41056739","41057043","36","29720810"
"chr7","11396459","11396587","chr5","41235917","41236047","24","29839458"
"chr7","11772709","11773008","chr10","40554250","40554532","50","28781541"
"chr7","11929929","11930237","chr10","40371569","40371853","65","28441640"
"chr7","11972812","11973099","chr4","16462057","16462343","61","4489245"
"chr7","12111596","12111746","chr1","97059306","97059456","40","84947710"
"chr7","12360136","12360448","chr5","131527086","131527390","59","119166950"
"chr7","12389057","12389347","chr12","26801469","26801751","66","14412412"
"chr7","12595272","12595579","chr10","39783028","39783340","48","27187756"
"chr7","13103413","13103651","chr11","67463586","67463825","65","54360173"
"chr7","13262735","13262928","chrX","1059705","1059897","40","12203030"
"chr7","13282208","13282377","chr1","118906833","118906995","36","105624625"
"chr7","13923562","13923848","chr10","38452665","38452961","41","24529103"
"chr7","13964683","13964981","chr10","38399602","38399910","68","24434919"
"chr7","14050683","14050772","chr19","28835843","28835932","19","14785160"
"chr7","14278922","14279202","chr6","31663169","31663453","78","17384247"
"chr7","14490167","14490472","chr10","37906750","37907049","33","23416583"
"chr7","14511984","14512285","chr8","76019659","76019955","64","61507675"
"chr7","14628522","14628814","chr3","52841851","52842144","66","38213329"
"chr7","14704678","14704868","chr7","115178538","115178719","54","100473860"
"chr7","14704952","14705062","chr11","111084407","111084517","20","96379455"
"chr7","14799872","14800161","chr10","44890595","44890883","68","30090723"
"chr7","14874958","14875241","chr10","37575516","37575790","34","22700558"
"chr7","14936823","14937101","chr8","76560509","76560777","59","61623686"
"chr7","14978807","14978934","chr13","55277673","55277796","18","40298866"
"chr7","14993221","14993562","chr10","37459145","37459466","71","22465924"
"chr7","15046944","15047189","chrX","64132537","64132796","64","49085593"
"chr7","15050035","15050184","chr13","45243789","45243935","46","30193754"
"chr7","15164067","15164241","chr3","150153665","150153833","31","134989598"
"chr7","15458465","15458749","chr10","36949668","36949955","45","21491203"
"chr7","15644856","15645170","chr10","8915279","8915588","60","6729577"
"chr7","16113122","16113178","chr2","8674236","8674291","8","7438886"
"chr7","16113196","16113275","chr10","36247296","36247377","12","20134100"
"chr7","16256550","16256833","chr10","36069901","36070190","50","19813351"
"chr7","16294942","16295098","chr1","186568722","186568874","40","170273780"
"chr7","16295419","16295588","chr8","87990874","87991034","40","71695455"
"chr7","16330970","16331096","chr6","147171167","147171293","20","130840197"
"chr7","16405332","16405519","chr1","184049355","184049530","52","167644023"
"chr7","16456896","16456998","chr3","33148350","33148450","24","16691454"
"chr7","16547108","16547165","chr2","128190359","128190412","9","111643251"
"chr7","16555866","16556112","chr10","35735331","35735593","49","19179465"
"chr7","16642672","16642965","chr10","35649146","35649397","60","19006474"
"chr7","16737083","16737214","chr2","87336159","87336287","19","70599076"
"chr7","16795287","16795576","chr10","35501060","35501373","52","18705773"
"chr7","16823049","16823345","chr5","19556388","19556678","65","2733339"
"chr7","16954345","16954483","chr10","35330997","35331139","23","18376652"
"chr7","16958316","16958487","chr5","84797190","84797362","39","67838874"
"chr7","16958817","16958931","chr6","57726781","57726892","24","40767964"
"chr7","17057047","17057187","chr10","107779288","107779433","26","90722241"
"chr7","17061223","17061502","chr6","154283037","154283320","67","137221814"
"chr7","17107707","17107849","chr10","35155787","35155928","16","18048080"
"chr7","17108115","17108239","chr18","1915983","1916107","30","15192132"
"chr7","17164141","17164447","chr17","17377874","17378187","58","213733"
"chr7","17199181","17199524","chr5","5276798","5277123","97","11922383"
"chr7","17219301","17219606","chr13","61429282","61429579","60","44209981"
"chr7","17339673","17339811","chr10","34927358","34927497","11","17587685"
"chr7","17352205","17352516","chr10","34912813","34913112","47","17560608"
"chr7","17425659","17425784","chr9","8422725","8422848","24","9002934"
"chr7","17437151","17437294","chr15","16123472","16123605","24","1313679"
"chr7","17437601","17437655","chr13","38636502","38636558","14","21198901"
"chr7","17456539","17456831","chr10","34812797","34813078","45","17356258"
"chr7","17462054","17462274","chr10","34805609","34805843","57","17343555"
"chr7","17485766","17486048","chr10","34784311","34784604","37","17298545"
"chr7","17580169","17580300","chr10","34694322","34694452","9","17114153"
"chr7","17591983","17592233","chr19","17663885","17664138","60","71902"
"chr7","17610602","17610892","chr5","61257854","61258143","82","43647252"
"chr7","17634127","17634326","chr12","11678339","11678535","40","5955788"
"chr7","17664509","17664803","chr7","150507214","150507511","58","132842705"
"chr7","17691197","17691377","chr11","110316049","110316231","45","92624852"
"chr7","17718001","17718207","chr1","202119784","202119997","55","184401783"
"chr7","17723016","17723143","chr10","34551612","34551735","13","16828596"
"chr7","17727500","17727624","chr10","34548364","34548485","16","16820864"
"chr7","17729601","17729714","chrX","51170656","51170763","29","33441055"
"chr7","17784232","17784363","chr22","45119087","45119217","18","27334855"
"chr7","17822050","17822339","chr3","41608465","41608749","56","23786415"
"chr7","17861684","17862010","chrX","45127149","45127468","71","27265465"
"chr7","17936937","17937245","chr5","133148158","133148468","65","115211221"
"chr7","17948444","17948747","chr2","7883191","7883491","72","10065253"
"chr7","17951219","17951459","chr3","4931013","4931244","54","13020206"
"chr7","17992427","17992713","chr10","34288419","34288712","44","16295992"
"chr7","18016985","18017090","chr11","128205151","128205252","23","110188166"
"chr7","18030339","18030512","chr17","37680301","37680470","31","19649962"
"chr7","18030770","18030887","chr6","4698451","4698568","15","13332319"
"chr7","18047966","18048247","chr10","34247832","34248113","41","16199866"
"chr7","18060744","18060916","chr1","136034701","136034875","50","117973957"
"chr7","18095284","18095593","chr10","34199220","34199528","47","16103936"
"chr7","18148885","18149143","chr10","34145922","34146178","57","15997037"
"chr7","18155622","18155914","chr10","34138075","34138389","49","15982453"
"chr7","18203286","18203520","chr4","167759340","167759567","59","149556054"
"chr7","18353220","18353488","chr10","33936578","33936867","49","15583358"
"chr7","18371554","18371686","chr5","127579050","127579181","20","109207496"
"chr7","18457016","18457134","chr4","23332701","23332818","23","4875685"
"chr7","18568989","18569280","chrX","20607629","20607919","58","2038640"
"chr7","18635035","18635159","chr7","78792060","78792184","16","60157025"
"chr7","18710675","18710980","chrUn_GL286400","809411","809701","62","17901264"
"chr7","18770742","18771049","chr21","46998038","46998338","64","28227296"
"chr7","18840783","18840954","chr19","46345061","46345228","41","27504278"
"chr7","18840982","18841100","chr4","31455583","31455699","17","12614601"
"chr7","18846778","18847075","chr7","41205745","41206044","69","22358967"
"chr7","18857217","18857340","chr9","21660421","21660545","19","2803204"
"chr7","18860175","18860383","chrUn_GL286400","1009466","1009685","34","17850709"
"chr7","18924857","18925087","chr1","76948238","76948480","59","58023381"
"chr7","18957438","18957736","chr21","40212891","40213181","72","21255453"
"chr7","18986195","18986489","chr7","144949960","144950250","56","125963765"
"chr7","18992712","18992842","chr6","43173799","43173932","23","24181087"
"chr7","19001137","19001269","chrUn_GL288991","5898","6030","21","18995239"
"chr7","19018585","19018709","chrUn_GL286400","1169720","1169844","11","17848865"
"chr7","19019309","19019627","chr19","1163250","1163563","63","17856059"
"chr7","19052294","19052572","chrUn_GL286400","1220956","1221211","52","17831338"
"chr7","19066093","19066187","chrUn_GL286400","1250246","1250340","15","17815847"
"chr7","19183769","19183913","chr4","139393746","139393887","27","120209977"
"chr7","19252880","19253166","chr10","19942537","19942822","26","689657"
"chr7","19306454","19306725","chr5","43194707","43194975","61","23888253"
"chr7","19356628","19356960","chr2","11101888","11102216","85","8254740"
"chr7","19357536","19357819","chr15","7227741","7228029","63","12129795"
"chr7","19371132","19371432","chr6","135473571","135473869","55","116102439"
"chr7","19451603","19451906","chr9","53523121","53523415","73","34071518"
"chr7","19480741","19481051","chr10","20179076","20179385","39","698335"
"chr7","19561819","19562111","chr15","74483051","74483340","64","54921232"
"chr7","19659265","19659551","chr10","20369940","20370223","43","710675"
"chr7","19664693","19664995","chr10","20375074","20375376","55","710381"
"chr7","19675242","19675553","chr10","29841339","29841646","59","10166097"
"chr7","19699389","19699688","chr12","84699755","84700062","71","65000366"
"chr7","19730354","19730478","chr22","26861563","26861685","20","7131209"
"chr7","19749308","19749606","chr5","140984252","140984542","61","121234944"
"chr7","19793679","19793809","chr9","43510189","43510319","21","23716510"
"chr7","19812153","19812420","chr10","20542357","20542635","41","730204"
"chr7","19849743","19850065","chr10","20586615","20586928","72","736872"
"chr7","19850247","19850517","chr9","25595206","25595479","67","5744959"
"chr7","19871748","19872022","chr3","26556188","26556454","67","6684440"
"chr7","19890557","19890681","chr9","21660421","21660545","22","1769864"
"chr7","19901383","19901673","chr6","60084779","60085077","58","40183396"
"chr7","19903305","19903473","chr5","76899758","76899913","47","56996453"
"chr7","19903788","19903923","chr2","11695570","11695700","24","8208218"
"chr7","19914931","19915238","chr10","20665702","20666003","39","750771"
"chr7","19959223","19959477","chr14","80054050","80054303","48","60094827"
"chr7","20005753","20005876","chr7","12988414","12988537","23","7017339"
"chr7","20005884","20006178","chr10","20752659","20752935","63","746775"
"chr7","20023018","20023338","chr5","129489203","129489517","59","109466185"
"chr7","20126798","20127067","chr10","20846407","20846669","54","719609"
"chr7","20159107","20159187","chr4","110268393","110268472","23","90109286"
"chr7","20164079","20164343","chr9","46787760","46788022","56","26623681"
"chr7","20188252","20188452","chr9","108500004","108500195","46","88311752"
"chr7","20298693","20299001","chrX","122434270","122434575","60","102135577"
"chr7","20300241","20300439","chr5","6447228","6447428","39","13853013"
"chr7","20304249","20304555","chr4","10841497","10841805","64","9462752"
"chr7","20328578","20328863","chr10","21048920","21049212","59","720342"
"chr7","20360631","20360905","chr10","21090273","21090545","43","729642"
"chr7","20377520","20377755","chr11","14955928","14956171","62","5421592"
"chr7","20462347","20462648","chr22","32818279","32818574","58","12355932"
"chr7","20553694","20553994","chr10","21315010","21315313","34","761316"
"chr7","20578366","20578630","chr1","191896494","191896742","67","171318128"
"chr7","20580542","20580853","chr3","39357000","39357300","63","18776458"
"chr7","20588911","20589025","chr1","54741918","54742031","34","34153007"
"chr7","20635947","20636150","chr5","73237104","73237313","44","52601157"
"chr7","20647079","20647371","chr10","21435155","21435453","50","788076"
"chr7","20651947","20652186","chr7","128732867","128733111","52","108080920"
"chr7","20693034","20693294","chr1","13196786","13197049","67","7496248"
"chr7","20699042","20699336","chr9","53523121","53523415","54","32824079"
"chr7","20712269","20712588","chrX","39807415","39807727","62","19095146"
"chr7","20735987","20736234","chr14","99485872","99486118","59","78749885"
"chr7","20770599","20770905","chr15","57058522","57058823","61","36287923"
"chr7","20796079","20796279","chr20","21311198","21311380","61","515119"
"chr7","20806184","20806478","chr2","55200270","55200573","64","34394086"
"chr7","20810076","20810145","chr3","180541540","180541606","14","159731464"
"chr7","20821471","20821858","chr7","44368848","44369184","119","23547377"
"chr7","20874151","20874419","chr10","21660847","21661126","49","786696"
"chr7","20876159","20876386","chr8","116129358","116129585","53","95253199"
"chr7","20878498","20878781","chr10","21664490","21664767","52","785992"
"chr7","20885347","20885622","chr10","21674649","21674952","58","789302"
"chr7","20891835","20892113","chr2","6860494","6860767","73","14031341"
"chr7","20916067","20916159","chr1","134567709","134567797","24","113651642"
"chr7","20916214","20916347","chr5","130491984","130492112","23","109575770"
"chr7","21018802","21019112","chrUn_GL286409","137368","137678","81","20881434"
"chr7","21033818","21033943","chr17","18697273","18697397","18","2336545"
"chr7","21065018","21065323","chr14","74675440","74675747","60","53610422"
"chr7","21107392","21107702","chr2","9704074","9704374","68","11403318"
"chr7","21108630","21108842","chr10","21901215","21901431","29","792585"
"chr7","21353492","21353790","chr16","94132557","94132858","60","72779065"
"chr7","21498477","21498647","chr15","28845352","28845515","43","7346875"
"chr7","21566051","21566305","chr10","22248082","22248302","55","682031"
"chr7","21578645","21578780","chr9","43510189","43510319","22","21931544"
"chr7","21612657","21612958","chr10","22295835","22296138","49","683178"
"chr7","21656534","21656834","chr10","22354846","22355133","42","698312"
"chr7","21705756","21706041","chr9","121845233","121845526","59","100139477"
"chr7","21794509","21794800","chrX","20607629","20607919","66","1186880"
"chr7","21803414","21803538","chr10","22496793","22496917","12","693379"
"chr7","21861195","21861506","chr1","192354092","192354385","69","170492897"
"chr7","21863616","21863793","chr5","99050194","99050359","51","77186578"
"chr7","21875446","21875569","chr1","202423319","202423445","21","180547873"
"chr7","21904454","21904763","chr7","50722546","50722848","60","28818092"
"chr7","21972118","21972245","chr7","46825878","46826002","21","24853760"
"chr7","21972287","21972439","chr6","119686129","119686279","33","97713842"
"chr7","21994159","21994443","chr4","18923740","18924025","71","3070419"
"chr7","22074613","22074936","chr10","22753365","22753674","44","678752"
"chr7","23791430","23791731","chr8","110904031","110904336","65","87112601"
"chr7","24622412","24622706","chr13","20845839","20846140","66","3776573"
"chr7","24865943","24866234","chr5","114924889","114925171","67","90058946"
"chr7","25646960","25647216","chr10","26453761","26454005","34","806801"
"chr7","25927307","25927592","chr10","26764772","26765066","56","837465"
"chr7","25954165","25954452","chr10","26770606","26770889","46","816441"
"chr7","26143687","26143979","chr10","26893614","26893919","67","749927"
"chr7","26525854","26525941","chrX","14411355","14411446","23","12114499"
"chr7","26547750","26548011","chr10","27281697","27281972","44","733947"
"chr7","26580692","26580832","chr10","98492248","98492377","25","71911556"
"chr7","26581132","26581256","chr8","115970079","115970205","26","89388947"
"chr7","26669638","26669903","chr10","27413845","27414126","65","744207"
"chr7","26714819","26715100","chr9","53318032","53318314","72","26603213"
"chr7","26775461","26775519","chr10","27513186","27513244","3","737725"
"chr7","26852058","26852358","chr7","70292570","70292863","59","43440512"
"chr7","26867585","26867805","chr10","27602502","27602720","28","734917"
"chr7","26874459","26874756","chr10","27610781","27611052","65","736322"
"chr7","26903034","26903182","chr1","186568722","186568874","31","159665688"
"chr7","26922276","26922548","chr1","183859259","183859543","69","156936983"
"chr7","26935694","26935987","chr10","27674759","27675047","59","739065"
"chr7","27001611","27001962","chr11","7865016","7865343","92","19136595"
"chr7","27161477","27161729","chr1","202478050","202478303","54","175316573"
"chr7","27173653","27173942","chr10","27915248","27915520","52","741595"
"chr7","27181186","27181397","chr14","34027757","34027966","68","6846571"
"chr7","27361577","27361866","chr10","28086288","28086572","40","724711"
"chr7","27397094","27397359","chr7","40469895","40470149","59","13072801"
"chr7","27517021","27517100","chr1","29368267","29368347","12","1851246"
"chr7","27751926","27752159","chr12","15094670","15094898","75","12657256"
"chr7","27752457","27752492","chr3","189226946","189226980","13","161474489"
"chr7","27928661","27928915","chr9","88769983","88770239","58","60841322"
"chr7","28049564","28049704","chr10","47225571","47225710","28","19176007"
"chr7","28135736","28136032","chr6","84950940","84951228","59","56815204"
"chr7","28141548","28141843","chr10","28916887","28917173","36","775339"
"chr7","28215215","28215531","chr10","28990838","28991140","50","775623"
"chr7","28315786","28315911","chr13","20496080","20496206","19","7819706"
"chr7","28317963","28318088","chr4","13599154","13599281","23","14718809"
"chr7","28320186","28320494","chr10","29110853","29111143","47","790667"
"chr7","28326217","28326333","chr7","79741137","79741252","21","51414920"
"chr7","28326625","28326790","chr8","76414677","76414850","58","48088052"
"chr7","28330122","28330418","chr10","29121832","29122115","39","791710"
"chr7","28362171","28362452","chr8","105346370","105346666","73","76984199"
"chr7","28424136","28424428","chrX","63901568","63901868","77","35477432"
"chr7","28439379","28439674","chr12","36952591","36952886","54","8513212"
"chr7","28451300","28451415","chr10","29194759","29194877","14","743459"
"chr7","28527360","28527665","chr2","10830367","10830666","65","17696993"
"chr7","28620132","28620414","chr10","29386743","29387036","50","766611"
"chr7","28658962","28659241","chr2","47396528","47396808","56","18737566"
"chr7","28670211","28670304","chr3","188393537","188393622","35","159723326"
"chr7","28775781","28776088","chr1","118797181","118797481","58","90021400"
"chr7","28934782","28935093","chr10","29708834","29709127","46","774052"
"chr7","28947121","28947430","chr15","72518938","72519246","65","43571817"
"chr7","28990353","28990486","chr10","29757197","29757330","13","766844"
"chr7","29005149","29005288","chr10","29773051","29773190","19","767902"
"chr7","29051510","29051642","chr16","46329569","46329700","23","17278059"
"chr7","29058594","29058716","chr11","74800188","74800306","23","45741594"
"chr7","29058773","29058938","chr8","87990874","87991034","34","58932101"
"chr7","29071271","29071380","chr7","74897348","74897465","23","45826077"
"chr7","29071414","29071584","chr22","16570845","16571020","48","12500569"
"chr7","29079153","29079443","chr10","29841339","29841646","60","762186"
"chr7","29108695","29108813","chr2","8694044","8694161","17","20414651"
"chr7","29108852","29109022","chr10","126259446","126259620","38","97150594"
"chr7","29169491","29169616","chr10","43124072","43124183","36","13954581"
"chr7","29175209","29175331","chr13","114883886","114884010","19","85708677"
"chr7","29534941","29535233","chrX","63694925","63695218","55","34159984"
"chr7","29766804","29767098","chr7","137539963","137540262","61","107773159"
"chr7","30114113","30114390","chr10","30904080","30904360","41","789967"
"chr7","30292844","30292969","chrX","40204042","40204168","31","9911198"
"chr7","30558435","30558731","chr1","68118792","68119089","71","37560357"
"chr7","30669229","30669528","chr10","31466111","31466402","52","796882"
"chr7","31594655","31594954","chr11","120608722","120609012","59","89014067"
"chr7","31723261","31723431","chr13","48602828","48602986","47","16879567"
"chr7","31821287","31821600","chr10","32612264","32612576","36","790977"
"chr7","31861696","31861990","chr10","32649974","32650260","32","788278"
"chr7","31925306","31925615","chrX","22454216","22454523","61","9471090"
"chr7","31971814","31972119","chr10","32740777","32741087","51","768963"
"chr7","32039440","32039741","chr10","32855159","32855460","48","815719"
"chr7","32137192","32137509","chr10","32965783","32966055","70","828591"
"chr7","32243486","32243618","chr13","29415541","29415673","23","2827945"
"chr7","32244817","32244950","chr10","33086866","33086994","15","842049"
"chr7","32271624","32271920","chr12","77621508","77621804","59","45349884"
"chr7","32299327","32299486","chr16","19741507","19741659","40","12557820"
"chr7","32299784","32299917","chr2","170813628","170813760","23","138513844"
"chr7","32305576","32305858","chr10","33137352","33137636","50","831776"
"chr7","32330579","32330835","chr11","109988030","109988296","59","77657451"
"chr7","32363489","32363810","chr16","54244632","54244948","75","21881143"
"chr7","32432479","32432735","chr10","33264910","33265178","52","832431"
"chr7","32437972","32438258","chrX","51862457","51862739","68","19424485"
"chr7","32487769","32487992","chr10","33335141","33335352","37","847372"
"chr7","32520763","32520905","chr6","98176046","98176174","37","65655283"
"chr7","32623934","32624235","chr7","10986047","10986350","66","21637887"
"chr7","32757311","32757592","chr4","23638614","23638892","61","9118697"
"chr7","32903660","32903796","chr1","192542368","192542501","18","159638708"
"chr7","33105187","33105473","chr17","28143101","28143388","58","4962086"
"chr7","33277166","33277460","chr7","97730148","97730448","56","64452982"
"chr7","33379162","33379295","chr9","39279269","39279400","23","5900107"
"chr7","33555424","33555706","chr6","123605308","123605591","65","90049884"
"chr7","33593937","33594095","chr2","10299485","10299633","56","23294452"
"chr7","33594408","33594545","chr12","11035256","11035394","28","22559152"
"chr7","33631482","33631792","chr12","110076471","110076774","69","76444989"
"chr7","33638069","33638372","chr3","149104058","149104353","63","115465989"
"chr7","33643440","33643716","chr14","69137833","69138107","66","35494393"
"chr7","33679128","33679386","chr3","71625263","71625527","69","37946135"
"chr7","33767404","33767689","chr10","20352331","20352619","54","13415073"
"chr7","33794939","33795154","chr22","41836657","41836858","59","8041718"
"chr7","33892595","33892919","chr5","45466092","45466398","72","11573497"
"chr7","33927977","33928113","chr20","5208280","5208403","28","28719697"
"chr7","34105611","34105920","chr18","33187573","33187871","67","918038"
"chr7","34201117","34201422","chr9","101966653","101966946","66","67765536"
"chr7","34236043","34236167","chr15","66054502","66054616","29","31818459"
"chr7","34236214","34236333","chr1","169524297","169524413","22","135288083"
"chr7","34273564","34273835","chr13","59468988","59469242","77","25195424"
"chr7","34326446","34326630","chr1","136698409","136698598","49","102371963"
"chr7","34477631","34477893","chr6","42074326","42074599","71","7596695"
"chr7","34663170","34663358","chr10","256293","256484","41","34406877"
"chr7","34741895","34741961","chr8","11472709","11472779","17","23269186"
"chr7","34820334","34820628","chr10","437057","437352","42","34383277"
"chr7","34975583","34975796","chr4","43109387","43109597","48","8133804"
"chr7","35106074","35106359","chr10","20352331","20352619","51","14753743"
"chr7","35107378","35107498","chr22","24409094","24409209","19","10698284"
"chr7","35166660","35166780","chrX","17631702","17631819","23","17534958"
"chr7","35168215","35168310","chr4","125607246","125607340","24","90439031"
"chr7","35182534","35182836","chr1","92174125","92174415","59","56991591"
"chr7","35206619","35206915","chr22","29213886","29214184","66","5992733"
"chr7","35234239","35234547","chr2","13987385","13987695","57","21246854"
"chr7","35277124","35277418","chr3","149104058","149104353","49","113826934"
"chr7","35310747","35311043","chr10","958808","959086","55","34351939"
"chr7","35332956","35333020","chr2","8674236","8674291","14","26658720"
"chr7","35340025","35340350","chr10","61226573","61226892","75","25886548"
"chr7","35364263","35364543","chr1","155032190","155032474","58","119667927"
"chr7","35369366","35369641","chr3","42888183","42888462","64","7518817"
"chr7","35375193","35375488","chr10","1022872","1023145","53","34352321"
"chr7","35386918","35386982","chr1","27678553","27678606","14","7708365"
"chr7","35426976","35427103","chr17","18697273","18697397","23","16729703"
"chr7","35441379","35441503","chr7","61232546","61232670","14","25791167"
"chr7","35462845","35463146","chr10","1132510","1132789","64","34330335"
"chr7","35505006","35505330","chr1","189636183","189636474","80","154131177"
"chr7","35526841","35526988","chr4","98567681","98567822","28","63040840"
"chr7","35527301","35527492","chr5","108868278","108868455","50","73340977"
"chr7","35534380","35534684","chr12","26481170","26481471","52","9053210"
"chr7","35541455","35541577","chr1","155368947","155369069","20","119827492"
"chr7","35570964","35571271","chr13","69187983","69188281","65","33617019"
"chr7","35571285","35571409","chr9","85393340","85393464","18","49822055"
"chr7","35614097","35614394","chr10","1271718","1272008","50","34342379"
"chr7","35684713","35684954","chr2","39361745","39361988","51","3677032"
"chr7","35767264","35767391","chr3","137802923","137803047","22","102035659"
"chr7","35792786","35793070","chr10","1447902","1448188","49","34344884"
"chr7","35828054","35828185","chr10","78439440","78439569","20","42611386"
"chr7","35854745","35855063","chr2","56346032","56346347","71","20491287"
"chr7","35900895","35901183","chr10","116872983","116873264","66","80972088"
"chr7","35909816","35909938","chr10","1565390","1565516","27","34344426"
"chr7","35910227","35910396","chr5","141070907","141071073","45","105160680"
"chr7","35956569","35956854","chr10","1609717","1609991","59","34346852"
"chr7","35961476","35961772","chr10","114838607","114838907","53","78877131"
"chr7","36029967","36030229","chrX","16691179","16691442","70","19338788"
"chr7","36038294","36038420","chrX","10359284","10359407","22","25679010"
"chr7","36128024","36128315","chr7","78397742","78398033","58","42269718"
"chr7","36135555","36135680","chr1","209446595","209446715","23","173311040"
"chr7","36136510","36136720","chr2","146655985","146656194","40","110519475"
"chr7","36186701","36186996","chr5","125594619","125594906","58","89407918"
"chr7","36193488","36193762","chr10","1917846","1918130","86","34275642"
"chr7","36195600","36195900","chr11","9131728","9132024","62","27063872"
"chr7","36204028","36204326","chr2","129413288","129413585","61","93209260"
"chr7","36257797","36258061","chr11","58759640","58759894","41","22501843"
"chr7","36339214","36339479","chr7","122885667","122885928","52","86546453"
"chr7","36381379","36381700","chr16","49169614","49169934","67","12788235"
"chr7","36387434","36387556","chr6","148981161","148981280","25","112593727"
"chr7","36511954","36512254","chr10","2161156","2161446","46","34350798"
"chr7","36540763","36541029","chr5","109677073","109677335","62","73136310"
"chr7","36658074","36658404","chr10","59316362","59316653","86","22658288"
"chr7","36684740","36685031","chr4","15088979","15089274","58","21595761"
"chr7","36834968","36835095","chr9","112921738","112921872","25","76086770"
"chr7","36866603","36866887","chr10","2570599","2570856","54","34296004"
"chr7","36991883","36991898","chr9","114463129","114463145","3","77471246"
"chr7","36992041","36992263","chrX","14792523","14792740","45","22199518"
"chr7","37004813","37005088","chr5","40743409","40743693","69","3738596"
"chr7","37142396","37142705","chr10","2842096","2842381","58","34300300"
"chr7","37180415","37180546","chr4","44463564","44463694","22","7283149"
"chr7","37186892","37187147","chr10","2885477","2885726","42","34301415"
"chr7","37606186","37606446","chr1","77102851","77103111","74","39496665"
"chr7","37639846","37639998","chr6","31108379","31108523","40","6531467"
"chr7","37640295","37640433","chr10","3379357","3379495","14","34260938"
"chr7","37714763","37715070","chr10","3456023","3456298","64","34258740"
"chr7","38164372","38164640","chr10","3933262","3933528","40","34231110"
"chr7","38398661","38398974","chr13","61792200","61792505","61","23393539"
"chr7","38473733","38474019","chr10","4262769","4263048","38","34210964"
"chr7","38561011","38561285","chr10","4355275","4355563","45","34205736"
"chr7","38577574","38577763","chr19","40628201","40628384","43","2050627"
"chr7","38705035","38705342","chr10","4503345","4503653","46","34201690"
"chr7","38764675","38764851","chr10","4558460","4558636","18","34206215"
"chr7","38950487","38950779","chr10","4664893","4665184","57","34285594"
"chr7","38999832","39000000","chr3","150153665","150153833","32","111153833"
"chr7","39002990","39003236","chr5","60480620","60480857","62","21477630"
"chr7","39035516","39035796","chr10","4760748","4761036","50","34274768"
"chr7","39068019","39068279","chr10","4796024","4796283","52","34271995"
"chr7","39139871","39139993","chr9","8422725","8422848","23","30717146"
"chr7","39162767","39163025","chr10","4906300","4906576","46","34256467"
"chr7","39194653","39194976","chr20","9480427","9480734","92","29714226"
"chr7","39211650","39211939","chr10","4956987","4957281","34","34254663"
"chr7","39222892","39223019","chr10","119317607","119317738","20","80094715"
"chr7","39256874","39257152","chr10","5008144","5008400","60","34248730"
"chr7","39715877","39716152","chr4","107869232","107869514","58","68153355"
"chr7","39742334","39742594","chr5","44526179","44526457","60","4783845"
"chr7","39776111","39776231","chr16","69056136","69056255","23","29280025"
"chr7","39783256","39783410","chrX","61978593","61978751","31","22195337"
"chr7","39809501","39809807","chr5","131527086","131527390","58","91717585"
"chr7","39867881","39868158","chr2","201309763","201310040","58","161441882"
"chr7","39870279","39870393","chr19","23553914","23554027","19","16316365"
"chr7","40084075","40084362","chr15","45596962","45597240","71","5512887"
"chr7","40137658","40137922","chrX","40568092","40568355","66","430434"
"chr7","40165865","40165997","chr10","98492248","98492377","19","58326383"
"chr7","40166294","40166464","chr2","13148664","13148831","37","27017630"
"chr7","40290504","40290808","chr10","6033934","6034227","56","34256570"
"chr7","40340563","40340881","chr14","76835589","76835894","63","36495026"
"chr7","40364143","40364275","chr11","120560318","120560450","21","80196175"
"chr7","40442765","40443062","chr1","185506876","185507173","63","145064111"
"chr7","40519411","40519540","chr10","6262164","6262293","13","34257247"
"chr7","40628483","40628614","chr4","17941977","17942107","22","22686506"
"chr7","40648709","40648950","chr7","55427300","55427546","69","14778591"
"chr7","40662075","40662249","chr12","21688241","21688408","37","18973834"
"chr7","40675210","40675496","chr6","16501703","16501994","66","24173507"
"chr7","40712442","40712572","chr9","43510189","43510319","17","2797747"
"chr7","40740690","40740978","chr10","6467335","6467619","44","34273355"
"chr7","40788037","40788337","chr5","149870776","149871073","69","109082739"
"chr7","40843855","40844148","chr16","69869166","69869456","59","29025311"
"chr7","40859947","40860071","chr7","136413230","136413360","27","95553283"
"chr7","40916814","40917094","chrX","17832431","17832705","65","23084383"
"chr7","40927367","40927636","chr10","6633499","6633767","53","34293868"
"chr7","40928994","40929302","chr1","43698220","43698519","68","2769226"
"chr7","40930025","40930149","chr11","63815604","63815727","20","22885579"
"chr7","40978077","40978200","chr11","109746669","109746785","27","68768592"
"chr7","41007950","41008238","chr9","35954271","35954556","57","5053679"
"chr7","41009902","41009974","chr8","89722945","89723013","14","48713043"
"chr7","41022336","41022459","chr10","6711840","6711958","22","34310496"
"chr7","41022460","41022643","chr7","88263908","88264094","29","47241448"
"chr7","41091476","41091607","chr3","149245179","149245310","21","108153703"
"chr7","41097202","41097421","chr19","7694485","7694693","60","33402717"
"chr7","41098999","41099188","chr5","76284247","76284438","37","35185248"
"chr7","41141724","41141998","chr20","3708677","3708953","57","37433047"
"chr7","41186867","41187170","chr22","15314604","15314899","61","25872263"
"chr7","41188550","41188852","chr1","185506876","185507173","59","144318326"
"chr7","41225717","41225849","chr1","202756427","202756559","23","161530710"
"chr7","41228285","41228382","chr5","69627565","69627657","20","28399280"
"chr7","41228688","41228739","chr4","56311471","56311522","15","15082783"
"chr7","41242868","41243034","chr10","43280806","43280977","43","2037938"
"chr7","41243325","41243441","chr3","139337920","139338036","22","98094595"
"chr7","41247179","41247314","chr22","27287569","27287695","28","13959610"
"chr7","41247615","41247769","chr16","19741507","19741659","32","21506108"
"chr7","41253770","41253955","chr5","82210873","82211062","51","40957103"
"chr7","41254256","41254369","chr2","152312028","152312145","23","111057772"
"chr7","41267036","41267307","chr22","12841746","12841997","71","28425290"
"chr7","41267590","41267651","chr4","53633063","53633126","11","12365473"
"chr7","41273155","41273277","chr7","146223042","146223164","19","104949887"
"chr7","41280227","41280285","chr16","52035115","52035168","15","10754888"
"chr7","41352687","41352979","chr4","69364900","69365185","80","28012213"
"chr7","41357661","41357792","chr9","45389308","45389436","24","4031647"
"chr7","41370184","41370336","chr11","6130520","6130666","36","35239664"
"chr7","41371835","41371963","chr1","185240252","185240373","29","143868417"
"chr7","41372266","41372424","chr2","8135290","8135448","30","33236976"
"chr7","41383464","41383587","chr4","58596055","58596175","19","17212591"
"chr7","41400755","41401056","chr10","7084035","7084334","45","34316720"
"chr7","41425384","41425686","chr22","27802928","27803226","60","13622456"
"chr7","41442213","41442348","chr1","185472360","185472497","32","144030147"
"chr7","41442654","41442819","chr22","28403347","28403515","36","13039307"
"chr7","41445395","41445527","chr2","170813628","170813760","19","129368233"
"chr7","41446119","41446311","chr8","114994414","114994597","56","73548295"
"chr7","41450592","41450739","chr18","9327614","9327757","38","32122978"
"chr7","41451035","41451196","chr8","116151308","116151472","29","74700273"
"chr7","41456289","41456583","chr5","61257854","61258143","61","19801565"
"chr7","41472069","41472311","chr7","43367417","43367675","63","1895348"
"chr7","41526105","41526195","chr1","174464692","174464793","29","132938587"
"chr7","41539549","41539597","chr6","28969000","28969050","11","12570549"
"chr7","41542556","41542860","chr10","7229569","7229867","45","34312987"
"chr7","41645703","41646006","chr10","7345059","7345345","47","34300644"
"chr7","41655788","41655976","chr10","76657162","76657329","43","35001374"
"chr7","41833820","41833987","chr3","150153665","150153833","40","108319845"
"chr7","41841414","41841535","chr17","18697273","18697397","20","23144141"
"chr7","41946473","41946761","chr4","31255405","31255695","61","10691068"
"chr7","41976013","41976074","chr7","145007903","145007964","19","103031890"
"chr7","41982760","41983091","chr10","7672884","7673211","59","34309876"
"chr7","42092145","42092446","chr12","49269478","49269782","77","7177333"
"chr7","42095998","42096252","chr10","7779224","7779480","39","34316774"
"chr7","42125220","42125507","chr10","7811340","7811628","56","34313880"
"chr7","42144806","42145108","chr10","7833028","7833324","50","34311778"
"chr7","42178185","42178494","chr15","7227741","7228029","73","34950444"
"chr7","42208304","42208410","chr1","76026674","76026781","24","33818370"
"chr7","42208718","42208753","chr2","9723892","9723921","13","32484826"
"chr7","42209061","42209229","chrX","12021073","12021236","58","30187988"
"chr7","42307434","42307665","chr6","57407432","57407663","57","15099998"
"chr7","42368637","42368815","chr1","136062577","136062752","38","93693940"
"chr7","42433378","42433700","chr10","8123210","8123514","45","34310168"
"chr7","42433732","42434034","chr10","8123544","8123843","42","34310188"
"chr7","42455669","42455969","chr4","8360591","8360881","67","34095078"
"chr7","42483157","42483327","chrX","85772838","85773011","38","43289681"
"chr7","42508272","42508568","chr16","55880801","55881091","50","13372529"
"chr7","42515109","42515425","chr10","92131383","92131695","63","49616274"
"chr7","42540557","42540692","chr10","8202776","8202912","17","34337781"
"chr7","42567447","42567755","chr6","124269829","124270127","60","81702382"
"chr7","42575576","42575903","chr2","56346032","56346347","81","13770456"
"chr7","42675128","42675257","chr3","15553275","15553404","18","27121853"
"chr7","42708831","42709025","chr9","113192690","113192876","51","70483859"
"chr7","42715534","42715735","chr22","9189455","9189667","49","33526079"
"chr7","42766267","42766569","chr10","8450731","8451023","61","34315536"
"chr7","42766590","42766706","chr14","84591317","84591429","22","41824727"
"chr7","42929512","42929634","chr2","152262434","152262556","19","109332922"
"chr7","42935322","42935487","chr12","9258519","9258687","38","33676803"
"chr7","43021792","43022093","chr2","68151648","68151944","76","25129856"
"chr7","43026677","43026800","chr10","8706058","8706181","17","34320619"
"chr7","43033444","43033733","chr10","8713583","8713865","44","34319861"
"chr7","43034469","43034780","chr7","20976903","20977211","57","22057566"
"chr7","43073402","43073679","chr22","28660042","28660315","60","14413360"
"chr7","43083226","43083509","chr9","36143544","36143820","74","6939682"
"chr7","43088289","43088574","chr10","8764484","8764771","41","34323805"
"chr7","43096790","43096918","chr14","42908731","42908853","24","188059"
"chr7","43104431","43104747","chr22","29758068","29758367","69","13346363"
"chr7","43108357","43108623","chr10","8771013","8771276","41","34337344"
"chr7","43121769","43122026","chr2","12734107","12734370","58","30387662"
"chr7","43181095","43181296","chr2","57593229","57593400","57","14412134"
"chr7","43283091","43283218","chr18","14848181","14848308","18","28434910"
"chr7","43324198","43324491","chr2","16314575","16314859","61","27009623"
"chr7","43339016","43339281","chr5","134546009","134546292","75","91206993"
"chr7","43413244","43413374","chr10","9122272","9122399","14","34290972"
"chr7","43417538","43417854","chr2","39600834","39601148","78","3816704"
"chr7","43532510","43532671","chr4","148333671","148333834","46","104801161"
"chr7","43533174","43533465","chr10","9239452","9239713","52","34293722"
"chr7","43598291","43598604","chr5","32159227","32159534","65","11439064"
"chr7","43633221","43633497","chr5","5290409","5290679","57","38342812"
"chr7","43741590","43741898","chr13","6809801","6810102","53","36931789"
"chr7","43800331","43800475","chr7","73304241","73304386","32","29503910"
"chr7","43800771","43800907","chr11","14627685","14627815","25","29173086"
"chr7","43803430","43803752","chr10","9412017","9412323","50","34391413"
"chr7","44239398","44239722","chr3","7506567","7506884","81","36732831"
"chr7","44263398","44263720","chr10","9897052","9897358","54","34366346"
"chr7","44429606","44429880","chr9","114540716","114540982","65","70111110"
"chr7","44463814","44464113","chr10","10100673","10100995","55","34363141"
"chr7","44485762","44485778","chr3","11300434","11300446","5","33185328"
"chr7","44485808","44485878","chr8","73854475","73854549","18","29368667"
"chr7","44699256","44699388","chr10","127767886","127768021","18","83068630"
"chr7","44701431","44701720","chr7","144949960","144950250","49","100248529"
"chr7","44733289","44733410","chr18","27702305","27702429","18","17030984"
"chr7","44737743","44738055","chr10","20352331","20352619","74","24385412"
"chr7","44840649","44840947","chr6","21995323","21995618","68","22845326"
"chr7","44883854","44884153","chr11","95006979","95007277","60","50123125"
"chr7","44975977","44976097","chr5","158326293","158326413","25","113350316"
"chr7","44988747","44989065","chr10","10589566","10589847","58","34399181"
"chr7","45133071","45133240","chr13","66738092","66738261","32","21605021"
"chr7","45219523","45219840","chr15","72518938","72519246","61","27299415"
"chr7","45242663","45242793","chr10","98492248","98492377","14","53249585"
"chr7","45410255","45410553","chr3","109162430","109162727","62","63752175"
"chr7","45486104","45486402","chrX","17608284","17608574","66","27877820"
"chr7","45499384","45499509","chr10","11135373","11135499","19","34364011"
"chr7","45554735","45555048","chr20","29688896","29689203","61","15865839"
"chr7","45578379","45578707","chr10","11219812","11220112","68","34358567"
"chr7","45637475","45637732","chr10","11280025","11280280","53","34357450"
"chr7","45664696","45665002","chr10","11306064","11306384","45","34358632"
"chr7","45679227","45679520","chr10","11322950","11323216","54","34356277"
"chr7","45704645","45704991","chr7","102910575","102910883","82","57205930"
"chr7","45715611","45715885","chr17","73143250","73143523","70","27427639"
"chr7","45776815","45776947","chrX","93172718","93172845","26","47395903"
"chr7","45780059","45780194","chr22","39914957","39915088","23","5865102"
"chr7","45797622","45797912","chr12","31766537","31766814","65","14031085"
"chr7","45838625","45838914","chr1","171173294","171173582","66","125334669"
"chr7","45858374","45858491","chr17","18697273","18697397","18","27161101"
"chr7","45906996","45907300","chr4","43810135","43810439","64","2096861"
"chr7","46010991","46011113","chr8","11520784","11520916","19","34490207"
"chr7","46024981","46025099","chr11","129887556","129887666","16","83862575"
"chr7","46033755","46033906","chr1","53541243","53541394","40","7507488"
"chr7","46034244","46034382","chr9","112921738","112921872","25","66887494"
"chr7","46075189","46075266","chr4","38200979","38201058","9","7874210"
"chr7","46216614","46216925","chr14","80754932","80755229","64","34538318"
"chr7","46328154","46328434","chr10","11787491","11787758","46","34540663"
"chr7","46330476","46330653","chr16","96451653","96451840","32","50121177"
"chr7","46350304","46350600","chrUn_GL286409","290667","290955","62","46059637"
"chr7","46430233","46430470","chr10","11884617","11884846","49","34545616"
"chr7","46746376","46746676","chr2","8000025","8000324","62","38746351"
"chr7","46953150","46953237","chr3","110537912","110538004","18","63584762"
"chr7","47113624","47113921","chr10","12589587","12589894","38","34524037"
"chr7","47137205","47137497","chr10","12614372","12614657","53","34522833"
"chr7","47378673","47378949","chr10","12869344","12869620","47","34509329"
"chr7","47538512","47538806","chr10","114838607","114838907","57","67300095"
"chr7","47577474","47577641","chr5","83400224","83400389","42","35822750"
"chr7","47713151","47713316","chr10","13199800","13199963","21","34513351"
"chr7","47734963","47735211","chr10","13223119","13223355","64","34511844"
"chr7","47763764","47763980","chr8","39346797","39347013","47","8416967"
"chr7","48080273","48080560","chr1","165118247","165118542","72","117037974"
"chr7","48122488","48122794","chr16","73136592","73136884","79","25014104"
"chr7","48186837","48187141","chr10","13647251","13647555","33","34539586"
"chr7","48240648","48240898","chr10","13705702","13705970","46","34534946"
"chr7","48317627","48317902","chr12","26801469","26801751","66","21516158"
"chr7","48322791","48322923","chr9","43510189","43510319","23","4812602"
"chr7","48323240","48323399","chr10","18480162","18480314","31","29843078"
"chr7","48370733","48371036","chr10","13828195","13828491","42","34542538"
"chr7","48409978","48410271","chr2","110911723","110911992","79","62501745"
"chr7","48464451","48464735","chr10","13913921","13914208","27","34550530"
"chr7","48480725","48481017","chr10","13931645","13931938","47","34549080"
"chr7","48659600","48659892","chr10","14128097","14128381","44","34531503"
"chr7","48761676","48761962","chr1","90249678","90249953","61","41488002"
"chr7","48776176","48776481","chr9","121784693","121785002","60","73008517"
"chr7","48790242","48790536","chr1","142990040","142990329","73","94199798"
"chr7","48865237","48865462","chr11","20973291","20973519","49","27891946"
"chr7","49013581","49013845","chr7","122885667","122885928","70","73872086"
"chr7","49051273","49051588","chr9","66444598","66444909","74","17393325"
"chr7","49085878","49086002","chr7","46825878","46826002","16","2260000"
"chr7","49101715","49102026","chr10","14512892","14513185","53","34588823"
"chr7","49105305","49105575","chr8","76560509","76560777","58","27455204"
"chr7","49130832","49131129","chr5","92793655","92793948","60","43662823"
"chr7","49142359","49142656","chr10","14553058","14553344","41","34589301"
"chr7","49156457","49156739","chr5","144162498","144162784","58","95006041"
"chr7","49192618","49192929","chr10","14605892","14606199","47","34586726"
"chr7","49249369","49249486","chrX","17631702","17631819","18","31617667"
"chr7","49288868","49289131","chr10","14702956","14703198","63","34585912"
"chr7","49297209","49297417","chrX","52397202","52397412","62","3099993"
"chr7","49316570","49316868","chr10","14728635","14728926","71","34587935"
"chr7","49430483","49430749","chr9","94884391","94884663","60","45453908"
"chr7","49431492","49431617","chrX","58482136","58482260","20","9050644"
"chr7","49466663","49466964","chr10","14866578","14866862","56","34600085"
"chr7","49525590","49525714","chr11","2886081","2886203","24","46639509"
"chr7","49529275","49529481","chr11","121046919","121047118","64","71517644"
"chr7","49535995","49536125","chr14","84452511","84452635","31","34916516"
"chr7","49546190","49546333","chr8","1144233","1144366","48","48401957"
"chr7","49546370","49546487","chr20","3590689","3590809","27","45955681"
"chr7","49597916","49598183","chr10","15008817","15009044","62","34589099"
"chr7","49674646","49674914","chr10","15008817","15009044","59","34665829"
"chr7","49675445","49675544","chr3","40021089","40021178","28","9654356"
"chr7","49805374","49805674","chr10","17107302","17107591","47","32698072"
"chr7","49834797","49834918","chr2","7404886","7405007","18","42429911"
"chr7","49850150","49850270","chr17","18697273","18697397","21","31152877"
"chr7","49888361","49888651","chr10","16318674","16318965","33","33569687"
"chr7","49911582","49911706","chrX","120496137","120496262","17","70584555"
"chr7","50151211","50151528","chr10","16042119","16042423","60","34109092"
"chr7","50363652","50363864","chr10","15825885","15826106","34","34537767"
"chr7","50365812","50366092","chrX","17820848","17821136","64","32544964"
"chr7","50533494","50533772","chr17","67410552","67410826","83","16877058"
"chr7","50657081","50657341","chr7","38106401","38106679","79","12550680"
"chr7","50657555","50657681","chr7","46825878","46826002","25","3831677"
"chr7","50679779","50680064","chr10","15533694","15533983","47","35146085"
"chr7","50759576","50759868","chr1","137030004","137030286","65","86270428"
"chr7","50805688","50805975","chr14","65803189","65803472","56","14997501"
"chr7","50856016","50856163","chr10","58858956","58859107","27","8002940"
"chr7","51090547","51090840","chr9","36143544","36143820","63","14947003"
"chr7","51092625","51092905","chr1","158046528","158046808","75","106953903"
"chr7","51159803","51160112","chr22","24301726","24302019","74","26858077"
"chr7","51201651","51201947","chr3","105618103","105618396","59","54416452"
"chr7","51222001","51222131","chr1","192542368","192542501","27","141320367"
"chr7","51222164","51222292","chr22","30452150","30452270","41","20770014"
"chr7","51239481","51239598","chr1","197791694","197791811","18","146552213"
"chr7","51320118","51320430","chr7","32363417","32363723","66","18956701"
"chr7","51485690","51485973","chrUn_GL286768","7356","7639","52","51478334"
"chr7","51684614","51684920","chr10","16768088","16768389","60","34916526"
"chr7","51728477","51728769","chr9","99097338","99097625","78","47368861"
"chr7","51728916","51729190","chr10","16818011","16818266","47","34910905"
"chr7","51811633","51811757","chr1","10426414","10426538","25","41385219"
"chr7","51866036","51866329","chr1","8139405","8139699","56","43726631"
"chr7","51886209","51886501","chr10","128783262","128783554","62","76897053"
"chr7","51920222","51920526","chr5","131527086","131527390","55","79606864"
"chr7","51922040","51922316","chr2","93580252","93580509","69","41658212"
"chr7","51970611","51970875","chr19","17977283","17977550","65","33993328"
"chr7","52072831","52073142","chr10","17207411","17207699","53","34865420"
"chr7","52151969","52152090","chr9","461814","461933","26","51690155"
"chr7","52169178","52169299","chr11","11295424","11295539","31","40873754"
"chr7","52235181","52235358","chr1","190606710","190606887","43","138371529"
"chr7","52235659","52235792","chrX","107181086","107181217","25","54945427"
"chr7","52250866","52251164","chr7","97730148","97730448","57","45479282"
"chr7","52253176","52253412","chr10","17383970","17384237","50","34869206"
"chr7","52324523","52324846","chr15","58592023","58592342","82","6267500"
"chr7","52341434","52341576","chr9","112448800","112448942","29","60107366"
"chr7","52443042","52443165","chr1","106234261","106234385","19","53791219"
"chr7","52670703","52670927","chrY","605778","605999","40","52064925"
"chr7","52730073","52730375","chr10","17632195","17632497","41","35097878"
"chr7","52747995","52748020","chr15","42742025","42742041","9","10005970"
"chr7","52760623","52760887","chr18","31007574","31007846","62","21753049"
"chr7","52851763","52852004","chrX","13751881","13752126","63","39099882"
"chr7","52876021","52876319","chr10","17726834","17727137","55","35149187"
"chr7","52880425","52880719","chr2","12622076","12622367","74","40258349"
"chr7","52907939","52908235","chr10","17763722","17764013","38","35144217"
"chr7","52946802","52947119","chrX","22454216","22454523","68","30492586"
"chr7","52947129","52947413","chr7","100581899","100582178","59","47634770"
"chr7","52950662","52950793","chr7","129474506","129474637","21","76523844"
"chr7","52959554","52959793","chr5","114066663","114066897","49","61107109"
"chr7","52960802","52960875","chr14","98378217","98378290","14","45417415"
"chr7","52974833","52975018","chr14","105182436","105182633","42","52207603"
"chr7","52976332","52976463","chr10","17814163","17814297","15","35162169"
"chr7","52983072","52983377","chr1","65566064","65566367","57","12582992"
"chr7","52983390","52983522","chr6","44075624","44075754","19","8907766"
"chr7","53012238","53012375","chr8","112833064","112833201","31","59820826"
"chr7","53019343","53019651","chr10","17882595","17882896","50","35136748"
"chr7","53088953","53089196","chr12","14763357","14763610","64","38325596"
"chr7","53308837","53309124","chrY","574223","574501","57","52734614"
"chr7","53313826","53314121","chr2","9805060","9805337","72","43508766"
"chr7","53401033","53401303","chr10","18097562","18097854","50","35303471"
"chr7","53523106","53523368","chr9","107054730","107054986","58","53531624"
"chr7","53566429","53566714","chrY","2465567","2465859","32","51100862"
"chr7","53572650","53572957","chrY","2460638","2460926","45","51112012"
"chr7","53669733","53669793","chr7","59266826","59266886","9","5597093"
"chr7","53693847","53694141","chrY","2330365","2330665","50","51363482"
"chr7","53797570","53797773","chrX","62896920","62897101","64","9099350"
"chr7","54196424","54196705","chr1","166931846","166932134","63","112735422"
"chr7","54249635","54249805","chrY","1808113","1808291","23","52441522"
"chr7","54307716","54308025","chrY","1728836","1729131","50","52578880"
"chr7","54315165","54315451","chr6","123605308","123605591","59","69290143"
"chr7","54458342","54458597","chrX","137515082","137515336","55","83056740"
"chr7","54463897","54464171","chr8","76560509","76560777","67","22096612"
"chr7","54484068","54484334","chrY","1556773","1557040","52","52927295"
"chr7","54696780","54697076","chrY","1335810","1336111","48","53360970"
"chr7","54792656","54792773","chr10","29633125","29633240","26","25159531"
"chr7","54816181","54816456","chrY","1203822","1204103","31","53612359"
"chr7","54816754","54816782","chr2","9726044","9726071","7","45090710"
"chr7","54900039","54900339","chrY","1126681","1126960","56","53773358"
"chr7","54910119","54910432","chrY","1108263","1108547","63","53801856"
"chr7","54956086","54956366","chr16","96695087","96695382","61","41739001"
"chr7","54970684","54970820","chr7","136788134","136788270","26","81817450"
"chr7","54992670","54992809","chr4","71594486","71594622","26","16601816"
"chr7","55202757","55203064","chrY","786752","787056","36","54416005"
"chr7","55213998","55214313","chrY","776478","776809","60","54437520"
"chr7","55319448","55319586","chr12","11035256","11035394","34","44284192"
"chr7","55355365","55355600","chr2","72672980","72673216","69","17317615"
"chr7","55430340","55430642","chr18","2687035","2687317","54","52743305"
"chr7","55507933","55508109","chr14","1058610","1058781","39","54449323"
"chr7","55521059","55521193","chr6","112715524","112715653","21","57194465"
"chr7","55529691","55529888","chr18","10543053","10543254","40","44986638"
"chr7","55573877","55574158","chr18","2839304","2839581","42","52734573"
"chr7","55601125","55601421","chr18","2868703","2868996","40","52732422"
"chr7","55641988","55642297","chr14","80208056","80208363","73","24566068"
"chr7","55652757","55653047","chr18","2911906","2912183","39","52740851"
"chr7","55698142","55698434","chr9","109118176","109118464","65","53420034"
"chr7","55751724","55752029","chr18","3025869","3026167","45","52725855"
"chr7","55767955","55768096","chr3","44575589","44575738","33","11192366"
"chr7","55768136","55768274","chr12","11035256","11035394","24","44732880"
"chr7","55770240","55770370","chr9","43510189","43510319","21","12260051"
"chr7","55772443","55772576","chrX","120496137","120496262","30","64723694"
"chr7","55781541","55781673","chr2","170813628","170813760","22","115032087"
"chr7","55828333","55828457","chr7","46825878","46826002","22","9002455"
"chr7","55856078","55856384","chr22","33924169","33924469","68","21931909"
"chr7","55866141","55866443","chrUn_GL286451","441358","441651","57","55424783"
"chr7","55881289","55881583","chrX","126967368","126967658","68","71086079"
"chr7","55898566","55898898","chr4","13609048","13609372","88","42289518"
"chr7","55935973","55936256","chr7","493374","493666","69","55442599"
"chr7","55940247","55940538","chr18","3262242","3262516","57","52678005"
"chr7","55952591","55952944","chr3","148408684","148409008","95","92456093"
"chr7","56164944","56165237","chr18","33187573","33187871","58","22977371"
"chr7","56194579","56194827","chr6","23229859","23230097","79","32964720"
"chr7","56340988","56341280","chr10","18478325","18478616","50","37862663"
"chr7","56362160","56362485","chr15","44104064","44104375","85","12258096"
"chr7","56382423","56382706","chr13","36056001","36056281","66","20326422"
"chr7","56416431","56416575","chr2","170813628","170813760","29","114397197"
"chr7","56416866","56417047","chr5","141094961","141095146","47","84678095"
"chr7","56441010","56441141","chr2","11695570","11695700","20","44745440"
"chr7","56495186","56495484","chr10","18634325","18634629","38","37860861"
"chr7","57277997","57278145","chr10","98254759","98254896","31","40976762"
"chr7","57327530","57327662","chr21","38022221","38022351","17","19305309"
"chr7","57328994","57329123","chrX","29998235","29998361","18","27330759"
"chr7","57470059","57470325","chr5","44370845","44371102","66","13099214"
"chr7","57501751","57501883","chr10","74474605","74474739","25","16972854"
"chr7","57537599","57537655","chr21","37413050","37413101","12","20124549"
"chr7","57620096","57620228","chr4","110194069","110194197","24","52573973"
"chr7","57620527","57620674","chr10","4989746","4989882","49","52630781"
"chr7","57755739","57756061","chr12","23611311","23611621","66","34144428"
"chr7","57980656","57980974","chr2","9155943","9156253","74","48824713"
"chr7","58229488","58229858","chr12","121438619","121438960","105","63209131"
"chr7","58266036","58266176","chr3","33295253","33295397","35","24970783"
"chr7","58274455","58274579","chr2","128921321","128921443","26","70646866"
"chr7","58277582","58277890","chr5","6490301","6490607","64","51787281"
"chr7","58292735","58292855","chr4","10706372","10706489","18","47586363"
"chr7","58359179","58359441","chr6","25323821","25324075","37","33035358"
"chr7","58363353","58363663","chr10","12589587","12589894","68","45773766"
"chr7","58461364","58461499","chr6","25212855","25212981","21","33248509"
"chr7","58519528","58519693","chr7","88830081","88830245","36","30310553"
"chr7","58519745","58519874","chr2","170813628","170813760","25","112293883"
"chr7","58531554","58531681","chr22","36682199","36682332","28","21849355"
"chr7","58538006","58538306","chr6","25133430","25133723","44","33404576"
"chr7","58545190","58545458","chr15","37546296","37546557","64","20998894"
"chr7","58546482","58546614","chr13","40267018","40267150","20","18279464"
"chr7","58603421","58603736","chr6","25056526","25056835","53","33546895"
"chr7","58659969","58660186","chr18","38062492","38062711","44","20597477"
"chr7","58665443","58665749","chr5","97783704","97784018","67","39118261"
"chr7","58672924","58673133","chr6","24981506","24981719","33","33691418"
"chr7","58696639","58696764","chr6","24967870","24967992","16","33728769"
"chr7","58786149","58786425","chr6","24909198","24909485","48","33876951"
"chr7","58808551","58808708","chr2","133121326","133121486","44","74312775"
"chr7","58809005","58809135","chr10","98492248","98492377","29","39683243"
"chr7","59751640","59751938","chr22","38655292","38655590","53","21096348"
"chr7","59834997","59835320","chr5","124246613","124246925","75","64411616"
"chr7","59901204","59901499","chr6","23827537","23827825","51","36073667"
"chr7","59904924","59905039","chr22","24409094","24409209","23","35495830"
"chr7","60028809","60029113","chr4","38738817","38739113","60","21289992"
"chr7","60042586","60042883","chr1","165118247","165118542","63","105075661"
"chr7","60487176","60487473","chr12","15960819","15961119","67","44526357"
"chr7","60501211","60501510","chr4","38738817","38739113","53","21762394"
"chr7","60824373","60824670","chr9","52635054","52635344","73","8189319"
"chr7","60832887","60833010","chr7","61232546","61232670","21","399659"
"chr7","60882429","60882702","chr13","39630062","39630334","59","21252367"
"chr7","60916645","60916900","chr4","20991459","20991722","56","39925186"
"chr7","60917370","60917537","chr5","129861216","129861385","37","68943846"
"chr7","60917711","60918002","chr6","22275485","22275792","46","38642226"
"chr7","60919051","60919284","chr8","106680235","106680463","59","45761184"
"chr7","60955165","60955466","chr6","22318619","22318908","62","38636546"
"chr7","60967123","60967411","chr5","144162498","144162784","61","83195375"
"chr7","60977258","60977531","chr6","22340372","22340654","61","38636886"
"chr7","61089949","61090070","chr7","25478360","25478482","22","35611589"
"chr7","61127146","61127456","chrX","48297259","48297562","57","12829887"
"chr7","61161545","61161666","chr1","155368947","155369069","27","94207402"
"chr7","61176904","61177033","chr6","22511691","22511820","18","38665213"
"chr7","61282391","61282482","chr16","32272093","32272185","27","29010298"
"chr7","61308290","61308555","chr6","22651746","22652014","40","38656544"
"chr7","61323018","61323077","chr1","208841798","208841858","8","147518780"
"chr7","61403413","61403542","chr2","170813628","170813760","26","109410215"
"chr7","61551739","61552018","chr6","22888073","22888364","42","38663666"
"chr7","61588008","61588233","chr6","22923290","22923525","27","38664718"
"chr7","61633515","61633813","chr3","149104058","149104353","51","87470543"
"chr7","61679828","61679904","chr12","14539492","14539560","21","47140336"
"chr7","61926354","61926584","chr6","23229859","23230097","35","38696495"
"chr7","61963708","61964008","chr6","23263978","23264291","38","38699730"
"chr7","62039340","62039516","chr6","43916984","43917156","44","18122356"
"chr7","62039815","62039963","chr11","66753269","66753408","30","4713454"
"chr7","62269249","62269506","chr6","23576669","23576920","40","38692580"
"chr7","62283112","62283375","chr6","25412340","25412595","61","36870772"
"chr7","62324177","62324524","chr6","23654553","23654883","62","38669624"
"chr7","62511667","62511785","chr3","69389972","69390095","23","6878305"
"chr7","62514977","62515244","chr6","23827537","23827825","58","38687440"
"chr7","62554340","62554529","chr1","141028853","141029015","53","78474513"
"chr7","62556476","62556769","chr3","188434761","188435037","77","125878285"
"chr7","62556775","62556892","chr6","45420831","45420949","29","17135944"
"chr7","62666501","62666805","chr7","11136421","11136704","77","51530080"
"chr7","62738031","62738152","chr6","22216267","22216392","15","40521764"
"chr7","62739607","62739715","chr2","10902097","10902210","26","51837510"
"chr7","62768664","62768940","chr6","22187540","22187802","39","40581124"
"chr7","62797857","62798157","chr3","33258815","33259122","57","29539042"
"chr7","62840981","62841234","chr6","22114360","22114613","34","40726621"
"chr7","62842842","62842967","chr2","7127093","7127227","30","55715749"
"chr7","62843656","62843819","chr22","9546673","9546838","33","53296983"
"chr7","62859521","62859832","chr5","131527086","131527390","68","68667565"
"chr7","62866819","62866923","chr10","48429603","48429703","30","14437216"
"chr7","62873048","62873177","chrX","10740615","10740744","20","52132433"
"chr7","62881018","62881309","chr9","53523121","53523415","54","9357897"
"chr7","62892190","62892313","chr6","22059766","22059888","11","40832424"
"chr7","62895493","62895578","chr7","87583180","87583259","20","24687687"
"chr7","62969596","62969721","chr7","78792060","78792184","25","15822464"
"chr7","62979834","62980141","chr7","100304291","100304586","70","37324457"
"chr7","63040066","63040188","chr6","21908267","21908389","11","41131799"
"chr7","63051254","63051382","chr9","21660421","21660545","16","41390833"
"chr7","63059738","63060048","chr22","15273463","15273759","60","47786275"
"chr7","63066494","63066625","chr7","58239646","58239772","27","4826848"
"chr7","63073390","63073692","chr8","76537930","76538239","58","13464540"
"chr7","63146346","63146474","chr7","51683975","51684102","17","11462371"
"chr7","63161291","63161601","chr10","93110088","93110390","63","29948797"
"chr7","63172868","63173167","chr9","96993073","96993365","48","33820205"
"chr7","63216279","63216533","chr4","150387259","150387497","73","87170980"
"chr7","63239061","63239377","chr20","38650982","38651282","71","24588079"
"chr7","63247536","63247797","chr5","5902864","5903129","64","57344672"
"chr7","63266059","63266343","chr10","114756255","114756541","63","51490196"
"chr7","63358433","63358711","chr10","18219504","18219762","51","45138929"
"chr7","63388525","63388811","chr2","20509241","20509527","59","42879284"
"chr7","63532591","63532882","chr5","158137953","158138228","75","94605362"
"chr7","63780428","63780733","chr13","10122359","10122668","63","53658069"
"chr7","64443820","64444135","chr9","104218395","104218692","79","39774575"
"chr7","64550086","64550383","chr4","17819065","17819358","68","46731021"
"chr7","65537576","65537843","chr7","14103441","14103711","73","51434135"
"chr7","66494486","66494782","chr2","56969336","56969629","61","9525150"
"chr7","66569078","66569374","chr1","121622743","121623030","73","55053665"
"chr7","66570745","66570873","chr12","28989226","28989344","25","37581519"
"chr7","66579312","66579444","chrX","10740615","10740744","24","55838697"
"chr7","66582035","66582305","chr22","7238696","7238943","77","59343339"
"chr7","66584613","66584890","chr11","15873870","15874145","69","50710743"
"chr7","66632069","66632190","chr1","141052356","141052479","22","74420287"
"chr7","66632224","66632395","chr8","57142532","57142707","38","9489692"
"chr7","66654263","66654389","chr6","18730040","18730162","14","47924223"
"chr7","66701982","66702280","chr11","22475002","22475290","73","44226980"
"chr7","66721313","66721597","chr6","18670025","18670294","59","48051288"
"chr7","66991597","66991729","chr1","192440376","192440501","26","125448779"
"chr7","66992040","66992199","chr9","34868770","34868929","36","32123270"
"chr7","66994347","66994656","chr6","18444710","18445020","46","48549637"
"chr7","67006070","67006359","chrX","17699750","17700053","59","49306320"
"chr7","67007674","67007938","chr17","35647330","35647595","68","31360344"
"chr7","67086377","67086689","chr3","148408684","148409008","62","81322307"
"chr7","67204857","67205204","chr7","31899128","31899441","84","35305729"
"chr7","67215591","67215886","chr6","18214843","18215139","38","49000748"
"chr7","67243378","67243540","chr4","148333671","148333834","52","81090293"
"chr7","67359346","67359489","chr9","85220908","85221045","28","17861562"
"chr7","67440795","67440923","chr1","137317635","137317763","21","69876840"
"chr7","67517533","67517715","chrX","85772838","85773011","38","18255305"
"chr7","67569233","67569541","chr12","87592009","87592320","61","20022776"
"chr7","67591327","67591620","chr2","13171138","13171429","78","54420189"
"chr7","67752529","67752823","chr1","180365330","180365623","63","112612801"
"chr7","67785539","67785719","chr2","46403915","46404089","40","21381624"
"chr7","67792127","67792441","chr15","72518938","72519246","62","4726811"
"chr7","67795833","67796126","chr6","17626637","17626903","57","50169196"
"chr7","67797407","67797536","chr1","62759693","62759822","31","5037714"
"chr7","67815241","67815339","chr2","97488780","97488872","29","29673539"
"chr7","67815383","67815494","chr2","25754063","25754178","20","42061320"
"chr7","67872817","67873131","chr6","17563556","17563879","50","50309261"
"chr7","67882576","67882644","chr1","189445323","189445390","7","121562747"
"chr7","67998968","67999095","chr16","26196082","26196210","24","41802886"
"chr7","68000968","68001095","chr16","26196082","26196210","24","41804886"
"chr7","68007853","68008148","chr5","138155552","138155863","65","70147699"
"chr7","68011284","68011504","chr7","46556776","46557002","58","21454508"
"chr7","68036316","68036609","chr5","131527086","131527390","67","63490770"
"chr7","68118922","68119088","chr2","9195870","9196037","49","58923052"
"chr7","68119405","68119562","chr3","5910863","5911020","33","62208542"
"chr7","68163163","68163455","chr9","43654559","43654856","68","24508604"
"chr7","68163834","68163959","chrX","93172718","93172845","25","25008884"
"chr7","68195023","68195322","chr9","14746922","14747231","64","53448101"
"chr7","68209740","68209919","chr4","159637298","159637470","47","91427558"
"chr7","68210223","68210369","chrUn_GL286439","53125","53271","29","68157098"
"chr7","68293991","68294060","chr6","16578648","16578706","17","51715343"
"chr7","68370069","68370360","chr7","11136421","11136704","69","57233648"
"chr7","68429718","68429965","chr2","16167627","16167864","59","52262091"
"chr7","68460277","68460565","chr11","84264230","84264517","60","15803953"
"chr7","68478082","68478394","chr22","7695950","7696250","70","60782132"
"chr7","68528358","68528448","chr1","139988187","139988272","26","71459829"
"chr7","68535326","68535616","chr9","40154728","40155015","51","28380598"
"chr7","68578373","68578643","chr14","79575769","79576034","50","10997396"
"chr7","68630805","68630992","chr7","81009046","81009220","57","12378241"
"chr7","68633852","68634139","chr6","17151213","17151518","49","51482639"
"chr7","68636332","68636510","chr6","17144940","17145117","15","51491392"
"chr7","68749805","68750000","chr9","101960601","101960798","55","33210796"
"chr7","68750304","68750432","chr12","53533404","53533513","27","15216900"
"chr7","68756882","68757180","chr2","135347077","135347365","56","66590195"
"chr7","68771248","68771518","chr12","106662781","106663052","55","37891533"
"chr7","68781812","68782099","chr6","16997772","16998041","62","51784040"
"chr7","68834145","68834274","chr5","94145493","94145621","21","25311348"
"chr7","68836868","68837161","chr15","21338413","21338706","57","47498455"
"chr7","68858535","68858802","chr6","16941841","16942113","33","51916694"
"chr7","68876740","68877045","chr14","37485441","37485741","73","31391299"
"chr7","68889460","68889556","chr18","37230730","37230822","24","31658730"
"chr7","68946654","68946956","chr13","73571076","73571367","59","4624422"
"chr7","68967018","68967307","chr11","122094771","122095073","58","53127753"
"chr7","68974545","68974845","chr20","38894081","38894379","57","30080464"
"chr7","69104893","69105014","chr9","72800906","72801025","31","3696013"
"chr7","69105576","69105890","chrX","63901568","63901868","72","5204008"
"chr7","69123432","69123730","chr15","61435851","61436157","69","7687581"
"chr7","69152349","69152724","chr9","98987536","98987890","104","29835187"
"chr7","69172564","69172687","chr5","82890481","82890603","21","13717917"
"chr7","69173007","69173118","chr2","56382116","56382224","22","12790891"
"chr7","69199047","69199337","chr2","9761283","9761568","65","59437764"
"chr7","69201868","69202146","chr14","16742849","16743121","72","52459019"
"chr7","69240584","69240707","chr2","2408820","2408946","28","66831764"
"chr7","69269730","69270017","chr9","53752951","53753230","73","15516779"
"chr7","69282551","69282838","chr11","115154046","115154331","58","45871495"
"chr7","69304026","69304308","chr10","77549448","77549717","61","8245422"
"chr7","69458597","69458884","chr6","16231327","16231619","43","53227270"
"chr7","69699577","69699872","chr6","16038201","16038486","55","53661376"
"chr7","70593592","70593885","chr1","92174125","92174415","55","21580533"
"chr7","70599903","70600196","chr6","15120054","15120337","39","55479849"
"chr7","70835061","70835348","chr15","28321944","28322236","67","42513117"
"chr7","70975627","70975752","chr6","14754971","14755097","8","56220656"
"chr7","70982539","70982845","chr6","14748962","14749263","50","56233577"
"chr7","71022894","71023023","chr6","14714138","14714262","21","56308756"
"chr7","71064142","71064436","chr16","76258769","76259059","60","5194627"
"chr7","71102486","71102608","chr4","110656247","110656364","25","39553761"
"chr7","71110385","71110516","chr7","88004637","88004769","22","16894252"
"chr7","71123232","71123498","chr11","52063111","52063376","60","19060121"
"chr7","71123502","71123634","chr4","13599154","13599281","22","57524348"
"chr7","71128005","71128132","chr4","138721119","138721242","21","67593114"
"chr7","71235533","71235656","chr12","50760594","50760718","16","20474939"
"chr7","71784068","71784315","chr5","31318175","31318425","53","40465893"
"chr7","72347755","72347929","chr22","28403347","28403515","39","43944408"
"chr7","72347955","72348004","chr10","92424608","92424658","13","20076653"
"chr7","72413524","72413801","chr6","13322546","13322833","47","59090978"
"chr7","72710585","72710707","chr1","137566022","137566138","29","64855437"
"chr7","72763079","72763393","chr6","12821902","12822201","52","59941177"
"chr7","72977283","72977448","chr2","57593229","57593400","53","15384054"
"chr7","73010727","73011022","chr10","35314886","35315185","73","37695841"
"chr7","73087061","73087184","chr1","155368947","155369069","22","82281886"
"chr7","73102338","73102611","chr6","12487865","12488145","69","60614473"
"chr7","73274668","73274963","chr16","49384017","49384308","74","23890651"
"chr7","73749489","73749776","chr6","11948522","11948807","47","61800967"
"chr7","74022008","74022149","chr6","11684198","11684327","28","62337810"
"chr7","74160650","74160970","chr5","5214119","5214447","92","68946531"
"chr7","74216293","74216646","chr6","11512383","11512675","101","62703910"
"chr7","74324529","74324836","chr4","35701592","35701895","59","38622937"
"chr7","74515311","74515376","chr11","15657363","15657419","24","58857948"
"chr7","74515404","74515522","chr15","61216796","61216912","20","13298608"
"chr7","74590645","74590953","chr6","11187061","11187347","64","63403584"
"chr7","74784001","74784228","chr3","83358518","83358736","69","8574517"
"chr7","74785858","74786151","chr1","155032190","155032474","55","80246332"
"chr7","74801599","74801893","chr19","15386860","15387141","72","59414739"
"chr7","74869608","74869730","chr6","10911592","10911715","21","63958016"
"chr7","74919038","74919327","chr12","27095604","27095892","73","47823434"
"chr7","74938118","74938362","chr8","105517723","105517980","62","30579605"
"chr7","75010536","75010674","chr14","84596099","84596232","31","9585563"
"chr7","75560234","75560535","chr6","10378254","10378561","53","65181980"
"chr7","75590454","75590726","chr6","10353309","10353551","57","65237145"
"chr7","75780604","75780886","chr5","6313507","6313787","79","69467097"
"chr7","75992069","75992377","chr6","49039809","49040108","67","26952260"
"chr7","76678973","76679286","chr7","81210361","81210666","67","4531388"
"chr7","76759153","76759457","chr20","20354483","20354779","66","56404670"
"chr7","76882805","76883085","chrX","13592824","13593107","57","63289981"
"chr7","76901191","76901323","chr3","111961656","111961787","23","35060465"
"chr7","77000075","77000306","chr6","9256533","9256764","42","67743542"
"chr7","77006457","77006541","chr2","8621434","8621520","14","68385023"
"chr7","77007316","77007592","chr6","9251285","9251550","45","67756031"
"chr7","77091107","77091423","chr1","149020182","149020489","61","71929075"
"chr7","77183822","77184129","chr10","22214617","22214924","62","54969205"
"chr7","77205483","77205791","chr1","106482342","106482647","60","29276859"
"chr7","77230688","77231015","chr3","148408684","148409008","66","71177996"
"chr7","77261355","77261646","chr9","84226861","84227152","58","6965506"
"chr7","77264338","77264631","chr6","8718149","8718452","33","68546189"
"chr7","77335642","77335924","chr19","4786092","4786368","71","72549550"
"chr7","77406355","77406500","chr7","105788280","105788417","36","28381925"
"chr7","77643475","77643713","chr5","112040495","112040720","54","34397020"
"chr7","77728955","77729173","chr5","109878774","109878989","57","32149819"
"chr7","77923778","77924076","chr13","36414491","36414784","56","41509287"
"chr7","77977144","77977325","chrX","62896920","62897101","47","15080224"
"chr7","78006984","78007136","chr16","30421306","30421457","26","47585678"
"chr7","78273197","78273238","chr18","13855647","13855688","8","64417550"
"chr7","78496707","78496990","chr9","101581056","101581341","66","23084349"
"chr7","78499487","78499773","chr4","15486597","15486882","64","63012890"
"chr7","78791995","78792324","chr6","23162898","23163220","80","55629097"
"chr7","78813090","78813391","chr6","7851807","7852107","39","70961283"
"chr7","79329494","79329809","chr9","44828251","44828546","76","34501243"
"chr7","79752483","79752791","chr5","11249338","11249641","69","68503145"
"chr7","79915862","79916168","chr1","209609017","209609295","74","129693155"
"chr7","80702432","80702741","chr15","57058522","57058823","62","23643910"
"chr7","81482558","81482865","chr2","16689005","16689306","61","64793553"
"chr7","81523420","81523549","chr18","14848181","14848308","23","66675239"
"chr7","81533602","81533697","chr7","145332012","145332107","11","63798410"
"chr7","81576330","81576635","chr5","94723998","94724307","62","13147668"
"chr7","81627142","81627261","chr7","21824538","21824660","20","59802604"
"chr7","81711078","81711148","chr10","27513186","27513244","21","54197892"
"chr7","81726286","81726585","chr10","44888057","44888345","38","36838229"
"chr7","81884515","81884754","chr8","4141665","4141912","52","77742850"
"chr7","81973308","81973406","chr3","110537912","110538004","22","28564604"
"chr7","82052410","82052566","chr13","48602828","48602986","49","33449582"
"chr7","82155477","82155601","chr6","25890533","25890656","16","56264944"
"chr7","82210212","82210520","chr9","18838366","18838663","60","63371846"
"chr7","82217479","82217796","chr6","85387382","85387695","71","3169903"
"chr7","82363464","82363831","chr7","27430380","27430713","101","54933084"
"chr7","82495327","82495459","chr10","45403654","45403780","22","37091673"
"chr7","82665157","82665291","chr8","11427272","11427397","22","71237885"
"chr7","82725395","82725531","chr3","150467906","150468042","30","67742511"
"chr7","82732596","82732849","chrUn_GL286540","27329","27576","69","82705267"
"chr7","82777709","82777971","chr2","59503677","59503937","69","23274032"
"chr7","82789848","82789966","chr7","74897348","74897465","16","7892500"
"chr7","82799320","82799490","chr8","30587546","30587708","46","52211774"
"chr7","82800306","82800584","chr10","45679362","45679637","42","37120944"
"chr7","82846358","82846482","chr14","64313177","64313299","20","18533181"
"chr7","82846685","82846838","chr6","17820371","17820524","35","65026314"
"chr7","82847456","82847568","chr2","189039663","189039766","30","106192207"
"chr7","82848798","82849107","chr10","45729525","45729830","46","37119273"
"chr7","82891943","82892155","chr13","61381664","61381873","46","21510279"
"chr7","82899313","82899609","chr12","13322686","13322982","62","69576627"
"chr7","82944186","82944410","chr10","45771885","45772107","36","37172301"
"chr7","83184652","83184937","chr2","20509241","20509527","65","62675411"
"chr7","83913265","83913552","chr10","46660960","46661213","69","37252305"
"chr7","83933793","83934126","chr10","46686902","46687216","56","37246891"
"chr7","83968785","83968918","chr6","47413125","47413260","19","36555660"
"chr7","84071319","84071456","chr6","47413125","47413260","22","36658194"
"chr7","84193650","84193788","chr10","88773992","88774133","24","4580342"
"chr7","84227820","84228100","chr4","25779472","25779759","59","58448348"
"chr7","84238708","84239000","chr10","46964884","46965182","42","37273824"
"chr7","84272110","84272393","chr15","69134133","69134421","70","15137977"
"chr7","84278302","84278489","chr17","73872505","73872698","44","10405797"
"chr7","84278786","84278912","chr10","47004622","47004747","13","37274164"
"chr7","84358012","84358282","chr2","12523821","12524093","64","71834191"
"chr7","84480519","84480638","chr4","106435481","106435597","23","21954962"
"chr7","84482490","84482553","chr1","188022495","188022556","15","103540005"
"chr7","84621235","84621499","chr10","47324403","47324655","59","37296832"
"chr7","84635766","84635896","chr9","108534541","108534662","21","23898775"
"chr7","84649731","84650026","chr12","3878110","3878408","73","80771621"
"chr7","84670102","84670388","chr14","32597952","32598238","57","52072150"
"chr7","84671651","84671910","chr5","108864858","108865125","68","24193207"
"chr7","84679942","84680186","chr22","48960127","48960395","75","35719815"
"chr7","84684029","84684158","chr10","47384037","47384166","17","37299992"
"chr7","84949552","84949672","chr10","47649286","47649408","10","37300266"
"chr7","85044465","85044764","chr10","47769839","47770129","36","37274626"
"chr7","85128792","85129081","chr10","47870192","47870478","38","37258600"
"chr7","85423785","85424062","chr13","36414491","36414784","68","49009294"
"chr7","85424177","85424310","chr10","48082510","48082642","28","37341667"
"chr7","85450823","85450959","chr10","48082510","48082642","27","37368313"
"chr7","85545628","85545728","chr14","81089071","81089174","14","4456557"
"chr7","85580268","85580393","chr1","84351412","84351536","28","1228856"
"chr7","85580705","85580735","chr13","54811828","54811851","12","30768877"
"chr7","85581053","85581092","chr10","92429054","92429091","12","6848001"
"chr7","85635244","85635550","chr10","48264600","48264865","65","37370644"
"chr7","86337719","86338068","chr22","7695950","7696250","111","78641769"
"chr7","86402180","86402476","chr5","149840040","149840339","58","63437860"
"chr7","86438170","86438441","chr10","49014095","49014363","47","37424075"
"chr7","86519505","86519807","chr1","140493784","140494081","75","53974279"
"chr7","86578603","86578890","chr16","46255187","46255478","55","40323416"
"chr7","86665584","86665885","chr10","49242157","49242468","67","37423427"
"chr7","86681384","86681498","chr7","230246","230360","19","86451138"
"chr7","86681548","86681701","chr20","28322205","28322361","26","58359343"
"chr7","87256187","87256471","chr1","198410057","198410349","63","111153870"
"chr7","87509043","87509311","chr10","50169205","50169467","33","37339838"
"chr7","87721117","87721384","chr11","97380186","97380447","70","9659069"
"chr7","87893562","87893841","chr10","50556021","50556307","55","37337541"
"chr7","87967926","87968228","chr10","50628594","50628888","43","37339332"
"chr7","88034044","88034346","chr10","50693985","50694283","42","37340059"
"chr7","88054446","88054740","chr10","50719545","50719822","53","37334901"
"chr7","88185424","88185725","chr2","8000025","8000324","70","80185399"
"chr7","88368620","88368914","chr10","51047507","51047805","60","37321113"
"chr7","88690516","88690807","chr15","73109046","73109346","74","15581470"
"chr7","89724804","89725079","chr13","97939611","97939872","67","8214807"
"chr7","89902639","89902928","chr10","52589920","52590203","43","37312719"
"chr7","90440027","90440226","chr12","75187675","75187858","51","15252352"
"chr7","90667193","90667315","chr9","112874431","112874552","28","22207238"
"chr7","90840208","90840330","chr10","53610409","53610531","16","37229799"
"chr7","90871350","90871649","chr9","43654559","43654856","65","47216791"
"chr7","90882928","90883117","chr10","53647917","53648100","31","37235011"
"chr7","90883136","90883421","chr10","53648132","53648416","55","37235004"
"chr7","91510127","91510429","chr7","129803375","129803651","91","38293248"
"chr7","91805000","91805294","chr16","49736355","49736647","78","42068645"
"chr7","92073554","92073842","chr10","54906286","54906589","55","37167268"
"chr7","92086957","92087193","chr20","44313180","44313403","60","47773777"
"chr7","92088957","92089149","chr1","101038913","101039110","48","8949956"
"chr7","92113186","92113275","chr8","8072996","8073083","33","84040190"
"chr7","92200350","92200629","chr10","55044995","55045275","31","37155355"
"chr7","92214955","92215233","chr4","20988397","20988680","60","71226558"
"chr7","92227638","92227776","chr4","117305226","117305359","25","25077588"
"chr7","92237201","92237509","chr10","55078807","55079101","48","37158394"
"chr7","92249082","92249293","chr5","109878774","109878989","42","17629692"
"chr7","92258951","92259257","chr10","55099139","55099441","51","37159812"
"chr7","92313161","92313298","chr7","45151186","45151321","35","47161975"
"chr7","92341620","92341926","chr6","153648750","153649057","68","61307130"
"chr7","92348520","92348737","chr7","126033825","126034041","51","33685305"
"chr7","92349474","92349779","chr5","131527086","131527390","67","39177612"
"chr7","92385598","92385727","chr4","44463564","44463694","24","47922034"
"chr7","92430879","92430994","chr10","55246949","55247065","16","37183930"
"chr7","92441396","92441530","chr1","121375989","121376113","33","28934593"
"chr7","92445607","92445806","chr5","14099654","14099850","60","78345953"
"chr7","92450163","92450454","chr10","102531516","102531811","64","10081353"
"chr7","92454266","92454302","chr5","394478","394514","6","92059788"
"chr7","92517416","92517544","chr10","55319207","55319335","22","37198209"
"chr7","92555742","92555891","chr7","57215506","57215649","35","35340236"
"chr7","92565694","92565990","chr10","55369558","55369834","50","37196136"
"chr7","92567160","92567464","chr7","55567706","55568016","80","36999454"
"chr7","92587470","92587610","chr1","202756427","202756559","35","110168957"
"chr7","92587901","92588053","chr17","7147997","7148152","31","85439904"
"chr7","92592957","92593234","chr3","85497464","85497737","65","7095493"
"chr7","92615695","92616000","chr14","62978773","62979084","70","29636922"
"chr7","92616555","92616853","chr10","55404869","55405166","36","37211686"
"chr7","92623277","92623405","chr7","23997896","23998020","22","68625381"
"chr7","92629247","92629428","chr10","126259446","126259620","46","33630199"
"chr7","92673402","92673636","chr10","55450100","55450332","18","37223302"
"chr7","92731918","92732231","chr2","59683941","59684235","74","33047977"
"chr7","92739178","92739424","chr10","55523346","55523594","26","37215832"
"chr7","92758569","92758866","chr6","45334571","45334865","60","47423998"
"chr7","92762234","92762479","chr10","55551426","55551653","52","37210808"
"chr7","92775265","92775561","chr10","55564601","55564896","39","37210664"
"chr7","92786708","92786997","chr8","30922257","30922529","65","61864451"
"chr7","92788147","92788461","chr2","152149664","152149974","75","59361517"
"chr7","92796389","92796680","chr10","55584839","55585134","30","37211550"
"chr7","92811932","92812097","chr5","43198469","43198614","54","49613463"
"chr7","92826820","92827028","chr10","55620012","55620201","36","37206808"
"chr7","92845067","92845364","chr2","128641069","128641357","61","35796002"
"chr7","92848996","92849104","chr14","60688389","60688492","15","32160607"
"chr7","92861950","92862249","chr2","17546997","17547294","60","75314953"
"chr7","92890282","92890368","chrX","14979102","14979181","24","77911180"
"chr7","92893535","92893833","chr11","110268702","110269004","58","17375167"
"chr7","92988599","92988783","chr9","9832952","9833145","42","83155647"
"chr7","93002010","93002286","chr10","55848399","55848677","50","37153611"
"chr7","93017818","93018101","chr3","6617961","6618238","66","86399857"
"chr7","93034983","93035274","chr10","55873939","55874210","62","37161044"
"chr7","93178012","93178323","chr2","14002316","14002621","67","79175696"
"chr7","93286177","93286481","chr10","56166444","56166731","62","37119733"
"chr7","93411343","93411646","chr10","56294091","56294386","32","37117252"
"chr7","93532451","93532672","chr10","56423194","56423394","43","37109257"
"chr7","93571690","93572002","chr10","56467159","56467443","62","37104531"
"chr7","93588914","93589051","chr5","55935460","55935602","39","37653454"
"chr7","93637954","93638099","chr5","126095611","126095757","32","32457657"
"chr7","93730225","93730514","chr15","63686119","63686409","71","30044106"
"chr7","93766209","93766290","chr7","46963612","46963690","12","46802597"
"chr7","93766322","93766495","chr10","126259446","126259620","41","32493124"
"chr7","94052560","94052839","chr10","56957052","56957354","52","37095508"
"chr7","94086802","94087104","chr12","89683096","89683386","64","4403706"
"chr7","94210382","94210666","chr16","94763524","94763810","59","553142"
"chr7","94230389","94230688","chr9","84226861","84227152","60","10003528"
"chr7","94256502","94256808","chr12","30753826","30754127","78","63502676"
"chr7","94303167","94303431","chr7","53228864","53229133","56","41074303"
"chr7","94368714","94368999","chr2","46868550","46868834","68","47500164"
"chr7","94392490","94392775","chr18","9583410","9583695","56","84809080"
"chr7","94454050","94454363","chr7","151690932","151691249","60","57236882"
"chr7","94476175","94476439","chr10","57407285","57407528","63","37068890"
"chr7","94506197","94506321","chr1","176456973","176457096","20","81950776"
"chr7","94534491","94534778","chr10","127941325","127941621","63","33406834"
"chr7","94566779","94566944","chr22","38645757","38645912","47","55921022"
"chr7","94754244","94754519","chr10","57690841","57691133","56","37063403"
"chr7","95043604","95043902","chr10","57983410","57983711","54","37060194"
"chr7","95130002","95130276","chr10","58069231","58069484","59","37060771"
"chr7","95155899","95156181","chr12","56111574","56111862","58","39044325"
"chr7","95208805","95209110","chr2","56738365","56738665","74","38470440"
"chr7","95294699","95294985","chr10","58249509","58249803","40","37045190"
"chr7","95431118","95431243","chr10","58400276","58400405","16","37030842"
"chr7","95447817","95447946","chr7","2524096","2524217","37","92923721"
"chr7","95476905","95477029","chr9","85393340","85393464","15","10083565"
"chr7","95660810","95661097","chr9","84226861","84227152","59","11433949"
"chr7","95671295","95671595","chr10","58645634","58645940","54","37025661"
"chr7","95674274","95674392","chr5","78821234","78821351","18","16853040"
"chr7","95674431","95674557","chr13","12571378","12571509","31","83103053"
"chr7","95704717","95704846","chr2","7684770","7684896","21","88019947"
"chr7","95839242","95839526","chr10","44890595","44890883","55","50948647"
"chr7","95840387","95840524","chr10","58818803","58818941","20","37021584"
"chr7","95917835","95917958","chr1","121375989","121376113","26","25458154"
"chr7","95957846","95957964","chr2","8694044","8694161","21","87263802"
"chr7","95957995","95958158","chr16","19741507","19741659","38","76216488"
"chr7","95958223","95958443","chr5","82982963","82983164","73","12975260"
"chr7","95959101","95959344","chr9","12197567","12197800","68","83761534"
"chr7","95959409","95959572","chr16","19741507","19741659","38","76217902"
"chr7","95959603","95959723","chr5","78821234","78821351","33","17138369"
"chr7","95972728","95972852","chr10","58914111","58914235","18","37058617"
"chr7","95981257","95981541","chr10","58946079","58946358","50","37035178"
"chr7","96002638","96002819","chr12","75187675","75187858","42","20814963"
"chr7","96010746","96010867","chr5","31305611","31305733","30","64705135"
"chr7","96014635","96014949","chr15","28103035","28103322","100","67911600"
"chr7","96016505","96016625","chr6","142045436","142045552","33","46028931"
"chr7","96024543","96024814","chr8","62944625","62944898","69","33079918"
"chr7","96038642","96038654","chr2","9724691","9724705","4","86313951"
"chr7","96038957","96039128","chr7","88830081","88830245","39","7208876"
"chr7","96049417","96049557","chr4","71594486","71594622","28","24454931"
"chr7","96107085","96107209","chr5","82890481","82890603","19","13216604"
"chr7","96107248","96107415","chr13","69623753","69623911","32","26483495"
"chr7","96117953","96118241","chr10","59089698","59089973","52","37028255"
"chr7","96130122","96130235","chr10","59102279","59102392","20","37027843"
"chr7","96131374","96131687","chr2","153911331","153911638","63","57779957"
"chr7","96148014","96148209","chr3","138120630","138120814","56","41972616"
"chr7","96148517","96148631","chr2","25754063","25754178","25","70394454"
"chr7","96163232","96163450","chr2","144944184","144944405","42","48780952"
"chr7","96234766","96235092","chr7","151690932","151691249","67","55456166"
"chr7","96253002","96253128","chr10","59216321","59216447","9","37036681"
"chr7","96262787","96263074","chr14","20102351","20102644","67","76160436"
"chr7","96273189","96273428","chr12","26163376","26163610","55","70109813"
"chr7","96275982","96276299","chr2","15633059","15633374","69","80642923"
"chr7","96280927","96281200","chr15","33790444","33790722","67","62490483"
"chr7","96331593","96331877","chrX","27252469","27252755","70","69079124"
"chr7","96336610","96336924","chr2","138027451","138027756","68","41690841"
"chr7","96343635","96343755","chr10","59298002","59298127","26","37045633"
"chr7","96344065","96344330","chr8","105756763","105757025","56","9412698"
"chr7","96372763","96372972","chr6","152829534","152829735","45","56456771"
"chr7","96406516","96406813","chr22","27508462","27508753","69","68898054"
"chr7","96413946","96414250","chr7","97730148","97730448","62","1316202"
"chr7","96422583","96422708","chr10","59380073","59380196","15","37042510"
"chr7","96423754","96423988","chr10","59380328","59380554","32","37043426"
"chr7","96508499","96508622","chr10","59457390","59457513","18","37051109"
"chr7","96592389","96592605","chr10","59559443","59559653","25","37032946"
"chr7","96599060","96599343","chr10","59564146","59564439","52","37034914"
"chr7","96604448","96604763","chr9","53523121","53523415","70","43081327"
"chr7","96660014","96660328","chr15","72518938","72519246","66","24141076"
"chr7","96687602","96687797","chr10","126259446","126259620","49","29571844"
"chr7","96690407","96690718","chr22","8448955","8449250","70","88241452"
"chr7","96706679","96706973","chr10","59697131","59697412","56","37009548"
"chr7","96714455","96714727","chr5","126956284","126956559","67","30241829"
"chr7","96716016","96716136","chr10","59699786","59699900","14","37016230"
"chr7","96733366","96733493","chrX","4883342","4883463","20","91850024"
"chr7","96757623","96757753","chr2","11695570","11695700","22","85062053"
"chr7","96762006","96762315","chr20","38498660","38498964","75","58263346"
"chr7","96783688","96783985","chr10","114838607","114838907","54","18054919"
"chr7","96895287","96895393","chr15","19331927","19332035","18","77563360"
"chr7","96981985","96982112","chr14","84202406","84202526","22","12779579"
"chr7","97001110","97001368","chr10","60081865","60082134","67","36919245"
"chr7","97004952","97005238","chr10","60094959","60095235","44","36909993"
"chr7","97073489","97073610","chr9","95266599","95266719","27","1806890"
"chr7","97113286","97113575","chr7","86332288","86332567","82","10780998"
"chr7","97142437","97142566","chr5","41235917","41236047","27","55906520"
"chr7","97212041","97212166","chr11","119741904","119742026","21","22529863"
"chr7","97246356","97246652","chr10","60348341","60348625","52","36898015"
"chr7","97247125","97247358","chr2","39361745","39361988","52","57885380"
"chr7","97261865","97262162","chr3","80807994","80808293","62","16453871"
"chr7","97268833","97269123","chr10","60367454","60367725","48","36901379"
"chr7","97275609","97275892","chr10","60380621","60380904","59","36894988"
"chr7","97300833","97301139","chr15","64625757","64626046","67","32675076"
"chr7","97672699","97672986","chr9","103596531","103596828","68","5923832"
"chr7","97898888","97899167","chr5","108117893","108118172","59","10219005"
"chr7","98108514","98108581","chr10","15429019","15429087","11","82679495"
"chr7","98122079","98122411","chr10","61293344","61293646","62","36828735"
"chr7","98512170","98512306","chr18","4625339","4625466","28","93886831"
"chr7","98566573","98566848","chr7","78755368","78755649","66","19811205"
"chr7","98598323","98598447","chr16","68163341","68163463","24","30434982"
"chr7","98610250","98610554","chr5","37895721","37896023","63","60714529"
"chr7","98820293","98820603","chr10","61982773","61983069","46","36837520"
"chr7","98860169","98860461","chr13","60354203","60354490","57","38505966"
"chr7","99051791","99052126","chr10","62209230","62209543","62","36842561"
"chr7","99295632","99295919","chr2","135687199","135687481","57","36391567"
"chr7","99570498","99570800","chr3","111556877","111557172","57","11986379"
"chr7","100187847","100188026","chr5","99050194","99050359","48","1137653"
"chr7","100374914","100375175","chr9","69748018","69748272","68","30626896"
"chr7","100456676","100456964","chr10","63651456","63651742","40","36805220"
"chr7","100463316","100463439","chr17","18697273","18697397","15","81766043"
"chr7","100484916","100485040","chr10","63700917","63701041","15","36783999"
"chr7","100520625","100520743","chr1","138972244","138972360","22","38451619"
"chr7","100520770","100520943","chr22","28403347","28403515","41","72117423"
"chr7","100581295","100581427","chr1","98656756","98656886","25","1924539"
"chr7","100599733","100600012","chr12","16276573","16276859","89","84323160"
"chr7","100609493","100609792","chr9","53523121","53523415","66","47086372"
"chr7","100614911","100615199","chr10","63830489","63830783","36","36784422"
"chr7","100628379","100628636","chr7","94305558","94305816","68","6322821"
"chr7","100639569","100639808","chr12","26700702","26700953","54","73938867"
"chr7","100694019","100694336","chr2","100484494","100484801","73","209525"
"chr7","100801154","100801455","chr10","64010424","64010734","45","36790730"
"chr7","100809462","100809625","chr7","148369768","148369928","37","47560306"
"chr7","101266337","101266597","chr18","28378203","28378459","58","72888134"
"chr7","102136753","102137045","chr22","4741700","4742003","62","97395053"
"chr7","102379732","102379883","chr15","23337227","23337374","34","79042505"
"chr7","102578773","102579089","chr1","118797181","118797481","75","16218408"
"chr7","102620787","102620911","chr1","199892609","199892732","23","97271822"
"chr7","103250257","103250431","chr5","79470509","79470673","53","23779748"
"chr7","103272795","103273100","chr10","66327427","66327730","38","36945368"
"chr7","103283352","103283661","chr7","32512245","32512557","71","70771107"
"chr7","103287181","103287464","chr9","37873994","37874277","65","65413187"
"chr7","103963680","103963800","chr6","125225451","125225567","21","21261771"
"chr7","104359070","104359340","chr10","67259364","67259653","53","37099706"
"chr7","104834949","104835260","chr5","95665912","95666217","90","9169037"
"chr7","105009370","105009669","chr5","1518553","1518845","82","103490817"
"chr7","105080920","105081092","chr8","117586126","117586283","58","12505206"
"chr7","105794533","105794668","chr21","47877874","47878005","21","57916659"
"chr7","105893333","105893528","chr21","260113","260302","58","105633220"
"chr7","105894245","105894346","chr4","38318362","38318459","24","67575883"
"chr7","106429293","106429337","chr10","60013227","60013269","8","46416066"
"chr7","106865416","106865723","chr10","69437013","69437312","57","37428403"
"chr7","106873710","106874020","chr5","116225258","116225574","79","9351548"
"chr7","106880107","106880404","chr12","23324730","23325025","71","83555377"
"chr7","106991160","106991345","chr5","138560759","138560936","50","31569599"
"chr7","107011440","107011736","chr10","69596587","69596880","40","37414853"
"chr7","107030597","107030749","chr10","69617874","69618027","18","37412723"
"chr7","107149409","107149619","chr4","159369779","159370001","74","52220370"
"chr7","107196455","107196754","chr10","69800542","69800830","43","37395913"
"chr7","107203087","107203211","chr1","106234261","106234385","17","968826"
"chr7","107288734","107289046","chr10","69892750","69893051","43","37395984"
"chr7","107292387","107292694","chr10","69895479","69895779","73","37396908"
"chr7","107759228","107759520","chr22","2901117","2901404","68","104858111"
"chr7","108064520","108064818","chr6","6039062","6039358","68","102025458"
"chr7","108069051","108069348","chr10","70585055","70585316","61","37483996"
"chr7","108422658","108422979","chr10","70920019","70920320","69","37502639"
"chr7","108999675","108999798","chr13","55277673","55277796","22","53722002"
"chr7","109402294","109402574","chr10","71882652","71882932","47","37519642"
"chr7","109570503","109570806","chr12","18802522","18802827","67","90767981"
"chr7","109754461","109754781","chr10","72241141","72241434","55","37513320"
"chr7","110477216","110477498","chr10","72944274","72944561","72","37532942"
"chr7","110787689","110787817","chrX","51331897","51332026","25","59455792"
"chr7","110808979","110809268","chr10","73505367","73505651","54","37303612"
"chr7","111421278","111421586","chr7","55168420","55168731","62","56252858"
"chr7","111444973","111445222","chr10","73980117","73980364","29","37464856"
"chr7","111469690","111469994","chr10","21315010","21315313","72","90154680"
"chr7","111589423","111589648","chr7","46556776","46557002","58","65032647"
"chr7","111595383","111595463","chr10","46863430","46863496","30","64731953"
"chr7","111595748","111595827","chr4","78169805","78169884","14","33425943"
"chr7","111609197","111609461","chr6","105898937","105899196","77","5710260"
"chr7","111627329","111627594","chrX","45691230","45691509","62","65936099"
"chr7","111647815","111647881","chr4","32848789","32848847","16","78799026"
"chr7","111685963","111686244","chr1","181800405","181800684","67","70114442"
"chr7","111719540","111719682","chr9","21026329","21026464","35","90693211"
"chr7","111719981","111720114","chr1","176862599","176862729","25","65142618"
"chr7","111777464","111777589","chrX","22373284","22373410","16","89404180"
"chr7","111797332","111797641","chr10","74346729","74347045","43","37450603"
"chr7","111849685","111849985","chr18","8030633","8030930","67","103819052"
"chr7","111852905","111853192","chr7","46035698","46035986","60","65817207"
"chr7","111862255","111862560","chr6","31372066","31372370","74","80490189"
"chr7","111884889","111885064","chr9","115746103","115746272","37","3861214"
"chr7","111885090","111885207","chr2","8694044","8694161","11","103191046"
"chr7","111890567","111890776","chr12","91318382","91318583","62","20572185"
"chr7","111892179","111892269","chr5","60115749","60115840","20","51776430"
"chr7","111923340","111923594","chrX","4580059","4580324","62","107343281"
"chr7","111982326","111982618","chr1","198410057","198410349","58","86427731"
"chr7","112046255","112046389","chr10","74589052","74589181","16","37457203"
"chr7","112092612","112092886","chr10","74634133","74634407","60","37458479"
"chr7","112117341","112117631","chr8","96342338","96342624","60","15775003"
"chr7","112122870","112122993","chr5","31305611","31305733","24","80817259"
"chr7","112154678","112154832","chr10","74699647","74699806","24","37455031"
"chr7","112162777","112163076","chr14","99094248","99094547","60","13068529"
"chr7","112172150","112172460","chr10","74719358","74719666","41","37452792"
"chr7","112173609","112173765","chr1","171541718","171541872","41","59368109"
"chr7","112174050","112174191","chr5","93167823","93167959","39","19006227"
"chr7","112199724","112200017","chr2","14508195","14508486","67","97691529"
"chr7","112213886","112214189","chr10","74767112","74767408","57","37446774"
"chr7","112229932","112230074","chr2","179773788","179773929","38","67543856"
"chr7","112246696","112246805","chr20","11379201","11379302","24","100867495"
"chr7","112247705","112248007","chr10","74812728","74812999","68","37434977"
"chr7","112266664","112266957","chr3","156563310","156563598","65","44296646"
"chr7","112275081","112275349","chr9","112285240","112285501","64","10159"
"chr7","112290534","112290668","chr1","192542368","192542501","24","80251834"
"chr7","112303694","112303984","chr10","74871462","74871747","32","37432232"
"chr7","112321778","112322057","chr19","24369860","24370137","73","87951918"
"chr7","112322298","112322427","chrX","140664256","140664385","28","28341958"
"chr7","112340740","112340941","chr10","74909416","74909615","23","37431324"
"chr7","112378223","112378503","chr16","92039773","92040060","61","20338450"
"chr7","112378506","112378813","chrX","63901568","63901868","69","48476938"
"chr7","112435048","112435353","chr10","75006065","75006388","56","37428983"
"chr7","112454952","112455249","chr4","138184186","138184489","76","25729234"
"chr7","112553114","112553405","chr12","51757644","51757932","61","60795470"
"chr7","112784192","112784375","chr17","26243013","26243196","41","86541179"
"chr7","112859193","112859358","chr10","75497543","75497714","31","37361650"
"chr7","113261813","113262103","chr7","53640923","53641209","58","59620890"
"chr7","113281822","113282117","chr10","75847131","75847436","42","37434691"
"chr7","113781095","113781371","chr22","5551141","5551421","53","108229954"
"chr7","113798183","113798494","chr10","76404037","76404321","62","37394146"
"chr7","113841451","113841750","chr10","76446855","76447134","49","37394596"
"chr7","114053082","114053352","chr10","76659747","76659993","62","37393335"
"chr7","114058081","114058376","chr10","76665091","76665400","40","37392990"
"chr7","114215997","114216310","chr1","200032121","200032424","63","85816124"
"chr7","114221545","114221859","chrX","44065324","44065634","58","70156221"
"chr7","114690899","114691179","chr10","77342506","77342775","54","37348393"
"chr7","114716020","114716290","chr1","77102851","77103111","58","37613169"
"chr7","114728794","114728973","chr18","27689840","27690012","55","87038954"
"chr7","114790589","114790890","chr10","77432454","77432762","67","37358135"
"chr7","114813686","114813918","chr19","17355793","17356029","65","97457893"
"chr7","114839716","114840028","chr8","29312697","29313006","58","85527019"
"chr7","114909555","114909756","chrX","95596924","95597125","45","19312631"
"chr7","114926430","114926563","chr1","202756427","202756559","21","87829997"
"chr7","114968641","114968936","chr10","77643554","77643857","48","37325087"
"chr7","114979839","114979971","chr9","56024635","56024765","19","58955204"
"chr7","115022640","115022959","chr7","78050188","78050503","64","36972452"
"chr7","115110854","115111120","chr10","77784701","77784968","32","37326153"
"chr7","115131969","115132077","chr10","77795192","77795300","13","37336777"
"chr7","115139289","115139559","chr5","108117893","108118172","63","7021396"
"chr7","115650050","115650354","chr10","78310087","78310393","41","37339963"
"chr7","115808653","115808783","chr10","78439440","78439569","13","37369213"
"chr7","115880026","115880144","chr5","81314684","81314797","17","34565342"
"chr7","115880179","115880366","chrX","122137763","122137942","45","6257584"
"chr7","115881162","115881254","chr6","76556031","76556128","32","39325131"
"chr7","115897525","115897863","chr6","117308252","117308560","82","1410727"
"chr7","116092319","116092593","chr12","112816869","112817140","68","3275450"
"chr7","116294870","116295166","chr10","78924125","78924421","40","37370745"
"chr7","116325391","116325688","chr10","78958213","78958495","43","37367178"
"chr7","116351785","116351904","chr6","31167603","31167720","24","85184182"
"chr7","116480477","116480625","chr2","137821183","137821326","31","21340706"
"chr7","116494687","116494978","chr4","130200734","130201024","62","13706047"
"chr7","116500271","116500559","chr10","79136412","79136697","50","37363859"
"chr7","116614066","116614190","chr10","79249313","79249435","11","37364753"
"chr7","116675052","116675346","chr10","79313937","79314235","43","37361115"
"chr7","116742195","116742328","chr11","28044866","28045001","21","88697329"
"chr7","116742329","116742614","chr10","79378782","79379051","38","37363547"
"chr7","116833830","116834114","chr10","79476877","79477148","53","37356953"
"chr7","116857314","116857453","chr10","79495471","79495597","27","37361843"
"chr7","116874721","116874957","chr10","79519279","79519511","34","37355442"
"chr7","116899386","116899615","chr8","29597633","29597862","66","87301753"
"chr7","116915768","116916066","chr1","90249678","90249953","74","26666090"
"chr7","116930990","116931286","chr21","50457151","50457444","79","66473839"
"chr7","116965252","116965543","chr10","79623238","79623527","42","37342014"
"chr7","117022279","117022576","chrX","13860648","13860939","66","103161631"
"chr7","117056166","117056345","chr15","21162875","21163055","42","95893291"
"chr7","117065695","117066000","chr10","79719065","79719373","33","37346630"
"chr7","117070711","117070846","chr10","79724313","79724447","20","37346398"
"chr7","117080059","117080321","chr10","79731207","79731475","38","37348852"
"chr7","117131616","117131738","chrX","107428789","107428908","25","9702827"
"chr7","117134341","117134507","chr10","79793970","79794129","24","37340371"
"chr7","117139388","117139662","chr9","91964520","91964804","75","25174868"
"chr7","117162175","117162416","chr1","180241325","180241563","61","63079150"
"chr7","117196371","117196569","chr11","119840096","119840304","53","2643725"
"chr7","117219751","117220042","chr10","79898728","79899015","42","37321023"
"chr7","117279703","117279847","chr5","121342109","121342251","25","4062406"
"chr7","117285487","117285620","chr10","79973777","79973910","16","37311710"
"chr7","117303186","117303504","chr10","79994741","79995035","67","37308445"
"chr7","117392738","117393037","chr10","80093435","80093706","54","37299303"
"chr7","117405047","117405329","chr10","80107897","80108186","49","37297150"
"chr7","117415267","117415375","chr7","63129024","63129132","20","54286243"
"chr7","117472161","117472290","chr5","31305611","31305733","25","86166550"
"chr7","117484563","117484877","chr14","80754932","80755229","63","36729631"
"chr7","117557905","117558223","chr10","80272516","80272821","65","37285389"
"chr7","117785911","117786199","chr5","11302432","11302719","55","106483479"
"chr7","117813503","117813806","chr10","80585973","80586257","48","37227530"
"chr7","118595314","118595440","chr10","98492248","98492377","19","20103066"
"chr7","118595728","118595932","chr3","116348612","116348811","49","2247116"
"chr7","118600724","118601013","chr1","154912818","154913091","65","36312094"
"chr7","118754935","118755241","chr9","16269953","16270254","59","102484982"
"chr7","118835082","118835200","chr14","81690285","81690401","17","37144797"
"chr7","118835230","118835398","chr2","20608973","20609141","44","98226257"
"chr7","118878372","118878685","chr10","81740357","81740662","45","37138015"
"chr7","118915534","118915842","chr12","36952591","36952886","67","81962943"
"chr7","118952950","118953245","chr10","81814778","81815072","35","37138172"
"chr7","119005178","119005423","chr10","7368606","7368835","71","111636572"
"chr7","119109565","119109858","chr10","81971042","81971315","70","37138523"
"chr7","119291109","119291432","chr10","82168187","82168501","63","37122922"
"chr7","119333300","119333556","chr10","82220710","82220978","28","37112590"
"chr7","119875498","119875802","chr12","36952591","36952886","64","82922907"
"chr7","119946480","119946787","chr10","82845807","82846121","47","37100673"
"chr7","119956879","119957179","chr10","82856497","82856793","39","37100382"
"chr7","120053444","120053539","chr11","99635691","99635781","20","20417753"
"chr7","120053912","120054118","chr4","12360826","12361036","47","107693086"
"chr7","120129381","120129707","chr10","83029322","83029625","51","37100059"
"chr7","120200431","120200550","chrX","58482136","58482260","20","61718295"
"chr7","120228880","120229152","chr10","83126195","83126466","31","37102685"
"chr7","120239361","120239648","chr10","83136933","83137228","54","37102428"
"chr7","120249297","120249597","chr1","198276236","198276530","67","78026939"
"chr7","120300519","120300813","chr10","83188512","83188813","55","37112007"
"chr7","120333778","120334044","chr1","148736471","148736733","58","28402693"
"chr7","120347369","120347579","chr18","11977479","11977687","50","108369890"
"chr7","120360181","120360497","chr9","99085382","99085694","73","21274799"
"chr7","120385987","120386272","chr7","70529533","70529824","59","49856454"
"chr7","120397706","120398016","chr22","37330250","37330542","73","83067456"
"chr7","120402567","120402848","chr10","83302902","83303189","41","37099665"
"chr7","120605423","120605544","chr6","148981161","148981280","23","28375738"
"chr7","120615952","120616163","chr2","15883450","15883658","51","104732502"
"chr7","120913207","120913474","chr12","66051427","66051693","62","54861780"
"chr7","121471701","121471996","chr10","84425987","84426292","47","37045714"
"chr7","121520926","121521065","chr14","62981222","62981361","30","58539704"
"chr7","121887025","121887245","chr10","84855702","84855917","30","37031323"
"chr7","121983489","121983778","chr10","84948221","84948512","24","37035268"
"chr7","122092366","122092425","chr4","159638154","159638215","9","37545788"
"chr7","122146635","122146919","chr10","85118411","85118697","37","37028224"
"chr7","122150641","122150933","chr10","85122729","85123019","37","37027912"
"chr7","122196388","122196686","chr9","84226861","84227152","67","37969527"
"chr7","122519829","122520119","chr5","82341474","82341770","55","40178355"
"chr7","122560072","122560294","chr1","140908440","140908669","54","18348368"
"chr7","122603246","122603557","chr15","16072105","16072413","54","106531141"
"chr7","122646179","122646470","chr10","85673466","85673769","46","36972713"
"chr7","122662249","122662455","chr12","22262929","22263124","56","100399320"
"chr7","122710972","122711283","chr15","72518938","72519246","64","50192034"
"chr7","122719706","122719808","chr22","10542914","10543003","27","112176792"
"chr7","122720116","122720264","chr12","107787989","107788121","33","14932127"
"chr7","122745009","122745290","chr10","85780746","85781024","41","36964263"
"chr7","122758590","122758908","chr2","72235481","72235799","77","50523109"
"chr7","122820578","122820874","chr5","106251952","106252249","70","16568626"
"chr7","122857240","122857525","chr10","85890153","85890441","32","36967087"
"chr7","122975829","122976180","chr6","95401605","95401936","108","27574224"
"chr7","122981991","122982297","chr10","86017441","86017734","50","36964550"
"chr7","123009014","123009175","chrX","50438300","50438461","31","72570714"
"chr7","123009477","123009617","chr12","11035256","11035394","26","111974221"
"chr7","123203019","123203142","chr11","109461963","109462085","20","13741056"
"chr7","123208680","123208981","chr9","103750152","103750447","63","19458528"
"chr7","123242476","123242600","chr10","86290016","86290140","13","36952460"
"chr7","123243637","123243928","chr10","86291197","86291483","31","36952440"
"chr7","123258660","123258968","chr4","35701592","35701895","61","87557068"
"chr7","123273424","123273544","chr10","86319309","86319428","13","36954115"
"chr7","123274806","123274967","chr5","37595693","37595857","34","85679113"
"chr7","123338037","123338343","chr10","86386938","86387246","38","36951099"
"chr7","123345301","123345402","chr12","55023013","55023115","20","68322288"
"chr7","123345450","123345637","chr1","129159547","129159726","43","5814097"
"chr7","123365250","123365557","chr10","86413940","86414224","59","36951310"
"chr7","123392963","123393080","chr10","86441456","86441570","15","36951507"
"chr7","123459869","123460157","chr10","86516895","86517177","51","36942974"
"chr7","123615111","123615398","chr10","86677984","86678266","59","36937127"
"chr7","123616495","123616781","chr10","86679313","86679589","52","36937182"
"chr7","123618332","123618598","chr10","86681110","86681396","56","36937222"
"chr7","123643164","123643463","chr10","86705100","86705390","44","36938064"
"chr7","123647937","123648223","chr5","32678837","32679116","67","90969100"
"chr7","123984483","123984768","chr10","87144494","87144798","51","36839989"
"chr7","124306756","124306880","chr5","35534219","35534343","18","88772537"
"chr7","124357668","124357952","chr9","57978613","57978890","59","66379055"
"chr7","124570468","124570746","chr6","42074326","42074599","71","82496142"
"chr7","125170330","125170513","chrX","39068325","39068506","42","86102005"
"chr7","125170542","125170666","chr6","148981161","148981280","25","23810619"
"chr7","125180122","125180465","chr10","120546371","120546703","81","4633751"
"chr7","125262569","125262872","chr3","149104058","149104353","57","23841489"
"chr7","125306875","125307161","chr4","111330364","111330653","59","13976511"
"chr7","125455659","125455939","chr10","88459243","88459524","38","36996416"
"chr7","125511963","125512259","chr10","88514529","88514827","41","36997434"
"chr7","125522040","125522319","chr3","47242004","47242274","68","78280036"
"chr7","125579767","125579957","chr5","61753281","61753487","51","63826486"
"chr7","125626014","125626309","chr10","88602180","88602476","31","37023834"
"chr7","125635039","125635332","chr21","46998038","46998338","63","78637001"
"chr7","125649137","125649460","chrX","18982709","18983018","86","106666428"
"chr7","125674839","125675008","chr5","37595693","37595857","39","88079146"
"chr7","125699989","125700215","chr1","185840840","185841067","54","60140851"
"chr7","125700874","125700930","chr2","42980881","42980938","11","82719993"
"chr7","125767295","125767625","chr9","14326351","14326672","85","111440944"
"chr7","125778457","125778756","chr1","82701327","82701625","67","43077130"
"chr7","125812378","125812624","chr10","88761735","88761981","31","37050643"
"chr7","125819434","125819553","chr5","78821234","78821351","21","46998200"
"chr7","125834075","125834354","chr7","11118343","11118615","60","114715732"
"chr7","125840164","125840451","chr5","43481946","43482233","62","82358218"
"chr7","125874426","125874540","chr10","88827716","88827843","23","37046710"
"chr7","125879205","125879318","chr10","88833080","88833190","17","37046125"
"chr7","125880000","125880023","chr7","121158321","121158346","7","4721679"
"chr7","125884345","125884647","chrX","52448467","52448765","66","73435878"
"chr7","125937067","125937196","chrX","140664256","140664385","24","14727189"
"chr7","125960961","125961095","chr3","165767885","165768020","25","39806924"
"chr7","125989705","125989940","chr12","82801511","82801727","59","43188194"
"chr7","125994177","125994481","chr10","88944454","88944739","45","37049723"
"chr7","126001198","126001500","chr10","88951323","88951633","54","37049875"
"chr7","126059288","126059406","chr2","8694044","8694161","17","117365244"
"chr7","126066871","126067156","chr10","89015419","89015711","62","37051452"
"chr7","126266638","126266915","chr3","3371889","3372171","65","122894749"
"chr7","126321914","126322206","chr10","89254548","89254836","42","37067366"
"chr7","126347856","126348150","chr1","185506876","185507173","60","59159020"
"chr7","126349333","126349575","chr5","116508087","116508341","66","9841246"
"chr7","126358803","126359138","chr9","102262325","102262646","75","24096478"
"chr7","126359494","126359795","chr10","89324052","89324345","51","37035442"
"chr7","126376052","126376336","chr10","89342436","89342727","37","37033616"
"chr7","126388562","126388859","chr10","89354601","89354900","53","37033961"
"chr7","126395821","126396120","chr7","65645212","65645513","54","60750609"
"chr7","126404338","126404407","chr9","112827727","112827792","21","13576611"
"chr7","126424914","126425021","chr11","98231138","98231243","24","28193776"
"chr7","126464404","126464706","chr7","18926841","18927131","64","107537563"
"chr7","126481657","126481915","chr5","125877212","125877479","60","604445"
"chr7","126520684","126520978","chr10","89488009","89488302","40","37032675"
"chr7","126552813","126553086","chr10","89519992","89520283","50","37032821"
"chr7","126565796","126566070","chr2","35553288","35553567","53","91012508"
"chr7","126579285","126579403","chr2","43251564","43251685","28","83327721"
"chr7","126580622","126580904","chr8","76256620","76256909","57","50324002"
"chr7","126589972","126590128","chr10","89565570","89565748","40","37024402"
"chr7","126595071","126595301","chr1","185840840","185841067","52","59245769"
"chr7","126599659","126599814","chr7","62757077","62757239","39","63842582"
"chr7","126613321","126613629","chr10","89594188","89594480","42","37019133"
"chr7","126618195","126618500","chr15","72518938","72519246","57","54099257"
"chr7","126646988","126647302","chr10","89634164","89634465","53","37012824"
"chr7","126717011","126717307","chr10","89706981","89707269","62","37010030"
"chr7","126746904","126747190","chr9","40285498","40285797","59","86461406"
"chr7","126806541","126806626","chr10","89799617","89799706","15","37006924"
"chr7","126815469","126815764","chr15","28321944","28322236","55","98493525"
"chr7","126854159","126854446","chr10","89849498","89849781","36","37004661"
"chr7","126865582","126865712","chr2","10110790","10110922","25","116754792"
"chr7","126866005","126866176","chr1","33125170","33125327","49","93740835"
"chr7","126893935","126894180","chr10","89890132","89890381","25","37003803"
"chr7","126909287","126909576","chr5","23645809","23646089","65","103263478"
"chr7","126937526","126937582","chr5","109676743","109676795","16","17260783"
"chr7","126964413","126964705","chr10","89964558","89964861","38","36999855"
"chr7","126967961","126968231","chr2","120970153","120970428","59","5997808"
"chr7","126969810","126969943","chr10","89970358","89970490","13","36999452"
"chr7","126990297","126990467","chr10","126259446","126259620","42","730851"
"chr7","127017840","127018146","chr10","90016136","90016451","44","37001704"
"chr7","127032507","127032819","chr2","13987385","13987695","75","113045122"
"chr7","127110766","127110894","chr10","90208744","90208864","16","36902022"
"chr7","127165214","127165475","chr20","29319386","29319642","52","97845828"
"chr7","127173721","127174002","chr10","90266749","90267049","50","36906972"
"chr7","127194405","127194443","chr1","15722709","15722749","7","111471696"
"chr7","127232959","127233216","chr10","2381142","2381413","69","124851817"
"chr7","127236852","127236995","chr4","104214057","104214200","35","23022795"
"chr7","127237264","127237428","chr2","15609661","15609822","43","111627603"
"chr7","127286574","127286699","chr10","90363761","90363886","11","36922813"
"chr7","127367316","127367444","chr10","90406457","90406582","13","36960859"
"chr7","127398757","127398890","chr10","90438840","90438969","19","36959917"
"chr7","127461045","127461180","chr9","45389308","45389436","26","82071737"
"chr7","127485754","127485868","chr7","30215462","30215575","17","97270292"
"chr7","127507184","127507313","chr10","90541688","90541815","18","36965496"
"chr7","127517283","127517419","chr11","15616179","15616312","24","111901104"
"chr7","127588996","127589119","chr10","90619517","90619636","22","36969479"
"chr7","127605427","127605601","chr1","129159547","129159726","32","1554120"
"chr7","127605887","127606037","chr12","11035256","11035394","36","116570631"
"chr7","127625982","127626264","chr14","32597952","32598238","69","95028030"
"chr7","127648492","127648804","chr10","90680371","90680676","44","36968121"
"chr7","127656431","127656710","chr22","33137667","33137935","68","94518764"
"chr7","127756939","127757203","chr10","90803875","90804133","31","36953064"
"chr7","127897289","127897407","chr10","90920129","90920256","20","36977160"
"chr7","128225373","128225505","chr9","65816955","65817079","27","62408418"
"chr7","128248961","128249159","chrX","1059705","1059897","53","127189256"
"chr7","128569081","128569203","chr6","122117626","122117747","19","6451455"
"chr7","128587121","128587400","chr8","117594205","117594485","66","10992916"
"chr7","128660204","128660501","chr2","16070846","16071128","72","112589358"
"chr7","128914298","128914416","chr5","108882668","108882786","24","20031630"
"chr7","129104367","129104666","chr5","99870254","99870559","69","29234113"
"chr7","129300271","129300514","chr22","28237827","28238064","55","101062444"
"chr7","129317166","129317458","chr10","92343226","92343517","31","36973940"
"chr7","129330718","129330870","chr3","151317086","151317238","31","21986368"
"chr7","129332303","129332606","chr16","94113551","94113856","54","35218752"
"chr7","129368733","129368847","chr9","106771223","106771337","16","22597510"
"chr7","129369148","129369342","chr9","8946059","8946261","51","120423089"
"chr7","129392073","129392206","chr10","98492248","98492377","24","30899825"
"chr7","129392500","129392657","chr9","95405617","95405776","34","33986883"
"chr7","129402555","129402679","chr22","17431276","17431398","31","111971279"
"chr7","129403151","129403438","chr10","83302902","83303189","69","46100249"
"chr7","129406816","129407115","chrX","92375440","92375736","64","37031376"
"chr7","129426100","129426341","chr10","92480497","92480725","41","36945603"
"chr7","129488106","129488231","chr9","8615145","8615268","31","120872961"
"chr7","129490056","129490374","chr10","92551826","92552120","51","36938230"
"chr7","129490585","129490708","chr9","101275237","101275361","18","28215348"
"chr7","129504616","129504908","chr14","80854496","80854796","68","48650120"
"chr7","129510973","129511261","chr7","493374","493666","63","129017599"
"chr7","129538874","129539166","chr4","83717239","83717535","59","45821635"
"chr7","129551447","129551575","chr3","149245179","149245310","25","19693732"
"chr7","129591894","129592196","chr10","92640985","92641286","36","36950909"
"chr7","129611438","129611731","chr11","108392069","108392356","71","21219369"
"chr7","129612219","129612337","chr10","92664605","92664722","10","36947614"
"chr7","129618186","129618467","chr10","92669440","92669720","31","36948746"
"chr7","129645489","129645608","chr4","138326437","138326560","21","8680948"
"chr7","129702790","129703105","chr6","30992090","30992400","62","98710700"
"chr7","129752604","129752918","chr22","37688895","37689202","62","92063709"
"chr7","129764292","129764589","chr10","92813104","92813391","39","36951188"
"chr7","129773644","129773951","chr2","10830367","10830666","62","118943277"
"chr7","129789208","129789521","chr1","141447001","141447306","69","11657793"
"chr7","129800893","129801024","chr10","92854156","92854282","19","36946737"
"chr7","129818076","129818359","chr10","92867880","92868153","41","36950196"
"chr7","129838181","129838486","chr20","40343502","40343804","90","89494679"
"chr7","129844245","129844526","chr9","53523121","53523415","54","76321124"
"chr7","129868775","129868899","chr17","18697273","18697397","15","111171502"
"chr7","129890754","129891052","chr10","92949391","92949665","47","36941363"
"chr7","129907737","129907861","chr19","28118672","28118794","17","101789065"
"chr7","129915988","129916125","chr17","73250584","73250724","26","56665404"
"chr7","129942160","129942437","chr10","93000725","93001005","29","36941435"
"chr7","129986845","129986993","chr18","4703667","4703803","45","125283178"
"chr7","129989144","129989439","chr10","93046506","93046809","62","36942638"
"chr7","129990077","129990219","chr15","82732062","82732206","33","47258015"
"chr7","129990220","129990252","chr16","2370436","2370463","8","127619784"
"chr7","130001711","130001915","chr10","119415727","119415918","60","10585984"
"chr7","130058146","130058441","chr10","93110088","93110390","44","36948058"
"chr7","130134005","130134319","chr10","93192499","93192806","53","36941506"
"chr7","130266423","130266512","chr14","81452071","81452156","21","48814352"
"chr7","130514520","130514645","chr10","93559479","93559608","19","36955041"
"chr7","130726030","130726320","chr10","93776017","93776280","56","36950013"
"chr7","130797079","130797197","chr6","76641351","76641473","23","54155728"
"chr7","130890537","130890818","chr10","93952423","93952715","59","36938114"
"chr7","130983781","130984077","chr10","94050955","94051241","32","36932826"
"chr7","131074134","131074422","chr13","60354203","60354490","66","70719931"
"chr7","131074677","131074995","chr7","78050188","78050503","63","53024489"
"chr7","131160923","131161206","chr10","94236830","94237115","38","36924093"
"chr7","131240911","131241140","chr10","114494275","114494501","57","16746636"
"chr7","131271736","131272019","chr10","94343459","94343733","44","36928277"
"chr7","131282786","131283086","chr10","94356551","94356844","44","36926235"
"chr7","131351677","131351791","chr1","149708008","149708126","22","18356331"
"chr7","131362300","131362561","chr1","90249678","90249953","66","41112622"
"chr7","131367637","131367921","chr5","10873545","10873824","85","120494092"
"chr7","131383262","131383385","chr1","109230303","109230426","18","22152959"
"chr7","131398137","131398423","chr14","5388973","5389259","55","126009164"
"chr7","131667197","131667507","chr4","37720653","37720947","69","93946544"
"chr7","131696567","131696837","chr6","42074326","42074599","80","89622241"
"chr7","131730930","131731052","chr22","36692629","36692751","19","95038301"
"chr7","131763885","131764054","chr3","121801888","121802059","36","9961997"
"chr7","131764352","131764486","chr11","7850129","7850261","21","123914223"
"chr7","131772519","131772645","chr18","14848181","14848308","23","116924338"
"chr7","131890047","131890349","chr16","46255187","46255478","59","85634860"
"chr7","131995589","131995868","chr10","95026942","95027209","77","36968647"
"chr7","132019154","132019422","chr5","8891819","8892073","58","123127335"
"chr7","132028267","132028576","chr6","31372066","31372370","63","100656201"
"chr7","132091078","132091200","chr5","23830381","23830500","21","108260697"
"chr7","132227648","132227974","chr20","23159821","23160152","65","109067827"
"chr7","132577692","132577979","chr10","95614146","95614447","49","36963546"
"chr7","132580640","132580876","chr5","32705696","32705927","41","99874944"
"chr7","132888822","132889123","chr15","60438150","60438451","67","72450672"
"chr7","132902312","132902564","chr12","26163376","26163610","66","106738936"
"chr7","132967756","132968050","chr10","95926373","95926652","69","37041383"
"chr7","133058549","133058680","chr1","176862599","176862729","22","43804050"
"chr7","133084326","133084646","chr22","34009301","34009611","66","99075025"
"chr7","133186850","133187138","chr10","96156440","96156745","47","37030410"
"chr7","133273186","133273306","chr14","84202406","84202526","18","49070780"
"chr7","133327369","133327677","chr9","45335801","45336101","62","87991568"
"chr7","133454114","133454286","chr20","3735670","3735834","33","129718444"
"chr7","133454582","133454718","chr2","1983485","1983615","24","131471097"
"chr7","133455485","133455780","chr11","118382154","118382447","64","15073331"
"chr7","133496128","133496251","chr7","56695768","56695896","24","76800360"
"chr7","133530661","133530792","chr11","120560318","120560450","17","12970343"
"chr7","133712630","133712929","chr2","8000025","8000324","55","125712605"
"chr7","133723126","133723421","chr10","96640317","96640625","53","37082809"
"chr7","133754511","133754607","chr3","90494104","90494198","15","43260407"
"chr7","133756380","133756662","chr10","96672316","96672588","42","37084064"
"chr7","133772159","133772459","chr10","96686451","96686745","41","37085708"
"chr7","133790761","133791052","chr7","78397742","78398033","62","55393019"
"chr7","133806873","133807232","chr10","96720650","96720988","72","37086223"
"chr7","133821131","133821422","chr5","108117893","108118172","66","25703238"
"chr7","133821735","133822022","chr8","75152960","75153233","91","58668775"
"chr7","133829296","133829440","chr10","96739544","96739688","21","37089752"
"chr7","133856222","133856364","chr4","153004901","153005054","37","19148679"
"chr7","133856667","133856812","chr9","103586171","103586302","32","30270496"
"chr7","133886082","133886202","chr10","96797456","96797565","24","37088626"
"chr7","133919002","133919132","chr2","121489769","121489891","43","12429233"
"chr7","133919207","133919501","chr10","96827414","96827700","33","37091793"
"chr7","133985136","133985426","chr16","1754811","1755092","66","132230325"
"chr7","134030322","134030440","chr7","74897348","74897465","18","59132974"
"chr7","134136019","134136127","chr12","72514593","72514705","27","61621426"
"chr7","134228990","134229240","chr13","37680668","37680900","58","96548322"
"chr7","134695502","134695795","chr10","97658153","97658441","35","37037349"
"chr7","134717769","134718071","chr10","97682642","97682939","41","37035127"
"chr7","135160879","135160986","chr7","99853344","99853456","21","35307535"
"chr7","135225085","135225273","chr1","65692750","65692919","48","69532335"
"chr7","135261075","135261373","chr19","48742894","48743187","62","86518181"
"chr7","135263634","135263770","chr10","98254759","98254896","38","37008875"
"chr7","135267571","135267705","chr3","65250236","65250367","19","70017335"
"chr7","135303860","135304126","chr2","72796292","72796559","66","62507568"
"chr7","135335913","135336099","chr2","18615653","18615838","56","116720260"
"chr7","135346702","135346989","chr2","39377705","39377984","91","95968997"
"chr7","135351119","135351431","chr5","62322699","62322993","73","73028420"
"chr7","135449190","135449475","chr10","98366335","98366624","42","37082855"
"chr7","135465755","135465879","chr4","58596055","58596175","27","76869700"
"chr7","135526040","135526310","chr12","5238781","5239049","69","130287259"
"chr7","135530863","135531043","chr10","98438416","98438595","20","37092447"
"chr7","135592758","135593056","chr9","84226861","84227152","58","51365897"
"chr7","135603219","135603339","chr11","125868854","125868971","21","9734365"
"chr7","135647321","135647505","chr5","45463271","45463451","40","90184050"
"chr7","135665344","135665637","chr1","198410057","198410349","56","62744713"
"chr7","135691952","135692047","chr7","22434038","22434132","21","113257914"
"chr7","135713342","135713615","chr9","25595206","25595479","64","110118136"
"chr7","135743471","135743583","chr5","23830381","23830500","21","111913090"
"chr7","135763822","135763971","chr2","56213585","56213736","40","79550237"
"chr7","135763997","135764107","chr6","93451747","93451854","18","42312250"
"chr7","135766298","135766577","chr10","98695074","98695339","44","37071224"
"chr7","135776767","135777044","chr10","98706012","98706258","61","37070755"
"chr7","135782581","135782875","chr10","98709742","98710022","55","37072839"
"chr7","135789000","135789275","chr11","28816210","28816498","71","106972790"
"chr7","135806786","135807116","chr15","25134317","25134645","65","110672469"
"chr7","135837215","135837312","chr2","10258659","10258769","32","125578556"
"chr7","135837618","135837772","chr3","52321080","52321233","35","83516538"
"chr7","135860869","135861047","chr10","98768948","98769125","19","37091921"
"chr7","135888483","135888662","chrUn_GL286397","312575","312745","36","135575908"
"chr7","135888966","135889100","chr22","42586201","42586329","30","93302765"
"chr7","135895876","135896202","chr10","98799247","98799567","41","37096629"
"chr7","135903629","135903778","chr11","14925792","14925929","41","120977837"
"chr7","135911787","135912102","chr15","72518938","72519246","62","63392849"
"chr7","135999172","135999471","chr2","8000025","8000324","73","127999147"
"chr7","136007989","136008282","chr10","98902985","98903279","24","37105004"
"chr7","136008509","136008627","chr12","51879540","51879656","16","84128969"
"chr7","136124156","136124357","chr14","105182436","105182633","43","30941720"
"chr7","136184369","136184645","chr22","29624582","29624847","61","106559787"
"chr7","136217409","136217698","chr10","99104852","99105143","36","37112557"
"chr7","136305130","136305424","chr10","99210130","99210407","49","37095000"
"chr7","136381652","136381931","chr10","99291285","99291558","45","37090367"
"chr7","136401033","136401238","chr9","101960601","101960798","44","34440432"
"chr7","136401544","136401654","chr12","28152872","28152988","20","108248672"
"chr7","136411719","136411803","chr4","30511775","30511860","12","105899944"
"chr7","136419712","136419850","chr1","157999498","157999632","24","21579786"
"chr7","136426796","136427080","chr10","99334860","99335140","28","37091936"
"chr7","136446364","136446548","chr5","100376117","100376299","49","36070247"
"chr7","136446844","136446974","chrX","140664256","140664385","22","4217412"
"chr7","136461325","136461533","chr12","53849246","53849452","40","82612079"
"chr7","136489870","136490138","chr10","99405043","99405312","34","37084827"
"chr7","136502285","136502573","chr1","90249678","90249953","66","46252607"
"chr7","136503159","136503456","chr14","82325633","82325925","68","54177526"
"chr7","136572146","136572466","chr7","153049855","153050182","81","16477709"
"chr7","136587161","136587464","chr10","99507221","99507507","43","37079940"
"chr7","136677984","136678277","chr15","33790444","33790722","77","102887540"
"chr7","136685489","136685743","chr5","124218114","124218371","60","12467375"
"chr7","136697753","136698023","chr10","99598880","99599139","30","37098873"
"chr7","136716756","136717027","chr10","99612278","99612569","62","37104478"
"chr7","136721406","136721707","chr7","57399106","57399413","63","79322300"
"chr7","136727981","136728255","chr9","115599283","115599567","73","21128698"
"chr7","136731493","136731784","chr1","92174125","92174415","48","44557368"
"chr7","136740535","136740710","chr9","91688703","91688866","41","45051832"
"chr7","136741008","136741114","chr9","45529315","45529420","30","91211693"
"chr7","136785666","136785984","chr7","32363417","32363723","65","104422249"
"chr7","136847900","136848148","chr15","84368741","84368989","51","52479159"
"chr7","137009493","137009780","chr1","92174125","92174415","61","44835368"
"chr7","137017442","137017745","chr10","99902302","99902598","44","37115140"
"chr7","137047579","137047692","chr1","155368947","155369069","23","18321368"
"chr7","137105731","137105844","chrX","141163474","141163582","25","4057743"
"chr7","137112077","137112376","chrX","60850375","60850679","62","76261702"
"chr7","137128225","137128354","chr1","38075302","38075428","17","99052923"
"chr7","137136199","137136432","chr10","100011045","100011279","22","37125154"
"chr7","137285908","137286119","chr5","86279518","86279723","58","51006390"
"chr7","137318342","137318387","chr22","38503748","38503789","8","98814594"
"chr7","137356844","137357133","chr10","100239410","100239716","48","37117434"
"chr7","137535875","137536166","chr10","100428631","100428916","49","37107244"
"chr7","137548200","137548497","chr22","29758068","29758367","66","107790132"
"chr7","137578985","137579287","chr1","185506876","185507173","59","47927891"
"chr7","137583134","137583229","chr2","10906979","10907070","16","126676155"
"chr7","137588055","137588183","chr14","64313177","64313299","18","73274878"
"chr7","137622172","137622462","chr10","100516517","100516807","34","37105655"
"chr7","137661080","137661384","chr10","100555385","100555677","61","37105695"
"chr7","137693944","137694111","chr2","144690776","144690943","47","6996832"
"chr7","137795653","137795970","chr10","8915279","8915588","69","128880374"
"chr7","137879084","137879219","chr6","144234386","144234514","27","6355302"
"chr7","137941199","137941561","chr7","69320806","69321137","131","68620393"
"chr7","137973192","137973328","chr10","100876097","100876227","25","37097095"
"chr7","137995482","137995791","chr10","8915279","8915588","61","129080203"
"chr7","138084148","138084462","chr10","100976267","100976563","57","37107881"
"chr7","138091733","138092032","chr2","37258716","37259015","68","100833017"
"chr7","138242420","138242542","chr17","18697273","18697397","14","119545147"
"chr7","138281783","138282080","chr6","85106077","85106359","56","53175706"
"chr7","138361349","138361643","chr10","101224635","101224921","45","37136714"
"chr7","138368527","138368813","chr10","101231546","101231848","57","37136981"
"chr7","138378714","138378982","chr8","76560509","76560777","47","61818205"
"chr7","138409732","138409952","chr7","104085361","104085572","47","34324371"
"chr7","138425816","138426081","chr7","122885667","122885928","55","15540149"
"chr7","138441653","138441972","chr10","101300303","101300618","63","37141350"
"chr7","138648899","138649217","chr10","101514923","101515202","67","37133976"
"chr7","138730773","138731085","chr20","38136382","38136686","69","100594391"
"chr7","138774184","138774479","chr10","101649775","101650041","66","37124409"
"chr7","138794575","138794896","chr10","101670887","101671168","64","37123688"
"chr7","138853519","138853680","chr10","101735987","101736150","21","37117532"
"chr7","138891155","138891410","chr2","72672980","72673216","82","66218175"
"chr7","138915771","138916039","chr4","155589321","155589602","61","16673550"
"chr7","138970198","138970414","chr22","35981145","35981361","53","102989053"
"chr7","138970729","138970844","chr14","69731558","69731673","17","69239171"
"chr7","139009974","139010281","chr10","101895947","101896242","56","37114027"
"chr7","139087428","139087718","chr10","101967904","101968185","42","37119524"
"chr7","139236933","139237203","chr5","19172677","19172942","55","120064256"
"chr7","139267335","139267621","chr10","102158769","102159050","37","37108566"
"chr7","139283733","139284037","chr4","111033579","111033880","86","28250154"
"chr7","139325734","139326032","chr15","7227741","7228029","61","132097993"
"chr7","139381309","139381615","chr5","131527086","131527390","60","7854223"
"chr7","139404162","139404368","chr7","55735951","55736152","60","83668211"
"chr7","139404378","139404562","chr7","144363345","144363533","38","4958967"
"chr7","139404573","139404791","chr5","55957503","55957709","61","83447070"
"chr7","139526723","139527031","chr10","102449729","102450033","40","37076994"
"chr7","139849116","139849404","chr4","104446464","104446748","54","35402652"
"chr7","139933097","139933406","chr5","2437387","2437691","65","137495710"
"chr7","139961930","139962085","chr17","37828897","37829039","48","102133033"
"chr7","139970236","139970380","chr7","57215506","57215649","18","82754730"
"chr7","139997027","139997316","chr12","88933406","88933700","60","51063621"
"chr7","140016015","140016154","chr8","74092458","74092599","31","65923557"
"chr7","140016453","140016641","chr13","59196473","59196657","51","80819980"
"chr7","140078198","140078506","chr10","103035037","103035342","59","37043161"
"chr7","140082929","140083209","chr2","201309763","201310040","55","61226834"
"chr7","140182088","140182354","chr9","36014432","36014705","63","104167656"
"chr7","140192308","140192564","chr10","103144325","103144574","35","37047983"
"chr7","140213155","140213467","chr10","103168295","103168589","51","37044860"
"chr7","140222363","140222481","chr9","21660421","21660545","20","118561942"
"chr7","140224767","140225063","chr15","7227741","7228029","60","132997026"
"chr7","140235584","140235672","chr2","71146304","71146385","21","69089280"
"chr7","140263672","140263967","chr10","127941325","127941621","59","12322347"
"chr7","140305684","140305808","chr7","32225551","32225675","17","108080133"
"chr7","140411269","140411454","chr10","96984459","96984643","42","43426810"
"chr7","140411745","140411869","chr17","5989328","5989449","21","134422417"
"chr7","140425002","140425268","chrX","10814263","10814537","64","129610739"
"chr7","140435716","140435852","chr1","157999498","157999632","28","17563782"
"chr7","141028120","141028282","chr12","33261650","33261815","37","107766470"
"chr7","141601614","141601737","chr3","19920221","19920345","19","121681393"
"chr7","141773337","141773459","chr13","38636566","38636687","21","103136771"
"chr7","141799937","141800244","chr22","32315972","32316276","68","109483965"
"chr7","141821903","141822027","chr2","10899863","10899988","21","130922040"
"chr7","142033544","142033772","chr10","104980437","104980667","29","37053107"
"chr7","142089735","142090053","chr10","105036460","105036738","64","37053275"
"chr7","142115421","142115739","chr6","74862107","74862412","73","67253314"
"chr7","142249113","142249242","chr11","14627685","14627815","27","127621428"
"chr7","142286088","142286210","chr12","13754352","13754471","25","128531736"
"chr7","142323025","142323276","chr6","117948134","117948379","60","24374891"
"chr7","142734494","142734793","chr10","105713902","105714209","51","37020592"
"chr7","142879701","142879832","chr1","102188482","102188614","23","40691219"
"chr7","143329214","143329395","chr5","150074441","150074626","37","6745227"
"chr7","143674935","143675220","chr1","155032190","155032474","56","11357255"
"chr7","143850186","143850375","chr19","21396362","21396544","53","122453824"
"chr7","143961833","143961960","chr10","106960005","106960128","11","37001828"
"chr7","144947264","144947572","chr10","107879417","107879714","58","37067847"
"chr7","145366857","145367151","chr4","106120119","106120415","75","39246738"
"chr7","146056490","146056676","chr13","59196473","59196657","48","86860017"
"chr7","146056722","146056838","chr1","149708008","149708126","26","3651286"
"chr7","146102657","146102778","chr9","107943149","107943266","24","38159508"
"chr7","146364918","146365192","chr10","109324558","109324851","57","37040360"
"chr7","147174840","147175155","chr10","110079186","110079486","51","37095654"
"chr7","147190974","147191260","chr7","60677817","60678103","64","86513157"
"chr7","147287321","147287638","chr11","120568108","120568403","90","26719213"
"chr7","147294282","147294566","chr2","7417032","7417317","68","139877250"
"chr7","148212932","148213194","chr6","134536145","134536402","69","13676787"
"chr7","148413697","148413811","chr2","152561637","152561752","20","4147940"
"chr7","148440420","148440716","chr1","118797181","118797481","69","29643239"
"chr7","148538832","148539107","chr10","111429293","111429572","40","37109539"
"chr7","148561998","148562296","chr13","25289323","25289603","67","123272675"
"chr7","148570263","148570560","chr10","111460475","111460784","61","37109788"
"chr7","148929454","148929607","chr3","33295253","33295397","44","115634201"
"chr7","149305137","149305441","chr10","112632963","112633259","45","36672174"
"chr7","149514879","149515044","chrX","69115137","69115309","35","80399742"
"chr7","150039621","150039648","chr7","121158321","121158346","4","28881300"
"chr7","150039697","150039872","chr2","130203536","130203708","37","19836161"
"chr7","150286020","150286215","chr10","113613851","113614057","47","36672169"
"chr7","150349385","150349538","chr1","6628021","6628174","37","143721364"
"chr7","150349837","150349973","chr2","170813628","170813760","26","20463791"
"chr7","150443329","150443618","chr5","131527086","131527390","68","18916243"
"chr7","150642336","150642637","chr20","38650982","38651282","55","111991354"
"chr7","150664303","150664586","chr19","28644034","28644324","59","122020269"
"chr7","150713139","150713424","chr10","114055717","114056003","51","36657422"
"chr7","150740196","150740438","chr5","61647071","61647316","72","89093125"
"chr7","150761206","150761506","chr13","40700861","40701138","85","110060345"
"chr7","150761833","150761874","chr4","8230861","8230900","12","142530972"
"chr7","150763851","150763976","chr3","137802923","137803047","18","12960928"
"chr7","150828153","150828427","chr10","114181590","114181839","60","36646563"
"chr7","150940803","150941080","chr10","114313493","114313767","27","36627310"
"chr7","150942879","150943161","chr10","114314127","114314383","47","36628752"
"chr7","150952476","150952642","chr5","67299084","67299243","36","83653392"
"chr7","150954109","150954416","chr6","144699211","144699529","69","6254898"
"chr7","150995546","150995858","chr4","127650685","127650988","68","23344861"
"chr7","151013303","151013599","chr10","114392897","114393193","29","36620406"
"chr7","151111618","151111916","chr10","114488146","114488450","45","36623472"
"chr7","151119072","151119303","chr10","114494275","114494501","28","36624797"
"chr7","151185547","151185851","chr10","114566537","114566821","49","36619010"
"chr7","151265795","151266081","chr7","38106401","38106679","61","113159394"
"chr7","151288413","151288469","chr7","10420215","10420270","12","140868198"
"chr7","151389141","151389448","chr6","116646407","116646718","60","34742734"
"chr7","151565704","151565953","chr10","114973816","114974075","32","36591888"
"chr7","151576376","151576668","chr10","114986356","114986632","58","36590020"
"chr7","151586129","151586388","chr2","10516253","10516517","69","141069876"
"chr7","151654334","151654640","chr10","115073374","115073651","68","36580960"
"chr7","151698090","151698212","chrX","29998235","29998361","19","121699855"
"chr7","151703121","151703444","chr10","115122273","115122606","62","36580848"
"chr7","151743616","151743747","chr2","11695570","11695700","19","140048046"
"chr7","151751139","151751292","chr7","87401466","87401613","37","64349673"
"chr7","151773293","151773599","chr4","138607604","138607913","75","13165689"
"chr7","151778674","151778804","chr5","4469592","4469726","24","147309082"
"chr7","151790414","151790518","chr10","14806848","14806959","27","136983566"
"chr7","151790545","151790704","chr3","44575589","44575738","49","107214956"
"chr7","151834591","151834857","chr11","121542347","121542608","69","30292244"
"chr7","151864455","151864587","chr10","115286055","115286175","26","36578400"
"chr7","151926179","151926438","chr7","113676256","113676514","56","38249923"
"chr7","152254823","152254949","chr6","24967870","24967992","21","127286953"
"chr7","152371453","152371747","chr16","55880801","55881091","64","96490652"
"chr7","152379013","152379296","chr1","176518287","176518568","60","24139274"
"chr7","152437991","152438281","chr9","80307451","80307740","76","72130540"
"chr7","152480991","152481286","chr10","115865360","115865651","44","36615631"
"chr7","152507743","152508039","chr10","115906609","115906904","59","36601134"
"chr7","152511223","152511529","chr10","115909682","115909981","64","36601541"
"chr7","152524534","152524708","chr3","150153665","150153833","28","2370869"
"chr7","152544265","152544555","chr10","115946650","115946928","45","36597615"
"chr7","152549231","152549570","chr9","52788171","52788487","94","99761060"
"chr7","152576272","152576404","chr1","202756427","202756559","19","50180155"
"chr7","152664018","152664195","chr22","28812376","28812555","50","123851642"
"chr7","152664493","152664618","chr2","10899863","10899988","23","141764630"
"chr7","152771724","152772031","chr10","116159115","116159419","42","36612609"
"chr7","152909973","152910097","chr5","44646079","44646202","19","108263894"
"chr7","152929002","152929264","chrX","47626101","47626354","59","105302901"
"chr7","152962668","152962795","chr13","1728584","1728710","19","151234084"
"chr7","152978546","152978837","chr5","97074254","97074548","82","55904292"
"chr7","152999291","152999573","chr16","93951880","93952163","62","59047411"
"chr7","153050612","153050892","chr10","116448593","116448874","31","36602019"
"chr7","153217843","153217964","chr10","116608793","116608916","15","36609050"
"chr7","153221823","153222106","chr10","116612648","116612940","29","36609175"
"chr7","153268421","153268684","chr8","102914625","102914885","57","50353796"
"chr7","153301381","153301561","chr2","146554723","146554902","38","6746658"
"chr7","153356096","153356393","chr7","79834187","79834474","67","73521909"
"chr7","153366573","153366697","chr9","65816955","65817079","19","87549618"
"chr7","153375138","153375359","chr20","20976680","20976892","51","132398458"
"chr7","153401619","153401740","chr3","137802923","137803047","24","15598696"
"chr7","153405875","153406166","chr7","149433598","149433890","64","3972277"
"chr7","153438903","153439129","chr9","53581710","53581934","55","99857193"
"chr7","153473305","153473628","chr10","116859215","116859526","45","36614090"
"chr7","153513768","153514039","chr7","61210051","61210338","86","92303717"
"chr7","153531109","153531392","chr12","36952591","36952886","71","116578518"
"chr7","153560782","153560917","chr5","59743901","59744034","19","93816881"
"chr7","153580593","153580885","chr15","32840949","32841254","67","120739644"
"chr7","153593859","153594192","chr20","26320868","26321194","79","127272991"
"chr7","153609484","153609775","chr3","175755491","175755782","55","22146007"
"chr7","153658036","153658171","chr10","117057223","117057357","14","36600813"
"chr7","153694483","153694779","chr5","37248018","37248311","70","116446465"
"chr7","153696096","153696215","chr14","84202406","84202526","19","69493690"
"chr7","153710981","153711104","chr10","117099307","117099434","13","36611674"
"chr7","153717734","153717788","chr11","97508574","97508622","15","56209160"
"chr7","153717789","153717972","chr12","53849246","53849452","52","99868543"
"chr7","153719609","153719732","chr1","176456973","176457096","19","22737364"
"chr7","153776964","153777099","chr2","10110790","10110922","21","143666174"
"chr7","153836452","153836719","chr10","117243779","117244059","42","36592673"
"chr7","153903834","153904017","chr4","107426670","107426830","60","46477164"
"chr7","153904303","153904443","chr7","23999122","23999254","34","129905181"
"chr7","153923139","153923430","chr18","10614598","10614896","64","143308541"
"chr7","154047480","154047788","chr2","8000025","8000324","65","146047455"
"chr7","154102730","154103019","chr10","86291197","86291483","59","67811533"
"chr7","154107786","154108014","chr11","20973291","20973519","36","133134495"
"chr7","154133778","154133986","chr15","62100644","62100835","60","92033134"
"chr7","154143468","154143601","chr5","87483246","87483379","21","66660222"
"chr7","154153234","154153509","chr10","117563315","117563567","44","36589919"
"chr7","154292461","154292759","chr10","117673982","117674264","56","36618479"
"chr7","154345536","154345817","chr14","82325633","82325925","59","72019903"
"chr7","154347796","154348011","chr2","7420629","7420845","57","146927167"
"chr7","154374634","154374926","chr10","117766281","117766563","47","36608353"
"chr7","154404373","154404605","chr10","117791704","117791937","32","36612669"
"chr7","154431375","154431446","chr1","107967310","107967377","11","46464065"
"chr7","154467512","154467764","chr17","58347239","58347485","50","96120273"
"chr7","154509802","154509950","chr22","13609437","13609590","29","140900365"
"chr7","154798969","154799198","chr10","118190082","118190289","46","36608887"
"chr7","154820056","154820361","chr10","118212568","118212871","42","36607488"
"chr7","154937661","154937943","chr2","18086640","18086927","70","136851021"
"chr7","154981752","154981967","chr10","118380336","118380552","36","36601416"
"chr7","154987391","154987647","chr12","109917903","109918154","63","45069488"
"chr7","154996688","154997008","chr10","118390884","118391198","51","36605804"
"chr7","155039640","155039923","chr1","155032190","155032474","62","7450"
"chr7","155127922","155128037","chr14","16454049","16454166","17","138673873"
"chr7","155244132","155244413","chr12","87448720","87448999","69","67795412"
"chr7","155257951","155258073","chr10","118643704","118643827","12","36614247"
"chr7","155307041","155307187","chr10","118695222","118695360","18","36611819"
"chr7","155318434","155318734","chr10","93110088","93110390","56","62208346"
"chr7","155326070","155326204","chr2","41238218","41238347","27","114087852"
"chr7","155352408","155352705","chr4","3595965","3596253","67","151756443"
"chr7","155366805","155367078","chr10","118749106","118749397","58","36617699"
"chr7","155372163","155372477","chr16","94113551","94113856","59","61258612"
"chr7","155392482","155392616","chr10","98492248","98492377","24","56900234"
"chr7","155396284","155396586","chr10","118770890","118771185","38","36625394"
"chr7","155414009","155414133","chr10","118787250","118787374","14","36626759"
"chr7","155435587","155435710","chr22","29612456","29612579","23","125823131"
"chr7","155452593","155452884","chr10","118821916","118822182","53","36630677"
"chr7","155478665","155478947","chr5","140005277","140005560","60","15473388"
"chr7","155519978","155520182","chr11","124318402","124318622","60","31201576"
"chr7","155544190","155544315","chr3","137802923","137803047","17","17741267"
"chr7","155570766","155571004","chr10","118942941","118943147","75","36627825"
"chr7","155590949","155591085","chr9","16361831","16361963","29","139229118"
"chr7","155606567","155606691","chr10","118976274","118976399","12","36630293"
"chr7","155649640","155649838","chr1","37048603","37048803","47","118601037"
"chr7","155703034","155703153","chr1","135758144","135758264","24","19944890"
"chr7","155813381","155813675","chr9","84226861","84227152","53","71586520"
"chr7","155908704","155908842","chr1","123354154","123354290","30","32554550"
"chr7","155909126","155909300","chr2","36646325","36646502","50","119262801"
"chr7","155991445","155991582","chr7","45151186","45151321","30","110840259"
"chr7","155991895","155992134","chr20","170604","170827","76","155821291"
"chr7","156112109","156112409","chr10","119482015","119482308","47","36630094"
"chr7","156426014","156426230","chr11","124318402","124318622","41","32107612"
"chr7","156440122","156440285","chr9","6567112","6567270","39","149873010"
"chr7","156440311","156440410","chr12","102086327","102086424","20","54353984"
"chr7","156904665","156904800","chr5","93167823","93167959","20","63736842"
"chr7","156905122","156905296","chr19","35586257","35586428","35","121318865"
"chr7","157092536","157092657","chr15","48918659","48918771","26","108173877"
"chr7","157110857","157111161","chr6","22082494","22082803","66","135028363"
"chr7","157119629","157119640","chr1","189870970","189870980","4","32751341"
"chr7","157119724","157119991","chr10","120490426","120490692","63","36629298"
"chr7","157141821","157142109","chr4","107741115","107741401","56","49400706"
"chr7","157482291","157482406","chr10","16801974","16802091","17","140680317"
"chr7","157489609","157489941","chr10","120830821","120831116","73","36658788"
"chr7","157582246","157582546","chr10","120923334","120923624","51","36658912"
"chr7","157736823","157737007","chr10","121076550","121076730","35","36660273"
"chr7","157754902","157754985","chr7","128409182","128409264","13","29345720"
"chr7","157867785","157868102","chr10","121222949","121223269","38","36644836"
"chr7","157934261","157934544","chr10","121293668","121293955","37","36640593"
"chr7","158133144","158133476","chr18","1723868","1724182","72","156409276"
"chr7","158190375","158190659","chr10","121575093","121575381","49","36615282"
"chr7","158506910","158507209","chr10","121904935","121905234","42","36601975"
"chr7","158541872","158542141","chr19","17977283","17977550","55","140564589"
"chr7","158616983","158617278","chr5","9363783","9364082","60","149253200"
"chr7","158636128","158636432","chr10","122040323","122040630","34","36595805"
"chr7","158675295","158675407","chr11","9281508","9281613","26","149393787"
"chr7","158686990","158687270","chr9","12480239","12480534","73","146206751"
"chr7","158747390","158747666","chr16","72302376","72302651","67","86445014"
"chr7","158788305","158788398","chr7","12614163","12614259","24","146174142"
"chr7","158910814","158911096","chr10","122318947","122319218","47","36591867"
"chr7","158965705","158966018","chr5","116794122","116794424","63","42171583"
"chr7","159068021","159068144","chr15","64306043","64306166","23","94761978"
"chr7","159123807","159124102","chr14","80754932","80755229","60","78368875"
"chr7","159160145","159160295","chr5","74329230","74329369","41","84830915"
"chr7","159274007","159274088","chr16","70332545","70332626","14","88941462"
"chr7","159638043","159638322","chr10","123112697","123112976","68","36525346"
"chr7","159948947","159949261","chr10","123438164","123438450","71","36510783"
"chr7","160116290","160116399","chr10","123607091","123607192","18","36509199"
"chr7","160407035","160407372","chr10","123899046","123899361","63","36507989"
"chr7","160828298","160828593","chr10","124339754","124340033","64","36488544"
"chr7","160851832","160852097","chr10","124365058","124365325","43","36486774"
"chr7","160972227","160972519","chr10","124483310","124483590","56","36488917"
"chr7","161776723","161777011","chr14","84715393","84715685","61","77061330"
"chr7","161815826","161816073","chr9","114817205","114817455","67","46998621"
"chr7","161899137","161899376","chrX","1843352","1843592","61","160055785"
"chr7","161914282","161914574","chr10","125435989","125436289","58","36478293"
"chr7","161949575","161949863","chr10","125473966","125474267","59","36475609"
"chr7","161980304","161980585","chr5","99579860","99580154","63","62400444"
"chr7","162094286","162094475","chr15","20611899","20612093","51","141482387"
"chr7","162138066","162138341","chr10","125668869","125669150","54","36469197"
"chr7","162141954","162142249","chr4","44142360","44142652","54","117999594"
"chr7","162232075","162232348","chr12","84702222","84702493","60","77529853"
"chr7","162252727","162253015","chr12","5119605","5119898","68","157133122"
"chr7","162255139","162255420","chr10","125798503","125798795","52","36456636"
"chr7","162345431","162345684","chrUn_GL286453","149708","149967","55","162195723"
"chr7","162413330","162413630","chr10","125981911","125982195","40","36431419"
"chr7","162485749","162485918","chr7","145634806","145634974","35","16850943"
"chr7","162499245","162499455","chr1","136961009","136961217","58","25538236"
"chr7","162531261","162531532","chr4","37146448","37146728","60","125384813"
"chr7","162549870","162550105","chr13","15242312","15242543","54","147307558"
"chr7","162554814","162554945","chr2","170813628","170813760","21","8258814"
"chr7","162597674","162597761","chr10","126156925","126157007","18","36440749"
"chr7","162599969","162600101","chr2","170813628","170813760","22","8213659"
"chr7","162627403","162627637","chr1","78561128","78561362","63","84066275"
"chr7","162627933","162628009","chr10","117716398","117716478","23","44911535"
"chr7","162645312","162645439","chr7","51683975","51684102","19","110961337"
"chr7","162668847","162669025","chr17","63517417","63517570","54","99151430"
"chr7","162700989","162701079","chr3","153840916","153841012","24","8860073"
"chr7","162701476","162701520","chr16","56033259","56033292","13","106668217"
"chr7","162741958","162742257","chr14","80754932","80755229","51","81987026"
"chr7","162890824","162891100","chr5","112637900","112638164","65","50252924"
"chr7","163148774","163149088","chr11","19066875","19067182","77","144081899"
"chr7","163250270","163250536","chr2","14786209","14786469","65","148464061"
"chr7","163579674","163579997","chrX","27617526","27617840","86","135962148"
"chr7","163740475","163740772","chr11","84264230","84264517","66","79476245"
"chr7","163986793","163987015","chr18","38062492","38062711","48","125924301"
"chr7","164065830","164066139","chrX","10322763","10323079","59","153743067"
"chr7","164117230","164117494","chr10","124365058","124365325","63","39752172"
"chr7","164221463","164221762","chr10","127844499","127844786","58","36376964"
"chr7","164282412","164282683","chr20","25107595","25107882","64","139174817"
"chr7","164285448","164285607","chr10","9132038","9132206","39","155153410"
"chr7","164315208","164315495","chr10","127929286","127929566","48","36385922"
"chr7","164329546","164329841","chr10","127941325","127941621","30","36388221"
"chr7","164333753","164334073","chr22","31632788","31633117","71","132700965"
"chr7","164406539","164406663","chr4","10682357","10682488","23","153724182"
"chr7","164519041","164519194","chr1","117180058","117180201","41","47338983"
"chr7","164530780","164531074","chr8","21270645","21270942","60","143260135"
"chr7","164548470","164548596","chr9","45389308","45389436","23","119159162"
"chr7","164572753","164572883","chr2","63923163","63923294","19","100649590"
"chr7","164580258","164580391","chr8","22659422","22659556","21","141920836"
"chr7","164594719","164594988","chr2","18852856","18853112","66","145741863"
"chr7","164620621","164620954","chr13","95127349","95127657","89","69493272"
"chr7","164622754","164623049","chr17","64416945","64417235","57","100205809"
"chr7","164630330","164630626","chr10","128319764","128320060","49","36310566"
"chr7","164665097","164665389","chrX","20607629","20607919","57","144057468"
"chr7","164693670","164693928","chr1","170722684","170722928","64","6029014"
"chr7","164720109","164720399","chr10","128420204","128420489","46","36299905"
"chr7","164741328","164741633","chr2","10830367","10830666","66","153910961"
"chr7","164790391","164790501","chr21","38023100","38023202","26","126767291"
"chr7","164838918","164839224","chr5","131527086","131527390","53","33311832"
"chr7","164861478","164861747","chr1","181800405","181800684","71","16938927"
"chr7","164880884","164881154","chr5","15383591","15383860","68","149497293"
"chr7","164894021","164894151","chr19","33891947","33892068","26","131002074"
"chr7","164917479","164917594","chr7","63129024","63129132","29","101788455"
"chr7","164966632","164966943","chr10","128657623","128657926","50","36309009"
"chr7","165011926","165012185","chr10","128696731","128697017","61","36315195"
"chr7","165022216","165022340","chr1","202423319","202423445","24","37401103"
"chr7","165032829","165032962","chr13","4350492","4350626","21","160682337"
"chr7","165099602","165099896","chr12","34873024","34873317","62","130226578"
"chr7","165116294","165116424","chr9","100741503","100741636","20","64374791"
"chr7","165133084","165133321","chr10","128811815","128812059","52","36321269"
"chr7","165136341","165136635","chr12","78370776","78371043","77","86765565"
"chr7","165169034","165169324","chr10","128847271","128847568","47","36321763"
"chr7","165312941","165313239","chr10","128987409","128987701","30","36325532"
"chr7","165332939","165333084","chr12","11035256","11035394","27","154297683"
"chr7","165347275","165347566","chr19","45116039","45116334","70","120231236"
"chr7","165367250","165367384","chr12","11035256","11035394","20","154331994"
"chr7","165437432","165437713","chr10","129115354","129115651","58","36322078"
"chr7","165449084","165449243","chr8","7486919","7487072","41","157962165"
"chr7","165479844","165480014","chr10","47048797","47048955","40","118431047"
"chr7","165515847","165516192","chr10","94276915","94277237","102","71238932"
"chr7","165517996","165518160","chr10","129168947","129169106","34","36349049"
"chr7","165655012","165655328","chr11","110207708","110208007","63","55447304"
"chr7","165705173","165705289","chr4","2690928","2691042","27","163014245"
"chr7","165708292","165708414","chr15","11731774","11731897","22","153976518"
"chr7","165719486","165719616","chr11","7707261","7707392","23","158012225"
"chr7","165730276","165730403","chr9","65816955","65817079","21","99913321"
"chr7","165730715","165730886","chr12","33261650","33261815","39","132469065"
"chr7","165840990","165841137","chr9","112694008","112694150","31","53146982"
"chr7","165852605","165852709","chr15","24505590","24505694","16","141347015"
"chr7","165857563","165857866","chr5","131527086","131527390","66","34330477"
"chr7","165865795","165866119","chr10","129476122","129476425","68","36389673"
"chr7","165887223","165887355","chr3","149245179","149245310","31","16642044"
"chr7","165898768","165898869","chr5","127697438","127697541","27","38201330"
"chr7","165966190","165966237","chr18","14515525","14515573","8","151450665"
"chr7","166004637","166004906","chr1","62519994","62520262","66","103484643"
"chr7","166027490","166027735","chr9","65688933","65689162","65","100338557"
"chr7","166028131","166028271","chr3","149245179","149245310","30","16782952"
"chr7","166119726","166120007","chr10","129702508","129702803","62","36417218"
"chr7","166146421","166146499","chrUn_GL286373","1172117","1172192","9","164974304"
"chr7","166165422","166165580","chr22","31296093","31296252","44","134869329"
"chr7","166174160","166174317","chr12","92053163","92053322","36","74120997"
"chr7","166174621","166174755","chr7","136413230","136413360","19","29761391"
"chr7","166223338","166223449","chr5","124374794","124374900","26","41848544"
"chr7","166262111","166262384","chr1","202478050","202478303","65","36215939"
"chr7","166264383","166264588","chr5","100376117","100376299","66","65888266"
"chr7","166318431","166318700","chr10","129907917","129908196","44","36410514"
"chr7","166358323","166358441","chr3","137802923","137803047","20","28555400"
"chr7","166361401","166361682","chr10","129964070","129964351","33","36397331"
"chr7","166416871","166417000","chr18","14848181","14848308","19","151568690"
"chr7","166506829","166507000","chr22","28403347","28403515","38","138103482"
"chr7","166507053","166507171","chr2","136128837","136128954","22","30378216"
"chr7","166718848","166718970","chrX","40204042","40204168","19","126514806"
"chr7","167232339","167232525","chr13","34751075","34751265","48","132481264"
"chr7","167232842","167232951","chr12","28152872","28152988","23","139079970"
"chr7","167371722","167371806","chr20","11385354","11385437","15","155986368"
"chr7","167374457","167374583","chr1","137317635","137317763","22","30056822"
"chr7","167404507","167404636","chr9","43510189","43510319","21","123894318"
"chr7","167553413","167553688","chr5","6522479","6522749","60","161030934"
"chr7","167592078","167592353","chr10","131281511","131281784","45","36310567"
"chr7","167621282","167621539","chrX","107362007","107362265","73","60259275"
"chr7","167643679","167643971","chr10","131332673","131332971","56","36311006"
"chr7","167663138","167663452","chr7","98467639","98467959","67","69195499"
"chr7","167671101","167671393","chr9","53523121","53523415","57","114147980"
"chr7","167681645","167681762","chr7","16587933","16588050","11","151093712"
"chr7","167710214","167710380","chr7","120928634","120928803","41","46781580"
"chr7","167792557","167792614","chr12","31162251","31162308","7","136630306"
"chr7","167796565","167796845","chr2","12622076","12622367","74","155174489"
"chr7","167911154","167911477","chr5","131527086","131527390","69","36384068"
"chr7","168074434","168074709","chr8","107302265","107302541","68","60772169"
"chr7","168216413","168216571","chrUn_GL286574","6635","6789","24","168209778"
"chr7","168478360","168478602","chr1","194841967","194842193","68","26363607"
"chr7","168535386","168535712","chr20","19372588","19372911","76","149162798"
"chr7","168725241","168725315","chr2","17512473","17512542","14","151212768"
"chr7","168864940","168865059","chr14","84202406","84202526","18","84662534"
"chr7","169469896","169470156","chr11","19924169","19924418","61","149545727"
"chr8","29622073","29622372","chr13","27451950","27452244","36","2170123"
"chr8","83754903","83755177","chr16","37378093","37378379","53","46376810"
"chr8","101318463","101318738","chr4","157842479","157842751","59","56524016"
"chr8","53488","53587","chr20","38723050","38723144","29","38669562"
"chr8","113835","113940","chr7","32049061","32049166","29","31935226"
"chr8","209816","210113","chr8","36444832","36445120","67","36235016"
"chr8","217525","217825","chrX","40275096","40275395","62","40057571"
"chr8","412399","412500","chrX","23497974","23498075","17","23085575"
"chr8","451459","451725","chr8","9604472","9604743","66","9153013"
"chr8","467845","468148","chr11","120028102","120028391","62","119560257"
"chr8","556253","556577","chr15","25134317","25134645","74","24578064"
"chr8","721442","721746","chr19","17031038","17031339","57","16309596"
"chr8","769070","769373","chr16","94113551","94113856","49","93344481"
"chr8","789323","789614","chr6","117271140","117271430","65","116481817"
"chr8","934487","934740","chr12","2261500","2261748","62","1327013"
"chr8","1403143","1403442","chr7","151690932","151691249","56","150287789"
"chr8","1555200","1555338","chr1","74671369","74671502","26","73116169"
"chr8","1557940","1558221","chr2","55200270","55200573","65","53642330"
"chr8","1563599","1563832","chr20","35956324","35956549","53","34392725"
"chr8","1749156","1749451","chr2","15890178","15890475","58","14141022"
"chr8","1860788","1860917","chr13","1728584","1728710","17","132204"
"chr8","1889102","1889398","chrX","17965975","17966271","68","16076873"
"chr8","1895818","1896102","chr13","1765130","1765423","49","130688"
"chr8","2094420","2094693","chr2","12734107","12734370","63","10639687"
"chr8","2115911","2116196","chr12","55068260","55068546","63","52952349"
"chr8","2119763","2119898","chr9","56024635","56024765","18","53904872"
"chr8","2483918","2484208","chr9","53523121","53523415","64","51039203"
"chr8","2553263","2553417","chr14","46558088","46558234","46","44004825"
"chr8","2955251","2955522","chr3","184526780","184527046","64","181571529"
"chr8","3094923","3095109","chr10","126259446","126259620","47","123164523"
"chr8","3095152","3095261","chr5","32566459","32566566","23","29471307"
"chr8","3110843","3111087","chr13","2171821","2172074","52","939022"
"chr8","3121271","3121391","chr1","106642431","106642552","20","103521160"
"chr8","3142649","3142949","chr9","109118176","109118464","59","105975527"
"chr8","3265445","3265721","chr5","94611329","94611614","56","91345884"
"chr8","3315402","3315627","chr13","2440602","2440827","36","874800"
"chr8","3491996","3492287","chr15","54909518","54909807","59","51417522"
"chr8","3538242","3538496","chr13","2612865","2613140","58","925377"
"chr8","3586417","3586533","chr16","50346813","50346924","27","46760396"
"chr8","3803054","3803350","chr1","200032121","200032424","62","196229067"
"chr8","3892419","3892547","chr8","57138266","57138395","21","53245847"
"chr8","4253375","4253521","chr5","74329230","74329369","33","70075855"
"chr8","4253834","4253991","chr14","21081817","21081971","29","16827983"
"chr8","4259725","4259851","chr5","125448434","125448561","24","121188709"
"chr8","4448846","4449047","chr13","3599746","3599938","54","849100"
"chr8","4805657","4805951","chr4","16462057","16462343","66","11656400"
"chr8","5116618","5116748","chr3","149245179","149245310","23","144128561"
"chr8","5149778","5150088","chr11","122094771","122095073","64","116944993"
"chr8","5915386","5915623","chr7","51465389","51465618","50","45550003"
"chr8","6121243","6121553","chr2","6855246","6855557","63","734003"
"chr8","6168386","6168693","chr10","114838607","114838907","62","108670221"
"chr8","6285028","6285212","chr6","142307272","142307459","36","136022244"
"chr8","6342145","6342423","chr9","53523121","53523415","63","47180976"
"chr8","6643802","6644105","chr8","105343725","105344018","69","98699923"
"chr8","6752087","6752374","chr13","5911149","5911435","49","840938"
"chr8","6804401","6804503","chr11","128205151","128205252","22","121400750"
"chr8","6808152","6808447","chr13","5967499","5967793","40","840653"
"chr8","6868506","6868790","chr13","6006119","6006402","34","862387"
"chr8","6890486","6890604","chr8","73114533","73114655","37","66224047"
"chr8","6897921","6898185","chr22","11793110","11793391","68","4895189"
"chr8","6990828","6991124","chr13","6140767","6141055","50","850061"
"chr8","6994201","6994486","chr3","105556874","105557144","64","98562673"
"chr8","7437116","7437421","chr13","6496912","6497198","58","940204"
"chr8","7466619","7466755","chr5","74329230","74329369","28","66862611"
"chr8","7467055","7467163","chrUn_GL286420","537025","537133","33","6930030"
"chr8","7471425","7471539","chr4","110358851","110358970","36","102887426"
"chr8","7491336","7491603","chr1","182487447","182487707","72","174996111"
"chr8","7494528","7494804","chr7","117329089","117329361","70","109834561"
"chr8","7568189","7568430","chr3","185886297","185886541","35","178318108"
"chr8","7833527","7833654","chr7","58239646","58239772","21","50406119"
"chr8","7839614","7839910","chr1","188284356","188284654","58","180444742"
"chr8","7846529","7846653","chr5","75746774","75746898","25","67900245"
"chr8","7907123","7907265","chr14","1963513","1963652","42","5943610"
"chr8","7907519","7907690","chr13","6735351","6735519","26","1172168"
"chr8","7937385","7937682","chr9","45335801","45336101","48","37398416"
"chr8","7945122","7945425","chr5","37914319","37914619","68","29969197"
"chr8","7973200","7973465","chr15","62136548","62136812","64","54163348"
"chr8","7983111","7983403","chr13","6800094","6800388","54","1183017"
"chr8","7992519","7992815","chr13","6809801","6810102","38","1182718"
"chr8","7998136","7998424","chrX","20607629","20607919","74","12609493"
"chr8","8005587","8005939","chr13","6822770","6823106","65","1182817"
"chr8","8063277","8063565","chrUn_GL286556","2039","2326","47","8061238"
"chr8","8379057","8379316","chr3","65274685","65274952","57","56895628"
"chr8","8468539","8468816","chr13","7297593","7297871","33","1170946"
"chr8","8470940","8471238","chr3","111137396","111137685","70","102666456"
"chr8","8557450","8557760","chr11","21026406","21026700","81","12468956"
"chr8","8560226","8560539","chr5","9499160","9499467","70","938934"
"chr8","8638725","8639031","chr8","4360997","4361291","60","4277728"
"chr8","8648840","8649142","chrX","106417238","106417545","68","97768398"
"chr8","8658662","8658964","chr1","155032190","155032474","71","146373528"
"chr8","8661482","8661768","chr13","7487505","7487759","52","1173977"
"chr8","8677163","8677381","chr17","73872505","73872698","63","65195342"
"chr8","8677519","8677650","chr7","80199703","80199835","24","71522184"
"chr8","8700846","8701128","chr13","7524402","7524686","36","1176444"
"chr8","8702530","8702821","chr10","16318674","16318965","62","7616144"
"chr8","8762088","8762345","chr13","7542105","7542378","50","1219983"
"chr8","9038410","9038718","chr1","21430763","21431070","66","12392353"
"chr8","9072543","9072685","chr7","73422264","73422408","27","64349721"
"chr8","9082473","9082768","chr13","7867570","7867851","46","1214903"
"chr8","9087043","9087277","chr2","77807311","77807549","56","68720268"
"chr8","9170598","9170884","chr13","7929030","7929321","42","1241568"
"chr8","9197982","9198283","chr5","37895721","37896023","66","28697739"
"chr8","9199781","9200101","chr13","7958573","7958886","40","1241208"
"chr8","9233610","9233745","chr12","11035256","11035394","23","1801646"
"chr8","9236636","9236932","chr9","45335801","45336101","52","36099165"
"chr8","9336281","9336574","chr13","8080838","8081150","56","1255443"
"chr8","9388363","9388665","chr13","8324537","8324826","54","1063826"
"chr8","9603153","9603352","chr13","8551440","8551635","34","1051713"
"chr8","9730388","9730585","chr4","143388798","143389000","40","133658410"
"chr8","9731341","9731624","chr13","8677409","8677697","48","1053932"
"chr8","9766820","9767101","chr1","14261703","14261983","62","4494883"
"chr8","9779133","9779431","chr10","127941325","127941621","61","118162192"
"chr8","9805165","9805444","chr8","107421957","107422209","68","97616792"
"chr8","9825905","9826210","chr4","130200734","130201024","64","120374829"
"chr8","9847694","9847997","chr2","8000025","8000324","59","1847669"
"chr8","9867622","9867935","chr13","8828075","8828397","41","1039547"
"chr8","9872828","9873107","chr7","60043787","60044082","68","50170959"
"chr8","9913788","9914063","chr9","38918706","38918990","60","29004918"
"chr8","9937944","9938244","chr13","8899380","8899682","59","1038564"
"chr8","9984699","9985018","chr13","8932039","8932344","51","1052660"
"chr8","10102142","10102442","chr13","27173515","27173826","58","17071373"
"chr8","10111772","10111896","chr13","27164636","27164760","13","17052864"
"chr8","10127429","10127652","chr1","170420690","170420904","48","160293261"
"chr8","10282744","10282874","chr3","150713547","150713681","23","140430803"
"chr8","10384664","10384953","chr9","58805926","58806209","59","48421262"
"chr8","10541162","10541464","chr13","26764160","26764471","56","16222998"
"chr8","10650535","10650791","chr8","4141665","4141912","63","6508870"
"chr8","10722222","10722419","chr5","110707649","110707822","56","99985427"
"chr8","10758483","10758619","chr13","26559707","26559839","21","15801224"
"chr8","10768183","10768497","chrX","13810174","13810484","52","3041991"
"chr8","10768498","10768620","chr13","26550067","26550189","22","15781569"
"chr8","10774252","10774372","chr8","115970079","115970205","27","105195827"
"chr8","10775572","10775853","chr13","26543048","26543325","41","15767476"
"chr8","10799488","10799713","chr11","124318402","124318622","48","113518914"
"chr8","10847744","10848029","chr1","181800405","181800684","63","170952661"
"chr8","10910432","10910742","chr5","131527086","131527390","60","120616654"
"chr8","11069288","11069560","chr1","198260750","198261026","57","187191462"
"chr8","11094212","11094331","chr14","84202406","84202526","18","73108194"
"chr8","11117176","11117318","chr11","60792717","60792855","50","49675541"
"chr8","11126764","11127067","chr7","65645212","65645513","62","54518448"
"chr8","11243704","11243822","chr15","67751872","67751987","20","56508168"
"chr8","11323175","11323455","chr17","74532386","74532666","67","63209211"
"chr8","11442130","11442411","chr12","110410134","110410408","66","98968004"
"chr8","11587542","11587829","chr10","20352331","20352619","63","8764789"
"chr8","11589328","11589454","chr3","26413578","26413704","17","14824250"
"chr8","11916814","11917102","chr2","39377705","39377984","69","27460891"
"chr8","11966532","11966808","chr2","129082956","129083235","60","117116424"
"chr8","11973740","11974017","chr13","25500478","25500765","44","13526738"
"chr8","12000325","12000593","chrX","136249095","136249370","66","124248770"
"chr8","12012652","12012959","chr3","39544873","39545188","65","27532221"
"chr8","12027249","12027553","chr13","25455791","25456100","40","13428542"
"chr8","12072930","12073233","chr10","114838607","114838907","48","102765677"
"chr8","12090480","12090765","chr13","25389812","25390112","58","13299332"
"chr8","12263563","12263681","chr4","37624146","37624262","21","25360583"
"chr8","12443609","12443936","chr19","16420334","16420626","92","3976725"
"chr8","12478267","12478547","chr13","25072198","25072477","20","12593931"
"chr8","12593896","12594187","chr16","71714174","71714446","71","59120278"
"chr8","13891254","13891367","chr1","3731502","3731613","27","10159752"
"chr8","13891394","13891662","chr8","76560509","76560777","60","62669115"
"chr8","13895374","13895661","chr15","34383669","34383953","67","20488295"
"chr8","14104436","14104705","chr14","79575769","79576034","55","65471333"
"chr8","14227585","14227707","chr9","65816955","65817079","18","51589370"
"chr8","14926069","14926356","chr1","155032190","155032474","55","140106121"
"chr8","15521135","15521259","chr2","188465428","188465551","26","172944293"
"chr8","15556520","15556837","chr13","22442528","22442814","62","6886008"
"chr8","15743487","15743755","chr13","22257166","22257454","69","6513679"
"chr8","15792945","15793236","chr13","22193377","22193664","54","6400432"
"chr8","15878514","15878795","chr13","22103743","22104026","46","6225229"
"chr8","16073177","16073466","chr13","21905339","21905631","34","5832162"
"chr8","16293633","16293755","chr13","21675037","21675159","14","5381404"
"chr8","16297135","16297361","chr11","20973291","20973519","49","4676156"
"chr8","16337864","16338080","chr7","99190600","99190823","62","82852736"
"chr8","16338356","16338449","chr7","30913218","30913315","24","14574862"
"chr8","16387494","16387784","chr1","185506876","185507173","64","169119382"
"chr8","16434662","16434932","chr13","21556382","21556674","52","5121720"
"chr8","16475369","16475661","chr2","56969336","56969629","67","40493967"
"chr8","16482814","16483101","chr3","33367854","33368134","65","16885040"
"chr8","16633879","16634176","chr2","16070846","16071128","67","563033"
"chr8","16657355","16657647","chr2","35260992","35261277","55","18603637"
"chr8","16795283","16795592","chr8","76537930","76538239","58","59742647"
"chr8","16964766","16965032","chr13","21064268","21064539","45","4099502"
"chr8","16996083","16996377","chr4","110955984","110956276","63","93959901"
"chr8","17028671","17028711","chr11","43722368","43722409","6","26693697"
"chr8","17041607","17041895","chr17","68661900","68662179","80","51620293"
"chr8","17122126","17122371","chr13","20904567","20904826","44","3782441"
"chr8","17266501","17266798","chr13","20758709","20759002","51","3492208"
"chr8","17307797","17308064","chr13","20708910","20709164","53","3401113"
"chr8","17312737","17313008","chr6","39817015","39817275","64","22504278"
"chr8","17321309","17321441","chr8","117193658","117193788","21","99872349"
"chr8","17327742","17328028","chr1","192044767","192045049","77","174717025"
"chr8","17428891","17429012","chr17","18697273","18697397","14","1268382"
"chr8","17440513","17440826","chr1","166147002","166147314","74","148706489"
"chr8","17488626","17488925","chr2","57529273","57529579","70","40040647"
"chr8","17517021","17517321","chr2","57472437","57472734","60","39955416"
"chr8","17536638","17536924","chr3","165672623","165672918","60","148135985"
"chr8","17543906","17544210","chr5","131527086","131527390","49","113983180"
"chr8","17786849","17787169","chr10","93110088","93110390","76","75323239"
"chr8","17810780","17811087","chr13","20159541","20159850","39","2348761"
"chr8","17919653","17919946","chr19","16420334","16420626","67","1499319"
"chr8","18037489","18037795","chr22","42840279","42840583","70","24802790"
"chr8","18100528","18100650","chr5","105665361","105665480","25","87564833"
"chr8","18242619","18242907","chr13","19839495","19839792","53","1596876"
"chr8","18362497","18362620","chrX","120496137","120496262","23","102133640"
"chr8","18410109","18410411","chr7","43435989","43436282","70","25025880"
"chr8","18567181","18567466","chr13","19507204","19507481","58","940023"
"chr8","18571687","18571846","chr10","47225571","47225710","37","28653884"
"chr8","18581238","18581356","chrX","68740871","68740987","20","50159633"
"chr8","18893236","18893529","chr13","19234335","19234644","70","341099"
"chr8","18894236","18894547","chr13","19232952","19233261","42","338716"
"chr8","18904485","18904805","chr11","89996325","89996628","79","71091840"
"chr8","18948123","18948432","chr13","19173054","19173355","57","224931"
"chr8","19087309","19087629","chr5","129489203","129489517","66","110401894"
"chr8","19150355","19150652","chr7","144949960","144950250","62","125799605"
"chr8","19198453","19198758","chr7","1785239","1785537","56","17413214"
"chr8","19373411","19373681","chr2","137638861","137639149","63","118265450"
"chr8","19399889","19400173","chr7","130813510","130813787","59","111413621"
"chr8","19459932","19460219","chr5","125558030","125558312","60","106098098"
"chr8","19580155","19580226","chr22","26121405","26121472","16","6541250"
"chr8","19583119","19583430","chr13","18539958","18540235","64","1043161"
"chr8","19642590","19642886","chr13","18479534","18479832","38","1163056"
"chr8","19649965","19650266","chr14","80754932","80755229","59","61104967"
"chr8","19668192","19668439","chr5","107080047","107080304","55","87411855"
"chr8","19672071","19672387","chr13","18433816","18434086","64","1238255"
"chr8","19689587","19689862","chr13","18416709","18416962","61","1272878"
"chr8","19719552","19719856","chr13","18375315","18375595","54","1344237"
"chr8","19725374","19725646","chr7","122885667","122885928","62","103160293"
"chr8","20019906","20020188","chr11","81890050","81890329","62","61870144"
"chr8","20165607","20165861","chr13","17890444","17890723","61","2275163"
"chr8","20168262","20168560","chrX","17699750","17700053","75","2468512"
"chr8","20209275","20209566","chr2","55629969","55630244","69","35420694"
"chr8","20229240","20229555","chr13","17822224","17822544","68","2407016"
"chr8","20243420","20243555","chr10","79724313","79724447","24","59480893"
"chr8","20263236","20263528","chr13","17754810","17755099","45","2508426"
"chr8","20286800","20287105","chr13","17724466","17724762","65","2562334"
"chr8","20308609","20308902","chr13","17702451","17702743","34","2606158"
"chr8","20397350","20397632","chr14","18232870","18233163","48","2164480"
"chr8","20774347","20774477","chr13","17322177","17322303","17","3452170"
"chr8","20970506","20970783","chr15","7227741","7228029","60","13742765"
"chr8","21058703","21058828","chr4","74099","74213","38","20984604"
"chr8","21331719","21331976","chr13","16511031","16511288","25","4820688"
"chr8","21698299","21698594","chr13","16903965","16904251","48","4794334"
"chr8","21704382","21704672","chr3","6959741","6960037","61","14744641"
"chr8","21728498","21728788","chr11","16503068","16503356","54","5225430"
"chr8","21768226","21768526","chr13","16973355","16973643","49","4794871"
"chr8","21833715","21834023","chr13","16328709","16329009","64","5505006"
"chr8","21866036","21866280","chr13","16284305","16284563","49","5581731"
"chr8","21942640","21942792","chr3","148576614","148576766","35","126633974"
"chr8","21942823","21942942","chr12","28152872","28152988","18","6210049"
"chr8","22001550","22001893","chr13","16135709","16136007","67","5865841"
"chr8","22008774","22009061","chr8","30865115","30865407","55","8856341"
"chr8","22073880","22074168","chr12","36952591","36952886","57","14878711"
"chr8","22134928","22135242","chr13","15972778","15973077","57","6162150"
"chr8","22139228","22139537","chr8","116561170","116561472","97","94421942"
"chr8","22158260","22158395","chr4","98383946","98384080","20","76225686"
"chr8","22162044","22162354","chr1","165333682","165333986","67","143171638"
"chr8","22208488","22208617","chr1","99997997","99998125","17","77789509"
"chr8","22209084","22209352","chr13","15913304","15913564","45","6295780"
"chr8","22225800","22225991","chr13","15898941","15899133","19","6326859"
"chr8","22230652","22230847","chrX","95596924","95597125","39","73366272"
"chr8","22255153","22255354","chr13","15869546","15869744","22","6385607"
"chr8","22304529","22304850","chr5","74574058","74574366","65","52269529"
"chr8","22320075","22320381","chr7","32363417","32363723","58","10043342"
"chr8","22347310","22347500","chr10","126259446","126259620","48","103912136"
"chr8","22417238","22417517","chr13","15723598","15723887","39","6693640"
"chr8","22564594","22564896","chr3","54113949","54114238","75","31549355"
"chr8","22651990","22652275","chr4","16462057","16462343","61","6189933"
"chr8","22707495","22707793","chr2","16689005","16689306","56","6018490"
"chr8","22799551","22799675","chr9","42144589","42144713","22","19345038"
"chr8","22808422","22808734","chr13","15346566","15346864","49","7461856"
"chr8","22876495","22876765","chr13","15274858","15275143","55","7601637"
"chr8","22940581","22940699","chr9","21660421","21660545","24","1280160"
"chr8","22945918","22946237","chr13","15233081","15233389","35","7712837"
"chr8","23098073","23098178","chr4","113634902","113635006","23","90536829"
"chr8","23098214","23098235","chr2","11238519","11238536","7","11859695"
"chr8","23248450","23248751","chr13","14928277","14928585","45","8320173"
"chr8","23272441","23272730","chr9","58805926","58806209","63","35533485"
"chr8","23284119","23284425","chr10","94610637","94610936","59","71326518"
"chr8","23288516","23288802","chr13","14895667","14895954","47","8392849"
"chr8","23367368","23367654","chr7","70529533","70529824","57","47162165"
"chr8","23386216","23386521","chr3","118224271","118224563","70","94838055"
"chr8","23397237","23397419","chr15","69161205","69161411","58","45763968"
"chr8","23420177","23420475","chr2","10830367","10830666","58","12589810"
"chr8","23478844","23479107","chr7","57790064","57790336","70","34311220"
"chr8","23529974","23530289","chr13","14671782","14672081","59","8858192"
"chr8","23627377","23627630","chr3","183541524","183541776","62","159914147"
"chr8","23668046","23668184","chr13","72273832","72273968","27","48605786"
"chr8","23675974","23676261","chr13","14494963","14495257","39","9181011"
"chr8","23743801","23744043","chr13","14422796","14423045","58","9321005"
"chr8","23814640","23814770","chr22","18128678","18128803","24","5685962"
"chr8","23820000","23820135","chrX","51477759","51477894","26","27657759"
"chr8","23831427","23831719","chr16","76258769","76259059","56","52427342"
"chr8","23960665","23960723","chr1","189546464","189546507","21","165585799"
"chr8","23961026","23961208","chr3","184743874","184744056","65","160782848"
"chr8","23973400","23973537","chr12","106965619","106965753","21","82992219"
"chr8","24107980","24108286","chr13","14067401","14067685","53","10040579"
"chr8","24139984","24140279","chr10","88193139","88193425","68","64053155"
"chr8","24193879","24194180","chr13","13976879","13977173","47","10217000"
"chr8","24552446","24552561","chr4","48602960","48603077","17","24050514"
"chr8","24552603","24552777","chr13","44105424","44105587","44","19552821"
"chr8","24885419","24885703","chr13","13229087","13229373","48","11656332"
"chr8","24901932","24902238","chr13","13213709","13214015","62","11688223"
"chr8","24959844","24960112","chr13","13160291","13160558","43","11799553"
"chr8","24968290","24968420","chr4","14872788","14872907","26","10095502"
"chr8","25055955","25056275","chr15","32840949","32841254","83","7784994"
"chr8","25079871","25080158","chr13","13044543","13044827","41","12035328"
"chr8","25108324","25108454","chr6","144234386","144234514","28","119126062"
"chr8","25197139","25197463","chr13","12948145","12948459","62","12248994"
"chr8","25201600","25201642","chr1","135499702","135499743","7","110298102"
"chr8","25220901","25221207","chr2","136915981","136916277","57","111695080"
"chr8","25240169","25240440","chr22","28946657","28946935","53","3706488"
"chr8","25278429","25278744","chr13","12869339","12869632","59","12409090"
"chr8","25301241","25301526","chr13","12846955","12847234","42","12454286"
"chr8","25318293","25318425","chr5","4469592","4469726","20","20848701"
"chr8","25414889","25415179","chr11","84264230","84264517","55","58849341"
"chr8","25419829","25420144","chr13","12736046","12736387","51","12683783"
"chr8","25427495","25427787","chr5","79541557","79541845","57","54114062"
"chr8","25539310","25539431","chr5","31305611","31305733","20","5766301"
"chr8","25557301","25557573","chr22","14478388","14478664","58","11078913"
"chr8","25569527","25569827","chr4","15239509","15239807","63","10330018"
"chr8","25591784","25592091","chr13","12567200","12567521","51","13024584"
"chr8","25594827","25595124","chr13","12564218","12564516","46","13030609"
"chr8","25598203","25598489","chr5","94074406","94074688","73","68476203"
"chr8","25613880","25614072","chr13","12544803","12544988","36","13069077"
"chr8","25708241","25708568","chr13","12482550","12482870","54","13225691"
"chr8","25926235","25926538","chr1","106482342","106482647","62","80556107"
"chr8","26000325","26000624","chr13","12199038","12199347","44","13801287"
"chr8","26023743","26024030","chr13","12174435","12174721","57","13849308"
"chr8","26061812","26062117","chr9","65566500","65566795","66","39504688"
"chr8","26081824","26081957","chr8","114427808","114427934","27","88345984"
"chr8","26102607","26102733","chr17","18697273","18697397","17","7405334"
"chr8","26137189","26137482","chr9","53523121","53523415","56","27385932"
"chr8","26144263","26144532","chr13","9993638","9993888","64","16150625"
"chr8","26158925","26159221","chr13","12038929","12039220","48","14119996"
"chr8","26163473","26163596","chr11","109461963","109462085","22","83298490"
"chr8","26193563","26193857","chr13","12004361","12004650","43","14189202"
"chr8","26193859","26193970","chr13","12004248","12004359","12","14189611"
"chr8","26258647","26258936","chrUn_GL286467","70432","70717","57","26188215"
"chr8","26268480","26268772","chrX","138043135","138043421","62","111774655"
"chr8","26279248","26279580","chr13","11926363","11926702","54","14352885"
"chr8","26298554","26298810","chr13","11904102","11904358","31","14394452"
"chr8","26399683","26399790","chr13","11808023","11808130","6","14591660"
"chr8","26411554","26411614","chr22","2366625","2366687","17","24044929"
"chr8","26414976","26415103","chrX","120496137","120496262","20","94081161"
"chr8","26425415","26425704","chr13","11784588","11784871","44","14640827"
"chr8","26433571","26433805","chr13","11775741","11775971","24","14657830"
"chr8","26524998","26525319","chr13","11695516","11695831","62","14829482"
"chr8","26534136","26534434","chr22","36673498","36673805","68","10139362"
"chr8","26553143","26553406","chr13","11668167","11668434","49","14884976"
"chr8","26559548","26559847","chr13","11659761","11660055","40","14899787"
"chr8","26559849","26559983","chr2","170813628","170813760","20","144253779"
"chr8","26572874","26573161","chr14","80754932","80755229","51","54182058"
"chr8","26576131","26576430","chr22","37263333","37263633","62","10687202"
"chr8","26593864","26594190","chr11","95361513","95361842","68","68767649"
"chr8","26669757","26670039","chr5","43481946","43482233","67","16812189"
"chr8","26748912","26749208","chr13","11491368","11491680","51","15257544"
"chr8","26827847","26828153","chr13","11419444","11419742","41","15408403"
"chr8","27045963","27046261","chr13","11230051","11230342","47","15815912"
"chr8","27297951","27298258","chr2","153911331","153911638","58","126613380"
"chr8","27342388","27342510","chr7","25666039","25666162","29","1676349"
"chr8","27360705","27360992","chr13","10957758","10958040","39","16402947"
"chr8","27476312","27476629","chr5","89339083","89339382","87","61862771"
"chr8","27483609","27483904","chr22","29758068","29758367","58","2274459"
"chr8","27603607","27603914","chr2","9851487","9851784","66","17752120"
"chr8","27615237","27615506","chr10","1022872","1023145","60","26592365"
"chr8","27629624","27629873","chr15","76504443","76504701","66","48874819"
"chr8","27665694","27665824","chr10","47799147","47799276","21","20133453"
"chr8","27682590","27682857","chr1","156170883","156171146","64","128488293"
"chr8","27715943","27716075","chr3","149245179","149245310","22","121529236"
"chr8","27721823","27722108","chr13","10618387","10618653","44","17103436"
"chr8","27762154","27762278","chr22","18128678","18128803","15","9633476"
"chr8","27762291","27762549","chr13","10586057","10586315","43","17176234"
"chr8","27895992","27896281","chr1","106482342","106482647","65","78586350"
"chr8","27923590","27923883","chr9","101966653","101966946","60","74043063"
"chr8","27977377","27977672","chr13","10374089","10374382","40","17603288"
"chr8","28011976","28012213","chr13","10338399","10338610","43","17673577"
"chr8","28088108","28088384","chr11","9208625","9208903","58","18879483"
"chr8","28214929","28215250","chr13","10118756","10119058","64","18096173"
"chr8","28217495","28217785","chr2","56969336","56969629","57","28751841"
"chr8","28230075","28230341","chr13","10103696","10103977","44","18126379"
"chr8","28241485","28241781","chr13","10091439","10091745","53","18150046"
"chr8","28271858","28272014","chr2","9764515","9764671","28","18507343"
"chr8","28272041","28272111","chr2","55598124","55598191","19","27326083"
"chr8","28272382","28272670","chr3","41608465","41608749","58","13336083"
"chr8","28396533","28396840","chr6","112891961","112892244","79","84495428"
"chr8","28399209","28399373","chr2","1969375","1969532","34","26429834"
"chr8","28399674","28399803","chr9","114082157","114082283","26","85682483"
"chr8","28432754","28433064","chr7","32363417","32363723","73","3930663"
"chr8","28464916","28465060","chr3","149245179","149245310","32","120780263"
"chr8","28500197","28500470","chr1","15325591","15325843","67","13174606"
"chr8","28501977","28502279","chr14","34599701","34599999","58","6097724"
"chr8","28532497","28532827","chr13","9772635","9772949","58","18759862"
"chr8","28546760","28547036","chrX","46700762","46701035","67","18154002"
"chr8","28614221","28614512","chr7","65458459","65458746","63","36844238"
"chr8","28616764","28616869","chr2","7433105","7433216","26","21183659"
"chr8","28635124","28635436","chrX","22454216","22454523","61","6180908"
"chr8","28637870","28638161","chr13","9672695","9672976","48","18965175"
"chr8","28657467","28657778","chr13","9651866","9652152","57","19005601"
"chr8","28668663","28668959","chr15","37519788","37520082","64","8851125"
"chr8","28671800","28672098","chr13","9629153","9629442","51","19042647"
"chr8","28686126","28686438","chr13","9613071","9613359","69","19073055"
"chr8","28690285","28690380","chr10","118959235","118959328","18","90268950"
"chr8","28697904","28697978","chr4","36895361","36895422","22","8197457"
"chr8","28698012","28698230","chr2","94110279","94110473","67","65412267"
"chr8","28758368","28758679","chr12","87114736","87115030","72","58356368"
"chr8","28768714","28768960","chr1","42970658","42970913","66","14201944"
"chr8","28800761","28801011","chr13","9503172","9503419","48","19297589"
"chr8","28827128","28827411","chr4","107869232","107869514","53","79042104"
"chr8","28893365","28893657","chr13","9405217","9405515","36","19488148"
"chr8","28970439","28970726","chr13","9329528","9329813","57","19640911"
"chr8","29106743","29106876","chr13","9204686","9204815","21","19902057"
"chr8","29119862","29120023","chr20","29117654","29117818","40","2208"
"chr8","29123350","29123639","chr13","9166646","9166933","36","19956704"
"chr8","29141493","29141785","chr10","88193139","88193425","70","59051646"
"chr8","29170315","29170589","chr7","43528654","43528923","62","14358339"
"chr8","29189345","29189640","chr13","9093867","9094156","44","20095478"
"chr8","29203585","29203771","chr6","142307272","142307459","46","113103687"
"chr8","29247818","29248096","chr20","11882353","11882631","63","17365465"
"chr8","29254775","29255084","chr11","118382154","118382447","68","89127379"
"chr8","29281310","29281620","chr5","63275279","63275591","70","33993969"
"chr8","29291280","29291511","chr13","8992155","8992388","38","20299125"
"chr8","29301520","29301800","chr13","8981357","8981628","41","20320163"
"chr8","29310630","29310936","chr13","8969213","8969511","44","20341417"
"chr8","29312292","29312559","chr5","127790373","127790639","61","98478081"
"chr8","29314424","29314684","chr13","8967480","8967731","45","20346944"
"chr8","29370397","29370717","chr22","39353561","39353872","85","9983164"
"chr8","29414877","29415192","chr14","36133893","36134197","74","6719016"
"chr8","29420447","29420694","chr2","16285993","16286240","63","13134454"
"chr8","29461866","29462046","chr13","6071368","6071541","34","23390498"
"chr8","29464740","29465043","chr2","57114627","57114910","67","27649887"
"chr8","29474816","29475095","chr1","135471991","135472267","60","105997175"
"chr8","29478525","29478658","chr1","176862599","176862729","20","147384074"
"chr8","29531032","29531158","chr1","26993712","26993840","29","2537320"
"chr8","29531463","29531609","chr10","47115508","47115647","30","17584045"
"chr8","29549087","29549330","chr6","49226699","49226951","61","19677612"
"chr8","29591584","29591859","chr5","137246805","137247081","57","107655221"
"chr8","29756010","29756257","chr9","104440788","104441059","67","74684778"
"chr8","29985665","29985961","chr8","29312697","29313006","66","672968"
"chr8","30057988","30058270","chr12","51757644","51757932","72","21699656"
"chr8","30065697","30065819","chr3","19920221","19920345","23","10145476"
"chr8","30066096","30066218","chr3","164999153","164999276","20","134933057"
"chr8","30128479","30128584","chr5","2801546","2801643","35","27326933"
"chr8","30164184","30164304","chr13","28062500","28062613","17","2101684"
"chr8","30262454","30262597","chr9","112694008","112694150","35","82431554"
"chr8","30262906","30263087","chr7","46009519","46009697","38","15746613"
"chr8","30264553","30264840","chr13","28160706","28161006","46","2103847"
"chr8","30304736","30304834","chr3","90494104","90494198","16","60189368"
"chr8","30320190","30320463","chr2","127885194","127885477","69","97565004"
"chr8","30332174","30332429","chr13","28229948","28230203","31","2102226"
"chr8","30368422","30368653","chrX","16925992","16926221","44","13442430"
"chr8","30381904","30382019","chr10","9062820","9062938","23","21319084"
"chr8","30382058","30382216","chr13","17963304","17963465","26","12418754"
"chr8","30388978","30389157","chr11","28185693","28185854","53","2203285"
"chr8","30397724","30397871","chr5","72732483","72732615","40","42334759"
"chr8","30425641","30425688","chr15","70507073","70507119","10","40081432"
"chr8","30432582","30432844","chr10","77549448","77549717","54","47116866"
"chr8","30488391","30488618","chr6","45133121","45133364","53","14644730"
"chr8","30498097","30498213","chr5","93839697","93839814","19","63341600"
"chr8","30498980","30499336","chr5","124246613","124246925","115","93747633"
"chr8","30500330","30500389","chr1","177621209","177621270","11","147120879"
"chr8","30521628","30521868","chrX","107089070","107089312","68","76567442"
"chr8","30571159","30571414","chr13","28463831","28464078","61","2107328"
"chr8","30575824","30575942","chrX","95690729","95690839","36","65114905"
"chr8","30599491","30599783","chr1","139886086","139886369","75","109286595"
"chr8","30694574","30694870","chr18","8030633","8030930","63","22663941"
"chr8","30713214","30713562","chr7","121188885","121189187","113","90475671"
"chr8","30739833","30740123","chr13","60354203","60354490","58","29614370"
"chr8","30755945","30756223","chr13","28644857","28645140","62","2111088"
"chr8","30770080","30770300","chr13","28658938","28659159","37","2111142"
"chr8","30790892","30791200","chr13","28679175","28679469","41","2111717"
"chr8","30796809","30797081","chr8","107421957","107422209","64","76625148"
"chr8","30826708","30826893","chr1","129159547","129159726","43","98332839"
"chr8","30839773","30839906","chr1","157999498","157999632","24","127159725"
"chr8","30843059","30843271","chr5","137063076","137063272","40","106220017"
"chr8","30857008","30857258","chr3","119295284","119295536","65","88438276"
"chr8","30858440","30858641","chr13","28769162","28769353","33","2089278"
"chr8","30876407","30876708","chr13","28789174","28789473","42","2087233"
"chr8","30949738","30950019","chr13","28857301","28857597","50","2092437"
"chr8","30955086","30955169","chr5","41188658","41188737","25","10233572"
"chr8","30995264","30995568","chr13","28903165","28903466","46","2092099"
"chr8","31013393","31013647","chr17","56067111","56067358","56","25053718"
"chr8","31018717","31019038","chr3","1032461","1032769","83","29986256"
"chr8","31020258","31020573","chr13","28930186","28930499","41","2090072"
"chr8","31028429","31028716","chr13","28946969","28947256","42","2081460"
"chr8","31032709","31032995","chr5","125558030","125558312","55","94525321"
"chr8","31092439","31092717","chr7","95168281","95168553","67","64075842"
"chr8","31214684","31214951","chr13","29147181","29147469","66","2067503"
"chr8","31233994","31234298","chr13","29165485","29165791","43","2068509"
"chr8","31256747","31257007","chr13","29188182","29188414","63","2068565"
"chr8","31267683","31267959","chr22","3981659","3981942","65","27286024"
"chr8","31310195","31310316","chr2","17211909","17212030","22","14098286"
"chr8","31505913","31506196","chr13","29415231","29415535","56","2090682"
"chr8","31783816","31784106","chr13","29668064","29668356","48","2115752"
"chr8","32176368","32176681","chr13","30069185","30069482","69","2107183"
"chr8","32229024","32229285","chr9","95421624","95421886","62","63192600"
"chr8","32378166","32378502","chr13","30266568","30266880","68","2111598"
"chr8","32425358","32425625","chr5","127790373","127790639","62","95365015"
"chr8","32456460","32456745","chr13","30346695","30346959","54","2109765"
"chr8","32535805","32536007","chr13","30425324","30425526","20","2110481"
"chr8","32538673","32538972","chr13","30428403","30428718","76","2110270"
"chr8","32573293","32573575","chr13","30455885","30456179","54","2117408"
"chr8","32598946","32599216","chr13","30481488","30481733","68","2117458"
"chr8","32661543","32661841","chr2","114012519","114012811","70","81350976"
"chr8","32664802","32665100","chr2","8000025","8000324","56","24664777"
"chr8","32939550","32939886","chr2","8116261","8116602","91","24823289"
"chr8","33031200","33031515","chr13","30914023","30914351","58","2117177"
"chr8","33293183","33293309","chr3","137802923","137803047","22","104509740"
"chr8","33348293","33348583","chr13","31234559","31234826","52","2113734"
"chr8","33374462","33374596","chr13","10331146","10331276","31","23043316"
"chr8","33446514","33446803","chrUn_GL286556","2039","2326","62","33444475"
"chr8","33456630","33456763","chr7","136413230","136413360","21","102956600"
"chr8","33457048","33457233","chr7","21789387","21789560","41","11667661"
"chr8","33527718","33527847","chr13","31426558","31426687","12","2101160"
"chr8","33545044","33545337","chr15","28321944","28322236","60","5223100"
"chr8","33557501","33557631","chr4","10682357","10682488","22","22875144"
"chr8","33563985","33564271","chr13","31456592","31456868","35","2107393"
"chr8","33565817","33566093","chrX","5603276","5603553","59","27962541"
"chr8","33580394","33580721","chr13","35965389","35965708","78","2384995"
"chr8","33589871","33590179","chr9","20485982","20486287","57","13103889"
"chr8","33593768","33594052","chr2","9805060","9805337","67","23788708"
"chr8","33601718","33601994","chr6","112891961","112892244","62","79290243"
"chr8","33606479","33606762","chr4","129514436","129514718","63","95907957"
"chr8","33647889","33647957","chr8","11472709","11472779","11","22175180"
"chr8","33664509","33664810","chr13","31562910","31563214","34","2101599"
"chr8","33672589","33672897","chr5","131527086","131527390","54","97854497"
"chr8","33690690","33690991","chr14","21286699","21286994","77","12403991"
"chr8","33749156","33749500","chr11","95361513","95361842","88","61612357"
"chr8","33757738","33757882","chr1","121375989","121376113","33","87618251"
"chr8","33762703","33762985","chr19","16942063","16942342","54","16820640"
"chr8","33766011","33766285","chr13","12004361","12004650","73","21761650"
"chr8","33821619","33821913","chr13","31715619","31715912","36","2106000"
"chr8","33840505","33840791","chr13","31738068","31738355","56","2102437"
"chr8","33844624","33844873","chr13","31739995","31740259","57","2104629"
"chr8","33863233","33863519","chr13","31765504","31765789","46","2097729"
"chr8","33896319","33896605","chr4","21602892","21603183","72","12293427"
"chr8","33977492","33977805","chr13","31868531","31868830","51","2108961"
"chr8","34044759","34044939","chr13","31913718","31913894","36","2131041"
"chr8","34348139","34348329","chr21","37328042","37328219","49","2979903"
"chr8","34526069","34526200","chrX","107384359","107384487","34","72858290"
"chr8","34719089","34719390","chr13","32538325","32538624","54","2180764"
"chr8","34729421","34729598","chr11","110316049","110316231","47","75586628"
"chr8","34874193","34874464","chr13","32682588","32682856","48","2191605"
"chr8","35171508","35171818","chr2","13987385","13987695","62","21184123"
"chr8","35194853","35195143","chr13","32918622","32918916","55","2276231"
"chr8","35411825","35412046","chr1","139184927","139185138","70","103773102"
"chr8","35518435","35518713","chr13","33213019","33213290","60","2305416"
"chr8","35789004","35789178","chr9","106301783","106301954","51","70512779"
"chr8","35789237","35789347","chr8","95835043","95835158","24","60045806"
"chr8","35813607","35813866","chr12","26700702","26700953","62","9112905"
"chr8","36050255","36050592","chr13","33733891","33734187","80","2316364"
"chr8","36395563","36395870","chr1","136246249","136246544","91","99850686"
"chr8","36407731","36408028","chr9","45348603","45348892","68","8940872"
"chr8","36562976","36563273","chr22","33505410","33505706","66","3057566"
"chr8","37196937","37197233","chrUn_GL286747","14490","14768","57","37182447"
"chr8","37382311","37382607","chrUn_GL286234","51216","51507","58","37331095"
"chr8","37389109","37389290","chr10","126259446","126259620","40","88870337"
"chr8","37633370","37633677","chr13","35209912","35210220","31","2423458"
"chr8","37659254","37659380","chr6","36824830","36824956","22","834424"
"chr8","37726923","37727195","chr13","35305531","35305815","44","2421392"
"chr8","37743780","37744009","chr4","10814972","10815196","46","26928808"
"chr8","37799366","37799661","chr1","170675569","170675857","57","132876203"
"chr8","37806628","37806925","chr13","35384915","35385183","64","2421713"
"chr8","37860188","37860468","chr10","8713583","8713865","57","29146605"
"chr8","37891114","37891394","chr2","16645454","16645737","59","21245660"
"chr8","37896017","37896142","chr10","21974325","21974451","23","15921692"
"chr8","38025152","38025468","chr5","121237736","121238019","96","83212584"
"chr8","38034471","38034781","chr2","13987385","13987695","59","24047086"
"chr8","38056531","38056835","chr8","107839515","107839806","91","69782984"
"chr8","38125166","38125458","chr11","60176254","60176538","83","22051088"
"chr8","38151189","38151331","chr2","68534506","68534647","36","30383317"
"chr8","38151628","38151809","chr13","35745807","35745974","38","2405821"
"chr8","38165616","38165906","chr13","35758910","35759200","46","2406706"
"chr8","38172079","38172346","chr2","14505768","14506038","62","23666311"
"chr8","38175098","38175403","chr7","44402369","44402680","60","6227271"
"chr8","38176990","38177234","chr13","35774217","35774464","24","2402773"
"chr8","38187043","38187397","chr13","35783712","35784004","92","2403331"
"chr8","38196967","38197228","chr12","89936909","89937163","57","51739942"
"chr8","38212376","38212603","chr2","135760575","135760802","58","97548199"
"chr8","38224947","38225085","chr12","9152563","9152697","19","29072384"
"chr8","38266826","38266996","chr3","150153665","150153833","35","111886839"
"chr8","38279805","38279925","chrUn_GL286420","667915","668024","27","37611890"
"chr8","38280677","38280710","chr7","77095950","77095980","9","38815273"
"chr8","38282026","38282333","chr13","35846395","35846703","46","2435631"
"chr8","38282713","38283013","chr13","35847266","35847563","52","2435447"
"chr8","38309690","38309999","chr13","35857266","35857581","43","2452424"
"chr8","38336816","38337111","chr13","35888859","35889146","49","2447957"
"chr8","38354833","38355014","chrX","29466640","29466814","37","8888193"
"chr8","38355473","38355641","chr18","33201864","33202025","44","5153609"
"chr8","38398263","38398542","chr13","35922675","35922959","49","2475588"
"chr8","38403392","38403672","chr13","35926905","35927184","45","2476487"
"chr8","38407390","38407522","chr4","13599154","13599281","27","24808236"
"chr8","38413050","38413298","chr13","35935717","35935983","45","2477333"
"chr8","38422903","38423125","chr7","60841311","60841533","58","22418408"
"chr8","38482257","38482518","chr1","204073427","204073684","43","165591170"
"chr8","38492712","38492849","chr11","120560318","120560450","18","82067606"
"chr8","38529440","38529677","chr1","173447588","173447833","70","134918148"
"chr8","38530814","38531099","chrX","17820848","17821136","53","20709966"
"chr8","38554424","38554673","chr2","16167627","16167864","51","22386797"
"chr8","38558785","38559090","chr13","36087560","36087853","46","2471225"
"chr8","38561862","38562160","chr13","36090306","36090596","37","2471556"
"chr8","38569932","38570239","chr15","57058522","57058823","56","18488590"
"chr8","38580410","38580713","chr15","21953441","21953746","55","16626969"
"chr8","38620443","38620755","chr13","36152885","36153199","54","2467558"
"chr8","38676315","38676605","chr13","36215525","36215808","49","2460790"
"chr8","38735689","38735972","chr10","85118411","85118697","65","46382722"
"chr8","38756316","38756603","chr13","30307087","30307370","60","8449229"
"chr8","38757458","38757756","chr13","36303745","36304037","34","2453713"
"chr8","38825731","38825859","chr13","36372059","36372187","16","2453672"
"chr8","38841372","38841648","chr11","22819457","22819727","59","16021915"
"chr8","38865401","38865639","chr1","40553872","40554094","58","1688471"
"chr8","38868122","38868431","chr13","36414491","36414784","45","2453631"
"chr8","38872481","38872786","chr13","36419108","36419418","33","2453373"
"chr8","38883459","38883582","chr13","36431863","36431987","9","2451596"
"chr8","38884953","38885276","chr12","18907931","18908235","80","19977022"
"chr8","38893320","38893452","chr2","170813628","170813760","22","131920308"
"chr8","38893478","38893630","chr5","139628746","139628900","35","100735268"
"chr8","38924327","38924636","chr20","22217726","22218037","50","16706601"
"chr8","38934371","38934647","chr2","47396528","47396808","54","8462157"
"chr8","38997195","38997477","chr3","33367854","33368134","54","5629341"
"chr8","39003894","39004205","chr12","50951799","50952095","71","11947905"
"chr8","39012802","39012926","chr13","36553820","36553945","19","2458982"
"chr8","39013264","39013582","chr2","153911331","153911638","69","114898067"
"chr8","39018715","39018970","chr2","32776278","32776532","72","6242437"
"chr8","39044179","39044490","chr13","36586179","36586477","40","2458000"
"chr8","39060314","39060598","chr5","108117893","108118172","54","69057579"
"chr8","39157914","39158219","chr4","160043890","160044207","59","120885976"
"chr8","39183874","39184195","chr13","36688948","36689261","52","2494926"
"chr8","39191083","39191174","chr13","36698185","36698276","13","2492898"
"chr8","39191529","39191807","chr13","36699379","36699641","43","2492150"
"chr8","39196415","39196540","chr7","32225551","32225675","17","6970864"
"chr8","39217891","39218173","chr13","36728667","36728950","35","2489224"
"chr8","39219940","39220244","chr13","36730437","36730751","57","2489503"
"chr8","39223156","39223462","chr13","36734773","36735062","53","2488383"
"chr8","39239327","39239634","chr13","36751448","36751751","39","2487879"
"chr8","39275984","39276299","chr13","36784251","36784535","59","2491733"
"chr8","39283488","39283793","chr13","36791636","36791915","54","2491852"
"chr8","39290071","39290313","chr22","45155038","45155284","56","5864967"
"chr8","39327140","39327446","chr16","54244632","54244948","79","14917492"
"chr8","39419508","39419693","chr21","42671371","42671559","37","3251863"
"chr8","39447814","39448096","chr10","121946939","121947234","69","82499125"
"chr8","39484491","39484780","chrUn_GL286768","7356","7639","56","39477135"
"chr8","39494837","39495140","chr13","37017837","37018163","53","2477000"
"chr8","39977935","39978224","chr1","205390596","205390862","69","165412661"
"chr8","40041962","40042261","chr22","41892794","41893087","75","1850832"
"chr8","40191779","40192053","chr13","37452512","37452774","39","2739267"
"chr8","40228691","40228811","chr13","37497075","37497196","20","2731616"
"chr8","40327122","40327332","chr20","35956324","35956549","55","4370798"
"chr8","40537991","40538257","chr13","37750322","37750587","44","2787669"
"chr8","40556046","40556338","chr13","37777243","37777540","45","2778803"
"chr8","40569201","40569388","chr14","59273964","59274133","52","18704763"
"chr8","40748743","40748871","chr2","170813628","170813760","26","130064885"
"chr8","40922083","40922398","chr2","10830367","10830666","75","30091716"
"chr8","40950884","40951068","chr1","129159547","129159726","41","88208663"
"chr8","40951097","40951217","chr2","21228963","21229079","22","19722134"
"chr8","41120510","41120827","chr1","182040135","182040453","85","140919625"
"chr8","41625518","41625617","chr13","27362424","27362525","18","14263094"
"chr8","41657774","41658075","chr2","10830367","10830666","66","30827407"
"chr8","41692724","41693029","chr10","114838607","114838907","82","73145883"
"chr8","41743606","41743826","chrUn_GL286453","215850","216057","66","41527756"
"chr8","41778132","41778401","chr12","21915818","21916101","57","19862314"
"chr8","41806364","41806639","chr13","40991370","40991656","38","814994"
"chr8","41822557","41822859","chr13","40976407","40976657","76","846150"
"chr8","41829803","41829935","chr7","58239646","58239772","22","16409843"
"chr8","41843654","41843789","chr2","8274878","8275010","24","33568776"
"chr8","41910856","41911123","chr8","97623903","97624168","52","55713047"
"chr8","41953452","41953749","chr2","10830367","10830666","59","31123085"
"chr8","41970029","41970314","chr22","35395830","35396114","53","6574199"
"chr8","41976957","41977251","chr7","24059808","24060089","58","17917149"
"chr8","41985522","41985651","chr4","10682357","10682488","21","31303165"
"chr8","42004305","42004566","chr2","67381314","67381566","61","25377009"
"chr8","42087043","42087346","chr13","40669892","40670164","59","1417151"
"chr8","42204378","42204646","chr22","13364654","13364940","76","28839724"
"chr8","42209965","42210276","chr13","10122359","10122668","67","32087606"
"chr8","42306639","42306914","chr1","14261703","14261983","57","28044936"
"chr8","42367507","42367637","chrUn_GL286438","1722","1853","37","42365785"
"chr8","42383644","42383946","chr4","13667055","13667352","51","28716589"
"chr8","42429143","42429374","chr13","40354830","40355078","52","2074313"
"chr8","42437592","42437808","chr13","40347914","40348131","19","2089678"
"chr8","42438818","42438950","chr10","128531631","128531764","20","86092813"
"chr8","42474532","42474802","chr13","40318133","40318426","58","2156399"
"chr8","42507600","42507725","chr7","6167066","6167189","25","36340534"
"chr8","42512920","42513074","chr11","100707367","100707523","43","58194447"
"chr8","42513170","42513468","chr7","150507214","150507511","52","107994044"
"chr8","42516527","42516809","chr13","40273497","40273797","60","2243030"
"chr8","42520887","42521169","chr13","40268934","40269236","49","2251953"
"chr8","42522944","42523066","chr13","40267018","40267150","19","2255926"
"chr8","42656341","42656462","chr13","39849640","39849760","18","2806701"
"chr8","42771993","42772194","chr5","43945851","43946049","39","1173858"
"chr8","42913676","42913975","chr13","39644105","39644413","36","3269571"
"chr8","42921114","42921410","chr9","101966653","101966946","52","59045539"
"chr8","43013963","43014255","chr13","39538574","39538846","45","3475389"
"chr8","43026561","43026842","chr13","39522964","39523253","55","3503597"
"chr8","43057317","43057636","chr1","148236043","148236373","77","105178726"
"chr8","43082768","43083081","chr13","39465693","39466001","35","3617075"
"chr8","43112265","43112580","chr5","91591847","91592147","83","48479582"
"chr8","43190531","43190655","chr10","115194476","115194599","26","72003945"
"chr8","43196103","43196236","chr1","22614360","22614489","32","20581743"
"chr8","43209391","43209604","chrX","95596924","95597125","47","52387533"
"chr8","43217981","43218264","chr13","39283944","39284215","41","3934037"
"chr8","43243675","43243799","chr7","154208806","154208930","21","110965131"
"chr8","43327116","43327401","chr13","39135595","39135874","59","4191521"
"chr8","43407158","43407447","chr13","39082511","39082802","40","4324647"
"chr8","43436347","43436637","chr13","39046624","39046930","55","4389723"
"chr8","43609903","43610205","chr13","38875348","38875645","63","4734555"
"chr8","43633937","43634229","chr13","38847897","38848188","31","4786040"
"chr8","43658052","43658361","chr8","107358076","107358391","72","63700024"
"chr8","43661858","43662086","chr13","40741980","40742180","39","2919878"
"chr8","43677348","43677609","chr11","61987283","61987542","59","18309935"
"chr8","43677866","43677913","chr15","29226165","29226209","19","14451701"
"chr8","43694891","43695200","chr1","59576165","59576454","60","15881274"
"chr8","43779136","43779429","chrUn_GL286262","23468","23762","44","43755668"
"chr8","43808469","43808784","chr13","39234014","39234318","50","4574455"
"chr8","43854749","43855048","chr13","38731895","38732189","32","5122854"
"chr8","43910878","43911177","chr10","74657438","74657746","72","30746560"
"chr8","43935887","43936200","chr22","29758068","29758367","55","14177819"
"chr8","43998520","43998649","chr4","10682357","10682488","23","33316163"
"chr8","44006906","44007131","chr16","111812","112027","40","43895094"
"chr8","44017800","44018123","chr2","17670653","17670953","76","26347147"
"chr8","44022415","44022701","chr16","95819","96100","47","43926596"
"chr8","44034185","44034348","chr1","186568722","186568874","39","142534537"
"chr8","44177315","44177615","chr9","43654559","43654856","68","522756"
"chr8","44296763","44296892","chr2","128921321","128921443","25","84624558"
"chr8","44806025","44806315","chr11","34963263","34963534","72","9842762"
"chr8","44976789","44977061","chr4","20988397","20988680","76","23988392"
"chr8","45010971","45011270","chr13","88912359","88912656","79","43901388"
"chr8","45082467","45082596","chr6","146442627","146442753","20","101360160"
"chr8","45119745","45120022","chr9","57978613","57978890","78","12858868"
"chr8","45134484","45134600","chr2","150575096","150575213","22","105440612"
"chr8","45168379","45168672","chr12","36952591","36952886","61","8215788"
"chr8","45289380","45289497","chr7","30215462","30215575","19","15073918"
"chr8","45300160","45300425","chr13","74370767","74371029","64","29070607"
"chr8","45328377","45328673","chr1","176518287","176518568","76","131189910"
"chr8","45328720","45328899","chr6","42136011","42136172","48","3192709"
"chr8","45374251","45374376","chrUn_GL286397","117322","117446","19","45256929"
"chr8","45387688","45387810","chr22","37248854","37248976","19","8138834"
"chr8","45389049","45389312","chr1","173154035","173154313","73","127764986"
"chr8","45434786","45435059","chr4","156497186","156497464","64","111062400"
"chr8","45600244","45600294","chr7","87260908","87260956","13","41660664"
"chr8","45600295","45600513","chr16","938988","939216","31","44661307"
"chr8","45699601","45699888","chr11","5464781","5465066","67","40234820"
"chr8","45741754","45741987","chr7","62326411","62326641","52","16584657"
"chr8","45940079","45940389","chr7","22318489","22318798","66","23621590"
"chr8","46080283","46080587","chr16","1418834","1419135","45","44661449"
"chr8","46699139","46699442","chr15","61218731","61219028","58","14519592"
"chr8","46746110","46746396","chr3","54019595","54019865","68","7273485"
"chr8","46933738","46934033","chr22","27035461","27035754","81","19898277"
"chr8","47100565","47100592","chr16","2370436","2370463","2","44730129"
"chr8","47100965","47101073","chr5","81314684","81314797","23","34213719"
"chr8","47239388","47239582","chrUn_GL286453","150144","150337","47","47089244"
"chr8","47489149","47489271","chr16","2743945","2744064","15","44745204"
"chr8","47543540","47543675","chr19","27471313","27471460","48","20072227"
"chr8","47569667","47570017","chr10","57126666","57126984","91","9556999"
"chr8","47638302","47638558","chr16","2897677","2897945","60","44740625"
"chr8","47755609","47755913","chr3","168185720","168186007","78","120430111"
"chr8","47837025","47837334","chr3","134554065","134554353","94","86717040"
"chr8","47948134","47948372","chr16","6453180","6453423","29","41494954"
"chr8","48158925","48159048","chr2","10899863","10899988","19","37259062"
"chr8","48336289","48336415","chr2","136276945","136277070","26","87940656"
"chr8","48415329","48415610","chr16","45427938","45428223","65","2987391"
"chr8","48517529","48517844","chr16","5987735","5988041","34","42529794"
"chr8","48524058","48524376","chr16","5981704","5982004","58","42542354"
"chr8","48763005","48763304","chr16","5785242","5785537","48","42977763"
"chr8","48770897","48771200","chr7","97730148","97730448","63","48959251"
"chr8","48782269","48782369","chr3","170259854","170259947","24","121477585"
"chr8","48785106","48785401","chr16","5750128","5750403","54","43034978"
"chr8","48787371","48787639","chr8","76560509","76560777","49","27773138"
"chr8","48895718","48895837","chr19","16422691","16422808","21","32473027"
"chr8","48907301","48907582","chr16","5606502","5606777","45","43300799"
"chr8","48954235","48954470","chr12","5317713","5317940","60","43636522"
"chr8","49040739","49041041","chr5","37895721","37896023","57","11145018"
"chr8","49060759","49061053","chr2","10830367","10830666","60","38230392"
"chr8","49085453","49085588","chr1","193589243","193589381","26","144503790"
"chr8","49204741","49205005","chr16","5319969","5320218","56","43884772"
"chr8","49429257","49429578","chr5","96920240","96920551","65","47490983"
"chr8","49548428","49548511","chr2","21241879","21241962","21","28306549"
"chr8","49662216","49662524","chr16","4889403","4889712","53","44772813"
"chr8","49707717","49707836","chr12","13754352","13754471","17","35953365"
"chr8","49764438","49764712","chr16","4781374","4781656","62","44983064"
"chr8","49792503","49792814","chr17","54548280","54548572","86","4755777"
"chr8","50089725","50089825","chr16","4459291","4459393","11","45630434"
"chr8","50159070","50159360","chr14","21286699","21286994","65","28872371"
"chr8","50226688","50226956","chrX","40568092","40568355","61","9658596"
"chr8","51683950","51684249","chr16","6711983","6712282","44","44971967"
"chr8","51850989","51851282","chr10","93110088","93110390","55","41259099"
"chr8","51857435","51857553","chr2","116747312","116747434","28","64889877"
"chr8","51858716","51859014","chr10","93110088","93110390","61","41251372"
"chr8","51905065","51905335","chr20","21404321","21404577","69","30500744"
"chr8","51938013","51938305","chr2","10830367","10830666","59","41107646"
"chr8","51952588","51952705","chr1","202769733","202769856","21","150817145"
"chr8","51979187","51979466","chr1","14261703","14261983","69","37717484"
"chr8","51996510","51996771","chr8","110496417","110496677","66","58499907"
"chr8","51997391","51997687","chr1","171173294","171173582","63","119175903"
"chr8","52009633","52009889","chr16","7048028","7048280","23","44961605"
"chr8","52030173","52030436","chr8","76560509","76560777","53","24530336"
"chr8","52120940","52121143","chr7","96558175","96558364","63","44437235"
"chr8","52148560","52148835","chr16","7216873","7217184","61","44931687"
"chr8","52244559","52244631","chr7","113564743","113564806","18","61320184"
"chr8","52306227","52306510","chr21","36911010","36911297","54","15395217"
"chr8","52308743","52309043","chr11","113631741","113632052","60","61322998"
"chr8","52417984","52418092","chr5","81314684","81314797","26","28896700"
"chr8","52464373","52464674","chr16","7525414","7525714","65","44938959"
"chr8","52606269","52606558","chr16","7652953","7653242","40","44953316"
"chr8","52675325","52675595","chr16","7727239","7727516","37","44948086"
"chr8","53427865","53428138","chr16","8452103","8452401","62","44975762"
"chr8","53618773","53619063","chr9","45121884","45122176","60","8496889"
"chr8","53685168","53685305","chr18","8966133","8966268","24","44719035"
"chr8","53712323","53712619","chr16","8678231","8678524","36","45034092"
"chr8","53731408","53731710","chrUn_GL286870","5767","6059","52","53725641"
"chr8","53803857","53803985","chrX","106438241","106438369","22","52634384"
"chr8","53815729","53815847","chr10","16801974","16802091","18","37013755"
"chr8","53820471","53820730","chr14","79575769","79576034","62","25755298"
"chr8","53827556","53827687","chr4","44463564","44463694","23","9363992"
"chr8","53873984","53874252","chr5","144162498","144162784","57","90288514"
"chr8","53942179","53942306","chr2","2408820","2408946","19","51533359"
"chr8","53998640","53998940","chr12","32868690","32868994","69","21129950"
"chr8","54029219","54029506","chr16","8989118","8989413","58","45040101"
"chr8","54086353","54086658","chr8","55165951","55166255","64","1079598"
"chr8","54132789","54133093","chr10","114838607","114838907","58","60705818"
"chr8","54863230","54863358","chr9","114082157","114082283","28","59218927"
"chr8","55330196","55330499","chrX","29611496","29611792","70","25718700"
"chr8","55620733","55621057","chr5","59406520","59406821","103","3785787"
"chr8","55898271","55898404","chr16","10528166","10528300","17","45370105"
"chr8","55928054","55928343","chr3","80545574","80545843","70","24617520"
"chr8","56055683","56056006","chr22","30259062","30259355","92","25796621"
"chr8","56332219","56332490","chr11","9344463","9344742","84","46987756"
"chr8","56491204","56491320","chr5","110662950","110663062","30","54171746"
"chr8","56687947","56688263","chr2","153911331","153911638","68","97223384"
"chr8","56703218","56703519","chr2","61820209","61820486","83","5116991"
"chr8","56768765","56769051","chr16","11354173","11354461","34","45414592"
"chr8","57061603","57061906","chr3","39370689","39370990","66","17690914"
"chr8","57097531","57097828","chr16","11684066","11684363","36","45413465"
"chr8","57160584","57160851","chr16","11744799","11745069","40","45415785"
"chr8","57318887","57318980","chr16","11859337","11859434","15","45459550"
"chr8","57973889","57974165","chr5","73454858","73455134","72","15480969"
"chr8","58017803","58018104","chr9","8535213","8535496","79","49482590"
"chr8","58067569","58067871","chr16","12567966","12568273","49","45499603"
"chr8","58409883","58410172","chr16","12900854","12901137","54","45509029"
"chr8","58484544","58484665","chr5","72766185","72766305","20","14281641"
"chr8","58527193","58527321","chr2","68131181","68131310","29","9603988"
"chr8","58530536","58530830","chr16","13015009","13015307","45","45515527"
"chr8","58584182","58584478","chr16","13064128","13064420","51","45520054"
"chr8","58593398","58593683","chr1","155032190","155032474","63","96438792"
"chr8","58605461","58605587","chrX","120496137","120496262","25","61890676"
"chr8","58626033","58626322","chr2","17670653","17670953","67","40955380"
"chr8","58686834","58686945","chr7","30215462","30215575","12","28471372"
"chr8","58696622","58696920","chr15","7227741","7228029","57","51468881"
"chr8","58919177","58919487","chr5","153954801","153955107","69","95035624"
"chr8","59054147","59054464","chr9","102262325","102262646","69","43208178"
"chr8","59094938","59095097","chr5","67299084","67299243","44","8204146"
"chr8","59274692","59274822","chr2","170813628","170813760","32","111538936"
"chr8","59762351","59762688","chr11","95361513","95361842","84","35599162"
"chr8","59834576","59834902","chr11","96699614","96699908","90","36865038"
"chr8","60248371","60248663","chr9","34989939","34990227","59","25258432"
"chr8","60289052","60289344","chr5","44102621","44102904","72","16186431"
"chr8","60781375","60781501","chr16","15181905","15182026","9","45599470"
"chr8","60929784","60930107","chr11","65689238","65689539","84","4759454"
"chr8","61110481","61110605","chr1","155368947","155369069","18","94258466"
"chr8","61248345","61248469","chr11","112693644","112693772","28","51445299"
"chr8","61277313","61277436","chr16","15657715","15657836","18","45619598"
"chr8","62035659","62035931","chr5","123729083","123729359","66","61693424"
"chr8","62811424","62811738","chr7","77076421","77076738","66","14264997"
"chr8","63390105","63390327","chr7","49820721","49820939","55","13569384"
"chr8","63644294","63644571","chr16","17833792","17834085","53","45810502"
"chr8","63704866","63705171","chr16","17901714","17902002","59","45803152"
"chr8","63744216","63744284","chr16","93979150","93979212","24","30234934"
"chr8","63764647","63764803","chr5","125139649","125139792","39","61375002"
"chr8","63765091","63765227","chr7","136413230","136413360","23","72648139"
"chr8","63776949","63777221","chr16","17969198","17969489","57","45807751"
"chr8","63825092","63825358","chr8","76560509","76560777","62","12735417"
"chr8","63929467","63929666","chr2","137887898","137888092","44","73958431"
"chr8","63985573","63985759","chr1","180044754","180044943","66","116059181"
"chr8","64015747","64016046","chr19","16420334","16420626","60","47595413"
"chr8","64076061","64076382","chr20","22217726","22218037","65","41858335"
"chr8","64129313","64129595","chr16","18323646","18323959","57","45805667"
"chr8","64396934","64397213","chr3","111189894","111190176","60","46792960"
"chr8","64416764","64417020","chr1","77102851","77103111","60","12686087"
"chr8","64504878","64505148","chr2","14020325","14020593","63","50484553"
"chr8","64529506","64529777","chr1","204073427","204073684","59","139543921"
"chr8","64578170","64578332","chr12","33261650","33261815","42","31316520"
"chr8","64594511","64594634","chr16","18781671","18781797","15","45812840"
"chr8","64596511","64596631","chr3","137802923","137803047","22","73206412"
"chr8","64606539","64606589","chr2","8110088","8110139","14","56496451"
"chr8","64606640","64606770","chr2","11695570","11695700","21","52911070"
"chr8","64640682","64640826","chr12","11035256","11035394","31","53605426"
"chr8","64641137","64641304","chr22","28403347","28403515","37","36237790"
"chr8","64642147","64642466","chr15","72518938","72519246","64","7876791"
"chr8","64643030","64643150","chr2","18965634","18965750","23","45677396"
"chr8","64672056","64672363","chr16","18858809","18859113","39","45813247"
"chr8","64677877","64678163","chr16","18864537","18864833","42","45813340"
"chr8","64679978","64680100","chr13","27707086","27707210","22","36972892"
"chr8","64723480","64723775","chr2","55200270","55200573","68","9523210"
"chr8","64735514","64735816","chr5","6490301","6490607","59","58245213"
"chr8","64826388","64826677","chr13","35847266","35847563","70","28979122"
"chr8","64847751","64847879","chr7","23997896","23998020","20","40849855"
"chr8","64864899","64865194","chr14","69105069","69105359","75","4240170"
"chr8","64883027","64883178","chr5","110007234","110007384","28","45124207"
"chr8","64883472","64883630","chr17","71551510","71551662","47","6668038"
"chr8","64911049","64911127","chr7","41821957","41822038","18","23089092"
"chr8","64911433","64911482","chr3","186114247","186114299","14","121202814"
"chr8","64935531","64935842","chr16","19121329","19121633","53","45814202"
"chr8","64946670","64946942","chr16","19137394","19137669","44","45809276"
"chr8","64957127","64957439","chr16","19148516","19148813","48","45808611"
"chr8","65000442","65000628","chr17","48056948","48057120","46","16943494"
"chr8","65012096","65012292","chr3","188997033","188997225","37","123984937"
"chr8","65030405","65030638","chr1","155099267","155099508","57","90068862"
"chr8","65033533","65033610","chr2","127846216","127846294","23","62812683"
"chr8","65095057","65095213","chr11","65226643","65226798","34","131586"
"chr8","65212842","65213160","chr16","19407918","19408234","41","45804924"
"chr8","65273375","65273665","chr16","19483364","19483660","41","45790011"
"chr8","65454604","65454817","chr16","19672867","19673085","26","45781737"
"chr8","65483057","65483350","chr4","110385446","110385743","64","44902389"
"chr8","65517922","65518215","chr9","9251454","9251741","63","56266468"
"chr8","65532339","65532445","chr19","17814104","17814211","22","47718235"
"chr8","65548763","65548862","chr2","93927440","93927542","24","28378677"
"chr8","65577097","65577221","chr16","19784198","19784322","14","45792899"
"chr8","65598878","65599013","chr7","111353633","111353770","21","45754755"
"chr8","65779566","65779877","chr16","19955912","19956210","53","45823654"
"chr8","66000001","66000128","chr1","136121848","136121962","32","70121847"
"chr8","66090633","66090929","chr16","20255376","20255651","58","45835257"
"chr8","66216899","66217008","chr7","36423029","36423139","25","29793870"
"chr8","66217037","66217154","chrUn_GL286217","106113","106229","16","66110924"
"chr8","66231884","66232006","chr1","202769733","202769856","15","136537849"
"chr8","66248801","66249121","chr16","20424950","20425261","58","45823851"
"chr8","66297518","66297596","chr19","18400847","18400923","11","47896671"
"chr8","66379714","66380020","chr9","121784693","121785002","67","55404979"
"chr8","66470624","66470924","chr5","131527086","131527390","63","65056462"
"chr8","66480217","66480484","chr16","20657621","20657871","33","45822596"
"chr8","66532627","66532942","chr9","58092157","58092459","70","8440470"
"chr8","66977435","66977756","chr10","61226573","61226892","71","5750862"
"chr8","67518621","67518895","chr9","112898762","112899036","61","45380141"
"chr8","67612729","67613004","chr3","117831885","117832148","78","50219156"
"chr8","67693324","67693615","chr2","117431198","117431481","64","49737874"
"chr8","67693706","67693727","chr2","11238519","11238536","7","56455187"
"chr8","67816573","67816846","chr5","152236917","152237178","70","84420344"
"chr8","67862929","67863215","chr16","22020626","22020906","44","45842303"
"chr8","67938011","67938316","chr16","22086095","22086397","57","45851916"
"chr8","67938754","67939067","chr16","22087386","22087683","55","45851368"
"chr8","68035448","68035755","chr5","40205296","40205600","78","27830152"
"chr8","68045508","68045803","chr15","27280642","27280931","56","40764866"
"chr8","68047985","68048251","chr3","149028259","149028516","73","80980274"
"chr8","68114847","68114911","chr18","14797056","14797121","12","53317791"
"chr8","68150612","68150754","chr12","76120225","76120372","34","7969613"
"chr8","68164742","68164865","chr5","37629937","37630052","22","30534805"
"chr8","68169391","68169537","chr22","27287569","27287695","39","40881822"
"chr8","68170372","68170628","chrX","17588150","17588404","65","50582222"
"chr8","68176841","68176976","chr9","20099570","20099702","34","48077271"
"chr8","68180805","68181092","chr8","107302265","107302541","69","39121460"
"chr8","68213537","68213824","chr16","22293547","22293830","45","45919990"
"chr8","68245380","68245694","chr15","64378398","64378707","61","3866982"
"chr8","68398766","68398842","chrX","71620367","71620445","18","3221601"
"chr8","68416173","68416464","chr16","22492696","22492991","31","45923477"
"chr8","68467246","68467509","chr16","22547143","22547413","39","45920103"
"chr8","68490345","68490653","chr16","22571504","22571807","43","45918841"
"chr8","68657970","68658268","chr16","22692269","22692565","35","45965701"
"chr8","68666650","68666935","chr16","22700933","22701219","40","45965717"
"chr8","68671644","68671921","chr2","6860494","6860767","66","61811150"
"chr8","68716923","68717221","chr4","111330364","111330653","64","42613441"
"chr8","68739634","68739763","chr16","22772137","22772266","14","45967497"
"chr8","68775041","68775345","chr22","8475487","8475794","58","60299554"
"chr8","68804621","68804797","chr14","25233657","25233832","41","43570964"
"chr8","68889132","68889422","chr16","22917352","22917625","56","45971780"
"chr8","69250824","69251108","chr16","23251694","23251987","68","45999130"
"chr8","69394133","69394405","chr2","2309407","2309659","71","67084726"
"chr8","69407929","69408059","chrX","120496137","120496262","30","51088208"
"chr8","69876154","69876433","chr16","23912502","23912801","69","45963652"
"chr8","70073551","70073825","chr5","144840569","144840845","61","74767018"
"chr8","70073960","70073983","chr1","76967631","76967651","9","6893671"
"chr8","70209153","70209463","chr16","24160202","24160520","50","46048951"
"chr8","70283520","70283646","chr9","21660421","21660545","15","48623099"
"chr8","70294867","70295163","chr16","24297578","24297868","47","45997289"
"chr8","70478007","70478182","chr4","25757123","25757300","43","44720884"
"chr8","70736883","70737171","chr2","32903633","32903927","67","37833250"
"chr8","70873494","70873699","chr4","107463267","107463478","48","36589773"
"chr8","70979822","70980092","chr13","18944890","18945142","72","52034932"
"chr8","71106871","71106994","chr4","17998578","17998708","28","53108293"
"chr8","71232744","71233052","chr16","25268825","25269112","48","45963919"
"chr8","71278326","71278445","chr10","65301143","65301260","21","5977183"
"chr8","71301171","71301296","chr17","18697273","18697397","24","52603898"
"chr8","71310256","71310383","chr17","73458914","73459038","16","2148658"
"chr8","71342741","71343017","chr19","33747120","33747383","63","37595621"
"chr8","71372442","71372727","chr2","144679040","144679334","58","73306598"
"chr8","71426611","71426742","chrX","10740615","10740744","22","60685996"
"chr8","71563915","71564185","chr16","25595916","25596189","44","45967999"
"chr8","71574828","71575099","chr16","25607477","25607717","47","45967351"
"chr8","71600835","71601147","chr16","25632246","25632546","45","45968589"
"chr8","71640001","71640154","chr16","25672722","25672869","30","45967279"
"chr8","71731546","71731785","chr6","45133121","45133364","62","26598425"
"chr8","71761407","71761705","chr16","25799618","25799920","46","45961789"
"chr8","71778056","71778178","chr17","18697273","18697397","20","53080783"
"chr8","71888206","71888489","chr1","137030004","137030286","55","65141798"
"chr8","71945024","71945337","chr16","25978340","25978630","61","45966684"
"chr8","72012494","72012801","chr9","79506712","79507008","64","7494218"
"chr8","72021627","72021774","chr17","1696379","1696527","30","70325248"
"chr8","72021801","72021961","chr4","88897644","88897805","26","16875843"
"chr8","72024297","72024462","chr22","28403347","28403515","32","43620950"
"chr8","72043835","72044140","chr22","2944554","2944866","74","69099281"
"chr8","72082142","72082448","chr16","26220610","26220923","55","45861532"
"chr8","72139490","72139793","chr17","19090921","19091222","56","53048569"
"chr8","72166363","72166481","chr1","29483933","29484054","24","42682430"
"chr8","72175368","72175653","chrX","137827934","137828219","63","65652566"
"chr8","72187947","72188240","chr16","26389688","26389982","61","45798259"
"chr8","72196732","72196988","chr6","53816675","53816942","71","18380057"
"chr8","72205428","72205560","chr8","65441733","65441864","21","6763695"
"chr8","72259821","72259975","chr1","193589243","193589381","38","121329422"
"chr8","72943888","72944060","chr22","23083723","23083901","41","49860165"
"chr8","73203764","73204063","chr2","1128220","1128520","58","72075544"
"chr8","73462263","73462407","chr11","8902574","8902716","42","64559689"
"chr8","73539442","73539750","chr7","57399106","57399413","66","16140336"
"chr8","73606511","73606795","chr16","27724851","27725125","51","45881660"
"chr8","73656903","73657188","chr16","27781756","27782049","50","45875147"
"chr8","73658562","73658682","chr9","107943149","107943266","17","34284587"
"chr8","73685760","73686046","chrX","47368612","47368907","62","26317148"
"chr8","74114028","74114357","chr16","28177923","28178257","45","45936105"
"chr8","74146112","74146426","chr22","13094589","13094911","78","61051523"
"chr8","74365024","74365335","chr15","72518938","72519246","76","1846086"
"chr8","74820982","74821278","chr16","28814729","28815041","57","46006253"
"chr8","75058308","75058621","chr16","29049675","29049976","43","46008633"
"chr8","75165605","75165868","chr8","76242739","76243007","65","1077134"
"chr8","75224774","75225033","chr16","29218604","29218860","69","46006170"
"chr8","76645652","76645922","chr22","10970268","10970531","70","65675384"
"chr8","76775622","76775785","chr2","37638359","37638525","42","39137263"
"chr8","76812937","76813215","chr12","116881353","116881632","62","40068416"
"chr8","76907794","76907877","chr14","3042098","3042180","13","73865696"
"chr8","76979088","76979220","chr2","87336159","87336287","22","10357071"
"chr8","77394682","77394985","chr16","31239281","31239581","48","46155401"
"chr8","77608400","77608698","chr5","101404898","101405201","67","23796498"
"chr8","77918352","77918489","chr5","72732483","72732615","28","5185869"
"chr8","78005507","78005837","chr12","18923286","18923596","78","59082221"
"chr8","78313153","78313280","chr4","148876640","148876761","25","70563487"
"chr8","78317275","78317567","chr22","26596166","26596458","61","51721109"
"chr8","78407797","78408098","chrX","40275096","40275395","53","38132701"
"chr8","78410977","78411169","chr6","45379967","45380148","46","33031010"
"chr8","78426637","78426947","chr7","32363417","32363723","69","46063220"
"chr8","78447004","78447216","chr5","82783618","82783833","51","4336614"
"chr8","78456646","78456742","chr16","32295036","32295128","13","46161610"
"chr8","78459900","78460024","chr22","18128678","18128803","19","60331222"
"chr8","78483446","78483749","chr5","96663897","96664194","65","18180451"
"chr8","78493409","78493530","chr5","94503040","94503164","21","16009631"
"chr8","78517615","78517737","chr4","14872788","14872907","21","63644827"
"chr8","78553165","78553465","chr16","32386452","32386755","47","46166713"
"chr8","78559549","78559690","chrX","13001900","13002039","24","65557649"
"chr8","78609044","78609176","chr16","32439882","32440011","21","46169162"
"chr8","78639776","78640075","chr16","32468410","32468706","39","46171366"
"chr8","78646583","78646925","chr16","32473671","32474003","46","46172912"
"chr8","78648544","78648737","chr5","84797190","84797362","54","6148646"
"chr8","78693008","78693291","chr16","32517987","32518247","53","46175021"
"chr8","78709937","78710066","chr2","87336159","87336287","19","8626222"
"chr8","78712669","78712785","chrUn_GL286409","387998","388114","26","78324671"
"chr8","78740805","78740959","chr2","10299485","10299633","47","68441320"
"chr8","78740986","78741106","chr2","8694044","8694161","20","70046942"
"chr8","78760435","78760698","chr1","78734955","78735213","67","25480"
"chr8","78868625","78868899","chr10","114756255","114756541","72","35887630"
"chr8","78921289","78921595","chr16","32743665","32743965","40","46177624"
"chr8","79019726","79020029","chr2","204005137","204005441","69","124985411"
"chr8","79041602","79041927","chr9","66444598","66444909","71","12597004"
"chr8","79088847","79089170","chr16","32901541","32901865","38","46187306"
"chr8","79110165","79110480","chr16","32917652","32917957","45","46192513"
"chr8","79225405","79225697","chr9","84226861","84227152","54","5001456"
"chr8","79332766","79333047","chr9","13754453","13754739","62","65578313"
"chr8","79498866","79499149","chr16","33317009","33317307","51","46181857"
"chr8","79613875","79614170","chr1","102110047","102110334","73","22496172"
"chr8","79861433","79861567","chr7","70387290","70387422","26","9474143"
"chr8","80278374","80278663","chr1","155032190","155032474","64","74753816"
"chr8","80751204","80751508","chr12","52786850","52787155","77","27964354"
"chr8","80902161","80902384","chr4","12360826","12361036","61","68541335"
"chr8","81045082","81045363","chr7","66388710","66388987","55","14656372"
"chr8","81081517","81081830","chr10","8915279","8915588","64","72166238"
"chr8","81361603","81361779","chr22","3564760","3564931","45","77796843"
"chr8","82310799","82311080","chr2","144679040","144679334","66","62368241"
"chr8","82311115","82311136","chr2","11238519","11238536","5","71072596"
"chr8","82494518","82494796","chr16","36130404","36130687","40","46364114"
"chr8","82700649","82700772","chr16","36324904","36325027","13","46375745"
"chr8","83598114","83598422","chr16","37209395","37209703","58","46388719"
"chr8","83627444","83627698","chr16","37241172","37241436","46","46386272"
"chr8","83640833","83641143","chr16","37260813","37261109","49","46380020"
"chr8","83651731","83652037","chr12","26481170","26481471","60","57170561"
"chr8","83767012","83767128","chrUn_GL286217","106113","106229","20","83660899"
"chr8","84232115","84232424","chr5","116225258","116225574","65","31993143"
"chr8","84233818","84233990","chr20","20555547","20555720","47","63678271"
"chr8","84265492","84265776","chr3","40209261","40209534","83","44056231"
"chr8","84274244","84274549","chr7","32363417","32363723","72","51910827"
"chr8","84313071","84313195","chrX","58482136","58482260","19","25830935"
"chr8","84317802","84317926","chr16","37917560","37917683","14","46400242"
"chr8","84333070","84333339","chr16","37934702","37934962","42","46398368"
"chr8","84435495","84435781","chr12","83782377","83782672","84","653118"
"chr8","84523306","84523623","chr8","123264750","123265057","82","38741444"
"chr8","84542329","84542624","chr16","38076348","38076634","56","46465981"
"chr8","84566282","84566474","chr2","141911165","141911350","42","57344883"
"chr8","84624452","84624725","chr16","25769046","25769318","76","58855406"
"chr8","84696362","84696487","chr16","38240711","38240827","21","46455651"
"chr8","84700203","84700406","chrX","95596924","95597125","44","10896721"
"chr8","84734342","84734626","chr16","38276070","38276361","54","46458272"
"chr8","84764986","84765090","chr9","114568709","114568812","21","29803723"
"chr8","84771423","84771717","chr6","31372066","31372370","75","53399357"
"chr8","84774114","84774248","chr10","128531631","128531764","20","43757517"
"chr8","84786335","84786624","chr16","38335352","38335661","42","46450983"
"chr8","84876944","84877223","chr16","38423448","38423715","50","46453496"
"chr8","84880801","84881077","chr8","7844825","7845103","59","77035976"
"chr8","85036908","85037011","chr2","11777768","11777876","23","73259140"
"chr8","85781694","85781982","chr16","39197245","39197532","41","46584449"
"chr8","86083673","86083947","chr6","46650740","46651001","91","39432933"
"chr8","86890374","86890502","chr1","10490697","10490824","22","76399677"
"chr8","87379988","87380108","chr22","17647117","17647240","28","69732871"
"chr8","87761996","87762117","chr7","80222234","80222356","16","7539762"
"chr8","88387121","88387242","chr16","41662689","41662818","22","46724432"
"chr8","88389991","88390104","chr2","21228963","21229079","21","67161028"
"chr8","88390403","88390574","chr11","116943054","116943220","49","28552651"
"chr8","88481096","88481390","chr1","183927736","183928027","52","95446640"
"chr8","88701237","88701604","chr2","5272373","5272703","104","83428864"
"chr8","88708037","88708294","chr16","41964635","41964914","52","46743402"
"chr8","88725210","88725332","chr1","187530445","187530567","24","98805235"
"chr8","88780941","88781022","chr8","66717113","66717192","13","22063828"
"chr8","89180572","89180671","chr2","49343358","49343463","21","39837214"
"chr8","89181024","89181254","chr22","17405516","17405734","67","71775508"
"chr8","89343217","89343422","chr19","4738897","4739100","41","84604320"
"chr8","89827569","89827872","chr4","14203348","14203640","62","75624221"
"chr8","90135774","90136059","chr16","43352167","43352450","50","46783607"
"chr8","90318347","90318621","chr18","6672839","6673114","57","83645508"
"chr8","90345842","90345957","chr13","58129108","58129220","23","32216734"
"chr8","90576223","90576565","chr16","43766641","43766926","85","46809582"
"chr8","90743940","90744058","chr5","93839697","93839814","21","3095757"
"chr8","90818495","90818619","chr16","44023400","44023523","15","46795095"
"chr8","91676586","91676857","chr16","44902594","44902862","58","46773992"
"chr8","91692878","91692998","chr17","24136495","24136616","18","67556383"
"chr8","91693025","91693191","chr11","76578764","76578933","39","15114261"
"chr8","91740519","91740821","chr16","44964955","44965245","37","46775564"
"chr8","91742507","91742811","chr4","138607604","138607913","69","46865097"
"chr8","91824600","91824939","chr22","32315972","32316276","78","59508628"
"chr8","91852941","91853099","chr22","36661092","36661241","39","55191849"
"chr8","91965559","91965664","chr17","53768712","53768813","22","38196847"
"chr8","92028540","92028830","chr16","45253848","45254139","30","46774692"
"chr8","92141212","92141331","chr1","106642431","106642552","19","14501219"
"chr8","92179396","92179526","chr2","13143165","13143292","24","79036231"
"chr8","92195807","92196078","chr16","45456995","45457293","51","46738812"
"chr8","92249934","92250091","chr15","5374915","5375069","47","86875019"
"chr8","92281341","92281661","chr4","44724576","44724891","87","47556765"
"chr8","92387808","92388112","chr16","45633621","45633924","41","46754187"
"chr8","92445950","92446222","chr16","45680134","45680396","57","46765816"
"chr8","92623211","92623331","chr12","60429702","60429823","29","32193509"
"chr8","92673408","92673693","chr16","45916833","45917119","59","46756575"
"chr8","92810742","92811029","chr6","117681985","117682275","57","24871243"
"chr8","93002439","93002515","chr22","40849289","40849365","14","52153150"
"chr8","93032072","93032369","chr16","46289381","46289668","42","46742691"
"chr8","93063154","93063283","chr16","46329569","46329700","14","46733585"
"chr8","93071567","93071853","chr16","46340033","46340321","44","46731534"
"chr8","93092626","93092942","chr10","98028997","98029310","74","4936371"
"chr8","93115881","93116174","chr6","117681985","117682275","53","24566104"
"chr8","93117750","93117876","chrX","86895616","86895746","21","6222134"
"chr8","93136220","93136343","chr16","46412577","46412693","14","46723643"
"chr8","93147102","93147228","chr5","22962538","22962671","29","70184564"
"chr8","93156485","93156773","chr21","50457151","50457444","63","42699334"
"chr8","93284052","93284350","chr7","43831201","43831504","76","49452851"
"chr8","93305219","93305530","chr10","121293668","121293955","83","27988449"
"chr8","93311829","93312133","chr16","46573718","46574024","58","46738111"
"chr8","93349255","93349529","chr16","46607393","46607673","39","46741862"
"chr8","93497661","93497973","chr22","31352205","31352514","56","62145456"
"chr8","93576015","93576268","chr16","46855884","46856143","33","46720131"
"chr8","93609811","93610124","chr14","42057734","42058022","85","51552077"
"chr8","93621549","93621852","chr16","46896047","46896349","26","46725502"
"chr8","93917682","93917973","chr11","122332898","122333191","70","28415216"
"chr8","94077310","94077485","chr10","129434684","129434848","37","35357374"
"chr8","94077795","94077937","chr18","4833463","4833602","27","89244332"
"chr8","94192173","94192487","chr16","47429548","47429867","29","46762625"
"chr8","94220369","94220640","chr12","8467893","8468161","55","85752476"
"chr8","94296502","94296810","chr16","47535104","47535411","45","46761398"
"chr8","94495268","94495564","chr2","153911331","153911638","57","59416063"
"chr8","94788411","94788698","chr16","47979219","47979494","63","46809192"
"chr8","94972364","94972436","chr7","65245190","65245252","22","29727174"
"chr8","95007341","95007623","chr10","55285796","55286072","70","39721545"
"chr8","95257406","95257616","chrX","107099426","107099651","66","11842020"
"chr8","95292719","95292831","chr22","1737807","1737917","29","93554912"
"chr8","95883951","95884015","chr4","159638154","159638215","4","63754203"
"chr8","96156435","96156561","chrUn_GL286217","106113","106229","25","96050322"
"chr8","96203338","96203455","chr12","43995245","43995367","24","52208093"
"chr8","96212685","96212955","chr16","49335346","49335611","32","46877339"
"chr8","96216035","96216342","chr2","17546997","17547294","74","78669038"
"chr8","96227160","96227455","chr16","49350105","49350405","29","46877055"
"chr8","96237629","96237929","chr16","49365761","49366061","49","46871868"
"chr8","96250487","96250802","chr16","49384017","49384308","57","46866470"
"chr8","96264276","96264444","chr1","183618563","183618716","41","87354287"
"chr8","96322879","96323164","chr12","23319507","23319788","70","73003372"
"chr8","96341684","96342015","chr2","55066874","55067186","71","41274810"
"chr8","96343986","96344238","chr2","7657045","7657305","67","88686941"
"chr8","96467415","96467537","chr17","33732366","33732483","20","62735049"
"chr8","96549210","96549533","chr20","40343502","40343804","70","56205708"
"chr8","96570171","96570466","chr16","96623048","96623332","41","52877"
"chr8","96626175","96626377","chr2","36714412","36714592","53","59911763"
"chr8","96626675","96626798","chr22","18128678","18128803","21","78497997"
"chr8","96661998","96662308","chr16","96525410","96525698","53","136588"
"chr8","96699787","96699929","chr5","4469592","4469726","37","92230195"
"chr8","96733124","96733257","chr16","96449859","96449982","23","283265"
"chr8","96771299","96771604","chr16","96411179","96411498","53","360120"
"chr8","96774099","96774389","chr16","96408328","96408616","46","365771"
"chr8","96780641","96780717","chr16","96401753","96401829","5","378888"
"chr8","96807392","96807494","chr16","96373808","96373906","13","433584"
"chr8","96882029","96882272","chr12","20458076","20458323","66","76423953"
"chr8","96972639","96972765","chr18","14848181","14848308","15","82124458"
"chr8","97178708","97179002","chr1","171173294","171173582","54","73994586"
"chr8","97184873","97185151","chr1","28807002","28807286","60","68377871"
"chr8","97212859","97213167","chr16","95959348","95959636","65","1253511"
"chr8","97262910","97263212","chr16","1418834","1419135","53","95844076"
"chr8","97285136","97285247","chr2","139003470","139003587","25","41718334"
"chr8","97286817","97287068","chr15","75721138","75721387","65","21565679"
"chr8","97380208","97380468","chr7","122885667","122885928","65","25505459"
"chr8","97487181","97487468","chr16","95700294","95700580","44","1786887"
"chr8","97586118","97586419","chr16","94132557","94132858","54","3453561"
"chr8","97657036","97657285","chr5","61863062","61863297","66","35793974"
"chr8","97658444","97658553","chr15","61296467","61296574","20","36361977"
"chr8","97722605","97722776","chr22","28403347","28403515","34","69319258"
"chr8","97722802","97722917","chr20","10977516","10977631","22","86745286"
"chr8","97806098","97806388","chr16","95428091","95428383","47","2378007"
"chr8","97907057","97907360","chr16","95311606","95311921","52","2595451"
"chr8","97958050","97958356","chr16","95258888","95259188","45","2699162"
"chr8","98037004","98037255","chr15","61443949","61444210","68","36593055"
"chr8","98107817","98108087","chrX","37220316","37220589","72","60887501"
"chr8","98168839","98169135","chr16","95073543","95073836","33","3095296"
"chr8","98174726","98174900","chr2","122315865","122316039","40","24141139"
"chr8","98292336","98292631","chr16","94921526","94921826","45","3370810"
"chr8","98326300","98326579","chr12","97674374","97674654","64","651926"
"chr8","98533858","98534132","chr16","94751865","94752139","34","3781993"
"chr8","98584089","98584375","chr7","30592243","30592535","64","67991846"
"chr8","98600232","98600354","chr17","18697273","18697397","17","79902959"
"chr8","98602875","98603191","chr5","24195087","24195379","77","74407788"
"chr8","98615291","98615590","chr14","80754932","80755229","60","17860359"
"chr8","98623780","98624091","chr7","51542166","51542478","65","47081614"
"chr8","98648905","98649217","chr13","46191369","46191685","69","52457536"
"chr8","98682663","98682782","chr16","94609517","94609637","12","4073146"
"chr8","98734112","98734426","chr16","94571967","94572273","45","4162145"
"chr8","98859918","98860044","chr11","35268620","35268744","21","63591298"
"chr8","98860485","98860607","chr22","27287569","27287695","15","71572916"
"chr8","98896866","98897087","chr16","94418762","94418982","25","4478104"
"chr8","98918338","98918513","chr7","60565933","60566105","43","38352405"
"chr8","98918818","98918964","chr12","11035256","11035394","36","87883562"
"chr8","98925099","98925373","chr7","14173858","14174133","65","84751241"
"chr8","98944717","98945006","chr9","106173665","106173947","61","7228948"
"chr8","99017858","99018168","chr14","74675440","74675747","66","24342418"
"chr8","99178964","99179259","chr16","94136193","94136496","45","5042771"
"chr8","99184986","99185127","chr11","14925792","14925929","37","84259194"
"chr8","99185811","99186110","chr16","94132557","94132858","31","5053254"
"chr8","99203478","99203781","chr16","94113551","94113856","27","5089927"
"chr8","99248135","99248264","chr16","94070899","94071026","17","5177236"
"chr8","99253575","99253825","chr2","116816598","116816813","79","17563023"
"chr8","99256436","99256550","chr7","74440560","74440674","26","24815876"
"chr8","99282633","99282757","chr2","10899863","10899988","19","88382770"
"chr8","99286080","99286205","chr16","94042636","94042767","18","5243444"
"chr8","99325276","99325579","chr16","94003393","94003691","41","5321883"
"chr8","99341866","99342161","chr16","46334192","46334488","65","53007674"
"chr8","99349520","99349830","chr16","93970029","93970336","57","5379491"
"chr8","99377511","99377634","chr1","155368947","155369069","18","55991436"
"chr8","99387063","99387345","chr2","8980236","8980513","51","90406827"
"chr8","99395877","99395987","chr20","3995277","3995385","21","95400600"
"chr8","99449031","99449162","chr9","112921738","112921872","25","13472707"
"chr8","99449449","99449631","chr12","74073662","74073839","42","25375787"
"chr8","99455605","99455715","chr6","44384630","44384744","32","55070975"
"chr8","99463066","99463278","chr12","29345059","29345269","65","70118007"
"chr8","99479007","99479090","chrX","71620367","71620445","14","27858640"
"chr8","99504006","99504297","chrX","7604337","7604631","68","91899669"
"chr8","99508955","99509076","chr16","93820873","93820992","13","5688082"
"chr8","99535505","99535844","chr7","153049855","153050182","81","53514350"
"chr8","99562458","99562746","chr6","156012143","156012430","58","56449685"
"chr8","99576399","99576700","chr5","112288445","112288731","72","12712046"
"chr8","99598468","99598772","chr10","93192499","93192806","68","6405969"
"chr8","99598773","99598896","chr16","93786261","93786384","8","5812512"
"chr8","99624479","99624633","chr5","26420300","26420451","26","73204179"
"chr8","99628782","99628895","chr10","89808395","89808508","18","9820387"
"chr8","99628943","99628956","chr6","16302946","16302959","5","83325997"
"chr8","99628984","99629148","chr7","75670967","75671138","44","23958017"
"chr8","99682024","99682303","chr2","60086722","60087003","56","39595302"
"chr8","99719124","99719398","chr15","34373233","34373507","50","65345891"
"chr8","99735572","99735691","chr16","93645978","93646092","20","6089594"
"chr8","99820267","99820572","chr2","13987385","13987695","62","85832882"
"chr8","99861072","99861306","chr6","94627439","94627665","56","5233633"
"chr8","99956800","99957080","chr22","16033286","16033574","60","83923514"
"chr8","100082040","100082207","chr16","93306730","93306876","31","6775310"
"chr8","100165127","100165443","chr16","93214394","93214691","53","6950733"
"chr8","100200735","100201024","chr13","36414491","36414784","60","63786244"
"chr8","100290317","100290453","chr22","36082970","36083122","34","64207347"
"chr8","100290501","100290619","chr11","20227354","20227469","21","80063147"
"chr8","100425156","100425425","chr1","173154035","173154313","64","72728879"
"chr8","100601295","100601544","chr5","6100365","6100609","76","94500930"
"chr8","100784519","100784596","chr3","45305508","45305586","13","55479011"
"chr8","100929204","100929333","chr3","54533733","54533859","23","46395471"
"chr8","101002176","101002469","chr16","92285817","92286105","43","8716359"
"chr8","101059912","101060217","chr16","92225887","92226206","42","8834025"
"chr8","101062529","101062864","chr16","92223320","92223621","86","8839209"
"chr8","101115836","101116156","chr16","92167914","92168222","68","8947922"
"chr8","101135410","101135542","chr8","91375377","91375506","23","9760033"
"chr8","101153882","101154045","chr3","4521439","4521587","36","96632443"
"chr8","101154076","101154192","chrUn_GL286217","106113","106229","22","101047963"
"chr8","101192220","101192501","chr16","92065104","92065382","49","9127116"
"chr8","101200929","101201053","chr11","35268620","35268744","18","65932309"
"chr8","101219736","101220033","chr16","92039773","92040060","53","9179963"
"chr8","101255971","101256108","chr20","27666546","27666681","26","73589425"
"chr8","101276069","101276193","chr7","23997896","23998020","20","77278173"
"chr8","101276447","101276665","chr5","76312954","76313150","65","24963493"
"chr8","101309516","101309812","chr2","10830367","10830666","68","90479149"
"chr8","101379839","101380066","chr20","26280433","26280649","54","75099406"
"chr8","101451929","101452223","chr16","91794343","91794641","39","9657586"
"chr8","101462383","101462694","chr18","3285745","3286058","57","98176638"
"chr8","101469719","101469987","chr1","188596474","188596746","72","87126755"
"chr8","101507193","101507318","chr20","39572738","39572861","23","61934455"
"chr8","101568268","101568578","chr14","21286699","21286994","90","80281569"
"chr8","101628054","101628185","chr5","133601563","133601693","23","31973509"
"chr8","101689225","101689518","chr2","56969336","56969629","61","44719889"
"chr8","101811098","101811372","chr11","22475002","22475290","74","79336096"
"chr8","101949599","101949891","chr5","137650955","137651245","63","35701356"
"chr8","102046660","102046899","chr8","107421957","107422209","58","5375297"
"chr8","102208047","102208354","chr20","38498660","38498964","70","63709387"
"chr8","102479427","102479733","chr16","90826526","90826827","52","11652901"
"chr8","102597928","102597995","chr8","54966292","54966357","25","47631636"
"chr8","102662550","102662847","chr16","90657512","90657802","48","12005038"
"chr8","102827168","102827467","chr15","72135831","72136125","65","30691337"
"chr8","102875866","102876138","chr16","90468819","90469090","34","12407047"
"chr8","102903359","102903660","chr16","90442799","90443083","44","12460560"
"chr8","103097303","103097614","chr16","90261294","90261591","44","12836009"
"chr8","103212536","103212670","chr5","129538101","129538235","23","26325565"
"chr8","103593995","103594289","chr11","17211337","17211623","80","86382658"
"chr8","104241891","104242203","chr16","89158400","89158693","58","15083491"
"chr8","104307632","104307940","chr15","72518938","72519246","65","31788694"
"chr8","104364927","104365249","chr14","59498349","59498666","75","44866578"
"chr8","104521977","104522282","chr16","88887062","88887367","50","15634915"
"chr8","104530574","104530872","chr16","88879749","88880042","48","15650825"
"chr8","104602675","104602815","chr16","66070553","66070688","27","38532122"
"chr8","104603126","104603163","chr3","189226946","189226980","14","84623820"
"chr8","104710135","104710420","chr4","107869232","107869514","69","3159097"
"chr8","104739799","104740110","chr5","99326836","99327142","72","5412963"
"chr8","104866427","104866714","chr16","88541592","88541855","66","16324835"
"chr8","104964586","104964895","chr16","88447030","88447340","47","16517556"
"chr8","105194137","105194435","chr2","61820209","61820486","94","43373928"
"chr8","105316663","105316970","chr16","88081879","88082180","36","17234784"
"chr8","105487694","105487974","chr10","8850889","8851177","63","96636805"
"chr8","105536011","105536319","chrX","22454216","22454523","65","83081795"
"chr8","105624473","105624721","chr6","150478215","150478472","56","44853742"
"chr8","105683356","105683663","chr13","19291873","19292184","40","86391483"
"chr8","105762437","105762728","chr1","143562031","143562314","61","37799594"
"chr8","106029129","106029399","chr16","87398591","87398864","44","18630538"
"chr8","106184122","106184366","chr16","87236961","87237206","45","18947161"
"chr8","106186526","106186799","chr17","70890752","70891032","69","35295774"
"chr8","107009183","107009485","chr5","71753557","71753827","93","35255626"
"chr8","107022227","107022478","chr18","33417455","33417706","53","73604772"
"chr8","107099167","107099466","chr5","109036428","109036721","71","1937261"
"chr8","107149692","107149974","chr8","27285366","27285648","59","79864326"
"chr8","107192456","107192595","chr10","47225571","47225710","26","59966885"
"chr8","107222390","107222563","chr10","126259446","126259620","38","19037056"
"chr8","107222598","107222676","chr9","115415888","115415963","12","8193290"
"chr8","107314772","107314900","chr2","11370630","11370762","20","95944142"
"chr8","107348882","107349157","chr16","71714174","71714446","69","35634708"
"chr8","107748491","107748780","chr16","85615621","85615899","41","22132870"
"chr8","107874656","107874966","chr16","85499065","85499359","59","22375591"
"chr8","107906233","107906519","chr16","85471913","85472202","59","22434320"
"chr8","108110344","108110642","chrX","16677699","16677992","57","91432645"
"chr8","108167863","108168155","chr19","48742894","48743187","55","59424969"
"chr8","108195654","108195950","chr16","85210572","85210859","34","22985082"
"chr8","108322192","108322488","chr7","493374","493666","59","107828818"
"chr8","108942173","108942481","chr2","189054502","189054809","60","80112329"
"chr8","109682731","109682836","chr7","63129024","63129132","22","46553707"
"chr8","111191110","111191396","chr16","82482839","82483127","45","28708271"
"chr8","111436271","111436554","chr16","82221690","82221972","44","29214581"
"chr8","111510132","111510411","chr16","82146576","82146865","32","29363556"
"chr8","112470809","112471080","chr16","81183490","81183760","51","31287319"
"chr8","113072748","113073028","chr16","80631818","80632101","43","32440930"
"chr8","113649287","113649404","chr16","80158078","80158194","24","33491209"
"chr8","113690226","113690531","chr16","80122654","80122958","69","33567572"
"chr8","113708212","113708539","chr7","78050188","78050503","83","35658024"
"chr8","113916213","113916490","chr16","79960284","79960553","48","33955929"
"chr8","114460683","114460813","chr6","134766266","134766396","26","20305583"
"chr8","115163266","115163557","chr5","145661226","145661514","60","30497960"
"chr8","116126559","116126831","chr17","74532386","74532666","64","41594173"
"chr8","116418976","116419292","chr16","77623862","77624185","40","38795114"
"chr8","116428564","116428861","chr16","77613101","77613415","59","38815463"
"chr8","116619799","116620101","chr16","77436392","77436665","67","39183407"
"chr8","116784890","116785008","chr16","77263166","77263289","19","39521724"
"chr8","116901531","116901797","chr16","77151706","77151989","57","39749825"
"chr8","116917147","116917437","chr16","77137003","77137302","43","39780144"
"chr8","117081019","117081304","chr5","94611329","94611614","58","22469690"
"chr8","117093958","117094262","chr16","76955327","76955603","52","40138631"
"chr8","117156040","117156351","chrX","22454216","22454523","58","94701824"
"chr8","117156370","117156674","chr7","32363417","32363723","64","84792953"
"chr8","117342653","117342933","chr6","121818575","121818850","66","4475922"
"chr8","117402891","117403147","chr5","108864858","108865125","58","8538033"
"chr8","117417910","117418217","chr7","55168420","55168731","63","62249490"
"chr8","117583160","117583464","chr16","76593361","76593662","44","40989799"
"chr8","117585785","117586061","chr16","76590796","76591071","35","40994989"
"chr8","117864484","117864768","chr16","76286228","76286521","43","41578256"
"chr8","117892341","117892506","chr9","1902769","1902931","43","115989572"
"chr8","117940467","117940671","chr5","6447228","6447428","51","111493239"
"chr8","118069334","118069610","chr1","66882615","66882894","65","51186719"
"chr8","118894706","118894997","chr16","75200003","75200277","52","43694703"
"chr8","119092424","119092731","chr9","84226861","84227152","65","34865563"
"chr8","119154768","119155066","chr16","74968220","74968516","29","44186548"
"chr8","119230525","119230640","chr5","37629937","37630052","21","81600588"
"chr8","119342549","119342837","chr2","91134538","91134832","66","28208011"
"chr8","119389844","119390168","chr16","74711767","74712083","45","44678077"
"chr8","119447594","119447880","chr9","84226861","84227152","54","35220733"
"chr8","119594051","119594361","chr16","74495996","74496289","47","45098055"
"chr8","119958877","119958971","chr16","74074848","74074942","7","45884029"
"chr8","119966204","119966329","chr9","21660421","21660545","21","98305783"
"chr8","119972699","119972793","chr16","74074848","74074942","7","45897851"
"chr8","119980025","119980150","chr9","21660421","21660545","21","98319604"
"chr8","120311220","120311498","chr8","76560509","76560777","60","43750711"
"chr8","120349608","120349866","chr7","24065929","24066200","63","96283679"
"chr8","120365102","120365414","chr2","11046485","11046790","75","109318617"
"chr8","120480817","120481115","chr6","117617020","117617314","74","2863797"
"chr8","120808863","120809163","chr14","87894635","87894929","67","32914228"
"chr8","120827200","120827330","chr5","80398262","80398393","21","40428938"
"chr8","120845380","120845687","chr4","151447656","151447965","74","30602276"
"chr8","121130640","121130948","chr9","40285498","40285797","69","80845142"
"chr8","121513293","121513565","chr16","72488021","72488308","47","49025272"
"chr8","121566630","121566920","chr13","1765130","1765423","61","119801500"
"chr8","121863359","121863488","chr4","44916989","44917117","30","76946370"
"chr8","121921535","121921664","chr2","10110790","10110922","24","111810745"
"chr8","121921720","121921911","chr5","64404199","64404398","50","57517521"
"chr8","122075595","122075893","chr2","64519065","64519361","66","57556530"
"chr8","122293502","122293778","chr16","71714174","71714446","29","50579328"
"chr8","122320965","122321266","chr4","23888556","23888862","68","98432409"
"chr8","122321671","122321978","chr16","71686442","71686730","45","50635229"
"chr8","122335550","122335861","chr16","71670460","71670767","37","50665090"
"chr8","122374740","122375011","chr16","25105008","25105282","60","97269732"
"chr8","122394979","122395049","chr8","89722945","89723013","10","32672034"
"chr8","122539846","122540152","chr7","32363417","32363723","69","90176429"
"chr8","122578704","122578984","chr12","110086331","110086619","63","12492373"
"chr8","122684342","122684391","chr1","76970757","76970807","12","45713585"
"chr8","122748693","122748989","chr9","96993073","96993365","61","25755620"
"chr8","122866383","122866678","chr16","69364967","69365256","57","53501416"
"chr8","123004417","123004538","chr6","16010782","16010900","25","106993635"
"chr8","123153629","123153948","chr5","32159227","32159534","73","90994402"
"chr8","123253536","123253757","chr16","70757491","70757717","37","52496045"
"chr8","123306875","123307177","chr16","70695166","70695461","50","52611709"
"chr8","123372187","123372483","chr16","70626461","70626756","41","52745726"
"chr8","123398094","123398376","chr22","31139189","31139466","64","92258905"
"chr8","123507457","123507588","chr2","66606917","66607057","40","56900540"
"chr8","123612995","123613117","chr17","5989328","5989449","17","117623667"
"chr8","123613962","123614226","chr5","94548351","94548618","59","29065611"
"chr8","123638987","123639334","chr7","27430380","27430713","97","96208607"
"chr8","123751379","123751639","chr22","29964799","29965054","60","93786580"
"chr8","123828851","123829161","chr16","70163362","70163663","51","53665489"
"chr8","123868249","123868385","chr2","170813628","170813760","21","46945379"
"chr8","123900450","123900761","chr3","39544873","39545188","68","84355577"
"chr8","124190278","124190447","chr2","21097639","21097803","30","103092639"
"chr8","124190473","124190597","chr6","84631010","84631133","29","39559463"
"chr8","124356686","124356986","chr16","69687409","69687706","45","54669277"
"chr8","124395197","124395463","chr7","14103441","14103711","52","110291756"
"chr8","124432980","124433146","chr16","69599737","69599890","36","54833243"
"chr8","124573387","124573681","chr16","69463940","69464242","49","55109447"
"chr8","124633874","124633964","chr12","15932287","15932374","21","108701587"
"chr8","124639437","124639719","chr16","69397846","69398133","44","55241591"
"chr8","124662775","124663051","chr16","69370339","69370624","39","55292436"
"chr8","124664062","124664182","chr16","69369089","69369211","20","55294973"
"chr8","124669209","124669353","chr5","121342109","121342251","25","3327100"
"chr8","124694579","124694709","chr2","87336159","87336287","18","37358420"
"chr8","124720671","124720961","chr16","69308976","69309268","33","55411695"
"chr8","125396139","125396437","chr4","16462057","16462343","66","108934082"
"chr8","125557752","125558011","chr16","68477399","68477682","49","57080353"
"chr8","125638826","125639013","chr11","122167801","122167984","46","3471025"
"chr8","125695228","125695444","chr4","12360826","12361036","52","113334402"
"chr8","125892461","125892633","chr16","68163827","68163990","26","57728634"
"chr8","125892974","125893121","chr12","11035256","11035394","29","114857718"
"chr8","126491631","126491917","chrX","37220316","37220589","70","89271315"
"chr8","126521966","126522252","chr16","67574234","67574528","43","58947732"
"chr8","126765682","126765844","chr9","39436388","39436527","43","87329294"
"chr8","126962518","126962718","chr7","75427691","75427912","56","51534827"
"chr8","127002305","127002608","chr7","97730148","97730448","62","29272157"
"chr8","127059023","127059315","chr15","57058522","57058823","77","70000501"
"chr8","127073970","127074284","chrX","13712564","13712860","70","113361406"
"chr8","127075607","127075898","chr9","53523121","53523415","72","73552486"
"chr8","127103317","127103579","chr14","16742849","16743121","73","110360468"
"chr8","127107359","127107662","chr16","66970846","66971151","36","60136513"
"chr8","127109488","127109592","chr9","114568709","114568812","17","12540779"
"chr8","127132195","127132486","chr16","66933576","66933877","44","60198619"
"chr8","127136320","127136609","chr14","87894635","87894929","63","39241685"
"chr8","127153905","127154028","chr9","79729697","79729819","22","47424208"
"chr8","127156827","127157125","chr16","66900020","66900309","45","60256807"
"chr8","127157887","127158008","chr12","55001360","55001484","17","72156527"
"chr8","127158303","127158471","chr5","79470509","79470673","45","47687794"
"chr8","127173369","127173492","chr1","106234261","106234385","19","20939108"
"chr8","127174735","127175020","chrX","40232755","40233015","71","86941980"
"chr8","127176023","127176213","chr7","6627094","6627272","47","120548929"
"chr8","127182170","127182493","chr16","66867588","66867869","76","60314582"
"chr8","127215645","127215832","chrUn_GL286453","150144","150337","50","127065501"
"chr8","127216139","127216255","chr12","21514138","21514254","20","105702001"
"chr8","127257254","127257382","chr6","112715524","112715653","23","14541730"
"chr8","127646337","127646619","chrUn_GL286323","28108","28394","70","127618229"
"chr8","127902978","127903113","chr16","66070553","66070688","12","61832425"
"chr8","128421048","128421174","chr9","21660421","21660545","22","106760627"
"chr8","128646173","128646486","chrX","102595259","102595568","68","26050914"
"chr8","128646488","128646621","chr7","19671951","19672086","23","108974537"
"chr8","128717242","128717478","chr1","155451312","155451539","50","26734070"
"chr8","128866343","128866646","chr12","3722835","3723126","80","125143508"
"chr8","129053681","129053835","chr15","41896354","41896493","45","87157327"
"chr8","129123834","129123972","chr17","73250584","73250724","23","55873250"
"chr8","129124269","129124315","chr10","85019506","85019548","17","44104763"
"chr8","129135812","129136078","chr16","64843373","64843655","61","64292439"
"chr8","129235451","129235756","chr2","13171138","13171429","74","116064313"
"chr8","129268869","129268982","chr7","30215462","30215575","18","99053407"
"chr8","129288543","129288809","chrY","1556773","1557040","58","127731770"
"chr8","129306519","129306670","chr16","64673997","64674131","29","64632522"
"chr8","129315173","129315466","chr5","118220175","118220483","67","11094998"
"chr8","129318020","129318041","chr2","9724691","9724705","8","119593329"
"chr8","129318335","129318453","chr2","25754063","25754178","18","103564272"
"chr8","129345588","129345880","chr16","64633282","64633575","34","64712306"
"chr8","129364698","129364985","chr11","115154046","115154331","56","14210652"
"chr8","129405943","129406247","chr5","5051180","5051479","61","124354763"
"chr8","129423572","129423885","chr16","64552439","64552737","52","64871133"
"chr8","129426667","129426960","chr16","64549099","64549390","50","64877568"
"chr8","129431459","129431743","chr9","44828251","44828546","77","84603208"
"chr8","129448720","129448850","chr9","56024635","56024765","16","73424085"
"chr8","129556894","129557202","chr16","64417243","64417531","60","65139651"
"chr8","129798359","129798668","chr16","64199023","64199330","58","65599336"
"chr8","129811806","129812123","chrX","106856185","106856498","67","22955621"
"chr8","129853721","129854014","chr16","64142725","64143018","33","65710996"
"chr8","129868180","129868484","chrX","48297259","48297562","85","81570921"
"chr8","129891066","129891198","chr5","36121312","36121444","23","93769754"
"chr8","129935814","129936085","chr16","64062717","64063009","68","65873097"
"chr8","129964051","129964188","chr5","44336018","44336153","22","85628033"
"chr8","130515639","130515762","chr3","137802923","137803047","18","7287284"
"chr8","130845930","130846189","chr13","7487505","7487759","60","123358425"
"chr8","130944932","130945106","chr7","55809846","55810007","46","75135086"
"chr8","131054311","131054428","chr14","84591317","84591429","26","46462994"
"chr8","131372560","131372688","chr9","65816955","65817079","21","65555605"
"chr8","131830805","131831108","chr22","29758068","29758367","70","102072737"
"chr8","132072105","132072402","chr5","107447036","107447311","81","24625069"
"chr8","132428497","132428799","chr16","61555872","61556165","40","70872625"
"chr8","132768915","132769235","chr3","39544873","39545188","56","93224042"
"chr8","132914333","132914636","chr13","6809801","6810102","59","126104532"
"chr8","133017713","133018014","chr16","61001794","61002089","49","72015919"
"chr8","133205281","133205578","chr16","60844491","60844781","64","72360790"
"chr8","134065776","134065899","chr9","65816955","65817079","21","68248821"
"chr8","134161078","134161400","chr16","59799769","59800072","61","74361309"
"chr8","134166060","134166357","chr16","59794840","59795134","41","74371220"
"chr8","134580805","134581084","chr1","62869740","62870021","59","71711065"
"chr8","135049263","135049333","chr16","58878789","58878858","10","76170474"
"chr8","135278844","135279145","chr16","58644392","58644680","42","76634452"
"chr8","135838059","135838361","chr16","46926731","46927033","73","88911328"
"chr8","136747747","136748019","chr4","37613653","37613939","58","99134094"
"chr8","136813722","136814008","chr16","8843993","8844263","65","127969729"
"chr8","137114590","137114742","chr15","96707866","96708011","34","40406724"
"chr8","137115045","137115189","chr10","82819638","82819773","32","54295407"
"chr8","137407957","137408270","chr20","29688896","29689203","54","107719061"
"chr8","137830420","137830692","chr16","56176812","56177095","53","81653608"
"chr8","137861720","137862001","chr16","56144567","56144859","53","81717153"
"chr8","137945485","137945568","chr4","46307378","46307460","20","91638107"
"chr8","137978611","137978897","chr16","56018864","56019145","49","81959747"
"chr8","138087325","138087618","chr16","55880801","55881091","32","82206524"
"chr8","138275347","138275648","chr2","55200270","55200573","57","83075077"
"chr8","138292863","138293160","chr14","21286699","21286994","70","117006164"
"chr8","138425106","138425201","chr3","90494104","90494198","15","47931002"
"chr8","139309314","139309629","chr16","54640658","54640951","50","84668656"
"chr8","139330277","139330583","chr8","97620169","97620475","60","41710108"
"chr8","139496333","139496594","chr16","54438077","54438348","35","85058256"
"chr8","139584383","139584513","chr16","54332479","54332609","12","85251904"
"chr8","139824283","139824609","chr8","116561170","116561472","92","23263113"
"chr8","139837630","139837917","chr13","36056001","36056281","73","103781629"
"chr8","139875234","139875497","chr7","41613711","41613963","56","98261523"
"chr8","139918800","139919111","chr2","8000025","8000324","67","131918775"
"chr8","139925385","139925628","chr16","53966472","53966714","43","85958913"
"chr8","139932829","139932953","chr17","18697273","18697397","15","121235556"
"chr8","139945848","139945923","chr8","11472709","11472779","18","128473139"
"chr8","139991935","139992218","chr16","53902010","53902282","40","86089925"
"chr8","139993409","139993606","chr14","63857287","63857491","63","76136122"
"chr8","140130870","140131159","chr13","15863362","15863648","57","124267508"
"chr8","140153027","140153321","chr4","77331513","77331798","62","62821514"
"chr8","140198306","140198359","chr1","37537912","37537968","14","102660394"
"chr8","140198659","140198748","chr3","85499911","85500000","18","54698748"
"chr8","140229017","140229328","chr5","909874","910180","75","139319143"
"chr8","140248142","140248424","chr16","53633568","53633854","37","86614574"
"chr8","140290163","140290389","chr2","154116457","154116678","56","13826294"
"chr8","140345185","140345470","chr2","16314575","16314859","64","124030610"
"chr8","140366954","140367081","chr5","137705493","137705618","19","2661461"
"chr8","140371536","140371830","chr16","53502280","53502575","33","86869256"
"chr8","140378534","140378812","chr16","53495516","53495795","34","86883018"
"chr8","140392846","140393159","chr16","53481409","53481705","53","86911437"
"chr8","140424865","140425151","chr3","186163013","186163302","56","45738148"
"chr8","140442116","140442417","chr16","53424002","53424289","70","87018114"
"chr8","140539152","140539287","chr10","127767886","127768021","25","12771266"
"chr8","140547032","140547246","chr5","44073447","44073662","40","96473585"
"chr8","140573754","140574060","chr5","140459961","140460270","68","113793"
"chr8","140678854","140679140","chr16","53183885","53184163","55","87494969"
"chr8","140880145","140880434","chr16","52989778","52990054","55","87890367"
"chr8","141297230","141297549","chr16","52530313","52530610","67","88766917"
"chr8","141799598","141799912","chr3","39357000","39357300","59","102442598"
"chr8","141814485","141814793","chr2","17546997","17547294","66","124267488"
"chr8","141911172","141911460","chr4","15486597","15486882","55","126424575"
"chr8","141920028","141920330","chr7","15610314","15610612","68","126309714"
"chr8","141992946","141993067","chr8","91375377","91375506","28","50617569"
"chr8","142235418","142235710","chrX","40275096","40275395","65","101960322"
"chr8","142391825","142391955","chr18","14848181","14848308","22","127543644"
"chr8","142483709","142484021","chr14","80754932","80755229","68","61728777"
"chr8","142536691","142536969","chr11","21171792","21172070","61","121364899"
"chr8","142541873","142542180","chr8","123264750","123265057","64","19277123"
"chr8","142584149","142584278","chr9","56024635","56024765","22","86559514"
"chr8","142584781","142584879","chr5","97060868","97060975","34","45523913"
"chr8","142585335","142585443","chr9","91425940","91426042","27","51159395"
"chr8","142608024","142608312","chr2","14565736","14566027","56","128042288"
"chr8","142647513","142647559","chr2","46888305","46888351","5","95759208"
"chr8","142712383","142712516","chr2","170813628","170813760","27","28101245"
"chr8","142749271","142749573","chr11","28816210","28816498","77","113933061"
"chr8","142787139","142787415","chr1","173255466","173255729","76","30468327"
"chr8","142877896","142878188","chr8","95963913","95964203","56","46913983"
"chr8","143036035","143036164","chr1","14294163","14294293","27","128741872"
"chr8","143036469","143036621","chr16","19741507","19741659","29","123294962"
"chr8","143036992","143037005","chr2","9724691","9724705","3","133312301"
"chr8","143113377","143113719","chr10","100052116","100052450","82","43061261"
"chr8","143219528","143219787","chr16","50698271","50698549","56","92521257"
"chr8","143259196","143259323","chr11","63815604","63815727","27","79443592"
"chr8","143271203","143271523","chr16","50643232","50643525","66","92627971"
"chr8","143397669","143397978","chr3","33258815","33259122","70","110138854"
"chr8","143402832","143402867","chr15","7203820","7203856","10","136199012"
"chr8","143403151","143403417","chr3","45985898","45986166","69","97417253"
"chr8","143417734","143418037","chr2","136915981","136916277","63","6501753"
"chr8","143437517","143437805","chr3","111556877","111557172","55","31880640"
"chr8","143445571","143445855","chr5","44601697","44601980","53","98843874"
"chr8","143464821","143465108","chr16","50431352","50431633","50","93033469"
"chr8","143481590","143481916","chr16","50409450","50409750","69","93072140"
"chr8","143524990","143525159","chr3","150153665","150153833","39","6628675"
"chr8","143545356","143545699","chr2","39328149","39328481","90","104217207"
"chr8","143551253","143551384","chr13","40267018","40267150","22","103284235"
"chr8","143592978","143593110","chr11","120560318","120560450","25","23032660"
"chr8","143594465","143594689","chr1","170420690","170420904","56","26826225"
"chr8","143688978","143689204","chr15","5710996","5711211","58","137977982"
"chr8","143765804","143766120","chr16","54244632","54244948","63","89521172"
"chr8","143769090","143769224","chr11","120560318","120560450","22","23208772"
"chr8","143913436","143913570","chr13","36824426","36824554","32","107089010"
"chr8","143913869","143913889","chr13","54811828","54811851","10","89102041"
"chr8","143914235","143914404","chr7","43610864","43611029","33","100303371"
"chr8","144057854","144058002","chr11","33708224","33708370","29","110349630"
"chr8","144133106","144133385","chr15","22195164","22195444","62","121937942"
"chr8","144167426","144167527","chr1","185201000","185201098","19","41033574"
"chr8","144218050","144218321","chr5","40743409","40743693","65","103474641"
"chr8","144291643","144291914","chr12","37031385","37031666","62","107260258"
"chr9","46530466","46530729","chr12","38235131","38235397","53","8295335"
"chr9","95944603","95944716","chr2","10902097","10902210","23","85042506"
"chr9","66172","66474","chr5","1847951","1848254","65","1781779"
"chr9","78765","79052","chr22","41409294","41409582","70","41330529"
"chr9","134086","134270","chr2","9684873","9685057","41","9550787"
"chr9","134704","134887","chr7","20093387","20093556","47","19958683"
"chr9","264654","264791","chrUn_GL286397","905307","905443","16","640653"
"chr9","590735","590849","chr10","89808395","89808508","17","89217660"
"chr9","591155","591327","chr22","16570845","16571020","54","15979690"
"chr9","622519","622718","chr1","177120892","177121090","62","176498373"
"chr9","842281","842547","chr7","101048","101308","47","741233"
"chr9","1087826","1088054","chr7","346595","346825","30","741231"
"chr9","1089997","1090009","chr1","189870970","189870980","5","188780973"
"chr9","1090039","1090156","chr2","15926744","15926861","19","14836705"
"chr9","1090157","1090385","chr7","346595","346825","31","743562"
"chr9","1116585","1116898","chr7","12131768","12132078","60","11015183"
"chr9","1140093","1140402","chr7","408663","408952","56","731430"
"chr9","1191009","1191331","chr7","60006365","60006674","77","58815356"
"chr9","1364642","1364940","chr7","95242577","95242875","65","93877935"
"chr9","1368291","1368527","chr14","60696933","60697186","65","59328642"
"chr9","1783561","1783858","chr22","38655292","38655590","46","36871731"
"chr9","2243889","2244023","chr20","43938537","43938669","28","41694648"
"chr9","2592937","2593212","chr16","71714174","71714446","64","69121237"
"chr9","2846452","2846748","chr7","1785239","1785537","43","1061213"
"chr9","2926933","2927238","chr7","1949474","1949777","61","977459"
"chr9","2965443","2965704","chr7","1979576","1979860","52","985867"
"chr9","3031412","3031463","chr3","186114247","186114299","6","183082835"
"chr9","3031836","3032069","chr5","130447098","130447335","70","127415262"
"chr9","3054503","3054790","chr7","2064932","2065219","46","989571"
"chr9","3060581","3060879","chr3","181979447","181979739","66","178918866"
"chr9","3136886","3136994","chr9","44949983","44950094","33","41813097"
"chr9","3159213","3159337","chr8","115754658","115754781","31","112595445"
"chr9","3211113","3211202","chr7","28853268","28853358","19","25642155"
"chr9","3232215","3232531","chr2","157131667","157131980","66","153899452"
"chr9","3519143","3519268","chr2","17455028","17455152","23","13935885"
"chr9","3601509","3601630","chr7","2524096","2524217","13","1077413"
"chr9","3603703","3603990","chr7","2526603","2526871","56","1077100"
"chr9","3739790","3740125","chr13","8828075","8828397","80","5088285"
"chr9","3763437","3763643","chr7","2688493","2688700","34","1074944"
"chr9","3807754","3808038","chr11","97503383","97503659","61","93695629"
"chr9","3854109","3854206","chr12","2233828","2233938","34","1620281"
"chr9","3903425","3903718","chr7","2806416","2806719","55","1097009"
"chr9","3956749","3957045","chr14","20102351","20102644","73","16145602"
"chr9","4030632","4030905","chrX","11075983","11076255","61","7045351"
"chr9","4224626","4224926","chr7","3126006","3126292","53","1098620"
"chr9","4285311","4285431","chr7","3188768","3188891","19","1096543"
"chr9","4463165","4463459","chr7","3349763","3350049","50","1113402"
"chr9","4721368","4721735","chr7","3536036","3536402","40","1185332"
"chr9","4729645","4729919","chr20","3640077","3640356","73","1089568"
"chr9","5252068","5252420","chr12","121438619","121438960","91","116186551"
"chr9","5420951","5421194","chr7","4092294","4092543","50","1328657"
"chr9","5497835","5498117","chr16","53495516","53495795","60","47997681"
"chr9","5543924","5544026","chr7","77713503","77713605","32","72169579"
"chr9","5544707","5544787","chrX","22955248","22955332","24","17410541"
"chr9","5600375","5600504","chr13","40267018","40267150","29","34666643"
"chr9","5660088","5660378","chr9","109118176","109118464","63","103458088"
"chr9","5662167","5662291","chr9","65797051","65797176","27","60134884"
"chr9","5666500","5666785","chr12","23319507","23319788","68","17653007"
"chr9","5778588","5778876","chr11","22475002","22475290","66","16696414"
"chr9","5779118","5779249","chr5","137705493","137705618","24","131926375"
"chr9","5838674","5838799","chr14","71230261","71230385","20","65391587"
"chr9","5847443","5847700","chr3","141719659","141719903","66","135872216"
"chr9","5854045","5854310","chr7","4474412","4474662","51","1379633"
"chr9","5863544","5863666","chr1","193439148","193439272","19","187575604"
"chr9","5872479","5872799","chr6","8398394","8398709","65","2525915"
"chr9","5877459","5877569","chr12","53533404","53533513","16","47655945"
"chr9","5877870","5878061","chr5","108868278","108868455","54","102990408"
"chr9","5890086","5890339","chr7","4509672","4509924","40","1380414"
"chr9","5951695","5951858","chr8","30587546","30587708","28","24635851"
"chr9","5966719","5967035","chr7","4572771","4573092","40","1393948"
"chr9","5967162","5967464","chr7","4573193","4573497","39","1393969"
"chr9","6143809","6144072","chr12","112427665","112427932","67","106283856"
"chr9","6150656","6150920","chr2","110911723","110911992","62","104761067"
"chr9","6172407","6172539","chr5","130491984","130492112","23","124319577"
"chr9","6194461","6194718","chr17","40268447","40268707","58","34073986"
"chr9","6202791","6203088","chr7","4806435","4806715","51","1396356"
"chr9","6400152","6400431","chr6","113637917","113638200","56","107237765"
"chr9","6415528","6415814","chr8","112996641","112996930","60","106581113"
"chr9","6604253","6604561","chr7","5194913","5195232","47","1409340"
"chr9","6752453","6752738","chr7","5336807","5337079","45","1415646"
"chr9","6801969","6802259","chr11","5464781","5465066","53","1337188"
"chr9","6872107","6872420","chr5","131527086","131527390","70","124654979"
"chr9","6957661","6957759","chr7","24084573","24084665","20","17126912"
"chr9","6982955","6983165","chr4","12360826","12361036","45","5377871"
"chr9","7049588","7049875","chr17","74539608","74539898","74","67490020"
"chr9","7057970","7058095","chr18","14848181","14848308","18","7790211"
"chr9","7077755","7077886","chr4","35394758","35394888","18","28317003"
"chr9","7086680","7086975","chr16","74968220","74968516","56","67881540"
"chr9","7118934","7119053","chr3","137802923","137803047","19","130683989"
"chr9","7344542","7344821","chr7","5884403","5884708","58","1460139"
"chr9","7389080","7389380","chr7","149433598","149433890","67","142044518"
"chr9","7575268","7575390","chr7","6055743","6055859","18","1519525"
"chr9","7576152","7576450","chr7","6056921","6057223","36","1519231"
"chr9","7585759","7586058","chr7","6067755","6068040","54","1518004"
"chr9","7600671","7600798","chr5","125448434","125448561","20","117847763"
"chr9","7621584","7621871","chrX","17197191","17197481","63","9575607"
"chr9","7684297","7684421","chr5","137705493","137705618","18","130021196"
"chr9","7741771","7742065","chr7","6206654","6206950","36","1535117"
"chr9","7776596","7776890","chr7","6243078","6243360","33","1533518"
"chr9","7803894","7804179","chr7","6273868","6274164","50","1530026"
"chr9","7808550","7808706","chr4","36524212","36524353","38","28715662"
"chr9","7856273","7856569","chr7","6324624","6324921","48","1531649"
"chr9","7901101","7901415","chr7","6365243","6365548","51","1535858"
"chr9","7919057","7919353","chr7","70722916","70723210","56","62803859"
"chr9","7982627","7982920","chr19","16420334","16420626","56","8437707"
"chr9","8046551","8046721","chr7","6512965","6513132","36","1533586"
"chr9","8047280","8047604","chr7","6513695","6514015","42","1533585"
"chr9","8048501","8048807","chr7","6514897","6515195","35","1533604"
"chr9","8071806","8072089","chr9","114335053","114335333","63","106263247"
"chr9","8081552","8081847","chr12","48713598","48713894","60","40632046"
"chr9","8108426","8108748","chr7","81210361","81210666","67","73101935"
"chr9","8115130","8115398","chr2","61820209","61820486","67","53705079"
"chr9","8129910","8130202","chr9","121845233","121845526","59","113715323"
"chr9","8158058","8158354","chr7","6617728","6618015","58","1540330"
"chr9","8235283","8235551","chr9","92420833","92421114","65","84185550"
"chr9","8267869","8267994","chr7","74007720","74007848","34","65739851"
"chr9","8280841","8281144","chr18","22800802","22801101","62","14519961"
"chr9","8397047","8397316","chr5","5208305","5208576","66","3188742"
"chr9","8460304","8460476","chr18","6527219","6527397","44","1933085"
"chr9","8489056","8489330","chr7","6936541","6936780","72","1552515"
"chr9","8533888","8534193","chr22","12435150","12435452","69","3901262"
"chr9","8583787","8583908","chr7","7025786","7025915","22","1558001"
"chr9","8869431","8869753","chr20","29688896","29689203","68","20819465"
"chr9","9330899","9331181","chr1","155032190","155032474","55","145701291"
"chr9","9384248","9384546","chr5","37895721","37896023","81","28511473"
"chr9","9623112","9623393","chr11","82443030","82443313","65","72819918"
"chr9","9988927","9989079","chr5","73866045","73866187","37","63877118"
"chr9","10099871","10100173","chr1","106482342","106482647","64","96382471"
"chr9","10195888","10196197","chr10","94610637","94610936","62","84414749"
"chr9","10260356","10260473","chr1","162867243","162867349","30","152606887"
"chr9","10317046","10317354","chr4","53898580","53898910","84","43581534"
"chr9","10351135","10351335","chr5","132088604","132088805","45","121737469"
"chr9","10462795","10462999","chr7","8799577","8799790","48","1663218"
"chr9","10471715","10471994","chr7","8809869","8810138","73","1661846"
"chr9","10683480","10683786","chr7","9033163","9033463","35","1650317"
"chr9","10768852","10769114","chr6","116480706","116480972","70","105711854"
"chr9","10788952","10789074","chr8","25595258","25595381","16","14806306"
"chr9","10850263","10850555","chr7","9199868","9200135","63","1650395"
"chr9","10904688","10904998","chr13","64433942","64434240","70","53529254"
"chr9","10989328","10989617","chr2","10830367","10830666","62","158961"
"chr9","11089630","11089936","chr7","57399106","57399413","80","46309476"
"chr9","11155033","11155346","chr7","9508800","9509104","37","1646233"
"chr9","11227572","11227865","chr1","203882273","203882575","70","192654701"
"chr9","11412539","11412596","chr1","99030434","99030489","14","87617895"
"chr9","11470191","11470480","chr7","9807990","9808276","46","1662201"
"chr9","11490257","11490564","chr7","9831509","9831801","53","1658748"
"chr9","11609540","11609827","chr7","9947312","9947573","54","1662228"
"chr9","11685991","11686264","chr7","10031623","10031901","40","1654368"
"chr9","11725238","11725551","chr5","129489203","129489517","63","117763965"
"chr9","11742608","11742735","chr12","27225431","27225557","20","15482823"
"chr9","11817001","11817271","chr2","155711156","155711431","62","143894155"
"chr9","11819687","11819822","chr4","17941977","17942107","22","6122290"
"chr9","11834763","11835014","chr2","12734107","12734370","64","899344"
"chr9","11836247","11836485","chr5","125253659","125253906","84","113417412"
"chr9","11838303","11838446","chr1","25880455","25880577","45","14042152"
"chr9","11838472","11838594","chr2","8694044","8694161","22","3144428"
"chr9","11839933","11840215","chr7","10165212","10165519","57","1674721"
"chr9","11861657","11861964","chr7","10181854","10182160","52","1679803"
"chr9","11864012","11864308","chr7","10183844","10184134","44","1680168"
"chr9","11870204","11870489","chr7","10190439","10190736","44","1679765"
"chr9","11871826","11872125","chr7","10192347","10192635","54","1679479"
"chr9","11911029","11911321","chr3","186163013","186163302","63","174251984"
"chr9","11932236","11932506","chr3","151768572","151768825","67","139836336"
"chr9","11978713","11979004","chr7","149433598","149433890","73","137454885"
"chr9","11983274","11983582","chr4","14575371","14575654","96","2592097"
"chr9","12060648","12060950","chr7","60390283","60390571","60","48329635"
"chr9","12079470","12079597","chr10","29633125","29633240","29","17553655"
"chr9","12141550","12141829","chr1","90249678","90249953","65","78108128"
"chr9","12163374","12163483","chr7","63129024","63129132","13","50965650"
"chr9","12184280","12184584","chrUn_GL286397","259012","259326","48","11925268"
"chr9","12203054","12203251","chr4","88109272","88109464","42","75906218"
"chr9","12272104","12272402","chrUn_GL286397","186714","187005","48","12085390"
"chr9","12281628","12281723","chr3","90494104","90494198","24","78212476"
"chr9","12330762","12331040","chr10","89815328","89815623","62","77484566"
"chr9","12353110","12353319","chr3","41308002","41308208","53","28954892"
"chr9","12356594","12356887","chrX","17965975","17966271","70","5609381"
"chr9","12378654","12378943","chr8","106878303","106878595","60","94499649"
"chr9","12385049","12385343","chrUn_GL286397","83637","83948","67","12301412"
"chr9","12417004","12417298","chr3","165672623","165672918","55","153255619"
"chr9","12438392","12438550","chr15","24302989","24303141","42","11864597"
"chr9","12441553","12441672","chr15","48918659","48918771","22","36477106"
"chr9","12452645","12452952","chr22","15752155","15752457","67","3299510"
"chr9","12467171","12467294","chrUn_GL286397","8593","8717","17","12458578"
"chr9","12551963","12552228","chr7","10531388","10531651","35","2020575"
"chr9","12607772","12608082","chr21","40212891","40213181","75","27605119"
"chr9","12646043","12646327","chr7","11136421","11136704","61","1509622"
"chr9","12672270","12672435","chr22","31296093","31296252","34","18623823"
"chr9","12710747","12711051","chr7","10601040","10601338","46","2109707"
"chr9","12790821","12790876","chr2","5130734","5130785","18","7660087"
"chr9","12851754","12851895","chr1","180762759","180762888","30","167911005"
"chr9","12878952","12879256","chr10","114838607","114838907","63","101959655"
"chr9","12930215","12930492","chr7","10812119","10812397","54","2118096"
"chr9","12957143","12957448","chr13","63755620","63755926","70","50798477"
"chr9","12959146","12959228","chr7","10836805","10836881","15","2122341"
"chr9","12960797","12961084","chr7","10839233","10839526","53","2121564"
"chr9","12980849","12981125","chr9","102878956","102879231","59","89898107"
"chr9","13030553","13030729","chr10","126259446","126259620","37","113228893"
"chr9","13031006","13031147","chr2","203979369","203979506","30","190948363"
"chr9","13125680","13125782","chr7","19267914","19268024","25","6142234"
"chr9","13212079","13212126","chr2","11662226","11662267","10","1549853"
"chr9","13221020","13221175","chr10","35099125","35099276","44","21878105"
"chr9","13241210","13241338","chr1","98656756","98656886","18","85415546"
"chr9","13259656","13259951","chr7","11089015","11089308","42","2170641"
"chr9","13285593","13285896","chr5","72159131","72159437","74","58873538"
"chr9","13286884","13287191","chr5","129507595","129507893","58","116220711"
"chr9","13304833","13305132","chr7","11123049","11123339","39","2181784"
"chr9","13314370","13314515","chr15","96707866","96708011","31","83393496"
"chr9","13314825","13314970","chr17","73250584","73250724","28","59935759"
"chr9","13346856","13346988","chr6","31167603","31167720","29","17820747"
"chr9","13360103","13360363","chr7","11164022","11164267","36","2196081"
"chr9","13383143","13383269","chr2","121489769","121489891","25","108106626"
"chr9","13477353","13477650","chr11","117246056","117246353","62","103768703"
"chr9","13768550","13768768","chr5","44073447","44073662","44","30304897"
"chr9","13800024","13800290","chr7","11554227","11554507","56","2245797"
"chr9","13814725","13815020","chr7","11568162","11568463","62","2246563"
"chr9","13823277","13823548","chrX","12600332","12600602","65","1222945"
"chr9","13834428","13834652","chr4","161005374","161005596","63","147170946"
"chr9","13848163","13848478","chr5","143617154","143617458","58","129768991"
"chr9","13853760","13854067","chr1","202762040","202762339","65","188908280"
"chr9","13864750","13865009","chr7","11618058","11618337","49","2246692"
"chr9","13892151","13892423","chr8","76560509","76560777","62","62668358"
"chr9","13916027","13916306","chr7","11669212","11669489","43","2246815"
"chr9","13946075","13946373","chr2","9704074","9704374","66","4242001"
"chr9","13998029","13998239","chr7","11756930","11757147","40","2241099"
"chr9","14065534","14065811","chr5","158137953","158138228","60","144072419"
"chr9","14105227","14105518","chr4","138184186","138184489","77","124078959"
"chr9","14124969","14125139","chr7","44938611","44938794","46","30813642"
"chr9","14187922","14188050","chr7","11955711","11955840","15","2232211"
"chr9","14223053","14223366","chr5","116225258","116225574","73","102002205"
"chr9","14232989","14233309","chr7","11994916","11995237","32","2238073"
"chr9","14270821","14271100","chr7","12036528","12036809","53","2234293"
"chr9","14306117","14306404","chr7","12075181","12075475","59","2230936"
"chr9","14421651","14421835","chr1","140829989","140830173","60","126408338"
"chr9","14597137","14597420","chr1","171533174","171533471","60","156936037"
"chr9","14687788","14687899","chr5","74824856","74824965","22","60137068"
"chr9","14777126","14777408","chr4","36364190","36364479","64","21587064"
"chr9","14842322","14842617","chr12","98692241","98692535","53","83849919"
"chr9","14948569","14948816","chr7","12722876","12723116","39","2225693"
"chr9","14984094","14984361","chrX","10880519","10880791","58","4103575"
"chr9","15026932","15027191","chr7","80386309","80386578","101","65359377"
"chr9","15038480","15038614","chr10","35086337","35086473","44","20047857"
"chr9","15164108","15164310","chr2","116816598","116816813","53","101652490"
"chr9","15265477","15265782","chr7","12954299","12954613","44","2311178"
"chr9","15272210","15272499","chr9","53523121","53523415","49","38250911"
"chr9","15284209","15284516","chr7","12975525","12975837","38","2308684"
"chr9","15291446","15291724","chrX","23548822","23549107","81","8257376"
"chr9","15296863","15297008","chr12","11035256","11035394","27","4261607"
"chr9","15297310","15297475","chr2","7088626","7088790","28","8208684"
"chr9","15305095","15305248","chr1","53541243","53541394","34","38236148"
"chr9","15305549","15305685","chr1","22614360","22614489","20","7308811"
"chr9","15330766","15331071","chr7","13018784","13019093","42","2311982"
"chr9","15333290","15333575","chr7","13020948","13021241","48","2312342"
"chr9","15345107","15345419","chr1","202793076","202793380","70","187447969"
"chr9","15380800","15381101","chr7","13075137","13075438","39","2305663"
"chr9","15456644","15456779","chr7","32017908","32018038","25","16561264"
"chr9","15564932","15565210","chr2","15909264","15909542","60","344332"
"chr9","15587177","15587400","chr7","13285862","13286085","26","2301315"
"chr9","15640658","15640935","chr1","165118247","165118542","68","149477589"
"chr9","15664074","15664352","chr22","15161683","15161947","72","502391"
"chr9","15706243","15706558","chr7","13389279","13389586","56","2316964"
"chr9","15763756","15764067","chr1","118797181","118797481","60","103033425"
"chr9","15778839","15779141","chr18","4756465","4756750","71","11022374"
"chr9","15843069","15843382","chr7","13527445","13527739","51","2315624"
"chr9","15846542","15846776","chr7","13530510","13530738","43","2316032"
"chr9","15859921","15860211","chr14","80754932","80755229","56","64895011"
"chr9","16059084","16059378","chr7","13745262","13745550","53","2313822"
"chr9","16367000","16367097","chr7","14029681","14029769","18","2337319"
"chr9","16413405","16413504","chr8","120297554","120297660","20","103884149"
"chr9","16420535","16420653","chr4","18304557","18304678","21","1884022"
"chr9","16443095","16443389","chr7","14113208","14113488","58","2329887"
"chr9","16452859","16453161","chr7","14122569","14122865","63","2330290"
"chr9","16466853","16467138","chr7","14136790","14137067","47","2330063"
"chr9","16467803","16468063","chr18","20830158","20830421","68","4362355"
"chr9","16481243","16481253","chr1","189870970","189870980","2","173389727"
"chr9","16481285","16481560","chr7","14153646","14153931","64","2327639"
"chr9","16488932","16489247","chr18","37261507","37261799","80","20772575"
"chr9","16499819","16500000","chr7","44938611","44938794","37","28438792"
"chr9","16501661","16501966","chr7","14173858","14174133","60","2327803"
"chr9","16505090","16505383","chr7","14176904","14177187","54","2328186"
"chr9","16514233","16514552","chr7","14188357","14188656","63","2325876"
"chr9","16535167","16535436","chr7","14210332","14210592","32","2324835"
"chr9","16539542","16539666","chr7","14214322","14214443","15","2325220"
"chr9","16554826","16555114","chr6","126350915","126351205","57","109796089"
"chr9","16568935","16569175","chr7","14243210","14243449","33","2325725"
"chr9","16599451","16599584","chr1","156039373","156039492","29","139439922"
"chr9","16667294","16667532","chr7","14344166","14344394","50","2323128"
"chr9","16701043","16701336","chr22","37263333","37263633","65","20562290"
"chr9","16708783","16708914","chr5","127901579","127901706","21","111192796"
"chr9","16727127","16727235","chr15","19331927","19332035","22","2604800"
"chr9","16731227","16731356","chr10","106960005","106960128","26","90228778"
"chr9","16793473","16793764","chr7","14477375","14477651","46","2316098"
"chr9","16800297","16800594","chr7","14484596","14484914","52","2315701"
"chr9","16861921","16862202","chr20","3708677","3708953","62","13153244"
"chr9","16895133","16895414","chr15","33790444","33790722","71","16895311"
"chr9","16937395","16937703","chr7","14618036","14618321","53","2319359"
"chr9","16960634","16960940","chr5","32159227","32159534","66","15198593"
"chr9","17048766","17049037","chr10","127537261","127537516","68","110488495"
"chr9","17347822","17348123","chr4","135707438","135707747","67","118359616"
"chr9","17355592","17355865","chr7","14999578","14999868","46","2356014"
"chr9","17428937","17429234","chr9","53523121","53523415","56","36094184"
"chr9","17431403","17431695","chrX","7945410","7945708","65","9485993"
"chr9","17432180","17432489","chr12","12652290","12652586","60","4779890"
"chr9","17434694","17435008","chr7","97730148","97730448","58","80295454"
"chr9","17442800","17443116","chrX","43710230","43710539","79","26267430"
"chr9","17515368","17515622","chr7","15220457","15220716","42","2294911"
"chr9","17545511","17545770","chr7","15256566","15256829","57","2288945"
"chr9","17618925","17619210","chr20","19704343","19704628","59","2085418"
"chr9","17647780","17648084","chr7","15352318","15352604","51","2295462"
"chr9","17657675","17657805","chr10","90920129","90920256","22","73262454"
"chr9","17722156","17722452","chr7","15414932","15415221","36","2307224"
"chr9","17741967","17742291","chr7","15437359","15437660","55","2304608"
"chr9","17793606","17793788","chr4","108333583","108333739","55","90539977"
"chr9","17885331","17885633","chr9","107213490","107213791","58","89328159"
"chr9","17896133","17896308","chr1","140829989","140830173","37","122933856"
"chr9","17920092","17920384","chr12","109943023","109943319","67","92022931"
"chr9","17988733","17988857","chr5","97612044","97612168","22","79623311"
"chr9","18000352","18000477","chr9","65816955","65817079","17","47816603"
"chr9","18032332","18032610","chr7","15698846","15699124","69","2333486"
"chr9","18129153","18129428","chr12","50359223","50359506","66","32230070"
"chr9","18133905","18134037","chr8","11520784","11520916","21","6613121"
"chr9","18310832","18311115","chr12","21102246","21102541","70","2791414"
"chr9","18382962","18383237","chr1","125157754","125158029","60","106774792"
"chr9","18403342","18403459","chr1","138972244","138972360","22","120568902"
"chr9","18403512","18403785","chr7","16046605","16046874","39","2356907"
"chr9","18482629","18482920","chr4","16462057","16462343","54","2020572"
"chr9","18493069","18493377","chr7","16138667","16138959","51","2354402"
"chr9","18499439","18499748","chr1","200032121","200032424","67","181532682"
"chr9","18517606","18517881","chr1","135471991","135472267","64","116954385"
"chr9","18634022","18634145","chr7","46825878","46826002","15","28191856"
"chr9","18639814","18640068","chr5","45222426","45222673","63","26582612"
"chr9","18656164","18656462","chr7","16291558","16291847","46","2364606"
"chr9","18665135","18665419","chr7","16303225","16303509","46","2361910"
"chr9","18702005","18702309","chr7","16338477","16338774","37","2363528"
"chr9","18729182","18729473","chr7","16364592","16364860","57","2364590"
"chr9","18961771","18961894","chr9","93860244","93860358","21","74898473"
"chr9","18980362","18980559","chr12","18555753","18555922","59","424609"
"chr9","18980602","18980718","chr3","26683452","26683569","23","7702850"
"chr9","18984965","18985098","chr5","31305611","31305733","29","12320646"
"chr9","19081283","19081418","chr10","74474605","74474739","23","55393322"
"chr9","19098387","19098422","chr1","29219010","29219046","8","10120623"
"chr9","19139378","19139496","chr10","9062820","9062938","16","10076558"
"chr9","19482243","19482554","chr7","16968250","16968533","57","2513993"
"chr9","19631325","19631620","chr7","17091325","17091609","46","2540000"
"chr9","19649327","19649562","chr10","14837737","14837986","67","4811590"
"chr9","19657900","19658109","chr4","12360826","12361036","44","7297074"
"chr9","19664363","19664680","chr10","44890595","44890883","80","25226232"
"chr9","19836149","19836385","chr12","46507652","46507871","81","26671503"
"chr9","19836412","19836513","chr1","76026674","76026781","20","56190262"
"chr9","19979382","19979505","chr9","65816955","65817079","19","45837573"
"chr9","19991678","19991947","chr7","17437990","17438255","57","2553688"
"chr9","20118736","20118818","chr7","17573633","17573718","14","2545103"
"chr9","20189771","20189895","chr5","31753831","31753955","24","11564060"
"chr9","20342005","20342311","chr19","17031038","17031339","60","3310967"
"chr9","20446860","20446982","chr7","17891118","17891239","22","2555742"
"chr9","20448949","20449166","chr4","12360826","12361036","45","8088123"
"chr9","20501336","20501619","chr1","158046528","158046808","66","137545192"
"chr9","20511195","20511486","chr7","17948267","17948550","37","2562928"
"chr9","20550325","20550374","chr10","68995488","68995539","11","48445163"
"chr9","20670282","20670582","chr13","9038267","9038569","64","11632015"
"chr9","20715883","20716169","chr7","18159486","18159767","48","2556397"
"chr9","20767713","20767883","chr3","150153665","150153833","36","129385952"
"chr9","20949821","20950112","chr3","153009060","153009353","57","132059239"
"chr9","20994992","20995291","chr15","62136548","62136812","87","41141556"
"chr9","21068525","21068615","chr7","18506557","18506642","18","2561968"
"chr9","21169674","21169807","chr2","1983485","1983615","25","19186189"
"chr9","21185102","21185141","chr4","54281701","54281736","7","33096599"
"chr9","21243738","21244015","chr7","18689422","18689700","47","2554316"
"chr9","21292395","21292675","chr7","18741370","18741652","26","2551025"
"chr9","21302741","21303047","chr7","18751807","18752122","62","2550934"
"chr9","21375354","21375647","chr13","40050342","40050639","53","18674988"
"chr9","21401342","21401611","chr7","18844103","18844357","45","2557239"
"chr9","21421900","21422030","chr2","11695570","11695700","21","9726330"
"chr9","21434489","21434785","chr7","18873544","18873835","41","2560945"
"chr9","21484842","21485139","chr13","36414491","36414784","60","14929649"
"chr9","21506012","21506293","chr7","18926841","18927131","39","2579171"
"chr9","21515447","21515794","chr5","41483881","41484209","107","19968434"
"chr9","21542011","21542302","chr13","18188863","18189150","68","3353148"
"chr9","21566351","21566500","chr11","33708224","33708370","33","12141873"
"chr9","21616806","21617098","chr14","80754932","80755229","62","59138126"
"chr9","21626006","21626134","chr9","43510189","43510319","21","21884183"
"chr9","21634533","21634636","chr1","76911186","76911292","26","55276653"
"chr9","21636922","21637237","chr10","88719849","88720157","57","67082927"
"chr9","21639371","21639494","chr7","12988414","12988537","21","8650957"
"chr9","21651766","21652073","chr7","19057713","19058009","45","2594053"
"chr9","21735437","21735602","chr19","21911186","21911351","32","175749"
"chr9","21735894","21736007","chr5","110662950","110663062","24","88927056"
"chr9","21737087","21737374","chr9","14729992","14730269","75","7007095"
"chr9","21748125","21748258","chr15","21301323","21301457","27","446802"
"chr9","21791014","21791288","chr8","76560509","76560777","66","54769495"
"chr9","21828315","21828624","chr7","19239677","19239977","60","2588638"
"chr9","21893986","21894283","chr7","19320684","19320995","58","2573302"
"chr9","21913573","21913899","chr7","19339977","19340305","83","2573596"
"chr9","22131577","22131708","chr4","44463564","44463694","18","22331987"
"chr9","22222543","22222823","chr7","19659412","19659696","41","2563131"
"chr9","22234215","22234346","chr7","19671951","19672086","16","2562264"
"chr9","22247652","22247833","chr9","75720167","75720328","45","53472515"
"chr9","22247870","22247997","chr21","33262831","33262953","28","11014961"
"chr9","22303890","22304138","chr7","31589986","31590226","53","9286096"
"chr9","22321257","22321547","chr7","19759687","19759980","32","2561570"
"chr9","22352137","22352438","chr9","85460941","85461248","63","63108804"
"chr9","22379079","22379351","chr2","53119753","53120007","73","30740674"
"chr9","22383848","22384105","chr2","12523821","12524093","66","9860027"
"chr9","22389375","22389653","chr7","19823889","19824175","39","2565486"
"chr9","22433143","22433432","chr11","8985021","8985314","64","13448122"
"chr9","22487412","22487695","chr11","95978314","95978600","67","73490902"
"chr9","22490348","22490468","chr7","86524310","86524425","21","64033962"
"chr9","22633073","22633258","chr5","100376117","100376299","34","77743044"
"chr9","22633559","22633687","chr10","98492248","98492377","17","75858689"
"chr9","22637145","22637439","chr7","20059791","20060088","50","2577354"
"chr9","22665822","22666097","chr15","28029173","28029451","62","5363351"
"chr9","22666573","22666695","chr9","58063727","58063848","25","35397154"
"chr9","22670268","22670441","chr7","20093387","20093556","25","2576881"
"chr9","22694731","22694855","chr11","109461963","109462085","16","86767232"
"chr9","22733176","22733474","chr9","29430001","29430288","57","6696825"
"chr9","22747937","22748219","chr2","91144263","91144546","65","68396326"
"chr9","22786276","22786606","chr16","49169614","49169934","63","26383338"
"chr9","22792940","22793222","chr6","56376196","56376483","72","33583256"
"chr9","22795486","22795786","chr5","106690295","106690600","68","83894809"
"chr9","22799521","22799776","chr7","20236266","20236515","45","2563255"
"chr9","22838189","22838475","chr7","20272522","20272818","62","2565667"
"chr9","22850402","22850692","chr6","135473571","135473869","61","112623169"
"chr9","22882544","22882839","chr7","20317941","20318209","51","2564603"
"chr9","22902239","22902528","chr5","77086674","77086952","64","54184435"
"chr9","22904403","22904685","chr7","43504141","43504423","58","20599738"
"chr9","22906668","22906814","chr8","74092458","74092599","29","51185790"
"chr9","23123216","23123353","chr1","190676536","190676671","28","167553320"
"chr9","23153463","23153743","chr17","40368623","40368904","59","17215160"
"chr9","23165593","23165770","chr1","129159547","129159726","40","105993954"
"chr9","23165803","23165918","chr17","74237320","74237435","21","51071517"
"chr9","23257694","23257981","chr7","20682832","20683125","44","2574862"
"chr9","23260996","23261296","chr7","20686731","20687009","59","2574265"
"chr9","23262260","23262553","chr7","20688146","20688438","47","2574114"
"chr9","23270096","23270400","chr7","44402369","44402680","65","21132273"
"chr9","23357085","23357196","chr21","50098109","50098229","32","26741024"
"chr9","23412875","23413179","chr7","20829445","20829734","43","2583430"
"chr9","23435638","23435931","chr13","36414491","36414784","52","12978853"
"chr9","23449026","23449319","chr7","20857896","20858188","47","2591130"
"chr9","23480231","23480512","chr7","20882889","20883165","40","2597342"
"chr9","23506549","23506684","chr3","53839002","53839135","26","30332453"
"chr9","23518944","23519257","chr7","20922442","20922733","53","2596502"
"chr9","23525325","23525506","chr15","21162875","21163055","39","2362450"
"chr9","23534365","23534475","chr9","86490995","86491113","31","62956630"
"chr9","23534526","23534785","chr7","20936156","20936446","72","2598370"
"chr9","23536458","23536748","chr9","103555478","103555761","66","80019020"
"chr9","23546923","23547043","chr6","14754971","14755097","22","8791952"
"chr9","23549635","23549939","chr7","20950106","20950396","70","2599529"
"chr9","23564574","23564709","chr5","5144583","5144711","25","18419991"
"chr9","23567651","23567786","chr7","136413230","136413360","26","112845579"
"chr9","23574755","23575037","chrX","20607629","20607919","57","2967126"
"chr9","23583816","23583948","chr1","193430105","193430235","35","169846289"
"chr9","23595502","23595628","chr2","8943556","8943676","24","14651946"
"chr9","23602337","23602467","chr2","170813628","170813760","24","147211291"
"chr9","23624290","23624577","chr7","21020632","21020928","53","2603658"
"chr9","23677189","23677477","chr5","134469571","134469845","64","110792382"
"chr9","23710036","23710294","chr10","74933917","74934176","64","51223881"
"chr9","23718143","23718335","chr17","27350508","27350691","46","3632365"
"chr9","23806733","23806863","chr6","115121226","115121350","25","91314493"
"chr9","23824438","23824724","chr1","155032190","155032474","61","131207752"
"chr9","23936005","23936289","chr7","74966918","74967210","60","51030913"
"chr9","23955111","23955234","chr9","65816955","65817079","17","41861844"
"chr9","24161767","24161912","chr12","11035256","11035394","28","13126511"
"chr9","24289441","24289771","chr12","11635053","11635385","85","12654388"
"chr9","24331766","24332049","chr5","73747349","73747638","64","49415583"
"chr9","24368141","24368461","chr7","21762008","21762305","59","2606133"
"chr9","24375862","24376116","chr7","21771139","21771383","57","2604723"
"chr9","24411302","24411613","chr5","131527086","131527390","63","107115784"
"chr9","24427442","24427771","chr7","79590777","79591087","76","55163335"
"chr9","24552796","24553093","chr2","16070846","16071128","64","8481950"
"chr9","24704082","24704416","chr7","22098434","22098752","52","2605648"
"chr9","24738816","24738857","chr17","21298718","21298756","14","3440098"
"chr9","24739165","24739307","chr1","102485706","102485836","34","77746541"
"chr9","24739346","24739464","chr9","107943149","107943266","23","83203803"
"chr9","24750620","24750748","chr7","22157828","22157951","19","2592792"
"chr9","24834691","24835003","chr1","139908124","139908437","66","115073433"
"chr9","24872483","24872783","chr12","84699755","84700062","69","59827272"
"chr9","24889042","24889339","chr7","22296048","22296331","46","2592994"
"chr9","24895606","24895702","chr10","48429603","48429703","24","23533997"
"chr9","24897424","24897548","chr9","25446667","25446790","20","549243"
"chr9","24915661","24915943","chr5","3925376","3925655","54","20990285"
"chr9","24933996","24934307","chr5","106690295","106690600","64","81756299"
"chr9","24935436","24935716","chr7","22342950","22343233","39","2592486"
"chr9","24950563","24950825","chr2","6739547","6739816","79","18211016"
"chr9","24964160","24964432","chr7","22370883","22371150","43","2593277"
"chr9","24973708","24973831","chr1","156039373","156039492","29","131065665"
"chr9","25017670","25017988","chr5","97783704","97784018","66","72766034"
"chr9","25021553","25021563","chr12","55401111","55401122","4","30379558"
"chr9","25022033","25022191","chr7","22434498","22434659","26","2587535"
"chr9","25033485","25033729","chr7","22444442","22444676","53","2589043"
"chr9","25049837","25050162","chr16","1418834","1419135","76","23631003"
"chr9","25064912","25065201","chr7","22475541","22475824","31","2589371"
"chr9","25254629","25254946","chr8","124936939","124937253","66","99682310"
"chr9","25435018","25435306","chr7","22844837","22845113","57","2590181"
"chr9","25456244","25456555","chr7","22862467","22862772","69","2593777"
"chr9","25579041","25579360","chr7","23069273","23069583","34","2509768"
"chr9","25806205","25806526","chr7","23286833","23287126","71","2519372"
"chr9","25814426","25814735","chr7","23294945","23295263","66","2519481"
"chr9","25888270","25888576","chr3","149104058","149104353","57","123215788"
"chr9","25900813","25901132","chr14","74675440","74675747","75","48774627"
"chr9","25923091","25923398","chr11","81984389","81984686","65","56061298"
"chr9","26230134","26230431","chr10","127941325","127941621","59","101711191"
"chr9","26525754","26525875","chr7","23984460","23984577","14","2541294"
"chr9","26558278","26558567","chr11","61214278","61214568","62","34656000"
"chr9","26559749","26559876","chr7","24003222","24003346","18","2556527"
"chr9","26593201","26593330","chr19","6952953","6953082","18","19640248"
"chr9","26603274","26603570","chr11","22475002","22475290","69","4128272"
"chr9","26611942","26612213","chr7","24065929","24066200","47","2546013"
"chr9","26639551","26639865","chr7","24092794","24093083","52","2546757"
"chr9","26658738","26659013","chrUn_GL288715","7245","7535","38","26651493"
"chr9","26659025","26659328","chr15","61218731","61219028","73","34559706"
"chr9","26660891","26661196","chrX","22454216","22454523","50","4206675"
"chr9","26759907","26760194","chr7","24202379","24202664","43","2557528"
"chr9","26812231","26812532","chr7","24259451","24259760","43","2552780"
"chr9","26831703","26831946","chr22","28237827","28238064","60","1406124"
"chr9","26855703","26855944","chr20","21484289","21484527","56","5371414"
"chr9","26890594","26890872","chr7","43698581","43698872","67","16807987"
"chr9","26902979","26903274","chrX","51543517","51543811","67","24640538"
"chr9","26907600","26907743","chr11","33708224","33708370","28","6800624"
"chr9","26924468","26924765","chr16","94113551","94113856","75","67189083"
"chr9","26926416","26926610","chr6","112553299","112553480","42","85626883"
"chr9","26926899","26927030","chr2","1983485","1983615","26","24943414"
"chr9","26961031","26961091","chr19","48737586","48737642","16","21776555"
"chr9","27016077","27016379","chr22","28413968","28414259","67","1397891"
"chr9","27076440","27076726","chr7","24627353","24627630","44","2449087"
"chr9","27105499","27105622","chr9","21660421","21660545","14","5445078"
"chr9","27121501","27121801","chr12","49995257","49995551","60","22873756"
"chr9","27151989","27152194","chr1","171621623","171621816","61","144469634"
"chr9","27208561","27208867","chr7","24433328","24433637","41","2775233"
"chr9","27216267","27216315","chr5","85542996","85543043","10","58326729"
"chr9","27330877","27331000","chr3","165848458","165848581","23","138517581"
"chr9","27374105","27374309","chr20","26279899","26280102","51","1094206"
"chr9","27396163","27396290","chrX","29998235","29998361","20","2602072"
"chr9","27400223","27400521","chr7","24790715","24791007","49","2609508"
"chr9","27434001","27434273","chr7","24834608","24834904","51","2599393"
"chr9","27447766","27447908","chr5","129503027","129503151","39","102055261"
"chr9","27523222","27523359","chr10","47115508","47115647","22","19592286"
"chr9","27733491","27733822","chr7","20976903","20977211","82","6756588"
"chr9","28013055","28013375","chr7","25293699","25294016","48","2719356"
"chr9","28147092","28147335","chr14","70275344","70275578","74","42128252"
"chr9","28196895","28197018","chr7","25478360","25478482","16","2718535"
"chr9","28240879","28241126","chr7","43798702","43798946","65","15557823"
"chr9","28256596","28256870","chr7","25559663","25559933","41","2696933"
"chr9","28258277","28258411","chr11","120992744","120992876","22","92734467"
"chr9","28303654","28303875","chr7","97624475","97624699","56","69320821"
"chr9","28349688","28349832","chr16","43800043","43800177","28","15450355"
"chr9","28389129","28389429","chr1","184332187","184332475","78","155943058"
"chr9","28400691","28400990","chrX","15505273","15505563","57","12895418"
"chr9","28471747","28471876","chr9","43510189","43510319","25","15038442"
"chr9","28481385","28481703","chr7","25730579","25730870","70","2750806"
"chr9","28486666","28486946","chr10","7990307","7990575","64","20496359"
"chr9","28497030","28497314","chr7","25746837","25747137","48","2750193"
"chr9","28505580","28505815","chr10","128285533","128285765","67","99779953"
"chr9","28529829","28530006","chr7","25768666","25768843","18","2761163"
"chr9","28631711","28632007","chr9","114335053","114335333","81","85703342"
"chr9","28750992","28751228","chr6","24026823","24027080","69","4724169"
"chr9","28754112","28754357","chr9","92156897","92157148","68","63402785"
"chr9","28806539","28806789","chr7","25957580","25957832","36","2848959"
"chr9","28871907","28872215","chr8","26222998","26223299","61","2648909"
"chr9","28880616","28880768","chr5","86428102","86428250","41","57547486"
"chr9","28920875","28921170","chr7","26070890","26071185","28","2849985"
"chr9","28992740","28993049","chr14","84353619","84353920","73","55360879"
"chr9","28997476","28997612","chr10","8959461","8959581","46","20038015"
"chr9","28997991","28998006","chr6","16302946","16302959","8","12695045"
"chr9","29008468","29008760","chr7","26147489","26147791","51","2860979"
"chr9","29031501","29031803","chr7","26172361","26172658","38","2859140"
"chr9","29034188","29034476","chr7","26175040","26175337","44","2859148"
"chr9","29182839","29183156","chr5","78546797","78547103","65","49363958"
"chr9","29246628","29246922","chr18","26546117","26546407","66","2700511"
"chr9","29326679","29327009","chr7","97730148","97730448","81","68403469"
"chr9","29335114","29335385","chr7","26423242","26423536","50","2911872"
"chr9","29361686","29362001","chr7","26449357","26449663","49","2912329"
"chr9","29372050","29372168","chr19","16422691","16422808","24","12949359"
"chr9","29389740","29390026","chr7","26505427","26505694","46","2884313"
"chr9","29395805","29396097","chr7","26513644","26513930","44","2882161"
"chr9","29428443","29428471","chr7","121158321","121158346","5","91729878"
"chr9","29428843","29428939","chr14","81084390","81084487","19","51655547"
"chr9","29451058","29451328","chr7","26568969","26569242","49","2882089"
"chr9","29526207","29526445","chr6","112742586","112742819","57","83216379"
"chr9","29542764","29543063","chr7","26630714","26630994","69","2912050"
"chr9","29559754","29560049","chr9","102878956","102879231","76","73319202"
"chr9","29591765","29592069","chr10","115567061","115567345","61","85975296"
"chr9","29622849","29623157","chr7","26682750","26683063","42","2940099"
"chr9","29643531","29643842","chr2","18917278","18917580","71","10726253"
"chr9","29709521","29709817","chrX","46290180","46290472","50","16580659"
"chr9","29739732","29740019","chr7","26802830","26803129","41","2936902"
"chr9","29763697","29763831","chr5","90819875","90820001","32","61056178"
"chr9","29773893","29774167","chrUn_GL286435","354511","354784","68","29419382"
"chr9","29775516","29775764","chr7","26840258","26840522","46","2935258"
"chr9","29802406","29802695","chr7","26863668","26863943","38","2938738"
"chr9","29817525","29817650","chr1","138926403","138926525","24","109108878"
"chr9","29851362","29851614","chr12","13742876","13743133","68","16108486"
"chr9","29905041","29905264","chr4","9009821","9010048","45","20895220"
"chr9","29926651","29926937","chr4","21602892","21603183","62","8323759"
"chr9","29932166","29932435","chr7","26987430","26987716","59","2944736"
"chr9","29967654","29967958","chr7","27023085","27023369","51","2944569"
"chr9","29970016","29970241","chr7","27025804","27026020","46","2944212"
"chr9","30005324","30005630","chr7","27058627","27058926","45","2946697"
"chr9","30110767","30110902","chr5","93167823","93167959","22","63057056"
"chr9","30111209","30111285","chr15","57050336","57050412","18","26939127"
"chr9","30153441","30153722","chr7","27171732","27172019","39","2981709"
"chr9","30197155","30197447","chr7","27218849","27219140","48","2978306"
"chr9","30201092","30201378","chr8","115934163","115934446","68","85733071"
"chr9","30215236","30215500","chr9","95421624","95421886","62","65206388"
"chr9","30261885","30262156","chr13","27150208","27150478","71","3111677"
"chr9","30266805","30267120","chr7","27292291","27292582","59","2974514"
"chr9","30292998","30293275","chr7","27311138","27311413","45","2981860"
"chr9","30294967","30295092","chr1","178942261","178942387","25","148647294"
"chr9","30304548","30304675","chr5","31753831","31753955","23","1449283"
"chr9","30332414","30332551","chr2","17455028","17455152","37","12877386"
"chr9","30332874","30333062","chr1","173411736","173411920","50","143078862"
"chr9","30333071","30333203","chr3","149245179","149245310","19","118912108"
"chr9","30349573","30349881","chr7","27361535","27361820","57","2988038"
"chr9","30355661","30355948","chr7","27369718","27370005","36","2985943"
"chr9","30392675","30393019","chr7","27430380","27430713","58","2962295"
"chr9","30416397","30416717","chr16","94113551","94113856","63","63697154"
"chr9","30552876","30553049","chr2","46403915","46404089","37","15851039"
"chr9","30598153","30598248","chr2","10906979","10907070","21","19691174"
"chr9","30635306","30635605","chr7","27531365","27531655","57","3103941"
"chr9","30636253","30636393","chr7","27532307","27532431","33","3103946"
"chr9","30636554","30636732","chr7","27532611","27532804","48","3103943"
"chr9","30654780","30655083","chr7","27546906","27547195","54","3107874"
"chr9","30659253","30659377","chr5","44646079","44646202","21","13986826"
"chr9","30661122","30661245","chr22","28812684","28812807","21","1848438"
"chr9","30783003","30783291","chr2","111981601","111981880","67","81198598"
"chr9","30799165","30799366","chr4","15524112","15524323","59","15275053"
"chr9","30862058","30862388","chr11","15115051","15115366","77","15747007"
"chr9","30915554","30915863","chr1","118797181","118797481","59","87881627"
"chr9","30919460","30919749","chr8","111254713","111254997","57","80335253"
"chr9","30958083","30958375","chr7","27776795","27777087","51","3181288"
"chr9","31011393","31011697","chr7","27830966","27831262","54","3180427"
"chr9","31291790","31292071","chr1","28942068","28942353","62","2349722"
"chr9","31530130","31530253","chr6","61172778","61172903","23","29642648"
"chr9","31908023","31908258","chr7","28645870","28646084","47","3262153"
"chr9","31959189","31959460","chr7","28694323","28694603","53","3264866"
"chr9","32018519","32018709","chr5","76312954","76313150","49","44294435"
"chr9","32032518","32032798","chr14","87805301","87805582","52","55772783"
"chr9","32054557","32054683","chr7","28787876","28788003","13","3266681"
"chr9","32068816","32068999","chr4","37541371","37541533","49","5472555"
"chr9","32079742","32080038","chr1","200032121","200032424","57","167952379"
"chr9","32125038","32125165","chr12","56428828","56428956","23","24303790"
"chr9","32147710","32147766","chrX","107723124","107723180","4","75575414"
"chr9","32159505","32159640","chr6","148149999","148150135","23","115990494"
"chr9","32161742","32162031","chr1","168010740","168011028","62","135848998"
"chr9","32175086","32175372","chr13","88768416","88768703","66","56593330"
"chr9","32202629","32202914","chr1","102110047","102110334","62","69907418"
"chr9","32243940","32244245","chr7","28946058","28946362","58","3297882"
"chr9","32369299","32369628","chr8","105371168","105371493","81","73001869"
"chr9","32403365","32403497","chr13","40267018","40267150","32","7863653"
"chr9","32403793","32403926","chr7","29036973","29037105","17","3366820"
"chr9","32433653","32433960","chr7","97730148","97730448","55","65296495"
"chr9","32596446","32596750","chr7","29205573","29205860","64","3390873"
"chr9","32600894","32601225","chr7","29218107","29218403","66","3382787"
"chr9","32644095","32644406","chr7","29251736","29252041","46","3392359"
"chr9","33225081","33225381","chr7","150507214","150507511","57","117282133"
"chr9","33232722","33232945","chr4","39219724","39219940","54","5987002"
"chr9","33239177","33239479","chr5","1847951","1848254","60","31391226"
"chr9","33320237","33320546","chr7","29917550","29917854","54","3402687"
"chr9","33326791","33327092","chr6","30665978","30666264","71","2660813"
"chr9","33392797","33393105","chr1","10585923","10586230","64","22806874"
"chr9","33394810","33395122","chr5","2127208","2127504","66","31267602"
"chr9","33497958","33498127","chr8","87990874","87991034","40","54492916"
"chr9","33625408","33625541","chr7","52261603","52261735","25","18636195"
"chr9","33642088","33642400","chr7","30229654","30229962","46","3412434"
"chr9","33671064","33671360","chrX","50190461","50190757","64","16519397"
"chr9","33673638","33673942","chr7","30263791","30264105","60","3409847"
"chr9","33700599","33700894","chr14","84353619","84353920","56","50653020"
"chr9","33707357","33707527","chr7","30298549","30298711","28","3408808"
"chr9","33733325","33733602","chr1","181800405","181800684","60","148067080"
"chr9","33822432","33822559","chrX","43757804","43757931","20","9935372"
"chr9","33842240","33842546","chr1","185506876","185507173","62","151664636"
"chr9","34025460","34025759","chr7","30592243","30592535","52","3433217"
"chr9","34032235","34032573","chrX","46524812","46525145","77","12492577"
"chr9","34099200","34099499","chr7","30664333","30664624","46","3434867"
"chr9","34214146","34214462","chr7","30790872","30791190","53","3423274"
"chr9","34244494","34244779","chr18","9757604","9757893","70","24486890"
"chr9","34261796","34261929","chrUn_GL286465","19145","19277","27","34242651"
"chr9","34282197","34282474","chr15","49105761","49106040","58","14823564"
"chr9","34324881","34324999","chr20","3590689","3590809","20","30734192"
"chr9","34347445","34347715","chr2","9984020","9984282","70","24363425"
"chr9","34354773","34355070","chr15","7227741","7228029","58","27127032"
"chr9","34486677","34486953","chr7","31053992","31054263","31","3432685"
"chr9","34498701","34498995","chr22","31790880","31791171","66","2707821"
"chr9","34511534","34511851","chr15","28321944","28322236","79","6189590"
"chr9","34523597","34523897","chr7","31095863","31096154","36","3427734"
"chr9","34580088","34580192","chr5","47723079","47723185","22","13142991"
"chr9","34587936","34588225","chr7","31162927","31163220","46","3425009"
"chr9","34612199","34612481","chr7","31187074","31187347","61","3425125"
"chr9","34643067","34643361","chr7","31224525","31224819","53","3418542"
"chr9","34645195","34645490","chr11","8279166","8279461","63","26366029"
"chr9","34691429","34691746","chr9","102262325","102262646","67","67570896"
"chr9","34710964","34711256","chr1","149020182","149020489","73","114309218"
"chr9","34804886","34805177","chr4","21602892","21603183","59","13201994"
"chr9","34856675","34856990","chr15","94916304","94916623","67","60059629"
"chr9","34898221","34898344","chr5","111009082","111009205","19","76110861"
"chr9","34915712","34916020","chr5","83103373","83103695","87","48187661"
"chr9","34932893","34933120","chr7","31502176","31502415","41","3430717"
"chr9","34936822","34937141","chr7","31506670","31506994","55","3430152"
"chr9","34938470","34938595","chr9","65816955","65817079","20","30878485"
"chr9","34946700","34946985","chr7","31516457","31516735","37","3430243"
"chr9","34950550","34950844","chr7","31519468","31519756","45","3431082"
"chr9","34954316","34954612","chr7","31522864","31523146","44","3431452"
"chr9","34992588","34992705","chr2","55442530","55442646","20","20449942"
"chr9","35014534","35014656","chr19","24344595","24344716","20","10669939"
"chr9","35021934","35022234","chr4","21261252","21261557","64","13760682"
"chr9","35058732","35059020","chr1","155615330","155615616","63","120556598"
"chr9","35073728","35073869","chr7","102766883","102767024","28","67693155"
"chr9","35074171","35074299","chr4","13599154","13599281","22","21475017"
"chr9","35118242","35118361","chrX","68740871","68740987","14","33622629"
"chr9","35144176","35144308","chr16","46329569","46329700","19","11185393"
"chr9","35152293","35152562","chr4","106105978","106106250","73","70953685"
"chr9","35168167","35168463","chr11","118382154","118382447","63","83213987"
"chr9","35170906","35171207","chr7","31749940","31750235","57","3420966"
"chr9","35183994","35184296","chr16","61555872","61556165","72","26371878"
"chr9","35194584","35194922","chr12","11635053","11635385","78","23559531"
"chr9","35201158","35201470","chr7","31782880","31783193","45","3418278"
"chr9","35213594","35213872","chr1","170370966","170371257","76","135157372"
"chr9","35216695","35216968","chr7","31802286","31802571","50","3414409"
"chr9","35220552","35220740","chr5","83456739","83456926","48","48236187"
"chr9","35221030","35221149","chr14","84202406","84202526","17","48981376"
"chr9","35223901","35224199","chr7","70529533","70529824","59","35305632"
"chr9","35228046","35228205","chr1","3949737","3949895","62","31278309"
"chr9","35303520","35303665","chrUn_GL286373","1329248","1329389","41","33974272"
"chr9","35305828","35305951","chr6","112341343","112341464","16","77035515"
"chr9","35333616","35333935","chr20","29688896","29689203","64","5644720"
"chr9","35396389","35396705","chr12","84699755","84700062","73","49303366"
"chr9","35404027","35404197","chr10","126259446","126259620","35","90855419"
"chr9","35491899","35492022","chr7","32069357","32069480","17","3422542"
"chr9","35494932","35495229","chr12","87114736","87115030","53","51619804"
"chr9","35544177","35544485","chr1","118797181","118797481","56","83253004"
"chr9","35551382","35551677","chr7","32105211","32105487","44","3446171"
"chr9","35553461","35553593","chr4","44463564","44463694","21","8910103"
"chr9","35561513","35561750","chr7","32115648","32115878","44","3445865"
"chr9","35563432","35563719","chr6","147537143","147537433","53","111973711"
"chr9","35601700","35601820","chr7","32155943","32156068","24","3445757"
"chr9","35602432","35602737","chr7","32156797","32157094","57","3445635"
"chr9","35648150","35648430","chr7","32200093","32200368","42","3448057"
"chr9","35661811","35662087","chr4","130200734","130201024","70","94538923"
"chr9","35671442","35671576","chr13","40267018","40267150","18","4595576"
"chr9","35714694","35714981","chr7","32265493","32265801","52","3449201"
"chr9","35815089","35815387","chr7","32356273","32356558","88","3458816"
"chr9","35820856","35821122","chr7","32361712","32361989","45","3459144"
"chr9","35822607","35822894","chr7","32363417","32363723","44","3459190"
"chr9","35848136","35848419","chr15","95533729","95534019","70","59685593"
"chr9","35853926","35854211","chr2","8980236","8980513","62","26873690"
"chr9","35864331","35864629","chr5","153946645","153946945","51","118082314"
"chr9","35969965","35970279","chr7","32482160","32482453","50","3487805"
"chr9","35980918","35981224","chr7","32363417","32363723","78","3617501"
"chr9","36011668","36011979","chr7","32512245","32512557","28","3499423"
"chr9","36126892","36127191","chr8","95652391","95652666","80","59525499"
"chr9","36263274","36263578","chr1","198276236","198276530","66","162012962"
"chr9","36685466","36685720","chr11","77192060","77192308","66","40506594"
"chr9","36799104","36799285","chr5","100376117","100376299","45","63577013"
"chr9","36806850","36806993","chr5","4469592","4469726","37","32337258"
"chr9","36806994","36807286","chr7","24518921","24519208","61","12288073"
"chr9","36807287","36807462","chr7","60565933","60566105","42","23758646"
"chr9","37052161","37052287","chr7","33714751","33714876","15","3337410"
"chr9","37322784","37323086","chr4","151103653","151103951","61","113780869"
"chr9","37369986","37370304","chr22","18748126","18748423","59","18621860"
"chr9","37373816","37374120","chr7","41205745","41206044","70","3831929"
"chr9","37402697","37402976","chr22","18806102","18806381","25","18596595"
"chr9","37406198","37406496","chr4","83717239","83717535","62","46311041"
"chr9","37668586","37668889","chr8","114972577","114972882","72","77303991"
"chr9","37704028","37704211","chr7","32959637","32959829","24","4744391"
"chr9","37780316","37780354","chr1","84356248","84356285","6","46575932"
"chr9","37835235","37835535","chr8","111275979","111276267","81","73440744"
"chr9","38033911","38034191","chr12","26801469","26801751","64","11232442"
"chr9","38243041","38243313","chr14","4602297","4602558","72","33640744"
"chr9","38261288","38261596","chr12","30612365","30612668","36","7648923"
"chr9","38358809","38359117","chr9","45121884","45122176","62","6763075"
"chr9","38380927","38381224","chr13","36414491","36414784","58","1966436"
"chr9","38424514","38424808","chr14","36457155","36457448","54","1967359"
"chr9","38542953","38543252","chr12","30874669","30874959","46","7668284"
"chr9","38549526","38549649","chr9","65816955","65817079","17","27267429"
"chr9","38549950","38550074","chr8","115371785","115371885","47","76821835"
"chr9","38553716","38553882","chr8","90812382","90812546","50","52258666"
"chr9","38554015","38554035","chr2","9724691","9724705","8","28829324"
"chr9","38595438","38595705","chr15","83852309","83852555","70","45256871"
"chr9","38627547","38627833","chr12","30956462","30956747","27","7671085"
"chr9","38718409","38718690","chr12","31057584","31057852","39","7660825"
"chr9","38785414","38785538","chr6","112341343","112341464","16","73555929"
"chr9","38789081","38789340","chr13","40567635","40567885","74","1778554"
"chr9","38799741","38799993","chr9","114817205","114817455","63","76017464"
"chr9","38827869","38827968","chr9","85160789","85160882","26","46332920"
"chr9","38852113","38852242","chr4","50775252","50775381","23","11923139"
"chr9","38852285","38852504","chr9","98779209","98779413","56","59926924"
"chr9","38852814","38852946","chr4","13744429","13744559","31","25108385"
"chr9","38861144","38861451","chr12","31196111","31196415","46","7665033"
"chr9","38863332","38863421","chr3","151003173","151003256","23","112139841"
"chr9","38863745","38863862","chr2","11524067","11524186","31","27339678"
"chr9","38892752","38892887","chr15","56862420","56862553","23","17969668"
"chr9","38893438","38893582","chr9","100365987","100366123","37","61472549"
"chr9","38914011","38914298","chr12","31275181","31275465","42","7638830"
"chr9","38923570","38923874","chr15","32840949","32841254","62","6082621"
"chr9","38960264","38960391","chrX","120496137","120496262","19","81535873"
"chr9","38979826","38980101","chr12","31427411","31427679","58","7552415"
"chr9","38980926","38981079","chr5","110558610","110558758","36","71577684"
"chr9","39077610","39077896","chrX","49315108","49315397","53","10237498"
"chr9","39086745","39087046","chr6","16231327","16231619","59","22855418"
"chr9","39102550","39102673","chr5","43093688","43093811","23","3991138"
"chr9","39290111","39290390","chr1","155032190","155032474","55","115742079"
"chr9","39290443","39290458","chr15","42742025","42742041","3","3451582"
"chr9","39599274","39599578","chr10","46634292","46634588","80","7035018"
"chr9","40358612","40358914","chr4","37613653","37613939","68","2744959"
"chr9","40440396","40440685","chr12","32931639","32931935","38","7508757"
"chr9","40520323","40520617","chr7","73334013","73334299","67","32813690"
"chr9","40627424","40627733","chr7","14618036","14618321","57","26009388"
"chr9","40650569","40650860","chr5","2622512","2622802","63","38028057"
"chr9","40786007","40786227","chr12","30578226","30578445","17","10207781"
"chr9","41013216","41013353","chr18","14848181","14848308","26","26165035"
"chr9","41103906","41104206","chr12","33215609","33215914","68","7888297"
"chr9","41145430","41145753","chr7","133890379","133890679","95","92744949"
"chr9","41225911","41225975","chr5","8919067","8919133","12","32306844"
"chr9","41261399","41261668","chr4","157842479","157842751","68","116581080"
"chr9","41267323","41267634","chr20","38136382","38136686","69","3130941"
"chr9","41338274","41338547","chr12","91325079","91325343","65","49986805"
"chr9","41557720","41557836","chr2","74377312","74377434","23","32819592"
"chr9","41607710","41607987","chr12","91325079","91325343","66","49717369"
"chr9","41635821","41636104","chr1","137030004","137030286","59","95394183"
"chr9","41636130","41636150","chr2","16011052","16011073","7","25625078"
"chr9","42200066","42200375","chr12","35720475","35720767","56","6479591"
"chr9","42297216","42297498","chr4","16462057","16462343","57","25835159"
"chr9","42456220","42456451","chr12","35480636","35480865","36","6975584"
"chr9","42501783","42502074","chr12","35441791","35442097","45","7059992"
"chr9","42533281","42533564","chr12","35403004","35403298","51","7130277"
"chr9","42533577","42533637","chr4","21382917","21382973","12","21150660"
"chr9","42592264","42592542","chr12","35344690","35344974","39","7247574"
"chr9","42664959","42665266","chr12","35264993","35265302","44","7399966"
"chr9","43462432","43462749","chr5","140459961","140460270","63","96997529"
"chr9","43466741","43466878","chr10","127767886","127768021","17","84301145"
"chr9","43467174","43467214","chr2","171285921","171285956","13","127818747"
"chr9","43780652","43780940","chr12","34003394","34003692","47","9777258"
"chr9","43884909","43885200","chr14","20962894","20963191","65","22922015"
"chr9","43920331","43920462","chr12","33868237","33868369","13","10052094"
"chr9","43995055","43995347","chr12","33791144","33791432","53","10203911"
"chr9","44045300","44045609","chr1","14231240","14231548","79","29814060"
"chr9","44049694","44049993","chr4","39647768","39648069","63","4401926"
"chr9","44088465","44088761","chr12","33718935","33719225","51","10369530"
"chr9","44101905","44102212","chr12","33596963","33597254","69","10504942"
"chr9","44114660","44114778","chrUn_GL286454","117942","118059","16","43996718"
"chr9","44115264","44115575","chr6","22082494","22082803","56","22032770"
"chr9","44138074","44138356","chr12","33494535","33494805","53","10643539"
"chr9","44149762","44150046","chr16","8843993","8844263","49","35305769"
"chr9","44376799","44377109","chr16","46334192","46334488","62","1957393"
"chr9","44466961","44467256","chr3","149104058","149104353","58","104637097"
"chr9","44485087","44485344","chr7","61922254","61922510","55","17437167"
"chr9","44493511","44493636","chr7","16303881","16304003","25","28189630"
"chr9","44513066","44513372","chr12","36746849","36747137","47","7766217"
"chr9","44530805","44531111","chrX","13810174","13810484","63","30720631"
"chr9","44557214","44557330","chr1","149708008","149708126","23","105150794"
"chr9","44585026","44585310","chr5","94661027","94661295","72","50076001"
"chr9","44615185","44615451","chr12","91325079","91325343","70","46709894"
"chr9","44641444","44641746","chr9","16269953","16270254","62","28371491"
"chr9","44746777","44747044","chr4","157842479","157842751","73","113095702"
"chr9","44963994","44964112","chr17","18697273","18697397","20","26266721"
"chr9","45147706","45148009","chrX","22454216","22454523","59","22693490"
"chr9","45182892","45182949","chrX","121966377","121966433","10","76783485"
"chr9","45209115","45209377","chr12","91325079","91325343","66","46115964"
"chr9","45236036","45236303","chr4","157842479","157842751","74","112606443"
"chr9","45297324","45297631","chr12","36920370","36920676","36","8376954"
"chr9","45303849","45303973","chr11","20227354","20227469","26","25076495"
"chr9","45326929","45327216","chr12","36952591","36952886","35","8374338"
"chr9","45333324","45333624","chr12","36958627","36958930","42","8374697"
"chr9","45337217","45337432","chr12","36963383","36963584","51","8373834"
"chr9","45383843","45384124","chr1","181800405","181800684","57","136416562"
"chr9","45471908","45472045","chr4","44453749","44453878","42","1018159"
"chr9","45495480","45495601","chr12","37118892","37119013","25","8376588"
"chr9","45504879","45505000","chrX","17631702","17631819","20","27873177"
"chr9","45509392","45509510","chr1","189291918","189292031","29","143782526"
"chr9","45527618","45527910","chr12","27030088","27030379","56","18497530"
"chr9","45683304","45683429","chr9","65816955","65817079","17","20133651"
"chr9","45689673","45689795","chr9","86490995","86491113","18","40801322"
"chr9","45690074","45690235","chr3","142728753","142728915","30","97038679"
"chr9","45774364","45774644","chr12","37453530","37453813","34","8320834"
"chr9","45777586","45777856","chr10","115656334","115656612","66","69878748"
"chr9","45779003","45779126","chr3","19920221","19920345","25","25858782"
"chr9","45821291","45821574","chr9","53523121","53523415","55","7701830"
"chr9","45863953","45864077","chrX","120496137","120496262","17","74632184"
"chr9","45872288","45872595","chr5","77542260","77542566","64","31669972"
"chr9","45877342","45877651","chr7","55567706","55568016","61","9690364"
"chr9","46967297","46967631","chrX","46263611","46263920","82","703686"
"chr9","46967900","46968031","chr1","193430105","193430235","18","146462205"
"chr9","47169640","47169929","chr12","38864069","38864373","62","8305571"
"chr9","47292046","47292330","chr12","38973112","38973393","29","8318934"
"chr9","47730063","47730188","chr1","199892609","199892732","25","152162546"
"chr9","47897347","47897658","chr12","39634013","39634328","39","8263334"
"chr9","48103741","48104039","chrUn_GL289245","5729","6033","48","48098012"
"chr9","48106717","48106841","chr7","8433049","8433171","21","39673668"
"chr9","48123483","48123780","chr2","16689005","16689306","59","31434478"
"chr9","48132175","48132286","chr8","95050666","95050776","25","46918491"
"chr9","48161485","48161677","chr1","79496924","79497108","48","31335439"
"chr9","48182889","48183023","chr1","137317635","137317763","24","89134746"
"chr9","48189669","48189980","chr12","39940038","39940331","55","8249631"
"chr9","48196821","48196942","chr2","152262434","152262556","21","104065613"
"chr9","48205784","48205913","chrX","106469400","106469531","23","58263616"
"chr9","48316937","48317173","chr11","66433953","66434197","66","18117016"
"chr9","48476248","48476510","chr12","40289085","40289356","37","8187163"
"chr9","48506959","48507260","chr12","40323687","40323995","50","8183272"
"chr9","48553212","48553333","chr12","40378217","40378343","19","8174995"
"chr9","48584141","48584435","chr12","40424211","40424502","39","8159930"
"chr9","48811316","48811581","chr12","40658389","40658655","42","8152927"
"chr9","48817852","48818164","chr12","40666446","40666742","65","8151406"
"chr9","48972232","48972541","chr11","66081331","66081641","71","17109099"
"chr9","48989403","48989594","chr13","54172938","54173131","40","5183535"
"chr9","49132170","49132478","chr5","42579144","42579455","60","6553026"
"chr9","49326352","49326663","chr20","29688896","29689203","62","19637456"
"chr9","49786546","49786814","chr12","41574156","41574448","61","8212390"
"chr9","49812664","49812956","chr12","41601370","41601672","71","8211294"
"chr9","50226221","50226344","chr17","18697273","18697397","14","31528948"
"chr9","50360407","50360533","chr12","43461277","43461409","23","6899130"
"chr9","50360553","50360819","chr12","43461005","43461269","24","6899548"
"chr9","50361633","50361852","chr12","43459975","43460190","26","6901658"
"chr9","50413821","50413947","chr7","51683975","51684102","24","1270154"
"chr9","50436812","50437029","chr1","82026409","82026638","62","31589597"
"chr9","50517964","50518268","chr12","43294556","43294853","33","7223408"
"chr9","50847416","50847675","chr13","28701417","28701682","76","22145999"
"chr9","51050743","51050864","chr9","65816955","65817079","22","14766212"
"chr9","51416638","51416917","chr12","42373831","42374117","51","9042807"
"chr9","51447409","51447670","chr12","42343301","42343562","22","9104108"
"chr9","51491529","51491799","chr2","9984020","9984282","78","41507509"
"chr9","51597991","51598290","chr7","129459315","129459607","91","77861324"
"chr9","51902451","51902754","chr12","41962038","41962362","56","9940413"
"chr9","51960508","51960816","chr1","191544283","191544571","98","139583775"
"chr9","51984645","51984960","chr4","35998341","35998644","90","15986304"
"chr9","52165232","52165524","chr11","22475002","22475290","67","29690230"
"chr9","52170821","52170955","chr19","6952953","6953082","26","45217868"
"chr9","52172211","52172354","chr11","120560318","120560450","37","68388107"
"chr9","52184911","52185181","chr12","43963680","43963958","69","8221231"
"chr9","52190013","52190219","chr2","135193009","135193224","46","83002996"
"chr9","52195908","52196200","chr12","43974461","43974751","36","8221447"
"chr9","52212219","52212509","chr22","17623804","17624079","74","34588415"
"chr9","52445077","52445209","chr6","144234386","144234514","24","91789309"
"chr9","52471586","52471715","chrX","22373284","22373410","26","30098302"
"chr9","52472024","52472194","chr1","129159547","129159726","34","76687523"
"chr9","52497057","52497360","chr11","12827826","12828124","66","39669231"
"chr9","52551091","52551137","chr5","97447344","97447389","11","44896253"
"chr9","52551141","52551233","chr12","27597292","27597379","21","24953849"
"chr9","52551263","52551381","chr2","8694044","8694161","16","43857219"
"chr9","52748000","52748301","chr1","101201030","101201336","68","48453030"
"chr9","52988008","52988107","chr19","43029671","43029770","15","9958337"
"chr9","52993661","52993799","chr12","44663418","44663555","15","8330243"
"chr9","52998556","52998874","chr14","14505158","14505476","63","38493398"
"chr9","53066414","53066730","chr7","77076421","77076738","62","24010007"
"chr9","53111493","53111612","chr12","44778859","44778978","12","8332634"
"chr9","53111918","53112233","chr12","44779260","44779559","54","8332658"
"chr9","53118128","53118415","chr12","44786160","44786443","46","8331968"
"chr9","53402957","53403258","chr2","37276775","37277073","52","16126182"
"chr9","53564269","53564544","chr5","32678837","32679116","53","20885432"
"chr9","54235571","54235867","chr12","45935520","45935827","46","8300051"
"chr9","54273416","54273539","chr6","5170292","5170412","18","49103124"
"chr9","54290913","54290991","chr14","37283116","37283196","25","17007797"
"chr9","54313647","54313950","chr10","8915279","8915588","66","45398368"
"chr9","54326274","54326528","chr1","170722684","170722928","61","116396410"
"chr9","54357949","54358068","chr5","84342879","84342988","33","29984930"
"chr9","54396531","54396840","chr12","46098192","46098470","58","8298339"
"chr9","54406057","54406337","chr12","46108806","46109079","48","8297251"
"chr9","54414113","54414247","chr13","10331146","10331276","27","44082967"
"chr9","54421388","54421691","chr12","46124137","46124434","44","8297251"
"chr9","54430024","54430147","chr12","46132601","46132723","10","8297423"
"chr9","54435972","54436081","chr12","46138444","46138555","13","8297528"
"chr9","54483610","54483728","chr12","46187039","46187157","22","8296571"
"chr9","54529360","54529664","chr12","46230494","46230780","47","8298866"
"chr9","54537930","54538228","chr2","12715029","12715327","65","41822901"
"chr9","54549450","54549580","chr7","78792060","78792184","16","24242610"
"chr9","54629123","54629426","chr12","46309910","46310198","58","8319213"
"chr9","54683269","54683534","chr12","48806366","48806633","47","5876903"
"chr9","54774942","54775082","chrUn_GL286451","473052","473191","31","54301890"
"chr9","54813381","54813580","chr12","48680414","48680605","30","6132967"
"chr9","54889736","54890039","chr12","48600676","48600971","48","6289060"
"chr9","54980312","54980610","chr12","88933406","88933700","59","33953094"
"chr9","54991309","54991617","chr12","48498590","48498858","58","6492719"
"chr9","55048234","55048528","chr10","59514709","59514996","54","4466475"
"chr9","55139483","55139609","chr17","18697273","18697397","15","36442210"
"chr9","55299561","55299836","chr12","48177341","48177609","31","7122220"
"chr9","55664166","55664288","chr14","60704909","60705025","19","5040743"
"chr9","55727619","55727898","chr1","92174125","92174415","61","36446506"
"chr9","55732522","55732819","chr12","47745597","47745884","53","7986925"
"chr9","56085078","56085360","chr12","47382871","47383150","30","8702207"
"chr9","56105188","56105310","chr12","47353297","47353421","17","8751891"
"chr9","56502958","56503273","chr12","46993809","46994110","51","9509149"
"chr9","56510743","56510877","chr11","120560318","120560450","25","64049575"
"chr9","56533566","56533679","chr10","16801974","16802091","20","39731592"
"chr9","56623662","56623951","chr12","46868811","46869096","45","9754851"
"chr9","56706680","56706984","chr12","46781466","46781768","41","9925214"
"chr9","56860143","56860449","chr12","46621647","46621949","44","10238496"
"chr9","56903997","56904286","chr12","46577924","46578212","47","10326073"
"chr9","56975462","56975647","chrX","46432419","46432600","37","10543043"
"chr9","57145794","57145924","chr3","111961656","111961787","19","54815862"
"chr9","57151898","57152179","chr16","71714174","71714446","54","14562276"
"chr9","57175475","57175750","chr12","48868238","48868507","29","8307237"
"chr9","57203769","57203900","chr1","74671369","74671502","29","17467600"
"chr9","57267508","57267805","chr12","48962665","48962961","31","8304843"
"chr9","57268192","57268247","chr12","48963348","48963406","8","8304844"
"chr9","57271326","57271450","chr5","127901579","127901706","22","70630253"
"chr9","57271755","57271952","chr1","130878830","130879020","51","73607075"
"chr9","57309666","57309800","chr12","107787989","107788121","22","50478323"
"chr9","57368239","57368529","chr12","49068051","49068352","43","8300188"
"chr9","57375681","57375984","chr14","82325633","82325925","65","24949952"
"chr9","57437187","57437481","chr12","49136834","49137123","33","8300353"
"chr9","57441884","57442164","chr12","49141689","49141969","56","8300195"
"chr9","57457167","57457298","chr12","49158580","49158709","24","8298587"
"chr9","57458310","57458446","chr2","170813628","170813760","27","113355318"
"chr9","57536362","57536656","chr7","43436533","43436827","54","14099829"
"chr9","57559053","57559355","chr1","26917114","26917404","64","30641939"
"chr9","57576191","57576317","chr9","16376354","16376486","25","41199837"
"chr9","57620664","57620977","chr7","57399106","57399413","64","221558"
"chr9","57625332","57625612","chr11","124015453","124015718","65","66390121"
"chr9","57643900","57644200","chr12","49379439","49379732","50","8264461"
"chr9","57667795","57668101","chr12","49405384","49405686","75","8262411"
"chr9","57677751","57678037","chrX","106520726","106521015","63","48842975"
"chr9","57695982","57696065","chr3","115280121","115280198","16","57584139"
"chr9","57705489","57705794","chrX","40170539","40170849","70","17534950"
"chr9","57707363","57707478","chr12","49445287","49445400","11","8262076"
"chr9","57742216","57742325","chr4","110956504","110956611","25","53214288"
"chr9","57752413","57752716","chr12","49482801","49483104","42","8269612"
"chr9","57770750","57770881","chr12","49500465","49500588","14","8270285"
"chr9","57783766","57784072","chr12","49513866","49514149","54","8269900"
"chr9","57849402","57849526","chr3","41668801","41668924","20","16180601"
"chr9","58000807","58001087","chr6","112518540","112518808","81","54517733"
"chr9","58015347","58015640","chr12","88933406","88933700","56","30918059"
"chr9","58064989","58065295","chr12","49808450","49808761","39","8256539"
"chr9","58068588","58068719","chr22","38799749","38799881","18","19268839"
"chr9","58072373","58072492","chr6","112717459","112717576","20","54645086"
"chr9","58081693","58081818","chr2","132667485","132667606","24","74585792"
"chr9","58084051","58084176","chr7","6167066","6167189","22","51916985"
"chr9","58090827","58091133","chr15","72518938","72519246","61","14428111"
"chr9","58098917","58099037","chr12","49841837","49841957","16","8257080"
"chr9","58108644","58108769","chr12","49850048","49850166","22","8258596"
"chr9","58122670","58122926","chr12","49873977","49874215","47","8248693"
"chr9","58169215","58169459","chr12","49931530","49931770","40","8237685"
"chr9","58208527","58208727","chrX","95596924","95597125","56","37388397"
"chr9","58226192","58226474","chr7","60677817","60678103","53","2451625"
"chr9","58233224","58233507","chr12","49994518","49994800","56","8238706"
"chr9","58233999","58234297","chr6","124269829","124270127","48","66035830"
"chr9","58249719","58249824","chrX","43072109","43072204","24","15177610"
"chr9","58299402","58299701","chr12","50066327","50066644","49","8233075"
"chr9","58304062","58304195","chr12","50073333","50073466","11","8230729"
"chr9","58306172","58306437","chr5","2861428","2861694","52","55444744"
"chr9","58325956","58326259","chr12","50091475","50091744","63","8234481"
"chr9","58350599","58350722","chr5","140347494","140347615","22","81996895"
"chr9","58368097","58368226","chr7","51683975","51684102","21","6684122"
"chr9","58411368","58411689","chr12","50174353","50174668","40","8237015"
"chr9","58418138","58418434","chr9","53523121","53523415","60","4895017"
"chr9","58424128","58424396","chr12","50190313","50190582","39","8233815"
"chr9","58427795","58427926","chr12","50193702","50193833","18","8234093"
"chr9","58598431","58598712","chr12","50359223","50359506","39","8239208"
"chr9","58599200","58599501","chr12","50360004","50360293","63","8239196"
"chr9","58621932","58622035","chr7","22434038","22434132","27","36187894"
"chr9","58678744","58678999","chr18","28378203","28378459","55","30300541"
"chr9","58690748","58690861","chr1","77240426","77240541","27","18549678"
"chr9","58698143","58698263","chr17","5989328","5989449","20","52708815"
"chr9","58734504","58734800","chr12","50511382","50511684","54","8223122"
"chr9","58735744","58736016","chr12","50513181","50513446","39","8222563"
"chr9","58748230","58748497","chr12","50526451","50526747","48","8221779"
"chr9","58756309","58756616","chr2","153911331","153911638","59","95155022"
"chr9","58820275","58820573","chr12","50596230","50596530","56","8224045"
"chr9","58859060","58859336","chr12","50630514","50630766","60","8228546"
"chr9","58911153","58911453","chr7","87368088","87368386","63","28456935"
"chr9","58935465","58935736","chr15","6994440","6994701","67","51941025"
"chr9","58994101","58994403","chr12","50754887","50755177","47","8239214"
"chr9","59000123","59000222","chr3","90494104","90494198","22","31493981"
"chr9","59006545","59006870","chr12","50771322","50771648","47","8235223"
"chr9","59081839","59082139","chr12","50855414","50855720","40","8226425"
"chr9","59092935","59093119","chr10","126259446","126259620","41","67166511"
"chr9","59202571","59202722","chr19","43208141","43208288","29","15994430"
"chr9","59226062","59226367","chr12","50969571","50969870","44","8256491"
"chr9","59241234","59241558","chr12","50996319","50996609","65","8244915"
"chr9","59260941","59261132","chr15","54634237","54634405","53","4626704"
"chr9","59261435","59261585","chr22","46297492","46297632","38","12963943"
"chr9","59313039","59313267","chr2","72672980","72673216","65","13359941"
"chr9","59326244","59326373","chr12","23352979","23353105","23","35973265"
"chr9","59362777","59362983","chr12","51123697","51123883","40","8239080"
"chr9","59368179","59368490","chr7","57208363","57208670","70","2159816"
"chr9","59444281","59444565","chr13","15863362","15863648","57","43580919"
"chr9","59453737","59454055","chr12","51221555","51221846","55","8232182"
"chr9","59459488","59459795","chr7","51662074","51662375","76","7797414"
"chr9","59498113","59498388","chr12","51266423","51266713","50","8231690"
"chr9","59561359","59561483","chr9","37537411","37537535","24","22023948"
"chr9","59563344","59563640","chr12","51332435","51332723","34","8230909"
"chr9","59568289","59568596","chr12","51340418","51340722","46","8227871"
"chr9","59570061","59570185","chr5","92431236","92431357","32","32861175"
"chr9","59572132","59572250","chr9","86490995","86491113","21","26918863"
"chr9","59579875","59580000","chr12","51355179","51355309","18","8224696"
"chr9","59662213","59662323","chrX","102911615","102911724","25","43249402"
"chr9","59662611","59662759","chr22","3574124","3574264","47","56088487"
"chr9","59684456","59684763","chr2","55200270","55200573","66","4484186"
"chr9","59692724","59693079","chr10","16975369","16975683","104","42717355"
"chr9","59712570","59712940","chr9","18956187","18956545","114","40756383"
"chr9","59715777","59715899","chr4","46198952","46199066","25","13516825"
"chr9","59723789","59723907","chr9","107943149","107943266","17","48219360"
"chr9","59723937","59724101","chrX","111808729","111808886","40","52084792"
"chr9","59778307","59778621","chr5","99326836","99327142","61","39548529"
"chr9","59807539","59807665","chr5","137705493","137705618","20","77897954"
"chr9","59925605","59925724","chr9","8422725","8422848","19","51502880"
"chr9","59945702","59945823","chr1","99997997","99998125","26","40052295"
"chr9","60013025","60013148","chr11","14157994","14158117","24","45855031"
"chr9","60013890","60014008","chrX","52248071","52248191","23","7765819"
"chr9","60079366","60079503","chr12","51837374","51837509","23","8241992"
"chr9","60121094","60121233","chr12","110982897","110983030","36","50861803"
"chr9","60121923","60122054","chr5","46011681","46011810","19","14110242"
"chr9","60122722","60122949","chr5","61753281","61753487","51","1630559"
"chr9","60124116","60124416","chr12","51881089","51881386","48","8243027"
"chr9","60154200","60154492","chr12","51907254","51907560","60","8246946"
"chr9","60161037","60161175","chr1","41377894","41378028","25","18783143"
"chr9","60161482","60161609","chr7","53397171","53397301","27","6764311"
"chr9","60166727","60166852","chr19","28118672","28118794","19","32048055"
"chr9","60166892","60167055","chr2","84159632","84159792","41","23992740"
"chr9","60174049","60174309","chr12","51925170","51925430","38","8248879"
"chr9","60189929","60190196","chr1","119154359","119154628","56","58964430"
"chr9","60246514","60246818","chr12","52020248","52020542","48","8226266"
"chr9","60264412","60264576","chr1","193433260","193433422","43","133168848"
"chr9","60292467","60292766","chr8","117346338","117346641","58","57053871"
"chr9","60310993","60311240","chr5","31318175","31318425","69","28992818"
"chr9","60337202","60337487","chr7","136591963","136592244","66","76254761"
"chr9","60341469","60341606","chr1","65182737","65182869","25","4841268"
"chr9","60435745","60436022","chr11","28816210","28816498","64","31619535"
"chr9","60608969","60609091","chrX","58482136","58482260","18","2126833"
"chr9","60638495","60638756","chr12","52409838","52410099","47","8228657"
"chr9","60645302","60645426","chr18","27702305","27702429","14","32942997"
"chr9","60648507","60648812","chr12","52419190","52419477","56","8229317"
"chr9","60669676","60669987","chr7","129074421","129074722","65","68404745"
"chr9","60731472","60731754","chr12","52506492","52506781","41","8224980"
"chr9","60873859","60874071","chr3","75033239","75033448","47","14159380"
"chr9","61008842","61009132","chr12","52786850","52787155","51","8221992"
"chr9","61016755","61017062","chr20","29688896","29689203","64","31327859"
"chr9","61026828","61027105","chr6","42074326","42074599","67","18952502"
"chr9","61030268","61030546","chr12","52808708","52808993","52","8221560"
"chr9","61296484","61296639","chr4","131465485","131465637","36","70169001"
"chr9","61296684","61296799","chr3","173786783","173786898","14","112490099"
"chr9","61639462","61639648","chr3","48173821","48174007","40","13465641"
"chr9","61666569","61666859","chr12","53434625","53434909","46","8231944"
"chr9","61772227","61772333","chr5","2659527","2659628","30","59112700"
"chr9","61803252","61803577","chr12","9975320","9975634","69","51827932"
"chr9","61825545","61825844","chr10","118748069","118748362","54","56922524"
"chr9","61919944","61920078","chr1","157999498","157999632","16","96079554"
"chr9","61949393","61949586","chr13","36662512","36662720","62","25286881"
"chr9","62023989","62024270","chr7","11136421","11136704","66","50887568"
"chr9","62055139","62055459","chr5","41483881","41484209","70","20571258"
"chr9","62079580","62079884","chr11","8279166","8279461","63","53800414"
"chr9","62083326","62083562","chr1","184969412","184969640","70","122886086"
"chr9","62098342","62098651","chr14","99094248","99094547","64","36995906"
"chr9","62179057","62179263","chr12","53849246","53849452","19","8329811"
"chr9","62262010","62262289","chr4","156062875","156063156","61","93800865"
"chr9","62266290","62266418","chr12","53931466","53931598","18","8334824"
"chr9","62280516","62280694","chr7","21789387","21789560","33","40491129"
"chr9","62280726","62280849","chr7","74897348","74897465","23","12616622"
"chr9","62285098","62285378","chr12","53950471","53950774","64","8334627"
"chr9","62311617","62311935","chr12","53979931","53980211","61","8331686"
"chr9","62314495","62314788","chr12","53982787","53983080","38","8331708"
"chr9","62322447","62322563","chr1","77240426","77240541","20","14917979"
"chr9","62322884","62322941","chr10","27513186","27513244","19","34809698"
"chr9","62344365","62344492","chr12","54013879","54014004","12","8330486"
"chr9","62349866","62350181","chr12","54018315","54018607","65","8331551"
"chr9","62707959","62708299","chr12","54395022","54395311","95","8312937"
"chr9","62758518","62758814","chr12","54468969","54469259","34","8289549"
"chr9","62818394","62818681","chr12","54526184","54526470","49","8292210"
"chr9","62873514","62873574","chr1","107967310","107967377","10","45093796"
"chr9","62944769","62944882","chrUn_GL286217","106113","106229","19","62838656"
"chr9","63026986","63027251","chr19","24982546","24982814","65","38044440"
"chr9","63028255","63028549","chr12","13322686","13322982","61","49705569"
"chr9","63064188","63064310","chr6","86252050","86252171","20","23187862"
"chr9","63078392","63078512","chr22","41890555","41890666","24","21187837"
"chr9","63084854","63084989","chr12","11035256","11035394","23","52049598"
"chr9","63085289","63085467","chr13","9173046","9173224","35","53912243"
"chr9","63112204","63112328","chr12","118156225","118156351","22","55044021"
"chr9","63137186","63137284","chr8","115328735","115328831","17","52191549"
"chr9","63264832","63265086","chr4","138109233","138109489","53","74844401"
"chr9","63294180","63294468","chr12","54999488","54999778","42","8294692"
"chr9","63331260","63331544","chr12","55034868","55035178","52","8296392"
"chr9","63331571","63331599","chr2","16011052","16011073","10","47320519"
"chr9","63336126","63336395","chr12","55040454","55040729","64","8295672"
"chr9","63379574","63379680","chr11","98231138","98231243","22","34851564"
"chr9","63387248","63387588","chr12","121438619","121438960","78","58051371"
"chr9","63428348","63428461","chr2","11260542","11260654","19","52167806"
"chr9","63452828","63453126","chr8","105343725","105344018","62","41890897"
"chr9","63454837","63455088","chr1","102625470","102625724","64","39170633"
"chr9","63459984","63460107","chr2","186392833","186392949","27","122932849"
"chr9","63468151","63468308","chr8","1197164","1197312","42","62270987"
"chr9","63483397","63483690","chr21","46998038","46998338","51","16485359"
"chr9","63510685","63510979","chr22","4504055","4504338","78","59006630"
"chr9","63534127","63534213","chr5","131824506","131824581","20","68290379"
"chr9","63540837","63540911","chr14","98378217","98378290","11","34837380"
"chr9","63553228","63553360","chrX","106469400","106469531","23","42916172"
"chr9","63559121","63559249","chr11","9165342","9165467","33","54393779"
"chr9","63591837","63592148","chr6","31372066","31372370","72","32219771"
"chr9","63597141","63597283","chr10","60100392","60100530","31","3496749"
"chr9","63673294","63673596","chr12","55342939","55343251","35","8330355"
"chr9","63674176","63674295","chr10","20521071","20521195","26","43153105"
"chr9","63679539","63679798","chr12","55349448","55349702","37","8330091"
"chr9","63713080","63713289","chrX","29485044","29485249","49","34228036"
"chr9","63741954","63742087","chr5","112473213","112473343","22","48731259"
"chr9","63744158","63744298","chr13","72273832","72273968","43","8529674"
"chr9","63752779","63753073","chrX","126967368","126967658","67","63214589"
"chr9","63796804","63796928","chr2","14748801","14748923","30","49048003"
"chr9","63797581","63797877","chr4","117443805","117444104","64","53646224"
"chr9","63801873","63801973","chr7","32719949","32720042","21","31081924"
"chr9","63838122","63838221","chr15","22617189","22617290","20","41220933"
"chr9","63839798","63840108","chr9","70393351","70393658","60","6553553"
"chr9","63852658","63852774","chr2","193532314","193532427","23","129679656"
"chr9","63890149","63890384","chr12","55581914","55582146","39","8308235"
"chr9","63891457","63891578","chr10","27220287","27220416","29","36671170"
"chr9","63914603","63914933","chr12","55603422","55603715","78","8311181"
"chr9","63915735","63916007","chr12","55604919","55605210","67","8310816"
"chr9","63927847","63927972","chr12","55619222","55619349","19","8308625"
"chr9","63932945","63933032","chr12","55625692","55625779","10","8307253"
"chr9","63945764","63946066","chr12","55635130","55635428","47","8310634"
"chr9","63952249","63952481","chr10","128285533","128285765","61","64333284"
"chr9","63969182","63969307","chr5","125448434","125448561","27","61479252"
"chr9","63982220","63982347","chr2","17455028","17455152","30","46527192"
"chr9","64002543","64002665","chr12","55691134","55691235","38","8311409"
"chr9","64022693","64022796","chr20","41094788","41094878","29","22927905"
"chr9","64080496","64080840","chr22","31632788","31633117","75","32447708"
"chr9","64081468","64081530","chr17","6129150","6129207","15","57952318"
"chr9","64112685","64113002","chr5","99326836","99327142","71","35214151"
"chr9","64152762","64152892","chr10","45321452","45321581","26","18831310"
"chr9","64161851","64161917","chr22","47566009","47566073","11","16595842"
"chr9","64199479","64199785","chr18","8030633","8030930","77","56168846"
"chr9","64204138","64204434","chr22","13041838","13042121","83","51162300"
"chr9","64236362","64236657","chr5","116150121","116150414","71","51913759"
"chr9","64328280","64328565","chr2","61820209","61820486","62","2508071"
"chr9","64419424","64419713","chr12","56102409","56102688","50","8317015"
"chr9","64428042","64428356","chr12","56111574","56111862","59","8316468"
"chr9","64454531","64454795","chr7","53228864","53229133","57","11225667"
"chr9","64502949","64503084","chr1","183854544","183854676","28","119351595"
"chr9","64520565","64520793","chr11","20973291","20973519","50","43547274"
"chr9","64696046","64696174","chr7","70587805","70587930","28","5891759"
"chr9","64696485","64696652","chr12","33261650","33261815","35","31434835"
"chr9","64700938","64701223","chr12","56403080","56403330","68","8297858"
"chr9","64726295","64726561","chr12","56427821","56428095","38","8298474"
"chr9","64727239","64727553","chr20","38136382","38136686","73","26590857"
"chr9","64739351","64739647","chr9","84226861","84227152","54","19487510"
"chr9","64776401","64776685","chr12","56479380","56479669","37","8297021"
"chr9","64801910","64802221","chr6","74862107","74862412","72","10060197"
"chr9","64822331","64822647","chr2","138027451","138027756","69","73205120"
"chr9","64875544","64875576","chr3","132390148","132390171","11","67514604"
"chr9","64876260","64876323","chr17","74635537","74635595","14","9759277"
"chr9","65143924","65144266","chr10","120546371","120546703","80","55402447"
"chr9","65333588","65333891","chr5","149870776","149871073","55","84537188"
"chr9","65442259","65442510","chr7","40469895","40470149","58","24972364"
"chr9","66109058","66109357","chr12","48712370","48712665","55","17396688"
"chr9","66285707","66286041","chr16","49169614","49169934","78","17116093"
"chr9","66315237","66315362","chr22","40555915","40556038","20","25759322"
"chr9","66414239","66414527","chr6","39094098","39094376","75","27320141"
"chr9","66477206","66477464","chr15","63232108","63232373","65","3245098"
"chr9","66805123","66805439","chr2","1025790","1026100","60","65779333"
"chr9","66866561","66866851","chr5","111730943","111731232","70","44864382"
"chr9","66885995","66886117","chr12","58973683","58973810","17","7912312"
"chr9","67335749","67336019","chrX","63370150","63370401","82","3965599"
"chr9","67337955","67338275","chr13","10122359","10122668","70","57215596"
"chr9","67419579","67419857","chr12","58395185","58395440","68","9024394"
"chr9","67866056","67866176","chr12","59437659","59437779","14","8428397"
"chr9","68046663","68046792","chr1","22614360","22614489","20","45432303"
"chr9","68116537","68116770","chr12","59713213","59713435","37","8403324"
"chr9","68240812","68241112","chr1","106482342","106482647","65","38241530"
"chr9","68294764","68294883","chr5","97612044","97612168","26","29317280"
"chr9","68357370","68357494","chr7","78792060","78792184","21","10434690"
"chr9","68419593","68419897","chr12","32868690","32868994","68","35550903"
"chr9","68867814","68867944","chr22","18128678","18128803","18","50739136"
"chr9","68993762","68993885","chr2","126170566","126170687","18","57176804"
"chr9","68993925","68994070","chr12","113106226","113106374","42","44112301"
"chr9","69138300","69138605","chr12","60753788","60754098","37","8384512"
"chr9","69139038","69139323","chr4","110955984","110956276","63","41816946"
"chr9","69139632","69139941","chr11","63999274","63999567","74","5140358"
"chr9","69142634","69142951","chr12","60761174","60761482","34","8381460"
"chr9","69169451","69169713","chr12","60792258","60792498","53","8377193"
"chr9","69175699","69175895","chr2","7602269","7602463","57","61573430"
"chr9","69196700","69196986","chr7","24828998","24829290","67","44367702"
"chr9","69275181","69275453","chr5","75993600","75993860","64","6718419"
"chr9","69339140","69339465","chr4","36727942","36728236","76","32611198"
"chr9","69377208","69377375","chr3","150153665","150153833","35","80776457"
"chr9","69381380","69381442","chr9","112827727","112827792","17","43446347"
"chr9","69392924","69393235","chr16","8753895","8754203","68","60639029"
"chr9","69438782","69438884","chr2","93927440","93927542","23","24488658"
"chr9","69448155","69448422","chr11","20326052","20326307","68","49122103"
"chr9","69532641","69532935","chr9","53523121","53523415","56","16009520"
"chr9","69563924","69564077","chr16","19741507","19741659","27","49822417"
"chr9","69564347","69564518","chr13","66738092","66738261","46","2826255"
"chr9","69632924","69633049","chr4","44091627","44091751","17","25541297"
"chr9","69650017","69650319","chr22","37688895","37689202","59","31961122"
"chr9","69685372","69685673","chr16","1418834","1419135","68","68266538"
"chr9","69689304","69689594","chr9","53523121","53523415","57","16166183"
"chr9","69700670","69700793","chr5","31753831","31753955","22","37946839"
"chr9","69927893","69928196","chr12","55980536","55980844","56","13947357"
"chr9","70168634","70168949","chrX","62357526","62357821","68","7811108"
"chr9","70219938","70220183","chr12","61866483","61866733","33","8353455"
"chr9","70396875","70397173","chr14","80754932","80755229","67","10358057"
"chr9","70469000","70469306","chr9","99080067","99080376","63","28611067"
"chr9","70508312","70508600","chr12","62123577","62123859","35","8384735"
"chr9","71195281","71195404","chr22","28812684","28812807","26","42382597"
"chr9","71893203","71893320","chr6","31167603","31167720","27","40725600"
"chr9","71940567","71940689","chr12","63585351","63585475","8","8355216"
"chr9","71942709","71942814","chr7","130467372","130467474","22","58524663"
"chr9","71965130","71965264","chr9","43510189","43510319","20","28454941"
"chr9","71967968","71968283","chr12","63615823","63616126","54","8352145"
"chr9","72010680","72010927","chr5","112637900","112638164","70","40627220"
"chr9","72111229","72111525","chr12","5119605","5119898","72","66991624"
"chr9","72243787","72244001","chr10","118190082","118190289","58","45946295"
"chr9","72244976","72245190","chr10","118190082","118190289","58","45945106"
"chr9","72294028","72294318","chr12","63924085","63924346","65","8369943"
"chr9","72387179","72387473","chr9","9968844","9969135","66","62418335"
"chr9","72476342","72476596","chr13","40466162","40466417","55","32010180"
"chr9","72509858","72510139","chr12","64148907","64149199","48","8360951"
"chr9","72745645","72745962","chr2","17670653","17670953","74","55074992"
"chr9","73056088","73056347","chr12","64677289","64677555","63","8378799"
"chr9","73146473","73146609","chr5","133327714","133327847","28","60181241"
"chr9","73146658","73146792","chr14","1757940","1758064","33","71388718"
"chr9","73963923","73964063","chr12","65595305","65595445","21","8368618"
"chr9","74061452","74061759","chr15","57058522","57058823","60","17002930"
"chr9","74126952","74127235","chr12","65740897","65741179","41","8386055"
"chr9","74294264","74294525","chr12","65866615","65866888","50","8427649"
"chr9","74396548","74396852","chrX","107193280","107193586","70","32796732"
"chr9","74397611","74397915","chrX","107193280","107193586","70","32795669"
"chr9","74426449","74426564","chr6","148981161","148981280","27","74554712"
"chr9","74426591","74426674","chr17","27819363","27819446","14","46607228"
"chr9","74428027","74428148","chr12","66016717","66016839","19","8411310"
"chr9","74514631","74514939","chr15","20075036","20075344","76","54439595"
"chr9","74552271","74552437","chr10","100194841","100194990","47","25642570"
"chr9","74597668","74597816","chr9","90645374","90645510","35","16047706"
"chr9","74992406","74992520","chr2","9057977","9058089","23","65934429"
"chr9","75175305","75175577","chr12","66737317","66737590","45","8437988"
"chr9","75372900","75373211","chr12","66938799","66939108","78","8434101"
"chr9","75440206","75440486","chr1","155032190","155032474","61","79591984"
"chr9","75572825","75573135","chr1","139908124","139908437","74","64335299"
"chr9","75895282","75895406","chr5","132892578","132892701","18","56997296"
"chr9","75921387","75921531","chr12","67433718","67433845","32","8487669"
"chr9","76407170","76407484","chr12","67838032","67838325","46","8569138"
"chr9","76547228","76547432","chr1","197993033","197993239","53","121445805"
"chr9","77166468","77166581","chr22","31600836","31600951","23","45565632"
"chr9","77172695","77173006","chr16","35964055","35964342","93","41208640"
"chr9","77446695","77446812","chr5","129121","129233","35","77317574"
"chr9","77535744","77536024","chr12","68887937","68888233","62","8647807"
"chr9","77544441","77544736","chr12","68898888","68899191","59","8645553"
"chr9","77609544","77609617","chr1","182701093","182701165","17","105091549"
"chr9","77622900","77623201","chr10","21315010","21315313","75","56307890"
"chr9","78067129","78067249","chr18","26886834","26886951","27","51180295"
"chr9","78208403","78208695","chr22","38879328","38879601","76","39329075"
"chr9","79049691","79049823","chr12","70421780","70421909","20","8627911"
"chr9","79086266","79086550","chr7","6067755","6068040","82","73018511"
"chr9","79430755","79431035","chr8","72914122","72914404","63","6516633"
"chr9","79545405","79545550","chr8","76891205","76891344","35","2654200"
"chr9","79829929","79830053","chr4","58596055","58596175","20","21233874"
"chr9","79856204","79856480","chr1","171173294","171173582","66","91317090"
"chr9","79903765","79903888","chr19","6453575","6453696","21","73450190"
"chr9","80325671","80325972","chr2","15976757","15977056","77","64348914"
"chr9","80504372","80504667","chr1","175852107","175852404","65","95347735"
"chr9","80616877","80617172","chr7","6617728","6618015","77","73999149"
"chr9","80758467","80758651","chr19","16930429","16930612","40","63828038"
"chr9","80987226","80987535","chr12","72410920","72411208","53","8576306"
"chr9","81124703","81124859","chr9","46276827","46276979","39","34847876"
"chr9","81214684","81214951","chr12","72661169","72661436","55","8553515"
"chr9","81825089","81825225","chr12","73265920","73266066","27","8559169"
"chr9","82218508","82218811","chrX","121494838","121495137","84","39276330"
"chr9","82745044","82745344","chr11","65330058","65330354","62","17414986"
"chr9","82766924","82767219","chr12","74184635","74184928","38","8582289"
"chr9","82808325","82808455","chr6","16581441","16581573","18","66226884"
"chr9","82941830","82941947","chr19","38829562","38829677","21","44112268"
"chr9","82941991","82942169","chrX","102298297","102298480","36","19356306"
"chr9","82948605","82948911","chr5","60614719","60615019","68","22333886"
"chr9","82962702","82963011","chr12","74377298","74377605","33","8585404"
"chr9","83452357","83452653","chr12","74867081","74867385","40","8585276"
"chr9","83597691","83597747","chr2","3436653","3436709","7","80161038"
"chr9","83652760","83652886","chr21","45537068","45537190","27","38115692"
"chr9","83765443","83765779","chr10","98604594","98604920","78","14839151"
"chr9","83828539","83828659","chr10","79249313","79249435","19","4579226"
"chr9","84282618","84282897","chr8","107146130","107146409","74","22863512"
"chr9","84508668","84508789","chr1","134619131","134619260","26","50110463"
"chr9","84539320","84539635","chr1","139908124","139908437","75","55368804"
"chr9","84573869","84574163","chrX","66001899","66002195","73","18571970"
"chr9","84642551","84642867","chr6","22082494","22082803","61","62560057"
"chr9","84686045","84686312","chrX","20333083","20333348","70","64352962"
"chr9","84725448","84725652","chr12","4271147","4271373","58","80454301"
"chr9","84759834","84760123","chr12","76279767","76280069","42","8480067"
"chr9","84878664","84878959","chr12","76405523","76405838","61","8473141"
"chr9","84883901","84884186","chr1","198260750","198261026","64","113376849"
"chr9","84889166","84889458","chr12","76416853","76417131","35","8472313"
"chr9","85186422","85186568","chr5","126095611","126095757","38","40909189"
"chr9","85503340","85503639","chr5","101892022","101892320","72","16388682"
"chr9","85685723","85686007","chr5","79252446","79252723","74","6433277"
"chr9","85861972","85862283","chr3","111033017","111033309","74","25171045"
"chr9","86060299","86060429","chr18","11089447","11089577","23","74970852"
"chr9","86118877","86119184","chr5","10603156","10603466","65","75515721"
"chr9","86142367","86142671","chr12","77692703","77692989","45","8449664"
"chr9","86189867","86190144","chr15","48075643","48075912","65","38114224"
"chr9","86229647","86229929","chr10","119673155","119673438","53","33443508"
"chr9","86510631","86510773","chr1","15064357","15064501","40","71446274"
"chr9","86511134","86511288","chrX","15387458","15387606","31","71123676"
"chr9","86574263","86574558","chr17","28143101","28143388","58","58431162"
"chr9","86634563","86634693","chr12","78207052","78207186","14","8427511"
"chr9","86810976","86811285","chr4","88947053","88947354","69","2136077"
"chr9","86921807","86922104","chr12","78553276","78553586","39","8368531"
"chr9","86974396","86974515","chr19","32780023","32780137","21","54194373"
"chr9","86982254","86982542","chr22","29213886","29214184","71","57768368"
"chr9","86984918","86985039","chr4","138721119","138721242","21","51736201"
"chr9","87068269","87068547","chr2","20509241","20509527","60","66559028"
"chr9","87086707","87086805","chr2","10906979","10907070","21","76179728"
"chr9","87139004","87139297","chr12","78773803","78774102","37","8365201"
"chr9","87141566","87141873","chr12","78779940","78780242","40","8361626"
"chr9","87163144","87163441","chr15","64300725","64301022","62","22862419"
"chr9","87176286","87176602","chr1","164875946","164876257","61","77699660"
"chr9","87235022","87235311","chr12","78865386","78865676","47","8369636"
"chr9","87252293","87252542","chr7","42719837","42720106","68","44532456"
"chr9","87324050","87324278","chr5","112040495","112040720","51","24716445"
"chr9","87352933","87353229","chr2","18974586","18974896","69","68378347"
"chr9","87406862","87406995","chr12","79029430","79029554","20","8377432"
"chr9","87426477","87426599","chr3","184604038","184604156","20","97177561"
"chr9","87455492","87455622","chr4","13599154","13599281","21","73856338"
"chr9","87491805","87492057","chr10","128285533","128285765","68","40793728"
"chr9","87579871","87580152","chr12","45969053","45969340","76","41610818"
"chr9","87598092","87598396","chr1","141447001","141447306","65","53848909"
"chr9","87626717","87626843","chr3","137802923","137803047","20","50176206"
"chr9","87666739","87667027","chr9","96993073","96993365","61","9326334"
"chr9","87667501","87667816","chr1","15579367","15579676","65","72088134"
"chr9","87705440","87705572","chr12","79313859","79313990","12","8391581"
"chr9","87709522","87709815","chr13","60354203","60354490","65","27355319"
"chr9","87719020","87719297","chrX","43460098","43460387","56","44258922"
"chr9","87767648","87767772","chr1","13295911","13296032","24","74471737"
"chr9","87779502","87779633","chr2","61580149","61580279","24","26199353"
"chr9","87806107","87806231","chr11","115343302","115343425","17","27537195"
"chr9","87852083","87852371","chr12","79475435","79475712","51","8376648"
"chr9","87974892","87975181","chr12","79594461","79594738","52","8380431"
"chr9","88001587","88001901","chrX","18982709","18983018","69","69018878"
"chr9","88008033","88008355","chr2","13987385","13987695","67","74020648"
"chr9","88010830","88010953","chr9","65816955","65817079","17","22193875"
"chr9","88314707","88314995","chr9","14864465","14864757","69","73450242"
"chr9","88358160","88358447","chr12","79981614","79981894","39","8376546"
"chr9","88537597","88537903","chr12","80159710","80159999","53","8377887"
"chr9","88539915","88540018","chr11","128205151","128205252","17","39665236"
"chr9","88675403","88675705","chr12","80311688","80311995","53","8363715"
"chr9","88749744","88750054","chr12","80390382","80390682","41","8359362"
"chr9","88760498","88760625","chr20","5208280","5208403","23","83552218"
"chr9","88864507","88864796","chr12","80510193","80510473","49","8354314"
"chr9","88999212","88999507","chr18","33236569","33236863","61","55762643"
"chr9","89020209","89020527","chr12","80667841","80668135","47","8352368"
"chr9","89043797","89044055","chr9","40265812","40266072","57","48777985"
"chr9","89055436","89055563","chr12","80693569","80693691","15","8361867"
"chr9","89075472","89075603","chr5","127901579","127901706","18","38826107"
"chr9","89515420","89515552","chr4","17998578","17998708","21","71516842"
"chr9","89527013","89527302","chr4","138184186","138184489","65","48657173"
"chr9","89575707","89575774","chr8","89722945","89723013","15","147238"
"chr9","89597350","89597656","chr12","81292072","81292368","34","8305278"
"chr9","89599605","89599902","chr12","81305152","81305445","39","8294453"
"chr9","89623809","89624097","chr8","95963913","95964203","60","6340104"
"chr9","89694614","89694730","chr7","30215462","30215575","25","59479152"
"chr9","89702075","89702194","chr12","81397037","81397156","13","8305038"
"chr9","89744816","89744948","chr1","98645751","98645883","24","8900935"
"chr9","89878301","89878539","chr5","97866910","97867141","56","7988609"
"chr9","89917007","89917305","chr12","81628405","81628719","53","8288602"
"chr9","90245127","90245245","chr19","15557101","15557218","24","74688026"
"chr9","90710693","90710814","chr1","156039373","156039492","22","65328680"
"chr9","90718984","90719273","chr20","28805753","28806048","60","61913231"
"chr9","90754556","90754702","chr7","137638938","137639090","32","46884382"
"chr9","90782663","90782941","chr12","82357521","82357802","32","8425142"
"chr9","90931595","90931888","chr11","118382154","118382447","53","27450559"
"chr9","90968104","90968397","chr12","82548791","82549091","42","8419313"
"chr9","91018940","91019220","chr4","16462057","16462343","56","74556883"
"chr9","91031490","91031675","chr18","35076298","35076464","49","55955192"
"chr9","91058377","91058580","chr5","64404199","64404398","51","26654178"
"chr9","91059177","91059331","chr7","73422264","73422408","34","17636913"
"chr9","91069052","91069351","chr12","82658713","82659009","42","8410339"
"chr9","91081590","91081771","chr22","28403347","28403515","41","62678243"
"chr9","91082074","91082211","chr1","137317635","137317763","28","46235561"
"chr9","91092421","91092715","chr6","31372066","31372370","62","59720355"
"chr9","91276135","91276355","chr7","75427691","75427912","58","15848444"
"chr9","91437735","91438036","chr12","82999578","82999880","46","8438157"
"chr9","91456070","91456376","chr15","61218731","61219028","65","30237339"
"chr9","91476611","91476722","chr8","95050666","95050776","19","3574055"
"chr9","91476766","91476930","chr2","7088626","7088790","35","84388140"
"chr9","91484311","91484611","chr12","18907931","18908235","78","72576380"
"chr9","91489037","91489348","chr12","21140767","21141078","65","70348270"
"chr9","91577489","91577669","chr1","188326542","188326728","42","96749053"
"chr9","91936560","91936851","chr5","97837666","97837964","65","5901106"
"chr9","92070728","92071023","chr12","83655388","83655673","40","8415340"
"chr9","92107657","92107934","chr13","5616001","5616271","69","86491656"
"chr9","92135011","92135280","chr12","83721463","83721729","35","8413548"
"chr9","92199661","92199939","chr13","8951469","8951751","76","83248192"
"chr9","92206226","92206359","chr18","14848181","14848308","20","77358045"
"chr9","92216572","92216631","chr8","105910315","105910363","16","13693743"
"chr9","92216916","92217107","chr1","130878830","130879020","44","38661914"
"chr9","92218016","92218147","chr4","155109613","155109744","20","62891597"
"chr9","92233800","92234101","chr12","83818992","83819292","37","8414808"
"chr9","92253856","92253984","chr12","83827701","83827824","22","8426155"
"chr9","92259502","92259623","chr12","51879540","51879656","16","40379962"
"chr9","92269096","92269347","chr12","83847630","83847895","49","8421466"
"chr9","92292791","92293085","chr12","83856836","83857121","55","8435955"
"chr9","92296124","92296298","chr4","25757123","25757300","40","66539001"
"chr9","92312152","92312276","chr7","72033791","72033913","26","20278361"
"chr9","92337142","92337335","chr3","190346321","190346506","46","98009179"
"chr9","92340182","92340371","chr13","47400522","47400720","47","44939660"
"chr9","92561966","92562277","chr9","102262325","102262646","68","9700359"
"chr9","92631511","92631799","chr12","84224433","84224719","35","8407078"
"chr9","92670716","92670827","chr2","11260542","11260654","15","81410174"
"chr9","92705882","92706090","chr9","38541190","38541372","67","54164692"
"chr9","92721770","92721861","chr2","49480371","49480459","21","43241399"
"chr9","92722156","92722367","chrX","22642043","22642254","55","70080113"
"chr9","92735718","92735837","chr15","25842891","25843009","22","66892827"
"chr9","92736144","92736313","chr22","28403347","28403515","29","64332797"
"chr9","92823456","92823594","chr5","155488912","155489042","30","62665456"
"chr9","92824183","92824298","chr9","90317775","90317888","21","2506408"
"chr9","92893163","92893423","chr8","105756763","105757025","55","12863600"
"chr9","92896270","92896579","chr1","201743540","201743850","63","108847270"
"chr9","92904696","92904988","chr9","101966653","101966946","71","9061957"
"chr9","93046543","93046846","chr15","57058522","57058823","53","35988021"
"chr9","93074278","93074389","chr9","44949983","44950094","31","48124295"
"chr9","93107842","93108134","chr9","84226861","84227152","53","8880981"
"chr9","93110031","93110340","chr1","204046749","204047052","67","110936718"
"chr9","93133712","93134020","chr12","84699755","84700062","38","8433957"
"chr9","93183153","93183345","chr13","59196473","59196657","43","33986680"
"chr9","93183373","93183424","chr17","63565794","63565839","8","29617579"
"chr9","93190735","93190855","chr12","84758938","84759058","11","8431797"
"chr9","93221959","93222130","chr5","129861216","129861385","38","36639257"
"chr9","93256649","93256948","chr12","48878943","48879230","66","44377706"
"chr9","93276608","93276736","chrX","43757804","43757931","21","49518804"
"chr9","93286272","93286612","chr1","106482342","106482647","78","13196070"
"chr9","93293598","93293880","chr12","84859281","84859574","51","8434317"
"chr9","93304194","93304279","chr12","84870726","84870811","6","8433468"
"chr9","93360566","93360855","chr12","84929144","84929433","41","8431422"
"chr9","93448432","93448738","chr22","37688895","37689202","64","55759537"
"chr9","93514479","93514772","chr12","85070245","85070550","58","8444234"
"chr9","93655277","93655401","chr12","46132601","46132723","17","47522676"
"chr9","93659480","93659605","chr5","83386495","83386622","26","10272985"
"chr9","93667463","93667588","chr12","85240289","85240407","18","8427174"
"chr9","93680991","93681291","chr4","111330364","111330653","59","17649373"
"chr9","93902399","93902641","chr12","85471776","85472012","33","8430623"
"chr9","93914712","93915022","chr3","39544873","39545188","66","54369839"
"chr9","93936372","93936672","chr13","54608186","54608474","61","39328186"
"chr9","94319213","94319500","chr1","170675569","170675857","66","76356356"
"chr9","94425798","94425985","chrX","88748032","88748189","66","5677766"
"chr9","94426029","94426148","chr14","84202406","84202526","19","10223623"
"chr9","94924154","94924315","chr7","27599689","27599852","32","67324465"
"chr9","94924619","94924748","chr7","61928601","61928725","29","32996018"
"chr9","95000499","95000801","chrX","20336994","20337292","59","74663505"
"chr9","95017432","95017598","chr13","28396154","28396330","46","66621278"
"chr9","95058925","95059071","chr4","139393746","139393887","35","44334821"
"chr9","95090129","95090273","chr12","11035256","11035394","20","84054873"
"chr9","95123115","95123269","chr22","13609437","13609590","30","81513678"
"chr9","95137075","95137158","chr12","16515369","16515451","19","78621706"
"chr9","95137517","95137640","chr8","53710560","53710686","24","41426957"
"chr9","95149794","95149921","chr2","9057977","9058089","28","86091817"
"chr9","95150213","95150393","chr12","86847808","86847988","35","8302405"
"chr9","95151443","95151741","chr12","86848992","86849271","59","8302451"
"chr9","95167860","95168130","chr12","86866618","86866890","60","8301242"
"chr9","95241577","95241857","chr19","29219146","29219429","57","66022431"
"chr9","95272835","95273128","chr12","17403697","17403988","71","77869138"
"chr9","95366241","95366500","chr3","94989297","94989545","59","376944"
"chr9","95462725","95462997","chr9","57978613","57978890","72","37484112"
"chr9","95526816","95527118","chr6","135473571","135473869","62","39946755"
"chr9","95548818","95549089","chr2","17594614","17594885","80","77954204"
"chr9","95558921","95559224","chr12","87256585","87256880","58","8302336"
"chr9","95572305","95572609","chr13","40544565","40544878","63","55027740"
"chr9","95591922","95592212","chrUn_GL286556","2039","2326","52","95589883"
"chr9","95655604","95655870","chr22","13014142","13014395","54","82641462"
"chr9","95662104","95662380","chr12","87345473","87345741","44","8316631"
"chr9","95671497","95671803","chr7","31899128","31899441","71","63772369"
"chr9","95674090","95674387","chr10","41143300","41143592","58","54530790"
"chr9","95690354","95690626","chr12","80502735","80503004","54","15187619"
"chr9","95698789","95698990","chr14","61070743","61070935","46","34628046"
"chr9","95759294","95759592","chr2","129413288","129413585","47","33653994"
"chr9","95838603","95838903","chr16","1418834","1419135","71","94419769"
"chr9","95888007","95888131","chr4","74057487","74057611","30","21830520"
"chr9","95944118","95944292","chr5","151593879","151594052","33","55649761"
"chr9","95951895","95952008","chr2","55442530","55442646","20","40509365"
"chr9","95981904","95982203","chr12","87678359","87678664","46","8303545"
"chr9","96018754","96018878","chr2","11695570","11695700","24","84323184"
"chr9","96045528","96045657","chrUn_GL288991","5898","6030","21","96039630"
"chr9","96059292","96059421","chr12","87744791","87744924","17","8314501"
"chr9","96117408","96117530","chr2","4004879","4005000","19","92112529"
"chr9","96425664","96425971","chr5","118220175","118220483","62","21794511"
"chr9","96490000","96490298","chr10","94610637","94610936","56","1879363"
"chr9","96493925","96494170","chr6","17141989","17142230","47","79351936"
"chr9","96516764","96517047","chr14","97949734","97950020","56","1432970"
"chr9","96535045","96535344","chr3","149104058","149104353","60","52569013"
"chr9","96627141","96627398","chr12","88264475","88264742","43","8362666"
"chr9","96705477","96705596","chr9","65816955","65817079","22","30888522"
"chr9","96711319","96711426","chrX","43072109","43072204","30","53639210"
"chr9","96720811","96721058","chr10","89598186","89598436","58","7122625"
"chr9","96728530","96728821","chr7","493374","493666","54","96235156"
"chr9","96804183","96804387","chr15","96604271","96604456","60","199912"
"chr9","96804698","96804799","chr7","63129024","63129132","25","33675674"
"chr9","96814945","96815208","chr9","113701841","113702110","82","16886896"
"chr9","96819307","96819615","chr22","32315972","32316276","70","64503335"
"chr9","96821691","96822008","chr9","99208439","99208750","71","2386748"
"chr9","96850849","96851146","chr5","137246805","137247081","72","40395956"
"chr9","96872284","96872487","chr4","37258282","37258480","52","59614002"
"chr9","96903704","96903839","chr11","120560318","120560450","19","23656614"
"chr9","96930790","96931084","chr12","88571855","88572139","39","8358935"
"chr9","97096193","97096453","chr22","15161683","15161947","65","81934510"
"chr9","97134774","97134887","chr11","67046075","67046197","27","30088699"
"chr9","97136121","97136253","chr3","111117345","111117478","20","13981224"
"chr9","97140528","97140655","chr6","147171167","147171293","25","50030639"
"chr9","97188696","97188974","chr1","90249678","90249953","51","6939018"
"chr9","97226832","97227125","chr12","88873173","88873467","33","8353659"
"chr9","97247931","97248071","chr11","27993807","27993940","27","69254124"
"chr9","97256573","97256831","chr11","72085295","72085549","53","25171278"
"chr9","97369260","97369549","chr11","120608722","120609012","57","23239462"
"chr9","97374716","97374841","chr22","29612456","29612579","23","67762260"
"chr9","97383847","97384034","chr11","122248268","122248463","51","24864421"
"chr9","97384428","97384547","chr12","89023668","89023783","18","8360760"
"chr9","97387539","97387838","chr12","89026004","89026297","39","8361535"
"chr9","97395350","97395540","chr7","21789387","21789560","44","75605963"
"chr9","97395838","97395970","chr1","22614360","22614489","20","74781478"
"chr9","97403554","97403859","chr12","89039592","89039907","51","8363962"
"chr9","97415170","97415439","chr14","88207519","88207791","75","9207651"
"chr9","97461120","97461134","chr6","16302946","16302959","5","81158174"
"chr9","97461400","97461540","chr17","27592200","27592337","26","69869200"
"chr9","97486540","97486819","chr14","42431110","42431379","70","55055430"
"chr9","97495724","97496016","chr2","120805885","120806175","75","23310161"
"chr9","97597385","97597671","chr1","135160482","135160771","54","37563097"
"chr9","97630058","97630193","chr7","19671951","19672086","23","77958107"
"chr9","97745788","97746060","chr16","22917352","22917625","51","74828436"
"chr9","97766303","97766447","chr1","201762229","201762361","39","103995926"
"chr9","97766776","97766906","chr5","53397560","53397691","28","44369216"
"chr9","97911685","97911902","chr8","76504622","76504837","45","21407063"
"chr9","97912603","97912721","chr12","37355797","37355908","21","60556806"
"chr9","97924859","97925146","chr12","89583679","89583967","32","8341180"
"chr9","97961913","97962223","chr12","89622934","89623242","36","8338979"
"chr9","97967560","97967781","chr12","89629098","89629334","39","8338462"
"chr9","97968055","97968347","chr12","89629962","89630249","42","8338093"
"chr9","97971699","97971831","chr5","46011681","46011810","22","51960018"
"chr9","97989355","97989654","chr5","31916386","31916672","81","66072969"
"chr9","98000456","98000553","chr10","8277008","8277101","23","89723448"
"chr9","98000643","98000872","chr5","93544921","93545155","56","4455722"
"chr9","98032364","98032655","chr7","14173858","14174133","87","83858506"
"chr9","98044396","98044669","chr12","89701383","89701639","42","8343013"
"chr9","98085487","98085776","chr12","89740622","89740906","31","8344865"
"chr9","98089207","98089490","chr12","89744119","89744386","49","8345088"
"chr9","98093872","98094141","chr1","19708635","19708897","62","78385237"
"chr9","98109525","98109820","chr15","28321944","28322236","62","69787581"
"chr9","98169777","98170069","chr11","61984364","61984654","62","36185413"
"chr9","98229678","98229991","chr12","89897203","89897517","61","8332475"
"chr9","98230784","98231084","chr1","43698220","43698519","61","54532564"
"chr9","98241054","98241174","chr6","115121226","115121350","21","16880172"
"chr9","98247760","98248063","chr5","116435024","116435315","56","18187264"
"chr9","98248266","98248575","chr12","89919554","89919856","38","8328712"
"chr9","98264711","98265002","chr12","89936909","89937163","53","8327802"
"chr9","98285723","98285983","chr5","95042832","95043078","66","3242891"
"chr9","98295172","98295348","chr4","10508178","10508351","48","87786994"
"chr9","98309086","98309399","chr9","9000857","9001164","70","89308229"
"chr9","98359608","98359905","chr12","90023034","90023339","37","8336574"
"chr9","98417656","98417928","chr7","26863668","26863943","66","71553988"
"chr9","98457046","98457358","chr12","90114405","90114693","60","8342641"
"chr9","98481042","98481165","chr1","172315455","172315579","21","73834413"
"chr9","98523389","98523681","chr12","90178065","90178377","49","8345324"
"chr9","98597919","98598042","chr2","17211909","17212030","20","81386010"
"chr9","98691602","98691719","chr7","74897348","74897465","13","23794254"
"chr9","98693254","98693367","chr7","74897348","74897465","14","23795906"
"chr9","98706579","98706879","chr12","90344995","90345290","40","8361584"
"chr9","98721212","98721508","chr12","90367058","90367349","39","8354154"
"chr9","98726568","98726824","chr6","132746407","132746657","61","34019839"
"chr9","98790207","98790314","chr7","63129024","63129132","28","35661183"
"chr9","98823067","98823345","chr5","108864858","108865125","60","10041791"
"chr9","98824521","98824652","chr5","3197886","3198005","30","95626635"
"chr9","98859789","98860084","chr7","78397742","78398033","58","20462047"
"chr9","98879916","98880097","chr4","10508178","10508351","53","88371738"
"chr9","98880193","98880330","chr12","11035256","11035394","38","87844937"
"chr9","98898292","98898589","chr22","29758068","29758367","52","69140224"
"chr9","99040405","99040546","chr2","14146582","14146717","28","84893823"
"chr9","99040849","99041005","chr14","20299008","20299136","53","78741841"
"chr9","99119619","99119764","chr12","90726212","90726350","28","8393407"
"chr9","99150826","99151104","chr12","90766025","90766305","76","8384801"
"chr9","99182879","99183035","chr3","3513694","3513838","54","95669185"
"chr9","99186549","99186601","chr11","95760435","95760484","12","3426114"
"chr9","99186840","99186999","chr12","104441994","104442167","47","5255154"
"chr9","99211781","99212092","chr2","63892875","63893170","77","35318906"
"chr9","99219773","99219900","chr11","14157994","14158117","19","85061779"
"chr9","99302403","99302700","chr9","53523121","53523415","55","45779282"
"chr9","99316099","99316321","chr3","189059247","189059459","59","89743148"
"chr9","99329586","99329721","chr3","118982146","118982280","25","19652560"
"chr9","99356806","99357089","chr1","181800405","181800684","55","82443599"
"chr9","99442693","99442815","chr1","156039373","156039492","29","56596680"
"chr9","99448908","99449026","chr5","94818021","94818132","18","4630887"
"chr9","99538960","99539089","chr2","41238218","41238347","19","58300742"
"chr9","99563059","99563179","chr16","43812685","43812802","18","55750374"
"chr9","99564531","99564655","chr6","94259827","94259952","17","5304704"
"chr9","99619841","99620060","chr7","75427691","75427912","48","24192150"
"chr9","99645735","99645853","chr1","202769733","202769856","25","103123998"
"chr9","99734559","99734771","chr11","60147414","60147621","56","39587145"
"chr9","99781684","99781995","chr2","153911331","153911638","58","54129647"
"chr9","99783628","99783931","chr9","53535712","53535998","64","46247916"
"chr9","99954618","99954937","chrX","18982709","18983018","73","80971909"
"chr9","99983117","99983264","chr22","5306342","5306492","32","94676775"
"chr9","100010084","100010414","chr6","144699211","144699529","82","44689127"
"chr9","100199898","100200188","chr8","9604472","9604743","74","90595426"
"chr9","100237546","100237835","chr12","91892181","91892443","48","8345365"
"chr9","100240539","100240823","chr12","91895172","91895462","44","8345367"
"chr9","100275511","100275822","chr2","13987385","13987695","56","86288126"
"chr9","100500001","100500238","chr18","19082739","19082966","60","81417262"
"chr9","100553924","100554139","chr12","92245534","92245748","36","8308390"
"chr9","100589748","100590066","chr12","92281446","92281746","65","8308302"
"chr9","101373638","101373675","chr1","84356248","84356285","5","17017390"
"chr9","101377625","101377928","chr1","150886633","150886932","67","49509008"
"chr9","101556909","101557205","chr12","95165002","95165290","40","6391907"
"chr9","102784271","102784563","chr13","60354203","60354490","65","42430068"
"chr9","103012492","103012618","chr22","18128678","18128803","23","84883814"
"chr9","103460058","103460359","chr7","32363417","32363723","62","71096641"
"chr9","103489430","103489728","chr12","93227935","93228210","53","10261495"
"chr9","103491829","103491969","chr12","51944281","51944413","30","51547548"
"chr9","103594684","103594817","chr6","144234386","144234514","21","40639702"
"chr9","103788989","103789124","chr1","41377894","41378028","32","62411095"
"chr9","103836102","103836409","chrX","40170539","40170849","65","63665563"
"chr9","104122805","104122927","chr12","95831384","95831509","16","8291421"
"chr9","104149189","104149467","chr12","95862757","95863049","68","8286432"
"chr9","104648450","104648723","chr1","171306503","171306763","74","66658053"
"chr9","105122513","105122794","chr12","96754398","96754675","48","8368115"
"chr9","105358440","105358732","chr1","177530823","177531104","94","72172383"
"chr9","105459890","105460172","chr16","53495516","53495795","54","51964374"
"chr9","105987482","105987764","chr12","97621425","97621702","42","8366057"
"chr9","106020786","106021026","chr12","97653289","97653552","52","8367497"
"chr9","106088730","106089047","chr9","109140340","109140639","71","3051610"
"chr9","106111325","106111612","chr4","107869232","107869514","60","1757907"
"chr9","106150422","106150731","chr7","62484184","62484509","58","43666238"
"chr9","106211822","106212116","chr12","28936731","28937022","65","77275091"
"chr9","106243645","106243920","chr12","8467893","8468161","61","97775752"
"chr9","106251034","106251346","chr12","97833203","97833523","40","8417831"
"chr9","106282850","106283133","chr1","155032190","155032474","56","48749340"
"chr9","106400091","106400382","chr1","198410057","198410349","66","92009966"
"chr9","106643212","106643489","chr9","74189086","74189355","79","32454126"
"chr9","106764752","106765030","chr9","100844088","100844357","60","5920664"
"chr9","106841756","106842029","chr12","98462938","98463215","50","8378818"
"chr9","106875158","106875350","chr22","24337821","24338000","49","82537337"
"chr9","106915778","106916081","chr22","3907463","3907766","58","103008315"
"chr9","107948036","107948303","chr12","99675926","99676217","49","8272110"
"chr9","107971851","107972158","chr7","58642599","58642898","60","49329252"
"chr9","108005258","108005562","chr15","72518938","72519246","59","35486320"
"chr9","108140488","108140772","chr13","16903965","16904251","60","91236523"
"chr9","108223661","108223945","chr7","32363417","32363723","71","75860244"
"chr9","108551772","108551901","chr5","44633704","44633835","33","63918068"
"chr9","108551947","108552061","chr10","59837601","59837718","22","48714346"
"chr9","108696360","108696636","chr6","117271140","117271430","61","8574780"
"chr9","108779562","108779853","chr1","135160482","135160771","63","26380920"
"chr9","108805076","108805211","chr9","56024635","56024765","24","52780441"
"chr9","108820517","108820640","chr9","42144589","42144713","19","66675928"
"chr9","108910278","108910624","chr12","100655832","100656157","60","8254446"
"chr9","108969747","108970060","chr14","59498349","59498666","73","49471398"
"chr9","108988132","108988393","chr12","100732316","100732587","68","8255816"
"chr9","109157239","109157371","chr1","38075302","38075428","24","71081937"
"chr9","109506373","109506527","chr1","186568722","186568874","35","77062349"
"chr9","109600097","109600382","chr12","101347254","101347544","47","8252843"
"chr9","109704755","109705064","chr14","99471702","99472002","70","10233053"
"chr9","109708478","109708785","chr12","101456104","101456409","46","8252374"
"chr9","109952562","109952852","chr14","87894635","87894929","52","22057927"
"chr9","109953745","109953876","chr1","22614360","22614489","25","87339385"
"chr9","109986217","109986513","chr12","101758267","101758561","53","8227950"
"chr9","109995118","109995246","chr10","98492248","98492377","18","11502870"
"chr9","110057474","110057616","chr12","101827127","101827273","23","8230347"
"chr9","110075664","110075976","chr13","101290569","101290830","107","8785095"
"chr9","110308467","110308783","chr9","99080067","99080376","64","11228400"
"chr9","110436025","110436188","chr22","29338560","29338717","28","81097465"
"chr9","110436217","110436337","chr3","65188775","65188894","22","45247442"
"chr9","110570387","110570705","chr12","102376575","102376875","68","8193812"
"chr9","110699966","110700099","chr15","56862420","56862553","26","53837546"
"chr9","111533627","111533940","chr12","103376474","103376788","57","8157153"
"chr9","112290226","112290367","chr12","104113142","104113290","18","8177084"
"chr9","112963351","112963648","chr12","104771949","104772245","46","8191402"
"chr9","113121853","113121989","chr20","27666546","27666681","20","85455307"
"chr9","113264300","113264587","chr12","105098275","105098547","32","8166025"
"chr9","113305958","113306253","chrUn_GL286233","297","587","80","113305661"
"chr9","113350773","113350874","chr13","27362424","27362525","24","85988349"
"chr9","113350932","113351103","chr10","74699647","74699806","43","38651285"
"chr9","113407460","113407742","chr2","14020325","14020593","71","99387135"
"chr9","113492586","113492861","chr11","124015453","124015718","61","10522867"
"chr9","113547990","113548269","chr5","107228788","107229058","76","6319202"
"chr9","114061779","114062089","chr22","29758068","29758367","66","84303711"
"chr9","114658275","114658578","chr12","106530308","106530623","68","8127967"
"chr9","114702148","114702437","chr12","106572853","106573153","55","8129295"
"chr9","114739788","114739923","chr2","170813628","170813760","21","56073840"
"chr9","114743395","114743556","chr16","31938997","31939153","30","82804398"
"chr9","114743869","114744011","chr18","43805443","43805567","32","70938426"
"chr9","114913026","114913263","chr11","129879444","129879677","53","14966418"
"chr9","114923942","114924269","chr12","106785640","106785956","46","8138302"
"chr9","114949003","114949129","chrX","93172718","93172845","23","21776285"
"chr9","114949921","114950123","chr5","6447228","6447428","41","108502693"
"chr9","114954330","114954570","chr6","45133121","45133364","58","69821209"
"chr9","114987823","114988029","chr10","79891266","79891470","53","35096557"
"chr9","115010685","115010807","chr9","65816955","65817079","16","49193730"
"chr9","115062437","115062651","chr9","100564633","100564839","54","14497804"
"chr9","115063397","115063704","chr1","106482342","106482647","68","8581055"
"chr9","115082849","115082979","chr12","106919819","106919948","18","8163030"
"chr9","115107341","115107646","chr12","78995972","78996271","58","36111369"
"chr9","115120725","115121017","chr9","51880711","51880996","65","63240014"
"chr9","115143984","115144095","chr12","106975378","106975496","19","8168606"
"chr9","115196616","115196720","chr2","59270496","59270609","20","55926120"
"chr9","115197073","115197101","chr7","121158321","121158346","3","5961248"
"chr9","115203083","115203387","chr2","14565736","14566027","65","100637347"
"chr9","115288618","115288844","chr1","171481352","171481555","61","56192734"
"chr9","115300933","115301210","chr7","22844837","22845113","74","92456096"
"chr9","115427741","115428041","chr12","107246994","107247287","37","8180747"
"chr9","115445338","115445506","chr12","107263695","107263868","26","8181643"
"chr9","115453286","115453560","chrX","17820848","17821136","56","97632438"
"chr9","115525434","115525704","chr4","115939486","115939725","81","414052"
"chr9","115530657","115530920","chr12","107350172","107350432","34","8180485"
"chr9","115596949","115597236","chr12","107437782","107438081","41","8159167"
"chr9","115598888","115599053","chr1","177745788","177745951","33","62146900"
"chr9","115599348","115599500","chr7","61358228","61358366","35","54241120"
"chr9","115602656","115602775","chr7","100696019","100696135","22","14906637"
"chr9","115649644","115649774","chr5","59575820","59575950","22","56073824"
"chr9","115674588","115674710","chrX","52248071","52248191","14","63426517"
"chr9","115676834","115677110","chr12","107523797","107524071","48","8153037"
"chr9","115681514","115681815","chr3","149104058","149104353","61","33422544"
"chr9","115706632","115706933","chr22","36673498","36673805","63","79033134"
"chr9","115746424","115746728","chr12","107597038","107597335","51","8149386"
"chr9","115757142","115757404","chr12","107607482","107607740","49","8149660"
"chr9","115806289","115806406","chr10","10688685","10688803","16","105117604"
"chr9","115835429","115835699","chr12","26063623","26063876","74","89771806"
"chr9","115870647","115870918","chr6","23130664","23130943","66","92739983"
"chr9","115876142","115876451","chr12","107722007","107722323","54","8154135"
"chr9","115880845","115881141","chr10","114838607","114838907","64","1042238"
"chr9","115921397","115921531","chr1","202769733","202769856","33","86848336"
"chr9","115921827","115922008","chr20","24919133","24919312","41","91002694"
"chr9","115925643","115925947","chr5","4394562","4394861","74","111531081"
"chr9","115936244","115936377","chr12","107787989","107788121","14","8148255"
"chr9","115937551","115937724","chrX","107740639","107740811","35","8196912"
"chr9","115937752","115937884","chr12","52144480","52144597","25","63793272"
"chr9","115963048","115963284","chr7","21946089","21946328","54","94016959"
"chr9","116043560","116043620","chr10","32532814","32532874","15","83510746"
"chr9","116045927","116046179","chr12","107922934","107923182","17","8122993"
"chr9","116269946","116270257","chr4","74153961","74154258","74","42115985"
"chr9","116309346","116309447","chr12","108248657","108248759","11","8060689"
"chr9","116340907","116341230","chr12","108272149","108272458","53","8068758"
"chr9","116816788","116817099","chr12","52786850","52787155","54","64029938"
"chr9","117162148","117162460","chr5","110974404","110974709","63","6187744"
"chr9","117213421","117213694","chr20","18500185","18500455","58","98713236"
"chr9","117549709","117550009","chr18","8030633","8030930","63","109519076"
"chr9","117871503","117871763","chr12","109801946","109802204","59","8069557"
"chr9","117917949","117918070","chr1","170759052","170759168","22","52841103"
"chr9","117995865","117995980","chr1","189291918","189292031","26","71296053"
"chr9","118072592","118072737","chr4","139393746","139393887","24","21321154"
"chr9","118165467","118165801","chr12","110076471","110076774","78","8088996"
"chr9","118185373","118185513","chr8","89748015","89748153","28","28437358"
"chr9","118190504","118190625","chr10","59665736","59665858","20","58524768"
"chr9","118444696","118445012","chr5","99326836","99327142","67","19117860"
"chr9","118536001","118536269","chr5","140466443","140466709","52","21930442"
"chr9","118643432","118643748","chr4","161003437","161003756","69","42360005"
"chr9","118647752","118648069","chr12","110585311","110585626","48","8062441"
"chr9","118860055","118860247","chr1","140829989","140830173","53","21969934"
"chr9","118955503","118955652","chr5","26420300","26420451","29","92535203"
"chr9","119185534","119185821","chr12","111137433","111137705","43","8048101"
"chr9","119470169","119470468","chr12","111413852","111414167","47","8056317"
"chr9","119476448","119476738","chr12","111420137","111420420","50","8056311"
"chr9","119634630","119634767","chr12","106965619","106965753","24","12669011"
"chr9","120301918","120302214","chr12","112242478","112242788","56","8059440"
"chr9","120373520","120373646","chr9","8422725","8422848","23","111950795"
"chr9","120382965","120383200","chr12","112333911","112334156","47","8049054"
"chr9","120426524","120426734","chr6","22598460","22598665","55","97828064"
"chr9","120427176","120427492","chr5","96920240","96920551","62","23506936"
"chr9","120429164","120429434","chr12","112383553","112383854","66","8045611"
"chr9","120441611","120441909","chrX","7467968","7468260","59","112973643"
"chr9","120456160","120456332","chr6","156999595","156999757","44","36543435"
"chr9","120458670","120458790","chr13","28728110","28728228","20","91730560"
"chr9","120479337","120479600","chr12","112427665","112427932","52","8051672"
"chr9","120542331","120542554","chr12","112489063","112489281","31","8053268"
"chr9","120565338","120565649","chr9","110693551","110693860","63","9871787"
"chr9","120844081","120844391","chr12","112776415","112776714","58","8067666"
"chr9","120861553","120861677","chr12","12666683","12666807","17","108194870"
"chr9","120872235","120872484","chr10","95658770","95659026","74","25213465"
"chr9","120900407","120900659","chr12","112816869","112817140","53","8083538"
"chr9","120958262","120958379","chr7","30215462","30215575","18","90742800"
"chr9","121191278","121191343","chr5","15277048","15277113","9","105914230"
"chr9","121214208","121214451","chr1","169733481","169733709","66","48519273"
"chr9","121238019","121238256","chr9","94103631","94103840","57","27134388"
"chr9","121356182","121356305","chr1","106642431","106642552","14","14713751"
"chr9","121455445","121455593","chr11","33708224","33708370","33","87747221"
"chr9","121455594","121455879","chr5","498763","499031","73","120956831"
"chr9","121765969","121766232","chr13","84497184","84497449","66","37268785"
"chr9","121824778","121824862","chr9","80121517","80121598","24","41703261"
"chr9","121846677","121846974","chr4","111330364","111330653","58","10516313"
"chr9","121856658","121856914","chr9","85720379","85720637","59","36136279"
"chr9","121874803","121875109","chrX","48297259","48297562","63","73577544"
"chr9","121882766","121883061","chr12","113797487","113797776","40","8085279"
"chr9","121906569","121906697","chr1","98656756","98656886","23","23249813"
"chr9","121935048","121935335","chr12","113852258","113852519","62","8082790"
"chr9","121975388","121975608","chr12","113907465","113907692","54","8067923"
"chr9","122003302","122003573","chr10","15974514","15974790","65","106028788"
"chr9","122356539","122356654","chr20","42241036","42241153","22","80115503"
"chr9","122597812","122598104","chr12","114555963","114556256","42","8041849"
"chr9","122707993","122708185","chr5","76284247","76284438","43","46423746"
"chr9","122708544","122708647","chr4","38318362","38318459","22","84390182"
"chr9","122966042","122966343","chr11","96668355","96668646","69","26297687"
"chr9","123000002","123000124","chr10","16801974","16802091","23","106198028"
"chr9","123039246","123039553","chr2","138027451","138027756","60","14988205"
"chr9","123326692","123326994","chr12","115232288","115232586","39","8094404"
"chr9","123328176","123328447","chr12","115233766","115234026","49","8094410"
"chr9","123357938","123358237","chr6","135473571","135473869","58","12115633"
"chr9","123438840","123439097","chrX","17195702","17195963","56","106243138"
"chr9","123631800","123632116","chr2","37258716","37259015","71","86373084"
"chr9","123670271","123670399","chr1","205210342","205210473","22","81540071"
"chr9","123761338","123761637","chr12","115660182","115660467","54","8101156"
"chr9","123835054","123835336","chr7","31057628","31057908","65","92777426"
"chr9","123895527","123895838","chrX","18982709","18983018","60","104912818"
"chr9","123923831","123924124","chr7","149433598","149433890","70","25509767"
"chr9","123927303","123927583","chr12","115827668","115827932","45","8099635"
"chr9","124049121","124049444","chr2","13987385","13987695","72","110061736"
"chr9","124284527","124284739","chr1","202119784","202119997","53","77835257"
"chr9","124562933","124563238","chr12","116437340","116437627","55","8125593"
"chr9","125232618","125232739","chr4","139373809","139373933","23","14141191"
"chr9","125353047","125353357","chr1","92314313","92314621","68","33038734"
"chr9","125494186","125494452","chr12","117351413","117351683","30","8142773"
"chr9","125533015","125533197","chr5","99050194","99050359","49","26482821"
"chr9","125622641","125622860","chr11","60147414","60147621","51","65475227"
"chr9","125643720","125643998","chr17","26655587","26655872","59","98988133"
"chr9","125709742","125709923","chr12","117567651","117567833","22","8142091"
"chr9","126083408","126083594","chr12","117942144","117942324","33","8141264"
"chr9","126214944","126215186","chr7","88999063","88999294","62","37215881"
"chr9","126268295","126268466","chr3","150153665","150153833","39","23885370"
"chr9","126270511","126270812","chr12","118145737","118146037","52","8124774"
"chr9","126999569","126999858","chr7","75466825","75467111","71","51532744"
"chr9","127437130","127437438","chr2","55200270","55200573","73","72236860"
"chr9","127745008","127745303","chr9","43654559","43654856","64","84090449"
"chr9","127834373","127834642","chr16","45077470","45077729","79","82756903"
"chr9","128088844","128088975","chr20","43938537","43938669","25","84150307"
"chr9","128133549","128133672","chr12","120007893","120008013","17","8125656"
"chr9","128170266","128170544","chr7","66388710","66388987","65","61781556"
"chr9","128176273","128176384","chr12","120052353","120052465","13","8123920"
"chr9","128178587","128178876","chr12","120054529","120054821","43","8124058"
"chr9","128188176","128188299","chr1","178942261","178942387","20","50754085"
"chr9","128416303","128416595","chr9","84226861","84227152","59","44189442"
"chr9","128553126","128553296","chr5","129861216","129861385","41","1308090"
"chr9","128700800","128701085","chr12","120581132","120581413","38","8119668"
"chr9","128998012","128998290","chrX","138043135","138043421","53","9045123"
"chr9","129037144","129037416","chr22","4813678","4813944","59","124223466"
"chr9","129088952","129089214","chr12","120969400","120969638","49","8119552"
"chr9","129253161","129253449","chr12","121167220","121167516","48","8085941"
"chr9","129271515","129271684","chr4","25742898","25743064","42","103528617"
"chr9","129282123","129282422","chr12","121196884","121197180","49","8085239"
"chr9","129441320","129441655","chr7","151690932","151691249","84","22249612"
"chr9","129473007","129473298","chr12","121387577","121387886","57","8085430"
"chr9","129506894","129507004","chr11","74172764","74172868","27","55334130"
"chr9","129635640","129635936","chr7","150622399","150622698","54","20986759"
"chrX","40238957","40239265","chrX","39204993","39205289","37","1033964"
"chrX","61472679","61472953","chrX","58472033","58472319","59","3000646"
"chrX","63045507","63045802","chr13","97267025","97267332","71","34221518"
"chrX","28766","28890","chr9","65816955","65817079","25","65788189"
"chrX","75927","76049","chr7","97711061","97711186","27","97635134"
"chrX","76347","76375","chr3","132390148","132390171","14","132313801"
"chrX","76677","76817","chr1","202423319","202423445","31","202346642"
"chrX","182381","182648","chr1","141266461","141266723","64","141084080"
"chrX","182819","183146","chr13","15655427","15655755","82","15472608"
"chrX","183151","183491","chr22","12385314","12385654","85","12202163"
"chrX","218966","219175","chr5","132088604","132088805","50","131869638"
"chrX","223290","223418","chr11","112363664","112363785","45","112140374"
"chrX","252431","252636","chr22","46824817","46825018","53","46572386"
"chrX","258233","258541","chr7","63211966","63212270","67","62953733"
"chrX","293707","293843","chr10","127896721","127896843","31","127603014"
"chrX","293870","294135","chr2","6739547","6739816","55","6445677"
"chrX","294136","294273","chr11","23378237","23378368","31","23084101"
"chrX","294286","294557","chr2","188898068","188898343","64","188603782"
"chrX","294561","294831","chr6","25412340","25412595","63","25117779"
"chrX","295143","295256","chr12","37355797","37355908","24","37060654"
"chrX","301171","301276","chr4","110956504","110956611","27","110655333"
"chrX","341773","342054","chr7","121720649","121720926","69","121378876"
"chrX","342208","342484","chr2","6739547","6739816","68","6397339"
"chrX","397646","397966","chr11","95532597","95532904","94","95134951"
"chrX","418471","418544","chr11","35259291","35259365","12","34840820"
"chrX","446844","447053","chr17","72959418","72959613","61","72512574"
"chrX","496760","496938","chr12","33935865","33936028","59","33439105"
"chrX","750478","750604","chr10","98846274","98846399","28","98095796"
"chrX","841055","841171","chr1","79359527","79359648","26","78518472"
"chrX","904048","904233","chr15","20611899","20612093","43","19707851"
"chrX","1086469","1086784","chrX","425556","425853","54","660913"
"chrX","1096758","1096880","chr17","24136495","24136616","22","23039737"
"chrX","1230163","1230294","chr9","65816955","65817079","26","64586792"
"chrX","1230591","1230734","chr15","25842891","25843009","49","24612300"
"chrX","1276449","1276745","chr21","47422790","47423085","72","46146341"
"chrX","1283210","1283340","chr6","147171167","147171293","27","145887957"
"chrX","1283441","1283564","chr2","17455028","17455152","30","16171587"
"chrX","1302720","1303004","chr4","110032503","110032791","69","108729783"
"chrX","1328278","1328399","chr18","26886834","26886951","22","25558556"
"chrX","1335657","1335947","chr19","25462592","25462883","65","24126935"
"chrX","1384084","1384250","chr13","45627716","45627879","42","44243632"
"chrX","1384554","1384699","chr7","10082686","10082827","35","8698132"
"chrX","1402745","1402863","chr12","27582121","27582239","23","26179376"
"chrX","1402903","1402914","chr1","189870970","189870980","6","188468067"
"chrX","1403199","1403209","chr1","189870970","189870980","5","188467771"
"chrX","1429356","1429640","chr5","108117893","108118172","71","106688537"
"chrX","1447636","1447894","chr11","129790300","129790559","55","128342664"
"chrX","1456051","1456313","chr11","2404795","2405055","61","948744"
"chrX","1519663","1519958","chrX","6506369","6506672","58","4986706"
"chrX","1590004","1590308","chr5","96920240","96920551","62","95330236"
"chrX","1615565","1615860","chrX","40275096","40275395","61","38659531"
"chrX","1650680","1650806","chr1","65498126","65498250","18","63847446"
"chrX","1691462","1691579","chr9","58062480","58062599","26","56371018"
"chrX","1720838","1721139","chr15","61218731","61219028","61","59497893"
"chrX","1792902","1793228","chr13","61792200","61792505","67","59999298"
"chrX","1795762","1796047","chr11","15873870","15874145","66","14078108"
"chrX","1800714","1801006","chr2","17859397","17859695","67","16058683"
"chrX","1819403","1819700","chr9","45335801","45336101","63","43516398"
"chrX","1830022","1830144","chr9","21660421","21660545","17","19830399"
"chrX","1841703","1842009","chr15","57058522","57058823","66","55216819"
"chrX","1849908","1850199","chr9","53523121","53523415","50","51673213"
"chrX","1853826","1854136","chr9","53523121","53523415","69","51669295"
"chrX","1861041","1861344","chr9","85460941","85461248","60","83599900"
"chrX","1864169","1864336","chr10","9132038","9132206","33","7267869"
"chrX","1921024","1921315","chrX","794033","794313","39","1126991"
"chrX","1928683","1928755","chr7","11518638","11518702","22","9589955"
"chrX","1939766","1940046","chrX","814312","814569","60","1125454"
"chrX","1960536","1960838","chr5","286416","286705","78","1674120"
"chrX","1991169","1991476","chrX","868228","868531","45","1122941"
"chrX","1997097","1997221","chrX","875215","875340","18","1121882"
"chrX","2027448","2027733","chrX","898218","898512","49","1129230"
"chrX","2030241","2030549","chr9","95209728","95210030","71","93179487"
"chrX","2032296","2032515","chr2","12770367","12770584","50","10738071"
"chrX","2045841","2046139","chr9","53523121","53523415","55","51477280"
"chrX","2058238","2058535","chr6","60084779","60085077","59","58026541"
"chrX","2060225","2060518","chr11","15873870","15874145","68","13813645"
"chrX","2069567","2069734","chr22","9098570","9098734","47","7029003"
"chrX","2070059","2070249","chr13","28642595","28642772","73","26572536"
"chrX","2075000","2075077","chr4","33893632","33893709","11","31818632"
"chrX","2113753","2114069","chr12","36758730","36759026","70","34644977"
"chrX","2135205","2135476","chr7","122885667","122885928","59","120750462"
"chrX","2222666","2222800","chrX","1166798","1166926","21","1055868"
"chrX","2228472","2228763","chrX","1180786","1181084","45","1047686"
"chrX","2268660","2268949","chrX","1211931","1212233","58","1056729"
"chrX","2273851","2274127","chr14","71285636","71285909","66","69011785"
"chrX","2287309","2287431","chr5","102314551","102314674","20","100027242"
"chrX","2364327","2364601","chr11","74439883","74440153","56","72075556"
"chrX","2528574","2528907","chr4","83703954","83704253","71","81175380"
"chrX","2574982","2575265","chr4","83756180","83756455","42","81181198"
"chrX","2575422","2575615","chr9","124082855","124083038","54","121507433"
"chrX","2575887","2575990","chr2","10906979","10907070","19","8331092"
"chrX","2612136","2612448","chr10","8915279","8915588","62","6303143"
"chrX","2627631","2627943","chrX","1505474","1505781","45","1122157"
"chrX","2668767","2669033","chr13","43382306","43382564","56","40713539"
"chrX","2683745","2683882","chrX","1554841","1554974","17","1128904"
"chrX","2692374","2692691","chrX","1564278","1564568","71","1128096"
"chrX","2704942","2705221","chrX","1575187","1575479","52","1129755"
"chrX","2707513","2707577","chr1","27912792","27912860","17","25205279"
"chrX","2709144","2709444","chr2","16070846","16071128","65","13361702"
"chrX","2720531","2720664","chr9","100276387","100276520","25","97555856"
"chrX","2722423","2722730","chrX","1590343","1590645","47","1132080"
"chrX","2724940","2725217","chrX","1592584","1592880","53","1132356"
"chrX","2729932","2730199","chr20","21404321","21404577","59","18674389"
"chrX","2731969","2732258","chr9","99097338","99097625","67","96365369"
"chrX","2735595","2735823","chrX","1603735","1603961","29","1131860"
"chrX","2740916","2741169","chrX","1609996","1610217","54","1130920"
"chrX","2749208","2749491","chrX","1615240","1615514","46","1133968"
"chrX","2754809","2755086","chrX","1621691","1621964","40","1133118"
"chrX","2757223","2757519","chrX","1623831","1624116","60","1133392"
"chrX","2781836","2782133","chrX","1649349","1649646","35","1132487"
"chrX","2790549","2790671","chr8","106698398","106698519","28","103907849"
"chrX","2795288","2795569","chr5","108117893","108118172","63","105322605"
"chrX","2804166","2804451","chrX","1678164","1678450","37","1126002"
"chrX","2815728","2815947","chrX","29485044","29485249","54","26669316"
"chrX","2837674","2837913","chr7","11164022","11164267","53","8326348"
"chrX","2866266","2866405","chrX","1751520","1751651","25","1114746"
"chrX","2872342","2872511","chr5","2880082","2880248","41","7740"
"chrX","2879862","2880114","chr19","35751476","35751716","60","32871614"
"chrX","2946514","2946820","chr5","37895721","37896023","63","34949207"
"chrX","2947238","2947552","chrX","107193280","107193586","60","104246042"
"chrX","2992446","2992711","chrX","17832431","17832705","59","14839985"
"chrX","3040722","3040954","chr2","171317076","171317321","67","168276354"
"chrX","3058947","3059244","chr3","141970332","141970626","51","138911385"
"chrX","3090832","3091111","chrX","1965478","1965769","42","1125354"
"chrX","3176189","3176491","chrX","2040510","2040798","67","1135679"
"chrX","3177385","3177710","chr22","31632788","31633117","84","28455403"
"chrX","3178536","3178832","chr3","6644571","6644876","64","3466035"
"chrX","3219391","3219508","chrX","2094656","2094777","13","1124735"
"chrX","3394345","3394583","chr17","34168894","34169131","62","30774549"
"chrX","3409581","3409717","chr8","3735176","3735313","31","325595"
"chrX","3410015","3410177","chr2","13959772","13959938","43","10549757"
"chrX","3454807","3454936","chr1","202756427","202756559","23","199301620"
"chrX","3490700","3491008","chrX","2337546","2337866","60","1153154"
"chrX","3493400","3493611","chrX","2340313","2340521","43","1153087"
"chrX","3545883","3545958","chr5","75805866","75805933","18","72259983"
"chrX","3552994","3553263","chr1","142388252","142388516","66","138835258"
"chrX","3628331","3628642","chr20","20554088","20554395","45","16925757"
"chrX","3636427","3636694","chrX","2464719","2465013","52","1171708"
"chrX","3678604","3678895","chrX","2506523","2506819","44","1172081"
"chrX","3698067","3698356","chr13","25550139","25550428","66","21852072"
"chrX","3720617","3720936","chrX","2549802","2550104","56","1170815"
"chrX","3724339","3724509","chr9","58573097","58573261","59","54848758"
"chrX","3724544","3724764","chr19","25817394","25817591","59","22092850"
"chrX","3727269","3727552","chr2","11091210","11091498","67","7363941"
"chrX","3783258","3783419","chr5","141070907","141071073","34","137287649"
"chrX","3783454","3783572","chr15","73011349","73011465","24","69227895"
"chrX","3820777","3821092","chr6","132872350","132872658","85","129051573"
"chrX","3848167","3848464","chr17","64416945","64417235","70","60568778"
"chrX","3904486","3904780","chr7","150507214","150507511","57","146602728"
"chrX","3938351","3938636","chr21","20428666","20428943","60","16490315"
"chrX","3985570","3985869","chr5","9292872","9293166","67","5307302"
"chrX","4030241","4030536","chr15","21338413","21338706","63","17308172"
"chrX","4059578","4059797","chr3","137463624","137463843","56","133404046"
"chrX","4089784","4090070","chr2","13365045","13365327","60","9275261"
"chrX","4405998","4406263","chrX","3205831","3206067","50","1200167"
"chrX","4517895","4518078","chrX","1059705","1059897","37","3458190"
"chrX","4520814","4521121","chr14","38674144","38674446","61","34153330"
"chrX","4657981","4658246","chrX","3433633","3433914","50","1224348"
"chrX","4737673","4737961","chrX","3511586","3511874","25","1226087"
"chrX","4745383","4745679","chrX","3518918","3519203","42","1226465"
"chrX","4788268","4788544","chrX","10880519","10880791","55","6092251"
"chrX","4957807","4957959","chr7","137638938","137639090","37","132681131"
"chrX","4958245","4958436","chr5","83456739","83456926","38","78498494"
"chrX","4992255","4992511","chr3","188888817","188889067","57","183896562"
"chrX","4996018","4996345","chr5","110389403","110389722","77","105393385"
"chrX","5009766","5010062","chrX","3759310","3759612","55","1250456"
"chrX","5120338","5120636","chrX","3864078","3864376","34","1256260"
"chrX","5254857","5255165","chr22","5498925","5499221","80","244068"
"chrX","5306671","5306972","chrX","4065473","4065772","57","1241198"
"chrX","5407898","5408182","chrX","20607629","20607919","64","15199731"
"chrX","5469096","5469396","chrX","4214878","4215189","49","1254218"
"chrX","5482537","5482844","chrX","4231473","4231791","65","1251064"
"chrX","5488509","5488814","chr2","17510612","17510916","66","12022103"
"chrX","5578267","5578584","chr14","52403666","52403978","73","46825399"
"chrX","5622742","5623073","chr22","32319349","32319654","86","26696607"
"chrX","5644512","5644636","chr3","137802923","137803047","20","132158411"
"chrX","5814789","5815043","chr22","16735734","16735957","71","10920945"
"chrX","5821811","5822095","chr5","144162498","144162784","57","138340687"
"chrX","5855402","5855539","chr10","79724313","79724447","27","73868911"
"chrX","5966266","5966579","chrX","4725900","4726218","50","1240366"
"chrX","5974963","5975261","chrX","4736044","4736330","44","1238919"
"chrX","6024444","6024756","chr9","102262325","102262646","65","96237881"
"chrX","6048711","6049016","chr5","149870776","149871073","70","143822065"
"chrX","6049250","6049426","chrX","4812532","4812708","25","1236718"
"chrX","6071680","6071950","chrX","4834963","4835225","40","1236717"
"chrX","6108579","6108695","chrX","4883342","4883463","17","1225237"
"chrX","6260689","6260967","chr15","70502804","70503075","65","64242115"
"chrX","6277309","6277586","chr2","201309763","201310040","56","195032454"
"chrX","6285286","6285561","chrX","5060599","5060888","52","1224687"
"chrX","6300132","6300255","chrX","5076174","5076301","19","1223958"
"chrX","6319251","6319529","chr13","88632650","88632920","75","82313399"
"chrX","6330801","6331069","chrX","5111432","5111690","50","1219369"
"chrX","6368613","6368895","chrX","5158254","5158555","51","1210359"
"chrX","6393993","6394288","chrX","5180800","5181083","52","1213193"
"chrX","6447609","6447932","chr4","53898580","53898910","86","47450971"
"chrX","6537149","6537425","chrX","5332849","5333136","40","1204300"
"chrX","6795179","6795494","chr5","140459961","140460270","65","133664782"
"chrX","6856278","6856592","chr7","4573193","4573497","63","2283085"
"chrX","6921933","6922276","chrX","5717287","5717606","58","1204646"
"chrX","7150452","7150703","chr14","43018014","43018253","59","35867562"
"chrX","7173412","7173533","chr9","93860244","93860358","20","86686832"
"chrX","7235444","7235745","chr12","87539499","87539795","74","80304055"
"chrX","7360613","7360913","chr6","86935652","86935955","68","79575039"
"chrX","7367888","7368162","chr10","115656334","115656612","80","108288446"
"chrX","7528359","7528645","chrX","6342617","6342925","56","1185742"
"chrX","7605314","7605615","chrX","6415814","6416133","52","1189500"
"chrX","7706696","7706825","chr9","65816955","65817079","23","58110259"
"chrX","7712403","7712718","chrX","6506369","6506672","70","1206034"
"chrX","7832438","7832564","chr9","65816955","65817079","21","57984517"
"chrX","7897104","7897235","chr4","44463564","44463694","24","36566460"
"chrX","7994803","7995103","chr13","69275726","69276022","60","61280923"
"chrX","8062936","8063061","chr6","146442627","146442753","26","138379691"
"chrX","8287518","8287642","chr5","44646079","44646202","17","36358561"
"chrX","8325316","8325611","chrX","7186118","7186416","53","1139198"
"chrX","8347074","8347360","chr9","40114008","40114290","57","31766934"
"chrX","8360486","8360751","chrX","7225982","7226244","38","1134504"
"chrX","8412431","8412682","chr22","44118850","44119099","57","35706419"
"chrX","8487150","8487287","chr5","31488324","31488459","22","23001174"
"chrX","8489596","8489747","chr7","87401466","87401613","29","78911870"
"chrX","8490070","8490396","chr7","151690932","151691249","77","143200862"
"chrX","8520997","8521119","chr9","85393340","85393464","18","76872343"
"chrX","8523561","8523846","chr11","22475002","22475290","71","13951441"
"chrX","8528154","8528468","chrX","7374016","7374329","54","1154138"
"chrX","8558969","8559278","chrX","7408233","7408527","48","1150736"
"chrX","8568057","8568347","chrX","7418106","7418388","46","1149951"
"chrX","8585199","8585502","chrX","7431484","7431768","42","1153715"
"chrX","8588175","8588477","chrX","7434438","7434741","32","1153737"
"chrX","8592080","8592339","chrX","7438190","7438454","28","1153890"
"chrX","8622228","8622531","chrX","7467154","7467462","44","1155074"
"chrX","8623517","8623838","chr20","26320868","26321194","74","17697351"
"chrX","8716304","8716613","chr10","92343226","92343517","73","83626922"
"chrX","8744721","8745046","chrX","7594198","7594522","35","1150523"
"chrX","8754811","8755110","chrX","7604337","7604631","56","1150474"
"chrX","8767214","8767488","chr1","79783870","79784150","60","71016656"
"chrX","8780000","8780285","chrX","7628968","7629252","42","1151032"
"chrX","8782921","8783043","chrX","7631866","7631984","19","1151055"
"chrX","8833281","8833553","chr10","118821916","118822182","70","109988635"
"chrX","8833554","8833810","chrX","7682968","7683233","37","1150586"
"chrX","8857841","8858001","chr12","76248154","76248322","43","67390313"
"chrX","8864907","8865120","chr15","62100644","62100835","63","53235737"
"chrX","8865982","8866258","chr18","28378203","28378459","58","19512221"
"chrX","8872686","8873005","chr7","151690932","151691249","61","142818246"
"chrX","8877525","8877814","chrX","7719050","7719345","68","1158475"
"chrX","8946862","8947022","chr20","4217365","4217513","41","4729497"
"chrX","8954694","8954819","chr9","65816955","65817079","15","56862261"
"chrX","8955450","8955756","chrX","7804333","7804631","51","1151117"
"chrX","8972221","8972354","chrX","7821150","7821279","14","1151071"
"chrX","8978861","8978988","chr4","6965923","6966045","22","2012938"
"chrX","9006771","9007075","chrX","7856860","7857170","28","1149911"
"chrX","9027978","9028265","chr4","88947053","88947354","69","79919075"
"chrX","9030384","9030674","chr12","16301397","16301687","64","7271013"
"chrX","9033510","9033797","chr1","155032190","155032474","54","145998680"
"chrX","9058792","9059076","chr2","16314575","16314859","64","7255783"
"chrX","9131137","9131422","chr7","59224907","59225197","63","50093770"
"chrX","9164200","9164506","chrX","8010607","8010911","35","1153593"
"chrX","9198519","9198753","chrX","8047588","8047834","57","1150931"
"chrX","9252359","9252661","chr10","114838607","114838907","54","105586248"
"chrX","9271556","9271763","chr10","128565099","128565320","49","119293543"
"chrX","9292282","9292549","chrX","8141276","8141555","51","1151006"
"chrX","9393824","9394115","chrX","8251042","8251333","44","1142782"
"chrX","9473832","9474121","chr2","14508195","14508486","57","5034363"
"chrX","9564380","9564436","chr1","137420984","137421041","8","127856604"
"chrX","9575845","9576152","chrX","8428436","8428705","69","1147409"
"chrX","9629143","9629430","chr7","72654211","72654497","54","63025068"
"chrX","9745179","9745475","chr10","94610637","94610936","49","84865458"
"chrX","9778193","9778484","chr2","91134538","91134832","60","81356345"
"chrX","10020557","10020824","chrX","8857212","8857492","49","1163345"
"chrX","10464944","10465224","chrX","9276350","9276624","50","1188594"
"chrX","10581484","10581785","chrX","9403738","9404043","42","1177746"
"chrX","10689124","10689450","chrX","9510431","9510733","75","1178693"
"chrX","10759114","10759222","chr2","93927440","93927542","31","83168326"
"chrX","10843257","10843377","chr10","10602195","10602314","29","241062"
"chrX","10978642","10978913","chr1","125157754","125158029","68","114179112"
"chrX","11091079","11091313","chrX","9932535","9932765","24","1158544"
"chrX","11295948","11296239","chrX","10094506","10094819","57","1201442"
"chrX","11391557","11391681","chrUn_GL286397","117322","117446","20","11274235"
"chrX","11438600","11438720","chrX","10228986","10229112","20","1209614"
"chrX","11501534","11501844","chr7","151693300","151693604","61","140191766"
"chrX","11582029","11582152","chrX","10359284","10359407","10","1222745"
"chrX","11751343","11751626","chr4","37146448","37146728","68","25395105"
"chrX","11952417","11952703","chr14","59275312","59275604","56","47322895"
"chrX","12095479","12095737","chrX","10880519","10880791","36","1214960"
"chrX","12196909","12197035","chrX","10985156","10985282","19","1211753"
"chrX","12207264","12207541","chr2","60086722","60087003","62","47879458"
"chrX","12253357","12253646","chrX","11036430","11036712","53","1216927"
"chrX","12302763","12302902","chr5","79064008","79064140","32","66761245"
"chrX","12342575","12342705","chr2","11695570","11695700","23","647005"
"chrX","12569498","12569692","chr5","92751949","92752136","48","80182451"
"chrX","12570057","12570201","chr5","43868444","43868575","32","31298387"
"chrX","12570250","12570399","chr15","24302989","24303141","36","11732739"
"chrX","12574211","12574495","chr7","18926841","18927131","62","6352630"
"chrX","12583995","12584314","chr3","39544873","39545188","66","26960878"
"chrX","12671405","12671705","chr20","10016068","10016368","57","2655337"
"chrX","12821644","12821924","chr2","35553288","35553567","62","22731644"
"chrX","12912534","12912851","chr13","10709180","10709493","72","2203354"
"chrX","12928511","12928819","chrX","11715664","11715946","56","1212847"
"chrX","13045201","13045484","chr14","63183997","63184275","76","50138796"
"chrX","13052094","13052399","chrX","11835320","11835622","57","1216774"
"chrX","13102009","13102293","chrX","11880309","11880614","77","1221700"
"chrX","13114518","13114748","chr7","62326411","62326641","66","49211893"
"chrX","13115047","13115083","chr7","42614703","42614733","9","29499656"
"chrX","13124810","13125100","chr14","82325633","82325925","60","69200823"
"chrX","13134837","13135147","chrX","11913498","11913794","44","1221339"
"chrX","13203733","13204024","chrX","11994030","11994333","46","1209703"
"chrX","13311986","13312297","chrX","12111597","12111909","55","1200389"
"chrX","13831458","13831734","chr15","62136548","62136812","58","48305090"
"chrX","14059349","14059484","chr5","74329230","74329369","27","60269881"
"chrX","14060492","14060619","chr9","56024635","56024765","25","41964143"
"chrX","14218906","14219047","chrX","13001900","13002039","13","1217006"
"chrX","14260801","14261095","chrX","40359746","40360035","70","26098945"
"chrX","14527742","14527827","chr5","5514011","5514092","15","9013731"
"chrX","14592521","14592803","chrX","13414926","13415207","25","1177595"
"chrX","14957287","14957443","chrX","13792097","13792249","25","1165190"
"chrX","15036619","15036916","chr4","16462057","16462343","70","1425438"
"chrX","15066194","15066484","chr4","152065738","152066005","68","136999544"
"chrX","15074549","15074673","chr9","21660421","21660545","14","6585872"
"chrX","15167652","15167905","chrX","14028448","14028710","48","1139204"
"chrX","15182739","15183019","chrX","14045555","14045834","62","1137184"
"chrX","15188223","15188518","chrX","14050766","14051067","30","1137457"
"chrX","15194059","15194360","chrX","14055511","14055814","47","1138548"
"chrX","15213341","15213605","chr16","51834615","51834893","59","36621274"
"chrX","15342132","15342433","chr13","73571076","73571367","58","58228944"
"chrX","15366572","15366705","chr6","46924198","46924331","21","31557626"
"chrX","15736904","15737186","chr22","47570742","47571020","57","31833838"
"chrX","15841627","15841699","chr5","79180645","79180712","11","63339018"
"chrX","15853522","15853852","chr7","31899128","31899441","79","16045606"
"chrX","15947496","15947618","chrX","29998235","29998361","18","14050739"
"chrX","15974551","15974750","chrX","14825495","14825696","32","1149056"
"chrX","15985114","15985241","chr7","136413230","136413360","21","120428116"
"chrX","15986211","15986516","chrX","14835643","14835940","46","1150568"
"chrX","15988334","15988610","chrX","14837432","14837696","36","1150902"
"chrX","15996925","15997136","chr20","141699","141909","59","15855226"
"chrX","16009171","16009463","chrX","14860595","14860889","68","1148576"
"chrX","16048074","16048344","chr3","149028259","149028516","52","132980185"
"chrX","16112158","16112400","chr5","113636296","113636535","57","97524138"
"chrX","16117017","16117311","chrX","14947313","14947612","56","1169704"
"chrX","16119082","16119378","chr14","80754932","80755229","64","64635850"
"chrX","16153607","16153689","chrX","14979102","14979181","16","1174505"
"chrX","16181259","16181541","chr10","98875275","98875560","60","82694016"
"chrX","16182461","16182589","chr4","17998578","17998708","27","1816117"
"chrX","16201494","16201739","chrX","15023766","15024040","63","1177728"
"chrX","16225928","16226204","chrX","15048008","15048287","57","1177920"
"chrX","16229290","16229571","chrX","15053779","15054054","34","1175511"
"chrX","16261533","16261826","chr21","46998038","46998338","52","30736505"
"chrX","16307738","16308044","chr14","36457155","36457448","59","20149417"
"chrX","16319691","16319817","chr3","153733091","153733221","33","137413400"
"chrX","16340105","16340394","chr15","72135831","72136125","65","55795726"
"chrX","16340833","16341135","chrX","15183114","15183423","48","1157719"
"chrX","16719956","16720088","chr9","112921738","112921872","20","96201782"
"chrX","16905917","16906213","chrX","15782083","15782377","34","1123834"
"chrX","16976939","16977213","chrX","15847384","15847661","57","1129555"
"chrX","17288808","17289086","chrX","16185713","16186018","57","1103095"
"chrX","17567384","17567663","chr1","151382288","151382579","66","133814904"
"chrX","17570492","17570756","chrX","16453227","16453474","38","1117265"
"chrX","17586733","17587033","chr4","106120119","106120415","74","88533386"
"chrX","17770975","17771275","chr15","72135831","72136125","64","54364856"
"chrX","17795932","17796229","chr15","7227741","7228029","52","10568191"
"chrX","17807862","17807996","chrX","16686648","16686776","23","1121214"
"chrX","17864547","17864843","chr4","117443805","117444104","55","99579258"
"chrX","17869711","17869996","chrX","16738556","16738843","41","1131155"
"chrX","17888424","17888542","chrX","16755679","16755797","15","1132745"
"chrX","17902268","17902553","chrX","16771385","16771673","68","1130883"
"chrX","17965017","17965299","chrX","16832926","16833207","45","1132091"
"chrX","17965351","17965566","chr14","84072878","84073091","41","66107527"
"chrX","18045084","18045356","chr1","175682262","175682534","58","157637178"
"chrX","18045622","18045882","chr13","84062352","84062614","68","66016730"
"chrX","18090509","18090815","chrX","16963666","16963968","40","1126843"
"chrX","18190505","18190752","chrX","17072825","17073072","34","1117680"
"chrX","18191722","18192041","chr11","119233728","119234040","71","101042006"
"chrX","18204723","18205005","chr2","61820209","61820486","70","43615486"
"chrX","18272839","18273106","chr20","21404321","21404577","56","3131482"
"chrX","18278410","18278721","chrX","43710230","43710539","69","25431820"
"chrX","18307153","18307312","chrX","61978593","61978751","39","43671440"
"chrX","18307620","18307758","chr2","18614959","18615091","30","307339"
"chrX","18500417","18500428","chr1","189870970","189870980","5","171370553"
"chrX","18500474","18500545","chr9","115415888","115415963","13","96915414"
"chrX","18523211","18523330","chr8","73114533","73114655","31","54591322"
"chrX","18566243","18566542","chrX","13810174","13810484","63","4756069"
"chrX","18725050","18725357","chrX","17610013","17610313","42","1115037"
"chrX","18736121","18736232","chr1","3731502","3731613","17","15004619"
"chrX","18748255","18748362","chrX","111909956","111910060","26","93161701"
"chrX","18816413","18816724","chr1","118797181","118797481","63","99980768"
"chrX","18829803","18830102","chr22","5196407","5196710","71","13633396"
"chrX","18835696","18835957","chr3","73901301","73901573","63","55065605"
"chrX","18836721","18836882","chr12","44335289","44335454","25","25498568"
"chrX","18837150","18837308","chr3","52321080","52321233","29","33483930"
"chrX","18914408","18914695","chrX","17820848","17821136","24","1093560"
"chrX","18918533","18918686","chr2","116097377","116097529","26","97178844"
"chrX","18962146","18962354","chrUn_GL286420","710755","710952","55","18251391"
"chrX","19001395","19001684","chrX","17913242","17913538","29","1088153"
"chrX","19054725","19055012","chr3","111189894","111190176","63","92135169"
"chrX","19056668","19056800","chr7","55141055","55141198","33","36084387"
"chrX","19057102","19057251","chr9","113573097","113573249","25","94515995"
"chrX","19116994","19117190","chrX","18038660","18038852","32","1078334"
"chrX","19125264","19125572","chrX","18046972","18047290","48","1078292"
"chrX","19227750","19228044","chr1","185506876","185507173","55","166279126"
"chrX","19249499","19249820","chrX","18186368","18186689","40","1063131"
"chrX","19312138","19312206","chr14","13294030","13294096","11","6018108"
"chrX","19342441","19342567","chr10","21974325","21974451","15","2631884"
"chrX","19382859","19382979","chr2","66890768","66890879","25","47507909"
"chrX","19389091","19389226","chrX","18338403","18338535","17","1050688"
"chrX","19393242","19393554","chr5","110537880","110538173","68","91144638"
"chrX","19399466","19399782","chrX","40275096","40275395","85","20875630"
"chrX","19405215","19405470","chrX","18358437","18358696","29","1046778"
"chrX","19450114","19450390","chrX","18398011","18398278","40","1052103"
"chrX","19488568","19488752","chr1","106233644","106233820","45","86745076"
"chrX","19488778","19488896","chr4","13431843","13431957","18","6056935"
"chrX","19580350","19580633","chrX","18541388","18541661","40","1038962"
"chrX","19601715","19601993","chrX","18567204","18567497","48","1034511"
"chrX","19630420","19630716","chrX","18597547","18597834","36","1032873"
"chrX","19650812","19651093","chr1","136763377","136763656","62","117112565"
"chrX","19825678","19825930","chr20","35956324","35956549","67","16130646"
"chrX","19826718","19826925","chr1","37048603","37048803","42","17221885"
"chrX","20033653","20033940","chrX","18982709","18983018","39","1050944"
"chrX","20109139","20109269","chr9","56024635","56024765","20","35915496"
"chrX","21213820","21214117","chrX","20193721","20194026","34","1020099"
"chrX","21258338","21258447","chr13","11808023","11808130","21","9450315"
"chrX","21322250","21322548","chrX","20316316","20316606","40","1005934"
"chrX","21335639","21335927","chr9","34989939","34990227","57","13654300"
"chrX","21339719","21340031","chrX","20336994","20337292","56","1002725"
"chrX","21358207","21358476","chr4","107869232","107869514","59","86511025"
"chrX","21394216","21394362","chrUn_GL286439","53125","53271","26","21341091"
"chrX","21632179","21632477","chrX","20657449","20657743","34","974730"
"chrX","21765447","21765782","chrX","20813479","20813781","66","951968"
"chrX","21856107","21856436","chrX","20898838","20899152","43","957269"
"chrX","22023395","22023703","chr13","36120011","36120311","64","14096616"
"chrX","22403806","22403953","chr4","44453749","44453878","38","22049943"
"chrX","22498886","22499006","chrX","45736957","45737074","14","23238071"
"chrX","23009506","23009814","chr9","16269953","16270254","58","6739553"
"chrX","23017587","23017719","chr4","10682357","10682488","21","12335230"
"chrX","23083898","23084027","chrX","22253733","22253862","13","830165"
"chrX","23108748","23109081","chr7","102737494","102737807","75","79628746"
"chrX","23124752","23125060","chrX","22302198","22302488","57","822554"
"chrX","23125124","23125261","chrX","22302570","22302693","27","822554"
"chrX","23125561","23125724","chrX","22302994","22303154","17","822567"
"chrX","23129102","23129226","chr9","21660421","21660545","17","1468681"
"chrX","23175750","23175944","chr22","16067841","16068037","38","7107909"
"chrX","23193002","23193123","chrX","22373284","22373410","11","819718"
"chrX","23193333","23193452","chr5","93839697","93839814","21","70646364"
"chrX","23226361","23226627","chr7","31057628","31057908","59","7831267"
"chrX","23231863","23232145","chrX","22411235","22411498","46","820628"
"chrX","23301940","23302058","chr2","8694044","8694161","18","14607896"
"chrX","23360759","23360839","chr13","105412202","105412272","21","82051443"
"chrX","23391125","23391310","chrX","22557324","22557509","18","833801"
"chrX","23410380","23410499","chr9","95266599","95266719","22","71856219"
"chrX","23464574","23464701","chr7","102865601","102865732","22","79401027"
"chrX","23547136","23547450","chrX","22707160","22707459","58","839976"
"chrX","23609813","23610119","chr15","32840949","32841254","62","9231136"
"chrX","23684965","23685229","chrX","22851548","22851815","27","833417"
"chrX","23745123","23745431","chr3","107546121","107546416","64","83800998"
"chrX","24342514","24342786","chr7","100581899","100582178","70","76239385"
"chrX","24398300","24398623","chr9","45121884","45122176","91","20723584"
"chrX","24472527","24472738","chr2","141747069","141747277","43","117274542"
"chrX","24498764","24499052","chrX","23693965","23694278","64","804799"
"chrX","24783270","24783546","chr6","112912746","112913009","64","88129476"
"chrX","25182793","25182958","chr9","12115825","12115992","43","13066968"
"chrX","26618027","26618150","chr1","106642431","106642552","20","80024404"
"chrX","26736213","26736522","chr10","122153611","122153917","68","95417398"
"chrX","26914061","26914280","chr11","130319236","130319474","68","103405175"
"chrX","26916433","26916644","chr10","122080199","122080419","64","95163766"
"chrX","27083116","27083246","chr7","136413230","136413360","21","109330114"
"chrX","27361562","27361808","chrX","26512541","26512812","66","849021"
"chrX","27518302","27518414","chr5","37629937","37630052","22","10111635"
"chrX","28505234","28505522","chr7","100581899","100582178","66","72076665"
"chrX","28608127","28608428","chrX","27718099","27718388","42","890028"
"chrX","29015295","29015424","chr5","133601563","133601693","22","104586268"
"chrX","29202074","29202192","chr3","188273866","188273981","16","159071792"
"chrX","29370188","29370322","chr6","144234386","144234514","29","114864198"
"chrX","29504516","29504749","chr5","93907714","93907936","60","64403198"
"chrX","30189980","30190273","chr5","38765035","38765325","62","8575055"
"chrX","30259373","30259669","chrX","29302326","29302636","50","957047"
"chrX","30301651","30301871","chrX","29339051","29339282","41","962600"
"chrX","30301872","30301912","chr9","107054665","107054705","11","76752793"
"chrX","30302140","30302281","chr10","131155652","131155790","36","100853512"
"chrX","30371877","30372159","chrX","29407513","29407793","57","964364"
"chrX","30474280","30474462","chrX","29466640","29466814","31","1007640"
"chrX","30487383","30487690","chrX","29484495","29484795","42","1002888"
"chrX","30487954","30488161","chrX","29485044","29485249","42","1002910"
"chrX","30595741","30595891","chr6","54357045","54357199","44","23761304"
"chrX","30606365","30606658","chrX","29613837","29614140","54","992528"
"chrX","30635401","30635726","chrX","29640167","29640495","33","995234"
"chrX","30652749","30653049","chrX","29667682","29667986","37","985067"
"chrX","30797992","30798124","chr11","15616179","15616312","22","15181813"
"chrX","30932356","30932579","chr1","15054619","15054831","53","15877737"
"chrX","30968346","30968493","chr14","80062625","80062769","26","49094279"
"chrX","31132080","31132249","chr12","87228090","87228255","31","56096010"
"chrX","31132275","31132379","chr1","65523539","65523651","21","34391264"
"chrX","31284772","31285084","chr14","80754932","80755229","69","49470160"
"chrX","31304303","31304576","chrX","30339392","30339634","59","964911"
"chrX","31439306","31439614","chr6","8438675","8438970","74","23000631"
"chrX","31967119","31967441","chr7","50722546","50722848","81","18755427"
"chrX","32865857","32866134","chrX","31984820","31985076","54","881037"
"chrX","33126023","33126327","chr7","23286833","23287126","68","9839190"
"chrX","33728256","33728549","chr8","122642040","122642335","63","88913784"
"chrX","33876418","33876734","chr5","10603156","10603466","73","23273262"
"chrX","34424846","34425144","chr14","21286699","21286994","65","13138147"
"chrX","35064214","35064509","chrX","34103292","34103575","52","960922"
"chrX","35257310","35257442","chr7","129474506","129474637","28","94217196"
"chrX","36558266","36558564","chrX","35605939","35606241","49","952327"
"chrX","38114073","38114256","chr5","92751949","92752136","40","54637876"
"chrX","38326590","38326875","chrX","37220316","37220589","56","1106274"
"chrX","38405182","38405311","chr10","119317607","119317738","29","80912425"
"chrX","38409073","38409364","chr9","114335053","114335333","70","75925980"
"chrX","38576445","38576560","chr10","16801974","16802091","19","21774471"
"chrX","38615003","38615301","chr2","93458693","93458985","61","54843690"
"chrX","38708868","38709169","chr1","155032190","155032474","71","116323322"
"chrX","39332147","39332452","chr4","84641405","84641710","71","45309258"
"chrX","39382961","39383249","chrX","38315702","38316005","55","1067259"
"chrX","39550988","39551280","chrX","38481149","38481419","44","1069839"
"chrX","39649678","39649816","chr10","8202776","8202912","32","31446902"
"chrX","39681814","39681946","chr7","106804410","106804539","22","67122596"
"chrX","39753699","39753993","chr15","28538039","28538327","68","11215660"
"chrX","39760663","39760965","chrX","38697892","38698202","55","1062771"
"chrX","39766647","39766933","chrX","38701590","38701877","37","1065057"
"chrX","39815769","39816070","chr3","82913223","82913528","61","43097454"
"chrX","39865466","39865619","chr2","190014101","190014253","40","150148635"
"chrX","39865661","39865776","chr2","7636613","7636729","17","32229048"
"chrX","39886186","39886485","chr22","29213886","29214184","53","10672300"
"chrX","39911965","39912260","chrX","38845695","38845988","34","1066270"
"chrX","39947083","39947356","chr14","79575769","79576034","56","39628686"
"chrX","40089170","40089467","chr4","14595998","14596298","59","25493172"
"chrX","40105349","40105566","chr20","35956324","35956549","41","4149025"
"chrX","40119641","40119930","chrX","18597547","18597834","64","21522094"
"chrX","40150185","40150490","chr16","1418834","1419135","71","38731351"
"chrX","40160268","40160420","chr5","137714081","137714246","47","97553813"
"chrX","40233203","40233426","chr10","114494275","114494501","49","74261072"
"chrX","40243470","40243593","chrX","39209735","39209858","16","1033735"
"chrX","40281194","40281498","chrX","39238670","39238976","36","1042524"
"chrX","40297685","40297970","chr10","88193139","88193425","70","47895454"
"chrX","40380848","40381081","chrX","39351824","39352046","42","1029024"
"chrX","40386185","40386423","chrX","39356560","39356806","43","1029625"
"chrX","40457172","40457459","chr2","8000025","8000324","64","32457147"
"chrX","40487914","40488050","chrX","39451226","39451362","14","1036688"
"chrX","40510091","40510247","chr2","56845672","56845828","38","16335581"
"chrX","40510562","40510698","chr1","15082436","15082571","24","25428126"
"chrX","40538752","40539068","chr9","66444598","66444909","60","25905846"
"chrX","40541762","40541998","chr11","14362144","14362363","49","26179618"
"chrX","40615198","40615487","chr2","29995743","29996022","65","10619455"
"chrX","40631647","40631837","chr10","17884969","17885143","45","22746678"
"chrX","40645694","40646010","chrX","39604074","39604387","38","1041620"
"chrX","40647821","40648036","chrX","39606263","39606457","43","1041558"
"chrX","40775878","40776089","chr4","20914865","20915071","55","19861013"
"chrX","40776384","40776495","chr1","76911186","76911292","33","36134802"
"chrX","40920847","40921145","chrX","39918153","39918458","43","1002694"
"chrX","40982976","40983224","chr3","141719659","141719903","64","100736683"
"chrX","41176866","41177104","chr5","45935853","45936093","46","4758987"
"chrX","41185686","41185986","chr12","87539499","87539795","67","46353813"
"chrX","41186397","41186498","chr14","45569911","45570012","15","4383514"
"chrX","41186838","41186876","chr17","64139661","64139698","11","22952823"
"chrX","41214853","41215156","chrX","40183530","40183833","31","1031323"
"chrX","41237254","41237386","chr8","91375377","91375506","27","50138123"
"chrX","41256780","41257094","chr2","4013610","4013919","68","37243170"
"chrX","41291427","41291638","chr10","79891266","79891470","45","38599839"
"chrX","41342837","41342987","chr11","66753269","66753408","44","25410432"
"chrX","41348002","41348281","chrX","10814263","10814537","64","30533739"
"chrX","41378914","41379222","chr19","43688592","43688895","57","2309678"
"chrX","41381594","41381885","chrX","40322376","40322663","43","1059218"
"chrX","41465836","41466081","chr17","34168894","34169131","43","7296942"
"chrX","41469513","41469766","chr17","39678567","39678833","56","1790946"
"chrX","41504671","41504844","chrX","62787840","62788004","45","21283169"
"chrX","41505144","41505278","chr8","22659422","22659556","26","18845722"
"chrX","41538463","41538670","chr21","47732835","47733040","44","6194372"
"chrX","41539305","41539612","chr8","29312697","29313006","65","12226608"
"chrX","41548971","41549278","chr1","118797181","118797481","55","77248210"
"chrX","41564243","41564517","chr11","15873870","15874145","69","25690373"
"chrX","41565620","41565931","chr9","121784693","121785002","53","80219073"
"chrX","41581008","41581198","chr4","26624916","26625101","44","14956092"
"chrX","41581482","41581620","chr12","29176000","29176144","26","12405482"
"chrX","41603545","41603593","chr10","118193207","118193255","17","76589662"
"chrX","41681869","41682001","chr1","184194569","184194698","24","142512700"
"chrX","41707641","41707949","chrX","40623145","40623457","42","1084496"
"chrX","41725481","41725611","chr9","102628958","102629091","22","60903477"
"chrX","42255588","42255706","chr5","78270374","78270491","19","36014786"
"chrX","42255740","42255909","chr20","3735670","3735834","33","38520070"
"chrX","42478456","42478753","chrX","41518094","41518377","45","960362"
"chrX","42632959","42633245","chr15","16403951","16404227","64","26229008"
"chrX","42951417","42951718","chrX","41902539","41902831","50","1048878"
"chrX","42966283","42966587","chr18","8030633","8030930","65","34935650"
"chrX","43078266","43078447","chr2","39731680","39731853","62","3346586"
"chrX","43533499","43533622","chrX","42434533","42434656","8","1098966"
"chrX","43743245","43743367","chr7","97711061","97711186","19","53967816"
"chrX","43750785","43751099","chr5","37895721","37896023","69","5855064"
"chrX","43973247","43973400","chr13","116276253","116276407","36","72303006"
"chrX","43973427","43973521","chr5","95667632","95667724","26","51694205"
"chrX","44047051","44047387","chr11","95361513","95361842","77","51314462"
"chrX","44270806","44271048","chrX","43141438","43141656","55","1129368"
"chrX","44377376","44377687","chrX","43251283","43251585","56","1126093"
"chrX","44481479","44481808","chr2","6784654","6784993","77","37696825"
"chrX","44491002","44491293","chr20","15878776","15879062","59","28612226"
"chrX","44494658","44494939","chrX","43357478","43357762","37","1137180"
"chrX","44511465","44511601","chr17","71551510","71551662","36","27040045"
"chrX","44532654","44532787","chr3","149245179","149245310","23","104712525"
"chrX","44561854","44562154","chrX","43431629","43431941","48","1130225"
"chrX","44591443","44591758","chrX","43460098","43460387","50","1131345"
"chrX","44596931","44597105","chr4","10508178","10508351","49","34088753"
"chrX","44612894","44613155","chr4","20548674","20548939","63","24064220"
"chrX","44618481","44618777","chr12","34873024","34873317","54","9745457"
"chrX","44622835","44623129","chr2","13585999","13586296","49","31036836"
"chrX","44692840","44692962","chr3","137802923","137803047","15","93110083"
"chrX","44734390","44734702","chr3","39544873","39545188","70","5189517"
"chrX","44762830","44763089","chrX","43622906","43623162","31","1139924"
"chrX","44784674","44784967","chr5","110537880","110538173","67","65753206"
"chrX","44872538","44872684","chr1","102188482","102188614","37","57315944"
"chrX","44872992","44873158","chr22","28403347","28403515","41","16469645"
"chrX","44903365","44903493","chr1","202423319","202423445","27","157519954"
"chrX","44908740","44909008","chr7","122885667","122885928","51","77976927"
"chrX","44994022","44994313","chr7","493374","493666","64","44500648"
"chrX","45053119","45053417","chr3","165672623","165672918","52","120619504"
"chrX","45258592","45258797","chrX","95596924","95597125","42","50338332"
"chrX","45344462","45344756","chr14","45652127","45652416","66","307665"
"chrX","45836918","45837230","chr6","22082494","22082803","69","23754424"
"chrX","45951189","45951488","chrX","13712564","13712860","72","32238625"
"chrX","46022133","46022444","chr5","10603156","10603466","64","35418977"
"chrX","46027030","46027269","chrX","44852412","44852654","53","1174618"
"chrX","46102037","46102321","chr6","67225575","67225851","62","21123538"
"chrX","46117649","46117836","chrX","62896920","62897101","40","16779271"
"chrX","46118129","46118261","chr2","18201706","18201839","23","27916423"
"chrX","46189961","46190259","chr12","113797487","113797776","62","67607526"
"chrX","46267984","46268110","chr9","79583180","79583304","19","33315196"
"chrX","46402188","46402479","chr5","110954946","110955252","64","64552758"
"chrX","46550857","46551129","chr11","84264230","84264517","61","37713373"
"chrX","46587346","46587631","chrX","45368641","45368927","22","1218705"
"chrX","46650974","46651096","chr20","5208280","5208403","22","41442694"
"chrX","46723825","46724000","chrX","45508502","45508674","22","1215323"
"chrX","46778994","46779288","chrX","45572952","45573248","38","1206042"
"chrX","46848293","46848593","chr6","31372066","31372370","57","15476227"
"chrX","46853979","46854102","chrX","58482136","58482260","14","11628157"
"chrX","46854116","46854375","chrX","45649261","45649510","34","1204855"
"chrX","46892936","46893227","chrX","45691230","45691509","41","1201706"
"chrX","46939249","46939411","chr1","183849846","183850004","37","136910597"
"chrX","46948181","46948373","chr7","47492323","47492505","51","544142"
"chrX","46948656","46948795","chr6","24967870","24967992","34","21980786"
"chrX","46972480","46972767","chrX","45771603","45771880","25","1200877"
"chrX","46992116","46992410","chr10","121946939","121947234","74","74954823"
"chrX","47020898","47021053","chr22","13609437","13609590","33","33411461"
"chrX","47024591","47024778","chr2","7466856","7467034","47","39557735"
"chrX","47035215","47035335","chr6","112341343","112341464","19","65306128"
"chrX","47035366","47035500","chr4","35079364","35079498","32","11956002"
"chrX","47047776","47047883","chr2","11777768","11777876","21","35270008"
"chrX","47048326","47048463","chr14","88189110","88189246","25","41140784"
"chrX","47221200","47221492","chrX","46030656","46030958","44","1190544"
"chrX","47222404","47222526","chr10","47209062","47209186","25","13342"
"chrX","47225949","47226098","chr12","11035256","11035394","28","36190693"
"chrX","47226966","47227108","chr12","11035256","11035394","28","36191710"
"chrX","47227407","47227558","chr2","189489762","189489913","35","142262355"
"chrX","47231967","47232236","chr1","62519994","62520262","63","15288027"
"chrX","47234181","47234283","chr14","105658459","105658564","25","58424278"
"chrX","47234579","47234737","chr6","17820371","17820524","51","29414208"
"chrX","47309545","47309782","chr17","56067111","56067358","65","8757566"
"chrX","47316462","47316778","chr14","99094248","99094547","74","51777786"
"chrX","47318471","47318605","chr1","41377894","41378028","25","5940577"
"chrX","47413338","47413629","chr5","65054591","65054892","64","17641253"
"chrX","47493956","47494087","chr2","11695570","11695700","27","35798386"
"chrX","47504840","47505145","chrX","46281121","46281426","56","1223719"
"chrX","47513547","47513878","chrX","46290180","46290472","64","1223367"
"chrX","47519958","47520098","chrX","46233471","46233605","29","1286487"
"chrX","47523965","47524081","chr9","8615145","8615268","24","38908820"
"chrX","47535478","47535761","chrX","17965975","17966271","62","29569503"
"chrX","47536408","47536693","chr1","135471991","135472267","54","87935583"
"chrX","47546742","47547047","chr7","11568162","11568463","66","35978580"
"chrX","47552756","47553051","chrX","46343942","46344248","51","1208814"
"chrX","47556463","47556588","chr22","29612456","29612579","23","17944007"
"chrX","47562056","47562176","chrUn_GL286217","106113","106229","14","47455943"
"chrX","47583269","47583486","chr1","98674868","98675074","54","51091599"
"chrX","47651442","47651733","chr15","28538039","28538327","50","19113403"
"chrX","47722072","47722378","chrX","46526533","46526816","50","1195539"
"chrX","47727197","47727558","chr2","17573984","17574332","103","30153213"
"chrX","47727559","47727613","chr16","52035115","52035168","13","4307556"
"chrX","47733655","47733982","chr1","194824784","194825082","92","147091129"
"chrX","47734018","47734031","chr3","11300434","11300446","4","36433584"
"chrX","47749170","47749274","chr11","98231138","98231243","26","50481968"
"chrX","47783741","47784055","chr5","131527086","131527390","68","83743345"
"chrX","47848752","47848932","chr5","99050194","99050359","51","51201442"
"chrX","47876961","47877245","chrX","46673100","46673383","35","1203861"
"chrX","47937791","47937920","chr3","149245179","149245310","19","101307388"
"chrX","47978088","47978371","chr7","94520292","94520587","70","46542204"
"chrX","48145983","48146302","chrX","46896928","46897227","50","1249055"
"chrX","48202501","48202618","chr5","83914043","83914160","17","35711542"
"chrX","48219843","48219978","chr4","13599154","13599281","25","34620689"
"chrX","48254202","48254447","chrX","46995316","46995555","54","1258886"
"chrX","48261323","48261615","chrX","47003178","47003477","34","1258145"
"chrX","48262968","48263100","chrX","47004809","47004944","18","1258159"
"chrX","48264699","48264833","chr9","43510189","43510319","22","4754510"
"chrX","48300894","48301190","chr9","37636629","37636911","76","10664265"
"chrX","48348562","48348910","chr10","8714895","8715252","96","39633667"
"chrX","48354394","48354430","chr13","95468876","95468911","13","47114482"
"chrX","48354431","48354689","chr2","15605575","15605822","87","32748856"
"chrX","48354690","48354702","chr1","189870970","189870980","4","141516280"
"chrX","48354990","48355120","chr1","169076952","169077085","41","120721962"
"chrX","48391361","48391530","chr3","153064211","153064368","58","104672850"
"chrX","48396595","48396951","chr10","100052116","100052450","94","51655521"
"chrX","48403231","48403417","chr1","79695290","79695467","60","31292059"
"chrX","48445763","48446039","chr22","16579171","16579449","68","31866592"
"chrX","48447912","48448108","chr1","77258401","77258608","57","28810489"
"chrX","48455825","48456172","chr2","56346032","56346347","91","7890207"
"chrX","48475943","48476104","chr11","24300785","24300947","40","24175158"
"chrX","48477524","48477706","chr18","33201864","33202025","63","15275660"
"chrX","48559011","48559285","chr9","37480758","37481030","65","11078253"
"chrX","48560462","48560644","chr13","28642595","28642772","61","19917867"
"chrX","48560701","48560903","chr1","136698084","136698272","70","88137383"
"chrX","48570106","48570475","chr10","8714895","8715252","104","39855211"
"chrX","48589672","48589846","chr5","112318082","112318244","41","63728410"
"chrX","48590151","48590285","chr9","100741503","100741636","20","52151352"
"chrX","48599142","48599338","chr1","77258401","77258608","60","28659259"
"chrX","48618634","48618902","chr1","205390596","205390862","71","156771962"
"chrX","48637274","48637429","chr18","11756384","11756520","52","36880890"
"chrX","48639774","48639821","chr5","129490216","129490268","17","80850442"
"chrX","48657498","48657784","chrX","20607629","20607919","55","28049869"
"chrX","48699476","48699761","chr9","7004731","7005021","64","41694745"
"chrX","48734466","48734768","chrX","47125436","47125710","84","1609030"
"chrX","48737700","48737948","chr10","92444531","92444777","59","43706831"
"chrX","48744348","48744642","chrX","47133428","47133729","49","1610920"
"chrX","48749677","48749820","chr12","11035256","11035394","29","37714421"
"chrX","48777277","48777582","chr12","84699755","84700062","60","35922478"
"chrX","48827437","48827727","chr9","53523121","53523415","54","4695684"
"chrX","48842047","48842311","chr22","5875648","5875916","50","42966399"
"chrX","48842678","48842746","chr9","44462528","44462597","7","4380150"
"chrX","48876740","48876881","chrX","47275520","47275665","22","1601220"
"chrX","48909799","48910094","chrX","47299694","47299973","51","1610105"
"chrX","48957407","48957721","chrX","47359730","47360016","60","1597677"
"chrX","48968124","48968248","chr1","106642431","106642552","21","57674307"
"chrX","48983240","48983385","chr7","10082686","10082827","28","38900554"
"chrX","48983981","48984137","chr2","190014101","190014253","31","141030120"
"chrX","48996254","48996569","chr5","73836924","73837222","62","24840670"
"chrX","49003048","49003332","chr7","9256863","9257121","87","39746185"
"chrX","49004143","49004449","chr7","128773263","128773556","96","79769120"
"chrX","49007088","49007377","chr15","7227741","7228029","93","41779347"
"chrX","49009870","49010176","chr7","128773263","128773556","96","79763393"
"chrX","49015174","49015466","chr9","15688380","15688672","66","33326794"
"chrX","49122826","49122942","chr2","10902097","10902210","26","38220729"
"chrX","49123258","49123425","chr5","141070907","141071073","32","91947649"
"chrX","49153743","49154025","chr2","16314575","16314859","57","32839168"
"chrX","49197105","49197393","chrX","47593409","47593722","49","1603696"
"chrX","49217020","49217146","chr13","36824426","36824554","31","12392594"
"chrX","49284986","49285116","chr9","6899249","6899381","29","42385737"
"chrX","49285429","49285609","chr22","28403347","28403515","48","20882082"
"chrX","49337618","49337802","chr1","136062577","136062752","43","86724959"
"chrX","49337805","49337843","chr3","189226946","189226980","15","139889141"
"chrX","49338451","49338585","chrX","106469400","106469531","30","57130949"
"chrX","49393445","49393703","chrUn_GL286540","27329","27576","73","49366116"
"chrX","49402529","49402658","chrX","47802536","47802662","14","1599993"
"chrX","49413502","49413681","chr11","66043564","66043741","36","16630062"
"chrX","49545074","49545197","chrX","48025848","48025979","28","1519226"
"chrX","49564376","49564501","chrX","48025848","48025979","27","1538528"
"chrX","49572317","49572447","chrX","48025848","48025979","23","1546469"
"chrX","49588756","49588887","chr9","20099570","20099702","27","29489186"
"chrX","49619057","49619187","chrX","48025848","48025979","24","1593209"
"chrX","49638089","49638262","chr9","109217985","109218154","39","59579896"
"chrX","49670091","49670222","chr7","87116259","87116390","25","37446168"
"chrX","49725752","49726058","chrX","48197010","48197302","43","1528742"
"chrX","49832796","49833090","chrX","48297259","48297562","33","1535537"
"chrX","49901435","49901724","chr7","132179583","132179874","56","82278148"
"chrX","49926806","49927103","chrX","48393865","48394163","38","1532941"
"chrX","49941038","49941398","chr5","123809581","123809921","90","73868543"
"chrX","50016874","50017147","chr8","76560509","76560777","50","26543635"
"chrX","50153036","50153161","chr10","82290819","82290946","17","32137783"
"chrX","50183477","50183756","chr5","141717505","141717774","72","91534028"
"chrX","50194612","50194746","chrX","48633221","48633356","16","1561391"
"chrX","50254202","50254425","chr12","2377416","2377641","69","47876786"
"chrX","50301275","50301565","chr16","53915969","53916260","60","3614694"
"chrX","50311571","50311875","chr14","80754932","80755229","51","30443361"
"chrX","50330556","50330697","chr6","139607166","139607303","32","89276610"
"chrX","50514475","50514767","chr1","74214027","74214318","60","23699552"
"chrX","50718235","50718540","chr1","118797181","118797481","61","68078946"
"chrX","50767947","50768210","chrX","49139827","49140100","39","1628120"
"chrX","50806736","50806958","chrX","49170910","49171161","48","1635826"
"chrX","50842880","50843174","chrX","49200408","49200676","57","1642472"
"chrX","50852904","50853028","chrX","49189929","49190053","14","1662975"
"chrX","50892256","50892530","chr3","150777865","150778127","66","99885609"
"chrX","50954797","50955078","chrX","49315108","49315397","44","1639689"
"chrX","51650958","51651241","chrX","49921192","49921497","46","1729766"
"chrX","51864903","51865195","chr8","96342338","96342624","58","44477435"
"chrX","52181754","52181884","chr3","111117345","111117478","20","58935591"
"chrX","52244629","52244846","chr18","8136457","8136668","71","44108172"
"chrX","52403257","52403330","chr2","132903828","132903904","18","80500571"
"chrX","52408799","52409108","chr7","75418430","75418733","63","23009631"
"chrX","52416960","52417243","chrX","50804337","50804625","41","1612623"
"chrX","52447550","52447855","chrX","50836296","50836596","39","1611254"
"chrX","52449470","52449778","chrX","50836296","50836596","63","1613174"
"chrX","52459202","52459465","chr10","15545104","15545372","63","36914098"
"chrX","52497235","52497489","chr8","104854170","104854427","68","52356935"
"chrX","52521414","52521723","chrX","50917939","50918240","37","1603475"
"chrX","52569509","52569829","chrX","50985236","50985538","58","1584273"
"chrX","52573970","52574096","chr22","17018380","17018510","22","35555590"
"chrX","52647733","52648038","chr2","10830367","10830666","63","41817366"
"chrX","52661506","52661791","chr13","15311932","15312216","52","37349574"
"chrX","52729963","52730269","chrX","51128260","51128539","63","1601703"
"chrX","52743060","52743259","chr5","132088604","132088805","45","79345544"
"chrX","52756577","52756697","chr4","104475551","104475678","32","51718974"
"chrX","52761465","52761762","chrX","51162121","51162419","46","1599344"
"chrX","52843945","52844219","chr5","145952446","145952724","58","93108501"
"chrX","52864906","52865187","chr14","69137833","69138107","66","16272927"
"chrX","52873537","52873664","chr1","193439148","193439272","20","140565611"
"chrX","52935467","52935602","chrX","51331897","51332026","21","1603570"
"chrX","52962224","52962520","chr3","149104058","149104353","43","96141834"
"chrX","52973415","52973563","chr18","33201864","33202025","43","19771551"
"chrX","53022046","53022279","chr8","116129358","116129585","59","63107312"
"chrX","53094087","53094391","chr1","118797181","118797481","58","65703094"
"chrX","53095498","53095807","chrX","51504971","51505267","86","1590527"
"chrX","53132569","53132883","chrX","51542843","51543141","47","1589726"
"chrX","53400979","53401263","chr19","33747120","33747383","66","19653859"
"chrX","53427452","53427594","chr5","74329230","74329369","27","20901778"
"chrX","53427911","53428076","chr1","171541718","171541872","48","118113807"
"chrX","53438720","53438989","chr4","106105978","106106250","59","52667258"
"chrX","53453241","53453491","chr10","59069916","59070171","65","5616675"
"chrX","53467486","53467798","chrX","51879110","51879393","62","1588376"
"chrX","53529307","53529464","chr7","122664477","122664629","37","69135170"
"chrX","53529778","53529942","chr14","64568147","64568303","40","11038369"
"chrX","53534849","53535130","chrX","51943942","51944234","47","1590907"
"chrX","53564457","53564741","chr12","12640059","12640347","47","40924398"
"chrX","53645862","53646101","chrX","52055340","52055583","34","1590522"
"chrX","53652123","53652400","chr3","20869609","20869888","70","32782514"
"chrX","53749688","53749953","chrX","52173314","52173565","35","1576374"
"chrX","53762078","53762379","chr15","72518938","72519246","64","18756860"
"chrX","53769783","53770091","chr22","37688895","37689202","62","16080888"
"chrX","53834273","53834403","chrX","52274343","52274475","18","1559930"
"chrX","53844909","53845039","chr15","64456343","64456473","19","10611434"
"chrX","53854407","53854516","chr2","11260542","11260654","19","42593865"
"chrX","53926732","53927028","chrX","52367656","52367966","41","1559076"
"chrX","53963653","53963941","chr2","7531437","7531716","56","46432216"
"chrX","53968061","53968216","chr3","173791676","173791803","52","119823615"
"chrX","53968517","53968653","chr20","27666546","27666681","27","26301971"
"chrX","54011847","54011982","chr11","123412653","123412793","28","69400806"
"chrX","54012009","54012133","chr9","8892547","8892667","22","45119462"
"chrX","54047637","54047922","chrX","52478228","52478518","34","1569409"
"chrX","54694516","54694762","chrX","53028636","53028875","39","1665880"
"chrX","54801868","54801989","chr22","31600836","31600951","20","23201032"
"chrX","54924605","54924901","chr9","119502249","119502543","50","64577644"
"chrX","55327932","55328162","chr5","43109488","43109706","69","12218444"
"chrX","55339127","55339250","chr17","18697273","18697397","23","36641854"
"chrX","55395023","55395193","chr11","65243879","65244052","48","9848856"
"chrX","58285665","58285749","chr8","55652688","55652761","26","2632977"
"chrX","58579630","58579832","chr11","123412810","123413013","41","64833180"
"chrX","58765191","58765446","chr4","138109233","138109489","58","79344042"
"chrX","58787947","58788239","chrX","56760325","56760611","57","2027622"
"chrX","58811517","58811799","chrX","56794632","56794923","42","2016885"
"chrX","58871685","58871802","chr2","7433105","7433216","33","51438580"
"chrX","58872092","58872250","chr12","10324844","10324992","37","48547248"
"chrX","58892556","58892860","chr5","84590060","84590364","63","25697504"
"chrX","59143806","59144076","chrX","56910681","56910942","37","2233125"
"chrX","59255991","59256288","chr11","17495354","17495655","67","41760637"
"chrX","59507017","59507321","chr10","128231645","128231951","76","68724628"
"chrX","59709278","59709413","chr2","170813628","170813760","37","111104350"
"chrX","59874845","59875091","chrX","57606021","57606272","40","2268824"
"chrX","59896435","59896569","chr12","121369794","121369923","28","61473359"
"chrX","60339199","60339479","chr9","109118176","109118464","68","48778977"
"chrX","60903182","60903486","chr15","32840949","32841254","79","28062233"
"chrX","61489188","61489312","chrX","58482136","58482260","19","3007052"
"chrX","62175394","62175686","chrX","59226786","59227066","40","2948608"
"chrX","62826846","62827145","chr2","8000025","8000324","66","54826821"
"chrX","62906057","62906261","chrX","59975311","59975512","40","2930746"
"chrX","62942341","62942568","chr11","20973291","20973519","48","41969050"
"chrX","62961296","62961356","chr4","159638154","159638215","13","96676858"
"chrX","62977839","62977942","chrX","60047839","60047946","12","2930000"
"chrX","63000839","63001138","chrX","60075136","60075424","57","2925703"
"chrX","63030097","63030216","chr2","17455028","17455152","21","45575069"
"chrX","63031082","63031239","chr5","83400224","83400389","37","20369142"
"chrX","63033153","63033432","chr1","62869740","62870021","56","163413"
"chrX","63038452","63038752","chrX","60117707","60117997","37","2920745"
"chrX","63053225","63053537","chrX","60135207","60135513","37","2918018"
"chrX","63070170","63070473","chr14","80754932","80755229","58","17684762"
"chrX","63076202","63076381","chr4","5870907","5871076","44","57205295"
"chrX","63076675","63076832","chr1","186568722","186568874","40","123492047"
"chrX","63077098","63077332","chr4","131993194","131993427","55","68916096"
"chrX","63086154","63086421","chr4","152261115","152261382","62","89174961"
"chrX","63094583","63094707","chr7","12988414","12988537","16","50106169"
"chrX","63125456","63125574","chr6","31167603","31167720","23","31957853"
"chrX","63127390","63127690","chr2","153911331","153911638","62","90783941"
"chrX","63161628","63161752","chr15","42302065","42302189","22","20859563"
"chrX","63218125","63218413","chrX","60295596","60295876","40","2922529"
"chrX","63219922","63220063","chr6","139607166","139607303","29","76387244"
"chrX","63278962","63279241","chrX","60343015","60343291","41","2935947"
"chrX","63374157","63374457","chrX","60453113","60453410","45","2921044"
"chrX","63414096","63414407","chrX","60491022","60491303","64","2923074"
"chrX","63431039","63431345","chr6","117308252","117308560","63","53877213"
"chrX","63450333","63450640","chr10","74657438","74657746","72","11207105"
"chrX","63475444","63475743","chr14","80754932","80755229","63","17279488"
"chrX","63750705","63751009","chrX","60850375","60850679","39","2900330"
"chrX","64241163","64241291","chrX","61446467","61446595","14","2794696"
"chrX","64471075","64471229","chr4","160773778","160773929","30","96302703"
"chrX","64471261","64471367","chr9","112680139","112680244","22","48208878"
"chrX","64765427","64765547","chr1","100610721","100610843","20","35845294"
"chrX","64845969","64846187","chr7","36424194","36424415","40","28421775"
"chrX","64852989","64853111","chrX","62118886","62119007","13","2734103"
"chrX","64971121","64971338","chr4","12360826","12361036","53","52610295"
"chrX","64984964","64985270","chr7","55567706","55568016","56","9417258"
"chrX","65267537","65267844","chrX","62427065","62427386","52","2840472"
"chrX","65309099","65309401","chrX","62466246","62466532","51","2842853"
"chrX","65342194","65342503","chrX","62510007","62510293","46","2832187"
"chrX","65354936","65355202","chr5","124927544","124927804","47","59572608"
"chrX","65430750","65431050","chr1","185506876","185507173","57","120076126"
"chrX","65527760","65527878","chr10","6688289","6688405","20","58839471"
"chrX","65529157","65529453","chr16","26022918","26023205","67","39506239"
"chrX","65575371","65575695","chr9","28959190","28959500","75","36616181"
"chrX","65626757","65626999","chr5","26580674","26580908","68","39046083"
"chrX","65629556","65629852","chr1","180060139","180060432","68","114430583"
"chrX","65674044","65674370","chrX","62837762","62838063","54","2836282"
"chrX","65711291","65711559","chrX","104655018","104655302","43","38943727"
"chrX","65729990","65730288","chrX","62886446","62886762","54","2843544"
"chrX","65755075","65755387","chr10","125957016","125957321","75","60201941"
"chrX","65765170","65765414","chr5","26580674","26580908","54","39184496"
"chrX","65775718","65775970","chr5","94756384","94756630","66","28980666"
"chrX","65792952","65793228","chr2","12622076","12622367","75","53170876"
"chrX","65949885","65950025","chr7","105788280","105788417","34","39838395"
"chrX","65950335","65950430","chr13","9042839","9042929","21","56907496"
"chrX","65989513","65989798","chr11","126671394","126671689","75","60681881"
"chrX","66020744","66021052","chr12","18907931","18908235","80","47112813"
"chrX","66021179","66021441","chrX","63177110","63177363","53","2844069"
"chrX","66058001","66058311","chr15","63672518","63672828","58","2385483"
"chrX","66096218","66096400","chr22","40495649","40495822","49","25600569"
"chrX","66124900","66125092","chr5","78842041","78842234","42","12717141"
"chrX","66125401","66125512","chr12","51595060","51595170","20","14530341"
"chrX","66152330","66152645","chr5","108704243","108704559","67","42551913"
"chrX","66158472","66158681","chrX","63344570","63344780","41","2813902"
"chrX","66186872","66187097","chr7","53591777","53592005","69","12595095"
"chrX","66211376","66211672","chr3","151344768","151345065","56","85133392"
"chrX","66212389","66212692","chrX","63401397","63401708","34","2810992"
"chrX","66217227","66217536","chrX","63406900","63407188","45","2810327"
"chrX","66220906","66221163","chr6","20323058","20323311","59","45897848"
"chrX","66223382","66223522","chr13","43540180","43540311","43","22683202"
"chrX","66230284","66230415","chr1","202423319","202423445","30","136193035"
"chrX","66254111","66254290","chrX","63444674","63444854","30","2809437"
"chrX","66254860","66255178","chr5","110974404","110974709","65","44719544"
"chrX","66298751","66299038","chrX","63485544","63485835","30","2813207"
"chrX","66307086","66307419","chr5","131527086","131527390","77","65220000"
"chrX","66321295","66321616","chr12","91110270","91110596","71","24788975"
"chrX","66363502","66363681","chr13","48099377","48099547","51","18264125"
"chrX","66386880","66387185","chrX","63590620","63590919","48","2796260"
"chrX","66436246","66436519","chrX","63628788","63629055","33","2807458"
"chrX","66438109","66438199","chrX","63626803","63626893","10","2811306"
"chrX","66510769","66511042","chrX","63628788","63629055","34","2881981"
"chrX","66549540","66549629","chrX","63626803","63626893","11","2922737"
"chrX","66551107","66551397","chrX","63628788","63629055","63","2922319"
"chrX","66592030","66592119","chrX","63626803","63626893","12","2965227"
"chrX","66646419","66646621","chr2","25921165","25921371","65","40725254"
"chrX","66646656","66646782","chr14","21355191","21355319","25","45291465"
"chrX","66898575","66898700","chrX","63962245","63962369","8","2936330"
"chrX","66915825","66915954","chr22","28812684","28812807","24","38103141"
"chrX","66922017","66922228","chr15","31991087","31991303","43","34930930"
"chrX","66930819","66931108","chr10","16318674","16318965","59","50612145"
"chrX","66968036","66968319","chr1","181800405","181800684","57","114832369"
"chrX","67000264","67000386","chr11","14157994","14158117","14","52842270"
"chrX","67002032","67002194","chr17","37969898","37970055","37","29032134"
"chrX","67009196","67009501","chr8","123264750","123265057","53","56255554"
"chrX","67015253","67015382","chr20","43938537","43938669","22","23076716"
"chrX","67028874","67029109","chr11","20973291","20973519","48","46055583"
"chrX","67035772","67036052","chrX","64074511","64074788","30","2961261"
"chrX","67038432","67038478","chr5","85542996","85543043","8","18504564"
"chrX","67057625","67057756","chr1","22614360","22614489","19","44443265"
"chrX","67061410","67061715","chrX","64105788","64106077","45","2955622"
"chrX","67086289","67086454","chr2","63618419","63618575","26","3467870"
"chrX","67086480","67086568","chr10","86349988","86350075","17","19263508"
"chrX","67114114","67114403","chrX","64163950","64164218","52","2950164"
"chrX","67200699","67200955","chr6","49226699","49226951","54","17974000"
"chrX","67335346","67335482","chrX","51527362","51527490","35","15807984"
"chrX","67542181","67542475","chr9","30855294","30855582","37","36686887"
"chrX","67811418","67811625","chr5","60009641","60009847","42","7801777"
"chrX","68384331","68384463","chr2","75581714","75581844","22","7197383"
"chrX","68612025","68612209","chr5","139628746","139628900","61","71016721"
"chrX","68780969","68781163","chr16","96451653","96451840","44","27670684"
"chrX","68786702","68786982","chrX","65965503","65965771","50","2821199"
"chrX","68803613","68803865","chr22","3940349","3940609","74","64863264"
"chrX","68819487","68819762","chr12","89186286","89186561","61","20366799"
"chrX","68963938","68964065","chr2","10899863","10899988","17","58064075"
"chrX","69022153","69022460","chrX","13810174","13810484","61","55211979"
"chrX","69024179","69024474","chr14","20102351","20102644","70","48921828"
"chrX","69030595","69030890","chr1","198276236","198276530","65","129245641"
"chrX","69105091","69105381","chr11","82443030","82443313","66","13337939"
"chrX","69179163","69179471","chr2","9248171","9248467","82","59930992"
"chrX","69340414","69340458","chr5","144598465","144598508","10","75258051"
"chrX","69426267","69426573","chrX","66674702","66675016","44","2751565"
"chrX","69914887","69915034","chr7","57359333","57359475","27","12555554"
"chrX","69924011","69924326","chr2","153911331","153911638","74","83987320"
"chrX","70171974","70172194","chr22","29071481","29071698","50","41100493"
"chrX","70172729","70172816","chr13","117803582","117803666","27","47630853"
"chrX","70867723","70868023","chr12","44786160","44786443","87","26081563"
"chrX","71271864","71271988","chr6","94259827","94259952","26","22987963"
"chrX","71356881","71357009","chr2","68131181","68131310","21","3225700"
"chrX","71390187","71390319","chr1","176862599","176862729","21","105472412"
"chrX","71411325","71411453","chr2","68131181","68131310","21","3280144"
"chrX","71422491","71422837","chrX","68747045","68747376","60","2675446"
"chrX","71514185","71514481","chr9","53523121","53523415","54","17991064"
"chrX","71515671","71515974","chr11","73756218","73756516","59","2240547"
"chrX","71572151","71572313","chr9","13535100","13535254","54","58037051"
"chrX","71588155","71588433","chr5","108117893","108118172","58","36529738"
"chrX","71608113","71608292","chr12","22624242","22624413","36","48983871"
"chrX","71649071","71649369","chr5","51147260","51147559","67","20501811"
"chrX","71650606","71650913","chr15","32840949","32841254","66","38809657"
"chrX","71663775","71664040","chr3","149028259","149028516","61","77364484"
"chrX","71687890","71688013","chr9","85393340","85393464","20","13705450"
"chrX","71694486","71694769","chrX","69030614","69030892","42","2663872"
"chrX","71724544","71724690","chr11","33708224","33708370","24","38016320"
"chrX","71740864","71740910","chr5","85542996","85543043","11","13802132"
"chrX","71742849","71743108","chr12","109917903","109918154","70","38175054"
"chrX","71750750","71751031","chrX","69090661","69090961","53","2660089"
"chrX","71811316","71811616","chr10","94610637","94610936","53","22799321"
"chrX","71948111","71948243","chrX","69308449","69308581","20","2639662"
"chrX","71956099","71956226","chr20","32680372","32680499","30","39275727"
"chrX","71961200","71961489","chrX","69321302","69321590","39","2639898"
"chrX","71967518","71967826","chrX","69325308","69325618","37","2642210"
"chrX","71982838","71982963","chrX","69342191","69342313","12","2640647"
"chrX","72083779","72083906","chr1","202423319","202423445","21","130339540"
"chrX","72702289","72702576","chr5","40743409","40743693","65","31958880"
"chrX","73382609","73382911","chr22","32315972","32316276","94","41066637"
"chrX","73920333","73920453","chrX","70985742","70985864","7","2934591"
"chrX","74413611","74413923","chr5","107275848","107276150","82","32862237"
"chrX","74636664","74636796","chr16","46329569","46329700","29","28307095"
"chrX","74805171","74805306","chr2","17455028","17455152","31","57350143"
"chrX","74930882","74931208","chrX","71794745","71795042","70","3136137"
"chrX","76014067","76014188","chrX","72754768","72754890","14","3259299"
"chrX","76064697","76065005","chrX","39807415","39807727","67","36257282"
"chrX","76348167","76348480","chr9","107213490","107213791","72","30865323"
"chrX","76503458","76503591","chrX","73165090","73165223","27","3338368"
"chrX","78719474","78719667","chr12","113818090","113818279","44","35098616"
"chrX","78849600","78849886","chrX","13489888","13490170","57","65359712"
"chrX","79004279","79004394","chr11","20227354","20227469","21","58776925"
"chrX","79047616","79047917","chr4","68858899","68859202","73","10188717"
"chrX","79165010","79165296","chrX","75601935","75602214","52","3563075"
"chrX","80146448","80146764","chrX","76432932","76433241","45","3713516"
"chrX","80196109","80196417","chrX","76494545","76494860","50","3701564"
"chrX","80288369","80288671","chr10","114838607","114838907","65","34550238"
"chrX","80376548","80376789","chr7","88999063","88999294","55","8622515"
"chrX","80568058","80568216","chr1","106665366","106665523","37","26097308"
"chrX","80654382","80654621","chrX","76926867","76927101","33","3727515"
"chrX","81534673","81534958","chr13","93180407","93180695","69","11645734"
"chrX","82219451","82219568","chr2","112161431","112161546","28","29941980"
"chrX","82529860","82529982","chr5","158326293","158326413","24","75796433"
"chrX","83116235","83116358","chr17","73961152","73961276","29","9155083"
"chrX","83118457","83118587","chr7","136413230","136413360","26","53294773"
"chrX","83123296","83123608","chr19","15717936","15718251","81","67405360"
"chrX","83556663","83556792","chr2","66201268","66201401","34","17355395"
"chrX","83812422","83812710","chrX","79812286","79812571","41","4000136"
"chrX","83821419","83821708","chr7","58248953","58249233","73","25572466"
"chrX","84162132","84162333","chr7","21789387","21789560","60","62372745"
"chrX","84261680","84261781","chr2","10906979","10907070","26","73354701"
"chrX","84340785","84340996","chr1","134441077","134441285","51","50100292"
"chrX","84593770","84594027","chr12","107512652","107512920","65","22918882"
"chrX","84970161","84970225","chr4","89478243","89478304","11","4508082"
"chrX","85330633","85330754","chr5","1544993","1545118","27","83785640"
"chrX","85579776","85579906","chrX","81115737","81115868","17","4464039"
"chrX","85635319","85635605","chr8","70873738","70874042","73","14761581"
"chrX","86044097","86044339","chrX","107089070","107089312","70","21044973"
"chrX","86170961","86171252","chr15","63686119","63686409","62","22484842"
"chrX","86216907","86217173","chr8","76560509","76560777","66","9656398"
"chrX","86335565","86335882","chrX","81849384","81849709","45","4486181"
"chrX","86360219","86360516","chr4","110955984","110956276","63","24595765"
"chrX","86364643","86364767","chr15","42302065","42302189","17","44062578"
"chrX","86404571","86404689","chr9","2802928","2803046","18","83601643"
"chrX","86787326","86787449","chr17","18697273","18697397","18","68090053"
"chrX","86972203","86972340","chr22","38799749","38799881","24","48172454"
"chrX","87518551","87518687","chr10","103373628","103373759","35","15855077"
"chrX","87620220","87620487","chr1","135471991","135472267","73","47851771"
"chrX","88352357","88352654","chrX","83797905","83798192","44","4554452"
"chrX","88792720","88793024","chr2","9248171","9248467","81","79544549"
"chrX","88890308","88890598","chr12","21267329","21267603","101","67622979"
"chrX","88900673","88900771","chr13","8143885","8143979","34","80756788"
"chrX","88971521","88971809","chr11","84264230","84264517","91","4707291"
"chrX","88971857","88971871","chr9","114463129","114463145","4","25491272"
"chrX","88977889","88978168","chr11","84264230","84264517","72","4713659"
"chrX","88978214","88978244","chr4","86330088","86330119","12","2648126"
"chrX","88997520","88997798","chrX","69163604","69163865","66","19833916"
"chrX","89644945","89645235","chr14","36142967","36143260","61","53501978"
"chrX","90334939","90335219","chr1","14261703","14261983","62","76073236"
"chrX","90715988","90716300","chr6","64381631","64381941","70","26334357"
"chrX","90927020","90927279","chrX","85874253","85874507","30","5052767"
"chrX","90994375","90994678","chr9","53523121","53523415","55","37471254"
"chrX","91267208","91267481","chrX","86240509","86240808","55","5026699"
"chrX","91279927","91280133","chrX","86254998","86255203","26","5024929"
"chrX","91417762","91418093","chr5","131527086","131527390","81","40109324"
"chrX","91551521","91551742","chrX","86524346","86524572","36","5027175"
"chrX","91635709","91636061","chr7","79894266","79894616","104","11741443"
"chrX","91905970","91906092","chr9","65816955","65817079","13","26089015"
"chrX","92009890","92010183","chr7","53640923","53641209","64","38368967"
"chrX","92010216","92010340","chrX","87011048","87011174","16","4999168"
"chrX","92722103","92722371","chrX","87704387","87704644","41","5017716"
"chrX","92798303","92798588","chrX","87765060","87765346","31","5033243"
"chrX","94183098","94183218","chr12","23847472","23847595","24","70335626"
"chrX","94575220","94575345","chrX","89658845","89658972","15","4916375"
"chrX","95089609","95089912","chrX","90154942","90155245","31","4934667"
"chrX","95144893","95145009","chr1","193439148","193439272","29","98294255"
"chrX","95189764","95190099","chr22","16113862","16114192","74","79075902"
"chrX","95197690","95197947","chrX","90247275","90247534","31","4950415"
"chrX","95201231","95201505","chrX","90256294","90256586","51","4944937"
"chrX","95202735","95202866","chr12","56428828","56428956","25","38773907"
"chrX","95203167","95203339","chr2","13072223","13072399","34","82130944"
"chrX","95291127","95291382","chrX","47626101","47626354","52","47665026"
"chrX","95353607","95353902","chr6","58314619","58314915","55","37038988"
"chrX","95402481","95402752","chr20","10487182","10487445","61","84915299"
"chrX","95443661","95443782","chrX","90509204","90509325","8","4934457"
"chrX","95488463","95488595","chr5","125448434","125448561","19","29959971"
"chrX","95589381","95589493","chr7","63129024","63129132","19","32460357"
"chrX","95622611","95622900","chr7","60677817","60678103","55","34944794"
"chrX","95757461","95757590","chr2","11524067","11524186","30","84233394"
"chrX","95908781","95909084","chrX","90942069","90942372","43","4966712"
"chrX","96124685","96124814","chr6","83801747","83801869","21","12322938"
"chrX","96890834","96890961","chr4","58596055","58596175","17","38294779"
"chrX","96960785","96961082","chrX","91950923","91951226","57","5009862"
"chrX","97086816","97087001","chr12","104441994","104442167","47","7355178"
"chrX","97138181","97138485","chrX","92138792","92139089","34","4999389"
"chrX","97196697","97196878","chrX","92197845","92198030","21","4998852"
"chrX","97392623","97392928","chrX","92386801","92387107","33","5005822"
"chrX","97448737","97448868","chr2","41238218","41238347","19","56210519"
"chrX","97506795","97507088","chr5","61671414","61671706","54","35835381"
"chrX","97654928","97655223","chr10","114838607","114838907","57","17183679"
"chrX","97736025","97736313","chrX","92658761","92659052","33","5077264"
"chrX","98023105","98023239","chr3","119160524","119160657","25","21137419"
"chrX","98029040","98029094","chr1","190535832","190535886","11","92506792"
"chrX","98045763","98046064","chrX","92960544","92960864","53","5085219"
"chrX","98053612","98053910","chr12","82357521","82357802","79","15696091"
"chrX","98076707","98076991","chrX","93011269","93011552","41","5065438"
"chrX","98126872","98127011","chr7","88004637","88004769","24","10122235"
"chrX","98172718","98172837","chrX","93104267","93104383","13","5068451"
"chrX","98235766","98236063","chrX","93152003","93152301","34","5083763"
"chrX","98257581","98257709","chrX","93172718","93172845","7","5084863"
"chrX","98266667","98266901","chrX","93181637","93181870","22","5085030"
"chrX","98348915","98348954","chrX","93307524","93307563","4","5041391"
"chrX","98763987","98764281","chrX","93665905","93666196","32","5098082"
"chrX","98810867","98811139","chr20","11882353","11882631","54","86928514"
"chrX","99682669","99682838","chr5","41541162","41541337","32","58141507"
"chrX","99682871","99682992","chr5","82890481","82890603","22","16792390"
"chrX","99683397","99683517","chr12","90577824","90577946","23","9105573"
"chrX","100304675","100304970","chr10","99902302","99902598","65","402373"
"chrX","100736145","100736276","chrX","95382197","95382328","10","5353948"
"chrX","100882121","100882437","chr3","82913223","82913528","82","17968898"
"chrX","100924025","100924306","chr19","24369860","24370137","58","76554165"
"chrX","100953880","100954075","chrX","95596924","95597125","27","5356956"
"chrX","101050824","101050942","chr7","74897348","74897465","16","26153476"
"chrX","101061401","101061534","chrX","106469400","106469531","24","5407999"
"chrX","101088343","101088455","chrX","95690729","95690839","14","5397614"
"chrX","101108869","101109209","chrX","95713639","95713948","56","5395230"
"chrX","101180129","101180405","chrX","95780787","95781043","52","5399342"
"chrX","101223465","101223720","chr12","51778588","51778845","52","49444877"
"chrX","101250921","101251220","chrX","95864485","95864788","33","5386436"
"chrX","101255893","101256193","chrX","95871326","95871615","39","5384567"
"chrX","101413700","101413940","chrX","96038438","96038659","48","5375262"
"chrX","101468019","101468269","chr12","20458076","20458323","62","81009943"
"chrX","101528547","101528679","chr21","36225539","36225673","20","65303008"
"chrX","101546109","101546400","chr2","193712454","193712732","73","92166345"
"chrX","101569723","101569837","chr4","58596055","58596175","25","42973668"
"chrX","101648621","101648734","chr10","92428650","92428755","26","9219971"
"chrX","101656532","101656843","chrX","96261200","96261498","37","5395332"
"chrX","101664864","101664923","chr5","134206726","134206776","18","32541862"
"chrX","101702728","101702901","chrX","7313535","7313711","37","94389193"
"chrX","101817598","101817727","chr7","148603508","148603636","17","46785910"
"chrX","101818254","101818378","chr13","82352678","82352802","18","19465576"
"chrX","101840633","101840833","chr4","37396090","37396294","43","64444543"
"chrX","101846032","101846346","chrX","96476954","96477255","49","5369078"
"chrX","101865569","101865849","chr1","155032190","155032474","55","53166621"
"chrX","102307686","102307977","chrX","96927304","96927587","37","5380382"
"chrX","102339603","102339883","chrX","96960850","96961122","40","5378753"
"chrX","102475571","102475882","chr17","1648856","1649165","60","100826715"
"chrX","102753227","102753511","chrX","97353202","97353470","41","5400025"
"chrX","102754176","102754462","chr3","186163013","186163302","67","83408837"
"chrX","102808578","102808864","chrX","7467968","7468260","62","95340610"
"chrX","103150437","103150622","chr5","99050194","99050359","53","4100243"
"chrX","103734403","103734666","chrX","98230203","98230458","45","5504200"
"chrX","103765522","103765827","chr12","24394767","24395069","76","79370755"
"chrX","103795800","103796122","chrX","98291553","98291867","54","5504247"
"chrX","104029458","104029725","chr15","63232108","63232373","54","40797350"
"chrX","104043322","104043484","chrX","18169747","18169899","46","85873575"
"chrX","104054464","104054775","chrX","98525043","98525336","55","5529421"
"chrX","104082670","104082966","chrX","98550454","98550762","43","5532216"
"chrX","104096000","104096300","chr7","79834187","79834474","61","24261813"
"chrX","104138127","104138436","chr5","6490301","6490607","68","97647826"
"chrX","104187170","104187291","chr3","164999153","164999276","22","60811983"
"chrX","104190989","104191105","chr4","167697041","167697165","30","63506052"
"chrX","104191117","104191398","chr5","81444251","81444529","75","22746866"
"chrX","104320743","104320866","chrX","98786700","98786823","15","5534043"
"chrX","104681746","104682033","chrX","99191995","99192288","40","5489751"
"chrX","104827410","104827613","chr22","29718047","29718253","39","75109363"
"chrX","104895695","104895985","chr9","53523121","53523415","57","51372574"
"chrX","105062173","105062495","chr2","18974586","18974896","65","86087587"
"chrX","105080981","105081259","chr5","134469571","134469845","61","29388590"
"chrX","105190128","105190410","chrX","99667169","99667438","39","5522959"
"chrX","105386825","105387054","chr11","20973291","20973519","45","84413534"
"chrX","105473571","105473812","chrX","99950327","99950568","31","5523244"
"chrX","105497932","105498094","chrX","99974706","99974869","15","5523226"
"chrX","105668648","105668797","chr10","125646166","125646325","38","19977518"
"chrX","105669116","105669256","chr9","39436388","39436527","27","66232728"
"chrX","105684733","105685004","chrX","100177440","100177735","57","5507293"
"chrX","105689582","105689709","chr14","84679267","84679380","40","21010315"
"chrX","105690007","105690122","chr5","84342879","84342988","34","21347128"
"chrX","105693659","105693966","chr15","61435851","61436157","74","44257808"
"chrX","105699845","105699968","chr1","193439148","193439272","19","87739303"
"chrX","105715533","105715837","chrX","100206060","100206354","47","5509473"
"chrX","105749121","105749413","chr5","2127208","2127504","59","103621913"
"chrX","106523462","106523764","chrX","100990627","100990923","41","5532835"
"chrX","106557403","106557691","chr11","28339829","28340128","48","78217574"
"chrX","107649764","107650054","chr2","2760715","2761001","68","104889049"
"chrX","107760455","107760735","chr5","176140","176425","65","107584315"
"chrX","107828433","107828711","chrX","102378888","102379166","38","5449545"
"chrX","107935003","107935286","chrX","45691230","45691509","71","62243773"
"chrX","108046496","108046778","chrX","102592184","102592464","34","5454312"
"chrX","108121223","108121532","chrX","102663828","102664111","55","5457395"
"chrX","108163463","108163607","chr13","72273832","72273968","26","35889631"
"chrX","108451457","108451765","chr5","60008529","60008838","64","48442928"
"chrX","108621477","108621780","chr18","33187573","33187871","57","75433904"
"chrX","108641376","108641641","chr7","14210332","14210592","64","94431044"
"chrX","108759033","108759334","chr1","185506876","185507173","64","76747843"
"chrX","108879104","108879224","chrX","103435839","103435966","18","5443265"
"chrX","109050076","109050358","chr1","90249678","90249953","61","18800398"
"chrX","109065153","109065351","chr15","64438392","64438578","54","44626761"
"chrX","109065660","109065782","chr8","1499203","1499320","20","107566457"
"chrX","109070754","109071033","chrX","103652710","103653004","42","5418044"
"chrX","109095271","109095556","chrX","103675987","103676278","45","5419284"
"chrX","109129355","109129498","chr7","57359333","57359475","26","51770022"
"chrX","109229020","109229130","chrUn_GL286217","106113","106229","16","109122907"
"chrX","109273197","109273289","chrX","103837789","103837884","13","5435408"
"chrX","109391859","109392148","chrX","103968779","103969083","61","5423080"
"chrX","109393583","109393714","chr2","170813628","170813760","28","61420045"
"chrX","109463362","109463715","chrX","104041734","104042058","88","5421628"
"chrX","109557908","109558192","chr20","11923934","11924223","64","97633974"
"chrX","109645864","109646169","chr4","138184186","138184489","84","28538322"
"chrX","109654946","109655222","chr5","1222931","1223205","67","108432015"
"chrX","109875636","109875757","chr5","37629937","37630052","18","72245699"
"chrX","110998417","110998720","chr17","24653003","24653305","53","86345414"
"chrX","111300908","111301058","chr14","98032907","98033059","29","13268001"
"chrX","111723071","111723384","chr5","32159227","32159534","66","79563844"
"chrX","111752864","111753162","chr10","121293668","121293955","59","9540804"
"chrX","111858150","111858471","chr11","121742712","121743019","72","9884562"
"chrX","111876666","111876871","chr5","6447228","6447428","51","105429438"
"chrX","111909696","111909999","chrX","106214464","106214771","34","5695232"
"chrX","111937251","111937550","chrX","106249576","106249872","30","5687675"
"chrX","111944628","111944764","chr2","170813628","170813760","24","58869000"
"chrX","111953932","111954223","chr1","69310366","69310647","71","42643566"
"chrX","111981715","111981839","chr17","18697273","18697397","20","93284442"
"chrX","112025094","112025201","chr21","38023100","38023202","22","74001994"
"chrX","112054373","112054687","chr2","110979844","110980147","67","1074529"
"chrX","112121888","112122173","chr3","149104058","149104353","58","36982170"
"chrX","112123014","112123315","chrX","106417238","106417545","46","5705776"
"chrX","112166504","112166791","chr7","78934110","78934395","54","33232394"
"chrX","112207342","112207630","chr3","48007995","48008302","70","64199347"
"chrX","112251485","112251795","chr7","88375342","88375648","66","23876143"
"chrX","112371196","112371498","chrX","106679460","106679755","48","5691736"
"chrX","112424756","112425063","chr7","151690932","151691249","64","39266176"
"chrX","112487836","112488140","chr14","84353619","84353920","69","28134217"
"chrX","112529942","112530242","chr22","7295257","7295566","57","105234685"
"chrX","112581983","112582129","chr11","33708224","33708370","25","78873759"
"chrX","112582440","112582618","chr5","94698858","94699029","43","17883582"
"chrX","112657274","112657497","chrX","106962388","106962612","17","5694886"
"chrX","112874443","112874719","chrX","107164665","107164936","39","5709778"
"chrX","112878539","112878843","chrX","107168434","107168720","53","5710105"
"chrX","112892169","112892293","chr22","30395881","30396006","14","82496288"
"chrX","112903479","112903771","chrX","107193280","107193586","41","5710199"
"chrX","112993267","112993565","chr9","102550388","102550690","62","10442879"
"chrX","113056086","113056350","chr2","11078777","11079046","52","101977309"
"chrX","113096738","113096867","chrX","107384359","107384487","14","5712379"
"chrX","113108867","113109156","chrX","107398065","107398351","36","5710802"
"chrX","113137093","113137386","chr9","53523121","53523415","57","59613972"
"chrX","113172005","113172258","chr11","121542347","121542608","63","8370342"
"chrX","113174939","113175071","chr3","139951493","139951623","29","26776554"
"chrX","113207097","113207401","chrX","107503059","107503340","44","5704038"
"chrX","113279524","113279647","chr17","5989328","5989449","17","107290196"
"chrX","113286365","113286737","chr9","64241893","64242266","112","49044472"
"chrX","113388269","113388435","chr2","10299485","10299633","45","103088784"
"chrX","113388745","113388877","chr2","1983485","1983615","25","111405260"
"chrX","113405989","113406281","chrX","107728809","107729100","37","5677180"
"chrX","113415078","113415383","chr19","17031038","17031339","67","96384040"
"chrX","113439145","113439440","chrX","12076194","12076489","58","101362951"
"chrX","113463616","113463745","chr2","68131181","68131310","18","45332435"
"chrX","113482746","113483035","chr9","101823786","101824073","76","11658960"
"chrX","113527729","113528035","chr7","81210361","81210666","61","32317368"
"chrX","113531331","113531597","chr7","4509672","4509924","62","109021659"
"chrX","113539948","113540080","chr1","99997997","99998125","19","13541951"
"chrX","113702167","113702451","chr5","40743409","40743693","54","72958758"
"chrX","113769114","113769383","chr12","43461005","43461269","73","70308109"
"chrX","113987376","113987678","chrX","108339828","108340122","33","5647548"
"chrX","114153606","114153724","chr14","42019528","42019644","20","72134078"
"chrX","114186496","114186798","chr5","129507595","129507893","63","15321099"
"chrX","114194889","114195158","chr7","14173858","14174133","64","100021031"
"chrX","114234302","114234582","chrX","108555476","108555753","42","5678826"
"chrX","114343844","114344137","chr15","72006581","72006859","65","42337263"
"chrX","114419888","114420150","chr18","28378203","28378459","65","86041685"
"chrX","114435515","114435647","chr7","11955711","11955840","25","102479804"
"chrX","114600314","114600592","chrX","108918650","108918930","29","5681664"
"chrX","114627199","114627349","chr6","43273535","43273677","48","71353664"
"chrX","115564151","115564460","chrX","109754017","109754323","32","5810134"
"chrX","116411982","116412254","chr3","149028259","149028516","54","32616277"
"chrX","116751633","116751928","chrX","110884245","110884525","45","5867388"
"chrX","117346269","117346321","chr14","60953891","60953940","8","56392378"
"chrX","117362818","117362940","chr3","137802923","137803047","18","20440105"
"chrX","117364784","117364902","chr4","110656247","110656364","23","6708537"
"chrX","117463800","117464048","chrX","111602022","111602252","47","5861778"
"chrX","117532226","117532327","chr7","32049061","32049166","33","85483165"
"chrX","117547428","117547559","chr1","184194569","184194698","20","66647141"
"chrX","117555542","117555666","chr1","195664090","195664216","14","78108548"
"chrX","117555709","117555827","chrX","111693581","111693695","16","5862128"
"chrX","117564464","117564765","chrX","111698151","111698462","60","5866313"
"chrX","117600643","117600769","chr22","18128678","18128803","19","99471965"
"chrX","117605478","117605780","chr5","140459961","140460270","58","22854483"
"chrX","117606422","117606552","chr7","136413230","136413360","23","18806808"
"chrX","117618799","117618951","chr10","47048797","47048955","41","70570002"
"chrX","117645406","117645586","chr18","9310728","9310895","57","108334678"
"chrX","117688556","117688722","chrX","111808729","111808886","22","5879827"
"chrX","117693330","117693447","chr12","37355797","37355908","21","80337533"
"chrX","117709197","117709320","chr8","25595258","25595381","22","92113939"
"chrX","117710707","117710851","chr2","170813628","170813760","26","53102921"
"chrX","117711166","117711342","chr1","184049355","184049530","33","66338189"
"chrX","117731592","117731712","chrUn_GL286217","106113","106229","17","117625479"
"chrX","117739099","117739218","chr15","64306043","64306166","22","53433056"
"chrX","117759778","117760080","chr7","102910575","102910883","68","14849203"
"chrX","117768387","117768633","chr1","100475176","100475412","64","17293211"
"chrX","117781722","117781998","chrX","111916472","111916742","38","5865250"
"chrX","117783334","117783642","chrX","111918012","111918308","53","5865322"
"chrX","117797342","117797504","chr8","30587546","30587708","39","87209796"
"chrX","117807903","117808249","chrX","111946489","111946804","64","5861414"
"chrX","117840645","117840948","chr2","17670653","17670953","72","100169992"
"chrX","117861535","117861666","chrX","112000865","112000987","20","5860670"
"chrX","117865833","117865959","chr10","128465873","128466002","31","10600040"
"chrX","117979180","117979497","chrX","112110165","112110462","40","5869015"
"chrX","118076974","118077012","chr2","11487153","11487195","9","106589821"
"chrX","118077390","118077482","chr4","10671694","10671786","17","107405696"
"chrX","118091698","118091841","chr2","194870770","194870908","25","76779072"
"chrX","118188816","118188945","chr4","44463564","44463694","24","73725252"
"chrX","118258117","118258397","chr2","166259076","166259356","64","48000959"
"chrX","118360961","118361096","chr12","11035256","11035394","23","107325705"
"chrX","118361394","118361559","chr18","23246481","23246643","34","95114913"
"chrX","118704071","118704336","chrX","112824827","112825071","58","5879244"
"chrX","118710013","118710316","chr8","97620169","97620475","57","21089844"
"chrX","119175756","119176043","chr9","53523121","53523415","64","65652635"
"chrX","119232356","119232470","chr2","11260542","11260654","22","107971814"
"chrX","119793055","119793179","chr8","114427808","114427934","23","5365247"
"chrX","120335010","120335295","chr10","25727831","25728110","67","94607179"
"chrX","120502841","120503177","chr5","108704243","108704559","80","11798598"
"chrX","120699920","120700195","chr17","56525887","56526163","58","64174033"
"chrX","120876236","120876524","chrX","114828015","114828311","60","6048221"
"chrX","121263126","121263422","chr4","110955984","110956276","59","10307142"
"chrX","121740453","121740764","chrX","115741993","115742264","76","5998460"
"chrX","123061058","123061360","chr2","153911331","153911638","55","30850273"
"chrX","123137294","123137424","chrX","117155958","117156092","14","5981336"
"chrX","123139971","123140281","chrX","117158682","117158983","38","5981289"
"chrX","123393516","123393809","chr2","14508195","14508486","52","108885321"
"chrX","123428251","123428545","chrX","117430804","117431094","29","5997447"
"chrX","123430583","123430871","chrX","117433089","117433380","33","5997494"
"chrX","123441489","123441774","chr2","15576517","15576785","63","107864972"
"chrX","123554116","123554385","chr15","61443949","61444210","69","62110167"
"chrX","123579488","123579769","chr17","47192373","47192649","74","76387115"
"chrX","123760951","123761272","chr19","47117136","47117439","69","76643815"
"chrX","123762018","123762343","chr5","9499160","9499467","82","114262858"
"chrX","123773219","123773355","chr10","74474605","74474739","25","49298614"
"chrX","123853356","123853686","chr2","138027451","138027756","73","14174095"
"chrX","123868048","123868233","chr7","85367109","85367294","43","38500939"
"chrX","123868435","123868759","chr15","72518938","72519246","69","51349497"
"chrX","123919242","123919534","chr2","144679040","144679334","58","20759798"
"chrX","123995028","123995338","chr22","3907463","3907766","59","120087565"
"chrX","124074512","124074702","chr4","26624916","26625101","47","97449596"
"chrX","124075008","124075146","chr9","110523228","110523363","30","13551780"
"chrX","124129137","124129434","chr7","70529533","70529824","53","53599604"
"chrX","124407536","124407641","chr7","32049061","32049166","26","92358475"
"chrX","124413188","124413499","chr9","28959190","28959500","62","95453998"
"chrX","124437013","124437271","chr13","16511031","16511288","58","107925982"
"chrX","124652179","124652247","chr6","18892982","18893049","15","105759197"
"chrX","124806545","124806867","chr7","32363417","32363723","72","92443128"
"chrX","124942078","124942340","chr9","112898762","112899036","70","12043316"
"chrX","124995074","124995382","chr15","72518938","72519246","78","52476136"
"chrX","125523106","125523149","chr10","129283139","129283181","7","3760033"
"chrX","125627093","125627215","chr9","65816955","65817079","20","59810138"
"chrX","125650473","125650733","chrX","119599317","119599587","59","6051156"
"chrX","125669110","125669389","chrX","119599317","119599587","42","6069793"
"chrX","125675415","125675701","chrX","119609809","119610097","47","6065606"
"chrX","125687156","125687445","chrX","119646734","119647016","44","6040422"
"chrX","126019341","126019481","chr9","39436388","39436527","24","86582953"
"chrX","126094404","126094704","chr3","111556877","111557172","56","14537527"
"chrX","126144578","126144869","chr19","1100843","1101128","60","125043735"
"chrX","126531756","126532045","chrX","120450112","120450400","29","6081644"
"chrX","126543525","126543815","chr22","25943933","25944233","73","100599592"
"chrX","126570125","126570413","chrX","120499134","120499425","37","6070991"
"chrX","126661938","126662238","chrX","120594387","120594688","36","6067551"
"chrX","126761918","126762219","chr9","12137899","12138203","61","114624019"
"chrX","126812459","126812775","chrX","120733047","120733341","68","6079412"
"chrX","126871414","126871733","chr5","110974404","110974709","81","15897010"
"chrX","126940297","126940430","chr2","170813628","170813760","22","43873331"
"chrX","126951078","126951375","chrX","120850300","120850596","45","6100778"
"chrX","127062784","127062999","chr16","11125106","11125324","44","115937678"
"chrX","127092921","127093201","chrX","121004170","121004456","34","6088751"
"chrX","127104852","127105159","chr5","96920240","96920551","59","30184612"
"chrX","127105892","127106189","chrX","121017695","121017995","41","6088197"
"chrX","127109562","127109847","chr4","107869232","107869514","60","19240330"
"chrX","127160902","127161031","chr9","65816955","65817079","18","61343947"
"chrX","127219302","127219431","chr9","43510189","43510319","21","83709113"
"chrX","127231883","127232183","chr6","74862107","74862412","66","52369776"
"chrX","127253098","127253245","chrUn_GL286439","53125","53271","29","127199973"
"chrX","127254912","127255202","chr13","44680379","44680673","67","82574533"
"chrX","127328962","127329259","chrX","121258782","121259099","55","6070180"
"chrX","127367821","127367956","chr5","72732483","72732615","22","54635338"
"chrX","127390261","127390378","chr22","36692629","36692751","23","90697632"
"chrX","127411717","127411997","chrX","121347852","121348120","46","6063865"
"chrX","127418362","127418651","chr16","75034553","75034837","69","52383809"
"chrX","127439058","127439190","chr11","120560318","120560450","21","6878740"
"chrX","127439482","127439621","chr8","12950210","12950343","43","114489272"
"chrX","127536624","127536904","chr20","27085276","27085554","58","100451348"
"chrX","127558428","127558721","chr11","120608722","120609012","59","6949706"
"chrX","127634252","127634562","chrX","121571945","121572240","43","6062307"
"chrX","127646872","127647184","chrX","121583783","121584083","45","6063089"
"chrX","127715193","127715485","chr9","53523121","53523415","55","74192072"
"chrX","127718896","127719204","chrX","48297259","48297562","53","79421637"
"chrX","127749400","127749693","chr10","102125593","102125891","61","25623807"
"chrX","127872748","127872882","chr2","10902097","10902210","36","116970651"
"chrX","127873184","127873363","chr2","130203536","130203708","44","2330352"
"chrX","127899120","127899399","chrX","121842868","121843151","26","6056252"
"chrX","127902821","127903138","chr3","39544873","39545188","61","88357948"
"chrX","128017230","128017512","chr5","43194707","43194975","63","84822523"
"chrX","128022266","128022321","chrX","121966377","121966433","4","6055889"
"chrX","128087685","128087992","chr9","107213490","107213791","60","20874195"
"chrX","128162406","128162527","chr2","16474771","16474887","21","111687635"
"chrX","128405243","128405409","chr7","46662435","46662600","30","81742808"
"chrX","128405710","128405850","chr7","111353633","111353770","30","17052077"
"chrX","128406593","128406721","chr18","34752931","34753055","26","93653662"
"chrX","128415879","128416177","chr8","76413850","76414142","35","52002029"
"chrX","128449561","128449869","chr1","15579367","15579676","62","112870194"
"chrX","128500059","128500340","chrX","122434270","122434575","54","6065789"
"chrX","128582525","128582722","chr14","105182436","105182633","38","23400089"
"chrX","128613234","128613384","chr15","23337227","23337374","26","105276007"
"chrX","128636202","128636497","chrX","122572362","122572651","42","6063840"
"chrX","128762101","128762426","chrX","122696207","122696518","49","6065894"
"chrX","128925762","128926030","chrX","122862698","122862966","20","6063064"
"chrX","128995705","128995828","chr4","118099847","118099969","20","10895858"
"chrX","129129103","129129399","chr7","97730148","97730448","47","31398955"
"chrX","129183062","129183189","chr1","192440376","192440501","26","63257314"
"chrX","129495964","129496255","chr5","125558030","125558312","53","3937934"
"chrX","129533117","129533432","chr9","39994446","39994764","60","89538671"
"chrX","129658315","129658586","chr12","82357521","82357802","63","47300794"
"chrX","129943123","129943349","chr9","27393535","27393759","49","102549588"
"chrX","129969971","129970132","chr13","48602828","48602986","42","81367143"
"chrX","130036595","130036908","chr2","135457392","135457693","65","5420797"
"chrX","130075700","130075952","chrX","123989921","123990166","37","6085779"
"chrX","130341706","130341726","chr2","16011052","16011073","6","114330654"
"chrX","130341779","130342050","chr5","82462071","82462341","51","47879708"
"chrX","130363286","130363416","chrX","124293865","124293988","15","6069421"
"chrX","130383822","130384113","chrX","124314473","124314743","47","6069349"
"chrX","130389580","130389703","chr9","85393340","85393464","19","44996240"
"chrX","130424117","130424250","chr14","62032612","62032743","25","68391505"
"chrX","130514095","130514211","chr17","74237320","74237435","17","56276775"
"chrX","130650841","130650964","chr1","202769733","202769856","19","72118892"
"chrX","130670971","130671114","chr5","86428102","86428250","37","44242869"
"chrX","130769247","130769313","chr8","4573208","4573272","10","126196039"
"chrX","130938337","130938643","chrX","124759119","124759427","52","6179218"
"chrX","130967875","130968001","chr17","18697273","18697397","17","112270602"
"chrX","131144993","131145279","chrX","124951873","124952163","44","6193120"
"chrX","131327867","131328172","chrX","125148362","125148650","44","6179505"
"chrX","131329150","131329438","chrX","125149615","125149901","31","6179535"
"chrX","131364534","131364816","chr11","8985021","8985314","67","122379513"
"chrX","131480294","131480579","chr16","46255187","46255478","56","85225107"
"chrX","131585940","131586252","chr1","184490836","184491126","73","52904896"
"chrX","131598205","131598318","chr5","142868561","142868663","28","11270356"
"chrX","132224742","132224874","chrX","126014857","126014987","14","6209885"
"chrX","132273727","132274043","chr10","96387125","96387423","79","35886602"
"chrX","132554445","132554731","chr2","70668768","70669048","63","61885677"
"chrX","133017450","133017727","chrX","126815352","126815609","41","6202098"
"chrX","133178857","133179150","chrX","126967368","126967658","34","6211489"
"chrX","133526685","133526981","chrX","127324655","127324939","53","6202030"
"chrX","133576371","133576640","chr2","11019507","11019792","65","122556864"
"chrX","133730650","133730934","chrX","127560393","127560668","30","6170257"
"chrX","133805294","133805575","chrX","127643785","127644069","51","6161509"
"chrX","133806991","133807296","chr21","46998038","46998338","63","86808953"
"chrX","134310913","134311202","chrX","128162488","128162788","43","6148425"
"chrX","134425078","134425369","chr14","82325633","82325925","54","52099445"
"chrX","134449528","134449832","chrX","128302896","128303187","42","6146632"
"chrX","134471535","134471846","chr12","27300719","27301023","74","107170816"
"chrX","134619557","134619856","chrX","63420555","63420854","63","71199002"
"chrX","135544217","135544290","chr5","82589450","82589522","21","52954767"
"chrX","136119231","136119447","chrX","129856111","129856340","50","6263120"
"chrX","137188419","137188767","chr10","11905714","11906009","109","125282705"
"chrX","137509086","137509143","chr5","37894767","37894823","9","99614319"
"chrX","138284885","138285172","chrX","131916468","131916754","38","6368417"
"chrX","138815537","138815830","chr12","91895172","91895462","65","46920365"
"chrX","138991164","138991426","chr5","80621211","80621469","62","58369953"
"chrX","139068773","139069057","chr15","16850860","16851135","72","122217913"
"chrX","139209455","139209746","chr8","117594205","117594485","71","21615250"
"chrX","139240460","139240710","chr22","3545804","3546060","67","135694656"
"chrX","140280346","140280623","chrX","133828964","133829264","57","6451382"
"chrX","140295897","140295959","chr1","139381441","139381503","11","914456"
"chrX","140742888","140743185","chr2","12943876","12944172","74","127799012"
"chrX","140743422","140743475","chr6","84243233","84243274","16","56500189"
"chrX","141502461","141502759","chrX","134996119","134996419","36","6506342"
"chrX","141551334","141551453","chr6","86252050","86252171","21","55299284"
"chrX","141598555","141598839","chrX","46779467","46779750","69","94819088"
"chrX","141712629","141712920","chr6","86601129","86601415","60","55111500"
"chrX","142013654","142013939","chrX","135498224","135498516","60","6515430"
"chrX","144029766","144030015","chrX","137328971","137329200","58","6700795"
"chrX","144217238","144217534","chrX","137515082","137515336","60","6702156"
"chrX","144246117","144246389","chr22","9585719","9585975","58","134660398"
"chrX","144287544","144287852","chrX","137606379","137606681","43","6681165"
"chrX","144439134","144439438","chr7","46635623","46635928","58","97803511"
"chrX","144473064","144473354","chrX","137827934","137828219","32","6645130"
"chrX","144538353","144538623","chr8","76242739","76243007","61","68295614"
"chrX","144569056","144569370","chr6","22082494","22082803","64","122486562"
"chrX","144633435","144633728","chr4","155789812","155790103","63","11156377"
"chrX","144648392","144648606","chr1","142862525","142862727","70","1785867"
"chrX","144648633","144648651","chr5","130763003","130763018","9","13885630"
"chrX","144648688","144648802","chr22","13136201","13136315","16","131512487"
"chrX","144746796","144746912","chr7","23997896","23998020","18","120748900"
"chrX","145126659","145126957","chrX","138487319","138487625","32","6639340"
"chrX","145189435","145189754","chr5","129489203","129489517","55","15700232"
"chrX","145947287","145947583","chr5","79252446","79252723","66","66694841"
"chrX","146124541","146124835","chr9","119502249","119502543","64","26622292"
"chrX","146485478","146485603","chr10","118976274","118976399","21","27509204"
"chrX","146488053","146488358","chrX","139545164","139545462","45","6942889"
"chrX","146536100","146536401","chr11","881066","881370","61","145655034"
"chrX","146570986","146571117","chrX","139621929","139622061","19","6949057"
"chrX","146665584","146665766","chr5","76284247","76284438","47","70381337"
"chrX","146676403","146676525","chrX","139667358","139667479","12","7009045"
"chrX","146766443","146766724","chrX","139775571","139775821","63","6990872"
"chrX","146867785","146868066","chrX","139930058","139930319","53","6937727"
"chrX","146911938","146912236","chrX","139968297","139968615","49","6943641"
"chrX","146927474","146927774","chr22","40807399","40807695","57","106120075"
"chrX","147052693","147052917","chr18","14474531","14474751","51","132578162"
"chrX","147075811","147075934","chr2","10899863","10899988","20","136175948"
"chrX","147085860","147086151","chr7","58488273","58488574","62","88597587"
"chrX","147129132","147129427","chr10","6589348","6589628","62","140539784"
"chrX","147132973","147133033","chr1","169458412","169458464","19","22325439"
"chrX","147177978","147178243","chrX","140240949","140241212","54","6937029"
"chrX","147178917","147179162","chr2","67295746","67295991","66","79883171"
"chrX","147179188","147179224","chr16","92050306","92050344","14","55128882"
"chrX","147202189","147202321","chr13","31493840","31493973","25","115708349"
"chrX","147216869","147217169","chr22","29758068","29758367","59","117458801"
"chrX","147219568","147219696","chrX","29998235","29998361","17","117221333"
"chrX","147225718","147226000","chr7","18926841","18927131","67","128298877"
"chrX","147322655","147322941","chr5","137246805","137247081","54","10075850"
"chrX","147327182","147327359","chr4","18083409","18083594","53","129243773"
"chrX","147372827","147373159","chr5","41483881","41484209","78","105888946"
"chrX","147415424","147415584","chr18","23246481","23246643","29","124168943"
"chrX","147415903","147416048","chr2","170813628","170813760","29","23397725"
"chrX","147453657","147453946","chr16","46255187","46255478","59","101198470"
"chrX","147455548","147455877","chr5","41483881","41484209","60","105971667"
"chrX","147456336","147456662","chr3","148408684","148409008","66","952348"
"chrX","147470849","147471141","chrX","140539264","140539552","36","6931585"
"chrX","147472518","147472646","chr12","31484348","31484473","28","115988170"
"chrX","147478552","147478882","chrX","140549752","140550058","62","6928800"
"chrX","147544160","147544444","chr7","75233138","75233406","62","72311022"
"chrX","147550979","147551128","chr13","25777263","25777388","48","121773716"
"chrX","147561191","147561301","chr13","58129108","58129220","16","89432083"
"chrX","147592271","147592401","chrX","140664256","140664385","10","6928015"
"chrX","147653113","147653436","chr7","78050188","78050503","76","69602925"
"chrX","147660423","147660736","chrX","19539076","19539381","59","128121347"
"chrX","147673125","147673401","chrX","140733389","140733648","76","6939736"
"chrX","147679563","147679872","chrX","140741106","140741392","63","6938457"
"chrX","147687421","147687711","chr7","47467453","47467742","49","100219968"
"chrX","147711577","147711861","chr7","34195709","34195983","80","113515868"
"chrX","147829736","147829990","chr4","106333599","106333847","57","41496137"
"chrX","147847844","147848147","chr5","153976461","153976760","68","6128617"
"chrX","147852863","147852996","chr9","100741503","100741636","17","47111360"
"chrX","147868453","147868589","chr1","181052500","181052627","26","33184047"
"chrX","147870264","147870384","chrX","17631702","17631819","22","130238562"
"chrX","147896031","147896274","chr5","45329384","45329629","60","102566647"
"chrX","147942122","147942234","chr11","111084407","111084517","18","36857715"
"chrX","148024519","148024744","chrX","141069010","141069232","28","6955509"
"chrX","148090856","148091158","chrX","141140780","141141075","42","6950076"
"chrX","148112802","148112917","chrX","141163474","141163582","16","6949328"
"chrX","148177762","148178014","chr15","84368741","84368989","46","63809021"
"chrX","148247658","148247722","chr19","44523557","44523621","8","103724101"
"chrX","148273552","148273611","chr7","2189180","2189239","6","146084372"
"chrX","148456234","148456433","chr14","105182436","105182633","41","43273798"
"chrX","148926416","148926540","chr9","42144589","42144713","16","106781827"
"chrX","148973770","148974057","chr13","15863362","15863648","55","133110408"
"chrX","149058636","149058980","chr4","143488433","143488737","96","5570203"
"chrX","149085262","149085587","chrY","2797591","2797897","50","146287671"
"chrY","19428","19726","chr8","105343725","105344018","60","105324297"
"chrY","152235","152528","chr8","107264774","107265069","73","107112539"
"chrY","246097","246367","chr7","122885667","122885928","73","122639570"
"chrY","247814","248121","chr15","57058522","57058823","77","56810708"
"chrY","280658","280953","chrX","63694925","63695218","69","63414267"
"chrY","722480","722776","chr13","36414491","36414784","71","35692011"
"chrY","781592","781717","chr2","188465428","188465551","28","187683836"
"chrY","893964","894121","chr1","178021039","178021189","43","177127075"
"chrY","894406","894492","chr2","11043633","11043718","23","10149227"
"chrY","937929","938057","chr11","96535133","96535257","27","95597204"
"chrY","952639","952950","chr7","12954299","12954613","79","12001660"
"chrY","966847","966971","chr6","146740787","146740909","24","145773940"
"chrY","981958","982209","chr7","11164022","11164267","68","10182064"
"chrY","1101083","1101388","chr2","129413288","129413585","69","128312205"
"chrY","1109507","1109827","chr11","95647710","95647997","89","94538203"
"chrY","1124599","1124719","chr9","65816955","65817079","23","64692356"
"chrY","1140171","1140486","chr1","24379226","24379548","83","23239055"
"chrY","1159203","1159406","chr14","32243141","32243339","49","31083938"
"chrY","1163227","1163481","chr5","9777754","9778009","56","8614527"
"chrY","1180994","1181254","chr6","94627439","94627665","85","93446445"
"chrY","1185407","1185678","chrX","1648095","1648357","45","462688"
"chrY","1197772","1197925","chr9","122324355","122324504","53","121126583"
"chrY","1198134","1198322","chr10","126259446","126259620","47","125061312"
"chrY","1216874","1217151","chrX","17608284","17608574","73","16391410"
"chrY","1225508","1225732","chrX","1603735","1603961","33","378227"
"chrY","1231591","1231712","chr12","55319903","55320027","25","54088312"
"chrY","1237238","1237520","chrX","1592584","1592880","62","355346"
"chrY","1239717","1240028","chrX","1590343","1590645","50","350626"
"chrY","1251275","1251562","chrX","1575187","1575479","53","323912"
"chrY","1263540","1263844","chrX","1564278","1564568","59","300738"
"chrY","1263847","1264136","chr2","56969336","56969629","56","55705489"
"chrY","1383617","1383919","chr9","53523121","53523415","73","52139504"
"chrY","1409704","1409988","chr4","83756180","83756455","50","82346476"
"chrY","1468732","1469065","chr4","83703954","83704253","70","82235222"
"chrY","1508210","1508371","chr13","40720512","40720672","43","39212302"
"chrY","1642216","1642549","chr7","151690932","151691249","90","150048716"
"chrY","1650136","1650402","chr5","87666520","87666793","56","86016384"
"chrY","1717468","1717754","chr12","48878943","48879230","78","47161475"
"chrY","1731671","1731989","chr12","3161039","3161330","81","1429368"
"chrY","1760613","1760886","chr1","156170883","156171146","68","154410270"
"chrY","1780304","1780434","chr16","43800043","43800177","28","42019739"
"chrY","1960231","1960317","chr7","137673771","137673850","28","135713540"
"chrY","1986540","1986833","chrX","38976371","38976650","86","36989831"
"chrY","2037734","2037833","chr2","93927440","93927542","34","91889706"
"chrY","2053656","2053861","chr15","73926166","73926379","53","71872510"
"chrY","2054381","2054483","chr9","91765819","91765921","24","89711438"
"chrY","2309287","2309562","chr5","31914965","31915256","86","29605678"
"chrY","2313320","2313599","chr20","10487182","10487445","74","8173862"
"chrY","2353804","2354071","chr15","18050332","18050580","70","15696528"
"chrY","2445870","2446169","chr18","33187573","33187871","60","30741703"
"chrY","2466735","2466787","chr4","12371422","12371475","15","9904687"
"chrY","2488402","2488675","chrX","127560393","127560668","83","125071991"
"chrY","2571381","2571546","chr2","46403915","46404089","47","43832534"
"chrY","2684126","2684350","chr4","30484313","30484527","73","27800187"
"chrY","2730588","2730711","chr5","31753831","31753955","22","29023243"
"chrY","2825672","2825851","chrX","39068325","39068506","44","36242653"
"chrY","2825885","2826002","chr7","86302875","86302990","21","83476990"
"chrY","3227049","3227322","chr4","117554726","117554989","76","114327677"
"chrY","3308297","3308421","chr7","12988414","12988537","24","9680117"
"chrY","3316015","3316289","chr4","23638614","23638892","70","20322599"
"chrY","3319455","3319716","chrX","48569919","48570182","62","45250464"
"chrY","3323089","3323209","chr2","58828942","58829060","24","55505853"
"chrY","3329430","3329676","chrX","5111432","5111690","44","1782002"
"chrY","3342837","3342988","chr5","86428102","86428250","39","83085265"
"chrY","3362422","3362721","chrX","5158254","5158555","49","1795832"
"chrY","3391954","3392163","chrX","5179891","5180094","43","1787937"
"chrY","3392874","3393160","chrX","5180800","5181083","70","1787926"
"chrY","3396003","3396312","chr1","106482342","106482647","69","103086339"
"chrY","3410850","3411123","chr4","106105978","106106250","85","102695128"
"chrY","3422091","3422399","chr16","50643232","50643525","85","47221141"
"chrY","3423568","3423855","chr9","99241189","99241475","67","95817621"
"chrY","3445131","3445307","chr22","31296093","31296252","51","27850962"
"chrY","3552466","3552740","chr11","120608722","120609012","75","117056256"
"chrY","3604710","3604839","chr10","47384037","47384166","35","43779327"
"chrY","3753775","3754062","chr5","144162498","144162784","65","140408723"
"chrY","3769993","3770111","chr4","23332701","23332818","23","19562708"
"chrY","3810097","3810354","chr3","176501416","176501665","71","172691319"
"chrY","3843848","3844148","chr18","8030633","8030930","77","4186785"
"chrY","3846410","3846710","chr6","117308252","117308560","74","113461842"
"chrY","3849974","3850102","chr7","136413230","136413360","29","132563256"
"chrY","4006963","4007049","chr1","15320391","15320477","24","11313428"
"chrY","4072396","4072693","chr2","10830367","10830666","75","6757971"
"chrY","4113476","4113778","chrX","4065473","4065772","59","48003"
"chrY","4247960","4248229","chrX","3932820","3933109","83","315140"
"chrY","4262825","4263114","chrX","3901197","3901488","54","361628"
"chrY","4266977","4267273","chrX","3890149","3890443","65","376828"
"chrY","4379640","4379919","chrX","17832431","17832705","60","13452791"
"chrY","4393206","4393512","chrX","3749072","3749371","73","644134"
"chrY","4447265","4447558","chr3","149104058","149104353","73","144656793"
"chrY","4480712","4480986","chr7","56814361","56814621","73","52333649"
"chrY","4582828","4583133","chr1","141447001","141447306","66","136864173"
"chrY","4605813","4606030","chrX","3590907","3591124","30","1014906"
"chrY","4767085","4767377","chrX","3518918","3519203","74","1248167"
"chrY","4791119","4791291","chrX","64086297","64086476","52","59295178"
"chrY","4841223","4841233","chr1","189870970","189870980","4","185029747"
"chrY","4841260","4841524","chr10","56285609","56285878","82","51444349"
"chrY","4913968","4914259","chrX","2526531","2526824","64","2387437"
"chrY","4976422","4976500","chr2","71146304","71146385","22","66169882"
"chrY","4999407","4999695","chr16","46981631","46981914","84","41982224"
"chrY","5050557","5050838","chrX","2464719","2465013","65","2585838"
"chrY","5310697","5310964","chr6","24026823","24027080","76","18716126"
"chrY","5386079","5386359","chr2","16314575","16314859","75","10928496"
"chrY","5433097","5433413","chr5","140705967","140706280","78","135272870"
"chrY","5451420","5451696","chr12","24527665","24527951","72","19076245"
"chrY","5808224","5808491","chr17","47192373","47192649","81","41384149"
"chrY","5972417","5972552","chr20","35704842","35704971","39","29732425"
"chrY","6027103","6027435","chr4","53898580","53898910","90","47871477"
"chrY","6036092","6036402","chr2","36606136","36606417","100","30570044"
"chrY","6275382","6275675","chrY","555215","555492","76","5720167"
"chrY","6316356","6316643","chr5","43481946","43482233","80","37165590"
"chrY","6337853","6338155","chr22","5196407","5196710","83","1141446"
"chrY","6372970","6373196","chr22","37704800","37705025","73","31331830"
"chrY","6864120","6864403","chr2","29790334","29790619","79","22926214"
"chrY","6880573","6880862","chrY","555215","555492","72","6325358"
"chrY","7107867","7108177","chr2","2379657","2379957","92","4728210"
"chrY","7159622","7159894","chr1","108156177","108156443","92","100996555"
"chrY","7164767","7165064","chr10","122544168","122544449","92","115379401"
"chrY","7287528","7287840","chr11","65689238","65689539","87","58401710"
"chrY","7492546","7492815","chrY","525964","526227","69","6966582"
"chrY","7533263","7533552","chrY","555215","555492","73","6978048"
"chrY","7555228","7555497","chrY","525964","526227","69","7029264"
"chrY","7623866","7624146","chrY","525964","526227","85","7097902"
"chrY","7635108","7635324","chr4","131993194","131993427","64","124358086"
"chrY","7877343","7877437","chr9","111821287","111821385","32","103943944"
"chrY","8016372","8016489","chr7","32049061","32049166","43","24032689"
"chrY","8094383","8094557","chr10","126259446","126259620","53","118165063"
"chrY","8184410","8184500","chr8","8072996","8073083","31","111414"
"chrY","8373431","8373521","chr8","8072996","8073083","31","300435"
"chrY","8566557","8566647","chr8","8072996","8073083","31","493561"
"chrY","8737298","8737517","chr5","14099654","14099850","68","5362356"
"chrY","8980138","8980357","chr5","14099654","14099850","68","5119516"
"chrY","9021093","9021318","chr19","35751476","35751716","72","26730383"
"chrY","9220501","9220720","chr5","71761833","71762053","61","62541332"
"chrY","9442359","9442587","chr22","29071481","29071698","66","19629122"
"chrY","9481739","9482009","chr2","72444058","72444329","66","62962319"
"chrY","9885441","9885720","chrY","555215","555492","67","9330226"
"chrY","9901840","9902119","chrY","555215","555492","67","9346625"
"chrY","9918219","9918498","chrY","555215","555492","67","9363004"
"chrY","10110837","10111123","chrY","555215","555492","71","9555622"
"chrY","10604727","10604946","chr5","71761833","71762053","61","61157106"
"chrY","10969370","10969633","chrX","23420940","23421181","93","12451570"
"chrY","10978161","10978255","chr8","8072996","8073083","35","2905165"
"chrY","11110004","11110223","chr5","14099654","14099850","68","2989650"
"chrY","11196533","11196628","chr8","8072996","8073083","29","3123537"
"chr10","59637652","59637965","chr22","616277","616563","67","59021375"
"chr10","153501","153635","chr10","27220287","27220416","25","27066786"
"chr10","269253","269536","chr5","58042063","58042343","46","57772810"
"chr10","300293","300480","chr3","138120630","138120814","37","137820337"
"chr10","300725","300848","chr5","113168672","113168778","34","112867947"
"chr10","351174","351471","chr4","39327189","39327482","72","38976015"
"chr10","392913","393043","chr1","22614360","22614489","25","22221447"
"chr10","393333","393523","chr2","186221526","186221704","62","185828193"
"chr10","396687","396939","chr11","72085295","72085549","67","71688608"
"chr10","416498","416795","chr12","3739366","3739657","62","3322868"
"chr10","501172","501303","chr2","39435936","39436070","27","38934764"
"chr10","501611","501727","chr4","25639225","25639335","31","25137614"
"chr10","572439","572678","chr3","42441792","42442040","66","41869353"
"chr10","587669","587797","chr3","149245179","149245310","23","148657510"
"chr10","587961","588248","chr22","34967574","34967862","61","34379613"
"chr10","666157","666439","chr5","57640375","57640654","50","56974218"
"chr10","679624","679941","chr5","57631110","57631422","50","56951486"
"chr10","763477","763739","chr7","11164022","11164267","57","10400545"
"chr10","788853","788975","chrX","10359284","10359407","20","9570431"
"chr10","985911","986042","chr16","46559038","46559169","40","45573127"
"chr10","1079532","1079839","chr5","57220947","57221240","65","56141415"
"chr10","1097677","1097968","chr5","2649232","2649515","70","1551555"
"chr10","1189359","1189627","chr15","62136548","62136812","51","60947189"
"chr10","1248167","1248458","chr7","27171732","27172019","63","25923565"
"chr10","1303604","1303721","chr17","18697273","18697397","21","17393669"
"chr10","1492622","1492918","chr5","56878901","56879201","60","55386279"
"chr10","1498345","1498362","chr7","100710395","100710409","8","99212050"
"chr10","1498670","1498741","chr4","18636107","18636174","17","17137437"
"chr10","1682393","1682459","chr1","193565578","193565642","17","191883185"
"chr10","1889478","1889624","chr7","10082686","10082827","29","8193208"
"chr10","1889914","1890076","chr2","7088626","7088790","28","5198712"
"chr10","1936374","1936679","chr5","56462319","56462623","26","54525945"
"chr10","2087563","2087842","chr2","16314575","16314859","63","14227012"
"chr10","2122951","2123262","chr2","13987385","13987695","60","11864434"
"chr10","2134762","2135062","chr5","56269352","56269629","55","54134590"
"chr10","2187609","2187619","chr3","11300434","11300446","2","9112825"
"chr10","2187908","2188189","chr1","65558129","65558398","89","63370221"
"chr10","2194554","2194830","chr5","108117893","108118172","73","105923339"
"chr10","2205481","2205576","chr7","22434038","22434132","17","20228557"
"chr10","2207455","2207756","chr1","185472499","185472793","57","183265044"
"chr10","2215740","2216005","chr5","56190824","56191113","57","53975084"
"chr10","2292060","2292354","chr5","56102245","56102539","37","53810185"
"chr10","2312698","2312960","chr5","56085530","56085806","62","53772832"
"chr10","2419761","2420063","chr13","60354203","60354490","86","57934442"
"chr10","2425366","2425673","chr2","10830367","10830666","66","8405001"
"chr10","2581562","2581833","chrX","1587873","1588136","60","993689"
"chr10","3059891","3060211","chr5","55355752","55356057","63","52295861"
"chr10","3073191","3073429","chr5","75114426","75114658","52","72041235"
"chr10","3338222","3338534","chr5","55120950","55121255","42","51782728"
"chr10","3350783","3351070","chr10","114838607","114838907","68","111487824"
"chr10","3414811","3415122","chr10","93110088","93110390","66","89695277"
"chr10","3718911","3719214","chr3","149104058","149104353","79","145385147"
"chr10","3832975","3833016","chr22","15125697","15125742","6","11292722"
"chr10","3885812","3886115","chr5","54488382","54488669","58","50602570"
"chr10","4150156","4150451","chr15","21338413","21338706","66","17188257"
"chr10","4923606","4923913","chr14","80754932","80755229","63","75831326"
"chr10","4985506","4985733","chr4","111790975","111791190","47","106805469"
"chr10","4997165","4997478","chr6","83686917","83687228","64","78689752"
"chr10","5097580","5097879","chrX","20607629","20607919","52","15510049"
"chr10","5409686","5409933","chr18","8324998","8325242","62","2915312"
"chr10","5442508","5442787","chr5","52953805","52954072","42","47511297"
"chr10","5450915","5451054","chr4","58596055","58596175","31","53145140"
"chr10","5628317","5628450","chr6","144234386","144234514","23","138606069"
"chr10","5894840","5894964","chr5","52501933","52502057","18","46607093"
"chr10","5900749","5901057","chr5","52490934","52491240","40","46590185"
"chr10","5906858","5906978","chr2","119691047","119691163","21","113784189"
"chr10","6018381","6018504","chr10","20521071","20521195","18","14502690"
"chr10","6186465","6186757","chr10","94610637","94610936","60","88424172"
"chr10","6198117","6198412","chr15","61218731","61219028","68","55020614"
"chr10","6279147","6279425","chr5","52111791","52112071","33","45832644"
"chr10","6429944","6430123","chr5","99050194","99050359","51","92620250"
"chr10","6604593","6604838","chr9","8595709","8595948","63","1991116"
"chr10","6620857","6621147","chr13","40050342","40050639","60","33429485"
"chr10","6633809","6634081","chr5","51761041","51761310","35","45127232"
"chr10","6685363","6685698","chr14","59498349","59498666","82","52812986"
"chr10","6768316","6768589","chr11","120028102","120028391","65","113259786"
"chr10","6768631","6768650","chr2","11238519","11238536","7","4469888"
"chr10","6854615","6854746","chr22","17018380","17018510","22","10163765"
"chr10","6916453","6916754","chr6","132872350","132872658","48","125955897"
"chr10","7093206","7093519","chr2","57529273","57529579","63","50436067"
"chr10","7207571","7207900","chr1","102673068","102673358","89","95465497"
"chr10","7237142","7237442","chr5","51147260","51147559","44","43910118"
"chr10","7275203","7275337","chr2","38631189","38631317","33","31355986"
"chr10","7355728","7356007","chr5","51037759","51038014","50","43682031"
"chr10","7391919","7392174","chr7","122885667","122885928","55","115493748"
"chr10","7421611","7421915","chr5","59406520","59406821","53","51984909"
"chr10","7440199","7440467","chr5","50954405","50954681","52","43514206"
"chr10","7443456","7443584","chr13","114883886","114884010","25","107440430"
"chr10","7759101","7759401","chr5","50657937","50658210","61","42898836"
"chr10","7764863","7765157","chr7","70529533","70529824","58","62764670"
"chr10","7778233","7778529","chr5","50647374","50647655","41","42869141"
"chr10","7782854","7783154","chr5","96270932","96271230","75","88488078"
"chr10","7810328","7810366","chr8","115418026","115418062","6","107607698"
"chr10","7818404","7818705","chr14","59275312","59275604","70","51456908"
"chr10","7821411","7821546","chr10","98492248","98492377","26","90670837"
"chr10","7835679","7835974","chr5","50589027","50589324","38","42753348"
"chr10","7913061","7913361","chr1","192021542","192021837","65","184108481"
"chr10","7913787","7913958","chr9","115746103","115746272","33","107832316"
"chr10","7914244","7914378","chr9","56024635","56024765","25","48110391"
"chr10","7921153","7921410","chr5","50523828","50524083","43","42602675"
"chr10","7968912","7968954","chr2","115778","115818","8","7853134"
"chr10","8007215","8007534","chr5","50435353","50435666","46","42428138"
"chr10","8008611","8008916","chrX","107193280","107193586","63","99184669"
"chr10","8161546","8161714","chr10","6943810","6943995","45","1217736"
"chr10","9494618","9494907","chr16","71714174","71714446","67","62219556"
"chr10","9542189","9542467","chr9","53523121","53523415","69","43980932"
"chr10","9657602","9657901","chr7","70722916","70723210","63","61065314"
"chr10","9746846","9746954","chr5","113168672","113168778","23","103421826"
"chr10","9781840","9782138","chr5","48547435","48547732","27","38765595"
"chr10","9832596","9832715","chrUn_GL286397","117322","117446","18","9715274"
"chr10","10042267","10042401","chr5","4469592","4469726","23","5572675"
"chr10","10070315","10070634","chr5","48251905","48252176","82","38181590"
"chr10","10074866","10075168","chr14","80754932","80755229","57","70680066"
"chr10","10143345","10143632","chr15","72518938","72519246","64","62375593"
"chr10","10253337","10253460","chr11","28044866","28045001","37","17791529"
"chr10","10470644","10470941","chr3","6761640","6761942","61","3709004"
"chr10","10502594","10502714","chr17","18697273","18697397","21","8194679"
"chr10","10586552","10586868","chr3","39544873","39545188","67","28958321"
"chr10","10588995","10589114","chr9","21660421","21660545","23","11071426"
"chr10","10619336","10619618","chr5","47694948","47695212","58","37075612"
"chr10","10716956","10717078","chr18","6249448","6249571","23","4467508"
"chr10","10765473","10765760","chr7","69634063","69634343","71","58868590"
"chr10","10806128","10806242","chr2","7433105","7433216","24","3373023"
"chr10","10809325","10809455","chr5","47474507","47474637","15","36665182"
"chr10","10811521","10811830","chr1","118797181","118797481","57","107985660"
"chr10","10818476","10818782","chr5","37895721","37896023","66","27077245"
"chr10","10820585","10820913","chr2","13987385","13987695","67","3166800"
"chr10","10843785","10844050","chr5","76604093","76604368","62","65760308"
"chr10","10885691","10885904","chr2","15237391","15237603","52","4351700"
"chr10","10886162","10886265","chr15","61296467","61296574","20","50410305"
"chr10","10900820","10901122","chr5","47398522","47398817","40","36497702"
"chr10","10941999","10942329","chr5","47352776","47353111","38","36410777"
"chr10","10943216","10943281","chr11","98818179","98818236","16","87874963"
"chr10","10944797","10945083","chr11","82443030","82443313","58","71498233"
"chr10","10950904","10951204","chr10","131311882","131312173","51","120360978"
"chr10","11069221","11069503","chr5","47224513","47224803","62","36155292"
"chr10","11177200","11177332","chr6","57538145","57538275","29","46360945"
"chr10","11343113","11343424","chr5","46934341","46934657","50","35591228"
"chr10","11389632","11389941","chr5","46888753","46889028","67","35499121"
"chr10","11780405","11780690","chr1","155032190","155032474","47","143251785"
"chr10","11845346","11845655","chr7","97730148","97730448","65","85884802"
"chr10","11861215","11861517","chr3","188177597","188177882","60","176316382"
"chr10","11905044","11905333","chr5","46376121","46376409","57","34471077"
"chr10","11958405","11958668","chr5","46326083","46326350","57","34367678"
"chr10","12336648","12336959","chr5","45987362","45987661","54","33650714"
"chr10","12339675","12339826","chr8","3161096","3161248","34","9178579"
"chr10","12349462","12349748","chr1","166931846","166932134","56","154582384"
"chr10","12366023","12366303","chr3","40209261","40209534","66","27843238"
"chr10","12396849","12397026","chr5","45938371","45938544","29","33541522"
"chr10","12413973","12414151","chr13","6071368","6071541","42","6342605"
"chr10","12414856","12415140","chr22","14694583","14694866","62","2279727"
"chr10","12417012","12417116","chr10","17740914","17741008","21","5323902"
"chr10","12490374","12490675","chr5","45855315","45855621","65","33364941"
"chr10","12497306","12497641","chrUn_GL286270","802","1111","58","12496504"
"chr10","12510802","12510882","chr1","148595619","148595699","17","136084817"
"chr10","12517121","12517410","chr5","45826543","45826828","40","33309422"
"chr10","12547022","12547341","chr8","116561170","116561472","98","104014148"
"chr10","12562309","12562434","chr3","166227051","166227178","21","153664742"
"chr10","12562737","12562775","chr19","43323967","43323998","13","30761230"
"chr10","12570368","12570506","chr8","102603197","102603330","27","90032829"
"chr10","12570820","12570845","chr2","11238519","11238536","9","1332301"
"chr10","12571795","12571960","chr20","21820908","21821071","40","9249113"
"chr10","12604333","12604488","chr18","33201864","33202025","35","20597531"
"chr10","12604710","12604833","chr6","122117626","122117747","17","109512916"
"chr10","12620225","12620398","chr5","45727706","45727871","22","33107481"
"chr10","12640349","12640635","chrX","17608284","17608574","57","4967935"
"chr10","12649485","12649800","chr10","93110088","93110390","69","80460603"
"chr10","12657816","12657941","chr9","91516339","91516464","24","78858523"
"chr10","12662591","12662881","chr5","45683089","45683372","42","33020498"
"chr10","12686941","12687064","chr12","27170790","27170918","25","14483849"
"chr10","12688427","12688727","chr5","45655395","45655705","44","32966968"
"chr10","12706435","12706726","chr12","48712370","48712665","61","36005935"
"chr10","12716319","12716490","chr10","128592544","128592714","34","115876225"
"chr10","12716526","12716687","chr13","92331295","92331447","34","79614769"
"chr10","12716999","12717186","chr2","43271447","43271632","46","30554448"
"chr10","12742190","12742504","chr5","45598629","45598918","58","32856439"
"chr10","12790079","12790378","chr3","107546121","107546416","54","94756042"
"chr10","12969792","12970098","chr5","45365320","45365618","50","32395528"
"chr10","13001217","13001471","chr5","45329384","45329629","37","32328167"
"chr10","13015672","13015800","chr4","13599154","13599281","17","583482"
"chr10","13035818","13036136","chr15","32840949","32841254","69","19805131"
"chr10","13096224","13096477","chr5","45222426","45222673","34","32126202"
"chr10","13099514","13099811","chr5","116435024","116435315","57","103335510"
"chr10","13140848","13141124","chr2","13743567","13743845","69","602719"
"chr10","13252928","13253226","chr20","22090201","22090496","80","8837273"
"chr10","13254275","13254545","chr7","122885667","122885928","60","109631392"
"chr10","13361389","13361678","chr5","44956512","44956813","60","31595123"
"chr10","13368069","13368342","chr5","44949764","44950039","41","31581695"
"chr10","13421025","13421319","chr18","8030633","8030930","65","5390392"
"chr10","13512394","13512662","chr2","11407134","11407394","65","2105260"
"chr10","13514345","13514470","chr7","14219261","14219384","28","704916"
"chr10","13544845","13544865","chr1","76967631","76967651","8","63422786"
"chr10","13545170","13545282","chr12","20999025","20999138","13","7453855"
"chr10","13556821","13556957","chr20","10070673","10070812","25","3486148"
"chr10","13557246","13557390","chr1","149234280","149234416","35","135677034"
"chr10","13559774","13559819","chr3","110836762","110836803","12","97276988"
"chr10","13559854","13559866","chr12","55401111","55401122","4","41841257"
"chr10","13569263","13569395","chr1","193430105","193430235","23","179860842"
"chr10","13629311","13629619","chr5","6490301","6490607","58","7139010"
"chr10","13631928","13632179","chr5","3137023","3137279","58","10494905"
"chr10","13684737","13684884","chr7","57215506","57215649","26","43530769"
"chr10","13687905","13688201","chr5","44626180","44626459","42","30938275"
"chr10","13718016","13718267","chr15","22721746","22722003","52","9003730"
"chr10","13722193","13722462","chr1","204625166","204625425","57","190902973"
"chr10","13736515","13736643","chr6","115121226","115121350","18","101384711"
"chr10","13736937","13737136","chrX","62896920","62897101","52","49159983"
"chr10","13739915","13740229","chr5","44579920","44580234","49","30840005"
"chr10","13757500","13757809","chr5","84786872","84787180","93","71029372"
"chr10","13768878","13768999","chr5","44550770","44550895","17","30781892"
"chr10","13793802","13794101","chr5","44526179","44526457","51","30732377"
"chr10","13798198","13798499","chr1","28942068","28942353","60","15143870"
"chr10","13851316","13851620","chrX","38534283","38534596","58","24682967"
"chr10","13853934","13854080","chr17","73250584","73250724","28","59396650"
"chr10","13868689","13868962","chr6","42074326","42074599","61","28205637"
"chr10","13883697","13883817","chr12","13754352","13754471","17","129345"
"chr10","13931468","13931600","chr2","170813628","170813760","20","156882160"
"chr10","13931763","13932078","chr5","44380696","44381019","34","30448933"
"chr10","13941683","13941955","chr5","44370845","44371102","43","30429162"
"chr10","13998602","13998891","chr14","80754932","80755229","63","66756330"
"chr10","14086758","14087049","chr5","44221720","44222029","49","30134962"
"chr10","14150772","14150900","chr5","44151190","44151325","20","30000418"
"chr10","14193356","14193515","chr11","51622480","51622640","38","37429124"
"chr10","14194111","14194252","chr10","82290819","82290946","34","68096708"
"chr10","14229947","14230249","chr4","43331299","43331589","58","29101352"
"chr10","14236760","14236929","chr10","74699647","74699806","44","60462887"
"chr10","14284405","14284706","chr5","44015389","44015684","43","29730984"
"chr10","14318599","14318897","chr14","80754932","80755229","54","66436333"
"chr10","14339932","14340051","chr11","65528037","65528159","19","51188105"
"chr10","14346624","14346880","chr4","151964886","151965141","49","137618262"
"chr10","14360855","14361138","chr5","43938712","43938983","58","29577857"
"chr10","14391740","14391863","chr9","29291794","29291917","16","14900054"
"chr10","14434831","14434979","chr5","43870141","43870290","20","29435310"
"chr10","14438934","14439049","chr7","63129024","63129132","24","48690090"
"chr10","14453047","14453225","chr6","41655130","41655305","39","27202083"
"chr10","14457796","14458097","chr22","26828487","26828783","69","12370691"
"chr10","14482562","14482636","chr3","115280121","115280198","13","100797559"
"chr10","14484757","14484917","chr2","87404144","87404282","46","72919387"
"chr10","14487897","14488189","chr5","43827214","43827511","39","29339317"
"chr10","14507853","14507984","chr5","110276872","110277004","23","95769019"
"chr10","14518535","14518669","chr10","98492248","98492377","26","83973713"
"chr10","14521040","14521335","chr1","150763613","150763909","57","136242573"
"chr10","14554777","14554913","chrX","107384359","107384487","25","92829582"
"chr10","14565233","14565490","chr5","43751476","43751736","31","29186243"
"chr10","14576585","14576727","chr12","11035256","11035394","30","3541329"
"chr10","14598269","14598547","chr1","77102851","77103111","68","62504582"
"chr10","14619102","14619394","chr5","43688088","43688378","35","29068986"
"chr10","14648272","14648590","chr5","43666050","43666341","66","29017778"
"chr10","14654092","14654396","chr14","80754932","80755229","66","66100840"
"chr10","14670343","14670487","chr2","189673052","189673184","35","175002709"
"chr10","14671728","14672040","chr10","8915279","8915588","58","5756449"
"chr10","14677539","14677666","chr5","43639519","43639643","17","28961980"
"chr10","14773334","14773473","chr7","80300911","80301057","44","65527577"
"chr10","14816208","14816506","chr5","61671414","61671706","59","46855206"
"chr10","14858966","14859211","chrX","16453227","16453474","65","1594261"
"chr10","14878660","14878794","chr2","170813628","170813760","16","155934968"
"chr10","14938378","14938670","chr11","118382154","118382447","56","103443776"
"chr10","15046676","15046984","chr5","43390614","43390920","39","28343938"
"chr10","15065816","15065994","chr2","137693561","137693723","45","122627745"
"chr10","15115728","15116035","chr5","37895721","37896023","70","22779993"
"chr10","15125197","15125490","chr5","43338328","43338625","53","28213131"
"chr10","15130585","15130707","chr2","55442530","55442646","23","40311945"
"chr10","15182640","15182800","chr1","106665366","106665523","45","91482726"
"chr10","15183406","15183563","chr19","21911186","21911351","38","6727780"
"chr10","15190614","15190669","chr8","105910315","105910363","14","90719701"
"chr10","15198567","15198843","chr22","5551141","5551421","70","9647426"
"chr10","15204650","15204764","chr1","158983184","158983299","22","143778534"
"chr10","15204819","15204858","chr7","77095950","77095980","23","61891131"
"chr10","15205124","15205284","chr8","105906105","105906264","36","90700981"
"chr10","15205505","15205613","chr8","59532862","59532966","28","44327357"
"chr10","15209661","15209790","chr1","192457186","192457318","28","177247525"
"chr10","15211684","15211803","chrX","124293865","124293988","22","109082181"
"chr10","15223262","15223332","chr11","64893707","64893765","19","49670445"
"chr10","15249960","15250288","chr5","43224415","43224716","67","27974455"
"chr10","15292444","15292575","chr22","12615748","12615867","34","2676696"
"chr10","15292884","15293007","chr4","108076550","108076669","29","92783666"
"chr10","15323375","15323596","chr11","14362144","14362363","39","961231"
"chr10","15325084","15325400","chr12","55980536","55980844","65","40655452"
"chr10","15366361","15366553","chr5","43123261","43123450","29","27756900"
"chr10","15389868","15389977","chr14","82672723","82672830","19","67282855"
"chr10","15393798","15393958","chr22","15896646","15896813","40","502848"
"chr10","15394891","15395135","chr5","43088880","43089135","50","27693989"
"chr10","15405340","15405442","chr10","129242271","129242370","20","113836931"
"chr10","15412262","15412562","chr1","155032190","155032474","68","139619928"
"chr10","15423350","15423513","chr2","7916541","7916704","30","7506809"
"chr10","15423817","15423950","chr2","10110790","10110922","30","5313027"
"chr10","15431856","15432166","chr9","120765291","120765590","57","105333435"
"chr10","15486462","15486757","chr1","198276236","198276530","61","182789774"
"chr10","15505343","15505466","chr9","79583180","79583304","20","64077837"
"chr10","15552159","15552460","chr5","42929784","42930071","41","27377625"
"chr10","15789145","15789337","chr15","22613546","22613745","41","6824401"
"chr10","15801141","15801395","chr5","42664706","42664960","24","26863565"
"chr10","15808735","15808809","chr5","41188658","41188737","16","25379923"
"chr10","15835544","15835831","chr6","71312325","71312615","70","55476781"
"chr10","15919090","15919182","chr5","42536507","42536592","18","26617417"
"chr10","16006370","16006675","chr11","80929220","80929523","54","64922850"
"chr10","16338071","16338192","chr19","28118672","28118794","17","11780601"
"chr10","16399182","16399471","chr9","123928217","123928493","74","107529035"
"chr10","16870399","16870546","chr1","107766113","107766264","34","90895714"
"chr10","16886082","16886212","chr1","106642431","106642552","26","89756349"
"chr10","16932748","16933085","chr2","34587414","34587716","92","17654666"
"chr10","16985011","16985077","chr3","54025668","54025727","14","37040657"
"chr10","16985320","16985337","chr2","14760863","14760882","10","2224457"
"chr10","16985373","16985508","chr10","119795884","119796023","47","102810511"
"chr10","17006475","17006595","chr17","73444665","73444783","23","56438190"
"chr10","17012009","17012129","chr5","41544737","41544852","20","24532728"
"chr10","17027089","17027272","chr22","24337821","24338000","40","7310732"
"chr10","17027574","17027715","chr5","84739555","84739695","32","67711981"
"chr10","17052977","17053135","chr8","30587546","30587708","52","13534569"
"chr10","17053709","17053841","chr4","117305226","117305359","20","100251517"
"chr10","17062321","17062584","chr12","23456415","23456671","51","6394094"
"chr10","17068761","17068950","chrX","46523825","46524020","44","29455064"
"chr10","17076202","17076489","chr22","16492096","16492394","62","584106"
"chr10","17087631","17087890","chr5","41463442","41463704","28","24375811"
"chr10","17090781","17091000","chr13","37680668","37680900","68","20589887"
"chr10","17124040","17124333","chr5","41433122","41433417","35","24309082"
"chr10","17151750","17151882","chr9","43510189","43510319","25","26358439"
"chr10","17156407","17156533","chrX","120496137","120496262","22","103339730"
"chr10","17232808","17232981","chr5","41325529","41325701","27","24092721"
"chr10","17242143","17242242","chr1","170688349","170688438","27","153446206"
"chr10","17289273","17289575","chr15","64378398","64378707","69","47089125"
"chr10","17321233","17321363","chr5","41235917","41236047","12","23914684"
"chr10","17353907","17354169","chr1","73964551","73964809","64","56610644"
"chr10","17369418","17369502","chr5","41188658","41188737","14","23819240"
"chr10","17370731","17370893","chr1","141028853","141029015","28","123658122"
"chr10","17371214","17371337","chr15","25842891","25843009","26","8471677"
"chr10","17406579","17406879","chr2","10830367","10830666","49","6576212"
"chr10","17436290","17436593","chr7","97730148","97730448","60","80293858"
"chr10","17517675","17517894","chr5","41041496","41041716","27","23523821"
"chr10","17614126","17614434","chr5","40951563","40951862","42","23337437"
"chr10","17644154","17644446","chr5","40925652","40925936","37","23281498"
"chr10","17706750","17707024","chr5","40864553","40864830","36","23157803"
"chr10","17724208","17724514","chr5","40844714","40845027","41","23120506"
"chr10","17795579","17795819","chr2","191919369","191919611","52","174123790"
"chr10","17839169","17839432","chr5","94548351","94548618","59","76709182"
"chr10","17886178","17886512","chrX","46263611","46263920","84","28377433"
"chr10","17887566","17887878","chr7","32363417","32363723","66","14475851"
"chr10","17891399","17891679","chr9","101966653","101966946","55","84075254"
"chr10","17918300","17918609","chr9","53523121","53523415","62","35604821"
"chr10","17922077","17922236","chr5","40645035","40645194","24","22722958"
"chr10","17976982","17977268","chr5","40595775","40596066","37","22618793"
"chr10","18070283","18070506","chr10","48131761","48132001","63","30061478"
"chr10","18121274","18121590","chr5","40448598","40448888","56","22327324"
"chr10","18300454","18300587","chr5","40255490","40255619","22","21955036"
"chr10","18308523","18308822","chr5","40247181","40247487","38","21938658"
"chr10","18347292","18347587","chr5","40208072","40208352","43","21860780"
"chr10","18358603","18358749","chr11","33708224","33708370","27","15349621"
"chr10","18389627","18389750","chr5","40163301","40163427","11","21773674"
"chr10","18412128","18412408","chr5","32678837","32679116","56","14266709"
"chr10","18428980","18429114","chr9","20099570","20099702","21","1670590"
"chr10","18460875","18461175","chr15","3252489","3252788","65","15208386"
"chr10","18502354","18502656","chr5","40054536","40054841","36","21552182"
"chr10","18510804","18511025","chr13","38805536","38805744","55","20294732"
"chr10","18539795","18540009","chr20","38077928","38078165","74","19538133"
"chr10","18566520","18566803","chr5","39993825","39994106","48","21427305"
"chr10","18608216","18608343","chr5","39954494","39954621","14","21346278"
"chr10","18610949","18611256","chr5","39951353","39951656","42","21340404"
"chr10","18645811","18646114","chr5","108752181","108752484","60","90106370"
"chr10","18649665","18649795","chr10","98492248","98492377","22","79842583"
"chr10","18658673","18658793","chr6","45108396","45108519","26","26449723"
"chr10","18696242","18696533","chr5","39874422","39874717","50","21178180"
"chr10","18705461","18705744","chr5","39864470","39864710","74","21159009"
"chr10","18802175","18802344","chr2","4930759","4930932","36","13871416"
"chr10","18936347","18936654","chr5","39691730","39692015","61","20755383"
"chr10","18967293","18967595","chr13","40050342","40050639","66","21083049"
"chr10","19046544","19046669","chr9","65816955","65817079","14","46770411"
"chr10","19107395","19107535","chr11","110078073","110078210","34","90970678"
"chr10","19107824","19107987","chr15","5374915","5375069","43","13732909"
"chr10","19147169","19147274","chr3","90494104","90494198","23","71346935"
"chr10","19308972","19309269","chr8","70230289","70230561","101","50921317"
"chr10","19347820","19348099","chr7","150658429","150658702","63","131310609"
"chr10","19409596","19409875","chr5","39205516","39205803","47","19795920"
"chr10","19428544","19428858","chr5","39185625","39185923","56","19757081"
"chr10","19443900","19444206","chr5","39178386","39178687","38","19734486"
"chr10","19452245","19452528","chr5","39169782","39170073","46","19717537"
"chr10","19485192","19485475","chrX","120450112","120450400","69","100964920"
"chr10","19492666","19492798","chr2","11695570","11695700","20","7797096"
"chr10","19493382","19493521","chr5","39117289","39117427","17","19623907"
"chr10","19528185","19528486","chr22","28062508","28062799","71","8534323"
"chr10","19529813","19530063","chr5","39077162","39077407","32","19547349"
"chr10","19664515","19664805","chr5","38940230","38940524","42","19275715"
"chr10","19669854","19670127","chr5","87129552","87129831","65","67459698"
"chr10","19743411","19743621","chr22","28354376","28354591","47","8610965"
"chr10","19816340","19816637","chr22","24301726","24302019","56","4485386"
"chr10","19838637","19838950","chr5","38765035","38765325","54","18926398"
"chr10","19844761","19845074","chr5","38765035","38765325","54","18920274"
"chr10","19863271","19863589","chr5","38747426","38747703","69","18884155"
"chr10","19903704","19903811","chr8","116339889","116339994","28","96436185"
"chr10","19904566","19904877","chr5","38701078","38701376","49","18796512"
"chr10","19965556","19965807","chr14","80054050","80054303","59","60088494"
"chr10","19993867","19994150","chr16","46255187","46255478","51","26261320"
"chr10","20037428","20037699","chr15","63232108","63232373","65","43194680"
"chr10","20111786","20111908","chrUn_GL286397","279803","279912","35","19831983"
"chr10","20132583","20132712","chr7","90139382","90139512","24","70006799"
"chr10","20137998","20138298","chr10","114838607","114838907","48","94700609"
"chr10","20160105","20160239","chr14","5457708","5457834","29","14702397"
"chr10","20160547","20160693","chr7","57359333","57359475","35","37198786"
"chr10","20165023","20165328","chr2","8000025","8000324","70","12164998"
"chr10","20170106","20170409","chr5","121777404","121777707","58","101607298"
"chr10","20179101","20179229","chr18","14848181","14848308","19","5330920"
"chr10","20195552","20195676","chr2","10899863","10899988","23","9295689"
"chr10","20218206","20218497","chr2","16070846","16071128","63","4147360"
"chr10","20285972","20286281","chr5","38320360","38320657","44","18034388"
"chr10","20355103","20355404","chr5","38247188","38247488","36","17892085"
"chr10","20487270","20487544","chr5","38096576","38096865","58","17609306"
"chr10","20645465","20645769","chr7","81210361","81210666","71","60564896"
"chr10","20706764","20707064","chr5","37906586","37906857","68","17199822"
"chr10","20715202","20715506","chr5","37895721","37896023","35","17180519"
"chr10","20732393","20732699","chr9","53523121","53523415","59","32790728"
"chr10","20755126","20755426","chr5","37858141","37858436","42","17103015"
"chr10","20785190","20785429","chr22","31181711","31181943","62","10396521"
"chr10","20810621","20810954","chr5","37814023","37814353","68","17003402"
"chr10","20835225","20835520","chr16","26279287","26279583","54","5444062"
"chr10","20836838","20837139","chr9","53523121","53523415","59","32686283"
"chr10","20837748","20838044","chr4","117443805","117444104","68","96606057"
"chr10","20845351","20845627","chr5","37786046","37786310","56","16940695"
"chr10","20896531","20896833","chr5","123929377","123929688","69","103032846"
"chr10","20992733","20992921","chr5","123190799","123190994","56","102198066"
"chr10","21007248","21007538","chr5","37621991","37622265","51","16614743"
"chr10","21020985","21021141","chr5","39736662","39736814","33","18715677"
"chr10","21022661","21022937","chr10","99210130","99210407","72","78187469"
"chr10","21046019","21046218","chr1","135370037","135370222","56","114324018"
"chr10","21193709","21193808","chr11","128205151","128205252","19","107011442"
"chr10","21432876","21433169","chr5","36524387","36524680","18","15091511"
"chr10","21515239","21515540","chr10","93110088","93110390","58","71594849"
"chr10","21545910","21546197","chr22","12681477","12681765","57","8864433"
"chr10","21647847","21647994","chr17","73250584","73250724","33","51602737"
"chr10","21648300","21648468","chr4","88675047","88675210","39","67026747"
"chr10","21706018","21706152","chr1","15082436","15082571","22","6623582"
"chr10","21804715","21804847","chr5","36121312","36121444","19","14316597"
"chr10","21852899","21853199","chr5","36074547","36074853","58","14221648"
"chr10","22197680","22197972","chr1","193901621","193901899","66","171703941"
"chr10","22252848","22253149","chr7","26682750","26683063","72","4429902"
"chr10","22259701","22259903","chr5","35652638","35652840","46","13392937"
"chr10","22453439","22453511","chr1","182701093","182701165","10","160247654"
"chr10","22522766","22523008","chr18","40117467","40117714","70","17594701"
"chr10","22523319","22523347","chr4","86330088","86330119","10","63806769"
"chr10","22774582","22774859","chr5","35131484","35131743","47","12356902"
"chr10","22783950","22784011","chr4","89478243","89478304","15","66694293"
"chr10","22822685","22822966","chr5","35082193","35082471","44","12259508"
"chr10","22960128","22960431","chr5","34992913","34993190","57","12032785"
"chr10","23540789","23540923","chr2","170813628","170813760","24","147272839"
"chr10","23569556","23569896","chr1","141288260","141288602","82","117718704"
"chr10","23606165","23606265","chr21","48391650","48391757","26","24785485"
"chr10","24109140","24109374","chr3","5726315","5726532","66","18382825"
"chr10","24301219","24301468","chr18","33417455","33417706","64","9116236"
"chr10","24878822","24879114","chr5","33122862","33123149","50","8244040"
"chr10","24898817","24899129","chr5","33106605","33106903","47","8207788"
"chr10","24991908","24992187","chr5","33007134","33007417","55","8015226"
"chr10","25055474","25055810","chr5","32950828","32951152","47","7895354"
"chr10","25068617","25068924","chr5","32936687","32936997","43","7868070"
"chr10","25281758","25281929","chr9","44670820","44670988","33","19389062"
"chr10","25282225","25282359","chr1","180762759","180762888","21","155480534"
"chr10","25400376","25400680","chr5","32678081","32678382","38","7277705"
"chr10","25452284","25452593","chr5","32628161","32628450","56","7175877"
"chr10","25457806","25458083","chr1","193901621","193901899","70","168443815"
"chr10","25550129","25550193","chr5","8919067","8919133","8","16631062"
"chr10","25555963","25556125","chr14","64591617","64591781","39","39035654"
"chr10","25616937","25617022","chr4","34300335","34300417","23","8683398"
"chr10","25617074","25617379","chr5","32467369","32467659","45","6850295"
"chr10","25635990","25636199","chr3","75033239","75033448","45","49397249"
"chr10","25641118","25641163","chr4","43110471","43110515","18","17469353"
"chr10","25641454","25641585","chr9","102477388","102477514","31","76835934"
"chr10","25658098","25658382","chr7","60677817","60678103","55","35019719"
"chr10","25664691","25664977","chr1","155032190","155032474","55","129367499"
"chr10","25713422","25713723","chr5","32364271","32364574","45","6650849"
"chr10","25757223","25757331","chr3","139344423","139344535","20","113587200"
"chr10","25770846","25770960","chr7","79741137","79741252","22","53970291"
"chr10","25944534","25944814","chr16","71714174","71714446","57","45769640"
"chr10","25969656","25969967","chr8","107358076","107358391","71","81388420"
"chr10","26053447","26053749","chr2","136915981","136916277","64","110862534"
"chr10","26126352","26126673","chrUn_GL286251","53275","53583","47","26073077"
"chr10","26136863","26137157","chr3","53289563","53289852","71","27152700"
"chr10","26182678","26182985","chr5","31893338","31893643","35","5710660"
"chr10","26218446","26218757","chr2","34782361","34782648","67","8563915"
"chr10","26310169","26310489","chr5","31756455","31756781","58","5446286"
"chr10","26381394","26381507","chr5","31686295","31686426","29","5304901"
"chr10","26468276","26468573","chr7","70529533","70529824","59","44061257"
"chr10","26564594","26564716","chr5","31491326","31491449","10","4926732"
"chr10","26567560","26567690","chr5","31488324","31488459","16","4920764"
"chr10","26666028","26666357","chrX","6415814","6416133","71","20250214"
"chr10","26692646","26692774","chr3","105790283","105790408","30","79097637"
"chr10","26694703","26694824","chr3","165848458","165848581","21","139153755"
"chr10","26730607","26730906","chr5","31311951","31312254","36","4581344"
"chr10","26738726","26739022","chr14","80754932","80755229","59","54016206"
"chr10","26740105","26740187","chr18","14872426","14872507","26","11867679"
"chr10","26744760","26745051","chr13","100978644","100978941","64","74233884"
"chr10","26754634","26754826","chr4","38588733","38588901","54","11834099"
"chr10","26809454","26809744","chr5","31241566","31241866","49","4432112"
"chr10","26834992","26835298","chr6","22082494","22082803","62","4752498"
"chr10","26836434","26836748","chr5","31217117","31217425","52","4380683"
"chr10","26852948","26853198","chr12","15380285","15380527","54","11472663"
"chr10","26873570","26873868","chr5","78684817","78685116","67","51811247"
"chr10","26882809","26883120","chr5","31170891","31171181","56","4288082"
"chr10","26891140","26891429","chr12","116437340","116437627","66","89546200"
"chr10","26892186","26892310","chr9","21660421","21660545","21","5231765"
"chr10","26893638","26893934","chr5","31156632","31156934","33","4262994"
"chr10","26918120","26918432","chr2","138027451","138027756","64","111109331"
"chr10","26928128","26928376","chr22","27373296","27373554","55","445168"
"chr10","26930310","26930619","chr5","60400","60684","50","26869910"
"chr10","26931854","26932144","chr5","62447","62726","36","26869407"
"chr10","26939936","26940244","chr19","47117136","47117439","54","20177200"
"chr10","26958980","26959274","chr7","100304291","100304586","63","73345311"
"chr10","26977466","26977682","chr2","12770367","12770584","44","14207099"
"chr10","26996643","26996902","chr3","119295284","119295536","55","92298641"
"chr10","27004443","27004572","chr5","118163","118293","19","26886280"
"chr10","27016088","27016275","chr2","29926302","29926473","51","2910214"
"chr10","27027117","27027411","chr5","151237","151517","48","26875880"
"chr10","27049220","27049520","chr5","176140","176425","42","26873080"
"chr10","27050975","27051173","chrUn_GL288016","1445","1638","40","27049530"
"chr10","27055257","27055560","chr2","56738365","56738665","77","29683108"
"chr10","27116109","27116283","chr5","220575","220756","34","26895534"
"chr10","27137043","27137350","chr5","10842510","10842818","62","16294533"
"chr10","27143785","27144083","chr7","79834187","79834474","69","52690402"
"chr10","27151704","27152027","chr5","262486","262805","47","26889218"
"chr10","27176387","27176670","chr5","286416","286705","31","26889971"
"chr10","27179415","27179592","chrX","62896920","62897101","46","35717505"
"chr10","27179905","27180037","chr6","57538145","57538275","21","30358240"
"chr10","27209737","27209960","chr7","51264417","51264640","48","24054680"
"chr10","27228743","27229048","chr1","174433431","174433731","62","147204688"
"chr10","27232467","27232728","chr5","108864858","108865125","57","81632391"
"chr10","27236150","27236464","chr12","36952591","36952886","67","9716441"
"chr10","27300911","27300993","chr7","4390344","4390426","20","22910567"
"chr10","27370753","27370967","chr3","75033239","75033448","45","47662486"
"chr10","27378388","27378675","chr15","33790444","33790722","65","6412056"
"chr10","27381752","27382028","chr5","491851","492134","54","26889901"
"chr10","27396659","27396934","chr5","513735","514014","42","26882924"
"chr10","27412631","27412891","chr9","94884391","94884663","67","67471760"
"chr10","27413222","27413251","chr4","160061488","160061520","8","132648266"
"chr10","27442051","27442345","chr2","11954180","11954473","56","15487871"
"chr10","27444489","27444811","chr2","66882878","66883190","66","39438389"
"chr10","27463452","27463588","chr4","44453749","44453878","39","16990297"
"chr10","27483437","27483733","chr2","111010900","111011190","59","83527463"
"chr10","27501210","27501315","chr2","9057977","9058089","27","18443233"
"chr10","27510715","27510995","chr5","633375","633651","34","26877340"
"chr10","27564129","27564349","chr21","50139207","50139436","51","22575078"
"chr10","27565824","27565964","chr10","35155787","35155928","38","7589963"
"chr10","27566283","27566420","chr12","11035256","11035394","25","16531027"
"chr10","27566901","27567169","chr5","126956284","126956559","82","99389383"
"chr10","27569188","27569485","chr9","94521053","94521346","66","66951865"
"chr10","27569964","27570120","chr6","60378333","60378495","33","32808369"
"chr10","27570738","27570863","chr1","121375989","121376113","26","93805251"
"chr10","27574056","27574235","chr5","689690","689854","42","26884366"
"chr10","27582223","27582511","chr5","699519","699803","31","26882704"
"chr10","27587816","27588138","chr11","66877535","66877842","72","39289719"
"chr10","27591456","27591747","chr12","88933406","88933700","60","61341950"
"chr10","27599293","27599416","chr20","5208280","5208403","16","22391013"
"chr10","27633158","27633274","chr2","68179603","68179713","24","40546445"
"chr10","27689959","27690242","chr5","814342","814629","60","26875617"
"chr10","27710872","27711106","chr5","834305","834542","39","26876567"
"chr10","27798545","27798847","chr5","909874","910180","51","26888671"
"chr10","27868261","27868567","chr5","977414","977716","50","26890847"
"chr10","27882416","27882688","chr5","992162","992444","35","26890254"
"chr10","27884739","27884911","chr12","108768574","108768734","31","80883835"
"chr10","27905645","27905930","chr5","1013670","1013960","54","26891975"
"chr10","27934190","27934482","chr9","103596531","103596828","73","75662341"
"chr10","28020023","28020163","chr17","73250584","73250724","21","45230561"
"chr10","28037738","28038008","chr7","75548215","75548481","74","47510477"
"chr10","28109156","28109232","chr7","129100774","129100850","21","100991618"
"chr10","28111951","28112083","chr1","192440376","192440501","25","164328425"
"chr10","28112388","28112554","chr22","7487096","7487267","41","20625292"
"chr10","28134703","28134959","chr6","49226699","49226951","60","21091996"
"chr10","28184831","28185124","chr5","1287057","1287341","53","26897774"
"chr10","28185741","28186048","chr8","117327240","117327543","59","89141499"
"chr10","28234551","28234760","chr3","75033239","75033448","46","46798688"
"chr10","28275886","28276257","chr5","1378367","1378698","81","26897519"
"chr10","28277090","28277395","chr5","1379667","1379967","50","26897423"
"chr10","28279905","28280187","chr7","46035698","46035986","61","17755793"
"chr10","28280200","28280379","chr5","120299847","120300014","39","92019647"
"chr10","28280782","28280914","chr2","14311147","14311278","26","13969635"
"chr10","28287928","28288168","chr2","72729892","72730123","51","44441964"
"chr10","28297911","28298180","chrX","108620310","108620585","68","80322399"
"chr10","28299300","28299598","chr2","135687199","135687481","70","107387899"
"chr10","28326156","28326417","chr5","79467814","79468067","60","51141658"
"chr10","28327847","28328121","chr5","1427358","1427630","33","26900489"
"chr10","28332718","28332889","chr5","1432881","1433050","38","26899837"
"chr10","28349610","28349719","chr12","13626621","13626729","26","14722989"
"chr10","28510019","28510151","chr4","18150235","18150364","24","10359784"
"chr10","28530418","28530539","chr7","74897348","74897465","21","46366930"
"chr10","28596764","28596839","chr8","115068476","115068544","14","86471712"
"chr10","28641468","28641785","chr12","18802522","18802827","71","9838946"
"chr10","28655881","28656134","chr5","1775457","1775701","34","26880424"
"chr10","28656232","28656532","chr5","1775800","1776103","41","26880432"
"chr10","28682458","28682733","chr5","158818048","158818324","56","130135590"
"chr10","28703207","28703497","chr6","117681985","117682275","55","88978778"
"chr10","28757961","28758269","chr7","97730148","97730448","50","68972187"
"chr10","28791059","28791186","chr5","1926354","1926482","22","26864705"
"chr10","28826033","28826123","chr3","150629318","150629405","22","121803285"
"chr10","28850545","28850676","chr10","37764548","37764680","23","8914003"
"chr10","28891514","28891565","chr2","164354143","164354190","11","135462629"
"chr10","28891875","28892029","chr2","10299485","10299633","48","18592390"
"chr10","28954599","28954877","chr1","28942068","28942353","61","12531"
"chr10","28976446","28976717","chrX","1500709","1500995","66","27475737"
"chr10","28979759","28979963","chr5","2111106","2111303","39","26868653"
"chr10","29014345","29014658","chr5","2144646","2144960","46","26869699"
"chr10","29159410","29159708","chr5","2294188","2294488","42","26865222"
"chr10","29344017","29344325","chr5","2479656","2479942","56","26864361"
"chr10","29360190","29360494","chr7","81210361","81210666","53","51850171"
"chr10","29420730","29420928","chr5","64404199","64404398","43","34983469"
"chr10","29421238","29421351","chr7","74052864","74052979","14","44631626"
"chr10","29465470","29465640","chr10","69642166","69642329","37","40176696"
"chr10","29465944","29466073","chr5","2605335","2605453","20","26860609"
"chr10","29483602","29483726","chr13","11543210","11543333","16","17940392"
"chr10","29506984","29507258","chr5","2649232","2649515","50","26857752"
"chr10","29509189","29509490","chr5","2651514","2651813","30","26857675"
"chr10","29532753","29533056","chr4","39327189","39327482","61","9794436"
"chr10","29545150","29545290","chr11","7707261","7707392","23","21837889"
"chr10","29617970","29618240","chr5","2752519","2752805","67","26865451"
"chr10","29668171","29668269","chr5","2801546","2801643","10","26866625"
"chr10","29701411","29701539","chr4","13599154","13599281","24","16102257"
"chr10","29710442","29710731","chr5","81817076","81817364","62","52106634"
"chr10","29722702","29722999","chr5","2856340","2856626","52","26866362"
"chr10","29729463","29729784","chr22","6970548","6970829","95","22758915"
"chr10","29731184","29731450","chr5","2861428","2861694","23","26869756"
"chr10","29776238","29776591","chr5","2910345","2910692","66","26865893"
"chr10","29791343","29791646","chr7","81210361","81210666","60","51419018"
"chr10","29797872","29798173","chr14","36457155","36457448","56","6659283"
"chr10","29803995","29804126","chr7","58239646","58239772","24","28435651"
"chr10","29807685","29807964","chr5","134469571","134469845","59","104661886"
"chr10","29816661","29816977","chr5","2945873","2946171","50","26870788"
"chr10","29818105","29818401","chr2","13511856","13512150","64","16306249"
"chr10","29819743","29820038","chr14","65675933","65676229","78","35856190"
"chr10","29838664","29838955","chr5","2960611","2960891","44","26878053"
"chr10","29893885","29894041","chr15","72139421","72139576","27","42245536"
"chr10","29894344","29894484","chr8","3735176","3735313","26","26159168"
"chr10","29951648","29951954","chrX","22454216","22454523","67","7497432"
"chr10","30008053","30008314","chr5","3156340","3156593","40","26851713"
"chr10","30014292","30014410","chrUn_GL286217","106113","106229","19","29908179"
"chr10","30031019","30031247","chrX","121944584","121944819","52","91913565"
"chr10","30186378","30186691","chr5","37895721","37896023","66","7709343"
"chr10","30189217","30189526","chr5","3323278","3323579","50","26865939"
"chr10","30224183","30224446","chr5","126956284","126956559","55","96732101"
"chr10","30224990","30225276","chr5","3358860","3359136","35","26866130"
"chr10","30234050","30234362","chr10","101231546","101231848","69","70997496"
"chr10","30280486","30280751","chr8","107421957","107422209","58","77141471"
"chr10","30361638","30361940","chr7","97730148","97730448","57","67368510"
"chr10","30393903","30394189","chr1","171173294","171173582","59","140779391"
"chr10","30398456","30398630","chr11","66043564","66043741","37","35645108"
"chr10","30456704","30456991","chrX","107704790","107705063","72","77248086"
"chr10","30486662","30486956","chr6","60084779","60085077","68","29598117"
"chr10","30490010","30490281","chr5","3626901","3627173","32","26863109"
"chr10","30516825","30516942","chr7","79741137","79741252","18","49224312"
"chr10","30578011","30578290","chr19","41066377","41066660","67","10488366"
"chr10","30643792","30643906","chrX","58482136","58482260","27","27838344"
"chr10","30644303","30644500","chr12","11855606","11855807","43","18788697"
"chr10","30659383","30659649","chr14","80651479","80651751","77","49992096"
"chr10","30670425","30670546","chr3","42393626","42393743","26","11723201"
"chr10","30690263","30690389","chr5","94178179","94178303","25","63487916"
"chr10","30710925","30711166","chr9","65531325","65531561","58","34820400"
"chr10","30724027","30724088","chr9","112827727","112827792","15","82103700"
"chr10","30727476","30727674","chr13","59196473","59196657","48","28468997"
"chr10","30778049","30778226","chr7","89991594","89991757","52","59213545"
"chr10","30778511","30778646","chr11","120560318","120560450","21","89781807"
"chr10","30798726","30799015","chr5","3966844","3967137","40","26831882"
"chr10","30799699","30799880","chr5","3967810","3967984","33","26831889"
"chr10","30809685","30809797","chr5","3977238","3977333","23","26832447"
"chr10","30817022","30817130","chr5","3987050","3987152","18","26829972"
"chr10","30817431","30817599","chr5","65020867","65021032","48","34203436"
"chr10","30913452","30913576","chr1","155368947","155369069","20","124455495"
"chr10","30957264","30957621","chr5","4144871","4145238","44","26812393"
"chr10","31100094","31100151","chr2","52696304","52696360","6","21596210"
"chr10","31161661","31161971","chr5","131527086","131527390","63","100365425"
"chr10","31266341","31266474","chr5","4423460","4423595","20","26842881"
"chr10","31266942","31267074","chr2","41238218","41238347","28","9971276"
"chr10","31267390","31267555","chrX","17412373","17412538","38","13855017"
"chr10","31273346","31273634","chr5","4429731","4430001","60","26843615"
"chr10","31287319","31287379","chr5","86109315","86109375","10","54821996"
"chr10","31315534","31315632","chr3","90494104","90494198","25","59178570"
"chr10","31323065","31323135","chr12","16620008","16620081","16","14703057"
"chr10","31323272","31323561","chr5","4470707","4470965","58","26852565"
"chr10","31335140","31335415","chr2","35553288","35553567","68","4218148"
"chr10","31394596","31394718","chr5","4547653","4547770","22","26846943"
"chr10","31400202","31400493","chr5","4552494","4552788","43","26847708"
"chr10","31434145","31434289","chr13","47807690","47807833","34","16373545"
"chr10","31434495","31434629","chr15","16123472","16123605","24","15311023"
"chr10","31451129","31451435","chr10","114838607","114838907","52","83387478"
"chr10","31463348","31463630","chr5","4621237","4621525","40","26842111"
"chr10","31508632","31508684","chr2","198416244","198416294","10","166907612"
"chr10","31508993","31509207","chr5","4665983","4666167","53","26843010"
"chr10","31531132","31531388","chr18","10217984","10218226","66","21313148"
"chr10","31668158","31668472","chr7","36552752","36553054","71","4884594"
"chr10","31674394","31674644","chr7","128732867","128733111","60","97058473"
"chr10","31683796","31684095","chr5","4894738","4895029","61","26789058"
"chr10","31695854","31696159","chr5","4906883","4907186","32","26788971"
"chr10","31712878","31713155","chr5","4926137","4926418","62","26786741"
"chr10","31734983","31735280","chr5","4945091","4945369","63","26789892"
"chr10","31737267","31737393","chr5","4947693","4947818","16","26789574"
"chr10","31785164","31785445","chr2","130179277","130179554","62","98394113"
"chr10","31811229","31811379","chr6","149129553","149129705","45","117318324"
"chr10","31811696","31811820","chr22","29612456","29612579","23","2199240"
"chr10","31817297","31817591","chr10","92343226","92343517","61","60525929"
"chr10","31822483","31822799","chr15","16072105","16072413","66","15750378"
"chr10","31830917","31831233","chr5","5051180","5051479","69","26779737"
"chr10","31871538","31871835","chr5","5080420","5080723","44","26791118"
"chr10","31885980","31886265","chr5","5094821","5095095","41","26791159"
"chr10","31933287","31933416","chr5","5144583","5144711","13","26788704"
"chr10","31961305","31961502","chr22","857141","857344","46","31104164"
"chr10","31977156","31977436","chr2","201309763","201310040","58","169332607"
"chr10","31983757","31983945","chr5","5199099","5199265","38","26784658"
"chr10","31984236","31984358","chr9","9170443","9170565","22","22813793"
"chr10","31994568","31994689","chr1","189291918","189292031","28","157297350"
"chr10","31994983","31995161","chr11","66789439","66789600","52","34794456"
"chr10","32024772","32025055","chr4","107869232","107869514","56","75844460"
"chr10","32046048","32046166","chr5","86153800","86153919","17","54107752"
"chr10","32046199","32046379","chr7","46009519","46009697","41","13963320"
"chr10","32071894","32072187","chr5","5290409","5290679","51","26781485"
"chr10","32095738","32096033","chr5","5315145","5315446","39","26780593"
"chr10","32118024","32118327","chr5","5338790","5339081","44","26779234"
"chr10","32123781","32124119","chr5","5345101","5345408","67","26778680"
"chr10","32192962","32193094","chr7","136413230","136413360","26","104220268"
"chr10","32229488","32229692","chr2","169837367","169837568","53","137607879"
"chr10","32382250","32382559","chr15","63672518","63672828","56","31290268"
"chr10","32384230","32384254","chr3","132390148","132390171","7","100005918"
"chr10","32384562","32384703","chrUn_GL288991","5898","6030","26","32378664"
"chr10","32391051","32391336","chr1","194015120","194015405","62","161624069"
"chr10","32429327","32429443","chr15","22491152","22491268","21","9938175"
"chr10","32429473","32429487","chr2","9724691","9724705","3","22704782"
"chr10","32445440","32445567","chr3","52890490","52890612","19","20445050"
"chr10","32487453","32487684","chrX","122038265","122038501","56","89550812"
"chr10","32491457","32491524","chr2","9322677","9322734","26","23168780"
"chr10","32491828","32491953","chr1","192542368","192542501","26","160050540"
"chr10","32524953","32525197","chr5","97529041","97529289","56","65004088"
"chr10","32562934","32563061","chr22","18128678","18128803","23","14434256"
"chr10","32574178","32574512","chr5","5812840","5813142","67","26761338"
"chr10","32577156","32577269","chr4","89065020","89065132","20","56487864"
"chr10","32594734","32594862","chr19","26202497","26202625","20","6392237"
"chr10","32624100","32624228","chr15","79883200","79883325","26","47259100"
"chr10","32763565","32763854","chr5","6021672","6021951","42","26741893"
"chr10","32831031","32831173","chr1","41377894","41378028","29","8546863"
"chr10","32903409","32903703","chr15","82959266","82959560","59","50055857"
"chr10","33049955","33050258","chr2","77910618","77910914","59","44860663"
"chr10","33062620","33062908","chr5","6239902","6240209","52","26822718"
"chr10","33063493","33063788","chr5","6240777","6241071","33","26822716"
"chr10","33102211","33102519","chr9","99080067","99080376","62","65977856"
"chr10","33135621","33135915","chr5","6303030","6303321","34","26832591"
"chr10","33147523","33147814","chr5","6314809","6315075","55","26832714"
"chr10","33205868","33206132","chr3","187472850","187473111","63","154266982"
"chr10","33210590","33210844","chr5","6376066","6376339","46","26834524"
"chr10","33285194","33285323","chr11","27993807","27993940","25","5291387"
"chr10","33287038","33287363","chr7","151690932","151691249","74","118403894"
"chr10","33289041","33289352","chr5","6457448","6457758","40","26831593"
"chr10","33293747","33293880","chr7","58239646","58239772","24","24945899"
"chr10","33349874","33350149","chr5","6522479","6522749","27","26827395"
"chr10","33360076","33360374","chr7","58488273","58488574","57","25128197"
"chr10","33410096","33410395","chr5","81599940","81600225","62","48189844"
"chr10","33487912","33488204","chr15","7227741","7228029","61","26260171"
"chr10","33529087","33529392","chr5","6712032","6712318","54","26817055"
"chr10","33660652","33660953","chr5","6812516","6812804","57","26848136"
"chr10","33684665","33684940","chr5","6832188","6832458","43","26852477"
"chr10","33745854","33746149","chr5","6883489","6883777","47","26862365"
"chr10","33895867","33896000","chr1","102188482","102188614","20","68292615"
"chr10","33968455","33968752","chr5","65054591","65054892","68","31086136"
"chr10","33972846","33973146","chr5","7090135","7090435","39","26882711"
"chr10","33983777","33984052","chr3","105556874","105557144","61","71573097"
"chr10","34008574","34008860","chr2","56969336","56969629","60","22960762"
"chr10","34034176","34034477","chr5","7164263","7164564","53","26869913"
"chr10","34035548","34035667","chr6","144234386","144234514","27","110198838"
"chr10","34084686","34084817","chr5","130229536","130229666","22","96144850"
"chr10","34113928","34114211","chr7","97730148","97730448","61","63616220"
"chr10","34260207","34260339","chr9","6899249","6899381","21","27360958"
"chr10","34654593","34654894","chr5","7644521","7644836","53","27010072"
"chr10","34772125","34772345","chr18","22601455","22601672","49","12170670"
"chr10","34873811","34874107","chr5","91752083","91752377","58","56878272"
"chr10","34955511","34955634","chr5","7954495","7954616","15","27001016"
"chr10","34966728","34966972","chr5","7964817","7965058","33","27001911"
"chr10","35045019","35045319","chrUn_GL286336","816","1111","70","35044203"
"chr10","35061890","35062169","chr7","66388710","66388987","54","31326820"
"chr10","35080719","35080849","chr5","80579274","80579400","21","45498555"
"chr10","35084566","35084838","chr5","8093093","8093393","59","26991473"
"chr10","35139685","35139852","chr7","72717818","72717981","51","37578133"
"chr10","35140141","35140294","chr15","72139421","72139576","32","36999280"
"chr10","35140367","35140651","chr5","116081736","116082021","59","80941369"
"chr10","35250799","35251111","chr5","72093570","72093878","73","36842771"
"chr10","35275814","35275938","chr2","8605160","8605281","16","26670654"
"chr10","35319530","35319833","chr5","149870776","149871073","59","114551246"
"chr10","35340838","35340960","chr17","18697273","18697397","20","16643565"
"chr10","35393964","35394081","chr6","147919946","147920058","33","112525982"
"chr10","35436188","35436473","chr5","8405996","8406277","32","27030192"
"chr10","35465191","35465308","chr5","8429500","8429623","24","27035691"
"chr10","35529408","35529716","chr5","8486382","8486683","35","27043026"
"chr10","35540834","35541138","chr7","57399106","57399413","63","21858272"
"chr10","35547366","35547497","chr9","56024635","56024765","20","20477269"
"chr10","35553655","35553951","chr5","8508565","8508857","35","27045090"
"chr10","35590872","35591137","chr1","77806623","77806879","63","42215751"
"chr10","35614459","35614772","chr22","34009301","34009611","70","1605158"
"chr10","35616313","35616597","chr2","47003368","47003657","59","11387055"
"chr10","35619627","35619892","chr5","8563037","8563295","27","27056590"
"chr10","35713396","35713709","chr15","82936864","82937164","57","47223468"
"chr10","35725447","35725577","chr5","8660944","8661076","16","27064503"
"chr10","35741212","35741348","chr1","102188482","102188614","22","66447270"
"chr10","35756106","35756276","chr13","39735434","39735599","30","3979328"
"chr10","35780005","35780129","chr19","37912907","37913028","23","2132902"
"chr10","35790112","35790386","chr11","117641228","117641510","53","81851116"
"chr10","35793327","35793624","chr5","8741315","8741619","57","27052012"
"chr10","35832564","35832785","chr5","8788527","8788746","33","27044037"
"chr10","35897200","35897392","chr8","119236746","119236922","46","83339546"
"chr10","35897694","35897818","chr7","63071899","63072020","20","27174205"
"chr10","35899735","35900040","chr4","39647768","39648069","66","3748033"
"chr10","35975632","35975840","chr1","84280002","84280208","45","48304370"
"chr10","35990579","35990714","chr9","37986103","37986239","20","1995524"
"chr10","35999506","35999637","chr4","13636507","13636633","22","22362999"
"chr10","36015989","36016173","chr2","56378439","56378621","46","20362450"
"chr10","36053013","36053295","chr1","155032190","155032474","57","118979177"
"chr10","36131344","36131619","chr5","9077474","9077769","54","27053870"
"chr10","36165339","36165596","chr15","17868622","17868888","65","18296717"
"chr10","36205954","36206067","chr5","44802174","44802292","16","8596220"
"chr10","36274426","36274537","chr4","110956504","110956611","24","74682078"
"chr10","36279664","36279803","chr2","119825127","119825255","30","83545463"
"chr10","36286918","36287212","chr1","26200802","26201093","70","10086116"
"chr10","36296124","36296382","chr13","40466162","40466417","53","4170038"
"chr10","36324431","36324727","chr7","79590777","79591087","80","43266346"
"chr10","36325025","36325056","chr2","141208820","141208850","6","104883795"
"chr10","36426941","36427244","chr12","87539499","87539795","56","51112558"
"chr10","36434127","36434430","chr5","9363783","9364082","30","27070344"
"chr10","36474069","36474205","chr5","9397691","9397819","21","27076378"
"chr10","36680337","36680532","chrX","16445239","16445434","45","20235098"
"chr10","36692864","36693162","chr5","9653178","9653462","52","27039686"
"chr10","36694973","36695209","chr11","24614095","24614339","63","12080878"
"chr10","36703281","36703417","chr8","12444049","12444178","37","24259232"
"chr10","36703720","36703787","chr5","86382922","86382990","19","49679202"
"chr10","36808645","36808947","chr5","9768889","9769192","47","27039756"
"chr10","36812935","36813217","chr5","415074","415353","54","36397861"
"chr10","36836630","36836934","chr21","4216405","4216711","66","32620225"
"chr10","36864014","36864314","chr5","9816324","9816630","39","27047690"
"chr10","36872932","36873224","chr6","40467841","40468129","67","3594909"
"chr10","37000717","37000845","chr17","18697273","18697397","22","18303444"
"chr10","37094385","37094691","chr5","59406520","59406821","65","22312135"
"chr10","37139427","37139553","chr5","10076673","10076796","17","27062754"
"chr10","37141576","37141879","chr5","10078426","10078724","46","27063150"
"chr10","37159928","37160107","chr7","89991594","89991757","47","52831666"
"chr10","37164211","37164338","chr5","10101873","10102010","20","27062338"
"chr10","37222695","37222980","chr13","25412510","25412789","59","11810185"
"chr10","37447756","37447874","chrX","58482136","58482260","19","21034380"
"chr10","37474826","37475128","chr5","10389367","10389664","36","27085459"
"chr10","37526368","37526656","chr17","43066396","43066678","59","5540028"
"chr10","37558043","37558345","chr7","97730148","97730448","58","60172105"
"chr10","37568776","37568883","chr22","1737807","1737917","20","35830969"
"chr10","37569610","37569717","chr2","7433105","7433216","21","30136505"
"chr10","37611316","37611605","chr5","10501100","10501389","37","27110216"
"chr10","37733979","37734269","chr5","10627241","10627525","51","27106738"
"chr10","37830565","37830836","chr5","10721120","10721388","34","27109445"
"chr10","37846823","37847126","chr5","101404898","101405201","65","63558075"
"chr10","37850981","37851265","chr12","56102409","56102688","61","18251428"
"chr10","37852455","37852649","chr14","61070743","61070935","46","23218288"
"chr10","37852932","37853014","chr4","61018800","61018877","18","23165868"
"chr10","37911794","37912078","chr8","96342338","96342624","57","58430544"
"chr10","37924470","37924578","chr2","10902097","10902210","29","27022373"
"chr10","37924885","37925037","chr11","48127862","48128011","40","10202977"
"chr10","37954937","37955071","chr6","101577413","101577542","20","63622476"
"chr10","37980684","37980959","chr2","7417032","7417317","76","30563652"
"chr10","37982921","37982997","chr4","17097297","17097374","15","20885624"
"chr10","37998712","37998831","chr5","10871715","10871834","12","27126997"
"chr10","38001305","38001593","chr5","125558030","125558312","55","87556725"
"chr10","38016931","38017213","chr10","20352331","20352619","70","17664600"
"chr10","38041957","38042237","chr9","53523121","53523415","60","15481164"
"chr10","38241849","38241975","chr5","11095656","11095788","22","27146193"
"chr10","38322635","38322917","chr11","97503383","97503659","69","59180748"
"chr10","38343884","38344191","chr16","74968220","74968516","65","36624336"
"chr10","38426997","38427257","chr5","11247848","11248099","43","27179149"
"chr10","38432351","38432488","chr10","11480819","11480952","31","26951532"
"chr10","38432742","38432941","chr6","112553299","112553480","45","74120557"
"chr10","38469786","38469827","chr13","95468876","95468911","14","56999090"
"chr10","38469868","38469902","chr5","86449237","86449268","9","47979369"
"chr10","38475870","38476039","chr7","57143850","57144017","36","18667980"
"chr10","38513536","38513822","chr7","38127867","38128148","62","385669"
"chr10","38554295","38554610","chr17","67268154","67268464","68","28713859"
"chr10","38558909","38559140","chr22","18114406","18114635","61","20444503"
"chr10","38562412","38562543","chr17","18697273","18697397","23","19865139"
"chr10","38562855","38563034","chr9","34868770","34868929","49","3694085"
"chr10","38563089","38563221","chr1","202756427","202756559","25","164193338"
"chr10","38585840","38586112","chr4","30902406","30902684","62","7683434"
"chr10","38630874","38631165","chr9","53318032","53318314","78","14687158"
"chr10","38658976","38659247","chr2","130188802","130189066","78","91529826"
"chr10","38707382","38707497","chr2","15926744","15926861","22","22780638"
"chr10","38725947","38726071","chr4","58596055","58596175","14","19870108"
"chr10","38742596","38742909","chr5","11520531","11520842","41","27222065"
"chr10","38749977","38750101","chr1","210068563","210068683","36","171318586"
"chr10","38764587","38764656","chr2","17512473","17512542","17","21252114"
"chr10","38808505","38808644","chr19","24941112","24941246","33","13867393"
"chr10","38836356","38836652","chr2","73277207","73277506","65","34440851"
"chr10","38879716","38879824","chr5","11644176","11644276","14","27235540"
"chr10","38913702","38913820","chr5","11683662","11683765","27","27230040"
"chr10","38992332","38992454","chr5","11434176","11434295","28","27558156"
"chr10","39093421","39093631","chrX","2042905","2043121","52","37050516"
"chr10","39137000","39137301","chr2","137626538","137626841","60","98489538"
"chr10","39614484","39614656","chr4","108333583","108333739","43","68719099"
"chr10","39989920","39990197","chr5","12801120","12801395","55","27188800"
"chr10","40045931","40046157","chr5","12852745","12852976","33","27193186"
"chr10","40244416","40244716","chr14","80754932","80755229","60","40510516"
"chr10","40466619","40466888","chr13","43382306","43382564","64","2915687"
"chr10","40548125","40548419","chr8","105343725","105344018","64","64795600"
"chr10","40590945","40591236","chr5","13314278","13314577","56","27276667"
"chr10","40614944","40615181","chr7","36019915","36020143","69","4595029"
"chr10","40655034","40655306","chr18","31258406","31258670","67","9396628"
"chr10","40875762","40875891","chr1","195664090","195664216","27","154788328"
"chr10","40878827","40879115","chr20","4746417","4746696","66","36132410"
"chr10","40896208","40896486","chr7","38106401","38106679","58","2789807"
"chr10","40965648","40965929","chr5","13655460","13655745","41","27310188"
"chr10","41178265","41178565","chr5","13854293","13854591","57","27323972"
"chr10","41214706","41215006","chr2","18917278","18917580","66","22297428"
"chr10","41423610","41423682","chr2","13669129","13669200","21","27754481"
"chr10","41423996","41424113","chr13","27297168","27297273","34","14126828"
"chr10","41646186","41646398","chr14","69383323","69383533","45","27737137"
"chr10","41659069","41659369","chr5","14286343","14286632","41","27372726"
"chr10","41735545","41735762","chr4","135438548","135438762","62","93703003"
"chr10","41855291","41855427","chr5","127901579","127901706","32","86046288"
"chr10","41855718","41855917","chr9","101960601","101960798","57","60104883"
"chr10","41975854","41976160","chr7","13075137","13075438","69","28900717"
"chr10","42020173","42020462","chr5","14659841","14660136","59","27360332"
"chr10","42032642","42032918","chr9","99097338","99097625","54","57064696"
"chr10","42126911","42127221","chr4","54362002","54362312","63","12235091"
"chr10","42224924","42225250","chr5","14864395","14864711","49","27360529"
"chr10","42273777","42274114","chr5","14913588","14913891","70","27360189"
"chr10","42348620","42348914","chr5","14988284","14988587","46","27360336"
"chr10","42468339","42468659","chr1","181596229","181596532","88","139127890"
"chr10","42504055","42504357","chr9","109988727","109989028","60","67484672"
"chr10","42803196","42803503","chr5","15424181","15424482","45","27379015"
"chr10","42856829","42856948","chr1","109230303","109230426","26","66373474"
"chr10","43151822","43152151","chr5","15757230","15757571","44","27394592"
"chr10","43284451","43284574","chr3","137802923","137803047","23","94518472"
"chr10","43368077","43368368","chr1","140837247","140837525","57","97469170"
"chr10","43379268","43379391","chr9","42144589","42144713","20","1234679"
"chr10","43383503","43383808","chr22","29758068","29758367","63","13625435"
"chr10","43777793","43777898","chr5","16385769","16385881","23","27392024"
"chr10","44003407","44003715","chr5","16604842","16605126","58","27398565"
"chr10","44820535","44820813","chr1","209609017","209609295","75","164788482"
"chr10","45021154","45021428","chr5","17515121","17515403","47","27506033"
"chr10","45033951","45034278","chr5","17527736","17528046","70","27506215"
"chr10","45124140","45124443","chrX","93665905","93666196","72","48541765"
"chr10","45158264","45158386","chrX","107428789","107428908","20","62270525"
"chr10","45176228","45176564","chr10","61226573","61226892","76","16050345"
"chr10","45286593","45286709","chr3","42534299","42534419","32","2752294"
"chr10","45317979","45318250","chr7","122885667","122885928","69","77567688"
"chr10","45386899","45387182","chr5","17866820","17867130","63","27520079"
"chr10","45471236","45471554","chr5","17946897","17947209","51","27524339"
"chr10","45722137","45722258","chr5","18185236","18185357","10","27536901"
"chr10","45925726","45926008","chr12","12640059","12640347","74","33285667"
"chr10","46225663","46225990","chr5","18788602","18788906","63","27437061"
"chr10","46392219","46392482","chr13","7487505","7487759","69","38904714"
"chr10","46565963","46566180","chr18","39678877","39679091","52","6887086"
"chr10","46916659","46916840","chr1","188326542","188326728","34","141409883"
"chr10","46918681","46918788","chr2","7433105","7433216","31","39485576"
"chr10","47246007","47246313","chr12","88933406","88933700","66","41687399"
"chr10","47442005","47442308","chr4","110955984","110956276","56","63513979"
"chr10","48119663","48119718","chr5","20568301","20568352","11","27551362"
"chr10","48298351","48298480","chr5","35723118","35723246","29","12575233"
"chr10","48321022","48321324","chr5","20767939","20768262","67","27553083"
"chr10","48361409","48361539","chr7","46700947","46701073","33","1660462"
"chr10","48448681","48448807","chr5","53397560","53397691","30","4948879"
"chr10","48476773","48476903","chr5","20933441","20933574","22","27543332"
"chr10","48490105","48490192","chr5","20945392","20945476","10","27544713"
"chr10","48514121","48514416","chr5","20968797","20969101","66","27545324"
"chr10","48535389","48535677","chr5","20994653","20994916","60","27540736"
"chr10","48568968","48569270","chr5","21027800","21028097","33","27541168"
"chr10","48570815","48571117","chr5","21027800","21028097","35","27543015"
"chr10","48572867","48573175","chr2","8000025","8000324","64","40572842"
"chr10","49033497","49033814","chr5","21475548","21475868","40","27557949"
"chr10","49541946","49542221","chr5","137246805","137247081","60","87704859"
"chr10","49737522","49737815","chr16","29409843","29410123","70","20327679"
"chr10","49867600","49867889","chr5","22335809","22336077","50","27531791"
"chr10","49868901","49869181","chr4","111330364","111330653","71","61461463"
"chr10","49884678","49884804","chr3","137802923","137803047","22","87918245"
"chr10","50280482","50280780","chr5","22717930","22718227","37","27562552"
"chr10","50451445","50451730","chr5","22867996","22868257","54","27583449"
"chr10","50638325","50638627","chrX","17699750","17700053","57","32938575"
"chr10","50728726","50729023","chr12","110076471","110076774","63","59347745"
"chr10","50729931","50730237","chr16","94113551","94113856","61","43383620"
"chr10","50987861","50988131","chr5","23424604","23424878","45","27563257"
"chr10","51035283","51035566","chr10","98875275","98875560","60","47839992"
"chr10","51045597","51045895","chr1","118797181","118797481","66","67751584"
"chr10","51053586","51053724","chr5","23498705","23498844","14","27554881"
"chr10","51078718","51079032","chr2","138027451","138027756","63","86948733"
"chr10","51142954","51143081","chr10","49465036","49465159","30","1677918"
"chr10","51202303","51202599","chr5","23645809","23646089","46","27556494"
"chr10","51243938","51244110","chr6","144169147","144169327","42","92925209"
"chr10","51257060","51257330","chr2","47396528","47396808","62","3860532"
"chr10","51279526","51279601","chr19","94284","94361","10","51185242"
"chr10","51326341","51326497","chr5","63280254","63280406","28","11953913"
"chr10","51326831","51326966","chr9","90850390","90850525","28","39523559"
"chr10","51360108","51360376","chr5","23794675","23794958","57","27565433"
"chr10","51390821","51391119","chr5","23825433","23825733","40","27565388"
"chr10","51414556","51414866","chr5","23840278","23840569","64","27574278"
"chr10","51501410","51501540","chr16","46559038","46559169","34","4942372"
"chr10","51542550","51542862","chr22","32315972","32316276","65","19226578"
"chr10","51572084","51572390","chr12","87539499","87539795","64","35967415"
"chr10","51573576","51573696","chr5","24023994","24024111","8","27549582"
"chr10","51694716","51695017","chr5","24121453","24121749","40","27573263"
"chr10","51702835","51703098","chr5","24129572","24129839","60","27573263"
"chr10","51780697","51781004","chr5","24195087","24195379","44","27585610"
"chr10","51811460","51811779","chr1","106457531","106457833","69","54646071"
"chr10","51824516","51824638","chr4","148876640","148876761","24","97052124"
"chr10","51863535","51863854","chr5","24285218","24285503","68","27578317"
"chr10","51914314","51914612","chr5","9185654","9185954","60","42728660"
"chr10","52068324","52068639","chr5","65054591","65054892","76","12986267"
"chr10","52505986","52506276","chr5","24944431","24944724","49","27561555"
"chr10","52526999","52527280","chr5","24969706","24969999","50","27557293"
"chr10","52869379","52869659","chr4","21602892","21603183","59","31266487"
"chr10","53032211","53032505","chr5","25484269","25484554","38","27547942"
"chr10","53073161","53073339","chrUn_GL286397","312575","312745","37","52760586"
"chr10","53073640","53073772","chr5","123938643","123938770","27","70865003"
"chr10","53076830","53076951","chr7","126919095","126919217","28","73842265"
"chr10","53133479","53133618","chr3","111961656","111961787","23","58828177"
"chr10","53170374","53170671","chr22","29758068","29758367","65","23412306"
"chr10","53415312","53415477","chr9","61291148","61291302","47","7875836"
"chr10","53513624","53513927","chr2","8000025","8000324","56","45513599"
"chr10","53852809","53852938","chr8","28378773","28378902","26","25474036"
"chr10","53853464","53853720","chr2","193796016","193796275","71","139942552"
"chr10","53864693","53864993","chr22","29758068","29758367","46","24106625"
"chr10","53869377","53869677","chr5","26423365","26423671","40","27446012"
"chr10","53931935","53932222","chr5","129489203","129489517","70","75557268"
"chr10","53935492","53935622","chr3","137802923","137803047","22","83867431"
"chr10","53994466","53994595","chr4","104475551","104475678","34","50481085"
"chr10","53996259","53996568","chr18","22800802","22801101","64","31195457"
"chr10","54003220","54003397","chr22","15514870","15515045","34","38488350"
"chr10","54006132","54006442","chr1","200032121","200032424","61","146025989"
"chr10","54211969","54212276","chr22","27403772","27404076","65","26808197"
"chr10","54326251","54326384","chr11","60256130","60256265","21","5929879"
"chr10","54421113","54421536","chr5","123809581","123809921","139","69388468"
"chr10","54452417","54452560","chr3","127159212","127159353","40","72706795"
"chr10","54452884","54453012","chr2","16011820","16011952","39","38441064"
"chr10","54688831","54689135","chr5","27263739","27264021","53","27425092"
"chr10","54697775","54698054","chr2","201309763","201310040","60","146611988"
"chr10","54699977","54700238","chr19","2674424","2674684","63","52025553"
"chr10","54813605","54813866","chr5","27408449","27408736","62","27405156"
"chr10","54872121","54872422","chr1","185506876","185507173","59","130634755"
"chr10","54873209","54873502","chr11","28442088","28442374","70","26431121"
"chr10","55013820","55014143","chr2","55200270","55200573","82","186450"
"chr10","55509532","55509668","chr1","41377894","41378028","27","14131638"
"chr10","55650987","55651115","chr5","28250948","28251073","11","27400039"
"chr10","55670818","55671098","chr11","129151352","129151646","48","73480534"
"chr10","56399925","56399981","chr2","3436653","3436709","7","52963272"
"chr10","56400835","56400994","chr1","185999299","185999458","44","129598464"
"chr10","56401034","56401197","chr5","75168836","75168996","35","18767802"
"chr10","56426475","56426594","chrX","62855522","62855638","32","6429047"
"chr10","56426628","56426646","chr10","7893317","7893334","7","48533311"
"chr10","56584075","56584387","chr5","29164242","29164552","52","27419833"
"chr10","56680627","56680938","chr5","29263982","29264270","62","27416645"
"chr10","56808099","56808385","chr4","111330364","111330653","64","54522265"
"chr10","57090223","57090503","chr5","29648897","29649178","48","27441326"
"chr10","58101529","58101841","chr5","39951353","39951656","69","18150176"
"chr10","58171487","58171618","chr5","4469592","4469726","21","53701895"
"chr10","58273318","58273627","chrX","122434270","122434575","62","64160952"
"chr10","58317245","58317370","chr10","45321452","45321581","22","12995793"
"chr10","58374368","58374643","chr5","89414442","89414708","57","31040074"
"chr10","58409265","58409456","chr5","76792128","76792315","49","18382863"
"chr10","58434993","58435280","chr3","6617961","6618238","69","51817032"
"chr10","58496482","58496610","chr5","63944680","63944810","16","5448198"
"chr10","58510142","58510396","chr11","28317381","28317633","57","30192761"
"chr10","58513469","58513733","chr5","56125107","56125375","36","2388362"
"chr10","58537821","58538084","chr5","30853687","30853939","47","27684134"
"chr10","58557814","58558077","chr5","30876525","30876780","41","27681289"
"chr10","58587618","58587841","chr7","75427691","75427912","49","16840073"
"chr10","58630168","58630476","chr10","35314886","35315185","65","23315282"
"chr10","58653643","58653837","chr5","30976317","30976504","32","27677326"
"chr10","58697013","58697137","chr5","97612044","97612168","20","38915031"
"chr10","58702767","58702920","chr5","126095611","126095757","33","67392844"
"chr10","58720601","58720725","chr5","31045003","31045127","11","27675598"
"chr10","58788927","58789051","chr3","137802923","137803047","20","79013996"
"chr10","59211915","59212076","chr6","43273535","43273677","54","15938380"
"chr10","59302476","59302586","chr3","139344423","139344535","22","80041947"
"chr10","59403544","59403816","chrUn_GL286439","131877","132144","44","59271667"
"chr10","59405751","59405881","chr1","182362661","182362785","17","122956910"
"chr10","59406181","59406308","chr7","26075412","26075534","32","33330769"
"chr10","59406321","59406444","chrX","107428789","107428908","24","48022468"
"chr10","59417783","59417953","chr13","85279506","85279681","34","25861723"
"chr10","59418252","59418378","chr2","10902097","10902210","28","48516155"
"chr10","59427909","59428211","chr20","25064635","25064941","66","34363274"
"chr10","59445832","59445956","chr4","17941977","17942107","32","41503855"
"chr10","59449324","59449635","chr5","131527086","131527390","63","72077762"
"chr10","59450224","59450520","chr5","61257854","61258143","75","1807630"
"chr10","59527162","59527278","chr1","182458279","182458395","21","122931117"
"chr10","59569555","59569830","chr8","22185930","22186206","66","37383625"
"chr10","59594067","59594361","chr5","101404898","101405201","65","41810831"
"chr10","59595166","59595480","chr1","187732879","187733192","44","128137713"
"chr10","59613635","59613764","chr5","43868444","43868575","34","15745191"
"chr10","59613809","59613829","chr2","9724691","9724705","9","49889118"
"chr10","59613857","59614006","chr5","74329230","74329369","29","14715373"
"chr10","59628985","59629245","chr5","127790373","127790639","58","68161388"
"chr10","59633679","59633956","chr1","77102851","77103111","64","17469172"
"chr10","59712007","59712312","chr5","37895721","37896023","61","21816286"
"chr10","59812324","59812402","chr1","182701093","182701165","16","122888769"
"chr10","59813221","59813507","chr1","182701662","182701956","57","122888441"
"chr10","59825296","59825505","chr3","116348612","116348811","56","56523316"
"chr10","59838657","59838995","chr11","7865016","7865343","95","51973641"
"chr10","59858741","59859053","chr1","182749010","182749300","65","122890269"
"chr10","59870705","59870997","chr10","59514709","59514996","63","355996"
"chr10","59927376","59927630","chr7","69342812","69343059","87","9415436"
"chr10","59939398","59939481","chr7","83762244","83762328","19","23822846"
"chr10","59969385","59969642","chr19","33747120","33747383","75","26222265"
"chr10","59981410","59981535","chrUn_GL286426","166489","166610","22","59814921"
"chr10","60051533","60051642","chr1","182935082","182935192","12","122883549"
"chr10","60083923","60084215","chr3","149104058","149104353","62","89020135"
"chr10","60099738","60099838","chr12","20583978","20584080","19","39515760"
"chr10","60106690","60106866","chr1","97059306","97059456","58","36952616"
"chr10","60108291","60108447","chr9","99981425","99981583","32","39873134"
"chr10","60108754","60108885","chr15","16123472","16123605","19","43985282"
"chr10","60144717","60144993","chr1","183024474","183024760","42","122879757"
"chr10","60250826","60251121","chr1","183133377","183133669","58","122882551"
"chr10","60305087","60305384","chr7","70529533","70529824","60","10224446"
"chr10","60359503","60359788","chr1","183234599","183234903","50","122875096"
"chr10","60389624","60389938","chr7","4573193","4573497","65","55816431"
"chr10","60403620","60403923","chr1","183272702","183273012","46","122869082"
"chr10","60471942","60472084","chr14","60892177","60892316","42","420235"
"chr10","60475143","60475248","chrY","1564504","1564612","23","58910639"
"chr10","60493839","60494151","chr2","13987385","13987695","62","46506454"
"chr10","60508162","60508420","chr4","151964886","151965141","54","91456724"
"chr10","60512455","60512764","chr1","185506876","185507173","59","124994421"
"chr10","60628034","60628158","chr1","184780427","184780549","11","124152393"
"chr10","60631889","60631997","chr1","183950600","183950707","19","123318711"
"chr10","60632300","60632514","chr1","91711084","91711278","52","31078784"
"chr10","60647302","60647603","chr1","184778498","184778788","57","124131196"
"chr10","60693310","60693567","chr9","41671862","41672138","71","19021448"
"chr10","60744544","60744837","chr1","183450402","183450693","34","122705858"
"chr10","60794863","60795184","chr7","75242615","75242910","95","14447752"
"chr10","60799762","60800062","chr11","61214278","61214568","51","414516"
"chr10","60809662","60809943","chr14","81263863","81264142","70","20454201"
"chr10","60838161","60838471","chr1","183538202","183538497","65","122700041"
"chr10","60856410","60856702","chr2","55200270","55200573","61","5656140"
"chr10","60863920","60864223","chr7","70292570","70292863","59","9428650"
"chr10","60891741","60891997","chr1","183614141","183614368","59","122722400"
"chr10","60896220","60896388","chr16","46766755","46766919","44","14129465"
"chr10","60979994","60980075","chr2","87156698","87156779","14","26176704"
"chr10","61012125","61012427","chr7","53720001","53720293","81","7292124"
"chr10","61057583","61057877","chr11","65330058","65330354","60","4272475"
"chr10","61103921","61104048","chr7","136413230","136413360","27","75309309"
"chr10","61147875","61148171","chr1","183850104","183850381","50","122702229"
"chr10","61207229","61207347","chr16","69056136","69056255","30","7848907"
"chr10","61207641","61207796","chrX","62901533","62901684","33","1693892"
"chr10","61294714","61295009","chr9","32271092","32271385","58","29023622"
"chr10","61320700","61321007","chr11","110207708","110208007","62","48887008"
"chr10","61331749","61332037","chr1","184028750","184029039","36","122697001"
"chr10","61345534","61345791","chr1","184042849","184043125","42","122697315"
"chr10","61369450","61369744","chr12","9297461","9297743","110","52071989"
"chr10","61399233","61399538","chr2","8000025","8000324","61","53399208"
"chr10","61416325","61416630","chr19","18021088","18021396","65","43395237"
"chr10","61486799","61486928","chr1","184194569","184194698","15","122707770"
"chr10","61497561","61497899","chr5","116225258","116225574","87","54727697"
"chr10","61506448","61506699","chr1","184213663","184213913","27","122707215"
"chr10","61526639","61526932","chr7","144949960","144950250","67","83423321"
"chr10","61575442","61575724","chr1","184283054","184283322","41","122707612"
"chr10","61576517","61576823","chr13","88129881","88130187","62","26553364"
"chr10","61576853","61577153","chr3","105618103","105618396","63","44041250"
"chr10","61621618","61621912","chr1","184332187","184332475","29","122710569"
"chr10","61626226","61626525","chr1","184336496","184336801","48","122710270"
"chr10","61634988","61635260","chr1","184347017","184347281","38","122712029"
"chr10","61676527","61676820","chr4","16462057","16462343","61","45214470"
"chr10","61686906","61687218","chr9","111542388","111542692","70","49855482"
"chr10","61781131","61781298","chr2","7088626","7088790","31","54692505"
"chr10","61781334","61781451","chr3","46055702","46055819","18","15725632"
"chr10","61839380","61839514","chr4","13599154","13599281","29","48240226"
"chr10","61897845","61897968","chr6","61172778","61172903","24","725067"
"chr10","61914673","61914978","chr3","149104058","149104353","74","87189385"
"chr10","61924797","61925036","chr2","72729892","72730123","53","10805095"
"chr10","62148894","62149182","chr21","50457151","50457444","49","11691743"
"chr10","62190347","62190614","chr1","31588873","31589147","37","30601474"
"chr10","62276126","62276401","chr5","144162498","144162784","58","81886372"
"chr10","62291959","62292241","chr10","21048920","21049212","77","41243039"
"chr10","62296634","62296718","chr11","118128148","118128232","14","55831514"
"chr10","62297021","62297156","chr13","4350492","4350626","23","57946529"
"chr10","62334536","62334664","chr9","65816955","65817079","19","3482419"
"chr10","62340747","62341020","chr15","48075643","48075912","58","14265104"
"chr10","62414214","62414382","chr2","63618419","63618575","31","1204205"
"chr10","62414674","62414873","chr7","4697244","4697435","63","57717430"
"chr10","62417664","62417842","chr2","34972530","34972711","34","27445134"
"chr10","62418120","62418240","chr2","166452559","166452668","27","104034439"
"chr10","62534230","62534288","chr4","15640304","15640363","10","46893926"
"chr10","62550081","62550372","chr14","4602297","4602558","88","57947784"
"chr10","62558208","62558429","chr1","185011572","185011817","56","122453364"
"chr10","62589994","62590148","chr16","46276621","46276766","42","16313373"
"chr10","62603041","62603367","chrX","121338941","121339251","76","58735900"
"chr10","62615048","62615333","chr1","185066880","185067179","67","122451832"
"chr10","62672088","62672215","chrX","47000722","47000844","25","15671366"
"chr10","62673770","62674039","chr17","40268447","40268707","69","22405323"
"chr10","62721876","62722008","chr2","170813628","170813760","22","108091752"
"chr10","62735809","62736007","chr5","45463271","45463451","52","17272538"
"chr10","62736293","62736419","chr13","114883886","114884010","19","52147593"
"chr10","62801156","62801450","chr1","185237220","185237505","54","122436064"
"chr10","62824376","62824509","chr16","64673997","64674131","28","1849621"
"chr10","62824584","62824702","chrX","1761742","1761856","26","61062842"
"chr10","62881375","62881508","chr12","112372170","112372303","27","49490795"
"chr10","62887413","62887701","chr1","185329089","185329385","72","122441676"
"chr10","62929170","62929233","chr9","108817576","108817636","10","45888406"
"chr10","62941111","62941358","chr10","98821000","98821242","56","35879889"
"chr10","62941772","62942067","chr1","189636183","189636474","62","126694411"
"chr10","62957482","62957596","chr4","35177675","35177777","45","27779807"
"chr10","62957882","62958003","chr5","129824971","129825097","19","66867089"
"chr10","63033593","63033730","chr1","185472360","185472497","22","122438767"
"chr10","63033732","63034025","chr1","185472499","185472793","30","122438767"
"chr10","63092944","63093045","chr1","200324860","200324957","26","137231916"
"chr10","63098952","63099058","chr1","200324860","200324957","34","137225908"
"chr10","63162894","63163202","chr15","57058522","57058823","56","6104372"
"chr10","63174140","63174426","chr13","16903965","16904251","58","46270175"
"chr10","63193131","63193207","chrX","10321034","10321111","11","52872097"
"chr10","63221877","63222187","chr1","185670237","185670538","59","122448360"
"chr10","63256148","63256245","chr10","8277008","8277101","22","54979140"
"chr10","63284635","63284947","chr1","185735075","185735381","36","122450440"
"chr10","63292212","63292513","chr1","185742295","185742581","59","122450083"
"chr10","63350991","63351287","chr1","185796657","185796954","45","122445666"
"chr10","63401144","63401448","chr2","153911331","153911638","64","90510187"
"chr10","63461889","63462077","chr12","104441994","104442167","47","40980105"
"chr10","63462385","63462508","chr7","12988414","12988537","16","50473971"
"chr10","63533327","63533600","chr10","74268223","74268494","74","10734896"
"chr10","63542257","63542563","chr1","184973921","184974227","41","121431664"
"chr10","63809674","63809968","chr9","53523121","53523415","60","10286553"
"chr10","63824560","63824810","chr12","19657642","19657879","65","44166918"
"chr10","63829767","63830073","chr2","61441635","61441932","40","2388132"
"chr10","64180357","64180484","chr6","144234386","144234514","25","80054029"
"chr10","64264790","64265090","chrX","101470930","101471210","68","37206140"
"chr10","64276218","64276515","chr2","13511856","13512150","63","50764362"
"chr10","64291257","64291379","chr11","65528037","65528159","20","1236780"
"chr10","64349614","64349753","chr17","73579363","73579487","35","9229749"
"chr10","64712651","64712930","chr1","155032190","155032474","60","90319539"
"chr10","64735703","64735960","chr2","7657045","7657305","52","57078658"
"chr10","64740304","64740426","chr1","183375460","183375586","17","118635156"
"chr10","64887972","64888265","chr21","46998038","46998338","65","17889934"
"chr10","65208242","65208372","chr1","192440376","192440501","24","127232134"
"chr10","65208669","65208850","chr22","31513470","31513644","48","33695199"
"chr10","65245400","65245729","chr1","186882377","186882686","70","121636977"
"chr10","65250977","65251142","chr8","90812382","90812546","48","25561405"
"chr10","65251171","65251286","chr1","192031975","192032090","17","126780804"
"chr10","65261709","65261999","chrUn_GL288297","16450","16738","34","65245259"
"chr10","65291642","65291810","chr9","58584095","58584276","45","6707547"
"chr10","65453766","65454054","chr1","184609847","184610128","64","119156081"
"chr10","65525047","65525309","chr2","9756124","9756386","43","55768923"
"chr10","65621622","65621858","chr4","167759340","167759567","49","102137718"
"chr10","65634519","65634826","chr15","28321944","28322236","64","37312575"
"chr10","65681291","65681489","chr19","15978041","15978235","44","49703250"
"chr10","65681747","65681856","chr21","36793127","36793240","24","28888620"
"chr10","65689075","65689300","chr2","62232760","62232953","56","3456315"
"chr10","65691509","65691656","chr5","84121565","84121712","46","18430056"
"chr10","65691959","65692054","chr3","118898265","118898354","22","53206306"
"chr10","65716299","65716648","chrX","46524812","46525145","92","19191487"
"chr10","65750311","65750418","chr11","111084407","111084517","15","45334096"
"chr10","65750454","65750752","chr5","131527086","131527390","58","65776632"
"chr10","65755198","65755361","chr22","17347783","17347929","42","48407415"
"chr10","65807408","65807536","chr15","64519168","64519297","19","1288240"
"chr10","65822483","65822617","chr22","29612456","29612579","33","36210027"
"chr10","65822923","65823075","chr22","34252705","34252860","34","31570218"
"chr10","65853397","65853503","chr7","62523115","62523222","23","3330282"
"chr10","65915605","65915905","chr2","2124319","2124620","72","63791286"
"chr10","65922287","65922527","chr9","107961301","107961537","60","42039014"
"chr10","65933088","65933350","chr7","41613711","41613963","76","24319377"
"chr10","65959371","65959679","chr1","21430763","21431070","75","44528608"
"chr10","65990845","65990969","chr1","187530445","187530567","15","121539600"
"chr10","65995640","65995762","chr1","98656756","98656886","22","32661116"
"chr10","66007942","66008230","chr1","187508599","187508874","45","121500657"
"chr10","66044617","66044924","chr8","97620169","97620475","58","31575552"
"chr10","66175268","66175403","chr7","46700947","46701073","31","19474321"
"chr10","66178460","66178616","chr5","120299847","120300014","49","54121387"
"chr10","66182095","66182269","chr7","27600460","27600614","55","38581635"
"chr10","66186774","66187062","chr1","187327243","187327535","41","121140469"
"chr10","66252088","66252385","chr2","17670653","17670953","65","48581435"
"chr10","66303286","66303571","chrX","50794670","50794958","53","15508616"
"chr10","66388766","66389054","chrX","50794670","50794958","55","15594096"
"chr10","66428673","66428974","chr1","186925211","186925535","68","120496538"
"chr10","66430967","66431270","chr22","36673498","36673805","58","29757469"
"chr10","66530138","66530375","chr1","187031526","187031772","50","120501388"
"chr10","66540153","66540451","chr10","114838607","114838907","67","48298454"
"chr10","66547039","66547348","chr1","187048059","187048373","48","120501020"
"chr10","66654599","66654890","chr5","121237736","121238019","65","54583137"
"chr10","66703142","66703455","chr1","187207665","187207976","52","120504523"
"chr10","66720844","66720970","chr18","14848181","14848308","18","51872663"
"chr10","66731966","66732264","chr9","101966653","101966946","68","35234687"
"chr10","66880596","66880888","chr2","13511856","13512150","60","53368740"
"chr10","67071910","67072041","chr9","65816955","65817079","22","1254955"
"chr10","67072340","67072358","chr5","130763003","130763018","9","63690663"
"chr10","67072955","67073158","chr2","105199004","105199203","63","38126049"
"chr10","67082310","67082580","chr22","4813678","4813944","56","62268632"
"chr10","67090782","67091019","chr1","82026409","82026638","56","14935627"
"chr10","67146560","67146870","chr1","188103722","188104045","46","120957162"
"chr10","67151892","67152023","chr11","120560318","120560450","23","53408426"
"chr10","67198275","67198581","chr1","118797181","118797481","66","51598906"
"chr10","67202580","67202885","chr1","188158341","188158648","26","120955761"
"chr10","67244029","67244322","chr1","188203230","188203516","50","120959201"
"chr10","67249229","67249351","chr1","188208012","188208131","15","120958783"
"chr10","67263387","67263518","chrX","58482136","58482260","22","8781251"
"chr10","67289385","67289691","chr9","101966653","101966946","65","34677268"
"chr10","67315657","67315964","chr1","188284356","188284654","43","120968699"
"chr10","67367353","67367653","chr1","188329792","188330095","35","120962439"
"chr10","67537048","67537094","chr15","70507073","70507119","7","2970025"
"chr10","67619445","67619763","chrX","106856185","106856498","61","39236740"
"chr10","67684541","67684837","chr1","188717372","188717649","55","121032831"
"chr10","67708011","67708302","chr1","188745546","188745831","33","121037535"
"chr10","67932138","67932451","chr5","131527086","131527390","64","63594948"
"chr10","68089226","68089490","chr1","189191825","189192111","45","121102599"
"chr10","68142614","68142930","chr1","189248631","189248949","49","121106017"
"chr10","68144788","68145061","chr2","8980236","8980513","66","59164552"
"chr10","68162236","68162477","chr7","44218161","44218393","73","23944075"
"chr10","68174810","68175087","chr4","106105978","106106250","77","37931168"
"chr10","68207436","68207600","chr19","7056935","7057093","30","61150501"
"chr10","68207916","68208082","chr6","17820371","17820524","48","50387545"
"chr10","68219933","68220198","chr13","60924997","60925259","60","7294936"
"chr10","68304393","68304649","chr1","206057879","206058135","66","137753486"
"chr10","68336946","68337226","chr9","106173665","106173947","62","37836719"
"chr10","68339327","68339456","chr4","14872788","14872907","33","53466539"
"chr10","68346761","68347078","chr15","57058522","57058823","70","11288239"
"chr10","68347880","68347994","chr7","230246","230360","22","68117634"
"chr10","68357882","68358170","chr9","53523121","53523415","56","14834761"
"chr10","68378189","68378450","chr7","70465192","70465461","56","2087003"
"chr10","68384532","68384794","chr17","38243497","38243754","60","30141035"
"chr10","68391696","68391814","chr1","189501322","189501439","11","121109626"
"chr10","68393981","68394114","chr22","45119087","45119217","23","23274894"
"chr10","68394115","68394410","chr1","189504192","189504486","26","121110077"
"chr10","68431175","68431309","chr7","137405582","137405713","23","68974407"
"chr10","68451987","68452173","chr1","189573586","189573762","38","121121599"
"chr10","68496531","68496818","chr1","189623405","189623671","43","121126874"
"chr10","68664369","68664675","chr14","99471702","99472002","59","30807333"
"chr10","68719510","68719679","chr10","55790487","55790648","41","12929023"
"chr10","68719974","68720111","chr12","11035256","11035394","23","57684718"
"chr10","68871086","68871410","chr1","190028846","190029138","74","121157760"
"chr10","68941947","68942080","chr10","82819638","82819773","22","13877691"
"chr10","68986639","68986930","chr2","9761283","9761568","60","59225356"
"chr10","69147004","69147296","chr1","155032190","155032474","59","85885186"
"chr10","69168740","69169011","chr1","190312995","190313251","55","121144255"
"chr10","69265898","69266200","chr1","190403726","190404022","50","121137828"
"chr10","69329705","69329924","chr11","124318402","124318622","40","54988697"
"chr10","69372904","69373201","chr1","190507640","190507914","55","121134736"
"chr10","69463261","69463584","chr20","20538718","20539049","62","48924543"
"chr10","69491105","69491402","chr1","190625983","190626269","38","121134878"
"chr10","69544032","69544161","chr22","18128678","18128803","15","51415354"
"chr10","69625677","69625771","chr2","10906979","10907070","17","58718698"
"chr10","69698889","69699042","chr22","17416127","17416287","34","52282762"
"chr10","69699343","69699484","chr7","45651390","45651528","24","24047953"
"chr10","69739002","69739287","chr1","190862381","190862673","50","121123379"
"chr10","69774590","69774723","chr4","44916989","44917117","27","24857601"
"chr10","69886472","69886772","chr1","191011521","191011812","51","121125049"
"chr10","70190297","70190611","chr6","117308252","117308560","62","47117955"
"chr10","70214540","70214842","chr1","191338211","191338509","41","121123671"
"chr10","70216091","70216372","chr1","191338211","191338509","45","121122120"
"chr10","70262488","70262551","chr7","44594095","44594156","16","25668393"
"chr10","70303791","70304071","chr9","85053683","85053955","64","14749892"
"chr10","70393390","70393666","chr1","155032190","155032474","56","84638800"
"chr10","70397070","70397370","chr1","191450960","191451256","50","121053890"
"chr10","70399974","70400284","chr7","128434878","128435186","66","58034904"
"chr10","70436147","70436236","chr4","103785519","103785617","19","33349372"
"chr10","70456490","70456791","chr9","18838366","18838663","70","51618124"
"chr10","70492508","70492795","chr1","191559624","191559919","35","121067116"
"chr10","70523542","70523684","chrX","51477759","51477894","25","19045783"
"chr10","70531026","70531320","chr1","191599920","191600207","37","121068894"
"chr10","70604848","70605143","chrUn_GL286409","290667","290955","63","70314181"
"chr10","70689683","70689955","chr5","125877212","125877479","70","55187529"
"chr10","70762114","70762425","chr1","191869914","191870200","70","121107800"
"chr10","70781319","70781613","chr10","93110088","93110390","63","22328769"
"chr10","70784568","70784821","chr7","128732867","128733111","61","57948299"
"chr10","70790625","70790876","chr1","191896494","191896742","32","121105869"
"chr10","70846618","70846883","chrX","103995433","103995708","64","33148815"
"chr10","70867355","70867652","chr1","191974378","191974673","63","121107023"
"chr10","70916418","70916626","chr1","192020350","192020555","34","121103932"
"chr10","70927615","70927750","chr2","9000891","9001022","20","61926724"
"chr10","70941788","70942088","chr1","192044767","192045049","50","121102979"
"chr10","70974801","70975097","chrX","20607629","20607919","59","50367172"
"chr10","71037647","71037931","chr5","134469571","134469845","64","63431924"
"chr10","71041842","71041976","chr11","28044866","28045001","20","42996976"
"chr10","71046250","71046387","chr4","110937154","110937284","27","39890904"
"chr10","71105311","71105582","chr1","192191879","192192147","42","121086568"
"chr10","71124877","71125179","chr22","32315972","32316276","57","38808905"
"chr10","71174450","71174505","chr1","135742828","135742878","10","64568378"
"chr10","71174805","71175052","chr22","15492261","15492493","68","55682544"
"chr10","71293717","71293849","chr3","65250236","65250367","22","6043481"
"chr10","71303274","71303554","chr1","192354092","192354385","57","121050818"
"chr10","71364932","71365058","chr1","192440376","192440501","12","121075444"
"chr10","71372535","71372857","chr1","192446843","192447152","52","121074308"
"chr10","71383700","71384017","chr12","112815413","112815731","68","41431713"
"chr10","71384917","71385050","chr1","192457186","192457318","13","121072269"
"chr10","71492734","71492863","chr1","192542368","192542501","15","121049634"
"chr10","71495171","71495476","chr1","192544829","192545117","53","121049658"
"chr10","71582077","71582215","chr12","11035256","11035394","25","60546821"
"chr10","71582462","71582646","chr13","9173046","9173224","38","62409416"
"chr10","71586417","71586581","chr11","24390031","24390192","28","47196386"
"chr10","71586608","71586621","chr2","9724691","9724705","5","61861917"
"chr10","71586958","71587143","chr10","96640884","96641050","50","25053926"
"chr10","71680483","71680778","chr1","192724163","192724458","37","121043680"
"chr10","71682028","71682300","chr5","53014207","53014467","54","18667821"
"chr10","71689782","71690089","chr1","192734920","192735204","55","121045138"
"chr10","71692876","71693150","chr1","141266461","141266723","71","69573585"
"chr10","71806351","71806499","chr7","57215506","57215649","36","14590845"
"chr10","71820321","71820615","chr1","192833283","192833570","45","121012962"
"chr10","71857803","71858107","chr1","192872127","192872414","51","121014324"
"chr10","71892697","71893002","chr14","80754932","80755229","54","8862235"
"chr10","71899080","71899379","chr2","8141798","8142089","58","63757282"
"chr10","71910616","71910788","chr1","139087127","139087312","47","67176511"
"chr10","71988483","71988769","chrX","117922794","117923086","66","45934311"
"chr10","71988792","71988914","chr14","41097088","41097209","19","30891704"
"chr10","72042173","72042470","chr1","193066838","193067123","50","121024665"
"chr10","72106200","72106501","chr1","193130269","193130568","39","121024069"
"chr10","72141165","72141445","chrX","17832431","17832705","52","54308734"
"chr10","72156520","72156720","chr1","193184267","193184450","37","121027747"
"chr10","72168977","72169115","chr1","193198835","193198970","20","121029858"
"chr10","72190707","72190965","chr22","39542345","39542617","68","32648362"
"chr10","72196151","72196273","chr20","26032000","26032122","21","46164151"
"chr10","72203198","72203550","chr8","75873726","75874038","98","3670528"
"chr10","72220674","72220919","chr8","4141665","4141912","45","68079009"
"chr10","72239696","72239797","chr7","59801467","59801567","18","12438229"
"chr10","72240382","72240493","chr2","55442530","55442646","31","16797852"
"chr10","72247869","72248151","chr20","3690374","3690654","60","68557495"
"chr10","72252026","72252313","chr7","43435989","43436282","59","28816037"
"chr10","72256317","72256425","chr15","19331927","19332035","20","52924390"
"chr10","72268765","72268898","chr9","65797051","65797176","31","6471714"
"chr10","72289169","72289471","chr9","112309848","112310148","78","40020679"
"chr10","72339131","72339330","chr1","175079919","175080121","43","102740788"
"chr10","72339563","72339702","chr1","157999498","157999632","28","85659935"
"chr10","72350722","72351032","chr6","31372066","31372370","62","40978656"
"chr10","72396258","72396372","chr2","7433105","7433216","28","64963153"
"chr10","72410710","72411008","chr9","45335801","45336101","54","27074909"
"chr10","72592699","72592994","chr11","69815786","69816089","66","2776913"
"chr10","72671707","72672023","chrX","23133467","23133773","64","49538240"
"chr10","72760523","72760835","chr5","11377719","11378025","68","61382804"
"chr10","72781812","72782079","chr10","74268223","74268494","60","1486411"
"chr10","72889489","72889747","chr7","101048","101308","70","72788441"
"chr10","72900050","72900341","chr9","102233046","102233336","64","29332996"
"chr10","72913900","72914220","chr14","59498349","59498666","65","13415551"
"chr10","72933713","72933844","chr12","12297542","12297674","26","60636171"
"chr10","73064763","73064907","chr22","28725876","28726022","34","44338887"
"chr10","73064940","73065057","chr9","107943149","107943266","15","34878209"
"chr10","73133576","73133700","chr9","65816955","65817079","16","7316621"
"chr10","73138953","73139255","chr1","194089894","194090181","45","120950941"
"chr10","73246787","73246893","chr12","11639607","11639724","28","61607180"
"chr10","73276089","73276424","chr10","98965344","98965655","92","25689255"
"chr10","73295028","73295105","chrUn_GL286397","175834","175911","13","73119194"
"chr10","73296073","73296383","chr1","194221560","194221846","53","120925487"
"chr10","73313719","73313873","chr9","95405617","95405776","33","22091898"
"chr10","73314156","73314287","chr4","113256464","113256591","28","39942308"
"chr10","73315824","73315948","chr6","147171167","147171293","17","73855343"
"chr10","73335717","73335942","chr1","194258345","194258595","44","120922628"
"chr10","73373037","73373159","chr9","101275237","101275361","17","27902200"
"chr10","73390233","73390376","chr7","61484434","61484571","32","11905799"
"chr10","73397464","73397623","chr7","24977819","24977978","33","48419645"
"chr10","73397868","73398037","chr22","31296093","31296252","47","42101775"
"chr10","73398339","73398374","chr4","86330088","86330119","10","12931749"
"chr10","73450712","73450892","chr13","6071368","6071541","32","67379344"
"chr10","73484170","73484289","chr2","184239835","184239959","34","110755665"
"chr10","73485129","73485336","chr9","114733472","114733686","59","41248343"
"chr10","73583404","73583528","chr12","12666683","12666807","18","60916721"
"chr10","73588252","73588374","chr17","18697273","18697397","17","54890979"
"chr10","73594247","73594525","chr1","194517174","194517454","56","120922927"
"chr10","73612240","73612554","chr3","82913223","82913528","73","9300983"
"chr10","73612860","73613149","chr4","16462057","16462343","52","57150803"
"chr10","73633596","73633747","chr22","34252705","34252860","37","39380891"
"chr10","73634042","73634185","chr18","9327614","9327757","30","64306428"
"chr10","73641941","73642054","chr2","129088601","129088710","26","55446660"
"chr10","73642361","73642491","chr2","17455028","17455152","27","56187333"
"chr10","73673411","73673673","chr22","31616554","31616790","68","42056857"
"chr10","73677181","73677452","chr7","43504141","43504423","61","30173040"
"chr10","73678836","73679080","chr8","91741677","91741922","68","18062841"
"chr10","73681758","73681867","chr1","194601865","194601976","19","120920107"
"chr10","73732365","73732486","chr7","46700947","46701073","17","27031418"
"chr10","73766471","73766758","chr6","24909198","24909485","61","48857273"
"chr10","73787913","73788205","chr7","78397742","78398033","60","4609829"
"chr10","73867798","73868086","chr1","194801777","194802045","63","120933979"
"chr10","73878089","73878220","chr5","46011681","46011810","26","27866408"
"chr10","73906518","73906650","chr4","13599154","13599281","23","60307364"
"chr10","73936002","73936157","chr5","25421746","25421886","42","48514256"
"chr10","73946124","73946259","chr1","192542368","192542501","23","118596244"
"chr10","73962373","73962667","chr1","194896977","194897261","60","120934604"
"chr10","74005726","74005838","chr11","74887924","74888033","22","882198"
"chr10","74032712","74032881","chr1","3949737","3949895","51","70082975"
"chr10","74103640","74103755","chr5","110662950","110663062","25","36559310"
"chr10","74265242","74265499","chr8","107146130","107146409","75","32880888"
"chr10","74353688","74353997","chr19","18021088","18021396","63","56332600"
"chr10","74361603","74361817","chr1","195081434","195081668","41","120719831"
"chr10","74441950","74442248","chr4","37989704","37990002","62","36452246"
"chr10","74508744","74508913","chr7","88830081","88830245","30","14321337"
"chr10","74509066","74509193","chr1","193430105","193430235","31","118921039"
"chr10","74792036","74792323","chr1","195440331","195440606","53","120648295"
"chr10","75185205","75185518","chr15","82901630","82901926","70","7716425"
"chr10","75187407","75187561","chr3","5910863","5911020","38","69276544"
"chr10","75187860","75187994","chr2","10110790","10110922","21","65077070"
"chr10","75247952","75248265","chr21","4216405","4216711","59","71031547"
"chr10","75250852","75251152","chr1","195812763","195813069","58","120561911"
"chr10","75389462","75389842","chr13","95911900","95912269","107","20522438"
"chr10","75425516","75425821","chr1","195996861","195997155","60","120571345"
"chr10","75477087","75477325","chr4","159802850","159803070","63","84325763"
"chr10","75511081","75511377","chr5","129144050","129144340","58","53632969"
"chr10","75779666","75779964","chr1","196343199","196343502","62","120563533"
"chr10","75864986","75865085","chr1","197143927","197144019","19","121278941"
"chr10","75870086","75870381","chr5","97546203","97546488","62","21676117"
"chr10","75909973","75910256","chr1","155032190","155032474","71","79122217"
"chr10","76124290","76124410","chr6","110911653","110911772","27","34787363"
"chr10","77180475","77180743","chr2","56791226","56791491","77","20389249"
"chr10","77377227","77377399","chr4","35718965","35719129","40","41658262"
"chr10","77377664","77377811","chr2","203979369","203979506","39","126601705"
"chr10","77560944","77561255","chr6","32054163","32054464","60","45506781"
"chr10","77608514","77608617","chr7","32049061","32049166","26","45559453"
"chr10","77634916","77635111","chr18","6527219","6527397","69","71107697"
"chr10","77725992","77726301","chr1","198276236","198276530","48","120550244"
"chr10","77836207","77836347","chr1","157999498","157999632","30","80163291"
"chr10","77865277","77865402","chr6","80051504","80051636","30","2186227"
"chr10","77992584","77992684","chr1","15320391","15320477","28","62672193"
"chr10","78053935","78054224","chr12","26956039","26956339","70","51097896"
"chr10","78195126","78195312","chr7","44938611","44938794","33","33256515"
"chr10","78278156","78278465","chr1","198750993","198751297","32","120472837"
"chr10","78287511","78287832","chrX","20308080","20308391","67","57979431"
"chr10","78293924","78294056","chr2","10110790","10110922","24","68183134"
"chr10","78310625","78310907","chr8","11805106","11805390","58","66505519"
"chr10","78372683","78372994","chr16","94113551","94113856","70","15740868"
"chr10","78437768","78438078","chr1","198887186","198887498","46","120449418"
"chr10","78500784","78501087","chr1","198944230","198944536","48","120443446"
"chr10","78595343","78595643","chr1","199046403","199046687","54","120451060"
"chr10","78624319","78624631","chr1","199078152","199078471","51","120453833"
"chr10","78858166","78858445","chr10","86859025","86859314","41","8000859"
"chr10","78872416","78872702","chr1","143562031","143562314","57","64689615"
"chr10","78949763","78949906","chr7","28853909","28854046","44","50095854"
"chr10","78950395","78950456","chr21","29291712","29291770","15","49658683"
"chr10","78950767","78950867","chr13","54662425","54662520","23","24288342"
"chr10","79089991","79090291","chr13","60572029","60572314","69","18517962"
"chr10","79093748","79094032","chr5","125594619","125594906","56","46500871"
"chr10","79420288","79420594","chr9","28959190","28959500","62","50461098"
"chr10","79423082","79423388","chr1","199770607","199770899","52","120347525"
"chr10","79506256","79506460","chr5","107263432","107263635","58","27757176"
"chr10","79521421","79521748","chr5","59406520","59406821","83","20114901"
"chr10","79572012","79572133","chr15","64306043","64306166","28","15265969"
"chr10","79643480","79643773","chr4","110955984","110956276","52","31312504"
"chr10","79651651","79651774","chr6","132166323","132166446","22","52514672"
"chr10","79689569","79689682","chr2","116663659","116663774","24","36974090"
"chr10","79689986","79690169","chr9","123758168","123758347","42","44068182"
"chr10","79711791","79711913","chrX","107428789","107428908","17","27716998"
"chr10","79722802","79722900","chr1","182539859","182539947","31","102817057"
"chr10","79749150","79749443","chr1","200200397","200200674","59","120451247"
"chr10","79881935","79882030","chr4","3720844","3720942","27","76161091"
"chr10","79923859","79923898","chr4","3751293","3751333","16","76172566"
"chr10","79924140","79924280","chr10","71376250","71376366","39","8547890"
"chr10","80053799","80054051","chr19","17355793","17356029","67","62698006"
"chr10","80206838","80207125","chr1","143774989","143775260","69","63568151"
"chr10","80209481","80209786","chr7","32363417","32363723","56","47846064"
"chr10","80259996","80260138","chr5","86428102","86428250","31","6168106"
"chr10","80326384","80326680","chr2","18917278","18917580","70","61409106"
"chr10","80340254","80340423","chr7","88830081","88830245","35","8489827"
"chr10","80340728","80340851","chr9","112874431","112874552","26","32533703"
"chr10","80404127","80404437","chr1","200821158","200821456","54","120417031"
"chr10","80599538","80599703","chr18","33201864","33202025","43","47397674"
"chr10","80648415","80648679","chr5","59212868","59213126","61","21435547"
"chr10","80656680","80656967","chr1","201041773","201042045","55","120385093"
"chr10","80727470","80727616","chr6","149129553","149129705","40","68402083"
"chr10","80727914","80728052","chr1","118529934","118530068","29","37802020"
"chr10","80782184","80782305","chr1","171960413","171960536","19","91178229"
"chr10","80885545","80885623","chr10","116296898","116296975","13","35411353"
"chr10","80887469","80887669","chr6","16641767","16641954","58","64245702"
"chr10","81136257","81136559","chr14","80754932","80755229","54","381325"
"chr10","81162517","81162529","chr9","114463129","114463145","4","33300612"
"chr10","81162593","81162875","chr12","2858540","2858826","54","78304053"
"chr10","81192824","81193178","chr1","201372681","201373019","54","120179857"
"chr10","81206126","81206419","chr10","44890595","44890883","58","36315531"
"chr10","81264971","81265277","chr15","28103035","28103322","71","53161936"
"chr10","81266673","81266985","chr19","1163250","1163563","66","80103423"
"chr10","81283033","81283178","chr1","201463669","201463817","33","120180636"
"chr10","81283459","81283626","chr1","201464337","201464497","30","120180878"
"chr10","81287580","81287717","chr5","124839437","124839572","28","43551857"
"chr10","81288026","81288192","chr2","14751458","14751615","31","66536568"
"chr10","81549187","81549367","chr13","69589789","69589954","42","11959398"
"chr10","81549642","81549659","chr5","3024247","3024263","8","78525395"
"chr10","81549945","81550101","chr18","14647029","14647180","37","66902916"
"chr10","81602021","81602326","chr6","116646407","116646718","53","35044386"
"chr10","81805131","81805429","chr2","74390700","74390996","56","7414431"
"chr10","81916847","81917140","chrUn_GL286373","1276203","1276495","27","80640644"
"chr10","81947409","81947701","chrUn_GL286373","1308819","1309112","39","80638590"
"chr10","81974227","81974491","chrUn_GL286373","1338629","1338871","50","80635598"
"chr10","82020747","82021051","chr2","5080531","5080830","61","76940216"
"chr10","82177357","82177650","chrX","17608284","17608574","68","64569073"
"chr10","82206528","82206829","chrUn_GL286373","1564436","1564746","45","80642092"
"chr10","82221187","82221462","chrUn_GL286373","1579018","1579280","42","80642169"
"chr10","82251168","82251469","chrUn_GL286373","1564436","1564746","47","80686732"
"chr10","82354129","82354408","chr5","125558030","125558312","62","43203901"
"chr10","82503740","82504026","chr3","40209261","40209534","61","42294479"
"chr10","82523811","82524097","chr7","53640923","53641209","50","28882888"
"chr10","82532275","82532330","chr9","116188985","116189040","8","33656710"
"chr10","82592665","82592963","chrUn_GL286373","1957123","1957418","41","80635542"
"chr10","82600021","82600306","chrUn_GL286373","1963546","1963839","62","80636475"
"chr10","82605220","82605531","chr12","107006984","107007288","61","24401764"
"chr10","82615599","82615793","chr1","129159547","129159726","56","46543948"
"chr10","82619926","82620269","chr5","83784939","83785295","100","1165013"
"chr10","82628521","82628825","chr7","32518934","32519239","59","50109587"
"chr10","82633331","82633538","chr10","63756817","63757032","52","18876514"
"chr10","82678798","82679046","chr6","67256542","67256821","84","15422256"
"chr10","82680760","82681049","chr5","96315434","96315736","85","13634674"
"chr10","82688687","82688998","chrX","107193280","107193586","66","24504593"
"chr10","82699454","82699761","chrUn_GL286373","2049249","2049540","45","80650205"
"chr10","82699824","82700115","chr5","40743409","40743693","63","41956415"
"chr10","82731804","82731932","chr2","11695570","11695700","20","71036234"
"chr10","82773802","82774119","chr2","15424118","15424424","63","67349684"
"chr10","82829367","82829492","chr1","65245501","65245628","16","17583866"
"chr10","82868765","82868884","chr12","18598775","18598893","21","64269990"
"chr10","82898407","82898512","chr2","93927440","93927542","17","11029033"
"chr10","82904481","82904775","chr9","45121884","45122176","67","37782597"
"chr10","82936365","82936506","chr1","173569423","173569569","38","90633058"
"chr10","82940664","82940776","chr7","30215462","30215575","21","52725202"
"chr10","82951714","82951913","chr1","201627818","201628015","26","118676104"
"chr10","82973338","82973632","chr10","126717486","126717756","91","43744148"
"chr10","82976245","82976531","chr1","201647764","201648042","48","118671519"
"chr10","83049646","83049970","chr15","61828848","61829146","84","21220798"
"chr10","83053235","83053523","chr5","6313507","6313787","62","76739728"
"chr10","83079101","83079292","chr11","59511774","59511966","47","23567327"
"chr10","83101041","83101309","chr8","107421957","107422209","65","24320916"
"chr10","83108430","83108747","chr1","201743540","201743850","57","118635110"
"chr10","83110904","83111088","chr1","188326542","188326728","40","105215638"
"chr10","83116346","83116573","chr11","20973291","20973519","42","62143055"
"chr10","83125922","83126215","chr1","201757442","201757742","44","118631520"
"chr10","83163577","83163821","chr5","152236917","152237178","69","69073340"
"chr10","83183793","83183908","chr1","201822970","201823082","19","118639177"
"chr10","83210944","83211258","chr2","138027451","138027756","70","54816507"
"chr10","83264604","83264882","chr13","18375315","18375595","66","64889289"
"chr10","83294567","83294699","chr2","11695570","11695700","20","71598997"
"chr10","83313904","83314162","chr18","34201571","34201835","67","49112333"
"chr10","83363792","83363929","chr1","41377894","41378028","26","41985898"
"chr10","83364232","83364412","chr10","5708376","5708546","46","77655856"
"chr10","83369889","83370178","chr16","20547242","20547528","53","62822647"
"chr10","83391515","83391652","chr10","119795884","119796023","37","36404369"
"chr10","83391952","83392087","chr3","149245179","149245310","19","65853227"
"chr10","83427100","83427399","chr1","202058415","202058725","44","118631315"
"chr10","83442712","83442975","chr1","202072282","202072544","49","118629570"
"chr10","83453979","83454039","chr1","202084540","202084596","11","118630561"
"chr10","83499591","83499709","chr6","31342337","31342455","22","52157254"
"chr10","83557861","83558178","chr1","202184395","202184683","60","118626534"
"chr10","83570741","83571038","chr7","87368088","87368386","57","3797347"
"chr10","83599462","83599759","chr2","16070846","16071128","73","67528616"
"chr10","83635250","83635546","chr2","20509241","20509527","71","63126009"
"chr10","83636199","83636379","chr7","65633736","65633902","53","18002463"
"chr10","83636714","83636854","chr2","170813628","170813760","25","87176914"
"chr10","83637449","83637583","chr3","166537129","166537257","23","82899680"
"chr10","83643031","83643280","chr14","80054050","80054303","59","3588981"
"chr10","83699939","83700244","chr1","200746044","200746338","60","117046105"
"chr10","83714129","83714381","chr14","80054050","80054303","57","3660079"
"chr10","83730329","83730635","chr14","80754932","80755229","69","2975397"
"chr10","83805437","83805737","chrUn_GL286373","642413","642728","55","83163024"
"chr10","83819023","83819355","chr12","52167967","52168289","73","31651056"
"chr10","83841336","83841398","chrUn_GL286373","610027","610088","7","83231309"
"chr10","83870870","83871015","chr17","69810913","69811045","47","14059957"
"chr10","83871330","83871457","chr6","86252050","86252171","21","2380720"
"chr10","83927969","83928272","chr1","185506876","185507173","63","101578907"
"chr10","83947521","83947832","chr2","188726800","188727096","69","104779279"
"chr10","83966491","83966615","chr1","65498126","65498250","19","18468365"
"chr10","83979798","83980092","chr3","149104058","149104353","52","65124260"
"chr10","84061799","84062100","chr3","189280360","189280656","60","105218561"
"chr10","84088722","84088852","chr16","94042636","94042767","22","9953914"
"chr10","84093804","84093936","chrX","106469400","106469531","18","22375596"
"chr10","84096385","84096660","chrUn_GL286373","353033","353306","32","83743352"
"chr10","84124676","84124974","chr12","12640059","12640347","61","71484617"
"chr10","84126074","84126392","chr6","31372066","31372370","70","52754008"
"chr10","84126406","84126530","chr1","106234261","106234385","18","22107855"
"chr10","84143286","84143449","chr2","7088626","7088790","31","77054660"
"chr10","84143737","84143881","chr18","9486979","9487116","37","74656758"
"chr10","84228917","84229192","chr5","134469571","134469845","62","50240654"
"chr10","84238921","84239052","chr2","87336159","87336287","25","3097238"
"chr10","84291558","84291776","chrUn_GL286373","145884","146128","44","84145674"
"chr10","84307702","84307986","chrUn_GL286373","131129","131427","44","84176573"
"chr10","84308128","84308389","chrUn_GL286373","130406","130637","72","84177722"
"chr10","84456683","84456976","chr1","202304028","202304326","40","117847345"
"chr10","84465968","84466255","chr13","60354203","60354490","57","24111765"
"chr10","84556408","84556639","chr22","29071481","29071698","51","55484927"
"chr10","84587090","84587400","chrX","121338941","121339251","74","36751851"
"chr10","84603496","84603787","chr7","137539963","137540262","56","52936467"
"chr10","84624015","84624327","chr13","36303745","36304037","70","48320270"
"chr10","84748833","84749070","chr1","173737092","173737335","65","88988259"
"chr10","84752567","84752869","chr1","202536120","202536417","43","117783553"
"chr10","84791844","84791980","chrY","721809","721944","21","84070035"
"chr10","84792283","84792423","chr6","99912583","99912730","41","15120300"
"chr10","84795254","84795462","chr5","61753281","61753487","43","23041973"
"chr10","84801749","84802024","chr1","202602680","202602947","50","117800931"
"chr10","84814909","84815110","chr5","6447228","6447428","45","78367681"
"chr10","84821708","84821848","chr2","47690017","47690157","30","37131691"
"chr10","84823308","84823479","chr3","150153665","150153833","42","65330357"
"chr10","84828030","84828047","chr2","9724691","9724705","6","75103339"
"chr10","84828087","84828202","chr17","18926129","18926244","19","65901958"
"chr10","84862851","84862915","chr5","143451751","143451813","11","58588900"
"chr10","84910998","84911128","chr1","102188482","102188614","26","17277484"
"chr10","84919538","84919797","chr5","123538141","123538398","61","38618603"
"chr10","84939796","84940083","chr14","60882281","60882567","62","24057515"
"chr10","84947048","84947350","chr1","202723623","202723927","59","117776575"
"chr10","84982728","84983033","chr1","202762040","202762339","34","117779312"
"chr10","84987111","84987238","chrX","40204042","40204168","23","44783069"
"chr10","84988194","84988338","chr2","190014101","190014253","39","105025907"
"chr10","84988636","84988779","chr7","148708803","148708930","39","63720167"
"chr10","85052965","85053249","chr1","202828825","202829105","39","117775860"
"chr10","85067934","85068220","chr1","202843232","202843502","51","117775298"
"chr10","85070612","85070929","chr9","120765291","120765590","62","35694679"
"chr10","85102836","85102967","chr7","106089448","106089576","26","20986612"
"chr10","85135096","85135329","chr10","128285533","128285765","57","43150437"
"chr10","85194280","85194374","chr11","127351915","127352007","16","42157635"
"chr10","85194685","85194930","chr11","126542459","126542673","60","41347774"
"chr10","85292360","85292447","chr9","20355781","20355871","21","64936579"
"chr10","85323274","85323580","chr7","20976903","20977211","74","64346371"
"chr10","85336936","85337067","chr3","149245179","149245310","19","63908243"
"chr10","85515885","85516004","chr7","154063464","154063583","14","68547579"
"chr10","85668221","85668332","chr10","92568701","92568811","18","6900480"
"chr10","85668696","85668723","chr7","121158321","121158346","4","35489625"
"chr10","85778128","85778251","chr1","199892609","199892732","16","114114481"
"chr10","85871953","85872248","chr2","56563942","56564231","63","29308011"
"chr10","85885841","85886145","chrX","121004170","121004456","78","35118329"
"chr10","85938171","85938477","chr1","203796500","203796783","45","117858329"
"chr10","86065422","86065548","chr2","8206496","8206622","21","77858926"
"chr10","86082722","86082927","chr9","35661211","35661407","77","50421511"
"chr10","86104378","86104505","chr1","203969574","203969699","17","117865196"
"chr10","86106922","86107212","chr13","36414491","36414784","69","49692431"
"chr10","86116934","86117000","chr2","55598124","55598191","16","30518810"
"chr10","86164722","86165050","chr1","204029697","204030003","54","117864975"
"chr10","86185885","86186192","chr1","204046749","204047052","34","117860864"
"chr10","86194167","86194334","chr1","204055970","204056128","29","117861803"
"chr10","86209801","86210115","chr2","13987385","13987695","69","72222416"
"chr10","86224223","86224500","chr1","204086658","204086935","53","117862435"
"chr10","86269194","86269504","chr5","99326836","99327142","63","13057642"
"chr10","86321332","86321521","chr5","110275839","110276013","54","23954507"
"chr10","86623965","86624090","chrUn_GL286451","162666","162790","19","86461299"
"chr10","86654892","86655053","chr15","72139421","72139576","34","14515471"
"chr10","86655094","86655224","chr9","100741503","100741636","16","14086409"
"chr10","86673088","86673428","chr11","95361513","95361842","78","8688425"
"chr10","86809358","86809492","chr10","128531631","128531764","24","41722273"
"chr10","86818013","86818166","chr4","138830038","138830171","52","52012025"
"chr10","86818214","86818233","chr2","36018721","36018742","9","50799493"
"chr10","86818543","86818654","chr1","204983305","204983415","15","118164762"
"chr10","86835574","86835843","chr9","10598582","10598842","69","76236992"
"chr10","86929101","86929406","chr5","130512344","130512635","61","43583243"
"chr10","86949851","86949961","chr5","81131830","81131937","33","5818021"
"chr10","86950275","86950406","chr19","26202497","26202625","22","60747778"
"chr10","86955651","86955866","chr7","75427691","75427912","49","11527960"
"chr10","86958681","86958982","chr14","38674144","38674446","56","48284537"
"chr10","87156531","87156801","chr5","140466443","140466709","57","53309912"
"chr10","87179141","87179260","chr15","22491152","22491268","18","64687989"
"chr10","87189200","87189321","chr5","6324075","6324200","35","80865125"
"chr10","87197204","87197514","chr1","204660052","204660350","60","117462848"
"chr10","87211225","87211525","chr1","204671913","204672207","62","117460688"
"chr10","87247449","87247561","chr7","106188570","106188684","25","18941121"
"chr10","87297399","87297524","chr22","35515415","35515538","18","51781984"
"chr10","87304676","87304712","chr1","29219010","29219046","9","58085666"
"chr10","87305033","87305213","chr13","30490881","30491037","52","56814152"
"chr10","87325339","87325436","chr22","32212567","32212663","14","55112772"
"chr10","87325974","87326184","chrUn_GL288483","3282","3492","44","87322692"
"chr10","87326195","87326452","chr16","7048028","7048280","73","80278167"
"chr10","87360145","87360426","chr12","55126632","55126919","53","32233513"
"chr10","87394685","87394995","chr12","87114736","87115030","60","279949"
"chr10","87406457","87406672","chr5","44073447","44073662","46","43333010"
"chr10","87406978","87407022","chr2","35636803","35636848","7","51770175"
"chr10","87412385","87412509","chr7","63071899","63072020","18","24340486"
"chr10","87453508","87453830","chr7","96350979","96351293","61","8897471"
"chr10","87456920","87457054","chr5","74329230","74329369","28","13127690"
"chr10","87523048","87523186","chr5","74329230","74329369","21","13193818"
"chr10","87826433","87826733","chr1","205430259","205430542","50","117603826"
"chr10","87858075","87858385","chr7","137539963","137540262","89","49681888"
"chr10","87892427","87892718","chr1","199341695","199341982","62","111449268"
"chr10","88185519","88185813","chr1","205731871","205732166","30","117546352"
"chr10","88206243","88206381","chr2","203979369","203979506","30","115773126"
"chr10","88211754","88211830","chr7","11518638","11518702","28","76693116"
"chr10","88212093","88212175","chr10","115566319","115566402","17","27354226"
"chr10","88329765","88330069","chr1","205884404","205884702","47","117554639"
"chr10","88348901","88349030","chr2","17455028","17455152","29","70893873"
"chr10","88358302","88358611","chr2","8000025","8000324","64","80358277"
"chr10","88411485","88411759","chr1","205959885","205960171","40","117548400"
"chr10","88422579","88422864","chr1","205973045","205973325","57","117550466"
"chr10","88498034","88498329","chr1","206056282","206056560","55","117558248"
"chr10","88611530","88611816","chr1","62733073","62733365","62","25878457"
"chr10","88637660","88637775","chr22","32788518","32788634","31","55849142"
"chr10","88818378","88818660","chr1","90249678","90249953","53","1431300"
"chr10","89041376","89041678","chr1","206576736","206577047","66","117535360"
"chr10","89463012","89463133","chr1","106642431","106642552","23","17179419"
"chr10","89645682","89645970","chr9","34989939","34990227","59","54655743"
"chr10","89965474","89965597","chr18","6249448","6249571","18","83716026"
"chr10","89967730","89968031","chr21","36942502","36942802","60","53025228"
"chr10","90610860","90611155","chrX","38976371","38976650","78","51634489"
"chr10","90844808","90845101","chr7","150507214","150507511","60","59662406"
"chr10","91391013","91391319","chrX","44065324","44065634","56","47325689"
"chr10","91782433","91782559","chr13","58371689","58371810","25","33410744"
"chr10","91846571","91846750","chr4","5870907","5871076","52","85975664"
"chr10","91847009","91847131","chr9","8422725","8422848","18","83424284"
"chr10","91894921","91895051","chrX","40204042","40204168","32","51690879"
"chr10","91897427","91897723","chr10","114838607","114838907","61","22941180"
"chr10","91915719","91915832","chr5","109365188","109365305","29","17449469"
"chr10","91934241","91934515","chr1","209445315","209445577","35","117511074"
"chr10","92046828","92046979","chr6","144234386","144234514","35","52187558"
"chr10","92113051","92113177","chr1","150944690","150944816","28","58831639"
"chr10","92136602","92136877","chrX","1818606","1818879","66","90317996"
"chr10","92185440","92185771","chr1","209695868","209696163","75","117510428"
"chr10","92187021","92187268","chr1","209698494","209698771","61","117511473"
"chr10","92261031","92261165","chr2","170813628","170813760","20","78552597"
"chr10","92261467","92261482","chr16","76841245","76841255","7","15420222"
"chr10","92261786","92261953","chr22","28403347","28403515","42","63858439"
"chr10","92277615","92277930","chr6","8398394","8398709","68","83879221"
"chr10","92412483","92412783","chr1","209907272","209907568","49","117494789"
"chr10","92413435","92413802","chr22","16159125","16159495","99","76254310"
"chr10","92618064","92618217","chr2","7088626","7088790","34","85529438"
"chr10","92618255","92618364","chr10","89808395","89808508","18","2809860"
"chr10","92626022","92626325","chr10","12589587","12589894","78","80036435"
"chr10","92699347","92699620","chr14","79575769","79576034","69","13123578"
"chr11","43777934","43778243","chr9","25522601","25522904","33","18255333"
"chr11","48496549","48496683","chr15","16123472","16123605","30","32373077"
"chr11","94109615","94109785","chr5","88659161","88659332","43","5450454"
"chr11","95027008","95027282","chr6","112931181","112931437","58","17904173"
"chr11","332700","333006","chr9","11426654","11426952","54","11093954"
"chr11","356320","356475","chr7","47037593","47037736","37","46681273"
"chr11","356755","356925","chrUn_GL286397","777383","777540","46","420628"
"chr11","361187","361481","chr17","28143101","28143388","70","27781914"
"chr11","378782","379082","chr17","34425060","34425378","69","34046278"
"chr11","400080","400251","chr7","88830081","88830245","29","88430001"
"chr11","400565","400698","chr9","56024635","56024765","27","55624070"
"chr11","416142","416282","chr17","73250584","73250724","34","72834442"
"chr11","422122","422241","chrX","120496137","120496262","26","120074015"
"chr11","432439","432683","chr9","11941924","11942169","40","11509485"
"chr11","459367","459642","chr7","24065929","24066200","60","23606562"
"chr11","469202","469514","chr9","11978603","11978893","52","11509401"
"chr11","499189","499480","chr1","69310366","69310647","74","68811177"
"chr11","535209","535487","chrX","101470930","101471210","67","100935721"
"chr11","582796","582898","chr1","15320391","15320477","27","14737595"
"chr11","628576","628706","chr9","12152098","12152215","27","11523522"
"chr11","657518","657581","chr9","108817576","108817636","13","108160058"
"chr11","657894","657975","chr21","47461495","47461573","19","46803601"
"chr11","669585","669823","chr9","12197567","12197800","39","11527982"
"chr11","677682","677797","chr9","12206891","12207005","21","11529209"
"chr11","706721","707036","chr9","12236172","12236473","75","11529451"
"chr11","733897","734178","chr6","30665978","30666264","69","29932081"
"chr11","773725","774005","chr19","32869099","32869379","66","32095374"
"chr11","776340","776640","chr20","3690374","3690654","72","2914034"
"chr11","843099","843332","chrX","122038265","122038501","77","121195166"
"chr11","848637","848899","chr1","202717297","202717556","71","201868660"
"chr11","895566","895850","chr9","12415851","12416144","51","11520285"
"chr11","911710","912035","chr22","13094589","13094911","87","12182879"
"chr11","913955","914269","chr17","28143101","28143388","77","27229146"
"chr11","936635","936833","chr1","102032631","102032832","50","101095996"
"chr11","966253","966520","chr6","67390705","67390976","59","66424452"
"chr11","989279","989578","chr14","82325633","82325925","65","81336354"
"chr11","1025882","1026183","chrX","6506369","6506672","67","5480487"
"chr11","1047796","1048070","chr2","17594614","17594885","66","16546818"
"chr11","1065465","1065632","chr17","7177552","7177717","37","6112087"
"chr11","1149334","1149463","chr9","12651071","12651203","21","11501737"
"chr11","1308289","1308530","chr1","118642853","118643091","86","117334564"
"chr11","1382888","1383014","chr11","35268620","35268744","19","33885732"
"chr11","1451126","1451265","chr2","131900688","131900821","30","130449562"
"chr11","1464870","1465175","chr9","12988771","12989077","38","11523901"
"chr11","1545625","1545774","chr11","33708224","33708370","43","32162599"
"chr11","1556348","1556599","chr9","13083414","13083682","51","11527066"
"chr11","1666739","1666866","chr7","46825878","46826002","16","45159139"
"chr11","1668399","1668694","chr9","13208601","13208896","31","11540202"
"chr11","1682120","1682263","chr9","100681577","100681721","33","98999457"
"chr11","1699011","1699298","chr9","13235944","13236234","42","11536933"
"chr11","1732476","1732599","chr13","36431863","36431987","21","34699387"
"chr11","1828783","1828950","chr7","65633736","65633902","40","63804953"
"chr11","1829257","1829391","chr2","170813628","170813760","18","168984371"
"chr11","1834052","1834332","chr9","58805926","58806209","63","56971874"
"chr11","1855264","1855558","chrX","50190461","50190757","51","48335197"
"chr11","2121381","2121687","chr9","13621104","13621404","40","11499723"
"chr11","2124773","2124891","chr1","121147274","121147392","28","119022501"
"chr11","2256230","2256437","chr10","79891266","79891470","43","77635036"
"chr11","2316514","2316825","chr14","99094248","99094547","65","96777734"
"chr11","2383021","2383309","chr9","13882108","13882387","40","11499087"
"chr11","2414494","2414623","chr18","11996308","11996438","22","9581814"
"chr11","2904245","2904375","chr6","134766266","134766396","19","131862021"
"chr11","2913820","2914034","chr9","14378936","14379148","33","11465116"
"chr11","2921539","2921845","chr9","14393461","14393760","51","11471922"
"chr11","2993493","2993797","chr2","56738365","56738665","67","53744872"
"chr11","3013284","3013575","chr5","144162498","144162784","60","141149214"
"chr11","3016958","3017084","chr1","69128553","69128679","21","66111595"
"chr11","3027503","3027806","chr12","110086331","110086619","80","107058828"
"chr11","3107312","3107623","chr9","14585097","14585423","45","11477785"
"chr11","3113946","3114224","chr6","117705099","117705381","56","114591153"
"chr11","3153412","3153617","chr6","91718541","91718743","58","88565129"
"chr11","3153930","3154070","chr18","9486979","9487116","29","6333049"
"chr11","3176443","3176578","chr9","14654145","14654278","15","11477702"
"chr11","3196559","3196854","chr9","14678461","14678753","49","11481902"
"chr11","3202690","3202818","chr9","14689368","14689495","18","11486678"
"chr11","3223102","3223407","chr9","14718081","14718381","48","11494979"
"chr11","3223812","3224076","chr9","14718476","14718750","45","11494664"
"chr11","3254334","3254450","chr2","7433105","7433216","18","4178771"
"chr11","3255055","3255362","chr1","200032121","200032424","64","196777066"
"chr11","3442288","3442425","chr6","148149999","148150135","23","144707711"
"chr11","3511361","3511481","chr22","28812684","28812807","19","25301323"
"chr11","3686512","3686654","chr2","170813628","170813760","27","167127116"
"chr11","3732472","3732736","chr9","15225513","15225800","51","11493041"
"chr11","3897591","3897649","chr10","68995488","68995539","19","65097897"
"chr11","4087402","4087704","chr9","15614339","15614627","53","11526937"
"chr11","4143810","4143946","chr10","127767886","127768021","26","123624076"
"chr11","4233593","4233889","chr21","50457151","50457444","55","46223558"
"chr11","4254086","4254389","chr15","40133449","40133748","62","35879363"
"chr11","4264862","4265148","chr11","8985021","8985314","69","4720159"
"chr11","4418954","4419228","chr9","15899516","15899794","49","11480562"
"chr11","4469330","4469549","chr5","109878774","109878989","48","105409444"
"chr11","4565851","4566113","chr1","100475176","100475412","75","95909325"
"chr11","4688380","4688666","chrUn_GL286768","7356","7639","52","4681024"
"chr11","4726113","4726241","chr9","65816955","65817079","23","61090842"
"chr11","4775786","4776053","chr8","76560509","76560777","54","71784723"
"chr11","4794488","4794777","chr9","16269953","16270254","43","11475465"
"chr11","4858090","4858214","chrX","47000722","47000844","15","42142632"
"chr11","4869143","4869275","chr9","16361831","16361963","12","11492688"
"chr11","5240043","5240163","chr16","69056136","69056255","22","63816093"
"chr11","5328771","5328861","chr2","87156698","87156779","16","81827927"
"chr11","5485246","5485332","chr1","148595619","148595699","20","143110373"
"chr11","5534681","5534978","chr9","53523121","53523415","60","47988440"
"chr11","5935261","5935570","chr9","17456394","17456713","43","11521133"
"chr11","5964671","5964974","chr22","18200194","18200485","73","12235523"
"chr11","6239541","6239662","chr7","46825878","46826002","18","40586337"
"chr11","6330162","6330434","chr9","17849450","17849747","54","11519288"
"chr11","6344917","6345220","chr9","17862545","17862849","53","11517628"
"chr11","6346253","6346542","chr9","17864040","17864344","56","11517787"
"chr11","6380015","6380137","chr9","17901392","17901513","16","11521377"
"chr11","6484943","6485075","chr2","1983485","1983615","26","4501458"
"chr11","6485381","6485527","chr12","9639468","9639626","33","3154087"
"chr11","6489362","6489545","chr4","88897644","88897805","53","82408282"
"chr11","6489582","6489701","chr1","156039373","156039492","29","149549791"
"chr11","6497614","6497896","chr2","10555200","10555478","84","4057586"
"chr11","6499815","6500000","chr1","140829989","140830173","46","134330174"
"chr11","6552055","6552355","chr9","18071401","18071695","50","11519346"
"chr11","6559142","6559455","chr9","18078486","18078834","72","11519344"
"chr11","6581882","6582177","chr9","18100678","18100981","41","11518796"
"chr11","6621048","6621344","chr10","127941325","127941621","61","121320277"
"chr11","6622341","6622634","chr12","12640059","12640347","60","6017718"
"chr11","6661441","6661751","chr15","57058522","57058823","61","50397081"
"chr11","6676837","6677111","chr9","18194289","18194570","39","11517452"
"chr11","6723883","6723916","chrX","90247050","90247087","10","83523167"
"chr11","6724214","6724309","chr5","116514857","116514956","18","109790643"
"chr11","6741785","6741827","chr4","8230861","8230900","10","1489076"
"chr11","6742450","6742542","chr12","15932287","15932374","19","9189837"
"chr11","6759672","6759804","chr9","18287645","18287777","17","11527973"
"chr11","6784645","6784908","chr14","36492733","36493002","55","29708088"
"chr11","6806837","6806968","chr6","43173799","43173932","38","36366962"
"chr11","6829139","6829440","chrUn_GL286442","1435","1732","69","6827704"
"chr11","7005777","7005877","chr17","53768712","53768813","20","46762935"
"chr11","7013145","7013356","chr9","18483482","18483685","44","11470337"
"chr11","7041989","7042101","chr7","63129024","63129132","31","56087035"
"chr11","7064462","7064744","chr1","181800405","181800684","69","174735943"
"chr11","7165739","7166031","chr9","18714606","18714896","35","11548867"
"chr11","7185386","7185494","chr7","63129024","63129132","16","55943638"
"chr11","7188722","7188840","chr12","12666683","12666807","25","5477961"
"chr11","7192293","7192419","chr10","98492248","98492377","24","91299955"
"chr11","7192885","7193184","chrX","17699750","17700053","71","10506865"
"chr11","7209759","7210043","chrY","2349986","2350261","76","4859773"
"chr11","7210649","7210659","chr12","55401111","55401122","2","48190462"
"chr11","7298038","7298324","chr2","20509241","20509527","63","13211203"
"chr11","7301837","7301966","chr1","102188482","102188614","23","94886645"
"chr11","7302551","7302853","chr9","18838366","18838663","43","11535815"
"chr11","7307019","7307340","chr10","93110088","93110390","72","85803069"
"chr11","7394519","7394824","chr22","32315972","32316276","54","24921453"
"chr11","7415292","7415415","chrX","1718710","1718831","18","5696582"
"chr11","7515939","7516199","chr9","19038570","19038841","40","11522631"
"chr11","7659619","7659948","chr19","36795973","36796305","88","29136354"
"chr11","8011632","8011757","chr5","125448434","125448561","21","117436802"
"chr11","8025094","8025220","chr22","2655777","2655902","18","5369317"
"chr11","8033986","8034292","chr16","12567966","12568273","67","4533980"
"chr11","8044228","8044339","chr10","29194759","29194877","29","21150531"
"chr11","8045049","8045358","chr16","24822823","24823120","73","16777774"
"chr11","8058437","8058743","chr2","7417032","7417317","82","641405"
"chr11","8092506","8092806","chr3","175755491","175755782","74","167662985"
"chr11","8136834","8136969","chr2","170813628","170813760","33","162676794"
"chr11","8157960","8158092","chr13","36628140","36628274","31","28470180"
"chr11","8158394","8158537","chr2","203979369","203979506","27","195820975"
"chr11","8179839","8180129","chr7","59376036","59376328","65","51196197"
"chr11","8187839","8187971","chr6","16581441","16581573","25","8393602"
"chr11","8251103","8251170","chr2","145774339","145774401","19","137523236"
"chr11","8261207","8261508","chr10","129075073","129075385","79","120813866"
"chr11","8451122","8451277","chr14","1757940","1758064","48","6693182"
"chr11","8451590","8451713","chr19","39247718","39247841","29","30796128"
"chr11","8490282","8490594","chr5","37013344","37013623","93","28523062"
"chr11","8522670","8522968","chr4","6591592","6591886","62","1931078"
"chr11","8550445","8550726","chr8","7369609","7369873","82","1180836"
"chr11","8594397","8594528","chr2","11695570","11695700","25","3101173"
"chr11","8630914","8631211","chr9","20485982","20486287","34","11855068"
"chr11","8745418","8745550","chr8","70250248","70250378","25","61504830"
"chr11","8875955","8876194","chr5","93544921","93545155","53","84668966"
"chr11","8885387","8885688","chr9","20775398","20775705","45","11890011"
"chr11","8899461","8899636","chr6","17144940","17145117","41","8245479"
"chr11","8924500","8924796","chrX","51156610","51156910","54","42232110"
"chr11","8965406","8965542","chr1","192542368","192542501","26","183576962"
"chr11","9004077","9004344","chr11","25095168","25095431","76","16091091"
"chr11","9028466","9028630","chr14","15855937","15856102","34","6827471"
"chr11","9034740","9035025","chr9","20934300","20934567","56","11899560"
"chr11","9036359","9036572","chr9","69846774","69846990","59","60810415"
"chr11","9063362","9063510","chr2","137929099","137929248","33","128865737"
"chr11","9063812","9063961","chr9","52758524","52758672","37","43694712"
"chr11","9068718","9068906","chr1","188326542","188326728","46","179257824"
"chr11","9145080","9145369","chr9","21062791","21063076","46","11917711"
"chr11","9243018","9243148","chr5","5144583","5144711","24","4098435"
"chr11","9257027","9257212","chr3","48173821","48174007","34","38916794"
"chr11","9269897","9270194","chr7","70801500","70801792","74","61531603"
"chr11","9297414","9297710","chr12","87539499","87539795","57","78242085"
"chr11","9297903","9298006","chr11","111084407","111084517","20","101786504"
"chr11","9330521","9330818","chr9","21233652","21233944","46","11903131"
"chr11","9464845","9465127","chr9","21438824","21439106","51","11973979"
"chr11","9917665","9917986","chr3","148408684","148409008","85","138491019"
"chr11","9928645","9928887","chr9","19756043","19756302","49","9827398"
"chr11","9986376","9986641","chr2","79430247","79430518","62","69443871"
"chr11","10244546","10244814","chr12","60580377","60580643","73","50335831"
"chr11","10408438","10408545","chrX","111909956","111910060","22","101501518"
"chr11","10647764","10647883","chr9","2802928","2803046","20","7844836"
"chr11","11080085","11080355","chr9","10598582","10598842","43","481503"
"chr11","11543333","11543623","chr1","176518287","176518568","79","164974954"
"chr11","11544701","11545013","chr11","72572184","72572485","78","61027483"
"chr11","11735146","11735291","chr3","150778651","150778794","27","139043505"
"chr11","12073109","12073418","chr7","81210361","81210666","70","69137252"
"chr11","12075795","12075919","chr12","27225431","27225557","26","15149636"
"chr11","12211302","12211597","chr9","10010831","10011135","46","2200471"
"chr11","12242597","12242866","chr16","71714174","71714446","50","59471577"
"chr11","12361267","12361547","chr9","9840538","9840822","41","2520729"
"chr11","12369025","12369213","chr9","9832952","9833145","23","2536073"
"chr11","12543603","12543909","chr9","9654035","9654343","47","2889568"
"chr11","12649034","12649398","chr7","96348601","96348951","106","83699567"
"chr11","12655447","12655748","chr9","9528801","9529099","36","3126646"
"chr11","12729860","12730151","chrX","14860595","14860889","42","2130735"
"chr11","12785392","12785679","chr5","116063334","116063623","56","103277942"
"chr11","12800749","12801047","chr9","9407999","9408287","56","3392750"
"chr11","12814208","12814494","chr9","9394928","9395213","47","3419280"
"chr11","12822904","12823169","chr9","9386402","9386664","38","3436502"
"chr11","12916771","12917107","chr4","53898580","53898910","75","40981809"
"chr11","12941587","12941878","chr16","26279287","26279583","66","13337700"
"chr11","12955576","12955857","chr19","16420334","16420626","60","3464758"
"chr11","12979759","12979962","chr2","169837367","169837568","53","156857608"
"chr11","13009481","13009644","chr2","13959772","13959938","39","950291"
"chr11","13009946","13010076","chr7","28787876","28788003","24","15777930"
"chr11","13042469","13042598","chr9","9170443","9170565","16","3872026"
"chr11","13049477","13049599","chr1","152926308","152926433","38","139876831"
"chr11","13088691","13088951","chr2","14730892","14731147","64","1642201"
"chr11","13169449","13169746","chr9","9047308","9047599","36","4122141"
"chr11","13180334","13180461","chr2","41238218","41238347","21","28057884"
"chr11","13223772","13224076","chr9","8990653","8990953","39","4233119"
"chr11","13226357","13226504","chr7","10082686","10082827","32","3143671"
"chr11","13226810","13226961","chr16","19741507","19741659","29","6514697"
"chr11","13311081","13311226","chr9","8906799","8906944","16","4404282"
"chr11","13324464","13324585","chr9","8892547","8892667","11","4431917"
"chr11","13392476","13392779","chr9","8818279","8818565","58","4574197"
"chr11","13461404","13461722","chr7","151690932","151691249","70","138229528"
"chr11","13521950","13522146","chr22","24337821","24338000","51","10815871"
"chr11","13548647","13548719","chr9","8656560","8656625","18","4892087"
"chr11","13556832","13557129","chr2","56969336","56969629","77","43412504"
"chr11","13562943","13563187","chr7","14229740","14229989","66","666797"
"chr11","13590615","13590915","chr13","10695160","10695459","65","2895455"
"chr11","13595403","13595586","chr5","150074441","150074626","40","136479038"
"chr11","13599780","13600062","chr5","130607961","130608238","59","117008181"
"chr11","13608144","13608398","chr9","8595709","8595948","55","5012435"
"chr11","13663551","13663844","chr22","31790880","31791171","65","18127329"
"chr11","13691185","13691495","chr7","98144442","98144755","66","84453257"
"chr11","13872080","13872330","chr11","121542347","121542608","56","107670267"
"chr11","13902405","13902526","chr5","11434176","11434295","22","2468229"
"chr11","14019668","14019802","chr2","16011820","16011952","25","1992152"
"chr11","14785010","14785153","chr9","120961334","120961478","33","106176324"
"chr11","14821726","14822009","chr9","7294086","7294358","50","7527640"
"chr11","14836698","14836980","chr9","7280411","7280710","47","7556287"
"chr11","15005920","15006178","chr9","35048170","35048426","68","20042250"
"chr11","15011659","15011967","chr12","12652290","12652586","74","2359369"
"chr11","15015035","15015164","chr5","110662950","110663062","35","95647915"
"chr11","15081358","15081628","chr14","83337289","83337574","61","68255931"
"chr11","15143073","15143365","chr10","35053931","35054220","58","19910858"
"chr11","15156674","15156720","chr15","29108399","29108444","9","13951725"
"chr11","15195371","15195660","chr8","105884333","105884621","68","90688962"
"chr11","15214892","15215188","chr5","127542950","127543244","63","112328058"
"chr11","15253303","15253419","chr16","69056136","69056255","18","53802833"
"chr11","15411974","15412283","chr20","23776031","23776338","71","8364057"
"chr11","15780972","15781091","chr9","6410238","6410360","14","9370734"
"chr11","16164133","16164277","chrUn_GL286373","1329248","1329389","37","14834885"
"chr11","16413016","16413134","chr5","93839697","93839814","18","77426681"
"chr11","17030964","17031252","chr6","84950940","84951228","60","67919976"
"chr11","17244112","17244338","chr7","43663211","43663420","55","26419099"
"chr11","17246415","17246709","chr9","4954935","4955237","51","12291480"
"chr11","18075746","18076032","chr9","4147151","4147441","42","13928595"
"chr11","18201199","18201293","chr9","4030553","4030647","12","14170646"
"chr11","19001224","19001520","chr11","82900109","82900415","70","63898885"
"chr11","19076612","19076866","chr9","112765502","112765752","52","93688890"
"chr11","19628371","19628515","chr7","57215506","57215649","30","37587135"
"chr11","19881259","19881562","chr1","198276236","198276530","60","178394977"
"chr11","19944170","19944454","chrX","14837432","14837696","82","5106738"
"chr11","19968251","19968423","chr8","103539852","103540008","51","83571601"
"chr11","19989552","19989836","chr9","2454867","2455150","46","17534685"
"chr11","20025332","20025619","chr1","155615330","155615616","57","135589998"
"chr11","20140520","20140841","chr5","97049851","97050146","73","76909331"
"chr11","20200293","20200561","chr7","25559663","25559933","66","5359370"
"chr11","20208014","20208295","chr19","44351118","44351405","66","24143104"
"chr11","20214205","20214328","chr17","18697273","18697397","20","1516932"
"chr11","20214853","20215117","chr9","2233111","2233369","36","17981742"
"chr11","20229492","20229760","chr9","2222263","2222546","48","18007229"
"chr11","20239294","20239574","chr9","2213981","2214266","63","18025313"
"chr11","20251436","20251679","chr7","24048966","24049214","65","3797530"
"chr11","20278234","20278447","chr5","63490343","63490529","67","43212109"
"chr11","20325357","20325662","chr9","2124178","2124492","40","18201179"
"chr11","20387999","20388309","chr9","2071773","2072095","58","18316226"
"chr11","20392915","20393181","chr7","74470682","74470941","70","54077767"
"chr11","20398297","20398571","chr9","2060562","2060850","44","18337735"
"chr11","20421846","20422135","chr7","149433598","149433890","66","129011752"
"chr11","20541075","20541245","chr20","14229007","14229160","49","6312068"
"chr11","20541271","20541389","chr6","122117626","122117747","22","101576355"
"chr11","20563810","20564098","chr11","15873870","15874145","64","4689940"
"chr11","20585443","20585766","chr9","20485982","20486287","72","99461"
"chr11","20929534","20929833","chr9","1514876","1515152","54","19414658"
"chr11","21126469","21126756","chr9","1317696","1317976","51","19808773"
"chr11","21459570","21459799","chr9","954639","954861","37","20504931"
"chr11","21994131","21994415","chr12","12640059","12640347","60","9354072"
"chr11","22954114","22954247","chr12","107787989","107788121","24","84833875"
"chr11","23155385","23155716","chr5","99326836","99327142","81","76171451"
"chr11","23168819","23169122","chr9","85892957","85893259","63","62724138"
"chr11","23194520","23194772","chrX","1587873","1588136","67","21606647"
"chr11","23216694","23216985","chr9","80307451","80307740","57","57090757"
"chr11","23391681","23391792","chr17","62625512","62625617","35","39233831"
"chr11","23401180","23401463","chr7","70529533","70529824","62","47128353"
"chr11","23477397","23477689","chr7","137539963","137540262","55","114062566"
"chr11","23656512","23656809","chr10","59514709","59514996","66","35858197"
"chr11","24437226","24437348","chr9","12184805","12184929","24","12252421"
"chr11","24531631","24531941","chr1","48218451","48218763","75","23686820"
"chr11","24898374","24898666","chr1","173437003","173437297","60","148538629"
"chr11","24990235","24990525","chr10","29693174","29693457","58","4702939"
"chr11","25188187","25188487","chr7","94520292","94520587","77","69332105"
"chr11","25226516","25226639","chr6","98176046","98176174","28","72949530"
"chr11","25493251","25493476","chr9","21295973","21296187","53","4197278"
"chr11","25760438","25760631","chr1","136698409","136698598","51","110937971"
"chr11","25829546","25829854","chr4","151447656","151447965","70","125618110"
"chr11","25886980","25887285","chr2","153911331","153911638","59","128024351"
"chr11","25902594","25902875","chr7","4107841","4108118","57","21794753"
"chr11","25928522","25928645","chr7","146223042","146223164","19","120294520"
"chr11","25972881","25973198","chr2","152149664","152149974","64","126176783"
"chr11","25987305","25987433","chr1","155368947","155369069","22","129381642"
"chr11","26112912","26113010","chr4","3720844","3720942","21","22392068"
"chr11","26204180","26204470","chr10","8764484","8764771","68","17439696"
"chr11","26291515","26291649","chr21","47877874","47878005","25","21586359"
"chr11","26512689","26512957","chr8","76242739","76243007","65","49730050"
"chr11","26691916","26692197","chr3","165617023","165617301","61","138925107"
"chr11","26699139","26699267","chr9","65816955","65817079","18","39117816"
"chr11","26699700","26700001","chr2","56738365","56738665","75","30038665"
"chr11","26706129","26706423","chr9","110754822","110755119","56","84048693"
"chr11","26716255","26716544","chr10","44890595","44890883","52","18174340"
"chr11","26749330","26749635","chr1","21430763","21431070","70","5318567"
"chr11","26765469","26765767","chr20","32083234","32083528","70","5317765"
"chr11","26787378","26787683","chrX","66001899","66002195","66","39214521"
"chr11","26814895","26815017","chr10","10222109","10222229","21","16592786"
"chr11","26845891","26846185","chr20","20354483","20354779","64","6491408"
"chr11","26922699","26923026","chr2","56346032","56346347","82","29423333"
"chr11","26951714","26952003","chr15","7227741","7228029","63","19723973"
"chr11","27022891","27023173","chr20","3708677","3708953","54","23314214"
"chr11","27624235","27624410","chr2","14697358","14697527","45","12926877"
"chr11","27747370","27747491","chr9","2802928","2803046","21","24944442"
"chr11","27771727","27771806","chr4","38200979","38201058","14","10429252"
"chr11","27794673","27794973","chr10","8915279","8915588","68","18879394"
"chr11","27796458","27796672","chr13","61381664","61381873","52","33585206"
"chr11","27869042","27869353","chr11","123690807","123691107","69","95821765"
"chr11","27927310","27927624","chrUn_GL286678","379","689","83","27926931"
"chr11","27956196","27956458","chr19","29725520","29725777","59","1769324"
"chr11","27986642","27986924","chr4","159118568","159118849","68","131131926"
"chr11","28030953","28031262","chrX","6506369","6506672","74","21524584"
"chr11","28053342","28053614","chr5","3925376","3925655","58","24127966"
"chr11","28167468","28167772","chr2","55200270","55200573","54","27032802"
"chr11","28228224","28228510","chr20","19704343","19704628","51","8523881"
"chr11","28273400","28273494","chr9","45621545","45621641","20","17348145"
"chr11","28360981","28361286","chr7","97730148","97730448","55","69369167"
"chr11","28444529","28444790","chr10","99013193","99013451","61","70568664"
"chr11","28538957","28539141","chr2","36714412","36714592","38","8175455"
"chr11","28595630","28595808","chr2","43271447","43271632","39","14675817"
"chr11","28612908","28613209","chr22","18067999","18068295","60","10544909"
"chr11","28622189","28622497","chr7","38882512","38882810","66","10260323"
"chr11","28643756","28644071","chr7","20684684","20684987","76","7959072"
"chr11","28727037","28727311","chr4","26759782","26760073","71","1967255"
"chr11","28759608","28759795","chr5","14332432","14332608","53","14427176"
"chr11","28760109","28760243","chr22","39756968","39757101","23","10996859"
"chr11","28793418","28793731","chr2","6910002","6910309","67","21883416"
"chr11","28804057","28804190","chr1","102188482","102188614","22","73384425"
"chr11","29009719","29010010","chr8","112996641","112996930","61","83986922"
"chr11","29148441","29148673","chr1","194070755","194070982","66","164922314"
"chr11","29186232","29186355","chr1","65245501","65245628","26","36059269"
"chr11","29340740","29341034","chr13","94505030","94505318","72","65164290"
"chr11","29447005","29447315","chr12","87539499","87539795","71","58092494"
"chr11","29602594","29602898","chr7","97730148","97730448","63","68127554"
"chr11","29649475","29649749","chr2","6860494","6860767","64","22788981"
"chr11","29738392","29738533","chr18","8966133","8966268","28","20772259"
"chr11","30304004","30304127","chr11","122683132","122683253","24","92379128"
"chr11","30452982","30453292","chr2","6219022","6219324","72","24233960"
"chr11","30468095","30468382","chr5","93560640","93560931","57","63092545"
"chr11","30480494","30480792","chrX","29611496","29611792","63","868998"
"chr11","30604142","30604461","chr7","128323411","128323720","85","97719269"
"chr11","30774974","30775269","chr4","21602892","21603183","69","9172082"
"chr11","30882469","30882634","chr1","178021039","178021189","51","147138570"
"chr11","30883047","30883148","chrUn_GL286420","667915","668024","23","30215132"
"chr11","30908327","30908614","chr8","8386072","8386353","66","22522255"
"chr11","30925651","30925950","chr15","61218731","61219028","75","30293080"
"chr11","30945399","30945488","chr1","139988187","139988272","23","109042788"
"chr11","30945490","30945768","chr1","94022677","94022958","59","63077187"
"chr11","31175217","31175345","chr9","65816955","65817079","24","34641738"
"chr11","31462930","31463199","chr21","47830320","47830592","69","16367390"
"chr11","31571925","31572024","chr1","175612417","175612516","22","144040492"
"chr11","31960750","31961052","chr9","36520961","36521275","53","4560211"
"chr11","32279845","32280133","chr9","36154977","36155264","25","3875132"
"chr11","32283044","32283343","chr1","198410057","198410349","53","166127013"
"chr11","32399113","32399236","chr10","47645070","47645193","17","15245957"
"chr11","32403428","32403560","chr5","127901579","127901706","25","95498151"
"chr11","32420829","32421002","chr6","17144940","17145117","55","15275889"
"chr11","32424296","32424586","chr9","101966653","101966946","57","69542357"
"chr11","32440713","32441021","chr14","80754932","80755229","66","48314219"
"chr11","32459180","32459307","chrUn_GL286453","16784","16912","31","32442396"
"chr11","32463719","32463875","chr18","33201864","33202025","38","738145"
"chr11","32490731","32491034","chr9","35954884","35955184","38","3464153"
"chr11","32491925","32492232","chr15","57058522","57058823","62","24566597"
"chr11","32497026","32497320","chr9","35941617","35941911","26","3444591"
"chr11","32534502","32534796","chr2","8000025","8000324","59","24534477"
"chr11","32538424","32538697","chr6","31663169","31663453","69","875255"
"chr11","32589848","32589975","chr1","76968802","76968923","25","44378954"
"chr11","32604355","32604702","chr5","131527086","131527390","89","98922731"
"chr11","32625334","32625450","chr7","62366064","62366173","27","29740730"
"chr11","32637458","32637571","chr21","41559899","41560012","16","8922441"
"chr11","32637881","32638122","chr9","114414959","114415184","69","81777078"
"chr11","32659437","32659544","chr2","11260542","11260654","22","21398895"
"chr11","32661300","32661433","chr9","35779465","35779593","16","3118165"
"chr11","32675083","32675214","chr14","64352389","64352520","15","31677306"
"chr11","32682047","32682346","chr5","106251952","106252249","52","73569905"
"chr11","32699406","32699699","chr1","198276236","198276530","54","165576830"
"chr11","32764294","32764385","chr13","9042839","9042929","21","23721455"
"chr11","32782669","32782957","chr2","55407268","55407545","76","22624599"
"chr11","32935696","32935985","chr9","34874362","34874652","64","1938666"
"chr11","33004961","33005269","chr5","2204659","2204958","67","30800302"
"chr11","33082152","33082447","chr15","69662206","69662499","69","36580054"
"chr11","33088627","33088768","chr22","10335293","10335425","28","22753334"
"chr11","33091037","33091357","chr6","132872350","132872658","100","99781313"
"chr11","33126731","33126850","chr7","74897348","74897465","18","41770617"
"chr11","33130892","33131131","chr9","35388565","35388793","30","2257673"
"chr11","33146460","33146582","chr9","25446667","25446790","15","7699793"
"chr11","33223391","33223694","chr9","35273865","35274162","39","2050474"
"chr11","33291773","33292029","chr10","59069916","59070171","69","25778143"
"chr11","33381525","33381625","chr13","57005536","57005634","22","23624011"
"chr11","33383060","33383353","chr9","35068206","35068506","43","1685146"
"chr11","33429593","33429660","chr9","115415888","115415963","18","81986295"
"chr11","33456177","33456458","chr9","34989939","34990227","39","1533762"
"chr11","33503624","33503971","chr3","39544873","39545188","99","6041249"
"chr11","33504002","33504049","chr8","70293135","70293183","10","36789133"
"chr11","33513677","33513968","chr9","34946810","34947101","44","1433133"
"chr11","33521260","33521545","chr7","63007721","63007999","67","29486461"
"chr11","33530323","33530576","chr9","34923919","34924152","47","1393596"
"chr11","33686536","33686841","chr9","34776710","34777014","34","1090174"
"chr11","33693769","33694045","chr22","28486744","28487015","58","5207025"
"chr11","33726435","33726560","chr5","23830381","23830500","24","9896054"
"chr11","33733728","33734022","chr5","131527086","131527390","95","97793358"
"chr11","33760851","33760970","chr6","31167603","31167720","25","2593248"
"chr11","33765823","33766120","chr20","32083234","32083528","65","1682589"
"chr11","33780059","33780440","chr1","201372681","201373019","114","167592622"
"chr11","33795865","33796147","chr9","34674133","34674410","40","878268"
"chr11","33885904","33886045","chr2","48830947","48831083","30","14945043"
"chr11","33946559","33946851","chrX","92375440","92375736","62","58428881"
"chr11","33956901","33957196","chr9","34481656","34481956","43","524755"
"chr11","34060769","34061062","chr5","143617154","143617458","66","109556385"
"chr11","34923264","34923580","chr5","40327717","40328012","82","5404453"
"chr11","35263968","35264256","chr12","50035098","50035375","69","14771130"
"chr11","35647504","35647720","chrX","29485044","29485249","43","6162460"
"chr11","35834370","35834504","chr4","110194069","110194197","26","74359699"
"chr11","35884230","35884353","chrX","2094656","2094777","26","33789574"
"chr11","35884389","35884572","chr1","27518478","27518652","46","8365911"
"chr11","35969385","35969607","chr9","32644665","32644889","57","3324720"
"chr11","37101379","37101596","chr4","135438548","135438762","44","98337169"
"chr11","37165328","37165599","chrX","137951495","137951764","68","100786167"
"chr11","37192782","37193084","chr14","80754932","80755229","63","43562150"
"chr11","37601793","37601927","chr11","107165904","107166038","26","69564111"
"chr11","37799720","37799842","chr2","8694044","8694161","25","29105676"
"chr11","37799893","37800062","chr20","27748504","27748664","30","10051389"
"chr11","37862873","37862993","chr5","37629937","37630052","26","232936"
"chr11","37994325","37994635","chr9","99085382","99085694","63","61091057"
"chr11","38098728","38099024","chr7","144949960","144950250","57","106851232"
"chr11","38229427","38229738","chr15","94916304","94916623","67","56686877"
"chr11","38347882","38348179","chr5","9363783","9364082","58","28984099"
"chr11","38470411","38470600","chr9","30937300","30937470","35","7533111"
"chr11","38576336","38576458","chr9","65816955","65817079","22","27240619"
"chr11","38681476","38681760","chr21","50457151","50457444","63","11775675"
"chr11","39080774","39081078","chr2","153911331","153911638","56","114830557"
"chr11","39753512","39753790","chr5","126956284","126956559","76","87202772"
"chr11","39836835","39837051","chr9","29604329","29604553","32","10232506"
"chr11","39883772","39884049","chr1","205390596","205390862","64","165506824"
"chr11","39940526","39940724","chrX","95596924","95597125","36","55656398"
"chr11","39984529","39984660","chrX","122896435","122896555","38","82911906"
"chr11","39992920","39993217","chr9","29454142","29454391","73","10538778"
"chr11","40018212","40018516","chr9","29430001","29430288","49","10588211"
"chr11","40056060","40056372","chr9","29385708","29386007","52","10670352"
"chr11","40088415","40088546","chr14","5058009","5058139","31","35030406"
"chr11","40101908","40102073","chr7","148369768","148369928","42","108267860"
"chr11","40151400","40151524","chr9","29300909","29301033","15","10850491"
"chr11","40159674","40159804","chr9","29291794","29291917","20","10867880"
"chr11","40176945","40177253","chr8","111736531","111736834","69","71559586"
"chr11","40192186","40192295","chr9","29259947","29260055","18","10932239"
"chr11","40236753","40237068","chr9","29198411","29198710","46","11038342"
"chr11","40245174","40245446","chr13","96003080","96003368","68","55757906"
"chr11","40248198","40248478","chr2","168963529","168963805","72","128715331"
"chr11","40298645","40298942","chr22","29758068","29758367","71","10540577"
"chr11","40320205","40320506","chr9","29110389","29110689","58","11209816"
"chr11","40442370","40442502","chr7","128115154","128115285","24","87672784"
"chr11","40446040","40446337","chr9","28987656","28987956","30","11458384"
"chr11","40453461","40453506","chr2","11662226","11662267","9","28791235"
"chr11","40479851","40480165","chr4","77331513","77331798","70","36851662"
"chr11","40490515","40490646","chr9","28945410","28945534","21","11545105"
"chr11","40579754","40579916","chr5","75168836","75168996","35","34589082"
"chr11","40579972","40580084","chr5","79817404","79817520","24","39237432"
"chr11","40606756","40606955","chr13","36662512","36662720","69","3944244"
"chr11","40607633","40607694","chr22","33997931","33997996","10","6609702"
"chr11","40903050","40903342","chr13","83939459","83939745","63","43036409"
"chr11","41022753","41023059","chr3","33258815","33259122","55","7763938"
"chr11","41068524","41068628","chr3","106445223","106445323","26","65376699"
"chr11","41718990","41719145","chr9","106332814","106332965","45","64613824"
"chr11","41903805","41904060","chr4","36694578","36694832","64","5209227"
"chr11","42654395","42654694","chr9","26757772","26758077","40","15896623"
"chr11","43152597","43152940","chr10","120546371","120546703","81","77393774"
"chr11","43256236","43256420","chr2","13959772","13959938","55","29296464"
"chr11","43347752","43347909","chr11","41842156","41842321","36","1505596"
"chr11","43347971","43348121","chr17","73250584","73250724","33","29902613"
"chr11","43362221","43362505","chr9","26021232","26021526","45","17340989"
"chr11","43679560","43679873","chrX","44065324","44065634","67","385764"
"chr11","43689106","43689252","chr12","11035256","11035394","31","32653850"
"chr11","43689559","43689738","chr1","73047128","73047302","39","29357569"
"chr11","43812350","43812646","chr9","25463430","25463714","52","18348920"
"chr11","43818300","43818420","chr1","189291918","189292031","26","145473618"
"chr11","43819496","43819620","chr9","25446667","25446790","13","18372829"
"chr11","43838916","43839192","chr5","40743409","40743693","56","3095507"
"chr11","43844476","43844598","chr6","16642119","16642231","29","27202357"
"chr11","43846718","43847014","chr9","25413638","25413928","42","18433080"
"chr11","43848836","43849152","chr7","70529533","70529824","71","26680697"
"chr11","43962822","43963091","chr11","121542347","121542608","61","77579525"
"chr11","43980904","43981175","chr2","83079313","83079587","71","39098409"
"chr11","44047794","44048053","chr8","69256600","69256869","58","25208806"
"chr11","44086128","44086418","chr9","25153730","25154022","37","18932398"
"chr11","44123292","44123539","chr11","64678120","64678365","62","20554828"
"chr11","44183775","44184067","chr7","80299353","80299642","65","36115578"
"chr11","44246962","44247265","chr15","32176275","32176571","58","12070687"
"chr11","44270996","44271298","chr2","74390700","74390996","69","30119704"
"chr11","44298773","44299047","chr7","150658429","150658702","60","106359656"
"chr11","44358024","44358323","chr22","33940534","33940818","67","10417490"
"chr11","44467197","44467494","chr7","70801500","70801792","62","26334303"
"chr11","44890587","44890883","chr5","43481946","43482233","58","1408641"
"chr11","45113668","45113955","chr9","23980860","23981148","44","21132808"
"chr11","45257610","45257722","chr21","48391650","48391757","27","3134040"
"chr11","45301608","45301930","chr2","15633059","15633374","74","29668549"
"chr11","45354648","45354786","chr9","104853544","104853677","26","59498896"
"chr11","45524791","45525071","chr9","23599138","23599417","42","21925653"
"chr11","45690562","45690690","chr12","23847472","23847595","20","21843090"
"chr11","45767748","45768040","chr22","32848625","32848918","63","12919123"
"chr11","45846235","45846459","chr13","61381664","61381873","54","15535429"
"chr11","46083903","46084175","chr5","14365737","14366007","55","31718166"
"chr11","46094739","46094863","chr13","27707086","27707210","22","18387653"
"chr11","46130461","46130592","chr11","120560318","120560450","22","74429857"
"chr11","46134281","46134415","chr9","56024635","56024765","21","9890354"
"chr11","46144032","46144326","chr9","305517","305817","39","45838515"
"chr11","46240184","46240505","chr9","406619","406930","53","45833565"
"chr11","46293491","46293612","chr6","86252050","86252171","17","39958559"
"chr11","46344724","46345021","chr9","114828887","114829147","81","68484163"
"chr11","46386721","46386851","chr2","166452559","166452668","33","120065838"
"chr11","46427288","46427594","chr9","599638","599926","52","45827650"
"chr11","46499495","46499539","chr5","144598465","144598508","9","98098970"
"chr11","46630658","46630960","chr9","37164342","37164639","49","9466316"
"chr11","46801516","46801811","chr1","185506876","185507173","71","138705360"
"chr11","46810321","46810625","chr12","26864910","26865210","63","19945411"
"chr11","46928196","46928478","chr9","37388911","37389205","43","9539285"
"chr11","46932466","46932584","chr9","2802928","2803046","18","44129538"
"chr11","46939122","46939417","chr3","141970332","141970626","54","95031210"
"chr11","46944983","46945193","chr8","7824943","7825133","56","39120040"
"chr11","46950162","46950457","chr14","36457155","36457448","52","10493007"
"chr11","46959644","46959917","chr9","114335053","114335333","73","67375409"
"chr11","46990076","46990215","chr10","11480819","11480952","30","35509257"
"chr11","46992581","46992837","chr19","17019320","17019585","75","29973261"
"chr11","46997854","46998123","chr9","37457049","37457320","30","9540805"
"chr11","47012099","47012388","chr5","144162498","144162784","55","97150399"
"chr11","47031300","47031598","chr5","24195087","24195379","69","22836213"
"chr11","47038173","47038471","chr9","37499676","37499982","42","9538497"
"chr11","47074582","47074706","chr9","37537411","37537535","10","9537171"
"chr11","47074743","47075023","chr5","73454858","73455134","55","26380115"
"chr11","47103072","47103365","chr9","37569987","37570273","29","9533085"
"chr11","47129680","47129838","chr5","74329230","74329369","41","27199550"
"chr11","47130139","47130192","chr1","135742828","135742878","10","88612689"
"chr11","47139222","47139488","chr1","162533592","162533875","93","115394370"
"chr11","47147913","47148196","chr5","108117893","108118172","60","60969980"
"chr11","47157665","47157966","chr10","118748069","118748362","62","71590404"
"chr11","47202375","47202681","chr7","97730148","97730448","71","50527773"
"chr11","47292734","47292871","chr16","15454777","15454910","23","31837957"
"chr11","47297429","47297726","chr3","82913223","82913528","68","35615794"
"chr11","47363164","47363310","chr5","121342109","121342251","33","73978945"
"chr11","47375512","47375780","chr9","37863570","37863842","49","9511942"
"chr11","47381713","47381845","chr9","43510189","43510319","17","3871524"
"chr11","47414104","47414226","chr11","65528037","65528159","25","18113933"
"chr11","47434083","47434378","chr7","97730148","97730448","85","50296065"
"chr11","47452343","47452638","chr9","101966653","101966946","55","54514310"
"chr11","47469348","47469638","chr9","37958592","37958856","73","9510756"
"chr11","47483331","47483625","chr1","209609017","209609295","73","162125686"
"chr11","47485244","47485534","chr10","92824645","92824933","51","45339401"
"chr11","47509871","47510172","chr9","37995114","37995401","61","9514757"
"chr11","47518081","47518374","chr9","38005734","38006029","35","9512347"
"chr11","47538312","47538428","chr1","204118459","204118576","17","156580147"
"chr11","47542768","47542902","chr5","79064008","79064140","23","31521240"
"chr11","47543240","47543359","chr13","19639933","19640054","26","27903307"
"chr11","47549724","47550013","chr12","87448720","87448999","63","39898996"
"chr11","47561733","47562022","chr9","38053387","38053676","48","9508346"
"chr11","47638856","47638978","chr5","105665361","105665480","21","58026505"
"chr11","47647922","47648203","chr14","46563999","46564281","57","1083923"
"chr11","47670506","47670782","chr15","45596962","45597240","65","2073544"
"chr11","47682597","47682719","chr4","14872788","14872907","24","32809809"
"chr11","47748488","47748759","chr2","7951193","7951475","70","39797295"
"chr11","47790455","47790700","chr6","66870513","66870762","59","19080058"
"chr11","47792745","47792879","chr12","11035256","11035394","30","36757489"
"chr11","47986829","47986940","chr2","10902097","10902210","28","37084732"
"chr11","47987945","47988153","chr5","6447228","6447428","45","41540717"
"chr11","47997791","47998092","chr9","38477346","38477607","67","9520445"
"chr11","48033847","48034116","chr1","200727590","200727862","63","152693743"
"chr11","48087664","48087964","chr9","38568903","38569203","44","9518761"
"chr11","48121879","48122171","chr9","38609913","38610193","40","9511966"
"chr11","48280040","48280335","chr18","22800802","22801101","68","25479238"
"chr11","48285284","48285418","chr22","45119087","45119217","26","3166197"
"chr11","48399747","48399882","chr13","40267018","40267150","23","8132729"
"chr11","48417732","48418055","chr8","75873726","75874038","61","27455994"
"chr11","48429211","48429346","chr9","38942619","38942747","24","9486592"
"chr11","48495974","48496098","chr22","18128678","18128803","15","30367296"
"chr11","48505852","48506149","chr9","39026749","39027034","44","9479103"
"chr11","48579027","48579161","chr14","76572609","76572742","28","27993582"
"chr11","48589015","48589304","chr9","39127386","39127679","51","9461629"
"chr11","48592125","48592409","chr1","185506876","185507173","60","136914751"
"chr11","48605597","48605891","chr5","108117893","108118172","60","59512296"
"chr11","48649866","48650165","chr9","39174952","39175260","43","9474914"
"chr11","48689533","48689679","chr3","151317086","151317238","31","102627553"
"chr11","48694330","48694638","chr9","39210864","39211141","56","9483466"
"chr11","48748349","48748634","chrX","10814263","10814537","72","37934086"
"chr11","48751179","48751449","chr9","39272383","39272659","48","9478796"
"chr11","48756533","48756819","chr9","39278382","39278681","60","9478151"
"chr11","48757386","48757519","chr9","39279269","39279400","16","9478117"
"chr11","48764278","48764523","chr6","94367162","94367406","62","45602884"
"chr11","48774661","48774886","chr6","154371141","154371357","59","105596480"
"chr11","48788995","48789312","chr10","29841339","29841646","65","18947656"
"chr11","48789884","48790152","chr9","104440788","104441059","76","55650904"
"chr11","48801811","48802055","chr7","80307062","80307300","63","31505251"
"chr11","48822173","48822459","chr9","39338082","39338374","43","9484091"
"chr11","48822691","48822814","chr9","39338608","39338728","14","9484083"
"chr11","48825132","48825265","chr7","136788134","136788270","22","87963002"
"chr11","48838309","48838393","chr3","93602796","93602882","18","44764487"
"chr11","48838695","48838751","chr9","116188985","116189040","13","67350290"
"chr11","48838793","48838953","chr1","143688939","143689090","49","94850146"
"chr11","48864887","48865007","chr2","8736418","8736533","24","40128469"
"chr11","48895519","48895795","chr18","4555359","4555633","80","44340160"
"chr11","48897706","48898003","chr9","39431644","39431920","51","9466062"
"chr11","48911652","48911961","chr9","39445520","39445820","61","9466132"
"chr11","48925019","48925305","chr1","155615330","155615616","61","106690311"
"chr11","48932800","48933060","chr2","14020325","14020593","65","34912475"
"chr11","48962538","48962808","chr7","150658429","150658702","65","101695891"
"chr11","48985544","48985838","chr9","101966653","101966946","55","52981109"
"chr11","49031301","49031608","chr7","22318489","22318798","64","26712812"
"chr11","49034571","49034831","chr9","39569164","39569448","55","9465407"
"chr11","49047966","49048253","chr9","39583125","39583419","62","9464841"
"chr11","49077733","49078020","chr9","39616486","39616753","56","9461247"
"chr11","49099586","49099836","chr22","27373296","27373554","59","21726290"
"chr11","49117335","49117634","chr1","176518287","176518568","71","127400952"
"chr11","49118816","49119068","chr9","39638458","39638738","59","9480358"
"chr11","49121703","49121973","chr5","94140470","94140750","57","45018767"
"chr11","49126847","49127102","chr3","106974779","106975042","66","57847932"
"chr11","49200335","49200619","chr5","144162498","144162784","67","94962163"
"chr11","49204463","49204654","chr7","85367109","85367294","45","36162646"
"chr11","49221928","49222218","chr7","493374","493666","52","48728554"
"chr11","49246186","49246304","chr9","39758487","39758604","13","9487699"
"chr11","49251322","49251442","chr6","112341343","112341464","18","63090021"
"chr11","49255984","49256134","chr5","86428102","86428250","29","37172118"
"chr11","49299642","49299766","chr10","79249313","79249435","18","29949671"
"chr11","49326889","49327111","chr3","116540144","116540354","52","67213255"
"chr11","49342435","49342534","chr8","28713815","28713905","23","20628620"
"chr11","49417857","49418171","chr9","39961160","39961466","57","9456697"
"chr11","49425902","49426181","chr1","158046528","158046808","57","108620626"
"chr11","49465875","49466157","chr14","87805301","87805582","55","38339426"
"chr11","49479787","49480040","chr9","108439432","108439699","75","58959645"
"chr11","49487299","49487430","chr11","96832037","96832164","21","47344738"
"chr11","49533020","49533328","chr9","84226861","84227152","68","34693841"
"chr11","49549973","49550222","chr7","69342812","69343059","66","19792839"
"chr11","49559743","49559866","chr10","126065906","126066026","22","76506163"
"chr11","49582654","49582778","chrX","47000722","47000844","21","2581932"
"chr11","49600166","49600435","chr9","40121091","40121336","44","9479075"
"chr11","49665037","49665165","chr1","38075302","38075428","25","11589735"
"chr11","49695916","49696104","chr10","89051217","89051407","35","39355301"
"chr11","49701879","49702152","chr9","40241335","40241599","43","9460544"
"chr11","49706057","49706371","chr3","82913223","82913528","59","33207166"
"chr11","49729559","49729861","chr9","40280294","40280623","67","9449265"
"chr11","49733589","49733870","chr9","40285498","40285797","49","9448091"
"chr11","49734090","49734359","chr9","40286003","40286272","26","9448087"
"chr11","49739728","49739994","chr9","40291420","40291692","40","9448308"
"chr11","49773234","49773533","chr9","40326611","40326909","54","9446623"
"chr11","49850486","49850802","chr9","40400056","40400368","42","9450430"
"chr11","50016318","50016372","chr12","11463759","11463812","9","38552559"
"chr11","50025241","50025518","chr5","158818048","158818324","61","108792807"
"chr11","50106598","50106718","chr14","64313177","64313299","24","14206579"
"chr11","50195542","50195841","chr19","16420334","16420626","53","33775208"
"chr11","50230672","50230785","chr12","52416106","52416217","30","2185434"
"chr11","50323605","50323639","chr15","7203820","7203856","11","43119785"
"chr11","50323932","50324206","chrX","138043135","138043421","57","87719203"
"chr11","50368298","50368551","chr9","113701841","113702110","43","63333543"
"chr11","50429581","50429857","chr12","31766537","31766814","65","18663044"
"chr11","50454250","50454553","chr7","97730148","97730448","69","47275898"
"chr11","50484673","50485036","chr9","113588315","113588665","80","63103642"
"chr11","50488628","50488924","chr9","113583781","113584087","60","63095153"
"chr11","50518724","50518836","chr12","52416106","52416217","18","1897382"
"chr11","50527125","50527262","chr13","18501071","18501212","33","32026054"
"chr11","50527562","50527594","chr21","42808266","42808289","13","7719296"
"chr11","50527898","50528026","chr2","170813628","170813760","23","120285730"
"chr11","50603080","50603362","chr6","113637917","113638200","59","63034837"
"chr11","50622972","50623265","chr12","98692241","98692535","55","48069269"
"chr11","50717262","50717555","chr3","91972816","91973114","63","41255554"
"chr11","50718986","50719278","chr10","44888057","44888345","65","5830929"
"chr11","50721658","50721958","chr9","113358232","113358533","46","62636574"
"chr11","50757534","50757826","chr9","40962000","40962282","50","9795534"
"chr11","50794452","50794740","chr13","15311932","15312216","57","35482520"
"chr11","50812961","50813092","chr9","41022388","41022519","18","9790573"
"chr11","50884251","50884384","chr17","23206641","23206772","23","27677610"
"chr11","50927170","50927292","chr6","112341343","112341464","21","61414173"
"chr11","50938729","50939029","chr6","31372066","31372370","65","19566663"
"chr11","51363246","51363535","chr2","14565736","14566027","51","36797510"
"chr11","51515495","51515812","chr11","118382154","118382447","73","66866659"
"chr11","51576099","51576233","chrUn_GL286465","19145","19277","25","51556954"
"chr11","51589428","51589539","chr9","93860244","93860358","15","42270816"
"chr11","51672399","51672686","chrX","10814263","10814537","56","40858136"
"chr11","51755456","51755793","chr9","41981197","41981520","71","9774259"
"chr11","51756813","51757019","chr5","60009641","60009847","36","8252828"
"chr11","51874067","51874358","chr9","42107323","42107635","61","9766744"
"chr11","51900730","51901059","chr5","108886194","108886508","82","56985464"
"chr11","51949432","51949686","chr9","42182430","42182672","45","9767002"
"chr11","51949900","51950081","chr6","33304752","33304926","58","18645148"
"chr11","51962267","51962402","chr1","102188482","102188614","30","50226215"
"chr11","51962563","51962857","chr22","13766188","13766483","72","38196375"
"chr11","51982711","51982841","chr11","27993807","27993940","20","23988904"
"chr11","51987603","51987731","chr9","42223410","42223531","14","9764193"
"chr11","52043047","52043201","chr2","126284285","126284430","43","74241238"
"chr11","52098500","52098696","chr7","20090544","20090721","64","32007956"
"chr11","52190911","52191197","chr10","115540104","115540385","67","63349193"
"chr11","52191887","52192144","chr6","112931181","112931437","70","60739294"
"chr11","52199787","52200095","chr15","72518938","72519246","61","20319151"
"chr11","52222420","52222732","chr9","42463427","42463735","38","9758993"
"chr11","52252509","52252789","chrX","5180800","5181083","71","47071709"
"chr11","52279294","52279478","chr1","189492317","189492478","50","137213023"
"chr11","52295524","52295832","chr5","101892022","101892320","69","49596498"
"chr11","52305301","52305613","chr8","29312697","29313006","63","22992604"
"chr11","52312594","52312886","chr4","39327189","39327482","74","12985405"
"chr11","52314678","52314879","chr13","94633759","94633944","55","42319081"
"chr11","52338698","52338827","chr10","98492248","98492377","18","46153550"
"chr11","52364154","52364278","chr5","137705493","137705618","22","85341339"
"chr11","52535069","52535327","chr9","42785693","42785948","46","9749376"
"chr11","52561841","52562116","chr9","42813868","42814139","39","9747973"
"chr11","52780797","52781130","chr16","54244632","54244948","77","1463835"
"chr11","52804907","52805212","chr1","200032121","200032424","54","147227214"
"chr11","52893452","52893750","chr7","128493447","128493738","62","75599995"
"chr11","52928785","52928917","chr1","157999498","157999632","24","105070713"
"chr11","52944339","52944634","chr1","155032190","155032474","69","102087851"
"chr11","53084276","53084565","chr9","45121884","45122176","58","7962392"
"chr11","53118208","53118344","chr9","43440592","43440726","16","9677616"
"chr11","53134528","53134831","chr1","136046538","136046841","64","82912010"
"chr11","53174111","53174310","chr2","12377786","12377971","56","40796325"
"chr11","53237985","53238109","chr14","62032612","62032743","21","8794627"
"chr11","53367903","53368164","chr5","45222426","45222673","67","8145477"
"chr11","53671170","53671452","chr9","43923066","43923328","46","9748104"
"chr11","54012950","54013241","chr9","44219363","44219655","45","9793587"
"chr11","54297569","54297867","chr5","101404898","101405201","68","47107329"
"chr11","54299037","54299159","chr12","22028529","22028650","24","32270508"
"chr11","54395187","54395357","chrX","69115137","69115309","39","14719950"
"chr11","54396340","54396538","chr8","114994414","114994597","52","60598074"
"chr11","54398604","54398936","chr5","73041009","73041315","83","18642405"
"chr11","54407539","54407811","chr9","44479386","44479639","51","9928153"
"chr11","54428570","54428669","chr2","93927440","93927542","30","39498870"
"chr11","54494976","54495099","chr7","46825878","46826002","18","7669098"
"chr11","54542886","54543190","chr3","189280360","189280656","63","134737474"
"chr11","54578760","54578884","chr2","116548410","116548534","15","61969650"
"chr11","54602227","54602402","chr3","150153665","150153833","46","95551438"
"chr11","54623240","54623554","chr6","47535855","47536173","82","7087385"
"chr11","54637644","54637832","chr9","44696704","44696872","36","9940940"
"chr11","54651403","54651689","chr7","46035698","46035986","61","8615705"
"chr11","54691089","54691265","chr11","76578764","76578933","46","21887675"
"chr11","54691571","54691706","chr4","88131432","88131563","29","33439861"
"chr11","54696518","54696636","chr10","86319309","86319428","19","31622791"
"chr11","54728812","54729095","chr9","44789387","44789661","37","9939425"
"chr11","54789605","54789749","chr13","48097725","48097874","39","6691880"
"chr11","54791281","54791485","chr6","119005647","119005834","57","64214366"
"chr11","54797096","54797230","chr5","44336018","44336153","25","10461078"
"chr11","54810772","54810817","chr22","15125697","15125742","10","39685075"
"chr11","54824476","54824758","chr3","105556874","105557144","58","50732398"
"chr11","54883068","54883347","chr9","44885288","44885546","59","9997780"
"chr11","54932494","54932623","chr11","120560318","120560450","23","65627824"
"chr11","55014374","55014496","chr6","112341343","112341464","19","57326969"
"chr11","55028688","55028812","chr5","131294331","131294442","31","76265643"
"chr11","55110890","55111009","chr2","2408820","2408946","21","52702070"
"chr11","55125357","55125650","chr9","45121884","45122176","42","10003473"
"chr11","55128568","55128834","chr10","74268223","74268494","55","19139655"
"chr11","55145908","55146206","chr2","13333258","13333560","60","41812650"
"chr11","55151550","55151835","chr9","45199048","45199350","46","9952502"
"chr11","55151888","55151916","chr13","54811828","54811851","12","340060"
"chr11","55183036","55183159","chr14","42841708","42841831","22","12341328"
"chr11","55254584","55254874","chr1","202762040","202762339","74","147507456"
"chr11","55260402","55260678","chr2","15909264","15909542","56","39351138"
"chr11","55330055","55330352","chr9","45359762","45360046","59","9970293"
"chr11","55346387","55346524","chr2","170813628","170813760","22","115467241"
"chr11","55349841","55349977","chr9","45389308","45389436","20","9960533"
"chr11","55364484","55364666","chr5","88659161","88659332","60","33294677"
"chr11","55364984","55365120","chr2","170813628","170813760","19","115448644"
"chr11","55380843","55380923","chr5","5514011","5514092","13","49866832"
"chr11","55381171","55381313","chr10","88773992","88774133","21","33392821"
"chr11","55468478","55468751","chr1","143774989","143775260","69","88306511"
"chr11","55486383","55486523","chr12","29176000","29176144","32","26310383"
"chr11","55493538","55493665","chr9","12199265","12199391","25","43294273"
"chr11","55542370","55542499","chr9","45603332","45603462","18","9939038"
"chr11","55553709","55553771","chr22","2366625","2366687","14","53187084"
"chr11","55561214","55561390","chr9","45618619","45618794","23","9942595"
"chr11","55612169","55612491","chr8","117346338","117346641","73","61734169"
"chr11","55797243","55797377","chr1","155368947","155369069","33","99571704"
"chr11","55828113","55828234","chr9","45835419","45835544","18","9992694"
"chr11","55875547","55875811","chr19","24385826","24386100","71","31489721"
"chr11","55939587","55939901","chr9","45955007","45955318","39","9984580"
"chr11","56035401","56035683","chr9","46056235","46056528","48","9979166"
"chr11","56102039","56102331","chr3","39357000","39357300","60","16745039"
"chr11","56116752","56117037","chr9","46139422","46139717","35","9977330"
"chr11","56184439","56184740","chr9","46205601","46205905","32","9978838"
"chr11","56200064","56200197","chr6","43173799","43173932","29","13026265"
"chr11","56202484","56202616","chr11","120560318","120560450","19","64357834"
"chr11","56224697","56225008","chr1","65566064","65566367","72","9341367"
"chr11","56248045","56248338","chr14","80754932","80755229","53","24506887"
"chr11","56279127","56279239","chr12","49841837","49841957","24","6437290"
"chr11","56302925","56303223","chr20","21809218","21809508","83","34493707"
"chr11","56511377","56511669","chr7","149089625","149089915","62","92578248"
"chr11","56623833","56624127","chr9","46648678","46648963","40","9975155"
"chr11","56762194","56762483","chr9","46787760","46788022","47","9974434"
"chr11","56820011","56820297","chr9","46858668","46858949","37","9961343"
"chr11","57036736","57036864","chr4","113256464","113256591","17","56219728"
"chr11","57181322","57181435","chr2","67048921","67049038","18","9867599"
"chr11","57430319","57430482","chr3","150218732","150218895","28","92788413"
"chr11","57430521","57430641","chr14","52172661","52172778","21","5257860"
"chr11","57620718","57621004","chr7","70722916","70723210","62","13102198"
"chr11","57910814","57911095","chr5","144162498","144162784","57","86251684"
"chr11","58101176","58101461","chr3","111189894","111190176","70","53088718"
"chr11","58114607","58114902","chr9","48273028","48273326","45","9841579"
"chr11","58296409","58296594","chr1","125338752","125338931","47","67042343"
"chr11","58442124","58442431","chr9","48604420","48604726","42","9837704"
"chr11","58511070","58511361","chr2","48336915","48337209","68","10174155"
"chr11","58520850","58521139","chr9","48648059","48648351","49","9872791"
"chr11","58573317","58573605","chr1","171173294","171173582","67","112599977"
"chr11","58671000","58671294","chr9","48799554","48799841","55","9871446"
"chr11","58894373","58894643","chr9","49029935","49030190","38","9864438"
"chr11","59269721","59270005","chr10","59514709","59514996","58","244988"
"chr11","59844838","59845112","chrX","48717096","48717374","70","11127742"
"chr11","59939830","59940131","chr2","153911331","153911638","60","93971501"
"chr11","60033355","60033630","chr10","95149473","95149738","77","35116118"
"chr11","60124083","60124312","chr6","116322592","116322818","57","56198509"
"chr11","60413908","60414202","chr12","79848917","79849219","74","19435009"
"chr11","61072414","61072711","chr4","77331513","77331798","52","16259099"
"chr11","61146353","61146606","chr12","85118648","85118901","66","23972295"
"chr11","61166000","61166083","chr8","114444923","114445005","27","53278923"
"chr11","61167311","61167610","chr9","51399797","51400096","43","9767514"
"chr11","61254430","61254739","chr22","12615870","12616168","63","48638560"
"chr11","61389350","61389624","chrUn_GL286556","10233","10508","65","61379117"
"chr11","61420686","61420821","chr2","11695570","11695700","24","49725116"
"chr11","61421093","61421276","chr7","21789387","21789560","47","39631706"
"chr11","61426760","61427072","chr11","43183030","43183336","65","18243730"
"chr11","61479391","61479596","chr7","6192708","6192906","47","55286683"
"chr11","61510741","61511043","chr2","1128220","1128520","63","60382521"
"chr11","61562767","61563045","chr9","51821250","51821516","53","9741517"
"chr11","61586334","61586452","chr2","136128837","136128954","16","74542503"
"chr11","61587355","61587473","chr2","136128837","136128954","16","74541482"
"chr11","61600635","61600929","chr22","15273463","15273759","64","46327172"
"chr11","61605150","61605437","chr9","99097338","99097625","66","37492188"
"chr11","62250174","62250312","chr7","14342279","14342411","28","47907895"
"chr11","62480938","62481244","chr6","16565433","16565732","59","45915505"
"chr11","62498068","62498206","chr10","47225571","47225710","25","15272497"
"chr11","62515043","62515335","chr4","110955984","110956276","53","48440941"
"chr11","62528052","62528170","chr4","18904062","18904180","22","43623990"
"chr11","62564890","62565157","chr10","56285609","56285878","68","6279281"
"chr11","62602911","62603128","chr5","89292510","89292728","52","26689599"
"chr11","62713222","62713502","chr9","52988262","52988559","52","9724960"
"chr11","62731696","62731969","chr1","69136370","69136620","93","6404674"
"chr11","62742770","62743053","chr9","53017865","53018148","44","9724905"
"chr11","62891121","62891434","chr9","53208786","53209072","57","9682335"
"chr11","62930666","62930740","chr10","116296898","116296975","16","53366232"
"chr11","62956294","62956540","chr9","53263604","53263869","45","9692690"
"chr11","63011617","63011935","chr9","53314880","53315182","48","9696737"
"chr11","63014957","63015092","chr2","11695570","11695700","21","51319387"
"chr11","63015431","63015698","chr9","53318032","53318314","55","9697399"
"chr11","63034770","63035067","chr9","53337484","53337780","43","9697286"
"chr11","63056893","63057020","chr4","96162029","96162158","16","33105136"
"chr11","63077086","63077372","chr9","53374900","53375188","38","9702186"
"chr11","63081122","63081237","chr11","99686585","99686688","34","36605463"
"chr11","63081265","63081382","chr1","66564971","66565085","22","3483706"
"chr11","63141596","63141768","chr15","33650315","33650482","49","29491281"
"chr11","63156528","63156818","chr9","53441114","53441409","32","9715414"
"chr11","63216900","63217166","chr1","209445315","209445577","66","146228415"
"chr11","63221998","63222318","chr9","53511553","53511834","64","9710445"
"chr11","63261873","63262171","chr9","53558538","53558826","48","9703335"
"chr11","63289048","63289351","chr5","89339083","89339382","73","26050035"
"chr11","63290418","63290671","chr5","95603456","95603705","58","32313038"
"chr11","63291802","63292092","chr1","189636183","189636474","87","126344381"
"chr11","63300596","63300848","chr18","33417455","33417706","52","29883141"
"chr11","63355762","63356053","chr10","89815328","89815623","63","26459566"
"chr11","63382087","63382393","chr9","53695934","53696236","31","9686153"
"chr11","63386184","63386298","chr4","58596055","58596175","26","4790129"
"chr11","63408225","63408491","chr9","53722432","53722697","35","9685793"
"chr11","63426312","63426466","chr9","58573097","58573261","37","4853215"
"chr11","63461759","63461886","chr6","61172778","61172903","20","2288981"
"chr11","63499143","63499265","chr7","74052864","74052979","18","10553721"
"chr11","63554907","63555209","chr10","114838607","114838907","67","51283700"
"chr11","63588431","63588720","chr3","6299341","6299618","87","57289090"
"chr11","63664863","63665167","chr15","57058522","57058823","57","6606341"
"chr11","63840508","63840742","chr9","54171112","54171309","55","9669396"
"chr11","63852612","63852786","chrX","12021073","12021236","53","51831539"
"chr11","63853095","63853240","chr8","74092458","74092599","30","10239363"
"chr11","63871569","63871893","chr9","54200564","54200865","52","9671005"
"chr11","63877482","63877605","chr1","109230303","109230426","15","45352821"
"chr11","63954915","63955228","chr9","54285727","54286022","55","9669188"
"chr11","64045339","64045648","chr9","54387744","54388038","61","9657595"
"chr11","64171490","64171802","chr9","121784693","121785002","60","57613203"
"chr11","64279319","64279603","chr8","118224264","118224561","74","53944945"
"chr11","64334893","64335194","chr9","54698723","54698999","54","9636170"
"chr11","64372568","64372856","chr9","54736939","54737215","52","9635629"
"chr11","64492508","64492809","chr9","54870608","54870911","42","9621900"
"chr11","64586827","64587128","chr9","54986303","54986581","57","9600524"
"chr11","64723679","64723870","chr10","74764246","74764418","59","10040567"
"chr11","64928662","64928953","chr20","21046458","21046749","65","43882204"
"chr11","64956368","64956675","chr9","107213490","107213791","65","42257122"
"chr11","64961699","64961969","chr2","11078777","11079046","54","53882922"
"chr11","65000400","65000619","chr9","55416627","55416838","43","9583773"
"chr11","65070339","65070644","chr14","80754932","80755229","58","15684593"
"chr11","65099597","65099902","chr9","55532492","55532793","36","9567105"
"chr11","65132170","65132445","chr1","90249678","90249953","64","25117508"
"chr11","65287172","65287302","chr1","195664090","195664216","21","130376918"
"chr11","65308289","65308449","chr2","171121213","171121372","48","105812924"
"chr11","65308475","65308591","chr2","131842406","131842524","19","66533931"
"chr11","65442832","65443153","chr9","55886437","55886738","67","9556395"
"chr11","65548097","65548212","chr3","20634202","20634323","24","44913895"
"chr11","65548234","65548272","chr15","25218526","25218565","6","40329708"
"chr11","65622745","65623028","chr9","56079773","56080035","53","9542972"
"chr11","65754931","65755055","chr7","14214322","14214443","30","51540609"
"chr11","65778174","65778223","chr12","9486160","9486208","12","56292014"
"chr11","65877158","65877347","chr9","56330360","56330542","21","9546798"
"chr11","65882049","65882361","chr9","56335036","56335353","57","9547013"
"chr11","65961535","65961832","chr11","126671394","126671689","64","60709859"
"chr11","65999169","65999464","chr9","56490288","56490575","45","9508881"
"chr11","66211356","66211476","chr9","53669548","53669665","23","12541808"
"chr11","66387013","66387319","chr3","82913223","82913528","64","16526210"
"chr11","67100324","67100623","chr5","37895721","37896023","64","29204603"
"chr11","67157408","67157539","chr1","176862599","176862729","19","109705191"
"chr11","67157826","67157966","chr7","10479983","10480110","33","56677843"
"chr11","67298899","67299191","chr4","144731555","144731838","68","77432656"
"chr11","67306840","67307138","chr3","149104058","149104353","60","81797218"
"chr11","67321635","67321896","chr9","57887923","57888180","30","9433712"
"chr11","67329982","67330282","chr9","57899273","57899566","25","9430709"
"chr11","67368474","67368598","chr3","137802923","137803047","22","70434449"
"chr11","67423042","67423347","chr22","47570742","47571020","72","19852300"
"chr11","67427698","67427963","chr2","94205712","94205963","67","26778014"
"chr11","67441543","67441658","chr7","63129024","63129132","20","4312519"
"chr11","67445633","67445914","chr9","57995506","57995771","64","9450127"
"chr11","67452365","67452537","chr13","17963304","17963465","39","49489061"
"chr11","67453286","67453555","chr9","58004010","58004277","36","9449276"
"chr11","67488708","67489040","chr9","58042368","58042660","75","9446340"
"chr11","67505767","67505896","chr10","98492248","98492377","16","30986481"
"chr11","67509532","67509655","chr9","58063727","58063848","14","9445805"
"chr11","67528323","67528490","chr1","197673482","197673635","50","130145159"
"chr11","67591496","67591766","chr9","58262019","58262303","51","9329477"
"chr11","67604579","67604714","chr13","40267018","40267150","23","27337561"
"chr11","67612300","67612533","chr1","155451312","155451539","59","87839012"
"chr11","67641643","67641683","chr6","84165448","84165488","5","16523805"
"chr11","67771574","67771886","chr3","138069503","138069810","61","70297929"
"chr11","67813692","67814003","chr1","185506876","185507173","68","117693184"
"chr11","67831171","67831338","chr9","58573097","58573261","19","9258074"
"chr11","67901163","67901445","chr2","201309763","201310040","50","133408600"
"chr11","67906885","67907187","chr9","58623179","58623465","65","9283706"
"chr11","67931789","67931911","chr7","78792060","78792184","22","10860271"
"chr11","67967920","67968199","chr10","5139322","5139600","61","62828598"
"chr11","68001849","68001979","chr21","38022221","38022351","23","29979628"
"chr11","68066566","68066773","chr9","58770562","58770789","34","9296004"
"chr11","68102116","68102411","chr9","58805926","58806209","37","9296190"
"chr11","68109541","68109844","chr19","18021088","18021396","61","50088453"
"chr11","68135641","68135937","chr9","58844105","58844397","46","9291536"
"chr11","68145908","68146101","chr19","21396362","21396544","47","46749546"
"chr11","68146103","68146155","chr18","8314798","8314847","10","59831305"
"chr11","68155374","68155521","chr8","30587546","30587708","44","37567828"
"chr11","68159103","68159401","chr9","58910119","58910425","44","9248984"
"chr11","68181640","68181950","chr22","37688895","37689202","59","30492745"
"chr11","68206383","68206564","chr2","122315865","122316039","44","54109482"
"chr11","68231779","68232019","chr5","79599110","79599342","72","11367331"
"chr11","68240160","68240458","chr12","48712370","48712665","56","19527790"
"chr11","68322430","68322558","chr4","105747416","105747544","26","37424986"
"chr11","68648474","68648771","chr9","59429196","59429498","37","9219278"
"chr11","68885942","68886063","chr2","10899863","10899988","24","57986079"
"chr11","69019841","69020137","chr5","26991834","26992134","70","42028007"
"chr11","69145312","69145590","chr9","59904416","59904699","42","9240896"
"chr11","69169921","69170230","chr9","59934642","59934941","47","9235279"
"chr11","69282348","69282423","chr20","2243206","2243276","20","67039142"
"chr11","69282485","69282557","chr2","134999378","134999455","18","65716893"
"chr11","69372089","69372211","chrX","47000722","47000844","15","22371367"
"chr11","69398887","69399104","chr9","60156945","60157162","24","9241942"
"chr11","69413808","69414105","chr6","16565433","16565732","64","52848375"
"chr11","69514002","69514312","chr1","153461064","153461371","74","83947062"
"chr11","69884996","69885124","chr9","65816955","65817079","20","4068041"
"chr11","69958107","69958370","chr5","84024732","84024986","72","14066625"
"chr11","70283152","70283262","chr7","30215462","30215575","16","40067690"
"chr11","70404371","70404661","chr9","61191525","61191823","39","9212846"
"chr11","70496907","70497033","chr9","61286670","61286785","26","9210237"
"chr11","70501417","70501684","chr6","128971651","128971926","75","58470234"
"chr11","70606062","70606368","chr9","61388850","61389157","44","9217212"
"chr11","70786180","70786369","chr3","48173821","48174007","45","22612359"
"chr11","70921023","70921296","chr16","53183885","53184163","62","17737138"
"chr11","70943123","70943241","chr7","30215462","30215575","23","40727661"
"chr11","71003389","71003511","chr5","11434176","11434295","20","59569213"
"chr11","71399405","71399717","chr7","20976903","20977211","79","50422502"
"chr11","71863566","71863802","chr11","124393422","124393655","56","52529856"
"chr11","72740689","72740806","chr3","46055702","46055819","27","26684987"
"chr11","72740880","72741174","chr7","61210051","61210338","69","11530829"
"chr11","72869735","72870035","chr9","63715006","63715295","49","9154729"
"chr11","73883208","73883468","chr12","60580377","60580643","69","13302831"
"chr11","74147431","74147744","chr9","64949219","64949520","60","9198212"
"chr11","74171001","74171289","chr5","942750","943029","63","73228251"
"chr11","74271267","74271560","chr9","65063877","65064152","43","9207390"
"chr11","74353127","74353259","chr2","170813628","170813760","29","96460501"
"chr11","74764744","74764923","chr16","91551886","91552056","32","16787142"
"chr11","74764949","74765057","chrX","64048185","64048298","20","10716764"
"chr11","74774897","74775054","chr6","119686129","119686279","36","44911232"
"chr11","74775087","74775218","chrX","58482136","58482260","24","16292951"
"chr11","74822945","74823224","chr9","65613186","65613459","40","9209759"
"chr11","74827020","74827268","chr1","210203908","210204157","76","135376888"
"chr11","74847117","74847423","chr14","80754932","80755229","61","5907815"
"chr11","74920398","74920689","chr8","21270645","21270942","60","53649753"
"chr11","75008516","75008642","chr9","65797051","65797176","13","9211465"
"chr11","75012617","75012906","chr13","58743588","58743885","73","16269029"
"chr11","75017969","75018116","chr2","186214604","186214740","35","111196635"
"chr11","75108412","75108666","chr9","65910450","65910703","58","9197962"
"chr11","75112585","75112884","chr9","65915669","65915958","41","9196916"
"chr11","75129690","75129845","chr2","57499068","57499225","42","17630622"
"chr11","75150852","75151159","chr5","108704243","108704559","57","33553391"
"chr11","75171570","75171758","chr9","65974089","65974281","40","9197481"
"chr11","75179360","75179489","chr22","45119087","45119217","21","30060273"
"chr11","75269426","75269714","chr9","53523121","53523415","52","21746305"
"chr11","75301810","75302115","chr2","152149664","152149974","71","76847854"
"chr11","75341965","75342246","chr9","66143237","66143517","38","9198728"
"chr11","75397105","75397358","chr9","66173510","66173759","62","9223595"
"chr11","75542071","75542371","chr9","66338661","66338940","50","9203410"
"chr11","75555188","75555457","chr14","100691529","100691810","60","25136341"
"chr11","75555977","75556294","chr1","194892399","194892709","68","119336422"
"chr11","75587137","75587433","chr10","48212947","48213240","65","27374190"
"chr11","75660061","75660343","chr9","66462421","66462711","50","9197640"
"chr11","75691568","75691698","chr9","20099570","20099702","23","55591998"
"chr11","75710430","75710750","chr5","96920240","96920551","72","21209810"
"chr11","75781342","75781644","chr9","66588483","66588783","43","9192859"
"chr11","75914193","75914298","chr18","5340564","5340674","20","70573629"
"chr11","75920428","75920555","chr2","67968411","67968538","21","7952017"
"chr11","75995981","75996278","chr7","70529533","70529824","66","5466448"
"chr11","76097272","76097325","chr11","75904621","75904677","19","192651"
"chr11","76152489","76152591","chr7","50023937","50024035","19","26128552"
"chr11","76152995","76153191","chr13","34751075","34751265","50","41401920"
"chr11","76232392","76232536","chr13","40267018","40267150","34","35965374"
"chr11","76471789","76472081","chr9","67353896","67354178","41","9117893"
"chr11","77185679","77185804","chr17","73961152","73961276","27","3224527"
"chr11","77589601","77589728","chr18","11756384","11756520","41","65833217"
"chr11","78080353","78080652","chr9","68983263","68983552","50","9097090"
"chr11","78255362","78255669","chr9","69162965","69163268","37","9092397"
"chr11","78319607","78319736","chr1","176862599","176862729","22","98542992"
"chr11","78325635","78325911","chr7","66388710","66388987","65","11936925"
"chr11","78389946","78390240","chr9","69295841","69296124","52","9094105"
"chr11","78546821","78546935","chr4","25675203","25675313","36","52871618"
"chr11","78667950","78668235","chr9","69602833","69603105","50","9065117"
"chr11","78853828","78853899","chr2","55598124","55598191","14","23255704"
"chr11","78917888","78918107","chr9","69846774","69846990","30","9071114"
"chr11","78969449","78969706","chr5","107646127","107646355","68","28676678"
"chr11","79252838","79253131","chr10","94610637","94610936","55","15357799"
"chr11","79407640","79407947","chr9","70393351","70393658","41","9014289"
"chr11","79417434","79417704","chr3","5877855","5878119","65","73539579"
"chr11","79626789","79627085","chrX","90240935","90241220","62","10614146"
"chr11","79654075","79654238","chr10","100194841","100194990","46","20540766"
"chr11","79701181","79701471","chr9","70651187","70651470","55","9049994"
"chr11","79740468","79740590","chrX","47000722","47000844","17","32739746"
"chr11","80378607","80378823","chr22","32203555","32203776","37","48175052"
"chr11","80404298","80404602","chr9","71345676","71345977","56","9058622"
"chr11","80614051","80614349","chr9","71550459","71550744","57","9063592"
"chr11","80778100","80778405","chr11","117438567","117438850","80","36660467"
"chr11","81288185","81288483","chr6","47002904","47003199","80","34285281"
"chr11","81415266","81415573","chr9","72297352","72297646","39","9117914"
"chr11","81618428","81618473","chr5","85542996","85543043","9","3924568"
"chr11","81643084","81643302","chr9","72508643","72508859","35","9134441"
"chr11","81858156","81858442","chr1","203796500","203796783","72","121938344"
"chr11","81927506","81927816","chr9","72775012","72775306","48","9152494"
"chr11","81943070","81943373","chr9","72785275","72785563","60","9157795"
"chr11","82959881","82960141","chr9","73724531","73724792","46","9235350"
"chr11","83648300","83648314","chr3","11300434","11300446","5","72347866"
"chr11","83648345","83648428","chr5","2801546","2801643","29","80846799"
"chr11","84387907","84388004","chr1","150766210","150766302","25","66378303"
"chr11","84388031","84388157","chr12","12035305","12035432","21","72352726"
"chr11","84388279","84388402","chr17","5989328","5989449","20","78398951"
"chr11","84425377","84425652","chr9","75023715","75023989","30","9401662"
"chr11","85224899","85225198","chr9","82462704","82462987","58","2762195"
"chr11","85389754","85389964","chr1","171481352","171481555","47","86091598"
"chr11","85756358","85756634","chr5","108117893","108118172","64","22361535"
"chr11","85965670","85965981","chrX","13810174","13810484","71","72155496"
"chr11","86290569","86290909","chr10","120546371","120546703","87","34255802"
"chr11","86697009","86697285","chr9","81066654","81066941","47","5630355"
"chr11","86926386","86926687","chr22","29758068","29758367","75","57168318"
"chr11","87103320","87103585","chr7","126977621","126977879","71","39874301"
"chr11","87570685","87570982","chr5","40327717","40328012","64","47242968"
"chr11","87678606","87678878","chr15","64267792","64268063","67","23410814"
"chr11","87907487","87907697","chr13","59455278","59455483","44","28452209"
"chr11","87942292","87942588","chr9","79794122","79794431","61","8148170"
"chr11","88083243","88083380","chr1","41377894","41378028","28","46705349"
"chr11","88109761","88110063","chr7","88375342","88375648","56","265581"
"chr11","88159401","88159559","chr9","79583616","79583778","34","8575785"
"chr11","88159863","88160000","chr9","79583180","79583304","18","8576683"
"chr11","88186160","88186448","chr11","15873870","15874145","61","72312290"
"chr11","88234867","88235151","chr9","79506712","79507008","57","8728155"
"chr11","88534995","88535307","chr3","151344768","151345065","61","62809773"
"chr11","88638776","88639033","chrX","39356560","39356806","66","49282216"
"chr11","89039002","89039163","chr2","73834046","73834211","38","15204956"
"chr11","89084723","89084850","chr5","112038755","112038881","25","22954032"
"chr11","89113148","89113436","chr2","35553288","35553567","66","53559860"
"chr11","89135464","89135737","chr9","78633888","78634172","49","10501576"
"chr11","89158697","89158808","chr2","67970502","67970621","32","21188195"
"chr11","89527994","89528291","chr18","37319134","37319421","66","52208860"
"chr11","89553815","89554103","chr9","78197148","78197404","73","11356667"
"chr11","89762192","89762282","chr3","110537912","110538004","25","20775720"
"chr11","90851493","90851757","chr6","53816675","53816942","67","37034818"
"chr11","91153237","91153360","chr9","65816955","65817079","35","25336282"
"chr11","91386694","91387011","chr22","2944554","2944866","80","88442140"
"chr11","91769085","91769398","chr9","76215229","76215527","67","15553856"
"chr11","91837138","91837435","chr9","76150817","76151128","61","15686321"
"chr11","91859072","91859194","chr9","76130435","76130558","14","15728637"
"chr11","91942228","91942517","chr15","72006581","72006859","64","19935647"
"chr11","91948929","91949152","chr9","76032197","76032408","42","15916732"
"chr11","91951830","91952140","chrX","14856086","14856380","68","77095744"
"chr11","91974945","91975069","chr2","16043767","16043888","24","75931178"
"chr11","92032049","92032360","chr9","75945815","75946120","56","16086234"
"chr11","92035451","92035693","chrUn_GL286756","294","551","65","92035157"
"chr11","92064808","92064933","chr8","97349961","97350081","26","5285153"
"chr11","92425109","92425230","chr11","14157994","14158117","20","78267115"
"chr11","92616169","92616454","chrY","1556773","1557040","68","91059396"
"chr11","92631749","92631882","chr5","133601563","133601693","27","40969814"
"chr11","92645122","92645237","chrUn_GL286217","106113","106229","23","92539009"
"chr11","92674564","92674824","chr4","138109233","138109489","59","45434669"
"chr11","92675707","92675824","chr1","187214012","187214129","31","94538305"
"chr11","92679611","92679918","chr16","94132557","94132858","60","1452946"
"chr11","92727057","92727115","chrUn_GL286463","5448","5505","11","92721609"
"chr11","92743670","92743956","chr9","82976563","82976849","55","9767107"
"chr11","92848231","92848501","chr9","83071774","83072044","36","9776457"
"chr11","92848907","92849193","chr9","83072412","83072687","47","9776495"
"chr11","92885553","92885796","chr7","80049873","80050098","61","12835680"
"chr11","92938877","92939113","chr7","62326411","62326641","50","30612466"
"chr11","93001391","93001688","chr2","13511856","13512150","60","79489535"
"chr11","93002337","93002477","chr9","83213255","83213386","24","9789082"
"chr11","93049315","93049439","chr9","83267309","83267435","17","9782006"
"chr11","93074069","93074342","chr9","83288908","83289162","48","9785161"
"chr11","93088939","93089048","chr4","110956504","110956611","26","17867565"
"chr11","93162994","93163120","chr1","99997997","99998125","20","6835003"
"chr11","93187483","93187799","chr14","59498349","59498666","99","33689134"
"chr11","93228660","93228958","chr16","76258769","76259059","88","16969891"
"chr11","93241400","93241541","chr21","35623657","35623809","35","57617743"
"chr11","93241860","93241996","chr12","11035256","11035394","22","82206604"
"chr11","93253397","93253577","chrX","64086297","64086476","49","29167100"
"chr11","93280975","93281237","chr7","19027470","19027747","63","74253505"
"chr11","93286343","93286649","chr9","83512931","83513229","50","9773412"
"chr11","93297550","93297845","chr9","83524552","83524854","43","9772998"
"chr11","93353421","93353717","chrX","40362781","40363078","77","52990640"
"chr11","93459933","93460019","chr2","10906979","10907070","14","82552954"
"chr11","93465526","93465649","chr2","137376540","137376658","20","43911014"
"chr11","93480468","93480590","chr1","9508271","9508392","23","83972197"
"chr11","93586463","93586623","chrUn_GL286439","53125","53271","39","93533338"
"chr11","93928427","93928716","chr9","84086685","84086969","48","9841742"
"chr11","93970623","93970889","chr9","84131810","84132071","33","9838813"
"chr11","94061838","94061956","chr2","11777768","11777876","33","82284070"
"chr11","94063057","94063175","chr2","11777768","11777876","33","82285289"
"chr11","94107086","94107368","chr15","34493444","34493733","68","59613642"
"chr11","94110080","94110204","chr12","28937868","28937989","21","65172212"
"chr11","94254474","94254594","chr9","84451832","84451952","15","9802642"
"chr11","94259237","94259563","chr9","84466935","84467251","54","9792302"
"chr11","94293666","94293945","chr9","84500743","84501026","45","9792923"
"chr11","94305527","94305729","chr9","84510980","84511165","44","9794547"
"chr11","94340258","94340542","chr9","84545129","84545411","45","9795129"
"chr11","94373399","94373689","chr9","53523121","53523415","52","40850278"
"chr11","94405028","94405344","chr9","84609711","84610009","52","9795317"
"chr11","94417164","94417471","chr9","84621243","84621549","31","9795921"
"chr11","94549477","94549726","chr5","5849459","5849710","48","88700018"
"chr11","94622408","94622686","chr9","84836990","84837277","42","9785418"
"chr11","94723521","94723652","chr9","84941797","84941931","21","9781724"
"chr11","94738731","94739025","chr9","84957742","84958045","48","9780989"
"chr11","94748126","94748454","chr9","84966567","84966874","58","9781559"
"chr11","94824039","94824342","chr1","141447001","141447306","66","46622962"
"chr11","94827409","94827632","chr4","107463267","107463478","58","12635858"
"chr11","94844137","94844253","chr6","31167603","31167720","23","63676534"
"chr11","94865243","94865513","chr9","85065548","85065834","43","9799695"
"chr11","94870688","94870821","chr9","85070563","85070695","17","9800125"
"chr11","94927391","94927517","chr1","202423319","202423445","18","107495928"
"chr11","94927814","94927992","chr9","110807992","110808163","42","15880178"
"chr11","94929199","94929327","chr17","18697273","18697397","19","76231926"
"chr11","94946097","94946410","chrX","13810174","13810484","71","81135923"
"chr11","94950435","94950724","chr9","85176301","85176590","40","9774134"
"chr11","94965808","94965989","chr1","188326542","188326728","41","93360734"
"chr11","95084166","95084440","chr19","24369860","24370137","57","70714306"
"chr11","95088426","95088735","chr5","9499160","9499467","66","85589266"
"chr11","95139661","95139774","chr9","85375684","85375804","20","9763977"
"chr11","95154159","95154413","chr12","26532682","26532938","49","68621477"
"chr11","95177110","95177415","chr2","15424118","15424424","57","79752992"
"chr11","95223046","95223170","chr7","12493742","12493862","20","82729304"
"chr11","95223892","95224023","chr5","111832766","111832899","20","16608874"
"chr11","95229291","95229424","chrX","106469400","106469531","23","11240109"
"chr11","95229751","95229912","chr7","44993880","44994033","43","50235871"
"chr11","95233482","95233762","chr9","85471050","85471299","56","9762432"
"chr11","95240445","95240757","chr7","55168420","55168731","72","40072025"
"chr11","95315749","95316047","chr9","85489043","85489338","66","9826706"
"chr11","95376039","95376163","chr6","146740787","146740909","23","51364748"
"chr11","95382876","95383000","chr1","98656756","98656886","19","3273880"
"chr11","95446640","95446687","chrX","3052756","3052798","11","92393884"
"chr11","95464428","95464560","chr4","44916989","44917117","33","50547439"
"chr11","95507424","95507705","chr9","85691306","85691592","59","9816118"
"chr11","95508211","95508511","chr5","97762058","97762355","66","2253847"
"chr11","95529638","95529789","chr12","29176000","29176144","41","66353638"
"chr11","95561447","95561755","chr9","85737988","85738272","52","9823459"
"chr11","95581452","95581737","chr9","85763586","85763878","46","9817866"
"chr11","95667916","95668169","chr9","85853648","85853880","44","9814268"
"chr11","95756623","95756924","chr9","43654559","43654856","53","52102064"
"chr11","95874966","95875260","chr9","86054958","86055249","44","9820008"
"chr11","95909549","95909893","chr12","1793850","1794183","90","94115699"
"chr11","95918834","95919157","chr11","66877535","66877842","63","29041299"
"chr11","95933263","95933398","chr9","86118192","86118326","12","9815071"
"chr11","95933695","95933786","chr8","82722555","82722639","23","13211140"
"chr11","95973120","95973431","chr9","86154029","86154335","35","9819091"
"chr11","95988425","95988684","chr9","86167505","86167763","22","9820920"
"chr11","96027494","96027803","chr9","86218498","86218787","60","9808996"
"chr11","96044480","96044632","chr8","105906105","105906264","33","9861625"
"chr11","96045210","96045258","chr9","9555030","9555072","15","86490180"
"chr11","96057993","96058266","chr2","15577689","15577967","61","80480304"
"chr11","96074907","96074979","chr21","40627470","40627537","15","55447437"
"chr11","96111938","96112232","chr9","86312392","86312678","51","9799546"
"chr11","96223932","96224160","chr9","86438055","86438312","50","9785877"
"chr11","96232230","96232357","chr2","79253996","79254126","24","16978234"
"chr11","96264719","96264838","chr6","148981161","148981280","13","52716442"
"chr11","96269247","96269560","chr9","86487506","86487791","66","9781741"
"chr11","96273744","96274044","chr9","86492692","86492989","57","9781052"
"chr11","97016852","97017173","chr9","87227127","87227442","49","9789725"
"chr11","97245817","97246103","chr9","87484160","87484449","42","9761657"
"chr11","97247844","97248144","chr15","29626979","29627271","69","67620865"
"chr11","97284005","97284296","chr5","127542950","127543244","66","30258945"
"chr11","97340652","97340956","chr1","185506876","185507173","54","88166224"
"chr11","97553817","97554130","chr9","87789980","87790286","52","9763837"
"chr11","97684462","97684653","chr2","105199004","105199203","53","7514542"
"chr11","97684681","97684790","chr16","19125430","19125541","25","78559251"
"chr11","97772937","97773014","chr9","88011177","88011254","7","9761760"
"chr11","98155663","98155789","chr7","147403694","147403823","26","49248031"
"chr11","98237384","98237632","chr12","85118648","85118901","53","13118736"
"chr11","98300297","98300470","chr11","76578764","76578933","35","21721533"
"chr11","98300769","98300898","chrX","137836341","137836466","22","39535572"
"chr11","98301175","98301445","chr2","130188802","130189066","59","31887627"
"chr11","98311085","98311199","chr9","88572829","88572950","14","9738256"
"chr11","98315907","98316210","chr18","35126792","35127078","84","63189115"
"chr11","98348922","98349233","chr9","88608397","88608717","68","9740525"
"chr11","98349800","98350090","chr1","64984216","64984502","59","33365584"
"chr11","98375803","98375991","chr9","88633882","88634059","39","9741921"
"chr11","98433997","98434287","chr9","88687539","88687829","28","9746458"
"chr11","98435702","98435974","chr9","88688602","88688893","56","9747100"
"chr11","98453027","98453275","chr9","88710514","88710761","30","9742513"
"chr11","98458624","98458906","chr1","90249678","90249953","55","8208946"
"chr11","98458951","98458978","chr2","16011052","16011073","9","82447899"
"chr11","98459303","98459392","chr10","918859","918947","17","97540444"
"chr11","98467333","98467685","chr9","88720649","88720996","59","9746684"
"chr11","98495887","98496008","chr9","8892547","8892667","20","89603340"
"chr11","98556067","98556365","chr6","123605308","123605591","77","25049241"
"chr11","98613241","98613556","chr5","97783704","97784018","66","829537"
"chr11","98786939","98787225","chr9","89047741","89048021","49","9739198"
"chr11","98850034","98850214","chr2","144690776","144690943","33","45840742"
"chr11","98858460","98858713","chr9","89085348","89085599","33","9773112"
"chr11","99527399","99527684","chr9","58926286","58926582","66","40601113"
"chr11","99682164","99682466","chr7","10005546","10005847","66","89676618"
"chr11","99685861","99686157","chr9","89968008","89968313","41","9717853"
"chr11","99844383","99844533","chr7","88104255","88104409","38","11740128"
"chr11","99844569","99844688","chr2","21228963","21229079","20","78615606"
"chr11","99863002","99863252","chr7","122885667","122885928","59","23022665"
"chr11","99902876","99903098","chr7","80049873","80050098","51","19853003"
"chr11","99928810","99929078","chr6","121523736","121524006","55","21594926"
"chr11","100008586","100008877","chr14","21286699","21286994","62","78721887"
"chr11","100022103","100022374","chr22","715695","715972","72","99306408"
"chr11","100033501","100033827","chr14","2900216","2900521","84","97133285"
"chr11","100082065","100082330","chr13","43382306","43382564","58","56699759"
"chr11","100118216","100118498","chr9","90372953","90373247","41","9745263"
"chr11","100153228","100153362","chr8","11520784","11520916","20","88632444"
"chr11","100173884","100174178","chr9","90434398","90434686","37","9739486"
"chr11","100187473","100187736","chr13","18944890","18945142","59","81242583"
"chr11","100206998","100207296","chr2","56969336","56969629","58","43237662"
"chr11","100230381","100230524","chr17","73250584","73250724","30","26979797"
"chr11","100230777","100230957","chr11","59836810","59836987","44","40393967"
"chr11","100233069","100233338","chr9","90498401","90498659","46","9734668"
"chr11","100478311","100478606","chr9","90736664","90736980","56","9741647"
"chr11","100615913","100616230","chr7","10165212","10165519","72","90450701"
"chr11","100943157","100943287","chrUn_GL288991","5898","6030","22","100937259"
"chr11","101183043","101183198","chr9","91394598","91394750","19","9788445"
"chr11","101269988","101270101","chr7","63129024","63129132","29","38140964"
"chr11","101309593","101309719","chr9","21660421","21660545","20","79649172"
"chr11","101315740","101316027","chr20","6964229","6964516","57","94351511"
"chr11","101323331","101323458","chr11","96832037","96832164","19","4491294"
"chr11","101339048","101339120","chr1","148595619","148595699","18","47256571"
"chr11","101378729","101378852","chr11","9084145","9084268","23","92294584"
"chr11","101417161","101417324","chr11","31583539","31583686","45","69833622"
"chr11","101417916","101418051","chr5","112473213","112473343","27","11055297"
"chr11","101423814","101424033","chr7","69405016","69405220","60","32018798"
"chr11","101425721","101425907","chr9","107456252","107456436","50","6030531"
"chr11","101426198","101426310","chr9","91639390","91639496","18","9786808"
"chr11","101429454","101429587","chr9","91642819","91642953","17","9786635"
"chr11","101484831","101484963","chr11","96832037","96832164","22","4652794"
"chr11","101502427","101502713","chr9","51880711","51880996","58","49621716"
"chr11","101511057","101511177","chr11","62076262","62076378","22","39434795"
"chr11","101536816","101536946","chr2","11695570","11695700","24","89841246"
"chr11","101721818","101722113","chr9","91946233","91946502","60","9775585"
"chr11","101739998","101740270","chr9","91964520","91964804","52","9775478"
"chr11","101748774","101749084","chr7","88375342","88375648","75","13373432"
"chr11","101766276","101766405","chrX","51527362","51527490","26","50238914"
"chr11","101804699","101804822","chr17","24136495","24136616","22","77668204"
"chr11","101822674","101822805","chr10","119317607","119317738","24","17494933"
"chr11","101988413","101988674","chr9","92156897","92157148","40","9831516"
"chr11","102098139","102098263","chr22","17647117","17647240","20","84451022"
"chr11","102264877","102265189","chr5","131527086","131527390","63","29262209"
"chr11","102637644","102637922","chr9","92785778","92786042","51","9851866"
"chr11","103118768","103119094","chr9","93242296","93242581","72","9876472"
"chr11","103225871","103225993","chr9","93342866","93342988","17","9883005"
"chr11","103530746","103531061","chr7","4573193","4573497","61","98957553"
"chr11","103675994","103676279","chr9","93828013","93828285","44","9847981"
"chr11","103706357","103706485","chr9","65816955","65817079","19","37889402"
"chr11","103762574","103762878","chr2","17670653","17670953","62","86091921"
"chr11","103884106","103884374","chr9","94033143","94033410","37","9850963"
"chr11","104027666","104027930","chr7","122885667","122885928","58","18858001"
"chr11","104029272","104029570","chr9","94117847","94118136","49","9911425"
"chr11","104125529","104125831","chr20","38498660","38498964","75","65626869"
"chr11","104135684","104135807","chr2","8736418","8736533","28","95399266"
"chr11","104223323","104223611","chrX","43460098","43460387","64","60763225"
"chr11","104306454","104306762","chr9","94375464","94375742","66","9930990"
"chr11","104350223","104350527","chr9","94426068","94426349","51","9924155"
"chr11","104373392","104373688","chr9","94448171","94448473","38","9925221"
"chr11","104396534","104396802","chr9","94471449","94471730","61","9925085"
"chr11","104421000","104421271","chr7","26563159","26563433","66","77857841"
"chr11","104539545","104539808","chr1","204073427","204073684","61","99533882"
"chr11","104608155","104608258","chr2","93927440","93927542","29","10680715"
"chr11","104724845","104724908","chr12","55972311","55972376","12","48752534"
"chr11","104780021","104780307","chr9","94886392","94886679","62","9893629"
"chr11","104895445","104895708","chr5","96636957","96637210","72","8258488"
"chr11","105003788","105004075","chr5","82462071","82462341","68","22541717"
"chr11","105021795","105021964","chr13","48099377","48099547","37","56922418"
"chr11","105022219","105022332","chr5","83706800","83706913","16","21315419"
"chr11","105042304","105042574","chr5","3925376","3925655","59","101116928"
"chr11","105208513","105208759","chr9","111057928","111058166","53","5849415"
"chr11","105244619","105244900","chr5","134323307","134323574","72","29078688"
"chr11","105316753","105317055","chr6","42564332","42564632","62","62752421"
"chr11","105381258","105381561","chr9","95494587","95494885","35","9886671"
"chr11","105414700","105414994","chr1","198410057","198410349","62","92995357"
"chr11","105767513","105767887","chr10","8714895","8715252","105","97052618"
"chr11","105896895","105897205","chr7","128270704","128271012","74","22373809"
"chr11","105995614","105995875","chr3","149028259","149028516","65","43032645"
"chr11","106140862","106141156","chr11","61214278","61214568","64","44926584"
"chr11","106159378","106159691","chr9","96243815","96244112","59","9915563"
"chr11","106205978","106206280","chr9","96287495","96287780","49","9918483"
"chr11","106415739","106415849","chr7","30215462","30215575","16","76200277"
"chr11","106416153","106416329","chr8","76414677","76414850","46","30001476"
"chr11","106666779","106667064","chr5","46063984","46064267","68","60602795"
"chr11","106735090","106735368","chr3","168185720","168186007","59","61450630"
"chr11","106789569","106789665","chr7","22434038","22434132","15","84355531"
"chr11","106802781","106803002","chr9","72508643","72508859","55","34294138"
"chr11","106825800","106826089","chr11","120608722","120609012","55","13782922"
"chr11","106851709","106851829","chr9","108534541","108534662","23","1682832"
"chr11","106854043","106854180","chr13","52657857","52657994","35","54196186"
"chr11","106854208","106854310","chr9","111324615","111324716","32","4470407"
"chr11","106901813","106901942","chr9","65816955","65817079","25","41084858"
"chr11","107008182","107008482","chr1","155032190","155032474","65","48024008"
"chr11","107030648","107030850","chr11","123412810","123413013","42","16382162"
"chr11","107263564","107263751","chr1","188326542","188326728","37","81062978"
"chr11","107556678","107556954","chr7","58274465","58274765","71","49282213"
"chr11","107581361","107581517","chr10","74699647","74699806","51","32881714"
"chr11","107588766","107588896","chr8","117888920","117889051","29","10300154"
"chr11","107634528","107634661","chr16","94042636","94042767","25","13591892"
"chr11","107649484","107649746","chr9","97845965","97846236","64","9803519"
"chr11","107765151","107765435","chr9","97968309","97968584","43","9796842"
"chr11","107794756","107795039","chr9","98010714","98010994","38","9784042"
"chr11","107850217","107850502","chr4","111330364","111330653","63","3480147"
"chr11","107974779","107975048","chr16","87398591","87398864","71","20576188"
"chr11","108113465","108113782","chr7","77076421","77076738","66","31037044"
"chr11","108207659","108207771","chr2","8694044","8694161","19","99513615"
"chr11","108208198","108208226","chr7","121158321","121158346","5","12950123"
"chr11","108244151","108244445","chr1","141266461","141266723","76","33022310"
"chr11","108448731","108449013","chr2","8682795","8683064","69","99765936"
"chr11","108498302","108498431","chr2","1983485","1983615","25","106514817"
"chr11","108621071","108621383","chr9","98804862","98805172","45","9816209"
"chr11","108647614","108647739","chr9","98830358","98830481","15","9817256"
"chr11","108659061","108659132","chr10","47556421","47556492","9","61102640"
"chr11","108663702","108664001","chr9","98845068","98845345","60","9818634"
"chr11","108669382","108669679","chr2","7356738","7357036","63","101312644"
"chr11","108842667","108842985","chr11","66877535","66877842","67","41965132"
"chr11","108844401","108844685","chr9","99027093","99027372","33","9817308"
"chr11","108890439","108890747","chr9","99080067","99080376","32","9810372"
"chr11","108894038","108894164","chr9","99084429","99084555","19","9809609"
"chr11","108906322","108906628","chr9","99091925","99092234","54","9814397"
"chr11","108907243","108907533","chr9","99092810","99093112","54","9814433"
"chr11","108914635","108914936","chr9","99100042","99100330","53","9814593"
"chr11","108929987","108930286","chr4","6591592","6591886","72","102338395"
"chr11","109000464","109000778","chr10","94610637","94610936","64","14389827"
"chr11","109035715","109035908","chrX","51915502","51915692","59","57120213"
"chr11","109056117","109056241","chr16","69056136","69056255","31","39999981"
"chr11","109068393","109068687","chr9","99241189","99241475","41","9827204"
"chr11","109074214","109074351","chr9","99246950","99247085","22","9827264"
"chr11","109077758","109078051","chr9","99251165","99251455","44","9826593"
"chr11","109081451","109081766","chr9","99254673","99254984","49","9826778"
"chr11","109082536","109082787","chr9","99255739","99256010","39","9826797"
"chr11","109092195","109092502","chr1","177138229","177138526","58","68046034"
"chr11","109145047","109145369","chr9","99303961","99304257","58","9841086"
"chr11","109150315","109150615","chr15","82905597","82905893","68","26244718"
"chr11","109185391","109185600","chr10","79891266","79891470","50","29294125"
"chr11","109206776","109207085","chr10","125473966","125474267","62","16267190"
"chr11","109251413","109251704","chr9","99419105","99419381","57","9832308"
"chr11","109262390","109262700","chr9","99431209","99431509","50","9831181"
"chr11","109309567","109309850","chr9","99477141","99477426","33","9832426"
"chr11","109333745","109334054","chr1","21430763","21431070","63","87902982"
"chr11","109342121","109342294","chr13","66738092","66738261","43","42604029"
"chr11","109343428","109343717","chr9","99516549","99516835","58","9826879"
"chr11","109353444","109353744","chr9","99537112","99537431","57","9816332"
"chr11","109359375","109359511","chr1","118529934","118530068","28","9170559"
"chr11","109400177","109400485","chr2","153911331","153911638","54","44511154"
"chr11","109480528","109480822","chr7","87410036","87410330","55","22070492"
"chr11","109526368","109526627","chr1","209445315","209445577","61","99918947"
"chr11","109545267","109545398","chr2","11695570","11695700","24","97849697"
"chr11","109577995","109578296","chr19","17031038","17031339","57","92546957"
"chr11","109635219","109635367","chr10","88773992","88774133","29","20861227"
"chr11","109737771","109737986","chr2","12770367","12770584","47","96967404"
"chr11","109762903","109763026","chr1","202423319","202423445","16","92660416"
"chr11","109767980","109768261","chr9","99965031","99965295","58","9802949"
"chr11","109822473","109822769","chr9","100016980","100017287","43","9805493"
"chr11","109843161","109843295","chr11","125306488","125306618","29","15463327"
"chr11","109915197","109915487","chr2","35553288","35553567","64","74361909"
"chr11","110015757","110015882","chr7","46825878","46826002","22","63189879"
"chr11","110042665","110042779","chr10","82180932","82181042","22","27861733"
"chr11","110043171","110043363","chr8","34223601","34223790","42","75819570"
"chr11","110044318","110044565","chr9","8848067","8848323","65","101196251"
"chr11","110046098","110046396","chr9","100267476","100267774","33","9778622"
"chr11","110065494","110065770","chr15","50165523","50165799","55","59899971"
"chr11","110074919","110075230","chr10","78924125","78924421","69","31150794"
"chr11","110115452","110115728","chr9","100346339","100346617","54","9769113"
"chr11","110124368","110124491","chr9","65816955","65817079","17","44307413"
"chr11","110126820","110127092","chr1","135471991","135472267","54","25345171"
"chr11","110142719","110143025","chr7","63211966","63212270","59","46930753"
"chr11","110147327","110147516","chr10","126259446","126259620","38","16112119"
"chr11","110164526","110164817","chr1","171173294","171173582","54","61008768"
"chr11","110214104","110214431","chr9","100439785","100440095","65","9774319"
"chr11","110230234","110230512","chr18","31007574","31007846","67","79222660"
"chr11","110234085","110234365","chr9","100460650","100460933","41","9773435"
"chr11","110234712","110235011","chr12","87539499","87539795","62","22695213"
"chr11","110292327","110292613","chr2","16070846","16071128","65","94221481"
"chr11","110302885","110303096","chr7","62480675","62480893","49","47822210"
"chr11","110424421","110424498","chrX","71620367","71620445","13","38804054"
"chr11","110442114","110442409","chr9","96993073","96993365","61","13449041"
"chr11","110443641","110443758","chr9","100605670","100605795","21","9837971"
"chr11","110457457","110457626","chr9","100622213","100622384","22","9835244"
"chr11","110495368","110495518","chr5","53397560","53397691","36","57097808"
"chr11","110496181","110496354","chr7","73422264","73422408","52","37073917"
"chr11","110526176","110526314","chr2","170813628","170813760","23","60287452"
"chr11","110547649","110547941","chr9","100701520","100701791","52","9846129"
"chr11","110566385","110566497","chrX","64048185","64048298","20","46518200"
"chr11","110610104","110610407","chr9","100775984","100776274","58","9834120"
"chr11","110659324","110659625","chr9","100829915","100830216","45","9829409"
"chr11","110700988","110700999","chr8","32028405","32028415","6","78672583"
"chr11","110701653","110701772","chr7","26075412","26075534","39","84626241"
"chr11","110714461","110714596","chr21","47877874","47878005","24","62836587"
"chr11","110715105","110715228","chr17","18697273","18697397","17","92017832"
"chr11","110739192","110739490","chr2","10830367","10830666","56","99908825"
"chr11","110742300","110742424","chr1","192440376","192440501","20","81698076"
"chr11","110771078","110771380","chr9","100946078","100946378","48","9825000"
"chr11","110775685","110775980","chr9","121845233","121845526","58","11069548"
"chr11","110806545","110806820","chr4","20988397","20988680","67","89818148"
"chr11","110817945","110818262","chr9","100990691","100990997","64","9827254"
"chr11","110829349","110829473","chr17","18697273","18697397","16","92132076"
"chr11","110835547","110835858","chr9","101008885","101009185","35","9826662"
"chr11","110888666","110888944","chr11","122246771","122247048","60","11358105"
"chr11","110919968","110920095","chr1","192440376","192440501","22","81520408"
"chr11","110923416","110923697","chr22","47570742","47571020","60","63352674"
"chr11","110941685","110941807","chr2","188465428","188465551","18","77523743"
"chr11","110982202","110982513","chr2","13987385","13987695","60","96994817"
"chr11","110999676","110999853","chrX","122137763","122137942","40","11138087"
"chr11","110999881","111000000","chr12","13754352","13754471","19","97245529"
"chr11","111106685","111106789","chr12","37355797","37355908","20","73750888"
"chr11","111110658","111110924","chr9","112765502","112765752","62","1654844"
"chr11","111152151","111152449","chr9","101309218","101309507","47","9842933"
"chr11","111209519","111209797","chr2","48016044","48016333","69","63193475"
"chr11","111233271","111233385","chr14","37286849","37286965","28","73946422"
"chr11","111233678","111233827","chr16","86680174","86680318","40","24553504"
"chr11","111266675","111266970","chr9","101424196","101424484","45","9842479"
"chr11","111295285","111295390","chr16","69654433","69654542","26","41640852"
"chr11","111324777","111324993","chr19","17046003","17046214","44","94278774"
"chr11","111324995","111325034","chr1","195422697","195422735","6","84097702"
"chr11","111374944","111375036","chr3","188393537","188393622","28","77018593"
"chr11","111405286","111405445","chr8","102055354","102055503","42","9349932"
"chr11","111405480","111405602","chr5","129596097","129596219","20","18190617"
"chr11","111409993","111410293","chr11","101489277","101489579","57","9920716"
"chr11","111421932","111422197","chr15","68028263","68028518","64","43393669"
"chr11","111483929","111484248","chr5","44526179","44526457","91","66957750"
"chr11","111499619","111499906","chr9","101667619","101667909","49","9832000"
"chr11","111511028","111511351","chr8","21603765","21604068","81","89907263"
"chr11","111566993","111567139","chr14","46558088","46558234","25","65008905"
"chr11","111586840","111587146","chr11","122094771","122095073","74","10507931"
"chr11","111650607","111650907","chr1","73469574","73469872","69","38181033"
"chr11","111650909","111651089","chr11","6041851","6042040","44","105609058"
"chr11","111674554","111674870","chr9","101831107","101831408","54","9843447"
"chr11","111683441","111683730","chrUn_GL286478","57843","58119","58","111625598"
"chr11","111718644","111718856","chr10","90223750","90223978","55","21494894"
"chr11","111726263","111726547","chr1","14261703","14261983","64","97464560"
"chr11","111795506","111795770","chr5","140466443","140466709","49","28670937"
"chr11","111800815","111800931","chr11","122560558","122560683","28","10759743"
"chr11","111809082","111809292","chr9","101960601","101960798","34","9848481"
"chr11","111813971","111814266","chr9","101966653","101966946","24","9847318"
"chr11","111818052","111818333","chr20","27085276","27085554","54","84732776"
"chr11","111831400","111831666","chr12","51778588","51778845","58","60052812"
"chr11","111915722","111915994","chr11","96291475","96291752","65","15624247"
"chr11","111923762","111924079","chr5","100085511","100085813","64","11838251"
"chr11","111977254","111977515","chr8","105756763","105757025","61","6220491"
"chr11","111982091","111982392","chr2","55200270","55200573","57","56781821"
"chr11","111983320","111983615","chr9","102233490","102233772","45","9749830"
"chr11","112038237","112038537","chr9","102305330","102305641","60","9732907"
"chr11","112067110","112067422","chr3","39544873","39545188","60","72522237"
"chr11","112088651","112088776","chr1","202769733","202769856","19","90681082"
"chr11","112120029","112120273","chr6","45133121","45133364","57","66986908"
"chr11","112123254","112123578","chr9","102390601","102390911","51","9732653"
"chr11","112148884","112149168","chr9","102416258","102416551","39","9732626"
"chr11","112149953","112150274","chr9","102418628","102418932","55","9731325"
"chr11","112154327","112154635","chr3","189280360","189280656","69","77126033"
"chr11","112197448","112197571","chr9","65816955","65817079","22","46380493"
"chr11","112230244","112230554","chr9","121784693","121785002","48","9554449"
"chr11","112233825","112234120","chr9","102514013","102514296","53","9719812"
"chr11","112239970","112240069","chr1","177564929","177565020","29","65324959"
"chr11","112240783","112240880","chr2","72352681","72352780","24","39888102"
"chr11","112241493","112241521","chr7","121158321","121158346","9","8916828"
"chr11","112241851","112242014","chr4","88602258","88602425","35","23639593"
"chr11","112252357","112252656","chr13","40050342","40050639","55","72202015"
"chr11","112267280","112267594","chr9","102546187","102546494","33","9721093"
"chr11","112271513","112271828","chr9","102550388","102550690","50","9721125"
"chr11","112285475","112285771","chr9","102564203","102564500","39","9721272"
"chr11","112305457","112305763","chr7","87450957","87451254","72","24854500"
"chr11","112307412","112307709","chr4","44142360","44142652","66","68165052"
"chr11","112322643","112322720","chr1","108338957","108339035","15","3983686"
"chr11","112343470","112343777","chr9","102617912","102618221","53","9725558"
"chr11","112345462","112345737","chr19","49523338","49523597","67","62822124"
"chr11","112353237","112353364","chr9","102628958","102629091","13","9724279"
"chr11","112364807","112365101","chr9","102641461","102641758","52","9723346"
"chr11","112369548","112369844","chr9","102646266","102646558","63","9723282"
"chr11","112405999","112406133","chr3","149245179","149245310","19","36839180"
"chr11","112407074","112407285","chr6","93841157","93841368","41","18565917"
"chr11","112411210","112411497","chrX","12076194","12076489","63","100335016"
"chr11","112451914","112452167","chr9","102722155","102722402","39","9729759"
"chr11","112453919","112454226","chr2","16689005","16689306","67","95764914"
"chr11","112473096","112473231","chr2","170813628","170813760","17","58340532"
"chr11","112487100","112487208","chr13","7996055","7996163","21","104491045"
"chr11","112488555","112488862","chr7","78050188","78050503","66","34438367"
"chr11","112491951","112492246","chr9","102763477","102763778","53","9728474"
"chr11","112492258","112492399","chr15","33768177","33768312","30","78724081"
"chr11","112495369","112495549","chr14","20600574","20600730","62","91894795"
"chr11","112497099","112497385","chr7","27361535","27361820","83","85135564"
"chr11","112553572","112553868","chr9","102828207","102828498","42","9725365"
"chr11","112555806","112556086","chr2","7951193","7951475","57","104604613"
"chr11","112567950","112568218","chr9","106173665","106173947","69","6394285"
"chr11","112580624","112580766","chr12","10324844","10324992","33","102255780"
"chr11","112580792","112580908","chrX","17631702","17631819","15","94949090"
"chr11","112657807","112658103","chr9","102971920","102972217","44","9685887"
"chr11","112688352","112688478","chr9","103004002","103004124","17","9684350"
"chr11","112753742","112754068","chr1","118797181","118797481","74","6043439"
"chr11","112758848","112758980","chr6","44075624","44075754","18","68683224"
"chr11","112867011","112867316","chr9","103182072","103182365","47","9684939"
"chr11","112932297","112932607","chr9","103252653","103252960","42","9679644"
"chr11","112951836","112952129","chr9","103270895","103271168","59","9680941"
"chr11","112967364","112967632","chr9","103289810","103290059","52","9677554"
"chr11","113068418","113068732","chr10","16975369","16975683","69","96093049"
"chr11","113081639","113081923","chr5","37895721","37896023","64","75185918"
"chr11","113098301","113098600","chr9","103425467","103425774","42","9672834"
"chr11","113171091","113171303","chr4","12360826","12361036","41","100810265"
"chr11","113171305","113171356","chr15","29108399","29108444","10","84062906"
"chr11","113173166","113173378","chr21","43271444","43271658","40","69901722"
"chr11","113177615","113177899","chr9","103508844","103509154","49","9668771"
"chr11","113231683","113231999","chr9","103577959","103578303","63","9653724"
"chr11","113235959","113236241","chr9","103582171","103582456","35","9653788"
"chr11","113241802","113242063","chr9","103585127","103585383","35","9656675"
"chr11","113244225","113244507","chr14","61952003","61952282","63","51292222"
"chr11","113288001","113288041","chr9","98506626","98506665","7","14781375"
"chr11","113316701","113316987","chr11","126671394","126671689","67","13354693"
"chr11","113346765","113346826","chr4","18636107","18636174","18","94710658"
"chr11","113353266","113353558","chr9","103708727","103709014","56","9644539"
"chr11","113379331","113379635","chr9","103733770","103734070","53","9645561"
"chr11","113386922","113387235","chr20","21203400","21203683","91","92183522"
"chr11","113388940","113389069","chr2","11630251","11630373","26","101758689"
"chr11","113447041","113447335","chr9","103816034","103816325","45","9631007"
"chr11","113473867","113473995","chr5","112473213","112473343","22","1000654"
"chr11","113478075","113478360","chr7","10113655","10113935","60","103364420"
"chr11","113485128","113485347","chr9","103857380","103857582","46","9627748"
"chr11","113528118","113528427","chr7","32363417","32363723","65","81164701"
"chr11","113555018","113555315","chr6","111080863","111081150","68","2474155"
"chr11","113602888","113603062","chr1","140829989","140830173","42","27227101"
"chr11","113627411","113627541","chr1","137317635","137317763","26","23690224"
"chr11","113676552","113676876","chr20","21809218","21809508","90","91867334"
"chr11","113752700","113752825","chr1","135758144","135758264","23","22005444"
"chr11","113760744","113760994","chr9","104158317","104158558","51","9602427"
"chr11","113928819","113928935","chr12","37160288","37160403","25","76768531"
"chr11","113938161","113938462","chr2","17670653","17670953","56","96267508"
"chr11","114007643","114007953","chr2","161561066","161561375","58","47553423"
"chr11","114022587","114022861","chr22","9625067","9625346","66","104397520"
"chr11","114031293","114031588","chr9","104440788","104441059","58","9590505"
"chr11","114041695","114041943","chr9","104451193","104451461","46","9590502"
"chr11","114134481","114134608","chr1","64821246","64821370","28","49313235"
"chr11","114161198","114161474","chr9","104575571","104575841","59","9585627"
"chr11","114330027","114330229","chr22","10255164","10255353","45","104074863"
"chr11","114381651","114381972","chr9","104789424","104789761","66","9592227"
"chr11","114435536","114435852","chr9","104852637","104852939","49","9582899"
"chr11","114436205","114436404","chr22","5560373","5560556","58","108875832"
"chr11","114436437","114436599","chr14","98032907","98033059","37","16403530"
"chr11","114559517","114559649","chr9","43510189","43510319","21","71049328"
"chr11","114577960","114578267","chr9","104991721","104992029","52","9586239"
"chr11","114621363","114621515","chr1","119898982","119899126","39","5277619"
"chr11","114637765","114638043","chr9","105071015","105071308","51","9566750"
"chr11","114656218","114656521","chr2","17670653","17670953","68","96985565"
"chr11","114673230","114673500","chr9","105102447","105102725","48","9570783"
"chr11","114676349","114676486","chr10","47115508","47115647","25","67560841"
"chr11","114678167","114678395","chr7","46556776","46557002","53","68121391"
"chr11","114684308","114684587","chr8","9604472","9604743","68","105079836"
"chr11","114699302","114699604","chr9","105126034","105126340","54","9573268"
"chr11","114746837","114746955","chr11","125886666","125886786","20","11139829"
"chr11","114789875","114789982","chr9","105220389","105220492","20","9569486"
"chr11","114795520","114795635","chr22","27973712","27973825","15","86821808"
"chr11","114809747","114809960","chr2","12770367","12770584","57","102039380"
"chr11","114837871","114837990","chr9","105273919","105274036","20","9563952"
"chr11","114838639","114838723","chr19","18400847","18400923","14","96437792"
"chr11","114870442","114870749","chr9","105310137","105310435","50","9560305"
"chr11","114878703","114878847","chr9","105318416","105318568","30","9560287"
"chr11","114879167","114879222","chr5","132844336","132844384","14","17965169"
"chr11","114921394","114921701","chr2","8000025","8000324","60","106921369"
"chr11","114930484","114930603","chr9","105373500","105373613","17","9556984"
"chr11","115294357","115294675","chr2","13987385","13987695","68","101306972"
"chr11","115356389","115356683","chr9","105829304","105829606","42","9527085"
"chr11","115370388","115370593","chr12","13049081","13049280","55","102321307"
"chr11","115405596","115405724","chr9","105884834","105884966","16","9520762"
"chr11","115417910","115418189","chr5","43481946","43482233","77","71935964"
"chr11","115671960","115672243","chr9","106173665","106173947","27","9498295"
"chr11","115984544","115984669","chr6","116399239","116399363","15","414695"
"chr11","116030467","116030751","chr1","155032190","155032474","71","39001723"
"chr11","116063924","116064112","chr16","96451653","96451840","37","19612271"
"chr11","116070940","116071019","chrUn_GL286607","4138","4219","15","116066802"
"chr11","116112948","116113210","chr9","106625346","106625611","36","9487602"
"chr11","116127008","116127302","chr9","106639229","106639516","40","9487779"
"chr11","116210999","116211144","chr13","71975668","71975806","34","44235331"
"chr11","116211182","116211299","chr3","26223059","26223176","17","89988123"
"chr11","116248978","116249042","chr4","89478243","89478304","11","26770735"
"chr11","116256342","116256468","chr6","112341343","112341464","21","3914999"
"chr11","116277686","116277895","chr15","27209911","27210115","52","89067775"
"chr11","116296050","116296275","chr9","106799973","106800174","53","9496077"
"chr11","116330634","116330910","chr7","70529533","70529824","55","45801101"
"chr11","116360018","116360212","chr20","23678569","23678756","54","92681449"
"chr11","116363818","116364031","chr9","106867476","106867654","57","9496342"
"chr11","116364225","116364373","chr14","98032907","98033059","30","18331318"
"chr11","116395532","116395824","chr9","106899631","106899916","58","9495901"
"chr11","116471806","116472088","chr12","16653925","16654200","65","99817881"
"chr11","116485253","116485384","chr11","98612130","98612259","23","17873123"
"chr11","116521837","116521974","chr12","11035256","11035394","26","105486581"
"chr11","116522188","116522360","chr22","31296093","31296252","36","85226095"
"chr11","116550314","116550488","chr14","84606619","84606789","42","31943695"
"chr11","116663353","116663478","chr9","107174447","107174575","17","9488906"
"chr11","116673842","116673973","chr5","112473213","112473343","28","4200629"
"chr11","116680232","116680539","chr7","79590777","79591087","59","37089455"
"chr11","116686389","116686689","chrX","22401599","22401896","62","94284790"
"chr11","116718701","116719037","chr15","6341739","6342054","72","110376962"
"chr11","116731472","116731730","chr4","23638614","23638892","61","93092858"
"chr11","116743101","116743455","chr4","140142841","140143162","83","23399740"
"chr11","116758665","116758963","chr1","106482342","106482647","55","10276323"
"chr11","116800982","116801059","chr4","38200979","38201058","13","78600003"
"chr11","116801358","116801420","chr2","126679892","126679955","13","9878534"
"chr11","116816743","116816859","chr9","107329614","107329732","14","9487129"
"chr11","116836285","116836410","chr2","94107152","94107268","24","22729133"
"chr11","116836740","116836943","chrX","102298297","102298480","49","14538443"
"chr11","116904752","116905065","chr9","107417226","107417523","45","9487526"
"chr11","116917864","116918171","chr2","153911331","153911638","54","36993467"
"chr11","116925178","116925341","chr1","167067586","167067746","29","50142408"
"chr11","116925381","116925503","chr7","136729996","136730112","21","19804615"
"chr11","116942108","116942234","chrX","22373284","22373410","22","94568824"
"chr11","116942534","116942713","chrX","62896920","62897101","40","54045614"
"chr11","116947231","116947532","chr11","110207708","110208007","57","6739523"
"chr11","116987358","116987626","chr9","107505953","107506209","49","9481405"
"chr11","117018527","117018830","chr4","13667055","13667352","60","103351472"
"chr11","117054915","117055211","chr9","107594174","107594481","68","9460741"
"chr11","117107813","117108114","chr5","5051180","5051479","71","112056633"
"chr11","117134169","117134388","chr5","55957503","55957709","61","61176666"
"chr11","117171910","117172208","chr9","107711306","107711608","25","9460604"
"chr11","117220598","117220722","chr1","152895980","152896104","18","35675382"
"chr11","117291041","117291346","chr2","55200270","55200573","59","62090771"
"chr11","117320630","117320753","chr13","86120787","86120911","19","31199843"
"chr11","117351581","117351772","chr1","188326542","188326728","37","70974961"
"chr11","117386568","117386862","chr22","29758068","29758367","63","87628500"
"chr11","117392041","117392325","chr12","21915818","21916101","60","95476223"
"chr11","117393241","117393527","chr9","107929426","107929722","44","9463815"
"chr11","117409762","117409953","chr14","61070743","61070935","53","56339019"
"chr11","117427189","117427309","chrX","98167779","98167897","19","19259410"
"chr11","117468168","117468471","chr9","108013255","108013558","31","9454913"
"chr11","117471547","117471761","chr2","135193009","135193224","54","17721462"
"chr11","117721936","117722224","chr10","55191254","55191528","69","62530682"
"chr11","117760335","117760648","chr2","10830367","10830666","61","106929968"
"chr11","117813361","117813647","chr11","120608722","120609012","63","2795361"
"chr11","117895429","117895704","chr9","108439432","108439699","36","9455997"
"chr11","117926938","117927189","chr6","23229859","23230097","63","94697079"
"chr11","117946174","117946453","chr4","107594003","107594286","59","10352171"
"chr11","117951655","117951894","chr9","114763203","114763443","57","3188452"
"chr11","117994523","117994648","chr4","17998578","17998708","25","99995945"
"chr11","118060051","118060354","chr15","57058522","57058823","67","61001529"
"chr11","118062568","118062696","chr22","2655777","2655902","22","115406791"
"chr11","118069574","118069827","chr1","155099267","155099508","60","37029693"
"chr11","118101346","118101453","chr12","79734490","79734597","14","38366856"
"chr11","118101724","118101901","chr7","60565933","60566105","39","57535791"
"chr11","118102683","118102956","chr10","74268223","74268494","62","43834460"
"chr11","118111823","118112110","chr14","5388973","5389259","64","112722850"
"chr11","118200859","118200981","chr9","85393340","85393464","25","32807519"
"chr11","118202133","118202444","chr20","20554088","20554395","63","97648045"
"chr11","118208901","118209024","chr9","65816955","65817079","20","52391946"
"chr11","118243527","118243813","chr9","121845233","121845526","58","3601706"
"chr11","118244374","118244467","chr1","209878867","209878953","34","91634493"
"chr11","118250568","118250680","chr12","1795382","1795492","20","116455186"
"chr11","118343512","118343710","chr17","74208469","74208659","50","44135043"
"chr11","118435747","118436036","chr2","66104812","66105082","79","52330935"
"chr11","118463088","118463397","chr8","29312697","29313006","63","89150391"
"chr11","118530516","118530804","chr9","109081289","109081579","39","9449227"
"chr11","118627596","118627849","chr9","109197147","109197429","55","9430449"
"chr11","118917131","118917433","chr9","109477250","109477538","50","9439881"
"chr11","119092275","119092560","chr7","10113655","10113935","65","108978620"
"chr11","119104515","119104807","chr9","109686714","109687002","43","9417801"
"chr11","119190774","119191043","chr5","65403055","65403337","66","53787719"
"chr11","119260134","119260443","chr9","109845017","109845329","28","9415117"
"chr11","119335576","119335863","chr2","60071057","60071341","64","59264519"
"chr11","119401327","119401632","chr9","109988727","109989028","48","9412600"
"chr11","119494691","119494831","chr11","27993807","27993940","24","91500884"
"chr11","119615852","119615976","chr12","55402346","55402468","15","64213506"
"chr11","119797777","119798061","chr9","110407117","110407395","56","9390660"
"chr11","119834515","119834809","chr9","110449306","110449608","55","9385209"
"chr11","119867217","119867542","chr9","110486999","110487317","59","9380218"
"chr11","119890066","119890363","chr9","110509133","110509439","39","9380933"
"chr11","119903554","119903689","chr9","110523228","110523363","19","9380326"
"chr11","120015760","120016031","chr9","110632325","110632609","38","9383435"
"chr11","120025646","120025944","chrX","20607629","20607919","63","99418017"
"chr11","120057179","120057457","chr5","108117893","108118172","58","11939286"
"chr11","120081209","120081419","chr13","94633759","94633944","67","25447450"
"chr11","120118202","120118433","chrX","106962388","106962612","51","13155814"
"chr11","120130832","120130955","chr6","14754971","14755097","25","105375861"
"chr11","120134944","120135250","chr9","110730363","110730669","54","9404581"
"chr11","120140056","120140178","chr2","10899863","10899988","21","109240193"
"chr11","120152234","120152500","chr9","110749576","110749833","43","9402658"
"chr11","120167252","120167539","chr9","110767254","110767545","38","9399998"
"chr11","120219730","120220021","chr9","110824887","110825155","49","9394843"
"chr11","120291534","120291821","chr4","39907005","39907282","56","80384529"
"chr11","120319627","120319831","chr4","4801951","4802155","53","115517676"
"chr11","120320134","120320236","chr10","47020268","47020368","33","73299866"
"chr11","120336210","120336343","chrX","106469400","106469531","23","13866810"
"chr11","120353140","120353432","chr9","110971723","110972011","46","9381417"
"chr11","120358498","120358663","chr9","110979502","110979664","25","9378996"
"chr11","120379711","120379930","chr10","114494275","114494501","40","5885436"
"chr11","120459719","120459853","chr7","46825878","46826002","37","73633841"
"chr11","120460186","120460321","chr10","6674200","6674326","24","113785986"
"chr11","120488946","120489075","chr10","98492248","98492377","16","21996698"
"chr11","120492626","120492910","chr10","43395933","43396215","79","77096693"
"chr11","120518111","120518235","chr5","111142863","111142987","22","9375248"
"chr11","120527655","120527932","chr2","35553288","35553567","51","84974367"
"chr11","120612503","120612640","chr1","202769733","202769856","34","82157230"
"chr11","120641462","120641781","chrUn_GL286757","3655","3951","55","120637807"
"chr11","120646534","120646843","chrX","17699750","17700053","56","102946784"
"chr11","120652799","120653069","chr2","35553288","35553567","63","85099511"
"chr11","120656821","120657091","chr2","35553288","35553567","64","85103533"
"chr11","120680444","120680531","chr15","20490825","20490909","17","100189619"
"chr11","120680559","120680678","chr3","26223059","26223176","16","94457500"
"chr11","120694265","120694576","chr14","36457155","36457448","67","84237110"
"chr11","120717959","120718232","chrX","45691230","45691509","63","75026729"
"chr11","120732784","120733068","chr7","86128260","86128545","61","34604524"
"chr11","120734751","120735034","chr7","86128260","86128545","60","34606491"
"chr11","120736332","120736460","chr11","111199902","111200028","32","9536430"
"chr11","120736775","120736931","chr7","74013046","74013205","36","46723729"
"chr11","120742237","120742560","chr2","67207621","67207922","85","53534616"
"chr11","120793097","120793298","chr4","31531118","31531304","67","89261979"
"chr11","120852912","120853141","chrX","16925992","16926221","45","103926920"
"chr11","120856689","120856919","chr5","82783618","82783833","59","38073071"
"chr11","120866063","120866406","chr9","111481113","111481440","58","9384950"
"chr11","120869060","120869379","chr22","37688895","37689202","62","83180165"
"chr11","120869380","120869587","chrX","95596924","95597125","44","25272456"
"chr11","121007274","121007475","chr22","7852591","7852786","49","113154683"
"chr11","121007784","121007911","chr1","22614360","22614489","29","98393424"
"chr11","121011709","121011995","chr6","43715716","43715999","60","77295993"
"chr11","121027301","121027585","chr10","115656334","115656612","68","5370967"
"chr11","121043643","121043778","chr5","79064008","79064140","26","41979635"
"chr11","121068324","121068631","chr9","111682101","111682413","64","9386223"
"chr11","121079738","121080031","chr10","44890595","44890883","66","76189143"
"chr11","121094972","121095265","chr9","111706138","111706414","51","9388834"
"chr11","121106565","121106699","chr5","125448434","125448561","22","4341869"
"chr11","121180946","121181019","chr20","2243206","2243276","15","118937740"
"chr11","121188139","121188431","chr5","108117893","108118172","62","13070246"
"chr11","121194446","121194662","chr1","201577087","201577308","45","80382641"
"chr11","121217223","121217346","chrUn_GL286400","1169720","1169844","18","120047503"
"chr11","121240337","121240633","chr9","111867347","111867609","60","9372990"
"chr11","121274823","121275131","chrX","22454216","22454523","67","98820607"
"chr11","121288919","121289160","chr16","18954572","18954821","67","102334347"
"chr11","121297989","121298238","chr1","202478050","202478303","56","81180061"
"chr11","121308581","121308871","chr7","149433598","149433890","76","28125017"
"chr11","121311559","121311825","chr11","61987283","61987542","58","59324276"
"chr11","121401124","121401241","chr9","111974746","111974860","14","9426378"
"chr11","121405682","121405806","chr6","112341343","112341464","20","9064339"
"chr11","121468910","121468991","chr16","58878789","58878858","28","62590121"
"chr11","121496342","121496636","chr9","112077187","112077483","38","9419155"
"chr11","121515757","121516036","chrY","2196671","2196963","56","119319086"
"chr11","121556173","121556448","chr22","35395830","35396114","59","86160343"
"chr11","121577773","121578052","chr1","90249678","90249953","49","31328095"
"chr11","121640197","121640487","chr7","150057788","150058082","59","28417591"
"chr11","121662239","121662545","chr22","36673498","36673805","59","84988741"
"chr11","121666949","121667075","chr9","42144589","42144713","25","79522360"
"chr11","121670095","121670229","chr16","10528166","10528300","21","111141929"
"chr11","121671026","121671158","chr8","12444049","12444178","35","109226977"
"chr11","121685407","121685697","chr9","112276874","112277150","50","9408533"
"chr11","121694983","121695285","chr9","112285240","112285501","65","9409743"
"chr11","121732522","121732607","chr12","22144658","22144745","22","99587864"
"chr11","121775869","121776041","chr10","126259446","126259620","36","4483577"
"chr11","121776354","121776524","chrUn_GL286409","202513","202684","48","121573841"
"chr11","121802570","121802844","chr1","192744613","192744891","78","70942043"
"chr11","121803346","121803585","chrX","122038265","122038501","61","234919"
"chr11","121805425","121805692","chr17","73143250","73143523","69","48662175"
"chr11","121811530","121811671","chr14","62981222","62981361","29","58830308"
"chr11","121853626","121853748","chr13","98145646","98145769","21","23707980"
"chr11","121867473","121867765","chr1","191559624","191559919","69","69692151"
"chr11","121873387","121873508","chrX","124293865","124293988","32","2420478"
"chr11","121888634","121888936","chr2","55200270","55200573","54","66688364"
"chr11","121904512","121904778","chr10","27466435","27466697","54","94438077"
"chr11","121936937","121937235","chr17","37745391","37745690","58","84191546"
"chr11","121982974","121983251","chr20","23785685","23785965","54","98197289"
"chr11","121991133","121991410","chr20","23785685","23785965","54","98205448"
"chr11","121996448","121996723","chr9","42726907","42727186","84","79269541"
"chr11","122011518","122011635","chr12","19529064","19529182","19","102482454"
"chr11","122035443","122035721","chr2","6860494","6860767","60","115174949"
"chr11","122037060","122037318","chr17","38243497","38243754","62","83793563"
"chr11","122064163","122064367","chrX","86254998","86255203","44","35809165"
"chr11","122070676","122070903","chr5","89292510","89292728","51","32778166"
"chr11","122134421","122134651","chr18","26916623","26916870","68","95217798"
"chr11","122157960","122158239","chr9","112766510","112766779","43","9391450"
"chr11","122196237","122196367","chr7","80199703","80199835","27","41996534"
"chr11","122210935","122211293","chr5","84786872","84787180","121","37424063"
"chr11","122221226","122221535","chr9","112833658","112833937","61","9387568"
"chr11","122227596","122227873","chr9","112841904","112842192","45","9385692"
"chr11","122236147","122236325","chr20","3735670","3735834","38","118500477"
"chr11","122236644","122236790","chr2","170813628","170813760","34","48576984"
"chr11","122247006","122247129","chr9","21660421","21660545","15","100586585"
"chr11","122281920","122282210","chr9","112898762","112899036","47","9383158"
"chr11","122304515","122304636","chr14","84202406","84202526","21","38102109"
"chr11","122311104","122311263","chr7","137638938","137639090","38","15327834"
"chr11","122314056","122314181","chr5","44550770","44550895","22","77763286"
"chr11","122329095","122329385","chr22","10398013","10398314","41","111931082"
"chr11","122339530","122339665","chr14","21201588","21201719","22","101137942"
"chr11","122339978","122339990","chr1","189870970","189870980","5","67530992"
"chr11","122340591","122340755","chrX","39905781","39905954","35","82434810"
"chr11","122354529","122354664","chr11","60256130","60256265","27","62098399"
"chr11","122356141","122356434","chr12","88933406","88933700","59","33422735"
"chr11","122358911","122359214","chr9","112979466","112979755","38","9379445"
"chr11","122361917","122362220","chr9","112981729","112982028","55","9380188"
"chr11","122373816","122373958","chr12","11035256","11035394","24","111338560"
"chr11","122374261","122374428","chr17","37680301","37680470","31","84693960"
"chr11","122386524","122386809","chr9","99097338","99097625","63","23289186"
"chr11","122387500","122387734","chr22","13885116","13885330","77","108502384"
"chr11","122388033","122388109","chr22","32226679","32226744","18","90161354"
"chr11","122409970","122410296","chr10","13565101","13565415","75","108844869"
"chr11","122418628","122418915","chr9","113008362","113008663","55","9410266"
"chr11","122437155","122437464","chr6","132872350","132872658","65","10435195"
"chr11","122460800","122460924","chr9","113042911","113043036","17","9417889"
"chr11","122468104","122468398","chr9","113053260","113053548","55","9414844"
"chr11","122488706","122488835","chr2","9907299","9907427","32","112581407"
"chr11","122499717","122500000","chr2","6860494","6860767","65","115639223"
"chr11","122533275","122533565","chr6","21995323","21995618","63","100537952"
"chr11","122540214","122540479","chr3","65322902","65323171","74","57217312"
"chr11","122549299","122549589","chr9","113137174","113137479","45","9412125"
"chr11","122550325","122550472","chr5","53397560","53397691","37","69152765"
"chr11","122550751","122550918","chr11","66357851","66358009","51","56192900"
"chr11","122579058","122579337","chr8","110487423","110487707","65","12091635"
"chr11","122586459","122586594","chrUn_GL288991","5898","6030","22","122580561"
"chr11","122596416","122596560","chrX","13001900","13002039","32","109594516"
"chr11","122596836","122596973","chr9","65816955","65817079","37","56779881"
"chr11","122602385","122602542","chr3","81506215","81506356","52","41096170"
"chr11","122602841","122602914","chr5","77004823","77004891","19","45598018"
"chr11","122602946","122603061","chr8","52984070","52984187","20","69618876"
"chr11","122710259","122710541","chr7","18926841","18927131","60","103783418"
"chr11","122711240","122711549","chr5","45466092","45466398","70","77245148"
"chr11","122720955","122721113","chr1","186568722","186568874","48","63847767"
"chr11","122726147","122726309","chr17","7177552","7177717","40","115548595"
"chr11","122737566","122737867","chr3","153009060","153009353","55","30271494"
"chr11","122746077","122746389","chr2","11917529","11917838","67","110828548"
"chr11","122746443","122746567","chr9","113330723","113330856","22","9415720"
"chr11","122751197","122751479","chrX","13414926","13415207","70","109336271"
"chr11","122752042","122752343","chr10","94610637","94610936","60","28141405"
"chr11","122757032","122757158","chr15","64519168","64519297","26","58237864"
"chr11","122786762","122787050","chr9","113731127","113731427","58","9055635"
"chr11","122819943","122820226","chr9","113756756","113757031","42","9063187"
"chr11","122864558","122864815","chr22","27746963","27747211","53","95117595"
"chr11","122869430","122869706","chr9","113799258","113799521","53","9070172"
"chr11","122877057","122877347","chr1","98870380","98870655","86","24006677"
"chr11","122924311","122924561","chr18","33417455","33417706","55","89506856"
"chr11","122925238","122925353","chr9","113854411","113854527","8","9070827"
"chr11","122926103","122926235","chr3","149245179","149245310","24","26319076"
"chr11","122940495","122940800","chr9","113870052","113870342","55","9070443"
"chr11","122940901","122941194","chr5","114924889","114925171","70","8016012"
"chr11","123041936","123042106","chr2","144690776","144690943","35","21648840"
"chr11","123087224","123087456","chr9","114019014","114019249","33","9068210"
"chr11","123112226","123112527","chr8","21270645","21270942","65","101841581"
"chr11","123113852","123114107","chrX","14837432","14837696","54","108276420"
"chr11","123124007","123124179","chr5","88659161","88659332","58","34464846"
"chr11","123127144","123127424","chr9","114059811","114060085","40","9067333"
"chr11","123135477","123135601","chr9","114067044","114067164","16","9068433"
"chr11","123175107","123175376","chr8","26402284","26402563","63","96772823"
"chr11","123188952","123189227","chr9","114115721","114115987","41","9073231"
"chr11","123198435","123198718","chr7","6556899","6557185","72","116641536"
"chr11","123231160","123231466","chr9","114165898","114166190","47","9065262"
"chr11","123239586","123239596","chr8","32028405","32028415","3","91211181"
"chr11","123239905","123240083","chr1","117169046","117169222","49","6070859"
"chr11","123276314","123276461","chr7","87401466","87401613","32","35874848"
"chr11","123278110","123278257","chr9","43273059","43273187","45","80005051"
"chr11","123290522","123290654","chr8","11520784","11520916","26","111769738"
"chr11","123305629","123305751","chr13","27707086","27707210","22","95598543"
"chr11","123339042","123339308","chr9","99373618","99373885","58","23965424"
"chr11","123384567","123384688","chr13","9683209","9683332","36","113701358"
"chr11","123384997","123385157","chr9","96473152","96473305","49","26911845"
"chr11","123385768","123385792","chr7","121158321","121158346","8","2227447"
"chr11","123388552","123388674","chr9","42144589","42144713","20","81243963"
"chr11","123394787","123394891","chr9","114314944","114315050","15","9079843"
"chr11","123412129","123412348","chr5","141483203","141483430","49","18071074"
"chr11","123416441","123416717","chr9","82953810","82954083","66","40462631"
"chr11","123433222","123433507","chr7","43504141","43504423","47","79929081"
"chr11","123457933","123457993","chr6","4910806","4910868","11","118547127"
"chr11","123463969","123464260","chr9","112755359","112755622","66","10708610"
"chr11","123472341","123472381","chr1","147394521","147394551","13","23922180"
"chr11","123472679","123472804","chr14","83053064","83053180","38","40419615"
"chr11","123473442","123473540","chr17","50753498","50753590","26","72719944"
"chr11","123484438","123484742","chr9","114380435","114380735","49","9104003"
"chr11","123491765","123492062","chr1","138618434","138618736","62","15126669"
"chr11","123507853","123508149","chr9","114402779","114403073","32","9105074"
"chr11","123512189","123512515","chr5","108704243","108704559","68","14807946"
"chr11","123547767","123548056","chr9","114446087","114446369","44","9101680"
"chr11","123557644","123557924","chr9","114457590","114457874","45","9100054"
"chr11","123560258","123560393","chr2","11370630","11370762","26","112189628"
"chr11","123589580","123589884","chr5","131527086","131527390","63","7937506"
"chr11","123598962","123599327","chr9","114486663","114486982","88","9112299"
"chr11","123610309","123610519","chr9","114494552","114494762","37","9115757"
"chr11","123626642","123626751","chr11","109578421","109578528","19","14048221"
"chr11","123656105","123656245","chr9","120961334","120961478","24","2694771"
"chr11","123656544","123656687","chr20","40007276","40007409","40","83649268"
"chr11","123665321","123665617","chr9","114553819","114554121","42","9111502"
"chr11","123682987","123683094","chr9","114568709","114568812","19","9114278"
"chr11","123695115","123695439","chr9","84226861","84227152","76","39468254"
"chr11","123697827","123698152","chr4","160043890","160044207","76","36346063"
"chr11","123704319","123704629","chr10","8915279","8915588","63","114789040"
"chr11","123760202","123760243","chr2","13963181","13963220","13","109797021"
"chr11","123777358","123777661","chr9","114661912","114662217","44","9115446"
"chr11","123798080","123798374","chr9","114682407","114682691","48","9115673"
"chr11","123803956","123804255","chr1","118797181","118797481","60","5006775"
"chr11","123839818","123840104","chr9","114725147","114725419","44","9114671"
"chr11","123869107","123869406","chrX","2266890","2267174","86","121602217"
"chr11","123938706","123938999","chrX","138043135","138043421","56","14104429"
"chr11","123948366","123948644","chr7","100581899","100582178","60","23366467"
"chr11","123958844","123959137","chr7","11549570","11549874","61","112409274"
"chr11","123987205","123987501","chr12","48878943","48879230","77","75108262"
"chr11","124007804","124008063","chr9","114828887","114829147","54","9178917"
"chr11","124142954","124143042","chr20","11385354","11385437","12","112757600"
"chr11","124228155","124228268","chr14","76099624","76099726","25","48128531"
"chr11","124228558","124228589","chrX","15387061","15387091","14","108841497"
"chr11","124228621","124228732","chr13","12945370","12945484","21","111283251"
"chr11","124234089","124234388","chr9","53523121","53523415","54","70710968"
"chr11","124275960","124276258","chr5","99326836","99327142","75","24949124"
"chr11","124286147","124286449","chr5","96315434","96315736","50","27970713"
"chr11","124494860","124495152","chr3","149104058","149104353","66","24609198"
"chr11","124500001","124500123","chr7","78792060","78792184","17","45707941"
"chr11","124508747","124509046","chr9","115302292","115302575","64","9206455"
"chr11","124542942","124543249","chr1","168328997","168329294","59","43786055"
"chr11","124610125","124610413","chr5","3966844","3967137","56","120643281"
"chr11","124732518","124732777","chr9","115541839","115542108","44","9190679"
"chr11","124764241","124764539","chr8","112996641","112996930","71","11767600"
"chr11","124766411","124766705","chr3","140272893","140273188","55","15506482"
"chr11","124781947","124782260","chr9","115599283","115599567","58","9182664"
"chr11","124818676","124818859","chr9","115634558","115634741","27","9184118"
"chr11","124850826","124851142","chr9","115662890","115663195","58","9187936"
"chr11","124879611","124879906","chr2","14565736","14566027","55","110313875"
"chr11","124963750","124963876","chr7","78792060","78792184","20","46171690"
"chr11","124978474","124978775","chr9","107213490","107213791","53","17764984"
"chr11","124979938","124980217","chr9","115799244","115799510","35","9180694"
"chr11","125039098","125039399","chr14","80754932","80755229","54","44284166"
"chr11","125046935","125047231","chrX","40242671","40242965","58","84804264"
"chr11","125087571","125087784","chr16","94418762","94418982","53","30668809"
"chr11","125140857","125140976","chr6","31167603","31167720","28","93973254"
"chr11","125161577","125161887","chr14","74675440","74675747","68","50486137"
"chr11","125170538","125170839","chr7","89304550","89304852","62","35865988"
"chr11","125171475","125171588","chr1","206201103","206201214","16","81029628"
"chr11","125171960","125172144","chr3","136694325","136694509","41","11522365"
"chr11","125194893","125195020","chr8","106305629","106305752","19","18889264"
"chr11","125208071","125208258","chr15","29236531","29236710","52","95971540"
"chr11","125227920","125228061","chr7","105788280","105788417","39","19439640"
"chr11","125228371","125228516","chr5","53397560","53397691","39","71830811"
"chr11","125240638","125240934","chr2","9613715","9614013","43","115626923"
"chr11","125284988","125285266","chr7","43504141","43504423","55","81780847"
"chr11","125365628","125365697","chr2","9464119","9464181","16","115901509"
"chr11","125366003","125366077","chr7","89690999","89691074","14","35675004"
"chr11","125398678","125398926","chrX","125049365","125049603","58","349313"
"chr11","125409685","125409980","chr14","64227573","64227879","56","61182112"
"chr11","125416340","125416624","chr6","31663169","31663453","74","93753171"
"chr11","125580595","125580883","chr9","116405843","116406133","36","9174752"
"chr11","125633293","125633566","chr8","11545763","11546025","73","114087530"
"chr11","125648746","125649029","chr9","116463875","116464165","46","9184871"
"chr11","125844579","125844901","chr9","116741294","116741587","58","9103285"
"chr11","126046428","126046724","chr11","5496824","5497129","63","120549604"
"chr11","126064358","126064409","chr18","14515525","14515573","7","111548833"
"chr11","126101773","126102054","chr14","21354894","21355160","61","104746879"
"chr11","126135230","126135528","chr9","116990831","116991140","39","9144399"
"chr11","126185160","126185267","chr17","30062398","30062508","23","96122762"
"chr11","126282764","126282849","chr20","11385354","11385437","19","114897410"
"chr11","126692412","126692720","chr9","117512189","117512505","61","9180223"
"chr11","126827790","126828077","chr9","101823786","101824073","72","25004004"
"chr11","126850956","126851080","chr2","17455028","17455152","20","109395928"
"chr11","126991510","126991647","chr20","27666546","27666681","25","99324964"
"chr11","127024556","127024865","chr9","117836067","117836339","76","9188489"
"chr11","127182661","127182797","chr4","44453749","44453878","33","82728912"
"chr11","127228688","127228982","chr14","80754932","80755229","60","46473756"
"chr11","127483425","127483728","chr2","10816283","10816573","62","116667142"
"chr11","127511301","127511413","chr9","110459003","110459113","31","17052298"
"chr11","128317812","128318081","chrX","96960850","96961122","75","31356962"
"chr11","128347838","128348060","chr11","124393422","124393655","68","3954416"
"chr11","128595126","128595346","chr8","76504622","76504837","57","52090504"
"chr11","128648312","128648602","chr9","119384926","119385193","59","9263386"
"chr11","128687243","128687574","chr9","28959190","28959500","81","99728053"
"chr11","128892231","128892476","chr5","93544921","93545155","63","35347310"
"chr11","128915302","128915570","chr9","119669315","119669579","38","9245987"
"chr11","128951395","128951505","chr20","3995277","3995385","17","124956118"
"chr11","128969971","128970106","chr9","119712630","119712767","19","9257341"
"chr11","128970934","128970996","chr7","58127952","58128014","11","70842982"
"chr11","128972531","128972778","chr13","18944890","18945142","63","110027641"
"chr11","129055731","129056023","chr9","53523121","53523415","60","75532610"
"chr11","129088448","129088514","chr8","113039842","113039907","17","16048606"
"chr11","129189640","129189949","chr9","45121884","45122176","72","84067756"
"chr11","129266861","129267162","chrX","46290180","46290472","57","82976681"
"chr11","129717708","129717897","chr8","94279921","94280112","40","35437787"
"chr11","130049535","130049843","chr9","120765291","120765590","35","9284244"
"chr11","130109633","130109923","chr12","88933406","88933700","61","41176227"
"chr11","130127167","130127490","chr9","120850947","120851262","65","9276220"
"chr11","130151341","130151611","chr2","11078777","11079046","57","119072564"
"chr11","130195763","130195882","chr7","146223042","146223164","19","16027279"
"chr11","130195902","130196019","chr7","43774959","43775075","26","86420943"
"chr11","130196095","130196278","chr9","101960601","101960798","48","28235494"
"chr11","130232678","130232821","chr9","120961334","120961478","15","9271344"
"chr11","130304838","130305135","chr9","121049875","121050177","58","9254963"
"chr11","130579765","130580057","chr9","121329398","121329691","42","9250367"
"chr11","130594921","130595204","chr2","201309763","201310040","62","70714842"
"chr11","130777701","130778003","chr9","121544162","121544465","47","9233539"
"chr11","130869730","130870021","chr9","121645331","121645619","53","9224399"
"chr11","130947021","130947178","chr10","79545961","79546118","40","51401060"
"chr11","131010963","131011273","chr9","121784693","121785002","28","9226270"
"chr11","131070057","131070364","chr9","121845233","121845526","37","9224824"
"chr11","131127901","131128180","chr8","107421957","107422209","69","23705944"
"chr11","131159082","131159396","chr9","121939598","121939909","62","9219484"
"chr11","131160892","131161007","chrUn_GL286217","106113","106229","21","131054779"
"chr11","131211896","131212015","chr9","121984892","121985010","18","9227004"
"chr11","131216530","131216778","chr17","40268447","40268707","66","90948083"
"chr11","131278024","131278312","chr12","89683096","89683386","46","41594928"
"chr11","131358114","131358412","chr9","122102951","122103243","42","9255163"
"chr11","131419332","131419636","chr15","82936864","82937164","68","48482468"
"chr11","131568327","131568450","chr17","18697273","18697397","16","112871054"
"chr11","131732380","131732639","chrX","64132537","64132796","60","67599843"
"chr11","131783155","131783278","chr17","18697273","18697397","18","113085882"
"chr11","131992562","131992855","chr11","127973910","127974198","59","4018652"
"chr11","132222810","132223110","chr1","14261703","14261983","77","117961107"
"chr11","132246066","132246267","chr5","6447228","6447428","55","125798838"
"chr11","132259862","132260133","chr9","122883677","122883926","61","9376185"
"chr11","132273123","132273465","chr10","35350967","35351308","75","96922156"
"chr11","132276881","132277081","chr5","43945851","43946049","44","88331030"
"chr11","132295684","132295963","chr6","117705099","117705381","60","14590585"
"chr11","132329736","132329859","chr10","47645070","47645193","17","84684666"
"chr11","132371665","132371832","chr2","63618419","63618575","43","68753246"
"chr11","132372131","132372301","chr9","42521168","42521336","50","89850963"
"chr11","132374069","132374208","chr9","122996703","122996844","26","9377366"
"chr11","132374533","132374696","chr10","74699647","74699806","37","57674886"
"chr11","132441384","132441515","chr9","56024635","56024765","22","76416749"
"chr11","132555125","132555353","chr9","123097418","123097634","46","9457707"
"chr11","132555438","132555562","chr13","20043383","20043507","20","112512055"
"chr11","132593208","132593481","chr7","56789938","56790216","69","75803270"
"chr11","132627936","132628071","chr22","38799749","38799881","23","93828187"
"chr11","132628400","132628529","chr2","21114487","21114616","47","111513913"
"chr11","132631025","132631315","chr9","123019981","123020273","48","9611044"
"chr11","132674884","132675183","chr9","123296668","123296968","54","9378216"
"chr11","132676925","132677051","chr2","116548410","116548534","28","16128515"
"chr11","133041596","133041878","chr2","6860494","6860767","63","126181102"
"chr11","133058379","133058654","chr15","72117858","72118150","69","60940521"
"chr11","133089431","133089732","chr9","123698093","123698384","64","9391338"
"chr11","133091004","133091125","chr9","123700216","123700338","17","9390788"
"chr11","133133073","133133266","chr19","21396362","21396544","54","111736711"
"chr11","133133571","133133693","chr13","16027487","16027604","35","117106084"
"chr11","133146777","133146918","chr7","2524096","2524217","45","130622681"
"chr11","133151768","133152054","chr9","123759558","123759836","50","9392210"
"chr11","133154198","133154510","chr22","12435150","12435452","66","120719048"
"chr11","133158652","133158949","chr9","123767315","123767615","42","9391337"
"chr11","133166758","133167034","chr9","123785429","123785701","42","9381329"
"chr11","133177323","133177457","chr1","102188482","102188614","25","30988841"
"chr11","133224296","133224465","chr2","7088626","7088790","33","126135670"
"chr11","133224756","133224903","chr17","73250584","73250724","29","59974172"
"chr11","133241620","133241756","chr2","18166051","18166184","25","115075569"
"chr11","133242070","133242251","chr22","6986021","6986198","54","126256049"
"chr11","133291827","133292125","chr1","118797181","118797481","53","14494646"
"chr11","133392880","133393192","chr9","124074359","124074663","44","9318521"
"chr11","133402505","133402698","chr3","190346321","190346506","45","56943816"
"chr11","133413389","133413687","chr18","22800802","22801101","62","110612587"
"chr11","133501013","133501159","chr5","124839437","124839572","37","8661576"
"chr11","133501461","133501624","chr10","3741236","3741393","31","129760225"
"chr11","133502603","133502727","chr9","123966304","123966428","13","9536299"
"chr11","133519027","133519332","chrUn_GL289184","3523","3824","78","133515504"
"chr11","133542844","133543123","chr9","123928217","123928493","32","9614627"
"chr11","133601285","133601568","chr5","134469571","134469845","68","868286"
"chr11","133612951","133613072","chr20","5208280","5208403","20","128404671"
"chr12","63045421","63045741","chr9","59444870","59445177","70","3600551"
"chr12","21377","21540","chr4","108313946","108314109","38","108292569"
"chr12","99451","99641","chrX","102298297","102298480","43","102198846"
"chr12","99948","100078","chr5","4469592","4469726","27","4369644"
"chr12","131631","131763","chr2","137786105","137786235","27","137654474"
"chr12","149818","150095","chr6","125397671","125397953","47","125247853"
"chr12","152272","152518","chr12","23371971","23372223","63","23219699"
"chr12","152729","152979","chr6","46615424","46615684","63","46462695"
"chr12","207818","208101","chr7","50420067","50420331","73","50212249"
"chr12","277389","277518","chr4","44463564","44463694","29","44186175"
"chr12","399085","399397","chrX","40170539","40170849","72","39771454"
"chr12","445579","445773","chr2","57373690","57373889","45","56928111"
"chr12","474962","475228","chr6","28744681","28744954","66","28269719"
"chr12","485827","485913","chrX","129211065","129211155","29","128725238"
"chr12","532713","532844","chr2","10110790","10110922","23","9578077"
"chr12","645071","645363","chr1","143664531","143664825","63","143019460"
"chr12","645459","645541","chr1","77292922","77293000","16","76647463"
"chr12","1724715","1724771","chr9","85202540","85202596","10","83477825"
"chr12","2014688","2014998","chr6","30659220","30659522","37","28644532"
"chr12","2454623","2454879","chrUn_GL286233","28821","29079","64","2425802"
"chr12","2455840","2456119","chr2","16314575","16314859","68","13858735"
"chr12","2470163","2470448","chr6","31071665","31071951","41","28601502"
"chr12","2491844","2492144","chr6","31093713","31094014","47","28601869"
"chr12","2545273","2545547","chr6","31175033","31175298","44","28629760"
"chr12","2552417","2552540","chr2","126189940","126190062","21","123637523"
"chr12","2566776","2567055","chr1","158046528","158046808","56","155479752"
"chr12","2587758","2588066","chr6","31211726","31212032","55","28623968"
"chr12","2598076","2598358","chr6","31221985","31222268","45","28623909"
"chr12","2619569","2619699","chr5","79064008","79064140","27","76444439"
"chr12","2621845","2622119","chr5","125877212","125877479","59","123255367"
"chr12","2622272","2622543","chr6","31245253","31245548","62","28622981"
"chr12","2662129","2662417","chr2","16314575","16314859","67","13652446"
"chr12","2666134","2666348","chr18","40997169","40997384","46","38331035"
"chr12","2669070","2669103","chr9","99943494","99943528","6","97274424"
"chr12","2669121","2669236","chr6","147804825","147804941","29","145135704"
"chr12","2692447","2692562","chr5","111011143","111011253","28","108318696"
"chr12","2692858","2692991","chr10","98492248","98492377","23","95799390"
"chr12","2707029","2707153","chr6","31334664","31334788","17","28627635"
"chr12","2720332","2720656","chr15","57058522","57058823","74","54338190"
"chr12","2732322","2732534","chr5","73237104","73237313","48","70504782"
"chr12","2753361","2753633","chr1","170171519","170171801","63","167418158"
"chr12","2834378","2834652","chr6","31474422","31474696","40","28640044"
"chr12","2835567","2835826","chr12","24290628","24290889","67","21455061"
"chr12","3083504","3083607","chr6","31713085","31713178","18","28629581"
"chr12","3127881","3128012","chr19","6952953","6953082","20","3825072"
"chr12","3188174","3188301","chr7","136413230","136413360","26","133225056"
"chr12","3199700","3199826","chr18","14848181","14848308","22","11648481"
"chr12","3283614","3283919","chr6","31965541","31965846","49","28681927"
"chr12","3308816","3309108","chr6","31994890","31995172","42","28686074"
"chr12","3362564","3362753","chr2","9684873","9685057","38","6322309"
"chr12","3378523","3378825","chr13","83939459","83939745","63","80560936"
"chr12","3412272","3412568","chr13","36414491","36414784","56","33002219"
"chr12","3412706","3412988","chr9","114335053","114335333","86","110922347"
"chr12","3566377","3566673","chr10","102125593","102125891","62","98559216"
"chr12","3808799","3808879","chr5","65805152","65805225","22","61996353"
"chr12","3808885","3809150","chr12","2261749","2261996","70","1547136"
"chr12","4150482","4150753","chr7","70465192","70465461","53","66314710"
"chr12","4552483","4552761","chr7","63234098","63234395","78","58681615"
"chr12","5030129","5030403","chr6","99980204","99980479","34","94950075"
"chr12","5136321","5136600","chr6","99931192","99931497","77","94794871"
"chr12","5204985","5205148","chr7","20363911","20364072","45","15158926"
"chr12","5347661","5347971","chr6","99719994","99720296","60","94372333"
"chr12","5374730","5375019","chr6","99681221","99681511","38","94306491"
"chr12","5434238","5434458","chr6","99615306","99615512","48","94181068"
"chr12","5817602","5817885","chrUn_GL286743","5845","6131","70","5811757"
"chr12","5867010","5867291","chr6","99240903","99241194","53","93373893"
"chr12","6013682","6013817","chrX","15386901","15387035","23","9373219"
"chr12","6364845","6365117","chr6","45344302","45344577","63","38979457"
"chr12","6535572","6535697","chr9","99084429","99084555","23","92548857"
"chr12","6893538","6893668","chr6","98176046","98176174","16","91282508"
"chr12","7275664","7275983","chr6","97780991","97781296","64","90505327"
"chr12","8293231","8293538","chr4","7167646","7167951","71","1125585"
"chr12","8311053","8311172","chr9","86490995","86491113","23","78179942"
"chr12","8611662","8611930","chr6","96578516","96578787","49","87966854"
"chr12","9122341","9122630","chr15","28321944","28322236","63","19199603"
"chr12","9221025","9221313","chr5","137246805","137247081","76","128025780"
"chr12","9269953","9270092","chr6","95883348","95883477","24","86613395"
"chr12","9310935","9311227","chrUn_GL286251","22155","22448","33","9288780"
"chr12","9331282","9331413","chr11","120560318","120560450","20","111229036"
"chr12","9343168","9343291","chr12","50947006","50947137","24","41603838"
"chr12","9344087","9344205","chr13","91204026","91204144","28","81859939"
"chr12","9421907","9422161","chr6","95765243","95765485","32","86343336"
"chr12","9469792","9469861","chr5","63517019","63517090","10","54047227"
"chr12","9472460","9472586","chr1","155368947","155369069","18","145896487"
"chr12","9636844","9637099","chr5","113636296","113636535","72","103999452"
"chr12","9675686","9675803","chr9","107943149","107943266","15","98267463"
"chr12","9675836","9675968","chr11","123412653","123412793","37","113736817"
"chr12","9747712","9747794","chr17","54328001","54328085","10","44580289"
"chr12","9766230","9766550","chr1","183956978","183957264","98","174190748"
"chr12","9789267","9789552","chr3","149104058","149104353","64","139314791"
"chr12","9829658","9829940","chr4","152252358","152252648","59","142422700"
"chr12","9836901","9837008","chr2","186392833","186392949","27","176555932"
"chr12","9872483","9872636","chr8","3161096","3161248","34","6711387"
"chr12","9952788","9952911","chr1","199892609","199892732","18","189939821"
"chr12","10033228","10033488","chr15","29064178","29064444","65","19030950"
"chr12","10410193","10410296","chr11","9281508","9281613","24","1128685"
"chr12","10410582","10410787","chr1","151084679","151084867","55","140674097"
"chr12","10429331","10429639","chr6","94758324","94758631","45","84328993"
"chr12","10464269","10464553","chr9","106173665","106173947","61","95709396"
"chr12","10656163","10656325","chr3","3513694","3513838","47","7142469"
"chr12","10659916","10660134","chr22","31181711","31181943","49","20521795"
"chr12","10839247","10839364","chr2","129032694","129032815","27","118193447"
"chr12","10840998","10841252","chr16","32517987","32518247","61","21676989"
"chr12","10862977","10863109","chr10","74474605","74474739","20","63611628"
"chr12","10943263","10943394","chr1","65245501","65245628","23","54302238"
"chr12","10944070","10944200","chr18","6249448","6249571","23","4694622"
"chr12","11070001","11070293","chr6","94161596","94161891","54","83091595"
"chr12","11076743","11076893","chr6","94155126","94155271","25","83078383"
"chr12","11084029","11084281","chr14","98474406","98474660","70","87390377"
"chr12","11088628","11088893","chr6","94134012","94134295","63","83045384"
"chr12","11109387","11109585","chr19","15499255","15499461","43","4389868"
"chr12","11138764","11139076","chr6","94086697","94087005","39","82947933"
"chr12","11230437","11230743","chr6","32054163","32054464","65","20823726"
"chr12","11274108","11274382","chr6","93950889","93951162","42","82676781"
"chr12","11370426","11370690","chrX","57606021","57606272","61","46235595"
"chr12","11467489","11467609","chr6","93761213","93761341","19","82293724"
"chr12","11607464","11607578","chr2","166452559","166452668","21","154845095"
"chr12","11628264","11628559","chr12","18681736","18682027","66","7053472"
"chr12","11786893","11787186","chr6","48201897","48202184","64","36415004"
"chr12","11798434","11798551","chr5","37629937","37630052","16","25831503"
"chr12","11836391","11836697","chr6","93397249","93397522","66","81560858"
"chr12","11847588","11847905","chr6","93389412","93389722","67","81541824"
"chr12","11859461","11859620","chr5","115480865","115481025","36","103621404"
"chr12","11859900","11860040","chr1","192542368","192542501","28","180682468"
"chr12","11923744","11924032","chr6","93315472","93315758","54","81391728"
"chr12","11999710","12000000","chr8","22185930","22186206","63","10186220"
"chr12","12000785","12000911","chr6","93246283","93246409","22","81245498"
"chr12","12001546","12001825","chrX","46700762","46701035","75","34699216"
"chr12","12056263","12056541","chr1","62869740","62870021","52","50813477"
"chr12","12100253","12100382","chr5","82500684","82500814","28","70400431"
"chr12","12248407","12248620","chr6","93038824","93039024","43","80790417"
"chr12","12294600","12294682","chr7","4390344","4390426","15","7904256"
"chr12","12455419","12455732","chr15","72518938","72519246","53","60063519"
"chr12","12548114","12548413","chr6","92724637","92724934","63","80176523"
"chr12","12649034","12649156","chr9","8422725","8422848","18","4226309"
"chr12","12720855","12720965","chrX","45303414","45303524","25","32582559"
"chr12","12721011","12721181","chr5","122242842","122243015","38","109521831"
"chr12","12739352","12739631","chr6","92526857","92527120","49","79787505"
"chr12","13062687","13062983","chr6","92192286","92192595","54","79129599"
"chr12","13211171","13211298","chr4","13599154","13599281","20","387983"
"chr12","13580829","13581097","chr2","16314575","16314859","68","2733746"
"chr12","13592613","13592908","chr4","138184186","138184489","68","124591573"
"chr12","14420326","14420591","chr6","90865583","90865883","66","76445257"
"chr12","14583553","14583675","chr6","90721632","90721751","19","76138079"
"chr12","14672895","14673215","chr6","90655744","90656044","58","75982849"
"chr12","15458827","15458949","chr6","89918993","89919109","20","74460166"
"chr12","15468664","15468973","chr7","19420063","19420353","85","3951399"
"chr12","16269172","16269291","chr9","108534541","108534662","27","92265369"
"chr12","16550381","16550510","chr6","88996946","88997077","18","72446565"
"chr12","17131189","17131477","chr9","53523121","53523415","62","36391932"
"chr12","17403751","17404054","chr5","9499160","9499467","66","7904591"
"chr12","17494791","17494917","chrX","22373284","22373410","23","4878493"
"chr12","17581472","17581526","chr8","934140","934191","8","16647332"
"chr12","17593160","17593368","chr11","119840096","119840304","55","102246936"
"chr12","17597252","17597543","chr3","156563310","156563598","58","138966058"
"chr12","17632020","17632174","chr1","3949737","3949895","47","13682283"
"chr12","17632480","17632492","chr1","189870970","189870980","6","172238490"
"chr12","17632803","17632851","chr7","84294413","84294466","12","66661610"
"chr12","17686342","17686470","chr6","25212855","25212981","23","7526513"
"chr12","17761558","17761686","chr2","51685062","51685186","20","33923504"
"chr12","17767221","17767511","chr19","44204766","44205057","67","26437545"
"chr12","17789623","17789926","chr10","8915279","8915588","56","8874344"
"chr12","17904025","17904191","chr1","197673482","197673635","43","179769457"
"chr12","18254812","18255115","chr6","87229333","87229632","56","68974521"
"chr12","18532564","18532849","chr10","94610637","94610936","82","76078073"
"chr12","18546274","18546572","chr6","86923635","86923916","40","68377361"
"chr12","18714107","18714173","chr15","42405480","42405547","20","23691373"
"chr12","18714146","18714223","chr2","71146304","71146385","15","52432158"
"chr12","18921430","18921549","chr6","122117626","122117747","24","103196196"
"chr12","19592860","19593105","chr6","85912210","85912459","36","66319350"
"chr12","19650017","19650314","chr16","55880801","55881091","55","36230784"
"chr12","19704360","19704480","chr13","100990963","100991083","29","81286603"
"chr12","19775955","19776270","chr6","85728671","85728982","73","65952716"
"chr12","19809608","19809736","chr2","7433105","7433216","30","12376503"
"chr12","19920060","19920345","chr7","87022059","87022339","70","67101999"
"chr12","19988628","19988822","chr16","96451653","96451840","40","76463025"
"chr12","20305054","20305368","chr6","85191489","85191783","55","64886435"
"chr12","20438094","20438370","chr9","45697145","45697421","52","25259051"
"chr12","20488174","20488307","chr2","170813628","170813760","22","150325454"
"chr12","20546230","20546523","chr6","84931722","84932008","43","64385492"
"chr12","20751538","20751839","chr9","53523121","53523415","58","32771583"
"chr12","20765159","20765449","chr6","84715512","84715790","49","63950353"
"chr12","20860387","20860663","chr6","84611581","84611856","43","63751194"
"chr12","20941489","20941781","chr6","84523350","84523645","41","63581861"
"chr12","20966768","20967063","chr1","118797181","118797481","73","97830413"
"chr12","21153137","21153418","chr4","107741115","107741401","70","86587978"
"chr12","21168720","21168852","chr9","65816955","65817079","26","44648235"
"chr12","21186205","21186433","chr2","39361745","39361988","61","18175540"
"chr12","21191341","21191628","chr8","12870176","12870461","49","8321165"
"chr12","21245697","21245956","chr1","141266461","141266723","57","120020764"
"chr12","21303496","21303613","chr5","76251600","76251715","31","54948104"
"chr12","21440984","21441283","chr6","83885383","83885678","45","62444399"
"chr12","21464544","21464677","chr13","40267018","40267150","19","18802474"
"chr12","21481666","21481866","chr5","152622358","152622547","58","131140692"
"chr12","21526508","21526816","chr7","32363417","32363723","60","10836909"
"chr12","21530646","21530762","chr6","83801747","83801869","26","62271101"
"chr12","21908499","21908568","chr6","83440586","83440655","8","61532087"
"chr12","22237366","22237669","chr6","83168706","83168995","46","60931340"
"chr12","22820195","22820230","chr2","141208820","141208850","6","118388625"
"chr12","22820261","22820374","chr15","61216796","61216912","23","38396535"
"chr12","23455331","23455611","chr6","82014602","82014898","58","58559271"
"chr12","23672458","23672739","chr6","82014602","82014898","53","58342144"
"chr12","23745914","23746038","chr6","112341343","112341464","21","88595429"
"chr12","24499667","24499954","chr6","81251204","81251508","57","56751537"
"chr12","24589494","24589776","chr8","29819130","29819402","72","5229636"
"chr12","24611328","24611618","chr7","144949960","144950250","52","120338632"
"chr12","24662801","24663105","chr10","89815328","89815623","77","65152527"
"chr12","24672173","24672386","chr5","112018086","112018298","60","87345913"
"chr12","24829541","24829846","chr6","80925308","80925596","48","56095767"
"chr12","24850588","24850726","chrX","40204042","40204168","30","15353454"
"chr12","24937673","24937732","chr3","186114247","186114299","12","161176574"
"chr12","24938266","24938320","chr2","8674236","8674291","16","16264030"
"chr12","25220857","25221147","chr22","31802295","31802576","63","6581438"
"chr12","25258261","25258565","chr6","80506902","80507186","54","55248641"
"chr12","26151512","26151855","chr8","118224264","118224561","100","92072752"
"chr12","26205455","26205792","chr3","142295513","142295824","97","116090058"
"chr12","26944607","26944938","chr12","100518506","100518822","87","73573899"
"chr12","26976194","26976232","chrX","55792001","55792034","10","28815807"
"chr12","26976260","26976412","chr10","87939797","87939947","36","60963537"
"chr12","27115419","27115739","chr15","62475820","62476131","74","35360401"
"chr12","27116810","27116962","chr9","96473152","96473305","38","69356342"
"chr12","27299269","27299560","chrX","106614584","106614877","70","79315315"
"chr12","27344836","27344974","chr10","47115508","47115647","34","19770672"
"chr12","27370106","27370298","chr4","88109272","88109464","45","60739166"
"chr12","27789731","27790021","chr6","139464345","139464646","66","111674614"
"chr12","28018277","28018583","chr3","105581675","105581983","71","77563398"
"chr12","28124753","28125025","chr6","77831790","77832062","36","49707037"
"chr12","28190640","28190928","chr6","77760978","77761266","34","49570338"
"chr12","28251675","28251851","chr17","48056948","48057120","39","19805273"
"chr12","28534853","28534975","chr6","51446971","51447089","33","22912118"
"chr12","28661263","28661431","chr6","77285055","77285224","25","48623792"
"chr12","28776172","28776287","chr6","77196163","77196272","21","48419991"
"chr12","28788472","28788612","chr2","11695570","11695700","27","17092902"
"chr12","28990565","28990843","chr8","11605795","11606080","70","17384770"
"chr12","29009016","29009331","chr6","76965024","76965318","58","47956008"
"chr12","29033852","29034167","chr5","140705967","140706280","84","111672115"
"chr12","29140749","29141083","chr2","8422119","8422451","93","20718630"
"chr12","29211067","29211229","chr10","6450650","6450808","29","22760417"
"chr12","29211284","29211419","chr9","40264430","40264563","40","11053146"
"chr12","29243051","29243364","chr6","76771199","76771486","53","47528148"
"chr12","29271411","29271651","chr11","20973291","20973519","66","8298120"
"chr12","29366601","29366869","chr6","76645847","76646114","39","47279246"
"chr12","29371120","29371246","chr1","38075302","38075428","27","8704182"
"chr12","29440125","29440417","chrX","106520726","106521015","58","77080601"
"chr12","29441927","29442076","chr5","39736662","39736814","31","10294735"
"chr12","29443699","29443789","chr6","76556031","76556128","22","47112332"
"chr12","29801914","29802233","chr7","86585147","86585458","68","56783233"
"chr12","30116092","30116389","chr6","75859599","75859892","41","45743507"
"chr12","30126215","30126516","chr4","134631799","134632096","76","104505584"
"chr12","30660402","30660624","chr13","61381664","61381873","50","30721262"
"chr12","30674291","30674327","chr8","115418026","115418062","4","84743735"
"chr12","30674330","30674561","chr12","11950392","11950614","56","18723938"
"chr12","30875457","30875562","chr6","75055897","75056007","12","44180440"
"chr12","30954806","30955061","chr5","95603456","95603705","71","64648650"
"chr12","31066171","31066486","chr6","74862107","74862412","44","43795936"
"chr12","31314672","31314952","chr1","125157754","125158029","60","93843082"
"chr12","31701968","31702032","chr11","60074935","60074995","9","28372967"
"chr12","31964295","31964600","chr6","73918639","73918953","56","41954344"
"chr12","32117965","32118259","chr9","53523121","53523415","57","21405156"
"chr12","32217228","32217531","chr3","82913223","82913528","67","50695995"
"chr12","32279771","32280077","chr2","13511856","13512150","62","18767915"
"chr12","32513791","32514084","chr5","146498331","146498626","54","113984540"
"chr12","33483283","33483407","chr11","109461963","109462085","28","75978680"
"chr12","33527930","33528225","chr1","205390596","205390862","71","171862666"
"chr12","33545715","33545876","chr4","153004901","153005054","34","119459186"
"chr12","33545904","33545936","chr5","86449237","86449268","11","52903333"
"chr12","33558253","33558526","chr7","38338046","38338321","56","4779793"
"chr12","33564895","33565158","chr15","61773901","61774159","50","28209006"
"chr12","33581586","33581883","chr7","77257630","77257935","59","43676044"
"chr12","34042765","34042952","chr16","96451653","96451840","40","62408888"
"chr12","34600669","34600964","chr18","33187573","33187871","61","1413096"
"chr12","34618956","34619292","chr6","71375364","71375705","72","36756408"
"chr12","34660582","34660812","chr7","45171795","45172035","67","10511213"
"chr12","34738582","34738704","chr19","28118672","28118794","22","6619910"
"chr12","34769629","34769825","chr6","71233189","71233367","43","36463560"
"chr12","35185695","35185999","chr14","80754932","80755229","63","45569237"
"chr12","35197299","35197578","chr2","201309763","201310040","64","166112464"
"chr12","35213154","35213273","chr18","26886834","26886951","16","8326320"
"chr12","35657679","35657955","chr1","155032190","155032474","64","119374511"
"chr12","36017744","36018062","chr6","70173161","70173454","58","34155417"
"chr12","36412160","36412460","chr1","84459989","84460286","73","48047829"
"chr12","36594769","36595056","chr6","69393701","69393988","31","32798932"
"chr12","37252564","37252855","chr6","35499674","35499980","66","1752890"
"chr12","37299160","37299438","chr6","68692205","68692495","77","31393045"
"chr12","37531673","37531830","chr5","147457504","147457659","33","109925831"
"chr12","37531859","37531957","chr12","22353588","22353686","15","15178271"
"chr12","37532403","37532560","chr5","147457504","147457659","33","109925101"
"chr12","37532587","37532700","chr4","151701338","151701450","20","114168751"
"chr12","37700715","37701006","chr6","68292729","68293017","56","30592014"
"chr12","37701616","37701906","chr6","68292729","68293017","53","30591113"
"chr12","37777255","37777553","chr6","68209507","68209807","30","30432252"
"chr12","37809940","37810219","chr6","68160903","68161182","27","30350963"
"chr12","37940688","37940881","chr22","24337821","24338000","46","13602867"
"chr12","38039312","38039609","chr14","82325633","82325925","61","44286321"
"chr12","38445451","38445769","chr12","25820748","25821062","74","12624703"
"chr12","38474368","38474637","chr15","62136548","62136812","59","23662180"
"chr12","38520580","38520880","chr6","67424432","67424726","41","28903852"
"chr12","38594021","38594192","chr6","67343941","67344088","44","28749920"
"chr12","38611677","38611976","chr6","67325959","67326222","64","28714282"
"chr12","38615035","38615251","chr6","67323023","67323225","46","28707988"
"chr12","38629493","38629666","chrX","85772838","85773011","40","47143345"
"chr12","38712726","38713000","chr6","67256542","67256821","33","28543816"
"chr12","38741437","38741719","chr6","67225575","67225851","45","28484138"
"chr12","38742666","38742885","chr6","67224946","67225161","30","28482280"
"chr12","38747201","38747494","chr6","67215442","67215745","47","28468241"
"chr12","38751301","38751424","chr15","42302065","42302189","20","3550764"
"chr12","38774539","38774822","chr6","67185607","67185881","47","28411068"
"chr12","38819494","38819672","chr2","34972530","34972711","37","3846964"
"chr12","38819714","38819818","chr4","137740618","137740731","24","98920904"
"chr12","38830904","38831208","chr6","67128095","67128409","39","28297191"
"chr12","38854695","38854881","chr17","48056948","48057120","46","9202253"
"chr12","38883305","38883601","chr5","91752083","91752377","56","52868778"
"chr12","38930922","38931203","chr1","116988620","116988889","69","78057698"
"chr12","38956211","38956525","chr18","1723868","1724182","65","37232343"
"chr12","38991464","38991762","chr6","66910349","66910637","55","27918885"
"chr12","39005410","39005479","chr2","17512473","17512542","14","21492937"
"chr12","39028354","39028596","chr6","66870513","66870762","39","27842159"
"chr12","39053861","39054152","chrX","15505273","15505563","63","23548588"
"chr12","39093759","39094038","chr6","66795470","66795769","63","27701711"
"chr12","39116091","39116326","chr11","124372512","124372740","74","85256421"
"chr12","39155272","39155559","chr2","11019507","11019792","59","28135765"
"chr12","39291968","39292264","chr6","66604500","66604793","40","27312532"
"chr12","39320861","39320983","chr6","66571843","66571962","16","27250982"
"chr12","39918403","39918704","chr3","52306328","52306620","67","12387925"
"chr12","39943069","39943251","chr3","48173821","48174007","38","8230752"
"chr12","40784763","40785059","chr9","40510882","40511171","61","273881"
"chr12","41885758","41886047","chr6","84950940","84951228","56","43065182"
"chr12","42946701","42946995","chr6","63014757","63015049","42","20068056"
"chr12","43153909","43154053","chr2","194870770","194870908","29","151716861"
"chr12","43154356","43154386","chr2","141208820","141208850","10","98054464"
"chr12","43163098","43163295","chr6","62799151","62799349","34","19636053"
"chr12","43283110","43283401","chr6","62668402","62668689","41","19385292"
"chr12","43290416","43290538","chrX","58482136","58482260","19","15191720"
"chr12","43365021","43365151","chr10","78439440","78439569","25","35074419"
"chr12","43430590","43430870","chr1","166931846","166932134","59","123501256"
"chr12","43442261","43442563","chr6","62495447","62495718","65","19053186"
"chr12","43607222","43607521","chr13","18700100","18700396","69","24907122"
"chr12","43927385","43927683","chr5","43481946","43482233","66","445439"
"chr12","44321352","44321682","chr6","61584416","61584749","45","17263064"
"chr12","44426382","44426559","chr17","48056948","48057120","33","3630566"
"chr12","44515202","44515473","chr6","61343807","61344064","43","16828605"
"chr12","44547955","44548215","chr6","61310904","61311182","65","16762949"
"chr12","44562142","44562460","chr6","61295952","61296270","66","16733810"
"chr12","44577736","44578032","chr7","20054058","20054353","68","24523678"
"chr12","44636116","44636407","chrX","22880174","22880448","62","21755942"
"chr12","44680054","44680179","chr6","61172778","61172903","16","16492724"
"chr12","44871036","44871362","chr19","38258244","38258554","89","6612792"
"chr12","45051077","45051376","chr5","96920240","96920551","59","51869163"
"chr12","45170466","45170758","chr2","13585999","13586296","65","31584467"
"chr12","45180366","45180662","chrX","106614584","106614877","53","61434218"
"chr12","45370640","45370925","chr6","60432106","60432378","56","15061466"
"chr12","45506238","45506534","chr5","140984252","140984542","57","95478014"
"chr12","45532201","45532306","chr1","201164841","201164942","24","155632640"
"chr12","45552316","45552611","chr6","35499674","35499980","62","10052642"
"chr12","45605951","45606239","chr4","107869232","107869514","55","62263281"
"chr12","45635287","45635407","chr6","31167603","31167720","28","14467684"
"chr12","45642064","45642319","chr10","18219504","18219762","64","27422560"
"chr12","45680078","45680363","chr6","60096609","60096867","65","14416531"
"chr12","45681481","45681785","chr6","60094788","60095077","67","14413307"
"chr12","45686170","45686469","chr15","72518938","72519246","57","26832768"
"chr12","45693299","45693594","chr6","60083144","60083435","46","14389845"
"chr12","45695106","45695410","chr1","185506876","185507173","65","139811770"
"chr12","45742985","45743266","chr6","132636838","132637115","67","86893853"
"chr12","45755899","45756011","chr20","2001099","2001217","26","43754800"
"chr12","45778057","45778182","chr4","58596055","58596175","24","12817998"
"chr12","45809067","45809191","chr6","59978429","59978557","20","14169362"
"chr12","45891445","45891569","chr1","138926403","138926525","23","93034958"
"chr12","45937971","45938079","chr6","59840674","59840781","11","13902703"
"chr12","45993443","45993612","chr6","59768352","59768499","40","13774909"
"chr12","46288349","46288399","chr6","59453815","59453865","4","13165466"
"chr12","46289473","46289764","chrX","20607629","20607919","65","25681844"
"chr12","46299048","46299353","chr6","59443944","59444220","59","13144896"
"chr12","46417802","46418086","chr7","78101377","78101671","68","31683575"
"chr12","46491384","46491476","chr5","81329472","81329572","22","34838088"
"chr12","46509875","46510163","chr6","59208953","59209246","36","12699078"
"chr12","46519445","46519694","chr3","152850374","152850617","73","106330929"
"chr12","46705219","46705526","chr6","58956709","58957018","46","12251490"
"chr12","46707019","46707321","chr5","101892022","101892320","55","55185003"
"chr12","46815915","46816213","chr9","45335801","45336101","65","1480114"
"chr12","46847496","46847789","chr3","186685732","186686009","80","139838236"
"chr12","47075673","47075958","chr6","58613519","58613796","45","11537846"
"chr12","47141014","47141286","chr5","126956284","126956559","62","79815270"
"chr12","47241519","47241810","chr1","192724163","192724458","65","145482644"
"chr12","47323864","47324155","chr2","77910618","77910914","64","30586754"
"chr12","47346459","47346594","chr1","192542368","192542501","21","145195909"
"chr12","47411071","47411365","chr6","58245286","58245592","47","10834215"
"chr12","47487936","47488224","chr13","15863362","15863648","58","31624574"
"chr12","47684338","47684639","chr6","57949636","57949925","45","10265298"
"chr12","47820263","47820402","chr16","18070614","18070749","22","29749649"
"chr12","47968936","47969093","chrX","141179488","141179644","36","93210552"
"chr12","47969387","47969444","chr1","76970757","76970807","12","29001370"
"chr12","47973403","47973676","chr6","57642829","57643095","54","9669426"
"chr12","47991659","47991956","chr8","105343725","105344018","55","57352066"
"chr12","48083104","48083212","chr1","189291918","189292031","21","141208814"
"chr12","48084779","48085067","chr6","57536402","57536694","37","9451623"
"chr12","48158441","48158729","chr10","44890595","44890883","53","3267846"
"chr12","48158931","48159214","chr3","3371889","3372171","71","44787042"
"chr12","48225195","48225489","chr1","198276236","198276530","56","150051041"
"chr12","50377849","50378140","chr6","55191466","55191752","59","4813617"
"chr12","50578348","50578480","chr6","54983151","54983281","22","4404803"
"chr12","50589163","50589353","chr2","13072223","13072399","61","37516940"
"chr12","50652422","50652713","chr6","54910000","54910308","57","4257578"
"chr12","50821582","50821861","chrUn_GL288394","11721","12005","67","50809861"
"chr12","51072162","51072463","chr6","54497320","54497636","60","3425158"
"chr12","51241192","51241413","chr6","130315041","130315262","53","79073849"
"chr12","51312424","51312670","chr4","10829719","10829958","60","40482705"
"chr12","51587330","51587565","chr6","53990700","53990938","32","2403370"
"chr12","51594117","51594284","chr6","53984362","53984526","26","2390245"
"chr12","51712324","51712628","chr5","149870776","149871073","59","98158452"
"chr12","51717386","51717695","chr6","144452235","144452538","66","92734849"
"chr12","51731275","51731488","chr6","53852526","53852742","36","2121251"
"chr12","51998542","51998838","chr6","53633982","53634271","43","1635440"
"chr12","52034047","52034351","chr6","53595142","53595430","61","1561095"
"chr12","52409631","52409893","chr3","7951277","7951530","71","44458354"
"chr12","52532810","52533148","chr6","53098179","53098477","89","565369"
"chr12","52533354","52533540","chr9","9832952","9833145","41","42700402"
"chr12","52548425","52548591","chr13","28323804","28323965","39","24224621"
"chr12","52548618","52548734","chrX","62092627","62092742","16","9544009"
"chr12","52643275","52643553","chr16","52989778","52990054","59","346503"
"chr12","52717641","52717769","chr6","52914104","52914238","18","196463"
"chr12","52866446","52866568","chr2","126189940","126190062","20","73323494"
"chr12","53078064","53078363","chr6","52576160","52576471","54","501904"
"chr12","53307083","53307204","chr17","5989328","5989449","21","47317755"
"chr12","53321393","53321518","chr13","36431863","36431987","21","16889530"
"chr12","53516365","53516507","chr8","52470245","52470384","36","1046120"
"chr12","54137146","54137468","chr6","51507116","51507413","83","2630030"
"chr12","54204397","54204528","chr4","110937154","110937284","21","56732757"
"chr12","54837953","54838263","chr5","37895721","37896023","65","16942232"
"chr12","54864967","54865269","chr9","85312741","85313040","70","30447774"
"chr12","55274836","55275113","chr5","140984252","140984542","68","85709416"
"chr12","55276490","55276651","chr13","66738092","66738261","36","11461602"
"chr12","55310660","55310784","chr2","10899863","10899988","20","44410797"
"chr12","55318635","55318960","chr12","23553883","23554174","93","31764752"
"chr12","55423507","55423817","chr6","50202177","50202477","53","5221330"
"chr12","55464967","55465222","chr6","50157088","50157341","50","5307879"
"chr12","55559407","55559626","chr17","42900524","42900740","26","12658883"
"chr12","55664608","55664743","chr9","20099570","20099702","25","35565038"
"chr12","55697947","55698267","chr3","39544873","39545188","66","16153074"
"chr12","55716594","55716892","chr6","49876800","49877077","62","5839794"
"chr12","55719755","55719879","chr5","35534219","35534343","17","20185536"
"chr12","55757404","55757521","chr6","49835851","49835968","16","5921553"
"chr12","55832649","55832864","chr4","88074592","88074807","51","32241943"
"chr12","55853737","55854040","chr1","118797181","118797481","60","62943444"
"chr12","55959731","55959962","chr6","49637585","49637790","59","6322146"
"chr12","56069844","56070119","chr3","38467001","38467266","59","17602843"
"chr12","56085273","56085499","chr4","9009821","9010048","51","47075452"
"chr12","56163332","56163635","chr6","49356392","49356692","51","6806940"
"chr12","56308720","56309011","chr22","15273463","15273759","45","41035257"
"chr12","56366817","56367039","chr5","89264066","89264281","49","32897249"
"chr12","56413751","56413909","chr6","49105076","49105221","25","7308675"
"chr12","56426957","56427144","chr13","59196473","59196657","43","2769516"
"chr12","56427441","56427576","chr15","16123472","16123605","26","40303969"
"chr12","56456895","56457156","chr6","49059634","49059911","38","7397261"
"chr12","56475287","56475416","chr4","58596055","58596175","14","2120768"
"chr12","56488653","56488945","chr6","49031085","49031355","59","7457568"
"chr12","56493781","56494122","chr6","49025523","49025874","58","7468258"
"chr12","56496052","56496124","chr1","182701093","182701165","9","126205041"
"chr12","56539745","56540113","chrX","140632555","140632907","91","84092810"
"chr12","56562608","56562909","chr6","48969209","48969498","52","7593399"
"chr12","56571023","56571274","chr12","2261749","2261996","62","54309274"
"chr12","56629989","56630208","chr2","7924400","7924587","68","48705589"
"chr12","56630638","56630749","chr6","48902647","48902758","11","7727991"
"chr12","56707079","56707354","chr1","195167750","195168025","61","138460671"
"chr12","56789580","56789867","chr5","40743409","40743693","54","16046171"
"chr12","56833141","56833217","chr6","48715462","48715537","5","8117679"
"chr12","56877080","56877214","chr2","170813628","170813760","21","113936548"
"chr12","56901653","56901917","chr11","125952457","125952729","58","69050804"
"chr12","57013658","57013963","chr2","16689005","16689306","63","40324653"
"chr12","57073813","57074083","chr12","26700702","26700953","70","30373111"
"chr12","57304717","57304915","chr6","48248816","48249011","27","9055901"
"chr12","57356328","57356599","chr6","48201897","48202184","42","9154431"
"chr12","57464703","57464999","chr6","48085586","48085856","65","9379117"
"chr12","57468798","57468852","chr16","93869360","93869416","10","36400562"
"chr12","57592713","57593011","chr5","37914319","37914619","59","19678394"
"chr12","57665669","57665959","chr6","42074326","42074599","79","15591343"
"chr12","57691124","57691437","chr6","47870801","47871105","53","9820323"
"chr12","57796152","57796442","chr6","47802440","47802740","48","9993712"
"chr12","57806768","57807053","chr6","47792152","47792452","57","10014616"
"chr12","57821338","57821673","chr6","47777405","47777700","70","10043933"
"chr12","57909254","57909537","chr22","3461268","3461562","68","54447986"
"chr12","57936023","57936144","chr12","84758938","84759058","21","26822915"
"chr12","57955428","57955713","chr5","87129552","87129831","69","29174124"
"chr12","58020841","58020967","chr6","47590412","47590534","15","10430429"
"chr12","58157320","58157626","chr5","1847951","1848254","67","56309369"
"chr12","58197794","58197898","chr4","88494059","88494169","27","30296265"
"chr12","58215717","58216018","chr6","47393755","47394049","41","10821962"
"chr12","58247633","58247954","chr6","47357136","47357423","62","10890497"
"chr12","58253705","58253817","chr11","111084407","111084517","19","52830702"
"chr12","58282963","58283241","chr6","47320750","47321033","43","10962213"
"chr12","58305970","58306297","chr6","47295050","47295355","65","11010920"
"chr12","58340522","58340866","chr3","148408684","148409008","75","90068162"
"chr12","58393388","58393687","chr11","113631741","113632052","70","55238353"
"chr12","58406519","58406790","chr6","47188330","47188605","35","11218189"
"chr12","58417327","58417623","chr11","22475002","22475290","77","35942325"
"chr12","58421432","58421733","chr6","47171678","47171984","55","11249754"
"chr12","58495663","58495792","chr1","74671369","74671502","22","16175706"
"chr12","58689681","58689969","chr11","61214278","61214568","60","2524597"
"chr12","58708170","58708446","chr6","46848686","46848955","58","11859484"
"chr12","58799559","58799686","chr22","15163655","15163780","24","43635904"
"chr12","58814242","58814547","chr22","31352205","31352514","59","27462037"
"chr12","58820156","58820474","chr2","55200270","55200573","72","3619886"
"chr12","58864749","58865057","chr1","194015120","194015405","76","135150371"
"chr12","58900990","58901282","chr16","46255187","46255478","52","12645803"
"chr12","58935772","58936051","chr6","46625328","46625610","38","12310444"
"chr12","58948142","58948448","chr6","46611312","46611602","48","12336830"
"chr12","58976959","58977238","chr6","46578841","46579115","42","12398118"
"chr12","58983986","58984253","chr5","5290409","5290679","61","53693577"
"chr12","59006334","59006624","chr6","46539356","46539653","47","12466978"
"chr12","59035229","59035508","chr7","47467453","47467742","61","11567776"
"chr12","59036172","59036251","chr7","78692078","78692157","13","19655906"
"chr12","59067617","59067902","chr6","46496433","46496720","40","12571184"
"chr12","59085287","59085586","chr6","46477821","46478119","36","12607466"
"chr12","59133217","59133517","chr6","46430523","46430811","40","12702694"
"chr12","59153770","59154050","chr6","46413240","46413551","58","12740530"
"chr12","59162524","59162645","chr10","100549001","100549125","20","41386477"
"chr12","59199983","59200256","chr4","21602892","21603183","66","37597091"
"chr12","59206797","59207105","chr9","107213490","107213791","68","48006693"
"chr12","59328597","59328853","chrX","51992138","51992393","60","7336459"
"chr12","59329510","59329766","chr6","46221305","46221551","56","13108205"
"chr12","59375177","59375481","chr12","87539499","87539795","66","28164322"
"chr12","59391358","59391641","chr10","117514831","117515113","60","58123473"
"chr12","59517109","59517393","chr6","46040522","46040804","62","13476587"
"chr12","59518433","59518699","chr6","46039182","46039448","21","13479251"
"chr12","59577423","59577711","chr6","45951823","45952121","44","13625600"
"chr12","59602777","59603104","chr6","45927564","45927865","54","13675213"
"chr12","59611422","59611702","chr14","87805301","87805582","57","28193879"
"chr12","59613446","59613755","chr7","129074421","129074722","66","69460975"
"chr12","59656962","59657119","chr12","44663418","44663555","43","14993544"
"chr12","59761340","59761628","chr9","53523121","53523415","58","6238219"
"chr12","60231742","60231956","chr6","45266154","45266373","32","14965588"
"chr12","60332482","60332607","chr15","84553751","84553875","20","24221269"
"chr12","60361382","60361682","chr6","45122447","45122743","46","15238935"
"chr12","60375312","60375448","chr7","136788134","136788270","19","76412822"
"chr12","60415007","60415204","chr6","45068485","45068682","26","15346522"
"chr12","60544307","60544600","chr9","121845233","121845526","54","61300926"
"chr12","60733780","60734093","chr7","151690932","151691249","62","90957152"
"chr12","60810202","60810220","chr5","3024247","3024263","5","57785955"
"chr12","60810252","60810545","chr2","127057003","127057288","58","66246751"
"chr12","60882219","60882531","chr6","44592024","44592314","48","16290195"
"chr12","60925266","60925388","chr22","32177661","32177777","27","28747605"
"chr12","60925435","60925581","chr13","12424296","12424436","32","48501139"
"chr12","60930339","60930461","chr1","81378006","81378132","21","20447667"
"chr12","60937675","60937943","chr5","53014207","53014467","66","7923468"
"chr12","60946717","60946850","chr12","7280072","7280202","21","53666645"
"chr12","60987008","60987291","chr6","44478592","44478896","56","16508416"
"chr12","61025396","61025692","chr2","68151648","68151944","71","7126252"
"chr12","61074628","61074955","chr6","44388541","44388837","67","16686087"
"chr12","61078828","61078946","chr6","44384630","44384744","20","16694198"
"chr12","61151537","61151821","chr9","25525605","25525887","65","35625932"
"chr12","61162297","61162590","chrUn_GL286409","290667","290955","67","60871630"
"chr12","61222669","61222855","chr2","129885077","129885255","54","68662408"
"chr12","61222905","61223075","chr5","5199099","5199265","37","56023806"
"chr12","61225534","61225709","chr10","99609234","99609397","35","38383700"
"chr12","61225737","61225849","chr5","37622583","37622699","22","23603154"
"chr12","61272093","61272390","chr6","44187862","44188176","59","17084231"
"chr12","61282692","61282931","chr6","44177220","44177461","24","17105472"
"chr12","61286956","61287249","chr6","44173055","44173356","50","17113901"
"chr12","61389507","61389799","chr10","20352331","20352619","51","41037176"
"chr12","61416956","61417238","chr6","44019768","44020031","46","17397188"
"chr12","61453000","61453278","chr11","120608722","120609012","59","59155722"
"chr12","61473060","61473362","chr6","43971722","43972014","44","17501338"
"chr12","61490027","61490339","chr6","43953909","43954212","41","17536118"
"chr12","61583583","61583693","chr1","154024288","154024398","24","92440705"
"chr12","61610934","61611170","chr6","43825098","43825334","29","17785836"
"chr12","61611624","61611925","chr11","110207708","110208007","69","48596084"
"chr12","61653530","61653662","chr16","46329569","46329700","17","15323961"
"chr12","61656774","61657058","chr6","43776990","43777266","42","17879784"
"chr12","61735036","61735354","chr6","43695201","43695501","55","18039835"
"chr12","61749431","61749554","chr22","33761184","33761316","21","27988247"
"chr12","61872064","61872368","chr22","12435150","12435452","60","49436914"
"chr12","61906307","61906599","chr9","84226861","84227152","85","22320554"
"chr12","61931624","61931815","chr1","173411736","173411920","42","111480112"
"chr12","61932360","61932471","chr5","110065425","110065541","21","48133065"
"chr12","61940796","61941093","chr6","43485727","43486022","38","18455069"
"chr12","62001211","62001245","chr18","5534181","5534206","10","56467030"
"chr12","62001853","62002007","chr7","10082686","10082827","40","51919167"
"chr12","62095456","62095712","chr5","53014207","53014467","68","9081249"
"chr12","62116370","62116663","chr20","21046458","21046749","63","41069912"
"chr12","62139808","62140099","chr10","47254925","47255223","73","14884883"
"chr12","62144479","62144729","chr2","82361078","82361336","66","20216599"
"chr12","62250222","62250353","chr11","65528037","65528159","26","3277815"
"chr12","62267382","62267511","chr6","43173799","43173932","15","19093583"
"chr12","62886492","62886775","chr4","107594003","107594286","57","44707511"
"chr12","62887152","62887456","chr2","11926077","11926381","61","50961075"
"chr12","63222942","63223123","chr6","42136011","42136172","35","21086931"
"chr12","63228307","63228618","chr6","42130299","42130617","47","21098008"
"chr12","63232015","63232155","chr17","40243208","40243346","37","22988807"
"chr12","63253418","63253692","chr6","42111483","42111732","51","21141935"
"chr12","63673933","63674224","chr6","41670475","41670792","59","22003458"
"chr12","63690137","63690324","chr6","41655130","41655305","34","22035007"
"chr12","63756447","63756730","chr6","41585784","41586067","45","22170663"
"chr12","64160969","64161266","chr6","41182285","41182589","47","22978684"
"chr12","64165448","64165621","chr6","41174730","41174894","45","22990718"
"chr12","64277665","64277957","chr22","3981659","3981942","57","60296006"
"chr12","64332204","64332487","chr8","851484","851779","65","63480720"
"chr12","64404624","64404912","chr6","40467841","40468129","34","23936783"
"chr12","64451210","64451373","chr7","60387722","60387884","35","4063488"
"chr12","64451408","64451527","chr7","74897348","74897465","26","10445940"
"chr12","64571752","64572058","chr6","40313019","40313321","51","24258733"
"chr12","64575321","64575614","chr6","40311228","40311521","47","24264093"
"chr12","64580672","64581004","chr10","98604594","98604920","83","34023922"
"chr12","65101848","65102130","chrX","27252469","27252755","58","37849379"
"chr12","65233036","65233343","chr7","25212122","25212421","79","40020914"
"chr12","65258472","65258599","chr14","1043718","1043850","21","64214754"
"chr12","65281272","65281375","chr7","20200683","20200783","22","45080589"
"chr12","65289584","65289896","chr5","95665912","95666217","67","30376328"
"chr12","65314391","65314633","chr10","55371038","55371294","67","9943353"
"chr12","65333111","65333417","chr6","40028174","40028467","44","25304937"
"chr12","65760287","65760584","chr10","93110088","93110390","59","27349801"
"chr12","65951407","65951596","chr6","39435604","39435784","33","26515803"
"chr12","65951897","65952020","chr10","29633125","29633240","30","36318772"
"chr12","65968594","65968952","chr9","102262325","102262646","96","36293731"
"chr12","66175559","66175854","chr4","110385446","110385743","73","44209887"
"chr12","66222098","66222410","chr8","116561170","116561472","79","50339072"
"chr12","66239604","66239730","chr1","172253068","172253194","29","106013464"
"chr12","66309525","66309836","chr5","131527086","131527390","60","65217561"
"chr12","66401085","66401221","chr5","90819875","90820001","40","24418790"
"chr12","66682296","66682580","chr6","38728393","38728685","38","27953903"
"chr12","66783026","66783322","chr6","38640680","38640972","49","28142346"
"chr12","66979069","66979368","chr10","102125593","102125891","57","35146524"
"chr12","67332243","67332390","chr6","38197995","38198154","33","29134248"
"chr12","68038415","68038539","chr14","37256066","37256187","18","30782349"
"chr12","68061105","68061247","chr4","17998578","17998708","30","50062527"
"chr12","68287737","68287960","chr9","20904317","20904539","68","47383420"
"chr12","68501404","68501648","chr9","86438055","86438312","65","17936651"
"chr12","68563914","68564212","chr6","37001789","37002088","41","31562125"
"chr12","68854014","68854297","chr20","4056936","4057213","66","64797078"
"chr12","69003023","69003315","chr6","36596920","36597212","46","32406103"
"chr12","69013243","69013490","chrX","23420940","23421181","67","45592303"
"chr12","69230011","69230312","chr6","36377995","36378288","36","32852016"
"chr12","69464656","69464910","chr8","4141665","4141912","58","65322991"
"chr12","69773414","69773557","chr21","43263496","43263632","29","26509918"
"chr12","69773839","69774025","chr2","137457226","137457395","51","67683387"
"chr12","70037279","70037574","chr6","35568939","35569230","36","34468340"
"chr12","70118945","70119247","chr6","35479190","35479485","47","34639755"
"chr12","70121222","70121344","chr6","35477038","35477160","14","34644184"
"chr12","70156263","70156578","chr6","35446096","35446422","44","34710167"
"chr12","70170773","70171088","chr9","66444598","66444909","62","3726175"
"chr12","70211937","70211992","chr4","15640304","15640363","12","54571633"
"chr12","70212563","70212685","chr6","35400273","35400389","17","34812290"
"chr12","70230033","70230100","chr5","79180645","79180712","10","8950612"
"chr12","70319296","70319402","chr6","35305509","35305616","25","35013787"
"chr12","70793987","70794295","chrX","23133467","23133773","56","47660520"
"chr12","70876278","70876593","chr1","182040135","182040453","78","111163857"
"chr12","70939876","70940162","chr12","48712370","48712665","65","22227506"
"chr12","71087329","71087627","chr22","33624847","33625140","67","37462482"
"chr12","71329068","71329220","chr13","92331295","92331447","40","21002227"
"chr12","71329253","71329353","chr8","86054019","86054122","22","14724766"
"chr12","71759346","71759553","chr10","83145073","83145277","59","11385727"
"chr12","72015057","72015182","chr17","18697273","18697397","17","53317784"
"chr12","72202955","72203092","chr1","157999498","157999632","25","85796543"
"chr12","72263273","72263584","chrX","18982709","18983018","72","53280564"
"chr12","72903372","72903506","chrX","95382197","95382328","22","22478825"
"chr12","73225944","73226215","chr7","80244208","80244485","80","7018264"
"chr12","73303594","73303867","chrX","17832431","17832705","62","55471163"
"chr12","73351437","73351748","chr9","100439785","100440095","71","27088348"
"chr12","73454658","73454857","chr7","38089781","38089980","53","35364877"
"chr12","73473010","73473131","chr12","22028529","22028650","20","51444481"
"chr12","73711915","73712214","chr15","61218731","61219028","62","12493184"
"chr12","73794578","73794902","chr9","108013255","108013558","85","34218677"
"chr12","73799306","73799435","chr6","101577413","101577542","17","27778107"
"chr12","73840800","73840927","chr7","80248444","80248569","27","6407644"
"chr12","73893365","73893611","chr10","125809106","125809320","76","51915741"
"chr12","73925686","73925962","chr6","101703435","101703709","30","27777749"
"chr12","73989522","73989755","chr2","15997374","15997596","72","57992148"
"chr12","74158621","74158935","chr11","66877535","66877842","62","7281086"
"chr12","74284182","74284454","chr15","75255522","75255795","67","971340"
"chr12","74290694","74290748","chrUn_GL286239","82851","82903","3","74207843"
"chr12","74354280","74354580","chr12","21140767","21141078","73","53213513"
"chr12","74836802","74837058","chr12","83721463","83721729","64","8884661"
"chr12","75113215","75113338","chrX","120496137","120496262","22","45382922"
"chr12","75621693","75622006","chr12","21140767","21141078","82","54480926"
"chr12","75746469","75746597","chr10","127442757","127442877","25","51696288"
"chr12","76813138","76813422","chr7","11136421","11136704","58","65676717"
"chr12","76857281","76857579","chr15","72518938","72519246","65","4338343"
"chr12","77124598","77124840","chr6","102927294","102927523","49","25802696"
"chr12","77151477","77151768","chrX","46290180","46290472","57","30861297"
"chr12","77419640","77419890","chr9","51365529","51365777","59","26054111"
"chr12","77917675","77917797","chr6","115121226","115121350","23","37203551"
"chr12","78088275","78088559","chr6","105743880","105744165","37","27655605"
"chr12","78163836","78164133","chr6","105809629","105809924","49","27645793"
"chr12","78164352","78164485","chr6","105810146","105810280","19","27645794"
"chr12","78259410","78259707","chr2","57529273","57529579","69","20730137"
"chr12","78356115","78356384","chr6","106022646","106022909","33","27666531"
"chr12","78659037","78659349","chr3","33258815","33259122","56","45400222"
"chr12","78680151","78680444","chr6","106257945","106258245","49","27577794"
"chr12","78775093","78775227","chr11","7707261","7707392","25","71067832"
"chr12","78864540","78864817","chr2","12904736","12905021","68","65959804"
"chr12","79185405","79185705","chr6","106867809","106868106","38","27682404"
"chr12","79279375","79279555","chr12","33261650","33261815","50","46017725"
"chr12","79305069","79305364","chr14","88419272","88419572","65","9114203"
"chr12","80150235","80150361","chr6","107745501","107745620","21","27595266"
"chr12","80337901","80338202","chr6","107994105","107994402","64","27656204"
"chr12","80391360","80391697","chr6","108049117","108049438","67","27657757"
"chr12","80579136","80579278","chr1","14294163","14294293","40","66284973"
"chr12","80896517","80896801","chr11","14363524","14363805","79","66532993"
"chr12","81152627","81152748","chr9","65816955","65817079","17","15335672"
"chr12","81186021","81186254","chr6","115156656","115156880","39","33970635"
"chr12","81227475","81227598","chr12","22028529","22028650","17","59198946"
"chr12","81246133","81246245","chr6","115217866","115217980","16","33971733"
"chr12","81252723","81252894","chrX","40367359","40367536","48","40885364"
"chr12","81270822","81271090","chr6","115241394","115241656","49","33970572"
"chr12","81271539","81271805","chr6","115242085","115242360","35","33970546"
"chr12","81340403","81340693","chr2","56969336","56969629","50","24371067"
"chr12","81418285","81418580","chrX","40275096","40275395","56","41143189"
"chr12","81468158","81468437","chr5","1427358","1427630","68","80040800"
"chr12","81717778","81718043","chr6","115705048","115705316","39","33987270"
"chr12","81810309","81810599","chr14","36457155","36457448","68","45353154"
"chr12","81966473","81966727","chr5","45329384","45329629","70","36637089"
"chr12","82138445","82138695","chr6","116158732","116158982","28","34020287"
"chr12","82150068","82150327","chr6","116169781","116170065","67","34019713"
"chr12","82154459","82154650","chr1","165270882","165271074","33","83116423"
"chr12","82231758","82232059","chr3","153009060","153009353","71","70777302"
"chr12","82306785","82307067","chr14","82325633","82325925","64","18848"
"chr12","82321041","82321310","chr13","36056001","36056281","68","46265040"
"chr12","82377522","82377655","chr1","102188482","102188614","21","19810960"
"chr12","82415679","82415961","chr6","45141091","45141376","56","37274588"
"chr12","82424284","82424408","chr17","18697273","18697397","20","63727011"
"chr12","82454878","82455121","chr6","116474424","116474651","47","34019546"
"chr12","82491154","82491212","chr6","116513794","116513858","13","34022640"
"chr12","82524463","82524758","chr6","116541948","116542223","63","34017485"
"chr12","82572891","82573194","chr14","99094248","99094547","62","16521357"
"chr12","82578714","82579005","chr6","116595040","116595326","38","34016326"
"chr12","82585149","82585433","chr6","116595040","116595326","64","34009891"
"chr12","82629285","82629407","chr6","112341343","112341464","18","29712058"
"chr12","82637209","82637509","chr6","116646407","116646718","39","34009198"
"chr12","82667992","82668285","chr6","116673477","116673772","47","34005485"
"chr12","82692620","82692932","chr7","4573193","4573497","56","78119427"
"chr12","82702294","82702418","chr13","36431863","36431987","19","46270431"
"chr12","82863290","82863580","chr6","116846761","116847043","43","33983471"
"chr12","83098672","83098845","chr6","117113780","117113939","34","34015108"
"chr12","83270539","83270853","chr6","117308252","117308560","29","34037713"
"chr12","83273284","83273579","chr6","117311097","117311394","61","34037813"
"chr12","83357748","83357898","chr1","106665366","106665523","36","23307618"
"chr12","83384024","83384154","chr6","117421484","117421614","13","34037460"
"chr12","83403257","83403363","chrX","111909956","111910060","17","28506699"
"chr12","83505833","83506021","chr8","25283491","25283668","49","58222342"
"chr12","83506048","83506168","chr1","98118308","98118430","22","14612260"
"chr12","83581971","83582267","chr9","53523121","53523415","52","30058850"
"chr12","83640072","83640202","chr12","4492687","4492817","22","79147385"
"chr12","83640659","83640964","chr6","117681985","117682275","52","34041326"
"chr12","83663624","83663907","chr6","117705099","117705381","34","34041475"
"chr12","83843403","83843530","chr11","35268620","35268744","21","48574783"
"chr12","83860504","83860759","chr5","39864470","39864710","76","43996034"
"chr12","83908929","83909201","chrX","1818606","1818879","70","82090323"
"chr12","83914427","83914723","chr3","149104058","149104353","51","65189631"
"chr12","83942426","83942677","chrX","7907915","7908188","74","76034511"
"chr12","84011785","84011920","chr16","46329569","46329700","24","37682216"
"chr12","84019841","84020189","chr7","151690932","151691249","90","67671091"
"chr12","84032808","84033109","chr6","118029378","118029683","50","33996570"
"chr12","84052484","84052596","chr6","118040865","118040991","26","33988381"
"chr12","84060984","84061251","chr22","9502976","9503239","63","74558008"
"chr12","84148904","84149209","chr22","34009301","34009611","64","50139603"
"chr12","84155741","84156034","chr17","64416945","64417235","57","19738796"
"chr12","84165755","84165887","chr9","56024635","56024765","25","28141120"
"chr12","84223682","84223905","chr6","118209665","118209892","51","33985983"
"chr12","84232365","84232657","chr7","493374","493666","55","83738991"
"chr12","84416486","84416661","chr15","24412527","24412698","43","60003959"
"chr12","84416965","84417108","chr17","73250584","73250724","27","11166381"
"chr12","84438105","84438222","chr8","95835043","95835158","23","11396938"
"chr12","84547893","84547968","chr6","118458263","118458338","10","33910370"
"chr12","84550898","84551023","chr9","65816955","65817079","21","18733943"
"chr12","84608402","84608683","chr6","118507780","118508061","54","33899378"
"chr12","84639166","84639467","chr1","192658680","192658985","53","108019514"
"chr12","84718463","84718710","chr6","118630257","118630504","33","33911794"
"chr12","84734145","84734449","chr1","194015120","194015405","81","109280975"
"chr12","84798517","84798759","chr5","113636296","113636535","63","28837779"
"chr12","84885701","84886023","chr6","118807563","118807861","62","33921862"
"chr12","84892590","84892718","chr2","170813628","170813760","16","85921038"
"chr12","84898358","84898631","chr9","57978613","57978890","62","26919745"
"chr12","84915644","84915951","chr2","138027451","138027756","64","53111807"
"chr12","84920208","84920516","chr6","119006118","119006426","58","34085910"
"chr12","84925387","84925687","chr7","130806116","130806410","65","45880729"
"chr12","84939868","84940140","chr6","119022935","119023199","42","34083067"
"chr12","84958303","84958595","chr6","119041839","119042119","53","34083536"
"chr12","84973088","84973208","chr17","18697273","18697397","16","66275815"
"chr12","85035652","85035826","chr8","76414677","76414850","45","8620975"
"chr12","85036118","85036244","chr2","170813628","170813760","27","85777510"
"chr12","85050472","85050782","chr6","119136642","119136960","46","34086170"
"chr12","85066818","85067016","chr20","35956324","35956549","56","49110494"
"chr12","85192907","85193033","chr5","31753831","31753955","20","53439076"
"chr12","85255533","85255836","chr5","9363783","9364082","63","75891750"
"chr12","85418079","85418202","chr2","8694044","8694161","23","76724035"
"chr12","85433827","85434023","chr6","119517926","119518110","33","34084099"
"chr12","85590929","85591205","chr6","119685430","119685708","26","34094501"
"chr12","85846841","85847141","chr4","39327189","39327482","57","46519652"
"chr12","86138076","86138382","chr6","120265471","120265786","49","34127395"
"chr12","86495163","86495287","chrUn_GL286397","117322","117446","19","86377841"
"chr12","86588757","86588932","chr7","6940600","6940771","35","79648157"
"chr12","86691622","86691929","chr14","80754932","80755229","57","5936690"
"chr12","87042012","87042117","chr7","19267914","19268024","21","67774098"
"chr12","87042386","87042515","chr1","210068563","210068683","40","123026177"
"chr12","87374722","87374992","chr6","121523736","121524006","35","34149014"
"chr12","87640125","87640248","chr6","121798211","121798338","13","34158086"
"chr12","87664806","87665098","chr1","54721846","54722122","72","32942960"
"chr12","87723721","87724021","chr6","121884787","121885093","43","34161066"
"chr12","87730316","87730592","chr4","110585275","110585558","82","22854959"
"chr12","87750141","87750251","chr13","7996055","7996163","22","79754086"
"chr12","87770039","87770099","chr1","208841798","208841858","10","121071759"
"chr12","87832036","87832171","chr13","40267018","40267150","27","47565018"
"chr12","87837762","87837891","chrX","93172718","93172845","26","5334956"
"chr12","87850281","87850404","chr7","72033791","72033913","24","15816490"
"chr12","87894383","87894451","chr6","122063090","122063157","8","34168707"
"chr12","88170669","88170987","chr20","20554088","20554395","62","67616581"
"chr12","88298408","88298535","chrUn_GL286397","117322","117446","20","88181086"
"chr12","88486176","88486474","chr6","57949636","57949925","61","30536540"
"chr12","88545431","88545714","chr6","122684749","122685023","37","34139318"
"chr12","88620657","88620790","chrX","106469400","106469531","26","17848743"
"chr12","89228062","89228364","chr6","123411712","123412010","45","34183650"
"chr12","89432600","89432790","chr17","54825565","54825752","47","34607035"
"chr12","89483796","89484091","chr5","31916386","31916672","67","57567410"
"chr12","89546293","89546591","chr10","94610637","94610936","51","5064344"
"chr12","89588305","89588429","chr1","193439148","193439272","19","103850843"
"chr12","89647719","89648019","chr6","123848348","123848647","39","34200629"
"chr12","89692528","89692668","chr7","10082686","10082827","28","79609842"
"chr12","89692984","89693174","chr10","126259446","126259620","37","36566462"
"chr12","89758925","89759163","chr10","128285533","128285765","61","38526608"
"chr12","89780862","89781163","chr6","123993005","123993318","46","34212143"
"chr12","89813408","89813711","chr6","124026035","124026337","35","34212627"
"chr12","89855380","89855661","chr2","20509241","20509527","67","69346139"
"chr12","89861020","89861142","chr6","124071187","124071312","14","34210167"
"chr12","89882419","89882571","chr10","69617874","69618027","31","20264545"
"chr12","89889288","89889582","chr1","150763613","150763909","63","60874325"
"chr12","89896066","89896184","chr7","74897348","74897465","23","14998718"
"chr12","89964750","89964865","chr12","49252400","49252505","33","40712350"
"chr12","89990060","89990343","chr1","92174125","92174415","59","2184065"
"chr12","89999552","89999720","chr9","109217985","109218154","39","19218433"
"chr12","90776313","90776508","chr5","109692544","109692734","45","18916231"
"chr12","90916820","90917118","chrX","40275096","40275395","73","50641724"
"chr12","91085924","91086241","chr6","125543911","125544212","58","34457987"
"chr12","91160400","91160595","chr6","125613046","125613246","27","34452646"
"chr12","91191005","91191293","chrX","40344177","40344457","60","50846828"
"chr12","91314646","91314714","chr1","107967310","107967377","10","16652664"
"chr12","91609736","91610051","chr3","39544873","39545188","64","52064863"
"chr12","91629603","91629790","chr3","48173821","48174007","34","43455782"
"chr12","91674237","91674374","chr10","6048134","6048279","33","85626103"
"chr12","91674400","91674526","chr5","76869109","76869234","25","14805291"
"chr12","91679079","91679369","chr6","126155256","126155555","62","34476177"
"chr12","91698169","91698416","chr8","108033738","108033985","51","16335569"
"chr12","91713832","91714088","chr5","8891819","8892073","58","82822013"
"chr12","91744741","91745000","chr6","126219948","126220206","50","34475207"
"chr12","91802888","91803186","chr7","146032756","146033053","66","54229868"
"chr12","91852309","91852560","chr14","51513967","51514221","59","40338342"
"chr12","91859003","91859304","chr6","126346036","126346333","49","34487033"
"chr12","91862409","91862633","chr1","170420690","170420904","49","78558281"
"chr12","91919009","91919304","chr6","126426880","126427154","52","34507871"
"chr12","91960536","91960739","chr18","32944587","32944791","51","59015949"
"chr12","92026562","92026829","chr2","67295746","67295991","72","24730816"
"chr12","92232354","92232658","chr6","126708124","126708434","56","34475770"
"chr12","92875353","92875473","chr5","44635707","44635823","22","48239646"
"chr12","92875545","92875682","chr6","86891654","86891792","37","5983891"
"chr12","92923735","92923861","chr5","73965424","73965553","23","18958311"
"chr12","93051006","93051260","chr2","9401448","9401714","66","83649558"
"chr12","93428007","93428320","chr7","102737494","102737807","67","9309487"
"chr12","93731646","93731946","chr7","59384217","59384511","76","34347429"
"chr12","93864649","93864773","chr6","128249303","128249422","19","34384654"
"chr12","93914552","93914856","chr5","37895721","37896023","67","56018831"
"chr12","93955556","93955831","chr6","128353545","128353833","56","34397989"
"chr12","93993242","93993522","chr22","12527633","12527923","70","81465609"
"chr12","94088313","94088586","chr6","128480015","128480292","44","34391702"
"chr12","94109853","94110043","chr6","128501654","128501834","42","34391801"
"chr12","94219936","94220113","chr6","147621690","147621871","37","53401754"
"chr12","94449086","94449344","chr12","54716085","54716348","65","39733001"
"chr12","94457461","94457747","chr5","81817076","81817364","57","12640385"
"chr12","94515001","94515155","chr6","128839254","128839408","17","34324253"
"chr12","94986960","94987256","chr6","129260485","129260797","69","34273525"
"chr12","95405731","95405881","chr13","99496100","99496245","41","4090369"
"chr12","95405913","95406032","chrX","52248071","52248191","27","43157842"
"chr12","95486003","95486106","chr1","201164841","201164942","21","105678838"
"chr12","95757746","95757992","chr6","130143077","130143321","56","34385331"
"chr12","95831686","95831999","chr15","32840949","32841254","68","62990737"
"chr12","96825629","96825722","chr3","142820400","142820497","18","45994771"
"chr12","96826108","96826316","chr5","68899965","68900185","62","27926143"
"chr12","96957127","96957384","chr12","112748700","112748949","62","15791573"
"chr12","97054657","97054949","chr6","131403454","131403769","74","34348797"
"chr12","97073437","97073735","chr20","38136382","38136686","67","58937055"
"chr12","97295260","97295554","chr4","160585765","160586050","62","63290505"
"chr12","97641478","97641784","chr7","32363417","32363723","64","65278061"
"chr12","97795238","97795542","chrX","48297259","48297562","60","49497979"
"chr12","97948825","97949108","chr6","132274417","132274680","51","34325592"
"chr12","97999482","97999774","chr1","198410057","198410349","48","100410575"
"chr12","98092967","98093259","chr1","171173294","171173582","64","73080327"
"chr12","98093613","98093762","chr18","14647029","14647180","35","83446584"
"chr12","98190995","98191282","chr6","132482292","132482582","45","34291297"
"chr12","98246230","98246467","chr6","132538286","132538521","57","34292056"
"chr12","98308772","98309059","chr10","116448593","116448874","64","18139821"
"chr12","98431621","98431749","chr5","35534219","35534343","22","62897402"
"chr12","98440303","98440434","chr4","44463564","44463694","21","53976739"
"chr12","98462398","98462656","chr6","132746407","132746657","33","34284009"
"chr12","98498731","98499031","chr11","14374746","14375047","58","84123985"
"chr12","98512400","98512541","chr10","7285258","7285397","23","91227142"
"chr12","98546171","98546477","chr1","96846672","96846981","62","1699499"
"chr12","98592943","98593227","chr6","132873754","132874039","29","34280811"
"chr12","98628940","98629088","chr10","58858956","58859107","27","39769984"
"chr12","98647771","98648081","chr6","132933234","132933533","72","34285463"
"chr12","98733220","98733525","chr12","98692241","98692535","66","40979"
"chr12","98841595","98841735","chr10","88773992","88774133","24","10067603"
"chr12","98862368","98862693","chr6","133152821","133153136","62","34290453"
"chr12","98910252","98910475","chr12","97941585","97941814","45","968667"
"chr12","98911811","98912099","chr5","121237736","121238019","56","22325925"
"chr12","99022162","99022441","chr6","133301180","133301482","52","34279018"
"chr12","99515833","99516129","chr3","149104058","149104353","73","49588225"
"chr12","99966483","99966772","chr6","134289282","134289575","37","34322799"
"chr12","100172997","100173109","chr6","134458814","134458922","17","34285817"
"chr12","100294964","100295281","chr6","134566177","134566478","40","34271213"
"chr12","100386331","100386518","chr1","140829989","140830173","49","40443658"
"chr12","100391264","100391465","chrX","95596924","95597125","35","4794340"
"chr12","100398243","100398547","chr22","15273463","15273759","71","85124780"
"chr12","100432925","100433054","chr17","18697273","18697397","20","81735652"
"chr12","100437350","100437593","chr1","13321179","13321409","57","87116171"
"chr12","100477454","100477762","chr6","116646407","116646718","65","16168953"
"chr12","100482341","100482648","chr6","134750536","134750815","69","34268195"
"chr12","100494596","100494713","chrX","28579131","28579255","28","71915465"
"chr12","100495026","100495199","chr10","126259446","126259620","35","25764420"
"chr12","100497165","100497294","chr6","134766266","134766396","11","34269101"
"chr12","100498639","100498911","chr4","105909741","105910020","59","5411102"
"chr12","100534758","100534944","chr12","75187675","75187858","42","25347083"
"chr12","100555319","100555654","chr7","32363417","32363723","97","68191902"
"chr12","100580759","100581046","chr11","61214278","61214568","64","39366481"
"chr12","100602501","100602620","chr10","84743978","84744096","17","15858523"
"chr12","100642955","100643074","chr12","12649121","12649243","24","87993834"
"chr12","100719699","100719819","chr22","4565834","4565943","35","96153865"
"chr12","100739323","100739531","chr7","73648794","73649004","43","27090529"
"chr12","100768179","100768473","chr2","56969336","56969629","60","43798843"
"chr12","100843077","100843292","chr6","135093980","135094183","35","34250903"
"chr12","100880639","100880773","chr6","135131674","135131804","21","34251035"
"chr12","100907536","100907837","chr6","135155305","135155602","45","34247769"
"chr12","101025257","101025425","chr19","25322640","25322803","44","75702617"
"chr12","101025458","101025581","chr10","36247401","36247517","21","64778057"
"chr12","101078685","101078960","chr1","102673068","102673358","61","1594383"
"chr12","101129520","101129845","chr6","135381101","135381427","26","34251581"
"chr12","101195746","101196043","chr10","99156337","99156635","91","2039409"
"chr12","101203055","101203262","chr5","6447228","6447428","47","94755827"
"chr12","101263958","101264085","chr9","86490995","86491113","27","14772963"
"chr12","101280563","101280697","chr1","65182737","65182869","20","36097826"
"chr12","101398572","101398872","chr6","135670099","135670410","42","34271527"
"chr12","101404279","101404396","chrUn_GL286217","106113","106229","21","101298166"
"chr12","101451221","101451382","chr2","144690776","144690943","38","43239555"
"chr12","101482270","101482533","chr5","75993600","75993860","60","25488670"
"chr12","101487481","101487616","chr4","34862872","34863004","29","66624609"
"chr12","101532324","101532627","chr6","135816805","135817108","43","34284481"
"chr12","101537974","101538150","chr6","135822709","135822872","30","34284735"
"chr12","101538151","101538462","chr6","135822873","135823175","59","34284722"
"chr12","101553236","101553379","chrUn_GL286439","53125","53271","38","101500111"
"chr12","101553676","101553878","chr1","202799809","202800001","57","101246133"
"chr12","101587540","101587804","chr6","135874071","135874322","38","34286531"
"chr12","101698396","101698694","chr6","135995041","135995337","45","34296645"
"chr12","101785242","101785371","chr6","136066782","136066911","19","34281540"
"chr12","101803625","101803931","chr7","10005546","10005847","59","91798079"
