"chr1","184549170","184549443","JH378181","1956880","1957180","53","182592290","GGCCGGATGCAGTGACTCATGCCTGTAATCCCAACACTTTGGGAGGCTGAGGCAGGTGGATCACGAGGTCATCAGTTTGAGACCAGCCTGGTGAAACCCTGTCTCTAGTAAAAATACAAAAATTAGCTGCCTGTAATCCCAGCTACTTGGGAGACTGAGGCGGGAGAATTGCTTGAAACTGGAAGGCGGAGGTTGCAGTGAGCCGAGATCGCACCACTGCACTCTAGCCTGGGCAACAAGAGTGAAACTCTGTCTAAAAAAAAAAAAAAAAGAA","GGCCAGGCATGATGACTCATGCCTGCAATCCCAACACTTTGGGAGGCTGAGGCAGGTGGATCACGAGGTCAGGAGTTCGAGACCAGCCTGGCCAATATAGTGAAACGCTGTCTCTACTAAAAATACAAAAATTAGCCAGGTGTGGTGGCAATTGCCTGTAATCCCAGCTACTCAGGAGACTGAGGCAGGAGAATCGCTTATAACTGAAAGGCGGATGTTGCAGTGTGCCGAGATCGCACCATTGCACTCCAGCCTGGACAACAAGAGCGAAACTCTGTCTCAAAACAAAAACAAAACAAAA"
"chr1","52297691","52297854","JH378288","2223220","2223408","53","50074471","TCTCCCCTCCAACTACAAAAATTAGGCGGGTGCTAGTGTATTACCAGCTATTCGGGAGGCTGTTCAGGAGAATTGCTTGAAACCGTAAGACGGAGGTTGCGGTGAGCCAAAATCGTGCCACTGCGCTCCAGCCTGGACAAAAGAGCAAAAACAAACAAAAAAAA","CTGTCTCTACTAAAAATACAAAAATTAGCTGGGCGTGGTGGCAGGCACCTGTAATCCTAGCTACTTGGGAGGCTGAGGCAGAAGAATCGCTTGAAACCGGGAGGCAGAGGTTGCAGTGAGCCAAGATCGCTCCACTGCACTCCAGCCTGGGCAAAAGAACAAAACTCCATCTCAGAAAAAAAGGAAAAA"
"chr1","454923","455122","JH378288","2223220","2223408","52","1768297","TAGCTAGGCCTGGTGGCAGGCACCTGTAATCTCAGCTACTCGGGAGACTGGCACCTGTAATCCCAGCTACTCCGGAGGCTGAAGCAGGAGAATCGCTTGAAACTGGAAGGCAGAGGTTGCAGTGAGCTGAGATCATGCCACTGTACTCCATCCAGCCAGAGCAAAAGAACAAAACTCTGTCTCCAAAAAAAAAAAAAAAA","CTGTCTCTACTAAAAATACAAAAATTAGCTGGGCGTGGTGGCAGGCACCTGTAATCCTAGCTACTTGGGAGGCTGAGGCAGAAGAATCGCTTGAAACCGGGAGGCAGAGGTTGCAGTGAGCCAAGATCGCTCCACTGCACTCCAGCCTGGGCAAAAGAACAAAACTCCATCTCAGAAAAAAAGGAAAAA"
"chr1","455998","456014","JH378272","2083837","2083868","20","1627839","TTCGATTGGACGCAGTC","CCAGCCTGGGAAACATGATGAAACTTCATCTC"
"chr1","456324","456466","JH378120","7054537","7054681","25","6598213","GGCCGGGGCGCGTGGCTCACACCTCTAATCCAGAACTTTGGGAGGCCGAGGTGGGTGGATCCACAAGGTCAGCAGGTTCGAGACCAGCCTGGTCAACACGGTGAAAAACCCGTCTGTACTAAAATACAAAAATTCGATGGGCA","GCCGGGCGCGGTGGCTCAAGCCTGTAATCCCAGCACTTTGGGAGGCCGAGGTGGGTGGATCACAAGGTCGAGAGATCGAGACCAACCTGGTCAACATGGTGAAACCCCGTCTCTACTAAAAATACAAAAGATTAGCTGGGCATGG"
"chr1","1798390","1798517","JH378255","1235513","1235640","19","562877","GCCTGTAATCCCAGCTACTCAAGAGACTGAGGCAGGAGAATTGCTTGAAACCAGAAGGTGGAGGTTGCAGTGAGCCGAGATCATGCCACTGCACTCCAGCCTGGGCAACAAAAGTGAAAACTGTCTCA","TGTCATCCCAGCTACTCGGGAGGCTGAGGTGGGAGAATTGCTTGAAACCAGGAGGTGGAGGTTGCCGTGAGCCGAGATCACACCACTGCACTCCAGCCTGGGCAACAAGAGTGAAACTTCGTCTCAAA"
"chr1","6657642","6657838","JH378184","7337357","7337550","29","679715","GACCGAGCGCAGCAGCTCACGCCTGTAATCCCAGCACTTTGAGAGCCAGAGGTAGGTGGATCACGAGGTCAGGAGTTCAAGACCAGCCTGGCCAACATGATGAAACTCCGTCTCTACTAAAAATTCAAAAATTAGCTGGGCATGGTGGTGGGTGCCTATAATCCTAGCTACTCAGGAGGCTGAGGCAGTAGAGTTGC","GCCAGATGCAGTGGCTTACTCCTGTAATCCCAGCACTTTGTGAGGCTGAGGTGGGCGGATCATGAGGTCAGGAGTTCGAGACCAGCCTAGCCAACATGGTAAAACCCCATCTCTACTAAAAATACAAAAATTAGCTGGGCGTGGTGGTGGGCGCCTATAATCCCAGCTACTCGGGAGGCTGAGGCAGGAGAATC"
"chr1","8165170","8165457","JH378151","1290971","1291257","35","6874199","GGCCAGGCGCAGTGGCTTATGCCTGTAATCCCAGCACTTTGGGATGCCAAGGCAGGCAGATCACAAGGTCAGGAGTTCGAGATCAGCCTGGCCAACATGGTAAAACCTTGTCTCTACTAAAAATACAAAAATTAGCCAGGCATGGTGGCAGGTGCCTGTAATCCCAGCTACTCAGGAGGCTGAGGCAGGAGAATCGCTTGAAACCAGAAGGTGGAGGTTGCAGTGAGGCGAGATCGTGCCACTGCACTCTAGCCTGGGCAAAAAGAGTGAAACTCTGTCTCAAAAAAA","GGCCAGGTCCAGTGGCTCATGCCTATAATCCCAGCACTTTGGGAGGCTGAGGCAGGAGGATCACTAGGTCAAGAGATCGAGACCAGCGTGGCCAACATGGTGAAACCTTGTCTCTACTAAAAATACAAAAATTAGCTGGGCATGGTGGCAGGCACTGTAATCCCAGCTACTCAGGAGGCTGAGGCAGGAGAATCTCTTGAATCTGGAAGGCAGAGGTTACAGTGAGCCGAGATCACACCACTGCACTCCAGCCTGGGCAAAAGAGTGAGACTCTGTCTCAAAAAAAA"
"chr1","8933143","8933426","JH378148","3009466","3009760","48","5923677","GGACAGGTGCGGTGGCTCATGCCTGTAATCCCAGCACTTTGGGAGGCCGAGGCAGGCAGATGATGAGGTCAGGAGTTTGAGACCAGCCTGGCCAACATGGTGAAACCCTTCTCTACTAAAAATACAAAAATTAGCCAGGCGTGGTGGCAGGCACCTGTAATCCCAGACTGAGGCAGGAAAATTGCTTGAAACCAGAAGGCGGAGGTTGCAATGAGATGAGATCTTGCCACTAAACTCCAGCTGGGTGAAATGGCGAAACTCCATCTGAAAAACGAAAAATAAAA","GGCCAGGTGTGGTGGCTCACGCCTGTAATCCCAGCACTTTGGGAGGCCGAGGCAGGTGGATGATGAGGTCAGGAGTTCGAGACCAGCCTGGCCAAAATGGTGAAACCCTGTCTCTACTAAAAATACAAAAAAATTAGCCAGGCGTGGTGGCATGCGCCTATAATCCCAGCTACTCAGGAGGCTAAGGCAGGAGAATCACTTGAAACCAGAAGGCAGAGGTTGCAGTGAACTGAGATCACGCCACTGCACTCCAGCCTGGGCAACAAGAGCAAAACTCCATCTCAAAAAATAAAAA"
"chr1","9334387","9334641","JH378166","2712726","2712970","49","6621661","GACCGAGGTAGGTGGATCACAAGGTCAGCAGTTCAAGACCAGCCTTACCAACATGGTGAAACCCCATCTTTACTAAAATGCAAAAAAAAAATTAGCTGGGCTGGTGACAGGCGCCTGTAATCCCAGCAACTTGGGAGGCTGAGGCAGGAGAATCGCTTGAAACCGGAAGGCGGAGGTTGCAGTGAGCCAAGATGTGCCACTGCACTGTAGTCTGGCCAATAAGAGCAAAACTCTGTCTCAAAAAAGAAAAAAAAA","GGCCAAGGCAGGCGGACTAGGTCAACAGTTCAAGACCAGCCTGGCCAACATGGTGAAACCCCATCTCTACTAAAAATACAAAAACTAGCCGGGCATGGTGGCAAGTGCCTGTAATCCCAGCTATTTAGGAGGCTGAGGCAGGAGAATCATTTGAAACCGGAAAGCAGAGGTTGCAGTGAGCTGAGATCATGCCACTGCACTCCAGACTGGATGCAAGACCAAAACTCCGTCTCAAAAAAAAAAAA"
"chr1","10168432","10168744","JH378152","15953207","15953516","48","5784775","GGCTGGGCGCGGTGGCTCATGCCTGTAATCCCAGCACTTTGGGAGGCAGAATCGGGTGGATCACAATGTCAGGACTTCAAGACCAGCGTGGCCAACATGGTGAAACCCCGTCTCTACTAAAAAAACCACAAAAGTTAGCCGGGCGTGGTAGCGGACGCCTGTAATTCCAGCTACTCGGGAGGCTGAGGCAGGAGAATCGCTTGAAACTGGAAGACAGAGGTTGCAATGAGCTGATATCCCAGCCACTGCACTCCAGCATGGGCGAAAGAGCGAAACTCTGTCTCAAGGAAAACAAAAAACAAAAAACAAAAAA","CGGGTGCGGTGGCTAATGCCTGTAATCCCAGCACTTTGGAAGGCCAAAGCGGGCAGACCACAAGGTCAGGAGCTCGAGACCAGCCTGGCCAACATGGTGAAACCCCGTCTCTACTAAAAATACAAAAAAATTAGCTGGGTGTGGTGGTGGGCGCCTGTAATCTCAACTACTTGGGAGGCTGAGACAGGAGAATCGCTTGAAACTGGAAGGCGGAGGTTGCAGTGAGCCGAGATCACACCACTGCACTCCAGCTTGGGCAAAAGAGTGAAACTCCGTCTCAAAAAAAACAAAAAACAAACCAAAAAAAGAA"
"chr1","14476235","14476547","JH378136","9599015","9599310","52","4877220","GGCCGGGTGTGGTGGCTCACGCCTGTAATCCCAGCACTTTGGGAGGCCAAGGCAGGCGGACCACAAGGTCAAGAGTTCGAGACCAGCCTGGCCAAGAGACTAGCCTGGCCAATATGGTGAAACCTCATCTCTACTAAAAATACAAAAATTAGCCAGGCGTGGTGGCAGGCAGCTGTAATCCCAGCTACTCGGGAGGCTGAGGCAGGAGAATCACTTGAACCTGAGAGGCGGAGGTTGCGGTGAGCCGAGATTGTGCCACTGCACTCCAGTCTGGGCAACAAGAGTGAAACTCCGTCTCAAAAAAAAAAAAAAA","GGTCAGGCGTGGAGGTTCACACCTGTAATCCCAGCACTTTGGGAAGCCAAGGCAGGCAGATCACAAGGTCAGGAGTTCAAGACCAGCCCGGCCAATGTGGTGAAACTCTATCTCTACTAAAAATACAAAAATTAGCCGGGCTTGGTAGTGGGCACCTGTAGTCCCAGCTACTCGGGAGGCTGAGGCAGGAGAATCACTTGAAACTAGAAGCTGGAGGTTGCAGTGAGCTGAGATCAGGCCACTGCACTCCAGCCTGGGCAACAAGAGCAAAACTCTGTCTCAAAAAAAAAGAAAAA"
"chr1","15020137","15020441","JH378132","22555890","22556195","52","7535753","GGCCGGGCACGGTGGCTCACGCCTGTAATCCCAGCACTTTGGAAGGCGGAGTGGGTGGGTCAGGAGTTCAAGACCAGCCTGGCCAACATGGTAAAACTCCATCTCTACTAAAAATACAAAATTAACCAGGCATGGTGGTGCATGCCTATAAGTAATCCCAGCTACTCAGGAGGCTGAGGCAGGAGAATTGCTTGAAACCGGGAGGCGGAGGTTGTAGTGAGCCAAGATCACACCACTGCACTCCAACCTAGACAAAAAGAGTGAAACTCCATCTCAAAAAAAAAAAGAAAGAAAGAAAGAAACAA","GGCCAGGCACGGTGGCTCACGCCTGTAATCCCAGCACTTTGGGAGGCAGAGGCAGGTGGATCACGAGGTCAAGAGATCGAGACTATCCTGGTCAACATGGTGAAATCCCATCTCTACTAAAAATACAAAACATCAGCCGAGCATGGTGGTGCGTGCCTGTAATCCCAGCTACTCAGGAGGCTGAGGCAGGAGAATTGCCTGAAACCAGGAGGCAGAGGTTGCAGTGAGCCAAGATCATGCCACTGCACTCCAGCCTGGGTAGCAAGAGCGAAACTCCGTCTCAAAAAAAAAAAAAAGAAAGAAAAA"
"chr1","15605942","15606246","JH378174","11112447","11112756","47","4493495","GGCCGGGTGCGCTGGCTCATGCCTGTAATCCCAGTACTTTGAGAAGCCGAGGTGGCTGGATCGCGAGGACAAGAGTTCGAGACCAGCCTGGCCAATATGGTGAAACACTCTACTAAAAATACAAAAACTAGCCGGGCATGGCGGCGGGCGCCTGTAGTCCCAACTACTCAGGAGGCTGAGGCAGGAGAATTTCTCGAACCCCGAAGGCAGAGGTTGCAGTGAGCCGAGATCACACCACTGCACTCCAGCCTGGGCAATAAGAGCGAGACTCCCTCAAAAAAAAAAAAAAAAAAAAAAAAAAAGAA","GGCCGGACGCGGTGGCTCATGCCTGTAATCCCAGCACTTTGGGAGGCCGAGGCGGGTGGATCACGAGGTCAAGAGATCGAGACCATCCTGGTCAACATGGTGAAACCCCGTCTCTACTAAAAATACAAAAATTAGCTGGGCATGGTGGCGTGTGCCTGTAATCCCAGCTACTCAGGAGGCTGAGGCAGGAGAATTGCCTGAAACCAGGAGGCGGAGGTTGCGGTGAGCCGAGATCGCTCCATTGCACTCCAGCCTGGGTAATGAGAGCGAAACTCCGTCTCAAAAAAAAATAAATAAATAAAAAATAAAA"
"chr1","16114509","16114804","JH378162","14916397","14916692","36","1198112","GGCCGGGCGCAGTGGCTCACACCTGTAATCCCAGCAGTTTGGGAGGCCAAGGTGGGAGGATCACGAGGTCAGGAGTTCGAGACCAGCCTGGCCAACATGGTGAAACCCCGCCTCTACTAAAAATAAAAAAATTAGCCAGGCATGTGGTGGGCACCTGTAATCCCAGCTACTCAGGAGGCTGAGGCAGGAGAATCACTTGAAACCAGGAGGCGGAGGTTGCAGTGAGCCGAGATTACACCACTGCACTCCAGCCTGGGCGAAAGAGCGAAACTGTCTCAAAAAAACAATAAACAAGA","GCCGGGCGCAGTGGCTCAAGCCTGTAATCCCAGCACTTTGGGAGGCCGAGGTGGGTGGATCATGAGGTCAAGAGATCGAGACCATCCTGGTCAACATGGTGAAACCCCGTCTCTACTAAAAATACAAAAAATTAGCTAGGCATGGTGGTGCGTGCCTGTAATCCCAGCTACTCAGGAGGCTGAGGCAGGAGAATTGCCTGAAACCAGGAGGTGGAGGTTGCGGTGAGCCGAGATTGCGCCATTGCACTCCAGCCTGGGTAACAAGAGCGAAACTCCGCCTCAAAAAAAAAAAAAAA"
"chr1","16124237","16124545","JH378132","22555890","22556195","39","6431653","GCCAGGAACGGTGGCTCACACCTGTAATCCCAGCACTTTGGGAGGCCGAGGCAGGTGGATCACGAGGTCAGGAGTGTGAGACCACCCTGGCCAACATGGTGAAACCCCATCTCTACTAAAAATACAAAAATTAGCCAGGCATGGTGGCAGGCGCCTGTAATTCCAGCTACTCAGGAGGCTGAGGCAGGAGAATCGCTTGAAACCGGAAGGCAGAGGTTGCAGTGAGCCAAGATCCTGCCACTGCACTCCAGCCTAGGTGAAAAAGTGAAACTCCGTCTCAAAACAACAAAAAAAGATACACAAACAAAA","GGCCAGGCACGGTGGCTCACGCCTGTAATCCCAGCACTTTGGGAGGCAGAGGCAGGTGGATCACGAGGTCAAGAGATCGAGACTATCCTGGTCAACATGGTGAAATCCCATCTCTACTAAAAATACAAAACATCAGCCGAGCATGGTGGTGCGTGCCTGTAATCCCAGCTACTCAGGAGGCTGAGGCAGGAGAATTGCCTGAAACCAGGAGGCAGAGGTTGCAGTGAGCCAAGATCATGCCACTGCACTCCAGCCTGGGTAGCAAGAGCGAAACTCCGTCTCAAAAAAAAAAAAAAGAAAGAAAAA"
"chr1","18629945","18630245","JH378127","10024758","10025055","36","8605187","GCCGGGCACAGTGGCTCACGCCTGTAATCCCAGCACTTTGGGAGGCCGAGGCGGGTGGATCACGAGGTCAACAGTTCGAGACCAGCCTGACCCACATGATGAAACCCCCGTCTCTACTAAAAATACAAAAAAATTAGCTGGGTGTGGTGGCAGGCACCTGTAATCCCAGCGACTTGGGAGGCTGAGGCAGGAGAATCGCTTGAAACCAGAAGGCGGAGGTTGCAGTGAGCCGAGATTGCACCACTGCACTCCAGCCTGGGCAATAAGAGCAAACCTCCGTCTCAAAAAACAAAAACAAAAA","GGCCGGGCGCGGTGGCTCAAGCCTGTAATCCCAGCACTTTGGGAGGCCGAGGCGGGTGGATCACGAGGTCAAGAGATCGAGACCATCCTGGTCAACATGGTGAAACCCCGTCTCTACTAAAAATACAAAAAATTAGCTGGGCATGGTGGCGTGTGCCTGTAATCCCAGCTACTCAGGAGGCTGAGGCAGGAGAATTGCCTGAGACCAGGAGGCGGAGGTTGCAGTGAGCCGAGATCGCGCCATTGCACTCCAGCCTGGATAACAAGAGCGAAACTCCGTCTCAAAAAAAAAAAAAAAA"
"chr1","20533894","20534189","JH378107","9067769","9068059","43","11466125","GGCCGGGCACAGTGGCTCATGCCTATAATCCCAGCATTCTGGAAGGCCCAGGCGGGTGGATCACAAGGTCAGGAGTTCGAGACCAGCCTGGCCACCATGGTAAAACCTCATCTCTACTAAAAATACAAAAATTAGCCAGGTGTGGTGGAGGGCGCCTGTAATCCCAGCTACCCAGGAGGCTGAGGCAGGAGAAATCACTTGAAACTGGAAGGTGGAGGCTACAGTGAGCTGAGATCATGCCACTGCACTCCAGCCTGGGAAACAAGAGCGAAACTCCATCTCAAAAAAAATAAAAA","GGCTGGGCACGATGGCTTATGCCTGTAATCCCAGCACTTCAGGAGGCCAAGGCAAGCGTATCACGAGGTCAGGAGTTCGAGACCAGCCTGGCCAACATGGTGAAATCCCAACTCTACTAAAAATACAAAAATTAGCCAGGCATGGTGGCAGGCACCTGTAATCCCAGCTACTCAGGAGGCTGAGGCAGGAGAATCACTTGAAAACCAGAAGGCAGAGGTTACAGTGAGCTGATTGTGCCACTGCACTCCAGCCTGGCCAAAAGAACAAAACTCCATCTCAAAAAAAAAAAA"
"chr1","22636284","22636506","JH378277","3215226","3215442","71","19421058","GTGGCTCACGCCTGTAATCCCACATTTGGAGCCTTGAGAAGGTGGATGCACTGAGTCAGTTCGAGACCAGCCTAGAACCAACCATGGCAAAACCCCATCTATAAAAAACAAAAATTAGTTGGAGCCGGGTGCTGATCCTGTAATCCCAGCCTATACTTACAGAGGCTGAGGCAGGAGAATTAATTGAAACTCAGAGCGAAGTGTGCAGTGAGCCGAAGATCAC","GTGGCTAAGGCCTGTAATCCCAGTACTTCGGGAGGCCGAGGCGGGTGGATGAGGAGGCCAGGAGTCGGAGACCAGCCTGGCCAACATGGTTAAACCCTGTCTCTACTAAAAATACAAAAATTAGCTAGGTGTAGTGGCAGGTGCCTGTAATCCCAGCTACTCGGGAGGCAGAGGCAGGAGAATCGCTTGAACCAGAAGGCAGAGGTTGCAGTGAACC"
"chr1","23537706","23537874","JH378194","3698567","3698741","31","19839139","TTAGCTGGGCATGGTGGCAGGCACCTGTAATGCCAGCTATTCAGGAGGCTAAGGCAGGAGAATAGCTTGAAACCAGAAGGCGGAGGTTGCAGTGTGCCAAGATCGCGCCAGTGCACTCCAGCCTAGGCGAAAGAGCAAAACTCTGTCTTAAAAAAAAAAAAAAAAAGAA","ATTAGCTGGGCATGGTGGTAGGTACCTGTAATCCCAGCTACTCAGGAGGCTGAGGCAGGAGAATCATTTGAAACTGGAAGGCAGAGGTTGCAGTGAGCCAAGATCACACCACTGCACTCCAGCCTGGGCAACAAGTGTGAAACTCAGTCTCAAAGAAACATGAAAATAAACAAAA"
"chr1","23577018","23577239","JH378248","1065445","1065664","63","22511573","GGTGCGGTGGCTCATGCCTGTAATCCCAGCACTTTGGGAGGCCGAAGAAGGCGGATCCCTATCTCAGGAGTTCAAGACCAGCCTGGCCAACATAGTGAAACCCTGTCTCTACTAAAAGTACAAATTAGCTCCCCATCTCTACCAAAAATACAAGAAATTAGCTGGCCATGGTGGCAGGCGCCTGCAATCCCAGCTACTCGGGAGTCTGACCGACATGGAGAA","GCAGTGGTTCATGCCTATAATCCCAGCACTTTGAAAGGCCAAGACAGGAGGATCACGAGGTCAGGAGTTCAAGACCAGCCTGGCCAACATTGGACACCAGGTTCCGGGCCTGGTGAAACCCCATCTCTACTAAAAATACAAAAATTAGCCAGCCATGGTGGTGAGCACCTGGAATCCCAGCCACTCAGGAGGCTGAGACAGATTTGCTTGAAACTGGAAG"
"chr1","23649730","23649984","JH378156","123757","124013","46","23525973","GGCGGATCATGAGGTCGGCAGTTTGAGACCAGCCTGACCAACATGGTGAAACCCTGTCTCTACTAAAAATACAAAAATATTAGCTGGACGTGGTGGCGGGTGCGTGTAATCCCAGCGACTTGGGAGGCTTAGGAGAATCGCTTGAAACTGGAAGGAGGAGGTTGCAGTGAGCTGAGATTGTGCCACTGTACTCTAGCCTGGGCAATATGAACAAAACTCTGTCTCAAAAAAAAAAAAAAAAAAAAAAAAAAAAAA","GGATCACGAGGTCAAGAGATGGAGACCATCCTGGTCAACACGGTGAAACCCCGTTTCTACTAAAAAATACAAAAAAATTAGCTGGGCATGGTGGCGCGTGCCTGTAATCCCAGCTACTCAGGAGGCTGAGGCAGGAGAATCGCTTCAAACTGGAAGGCAGAGGTTGCAGTGAGCCAAGATCGTGCCACTGCACTCCAGCCTGGGCAACAAGAATGAAACTCCATCTCAAAAAAAAACAAAAACAAAAACAAAAAAAA"
"chr1","24262760","24263059","JH378206","3042454","3042750","35","21220306","GGCCAGGCTCGGTGGCTCACGCCTGTAATCCCAGCACTTTGGGAGGCCAAGGTGGGCAGATCACAAGGTCAGGAGTTCGAGACCAGCCTGGCCAATATGGTGACACCCTGTCTCCACTAAAAATACAAAAATCAGCTGGGCATGGTGGTGGGTGCCTGTAATCCCAGCTACTCAGGAGGCTAAGGCAGGAGAATCGCTTGAAATCAGAAGGCGGAGAGGTTGCAGTGAGCCAAGATCGCGCCACTGCACTCCAGCCTGGGCAACAAGAGCAAGACTCTGTCTCAAAAAAAAAAAAAAGAA","GGCCGGGCGCGGTGGCTCAAGCCTGTAATCCCAGCACTTTGGGAGGCCAAGGTGGGTGGATCACGAGGTCAAGAGATCGAGACCATCCTGGTCAACATGGTGAAACCCCGTCTCTACTAAAAATACAAAAAATTAGCTGGGCATGGTGGCGTGTCCCTGTAATCCCAGCTACTCAAGAGGCTGAGGCAGGAGAATTGCCTGAAACCAGGAGGCGGAAGTTGCAGTGAGCCGAGATCGCGCCATTGCACTCCAGCCTGGGTAACAAGAGCGAAACTCCGTCTCAAAAAAAAAAAAAAA"
"chr1","27254265","27254446","JH378150","16479013","16479192","28","10775252","GGCTGGGAGCGGTGGCTCACGCCTGTAATCCCAGCACTTTGGGAGGCCAAGGTGGGCAGATCACGAGGTCAGGAGTTTGAAACCAGCCTGACCAAAATGGTGAAATCCCATTTCTACTAAAAATACTAAAATTAACCGGGCATGGTGGCAGGTGCCTGTAATCTCACCTACTCAGGAGGCTG","GGCTGGGCACGGTGACTCACGCTTGTAATTCCAGCACTTTGGGAGGCTGAGGCGGGTGGATCACGAGGTCAAGAGATCGAGACCGTCCTGGCCAACATGGTGAAACCCCATCTCTACTAAAAATACAAAAATTAGCCGGGCATGGTGGCAGGTGCCTGTAATCCCAGCTACTTGGGAGGC"
"chr1","27501386","27501560","JH378216","4339434","4339595","38","23161952","GCCGGGCGTGGTGGATCACACCTGTAATCCCAGCACTTTGGGAGGCCAAGGTGGGGGGATCATGAGGTCGGAGTTCAAACCGGCCTGGCCAACATAGTGAAACCCTATCTCTACTAAAAATAAAAATAAATAAAAATAAAAAATTAGCCAGGCGTGGTGGTGGGTGCCTGTAATC","GGTTGGGCACAGTGGCTCACGCCTGTAATCCCAGCACTTTGGGAGGCCAAGGTGGGCAGATCATGAGGTCAGGAGTTTGAGACCAGCCTGGCCAACATGGTGAAACCCCATCTCTACTAAAAATACAAAAATTAGTTGGGTGTGGTGGCAGGTGCCTGTAAT"
"chr1","27667939","27668244","JH378110","29099632","29099936","38","1431693","GCCGGGCGCGGTGGCTCACGCCTGTAATCCCAGCACTTTGGGAGGCCGAGGCGGGTGGATCACGAGGTCAGGAGTTTGAGACCAGCCTGACCAACATGGTGAAACCCCGTATCTACTAAAAATACAAAAAGAAATTAGCCGGATGTGGTGGCGGGTGCCTGTAATCCCAGCTATTTGGGAGGCCAAGGCAGGAGAATTGCTTGAACCTGGGAAGGCAGAGGTTGCAGTGAGCCAAGACCGCACCACTGCACTCCAGCCTGGGCAACAAGAGCGATACTCCATCTCAAAAAAAAAAAAAAAAAAAAA","GCCAGGCGCGGTGGCTCAAGCCTGTAATCCCAGCACTTTGGGAGGCTGAGGCGGGTGGATCATGAGGTCAAAAGATCGAGACCATCCTGGTCAACATGGTGAAACCCCGTCTCTACTAAAAATACAAAAAAAAATTAGCTGGGCATGGTGGCGCGTGCCTGTAATCCCAGCTACTCAGGAGGTTGAGGCAGGAGAATTGCCTGAAACCGGGAGGCGGAGGTTGCGGTGAGCCGAGATCGCGCCATTGCACTCCAGTCTGGGTAACAAGAGCGAAACTCCGTCTCAAAAAAAAAAAAAAAAAAAAA"
"chr1","27709327","27709610","JH378112","33518148","33518439","47","5808821","GGCTGGGCGCGGTGGCTCACGCCTGTAATCCCAGCACTTTGGGAGGCTGAGGCGGGCAGATCATGAGGTCAGGAGTTCAAGACCAGGCTGGCCAACATGGTGAAACCCCATCTCTACTAAAAAATACAAAAATTAGCAGGGCGTGGTGGCAGGTGCCTGTAATCTGGAGGCTGGGGCGGGAGAATCACTTGAAACCAGAAGGCGGTCGTTGCAATGAGCCGAGATCGCGCCACTGCACTCCAGCCTGGCAATAAGAGCAAAACTTCATCTCAAAAAAAAAAAAA","GGCAGGGTGAAGTGGCTCACGCCTGTAATCCCAGCACTTTGGGAGGCTAAGGCAGAGGAATCACAAGATCAGGAGTTCAAGATCAGCCTGGCCAACACGGTGAAACCCCGTCTCTACTAAAAATACAAAAATTAGCCAGGCATGATGGTGGGTGCCTCTAATCCCAGCTACTTCGGAGGTTGGAGCAGGAGAATCACTTGAAACCAGAAGGTGGAGGCTGCAGTGAGCCGAGATCGTGCCACTGCACTCCAGCCTGGGCAAAAGAGCAAAACTCCATCTCAAAAAAAAAAAA"
"chr1","27962167","27962374","JH378153","12790470","12790672","57","15171697","GGCCTGCGCTGCAGTGGTCGCACGCCATAAATCCTAGCACTCAGGAGGCGCAGCGCAGCGCGATCACGAGGTCAGGAGTCGAGAACAAGGCCTGGCCAACATTTTGAAACCGCTGTCTCTACAAAAAAAAAAAAATTATCTGGCGCGGTTTGCAGGCCGCCTGTAGTCCCAGCTACTCGAAGGCTAAGGTAGGAAAATTGCTGAGACC","GGCTGAGCGCAGTGGCTCACGCCTTTAATCCCTGCACTCTGGGAGGCCAAGGCAGGTGGATCACAGAGGTCAGGAGTCTGAGACCAGTCTGGCCAACATGGTGAAATCCCATCTCTACTAAAAATACAAAACTTAGCTGGGCATGGTGGCATGCACCGGTAGTCCCAGCTACCTGGGAGGTTGAGGTGGGAGGATCGTTTGAA"
"chr1","28093635","28093791","JH378145","4003983","4004132","31","24089652","TCCCAGCTGCTTGGAAGACTGAGGCAGGAAAATCGCTTGAAACCAGAAGGCAGAGGTTGCAGTGAGTCGAGATTGCACCACTGCACTCCAGCCTGGGCAACAAGAGCAAAACTCCATCTCAAAAATAAATAAATAAATAAATAAAATAAAAAATAAA","TCCCAGCTACTCAGGAGTTTGAGACAGAAGAATCACTTGAAACCGGAAGGCAGAGGTTGCAGTGAGCCGAGATTGCACCACTGCACTCCAGCCTAGGTGACAAGAGTGAAACACCATCTAGAAAAGAAAAAAAAAAAAAAAGGGAAAAAA"
"chr1","28591301","28591610","JH378106","70219640","70219948","48","41628339","GGCCAGGCGTGGTGTCTCATGCCTGTAATCCCAGCACTTTGGGAGGCCACAGCAGGCAGATCATGAGGTCAAGAGTTCGAGAAGAGCCTGGCCAACATGGTGAAACCTCATCTCTACTAAAAATACAAAAGTTAGCTGGGTGTGGTGGCGGGCGCCTGTAATTCTAACTACTCGGGAGGCTGAGGGAGGAGAATCTCTTGAAACTGGAAGGTAGAGGTTGCAGTGAGCCAAGATCACACCACTGCATTCCAGCCCAGGCAACAAGAGCAAAACTCCATCTCAAAATAAATAAATAAGTAAATAAACAAAA","GGCTGGGTGAGGTGGCTCATGCCTGTAATCCCAGCACTTTGGGAGGCCAACGCAAGCAGATCACAAGGTCAGGAGTTCAAGACCAGCATGGCCAACATGGTGAAACCCCATCCCTACTAAAAATAACAAAAATTAGCTGGGCATGGTGGGAGCCGCCTGTAATACCAGCTACTCGGGAGGCTGAGGCAGGAGAATCGCTTGAAACTGGAAGGCAGAGGTTGCAGTGAGCCAAGATTGTGCCACTGCACTCCAGCCTGGGTGACAGAGCAAAGTTCCATCTCAAAATAAAAATAAAAATAAATAAATAAA"
"chr1","28592215","28592518","JH378141","9607676","9607979","55","18984539","GGCCGGCGCTGGTTCACGCCTGTAGTCCCAACATTTTGGGAGGCCAAGATGGGTGGATCACGAGGTCAGGAGTTCGAGACCAGCCAGGCCAACATGGTGAAGCCCGTCTCTACTAAAAAAATACAAAAAATTAGCAGGTGGGGTGGTGGGCGCCGTAATCCCAGCTACTCAGGAGGCTGAGCAGAGAGAATTGCTTGAACTGGGAGGCAGAGGTTGCAGTGAGCTGACATCCCACTGTTGCACTCCAGCCTAAGCAACAAGTGCGAAACGCCATTTCAAACAAACAAACAAACAAACAAACAAA","GGCTGGACGCCATGACTCACGCGTGTAATCCAAGCACTTTGGGAGGCCAAGGTGGGTGGATCACCAGGTTAGGAGTTTGAGACCAGCCTGGCCAACATGGTGAAACTCCCATCTCTACTAAAAATACCAAAATTAGTCAGGTGTGGTGGTGGGCGCCTGTAATCCCAGCTGCTCAGGAGGCTGAGGCAGGAGAATTGCTTGAAACTGGAAGGCGGAGGTTACAGTGAGCCGAGATCACGCCACTGCACTCCAGCCTGGGTGACAAGAGTGAAACTCCATCTCAAAACAAACGAACAAACAAAAA"
"chr1","31344722","31345025","JH378107","46009365","46009670","55","14664643","GCCAGGCACGGTGGCTCACACCTGTAATCCCAGCAGTTTAGGAGACCTGGGCATGTGGATCACAAGGTGAGAAGTTCAAAATCAACCTGGCCAACATAATGAAACCCCGGCACTACTAAGAATACGAAAAGTTAGCCAGGTGTGGTGGCAGGAGCCTGTAATCCCAGCTACTTGAGAGGCTGAGGCAGGAGAATCGCTTGAATCCAGGAGGCAGAGGTTGTGGTGAGCCAAGGTCACACTATTGCACTCCAGCCTGAGCCACTAGAGCGAAACTGTCTCAAAAAAAAAAAAAAAAAAAAAAAAA","GGCCGGGCGTGGTGGCTCACGCCTGTAATCCCAGCACTTTGGGAGGCCAAGGCAGGTGGATCACGAGGTCAAGAGGTCGAGACCATCCTGGTCAACATGGTGAAACCCCGTCTCTGCTAAAAATACAAAAATTAGCTGGGCATGGTGGCACGTGCCTGTAATCCCAGCTACTCAGGAGGCTGAGGCAGGAGAATTGCCTGAAACCAGGAGGCGGAGGTTGCGGTGAGCCGAGATTGCGCCATTGCACTCCAGCCTGGGTAACAAGAGCGAAACTCCGTCTCAAAAAAAAAAAAAAAAAAAAAAAAA"
"chr1","31350883","31351190","JH378139","2815729","2816012","94","28535154","CCAGGGCAGTGGGCTCCGCCCTGGTAATCCAGTACTTGAGGCTTGAAGGCAAGATCTCGAGGGGCTCAGGAGTTCAAGGGAACAGCCCCTGGCCAAACGGTGGGGTGAAACCCGTCTTCTACTAAATAACAAATTTACCTGGGCGGTAGTGTGGCAACGCATGTTATCCAGCTACAGGAGGCCTGAAGGCAGGAAGAATCACTTTAAACCCCTGGGAGGCAAGAGGTTGCAATAGTGGAGGGCCAAGAATTGGCCCCCCCGCACTCCAGCTGGGCCAACGGGTGAAGATCGATCCAAAAATAAAAAAA","GCCGGGCGTGGTGGCTCACGCCTGTAATCCCAGCACTTTGGGAGGCTGAGGCGAGTGGGTCACGAGGTCAGGAGTTCGAGACCAGCCTGGCCAGTGTGGTGAAACCCCGTCTCTACTGAAAATACAAAATTGAGCTGGACATGGTAGCAGAGCCTGTAATCCCAGCTTGGGAGGCTGAAGCAGGAGGATCACTTGAAACCAAAAGGCAGAGGTTGCAGTGAGCCAAGATTGTGCCACTGCACTCCAACCTGGGCGAAAGTGAAACCCCATCTCAAAAAAAAAAA"
"chr1","31635080","31635387","JH378107","46009365","46009670","44","14374285","GGCCGGGCGTGGTGGTTCACGCCTGTAATCCCAGCACTTTGGGAGGCTGAGGCAGGCAGATTACGAGGAGACGAGTTCGAGACCAGCCTGGCCAACACGGTGAAACCCCATCTCTACTAAAAATACAAAAATTAGCCAGGTGTGGTGGCGAGCGCCTGTAATCTCATCTACTCAGGAGGCTGGAGCAGGAGAATCACTTGAAACCAGAAGGCAGAGGTTGCAGTGAGCTGATATTGTGCCACTGCACTCCAGCCTGGGCGAAAGAGCGAAACTCTGTCTCAAAAAAAAAAAAAAACAAGAAGAGAAAA","GGCCGGGCGTGGTGGCTCACGCCTGTAATCCCAGCACTTTGGGAGGCCAAGGCAGGTGGATCACGAGGTCAAGAGGTCGAGACCATCCTGGTCAACATGGTGAAACCCCGTCTCTGCTAAAAATACAAAAATTAGCTGGGCATGGTGGCACGTGCCTGTAATCCCAGCTACTCAGGAGGCTGAGGCAGGAGAATTGCCTGAAACCAGGAGGCGGAGGTTGCGGTGAGCCGAGATTGCGCCATTGCACTCCAGCCTGGGTAACAAGAGCGAAACTCCGTCTCAAAAAAAAAAAAAAAAAAAAAAAAA"
"chr1","31828280","31828449","JH378194","3698567","3698741","29","28129713","AATTAGCTGGGCATGGTGGCAGGTGCCCGTAATCCCAGCTACTCGGGAGGCTCAGGCAGGAGAATCGCTTGAACCCAGGAGGTGGAGGTTGCAGTGAGCAGAGATTGCACCACTGCACTCCAGCCTGGGAAACAAGAGCGAAACTCCGTCTCAAAAAATAAAAAAGAAAA","ATTAGCTGGGCATGGTGGTAGGTACCTGTAATCCCAGCTACTCAGGAGGCTGAGGCAGGAGAATCATTTGAAACTGGAAGGCAGAGGTTGCAGTGAGCCAAGATCACACCACTGCACTCCAGCCTGGGCAACAAGTGTGAAACTCAGTCTCAAAGAAACATGAAAATAAACAAAA"
"chr1","31828760","31828894","JH378108","17478737","17478871","18","14350023","GGCCGGGCGCAGTGGCTCATGCCTATAATCCCAGCACTTTGGAAGGCTGAGACGGGCAGATCACAAGGTCAGCAGTTTAAGACCAGCCTGGCCAACATGGTGAAACCCCATCTCTACTAAAAATACAAAAATTAA","GGCCGGGCACGGTGGCTCACGCCTGTAATCCCAGCACTTTGGGAGGCCGAGACGGGTGGATCACGAGGTCAAGAGATCGAGACCATCCTGGTCAACATGGTGAAACCCCGTCTCTACTAAAAATACAAAAATTAG"
"chr1","31895291","31895595","JH378169","11824133","11824434","45","20071158","GCTGGGTACAGTGGCTCAGGCCGGTAAATCCCAGCACTTTGGGAGGCCAAGGCGGGCGGATCACGAGGTCAGGAGTTCAAGACCAGCCTGACCAACATGGCGAAACCCTGTCTCTACTAAACATACAAAAATTAGCAGAGCACGGTGGCAGGTGCTTGTAACCCCAGCTACTCAGGAGGCTGAGACAGGAGAATCGCTTGAACCTGGAAGGCGGAGGTTGTAGTGAGCCAATATTGCACCATTGCACTCCAGCCTGGGCAACAAGAACAAGACTATGTCTCAAAAAAAAAAAACAAACAAACAAA","GGCTGGGCACAGTGGCTCAAGCCTGTAATCCCAGCACTTTGGGAGGCCGAGGCTGGCAGATCATGATGTCAGGAGTTCAAGGCCAGCCTGATCAACATGGTGAAACCCTGTCTCTACTAAAAATACAAAAATTAGCCAGGCATGGTGGCAGGTGCCTGTAATCCCAGCTACTCCAGAGGCTGAGGCAGGAGAATTGCTTGAAACCAGAAGGCGAAGGTTGCAGTGAGCTGAGATTGCACCACTGCACTCCAACCTGGGCAAAAGAGCAAAACTCCATCTCAAAAAAAAAAAGAAAAGTAAAA"
"chr1","31933402","31933707","JH378186","5545105","5545406","46","26388297","GACCAGGTGGGACAGCTCATACCTGTAATCCCAGCGCTTTGGGAGGCCCAGGCGGGCGGATCATGAGGTCAGGAGTTCGAGACCAGCCTCGCCAAGATGGTGAAACCCCATCTCTACTAAAAATACAAAAATCAGCCGGGCATGGTGGTGGGCACCTGTAATCCCAACTACTCGGGAGGCTGAGGCAGGAAAATCGCTTGAAACTGGAAGGCGGAGGTTGCAGTGAGCCAGTATTGAGCCACTGCACTCCAGCCTGGGCTAAAGAGTGAAACTCCATCTCAAAAAAAGAAAGAAAGAAAAAAGAAA","GGTCGGGCACGGTGGCTCATACCTGTAATCCCAGCGCTTTGGGAGTCCGAGACAGGCAGATCATGAGGTCAGGAGTTCGAGACCAGCCTGGCCAATATGGTGAAACCGAGTGTCTACTAAAAATACAAAAATCAGCCGAGCCTGGTGATGGGCACCTGTAATCCCAGCTACTCAGGAAGCTGAGGCAGGAGAATCGCTTGAAACTGGAAGGGGGAGATTGCAGTGAGCTGCAATAGCACTGCTGCACCCCAGCCTGGGCTAAAGAGTGAAACTCCATCTCAAAACAAAATAATAATAAAAAA"
"chr1","32278328","32278498","JH378115","17666853","17667025","26","14611475","GGCCAGGTGCGGTGGCTCACGCCTGTAATCCCAACACTTTGGGAGGCCAAGGTGGGCAGATCACAAGGTCAGGAGTTCAAGACCACCCTGGCCAACATGGTGAAACCCCGTCTCTACAAAAAATACAAAAATTAGCTGGGCGTGGTGGTAGGTGCCTGTAGTCCCAGCTAC","GGCCAGGCGCAGTGGCTCAAGCCTGTAATCCTAGCACTTTGGGAGGCCAGGGCGGGTGGATCATGAGGTCAAGAGATCGAGACCATCCTGGTCAACATGGTGAAACCCCGTCTCTACTCAAAATACGAAAAGTTAGCTGGGCATGGTGGCGTGTGCCTGTAATCCCAGCTACT"
"chr1","34292049","34292353","JH378190","7150441","7150741","57","27141608","GGCCAGGCATGGTGATTCACACCTGTAATCCCAGCACTTTGGGAGTCCAAGGTGGGAGGATCAACAGAGGTCAGGAGTTCAAGACCAGCCTAGCCAACATGATGAAACCCCATCTCTAAAAAAAAGTAGCTGGGCGTGGTGGTGGGTACTTGTAATCCCAGCAACTTGGGAGACTGAGGCAGGAGAATCGCTTGAAACCGGAAGGCGGAGGTTGCAGTGAGCTGAGCTTGTACCACTGTACTCTAGCCTGGGCAATAAGAGCAAAACTCCGTCTCAAAAAAAGAAACCAAAAAACAAAAACAAAA","GGCCTGGCACAGTGGCTCATGCCTGTAATCCCAGCACTTTGGCCAAGATGGGCGGATTATGAGGTCAGGAGTTCGAGAATAGCCTGGCCAACATGGTGAAACCCCATCTCTACTAAAAATACAAAAGTTAGCTGGGTATGGTGGTGGGCACTTGTAATCCCAGCTACTTGGGAGGCTGAGGCAGGATAATCGCTTGAAACCGGAAGGTGGAGGTTGCAGTGAGCTGACATCTCACCACTGCACACCAACCTGGGTGAAAGAGTGAAACTGTCTCAAAAAAAAAAAAAAAAAAAAAAAAAAA"
"chr1","34996650","34996951","JH378216","3793751","3794051","38","31202899","GGCCGGGCACGGTGGCTCACGCCTGTAATCCCAGCACTTTGGGAGGCCGAGGTGGGTGGATCACAAGGTCAGGAGTTCAAGACCAGCCTGGCCAATGTGATGAAACCCTGTCTCTACTAAAAATACAAAAATTAGCTAGGCTTGATGGCAGGCGCCTGTAATCCCAGCTACTCGAGAGGCTGAGGCAGGAGAATCACTTGAAACTGGAAGGCAGAGGTTGCAGTGAGCCAGGATCAAGCCACTGCACTCCACCCTGGGTGAAAGAGCGAAACTCCATCTCAAAAAAAAAAAAAAAAAAAAAA","GGCTGGGCGTGGTGGCTTATGCCTGTGATCCTAGCACTTTGGGAGGCCGAGGCGGGTGGATCACAAAGTCAGGAGTTCAAGACCAGCCTGGCCAACATGGTGAAACCTCGTCTCTACTAAAAATACAAAAATTAGCTAGGTGTGGTGGCAGGCGCCCATAACCCCAGCTACTCAGGAGGCTGAAGCAGGAGAATCCTTGAAACCAGAAGGCAGAGGTTGCAGTGAGCCAAGATCGCGCCATTGCACTCCAACTGGGGCCAAAGAGTGAAACTCCGTCGCAAAAAAAAAAAAAAAAAAAAAA"
"chr1","35253360","35253553","JH378137","4604383","4604572","30","30648977","GGCTGGGCGCGGTGGCTCACACCTGTAATCCCGACACTTTGGGAGGCCGAGGCAGGCGGATCACAAGCTCAGGAGTTCAAGACCAGCCTGGCCAATATGGTGAAACCCTGTCTCAACTAAAAATACAAAAATTAGCCAGGCATGGTGGCAGGCACCTGTAGTCCCAGCTACTCCGGAGGCTGAGGCAGGAGAAT","GGCTGGGCGTGGTGGCTCAAGCCTGTAATCCCAGCACTTTGGGAAGCCAAGGCGGGTGGATCACAAGGTCAAGAGATCAAGACCATCCTGGCCAGCATGGTGAAACCCTGTCTCTACTAAAAATACAAAACATTAGCTGGGCATGGTGGCGTGTGCCTGTAATCCCAGCTACTCAGGAGGCTGAGGCAGG"
"chr1","36685814","36686112","JH378205","1510121","1510420","46","35175693","GGCTGGGTGTGGTGGCTCACACCTGTCATCTCAGCACTTTGGGAGGCCGAGGTGGGCGGATCACGAGGTCAGGAGTTCGAGACCAGCCTGGCCAGCATCGTGAAACCCCGTCTCTACTAAAAACACAAAATATTGGCGGGACGTGGTGGTGGGCGCCTGTAATTCCTGCCTCAGGAGGCTGAGGCAGGAGAATCGCTTGAATCTGGAAGGCGGCGGTTGCAGTGAGCAAAGACCATGCCATTGCACTACAGACTGGGCAACAAGAGTGAAACTCTGTCTCCCAAAAAAAAAAAAAAAAA","GGCTGGACGTGGTGGCTCACACCTGTAATCCCAGCACTTTGGGAGGCCAAGGTGGGCAGATCACGAGGTCAGGAGTTCGAGAACAGCCTGGCCAACATGGTGAAACCCCATCTCTACTAAAAATACGAAAATTAGCTGGGCGTGCTGGCGAGCACCTGTAATCCCAGCTACTCGGGAGGCTGGGGCAGGAGAATCACTTGAAACCGGAAGGCAGAGTTTGCAGTGAGCTGAGATCGTGCCATTGCACTCCAGCCTGGGCGACAGGAGTGAAATTCTGTCTCAAAAAGAAAAGAAAAGAAA"
"chr1","38404181","38404489","JH378141","9607676","9607979","42","28796505","GGCCAGGTGCGGTGGCTCACGCCTGTAATCCCAGCACTTTGGGAGGCCAAGGTGGGCGGATCACAAGGTCAGGAGTTTGAGACCAGCCTGGCCAACATGGTGAAACCCCGTCTCTACCAAAAATACAAAAATTAGCCAGGCGTGGTGGTGGGCGCCTGTAATCCCAGCTACTTGGGAGGCTGAGGCAGGAAAGTAGCTTGAAACCGGAAGCCGGAGGTTGCAGTGAGCTGAGATTGCGCCACTGCACTCCAGCCTGGGTGAAAGAGTGCAACTCTGTCTCCAAAACAAAAACAAAAACAAACAAACAAA","GGCTGGACGCCATGACTCACGCGTGTAATCCAAGCACTTTGGGAGGCCAAGGTGGGTGGATCACCAGGTTAGGAGTTTGAGACCAGCCTGGCCAACATGGTGAAACTCCCATCTCTACTAAAAATACCAAAATTAGTCAGGTGTGGTGGTGGGCGCCTGTAATCCCAGCTGCTCAGGAGGCTGAGGCAGGAGAATTGCTTGAAACTGGAAGGCGGAGGTTACAGTGAGCCGAGATCACGCCACTGCACTCCAGCCTGGGTGACAAGAGTGAAACTCCATCTCAAAACAAACGAACAAACAAAAA"
"chr1","39647369","39647533","JH378193","6530552","6530710","29","33116817","TTAACCTAGTGTGGTGGCAGGCGCCTGTAATCCCAGCTACTCCGGAGGCTGAGGCAGAAGGATCGCTTGAAACCGGAAGGCAGAGGTTGCAGTAAGCAGAGATTGCCACACTGCACTCCAGCCTGGGCCAAAGAGCGAAACTACGTCCCAAACAAACAAAACAAA","TTAGCCGGTCTGGTAGCATGTGCCTGTAATCCCAGCTACTTGGGAGGCTGAGGCAGCAGAATCGCTTGAAACCAGAAGGCAGAGGTTGCAGTGAGCCAAGATTGCACCACTGCAGTCCAGCCTGGGCAAAAGAGCAAACCTGCTTCTCAAACAAACAAA"
"chr1","41867773","41868051","JH378119","21729384","21729670","49","20138389","GCTGGGTGCAGTGGCTCACGCCTGTAATCCCAGTACTTTGGGAGGTCAAGGTGGGTGGATCACAAGGTCAGGAGTTTGAGACCAGCCTGGCCAACATGGTGAAAATACAAAAATACTAAAAATACAAAAATTAGCTGGGTGTGGTGGCAGACGCCTGTAATCCTAGCTACTTGGGAGGCTGAGGCAGAAGGATAGTTTGAAACGAGAAGACAGAGGTTGCAGTGAGCCAAGATCGCACCACTGCACTCCAGCCTAGGCGAAAGAGCGAAACTCCATCTC","GGCTGGGCGCAGTGGCTCACGCTTGTAATCCCAGCACTTTGGGAGGTCGAGGTGGGTGGATCACAAGGTCAGGAGTTCAAGACCAGCCTGGCCAACATGGTGAAACCCCGTCTCTGCTAAAAATAGAAAAATTAGCAAAGCATGGTGGCAGGCGCCTGTAATCACAGCTACTCGGGAAGCTGAGGCAGGAGAATCACTTGAAACTGAAAGGTAGAGGTTGCAGTGAGCCGACATCACCACCACTGCACTCCAGCCTGGGCGACAAGAGCGAAACTTCATCTAAAAAA"
"chr1","41868089","41868099","JH378272","2083837","2083868","23","39784252","AAATAAATAAA","CCAGCCTGGGAAACATGATGAAACTTCATCTC"
"chr1","44951611","44951925","JH378230","2697043","2697360","55","42254568","GGCTGACTGCAGTGGCTCACGCCTGTAATCCCAGCACTTTGGGAGACCGAGGCAGGCGGATCATGAGGTCAAGAGTTCGAGACCAGCCTGGCCAATATTGTGAAACCCTGCCTCTACAACAAAATTAGCTGGGCATGGTGGCAGGCGCCTGTAATTCCAGGCACTCGGGAGGCTGAGGCAGAAGAATCACTTGAAACCAGAAGGTGGAGGTTGCAGTGAGCCGAGATTGCACCACTGCACTCCAGCCTGGGCAACAAAAGTGAAACTCTGTCTCTAAATAAATAAATAAATAATAAATAAATAAAATAAAATAAA","GGCCGGGCGTGGTGGCTCAAGCCTGTAATCCCAGCACTTTGGGAGGCCGAGGCGGGTGGATCATGAGGTCAAGAGATCGAGACCATCCTGGTCAACATGGTGAAACCCCGTCTCTACTAAAAATACAAAAAAATTAGCTGGGCATGGTGGCGCATGCCTGTAATCCCAGCTACTCAGGAGGCTGAGGCAGGAGAATTGCTTGAAACCAGGAGGCGGAGGTTGCCATGAGCCGAGATCGCACCATTGCACTCCAGCCTGGGTAACAAGAGTGAAACTCCATCTCAAAATAAATAAATAAATAAATGAATAAATAAATAA"
"chr1","45960874","45961021","JH378192","5406761","5406913","24","40554113","TTAGCCAGGCATGGTGGCGGGCACCTGTAATCCCAGCTACTCGGGAGGCTGAGGCAGGAGAATCACTTGAAACTGGGAGGCAGAGGTTGCAGTGTGCCGAGATCGTGCCACTGCACTCCAGCCTGGGCAACAAAAGTGAAACTCTGTC","TTAGCCAGGCGTGGTGGCGGGTGCCTGTAATCCCAGCTACTTGGAAGGCTGAAGCAGGAGAATCGCTTGAAACCAGGAGGTGGAGGTTGCAGTGAGCTGACATCGTGCCATTGTACTCCAGCCTGGGCAACAAGAGTGAGACTCCATCTCAAA"
"chr1","46712655","46712963","JH378205","1510121","1510420","45","45202534","GGCCAGACACAGTGACTCACACCTGTAATCCCAGCACGTTGGGAGGCTGAGGCGGGCAGATCACGAGGTCAGGAGTTCGATACCAGCCTGGCCAACATGGTGAAACCCCCACTCTACTAAAAATACAAAAATTAGCTGGGTGTGGTGGCGGGCACCTGTAATCCCAGCTACTTGGGAGGCTGGGGCAGGAGAATTGCTTGAAACTGGAAGGCAGAGGTTGCAGTGAGCTGACGTTGTGCCACTGCACTCCAGCCTGGGGGAAAGAGCAAAATTCTGTCTCGAAAAAATAATAATAATAAAATAAACAAA","GGCTGGACGTGGTGGCTCACACCTGTAATCCCAGCACTTTGGGAGGCCAAGGTGGGCAGATCACGAGGTCAGGAGTTCGAGAACAGCCTGGCCAACATGGTGAAACCCCATCTCTACTAAAAATACGAAAATTAGCTGGGCGTGCTGGCGAGCACCTGTAATCCCAGCTACTCGGGAGGCTGGGGCAGGAGAATCACTTGAAACCGGAAGGCAGAGTTTGCAGTGAGCTGAGATCGTGCCATTGCACTCCAGCCTGGGCGACAGGAGTGAAATTCTGTCTCAAAAAGAAAAGAAAAGAAA"
"chr1","46836678","46836971","JH378245","3312448","3312742","45","43524230","GCCGGGCGCGGTGACTCCCTCCTGTAATTCCAGCACTTTGGGAGGCCGAGGCTGGCAGATCACGAGGTCAGGAGTTCGAGACCAGCCTGGCTAACATGGCGAAACCTCATCTCTACTAAAAATACAAAAATTAGCCTGGCGTGGTGGCGGGCGCGTGTAATCCCAGCTACTCCTTAGACTGAGGCAGGAGAATCGCTTGAAACCGGAAGGTGGAGGTTGCAGTAAGCAGAGATCGCGCCACTGAAATCCAATCTGGGCGACAAAGCGAAACTCCGTCTCAAAAAAAAAAAAAAA","GGCCAGTCGTGGTGGCTCTCGCCTGTAATCCCAGCACTTCGGGAGGCTGAGGCAGGCAGATCATGAGGTCAGGAGTTTGAGACCAGCCTGGCCAATATGGTGAAACCCCGTCTCTACTAAAAATACAAAAATTAGCTGGACATGGTGGTGGGCGCCTGTAATCCCAGCTACTTGGGAGGCTGAGGCAGGACAATCGCTTGAAACCTGAAGGCGGAGGTTGCAGTGAGCCAAGATCATGCCACTGCACTCCAGCCTGGGCGAAAGAGTAAAACTCCGTCTCAAAAAAAAAAAGAAA"
"chr1","47525833","47526132","JH378205","1510121","1510420","40","46015712","GGCCAGGCATGGTGGCTCACGCCTCTAATCCCAGCACTTTGGGAGGCCAAGGTGGGGGGATCACGAGGTCAGGAATTCGAGACCAGCCTGGCCAACATGGTGAAACCCTGTCTATACTAAAAATACAAAAATTAACCGGGCGTGGTGGCGAGTGCCTGTAAACCCAGCTACTCGGGAGGCTGAGGCAGGAGAATCACTTGAAACCGGAAGGTGGAGGTTGCAGTGAACAGAGATCATGCTGCACTCCAGGCTGGGCGACAAGAGTGAAATTCCATCTCAAAAACAAACAAACAAACAAAA","GGCTGGACGTGGTGGCTCACACCTGTAATCCCAGCACTTTGGGAGGCCAAGGTGGGCAGATCACGAGGTCAGGAGTTCGAGAACAGCCTGGCCAACATGGTGAAACCCCATCTCTACTAAAAATACGAAAATTAGCTGGGCGTGCTGGCGAGCACCTGTAATCCCAGCTACTCGGGAGGCTGGGGCAGGAGAATCACTTGAAACCGGAAGGCAGAGTTTGCAGTGAGCTGAGATCGTGCCATTGCACTCCAGCCTGGGCGACAGGAGTGAAATTCTGTCTCAAAAAGAAAAGAAAAGAAA"
"chr1","52299904","52300120","JH378105","49496793","49497016","53","2803111","CAGATCACGAGGTCAGGAGTTCGAGACCAGCCTGGTCAACATGGTGAAACCCCGTCTCTACTAAAAATACAAAAATTAGGCGGGTGCGGTGTAATCCCAGCTATTCGGGAGGCTGAGACAGGAGAATTGCTTGAAACCGTAAGACGGAGGTTGCGGTGAGCCAAAATCGTGCCACTGCACTCCAGCCTGGACAAAAGAGCAAAACAAACAAAAAAAA","CTGAAATCAGGAGTTCAAGACCAGCCTGGCCACCATGATGAAATCCCATCTCTACTAAAAAGACAAAAAAATCAGCCAGGCTTGGTGGCGGGCTCCTGTAATCCCAGCTACTCGGGAGGCTGAGGCAAATGAATCGCTTGAAACCAGAAGGTGGAGGTTGCAGTGAGCCAGGACCCCGCCACTGCACTCCAGCCTGGGCAAAAGAGCAAAACTTCATCTTAAAA"
"chr1","52324453","52324749","JH378169","11824133","11824434","46","40500320","GCTGGGCGCAGTGGCTCACACCTGTAATCCCAGGACTTTGGGAGGCTGAGGCGGGCAGATCACAATGTCAGGAGTTCAAGACCACCCTGGCCAACATGGCAAAACCTCGTGTCTACCAAAAATACAAAAATTAGCCGAGCATGGTGGTGGGTGCCTGTAATCCCAGCTACTCCAGAGGCTGAGGCAAAAGAATCCCTTGAAACCGGGAGGCGGAGGTTGCAGTGAGCTGAGATCGCACTCCTGCACTCCAGACTGGGCGAAAGAGGGAAACTCCATTTCAATAAATAAATAAATAAA","GGCTGGGCACAGTGGCTCAAGCCTGTAATCCCAGCACTTTGGGAGGCCGAGGCTGGCAGATCATGATGTCAGGAGTTCAAGGCCAGCCTGATCAACATGGTGAAACCCTGTCTCTACTAAAAATACAAAAATTAGCCAGGCATGGTGGCAGGTGCCTGTAATCCCAGCTACTCCAGAGGCTGAGGCAGGAGAATTGCTTGAAACCAGAAGGCGAAGGTTGCAGTGAGCTGAGATTGCACCACTGCACTCCAACCTGGGCAAAAGAGCAAAACTCCATCTCAAAAAAAAAAAGAAAAGTAAAA"
"chr1","53615810","53616091","JH378239","4840763","4841048","49","48775047","GCTGGGTGTGCTGGCTCACGCCTGTAATCCCAGCACTTTGGGAGGCTGAGGTGGGCGGATACGAAGGTCAGGAGTTTGAGACCAGTCAGGCCACATGGGAACCCCGTCCTTTACTAAAATACAAAAATTAACCTGCGTGGTGGCGGGTGCCTGTAATCCCAGCTACTCAGGAGCTGAGGCAGGAGAATCGCTTGAAAACCGGAAGGCAGGTTGCTGAGCCAAGATTGTGCCCCATTGCACTCCAGCTTGGGCAACAAGAGTGAGACTCCGTCTCAAAACAAA","GGCCGGGTGTGGTGGCCCACGCCTGTAATTCCAGCACTCTGGCAGGCCGAGGCGAGCGAATCACGAGGTCAGGAGTTTGAGACCAGCCTGGCCAACATGGTGAAACCCCGTCTCTACTAAAAATACAAAAATTAACCGTGCGTGGTGGCACATGCCTGTAATACCAGCTACTCGGGAGGCTGAGGCAAGAGAATCGCTTGAAACCGGAAGGCAGAGGTTGCAGTGAGCCGAGATCGTGCCTTTGCACTCCAGCTTGAGCAGCAAGAGCAAAACTCTGCCTCAAAAA"
"chr1","54860187","54860480","JH378245","3312448","3312742","37","51547739","GCTGGGCATGATGATTCATGGCTGTGATCCCAGCACTTCAGGAGGCCGAGGCAGGCGGATCATGAGGTCAGGAGTTCGAGACCAGCCTGGCCAACATGGTGAAACCCCATCTCTACTAAAAACACGAAAATTAGCAGAACATGCTGGCAGGCGCCTGTAATCCCAGCTACTTGGGAGGCTGAGGCAAAATAATCGCTTGAAACTGGAAGGCGGACGTTGCAGTGAGCCAAGATTGCGCCACTGCACTCCAGCCTGGGCGAAAGAGCAAAACTCCATCTCAAAAAAAAAAAAAAA","GGCCAGTCGTGGTGGCTCTCGCCTGTAATCCCAGCACTTCGGGAGGCTGAGGCAGGCAGATCATGAGGTCAGGAGTTTGAGACCAGCCTGGCCAATATGGTGAAACCCCGTCTCTACTAAAAATACAAAAATTAGCTGGACATGGTGGTGGGCGCCTGTAATCCCAGCTACTTGGGAGGCTGAGGCAGGACAATCGCTTGAAACCTGAAGGCGGAGGTTGCAGTGAGCCAAGATCATGCCACTGCACTCCAGCCTGGGCGAAAGAGTAAAACTCCGTCTCAAAAAAAAAAAGAAA"
"chr1","58555028","58555321","JH378257","294971","295263","47","58260057","CTCACACCTGTAATCTCAGTACTTTGGGAGGCCTAGGTGGGCGGATCATAAGGTCAGAAGTTCGAGACCAGCCTGGCCAACATAGTGAAACCCCGTCTCTACTAAAAATACAAAAAATTAGCCGGGCGTGGTGGTGGGTGCCTGTAATTCCAGCTACTTGGGAGGCTGAGACAGAGGAATTGCTTGAACCCGGGAGGTGGAGGTTGCAGTGAGCCGAGATGGTGCCACTGCACTCCAGGCTGGGCAACAAGAGTGAAACTTCGTCTCAAAAAGAAAAACAAAAAACAAAAAAAA","ACATCTGTAATCCCAGCACTTTGGGAGGCCGAGGCAGGTGGATCACGAGGTCAAGAGATCGAGACCATCCTGATCAACATGGTGAAACCCCGTCTCTACTAAAAATACAAAATAATTAGCTGGGCATGGTGGCGTGTGCCTGTAATCCCAGCTACTCAGGAGGCTGAGGCAGGAGAATTGCCTGAAACCAGGAGGCGGAGGTTGCAGTGAGCCGAGATCGCGCCATTGCACTCCAGCCTGGGTAACAAGAATGAAACTCTGTCTCAAAAAAAAAAAAAAAAAAAAGAAAGAAA"
"chr1","59177493","59177786","JH378150","3663097","3663397","54","55514396","GGCCAGACATGGTGGCTCATGCCTGTAATCCCCAGCACTTTCAGAGGCTGAAGTGGGCGGATCACGAGGTCAGGAGTTTGAGACCAACCTGGCCAACATGGTGAAACCCCGTCTCTACTAAAAATAGCTGAGTATGGTGGCAGTTGCCTATAATTCCAGCTACTCAGGAGGCTGAGGCAGGAGAATCGCCTGAACCCAGGAAGGCGGAGTGCAATAAGCTGAGATTGCGCCACTGAACTCCAGCCTGGGCAACAAGAGCAAGACTCCATTTCAAAAAAAGAAAGAAAGAAAGAA","GCCGGGCACGGTGGCTCAAGCCTGTAATCCCAGCACTTTGGGAGGCCGAGGCGGGTGGATCACGAGGTCAAGAGATCGAGACCATCCTGGTCAACATGGTGAAACCCCGTCTCTACTAAAAATAGAAAACATTAGCTGGGCATGGTGGTGCGTGCCTGTAATCCCAGCAACTCAGGAGGCTGAGGCAGGAGAATTGCCTGAAACCAGGAGGTGGAGGTTGCAGTGAGCCAAGATGGCGCCATTGCACTCCAGCCTGGGTAACAAGAGCAAAACTCCATCTCAAAAAAATAAAGAAAGAAAA"
"chr1","59923801","59924119","JH378106","58660565","58660863","57","1263236","GGTCAGGCACGGTGGCTCACGCCTGTAATCCTAGCACTTTGGGAGGCCGAGGCAGGTGGGATCATGAGGTCAGCAGCTTGAGACCAGCCTGTGCAACATGGTGAAACCCTGTCTCTACTAAAAATACAAAAAAATATATATATATATATATTAGCTGGGTGTGGTGGCAGGCACCTGTAATCTCAGCTACTCGGGAGGCTGAGGCAGGAGAATCACTTGAAACTGGAAGACGGAGGTTGCAGTGAGCCAAGATTGTGCCACTGCACTCCAGCCTGGGCAAGAAGAGCAAAACTCCATCTCAGAAAAAAAAAAAAAAAAA","GCCAGACACGGTGGCTCACACCTGTAATCCCAGCACTTTGGGATGTCGAGGTGGGCAGATCATGAGGTCAAGAGTTTGAGACCAGCCTGGCCAACATGGTAAAACCCTATCTCTACTAAAAATACAAAAATTAGCTGGGTGTGGTGGCAGGTGCCTGTAATCCTAGCTACTTGGGAGCCTGAGGCAGGAGAATCACTTGAAACTGGAAGGCAGAGGTTGCAGTGAGCCGAGATAGTGCCACGGCACTCCAGCCTAGGCAACAAGAGCGAAACTGTCTCAAAAAAAGGAAAAAAAAAAAA"
"chr1","60553907","60554214","JH378137","1949849","1950158","47","58604058","GCCAGGCTCGGTGGCTCACGCCTGTAATCCCAGCACTTTGGGAGGCCAAGGCGGGTGGACCACGAGGTTAGGAGTTAGAGACCAGCCTGGCCAACATGGTGAAATCCCGTCTATACCAAAAATACAAAAATTAGCCCAGTGTGGCGGCGGGTGCCTGTAATCCCAGCTACTCAGGAGGCTGAGACAGGAGAATCACCTGAAACCAGAAGGTGGAAGTTGCAATGAGCCGAGATAACGCCACTGCACTCCAGCCTGGAAGAAAGGAGCAAAATTCCATCTGAAAAGAAAGAAAGAAAGAAAGAAAGAAA","GGTTGGGCACGGTGGCTCACGCCTGTAATCCCAGCACTTTGGGAAGCCAAGGTGGGCGGATCATGAGGTTAGGAGTTCGAGACCAGCCTGGCCAACATGGTGAAACCTCGTCTCTACTAAAAATACAAAAATTAGCTGGGCATAGTAGCGGGTGCCTGTAATCCCAGCTACTTGGGAGGCTGAGGCAGGAGAATCACTTGAAAATGGAAGGTGGAGGTTGCAGTGAGCTGGAATCACGCCACTGCACTCCAGCCTGGAAGAAAGAGTGAAACTTCATCTCAAAAAAAAAAAAAAAAAGGAAAGAAAGAAA"
"chr1","60758901","60759210","JH378107","46009365","46009670","45","14749536","GGCCGGGCGTGGTGGCTCATGCCTATAATCCCAGAACTTTGGGAGGCCAAGGTGGGCAGATCACGAGGTCAGGAGATCGAGACCATCCTGCCCAACATGGTGCAACCCAGTCTCTACTAAAAAATACAAAAATTAGCCAGGCGTGGTGGTTGGTGCCTATAGTCCCAACTACTCAGGAGGCCTACGCAGGAGAATCACTTGAACCCAGTAGGCGGAGGTTGCAGTGAGCCAAGATCGCACCACTGCACTCCAGCCTGAGCAACAAGATCAAAAACTCTGTCTCAAAAAAAAAAAAAAAAACAAAAAAAAA","GGCCGGGCGTGGTGGCTCACGCCTGTAATCCCAGCACTTTGGGAGGCCAAGGCAGGTGGATCACGAGGTCAAGAGGTCGAGACCATCCTGGTCAACATGGTGAAACCCCGTCTCTGCTAAAAATACAAAAATTAGCTGGGCATGGTGGCACGTGCCTGTAATCCCAGCTACTCAGGAGGCTGAGGCAGGAGAATTGCCTGAAACCAGGAGGCGGAGGTTGCGGTGAGCCGAGATTGCGCCATTGCACTCCAGCCTGGGTAACAAGAGCGAAACTCCGTCTCAAAAAAAAAAAAAAAAAAAAAAAAA"
"chr1","67219480","67219770","JH378148","3009466","3009760","44","64210014","GGCCAGGCGTGGTGGCTCATGCCTGTAATCCCAGCACTTTGGGAGGCAGAGGCAGGTGGACCATGAGGTCAGGAGTTCAAGACCAACCTGGCCAACATGTTGAAACCTGGTCTCTACTAAAAATACAAAAATTCACCAGCCGTGGTGGCGGGCACCTGTAATCCCAGCTACTGCAGAGACTGAGGCAGGAGAATTGCTTGAAACCTGAGGCAGAGGTTGCAGTGAGCCGAGATTGTGCCACCGCACTCCAGCCTGCGTGAAACAGCAAAACTCGGTCTCAAAATAAATAAA","GGCCAGGTGTGGTGGCTCACGCCTGTAATCCCAGCACTTTGGGAGGCCGAGGCAGGTGGATGATGAGGTCAGGAGTTCGAGACCAGCCTGGCCAAAATGGTGAAACCCTGTCTCTACTAAAAATACAAAAAAATTAGCCAGGCGTGGTGGCATGCGCCTATAATCCCAGCTACTCAGGAGGCTAAGGCAGGAGAATCACTTGAAACCAGAAGGCAGAGGTTGCAGTGAACTGAGATCACGCCACTGCACTCCAGCCTGGGCAACAAGAGCAAAACTCCATCTCAAAAAATAAAAA"
"chr1","67488148","67488456","JH378107","46009365","46009670","34","21478783","GGCCAGGCGTGGTGGCTCATGCCTGTATTCCCAACACTTTGAGAGGCTGAAGCAGGTGGATCATGAGGTCAGGAGTTCAAGACCAACCTGGCCAACATGGTGAAACCCCGTCTCTACTAAAAATACAAAAATGAGCTGGGCCTGGTAGCAGGCACCTGTAATCCCAGCTACTCAGGAGGCTAAGGCAGGAGAATCGCTTGAAACCAGAAGGCAGAGGTTGCTGTGAGCTGAGATTGCGCCACTGCACTCCAGCCTGGGCAACAAGAACGAAACTCCGTCTCAACAAAAAAAAAAAAAAAAAAAAAAAAA","GGCCGGGCGTGGTGGCTCACGCCTGTAATCCCAGCACTTTGGGAGGCCAAGGCAGGTGGATCACGAGGTCAAGAGGTCGAGACCATCCTGGTCAACATGGTGAAACCCCGTCTCTGCTAAAAATACAAAAATTAGCTGGGCATGGTGGCACGTGCCTGTAATCCCAGCTACTCAGGAGGCTGAGGCAGGAGAATTGCCTGAAACCAGGAGGCGGAGGTTGCGGTGAGCCGAGATTGCGCCATTGCACTCCAGCCTGGGTAACAAGAGCGAAACTCCGTCTCAAAAAAAAAAAAAAAAAAAAAAAAA"
"chr1","68769242","68769516","JH378269","313424","313699","54","68455818","CCTGTAATCCCAGCACTTTTGGGGGGCCGAGGTGGGCGGATCACAAGGTCAGGAGTTCGAGACCAGCCTGGCCAACATGGCAAAACTCCATCTCCACTAGAACTATAAAAATTAGCAGGGCATGGTGGTGGACGCTTGTAGTCCCAGCTATTGGGAAGCCAAGGCAGGAGAAACACTTGAACCTGGAGGCAGAGGTTGCAGTGAGCAGTGATTGTGCTATTGCACTCCAGCCTGGGCAACAACAGAAAAACTCTGTCTCAAAAAAAACAAAAAAA","CTGTAATCCCAGCACCTTGGGAGGCCAAGGCGGTTGGATCATGAGGTCAGAAGTTCCAGGCCAGCCTGGCCAATATGGTGAAACCCCATCTCTACTAAAAATACAAAAATTAGCTGGGTATGGTGATGGTGGGCGCCTGTAATCCCAGCTACTTGGGAGGCTGTGGCAGGACAATCGCTTGAAACCAGGAGGCAGAGTTTGCAGTGAGCTGAGATCATGCCACCACACTCCAGCCTGGACAAAACAGCAAAACTATGTCTCAAAAAAAAAAAAGAA"
"chr1","77396742","77397044","JH378169","11824133","11824434","43","65572609","GGCTGGGCGCAGTGGTGCACGCCTGTAATCCCAGCACTTTGGGAGGCCGAGGTGGGCAGATCACAAGGTCAGGAGTTCGAGACCAACCTGGCCAACATGGTGAACCATAGTCTCTACTAAAAATACAAAAATTAGCCAGGAGAGGTGGCGGGCGCCTGTAATTCTTGCTACTTGGGAGGCTGAGGCAGGAGAATCACTTGAAACCAGAAGGCAGAGGTTGCAGTGAGCTGAGATTACGCCACTGCACTATAGCCTGGGCAACCAAGAGCAAAACTCCATCTCAAGAAAAAAAAAAAAAAAAAA","GGCTGGGCACAGTGGCTCAAGCCTGTAATCCCAGCACTTTGGGAGGCCGAGGCTGGCAGATCATGATGTCAGGAGTTCAAGGCCAGCCTGATCAACATGGTGAAACCCTGTCTCTACTAAAAATACAAAAATTAGCCAGGCATGGTGGCAGGTGCCTGTAATCCCAGCTACTCCAGAGGCTGAGGCAGGAGAATTGCTTGAAACCAGAAGGCGAAGGTTGCAGTGAGCTGAGATTGCACCACTGCACTCCAACCTGGGCAAAAGAGCAAAACTCCATCTCAAAAAAAAAAAGAAAAGTAAAA"
"chr1","77554279","77554583","JH378182","4696933","4697238","41","72857346","GGCCAGGCATAGGGCCTCACGCCTGTAATCCCAGCACTTTGGGAGGCCGAGGCAGGCGGATCACGAGGTCAGGAGATCGAGACCAGCCTGGCCAACATGGTGAAACCCTGTCTCTACTAAAAACATAAAAATTAGTCAGGCATGGTGGCGGGTGCCTATAATTCCAGCTACTCGGGATGTTGAGGCAGGAGAATCACTTGAAAGCAGAAGGCAGAGGTGGCAGTGAGCCAAGATAGCACCACTGCACTCCAGCCTGGGAGAAAGGGTGAAACTCCATCTCAAAAAAAAAAAAAAAAAAAAAAAAA","GCCAAGCGCGGTGGCTCAAGCCTGTAATCCCAGCACTTTGGGAGGCCGAGGCAGGCGGATCACGAGGTCAAGAGATCGAGACCATCCTGGTCAACATGGTGAAACCCTGTCTCTACTAAAAATACAAAACATTAGCTGGGCATGGTGGCGCGTGCCTGTAATCCCAGCTACTCAGGAGGCTGAGGCAGGAGAATTGCCTGAAACCAGGAGGCGGAGGTTGCGGTGAGCCGAGATCGCGCCATTGCACTCCAGCCTGGGTAACAAGAGCGAAACTCCGTCTCAAAAAAAAAAAAAAAAAAAAAAAAA"
"chr1","77720136","77720418","JH378119","27398979","27399261","47","50321157","CGCCTATAATCCCAGCACTTTGGGTGGCCGAGGTAGGTGGATCATGAGGTCAGGAGTTCAAGACCAGCCTGGCCAACATGGTGAAACCCTGTCTCTACTAAAAATACAAAAAATTAACTGGGTGTGGTGGTGCATGTCTGTAATCCCAATTACTTGGGAGGCTGAGACAGGAGAATTGCTTGAAACTGGAAGGCGGAGGTTGCAGTGAGCCAAGATTGTGCCACTGCACTCCAGCCTGGACAACAAGAATGAAATTCCATCTCAAAAATAATAATAAAAAAAA","CTATAATCCTACCACTTTGGGAGGCCAGGGTGGGTGGATCACTAGGTCAGGAGTCCGAGACCAGCCTGGCCAACATGGTGAAACACTGCCTCTACTAAAAATACAAAAATTAGCCAGGTATAGTGGCAGCCATCTGTAATCTCAGCTACTCGGGAGGCTGAGGCAGGAGAATTGCTTGAACCTGGAAGGCAGAGGTTGCAGTGAGCCAAGATCGTGCCATTGCACTCCAGGCTGGACAACAAGAACAAAACTCCGTCTCAAAAAAAAAAAAAAAAAAAAAAAA"
"chr1","77964296","77964602","JH378136","18027573","18027877","38","59936723","GGCCAGGCACAGTGGCTCACGCTTGTAATCCCAGCACTTTGGGAGGCCTAGGTGGGTGGATCACAAGGTCAGGAGTTTGAGACCAGCCTAGCCAACATGGTGAAACCCCATCTCTACTAAAAACACAAAAGTTAGCTGGGTGTGGTGGCGGGAGCCTGTAATCCCAGCTACTCAGGAGGCTGAGGCAGGAGAATTGCTTGAAACTGGAAAGCAGAGGTTGCAGTGAGCCGAGATCGTGCAACTGCACTCCAGCCTGGGCAACAAGAGCTAAACTACGTCTCAAAAAAAAAAAAAAAAAAAAAAGAAA","GGCCGGGCGCGGTGGCTCAAGCCTGTAATCCCAGCACTTTGGGAGGCCGAGGCGGGTGGATCACGAGGTCAAGAGATCGAGACCATCCTGGTCAACATGGTGAAACCCCGTCTCTACTAAAAATACAAAAAATTAGCTGGGCATGGTGGCGTGTGCCTGTAATCCCAGCTACTCAGGAGGCTGAGGCAGGAGAATTGCCTGAAACCAGGAGGCAGAGGTTGTGGTGAGCCGAGATCACGCCATTGCACTCCAGCCTGGGTAACAAGAGCTAAACTCCGTCTCAAAAAAAAAAAAAAAAAAAGAAA"
"chr1","81327109","81327418","JH378123","11664205","11664513","43","69662904","GGCCGGGTGCCGTGGCTCACACCTGTAATCCCAGCACTTTGGGAGGCCTAGGCAGGGGGATCACAAGGTCAGGAGTTCGAGACCAGCCTGGCCAACATGGTGAAGTCCTGTCTCTACTAAAAATACAAAAATTAGCCAGGCATGATGGCAGGCGCCTGTAGTCCCAGCTACTTGGGAGGCTGAGGCAGGAGAATCACTTGAAACCAGAAGGTGTAGGTTGCAGTGAGCTGAGATTATGCCGAGACTGCACTCCAGCCTGGGTGAAAGAGTGAAACTCTATCTCAAAAAAGAAAAAAAAAAAAAAAAAAAA","GCCAGGTGCCGTGGTTCACACCTGTAATCCCAGCACTTTGGGAGGCCGAGGCAGGTGGATCATGAGGTCAGGAGTTCGAGACCAACCTAGCCAACCTGGTGAAATCCTGTCTCTACTAAAAGTACAAAAATTAGCTGGGCATGGTGGTAGATGCCTGTAATCCTAGCTACTTAGAAGGCTGAGGCAGGAGAATAGCTTGAAACTGGGAGGTGGAGGTTGCAGTAAGCAGAGATTGCACCACTGCACTACAGCCTGGGCAAAAGAGTGAAACTCTATCTCAAAAAAAAAAAAAAGAAAAAAAGAAAGAAA"
"chr1","85698488","85698768","JH378146","6921944","6922227","44","78776544","GGCTGGGCGTGGTGGCTCATGCCCATAATCCCAGCACTTTAGGAGGCCAAGGCGGGCGGATCATGAAGTCAGGAGTTCGAAACCAGCCTGGCTAATGTGGTGAAACCCCGTCTGTAATAAAAATACAAAAATTAGCCAGGCATGGTGGTGGGCACCTGTAATCCCAGCTACTCGGGAGGCTGAGGTGAGACAATCACTTGAAAGCAGAAGGTGGAGGTTGCAGTGAGCCGAGATCATGCCACAGCACTCCAGCCTAGGCAATAAGAGCGAAACTCCATCTC","GGCTGGGCGTGGTGGCCCATGCCTGTAATCCCAGCACTTTGGGAGTCCGAGGTGGGCGGAACACGAGGTCAGGAGTTCAAGACCAGCCTGGTCAACATGGTGAAACCCGATCTCTACTAAAAATACAAAAATTAGCCAGGCGTGGTGGTGGGCTCCTGTAATCCCAGCTACTCAGGAGACTGAGGCAGGAGAATTGCTTGTAACCAGAAGGTGGAGGTTGCAGTGAGCCGAGATCATGCCACTACACTCCATCCTGGGCGAAAGAACCAAACTCCATCTCAAAA"
"chr1","85968006","85968343","JH378227","1195635","1195952","69","84772371","GGCTGGGTGCGGTGGCTTATGCCTGTAATCCCAGCACTTTGGGAGGCTGAGGCGGGAAGATCACGAGGTCAGGGGTTTAAGACCAGTCTGGCCAACACGGTGAAACCCTGTCTCTACTAAAAATACAAAACAAAACAAAACAAAACACACAAAAAAGAAAAATTAGCTAGGTGCGGTGGTGGGCGCCTGTAATCCCAGCTATTTGGGAGGCTGAGGCAGGAGAATTGCTTGAAGCCAGAAGGCGGAGGTTGCAGTGAGCTGAGATCAAGCCACTGCACTCCAGCCTAGGCACTGGGGTGAAACTCTGTCTCAAAGAAAGAAAAAAAAAAAAGAAAGAA","GGCCGGGCGCAGTGGCTCACGCCTGCAATCCCAGCACTTTGGAAGGCAGAGACGGGTGGATCACGAGGTCAAGAGATCGAGACCATCCTGGTCAACATGGTGAAACCCCGTCTCTACTAAAAATAAAAAAAAAATAAAAAATAAAAAAAATTAGCTGGGCATGGTGGCGCGTCCCTGTAATCCCAGCTACTCAGGAGGCTGAGGCAGGAGAATTGCCTGAAACCAGGAGGCGGAGGTTGCGGTGAGCCGAGATCATGCCATTGCACTCCAACCTGGGTAACAAGAGTGAAACTCAGTCTCAAAAAAAAAAAAAAAGAA"
"chr1","89619511","89619737","JH378239","5400101","5400333","39","84219410","GGCCAGGTGTGGTGGCTGATGCCTGAAAGCCTAGCACTTTGGGAAGCCAAGGCTGGTGGATCACAAGGTCAGGAGTTTGAGACCAGCCTGGCCAAATGGTGAAACCCCATCTCTACTAAAAATACAAAAATTAGCCAGGCATGGTGGCGAGTACCTGTAATCCCATCTTCTTGGGAGGCTTAGGCAGGAGAATCTCTTGAAACTAGAAGGTGGAGGTTGCAGTGAGC","GGCCGGGCGTCATAGCTCACTCCTGTAATCCCAGAACTTTGGGAGGCCAAGGCAGGCGGATCACAAGGTCAGGAGTTTGAGAGCAGCCTGGCCAACATGGTGAAACCCCATCTCTACTAAAAATACAAAAATCAGCCAGGCGTGGTGGCAGGTGCCTGTAATCCCAGCTACTTGGGAAGCTGAGGCAGGAGAATCGCTTAAAACCAGAAGCAAAGGTTGCAGTGAGCTAAGAT"
"chr1","92165331","92165627","JH378127","10024758","10025055","43","82140573","GGCCGGGTGTGGTGGCTCACACCTGTAATCCCAACACTTTGGGAGGCCGAGGCGGGCGGATCACAAGGTCAGGAGTTCGAGACAACCTGGCCAACATGGTGAAACCCCGTCTCTACTAAAACTACAAAACTTAGCCGGGCTTGGTGGCAGGCGCCTGTAATCCCAGCTACTCCAGAGGCTGAGACAGGAGAATGGATTGAAATCGGAAGGCAGAGGTTGCACTGAGCCAAGATCCGGCCACTGCACTCCAGCCTGAGCAACAAGAGCAAAACTCCGTCTCAGAAAAAAAAGACAAAA","GGCCGGGCGCGGTGGCTCAAGCCTGTAATCCCAGCACTTTGGGAGGCCGAGGCGGGTGGATCACGAGGTCAAGAGATCGAGACCATCCTGGTCAACATGGTGAAACCCCGTCTCTACTAAAAATACAAAAAATTAGCTGGGCATGGTGGCGTGTGCCTGTAATCCCAGCTACTCAGGAGGCTGAGGCAGGAGAATTGCCTGAGACCAGGAGGCGGAGGTTGCAGTGAGCCGAGATCGCGCCATTGCACTCCAGCCTGGATAACAAGAGCGAAACTCCGTCTCAAAAAAAAAAAAAAAA"
"chr1","92298300","92298468","JH378225","5806449","5806610","23","86491851","GGCCGGGCGCGGTGGCTCACGCCTGTAATCCCAACACTTTGGGAGGCCGAGGCGGGTGGATCACGAGGTCAGGAGTTCAAGACCAGACTGGCCAACATGGTGAAACCTTGTCTCTACTAAAAATACAAAACTTAGCTGGGCATGGTGGCGGGTGCCTGTAATTCCAGCT","GCCGGGCGTGGTGGCTCAAGCCTGTAATCCCAGCACTTTGGGAGGCCGGGGCGGGTGGATCACGAGGTCAAGAAATCGAGACCATCCTGGTCAACATGGTGAAACCCCGTCTCTACTAAAAATACAAAAATTAGCTGGGCATGGTGGCACGTGCCTGTAATC"
"chr1","92641180","92641404","JH378239","5400101","5400333","49","87241079","GGCTGGGTGCAGTGGCTCACGCCTGTAATCTTAACACTTTGGGAGGCCGAGGCAGGCAGATCACGGGAAGTTAGGAGTTTGAGAACAGCCTGGCCAACATGGTGAAACTCCCTCTCTACTAAAAATACAAAAATTGGCCAGCCATGGTGGTGCACCTGTAATCCTAGCTACTTAGGAGGCTGAGGCAAAAAATCGTTTGACTGGAGGCAAAGTTACAGTGACCGA","GGCCGGGCGTCATAGCTCACTCCTGTAATCCCAGAACTTTGGGAGGCCAAGGCAGGCGGATCACAAGGTCAGGAGTTTGAGAGCAGCCTGGCCAACATGGTGAAACCCCATCTCTACTAAAAATACAAAAATCAGCCAGGCGTGGTGGCAGGTGCCTGTAATCCCAGCTACTTGGGAAGCTGAGGCAGGAGAATCGCTTAAAACCAGAAGCAAAGGTTGCAGTGAGCTAAGAT"
"chr1","93428017","93428282","JH378118","6053772","6054053","53","87374245","GGCTGGGCGCGGTGTCTCATGCCTGTAATCCCAGCACTTTGGGAGGCCGAGGTGGGTGGATCACGAGGTCAGGAGTTTGAGACCAGCCTGGCGAACATGATGAAACCCATCTCGGTGGTGGCGGGGGCCTGTAATACCAGCTAATTGGGAGGCTGAGGCAAGATAATTGCTTGAAATTGGAAGGCAGAGGTTGCAGTGGAGCCGATATCGCACCACTGCACTCCAGCTGGGCAACAAGAGCAAAACTCTCTCAAAAAAAAAAAAAA","GGCTGGGTGCAGTGGCTCATGCCTGTAATCCCAGCACTTTGGGAGGCCGAGGCAGGTGAATTACAAGGTCAGGAGTTCGAGACCAGCCTGGCCAACATGGTGAAACCCCATCTCTAGGTGTGATGGCGGGCGCCTGTAATCCCAGTTACTTGGGAGGCTGAAGCAGGAGAATCATTTGAAACCAGAAGGCAAAGGTTGCCGTGAGCTGAGATTGGGTCACTGCACTTCAGTCTGGGCAACAAGAGTGAAACTCTGTCTCAAAGAAAAAAAAAAAAACAAAAA"
"chr1","101031253","101031536","JH378206","2476848","2477135","46","98554405","GGCTAGATGCAGTGGCCCACGCCTGGAATCCCAACACTTTGGCAGGCCGAAGCTGGTGGATCACGAGGTCAGGAGTTTGAGACCAGCCTGGCCAACATGGTGAAAACCCATCTCTACTAAAAATAAAAAAAATTAGCCGGGTGTGGTGGCGGGTGCCTGTAATCCTGGGGAGGCTGAGGCAGGAGAATCACTTGAAACTGGAAGGTGGAGGTTGCAGTGAGCCGAGATCAATCAGGCCACTGTACTCCAGCCTGGGCAAAAGAGTGAAACTCCATCTCAAAAAA","GGCTGGGTGCAGTGGCTCACGCCTATAATCCCAGCACTTTGGGAGGCCGAGGTGGGTGGATCACAAGGTCAGGAGTTGGAGACCAGCCTGGCCAACATGGTGAAACCTCATCTCTACTAAATATACAAAAATTAGCCGGGTGTGGTGGCAGGTGCCTATAATCTCAACTACTCGGGAGGCTGAGGCAGGAGAATTGCTTGAAACTGGAAAGTGGAGGTTGCAGTAAGCTGAGATTGTGCCACTGCACTCCAGCCTGGACAACAAGAGCAAAACTGCGTCTCAAAAAAA"
"chr1","102394522","102394824","JH378125","4344553","4344853","48","98049969","GGCCGGGCGCGGTGGCTCACGCTTGTAATCCCAGCACTTTGGGAGGCCGAGGTAGGTGGATCACAATGTCGGCAGTTCGAGACCAGCCTGACCAACATGGTGAAACCCCGTTTCTACTACAAATACAAAAAAAATTAGCTGGGCGTGGTGATGGGCACCTGTAATACCAGTGACTTGGGAGGTTGAGGCAGGAGAATCTCTAGAAACTGGAAGGCGGAGCTTGCAGTGAGCCGAGATTGCGCCACTGCACTCTAGTCTGGGCAATAAGAGCAAAACTCCATCTCAAAAAAGAAAAAAAAAAAA","GCTGGGTGTGGTGGCTCACACCTGTAATCCCAGCACTTTGGAAGGCCAAGGTGGGCGGATCATGAGGTCAGGAGTTCGAGACCAGCCTGGCCAACACAGTGAAACCCCATCTCTACTAAAAATAAAAAAAATTAGCTGGGCATGGTGGTGTGCACCTGTAATCCCAGCTACTTGGGAGGCTGAGGTAGGAGAATCGCTTGAAACTGGAAAGCCGAGGTTGCAGTGAGTAGAGATCGCGCCACTGCACTCCAGCCTGAGCAACAAAAGCATAACTCCGTCTCAAAAAAAAAAAAAAAAAAAA"
"chr1","105279379","105279692","JH378127","13837233","13837537","47","91442146","GGCCGGGCACGCTGGCTCATGCCTGTAATCCCAGGATTTTGGGAAGCTGAAGCAGGTGGATCACGAGGTCAGGAGTTCGAGACCAGCCTGGCCAACATGGTGAAACACCATCTCTACTAAAAAAAATGCAAAAAATTAGCAGGACGAGGTGTGGCGGGCACCTGTAATCCCAGCTACTCAGGAGGCTGAAGCAGGAGAATCACTTGAAACCAGAAGGCGGAGGTTGCAGTGAGCCAAGATCGCACCATTGCACTCCAGCCGGGCAACAAGAGTGAACCTCCATCTCAAAATAAATGAATAAATAAAATAAAAAA","GGCCGGGCATGGTGGCTCAAGCCTGTAATCCCAGCACTTTGGGAGGCCAAGGCGGGTGGATCACGAGGTCAAGAGATCGAGACCATCCTGGTCAACATGGTGAAACCCCGTCTCTACTAAAAATGCAAAAAATTAGCAGGGCATGGTGGCGCGTGCCTGTAATCCCAGCTACTCAGGAGGCTGAGGCAGGAGAATTGCCTGAGGCCAGAAGGTGGAAGTTGCAGTGAGCCAAGAGTGCGCCATTGCACTCCAGCCTGGGTAACAAGAGCGAAACTCCATCTCAAAAAAAAAAAAAAAAAAAAAAA"
"chr1","109958494","109958745","JH378109","46986697","46986938","52","62971797","GGCCAGGTGTGGTGGCTCATGCCAGTAATTCCAGCACTTTGGAAGGCTGAAGTGAGCGAATCATGAGGTCAGGAGTTCGAGACCAGCCTGGCCAACATGGTGAAACCCTGTCTCCACCAAAAATACAAAACATTAGCTGGGCATGGTGGCACATGCCTGTAATCCCAGCTACTCAGGAGACTGAGGCCGGAGAATTGCCACTGCATTCCAGCCTGGGCAACAAGAGCAAAACTCCATCTCAAAAAAGCAAAA","GGCCAGGTGCAGTGGCTCACACATATAATCCCAGGACTCTGAGAGGCCGAAGCAGGTGGATCACGAGGTCAGGAGTTTGAGACCAGCCTGGCCAACATGATGAAACCCCATCTCTACTAAAAATACAAAAATCAGCTGGGTGTGGTAGCAGGCACCTGTAATCCCAGCTACTCAGGAGGCTTAGGCAGGAGTGCCACTATACTCCACCCTGGGCAAAAGAGTGAAACTCCATCTCAAAAAAA"
"chr1","110016440","110016742","JH378150","241281","241578","44","109775159","GGCCAGGCATGGTAGCGCATGCCTGTAATTCCAGTACTTTGGGAGGCTGAGGCAGGCAGATCACGAGGTCAGGAGTTTGAGACCAGCCTGGCCAACATGGTGAAGCCCCATTTCTACTAAAAATTTAAAAAGTAGCTGCATGTGGTGGTGGTCACCTGTAATCCCAGCTACTTGGGAGGCTGAGGCAGGAGAATCACCTGAAACCGGAAGGCGGAGGTTGCAGTGAGCCAAGATTGCACCACTGTACTCCAGCCTGGGCAACAAGAGTGGAACTCCATCTCAAAAATAAAAATAAAAATAAAA","GGCTGGGCGTGGTGGCTCATGCCTGTAATCCCAGCACTTTGGGAGGCCTAGGCAGGCAGATCACAACGTGAGGAGTTTAAGACCAGCCTGGCCAACATGGTGAAACCTCATCTCTACTGAAAATACAAAAATTAGCTTGGCGTGGTGGTGGGCACCTGTAATCCCAGCTACTTGGGAGGCTGAGGCAGGAGAATCGCTTGTAACCAGAAGACGGAGGCTGCAGTGAGCCAACATCGCACCACTGCACTCCAGCTTGGGCAAAAGAGCGAAACTGTCTCAAAAAAAAAAAAAAAAAAAA"
"chr1","110536941","110537218","JH378300","522382","522652","36","110014559","GGCCTGGCACGGTGGCTCACGCCTGTAATCCCAGCACTTTGGGAGGCTGATGTGGGCAGATCACGAGGTCAGGAGTTCGAGACCAGCCTGGCCAACATGGTGAAACCCCGTCTCTACTAAAAATACAAAAATTAGCTGGGTGTTGTGGCAGGCACCAGTAATCCCAGCTACTCGGGAGGCAGAGTTTGCAGTGAGCTGAGATCGTGCCATTGCACTCCAGCCTGGGCAACAAGAGCGAAACTCTGTCTCAAAAAAAATAAAAAATAAAAAATGAAAAA","GGCCGGGCACGGTGGCTCACGCCTGTAATCCCAGCACTTCGGGAGGCTGAGGCGGGTGGATCGCGAGGTCAAGAGATCGAGACCATCTTGGTCAACATGGTGAAACCCCGTCTCTACGAAAAATACAAAAATTAGCTGGGCATGGTGGCGGGTGCCTGTAATCCCAGCTACTCAGGAGGCGGAGGTTGCGGTGAGCCGAGATCGCGCCATTGCACTCCAGCCTGGGTAACAAGAGCAAAACTCTGACTCAAAAAAAAAAAAAAAAAAAAAA"
"chr1","111905185","111905486","JH378245","3312448","3312742","44","108592737","GGCAGGTCGCGGTGGCTCACGCCTGTAATCCCAACCCTTTGGGAGGCTGAGGCAGGTAGATCACAAGGTCAGGAGTTCAAGACCAGCCTGGCCAACATAGTGAAACCCTGTCCTTACTTAAAAAAAAAAATACAAAAATTAGCTGGATGTGGTGGCGGGCACCTGTAATCTCAGCTACTCTGGAGGCTGAGGCAGGAGAATCACTTGAATCCGGAAGGCGGAGGTTGCAGTGAGCCTAGATCATGCCACTGCAGTCCAGCCTCGGTTAAAGAGCAAAACTCCGTCAAAAAAAAAAAAAAAAA","GGCCAGTCGTGGTGGCTCTCGCCTGTAATCCCAGCACTTCGGGAGGCTGAGGCAGGCAGATCATGAGGTCAGGAGTTTGAGACCAGCCTGGCCAATATGGTGAAACCCCGTCTCTACTAAAAATACAAAAATTAGCTGGACATGGTGGTGGGCGCCTGTAATCCCAGCTACTTGGGAGGCTGAGGCAGGACAATCGCTTGAAACCTGAAGGCGGAGGTTGCAGTGAGCCAAGATCATGCCACTGCACTCCAGCCTGGGCGAAAGAGTAAAACTCCGTCTCAAAAAAAAAAAGAAA"
"chr1","112051564","112051850","JH378227","3749686","3749973","39","108301878","GGTTGGGCACGGTGGCTCATGCCTGTAATCCCAGCACTTTGGGAGGCCGAGGCGGGCAGATCACAAGGTCAGGAGTTCGAGACCAGCCTGGCCAACATGGTGAAATCCTGTCTCTACTAAAAATACAAAAATGAGCCAGGCATGGTGGCAAGCACCTGTAATCCCAGCTACTCGGGAGGCTGAGGCAGGAGAATCACTTGAAATGGGGAGACGGAGATTGCAGTGAGCTAAGATCATGCCACTGCACTCCAGCCTGGGCAACAAGAGTGAGACTCCATCTCAAAAAA","GACTGGGCACGGTGGCTCACACCTGTAATCCCAGCACTTTGGGAAGCCAAGGTGGGCAGATCATGAGGTCAGGAGTTTGAGACCAACCTGGCCAACATGGTGAAACACCATCTCTACAAAAAATACAAATATTAGCTGGGCGTGGTGGCACGCACCTGTAATCCCACCTACTCGGGAGGCTGAGGTAGGAGAATCACTTAAAACTGGAAGGTGGAGTTTGCAGTGAGCCAAGATCGTGCCACTGCATTCCAGCCTGGGCAAAAGAGTGAAACTCCGTCTCAAACAAAA"
"chr1","112856241","112856539","JH378190","1369448","1369736","33","111486793","GGCTGGGTGCAGTGGCTCACGCCTGTAATCCCAGCACTTTGGGAGGCTGAGGTGAGCGGATCATGAGGTCAGGAGTTCGAGACCAGCCTGGCCAACATGGTGAAACCCTGTCTCTACTAAAAATATACAAAAATTAGCTGGGCTTGGTGGCAGGTGCCTATAATCCCAGCTACTCAGGAGGCTGAGGCAGGAGAATCACTTGAAACCAGAAGGCAGAGGTTGCAGTGAGCCAAGATCACGCCACTGTACTCCAGCCTGGGTGACAAGAGTGAAACTGTCTTAAAAAAAAGAAAAAAAAA","GGCATAGTGGCTCACGCCTGTAATCCCAGCACTTTGGGAGGCTGAGGTGGGTGGATCATGATGTCAGGAGTTCGAGATCAGCCTGACCAACATGGTGAAACCCTGTCTGTACTAAAAATACAAAAATTAGCTGGGCATGGTGGCAGGCACCTATAATCCAAGCTACTTGAGAGGCTGAGGTAGGAGAATCACTTGAAACCAGAAGGCAGAGTTTGCAGTGAGCTGAGATCACACCACTGCACTCCAGCCTGGGTGAAAGAGTGAAACTGCATCTAAAAAAAAAAAAAAA"
"chr1","115601011","115601312","JH378136","18027573","18027877","32","97573438","GGCCAGGCACGGTGGCTCACGCCTGTAATCCCAGCACTTTGGGAGGCCAAGGCGGGCAGATCACAAGGTCAGAAGTTCCAGACCAACCTGGCCAACATGGTGAAACCTCGTCTCTACTAAAAATACAAAAATTAGCTGGGCATGGTGGCCAGCGCCTGTAATCCCAGCTACTCAGGATGCTGAGGCAGGAGAATAGTTTGAAACTGGGAGGCAGAGGTTGCAGTGAGCCGAGATCACGCCATTGCACTCCAGCCTAGGCAACAAGATCAAAACTCCGTCTCAAAAAAAAAAAAAAAAAAAAA","GGCCGGGCGCGGTGGCTCAAGCCTGTAATCCCAGCACTTTGGGAGGCCGAGGCGGGTGGATCACGAGGTCAAGAGATCGAGACCATCCTGGTCAACATGGTGAAACCCCGTCTCTACTAAAAATACAAAAAATTAGCTGGGCATGGTGGCGTGTGCCTGTAATCCCAGCTACTCAGGAGGCTGAGGCAGGAGAATTGCCTGAAACCAGGAGGCAGAGGTTGTGGTGAGCCGAGATCACGCCATTGCACTCCAGCCTGGGTAACAAGAGCTAAACTCCGTCTCAAAAAAAAAAAAAAAAAAAGAAA"
"chr1","117301355","117301632","JH378105","57938733","57939014","42","59362622","GCTGGGCGCGGTGGCTCATGCCTGTAATCCCAACACTTTGGGAGGCTGAGGTGAGTGGATCATGAGGTCAGGAGTTTGAGACCAGCCTGGTCAGCATGGTGAAACCCCGTATCTACTAAAAATACGAAAATTAGCTGGGTGTGGTGGTGGGTACCTGTAATCTCAGCTGCTTGGGAGGCTGAGGCCGGAGAATCGCTTGAAACTGGAAGGCAGAGGTTGCAGTGAACCAAGATTGCGCCACTGCATTCCAGCCTGGGCAACAAGAGGGAAACTCTGTC","GGCTGGGCGTGCTGGCTCACTCCTGTCATCCCAGCACTTTGGGAGGCCCGCGTGGGTGGATCATGAGGTCAGGAGTTCCAGACCAGCCTGGCCAATATGGTGAAACCCCGTCTCTACTAAAAATACAAAAAATTAGCTAGGCCTGGTGGCAGGTGCCTATAATCCCAGCTGCTCAGAAGGCTGAGGCTGGACAATCGCTTGAAACTGGGAGGCAGAGGTTGCAGTGAGCCGAGATTGCGCCATTGCACTCCAGCCTGGGCAAAAAGAGCGAAACTCTGTCCC"
"chr1","123195368","123195518","JH378192","5406761","5406913","27","117788607","TTACCCAGGTGTGGTGGCTGGTGCCTGTAAACCCAGCTACTCGGGATGCTGAGGCAGAAGAATTGCTTGAAACCAGAAGGCGGAGGTTACAGTGAGCAGAGATCGCACCACTGCACTGCAACCTGGGCAAAAGAGCAAAACTCCGTCTCAA","TTAGCCAGGCGTGGTGGCGGGTGCCTGTAATCCCAGCTACTTGGAAGGCTGAAGCAGGAGAATCGCTTGAAACCAGGAGGTGGAGGTTGCAGTGAGCTGACATCGTGCCATTGTACTCCAGCCTGGGCAACAAGAGTGAGACTCCATCTCAAA"
"chr1","123195811","123195863","JH378141","12431503","12431552","14","110764308","ACCAGCCTGACCAATATAGTGAAACCCTGTCTCTAATAAAAATACAAAAATTA","CCAGCTTGGTCAACATGGTAAAACCTCATCTCTATAAAAACACAAACATT"
"chr1","123538035","123538246","JH378238","4463495","4463707","43","119074540","GAGATCCAGCCTGGCCAACATGGTGAAACCCCCGTCTCTACTAAAAATACAAAAATTAGCTGGGCGCGGTGCCAGGCGCCTGTAATCCCAGCTACTTGGGAGGCTGAGGCAGGAGAATTGCTTGAAACTGTAAGGTGCAGGATGCAGTGAGCCGAGATCGCGCCACTGCACTCCAGCCAGGGTGAAAGAGGGAAACTCCATTTAAAAAAAAA","TTCGAGACCAGCCTGGCCAACGTGGTGAAACCCTATCTGTACTAAAAGTACAAAAATTAGATGGGCATGGTGGTGGGCACCTGTAATCCCAGCTTTTCTGGAGGCTGAGGCAGGAAAATTGCTTGAAACTGGAAGGCAGAGGTCGCTTTGAGCTGAGATCGAGCCACTGTACTCCAGCCTGGGAGAAAGCGAAACTCTGTCTCAAAAAAAAAA"
"chr1","124098557","124098680","JH378235","875614","875733","42","123222943","GGCTGAGGCACAAGAATCACCTTGACTGGAGAGGTTGCAGTGAGCCAGCATCAGCCACTGTACTCCAGCCTGGGCCACCTCCATCTCATACGCACAAACATACAAAATAAAATAAAAAATAAAA","GAGAATCACTTGAAACTGGGAGGCGGAGGTTGCAGTGAGCCAAGATCATGCCACTGTACTCCAGCCTGGGTAACAGAGCGAAATTCCATCTCCAAAAAAAAAAAAAAGAAAGAAAAGGAA"
"chr1","124595313","124595617","JH378109","11216706","11217003","51","113378607","GGCCGGGGCCTGGTGGCTCACGCTGGCTTTAATCCCAGCACTTTGGGAGGCCGAGGTGGGTGGATCGCAAGGTCAGCAGTTCGAGACCAGCCTGACCAACATGGGGAAACCCTGTCTCTACTAAAACTATAAAAAAATTAGCTGGGAGTGGTGGCGGGCGCCTGTAATCCCAGCGACTTGGGAGGTCCAGGCAGGATAATTGCTTGAAAACGGAAGGCGGAGGTTGCAGTGAGCAGATATTGCACCACTGCACTCTAGCCTGGGCAATAAGAGCAAAACTCTGTCTCAAAAAAAAAAAAAAAAAA","GGCCGGGCGTGGTGGCTCAAGCCTGTAATCCCAGCACTTTGGGAGGCCGAGGCGGGTGGATCACGAGGTCAAAAGATCGAGACCATCCTGGTCAACATGGTGAAACCCCGTCTCTACTAAAAATACAAAAAAACTAGCTGGGCGTGGTGGTGCATGCCTGTAATCCCAGCTACTTAGGAGGCTGAGGCAGGAGAATTGCCTGAGACCAGGAGGCGGAGGTTGCGGTGAGCTGAGATCGCGCCATTGCACTCCAGCCTGGGTAACAAGAGCGAAACTCCGTCTCAAAAAAAAAAAAAAA"
"chr1","124706163","124706450","JH378206","2476848","2477135","45","122229315","GCAGGACGAGGTGGCTCAAGCCTATAATCCCAGCGCTTTGGGAGGCCGAGGTGGGTGTATCACAAGGTCAGGTGTTCGAGACCAGCCTGCCCGACATGGTGAAACCCCATCTCTACTAAAAATACAAAAATTAGCCGAGCGTGGTGGCGGGCACCTGTAATCCTAACTACTTAGGAGGCTGAGGCAGGAGAATCACTTGCAATTGGAAGGTGGAGGTTGCAGTGAGCCGAGATCGCGCTACTACACTCCTGCCTGAGCGAAAGAGCGAAACTCCGTCTCAAAAAAAAA","GGCTGGGTGCAGTGGCTCACGCCTATAATCCCAGCACTTTGGGAGGCCGAGGTGGGTGGATCACAAGGTCAGGAGTTGGAGACCAGCCTGGCCAACATGGTGAAACCTCATCTCTACTAAATATACAAAAATTAGCCGGGTGTGGTGGCAGGTGCCTATAATCTCAACTACTCGGGAGGCTGAGGCAGGAGAATTGCTTGAAACTGGAAAGTGGAGGTTGCAGTAAGCTGAGATTGTGCCACTGCACTCCAGCCTGGACAACAAGAGCAAAACTGCGTCTCAAAAAAA"
"chr1","126145662","126145969","JH378119","6050976","6051277","43","120094686","GGCCGGGTGCAGTGGCTTATGCCTGTAATCCCAGCACTTTGGGAGGCTGAGGCGAGCAGACCACAAGGTCAGGGGTTCCAGACCAGCCTGGCCAACATGGTGAAATCCTGTCTCTACTAAAAATACAAAAATCAGACGGGGATGGTGGCACATGCCTGTAATCCCAGCTACTTGGGAGGCTGAGGTAGGAGAATCACTTGAAACTGGAAGGCGGAGATTGCAGTGAGCCGAGATCGCACCACTGCACTCCAGCCTGGGCAACAAGAGCAAAACTCCGTCTCAAAAAATAAAAATAAAAAATAAAAAAA","GACCGGGTGCAATGGCTCACGCCTGTAATCCCAGCACTTTGGGAGGCTGAGGTGGGCAGATCACAAGATCAGGAGTTTGAGACCAGCCTGGCCAATATGGTGAAATCCCGACTCTACTAAAAATACAAAAATTAGCCAAGCATGGTGCCAGGCACCTGTAATCCCAGCTACTTGGGAGGCTGAGGCAGGAGAATCACTTGAAACTGGATAATGGAGTTTGCAGTGAGCTGAGATCGTACCACTGTACTCCAGCCTGGGTGAAAGAGCAACACTCCGTCTAAAAAAAAATAAAAAAAATAAAA"
"chr1","126262227","126262536","JH378124","6602405","6602705","40","119659822","GGCCGGGTGCAGTGGCTCATGCCTGTAATCCCAGCACTTTGGGAGGCTGAGGCGGGGCAGATCACAAGGTCAGGAGTTCGAGACCAGCCTGGCCAACACGGTGAAACCCCATCTTTACTAAAAATACAAAAATTAGCTGGGCGTGGTGGCAGCCATGTGCCTGTAATCCCAGCTACTCAGGAGGTTGAGGCAGGAGAATCGCTTGAAACCGGGAGCTGGAGGTTGCAGTGAGCTGAGATCACACCACTGCACTCCAGCCTAGGCAACAAGAGTGACACTCTGTCTTTAAAAAAAAAAAAAAAAAAAAGAA","GGCTGGGTGCAGTGACTCATGCCTGTAATCCCAGCACTTTGGGAGGTTGAGGCCAGTGGATCACAAGGTCAGGAGTTCGAGACCAGCCTGGCCAACATGGTGAAACCCCATCTCTACTAAAAATACAGAAATTAACTGGACGTGGTGGCAGACGCCTGTAATCCTAGCTACTCGGGAGACTGAGGCAGGAGAATCACTTGAAACCGGAAGGTGGAGGTTACAGTGAGCCCAGATTGCAGCACTGCACTCCAGCCTGGCCAAGAAGAGTGAAACTCTGTCTCAAAAAAAAAAAAAAAAAAAA"
"chr1","128315564","128315863","JH378119","1423786","1424080","68","126891778","GCCGGGCCCGGTGGCTCACCGCCTGATAAATCCCAAGCATTTAGGAGCCGAAGGTCGGGCGGGTCACGAAGTCAGGAGATTGGAGACGTATCCTGCCAACATGGTGAGAACCCCCGTCTCTACAAAAATGCAAATTAGCCGAGCGTCGGTGGCAGGCGCTGTAGTCCCAGATTACTTGGGAGGCTGAGGGAGGAGAGTCGCTTGACCGAAGGCGGGTTGCGGCGAGCCCGAGATCGCGCCACCACCCCATCCAGCCTGGGCGACAAGAGCAAAAACTCGCTCAAAAAAAAAAAAAAAAAA","GGCCGGGCGCGGTGGCTCAAGCCTGTAATCCCAGCACTTTGGGAGGCCGAGGCGGGTGGATCACAAGGTCAAGAGATCGAGACCATCCTGGTCAACATGGTGAAACCCCGTCTCTACTAAAAGTGCAAAAAATTAGCTGGGCATGGTGGCAGGTGCCTGTAATCCCAGCTACTCAGGAGGCTGAGGCAGGAGAATTGCCTGAAGGCGAGGTTGCGGTGAGCCGAGATCGCGCCATTGCACTCCAGCCTGGGTAACAAGAGCGAAACTCCGTCTCAAAACAAACAAACAAACAAAA"
"chr1","128318647","128318948","JH378127","10024758","10025055","41","118293889","GGCCGGGCGCGGTGGCTCACGCCTGTAATCCCAGCACTTTAGGAGGCCGAGGCGGGCGGGTCACGAAGTCAGGAGATTGAGACTATCCTGGCCAACATGGTGAAACCCCGTCTCTACTAAAAATGCAAAAATTAGCCGAGCGTGGTGGCAGGCGCCTGTAGTCCCAGTTACTTGGGAGGCTGAGGCAGGAGAGTCGCTTGAACCCGGAAGGCGGAGGTTGCGGCGAGCCGAGATCGCGCCACTGCACTCCATCCAGCCTGGGCGACAAGAGCAAAAACTCGTCTCAAAAAAAAAAAAAAAAA","GGCCGGGCGCGGTGGCTCAAGCCTGTAATCCCAGCACTTTGGGAGGCCGAGGCGGGTGGATCACGAGGTCAAGAGATCGAGACCATCCTGGTCAACATGGTGAAACCCCGTCTCTACTAAAAATACAAAAAATTAGCTGGGCATGGTGGCGTGTGCCTGTAATCCCAGCTACTCAGGAGGCTGAGGCAGGAGAATTGCCTGAGACCAGGAGGCGGAGGTTGCAGTGAGCCGAGATCGCGCCATTGCACTCCAGCCTGGATAACAAGAGCGAAACTCCGTCTCAAAAAAAAAAAAAAAA"
"chr1","128499773","128500000","JH378290","250167","250397","36","128249606","CCGGGCCTGGTGGCTCACACCTGTAATCCCAGCACTTTGGGAAGCTGAGGCGGGTGGATAACGAGGTCAGGAGTTCGAGACCAGCCTGGCCAACATGAAGAAACCCCAGTCTCTACTAAAAATACAAAAATTAGCTGGGCGTGGTGGCGGGTGCCTGTAATCCCAGCTACTTGGGAGGCTGAGGCAGGAGAATCGTTTGAAACCAGAAGGCAGAGGGTTCAGTGAGCC","GACCAAGTACAGTGGTTCACGCCTGTAATCCCAGCACTTTGGGAGGCCAAGACAGATGGATCACGAAGTCAGGAGTTCAAGACCAGCCTGAGCAACATGGTGAAACCCTGTCTCTACTAAAAATACAAAAATTAGCTGGGTGTGGTGGTGGGTGCCTGTAATCCCAGCTACTCAGGAGGCTGAGGCAGGAGAATCGCTTGATACCAGAAGGCAAAGGTTACAGTGAGCCAA"
"chr1","128967461","128967773","JH378199","5489890","5490197","45","123477571","GACCAAGCACAGTGGCTCACGCCTGTAATCCCAGCACTTTGGGAGGCCAAGGTGGGCAGATCATGAGGTCAGGAATTCGAGACCATCCTGGCCAACATGGTGAAACCCTGTCTCTACTTAAAATACAAAAATCAGCCAGGTGTGGTGGCAGGTGCCTGTAATCCCAGCTACTCGGGAGGCTGAGGCAGGAGAATCGCTTGAAACCAGAAGGTGGAGGTAGCAGTGAGCCAAGATTTCACCCCTGCAGTCCAGCCTGGGCAACAAGAGCGAAACTCTGTCTCAAAAATCAAAATAAAGCAAACAAACAAACAAA","CCGGGCGCAGTGGCTCACGCCTGTAATCCCAGCACTTTGGGAGGCCGAGCAGGGCAGATCATGAGGTTAGGAGTTTGAGACCAGCCTCGACAACATGGTGAAACCAGTTTCTACTGAAAATACAAAAACCAACCAGGGGTGGTGGCGGGTGCCTGTAATCCCAGCTACTCAGGAGGCTGAGGCAGGAGAATCGCTTGAAACCAGAAGCCTGAGGTTGCAGTGAGCTGAGATCACGCCACTGCACTCCAGCCTGGGCAACAAGAGCAAAACTCCGTCTCAAAAAAAAAGAAAAGAAAAGAAAAAGAAAA"
"chr1","129049567","129049864","JH378119","1423786","1424080","42","127625781","GGCTGGGTGCAGTGGCTCACGCCTGTAATCCCAGCACTTTGGGAGACTGAGGTGGGTAGATCACAAGGTCAGGAGTTTGAGACCAGCCTGGCCAACATGGTGAAACCCTGTCTCTACTAAAAATACAAAAATTAGCCGTGTGTGGTGGCAGGTGCCTGTAATCCCAGCTATTCGGGAAGCTGAGGCAGGAGAATCGCTTGAAACCAGAAGGTTGCTGTGAGCTGAGATTATGCCACTGCACTCCAGCCTGGGCAACAAGAGTGAAACTCCGTCTCAAAAACAAAAAACAAACAAAAAA","GGCCGGGCGCGGTGGCTCAAGCCTGTAATCCCAGCACTTTGGGAGGCCGAGGCGGGTGGATCACAAGGTCAAGAGATCGAGACCATCCTGGTCAACATGGTGAAACCCCGTCTCTACTAAAAGTGCAAAAAATTAGCTGGGCATGGTGGCAGGTGCCTGTAATCCCAGCTACTCAGGAGGCTGAGGCAGGAGAATTGCCTGAAGGCGAGGTTGCGGTGAGCCGAGATCGCGCCATTGCACTCCAGCCTGGGTAACAAGAGCGAAACTCCGTCTCAAAACAAACAAACAAACAAAA"
"chr1","129093118","129093417","JH378169","11824133","11824434","41","117268985","GGCCAGGTGTGGTGGCTCACGCCTGTAATCCCAGCACTCTGGGAAGCCAAGGCGGACAGATAACGAGGTCAGGAGTTCGAGACCAGCCTGACCAACATTGTAAAACCCTGTCTCTACAGAAAAATACAAAAATTAGCCAGGCGTGGTAGCAGGCGCCTGTAATCCCAGCTACTCAGGAGACTGAGGCAGGAGAACTGCTTGAACCCAGAAGGCGGAGGTTGCAGTGAGCTGAGATTGCACCATTGCACTCCAGCCTGGGCAATAAGAGTGAAACTCCGTCTCAAAAAAAAAAAAAAGAAA","GGCTGGGCACAGTGGCTCAAGCCTGTAATCCCAGCACTTTGGGAGGCCGAGGCTGGCAGATCATGATGTCAGGAGTTCAAGGCCAGCCTGATCAACATGGTGAAACCCTGTCTCTACTAAAAATACAAAAATTAGCCAGGCATGGTGGCAGGTGCCTGTAATCCCAGCTACTCCAGAGGCTGAGGCAGGAGAATTGCTTGAAACCAGAAGGCGAAGGTTGCAGTGAGCTGAGATTGCACCACTGCACTCCAACCTGGGCAAAAGAGCAAAACTCCATCTCAAAAAAAAAAAGAAAAGTAAAA"
"chr1","129923055","129923365","JH378110","34753497","34753807","52","95169558","GGCTGGGCGCGGTGGCACATGCCTGTAATCCCAGGACTTTGGGAGGCCGAGGCGAGTGGATCACAAGGTCAGGAGTTTGAGACCAGCCTGGCCAACATAGTGAAACCCCATCTCTACTAAGAACATAAAAATTAACTGGGCATGGCAACAGGCACCTGTAATTCTAGCTACATGGGAGGCTGAGGCCAGAGAATCGCTTGAACCTGGGAGGCAGAGGTTGCAGTGAGCCAAGATCATGCCACTGCACCCCAGCCTGGGCAACAAGAAAAAAACTCTGTCGCAAAAAAAAAAAAAAAAAAAAAAAAAAAAAA","GGCTGGGCGCGGTGGCTCATGCCTGTAATCCCAGCACTTTGGGAGGCCGAGGCGGGTGGATCACGAGGTCAAGAGATCGAGACCATCCTGGTCAACATGGTGAAACCCCGTCTCTACTAAAAATACAAAAATTAGCTGGACATGGTGGCACGTGTCTGTAATCCCAGCTACTCAGGAGGCTGAGGCAGGAGAATTGCCTGAAACCAGGAGGCAGAGGTTGCAGTGAGCCGAGATCGCGCCATTGTACTCCAGCCTGGGTAGCAAGAGCGAAACTCTGTCTCAAAAAAAATAATAATAAAAATAAAAAATAA"
"chr1","130970108","130970418","JH378162","23612","23922","51","130946496","GGCAGGGTGTGGTGGCTCACGCTTGTAATCCCACCACTTTGGGAGGCTGAGGTGGACGGATCATGAGGTCAGGGGTTCAAGACCGGCCTGGCCAACATGGCGAAACCCCATCTCTACTAAAAATGTAAAAATTAGCTGGGTGTGGTGGCCCATGCCTGTTATCTCAGCTACTCTAGAGGCTGAGGTAGGAGAATCGCTTGAAACTGGGAGGTGGAGTTTGCAGTGAGCTGAGATCGTGCCATTGCACTTCAGCCCAGGCAATAAGAGCAAAAGTCTGTTTCAAAAAGAAAAAAAAAAGAGAAAAGAAGAAA","GGCAGGGCACGGTGGCTCAAGCCTGTAATCCCAGCACTTTGGGAGGCTGAGGCGGGTGGATCACGAGGTCAAGAGATCGAGACCATCCTGGTCAACATGGTGAAACCCCGTCTCTACTAAAAATACAAAAAATTAGCTGGGCATGGTGGCGCATGCCTGTAATCCCAGCTACTCAGGAGGCTGAGGCAGGAGAATTGCCTGAAACTAGAGGTGGAGGCTGCAGTGAGCCGAGATCGTGCTATTGCACTCCAGCCTGGGTAAAAAGAGCAAAACCCCGTCTCAAAAAAAAAAAAAAAAAAGAAAAAAGAAAA"
"chr1","137278330","137278621","JH378156","7076545","7076843","41","130201785","GGCCAGGCGCGGTAGCTCATGCCTGTAATCCCAGCACTTGGGGAGGCTCAGGCGGGCGCATCATGAGGTCAGGAGACCAGCCTGGCCAACATGGTGAAACCCCGTGTCTACTAAAAATACAAAAATCAGCTGGCCGAGGTGGCTGGCATCTGTAATCCCAGCTACTCAGGAAGCTGAGGCAGGAGAATTGCTTGAAACCGGAAGGCGGAGGTTGCAGTGAGCTGAGATTGCGCCACTGCACTCCAGCCTGGGCGAAAGAGTGAAACTCCATCTCAAAAGAAAAAAAAAAGAA","GGCCAGGTGCGGTGGCTCACGCCTGTAATTCCAGCACTTTGGGAGGCTGAGGCAGGTGGATCATGAGGTCAAGAGGTCAAGACCATCCTGGTCAACATGGTGAAACCCCGTCTCTACTAAAAATACAAAAAATTAGCTGGGCGTGGTGGCGGGTGCCTGTAATCCCAGCTACTCAGGAGGCTGAGGCAGGAGAATTGCCTGAAGCCAGAAGGCAGAGGTTGCAGTGAGCCGAGATAGCGCCATTGCACTCCAGCCTGGGTAACAAGAGCGAAACTCCATCTCAAAAAAAAAAAAGAAAA"
"chr1","138470072","138470273","JH378153","12790470","12790672","31","125679602","GGCTGGGCACCTTGGCTCACGACAGTAATCCCAACACTTTGGGAGGCCAAGGCAGGTGGATCATGAGGTCAGGAGTTTGAGACTAGCCTGGTCAACATGGTGAAATCCCATCTCTACTAAAAATACAAAAATTAGCTGGCAATGGTGGTGGGCGCCTGTAATCCCAGCTACTTGGGAGGTTGAGGCAGGAGAATCACTTGAA","GGCTGAGCGCAGTGGCTCACGCCTTTAATCCCTGCACTCTGGGAGGCCAAGGCAGGTGGATCACAGAGGTCAGGAGTCTGAGACCAGTCTGGCCAACATGGTGAAATCCCATCTCTACTAAAAATACAAAACTTAGCTGGGCATGGTGGCATGCACCGGTAGTCCCAGCTACCTGGGAGGTTGAGGTGGGAGGATCGTTTGAA"
"chr1","140082610","140082907","JH378108","50208845","50209139","40","89873765","GCCAGGTGTGGTGGCTCACACCTGTAATCCCAGCACTTTGGGAGGCCAAGGCGGGCAGATCACGAGGTCAGGAGTTTGAGACCAGCCTGGCCAACATGGTGAAACCCCATCTCTACTAACCATACAAAAAATTTGCCAGGCGTGGTAGCAGGTGCCTGTAATCCCAGCTACTCAGGAGGCTGAGGCAGCAGAATCGCTTGAACTCGGAAGGTGGAGGTTGCAGTGAACTGAGATGGCACCACTGCACTCCAGCTTGGACAACAAGAGCAAAACTGTGTCTCAAAAAAAAAAAAAAAAA","GGCCAGGTATAGTGGCTTACGCCTGTAACCCCAGCACTTTGGGAGGCCAAGGTGGGCAGATCATGAGGCCAGGAGTTCAAGACCAGCCTGGTCAACATGATGAAACCCCATCTCTACTAAAAATACAAAAATTAGCCAGGCATGGTGGCAGGTGCCTGTAATCCCAGCTACTTGGAAGGCTGAGGCAGGAGAATCACTTGAAATCGGAAGGTGGAGGTTGCAGTGAGCCAAGGTCGCACCACTGTACTCCAGCCTGGACGACACAGTGAAACTCTGTCTCAAAAAAAAAAAAAAA"
"chr1","140433307","140433613","JH378199","5489890","5490197","41","134943417","CCGGCTGCAGTGGCTCACGCCTGTAATCCCAGCCCTTTGGGAGGCTGAGGCAGGCAGATCACGAGGTCAGGAGTTTGAGACTAGCCTGGCCAACATGGTGAAACCCCATCTCTACTAAAAATACAAAAATTAGCCGGGCTTGGTGATGGGTGCCTGTAATCCCAACTACTCGGGAGGCTGAGGCAGGAGAATCACTTGAAACCGGAAGGCAGAGGTTGCAGTGAGCCAAGATCACCCCCACTGCACTCCAGCCTGCACGAAAGAGCAAAACTCCGTCTCAAAAAAAAAAAAAAGAAAAAAAAAGAAA","CCGGGCGCAGTGGCTCACGCCTGTAATCCCAGCACTTTGGGAGGCCGAGCAGGGCAGATCATGAGGTTAGGAGTTTGAGACCAGCCTCGACAACATGGTGAAACCAGTTTCTACTGAAAATACAAAAACCAACCAGGGGTGGTGGCGGGTGCCTGTAATCCCAGCTACTCAGGAGGCTGAGGCAGGAGAATCGCTTGAAACCAGAAGCCTGAGGTTGCAGTGAGCTGAGATCACGCCACTGCACTCCAGCCTGGGCAACAAGAGCAAAACTCCGTCTCAAAAAAAAAGAAAAGAAAAGAAAAAGAAAA"
"chr1","140549245","140549544","JH378127","11410671","11410972","38","129138574","GCCAGGTGCAGTGGCTCACGCCTGTAATCCCAGCACTTTGGGAGGCCGAGGCAGGCAGATCACAAGGTCAGGAGTTCAAGACCAGCCTGGCCAATATGGTGAAACCCTGTCTCCACTAAAAATACAAAAAAATTAGCTGGGTATGGTGGCAGGCGCCTGTAATCCCAGCTACTTCGGGAGGCTGAGGCAGGAGAATCACTTGAATCTAGGAGGCAGAGGTTGCAGCGAGCTGAGATCATGCCATTGCACTCCAGCCTGGGCTACAAGAGTGAAACTCTGTCTCAAAAAAAAAAAAAAAAA","GGCCAGGTGCAGTGGTTCACACCTGTAATTCCAGCACTTTGGGAGGCCAAGGCAGGCAGATCACAAGGTCAAGAGTTCCAGACCAGCCTGGCCAATATAATGAAACCCTATCTCTACTAAAAATACAAAAATTAGCCAGGCATGGGGGCAGGTGCCTGTAATCCCAGCTACTGGGGAGGCTGAGGCAGGAGAATCACTTTTAACCAGAGGCAGAGGTGGCAGTGAGCTGAGACCACGCTATTGCACTGCAGCCTGGGCAACAAGAGGGAAACTCTGTCTCAAAAAAAAAAAAAAAACAACAA"
"chr1","141992134","141992437","JH378165","12389091","12389397","54","129603043","CTGGGCGTGGTGGCTCACGCCTGTAATCCCAGCACTTGGGGAGGCCGAGGCGGATGTATCACGAGGTCAGCAGTTCGAGACCAGCCTGACAAACATGGTGAAACCCCGTCTCTACTAAAAAAAAAAAAAAAAATACAAAAAAATTAGCTGGGTGTGGTGGCAGGCGCCTGTAATCCCAGCTTGCTGGGAGGCTGAGGCAGGAGAATTGCTTGAAACCGGAAGGCGGAGGTTGCAGTGAGCCGAGATTGTGCCACTGTGCTCTAGCCTGGGCAACGAAAGCAAAACTCTGTGCCCCCAAAAAAAA","GGCCGGGCGCAGTGGCTCAAGCCTGTAATCCCAGCACTTTGGGAGGCCGAGGCGGGTGGATCACAAGGTCAAGAGATCGAGACCATCCTGGTCAACATGGTGAAACCCCGTCTCTACTAAAAATACAAAAAAAAAAAAAAAAAATTAGCTGGGCATGGTAGTGCGTGCCTGTAATCCCAGCTACTCAGGAGGCTGAGGCAGGAGAATTGCCTGAAACCAGGAGGCGGAGGTTGCGGTGAGCCGAGATCGCGCCATTGCACTCCAGCCTGGGTAACAAGAGCGAAACTCCGTCTCAAAAAAAAAAAAA"
"chr1","142894138","142894281","JH378108","52115640","52115778","36","90778498","AGCTACTCGGGAGGCTGAGGCAGGAGAATTGCTTGAGATGGGGAGGCAGAAGCTGCAGCAAGCCGAGATCGTGGCACTGCACTCCAGCCTGGGCAACAAGACTGAAACTCTGTCTCAAGAAAAAAAAAAGAAAGAAAAAGAAAA","CCCAGCACGGGAGGCTGAGGCAGGAGACCTCCTGAAACCAGAAGGTGGATGTTGCAGTGAGCCGAGATCGTGCCACTGCACTCCAGCCTGGACAAACGAGCAAAACTCCATCTCAAACAAAAACAAAAACAAAACAAAA"
"chr1","143719377","143719667","JH378125","4344553","4344853","50","139374824","GGCCAGGTGCGGTGGCTCACGCCTATAATCCCAGCACTTTGGGAGGCCTAGTTGGGTGGATCATGAGGTCAGGAGTTTGAGAACAGCCTGGCTAACACAGTGAAACCCTGTGTCTACTAAAAATACAAAAATTAGCTGGGCGTGGTGGCAGGCACTTGTAATCCCAGCTACTCAGGAGGCTGAGGCAGGAGAATCGATTGGGCGGAGGTTGCAGTGAGCTAAGATCGCACCACTGCACTCCTGCCTGGGCCACAGAACTAAACTCTGTCTCAAAAAGAAAAAAAAAAGAAA","GCTGGGTGTGGTGGCTCACACCTGTAATCCCAGCACTTTGGAAGGCCAAGGTGGGCGGATCATGAGGTCAGGAGTTCGAGACCAGCCTGGCCAACACAGTGAAACCCCATCTCTACTAAAAATAAAAAAAATTAGCTGGGCATGGTGGTGTGCACCTGTAATCCCAGCTACTTGGGAGGCTGAGGTAGGAGAATCGCTTGAAACTGGAAAGCCGAGGTTGCAGTGAGTAGAGATCGCGCCACTGCACTCCAGCCTGAGCAACAAAAGCATAACTCCGTCTCAAAAAAAAAAAAAAAAAAAA"
"chr1","145167336","145167625","JH378119","13376240","13376538","62","131791096","GGTGGCTCATGCCTGTAATCCCAAAACTTTGGGAGGCTAAGGTGGGCAGATCAGGAGTTCAAGACTAGCCTGGCCAACGTGATGAAACTCCGTCTCTACCAAAAGTACAGAAATTAGCTGGGCATGATGGTGGGTGCCTGTAATCCTAGCTACTCGGGAGGCTGAGGCAAGAGAATCACTTAAAACCGGAAGATGAGGGTTTCATTGAGCAGAGATCGCCCCACTGTACTCCATCCTGGGTAAAAGAGTGAAACTCCATCTCAAAAAAAATAAAAAATAAAAATAACAAA","GGCGTGGTGGCTCATGCCTGTAATCCCAGCACTTTGGGAGGCCAAGGTTAGGATCACGAAGTTCGGAGTTCGAGACTAGCCATGGCCAACATGGTGAAACCCCGTCTATGCTAAAAATACAAAAATTAGCCGTGCATGGTGGTGGGCGCCTGTAATCCCACGTATTCGGGAGGCTGAAGCACAAGAATCACTTGAAACTGGAAGGCGGAGCTTGCGGTGAGCCGAGATCGTACCACTGCACTCCAGCCCGGGCAACAAGAATGAAACTCCGTCTCAAAAAAAAAAAAAAAAAAAAAAAA"
"chr1","154375819","154376113","JH378149","10116423","10116716","45","144259396","GGCCAGGTGTAGTGGCTCACGCCTGTAATCCCAACACTTGGGAGGTTGAGATGGGTGGATCACAAGGTCAGGAGTTTGAGACCATCCTGGCCAACATGGTGAAACACCGTCTCTACTAAAAATACAAAAATCAGCCAGATGTTGTGGCAGGTGCCTGTAATCCCAGCTACTTGGGAGGCTGAGGCAGGAGAATCACTTGAAACAGGAAGGTGGAGGTTGCAGTAAGCCCGGATTACACCACTGCACTGCAGCCTAGGCAACAAGAGTGAAACACCATCTCAAAAAAAAACAAAAA","GGCCAGGTGCGGTGGCTCACTCCTGTAATCCCAGCACTTGGGAGGTAGAGACTAGTGGATCATGAGGTCAGGAGTTCGAGACCAGCTGGACAACATGATGAAACCCTGTCTCTACTAAAAATATAAAAATTAGCCAGGTGTGGTGGCAGGTACCTGTAATCCCAGCTACTCAGGAGGCTGAGGCAGGAGAATTGCTTGAAACCAGAAGGTGGAGGTTGCAGTGAGCTGAGATTACGCCACTGCACTCTAGCCTGGGCAACAGAGCAAGACTCCGTCTCAAAAAAGAAAAACAAA"
"chr1","154456449","154456757","JH378201","3287246","3287553","48","151169203","GACACGGTGGCTCACACCTGTAATCTCAGCACTTTGGGAGGCTGAGGTGGGCGGATCACAAAGTCAGGAGTTCGAGACCCGCCTGACCAACAAGGTGAAACTCCGCCTTTACTAGAAATACAAAAATTAGCCAGGCGTGGTGGCGGGCACCTGTAATCCCAGTTACTTGGGAGGCTGAGGCAGAAGAATTGCTTGAACCTAGGAGGCAGAGGTTGCAGTGAGCTGAGATCGAACCACTGCACTCCAGCCAGGGCAACAGAGAGCAAAACTCCATCTCAAAAAAATAAAAAATAAAAGATTAAAAAAAAA","GACCAGGTGCGGTGGCTCACACCTGTAATCCCAGCACTTTGGGAGGCCGAGGTGGGCGAATCACGAAGTCAGGAGTTCGAGACCAGCCTGGCCAACAAAGTAAAACTCTGTCTTTACTAAAAATACAAAAATTAGCCAGCCATGGTAGCGGGCACCTATAATCCCAGCTACTCAGAAGCCTGAGGCAGGAGAACCACTTGAAACCGGAAGGCAGAAGTTGCAGTGAGCCGAGATTGCGCCACTGCACTCCAGCCTGGGCAAAAGAGTGAAACTCCATCTCAAAAAAAAAAAAAAAAAAAAAAAAAAAA"
"chr1","154772103","154772385","JH378137","5445816","5446095","40","149326287","GGCCGGGCGCGGTGGCCCATACCTGTAATCCCAGCACTTTGGGAAGCTGAGGCAGGCAGATCACGAGGTCAGGAGTTCGAGACTAGCCTGGCCAACATGGTGAAACCCCGTCTATAACTAAAAATACAAAAATTAGCCAGATGTGGTGGCAGGTGCCTGTAATCCCAGCTACTTGGGAGGCTAAGGCAGGAGAACAGCTTGAAACTGGAAGGTGGAGGTTGCAGTGAGCCGAGATTGTGCCACTGTACTCCAGCCTGGGCAACAAGAGTGAAACTCCATCTCA","GGCCAGGCGCAGTGGCACATGCTGGTAATCCCAGCACTTTGGGAGGCGGAGGCAGGCAGATTACGAGGTCAGGAATTCAAGACCAGCCTGGCCAACATAATGAAACTCTGTCTCTACTAAAAATACAAAAATTAGCTGGGTGTGATGGTGGGCGCCTGTAATCTCAGCTACTTGAGAGGCTGAGGCAGGAGAATTGCTTGAAACTGGAAGGTGGAGATTGCAGTGAGCTGAGATTGCACCACTGCACTCCAGCCTGGGCAACAAGAGCAAAACTCCGTCT"
"chr1","155207187","155207493","JH378136","18027573","18027877","41","137179614","GGCCAGGCGCCGTGGCTCACGCCTGTAATTCCAGCACTTTGGGAGGTCGAGGCAGGTAGATCATAAGGTCAGGAGTTCAAGACCAGCCTGGCCAACATGGTGAAACCCCTTCTTTACTAAAAATACAAAAAAATCAGCCGGGCATGGTGGCAGGCACCCGTAATCCCAGCTACTCCGGAGGCCTGAGGCAGGAGAATCACTTGAACCTAGAAGGTAGAGGTTGTGGTGAGCCAAGATCACACCATTGCACTCCAGCCTGGGCAACAAGAGCAAAACTCCATCTAAAAAAAAAAAAAAAAGAAGAAAA","GGCCGGGCGCGGTGGCTCAAGCCTGTAATCCCAGCACTTTGGGAGGCCGAGGCGGGTGGATCACGAGGTCAAGAGATCGAGACCATCCTGGTCAACATGGTGAAACCCCGTCTCTACTAAAAATACAAAAAATTAGCTGGGCATGGTGGCGTGTGCCTGTAATCCCAGCTACTCAGGAGGCTGAGGCAGGAGAATTGCCTGAAACCAGGAGGCAGAGGTTGTGGTGAGCCGAGATCACGCCATTGCACTCCAGCCTGGGTAACAAGAGCTAAACTCCGTCTCAAAAAAAAAAAAAAAAAAAGAAA"
"chr1","156160606","156160915","JH378201","3287246","3287553","52","152873360","GGCCAGGCATGGTGGCTCACGCCTGTAATACCAGCACTTGGGGAGAATGAGGAGGGCGGATCACGAGTTCAGGAGTTCGAGACCAGCCTGACCAACATGGTGAAACCCTACCTCTATTAAAAATACAAAAATTAGCCAGGTGTGGTGGCAGGCCCCTGTAATCCCAGTTACTCAGGAGACTGAGGCAGGAGAATCGCTTGAACCGGGAGGCAGAGGTTGCAGTGAGCCAAGATTGCACCATAGTATTCTAGCCTAGGCAACAAGAGCAAGACTCCATCTCAAAAAAAAAAAAAAAAAAAAAAAAAAAAAA","GACCAGGTGCGGTGGCTCACACCTGTAATCCCAGCACTTTGGGAGGCCGAGGTGGGCGAATCACGAAGTCAGGAGTTCGAGACCAGCCTGGCCAACAAAGTAAAACTCTGTCTTTACTAAAAATACAAAAATTAGCCAGCCATGGTAGCGGGCACCTATAATCCCAGCTACTCAGAAGCCTGAGGCAGGAGAACCACTTGAAACCGGAAGGCAGAAGTTGCAGTGAGCCGAGATTGCGCCACTGCACTCCAGCCTGGGCAAAAGAGTGAAACTCCATCTCAAAAAAAAAAAAAAAAAAAAAAAAAAAA"
"chr1","159540252","159540493","JH378128","1922974","1923199","54","157617278","GGCTGGGCACGGTGGCTCATACCTGTAATCCCAGCACTTTGGGAGGCCAAGGCAGGTGGATCAGGAGATCAGGAGTTTGAGACCAGCCTGGCCAACATGGTGAAACCCCTTCTCTACTAAAAATACAAAAATTAGTCAGGCGTGGTGGCGGGTGCCTGTAATCCCAGCTGAGATCATGCTACTGCACTCCAGCCTGGGCAACAAGAGTGAGAGACTCCATCTCAAAAAAAAAAAAAAAAAAA","GGCCAGGCGTGGTGGCTCACACCTGTAATCCCAGCACTTTGGGAGACCAAGGCAGGCAGATCACAAGGCCAAGAGATTGAGACCATCCTGACCAACATGGTGAAACCCTGTCTCTACAAAAAATTAAAAAATTGGCTGGGTGAGCTGGTGCACCTGTATCGCGCCACTGCACTCCAGCCTGGGCAAAAAGAGCAAAACTCTGTCTCAAAATAAAAATAAAAATAAA"
"chr1","160430541","160430799","JH378140","14368734","14368986","47","146061807","AGGCCAAGGCAGGTGGATCACGAGGTCTGGAGTTCGAGACAAGCCTGGCCAACATGGTGAAAACCCATCTCTACTAAAAATACAAATATTAGCGGGGTGTAGTGGCAGGTGCCTGTAATCCCAGCTACTTGGGAGACTGAGTCAGGAGAATCGCTTGAAACTGGAAGGTGGAGGTTACAGTGAGCTGAGATAGTACCATTGCACTCTAGCCTGGGCAACAACAGTGAAACTCCATCTCAAAAAAAAAAAAAAAAAAGAA","GAGGCTGAGGTGGGAGGATCAGGAGGTCAGGAGTTCGAGACCAGCCTGGCCAACATGGTGAAACCCCATCTCTACTAAAAATACAAAAATTAGCCGGGCGTGGTGGCGGATGCCTGTAATCCCAGCTACTCAGGAGGGTGAGGCAAGAGAATCGCTTGAAACTGGAAAGCGGAGATTCCAGTGAGCTGAGATCACGCCAATGCACTCTAGCCTAGGCGAAAGAGCAAAACTCCGTCTCTAAATAAATAAAAAA"
"chr1","161872013","161872152","JH378151","6163496","6163634","25","155708517","TCAGGAGGTTGAGGCAGGAGAATCACTTGAAACCAGAAGGTGGAGGTTGCCGTGAGCCGAGATCACACCCCTGCACTCCAGCCTGGGCAACAGGAGCAAAACTCCATCTCAAAAAACAAACAAACAAACAAACAAACAAA","TCAGGAGGCTGAGGCAGGAGAATCGCTTGTAATCGGGAGGTGGAGGTTGCTGTGAGCCAAAACCACACCAGTGCACTCCAGCCTGGGCAACAAGAGCAAATTCCATCTCGAGAAAAATAAAAGGAAAAAAAAAAAAAAA"
"chr1","163997097","163997391","JH378108","38566905","38567200","42","125430192","GCTGGGCAAAGTGGCTCATGCCTATAATCCCAGCCCTTTGGGAGGGTGAGGCCAGCAGATCGCAAGGTCAGGAGTTTGAGACCATCCTGGCCAATATGGTGAAACCCCACCTCTACTAAAAATACAAAAATTAGCCAGGTGTGGTGGTAGGTGCCTGTAATCCCAGCTACTCAGGAGGCTGAGGCAGGAGAATCACTTGAAACCAGAAGGCAGAGGTTGCGGTGAGCTGAGATCATACCACTGTACCCCAGCCTGGGCAACAAGAGTGAAACTCCGTCTCAAAAAAAAAAAAAAA","GGCCGGGCATGGTGGCTCACGCCTGATATCCCAGCACTTTGGGAGGCAGAGGTGGGTAGATCACGAGGTCAGAAGTTTGAGACCAGCCTGGCCAACACGGTGATACCCTGTCTCTACTGAAAATACAAAAATTAGCCAGGAATGGTGGCAGGTGCCTGTAATATCAGCTACTCAGGAGGCTGAGTCAGGAAAATCGCTTGAATCCAGAAGGCGGAGGTTGCAGTGAGCTGAGATCACACCACTGCACTCCAGCCTGGGTCACAAGAGTGAAACTCCCTCTCAAAAAAAAAAAAAAA"
"chr1","164203428","164203765","JH378116","27615727","27616051","61","136587701","GGCTGGGCGCGGTGGCTCACACCTGTAATCCCAGCACTTTGGAAGGCTGAAGCCTTATGGACCACGAGGTCAGGAGTTCGAGACGAGCCTGGCCAACATAGTGAAACCCCATCTCTACTAAAAACACAAAAACTTAGCTGGGCATGGTGGCGGGCACCTGTTATCCCTTATCCCAGCTTCTCGGGAGGCTGAGGCAGGAGAATCGCTTGAACTCGGAAGGCAGGGGTTGCAGTGAGCCAAGACTGCACCATTGCATTCCAGCCTGGGCAACAAGAGCGAAACTCCATCAATAAATAAATAAATAAATAAATAAATAAATATATAAACAAACAAACAAA","GGCCGGGCGCGGTGGCTCAAGCCTGTAATCCCAGCACTTTGGGAGGCGAGGCGGGGGGATCACGAGGTCAACAGATCGAGACCATCCTGGTCAACATGGTGAAACCCTGTCTCTACTAAAAATACAAAAAATTAGCTGGGCATGGTGGCGTGTGCCTGTAATCCCAGCTACTCAGGAGGCTGAGGCAGGAGAATTGCCTGAAACCAAGAGGCGGAGGTTGCGGTGAGCCAAGATCGCGCCATTGCACTCCAGCCTGGGTAACAAGAGCGAAACTCCTTCCCAAAATAAATAAATAAATAAATAAATAAATAAATAAATAAATAAA"
"chr1","164628703","164628999","JH378190","1325792","1326096","43","163302911","CGCAGTGGCTCATGCCTGTAATCCCAGCATTTTGGGAGGCTGAGGCGGGCAGATCATGAGGTCAGGAGTTTGAGACCAGCCTGGTCAACATGGTGAAACCCCGTCTCTACTAAAAATACAAAAATTTGCCGGGCATGGTGGCAAGCGCCTGTAATCCCAGATACTTGGGAGGCTGAGGCAGGAGAATCACTTGAAGCCAGAAGGTAGAGGTTGCAGTGAGCCAAGATCGCACCACTACACTCTAGCCTGGGCGAAAGAGTGAAACTCGGCCTCAAAAAAAAAAAAAAAAAAAAAAGA","GCCAGGCACGGTGGCTCACGCCTGTAATCCCAGCATTTTGGGAGGCCGAGGCAGGCGGATCATGAGGTCAGGAGTTCGAGACCAGCCTGGCCAACATGGTGAAACCCTGTCTCCACTAAAAATACAAAAATTAGCTGGCTGTGGTGGTTGGCACCTGTAATCCCAGCTACATGGGAATCTGAGGCAGAAGAATTGCTTGAAACCAGAAGGCAGAGGTTGCAGTGAGCCAAGATCATGCCACTACACTCAAGCCTGGATGAAAGAGTGAAACTCTGTCTCAAAAAAAAAAAAAAAAAAAAAAAAAA"
"chr1","165232679","165232980","JH378129","7783178","7783478","46","157449501","GGCCAGGCACAATGGCTCATGCCTGTAATTCCAGCACTTTGGGAGGCCGAAGTGGGTGGATCACGAGATCAGGAGTTTGAGACCAGCCTGGTTAACAGGGTGAAACCCTGTCTCTACCAAATCTACAAAAATTAGCTGGGCATGGTGGTGGGCGCCTGTTATCCCAGCTACTCAGAAGGCTAAGGCAGGAGAATCACTTGAAACCAGAAGGCAGAGGTTGCAGCGAGCTGAGATTGTGCCACTGCACTCCAGCCTGGGCAACAGAATGAAATTCTGTCTCAAAGGAAAAATAAATAAATAAA","GGCCGGGCGCGGTGGCTCAAGCCTGTAATCCCAGCACTTTGGGAGGCCGAGGTGGGTGGATCACGAGGTCAAGAGATCGAGACCATCCTGGTCAACATGGTGAAACCCTGTCTCTACTAAAAATACTAAACATTAGCTGGGCATGGTGGCGCATGCCTGTAATCCCAGCTACTCAGGAGGCTGAGGCAGGAGAATTGCATGAAACCAGGAGGCGGAGGTTGCGGTGAGCCGAGATCGTGCCATTGCACTCCAGCCTGGGCAACAAGAGTGAAACTCCGTCTCAAAAAAAAAAAAAAAAGAA"
"chr1","168986084","168986374","JH378128","24901658","24901954","56","144084426","GGGTGCAGTGGCTCACGCCTGTGATCCCAGCAGTTTGGGAGGCCGAGGCAGGCGGATCACGAGGTCAGGAGTTCAAGAACAGCCGGGCCAACATGGTGAAACCTGTCTCTACTAAAAATACAAAAATTAGCCGGGCATGGTGGTGGGGGGTGCTTGTAATCCCGGCTACTGGGGAGGCCGAGGCAGGAGAATTGCTTGAAACCGGAAGGCCGAGATCATGCCACTGCAGTCCAGCCTGGTCAACAAGAGCTGAACTCCATCTAAGAAAAAAAAAAAAAAAAAAAAAGGAAA","GCCAGGTATGATGGCTCACGCCTATAATCCGAGCACTTTGGGAAGCTGAGGCAGGTGGATCACAAGGTCAGGAATTCGAGACCAGCCTGGCCAACATGGTGAAACCCTGTCCCGACTAAAAATACAAAAATTAGCTGGGTGTGGTGGTGGGCACCTGTAATCCCATCTACTCGGGAGGTTGGGGCAGGAGAATCGCTTGAAGCCGGAAGTAAGCCGAGATCACACCATTGTACTCCAGCCTGGGCAGCAAGAGCAAAACTCAATCTCAAAAAAAAAAAAAAAAAAAAAAAAAAAAAA"
"chr1","172038681","172038986","JH378164","2806253","2806554","45","169232428","GGCCAGGCACGGTGGCTCATGCCTGTAATCCCAGAACTTTGGAAGGCTGAGGAGGGCAGACCACGAGCTCAGGAGTTAGAGACTAGCCTGGCCAATATGGTGAAACCCCGTCTCTACTAAAAATACAAAAAAATTAGATGGGCGTGGTGGCAGGCGCCTGTAGTCCCAGCTACTCAGGAGGCTGAGGCAGGAGAATCACTTGAAACTGGAAGTGGGAGGTTGCAGTGAGCCAAGATTGCGCCACTGCACGCCAGCCGGGGCAACAAGAGCGAAACTCTGTCTCATAAGAAAAAAAAGAAAAAAAAA","GGCCAGGCATGGTGGCTCCCGCCTGTAATCCCAGTACTTTGGGAGGCTGAGGCAGGCGGATCACTTGAGGTCAGGAGTTCAAGACAGCCTGGCCAACATGGTGAAACCCTGTCTCTTCTAAAAATACAAAAATTAGCTGGGCATCGTGGCGGGTGCCTGTAATCCCCGCTACTCGCAAGGCTGAGGCAGGAGAACTGCTTGAAACGGGAAGGTGTAGGTTGCAGTGAGCCAAGATTGCACCACGGCACTTCAGCCTGGGCAACAAGAGCGAAACTCTGTCTCAAAAAAAAAAAAAAAAAAAA"
"chr1","172606759","172607053","JH378148","12566856","12567148","39","160039903","GGCCGAATGCAGTGGTTCATGCCTGTAATCCCAGCACTTTGGGAGGCCAAGGCAGGTGGATCACGAGGCCAAAATTTCGAGACCAGCCTGGCCAACATGGTGAAACCCTATCTCTACTAAAAATACAAAAATTAGTAGGGCGTGATGATGGGTGCCTGTAATCCCAGCTACTGGGGAGGCGGGGGCAGGAGAATAGCTTGAAACTGGAAAGTGGAGGTTGCAGTGAGCTGAGATCATGCCACTGCACCCCAGCCTGGGCAACAAGAGCGAAACTCATTAAAAAAAAAGAAATAAA","GGCCAGGTGCTGTGGCTCACGCCTGTAATCCCAGCACTTTCGGAGGCCAAGGCGGGTGGATCATGAGGCCAGGAGTTCGAGACCAGCCTGGCCAATATGGTGAAACCCTGTCTCTACTAAAAATACAAAAATTAGTTTGGCGTGGTGGTGGGTGCCTGTAATCCCAGCTACTCGGGAGGCTAAGGCAAGAGAATCGTGTGAAACTGGAAGGTGGAGATTGCAGTGAGCCGAGATCACGCCACTGCACTCCAACCTGGGCAAAAGAGCGAAACTCTGTTTCAAAAAAAAAAAAA"
"chr1","173755203","173755486","JH378146","17525689","17525983","46","156229514","GCCAGGCGCGGTGGCTCACGCCTGTAATCCCAGCACTTTGGGAGGCCAAGGCGGGTGGATCACGAGGTCAGGAGTTTGAGACCAGCCTGGTCAACATGGTGAAAACATCGTCTCTACTAAAAGTAGCCGGGCATTGTGGCAGGTGCCTGTAATCCCAGCTACTTGGGAGGCTGAGGCAGGAGAATCGCTTGAAACCAGAAGGCGGAGGCTGCAGTGAGTCAAGATCGCACCACTGCACTCTAGCCTGGGCGAAAGAGCGAAAATCTATCTCCAAAAAAAAAAAA","GCCAGGCGCGGTGGCTCAAGCCTGTAATCCCAGCACTTTGGGAGGCCAAGGCGGGTGGATCACGAGATCAAGAGATCGAGACCATCCTGGTCAACATGGTGAAACCCCGTCTCTACTAAAAATACAAAAAATTAGCTGAGCATGGTGGCGTGTGCCTGTAATCCCAGCTACTCAGGAGGCTGAGGCAGGAGAATTGCCTGAAACCAGGAGGCAGAGGTTGCAGCGAGCCGAGATTGCACCATTGCACTCCAGCCTGGGTAACAAGAGCGAAACTCCGTCTCAAAAAAAAAATAAA"
"chr1","174175180","174175475","JH378108","50208845","50209139","43","123966335","GCCGGGCACGGTGGCCCACGCCTGTAATCCCAGCACTTTGGGAGGCCGAGGCGGGCAGATCATGAGGTCAGGGATTCGAGACCAGCCTGGCCAACATGGTAAAACCCTATGTCTATTAAAAATACAAAACTTAGCCAGGCATGGTGGCGGGGGCCTGTAATTTCAGCTACTTGGGAAGCTGAGGCAGGAGAATTGCTTAAAACTGGAAGGTGGAGGTTGCAGTGAGCCGAGATCGCACCACTGCACTCCAGCCTGGGTGAGAGAGTGAAATTCCGTCTCAAAGAAAAAAAAAAAAA","GGCCAGGTATAGTGGCTTACGCCTGTAACCCCAGCACTTTGGGAGGCCAAGGTGGGCAGATCATGAGGCCAGGAGTTCAAGACCAGCCTGGTCAACATGATGAAACCCCATCTCTACTAAAAATACAAAAATTAGCCAGGCATGGTGGCAGGTGCCTGTAATCCCAGCTACTTGGAAGGCTGAGGCAGGAGAATCACTTGAAATCGGAAGGTGGAGGTTGCAGTGAGCCAAGGTCGCACCACTGTACTCCAGCCTGGACGACACAGTGAAACTCTGTCTCAAAAAAAAAAAAAAA"
"chr1","175377488","175377665","JH378111","22049650","22049841","38","153327838","GTCGGGTGCAGTGGCTCACGCTTGTAATCCCAGCACTTTGGGAGGCTGAGGTGGATGATTCACAAGGTCAGGAGTTTGAGATCAGCCTGGCCAACATGGTGTACTAAAAACACAAAAATTAGCTGGGCGTGGTGGCAGGTGCCTGTAATGCCAGCTACTAGGGAGGCTGAGGCAGGAG","GGCAGGGCACCGTGGCTCACGCCTGTAATCTCAGCACTTTGGGAGGCCAAGGCGGGCAGATCACTAGGTCAGGAGTTTGAGATCAGCCTGGCCAACATAGTGAAACCCCATCTCTACTAAAAATACAAAAAGTTAGCCGGGCATGGTGGTGGATTCCTGTAATTCTAGCTACTAGGGAGGCTGAGGCAGGAG"
"chr1","181417193","181417485","JH378245","4232718","4233002","48","177184475","CACGCCTGTAATCCCAGCACTTTGGGAGGCTGAGGCGGGTGCATCACAAAGTCAGGAGTTCGAGACCAGCCTGGCCAACATGATGAAACCCCGTTTCGACTAAAAGTACAAAAATTAGTTGGGTATGGTGGTAGGCACCTGTAATCCCAGCTAATCAGGAGGCTGAGGTAGGAGAATCACTTGAAATGAGAAGGCAGAGGTTGTGGTGAGTCGAGATTGCGCCACTGCACTCCAGCCTGGGCAACAAGAGCAAAACTCCGTCTCAAAAAAAAAAAAAAAAAAAAAAAAAAAAA","GTAATCCCAGCACTTTGGGAAGCTGAGGTGGGCGGATCACAAAGTCAGGAGTTTAAGATCAGTCTGGTCAACATGGTGAAACTCTGTCTCTACTAAAAATGCAAAAATTAGCTGGTTGTGGTAGCAGGTGCCTGTAATCTCAGCTGCTCAGGAGGCAGAGACAGGAGAATCACTTGAAACTGGGAGGCAGAGGTTGCGGTGAGCCGAGATTGTGCCACTACACTCCAGCCTGGGCAACAAGAGCAAAACTCCATCTCAAAAAAAAAAAAAAAAAGTAAAAGAAAA"
"chr1","182012319","182012605","JH378152","15953207","15953516","59","166059112","CAGTGGCTCATGCCTGTAATCCTAGCACTTTGGGAGGCCGACATGGGCAGACCACAAGTTCAGGAGTTCGAGACCAGCCTGGCCAACATGGTGAAACCCCATATCTACTAAAAATACAAAAATTAGCTGAGCGTGGTGGCAGACACCTGTATTCCCAGCTACTTGGGAGAATGAGGCAGGAGAATCGCTTGAAACCAGAAGGAGGAGGCTGCAGTGAGCCGAGATCACGCAACTGCACTCCAGCCAAATTCCATCTCAAAAAAAAAAAAAAAAAGAAAAGAAAAAAA","CGGGTGCGGTGGCTAATGCCTGTAATCCCAGCACTTTGGAAGGCCAAAGCGGGCAGACCACAAGGTCAGGAGCTCGAGACCAGCCTGGCCAACATGGTGAAACCCCGTCTCTACTAAAAATACAAAAAAATTAGCTGGGTGTGGTGGTGGGCGCCTGTAATCTCAACTACTTGGGAGGCTGAGACAGGAGAATCGCTTGAAACTGGAAGGCGGAGGTTGCAGTGAGCCGAGATCACACCACTGCACTCCAGCTTGGGCAAAAGAGTGAAACTCCGTCTCAAAAAAAACAAAAAACAAACCAAAAAAAGAA"
"chr1","184292222","184292523","JH378240","1530960","1531261","48","182761262","GGTTGGGCACAGTGGCTCACACCTGTAATCCCAGCACTTTGGGAGGCCGATGCGGGCAGATCATGTGGTCAAGAGTTCAAGACCAGCCTGGCCAAGATAGTGAAACCCCATCTCTATCAAAAATATAAAAATTAGGTGGGTGTGGTGGCAGGCACCTGTAGTCCCAGCTACTCAGGAGGCTGAGGCAGGAGAATCACTTGAAACCAGAAGATGGAAGTTGCAGTGAGCCGAGATCGCACCAGTGCACTCAACCCTGGGCAACAAGAGTGAAACTCCGTCTCAAAATAAATAAATAAACAAAA","GGCCGGGCGCGGTGGCTCAAGCCTGTAATCCCAGCACTTTGGGAGGCCGAGGCGGGTGGATCACGAGGTCAAGAGATCAAGACCATCCTGGTCAACATGGTGAAACCCCATCTCTACTAAAATTACAAAACATCAGCTGGGCATGGTGGCGCGTGCCTGTAATCCCAGCTACTCAGGAGGCTGAGGCAGGAGAATTGCCTGAAACCAGGAGGCGGAGGTTGCGGTGAGCCGAGATCGCGCCATTGCACTCCAGCCTGGGTAACAAGAGCGAAACTCCGTCTCAAAAAAAAAAAAAAAAAAAA"
"chr1","186506034","186506340","JH378175","386556","386866","35","186119478","GGCTGGGCACGGTGGCTCACACCTATAATCCCAGCACTTTGGGAGGCCAAGGTGGGTGGATCACGAGATCAGGAGCTCGAGACCAGCCTGGCCAACATGGTGAAACCCCATCTCTACTAATAATACAAAAATTAGCTGGGCATGGTGGGTGCCTGTAATCCCAGCTACTCGGGAGGCTGAGGCAGGAGAATTGCTTGAAACCGAAAGTCAGAGGTTGCAGTGAGCCGAGATCATGCCACTGCACTCCAGCCTGGGCGAAAGAGCAAAACTCCATCTCAAAAAAAAAAAAAAAAAAAAAAAAAGAAAA","GGCCGGGCACGATGGCTCACGTCTGTAATCCCAGCACTTTGGGAGGCCAAGGTGGGTGGATCACGAGGTCAAGAAATCGAAACCATCCTGGTCAACATAGTGAAACCCCGTCTCTACTAAAAATACAAAACATTAGCTGGGCATGGTGGCGCGTGCCTGTAATCCCAGCTACTCGGGAGGCTGAGGCAGGAGAATTGCCTGAAACCAGGAGGCAGAGGTTGCGGTGAGCCGAGATCGCGCCATTGCACTCCAGCCTGGGTAACAAGAGCAAAACTCCGTCTCAAAAAAAAAAAAAAAAAAGAAAAGAAAAA"
"chr1","187027791","187028112","JH378170","7759979","7760296","47","179267812","GGCTGGGCGTGGTGGCTCATGCCTGTAATCCCAACACTTTGGGAGGCCGAGGTGGGCGGATCACAAGGTCAGGAGTTCGAGACCAGGCTGGCCAACATGGTGAAACCCCGTCTCTACTAAAAAAAAAAAAAAAAATACAAAAATTAGCTGGGTATGGCGGCGGGTGCCTGTAATCCCATCTATTTGGGAGGCTGAGGCAGGTGAATTGCTTGAAACTGGAAGGCGGAGGTTGCAGTAAGCAGAGATCCTGCCACTGCACTCCAGCCTGGGCAAAAGAGTGAAACTCCATCTCAAAAATAAAATAAATAGAATAAAATAAAAA","GCCGGGTGCGGTGGCTCAAGCCTGTAATCCCAGCACTTTGGGAGGCTGAGGCGGGTGGATCACGAGGTCAAAAGATCGAGACCATCCTGGTCAACATGGTGAAACCCCGTCTCTACTAAAAATACAAAAAAAAAAAAAAAATTAGCTGGGCATGGTGGCGCGTGCCTGTAATCCCAGCTACTCAGGAGGTTGAGGCAGGAGAATTGCCTGAAACCGGGAGGCGGAGGTTGCAGTGAGCCAAGATCGCGCCATTGCACGCCAGCCTGGGTAACAAGAGCGAAACTCTGTCTCAAAAAAAAAAAATAAATAAAATAAAAA"
"chr1","188802585","188802885","JH378127","10024758","10025055","40","178777827","GGCCAGGCGCAGTGGCTCACGCCTGTAATCCTAGCACTTTGGGAGGCCGAGGCGGGCGGATCACGAGGTCAGGAGTTTGAGACCAGCCTGGCCAACATGGTGAAACCCCATCTCTACTAAAAACATAAAATAATTAGCTGGGCATGGTGGCAGGCGCCTGTAATCTCAGCTACTTGGGAGGCTGAGGCAGGAGAATCACTTGAACCTGGGAAGGTGGAGGTTGCAATGAGCTGAGATGGCACCACTGCACTCCAGCCTGGGCAACAAGAGCGAGACTCCGTCTCAGGGGAAAAAAAAAAAA","GGCCGGGCGCGGTGGCTCAAGCCTGTAATCCCAGCACTTTGGGAGGCCGAGGCGGGTGGATCACGAGGTCAAGAGATCGAGACCATCCTGGTCAACATGGTGAAACCCCGTCTCTACTAAAAATACAAAAAATTAGCTGGGCATGGTGGCGTGTGCCTGTAATCCCAGCTACTCAGGAGGCTGAGGCAGGAGAATTGCCTGAGACCAGGAGGCGGAGGTTGCAGTGAGCCGAGATCGCGCCATTGCACTCCAGCCTGGATAACAAGAGCGAAACTCCGTCTCAAAAAAAAAAAAAAAA"
"chr1","193091050","193091321","JH378108","50208845","50209139","66","142882205","GGTGGCTATTGTACTCCTGTAATCCCAGCACTTTGGGAGGCCGAGGTGGTCAGAAGTTCGAGAACAGCATGGCCAACATGGTGAAACCTCGTCTTTACTGAAAATACAAAAATTAGCCAGGCATTGTGTCAGGTACCTGTAATCCCAGCTAGTCAGGAGACTGAGGCAGGAGAATCACTTGTATTCATAAGGTGGAAGTTCTAGTGAGCCACGGTTGCACCACTGCACACCAGCCTGAGCAACAACTCCATCTCAAAAAAGAAAAAAAAAAA","GGCCAGGTATAGTGGCTTACGCCTGTAACCCCAGCACTTTGGGAGGCCAAGGTGGGCAGATCATGAGGCCAGGAGTTCAAGACCAGCCTGGTCAACATGATGAAACCCCATCTCTACTAAAAATACAAAAATTAGCCAGGCATGGTGGCAGGTGCCTGTAATCCCAGCTACTTGGAAGGCTGAGGCAGGAGAATCACTTGAAATCGGAAGGTGGAGGTTGCAGTGAGCCAAGGTCGCACCACTGTACTCCAGCCTGGACGACACAGTGAAACTCTGTCTCAAAAAAAAAAAAAAA"
"chr1","196082500","196082793","JH378148","3009466","3009760","45","193073034","GGCCAGATGCGGGGGCTCATGCCTGTAATCCCAGCACTTTGGGAGGCCGAGGTGGGCGGATCACGAGGTCAGGAGTTCGAGATGAGCCCGACAACATGGTGAAACCCCATCTCTACTAAAAATACAAAAATTAGCCAGCCGTGGTGGCGGGCGCCTGTAATCCCAGCTATTCAGGAAGCTGAGGTAGGAGAATCACTTGAAACCGGAAGGGAGAGGTTGCAGTGAGCCAAGACAGCGTCACTGCACTCCAGCCTAGGCAACAGAGTGAGACTCCATCTAAAAAAGAAAAAAAAA","GGCCAGGTGTGGTGGCTCACGCCTGTAATCCCAGCACTTTGGGAGGCCGAGGCAGGTGGATGATGAGGTCAGGAGTTCGAGACCAGCCTGGCCAAAATGGTGAAACCCTGTCTCTACTAAAAATACAAAAAAATTAGCCAGGCGTGGTGGCATGCGCCTATAATCCCAGCTACTCAGGAGGCTAAGGCAGGAGAATCACTTGAAACCAGAAGGCAGAGGTTGCAGTGAACTGAGATCACGCCACTGCACTCCAGCCTGGGCAACAAGAGCAAAACTCCATCTCAAAAAATAAAAA"
"chr1","196151745","196151883","JH378126","6705417","6705544","28","189446328","GGAGGCTGAGGCAGGAGAATCGCTTGAAACCAGAAGGCAGAGGTTGCAGTGAGCCGAGATAGTGCCACTGCACTCCAGCCTGGGCAACAAGAGTGAAACTCCGTCTCAAAAAATAAAAATTAAAAAATAAATAAATAAA","GGAGACTGAGGCAGGAGAATTGCTGAAACCAGAAAGCGGAGGTCGTGGTCAGCCGAGGTTACGCCACTGCACTCCAACCTGGGTGAAAGAGTGAAACTCTGTCTCAAAAAAAAAAAAAAGAAAAAAAA"
"chr1","196790980","196791271","JH378105","47941022","47941314","51","148849958","GGCCGGACGTGGTGGCTCATGTACTTTGGGAGGCTGAAGCGGGTGGATCATGCGGGTCAGGAGTTTGAGACCAGCCTGGCCAACATGATGAAACCCCATATCTACAAAAAATACAAAAAATTAGCTGGGCATGGTGGCGGGTACCTGTAATCCCAGCTACTTGGGAGGCTGAGGCAGGAAAATCACTTGAACCTGGAAGGCAGAGGTTGCAGTGTGCCAAGATCGCGCCACTGCACTCCAGCCTGGGCAACAGGAGTGAAACTCCATCTCAAAAAAGAAAAAAGAAAAAAAA","GGCCGGGCGCAGTGGCACAAGCCTTTGGGAGGCCGAGGTGGGTGGATCACGAGGTCGAGAGATCGAGACCATCCTGGTCAACATGGTGAAACCCCGTCTCTACTAAAAATACAAAAATTAGTTGGGCATGGTGGCACATGCCTGTAATCCCAGCTACTCGGGAGGCTGAGGCAGGAGAATTGCCTGAAACCAGGAGGCGGAGGTTGCAGTGAGCCGAGATCGCGCCATTGCACTCCAGCCTGGGTAACAAGAGCGAAACTCCGTCTCAAAAAAAAAAAAAAAAAAGAAAGAAA"
"chr1","199388594","199388896","JH378173","5034027","5034323","39","194354567","GGCCGGGTGTGGTGGCTCACGCCTGTAATCCTAGCACTTTAGGAGGCCGAGGCGGGCAGGTCACAAGGTCAGGAGTTCGAGACCAGCCTGGCTAACATGGCGAAACCCCGTCTGTACTAAAAATACAAAAATTAGCCAGGCATGGTGGCGGGCGCCTATAATCCCAGCTACTTGGGAGGCTGAGGCAGGAGAATCGCTTGAATCTGGGAGGTGGAGGCTGCAGTGAGCCAAGATCGTGCCACTGCACTCCAGCCTGGGCAACAAGAGCAAGATACCGTCTCAAAAAAAAAAAAAAAAAAAAAA","GGCTGGGCACAGTGGCTCACACCTGTAATCCCAGCACTTGAGAGGCTGAGGTGGGCAGATCATGAGCTCAGGAGTTCGAGACCAGCCTGCCTACATGGTGAAACCCCATCTCTAGTAAAAATACAAAAATTAGCCAGTCATGGTGGCATGCACCTATAATCCTAGGTACTTGGGAGGCTGAGGCAGGAGAATCGCTTGAATCCAGAAGGTGGAGGTTGCAGTGAGCCAAGATCATGCCATTGCACTCCAGCCTGGGCAACAAGAGCAAAACTCCCTAAAAAAAAAAAAAAAAAAAAA"
"chr1","199861968","199862241","JH378300","1082016","1082293","39","198779952","TGTAATCCCAGCACTTTGGGAGGCTGAAGCATGTGGATCATGAGGTCAGGAGTTTGAGACCAGCCTGGCCAACATGGTGAAACCTTGTCTTTACTAAAAATACAAAAATTAGCTGGGCACGGTGGCAGGCGCCTGTAATCCCAGCTACTTGGGAGGCTGAGGCAGGAGAATCGCTTGAAACCGGAAGGCAGAGGTTGCAGTGAGCCAATATCATACCACTGCACTCCAGCCTGGGCAAAAGAGCGAAACTCCGTCTCGGGGGGGAAAAAAAAAA","CTGTAATCTCAGCACTTTGGGAGGCCAAGGTTGATGGATCACGAGGTCAGGAGTTTGAGACCAGTCTGGCCAACATGGTGAAACCCTGTCTCTACAAAAAAATACAAAAATTAGCCAGGCATGGTGGCAGGCACTTGTAATCCCAGCTACTCGGGAGGCTAAGGCAGGAGAAGCACTTGAAACTGGAAGGCGGAGGTTGCAGTGAGCTGAGATCATGCCACTGCACTCCAGCCTGGGCAAAGGAGCGAAACTCCATCTCAAAAAAAAAAAAAAAGAAA"
"chr1","200351114","200351411","JH378150","241281","241578","38","200109833","GGCTGGGCATGGTGGTTCACGCCTGTAATCCCAGCACTTTGGGAGGCCGAGGCGGGCGAATCACGAGGTGAGGAGTTTGAGACCAGCCTGGCTAACATGGTGAAACCCCGTCTCTACTAAAAATACAAAAATTAGCCTGACTTGGTGGCAGGCACCTGTAATCCCAGCTACTTGGGAGGCTGAGGCAGGAGAATCGCTTGAAACCAAAAGGCTGAGGTTGCAGTAAACCGAGATTGCACCACTGCATTCTAGCACAGGCAAAAGAGCGAAACTCCGTCTCAAAAAAAAAAAAAAAAAA","GGCTGGGCGTGGTGGCTCATGCCTGTAATCCCAGCACTTTGGGAGGCCTAGGCAGGCAGATCACAACGTGAGGAGTTTAAGACCAGCCTGGCCAACATGGTGAAACCTCATCTCTACTGAAAATACAAAAATTAGCTTGGCGTGGTGGTGGGCACCTGTAATCCCAGCTACTTGGGAGGCTGAGGCAGGAGAATCGCTTGTAACCAGAAGACGGAGGCTGCAGTGAGCCAACATCGCACCACTGCACTCCAGCTTGGGCAAAAGAGCGAAACTGTCTCAAAAAAAAAAAAAAAAAAAA"
"chr1","201508582","201508867","JH378119","21729384","21729670","38","179779198","GGCTGGGCACGGTGACTCATGCTTGTAATCCTAGCACTTTGGGAGGCCGAGGCTGGCGATCACAAGGTCAGGGGTTCGAGACCAGCCTGGTCAACATGGTGAAACCCCGTCTCTACTAAAAATACAAAAATTAGCTGGCATGGTGGCGGGCGCCTGTAATCCCAGCTACTTGGGAGGCTGAGGTAGGAGAATCACTTGAAACTGGCAGGCAGAGGTTGCAGTGAGCTGAGATCACACCATTGCACTCCAGCCTGGGTGAAAGAGCGAAACTCTGTCAAAAAAAAAA","GGCTGGGCGCAGTGGCTCACGCTTGTAATCCCAGCACTTTGGGAGGTCGAGGTGGGTGGATCACAAGGTCAGGAGTTCAAGACCAGCCTGGCCAACATGGTGAAACCCCGTCTCTGCTAAAAATAGAAAAATTAGCAAAGCATGGTGGCAGGCGCCTGTAATCACAGCTACTCGGGAAGCTGAGGCAGGAGAATCACTTGAAACTGAAAGGTAGAGGTTGCAGTGAGCCGACATCACCACCACTGCACTCCAGCCTGGGCGACAAGAGCGAAACTTCATCTAAAAAA"
"chr1","203281794","203282106","JH378107","46009365","46009670","53","157272429","GGCCTGGCACTGTGGATCAGGCCTGTAATCCCAGCACTTTGGGAAGCCAAGGTTGAATGGATCACGAGGTCAGGATTTGAGATCAACCTGGCCAACATGGTGGTGAAACCCCATCTCTATGAAAAATACAAAAATTAGCCGGGCGCGGTGGCAGGTACCTATAATCCCAGCTACTCAGGAGGTTGAGACACGAGAATCGCTTGAAACCGGAAGGTGGAGGCTGCAGTGAGCCGAGATTGCACCACTGCACTCCAGCCTGGGCGAAAGAGCTAAGCTCCGTCTCAAGAAAAAGAAAAAAAAGAAAAAGAAAAAA","GGCCGGGCGTGGTGGCTCACGCCTGTAATCCCAGCACTTTGGGAGGCCAAGGCAGGTGGATCACGAGGTCAAGAGGTCGAGACCATCCTGGTCAACATGGTGAAACCCCGTCTCTGCTAAAAATACAAAAATTAGCTGGGCATGGTGGCACGTGCCTGTAATCCCAGCTACTCAGGAGGCTGAGGCAGGAGAATTGCCTGAAACCAGGAGGCGGAGGTTGCGGTGAGCCGAGATTGCGCCATTGCACTCCAGCCTGGGTAACAAGAGCGAAACTCCGTCTCAAAAAAAAAAAAAAAAAAAAAAAAA"
"chr1","204880401","204880678","JH378114","25897117","25897404","50","178983284","GGCTCACCGCCTGTAATTCCAACACTCTGGGAGGCCGAGGAGGTCAGATCATGAGGTCAAGAGTTCGAGACCAGCCTGGCCAACATAGTGAAACCCCGTTTCTACTAAAAGTAAAACAATTAGCCAGGCGATGTGGTGGGCGCCTGTACTCCCAGCTACTCGGGAGACTGAGGCAGAAAAATCACTGGAAACCAGAAGGCATAGGTTGCAGTGAGCTGAGATCATGCCACTGCACTCCAGCCTGGGTGAAAGAGCAAAACTCCATCTCAAAAAAAAAA","CTGGGTGCGGTGGCTCATGCCTGTAATCCCAACACTTTGGGAGGCCAAGGCGGGTAGATCATGAGGTCAAAAGCTCGAGACCAGCCTGGCCAACATGGTGAAACTCCATTTCTCCTAAAAATATAAAAATTAGCAGGGCGTGGTGGTGGGCACCTGTAATCCCAGCTACTCAGGAGGCTGAGGCACGAAAATCACTTGAAACCAGAAGGTGGAGGATGCAGTGAGCCGAGATCACGCCACTGCACTCCAGCCTGGGTGGAAAAGCAAAACTTCCCCGCAAAAAAAAAA"
"chr1","207013132","207013430","JH378148","3009466","3009760","41","204003666","GGCCAGGTGTGGTGGCTCACGCCTGTAATCCTAGCACTTTGGGAGGCCGAGGCGGGTGGATCACGAGGTCAGGAGTTTGAGACCAGCCTGTCCAACATGGTGAAATCCTGTCTCTGCTAAAAATACAAAAATTAGCCAGGTATGGTAGCGGGCGCCTGTAGTCCCAGCTACTCAGGAGACTGAGGCAGGAGAATCGCCTGAAATTGGAAGGCGGAAGTTGCAGTGAGCCGAGATCACGCCACTGCGCTCCAGCCTGGGGAAAAAAAGCAAAATTCCATCTCAAAAAAAAAAAAAAAAAA","GGCCAGGTGTGGTGGCTCACGCCTGTAATCCCAGCACTTTGGGAGGCCGAGGCAGGTGGATGATGAGGTCAGGAGTTCGAGACCAGCCTGGCCAAAATGGTGAAACCCTGTCTCTACTAAAAATACAAAAAAATTAGCCAGGCGTGGTGGCATGCGCCTATAATCCCAGCTACTCAGGAGGCTAAGGCAGGAGAATCACTTGAAACCAGAAGGCAGAGGTTGCAGTGAACTGAGATCACGCCACTGCACTCCAGCCTGGGCAACAAGAGCAAAACTCCATCTCAAAAAATAAAAA"
"chr1","207543387","207543694","JH378107","46009365","46009670","53","161534022","GGTCTGGCGTGGTGGCTGACGCTGTAAATCCCAACACTTTGGAGGCCGAGGCGGTTGGATCACAAGGTCAGCGAGTTCCAGACTAGCCTGGCCAACATGTTGAGCCCGTCTCTACTAAAAAATACAAAAATTAGGACCAGGCTTGAGTGGCCGCCTGGTAATCCCAGCTACTCAGGAGGCTGAGGCAGGAGAATCGCTTGAAACTGGAAGGTGGAGATCGCAGTGAGCCAAGATTGCGCCACTGCACTCCAGTCTGGGTGAAAGAGAGAAACTCCGTGTCAAAAAAAAAAAAGAAAAAGAAAAAGAAA","GGCCGGGCGTGGTGGCTCACGCCTGTAATCCCAGCACTTTGGGAGGCCAAGGCAGGTGGATCACGAGGTCAAGAGGTCGAGACCATCCTGGTCAACATGGTGAAACCCCGTCTCTGCTAAAAATACAAAAATTAGCTGGGCATGGTGGCACGTGCCTGTAATCCCAGCTACTCAGGAGGCTGAGGCAGGAGAATTGCCTGAAACCAGGAGGCGGAGGTTGCGGTGAGCCGAGATTGCGCCATTGCACTCCAGCCTGGGTAACAAGAGCGAAACTCCGTCTCAAAAAAAAAAAAAAAAAAAAAAAAA"
"chr1","208050328","208050631","JH378145","15857815","15858117","43","192192513","GGCAGGGCGCGGTGGCTCACGCCTGTAATCCCAGCACTTTGGGAGGCCAAGGTGGGCGGATCACGAGGTCTGGAGTTTGAGACCAGCCTGGCCAACATGGCGAAACCCTGTTGCTACTAAAAAATACAAAAATTAGCTGGGCGTGGTGGTGGACACTTGTAATCCCAGCTATCTGGGAGGCTGAGGCAGGAGAATCATTTGAAACCAGAAGGTGGAGGTTGCAATGAGCTGAGATTGCGCCACTGCACTCCAGCCTGGGCAACAAGAGCAAAACTCCATCTAAAAAAAACCAAAACACAAAAAA","CTGGGCAAGGTGGCTCACGCCTATAATTCCAGCACTTTGGGAGGTCAAGGTGGGCAGATCACAAGGTCAGGACTTGGAGAGCAGCCTGGCCAACATGGTGTAACCCTGTGTCTACTAAAAATACAAAAATTAGCTGGGTGTAGGAGTGGGCACCTGTAATCCCAGCTACTCGGGAGGCTGAGGCAGGAGAATCGCTTGAAACTGGAAGGTAGAGGTTGCAATGAGCCGAGATTGTGCCACTGTACTCCAGCCTGGGCAACAGAGCAAAACTCCATCTCAAATAAAAAAAAAAAAAAAAAAAAA"
"chr1","211603772","211603949","JH378123","12803625","12803809","31","198800147","GCGCGGTGGCTCACGCCTGTAATCCCAGCACTTTGGGAAGCCGATGTGAGTGGATCACGGTGTCAGGAGTTCAAGACCAGCCTGGCCAACATGGTGAAACCCCATTTCTACTAAAAATTAAAAAATTAGCCGGGCGTGGTGGCGGGCGCCTGTAATCCCAGCTACTCAGGAGGTTGAG","GCCGGGCGTGGTGGCTCAAGCCTGTAATCCCAGCACTTTGGGAGGCCGAGGCGGGTGGATCATGAGGTCAAGAGATCGAGACCATCCTGGTCAACATGGTGAAACCCCGTCTTTACTAAAAATACAAAAAAATTAGCTGGGCATGGTGGCGTGTGCCTGTAATCCCAGCTATTCAGGAGGCCGAG"
"chr1","211948868","211949165","JH378106","38114191","38114487","85","173834677","GGCTGGGCGCGGTGTTCTCCATGCTGTAAATCGCGCACTTTTGGAGGGCTGAGCAGGTGGATCTCGAAGTCGGGGGAGTTCGAGGGACAGCCTAACTACCATGGTAATCCCATCTCTACTAATCAAACAATTTGCCCAGGTGTGGTGTGGGCGCCTGTTATCTAGCTACTGGAGGTTGAGGCAGAAGAACACTTGAAACCCCGCAGGAGGTAGGGTTGCAGTGAGCTGGAGATGGCGGCCCACTGTGCTCAGGCCTGGGGCAACGAGCAGGCTGTCTCAAAACAAACAAACAAACAAA","GCAGGGTGCGATGGCTCACATCTGTAATCCCAGCACTTTGGGAGTCTGAGGCAGGTGGATCACAAGGTCAGGAGTTTGAGACCAGCCTGGTCAACATGGTGAAACCCCATCTCTACTAAAAATACAAAAATTAGCCGGGTGTGGTGGCGGGCGCCTGTAATCTCAGCTACTCGGGAGGCTGAGACAGGAGAATCACTTGAAAACCTGGAGGTGGAGGTTGCAGTGAGCCCAGATTCTGCCATTACACTCCAGCCTGGGCAAGAAGAGCAGGACTCCATTAAAAAAAAAAAAGAAGAA"
"chr1","212480799","212481112","JH378106","70219640","70219948","54","142261159","GGCTGGGCGGGGTGGCTCATGCCTATAATCCCAGCACTTTGGGAGGCCGAGGCAGGCAGATCACAAGGTCAGGAGTTCAAGACCAGCCTGACCAACATGGTGAAACCCCGTCTCTTTTCGTATTTGTAAAAATACAAAAATGAACCAGGCATGGTGGTGAGTGCTTGTAATCCCAGCTACTCGGGAGGCTGAGGCAGGAGAATCGCCTGAACATGGGAGGTGGAGGTTTCAGTGAGTGAAGGTCGTACCCACTGTACTCCAGCCTGGGCAACAAGAGCAAAAGTCCATCTCCAAAAAAAAAAAAAAAAAAAAAA","GGCTGGGTGAGGTGGCTCATGCCTGTAATCCCAGCACTTTGGGAGGCCAACGCAAGCAGATCACAAGGTCAGGAGTTCAAGACCAGCATGGCCAACATGGTGAAACCCCATCCCTACTAAAAATAACAAAAATTAGCTGGGCATGGTGGGAGCCGCCTGTAATACCAGCTACTCGGGAGGCTGAGGCAGGAGAATCGCTTGAAACTGGAAGGCAGAGGTTGCAGTGAGCCAAGATTGTGCCACTGCACTCCAGCCTGGGTGACAGAGCAAAGTTCCATCTCAAAATAAAAATAAAAATAAATAAATAAA"
"chr1","215982618","215982907","JH378153","8755648","8755940","44","207226970","GGCCAGGCGTGGTGGCTCATGCCTGTAATCCCCGCACTTTGGGAGACCGAGGCAGGTGGATCATGAGGTCAGGCGTTTGAGACCAGCCTTGTCAACATAGTAAAACCCTGTCTCTACTAAAAATACAAAAATTAGCTGGGCATACTGGCAGATGCCTATAATCCCAGCTACTTGGGAGGCTGAGGCAGGAAAATCGCCTGAAACTGGAAGGTGGAGGTTGTAGTGAGCCGAGATTGCGCCATTGCACTCCAGCCTGGGGGAAGGAGCAAAACTCTGTCTCAGAAAAAAAA","GCCGGGTGTGGTGGCTCAAGCCTGTAATCCCAGCACTTTGGGAGGCCGAGGTGGGTGGATCACGAGGTCAAGAGATCGAGACCATCCTGGTCAACATAGTGAAACCCCGTCTCTACTAAAAATACAAAAAATCAGCTGGGCATGGCGGTGCGTGCCTGTAATCCCAGCTACTCAGGAGGCTGAGGCAGGAGAATTGCCTGAAACCAGAAGGCGGAGGTTGTGGTGAGCCGAGATTGCGCCATTGCACTCCAGCCTGGGTAACAAGAGCGAAACTCCATCTCAAAAAAAAAGAA"
"chr1","216528613","216528905","JH378150","3663097","3663397","40","212865516","GGCCAGGCACAGTGGCTCATGCCTGTAATCCCAGCACTTTGGGAGGCCGAGGCGGGCAGATCACAAGGTCAAGAGTTTGAAACCAGCCTGGCCAACATGGTGAAACCCCGTCTCTACTAAAAATATAAAAATTAGCTGGGCGTGGTGGTGGGTACCAGTAATCCCAGCTACTGGGGAGGCGGAGGCAGGAGAATTGCTTGAATCCAGGAGGTGGAGGTTGCAATGAGCCAAGATCACGCCATTGCACTCCAGCCTGGGCAACAAGAGCAAAAACTCTGTCAAAAATAAATAAA","GCCGGGCACGGTGGCTCAAGCCTGTAATCCCAGCACTTTGGGAGGCCGAGGCGGGTGGATCACGAGGTCAAGAGATCGAGACCATCCTGGTCAACATGGTGAAACCCCGTCTCTACTAAAAATAGAAAACATTAGCTGGGCATGGTGGTGCGTGCCTGTAATCCCAGCAACTCAGGAGGCTGAGGCAGGAGAATTGCCTGAAACCAGGAGGTGGAGGTTGCAGTGAGCCAAGATGGCGCCATTGCACTCCAGCCTGGGTAACAAGAGCAAAACTCCATCTCAAAAAAATAAAGAAAGAAAA"
"chr1","217080868","217081180","JH378107","46009365","46009670","46","171071503","GGCTGGGCGCCATGGCTCACGCCTCTAATCCCAGCACTTTGGGAGGCCAAGGCGGGTGAATCACGAGGTCAGGAGCTCGAGACCAGACTGGCCAACATGGTGAAACCCTGTCTATACTAAAAAAACAAAAAATTAGCTGGGTGTAGTGGCAGGCGCCTATAATCCCAGCTACTCAGGAGGCTGAGGCAGGAGAATCGCTTGAACCGGGAGGTGGAGGTTGTGGTGAGCTGAGATAGCGCCATTGCATTCCAGCTGGGGCAAAAAGAGTGAAGCTCCATCTCAAAAAATAATAATTAAAAAAAAAAAAAAAGAA","GGCCGGGCGTGGTGGCTCACGCCTGTAATCCCAGCACTTTGGGAGGCCAAGGCAGGTGGATCACGAGGTCAAGAGGTCGAGACCATCCTGGTCAACATGGTGAAACCCCGTCTCTGCTAAAAATACAAAAATTAGCTGGGCATGGTGGCACGTGCCTGTAATCCCAGCTACTCAGGAGGCTGAGGCAGGAGAATTGCCTGAAACCAGGAGGCGGAGGTTGCGGTGAGCCGAGATTGCGCCATTGCACTCCAGCCTGGGTAACAAGAGCGAAACTCCGTCTCAAAAAAAAAAAAAAAAAAAAAAAAA"
"chr1","217676790","217677097","JH378201","3287246","3287553","46","214389544","GCCAGGCGTGGTGATTCATGCCTGTAATCCCAGTACTTTGGGAGGTCGAGGCGGGTGGATCACAAGGTCAGGAGTTCGAGAGCAGCCTGGCCAACATGGTGAAACACTGTCTCTACTAAAAATACAAAAATTAGCCAGGCATGGTTGCAGGCACCTGTAACCCCAGCTACTCAGGAGGCTGAGGCAACAGAATCCCTTAAAACCGGAAGGCTGAGGTTGCAGTGAGCCGAGATCGTGCCACTGCACTCCAGCCTGGGCGAAAGAGCGAAACTTCATCTCAAAACAACAAAACGAAACAAACAAACAAA","GACCAGGTGCGGTGGCTCACACCTGTAATCCCAGCACTTTGGGAGGCCGAGGTGGGCGAATCACGAAGTCAGGAGTTCGAGACCAGCCTGGCCAACAAAGTAAAACTCTGTCTTTACTAAAAATACAAAAATTAGCCAGCCATGGTAGCGGGCACCTATAATCCCAGCTACTCAGAAGCCTGAGGCAGGAGAACCACTTGAAACCGGAAGGCAGAAGTTGCAGTGAGCCGAGATTGCGCCACTGCACTCCAGCCTGGGCAAAAGAGTGAAACTCCATCTCAAAAAAAAAAAAAAAAAAAAAAAAAAAA"
"chr1","219165299","219165560","JH378131","2425118","2425380","49","216740181","CAAGACGGGTGGATCACTAGGTCAGGAGTTTGAGACCAACCTGGCCAACATGGTGAAACCCTGCTCTACTAAAAATACAAAAATTAGCCGGGTGTGGTGGTAGGTGCCTGTAATCCCAGCTACTCAGGAGGCTGAGGTGGAAGAATCACTTGAAACTGGAAGGCGGAGGTTTCAGTGAGCCAAGATTGGGTCATTGCACTCCAGCCTGGGCAACAAGAATGAAACTCTGTCTCAAACAAACAAACAAAACAACAACAACAAA","GACAGGCAAATCAAAGGTCAGGAGTTCAAGACCAGCTTGGCCAACATGGTGAAACCTCATCTCTACTAAAAATACAAAAATTAGCTGGGCATGGTGGCCGGCGTCTATAATCCCTGCTACTTGGGATGCTGAGGCAGGAGAATCACTTGAAACCAGAAGGCGGAGGTTGCAGTGAGCCAAGATTGCGCCCCTGCACTCCAGCCTGGGCAAAAGAGTGAAACTCCATCTCAAAACAAAACAAAACAAAAAAAACAAAAACAAAA"
"chr1","219239364","219239663","JH378175","7514268","7514564","48","211725096","GGCTGGACACAGTGGCTCATGCCTGTAATCCTAGCACTTTGTAAGTGGAGGCCAAGGCAGGCGGATCACAAGGTTAGGAGTTCAAGACCAGCCTGGCCAACGTGGTGAAACCCCATCTCTACGAAAAATACAAAAATTAGCTGGGTGTGGTGGCGGGCGCCTGTAATCCCAACTACTCAGGAGGCTGAGGCAGGAAAATCGCTTGAACACACAAGGCGGAGGTTGCGTTGAGCTGAGATCGTGCCATTACACTCCAGCCTGGGAGACAAGAGCTAAACTCCATCTCAAAAAGAAAAAAAA","GGCTGGGCGCGGTGGCTCAAGCCTGTAATCCCAGCACTTTGGGAGGCCGAGGCGGGTGGATCACAAGTTCGAGAGATCGAGACCAACCTGGTCAACAGGGTGAAACCCCGTCTCTACTAAAAATATAAAAAATTAGCTGGGCGTGGTGGCATGTGCCTGTAATCCCAGCTACTCAGGAGGCTGAGGCAGGAGAATTGCCTGAAACCAGGAGGGCGGAGGTTGCGGTGAGCCGAGATCGCGCCATTGCACTCCAGCCTGGGTAACAAGAGCAAAACTCCGTCTCAAAAAAAAAAAAAA"
"chr1","219352095","219352383","JH378148","3009466","3009760","44","216342629","GGGCATGGTGGCTCATGCCTGTTATCCTAGCACTTTGGGAGGCCTATGTGAGTGGATCACGAGGTCAGGAGTTTGAGACCAGCCTGGCCGACATGGTGAAACCCCGTCTATACTAAGAATACAAAAAAATTAGCTGGGCATGGTGGCATGCGCCTGTAATCCCAGCTACTCGGGAGACCGAGGCAGGAGAATCACTTGAAATCAGAAGGCGGAGGCTGCAGTGAGTCGAGATCATGCCACTGCACTCCAGCCTGGGTGACAAGAGTGAAACTCTATCAAAAAAAAAAAA","GGCCAGGTGTGGTGGCTCACGCCTGTAATCCCAGCACTTTGGGAGGCCGAGGCAGGTGGATGATGAGGTCAGGAGTTCGAGACCAGCCTGGCCAAAATGGTGAAACCCTGTCTCTACTAAAAATACAAAAAAATTAGCCAGGCGTGGTGGCATGCGCCTATAATCCCAGCTACTCAGGAGGCTAAGGCAGGAGAATCACTTGAAACCAGAAGGCAGAGGTTGCAGTGAACTGAGATCACGCCACTGCACTCCAGCCTGGGCAACAAGAGCAAAACTCCATCTCAAAAAATAAAAA"
"chr1","220021728","220022037","JH378175","386556","386866","51","219635172","GGCTGGGCACGGTGGCTGACGTCTGTAATCCCAACACTTTGGGAGGCTGAGGAGGGGGGATCATGAGGTCAGGAGTTTGAGACCAGCCTGACCAACACAGTGAAACCCTGTCTCTAGTAAAAATATAAAAATCAGCCGGGTGTGGTGGCGGCGCCTGTAATTCCAGCTGCTCGGGAAGCTGAGGCATGAGAATCGCTTGCACCCGGCAGGCAGAGATTGCAGTGAGCCAAGATCGCACCACTGCATTCCAGCCTAGGCAACAACAGCAAAACTCCATCTCAAAAAAAAAAGAAAAGAAAAGAAAAGAAAA","GGCCGGGCACGATGGCTCACGTCTGTAATCCCAGCACTTTGGGAGGCCAAGGTGGGTGGATCACGAGGTCAAGAAATCGAAACCATCCTGGTCAACATAGTGAAACCCCGTCTCTACTAAAAATACAAAACATTAGCTGGGCATGGTGGCGCGTGCCTGTAATCCCAGCTACTCGGGAGGCTGAGGCAGGAGAATTGCCTGAAACCAGGAGGCAGAGGTTGCGGTGAGCCGAGATCGCGCCATTGCACTCCAGCCTGGGTAACAAGAGCAAAACTCCGTCTCAAAAAAAAAAAAAAAAAAGAAAAGAAAAA"
"chr1","223757563","223757866","JH378209","3195862","3196167","40","220561701","GCTGGGTGCAGTGGCTCAGGCCTGTAATCCCAGCACTTTGGGAGGCCGAGGCAGGCGGATCATGAGATCGGGAGTTCCAGACCAGTCTGGTCAATATGGTGAAACCCCATCACTACTAAAAATACAAAAATTAGCCGGGTGTGGTGGCAGACACCTGTAATCCCAGCTACTCAGGAGGCTGAGGCAGGAGAATCACTTGAAACCAGAAGGCGGAAGTTGCAGTGAGTGGAGATGGTGCCATTGCACTCCAGCCTGGGCGAAAGAGCGAAACTCCATCTCAAAAAAAAAAAAAAAAAAAAAAAAA","GCCGGGTGCGGTGGCTCAGGCCTGTAATCCCAGCACTTTGGGAGGCCGAGGGGGGTGGATCACGAGGTCAAGAGATCGAGACCATCCTGGTCAACATGGTAAAACCCCGTCTCTACTAAAAATACTAAAAATTAGCTGGGTATGGTGGCGTGTGCCTGTAATCCCAGCTACTCAGGAGGCTGAGGCAGGAGAATTGCCTGAAACCAGGAGGCGGAGGTTGCGGTGAGCCGAGATTGCGCCATTGCACTCCAGCCTGGGCAACAAGAGCGAAACTCCGTCTCGGAAAAAAAAAAAAAAAAAAAAAAA"
"chr2","9367718","9367983","JH378118","6053772","6054053","71","3313946","GGACAGGCACATGTCTCACGCCTGTAATCCCAGCACATTGGGAGGCTGAGGAGTACGAATTCCAAGGTCAGGATTGCCAGACCAATCTGGTCAACATGGTGAAACTCTGTCTCCACTAAAATACACCTGTAGTCCTAGCTACTTGGGAGGCTGAGGCAGGAGAATTGCTTGAAACCTGAAGGCGGAGGTTGCAGTGAGCCGAGATCCCGCCACTGGGCAACAATAGTGAAACTACATCTCAAAGAAAAATAAATAAATAAATAAAA","GGCTGGGTGCAGTGGCTCATGCCTGTAATCCCAGCACTTTGGGAGGCCGAGGCAGGTGAATTACAAGGTCAGGAGTTCGAGACCAGCCTGGCCAACATGGTGAAACCCCATCTCTAGGTGTGATGGCGGGCGCCTGTAATCCCAGTTACTTGGGAGGCTGAAGCAGGAGAATCATTTGAAACCAGAAGGCAAAGGTTGCCGTGAGCTGAGATTGGGTCACTGCACTTCAGTCTGGGCAACAAGAGTGAAACTCTGTCTCAAAGAAAAAAAAAAAAACAAAAA"
"chr2","12798094","12798398","JH378190","1325792","1326096","43","11472302","CTGCGCACAGTGACTCATGCCTGTAATCCCAGCACTTTGGGAGGCTGAAGTGGGCAGATCGCAAGGTCAGGAGTTATAGACCAGCCTGGCCAACATGGTGAAGCCCCATCTCTACTAAAAATACAAAAATTAGCTGGGTGTGGTGGTAGGCACCTGTAATCCCAGCTACTCGGGAGGCTGAGGCAAGATAATCGCTTGAAACCGGAAAGCAGAGGTTGCAGTGAGCCGAGATCGTGCCATTACACTCCAGCCTGGGTGGAAGGGTGAAACTCTGTCTCCTAAAAAAAAAAAAAAAAAAAAAAAAA","GCCAGGCACGGTGGCTCACGCCTGTAATCCCAGCATTTTGGGAGGCCGAGGCAGGCGGATCATGAGGTCAGGAGTTCGAGACCAGCCTGGCCAACATGGTGAAACCCTGTCTCCACTAAAAATACAAAAATTAGCTGGCTGTGGTGGTTGGCACCTGTAATCCCAGCTACATGGGAATCTGAGGCAGAAGAATTGCTTGAAACCAGAAGGCAGAGGTTGCAGTGAGCCAAGATCATGCCACTACACTCAAGCCTGGATGAAAGAGTGAAACTCTGTCTCAAAAAAAAAAAAAAAAAAAAAAAAAA"
"chr2","16441913","16442202","JH378148","3009466","3009760","46","13432447","GGCTGGGTGTGGTGGCTCACACCTGTAATCCCAGCAATTTGGGAGGATGAGGTGGGTGGATCAGGAGGTCAGGAGTTCGAGACCAGCCTCCCCAAAATAGTGAAACCCTGTCTCTACTAAAAATATAAACAGTAGCAGGACATGGTGGTGAGTACCTATAATCCCAGCTACTCAGGAAGCTGAGGCAAGAGAATCACTTGAAACCATAAGGCTGAGGTTGCAGTGAGCCAAGATCACGCCACTGCACTCTAGCCTGGTCAAGAAAAGCGAAATTCTGTCTCAAAAAAGAA","GGCCAGGTGTGGTGGCTCACGCCTGTAATCCCAGCACTTTGGGAGGCCGAGGCAGGTGGATGATGAGGTCAGGAGTTCGAGACCAGCCTGGCCAAAATGGTGAAACCCTGTCTCTACTAAAAATACAAAAAAATTAGCCAGGCGTGGTGGCATGCGCCTATAATCCCAGCTACTCAGGAGGCTAAGGCAGGAGAATCACTTGAAACCAGAAGGCAGAGGTTGCAGTGAACTGAGATCACGCCACTGCACTCCAGCCTGGGCAACAAGAGCAAAACTCCATCTCAAAAAATAAAAA"
"chr2","19668945","19669247","JH378148","3009466","3009760","51","16659479","GGCCCGGCATGGCGGGTCACGCCTGTAATCCCAGCACTTTGGGTGGCTGAGGCCGGTGGACCATGAGTCAGGAGTTCGAGACCAGCCTGGCCAACACAGTGAAACCACGTCTCTACTAAAAATACAAAGTTATTTCGTACAGGCATGGTGGCACACACCTGTAATCCCAGTTACTTGGGAGGCTGAGGAAGGAGAATCGCTTGAAACCGGAAGGCAGAGATTGCAGTGAGCCAAGATCACGCCACTGCACTCCAGCCTGGGCAACAAGAGCGAAACGGTCTCAAAACAAAACAAAACAAAAAA","GGCCAGGTGTGGTGGCTCACGCCTGTAATCCCAGCACTTTGGGAGGCCGAGGCAGGTGGATGATGAGGTCAGGAGTTCGAGACCAGCCTGGCCAAAATGGTGAAACCCTGTCTCTACTAAAAATACAAAAAAATTAGCCAGGCGTGGTGGCATGCGCCTATAATCCCAGCTACTCAGGAGGCTAAGGCAGGAGAATCACTTGAAACCAGAAGGCAGAGGTTGCAGTGAACTGAGATCACGCCACTGCACTCCAGCCTGGGCAACAAGAGCAAAACTCCATCTCAAAAAATAAAAA"
"chr2","26190332","26190454","JH378217","4123939","4124062","52","22066393","GCGGATCATGAGGTCAGGAGTTCAAGACCAGCCTGGCCAACATGGTGAAACCCTGTCTCTACTAATAAAAAAATAGAAAAATTAGTTGGGCGTGGTGGCAGGCACCTGTAACCCCAGCTACTC","TTGGGAGGCTGAAGCAGGTGGATCACTGAAGGCCAGGAGTTTGAGACCAGTCTGGCCAACGTCGCGAAACCCTGCATCTCTACTAAAAATACAAAAATTAGCCGGGCTTGGTGGCGGGCGTCTG"
"chr2","27052521","27052806","JH378114","19068127","19068419","60","7984394","GGCCAGGTGTGGTGGCTCATGCCTGGAATCCCAGCACTTTGAGAGGCTGAGGCAGGAGGATCACAGGGTCAGGAGCCTGGCTAACATAGTGAAACCTCATCTTTATTAAAAATACAAAATTTAGCCAGGTGTGGTGGTGGGCTCCTGTAGCCCCAGTTACTTGGGAGGCTGAGGCAGGAGAACCACTTGAACCTGGGAGGCAGAGGTTGCAGTGAGTCGAGATCTCACCACTGCACTCCAGCCTGGGCAACAACAACAACAACAAAAAAAAAAAAAAAAAAAAAAA","GCCAGGCGCGGTGGCTCATGCCGGTAATCCCAGCACTTTGGGAGGCTGAGGCGGGCAGATCATGAGGTCAGGAGTTTGAGACCAGCCTGGCCAACACACTGAAACCCAGTCTTTACTAAAAATACAAAAATGAGCCAGGTGTGGTGGCGGGCACCTGTAATCCCAGCTACTCAGGAAGCTGAGGCAGGAGAATCACTTGAAACCAGAAGGCCGAGGTTGCAGTGAGATGAGATCAGGCCACTGCACTCCAGCCTGGGAGAAAACTCTGTCTCAAAAAAAAAAAAAAAAAAAAA"
"chr2","27749168","27749440","JH378149","8670852","8671127","43","19078316","GACCAGGTGCGGTGGCTCATACCTGTGGTTCCAGCACTTTAGGAGGCCAAGGCAGGCAGATCACGATGTCAGGAGTTTGATACCAGCCTGGCCAACATGGTGAAAAACCATCTCTATTAAAAATATAAAAATTATCTGGGCATGGTGGCTGGCACCTGTATTCCCAGCTACTCGGGAAGTTGAGGTAGGGAATCGCTTGAAACAGGAAGGCGGATGTAGCAGTGAGCCAAGATCATGCCACTGCACTCTGGCCTAGGCAACAAAAGCAAAACT","GCCAGGTGTGGTGGCTCATGCCTGTAATCCCAGCACTTTGGGAGGCCAAGGCAGGCAGATCACGAGGTCAGGAGTTTGAGACCAGCTTGGCCAACATGATGAAACTCCATCTTTACTGAAAATACAAAAACAATTAGGTGGGCCTGGTGGTGGGCACCTGTAATCCTAGCTACTCGGGAGGCTGAGGCAGGAGAATTGCTTGAAACTGGAAGGCGGAGGTTGCAGTGAGCCAAGATCCTACCACTGCACTTCAGCCTAGTCAGCAAGAGCAAAACT"
"chr2","29379226","29379513","JH378148","3009466","3009760","42","26369760","GGCTGCGCGTGGTGGCTCCCACCTGTAATCCTAGTACTTTGGGAGGCCGAGGCAGGTGGATCATGAGGTCAGGAGTTCAAGACCAGCCTGACCAACATGGTGAAACCCCATCTCTACTAAAAATACAAAAATTAGCCGGGCATGGGGGCAGGCACCTGTAATCCCAGCTACTCAGGAGGCTGAGGGAGGAGAATCACTTGAAACCAGAAGGCGGAGGTTGCAGTCAGCCAAGATCGTGGCACTGCACTTCAGCCTGGGCAATACGAGCAAAACTGTCTCAAAAACAAA","GGCCAGGTGTGGTGGCTCACGCCTGTAATCCCAGCACTTTGGGAGGCCGAGGCAGGTGGATGATGAGGTCAGGAGTTCGAGACCAGCCTGGCCAAAATGGTGAAACCCTGTCTCTACTAAAAATACAAAAAAATTAGCCAGGCGTGGTGGCATGCGCCTATAATCCCAGCTACTCAGGAGGCTAAGGCAGGAGAATCACTTGAAACCAGAAGGCAGAGGTTGCAGTGAACTGAGATCACGCCACTGCACTCCAGCCTGGGCAACAAGAGCAAAACTCCATCTCAAAAAATAAAAA"
"chr2","33943641","33943942","JH378156","7076545","7076843","42","26867096","GGCCAGGTACCATGGCTCACGCCTGTAATCCCAGCACTTTGGGAGGCTTAGGCAGGTGGATCACAAGGTCAGGAGTTCGAGACCAGCCTGGCCAGCATGGTAAAACCCTGACTCTACTAATAATACAAAAATTAGCCAGACGTGGTGGTGGGTACCTGTAGTCCCAGCTACTCAGGAGGCTGAGGCAGGAGAATCTCTTGAACCCAGGAGGCAGAGGTTGCAGTGAGCCAAGAAGGCACCACTGCACTCCAGCCTGGGCAATAAGAGCTAAACTCCATCTCAAAGAAAAAAAAAAAAAAAAA","GGCCAGGTGCGGTGGCTCACGCCTGTAATTCCAGCACTTTGGGAGGCTGAGGCAGGTGGATCATGAGGTCAAGAGGTCAAGACCATCCTGGTCAACATGGTGAAACCCCGTCTCTACTAAAAATACAAAAAATTAGCTGGGCGTGGTGGCGGGTGCCTGTAATCCCAGCTACTCAGGAGGCTGAGGCAGGAGAATTGCCTGAAGCCAGAAGGCAGAGGTTGCAGTGAGCCGAGATAGCGCCATTGCACTCCAGCCTGGGTAACAAGAGCGAAACTCCATCTCAAAAAAAAAAAAGAAAA"
"chr2","36637591","36637891","JH378135","21763200","21763501","43","14874391","GGGCACGGTGGCTCATGCCTGTAATCCCAACACTTTGGGAGGTTGAGGTGGGTGGATCACGAGGTCAGGAGTTCGAGACCAGCCTGGCCTACATGGTAAAACCCTGTCTCCACTAAAGATACAAAAATTAGCCGGGCATGGTGCCAGACACCTGTAATCCCAGCTACTAGGGAGGCTGAGGCAGGAGAATAGCTTGAAAGTGGAAGGCGGAGGTTGCAGTGAGCCGAGGTCATGCCACTGCACTCCAGCCTGGGTGAAAGAGCAAAACTCTGTCTCAAAAAACAAACAAACAAACAAAAAA","GCCGAGCCCAGTGGCTCACACCTGTAATCCCAGCACTTTGGGAGGTTGAGGTGGGCGGATCACAAGGTTAGGAGTTTGAGACCAGCCTGGCCAACATGGTGAAACCCTGTCTCTACTAAAAATACAAAAATTAGCCACACAAGGTGGCAAGCGCCTGTAATCCCAGCTACTTGGGAGGCTGAGGCCGGAGAATCTCTTGAAACTGGAAGGCGGAGGTTGCAGTGAGCCGAGATCGTGCCACTGCACTCCAGCCTAGGTAAAAGAAACTGTGTCTCAAAAAAAAAAAAAAGAAAAGAAAAAAA"
"chr2","37547842","37548122","JH378105","57938733","57939014","46","20390891","GGCTGGGTGTGGTGGCTCTCACCTGTAATCCCAGCACTTTGAGAGGCCAAGGCAGGTGAATCATGAGGTCAGGAGTTCGAGACCAGCCTGGCCAACATGGTGAAACCCCGTCTCTACTGAAAATACAAAAATTAGCTGGGTATAGTGGTAAGTGCCTGTAGTCCCAGCTACTTAGGAGGCTGAGGCAGGATAATCACTTGAAACTGGAAAGACCGAGGTTGCAGTGAGCTGAGATTATGCCATTGCTCTCCAGGCTGGGCAACAAGAGCAAACCTCCATCT","GGCTGGGCGTGCTGGCTCACTCCTGTCATCCCAGCACTTTGGGAGGCCCGCGTGGGTGGATCATGAGGTCAGGAGTTCCAGACCAGCCTGGCCAATATGGTGAAACCCCGTCTCTACTAAAAATACAAAAAATTAGCTAGGCCTGGTGGCAGGTGCCTATAATCCCAGCTGCTCAGAAGGCTGAGGCTGGACAATCGCTTGAAACTGGGAGGCAGAGGTTGCAGTGAGCCGAGATTGCGCCATTGCACTCCAGCCTGGGCAAAAAGAGCGAAACTCTGTCCC"
"chr2","39082118","39082415","JH378136","9599015","9599310","41","29483103","GGCCAGGCGTGGTGGCTCATGCCTGTAATCCCAGCATTTTGGGAGGCTGAGGCTGGCAGATCATGAGGTCTGGAGTTCAAGACCAGCCTGGCCAATATGGTGAAACTCTATCTCTACTAAAAACACAAAAATTAGCCAGGCATGGTGGTGGACACCTGTAATCCCAGCTACTCAGGAAACTCAGGCAGGAGAATCACTTGAAATCAGAAGGTGGAGCTTGCAGTAAGCTGAGATCGTGGCACTACACTCCAGCCTGGGCAACAAGAGTGAAACTCCATCTCAAAAAAAAAAAAAAAAA","GGTCAGGCGTGGAGGTTCACACCTGTAATCCCAGCACTTTGGGAAGCCAAGGCAGGCAGATCACAAGGTCAGGAGTTCAAGACCAGCCCGGCCAATGTGGTGAAACTCTATCTCTACTAAAAATACAAAAATTAGCCGGGCTTGGTAGTGGGCACCTGTAGTCCCAGCTACTCGGGAGGCTGAGGCAGGAGAATCACTTGAAACTAGAAGCTGGAGGTTGCAGTGAGCTGAGATCAGGCCACTGCACTCCAGCCTGGGCAACAAGAGCAAAACTCTGTCTCAAAAAAAAAGAAAAA"
"chr2","41288056","41288363","JH378107","46009365","46009670","39","4721309","GGCCGGGCGCAGTGGCTCACGCCTGTAATCACAGCACTTTGGGAGGCTGAGGTGGGTGGATCACGAGGTCAGGAGTTCAAGACCAGCCTGGCCAACATGGTGAAACCCTGTCTCTACTAAAAATACAAAAATTAGCCATGCAAGGTGGCAGGTGCCTATAATCCCAGCTAGTCGGGAGGCTGAGGCAGAAGAATTGCTTGAAACCAGTAGGTGGAGGTTGCACTGAGCCGAGATTGTGCCACTGCACTCCAGCTTGGGCAACAAGAGTGAACCTCTGTCTCAAAAAAATAAATAAATAAAAATAAAAA","GGCCGGGCGTGGTGGCTCACGCCTGTAATCCCAGCACTTTGGGAGGCCAAGGCAGGTGGATCACGAGGTCAAGAGGTCGAGACCATCCTGGTCAACATGGTGAAACCCCGTCTCTGCTAAAAATACAAAAATTAGCTGGGCATGGTGGCACGTGCCTGTAATCCCAGCTACTCAGGAGGCTGAGGCAGGAGAATTGCCTGAAACCAGGAGGCGGAGGTTGCGGTGAGCCGAGATTGCGCCATTGCACTCCAGCCTGGGTAACAAGAGCGAAACTCCGTCTCAAAAAAAAAAAAAAAAAAAAAAAAA"
"chr2","41354251","41354550","JH378151","1318098","1318398","42","40036153","GGGCGCAGTAGCTCATGCCTGTAATCCCAGCACTTTGGGAGGCCAAGGCAGGCAGATCACGAGGTCAGGAGTTCGAGATCAGCCTGGCCAACATGATGAAACGCTGTCTCTACTAAAAATACAAAAATCAGCCAGGCACGGTGGCAGGTGCCTGTAATCCCAGCTACTTCGGAGGCTGAGGCAGGAGAATCACTTGAAACCGTAAGGCGGAGGTTACAGTGAGCCAAGATCACACCACTGCACTCCAGCCTGGGTGAAAGAGTGAAACTCTGTCTCAAAAAAAAAAAAAAAAAAAAAAAA","GCTGGGCGCAGTGGCTTACGCCTGTGATCCCAGCACTTTGGGAGGCTGAGGCGGGCGGATCACGAGGTCAGTAGTTCGAGACCAGCATGGCCAACATGGTGAAACCCTGTCTCTACTAAAAATACAAAAATTAGCCAGGCATGGTGGCAGGTGCTTGTAATACCAGCTACTTGGGAGGCTGAGGCAGAAGAATCACTTGAAACCGGAAGGTGGCGGTTACAGTGAACCGAGATCTCGCTACTGCATTCCAGCCTGCTCGAAAGAGCAAAATTCCATCTTAAAAAAAAAAAAAAAAAAAAAA"
"chr2","42817226","42817528","JH378135","21763200","21763501","49","21054026","GCTGGTCACGGTGGCTCCCGCCTCTAATCCCAGTACTTTGGGAGGCCAAGACGGGTGGATCACAAGGTCAGGAGTTTGAGACTAGCCTGGCCAACGTAGTGAAACCATCTCTACTAAAAGTACAAAAATTAGCCAGGCATGGTGGCAGGCACCTGTAATCCCAGCAACTTGGGAGGCTGAGGCAGGAGAATCGCTTGAAACTGGAAGGCAGAGGTTGCAGTGAGTCAAGATCGTGCCACTGCACTCCAGCCTCAGCGGAAGAGTGAAACTCGGTCTCAAAACACAAAACAAAACAAAACAAAA","GCCGAGCCCAGTGGCTCACACCTGTAATCCCAGCACTTTGGGAGGTTGAGGTGGGCGGATCACAAGGTTAGGAGTTTGAGACCAGCCTGGCCAACATGGTGAAACCCTGTCTCTACTAAAAATACAAAAATTAGCCACACAAGGTGGCAAGCGCCTGTAATCCCAGCTACTTGGGAGGCTGAGGCCGGAGAATCTCTTGAAACTGGAAGGCGGAGGTTGCAGTGAGCCGAGATCGTGCCACTGCACTCCAGCCTAGGTAAAAGAAACTGTGTCTCAAAAAAAAAAAAAAGAAAAGAAAAAAA"
"chr2","43657552","43657834","JH378245","2640263","2640532","52","41017289","AACCCCAGTACTTTGGGAAGCCAAGGCAGGCGGATCTCAAGGTCAGGAGTTCAAAACCAGCCTGGCCAACATGGGGAATCCCTGTCTCTACTAAAAATACAAAAAAAAAAAAAAATTAGCTGGGCATGGTGGTGGGCGTCTGTAATCCCAGCTACTCAGTAGGCTGAGGCAGGAGAATCGCTTCAAACTGGAAGGTGGAGGTTGCAGTGAGTCAAGATCGTGCCACTGAACTCCAGCCTGGGAGAAAGAGCGAAACTCTGTCTCAAAAAAAAAAAAAAAAAAA","ATCCCAGAAGTTTGGGAGGCCGAGGCAGGTGGATCACGAGGTCAGGAGTTCAAGACCAACTGGCCAACATGGTGAAACCCCGTCTCTACTAAAAATACAAAAATTAGGTAGGCATAATGGCAGGCACCTGTAATTCCAGCTACTTGGGAGGCTGAGGCAGGAGAATCACTTGAAACCGGTAGGCGGAGGTTGCAGTGAGCCGAGATTGTGCCACTGCACTCCAGCCTGGGTGAAAGAGCGAAACTCCGTCTCAAAACAAACAAACAAAAA"
"chr2","45523581","45523889","JH378118","9164013","9164313","50","36359568","GGCAGGGAACAGTGGCTCATGCCTGTAATCCCAGCACTTTGGGAGGCCAAGGCAGAAAGATCACAAGGTCAGGAGTTTGAGACCAGCCTGGCCAACAGGGTAAAAGCCCGTCTCTACTAAAAAGACAAAAATTAGCCAAGCATGGTGGCAGGTGCCTGTAATCCCAGCTACTTGGGAGGCTGAGGCAGAAGAATCACTTGAAACCGGAAGGCAGAGGTTTCAGTGAGCTGAGATCATGCCACTGCACTCCAGCCTAGGCAGGCAACAAGAGTGAAACTCCACAAAAGAAGAAAAAAAAAAAAGAAAGAA","GGCTAGACGTGGTGGCTCATGCCTATAATCCCAGCACTTTGGGAGGCCAAGGCAGGCAGATCACAAAGTCAGCAGTTCGAGATCAGCCTGGCCAACATGGTGAAACCCCATCTCTACTAAAAATACAAAAATTAGCCAGACATGGTGGCAGGCACCTGTAATCCCAGTTACTTGGGAGGCTGAGGCAGGAGAATTGCTTAAAATCGGAAGGTGGAGGTTGCAGTGAGCTGAGATCAAGCCACTGCATTCCAGCCTGGGCAACAAAGTGAAACTCCATCTCAAAATAAATAAATCAAAAAAA"
"chr2","45965155","45965334","JH378189","1484999","1485181","30","44480156","TTAGCTGGGCGTGGTGGCAATCACCTGTAATCCCAGCGACTTAGGAGGCTGAGGCAGGATAATCGCTTGAAACCGGAAGGCGGAGGTTGCCGTGAGCCAAAATTGCGCCACTGCACTCTAGCCTGGGCAATAAGAGCAAAACTCCGTCTCAAAAAAAAAAAAAAAAAAAAAAAAAAAAAA","AAATTAGCTGAGCATGGCAGCACACATCTATAATCCCAGCTACTCAGGAGGCTGAGGCAGGAGAATCGCTTGAAACCAGGAGGCAGAGGTTGCAGTGAGCCGAGATTGCACCACTGCACTCCAGCCTGGGCAACAAGAGTAAAACTCGATCTCAAAAAAGAAAAGAAAAAGAAAAAAGAAAAA"
"chr2","46166159","46166469","JH378125","4344553","4344853","42","41821606","GGCCAGGCGTGGTGGCTCACGCCTGTAATCCCAGAACTTTGGGAGGCCAAGGTGGGCGGATCACAAGGTCAGGAGTTTGAGAACAGCCTGGCCAATGTAGTGAAACCCCATCTCTACTAAAAATACAAAAAAATTAGCCAGGCATGGTGGTGAGCACCTGTAATCCCAGCTACTTGGGAGGCTGAGGCAGGAGAATTGCTTGAACCTGGCAGGGGGAGGTTGCAGTGAGCCAAGATCGCACCATTGCACTCCAGCCTGGGCAACAAGAGCAAAACTCTGTCTCAAAATAAATAAGTAAATAATAAAATAAA","GCTGGGTGTGGTGGCTCACACCTGTAATCCCAGCACTTTGGAAGGCCAAGGTGGGCGGATCATGAGGTCAGGAGTTCGAGACCAGCCTGGCCAACACAGTGAAACCCCATCTCTACTAAAAATAAAAAAAATTAGCTGGGCATGGTGGTGTGCACCTGTAATCCCAGCTACTTGGGAGGCTGAGGTAGGAGAATCGCTTGAAACTGGAAAGCCGAGGTTGCAGTGAGTAGAGATCGCGCCACTGCACTCCAGCCTGAGCAACAAAAGCATAACTCCGTCTCAAAAAAAAAAAAAAAAAAAA"
"chr2","46790699","46790991","JH378153","8755648","8755940","47","38035051","GCCAGGTGTGGTGGCTCATGCCTGTAATCTCAGCACTTTGGGAGGCTGAGGTGGGAGAATCACAAGGTCAGGAGCTTGAGACTTGGCTTGGCCAACATGGTGAAACCCCATCTCTACCAAAACTACAAAAAATTAGCTGGGCGTGGTGGTGGGTGCCTATAATCCCAGCTACCCAGGAGGATGAGGCAAGAGAATCGCTTGAACCCAGGAAGTGGAGGTTGCAGTGAGCCGAGATTGCACCACTGCACTCCAGTCTGGGCAATAAGAGTGAAACTCTGTCTTGAAAAAAAAAA","GCCGGGTGTGGTGGCTCAAGCCTGTAATCCCAGCACTTTGGGAGGCCGAGGTGGGTGGATCACGAGGTCAAGAGATCGAGACCATCCTGGTCAACATAGTGAAACCCCGTCTCTACTAAAAATACAAAAAATCAGCTGGGCATGGCGGTGCGTGCCTGTAATCCCAGCTACTCAGGAGGCTGAGGCAGGAGAATTGCCTGAAACCAGAAGGCGGAGGTTGTGGTGAGCCGAGATTGCGCCATTGCACTCCAGCCTGGGTAACAAGAGCGAAACTCCATCTCAAAAAAAAAGAA"
"chr2","56191024","56191218","JH378305","1015869","1016036","52","55175155","GCCGGGTGCAGCTGGCTCACACCTTGTTAATCCCAGGCACTTTTGGGAAGGCCAAAAGAGGGCTTGAAATCAGGGAGTTCAGGAAGTTCGAGACCGAGCCTTGAAACCAACATGGGTGAAACCCCATCTCTAAGCTAAAAATACAAAACTTTAGCCGGGGCCGTGATGGGTTGGCGGGCATGTAAAAATCCCAGC","GGCTGGGCAAGGTGGCTCACACCTGTAATCCCAGCACTTTGGGAGGCTGAGGTGGGTGGATCACTGAGGTCAGGAGTTCGAGATGAGCCTGACCAACATGATGAAACCCCCTCTCTACTAAAAATACAAAGTTAGCTGGGTGTGGTTGTGCATGCCTGTAATCGTAGC"
"chr2","56220611","56220951","JH378106","58660565","58660863","79","2439954","GGCCAAGCAGGGTGGCTCATCGTCTGTAATCCCAGCACTTTGGGAGGTCCGAAGGTGGGCAGAAAATCAACTTGAGGTTAGCGAGTTTCCGAGATCAGGCCGCGCTGGCCAACATTGGTGAAAGCCCTGTTCTCTACTAAAAAAACACAAAAAATAATAGCCGGGTTAGTGCAGGTGCCCTGTAATCTCCAGCTACTTGGGAGCTTGAGGCAGGAAGAATGCACGTGAAACGCCGCAAGGCAGAGTCAGCCAGTGAGCCCAAATCGTGCCCCATTGCAACTTCCAGCCCTGGGCAATTAAACAGAGAAACTGCCATCTCAAAAAAAATCAAAAAAAAAAAA","GCCAGACACGGTGGCTCACACCTGTAATCCCAGCACTTTGGGATGTCGAGGTGGGCAGATCATGAGGTCAAGAGTTTGAGACCAGCCTGGCCAACATGGTAAAACCCTATCTCTACTAAAAATACAAAAATTAGCTGGGTGTGGTGGCAGGTGCCTGTAATCCTAGCTACTTGGGAGCCTGAGGCAGGAGAATCACTTGAAACTGGAAGGCAGAGGTTGCAGTGAGCCGAGATAGTGCCACGGCACTCCAGCCTAGGCAACAAGAGCGAAACTGTCTCAAAAAAAGGAAAAAAAAAAAA"
"chr2","63293229","63293482","JH378131","2425118","2425380","55","60868111","GAGGCGGGTGGATCATGAGGTTGGGAGTTTGAGACCAGCTTGGCCAACATGGTGAAACCCTGTCTCTATTAAAAATACAAAAATTAACTGAGCATAGTGGCAGGCACCTGTAATCCCAGCTACTCAGGAGGCTGAAGCAGGAGAATCGCTTGAAACCGGAAGGTGGAGGTTGCAGTGAGCTAAGATCCTGCCACTGTACTCCTCAACAAGAGCGAAACTGTCTCAAAAAAAAAAAAAAAAAAAAGAAAAAGAAA","GACAGGCAAATCAAAGGTCAGGAGTTCAAGACCAGCTTGGCCAACATGGTGAAACCTCATCTCTACTAAAAATACAAAAATTAGCTGGGCATGGTGGCCGGCGTCTATAATCCCTGCTACTTGGGATGCTGAGGCAGGAGAATCACTTGAAACCAGAAGGCGGAGGTTGCAGTGAGCCAAGATTGCGCCCCTGCACTCCAGCCTGGGCAAAAGAGTGAAACTCCATCTCAAAACAAAACAAAACAAAAAAAACAAAAACAAAA"
"chr2","63447144","63447434","JH378261","2905026","2905326","51","60542118","GCCGGGCACAGTGGCTCACACCTGTAATCTCAGCACTTTGGGAGGCCAAGGCCTGTGGAACACGAGGTCAGGAGTTCGGGACCAGCTTGGCCAACATGGTGAAACCCCGTCTCTACTAAAAATTAGCTGGGTGTGGTGACAGACACCTGTAATTCCAGCTACTCGGGAGGCTGAGGCAGGAGAATAGCTTGAAACTGGAAGCCAGAGGTTGCAGTGAGCCCAGATCATGCCACTGCACTCCACCCTGGGCAATAAGAGCGAAACTCCCTCTCATAAACAAACAAACAAAAA","GCCAGGCACAGTGGTTTACACCTGTAATCCCAGCACTGTGGGAGGCCAAGGCGGGCAGATCACGAGGTCAGAAGTTTGAGACCAGCCAGGCCAACATGGTGAAACCCTATCTCTACTAAAAATACAAAACAAATGAGTCAGACGTGGTGGTGGGCACCTGTAATCCCAGCTACTTGGGAGGCTAAGGCAGGAGAATAGCTTGAAACCGGAAGGCAGAGGTTGCAGTAAGCCAAGATCGCAGCACTGCACTCCAGCCTGGGCAACAAGAGCGAAACTCCATCTCAAAAACAAACAAACAAAA"
"chr2","71092600","71092872","JH378214","2331537","2331805","43","68761063","GGCCGGGCGCTGTGGCTCACGACTGTAATCTCAGTACTTTGGGAGGCCAAGACGGGTGGATCACAAGGTCAGGAGTTCAAGACCAGCCTGGCCAACATGGTGAGACCCCCATCTCTACTAAAAATACAAAAATTAGCTGGGCATGGTGGCAGCCGCCTGTAATCCCAGCAACTCAGGAGGCTAAGTCAGGAGAATCGCTTGAAACCAGAAGGCTGAGGTTGCAGTAAGCCAAGATGGTGCCACTGCACTCCAGCCTGGGTGACAAGAGTGAAA","GGCCTGGCATGGTGGCTCACACCTGTAATCCCAGCACTTTGGGAGACCAAGGTGGGCGATCATAAGGTCAAGCGTTCAAGATCAGCCTGGCCAACATGGTGAAACCCTGCCTCTACTAAAAATACAAAAATTTGCTGGGCATGGTGGCGGGCACCTGTAATCCCAACTACTCAGGAGGCTGAGGCAGGAGAATCACTTGAAACCTGAAGGTGGAGGTTGCAGTGAGCCGAGATCGCGCCATTGCACTCCAACCTGGGTAACGAGTGAAA"
"chr2","72677147","72677462","JH378228","1913613","1913919","45","70763534","GGCCGGGCACGGTGGCTCATGCCTGTAATCTGTAATCCCAGCACTTTGGGAGGCTGAGGACAGTGGATCACGAGCTCAGGAGTTCAAGACCAGCCTGGCCAACATGGTGAAACCCTGTCTCTACTAAAAAATACAAAAATTAGCTGGGCATGGTGGTGGACGCATGTAATCCCAGCTAGTTCAGGAGGCTGAGGCAGGAGAATTGCTTGAACCCAGACGGCAGAGGTTGCAGTGAGCTGAGATCACACCACTGCACTCCAGCCTAGGCAACAAGAGTGAAACTCTGTCTCAAAAAAAAAAAAAAAAAAAAAAAAAA","GCCAGGCGCAGTGGCTCATGCCTATAATCCCAGCACTTTGGGAGGCCGAGACAATTGGATCACGAGGTCAAGAGATCAAGACCATCCTGGTCAACACGGTGAAACCCCGTCTCTACTAAAAATACAAAAATTAGCTGGGCATGGTGGTGCGTGCCTGTAATCCCAGCTACTCAGGAGGCTGAGGCAGGAGAATTGCCTGAAACCAGGAGGCGGAGGTTGCGGTGAGCCGAGATCGCACCATTGCACTCCAGCCTGGGTAACAAGAGCGAAACTTTGTCTCAAAAAAATAAAAAATAAAAACAAAAAA"
"chr2","79492766","79493072","JH378137","1949849","1950158","42","77542917","GGCTGGGCGCAGTGGCTCACGCCTGTAATCCTAGCACTTTGGGAGGATGAGGCAGGCGGATCATGAGGTCAGGAGTTTGAGACCAGCCTGGCCAACATGGTGAAACCCCCTCTTTACTAAAAATACAAAAATTAGGTGGGCATGGTGGCAGGCTCCTGTAATTCCAGCTACTCTGGAGGCTGAAGCAGGAGAATCGCTGGAAATGGGAAGGCAGAGGTTGCAGTGAGCTGAGATCGCACCACTGCACTCCAGCCTGCCAGAAAGAGTGAAACTGCATCTCAAAAAAAAAAAAAAAAAAAAAAAAAAA","GGTTGGGCACGGTGGCTCACGCCTGTAATCCCAGCACTTTGGGAAGCCAAGGTGGGCGGATCATGAGGTTAGGAGTTCGAGACCAGCCTGGCCAACATGGTGAAACCTCGTCTCTACTAAAAATACAAAAATTAGCTGGGCATAGTAGCGGGTGCCTGTAATCCCAGCTACTTGGGAGGCTGAGGCAGGAGAATCACTTGAAAATGGAAGGTGGAGGTTGCAGTGAGCTGGAATCACGCCACTGCACTCCAGCCTGGAAGAAAGAGTGAAACTTCATCTCAAAAAAAAAAAAAAAAAGGAAAGAAAGAAA"
"chr2","79860439","79860749","JH378125","4344553","4344853","47","75515886","GGCCAGGTGTGGTGGCTCACGCCTGTTATCCCAGCACTTTGGGAGGCTGAGGTGGGTGGATCACGAGGTCAGGAGTTCGAGACCAGCCTGGCCAACATGGTGAAACCCCATCTCTACTTAAAAAGCAAAAATTAGCTGGACGTGGTGGTGGACACCTGTAATCCCAGCTACTCGGATGGCTGAGGCAGGAGAATCGCTTGAACCTGGAAGGCGGAGATTGCAGTGAGCCGAGATCGCGCCACTGTACTACTCCAGGCTGGGCAACAAGAGTGAAACTCCATCTCGAAAAAATGAAAATAAAATAAAATAAA","GCTGGGTGTGGTGGCTCACACCTGTAATCCCAGCACTTTGGAAGGCCAAGGTGGGCGGATCATGAGGTCAGGAGTTCGAGACCAGCCTGGCCAACACAGTGAAACCCCATCTCTACTAAAAATAAAAAAAATTAGCTGGGCATGGTGGTGTGCACCTGTAATCCCAGCTACTTGGGAGGCTGAGGTAGGAGAATCGCTTGAAACTGGAAAGCCGAGGTTGCAGTGAGTAGAGATCGCGCCACTGCACTCCAGCCTGAGCAACAAAAGCATAACTCCGTCTCAAAAAAAAAAAAAAAAAAAA"
"chr2","84853711","84853822","JH378119","21816426","21816529","20","63037285","AGGAGAATTGCTTGAAACTGGGAGGTGGAGGCTGCAGTGAGCCGAGATCGCGCCACTGCACTCCAGCTTGGGCAACAAGAGCAAAACTCCGTCTCAAAAAAAAAAAAAAAAA","TTGCTTGAAACCAGGAGGCGGAGGTTGCAGTGAGCTGAGATCGCACCACAGCACCCCAGCCTGGGTAACAAGAGCAACACTCAGTCTCAAAAAAAAAAAAAAAA"
"chr2","85031523","85031718","JH378288","2223220","2223408","35","82808303","GGGGAAACCCCATCTCTTGTAAAAATATAAAAATTAGCTGGGCGTGGTGGCGGGCGCCTGTAATCCCAGCTACTCGGGAGGCTGAGGCAGGAGAATCACTTGAAACTAGAAGGTGGAGGTTGCAGTGAGCTCAGATCGCGCCACTGCACTCCAGCCTGGGTGAAAGAGCAAAACTCCGTCTCAAAAAAAAAAAAAA","CTGTCTCTACTAAAAATACAAAAATTAGCTGGGCGTGGTGGCAGGCACCTGTAATCCTAGCTACTTGGGAGGCTGAGGCAGAAGAATCGCTTGAAACCGGGAGGCAGAGGTTGCAGTGAGCCAAGATCGCTCCACTGCACTCCAGCCTGGGCAAAAGAACAAAACTCCATCTCAGAAAAAAAGGAAAAA"
"chr2","89593235","89593542","JH378107","46009365","46009670","52","43583870","GGCAGGGCATGGTGGTTAATGCTTGTAATCCCTGCACTTTGCGAGGCCAAGGTGGGCAGATCACGAGGTTAGGAGTTCAAGATCAGCCTGGCCAACATGGTGAAACCCCGTCTCTACTAAAAATACAAAAATCAGCCAGGCATGGCAGCAGGTACCTGTAGTCCCAGCTACCTGGGAGGCTGAGGCACGAGAATTGCTTGAAACTGGAAGTGGAGGAGGCTGCAGCGAGCCGAGATCGTACCACTGCACTCCACCCTGGGGCAACAAGAGCGAAACTCTGTCAAAAAAAAAAAAAAAAAAAAAAAAAA","GGCCGGGCGTGGTGGCTCACGCCTGTAATCCCAGCACTTTGGGAGGCCAAGGCAGGTGGATCACGAGGTCAAGAGGTCGAGACCATCCTGGTCAACATGGTGAAACCCCGTCTCTGCTAAAAATACAAAAATTAGCTGGGCATGGTGGCACGTGCCTGTAATCCCAGCTACTCAGGAGGCTGAGGCAGGAGAATTGCCTGAAACCAGGAGGCGGAGGTTGCGGTGAGCCGAGATTGCGCCATTGCACTCCAGCCTGGGTAACAAGAGCGAAACTCCGTCTCAAAAAAAAAAAAAAAAAAAAAAAAA"
"chr2","90771089","90771392","JH378173","5034027","5034323","42","85737062","GGCTGGGCACGGCAGCTCACGCCTGTAATCCCAACACTTTGGGAGGCTGAGGTGGGCAGATCACGAGATCAGGAGTTCGAGACCAGCCTGACCAACATGGTGAAACACCGTCTCTACTAAATATGCAGAAATTAGCCAGGCATGGTGGTGGGCACCTGTAATCCCAGCTACTCAGAAGGCTGAGGCAGGAGAATCGCTTGAAACCAGAAGGTGGAGGTTGCAGTGAGCCAAGATTGTGCCACTATTCTTCAGCCTGGGTAACAAGAACAAAACTCCATCTCAAAAAAAAAAAAAAAAAAAAGAA","GGCTGGGCACAGTGGCTCACACCTGTAATCCCAGCACTTGAGAGGCTGAGGTGGGCAGATCATGAGCTCAGGAGTTCGAGACCAGCCTGCCTACATGGTGAAACCCCATCTCTAGTAAAAATACAAAAATTAGCCAGTCATGGTGGCATGCACCTATAATCCTAGGTACTTGGGAGGCTGAGGCAGGAGAATCGCTTGAATCCAGAAGGTGGAGGTTGCAGTGAGCCAAGATCATGCCATTGCACTCCAGCCTGGGCAACAAGAGCAAAACTCCCTAAAAAAAAAAAAAAAAAAAAA"
"chr2","91220406","91220680","JH378214","2331537","2331805","45","88888869","GGTCAGGCACGGTGGCTCACACCTGTAATCCCAACATTCTGGGAGGCTGAGGCAGGCAGATAATAAGGCCAGGAGTTCAAGATTAGCCTGGCAAACATGGTGAAACCCCATCTCTAATAAAAACACAAAAATTAGCTGGGTGTGGTCGTGGGCACCTGTAATCCCAGCTACTCAGGAGGCTGAGGCAGGAGAATACCTTGAAACCAGAAGGCGGAGGTTGCAGTGAGCCGAGATCGCGTCACTGCACTCCAGCGTGGGTGAAAGAGCAAAACTCC","GGCCTGGCATGGTGGCTCACACCTGTAATCCCAGCACTTTGGGAGACCAAGGTGGGCGATCATAAGGTCAAGCGTTCAAGATCAGCCTGGCCAACATGGTGAAACCCTGCCTCTACTAAAAATACAAAAATTTGCTGGGCATGGTGGCGGGCACCTGTAATCCCAACTACTCAGGAGGCTGAGGCAGGAGAATCACTTGAAACCTGAAGGTGGAGGTTGCAGTGAGCCGAGATCGCGCCATTGCACTCCAACCTGGGTAACGAGTGAAA"
"chr2","92810215","92810512","JH378169","11824133","11824434","46","80986082","GGCTGGGAGCAAAGGCTCATGCCTGTAATGCTAGTACTTTGGGAAGCTGAAGTGGGTGTATCAATGAGTTCAGGAGTTCAAGACCAGCCTGGTCAACATGGCGAAACCCTGTCTCTATTAAAAATACGAAAATTAGCCAGGCATGATGACAGGCACCTATAATCCCAGCTACTCGAGAGGCTGAGGCAAGAGAGTTGCTTGAACCCAGAGAGCGGAGGTTGCAGTGAGCCGAGATCGCGCCACTTCACTCCAGCCTGGGCAAAAGAGCGAAACTCCATCTCAAAAAAAAAAAAAAAAA","GGCTGGGCACAGTGGCTCAAGCCTGTAATCCCAGCACTTTGGGAGGCCGAGGCTGGCAGATCATGATGTCAGGAGTTCAAGGCCAGCCTGATCAACATGGTGAAACCCTGTCTCTACTAAAAATACAAAAATTAGCCAGGCATGGTGGCAGGTGCCTGTAATCCCAGCTACTCCAGAGGCTGAGGCAGGAGAATTGCTTGAAACCAGAAGGCGAAGGTTGCAGTGAGCTGAGATTGCACCACTGCACTCCAACCTGGGCAAAAGAGCAAAACTCCATCTCAAAAAAAAAAAGAAAAGTAAAA"
"chr2","93234744","93235030","JH378257","294971","295263","52","92939773","GTAATCCCAGCACTTTGGGAGGCCAAGGCAGGCAGATTACAAGGTCAGGAGTTTGAGACCAACCTGGCCAGTATAGTGAAACCTCATCTCTACTAAAAATACAAAAATTAGCTGGGTGTGGTGGCGGGCACCTGTAATCCCAGCTACTCAGGAGGCTCAGGCAGGAGAATCGCTTGAACCCAGAAAGTGCAGGTTGCAGTGAGCTGAGATCGCACCACTGCACTCCAGCCTGGGCGACAAGAGTGAGACTCTCTCTCAAAAAAAAAAATAATAATAAATAATAATAA","ACATCTGTAATCCCAGCACTTTGGGAGGCCGAGGCAGGTGGATCACGAGGTCAAGAGATCGAGACCATCCTGATCAACATGGTGAAACCCCGTCTCTACTAAAAATACAAAATAATTAGCTGGGCATGGTGGCGTGTGCCTGTAATCCCAGCTACTCAGGAGGCTGAGGCAGGAGAATTGCCTGAAACCAGGAGGCGGAGGTTGCAGTGAGCCGAGATCGCGCCATTGCACTCCAGCCTGGGTAACAAGAATGAAACTCTGTCTCAAAAAAAAAAAAAAAAAAAAGAAAGAAA"
"chr2","93836132","93836483","JH378109","5928370","5928695","87","87907762","GGCAGGCCATGGTGGCACACGCCTGTAATCCCAGGACTTGGGAGGCCAAGGCGGGCAGATCACAAGGTCAGGAGATAGAGACCATCCTGGCTAACACAATGAAAACCCATCTCTCAGGAGTTCAAGACCAGCCTGGTCAAGATGGTAAAACCTTGTTTCTACTAAAAATACAAAAATTATCCAGGCATGGTGACAGGCCCCTATAATCTCAGTTACTCAGGAGACTGAGGCATGAGAATCGCTTGAACCGGGAGGTGGAGGTTGCAGTGAGCCGAGATCATGCCACTGCACTCCAACCTGGGCAACAAGAGCAAAACTCCATCTCAAAAAAAAAAAAAAAAAAAAAAAAAAA","GGCCAGGTGTGGTGGCTCACGCCTGTGATCCCAGCACTCTGGGAGGCTGAGGCAGGATTATCACAAGGTCAGGAGTTCAGACCAGCCTGGCCAACAAAAAAACCTGGGGTTTTTTTAGTAGAAACCTCACCTCTACTAAAAATACAAAAATTAGTCAGGCATGGTGGCAGGTGCCTGTGTTCCCAGCTACTCGGGGGCTGAGGTAGGAAAATTGCTTGAAAACGGAAGGCAGAGGTTGCAGTGAGCTGAGATCATGCCACTGCACTCTATCCTGGGTAACAGAGCAAACCTCAATCTCAAAAAAGAAAAGAAAAGAAAAAAATAAA"
"chr2","93960888","93961025","JH378194","9146070","9146200","52","84814818","AAACAAACAAAAATTAGCCCAGGCAAGATGCGGCCGCGCTTGTAATTCCTATGCACTTGGAGCTGAGGCCAGAGAACACTTGAAACCTGGAGCATAGGTTGCAGGAGAAAAGGATCATGCCACTGCACTTCCACCCTG","AAAAATACGAAAGTTAGCCGGGCGTGGTGGTGGGTACCTATAGTCCCACCTACTCAGGAGGATGAGGCAGGAGAATTGCTTGAAACCAGAAGGCGGAGGTTGCAGGGAGCCAAGATTGCACGATTGTACTC"
"chr2","95354494","95354787","JH378113","18649350","18649646","42","76705144","GCTGGGCGCGGTGGCTCATGCCTGTAATTCCAGCACCCTGGGGAGCCAAGGTGGGCAGATCACGAGGTCAGGAGTTCAAGAGCAGCCTGGCCAACATGGTGAAACCCTGTCTCTACTAAAAATACCAAACTTAGCCGGGCATGGTGGCGGGCGCCTGTAATCCCAGCTACTCAGGAGGCTGAAGCAGGAGAATCACTTGAAGCTGGAAGGCAGGGGATGCAGTAAGCTGAGATGGTGCCACTGCACTCCAGCCTGGGTGAAAGAGCGAAACTCCATCTCAAATAAATAAATAAA","GGCCAGGCACAGTGGCTCACGCCTGTAATCCCAGCACTTTCGGAGGCCAAGGTGGGCAGATCACAAGGTCAGGAGTTCGAGACCAGCCTGGTCAACATGGTGAAACCCTGTCTCAACTAAAAATCCAAAAATTAGCCAGGTGTGGTGGTGGGCACCTGTAATCCCAGCTATCAGGGAGGCTGAGGCAGGAGGATTGCTTGAAACTGGAAGGCAGCGGTTACAGTGAGCCAAGATGGAGCCACTGCACTCCAGCCTGGGTGAAAGAGCAAAACTCCATCTCAAAATAAATAAATAAAA"
"chr2","95578231","95578525","JH378156","7076545","7076843","41","88501686","CTGGGTGCGGTGACTCACGCCTGTAATCCCAGCACTTTGGGAGGCTGAGGAGGGCGGATCACAAGGTTAGGAGATAAAGACCAGCCTAGCCAACATGGTGAATCCCTGTCTCTACTAAAAATACAAAAACTAGCTGGGTGTGGTGGCAGGCACCTGCAGTCCCAGCTACTTGGGAGGCTGAGGCAGGACAATTGCTTGAAACCGGAAGGCGGAGGTTGCAGTGAGCCGAGATTGCGCCACTGCACTCCAGCCTGGGCAAAAGAGGGAAACTCCATCTCAAAAAAAAAAAAAAAAA","GGCCAGGTGCGGTGGCTCACGCCTGTAATTCCAGCACTTTGGGAGGCTGAGGCAGGTGGATCATGAGGTCAAGAGGTCAAGACCATCCTGGTCAACATGGTGAAACCCCGTCTCTACTAAAAATACAAAAAATTAGCTGGGCGTGGTGGCGGGTGCCTGTAATCCCAGCTACTCAGGAGGCTGAGGCAGGAGAATTGCCTGAAGCCAGAAGGCAGAGGTTGCAGTGAGCCGAGATAGCGCCATTGCACTCCAGCCTGGGTAACAAGAGCGAAACTCCATCTCAAAAAAAAAAAAGAAAA"
"chr2","96760343","96760636","JH378134","20911825","20912116","33","75848518","GGCTGGGCGCGGTGGCTCGCACCTGTAATCCCAGCACTTTGGGAGGCTGAGGCAGGTGGATCATGAGGTCAGGAGTTTGAGACCAGCCTGGCCAACACAATGAAACCCCATCTCTACTAAAAATACAAAAATTAGCTGGGTGTGGTGGTGCACACCTGTAATCCCAGCTACTCAGGAGGCTGAGGCAGAGAATTGCTTGAAACCAGAAGATGGAGGTTGCAGTGAGCTGAGATCCTGCCATTGCACTCCAGCCTGGGCAACAAGAGCAAAACTCCATCTCAAAAAAAAAAAAAA","GGCTGGGTACAGAGGCTGACGCCTGTAATCCCAGCACTTTGGGAGGCTGAGGCAGGTGGATCAAGGGGTCAGGAGTTTGAGACCAGCCTGGCCAACATGGTGAAACCCCTTCTCTACTAAAAATACGAAAATTAGCTGGGCGTGGTGGCAGACACCTGTAATCCCAGCTACTCAGGAGGCTGAGGCAGGAGAACTGCTTGAAGCCAGAAGGTAGAGGTTGCAGTGAGCCGAGATCGTGCCATTGCACTTTAGCCTGGGCAACAAGAGCGAAACTCTAAAAAAAAAAAAAAAA"
"chr2","100159829","100159879","JH378108","25093204","25093240","25","75066625","ACTTTGGGGGGCTGAGATGGGCAGATCGCTTGAGATCAGCCTTGGCAACAT","GGAAGCTGAGGCAGCAGAATCACTTGAGATTAGAAGG"
"chr2","100870258","100870551","JH378112","33518148","33518439","50","67352110","GGTCGGGCACAGAGGCTCATGCCTGCAATTCCAGAACTCAGGGAGACTGAGGCAGGCAGATCACAAGGTCAGGAGTTCGAGGCCAGCCTGGCCAACAAGGTGAAACCCCATCTCTACTAAAAATACAAAAATTAGCCTAGCCTGCTAGCGGGTGCCTGTAATCCCAATTACTCGGGAGGCTGACACAGGAGAATTACTTGAAACCGGAAGGTGGAAGTTGCAATGAGCCAAGATCATGCCACTGCACTCTAGCCTAGGCAACAAGAGTAAAACTCCATCTCAAGAAAAAAAAAA","GGCAGGGTGAAGTGGCTCACGCCTGTAATCCCAGCACTTTGGGAGGCTAAGGCAGAGGAATCACAAGATCAGGAGTTCAAGATCAGCCTGGCCAACACGGTGAAACCCCGTCTCTACTAAAAATACAAAAATTAGCCAGGCATGATGGTGGGTGCCTCTAATCCCAGCTACTTCGGAGGTTGGAGCAGGAGAATCACTTGAAACCAGAAGGTGGAGGCTGCAGTGAGCCGAGATCGTGCCACTGCACTCCAGCCTGGGCAAAAGAGCAAAACTCCATCTCAAAAAAAAAAAA"
"chr2","103245537","103245818","JH378300","1082016","1082293","43","102163521","GTAATCTCAGCACTTTGGGAGGCCGAGGTAGGCGGATCACAAGGTCAGGGGTTTGAGATCAGCCTGGACAATATGGTGAAACTCCATCACTACTAAAAATACAAAAATTAGCCAGGCATGGTGGCGGGCGCCTGTAATCCCAGCTATTCGGGAGGTTGAGGCAGGAGAATCGCTTGAAACTGGGAGACAGAGCTTGCAGTGAGCCGAGATCACGCCATTGCACTCCAGCCTGGGCAACAAGAGTGAAACTCCATCTCAAAAAAAAAGGAAAAAAAAAAAAAA","CTGTAATCTCAGCACTTTGGGAGGCCAAGGTTGATGGATCACGAGGTCAGGAGTTTGAGACCAGTCTGGCCAACATGGTGAAACCCTGTCTCTACAAAAAAATACAAAAATTAGCCAGGCATGGTGGCAGGCACTTGTAATCCCAGCTACTCGGGAGGCTAAGGCAGGAGAAGCACTTGAAACTGGAAGGCGGAGGTTGCAGTGAGCTGAGATCATGCCACTGCACTCCAGCCTGGGCAAAGGAGCGAAACTCCATCTCAAAAAAAAAAAAAAAGAAA"
"chr2","103365122","103365391","JH378119","86732","87007","49","103278390","CTTTGGGAGGCCAAGGCGGGCAGATCATGAGGTCAGGAGTTTGAGACCAGCCTGGCCAACATGGTGAAACCCGTGTCTACTAAAAATACAAAAATTAGCCAGGTGTGGTGGTGGGTGCCTGTAATCCCAGCTACTCAGGAAGCTGAGGCAGGAGAATCACTTGAAAACCGGAAAGCAGAAATTGCAGTGAGCTGTGATCACACCACTGCATTCCAGCCTGGGCTAAAGAGCAAAACTCTTGTCTCAAAAAAAAAAAAAAAAAAAAAAAAA","CACTTTGGGAGGCCGAGGCAGGTGGATCACGAGGTCAAGAGATCGAGACCATCCTGGTCAACATGGTGAAACCCCATCTCTACTAAAAATACAAAAAATTAGCTGGGCATGGTGGCGTGTGCCTGTAATCCCAGCTACTCAGGAGGCTGAGGCAGGAGAATTGCCTGAAACCAGGAGGCGGAGGTTGCGGTGAGCCGAGATCATGCCATTGCACTCCAGCCTGGGTAACAAGAGCTAAACTCCGTCTCAAAAAAAAAAAAAAAAAAAAAAACAAAA"
"chr2","105846365","105846556","JH378112","35574224","35574418","34","70272141","AAAATTACAAAAATTAGCCAGGCCTGGTGGTGGGCACCTGTAATCCCAGCAACTCTGGAGGCTGAGGCAGGAGAATCACTTGAAACCGGAAGGTGGAGGTTGCACTGAGCCGAGATCCTACCACTGCACTCCAGCTTGGATGAAAGAGTGAAACTTTGTCTCAAAAACAAAACAAAACAAAACAAAACAAAA","TACTAACAATACAAAAATTAGCCAGGCGTGGTGGCGGGCACCTGTAAGCCCAGCTACTCAGGAGGCTGTGGCAGGAGAATCGCTTGAAACCAGGAAGCAGAGGTTGCAGTGAGCCGAGATCATGCCACTGCACTCCAGCCTGGGTGACAAGAGTGAAACTCCACCGCAAAAAAACATAAAACATGAAAAATAAAA"
"chr2","105885435","105885735","JH378205","1510121","1510420","48","104375314","GGCCAGGCGCAGTGGCTCACACTTGTAATCCCAGCACTTTGGGAGGCCAGTGTGGGCGGATCACGAGGTTGGGAGTTCAAAGAATAGCCTGGCCAATGTGGTGAAACCCTGTCTCTACTAAAAAATACAAAAATTAGCTGGGCGTGGTGGTAGGCACCTGTAATCCCAGCTACTCGGGAGGCTAAGGCAGGAGAATCACTTGAAACCAGAAGACAGAGGTTGCAGTGAGCCGAGATTCCGCAACTGCACTGTAGCCTAGGTGAAAAAGCAAAACTCTGTCTCAAAAAAAAAAAAAAAAAAA","GGCTGGACGTGGTGGCTCACACCTGTAATCCCAGCACTTTGGGAGGCCAAGGTGGGCAGATCACGAGGTCAGGAGTTCGAGAACAGCCTGGCCAACATGGTGAAACCCCATCTCTACTAAAAATACGAAAATTAGCTGGGCGTGCTGGCGAGCACCTGTAATCCCAGCTACTCGGGAGGCTGGGGCAGGAGAATCACTTGAAACCGGAAGGCAGAGTTTGCAGTGAGCTGAGATCGTGCCATTGCACTCCAGCCTGGGCGACAGGAGTGAAATTCTGTCTCAAAAAGAAAAGAAAAGAAA"
"chr2","108244629","108244942","JH378107","6442176","6442480","62","101802453","GGCCGGGCGTGGTGGCTCACGCCTGTAATCCCAGCACTTTGGGAGGCCAAGGCAGATGGATCACGAGGTGAGCAGTTCGAGACCAGCCTGACCAACATGGTAAAACCCCGTCTCTACTAAAAATACCCAAAAAAAAAAAAAAAAATAGCTGGGCGTGGTGACAGGCGCCTATAATCCCCACGACTTGGGAGGCTGAGGCAGGCAGGAGAATTGCTTGAAACTGGGAAAGTGGAAGTTGCAGCGAGCTGAGATTTGCCCCTGCCTCAAGCCTGGGCATAAGAGCAAACTCCATCTCAAAAAAAAAAAAAAAAAAA","GGCCGGGCGTGGTGGCTTAAGCCTGTAATCCCAGCACTTTGGGAGGCCAAGGCGGGTGGATCACGAGGTCAAGAGATCGAGACCATCCTGGTCAACGTGGTGAAACCCCGTCTCTACTAAAAATACAAAACAAAAAATTAGCTGGGCATGGTGGTGCATGCCTGTAATCCCAGCTACTCAGGAGGCTGAGGCAGGAGAATTGCCTGAAACCAGGAGGCGGAGGTTGCAGTGAGCTGAGATCGCGCCACTGCACTCCAGCCTGGGTAACAAGAGCGAAACTCCATCTCAAAAAGAAAACTGAAAAA"
"chr2","109141411","109141704","JH378257","739639","739933","49","108401772","GGCCGGGCGCAGTGGCTCACGCCTGTAATCCTAGCACTTTGGGAGGCCAAGGTGGGCAGATCACGAAGTCAGGAGTTCGAGACCAGCCTGGCCAACATGGTGAAACTCTGTCTCTACTAAAAATACAATAATACAAAAATTAGCTGGGCGTGGTAGCAGGCACCTCTAATCCCAGCTATTCAGGAGGCTGAGGCAGGAAAATCACCGGAAAATAGAGGTTGCAGTGAGCCAATTGCACCACTGCACTTCAGCCTGGGTAACAAGAGTGAAACTCTGTCTCCAAAAAAAAAAGAA","GGCCGGTCGCAGTGGCTCACGCCTGTAATCCCAGCACTTTGGGAGGCCGAGGCGGGTGGATCACGAAGGTCAAGAGATCGAGACCATCCTGGTCAACATGGCGAAACCCTGTCTCTACTAAAATTACCAAAAAAATTAGCTGGGCGTGGTGGCTCGTGCCTGTAATCCCAGCTACTCAGGAGGCTGAGGCAGGAGAATTGCCTGACCCAGAAGGCAGAGGTTGCGGTGAGCCGAGATCGCGCCATTGCACTCCAGCCTGGGTAACAAGAGTGAAACTGTCTCAAAAAAAAAAAAA"
"chr2","109761853","109762143","JH378206","2476848","2477135","39","107285005","GGCCGGGCGCGGTGGGTCACGCCTGTAATCCCAGCACTTTGAGAAGCCAAGGCTGGCGGATCACAAGGTCAGGAGTTAGAGACCAGCCTTACCAACATGGTGAAACCCCATCTCTACTAAAAATACAAAAATTAGCCGGGCGTGGTGGCGGGCACCTGTAATCCCAGCTACTCAGGAGGCTGAGGCAGAAGAATCGCTTGAACCTGGGAGGTGGAGGTTGCAGTGAGCCGAGATTGTGCCACTGCACTCCAGCCTGGACAGCAAGAGTGAAATTCCGTCTCAAAACAAAAA","GGCTGGGTGCAGTGGCTCACGCCTATAATCCCAGCACTTTGGGAGGCCGAGGTGGGTGGATCACAAGGTCAGGAGTTGGAGACCAGCCTGGCCAACATGGTGAAACCTCATCTCTACTAAATATACAAAAATTAGCCGGGTGTGGTGGCAGGTGCCTATAATCTCAACTACTCGGGAGGCTGAGGCAGGAGAATTGCTTGAAACTGGAAAGTGGAGGTTGCAGTAAGCTGAGATTGTGCCACTGCACTCCAGCCTGGACAACAAGAGCAAAACTGCGTCTCAAAAAAA"
"chr2","109779232","109779527","JH378147","14961221","14961520","51","94818011","GGCTGAGCGCGATGGTTCACACCTGTAATCCCAGCACTTTGGGAGGCCGAGGCGGGCGGATCACGAAGTCAGGAGTTTGAGACCATCCGGCAAACATGGGGAAACCCCATCTCTACTAAAAATACAAAAATTAGATGAGCGTGGTGGCGGACGCCTGTAGTCTCAGCTACTTGGGAGGCTGAGGCCGGAGAATCACTTGAAACTGGAAGGTGGCAGTTATGGTGAGCCAAGATTGTGCTGCTGCACTCCAGCCTGTTCAACAGGGCGAAACCACGTCTCAAAAAAAAAAAAAAAAA","GCTGGGCGCGGTGGCTCACGCCTGTAATCCCAGCACTTTGGGAGGCCGAGGCGGGTGGATCATGAGGTTAGGAGATCGAGACCATCCTGGTCAGCATGGTGAAACCCCGTCTCTACTAAAAATACAAAAATTACCTGGGCATGGTGGTGCACGCCTGTAGTCCCACTTACTTGGGAGGCTGAGGCGGGAGAATTGCTTGAAACCAGCAGGCGGAGGTTTCGGTGAGCCAAGATTGTGCCGTTGCACTCCAGCCTGGGTAACAAGAACGAAACTCCATCTCAAAAAAAAAAAAAAAAAAAA"
"chr2","110126711","110127010","JH378150","241281","241578","44","109885430","GCCGGGCACAGTGGCTCACACCTGTAATCCCAGCACTTTGGGAGGCCAAGTCAGGCAGATCACAAGGTAAGGAGTTTAAGACCAGCCTGGCCAACATTGTGAAACCCCATCTCTACCAAAAATACAAAACTTAGCTGGGCATAGTGGCGGGCACCTGTAATTCCAGCTACTCGTGAGGCTGAGGCAATAGAATCGCTTGAAACCGTAAGATGGAGGTTGCACTGAGCCAAGATCACACCACTCCACTCCAGTCTGGGCAAGAAAAGCAAAACTCCGTCTCAAAAGAAAAAAAAGAACAAA","GGCTGGGCGTGGTGGCTCATGCCTGTAATCCCAGCACTTTGGGAGGCCTAGGCAGGCAGATCACAACGTGAGGAGTTTAAGACCAGCCTGGCCAACATGGTGAAACCTCATCTCTACTGAAAATACAAAAATTAGCTTGGCGTGGTGGTGGGCACCTGTAATCCCAGCTACTTGGGAGGCTGAGGCAGGAGAATCGCTTGTAACCAGAAGACGGAGGCTGCAGTGAGCCAACATCGCACCACTGCACTCCAGCTTGGGCAAAAGAGCGAAACTGTCTCAAAAAAAAAAAAAAAAAAAA"
"chr2","110128724","110129034","JH378108","31016000","31016286","85","79112724","GGCACAGTGGCTATCTGTATCTCCAGCACTTTGTGTCGATGCCACATGCGTGCTAGTACTAAGGTTAAGTCGAGTATGTATCTTAGCCCTGGGCCAACATTGTGAACCCCATCTCTTACCAAAATATCAAAACTTAGCTGGGGCATTAGTGGCTGGGCAACCTGTATTCCATGCCTACTCGTGTAGGCTGAGGCAATAGAATCGCTTGCAAAAATCCGTTAAGATGGAGGTTGCACTGAGCCAAGATCCACACCACTCCACTCCAGTCTGCGGCAAAAAAGCATAAAACTCCGTCTCAAATGAAAAAAAAA","GGGCACGGTGGCTCATGCTTGTAATCTCAGCACTTTGGGAGGCCAAAGTGGGCAAATCATGAAGTTAGGAACTTGGGCCAGCCTGGCCAACATGGTGAAACCCCGTCTCTACTAAAAATGCAAAAATTAGCTGGGCATTGTGGCTGTCACCTGTAGTCCCAGCTACTGGGGAGGCTGAGGCAGGAGAATCGATTGAAACCGGAAGACGGAGGTTGTGGTGAGCTCAGATCACGCCACTGCCCTCCAGACTGGGCAACAAGAGGGAAACTCTGTCTCAAAAAAAAAAA"
"chr2","111246648","111246958","JH378107","46009365","46009670","53","65237283","GGCTGGGCGCGATGGCTCACGCCTGTAATCCCAGCCCTTTGGGAGGCCAAGGCAGGCGTATCACAAGGTCAGAAGTTTGAGACCAGCCTGATCAACTTGGCGAAACCCCGTCTTTGCTAAAAATACAAAAATCAGCCCGGTGTCATGGTGCGTGCCTGTAATCTCAGTTACTCAGGAGGCTGAGGCAAGAGAATTGATAGAACACTGGAGGCGGGGGTTGCAGTGAGCTGGGATCATACCACTGCACTCCAGTCTGGGCAACAAGAGTGAAACTCTGTTTAAAAAAAAAAAAAGAAAGAAAGAAAAGAAAA","GGCCGGGCGTGGTGGCTCACGCCTGTAATCCCAGCACTTTGGGAGGCCAAGGCAGGTGGATCACGAGGTCAAGAGGTCGAGACCATCCTGGTCAACATGGTGAAACCCCGTCTCTGCTAAAAATACAAAAATTAGCTGGGCATGGTGGCACGTGCCTGTAATCCCAGCTACTCAGGAGGCTGAGGCAGGAGAATTGCCTGAAACCAGGAGGCGGAGGTTGCGGTGAGCCGAGATTGCGCCATTGCACTCCAGCCTGGGTAACAAGAGCGAAACTCCGTCTCAAAAAAAAAAAAAAAAAAAAAAAAA"
"chr2","111254400","111254578","JH378158","4851153","4851320","35","106403247","TAAAAATACAAAAAAATTAGCTGGGCGTGGGGGCGGGTGCCTGTAATCCCAGCTACTTGGGAGGCTGAGGCAGGAGAATCTCTTGAAACTGGAAGGCAGAGGTTGCAGTGAGCCGAAATTGTGCCACTGCAATCTAGCCTGGGCAACGAGAGCAAAACTCCATCTCAAAAAAAAAAGAA","AAAAATTAATCGACATGGTGGCAGGTGCCTGTAATCCCAGCTACTTGGGAGGCTGAAGCAGGAGAATCGCTTGAAACTGGAAGGCAGAGGTTGTAGTGAGCCAAGATGGAGGTACTGTACTCCAGCCTGGGCAACAAGAGTGAAACTTCATCTCAAAAAAAAAAAAAA"
"chr2","111323977","111324286","JH378137","9398637","9398942","50","101925340","GGCCGAGCGCAGTGGCTCAAGCTTGTAATCCCAGCACTTTGGGAGGCCAAAGCGGGTGGATCACGAGGTCAGGAGTTCAAGACCAGCCTGGCCAATGTGGTGAAACCCCGTCTCTACTGAAAAATACAAAAATTAGCCGAGTGTGTTGGTGGGCGCCTGTAATCCCAGCGACTCGGAAGGCTGAGGCAAGAGAGTCACTTGAAAGCAGAAGGCAGAGGTTGCAGTGAGCCAAGATCACACCACTGCACTATAGCCTAGGCGAAAAAGCGAAACTCCGTCTCAAAAAAAAAAAAAAAAAAAAAAAAAAAAA","GCCAGGCGCGGTGGCTCAGACCTGTAATCCTAGCACTTTGGGAGGCCAAGGCAGGCAGATCATGAGGTCAGGAGTTCGAGACCAGCCTGGCCAACATGGTGAAAACCTGTCTCTACTAAAAATACAAACATCAGCTGAGCATGGTGGTGGGCACCTGTAATGCCAGCTACTCGGGAGGCTGAGGCAAGAGAATTGCTTGAAACCAGAAGATGGAGTTTTTAGTGAGCCGAGATCCCACCACTGCACTCCAGCCTGGGTGAAAAAGGGAAAGTCCATCTCAAAAAAAAAAAAAAAAAAAAAAAAAAA"
"chr2","113817409","113817597","JH378158","3396105","3396264","54","110421304","GCTGGGCGCAGTGGCTCACACCTGTAATCCCAGCGCTTTGGGAGGCCGAGGCAGGTGGATCGAAACCAGGTCAGGAGTTCGAAACCAGCCTGAACAACATGGTGAAACCCCATCTTTACTAAAATACAAAAATTAGCCAGGCTTGGTGGTGGGCACNNNNNNNNNNNNNNNNNNNNNNNNNTCAGGGAG","GGCCGGGCGCAGTGGCTCACACCTGTAATCCCAGTGCTTTGGGAGGCTGAGGCGGGTGGATCACGAGGTCAGGAGATCTAGACCATCCTGGTCAACATGGTGAAACCCCATCTCTACTAAAAATACAAAAATTAGCTGGGCATGGTGGCAGGTGCCTGTA"
"chr2","113884018","113884309","JH378148","3009466","3009760","43","110874552","GGCTGGGCGGTAGCTCATGCCTGTAATCCCAGCACTTTGGGAGACTGAGGCGGACGGACCATGAATGAGGTCAGGAGTTCGAGACCAGCCTGACCAACATGGTGAAACCCTGTCTCTACTAAAAATACAAAAAAAAAATTAGCCAGTGGCAGGCGCTTGTAATCCCAGCTACTTGGGAGGCTGAGGCAGGAGAATTGCTTGAAACCGGAAGGCAGAAGTTGCAGTGAGCCAAGACCACGCCACTGCACTCCAGCCTGGGCAACAAGAGCAAAACTCCATCTGAAAAAAAAAA","GGCCAGGTGTGGTGGCTCACGCCTGTAATCCCAGCACTTTGGGAGGCCGAGGCAGGTGGATGATGAGGTCAGGAGTTCGAGACCAGCCTGGCCAAAATGGTGAAACCCTGTCTCTACTAAAAATACAAAAAAATTAGCCAGGCGTGGTGGCATGCGCCTATAATCCCAGCTACTCAGGAGGCTAAGGCAGGAGAATCACTTGAAACCAGAAGGCAGAGGTTGCAGTGAACTGAGATCACGCCACTGCACTCCAGCCTGGGCAACAAGAGCAAAACTCCATCTCAAAAAATAAAAA"
"chr2","114030018","114030311","JH378127","10024758","10025055","42","104005260","GGCCAGGAGTGGTGGCTCATGCCTGTAATCCCAGCACTTTGGGAGGCCAAGGCGGGAGGATCACGAGGTCAGGAATTCAAGACCAGCCTGGCCAATGTGGTGAAACCCCATCTCTACTAAAAATACAAAAAATTAGCTGGGCATGATGGTGCACACCTGTAATCCCAGCTACTCAGGAGGCTGAGGCAGGAGAATCACTTGAAACCAGAAGGTGGAGGTTGCAGTGAGCCGAGATCGTGCCATTCCAGCCTGGGCAACAAGAGCGAAACTCCGTCCCCACCTCCAAAAAAAAAA","GGCCGGGCGCGGTGGCTCAAGCCTGTAATCCCAGCACTTTGGGAGGCCGAGGCGGGTGGATCACGAGGTCAAGAGATCGAGACCATCCTGGTCAACATGGTGAAACCCCGTCTCTACTAAAAATACAAAAAATTAGCTGGGCATGGTGGCGTGTGCCTGTAATCCCAGCTACTCAGGAGGCTGAGGCAGGAGAATTGCCTGAGACCAGGAGGCGGAGGTTGCAGTGAGCCGAGATCGCGCCATTGCACTCCAGCCTGGATAACAAGAGCGAAACTCCGTCTCAAAAAAAAAAAAAAAA"
"chr2","114702038","114702348","JH378261","2905026","2905326","45","111797012","GGCCAGGCGCGGTGGCTCACGCCTGCAATCCCAGCACTTTGGGAGGCCAAGGCAGGTAGATCACGAGGTCAGCAGTTTGAGACCAGCCTGACTAAGATGGTGAAACCCTGTCTCTACTAAAAATACAAAAAAATTAGCTAGGCGTGATGGCGGGCACCTGTAATCCCAGCTACTTGGGAGGCTGAGGCAGGAGAATCGCTTGGAACTGGAAGGCAGAGGTTGCAGTGAGCCAAGGTTGCACCACTGCACTCTAGCCTGGGCAATAAGAACAAAACTCCATCTCAAAAAAACAAAAACATAAACAAAACAAA","GCCAGGCACAGTGGTTTACACCTGTAATCCCAGCACTGTGGGAGGCCAAGGCGGGCAGATCACGAGGTCAGAAGTTTGAGACCAGCCAGGCCAACATGGTGAAACCCTATCTCTACTAAAAATACAAAACAAATGAGTCAGACGTGGTGGTGGGCACCTGTAATCCCAGCTACTTGGGAGGCTAAGGCAGGAGAATAGCTTGAAACCGGAAGGCAGAGGTTGCAGTAAGCCAAGATCGCAGCACTGCACTCCAGCCTGGGCAACAAGAGCGAAACTCCATCTCAAAAACAAACAAACAAAA"
"chr2","118804003","118804303","JH378106","12647150","12647453","43","106156853","GGCTGAGCGCGGTGGCTCACGCCTGTAATCCCAGCACTTTGGCAGGCCGAGGCTGGCGGATCACAAGGTCAGGAGGTTGAGACCAGCCTGGCCAAATGGTGAAACTCCGTCTCTACTGAAAACACAAATATTAGCTGGGCAGGGTGGCAGGTGCCTGTAATCCCAGCTACTCAGGAGGCTGAGGCAGGAGAACCACTTGTACCCAGAAGGTGGAGGTTGCAGGGAGCCAAGATCATGCCGTTGCACTCCAGCCTGGGCAACAAAAGCAAGTCTCCATCTCAAAAAAAAAAAAAAAAAAAAA","GGCCGGGCGCGGTGGCTCAAGCCTGTAATCCCAGCACTTTGGGAGGCCGAGGCGGGTGGATCACGAGGTCAAGAGATCGAGACCATCCTGGTCAACATGGTGAAACCCTGTCTCTACTAAAAATACTAAAAATTAACTGGGCATGGTGGCGTGTGCCTGTAATCCCAGCTACTCAGGAGGCTGAGGCAGGAGAATTTCCTGAAACCAGGAGGCGGAGGTTGCGGTGAGCCGAGATCGCGCCATTGCACTCCAGCCTGGGTAACAAGAGCAAAACTCCGTCTCAAAAAAAAAAAAAAAAAAAAAA"
"chr2","119408116","119408411","JH378160","9491908","9492202","52","109916208","GCCAGGCATGGTGGCTCATGCCTGTAATCACAGCACCTTTGGAGGTCGAGGTGGGAGAATCACAAGGCCAGGAGTTTGAGACCAGCCTAGCCAACACAGCAAAACCAGGTCCCTACTAAAAATACAAAAATTAGCCGGGTGTGGTGGCGGGCACCTGTAACCCCAGCTACTTGGGAGGCTGAGGCAGGAGAATTGCTTGAAACCGGTAGGTGGAGGTTGCAGTGAGCCGAGATCGCACCACTACACCACTCCAACCTGTGCGAGAAGAGCAAGACTCCATCTTAAAAAAAAAGAAA","GGCTGGGTGTGGTGGTTCACGCCTGTAATCTCAGCACTTTGAAAGGCCTAGCCAGGCAGATCACAAGGTCAGGAGTTTGAGACCAGCCTGGCCAACATAGTGAAACCCCATCTCTACTAAAAATACAAAAATTAGCCCAGTGTGGTGGCTGGCACCTGTAATCCCAGCTATTTGGGAGGCTGAGGCAGGAGAATTGCTTGAAACTGGAAAGTGGAGGTTGCAGTGAGCCGAGATCACGCTGCTGCACTCCAGCCTGGGCAACAAGAGTGAAACTCCATCTCAAAAAACAAAAAAA"
"chr2","121172366","121172460","JH378105","47884425","47884510","24","73287941","GGAAAGCTGGAGGTTGCAGTGAGCCAAGATCATGCCACTGCACTCCAGCCTCAGCAAAAAGAGGGAACCTCAGTCTAAAAAAATATATAAACAAA","CGGAGGTTGCGGTGAGCCGAGATCGCGCCATTGCACTCCAGCCTGGGTAACAAGAGTGAAACTCCGTCTCAAAAAAAAAAAAAAAA"
"chr2","125616028","125616325","JH378130","7588210","7588506","38","118027818","GGCTGGGTGTGGTGGCTCACACCTGTAATACCAGCACTTTGGGAGGCAGAGGCGGGTGGATCATGAGGTCAGGAGTTCGAGACCAACCTGACCAACGTGGTAAAACCCCATCTTTACTAAAAATACAAAAATTAGTCAGGAGTGGTGGTGGGCACCTGTAATGCCAGCTACTCATGAGGCTGGGGCAGGAGAATCGCTTGAAACTGGAAGGCAGGGGTTGCAGTGAGCCAAGATCATGCCACTGCACTCCAGCATGACCAACAAGAGCAAAACTCCATCTCAAAAATAAAAATAAAAA","GGCCGGGTGTGGTGGCTCACACCTATAATCCCAGCACTTTCGGAGGCTGAGTTGGGTGGATCACAAGGTCAGGAGTTCGAGACCAGCCTGGCCAACGTGGTGAAACCCCATCTCTACTAAAAATACAAAAATTAGCTGGGCATGGTGCGGGCACCTATAATCCCAAGGTACTCAGGAGGCTGAGGTAGGAGAATCGCTTGAAACAGGAAGGCAGAGGTTGCTGTGAGCCGAGATCATGCCACTGTACTCCAGCTTAAGCAAAAGAGCAAAACTCCATCTCAAAAAAATAAATAAAAA"
"chr2","134174520","134174714","JH378184","7337357","7337550","28","126837163","GGCTGGGCACGGTGGCTCATGCCTGTAATCCTAGCACTTTGGGAGGCCGAGGCGGGCAGATCATGAGGTCAGGAGTTCGAGACCAGCCTGGCCGATATAGTGAAACCCCATCTCTACTAAAAATACAAAAATTAGCTGAGCGTGGTGGCGGTCACCTGTAATTCCAGATCCTCGGGAGGCTGAGGCAGTAGAATC","GCCAGATGCAGTGGCTTACTCCTGTAATCCCAGCACTTTGTGAGGCTGAGGTGGGCGGATCATGAGGTCAGGAGTTCGAGACCAGCCTAGCCAACATGGTAAAACCCCATCTCTACTAAAAATACAAAAATTAGCTGGGCGTGGTGGTGGGCGCCTATAATCCCAGCTACTCGGGAGGCTGAGGCAGGAGAATC"
"chr2","135149356","135149508","JH378128","11040247","11040393","25","124109109","GGCCAGGCACAGTGGCTCACACTTGTAATCCCAGCACTTTGGGAGGCCAAGACAGGCAGATCATGAGGTCAGGAGTTCGAGACCAGCCTGGCCAACATAGTAAAACCCCGTCTCAACTAAAAATACAAAAAATAGCTGGGTGTGGTGGTGGGC","GGCCAAGCGCAGTGACTCACACCTGTAATCTCAGCACTTTGGGAGGCCAAGCCGGGTAGATAACGAGGTCAAGAGATCGAGACCATCCAGGCCAACATGGTGAAACCCTGTCTCTACTAAAAATACAAAAATTAGCTGGGTGTGGTG"
"chr2","135493235","135493526","JH378107","9067769","9068059","35","126425466","GGCCAGGCACGGCGGCTCATGCCTGTAATCCCAGCACTTTGGGAGGCCGAGGTGGGCGGATCACGAGGTCAGGAGTTCGAGACCAGCCTGCCCAACATGGTGAAATCCCATCTCTACTAAAAATACAAAAAATTAGCCAGGCATGGTGGCGGGCACCTGTAATCCCAGCTGCTCAGGAGGCTGAGGCAGGAGAATCACTTGGACCCAGAAGGCGGAGGTTGCAGTGAGCTGAGATCCTACCACTGCACTCCAGCCTGGGTGACAAGAGCAAAACTCCATTTCAAAAAAAAAA","GGCTGGGCACGATGGCTTATGCCTGTAATCCCAGCACTTCAGGAGGCCAAGGCAAGCGTATCACGAGGTCAGGAGTTCGAGACCAGCCTGGCCAACATGGTGAAATCCCAACTCTACTAAAAATACAAAAATTAGCCAGGCATGGTGGCAGGCACCTGTAATCCCAGCTACTCAGGAGGCTGAGGCAGGAGAATCACTTGAAAACCAGAAGGCAGAGGTTACAGTGAGCTGATTGTGCCACTGCACTCCAGCCTGGCCAAAAGAACAAAACTCCATCTCAAAAAAAAAAAA"
"chr2","135524193","135524470","JH378129","22226033","22226310","37","113298160","GGCCAGGCGTGGTGGCTCACTTTTGTAATCCCAGCACTTTGGGAGGCTGAGGTGGGTGGATCACAAGGTCAGGAGTTTGAGACCAGTCTGGCCAACATGGTGAAACGCCGTCTCTACTAAAAATACAAAAATTAGCTGGGCGTGGTGGTGGGAACCTGTAATCCCAGCTACTCAGGAGGCTGAGGAAGGAGAATCACTTGAAACCGGAAGGCGGAGGTTGCAGTGAGCCGAGATCGCACCATTGCACTCCAGCCTGGGTGAAAGAGCAAAACTCCATC","GGCCAGGCATGGTGGCTCACGCCTGTAATTCGAGCACTTCGGGAGGCCGAGGTGGGCAGATCATGAGGTCAGGAGTTCAAGACCAGCCTGGCCAACATGGTGAAACCCTGTCTCTACTAAAAATACAAAAATTAGCTGGGCATGGTGGCAGTGCCTGTAATCACAGCTACTCAGGAGGCTGAGGTAGGAGAACCACTTGAAACTGGAAGGTGGAGGTTGCAGTGAGCCGAGATCGCACCACTGCACTCCAGCTTGGGCGAAAGAGTGAAATTCTGTCT"
"chr2","136196596","136196824","JH378197","7261383","7261611","46","128935213","GGCCGGGCGCGGTGACTCACGCTTGTAATCCCAGCACTTTGGGAGGCTGAGGCGGGCAGATCACAAGGTCAGGAGTTTGAGACCAGCCTGGCCAACACAGTGAAACTCCATCTCTACTAAAAATACAAAAAGTAACTGGGCGGTGGTGGCAGGCACCTGTAATCCCAGCTACTTGGGAGGTTGAGGCAGGAGAATCACTCTGATCACGCCACTGTACTCCAGCCTGGGC","GGCCGGGTGCGGTGGCTCAAGCTTGTAATCCCAGCACTTTGGGAGGCCGAGGCGGGTGGATCACGAGGTCAAGAGATGGAGACCATCCTGGTCAACATGGTGAAACCCCATCTCTACTAAAAATACAAAAGATTAGCTGGGCATGGTGGCGTGTGCCTGTAATCCCAGCTACTCAGGAGGCTGAGGCAGGAGAATTGCCTGAACCCAGGAGGTGGATGGAGGTTGCAGT"
"chr2","139902901","139903183","JH378300","522382","522652","58","139380519","GGCTGGGCACGGTGGCTCAAATCTGTAATCCTAGCACTTTGGGAGGCTAAAGTGGGAGGATTACAAGGTCAGGAGTTCCAGATCAGCCTGGCCAACATGGTGATACTCCTTCTCTACTAAAAATACAAAAATTAGCTGGGCGTGGTGGCAGGCACCTGTAATCCCTGGAGGCTGAGACAGAAGGCGGAGGTTGCCATGAGCCAAGATTGCACCACTGCACTTTAGCCTGGGCAACAGAGCAAAGCTCCGTCTTGAAAAAAAAAAAAAAAGAAAAAGAAAAGAA","GGCCGGGCACGGTGGCTCACGCCTGTAATCCCAGCACTTCGGGAGGCTGAGGCGGGTGGATCGCGAGGTCAAGAGATCGAGACCATCTTGGTCAACATGGTGAAACCCCGTCTCTACGAAAAATACAAAAATTAGCTGGGCATGGTGGCGGGTGCCTGTAATCCCAGCTACTCAGGAGGCGGAGGTTGCGGTGAGCCGAGATCGCGCCATTGCACTCCAGCCTGGGTAACAAGAGCAAAACTCTGACTCAAAAAAAAAAAAAAAAAAAAAA"
"chr2","142166683","142166971","JH378107","46009365","46009670","47","96157318","GGCTGGGCAGAGTGGCTCACGCCTGTAATCCCAGAACTTTGAGATCACGAGGTCAGGAGTTCAAGACCATCCTGGCCAACATGGTGAAACCATGTCTCTACTAAAAATACAAAAATTAGCCAGGCTTGGTGGTGGGCGCCTGTAATCCCAGCTACTCAGGAGGCTGAGGCAGGAGAATCGCTTGAAACCAGAAGGCGGAGGTTGCGGTGAGCCGAGATCCTGCTATTGCACTCCAGCCTGGGGCAAAGAGCAAAATTCCGTCTCAAAAAAAAAAAAAAAAAAAAAAAAA","GGCCGGGCGTGGTGGCTCACGCCTGTAATCCCAGCACTTTGGGAGGCCAAGGCAGGTGGATCACGAGGTCAAGAGGTCGAGACCATCCTGGTCAACATGGTGAAACCCCGTCTCTGCTAAAAATACAAAAATTAGCTGGGCATGGTGGCACGTGCCTGTAATCCCAGCTACTCAGGAGGCTGAGGCAGGAGAATTGCCTGAAACCAGGAGGCGGAGGTTGCGGTGAGCCGAGATTGCGCCATTGCACTCCAGCCTGGGTAACAAGAGCGAAACTCCGTCTCAAAAAAAAAAAAAAAAAAAAAAAAA"
"chr2","147954669","147954926","JH378209","5638947","5639209","49","142315722","GGCCGGGCACAGTGGCTCATTCCTGTAATCTCAGCACTTTGGGAAGCTAACATGGGAGGATCACAAGGTCAGGAGTTCAAGACCAGCCTTGCCAACATGGTGAAACCCCATCTCTACAAAGATACAAAAATTAGCCAGGCATGGTGGCGTGTGCCTCTAATCCCAGCTACTCGGGAGGCTGAGGCAGGAGAATTGCTTGAAACAGGAAGGTGGAGGTTGAGCTGAGATCACACCACTGCACTCCAGCCTGGGCCACAA","GGGCACAGTGGCTCATGCCTGTAATCTAAGCACTTTGGGAGGCTGAGGCAGGTGAATCACATGAAGTCAAGGGTTCAAGATCAGCCTGGGCAACATGATGAAACCCCTGTTTCTACTAAAAATACAAAAAATTAGCCAGGTGTGGTGGCGGTTGCCTGCAATCCCAGCTACTCAGTAGGCTGAGGCAGGAGAATTGCTTGAAACTGGAAGGCAGAGGTTTTAGTGAGCTGAGATCATGCCACTGCACTCCAGCCTGGGCAACA"
"chr2","148065139","148065388","JH378205","3491925","3492172","41","144573214","GGCTGGCCATGGTGGCTCACGCCTGTAATCCTAGCACTTTTGGAGGCCGAGGTGGGCAGATCACGAGATCAGGAGTTCAAGACCAGCCTGGCTAACACGGTGAAATCCCGTCTCTACTAAAAATAAAAAAAATAGCCAGGCATGGTGGTGGGTTCCTGTAATCCCAGCTACTCGGGAGGCTGAGGCAGGAGAATCGCTTGAAACCAGAAGGTGGAGGTTGCAGTGAACCGAGATCATGCCACTGAACTCC","GGCCGGGCACGGTGGCTCACGTCTATAATCCCAGCACTTTGGGAGGCCGAGGCAGGCAGATCATACGGTCAGGAGTCCAAGACCATCCTGACCAATATGGTGAAACCCCGTCTCTAATAAAAATACAAAAATTAGCCAGGCATGGTGGCAGGTGCCTGTAGTCCCAGCTACTCAGGAGGCTAAGGCAGGAGAATCACTTGAAGCAGGAGGTGGAGGCTGCAGTGAGCCCTGATTATACCACTGCACTC"
"chr2","149645410","149645689","JH378300","1082016","1082293","45","148563394","GTAATCCCAGCATTTTGGGAAGCCGAGGCGGGTGGATCACGTGGTCAGGAGTTTGAGACCATCCTGGCCAACACGGTGAAACCCCGTCTCTACCAAAAATACAAAAATTAGCCAGGCGTGGTAGAAGGCGCCTGTAGTCCCAGCTACTCGGGAGGCTAGGCAGGCGAATGGCTTGAAACCAGAAGGCCGAAGTTGCCGTGAGCCGAGATCGTGCTACTGCACTCCAGCCTGGGCAACAAGAGCGAAACTCCGTCTGAAAAAAAAAAAAAAAAAAAAAAAA","CTGTAATCTCAGCACTTTGGGAGGCCAAGGTTGATGGATCACGAGGTCAGGAGTTTGAGACCAGTCTGGCCAACATGGTGAAACCCTGTCTCTACAAAAAAATACAAAAATTAGCCAGGCATGGTGGCAGGCACTTGTAATCCCAGCTACTCGGGAGGCTAAGGCAGGAGAAGCACTTGAAACTGGAAGGCGGAGGTTGCAGTGAGCTGAGATCATGCCACTGCACTCCAGCCTGGGCAAAGGAGCGAAACTCCATCTCAAAAAAAAAAAAAAAGAAA"
"chr2","158089433","158089729","JH378164","8983183","8983477","42","149106250","CCCGGCATGGTGACTCATGCCTATAATCCCAACACTTTAGGAGGCCGAGGCAGGTGAATCATGAGGTCAGGAGTTTGAGACCAGCCTGGCCAACACGGTGAAACTCCATCTCTACTAAAAATACAAAAATTAGCTGGGTGTGGCGGCAGGTGCCTGTAATCCCAGTCACCTGGGAGACTGAGGCAGGAGAATCACTTGCAACTGAAAGGCGGGGGTTGCAGTGAGCTGAGATTGCACCACTGCACTCCAGCCTGGGCAACAAGAGTGAAACTCCATTTCAAAAAAAAAAAAAAAAAA","CGGGCACGGTGGCTCATGCCTGTAATCCCAGCACTTTGGGAGGCTAAGGTGGGTGGATCATGAGGCCAGGAGTTTGAGATCAGCCTGGCCAACATGGTGAAATCCTGTCTCCACTAAAAATATAAAAATTAGCCAGACGTGGTAGCAGGCACCTGTAATCCCAGCTGCTCGGGAGGCTGAGGCAGGAGAATCACTTGAAACTGGAAGGGGGAGGTTGTAGTGAGCCGAGATTGCACCACCGCACTCCAGCCTGGGCAAAAGAGTGAAACTCCATTTAAAAAAAAAAAAAAAAAAA"
"chr2","159223472","159223770","JH378118","9164013","9164313","43","150059459","GGCTGGGTGCAGTGGCTCATGCCTATAATCCTAGCACTTTGGGAGACTGAGGCAGGCAGATCACAAGGTCAAGAGTTTGAGACCAGCCTGGCCAACATGGTGAAACTCCACCTCTACTAAAAATACAAAAATTAGCCGGGCATAGTGGCGAGTACCTGTAATCCCAGCTACTCGGGAGGCTGAGGCAGGAGAATTGCTTGAAACCAGAAGGCAGCGGTTGCAGTGAACCGAGATCACGCCACTGCTTTCTAGCCTGGGCAACAACAGTGAAACTCTTCTCAAAAAAGAAAAAAAAAAAA","GGCTAGACGTGGTGGCTCATGCCTATAATCCCAGCACTTTGGGAGGCCAAGGCAGGCAGATCACAAAGTCAGCAGTTCGAGATCAGCCTGGCCAACATGGTGAAACCCCATCTCTACTAAAAATACAAAAATTAGCCAGACATGGTGGCAGGCACCTGTAATCCCAGTTACTTGGGAGGCTGAGGCAGGAGAATTGCTTAAAATCGGAAGGTGGAGGTTGCAGTGAGCTGAGATCAAGCCACTGCATTCCAGCCTGGGCAACAAAGTGAAACTCCATCTCAAAATAAATAAATCAAAAAAA"
"chr2","162595474","162595777","JH378125","4344553","4344853","42","158250921","GCCGGGTGTGGTGGCCCACACCTGTAATCCCAGCACTTTGGGAGGCGGAGCGGGGGGGGGAAACCATGAGGTCAGGAGTTCGAGACCAGCCTGGCCAACATGGTGAAACCCCGTCTCTACTAAAAATAGAAAAATTAGCCGGATGTGGTGGCGGGCACCTGCAATCCCAGCTACTCGGGAGGCTGAGGCAGGAGAATCGCTTGAGACTGGAAGGCAGAGGTTGCAGTGAGCTGAGATCCCGCCACTGCACTGCAGCCTGGGCGAAAGGAGCGAAACTCCGTCTCAAAAAAAAAAAAACAAAGAA","GCTGGGTGTGGTGGCTCACACCTGTAATCCCAGCACTTTGGAAGGCCAAGGTGGGCGGATCATGAGGTCAGGAGTTCGAGACCAGCCTGGCCAACACAGTGAAACCCCATCTCTACTAAAAATAAAAAAAATTAGCTGGGCATGGTGGTGTGCACCTGTAATCCCAGCTACTTGGGAGGCTGAGGTAGGAGAATCGCTTGAAACTGGAAAGCCGAGGTTGCAGTGAGTAGAGATCGCGCCACTGCACTCCAGCCTGAGCAACAAAAGCATAACTCCGTCTCAAAAAAAAAAAAAAAAAAAA"
"chr2","163014300","163014585","JH378143","18236239","18236524","33","144778061","GCCAGGTGCAGTGGCTCACACCTGTAATCCCAGCACTTTGGGAGGCCAAGGCGGGCCGATCACGAGGTCAAGAAATCGAAACCATCCTGGTCAACATGGTGAAACCCTGTCTCTACTAAAAAATACAAAAAATTAGCTGGGCGTGGTGGTGTGTGCCTGTAGTCCCAGCTACTCAGGAGGCTGAGGCAGGAGAATCGCTTGAAACTGAAGACGGAGGTTGCAGTGAGCCAGGATCGTGCCACTGCACTCCAGCCTGGGCAACAAGAGTGAAACTCTGTCTCAAAAA","GCCGGGCGCGGTGGCTCAAGCCTGTAATCCCAGCATTTTGGGAGGTCGAGGCGGGTGGATCACGAGGTCAAGAGATCGAGACCATCCTGGTCAACATGGTGAAACCCCGTCTCTACTAAAAATACAAAAAATTAGCTGGGCATGGTGGCTGGTGCCTGTAATCCCATCTACTCAGGAGGCTGAGGCAGGAGAATTGCCTGAAACAGGAGGCGGAGGTTGCGGTGAGCCGAGATCGTGCCATTGCACTCCAGCCTGGGTAACAAGAGCGAAACTCCATCTCAAAAAA"
"chr2","165301154","165301335","JH378115","17666853","17667025","34","147634301","GGCCGGGCGCAGTGGCTCACGCCTGTAATCCCAGCACTTTGGGAGGCCAAGGCGGGCGGATCACAAGGTCAGGAGTTCGACACCAGCCTGGTCAACACAGTGAAATCCCATCTCTACTAAAAAATACCAAAAAAAAAAAAAAATAGCTGGGCATGGTGACAGGCGCCTGTAATCCCAGCTAC","GGCCAGGCGCAGTGGCTCAAGCCTGTAATCCTAGCACTTTGGGAGGCCAGGGCGGGTGGATCATGAGGTCAAGAGATCGAGACCATCCTGGTCAACATGGTGAAACCCCGTCTCTACTCAAAATACGAAAAGTTAGCTGGGCATGGTGGCGTGTGCCTGTAATCCCAGCTACT"
"chr2","167499384","167499541","JH378127","18614282","18614439","23","148885102","GGCTGGGCGCGGTGGCTCATGCCTGTAATCCCAGCACTTTGGGAAGCCGAGGCGGGCAGATCACGGGGTCAGGAGTTTCAAGACAAGCCTGACCAACATGACGAAACCCCGTATGTACTAAAAATACAAAAATTAGCCAGGCGTGGTGGCAAGCGCCT","GGCCGGGTGCGGTGGCTTATGCCTGTAATCCCAGCACTTTGGGAGGCTGAGGTGGGTGGATCATGAGGTCAGGAGTTCGAGAATAGCCTGGCCAACATGGCGAAACCCTGTCTCTACTAAAAATACAAAAATTAGTCAGGCGTGGTGGCAGGTGCCTG"
"chr2","168429409","168429692","JH378206","2476848","2477135","47","165952561","GGCCAGGCGCAGTGGCTCACGCCTGTAATCCCAACACTTTGGGAGGCCAACACGGGCAGATCACGAGGTCAGGAGTTCGAGACCAGCCTAGCCAACATGGTGAAATCCCGTCTCTACTAAAAGTACAAAAATTAGCTGGGCGTGGTGGCAGGTGCCTATAGTCCCAGCTACTTGGGATGCTGAGGTGGAAGAACTGATTGAAACAAGAAAGCGGAGGTTGCAGTGAGCCAAGATCATGCCACTGCACTCCAGCCTGGGCGAAAGAGAAAAACTCCGTCTCAAAA","GGCTGGGTGCAGTGGCTCACGCCTATAATCCCAGCACTTTGGGAGGCCGAGGTGGGTGGATCACAAGGTCAGGAGTTGGAGACCAGCCTGGCCAACATGGTGAAACCTCATCTCTACTAAATATACAAAAATTAGCCGGGTGTGGTGGCAGGTGCCTATAATCTCAACTACTCGGGAGGCTGAGGCAGGAGAATTGCTTGAAACTGGAAAGTGGAGGTTGCAGTAAGCTGAGATTGTGCCACTGCACTCCAGCCTGGACAACAAGAGCAAAACTGCGTCTCAAAAAAA"
"chr2","172201422","172201563","JH378105","49917117","49917247","23","122284305","GGCTGGGTGCAGTGGCTCACGCCTGTAATCCCAGCACTTTAGGAGGCTGAGGCGGGTGGATCACGATGTTAGGAGTTCAAGACCATCCTGGCCAACATGGTGAAACCCTGTCTCTACTTAAAAAAAAAAATACAAAAATTGC","GGCCGGGCACAGTGGCTCACGCCTGTAATCCCAGCACTTTGGGAGGCCGAGACGGGTGGATCACGAGGTCAAGAGATCAAGACCATCCTGGTCAACATGGTGAAACCCCGTCTCTACTAAAAATACAAAAA"
"chr2","172201861","172202036","JH378194","3698567","3698741","24","168503294","TTAGCCGGACGTGGTGCCAGGTACCTGTAATCCCAGCTACTCAGGAGGCTGAAGCAGGAGAATCGCTTGAAACTGGAAGGCAGAGGTTGCAGTGAGCTGAGATCACGCCACTGCACTCTAGCCTGGGCAACAAGAGTGAAACTCCATCTCAGAAAAAAAAAAAAAAAAAAAAAAAA","ATTAGCTGGGCATGGTGGTAGGTACCTGTAATCCCAGCTACTCAGGAGGCTGAGGCAGGAGAATCATTTGAAACTGGAAGGCAGAGGTTGCAGTGAGCCAAGATCACACCACTGCACTCCAGCCTGGGCAACAAGTGTGAAACTCAGTCTCAAAGAAACATGAAAATAAACAAAA"
"chr2","178696629","178696929","JH378205","1510121","1510420","40","177186508","GGCTAGACGTGGTGGCTCACACCTGTAATTCCAGCACTTTGGGAGGCCGAGGTAGGTGGATCACGAGGTCAGGAGTTCAAAACCAGCCTGGCCAACATGGTGAAACCCCATCTCTACTAAAAATACAAAAATTAGCCGAGCGTGGTCGTGGGCCCCTGTAATCCCAGATACTCGGGAGGCTGAGACAGGAGAATTGCTTGAAACCGGAAGGTGAAGGTTGCAGTGAGTCAACATTGTGCCACTGCACTCCAGCCTGGGCAACAAGAGTGAAACTCGATCTCAAAAAGGAAAAAAAAAAAAA","GGCTGGACGTGGTGGCTCACACCTGTAATCCCAGCACTTTGGGAGGCCAAGGTGGGCAGATCACGAGGTCAGGAGTTCGAGAACAGCCTGGCCAACATGGTGAAACCCCATCTCTACTAAAAATACGAAAATTAGCTGGGCGTGCTGGCGAGCACCTGTAATCCCAGCTACTCGGGAGGCTGGGGCAGGAGAATCACTTGAAACCGGAAGGCAGAGTTTGCAGTGAGCTGAGATCGTGCCATTGCACTCCAGCCTGGGCGACAGGAGTGAAATTCTGTCTCAAAAAGAAAAGAAAAGAAA"
"chr2","180572813","180573107","JH378148","12566856","12567148","39","168005957","GCTGGGCTTGGTGGCTCACGCCTGTAATCCCGGCACTTTGGGAGGCTGAGGTGGGTGGATCACGAGGTCGGGAGTTCAAGACCAGCCTGGCCAACACAGTGAAACCCTGTCTCTACTAAAAATACAAAAATCAGCTGGGCGTTGGGGTGGGTACCTGTAATCCCAGCTACTCAGGAGGCTGAGGCAGGAGAATCGCTTGAAACTGGAAGGTGGAGGTTGCAGTGAGCCGAGATCACACCACTGCACTCCGGCCTGGGCAATAAGAGTGAAACTGTGTTTTTTAAAAAAAAAAAAA","GGCCAGGTGCTGTGGCTCACGCCTGTAATCCCAGCACTTTCGGAGGCCAAGGCGGGTGGATCATGAGGCCAGGAGTTCGAGACCAGCCTGGCCAATATGGTGAAACCCTGTCTCTACTAAAAATACAAAAATTAGTTTGGCGTGGTGGTGGGTGCCTGTAATCCCAGCTACTCGGGAGGCTAAGGCAAGAGAATCGTGTGAAACTGGAAGGTGGAGATTGCAGTGAGCCGAGATCACGCCACTGCACTCCAACCTGGGCAAAAGAGCGAAACTCTGTTTCAAAAAAAAAAAAA"
"chr2","180827905","180828058","JH378216","4339434","4339595","23","176488471","GCTGGGCACAGTGGCTCACGCCTGTAATCCCAGCACTTTGGGAGGCCAAGGCAGGCAGATCACAAGGTCAGGGGTTCAAGACCAGCCTGGCCAAGATGGTGAAACCCCCGTCTCTACTAAAAATACAAAAATTAGCCGGGCGTGGTGGCAGGCG","GGTTGGGCACAGTGGCTCACGCCTGTAATCCCAGCACTTTGGGAGGCCAAGGTGGGCAGATCATGAGGTCAGGAGTTTGAGACCAGCCTGGCCAACATGGTGAAACCCCATCTCTACTAAAAATACAAAAATTAGTTGGGTGTGGTGGCAGGTGCCTGTAAT"
"chr2","182556913","182557137","JH378115","31202561","31202787","39","151354352","AGACCAACCTGGCCAACATGGTGAAACCCCGTCTCTACTAAAAATACAAAAATTAGCCAGTTGCAGTTGCCTATAATCCCAGCTACTTGGGAGTCTGAGGCAGGAGAATTGCTTGAAACCTGAAGGCAGAGGTTGCAGTGAGTGGAGATTGCGCCACTGCACTCCAGCCTGGGCAAAAGAGCGAAACTCCGTCTCAAAAAGTAAAAAAAATGAAAATAAAAAAAA","AGCCTGGCCAACAGGGTGAAACTCTGTCTCTACTAAAAATACAAAAATTAGCTGGGTGTAGTGGTGGGCACCTGTAATCCCAGCTACTTGAGGAGACTGAAACAGGAGAATCGCTTGAAACCGGAAGGTAGAGATTGCAGTGAGCTGAGATTAGGCCATTGCACTCCAGCCTGGGCAACAAGAGCGAAACTCTGTCTCAAAAGTAAAATAAAACAAAATAAATAAAA"
"chr2","184339424","184339696","JH378217","248242","248529","53","184091182","GGCCAGGTACAGTGGCTCACACCTGTAATCCCAGCACTTTGGGAGGCCGAGACAGGCGGATCATGAGGTCAGGAGTTCAAAACCAGCCTGGACAACATGGCGAAACCCCATCTCTACTAAAAGTACAAAAATTAGCCGGGCATGGTGGTGATCTCAGCTACTTGGGAGGCTGAGGCGGAGGTTGCAGTGAGCCGAGATCGTGCCATTGCACTCCAGCCTGAGGAACAAGAAGAAAACTCCACTCAAAAAAAAAAAAAAAAGAAAAGAAAGAAA","GCTGGGCATGGTGGCTCACGCCTGTAATCCCAGCACTTTGGGAGGCCGAGGCGGGTGGATCATTGAGGTCAAGAGATCGAGACCATCCTGGTCAACATGGTAAAACCCTGTCTCTACTAAAAATACAAAACATTAGCTGGGCATGGTGGTGCGTGCCTGTAATCCCAGCTACTCAGGAGGCTGAGGCAGGAGAATTGCCGTGAGCCGAGATCGCGCCATTGCACTCCAGCCTGGGTAACAAGAGCGAAACTCTGTCTCAAAAAAAAAAAAAAGAAGAAGAAGAAGAAA"
"chr2","184785776","184786084","JH378135","21763200","21763501","54","163022576","GGTGGCTCACATCCGCAATCCCAGCACTTTGGGAGGCTGAGGTGGGTGGGTCACGAGGTCGGGAGTTTGAGACTAGCCTGGCCAACATGGTGAAACCCTGTCTCTACTAAAAATACAAAAATTTGCCAGCCAGGCATGGTGTTGGGTGCCTGTAATCCCAGCTAGTTGGGAGGCTGAGGCAGGAGAATCACTTGAAACTGGAAGGCCGAGGTTGCAGTGAGCTGAGATTGTGCCCCTGCACTCCACTCCAGGCTAGGTGAAAGAGCAAAACGCTGTCTCAAAAAAAAAAAAAAAAAAAAAAAAAAAAAA","GCCGAGCCCAGTGGCTCACACCTGTAATCCCAGCACTTTGGGAGGTTGAGGTGGGCGGATCACAAGGTTAGGAGTTTGAGACCAGCCTGGCCAACATGGTGAAACCCTGTCTCTACTAAAAATACAAAAATTAGCCACACAAGGTGGCAAGCGCCTGTAATCCCAGCTACTTGGGAGGCTGAGGCCGGAGAATCTCTTGAAACTGGAAGGCGGAGGTTGCAGTGAGCCGAGATCGTGCCACTGCACTCCAGCCTAGGTAAAAGAAACTGTGTCTCAAAAAAAAAAAAAAGAAAAGAAAAAAA"
"chr2","185180482","185180778","JH378245","3312448","3312742","41","181868034","GGCCGGGCAGGGTGACTCACGTCTGTAATTCCAGCACTTTGGGAGGCTGAGGCAGGCAGATCACAAGGTCAGGAGTTAGAGACCAGCCTGACCAACACAGTGAAACCCCATCTCTACTAAAAATACAAAAATTAGCCAGGCATGTGGTGGGTGCCTGTAATCCTGGCTACCTGGGAGGTTGAGGCAGAAGAATCACTTGAAACCGGAAGGCGGAGGTTGCAGTGAGCCAAGATCGTGCCACTGCACTGCATCCTGGGCAACAAGAGTGAAACTCCATCTCAAAACAACAACAAAAAA","GGCCAGTCGTGGTGGCTCTCGCCTGTAATCCCAGCACTTCGGGAGGCTGAGGCAGGCAGATCATGAGGTCAGGAGTTTGAGACCAGCCTGGCCAATATGGTGAAACCCCGTCTCTACTAAAAATACAAAAATTAGCTGGACATGGTGGTGGGCGCCTGTAATCCCAGCTACTTGGGAGGCTGAGGCAGGACAATCGCTTGAAACCTGAAGGCGGAGGTTGCAGTGAGCCAAGATCATGCCACTGCACTCCAGCCTGGGCGAAAGAGTAAAACTCCGTCTCAAAAAAAAAAAGAAA"
"chr2","186066156","186066463","JH378128","24901658","24901954","54","161164498","GGCCAGGTGTGGTGGCTCACGCCTGTAATCTCAGCACTTTGGGAGGCCGAGGTGGGCAGATCACGAGGTCAGGACCTCGAGACCAACCTGGCCCAACATGGCGAAACCCTGTCTCTACTAAAAATACAAAAACTTAGCTGGGTGTAGTGGTGGGTGCCTGGAATCCCAGCTACTCGGGAGGCTGAGGCAGGAGAATCACTTGAACTGGAGGTTGCAATGAGCTGAGATGGAGCCACTGCATTCCAGACTGGGCCACAAGAGCAAAACTCTGTCTCAAAAAAAAAAAAAAAAAAAAAAAAAAAAAAAAA","GCCAGGTATGATGGCTCACGCCTATAATCCGAGCACTTTGGGAAGCTGAGGCAGGTGGATCACAAGGTCAGGAATTCGAGACCAGCCTGGCCAACATGGTGAAACCCTGTCCCGACTAAAAATACAAAAATTAGCTGGGTGTGGTGGTGGGCACCTGTAATCCCATCTACTCGGGAGGTTGGGGCAGGAGAATCGCTTGAAGCCGGAAGTAAGCCGAGATCACACCATTGTACTCCAGCCTGGGCAGCAAGAGCAAAACTCAATCTCAAAAAAAAAAAAAAAAAAAAAAAAAAAAAA"
"chr2","186267187","186267464","JH378137","5445816","5446095","45","180821371","GCCAGATGCGGTGGCTCACACCTGTAATCCCAGCACTTTGGGAGCCTGAGGCAGCCTGATCACGAGGTCAGGAATTCAAGATCAGCCTGGCCAATATGGTGAAACCCTGTCTCTATTAAAAATACAAAAAATTAGCTGGATGTGGTGCTGGGCACCTGTAATCCCAGCTACTCTGGAGGCTGAGGCAAGAGAATTGCTTGAAACCAGATGCAGAAGTTGCAGTGAGTCGAGATCGTACCACTGAACTCCAGCCTGGGCAACAAGAGTGAAACTCCATC","GGCCAGGCGCAGTGGCACATGCTGGTAATCCCAGCACTTTGGGAGGCGGAGGCAGGCAGATTACGAGGTCAGGAATTCAAGACCAGCCTGGCCAACATAATGAAACTCTGTCTCTACTAAAAATACAAAAATTAGCTGGGTGTGATGGTGGGCGCCTGTAATCTCAGCTACTTGAGAGGCTGAGGCAGGAGAATTGCTTGAAACTGGAAGGTGGAGATTGCAGTGAGCTGAGATTGCACCACTGCACTCCAGCCTGGGCAACAAGAGCAAAACTCCGTCT"
"chr2","188451660","188451888","JH378140","14368734","14368986","74","174082926","AGGCCGGGGCGGGAGGTCACGAGGTCCAGGAGTTCGAGACCAGCCTGCCCCAACGTGGCAAAAACCCCATCTCTACTAAACCCATACTTACCAGGCATGGTGGTGGATGCCTGTAATCCAGCTACTCCAGGACTGAGCAAGAGCCCGTGGCTTGAATCCAGACAGATCCGTGCCACCTGCCAACTGTAGCCTGGCCCAACAAGAGCAAGAACTCCCGTCTCGAAATAAA","GAGGCTGAGGTGGGAGGATCAGGAGGTCAGGAGTTCGAGACCAGCCTGGCCAACATGGTGAAACCCCATCTCTACTAAAAATACAAAAATTAGCCGGGCGTGGTGGCGGATGCCTGTAATCCCAGCTACTCAGGAGGGTGAGGCAAGAGAATCGCTTGAAACTGGAAAGCGGAGATTCCAGTGAGCTGAGATCACGCCAATGCACTCTAGCCTAGGCGAAAGAGCAAAACTCCGTCTCTAAATAAATAAAAAA"
"chr2","188795679","188795980","JH378125","4344553","4344853","45","184451126","GGCCCGGTGTGATTGGCTAATGCCTGTAATCCAGCACTTTGGAAAGCGGAGGTGAGCGGATCACGAGGTCAGGAGTTCAACACCAGCCTGGCCAACATGGTGAAACCCCATCTCTATTAAAAATACAAAAAATTAGCCGGGCGTGGTTGTGGGCACCTATAATCCCAGCTACTTGGGAAGCTGAGGCAGGAGAATCACTTGAAACCAGAAGACAGAAGTTGCAGTGAGCCCAGGTCACGCCACAGCACTCCAGCCTGGGCAACAAGAGCAAAATTCTGTCTCAAAAAAAAAAAAAAAAAAAA","GCTGGGTGTGGTGGCTCACACCTGTAATCCCAGCACTTTGGAAGGCCAAGGTGGGCGGATCATGAGGTCAGGAGTTCGAGACCAGCCTGGCCAACACAGTGAAACCCCATCTCTACTAAAAATAAAAAAAATTAGCTGGGCATGGTGGTGTGCACCTGTAATCCCAGCTACTTGGGAGGCTGAGGTAGGAGAATCGCTTGAAACTGGAAAGCCGAGGTTGCAGTGAGTAGAGATCGCGCCACTGCACTCCAGCCTGAGCAACAAAAGCATAACTCCGTCTCAAAAAAAAAAAAAAAAAAAA"
"chr2","188806083","188806380","JH378206","6968121","6968417","36","181837962","GGCCAGGCACAATGTCACACGCCTGTAATCCTAACACTTTGGGAGGCCGAGGCAGGCGGATCACGAGGTCAGGAGTTCGAGACCAGCCTGGCCAACATGGTGAAACCCTGTCTCTACTAAAAATACAAAAATTAGCTGGGCGCGGTGGCGGACGCCTGTAATCCCAGCTACTCGGGAGGCTGAGGCAGGAGAATCACTTGAAACTAGAAGGCAGAGGTTGCAGTGAGCTGAGATCACACCACTGCACTCCAGCCTGGCTAACAAGAGCGAAACTCTGTCTTAAAAAAAAAAAAAAAAA","GGCCAGGCGTGATGGCGCACACCTGTAATCCCAGCACTTTGGGAGGCCAAGGCAGGTGGATCACGAGGTCAGGAGTTCAAGACCAGCCTGGCCAACATGGTGAAACCCTGTCTCTACTAAAATTACAAAAATTAGCTGGGCGTGGTGGCAGGAGCCTGTAATCCCAGCTACTTGGGAGGCTGAGGCAGGAGAATCTCTTGAAATGGTAAGGCGAAGGTTACAGTGAGCCAAGATCACGCCATTGCACTCTAGCTTGGGTGAAAGAGCGAAACTCCGTCTCAAAAAAAAAGAAAAGAA"
"chr2","189008555","189008848","JH378245","3312448","3312742","38","185696107","GGCTGGACGCGTGGCTTACACCTGTAATCCCAACACTTTGGGAGGCTGAGGCAGGCGGATCACGAGGTCAGGAGTTTGAGACCAGCCTGGCCAACATGGTGAAACCCCATCTCTACTAAAAACACAAAAATTAGCCGGGCATGGTGGCGGGTGCCTATAATCCCAGCAACTTGGGAGGCTGAAGCAGGAGAATCGCTTGAAACCGGAAGGCAGAGGTTGCAGTGAGCCTAGATCACGCCACTGCACTCCAGCCTGGACAACAAGAGCGAAACTCCATCTCGGAAGAAAAGAAAA","GGCCAGTCGTGGTGGCTCTCGCCTGTAATCCCAGCACTTCGGGAGGCTGAGGCAGGCAGATCATGAGGTCAGGAGTTTGAGACCAGCCTGGCCAATATGGTGAAACCCCGTCTCTACTAAAAATACAAAAATTAGCTGGACATGGTGGTGGGCGCCTGTAATCCCAGCTACTTGGGAGGCTGAGGCAGGACAATCGCTTGAAACCTGAAGGCGGAGGTTGCAGTGAGCCAAGATCATGCCACTGCACTCCAGCCTGGGCGAAAGAGTAAAACTCCGTCTCAAAAAAAAAAAGAAA"
"chr2","190984697","190984989","JH378150","241281","241578","47","190743416","GGGCGGGCTAGGTGGCTCACGCCTGTAATCCCAACACTTTGGGAGGCCGAGGCAGGCAGATCACGAGGTCAGGAGTTTGAGACCAGCTTGTCCAACATGGTGAAACCCCATCTCTACTAAAAAATTAGCCAGGCGTGGTGGCGGGCGCCTGTAATCCCAGGTCCTCGGAGGCTGAGGCAGGAGAATTGCTTGAAACCGGAAGGCAGAGGTTGCAGTGAGCCGAGATTGCACCATTGCACTCCAGCCTGGGCAACAAGAGCAAAATTTGGTCTCAAGAAAAAAAAAACAAAAAA","GGCTGGGCGTGGTGGCTCATGCCTGTAATCCCAGCACTTTGGGAGGCCTAGGCAGGCAGATCACAACGTGAGGAGTTTAAGACCAGCCTGGCCAACATGGTGAAACCTCATCTCTACTGAAAATACAAAAATTAGCTTGGCGTGGTGGTGGGCACCTGTAATCCCAGCTACTTGGGAGGCTGAGGCAGGAGAATCGCTTGTAACCAGAAGACGGAGGCTGCAGTGAGCCAACATCGCACCACTGCACTCCAGCTTGGGCAAAAGAGCGAAACTGTCTCAAAAAAAAAAAAAAAAAAAA"
"chr2","192712270","192712415","JH378143","4605826","4605972","26","188106444","TCACGCCTGTAATCCCAGCACTTTGGGAGGCAGAGGCAGGCAGATCATGAGGTCAAGAGTTCGAGACCAGCCTGGCCAACATAGTGAAACCTTGTCTCTACTAAAAATACAGAAAAATTAGCTGGGCATGGTGGCGGGCGCCTGTA","TGGCTCGCTGCCTGTAATCCCAGCACTTTGGGAGGCCAGGGCGGGCAGATCTTTGAGGTCAGGAGTTCAAGACCAGCCTGACCAACATAGTAAAACCCCATCTCTCCTAAAAATACAAAAATTAGCTGGGCGTGGTGGCGGGTGCCT"
"chr2","196495072","196495374","JH378110","13883859","13884149","49","182611213","GCCAGTCGCAGTGACTCACACCTGTAATCCCAGCACTTTCGGAGGCCAGAGGAGGGTAGATCACAAGGTCAGGAGTTCAAGACCAGCAGCCTGGCCAACATAGTGAAACCTCGTCTCTACTAAAACTACAATTTAGCCAGGCATGGTGGCAGGCAGGTGCCTGTAGTCCCAGCTACTTGGGAGGCGGAGGCAGGAGAATCGCTTGAACCTAGGAGGCAGAGGTTGTGGCGAACCGATATCGTGCCACTGCACTCCAGCCTGGGCAACAAGAGTGAAACTCTGTCTCAAAAAAAAAAAAAGAAA","GTGCGGTGGTTCACACCTGTAATCCCAGCACTTTGGGAGGCCAAGGTGGGTGGATCACGAGGTCAGGAGTTCAAGATCAGCCTGGCCAACATGATGAAACCCCATCTCTACTCAAACTACAAAAATTAGCCCGGCATGGTGGTAGATGCCTGTAATCCCAGCTACTTGGGAGGCTGAGGCAGGAGAATCCCTTGAAACCGGAAGGCAGAGGCTGCAGTGACCCGAGATACCACCACTGCACTCCAGCCTGGGCAACAAGAGTGAAACTCTGTCTCAAAAAAAAAAAAAAAA"
"chr2","198042560","198042865","JH378190","1325792","1326096","46","196716768","GGCACGGTGGCTCACGCCTATAATCCCAGCACTTTGGGAGGCTGAGGTAGGCGGATCATGAGGTCAGGAGTTCAAGACCAGTCTGGCCAATATGGTGAAACCCTGTCTCTACTAAAAATACAAAAATTAGCCAGGCATGGTGGTGGGCGCCTGTAATCCCAGCCACCTGGGAGGCTGAGCCAGGAGAATCACTTGAAACCGGGAGGCAGAGTTTGCAGTGTGCTGAGATTGCACTACTGCACTCCAGCCTGGGCGAAAGAGTGAAAACTCCGTCTCAAAAAATAAAAAATAAAAAATAAAAATAAA","GCCAGGCACGGTGGCTCACGCCTGTAATCCCAGCATTTTGGGAGGCCGAGGCAGGCGGATCATGAGGTCAGGAGTTCGAGACCAGCCTGGCCAACATGGTGAAACCCTGTCTCCACTAAAAATACAAAAATTAGCTGGCTGTGGTGGTTGGCACCTGTAATCCCAGCTACATGGGAATCTGAGGCAGAAGAATTGCTTGAAACCAGAAGGCAGAGGTTGCAGTGAGCCAAGATCATGCCACTACACTCAAGCCTGGATGAAAGAGTGAAACTCTGTCTCAAAAAAAAAAAAAAAAAAAAAAAAAA"
"chr2","199066977","199067135","JH378115","2961797","2961958","40","196105180","GGGAGGCCGAGACAGGTGGATCACAAGATCAGGAGTTTCAGACCAGCCTGGCCAACACAGTGAAACCCCATCTCTACAAAAAATACAAAATTAGCTGGGTGTGGTGGTGGGTGCCTGTAATACTAGCTACTCGGGAGGCTGAGGCAGGAGAATCACTTG","CTGAGGCGGGTGGATCACGAAGTCAAGAGATCGAGACCATCCTGGTCAACATGGTGAAACCCCGTCTCTACTAAAGATACAAAAAATTAGCTGGGCATGGTGGCACGTGCCTGTAATCCCAGCTACTCAGGAGGCTGAGGCAGGAGAATTGCCTGAACCCAG"
"chr2","202115742","202116003","JH378300","1082016","1082293","50","201033726","AATCCCAGCACTTTGAGGGGCTAAGGCGGGTGGATCGCGAGGTCAGGAGTTTGAGACCAGCCTGGCCAACATGGTGAAACCCCGTCCCTACTAAAAACCCAAAAATTAGCTGGGTGTGGTGGTGGGTTCCTGTAATCCCAGCTACTCAGGAGGCTGAGGCAGGAGAATCACTTGAAACTGGAAGGCAGAGGTTGCAGTGAGCCAAGATCACAACACTGCACTCCAGTCTGGGCAGTAAAACTCCATCTCAAAAAAAAAAAAA","CTGTAATCTCAGCACTTTGGGAGGCCAAGGTTGATGGATCACGAGGTCAGGAGTTTGAGACCAGTCTGGCCAACATGGTGAAACCCTGTCTCTACAAAAAAATACAAAAATTAGCCAGGCATGGTGGCAGGCACTTGTAATCCCAGCTACTCGGGAGGCTAAGGCAGGAGAAGCACTTGAAACTGGAAGGCGGAGGTTGCAGTGAGCTGAGATCATGCCACTGCACTCCAGCCTGGGCAAAGGAGCGAAACTCCATCTCAAAAAAAAAAAAAAAGAAA"
"chr2","202690091","202690224","JH378125","3309971","3310101","20","199380120","GGCCGGGCGTGGTGGCTCACGCCTGTAATCCCAACACCTTGCAAGGCTGAGGCAGGCAGATCATGAGGTCAGGAGTTTGAAACCAGCCTGGCCAACATGGTGAAATCCTGTCTCTACTAAAAATACAAAAATTT","GGCCGGGCGCGGTGGCTCAAGCCTGTAATCCCAACACTTTGGGAGGCCGAGGCGGGTGGATCATGAGGTCAAGAGATCGAGACCATCCTGGCCAACATGGTGAAACCCCGTCTCTACTAAAAATACGAAAA"
"chr2","202690527","202690703","JH378112","11354649","11354838","46","191335878","TTTAAAAATACAAAAATTTGCTGGGCTTAGTGGCAGGCGCCTGTAATCCCAGCCATTCGGGAGGCTGAGGCAGGAGAATTGCTTGAAACTGTAAGGCAGAGGTTGCAGTAAGCCACTGCACTCTAGCCTGAACAAAAGAGCAAAACTCCATCTCAAAAAAAAAAAAAAAACAAAGAA","TTTTTACTAAAAGTACAAAAATCAGCTGGGCATGGTGGGTGCCTGCAATCCTAGCTACTCGGGAGGCCGAGGCAGGAGAATCGCTTGAAACTGAAAGGCAGAGGTTGCAGTGAGCCAAGATCATGACATTGCACTTCAGCCTGGCAGACAAGTGAACATCAGTCTCAAAAAAAAAAAAAAAAAAAAAAAA"
"chr2","202928150","202928311","JH378193","6530552","6530710","30","196397598","GCCAAGCATGGTGCTGGGCACCTATAATCCCAGCTACTTGGGAGGCTGAGGAAGGAGAATCTCTTGAAACCAGGAGGCAGAGCGTGCAGTGAGCCAAGATCGCACCACTGCACTCCAGCCTGGGCGACAAGAGCAAAACTCCATCTCAAAAACAAAACAAAA","TTAGCCGGTCTGGTAGCATGTGCCTGTAATCCCAGCTACTTGGGAGGCTGAGGCAGCAGAATCGCTTGAAACCAGAAGGCAGAGGTTGCAGTGAGCCAAGATTGCACCACTGCAGTCCAGCCTGGGCAAAAGAGCAAACCTGCTTCTCAAACAAACAAA"
"chr2","204338987","204339282","JH378148","3009466","3009760","44","201329521","GGCCACGTGTGGTGGCTCACTCCTGTAATCCCAGCATGTTGGGAGGCCAAGGTGGGCAGATCACGAGGTCAGGAGTTTGAGACCAGCCTGGCCAACATGATGAAACCCTGTCTCTACTAAAAATACAAAAATTAGCCGGGCGTGGTGGCAGCTGCCTGTAGTCCCAGCCACTCTGGCGGTTGAGGCAGGAGAATTGCTTGAAAATGGAAGGCGGAGGTTGCAGTGAGCTGAGATGGTGCCATTGTGCTCCAGCCTGGGCAACAAGAGCCAAACTCCGTCTCAAAAAAAATACAAAA","GGCCAGGTGTGGTGGCTCACGCCTGTAATCCCAGCACTTTGGGAGGCCGAGGCAGGTGGATGATGAGGTCAGGAGTTCGAGACCAGCCTGGCCAAAATGGTGAAACCCTGTCTCTACTAAAAATACAAAAAAATTAGCCAGGCGTGGTGGCATGCGCCTATAATCCCAGCTACTCAGGAGGCTAAGGCAGGAGAATCACTTGAAACCAGAAGGCAGAGGTTGCAGTGAACTGAGATCACGCCACTGCACTCCAGCCTGGGCAACAAGAGCAAAACTCCATCTCAAAAAATAAAAA"
"chr3","451760","452070","JH378107","46009365","46009670","46","45557605","GGCCCAGCGTGGTGGCTCACGCCTGTAATCCCAGCACTTAGGGAGACTGAGGCAGGCGGATCACAAGGTCAGGAGTTTGAGACAACCTGGCCAACATGGTGAAACCCCGTCTCTACAAAAATACAAAAAATCAGCCAGGTGTCGTGGTAGGAGCCTGTAATCCCAGCTACTCAGGAGGCTGAGGCAGGAGAATTGCTTGAAATCGGAAGGCGGAGGTTGCAGTGAGCCAAGATCGCGCCACTGCACTCCAGCTTGGGCAACAAGAGCAAAAACTCCGTCTAGAAAAAACAAACAAACAAACAAACAAATAA","GGCCGGGCGTGGTGGCTCACGCCTGTAATCCCAGCACTTTGGGAGGCCAAGGCAGGTGGATCACGAGGTCAAGAGGTCGAGACCATCCTGGTCAACATGGTGAAACCCCGTCTCTGCTAAAAATACAAAAATTAGCTGGGCATGGTGGCACGTGCCTGTAATCCCAGCTACTCAGGAGGCTGAGGCAGGAGAATTGCCTGAAACCAGGAGGCGGAGGTTGCGGTGAGCCGAGATTGCGCCATTGCACTCCAGCCTGGGTAACAAGAGCGAAACTCCGTCTCAAAAAAAAAAAAAAAAAAAAAAAAA"
"chr3","2930164","2930469","JH378106","12647150","12647453","39","9716986","GGCCGGGCGCGGCGGCTCACACCTGTAATCCCAGCACTTTGGGAGGCTGAGGCGGACGGATCACGAGGTCAGAAGTTCAAGACCAGCCTGGCCAACATGATGAAACTCCACCTCTACTAAAAATACAAAAAATTAACGGGGCGTGGTGGCGGGCGCCTGTAATCCCAGCTACTCGGGAGGCTGAGGCAGGAGAACTGCTTGAAACTGGAAGGCGGAGGTTGCAGTGAGCTGAGATTGCACCAGTGCACTCCAGCCTGGGCAACAAGAGCGAAACTCCGTCTTAAAAAAAAAAAAGAAAAAAAAAAA","GGCCGGGCGCGGTGGCTCAAGCCTGTAATCCCAGCACTTTGGGAGGCCGAGGCGGGTGGATCACGAGGTCAAGAGATCGAGACCATCCTGGTCAACATGGTGAAACCCTGTCTCTACTAAAAATACTAAAAATTAACTGGGCATGGTGGCGTGTGCCTGTAATCCCAGCTACTCAGGAGGCTGAGGCAGGAGAATTTCCTGAAACCAGGAGGCGGAGGTTGCGGTGAGCCGAGATCGCGCCATTGCACTCCAGCCTGGGTAACAAGAGCAAAACTCCGTCTCAAAAAAAAAAAAAAAAAAAAAA"
"chr3","3073454","3073755","JH378145","12963180","12963482","56","9889726","GGCCGCGTGCGGTGTGGCTCACACTTGTAATCCCAGCACTTTGGGAGGCAGAGGCGGGGCGGATCACGAGGTCAGGAGCTCAAGACCAGCCTGGCCAACATGGTGAAACCCTGTTTCTACTAAAATTACAAAAATTAGCCAGGCGTAGTGGTGGGTGCTCCCAGCTACTCAGGAGGGTGAGGCAGGAGAATCGCTTGAAACTGGAAGGTGGAGGTTGTAGTTAGCAGAGATCGCGCTATTGCACTCCAGCCTGGGTGAAAGCACGAAACACTCTCTCAAAAAACAAACACACACAAAACAAA","GGCCAGGGGAGGTGGCTCACACCTGTAATCCCAGCACTTTGGGAGGTTGAGGCAGGCAGATCAAGAGGTCAGGAGATCAAGACCAGCCTGGCCAACATGGTGAAACCCCATCTCCACTAAAAATACAAAAATTAGCCAGGTGTGGTGATGGGCACCTGTAATCCCAGCTACTCAGGAGGCTGAGGCAGGAGAATTGCTTGAAACCGGAAGGTAGAGGTTGCAGTGAGCCAAGATCATGCCATTGTACTTCGGCCTAGGCAAAAGAGCAAAACTGTCTCAAAACAACAATAACAAACAAAAAAA"
"chr3","3735380","3735675","JH378133","14721548","14721853","41","10986168","GCCAGGTGCAGTGGCTCACACCTGTAATCCCAACACTTTGGGAGGCTGAGGCGGGTGGATCACCAGGTCAGCAATTCAAGACCACATGGTGAAACCCCGTCTCTACTAAAAATACAAAAAAATTAGCTGGGCGTGGTGGCGGGTACCTGTAATCCCAGCTACTTGGGAGGCTGAGGCAGGAGAATTGCTTGAAACCAGAAGGTGGAGGTTGTGGTGAGCTGAGATTGTGCCATTGCACTCTAACCTGGGCAACAAGAGCAAAACTCCGTCTCAAAAAAAAAAAAAAAATTAAAAAA","GCCGGGCGCGGTGGCTCAAGCCTGTAATCCCAGCACTTTGGGAGGCTCAGGCGGGTGGATCACGAGGTCGAAAGATCGAGACCATCCTGGTCAACATGGTGAAACCCCGTCTCTACTAAAAATACAATAAAACTAGCTGGGCGTGGTGGCGCGTGCCTGTAATCCCAGCTACTTAGGAGGCTGAGGCAGGAGAATTGCCTGAGACCAGGAGGCGGAGGTTGCAGTGAGCCGAGATCGTGCCATTGCACTCCAACCTGGGTAACAAGAGCAAAAACTCCGTCTCAAAAAAAAAAAAAAAAAAAAAAA"
"chr3","4699920","4700240","JH378117","28305531","28305841","56","23605611","GCTGGGCGCAGAGGCTCATGCCTGTAATCTCAGCTCTTTGGGAGGCCAACTGGGGTGTGGATCACGAAGTCAGGAGATCTCAAGACCATCCTGGCCAACAGGGTGAAACCCCTTCTCTACTAGGAAAAAAAAAAAAAATTAGCTGGGTGTGGTGGTGGGTGCCTGTAATTCCAGCTACTCGGGAGACTGAGGCAGAAGAATCGCTTGAACCCAGAAGGCGGAGGTAGCAGCGGGCCGAGATCATGCCATTGTACTCCAGCCTGGGGCAACAAGAGTGAAACTCCGTCACAATTAAAAAAAAAAAAAAAGGAAAAGAAAAAA","GCCGGGCGCGGTGGCTCAAGCCTGTAATCCCAGCACTTTGGGAGGCCGAGGCGGGTGGATCACAAGGTCAAGAGATTGAGACCATCCTGGTCAACATGGTGAAACCCCGTCTCTACTAAAAATACAAAAAAATTAGCTGGGCGTGGTGGCGCGTGCCTGTAATCCCAGCTACTCAGGAGGCTGAGGCAGGAGAATTGCCTGAAACCAGGAGGCGGAGGTTGCGGTGAACCGAGATCGCGCCATTGCACTCCAGCCTGGGTAACAAGAGCGAAACTCCGTCTCAAAAAATAAAATAAAATAAAATAAAACAA"
"chr3","5318630","5318957","JH378116","27615727","27616051","48","22297097","GACCGGGTGCAGTGGCTCACGCCTGTAATCTATCTAGCACTTTGGGAGGCCAAGGCAGGCAGATCATGAGGTCAGGAGTTCAAGACCAGCCTGGCCAACATGGTGAAATCCCATCTCTACTAAAAATACAAAAAATTAGCCAGGCATGGTGGCAGGTGCCTGTAATCCCAGCTACTCAGGAAGCTGAAGCAGGAGAATCGCTTGAAACCAGAAGGCAGAGGTTGCAGAGCCAAGATAGTGCCACTGCATTCCAGGCTGGGCAACATGAGTGAAACTCCATCTCAAAAATAAATAAATAAATAAATAAATAAATAAATAAATAAATAAA","GGCCGGGCGCGGTGGCTCAAGCCTGTAATCCCAGCACTTTGGGAGGCGAGGCGGGGGGATCACGAGGTCAACAGATCGAGACCATCCTGGTCAACATGGTGAAACCCTGTCTCTACTAAAAATACAAAAAATTAGCTGGGCATGGTGGCGTGTGCCTGTAATCCCAGCTACTCAGGAGGCTGAGGCAGGAGAATTGCCTGAAACCAAGAGGCGGAGGTTGCGGTGAGCCAAGATCGCGCCATTGCACTCCAGCCTGGGTAACAAGAGCGAAACTCCTTCCCAAAATAAATAAATAAATAAATAAATAAATAAATAAATAAATAAA"
"chr3","5578465","5578609","JH378108","52115640","52115778","29","46537175","GCTACTCAGGAGGCTGAGGCAGGAGAATCACTTGAAACCGGAAGGTGGAGGTTGCAGTGAACTGAGATGGCGCCACTGCACTCCAGCCTGGGCAACAAGAGTGAAGCTCCGTCTCAAACAAACAAACAAACAAAAAAAAAAAAAA","CCCAGCACGGGAGGCTGAGGCAGGAGACCTCCTGAAACCAGAAGGTGGATGTTGCAGTGAGCCGAGATCGTGCCACTGCACTCCAGCCTGGACAAACGAGCAAAACTCCATCTCAAACAAAAACAAAAACAAAACAAAA"
"chr3","5884536","5884794","JH378129","3873045","3873297","47","2011491","AGACCAAGGCATGGGGATCACAAGGTCAGGAGTTCGAGACCAGCCTGGCCAACGTGGTGAAACCCTGTCTCTACTAAAGATACAGAAAATTGGCCAGGCATAGTGGCGGGCACCTATAATTCCAGCTACTCGGGAGGCTGAGGCAGGAGCATCACTTGAAACCAGAAGGCAGAGGTTGCAGTGAGCCGAGATCATGCCACTGCACTCCAGCCTGGGCGAAAGAAACTCCATCTTAAAAAACAAAACAAACAAACAAAAA","AGGCCAAGGCAGGCAGAACATGAGGTCAGGAGTTCGAGATCAGCCTGGCCAACGTGTTGAAACCCCATCTCTACTAAAAATACAAAAATTATCCAGGCATAGTGGTGGGCACGTGTAATCCCAGCTACTCAGGAGCCTGAGGCAGGAGAATTGCTTGAAACCAGAAGGCAAAGGTTGCAGTGAGCTGAGATCATGTCTCTGCACTCCAGCCTGGGCAAAAGAGTGAAACTCTGTCTAAAAAGTAAAAAAGAAA"
"chr3","7309873","7310183","JH378138","4975201","4975508","54","2334672","GGCTGGGTGCGGTGGCTCATGCCTGTAATCCCAGCACTTTGGGAGGCCAAGGCTGGCGGATCACGAGGTCAGGAGTTCGAGACCAGACTGGCCAACATGGTGAAACCCCGTCTCTACTAAAAATACAAAACTTAGCCGGGCGTGGTGGTGGGCACCTGTAATCCCAGCTGCTTGGGAGGCTGAGACAGAAGAATTGCTTGAAACCAGAAGGCAGAGGTTGAAGTGAGCCAAGATTGCGCCACTGCACTCCAGCCTGGTCAACAAGAGTGAAACTCTGTCTCAAGANNNNNNNNNNNNNNNNNNNNAAAAAA","GGCTGGGTGTGGTGGCTCTTCCCTGTAAGCCCAGCACTTTGGGAGGCCAAGGCAGGCAGATCACAAGGTCAGGAGTTCAAGACCAGCCTGGCCAACATGGTGAAACTTGTCTCTACTAAAAGTACAAAAATTGGCCGAGCATGGTGGCAGGCACCTGTAATCCCAGCTACTTGGGAGGCTGAGGCAGGAGAATCGCTTGAAACCAGAAGGCAGAGATTACAGTGAGCCGAGATTGCACCAGTGCACTTCAGCCTGGACAACAAGAGCAAAACTCTGTCTCAAAGTGTGAGTTAAAAAAAAAAAAAAAA"
"chr3","7958172","7958452","JH378146","6921944","6922227","45","1036228","GGTGCGGTGGCTCACTCCTGTAATCCCAGCACTTTGGGAGGCCGAGGCAGGAGGATCACAAGGTCAGGAGTTCAAGACCAGCCTGGCCAACATGGCAAAAACCCATCTCTACTACAAATAAAAAAATTAGCCAGGCGTGGTGGTGTGCACCTGTAATCCCAGCTACTCAGGAGGCTGAGGCAGGAGAATGTCTTGAAATGGGAAGGTGGAGATTGCAATGAGCCGAGATAGCGCCACTGCACCCCTGCCTGGGCGACAAGAGCGAAACTCTGTCTCAAAAA","GGCTGGGCGTGGTGGCCCATGCCTGTAATCCCAGCACTTTGGGAGTCCGAGGTGGGCGGAACACGAGGTCAGGAGTTCAAGACCAGCCTGGTCAACATGGTGAAACCCGATCTCTACTAAAAATACAAAAATTAGCCAGGCGTGGTGGTGGGCTCCTGTAATCCCAGCTACTCAGGAGACTGAGGCAGGAGAATTGCTTGTAACCAGAAGGTGGAGGTTGCAGTGAGCCGAGATCATGCCACTACACTCCATCCTGGGCGAAAGAACCAAACTCCATCTCAAAA"
"chr3","12214030","12214328","JH378129","7783178","7783478","38","4430852","GGCCAAGCACAGTGGCTCACGCCTGTAATCCCAGCACTTCAGGAGGCCAAGGCAGGTGGATCACGAGGTCAGGAGTTCGAGACCAGCCTGGCCAACATGGTGAAACCCTATCTCTACTAAAAATACAAACATTAGCCAGGCGTGGTGGCGGGTGGCTGTAATCCCAGCTACTTGGGAGGCTGAGGCAGGAGAATCGCTTGAACCTGGAAGGCTGAGGTTGCAGTGAGCCCAGATCGTGCCACTGCACTCCAGCTTGGGCAACAAGAGCAAAACTCCTTCTCAAAAAAAAAAAAAAAAAA","GGCCGGGCGCGGTGGCTCAAGCCTGTAATCCCAGCACTTTGGGAGGCCGAGGTGGGTGGATCACGAGGTCAAGAGATCGAGACCATCCTGGTCAACATGGTGAAACCCTGTCTCTACTAAAAATACTAAACATTAGCTGGGCATGGTGGCGCATGCCTGTAATCCCAGCTACTCAGGAGGCTGAGGCAGGAGAATTGCATGAAACCAGGAGGCGGAGGTTGCGGTGAGCCGAGATCGTGCCATTGCACTCCAGCCTGGGCAACAAGAGTGAAACTCCGTCTCAAAAAAAAAAAAAAAAGAA"
"chr3","14235716","14236014","JH378156","7076545","7076843","37","7159171","GGCCAGGTGCGGTGGCTCACGTCTGTAATCCCAGCACTTTGGGAGGCTGAGGTGGGTGGATCATGAGGTCAGCAGTTCAAGACTGGTCTGACCAACATGGTGAAACCCCATCTCTACTAAAAATACAAAAAAATTAGCTGGGCATGGTGGCGGGTGCCTGTAATCCCAGCGACTTGGGAGGCTGAGGCAGGAGAATTGTTTGAAAACTGGAAGGTGGAGGTTGCAGTGAGCTGAGATTGCACCACTGCACTCTAGCCTGGGCAATAAGAGCAAAACTCCATCTCAAAAAAAAAAAAAAA","GGCCAGGTGCGGTGGCTCACGCCTGTAATTCCAGCACTTTGGGAGGCTGAGGCAGGTGGATCATGAGGTCAAGAGGTCAAGACCATCCTGGTCAACATGGTGAAACCCCGTCTCTACTAAAAATACAAAAAATTAGCTGGGCGTGGTGGCGGGTGCCTGTAATCCCAGCTACTCAGGAGGCTGAGGCAGGAGAATTGCCTGAAGCCAGAAGGCAGAGGTTGCAGTGAGCCGAGATAGCGCCATTGCACTCCAGCCTGGGTAACAAGAGCGAAACTCCATCTCAAAAAAAAAAAAGAAAA"
"chr3","15602814","15603117","JH378159","15339467","15339775","39","263347","GGCCGGGCATGGTGGCTCATGCCTGTAATCCCAGCACTTTGGGAGGCCAAGGTGGGCAGATCACAAGGTCAGGAGTTTGAGATCAGCCTGGCCAACATGGTGAAACCCCGTCTCTACTAAAAATACAAAATTAGTCAGATGTGGTGGTGGACGCCTGTAATCTCAGCTACCTGGGAGGCTGAGGCAGGAGAATCGCTTGAAACTGGTAGGTGGAGGTTGTAGTGAGCCTAGATCATGCCACTGCACTCCAGCCTGGGCAACAAGAGCGAAACTCTGTCTCAAAAAAAAAAAAAAAAAAAAAAAA","GCCAGGCACGGTGGCTCATGCCTGTAATCCCAGCACTTTGGGAGGCTGAGGTGGGCAGATCACAAGGTCAGGAGTTTGAGACCAACCTGGCCAACATGATGAAACCCAGTCTCTACTAAAAATGCAAAAATTAGCCGGTCATGGTGGTAGGAACCTGTAATCTCAGCTACTTGGGAGGCTGAGGCAGGAGAATTGCTTGAAATTGGAAGGCGGAGGTTGCAGTGAGCCAAAATCATGCTACTGCATTACAGCCTGGTAAACAAGAGTGACACTCTGTCTCAAACAAAAAAAAAAAAACAACAACAAAAA"
"chr3","16472711","16472974","JH378185","920965","921227","38","15551746","GGCCAGGCGCGGTGGCTCACGCCTGTAATCCTAGCACTTTGGGAGGCCGAGGGAGATGGATCACGAGGTCAGGAGTTTGAGACCAGCCTTTTCAACATTGTGAAACCCCGTCTCTACTAAGAATACAAAAATTAGCCAGGCGTAGTGGTGGACACCTGTAATCCCAGCTACTGGGGAGGCTGAGGCAGGAGAATCGCTTGAAACTGGAAGGAAGAGGTTGCAGTGAGCCAAGATCATGCCACTGCACTCCAGTCTGGGCGACAA","GGCCAGGTACAATGTCTCACGCCTGTAATCCCAGCACTTTGGGAGGCAGAGGCAGGCGGATCACAAGGTCAGGAGTTCGAGACCAGCTTGGCCAACATGGTGAAAACCTGTGTCTACTGAAAATATGAAAATTAGCCAGGCATGGTGGTGGGCATCTGTAATCCCAGCTACTCAGGAGGCTGAGGCAGGAGAATCGCTTGAAACCGTTAAGGCAGAGGTTGCAGTGAGCCAAGATCATGCCACTGCACTCCAGCCTGGGCAAC"
"chr3","18285570","18285882","JH378175","386556","386866","66","17899014","GGCCAGGTGTGGTGGCTCACTCCTGTAATCCCAGCACTTTGGGAGGCCAAGGTGGGCAGATCACAAGGTCAAGAAATCAAAACCATCCTGGCCAACATGGTGAAACCCTGTCTCTACTAAAAAATATATATATATTAGCTGGGCGTGGTGGCACATGCCACCTGAGGCTGAGGCAGGAGAATCACTTGAAACTGGAAGGCAGAGGTTGCAATGAGCCGAGATCGCGTCACTGAACTCCAGCCTGGGCAATAAGAGCGAAACTCCGTCTCAAAAAAAAAAAAAAAAAGAAAGAAAGAAAAAAAAAAAAGAAAAA","GGCCGGGCACGATGGCTCACGTCTGTAATCCCAGCACTTTGGGAGGCCAAGGTGGGTGGATCACGAGGTCAAGAAATCGAAACCATCCTGGTCAACATAGTGAAACCCCGTCTCTACTAAAAATACAAAACATTAGCTGGGCATGGTGGCGCGTGCCTGTAATCCCAGCTACTCGGGAGGCTGAGGCAGGAGAATTGCCTGAAACCAGGAGGCAGAGGTTGCGGTGAGCCGAGATCGCGCCATTGCACTCCAGCCTGGGTAACAAGAGCAAAACTCCGTCTCAAAAAAAAAAAAAAAAAAGAAAAGAAAAA"
"chr3","18297683","18297962","JH378300","1082016","1082293","43","17215667","ACACCTGTAATTCCAGCACTTTGGGAGTCCGAGGTGGGCGGATCATGAGCTCAGGAGTTGGAGACCAGCCTGATCAACATGGTGAAACCCTGTCTTTACTAAAAAATACAAAAATTAGCTGGGTGTGGTGGCAGGCACCTGTAATCCCAGCTACTTGGGAGGCTGAGGCAGGAGAATCACTTGAAACCGGAAGATGGAGGTTGCAGTGAGCCGAGATGGCGCTACTGCACGCCAACCTGGGTGAAAGAGCAAACTCCATCTCAAAAAAAAAAAAAGAAAA","CTGTAATCTCAGCACTTTGGGAGGCCAAGGTTGATGGATCACGAGGTCAGGAGTTTGAGACCAGTCTGGCCAACATGGTGAAACCCTGTCTCTACAAAAAAATACAAAAATTAGCCAGGCATGGTGGCAGGCACTTGTAATCCCAGCTACTCGGGAGGCTAAGGCAGGAGAAGCACTTGAAACTGGAAGGCGGAGGTTGCAGTGAGCTGAGATCATGCCACTGCACTCCAGCCTGGGCAAAGGAGCGAAACTCCATCTCAAAAAAAAAAAAAAAGAAA"
"chr3","23209895","23210202","JH378119","6050976","6051277","44","17158919","GGCCAGGCGCAGTGGCTCACGCCTGTAATCCCAGCGCTTTGGGAGGCTGAGGTAGGCGGATCATGAGGGCAGGAGTTTGAGACCAGCCTGGCCAGCACGGTGAAACCCCATCTCTACTAAAAATACAAAAATTAGCCAGGCGTGGTGGCGGGCACCTGTAATCCCAGCTACTCGGGAGACTGAGGCAAGAGAATCACTTGAAACTGGAAGGTGGAGGGTGCAGTGAATTGAGATAGTGCCACTGCACTCCAACCTGGGTGGAAGAGCAAAACTCCATCTGAAAAAATAAAATAAAATAAAAATAAAAA","GACCGGGTGCAATGGCTCACGCCTGTAATCCCAGCACTTTGGGAGGCTGAGGTGGGCAGATCACAAGATCAGGAGTTTGAGACCAGCCTGGCCAATATGGTGAAATCCCGACTCTACTAAAAATACAAAAATTAGCCAAGCATGGTGCCAGGCACCTGTAATCCCAGCTACTTGGGAGGCTGAGGCAGGAGAATCACTTGAAACTGGATAATGGAGTTTGCAGTGAGCTGAGATCGTACCACTGTACTCCAGCCTGGGTGAAAGAGCAACACTCCGTCTAAAAAAAAATAAAAAAAATAAAA"
"chr3","23270043","23270308","JH378246","1801213","1801475","51","21468830","TGGCTCATACCTGTAATCCCAACACTTTGGGAGGCCGAAGCGGGTGGATCACAAGGTCAGGAGTTTGAAACCAGCCTGGCCAACATGGTGAATCCCTGTCTCTATTTAAAAAAATACAAAAACTAGCCAAGCATGGTGGCGAGCGCCTGTAATCCCCGCTACTCAGGAGGCTGAGGCAGGAGAATCGCTTGAAACAGGGAGGCAGAAGTTGCAGTGAGCTAAGATCACACCACTGCACTTCAGTCTGGGCAACAAGAGCGAAACTC","GTGGGTCATGCCCATAATCCCAGTACTCTGGGAGGCCAAGGCGGGCATATCACAAAGTCAGAAGTTGGAGACCAGCCTGACCAACATGGTGAAACCCCGTCTCTACTAAAAATACAAAAATTAGCTGGGCGTGGTAGTGGGCGCCTGTAATCCCAGCTAGTCGGGAAGCAGAGGCAGGAGAATCGCTTGAAACTGGAAGGCAGAGGTTGCGGTGAGCTGAGATCATATCATTGCACTCCAGCCTAGGTGAAAGAGCGAAACTC"
"chr3","23315643","23315951","JH378201","3287246","3287553","43","20028397","GGCCAGGTGCGGTGGCTCACCCCTGTAATTCCAGCACTTTGGGAGGCTGAGGCAGGCAGATCATGAGGTCAGGAGTTCAAGACCAGCCTGGTCAACATGGTGAAACCCTGTCTCTACTAAAAACACAAAAATTAGCCAAGTGTGGTCACAGGCGCCTATAATCCCAGCTACTTGGGAGGCAGAGACAGGAGAATGTCTTGAAACCAGAAGGCAGAGGTTGCAGTGAGCCAAGATTGTACCACTGCACTCCAGCATGGGCAAAAGAGCGAAACTCCATCTCAAAAAAAAAAAAAAAAAAAAAAAAAAAAA","GACCAGGTGCGGTGGCTCACACCTGTAATCCCAGCACTTTGGGAGGCCGAGGTGGGCGAATCACGAAGTCAGGAGTTCGAGACCAGCCTGGCCAACAAAGTAAAACTCTGTCTTTACTAAAAATACAAAAATTAGCCAGCCATGGTAGCGGGCACCTATAATCCCAGCTACTCAGAAGCCTGAGGCAGGAGAACCACTTGAAACCGGAAGGCAGAAGTTGCAGTGAGCCGAGATTGCGCCACTGCACTCCAGCCTGGGCAAAAGAGTGAAACTCCATCTCAAAAAAAAAAAAAAAAAAAAAAAAAAAA"
"chr3","24471550","24471775","JH378151","9531562","9531791","54","14939988","GGCCTGGCACATGGCCCATGCCATATATCCCAGCACTTTGGATGGCTGAGGGGGTGGATCATGGAGGTTGGAGTTCCGAGACAGCCGGCTAACATGGTGAAACCAACCCATCTCTACTAAAAAATACAAAAAAATTAGCCAGGTGTGTGCAGGCACCTTTAATCCAGCTACTTGGGAGGCGAGGCGCAGGAGATCGCTTAAACCAGAGGCAAGAGGTTCAGTGAGC","GGCTGGGCACAGCAGCTCACGGCTGGGATCCCAGCACTTTGAGAGGCCGAGGTGGGTGGATCACGAGGTCAGCAGTTCAAGACCAGCCTGGCCAACATTGTGAAACCCCATCTCTACTAAAAATACAAAAATTTAGCCAGGTGTGGTGGTGGGCACCCATAATCCCAGCTACTCAGGAGGCTGAGGCAGGAGAATGGCTTGAAACCAGAAGGTGGAGGTTGCAGTGAGCC"
"chr3","24670252","24670546","JH378107","46009365","46009670","58","21339113","GGCTGGGCACAGTGGTTCACGCTTGTAATCCCAGCACTTTGGGATGCCGAGGTGGGTGGATTACGAGGTCACGAGTTTGAGACCAGCCTGGCCAACATGGTGAAACCCTGGCTCCACTAGAAATACAAAACTTAGCCGAGTGTGGTGGCGGGCGCCTGTAGTCCCAGCTACTCAGGAAGCTGAGTCAGGAGAAGTGCTTGAAACCAGCAGTGAGCCGAGATTTCACCACTGCACTCCAGCCTGGGCCACAAGAGCGCAACTCCATCTCAAAAAAATAAAATAAAATAAAATAAAA","GGCCGGGCGTGGTGGCTCACGCCTGTAATCCCAGCACTTTGGGAGGCCAAGGCAGGTGGATCACGAGGTCAAGAGGTCGAGACCATCCTGGTCAACATGGTGAAACCCCGTCTCTGCTAAAAATACAAAAATTAGCTGGGCATGGTGGCACGTGCCTGTAATCCCAGCTACTCAGGAGGCTGAGGCAGGAGAATTGCCTGAAACCAGGAGGCGGAGGTTGCGGTGAGCCGAGATTGCGCCATTGCACTCCAGCCTGGGTAACAAGAGCGAAACTCCGTCTCAAAAAAAAAAAAAAAAAAAAAAAAA"
"chr3","25446074","25446388","JH378169","11824133","11824434","46","13621941","GCCGGGCACAGTGCCTCACGCCTGTAATCCCAGCATTTTGGGAGGCCGCGGCTGGCGGATCATGACGTCAGGAGTTCAAGACCAGCCTGGCCAACATGGTGAAACCCCATCTCTACTAAAAATACAAAAATTAGCCAGGCGTCGTGGCAGGCACCTGTAATCCCAGCTACTACATCAGGTAAACTCAGGAGGCTGAGGCAGGAGAATCACTTGAAACCAGAAGGTGGAGGTTGTAGTGAGCTAAGATTGGCCACTGCACTCCAGCCTGGGCAAAAAAGCGAAACTCCATCTCAAAAAAAAAAAAAAAAAAAAAAA","GGCTGGGCACAGTGGCTCAAGCCTGTAATCCCAGCACTTTGGGAGGCCGAGGCTGGCAGATCATGATGTCAGGAGTTCAAGGCCAGCCTGATCAACATGGTGAAACCCTGTCTCTACTAAAAATACAAAAATTAGCCAGGCATGGTGGCAGGTGCCTGTAATCCCAGCTACTCCAGAGGCTGAGGCAGGAGAATTGCTTGAAACCAGAAGGCGAAGGTTGCAGTGAGCTGAGATTGCACCACTGCACTCCAACCTGGGCAAAAGAGCAAAACTCCATCTCAAAAAAAAAAAGAAAAGTAAAA"
"chr3","26077924","26078205","JH378257","294971","295263","53","25782953","CACGCCTTTAATCCCAGCACTTTGGGAGGCCGAGGAGGGCAGATCACAAGGTCAGGAGTTCGAGACCAGCCTGGCAAACATGGTGAAACCCCGTCTCTACTAAAAATATAAACATTAGCTGGGTGTGGTGGCAGGACCCTGTAATCCCAGCTACTGCAGAGCCTGAGGCAGGAGCTTGAAGCCAGAAGGCGGAGGTAGCAGTGAGCCGAGATAGCGTCACTGCAATCCAGCCTGGGCAACAAGAGTGAAATTCCGTCTCACAAAACAAAAACAAAAAAAGAA","ACATCTGTAATCCCAGCACTTTGGGAGGCCGAGGCAGGTGGATCACGAGGTCAAGAGATCGAGACCATCCTGATCAACATGGTGAAACCCCGTCTCTACTAAAAATACAAAATAATTAGCTGGGCATGGTGGCGTGTGCCTGTAATCCCAGCTACTCAGGAGGCTGAGGCAGGAGAATTGCCTGAAACCAGGAGGCGGAGGTTGCAGTGAGCCGAGATCGCGCCATTGCACTCCAGCCTGGGTAACAAGAATGAAACTCTGTCTCAAAAAAAAAAAAAAAAAAAAGAAAGAAA"
"chr3","27872689","27872874","JH378150","16479013","16479192","45","11393676","GGGCACAGTGGCTCACATTTGTAATCCCAGCACTTTGTGAGGCTGAGGTGGGCAATTCACCAGGTCGGGAGCTCAAGACCAGTCTGGCCAATATGGTGAAACCCCGTCTCTACTATAAAAATACAAATAATTAGCCGGGCGTAGTGGCAGGCGCCTGTCCACACTCACTTGGGAGGCCCGAGGCGG","GGCTGGGCACGGTGACTCACGCTTGTAATTCCAGCACTTTGGGAGGCTGAGGCGGGTGGATCACGAGGTCAAGAGATCGAGACCGTCCTGGCCAACATGGTGAAACCCCATCTCTACTAAAAATACAAAAATTAGCCGGGCATGGTGGCAGGTGCCTGTAATCCCAGCTACTTGGGAGGC"
"chr3","27881046","27881325","JH378195","2842417","2842689","63","25038629","GGCCAAGAGAGGTGACTCATGCCTGTGATCCCAGCAGTTTGGGAGGCCAAGGTTGGTGGATCACAAGTAGGTCAGGGGTTAGAGATCAGCGTGGCCAATATGGTGAAACCCCATCTCTACTAAAAATACCAAAAACTTTAGCCGGATGCGGTGATGGGTGCCGGTAATCCTAGCTACTCGGGAGGCTGAGGCAAGAGAATTGAACCTGGAAGGCAGAGGTTGCAGTGAGCCGAGATAGCGCCATTGCACTCCTGCACTCCCGCCTGGACCACAAGAGTGA","GGCCAGCATAGTGGCTCATGCCTGTAATCCTAGCACTTGGGAGGCCAAGGCGGGTGGATCACGAGGTCAGGAGTTTGAGACCAGCCTGGCCAACATGGTGAAACCCTGTCTCTACTAAAAATACAAAAATTAGCCGGGTATGGTGGCGGGTGCTTGTAATCCCAGCTATTTAGGAGGCTGAGGCAGGAGAATTGCTTTAAACCGGAAGGCAGAGGTTGCAGCGAGCCAAGATTGTGCCCCTGCACTCCAGCCTGGGCGACGGAGCGAAACCCC"
"chr3","31208617","31208916","JH378190","1325792","1326096","40","29882825","CCAGGCACGCTGGCTCACGCCTGTAATCTCAGCACTTTGGGAGGCCTAGGCAGGCGGATCATGAGGTCAGGAGTTGGAGACCAGCCTGGCCAACATGGTGAAATCCTGTCTCTACCAAAAAAAAAAATTAGCCAGGCGTGGTGGCGGGCCCTTGTAATCCCAGTTACTTGGGAGGCTGAGGCAGTAGAATTGCTTAAAACTGGAAGGCAGAGGTTGCAGTGAGCCGAGATCATGCCACTGCACTCCAGCCTGGGCAAAAGAGCGAAACTCCATCTCAAAAAAAAAAAAAGTAAAAAAGAA","GCCAGGCACGGTGGCTCACGCCTGTAATCCCAGCATTTTGGGAGGCCGAGGCAGGCGGATCATGAGGTCAGGAGTTCGAGACCAGCCTGGCCAACATGGTGAAACCCTGTCTCCACTAAAAATACAAAAATTAGCTGGCTGTGGTGGTTGGCACCTGTAATCCCAGCTACATGGGAATCTGAGGCAGAAGAATTGCTTGAAACCAGAAGGCAGAGGTTGCAGTGAGCCAAGATCATGCCACTACACTCAAGCCTGGATGAAAGAGTGAAACTCTGTCTCAAAAAAAAAAAAAAAAAAAAAAAAAA"
"chr3","36326933","36327209","JH378201","3474489","3474770","42","32852444","ACGCCTGTAATCCCAGCACTTTGGGAGGCTGAGGCGGGCAGATCACGAGTTCAAGAGATTGAGACCATCCTGGCCAACGTGGTAAAACCCTGTCTCTATTAAAAATATAAAAATTAGCTAGGCATGGTGGCGGGCGCCTATAATCCCAGCTACTCGGGAGGCTGAGGCAGGAGAATCGCTTGAAACCGGGAGGTGGAGGTTGTGGTGAGCAGAGATCGCGCCACTGCACTCCAGCCTGGGCAACAAGTGAAACTCTTATCTCAAAAAAAAAAAAAAA","ATGCCTGTAATCCCAGCACTTTGGAAGGCTGAGGTGGGCAGATCACGAGGTCAGGATTTCCAGACCAGCCTGACCAACATGGTGAAACCCCATCTCTACTAAAAACACAAAAACTAGCTGGGCATGGTGGTGGGCGCCTATAATCCCAGCTACTGAGGAGGCTGAGACAGGAGAATCGCTTGAAACCGGGAGGTGGAGGTTGCAGTGAACTGAGATCATACCACTACATTCCAGCCTGGGCAACAAGAGTGAAACTCTGTCTTATAAAAATAAATAAATAAA"
"chr3","36727683","36727966","JH378148","3009466","3009760","46","33718217","GCGGGGCGTGGTGGCTGACACCTGTAATCCCAGCACTTTGGGAGGCCGAGGTGGGTGGATCAGGAGTTCAAGACCAGCCTGGCCAAGATGGTAAAACCCTGTCTCTACTAAAAATACAAAAATTAGCCGGGCGTCGTGTGGCTGGCTCCTGTAATCCCAGCTACTCGGGAGGCTGAGGCAGGAGAATCGCTTGAAACCGGAACGTGGAGGTTGCAGCGAGCCAAGATGGCACCATTGCAGTCCAGCTGAGCAACAAGAGCAAAACTCCATCTCAAAAAAAAAAA","GGCCAGGTGTGGTGGCTCACGCCTGTAATCCCAGCACTTTGGGAGGCCGAGGCAGGTGGATGATGAGGTCAGGAGTTCGAGACCAGCCTGGCCAAAATGGTGAAACCCTGTCTCTACTAAAAATACAAAAAAATTAGCCAGGCGTGGTGGCATGCGCCTATAATCCCAGCTACTCAGGAGGCTAAGGCAGGAGAATCACTTGAAACCAGAAGGCAGAGGTTGCAGTGAACTGAGATCACGCCACTGCACTCCAGCCTGGGCAACAAGAGCAAAACTCCATCTCAAAAAATAAAAA"
"chr3","38988192","38988484","JH378293","1785914","1786205","46","37202278","GGTTGGGCACAGTGGCTCATGCCTGTAATCCCAGCACTTTGGGAGCCTAAGCTGGGTGGACGCTTGAGGTCAGGAGTTCAAGACCAGTCTGACCAACATGATGAAACCCCATCTCTACAAAAATACAAAACTTATCCGGGTGTGGTGGCGGGTGCCTGTAATCCCATCTACTCAGGAGGCTGAGGCACGAGAATCGCTTGAAACCAGAAGGTGGAGGTTGCAGTGAGCCAAGATCGTGCCACTGCACTCCAGCCTGGGTGACAAGAGTGAAACACCATCTCAAAAAAAAAAAA","GGCTGGGCGCGGTGGCTCAAGCCTGTAATCCCAGCACTTTGGGAGGCTGAGGCGGGTGGATCACAAGGTCAAGAGATCAAGACCATCCTGGTCAACATGGTGAAACCCCGTCTCTACTAAAATAAAAAACATTCACTGGGCATGGTGGCGCGTGCCTGTAATCCCAGCTACTCAGGAGGTTGAGGCAGGAGAATTGCCTGAAACCAGGAGGCGGAGGTTGCGGTGAGCCGAGATCGTGCCATTGCACTCCAGCCTGGGTAACAAGAGCGAAACTCCGTCTCAAAAAAAAGAA"
"chr3","39029754","39030097","JH378118","5727285","5727623","67","33302469","GGCCAGGCATGGTGGCTCATGCCTGTAATCCCAGCACTTTGGGAGGCTGAGGCGAGTGGATCATGAGGTCAGGAGTTTGAGACCAGCCTGACCAACATGGCAAAATCCCGTCTCTACTAAAATACAAAAGTTAGCCGGAAATAGTGGTGGGCACCTGTAATCCCAACTATGGAGGGGGCTGAGGCAGGAGAATCTCTTGAACAGGGAGGTGGAGGTTGCAGTGAGCTGAGATCACGCCACTGCACTCCAGCCTGGGAGACAAGAGCAAAACTCCATCTCAAAAAAAAAAAAAAAAAAAAAAAAAAAAAAGAAAAAGAAAAAAGAAAATAGAAAAGAAAAATAAA","GGCCGGGCATGGTGGCTCACGCCTGTAATCCCAGCACCTTGGGAGGCCAAGGTGGGCAGACCACAAGGTCAGGAGTTTAAGACCAGCCTGGCCAATAGGGCAAAACACTGTTTCTACTAAAAATACAAAAATTAGCTGGATGTGGTGGCAGGCGCCTGTAGTCCCAGCTACTGGGGAGGCTGAGGCAGGAAAATCTATTGAAACTGGAAGGCAGAGGTTGCAGTGAGCCGAGATCCCACCACTGCACTCCAGCCTGGGCAACAGAGCAAGACTCTGTTTCAAAAAAAAAAAAAAAAAAAAAAGTAAGAAAAAGAAATAAAGGAATGGAAGGGGAAGAAA"
"chr3","39266553","39266839","JH378206","2476848","2477135","37","36789705","GGCCGGGCGCGGTGGCTCATGTCTATAATCCCAGCACTTTGGGAGGCCGAGGTGGGGAGGATCACAAAGTCAGGAGTTCGAGATCAGCCTGGCCAAAATGGTTAAACTCGTCTCTACTAAAAATACAAAAATTAGCCAGGTGTGGTGGCAGGCACCTGTAATCCCAGCTACTCGGGAGGCTGAGGCAGGAGAATCGCTTGAAATCAGAAGGTGGATGTTGCAGTGAGCCGAGATCACGCCACTGCACTCCAGTCTGGGCAAAAGAGCGAAACTCCGTCTCAAAAAAA","GGCTGGGTGCAGTGGCTCACGCCTATAATCCCAGCACTTTGGGAGGCCGAGGTGGGTGGATCACAAGGTCAGGAGTTGGAGACCAGCCTGGCCAACATGGTGAAACCTCATCTCTACTAAATATACAAAAATTAGCCGGGTGTGGTGGCAGGTGCCTATAATCTCAACTACTCGGGAGGCTGAGGCAGGAGAATTGCTTGAAACTGGAAAGTGGAGGTTGCAGTAAGCTGAGATTGTGCCACTGCACTCCAGCCTGGACAACAAGAGCAAAACTGCGTCTCAAAAAAA"
"chr3","40134772","40134955","JH378167","11092398","11092586","27","29042374","GGCCGGGCGTGGTGGCTCATGCCTGTAATCCCAGCACTTTGAGAGGCTGAGGCAGGCGGATCACAAGGTCAAGTTCGAGACCAGCCTGGTCAATATGGTGAAACCCTCTCTCTACTAAAAATACAAAAATTAGCTGGGCGTGGTGGTGGGCACCTGCAATCCCAGCTACTCGGGAGGCTGAGGC","GGCCGGGCGTGGTGGCTCATGCCTGTAATCCCAGCACTTTGGGAGGCCGAGGCGGGTGAATCACGAGGTCAAGAGATCGAGACCATCCTGGTCAACATGGTGAAACTCCGTCTCTACTAAAAAAATGCCAAAATTAGCTGAGCATGGTGGCGTGTGCCTGTAATCCCAGCTACTCAGGAGGCTGAGGCA"
"chr3","40541167","40541476","JH378175","386556","386866","41","40154611","GGCCGGGCACGGTGGCTCACTCCTGTAATCCCAGCACTTTGGGAGGCCAAGGCGGGCAGATCATGAGGTCAAGAGATTGAGAGCATCCTGGCCAACATGGTGAAACCCCGCCTCTACTAAAAATACAAAAATTAGCTGGGTGTTGTGGTGGGCGCCTGTAGTCCCAGCTACTCGGGAGGCTGAGGCAGGAGAATCACTTGAAGCCACGAGGTAGAAGGTGCAGTGAGCCGAGATCGCGCCACTGCACTCCAGCCTGAGCAACAAGAGCAAAACTCCATCTCAGAAAAAAGAAAAAAGACAAGAAAAGAAA","GGCCGGGCACGATGGCTCACGTCTGTAATCCCAGCACTTTGGGAGGCCAAGGTGGGTGGATCACGAGGTCAAGAAATCGAAACCATCCTGGTCAACATAGTGAAACCCCGTCTCTACTAAAAATACAAAACATTAGCTGGGCATGGTGGCGCGTGCCTGTAATCCCAGCTACTCGGGAGGCTGAGGCAGGAGAATTGCCTGAAACCAGGAGGCAGAGGTTGCGGTGAGCCGAGATCGCGCCATTGCACTCCAGCCTGGGTAACAAGAGCAAAACTCCGTCTCAAAAAAAAAAAAAAAAAAGAAAAGAAAAA"
"chr3","40657645","40657931","JH378153","2212277","2212560","45","38445368","GGCCGGGCACGGTGGCTCATGCCTGTAATCCCAGCACGTTGGGAGGCTGAGGCGGGTGGATCATGAGGTCAGCAGTTCGAGACCAGCCTGACCAACATGGTAAAAGTCCGTCTCTACCAAAAATACAAAAAAATTAGCTGGGCATGGTGGCGGGCACCTGTAAGCCCAGCGACTTGGGAGGCTGAGGCAGGAGAATCGCTTGAAACCAGAAGGCGGAGGTTGCAGTGAGCCGATATTGCACTACTGCACTCTAGCCTGGGCAATAAGAGCAAAAAAAAAAAAAAAAA","GGCCGGAAGAGGTGGTTCATGCCTATAATCCCAGCACTTTGGGAGGCCGAGGCGGGTGGATCATGAGGTCAGGAGTTCGAGACCAGCTTGGCCAACATGGTGAAACCCCGTCTCTACCAAAAATACAAATATTAGCTGGGCATGGTGGTGGGCACCTGTAACCCCAGCTACTCGGGAGGCTGAGGCAGGAGAATCGCTTGAAACAAGAAGGCAGAGGTTGCAGTGAGCTGAGATCGTGCCACTGCACTTTAGCCTGGACGAGAAAGCAAAACTTCTGTCTCCAA"
"chr3","40753014","40753091","JH378167","12007782","12007858","13","28745232","CGATGGCTCACACATGTAATCCCAGCACTTCAGGAGAAGAAATGGTTGGGATTATGTGTTTGAACCGCCCGGCCAACA","GATGGCTCACGCATGTAATCCCAGTACTTTGGGAGAAGACGCTGCTGGGATTATGTGTTTGAACCACTGGGCCAACA"
"chr3","41962576","41962884","JH378174","11112447","11112756","48","30850129","GGCCGGATGCGGTGGCTTACGCCTGTAATCCCAGCACTTTAGGAGGCCGAGGCAGGTGGATCACGAGGTCAGGAGTTCAAGACCAAGCTGGCCATCATGGTGAAACCCCGTCTCTACTAAAAATACAAAAATTAGCTGGGCGTGGTGGCGGGCACCTGTAATCCCAGCTATTTGGGAGGCTGAGGCAAGAAAATCGCTTGAAACTGGAAGGCGGAGGTTTCCGTGAGTGGAGATTGAGCCACTGCACTCCAGCCTGGGCGAAAGAGCGAAACTCTGTCTCAAAACGAAAATTTTTTTAAAAAAACAAAA","GGCCGGACGCGGTGGCTCATGCCTGTAATCCCAGCACTTTGGGAGGCCGAGGCGGGTGGATCACGAGGTCAAGAGATCGAGACCATCCTGGTCAACATGGTGAAACCCCGTCTCTACTAAAAATACAAAAATTAGCTGGGCATGGTGGCGTGTGCCTGTAATCCCAGCTACTCAGGAGGCTGAGGCAGGAGAATTGCCTGAAACCAGGAGGCGGAGGTTGCGGTGAGCCGAGATCGCTCCATTGCACTCCAGCCTGGGTAATGAGAGCGAAACTCCGTCTCAAAAAAAAATAAATAAATAAAAAATAAAA"
"chr3","42245890","42246062","JH378293","1016027","1016200","31","41229863","GTGGCTCACACCTGTAATCCCAGCACTTTGGGGGGCCGAGGCTGGAGAATCATGAGGTCAGGAGTTCGAGACCAACCTGGCCAACATGGAGAAACCCCGTCTCTACTGAAAATACAAAAAGTAGCCGGGTATAGTGGCAGGTGCCTGTAATCCCAGCTACTTGGGAGGCTGAG","TGGCTCACACCTGTAATCCCAGCACTTTGGGAGGCCGAGGCGGGTGGATCATGAGGTCAGGAGATCGAGACCATCCTGGCCAACATAGTGAAACCCATCTCTATTAAAAAAAAAAAAGAAGAGTCCGGGCTCGGTGGCTCAAGCCTGTAATCCCAGCACTTTGGGAGGCCGAGG"
"chr3","42308612","42308932","JH378116","27615727","27616051","49","14692885","CTGGGTGTGGTGGCTCACGCCTGTAATCCCAGCACTTTGGAAGGCCGAGGCAGGCGGATCACAATGTCAGGAGTTCGAGACCAGCCTACCCAACATGGCGAAACCCCATCTCTACTAAAAATACAAAAAATTAGCCAGGCGTGGTGGCAGGCACCTGTAATCCCAGCTACTTGGGAGGCTGAAGCAGGAGAATCACTTGAACTCAGGAGGCGGAGGTTGCAGTGAGCCGAGATCGCGCCACTGCACTCCAGCCTGGGCAACAAGAGCAGAACTCCATCTCATAAATAAATAAATAAATAAATAAATAAATAAATAAATAAA","GGCCGGGCGCGGTGGCTCAAGCCTGTAATCCCAGCACTTTGGGAGGCGAGGCGGGGGGATCACGAGGTCAACAGATCGAGACCATCCTGGTCAACATGGTGAAACCCTGTCTCTACTAAAAATACAAAAAATTAGCTGGGCATGGTGGCGTGTGCCTGTAATCCCAGCTACTCAGGAGGCTGAGGCAGGAGAATTGCCTGAAACCAAGAGGCGGAGGTTGCGGTGAGCCAAGATCGCGCCATTGCACTCCAGCCTGGGTAACAAGAGCGAAACTCCTTCCCAAAATAAATAAATAAATAAATAAATAAATAAATAAATAAATAAA"
"chr3","42343212","42343402","JH378115","31351021","31351219","32","10992191","GGCCAGGCGTGGTGGCTCACGGCTGTGATCCCAGCACTTTGGGAGGCCAAGGTGGGCGGATCACGCAGTTCCAGACCAGCCTGGCCAACATGGTGAAACCCCGTCTCTACTAAAAATACAAAAATTAGCTGGGTGTGGTGGGGGGCTCCTGTAATCCCAGCTACTCAGGAAGCTGAGGCAGGAGAATCACT","GGCCAGGTGCAGTGGCTCACACCTGTAATCCCAGCACTTTGGGATGCCAAGGTGGGCAGATCATGAGGTCAGAAGTTCAAGACCAGCCTGGCCAACATAGTGAAACCCAGTCTCTACTACAAATACAAAAAATAGCCGGGTGTGGTGGCAGGCACCTGTAATCCCAGCTACTTGGGAGGCTGAGGCAGGAGAACTGCTT"
"chr3","44221432","44221733","JH378321","537646","537948","49","43683786","GGCCGGGTGTGGTGGCTCAGCCTGTAATCCCAGCGCTCTGGGAGGCCGAGGCGGGTGGATCATGAGGTCAGGAGTTCAAGACAAGCCTGGCCAACACGGTGAAACCCTGTCTCTACTAAAAATACAAAAATTAGCCAGGCGTGGTGACGGACACCTGTAATCCCAGCTACTCGGGAGCCTGAGGCAGGAGAATCACTTGAAAACAGAAGGCAGAGGTTGCAGCGAGCCGAGATGGCGCCACTCCAGCCTGGGCGATAGAATGAAACTCTGTCTCAAAAAGCAAACAAACAAACGAACAAAAA","GGCCAGGTGTGGTGGCTCACACCTGTAATCCCAGCATTTTGGGAGGCCAAGGCGGGTGGATCATGATATCAGGAGTTCAAGACCAGCCTGGCCAACATGGTGAAACCCTGTCTGTACTAAAAATACACAAATTAGCCAGGCGTGGTGGTGACTGCCTGTAATCCTAGTTACTTGGGAGGCTGAGGCAGGAGAATCGCTTGAAACCAGAAGGCAGAGGTTTCAGTGAGCCAACACCTTACCACTGCACTCCAGCCTGGGCAACAAGAGTGAAACTCTTGTCTCAGAAAAAAAAAAAAAAAAAAA"
"chr3","44388577","44388774","JH378184","7337357","7337550","33","37051220","GGCCGGGTGCAATGGCTCATGCCTGTAATTCCAGCACTTTGGGAGACCGAGGCAGGTGGATCACTAGGTCAGGAGTTCAAGACCAGCTTCACCAACATGGTGAAACCCCATCTCTACTAAAAATACAAAAATTAGCTTGACATGGTGGCGGGCACCTCTAATCTCAGCCACTCGGGAGGCTGAGGCAAGAGAATCTCT","GCCAGATGCAGTGGCTTACTCCTGTAATCCCAGCACTTTGTGAGGCTGAGGTGGGCGGATCATGAGGTCAGGAGTTCGAGACCAGCCTAGCCAACATGGTAAAACCCCATCTCTACTAAAAATACAAAAATTAGCTGGGCGTGGTGGTGGGCGCCTATAATCCCAGCTACTCGGGAGGCTGAGGCAGGAGAATC"
"chr3","45267860","45268188","JH378131","22567728","22568021","108","22700132","CTGGGCGTGCGGTGCTCAACAGCCTGTACAATAACACACAAGCACTTTGAGAAGCCCAGGTAAGAGGGATCAACCGTGAGCGTACAGAAGATATGAAGACCCAGCCCCTGGCCAACATGGTTGAAAACAGTTCTCTACTAAATAACAAATAACAGCGGAGGCGGCGGCTTAAATAACACACAGTACAGTCCAGGACCGGCTGGAGATGAGGAGGAATCCCCTTGCAGCTGAGAAGACAGAGTTACAGCGAGCCGGATGGCCCGGCCACTAAAGCACACCCAGCCTGACAAACAAGAGTGAAAAACTAGTGTTCAAAAAAAGAAGTAAAA","CCGGGCATGGTGGCTCACACCTGTAATCCCAGCACTTTGGGAAGCCAAGACGGGCTGATCACGAGGTCAGGAGTTCAAGACCAGCCTGGCCAACATGGTGAAACCTCGTCTCTACTAAAAATGCAAAAAAATTAGCCGGACGTTGTGGCGGGCACCTGTAATCCCAGCTACTCAGGAGGCTGAGACAGGAGAATTGCTTGAAACCAGAAGGCAGAGGTTAAAGTGAGCCAAGTTCATGTCACTGCACTCCAGCCTGGGCAAAAGATAGAAACTCTGTCTCAAAAAAAAAAAAAA"
"chr3","47744440","47744704","JH378156","123757","124013","53","47620683","CTGAGGTGGGTGGATCAAAAGGTCAGAAGTTTGAGACCAGCCTGGCCAATATGGTGAAACCCCATCTCTACTAAAAATACAAAAATTAACCAGGCGTCGTGGTGGGTACCTGTAATTCCAGTTACTCGGGAGGTTGAGGCAGGAGAATCGCTTGAAACTGGAAGGCGGAGGTTGCAGTGAGCTGATATCGGGCCACTGCACTCCAGCCTGGGAAACAAGAGTAAAACTTCATCTCAAAAAAAAAAAAAAAAAAAGAAAGAAAGAA","GGATCACGAGGTCAAGAGATGGAGACCATCCTGGTCAACACGGTGAAACCCCGTTTCTACTAAAAAATACAAAAAAATTAGCTGGGCATGGTGGCGCGTGCCTGTAATCCCAGCTACTCAGGAGGCTGAGGCAGGAGAATCGCTTCAAACTGGAAGGCAGAGGTTGCAGTGAGCCAAGATCGTGCCACTGCACTCCAGCCTGGGCAACAAGAATGAAACTCCATCTCAAAAAAAAACAAAAACAAAAACAAAAAAAA"
"chr3","48026025","48026317","JH378110","29978642","29978937","39","18047383","GGCCTGGCATGGTGGCTCATGCCTGTAATCCCAGCACTTTGAGAGGCTGAGGCAGGCAGATCACAAGGTCAGGAGTTCGAGACCAGCCTGGCCAACATGATGAAACCATGTCTCTACTAAAAATACAAAAATTAGCCAGGCGTGCTGGTGGGTGCCTGTAATCCCAGCCACTCAGGAGGCTGAGGCAGGAGAATTGCTTGAAACTGGAAGGTGGAGGTTGCAGTGAGCCAAGATTGCGCCACTGCACTCCAGCCTGGGCAACAAGAGTGAAACTCCATCTAAAAAATAATAAA","GGCCGGGCCTGGTGGCTCATGCCCATAATTCTAGCACTTTGGGAGACTGAGGTGGGCAGATCACGAGGTCAGGAGTTCGAGATCAGCCTGACCAACATGGTGAAACCTTGTCTCTACTAAAAATATAAAAATTAGCTGGGTGTGGTGGTGGGTGCCTGTAATCCCTGCTACTCAGGAGGCTGAGGCAGAAGAATCACTTGAAACCGGAAGGCAGAGGTTGCAGTGAGCCGAGATTATGCCACTGCACTCCAGCCTGGTCAACAAGAGTAAAACTCCATCAAAAGGGAAAAAAAAAA"
"chr3","48665330","48665627","JH378249","3737189","3737485","39","44928141","GGCCAGGCACAGTGGCTCACGTCTGTAATCCCAGAACTTTGGGAGGCTGACGCAGGCAGATCACGAGGTCAGGAGTTCGAGACCAGCCTGGTCAACATGGTGAAACCCTGTCTCTACTAAAAATACAAAAATTAGCCAGGCGTGATGGCAGGCACCTGTAATCCCAGCTCCTCGGGAGGCTGAGGGAGGAGAATTGCTTGAAACCAAAAGGCAGAGGTCGCAGTGAGCCAAGATCGCACCGCTACACTCCAGCCTGGGTGAAAGAATGAAACTCTGTCTCAAAAAAAAGAAAAAAAAA","GGCCAGGCACGGTGGCTCACGCCTGTAATCCTAGCACTTGGGGGACTGAGGCAGGCAGATCACGAGTTCAGGAGTTCAAGACCAGCCTGGCCAATATGGTGACACCCTGTCTTTACTAAAAATACAAAAATTAGCTGGGCATGGTGGCAGGCACCTGTAGTCCCAGCTACTCAGGAGGCTGAAGCAGAAGAATCACTTGAAACTGAAAGGCAGAGGTTGCAGTGAGCCGAGATCACACCACTGTACTCCAGCCTGGGCAAAAGAATGAAACTCCGTCTCAAAAAAAAAAAAAAAAGA"
"chr3","48996038","48996346","JH378162","23612","23922","42","48972426","GGCCGGGTGCGGTGGCTCATGCCTGTAATCACAGCACTTTGGGAGACTGAGGTGGGCAGATCATGAGGTCAGGAGCTGGAGACCATTCTGGTCAACATGGAGAAACCCCGTCTCTACTAAAAATACAAAAATTAGCTGGGCGTGGTGGTAGGCACCTGTAATCCCAGCTACTCAGGAGGCTGAGACAAGAGAATTGCTTGAAACTGGAAGATAGAGGTTGCAGTGAGCCAAGATGGTGCCACTGTACTCCAGCCTGGGCAAAAGAGTGAAACTCCATCTCAAAAAAAAAAAAAAAAAGAAAAAAGAAAA","GGCAGGGCACGGTGGCTCAAGCCTGTAATCCCAGCACTTTGGGAGGCTGAGGCGGGTGGATCACGAGGTCAAGAGATCGAGACCATCCTGGTCAACATGGTGAAACCCCGTCTCTACTAAAAATACAAAAAATTAGCTGGGCATGGTGGCGCATGCCTGTAATCCCAGCTACTCAGGAGGCTGAGGCAGGAGAATTGCCTGAAACTAGAGGTGGAGGCTGCAGTGAGCCGAGATCGTGCTATTGCACTCCAGCCTGGGTAAAAAGAGCAAAACCCCGTCTCAAAAAAAAAAAAAAAAAAGAAAAAAGAAAA"
"chr3","49494853","49495161","JH378114","37512577","37512883","46","11982276","GGCTGGGCGTGGTGGCTCATGCCTGTAATCCCAGTACTTTGGGAGTCCGAGGTGGACGGGTCACAACAAGGTCAGGAGTTTGAGCCCAGCCTGGCTAACATAGTGAAACCCTGTCTCTACTAAAAATACAAAAATTAGCTGGGTGTGGTGGTGGGCACCTGTAATCCCAGCTACTGGGAGGCTGAGGCAGGAGAATCACTTGAAACTCGAAGGTAGAGGGTGCAGTGAGCCGAGATCACACCACTGCACTCCAGCCTGGGGAACAAGAGTGAAACTCCGTCTCAAAAAAAAATAAAAATAAAAATAAAA","GCCGGACATGGTGGCTCATGCCTGTAATCCCAGCACTTTGGGAGGCCAAAGTGGGTGGGTCTATGAGGTCAGGAGTTTGAGACCAGCCTGGCCAACATAGTGAAAGTCTGTCTCTACTAAAAATACAAAAATTAGCTGGGTGTGGTGGTAGGTGCCTGTAATCCCAGCTTCTTGGAAGGCTGAGGCAGGAGAATCACTTGAAACTGGAAGGCGGAAGTTGCAGTGAGCTGAGATCATGCCACTGCACTCCATCCTGGCCAACAAGAGTGAAATTCTGTCTCTAAATAAATAAATAAATAAGAAAATA"
"chr3","50311484","50311766","JH378137","17916762","17917051","43","32394722","GGCTGGGCATGGTGGCTCACGCCTGTAATCCCAGTACTTTCAGAGGCCGAGGCAGGCAGATCACGAGGTCAGGAGGTCAAGACCAGGCTGGCCAACATGGTGAAACCCTGTCTCTACTAAAAATACAAAAATTAGTCGGGTGTGGTGGCGGGTGCCTGTAATCCCAGCTACTCGGGAAGCTGAGGCAGGAGAATCGCTTGAAACTGGAAGGCAGAGGTTGCAGTGAGCCGAGCTCCCACCACTGCACTCCAGCCTGGGTGAAAGACCGTTTCCAAAAAAAAAA","GGCTGCGCGCAGTGGCTCACTCCTGTAATCCCAGAACTTCGAGAGGCCAAGGTGGGCAGATCACAAAGTCAGGAGTTCAAGACCAGCCTGGCCAACATGGTGAAACCCCGTCTCTGCTAAAAATACAAAAATTAGCTGGGTGTGGTGGCAGGCACCAGTAATCCCAGCTACTTGGGAGGCTAAGGCAGGAGAATCGCTTGAAACTGGAAGGCGGAGGTTGCAGTGAGCCAAGATCGCGCCACTGCACTCCAGCCTGGGTGAGAGTGAAACTCCATCTAGAAAAATAAAAA"
"chr3","55196880","55197187","JH378106","70219640","70219948","52","15022760","GGCTGGGTGTGGTGGCTCATGCCTGTAATCCCAGCACTTTGGGAGGCCAAGGCAGGCAGATTACAAGGTCAGGAGTTCTAGACCAGCCTGGCCAATGTGACGAAACCCCGTCTCTACTAAAAATACAAAACTTAGCCAGCATGGTGGCGTGTGCCTGCAATCCCAGCTACTTGGGAGGCTGAGATACCAGAATGGTTTGAACTGGGAGGCAGATATTGCAGTGAGCTGAGATCATGCCACTGCACTCCAACCTGGGCAATAAGGGCGAAACTCCGTCTCAAAAAAAAAATAAAGAAATAATAAATAAA","GGCTGGGTGAGGTGGCTCATGCCTGTAATCCCAGCACTTTGGGAGGCCAACGCAAGCAGATCACAAGGTCAGGAGTTCAAGACCAGCATGGCCAACATGGTGAAACCCCATCCCTACTAAAAATAACAAAAATTAGCTGGGCATGGTGGGAGCCGCCTGTAATACCAGCTACTCGGGAGGCTGAGGCAGGAGAATCGCTTGAAACTGGAAGGCAGAGGTTGCAGTGAGCCAAGATTGTGCCACTGCACTCCAGCCTGGGTGACAGAGCAAAGTTCCATCTCAAAATAAAAATAAAAATAAATAAATAAA"
"chr3","57563218","57563521","JH378107","46009365","46009670","39","11553853","CCGGGCATGGTGGCTCACACCTGTAATCCCAGCACTTTGGGAGGCCAAGGTGGGTGGATCACAAGGTCAGGAGTTTGAGATAAGCCTGGCCAACATGGTGAAACCCCATCCCTACTAAAAATACAAAAATTAGCTGGGCGTAGTGGCAGATGCCTGTAATCCCAGCTACTTGGGAGGCTGAGGCAGGAGAATCACTTGAAACCAGAAGGCAGAGATTGCAGTGAGCTGAGATTGTGCCACTGCACTCCAGCCTGGGCGAAAGAGTGAAACTCCATCTCAAAAAAAAAAAAAAAAAAAAAAAGAA","GGCCGGGCGTGGTGGCTCACGCCTGTAATCCCAGCACTTTGGGAGGCCAAGGCAGGTGGATCACGAGGTCAAGAGGTCGAGACCATCCTGGTCAACATGGTGAAACCCCGTCTCTGCTAAAAATACAAAAATTAGCTGGGCATGGTGGCACGTGCCTGTAATCCCAGCTACTCAGGAGGCTGAGGCAGGAGAATTGCCTGAAACCAGGAGGCGGAGGTTGCGGTGAGCCGAGATTGCGCCATTGCACTCCAGCCTGGGTAACAAGAGCGAAACTCCGTCTCAAAAAAAAAAAAAAAAAAAAAAAAA"
"chr3","58757341","58757650","JH378107","46009365","46009670","43","12747976","GGCCGGGTGCGGTGCCTCACGCCTGTAATCCCAGCACTTTGGGAGGCTGAGGCCAGTGGATCACAAGGTCAGGAGTTCGAGACCAGTCTGGCCAACATGGTGAAATCCCATCTCTGCTGAAAATACAAAAATTATCCAGGCGTGGTGGTGTGTGCCTGTAATCCCAGCTGCTCAGGAGGCTGAGGCAGGAGAATCGCTTGAAACCAGAAAGTGGAGTTTGTAGTTAGCCGAGATTGCGCCACTGCACTCCAGGCTGGCAACAAGAGCGAAACTCCATCTCAAAAAAAAAAAAACAAAAAAAAAAAAGAAA","GGCCGGGCGTGGTGGCTCACGCCTGTAATCCCAGCACTTTGGGAGGCCAAGGCAGGTGGATCACGAGGTCAAGAGGTCGAGACCATCCTGGTCAACATGGTGAAACCCCGTCTCTGCTAAAAATACAAAAATTAGCTGGGCATGGTGGCACGTGCCTGTAATCCCAGCTACTCAGGAGGCTGAGGCAGGAGAATTGCCTGAAACCAGGAGGCGGAGGTTGCGGTGAGCCGAGATTGCGCCATTGCACTCCAGCCTGGGTAACAAGAGCGAAACTCCGTCTCAAAAAAAAAAAAAAAAAAAAAAAAA"
"chr3","64125654","64125966","JH378116","13794467","13794778","46","50331187","GCCGGGCGCAGTGGCTCACACCTGTAATCCCAGCACTTTGGGAGGCCAAGGTGGGTAGACTACAAGGTCAGTTCGAGACCAGCCTGGCCAACATGGTGAAACCCCTCTTCTTCTAAAAATACAAAAAAATTATCTGGGCGTGGTGGCGGGTGCCTGTAATCCCAGCTACTCGGGAGGCTGAGGCAGGGGAATCGCTTGAAACAGGAAGGCAGAGGTTGCAGTGAGCCGAGATCGTGCCACTGCACTCAAGCCTGGGTAAAAGAGCAAAACTCTGTCTCAAACAAACAAACAAACAAACACACAACAAAAAAAA","GCCGGGCGCGGTGGCTCAAGCCTGTAATCCCAGCACTTTGGGAGGCCGAGGTGGGTGGATCACTAGGTCAAGAAATCGAGACCATCCCGGTCAACATAGTGAAACCCCGTCTCTACTAAAAATACAAAAAAATTAGCTGGGCATGGTGGCGCGTGCCTGTAATCCCAGCTACTCAGGAGGCTGAGGCAGGAGAATTGCCTGAAACCAGGAGGCGGAGGTTGCGGTGAGCCGAGATTGCGCCATTGCACTCCAGCCTGGGTAACAAGAGCGAAACTCCGCCTCAAAAAAAAAAAAAAAAAAACAAAAACAAAA"
"chr3","65542158","65542458","JH378107","46009365","46009670","40","19532793","GGCCGGGCACGGTGGCTCACGCCTGTAATCCCAGGACTTTGGAAGGCCGAGGCTGGTAGATCATGAGGTCAGGAGTTTGAGGCCAGCCTGGCCAACATGGTGAAACCCCGTCTCTACTAAAAATACAAAAATTAGCTGGGCGTGGTGGTGGGTGCCTGTAATCCCAGCTGCTCAGGAGGCTGAGGCAGGAGAATCGCTTGAAACTGGAAGGTGGTTGCAGTGAGCCAAAATTGCACCATTGCACACCAACCTGGGTGACAAGAGTGAACTCCGTCTCAAGAGAAAAAAAAAAAAAAAAAAA","GGCCGGGCGTGGTGGCTCACGCCTGTAATCCCAGCACTTTGGGAGGCCAAGGCAGGTGGATCACGAGGTCAAGAGGTCGAGACCATCCTGGTCAACATGGTGAAACCCCGTCTCTGCTAAAAATACAAAAATTAGCTGGGCATGGTGGCACGTGCCTGTAATCCCAGCTACTCAGGAGGCTGAGGCAGGAGAATTGCCTGAAACCAGGAGGCGGAGGTTGCGGTGAGCCGAGATTGCGCCATTGCACTCCAGCCTGGGTAACAAGAGCGAAACTCCGTCTCAAAAAAAAAAAAAAAAAAAAAAAAA"
"chr3","70227039","70227345","JH378107","46009365","46009670","44","24217674","GCCGGGCGCATTGGCTTACGCCTGCAATCCCAGCACTTTGGGAGGCCAAGGCAGGCGGATCACAAGGTCAGGAGTTTGAGACCAGCCTGGCCAACACAGTGAAACTCCCATCATTACTAAAAATACAAAAATTAGCCGGGCGTAGTGGCAGGCGTCTGTAATCCCAGTTACTCAGGAGGCTGAGGCAGGAGAATCGCTTGAAACCGGGCGGCGGAGGTCACAGTGAGCGGAGATCGTACCACTGCACTCCAGCCTGGGCAACAAGAGTGAAACTCCGTCTCAAAAAAAATAAAAAATAAAAAATAAA","GGCCGGGCGTGGTGGCTCACGCCTGTAATCCCAGCACTTTGGGAGGCCAAGGCAGGTGGATCACGAGGTCAAGAGGTCGAGACCATCCTGGTCAACATGGTGAAACCCCGTCTCTGCTAAAAATACAAAAATTAGCTGGGCATGGTGGCACGTGCCTGTAATCCCAGCTACTCAGGAGGCTGAGGCAGGAGAATTGCCTGAAACCAGGAGGCGGAGGTTGCGGTGAGCCGAGATTGCGCCATTGCACTCCAGCCTGGGTAACAAGAGCGAAACTCCGTCTCAAAAAAAAAAAAAAAAAAAAAAAAA"
"chr3","71372351","71372645","JH378197","3767028","3767327","42","67605323","GGGCGTGGTGGTTCATGCCTGTAATGCCAGCACTTTGGGAAGCTGAGGTGGGCAGATCACGAGGTCAGGAGTTCGAGACCAGCCTGGCCAACATGCTGAAACCCTGTCTCTACCAAAAATACAAAAATTAGCCAGGCGTGATGGTGGATGCCTGTAATCCTAGCTACACAGGAGGCTGAAGCAGGAGAATCACTTGAAACCAGAAGGCGGAAGTTGCAGTGAGCTGAGACTGGGCCACTGCACTCCAGCCTGGGCAAAAGACGGAAACTCCATCTCAAAAAAAAAAAAAAAAGAA","GGCCAGGCGCAGTGGTTCACGCCTGTAATCCCAGCACTCTGGGAGGCCAAGGTGGGCAGATCATGAGGTCAGGAGTTCGAGACCAGCCTGGCCAACATGATGAAACACTGTCTGTACTAAAAATACAAAAATTAGCCAGGCGTAATGGTGGGTACCTGTAATCCTAGCTACTCAGGAGGCTGAGTCAGAAGAATCACTTGAAACTGGAAGGTAGAGTTTGCAGTGAGACGAGATTGTGCCATTGCACTCCAGCCTGGGGAACAAGAGTGAAACTCTGTCTCAAAAAAAAAAAAAAAAAAA"
"chr3","71497890","71498187","JH378127","10024758","10025055","37","61473132","GGCCAGGCGCTGTGGCTCAAGCCTGCAATCCCAGCACTTTGGGAGGCTGAGGTGGGTGGGTCACGAGGTCAGGAGTTCGAAAGCAGCCTGGGCAACATGGTGAAACCCGGTCTCTAATGAAAATACAAAAAAATTAGCCGGGCGTGGTGACGGGTGCCTGTAATCCCAGCTACTCAGGAGGCTGAGCAGGAGAATCGCTTGAAATTGGAAGGTAGAGGTTGCAGTGAGCGAGATCGCGCCACTGCACTCCAGCCTGGGCAGCAAGAGCGAAACTCTGTCTCAAGAAAAAAAAAAAAAA","GGCCGGGCGCGGTGGCTCAAGCCTGTAATCCCAGCACTTTGGGAGGCCGAGGCGGGTGGATCACGAGGTCAAGAGATCGAGACCATCCTGGTCAACATGGTGAAACCCCGTCTCTACTAAAAATACAAAAAATTAGCTGGGCATGGTGGCGTGTGCCTGTAATCCCAGCTACTCAGGAGGCTGAGGCAGGAGAATTGCCTGAGACCAGGAGGCGGAGGTTGCAGTGAGCCGAGATCGCGCCATTGCACTCCAGCCTGGATAACAAGAGCGAAACTCCGTCTCAAAAAAAAAAAAAAAA"
"chr3","72014813","72015136","JH378227","1195635","1195952","60","70819178","GGCTGGGTGCCGTGGCTCACACCTGTAATCCCAGCACTTTGGGAGGCCGAGTGGGCAGATCACAAGATCAGGAGTTCGAGACCAGCCTAGCCAACATGGTGAAACCCTGTCTCTACTAAAACAAAAAACAAAACAAACAAACAAACAAAAACAAAGTTAGCTGAGCCTGGTGGCACGCACCTGTAATCCCAGCTACTTGGGAGGCTGAGGCAGGAGAATTACTTGGAATCAGGAGGTGGAGGTTTCAGTGAGCCGAGATCATGCCATTCCACTCTAGCCTGGGCAAAAAGAGCACAACTCCATCAAAAAAGTAAATAAATAAAA","GGCCGGGCGCAGTGGCTCACGCCTGCAATCCCAGCACTTTGGAAGGCAGAGACGGGTGGATCACGAGGTCAAGAGATCGAGACCATCCTGGTCAACATGGTGAAACCCCGTCTCTACTAAAAATAAAAAAAAAATAAAAAATAAAAAAAATTAGCTGGGCATGGTGGCGCGTCCCTGTAATCCCAGCTACTCAGGAGGCTGAGGCAGGAGAATTGCCTGAAACCAGGAGGCGGAGGTTGCGGTGAGCCGAGATCATGCCATTGCACTCCAACCTGGGTAACAAGAGTGAAACTCAGTCTCAAAAAAAAAAAAAAAGAA"
"chr3","72202210","72202487","JH378195","2842417","2842689","39","69359793","GGTCAGACGCAGTAGCTCATGCCTGTAATCCCAGCACTTTGGGAGGCCGAGGCAGGTGGATCACGAAGTCAGGAGTTTGAGACCAGCCTGGCCCACATGGTGAAACTCCATCTGTACTAAAAATACAAAAATTAGCCAGGCGTGGTGGCAGGTGCCTGTAATCCCACCTACTCAGGAGGCTGAGGCAGGAGAATCACTTGAAACCAGAAGGCAGAGGTTGCAGTGAGCCGAGATCATGCCACTGCACTCCAGCCTGGGCAACAAGAGTGAAACTCCGT","GGCCAGCATAGTGGCTCATGCCTGTAATCCTAGCACTTGGGAGGCCAAGGCGGGTGGATCACGAGGTCAGGAGTTTGAGACCAGCCTGGCCAACATGGTGAAACCCTGTCTCTACTAAAAATACAAAAATTAGCCGGGTATGGTGGCGGGTGCTTGTAATCCCAGCTATTTAGGAGGCTGAGGCAGGAGAATTGCTTTAAACCGGAAGGCAGAGGTTGCAGCGAGCCAAGATTGTGCCCCTGCACTCCAGCCTGGGCGACGGAGCGAAACCCC"
"chr3","75173309","75173591","JH378186","1285634","1285922","41","73887675","CAGTGGCTCATGCCTGTAATCCCAGCAGTTTGGGAGACCGAGGCGGGTGGATCACGAGGTCAGCGGTTCGAGACCAGCCTGACCAACATGGTGAAACCCCATCTCTACTAAAAATACAAAAATTAGCTGGGTGTGGTGGCAGGCACCTGTAATCCCAGCTACTTGGGAGGCTGAGGCAGGAGAATTGCTTGAAACCGAAAGGCAGAGGTTGCAGTGAGCCAAGATCACACCACTGCACTCTAGCCTAGGCAGCAAGAGCAAAACCCTGTTTCAAAAAATAAAA","CCAGGCGCAGTGACTCACGCCTGTAATTCCAGCACTTTGGGAGGCCGAGGCAGGTGGATCATGAAGTCAAAACTTCGAGACCAGCCTGGCCAACATGGTGAAACCCCAACTCTACTAAAAATACAAAAATTAGCTGGGCATGGTAGTGGGCACCTATAATCCCAGTTACTTGGGAGGCTGAGGTAGGAGAATCACTTGAAACCAGAAGATAGAGGTTGCAGTGAGCCAAGATCACACCACTGCACTCCAGCCCAGGCAACAAGAGCAAAACTCTGTCTCAAAAAAAAAA"
"chr3","75343159","75343453","JH378206","6968121","6968417","39","68375038","GGCCAGGCGCAGTGGCTCACACCTGTAATCCCAGCACTTTGGGAGGCCAAGGTGGGTGGATCACGAGGTCAGGAGTTCGAGACCAGCCTGGCCAACATAGTGAAACTCCATCTCTACTAAAAATACAAAAATTAGCTGGGCATGGTGGCAGGCGCCTGTGCTGCCAGCTACTCAGGAGGCTGAGGCAGGAGAATCACTTGAAATCGGAAGGCAGAGACTGCAGTGAGCCAAGATCATACCACTGCACTCCAGCCTGGGTGACAAGACCGAAACCCCATCTCAAAAAAAAAAAAAA","GGCCAGGCGTGATGGCGCACACCTGTAATCCCAGCACTTTGGGAGGCCAAGGCAGGTGGATCACGAGGTCAGGAGTTCAAGACCAGCCTGGCCAACATGGTGAAACCCTGTCTCTACTAAAATTACAAAAATTAGCTGGGCGTGGTGGCAGGAGCCTGTAATCCCAGCTACTTGGGAGGCTGAGGCAGGAGAATCTCTTGAAATGGTAAGGCGAAGGTTACAGTGAGCCAAGATCACGCCATTGCACTCTAGCTTGGGTGAAAGAGCGAAACTCCGTCTCAAAAAAAAAGAAAAGAA"
"chr3","76075048","76075311","JH378139","4978818","4979087","46","71096230","CGCCTGTAATCCCAGCACTTTGGGAGGCTGAGGTGGGTGGATCATGAGGTCAGGAGTTAAAGACCAGCCCGGCCAACATGGTGAAACCCCGTCTCTACTAAAAATACAAAAATTATCCGGGTGTGGTGGTGGGCACCTGTAATCCCAGCCCTCAGGAGGCTGAGGCAGAGAATTGCTTGAACCCAGAAGGGAGAGGTTGCAGTGAGCTGAGATCACATCACTGCATTCCGGGCTGGGCAACAAGAGCGAAACTCTGTCTCAAAA","CACACCTGTAATCCCAGCACTTTGGGAGATGAAGGTGGGCGGATCACGAGGTCAGGAGTTCAAGACCAGCTTGGCCAACATGGTGAAACTCCATCTCTACTAAAAATACAAAAATTAGCCAGGCATGGTGGCAGGTGCCTGTAATTCCAGCTCCTTGGGAGGCTGAGACAGGAGAATCTCTTGAAACCAGAAGGCGGAGGTTGCTGTGAGCTGAGATCGCGCCACTCACTCCAGCCTGGGCAAAAGAGCAAAACTCTGTCTCAAAGAAAA"
"chr3","76946908","76947114","JH378120","1816911","1817119","64","75129997","TTGGGAGGCCGAGGCAGGTAGATCACGAGGTCAGGAGTTTCAGACAAGCCTGACCAACATGGTAAAACCCCGTCTCTACTAAAAATACAAAAATTAGCTGAGTGTGGTGGTGTGAGCCTGTAATCCCAGCTACTCAGGAGGCTGAGGCAGGAGAATCGCTTGAAATCGGAAGGGAGAAGTTGCAGTGAGCCAAGATCGCATCACTGC","TGTAATCCTAGCACTTCGGGAGGCCAAGGCAGGCGGATCATGAGGTCAGGAGTTCAAAACTAGGGTGGCCAACACCGCGAAAATCCCATCTCTACTAAAAATGCAAAAATTAGCCAGGTGAGGCGGCGGGCGCCTGTAATCCCAGCTACTTGGGAAGCCGAGGCAGGAGAATCGCTTAAATCTGGAAGGCAGAGGTTGCGGTGAGCCAA"
"chr3","78415713","78416008","JH378145","2211902","2212196","39","76203811","GGCCAGGCGCCGTGGCTCATGCCTGTAATCCCACCACTTTGGGAGGCCAACGCGGGCAGATCACGAGGTCAGGAGTTCGAGAACAGCCTGGCCAACTGGTGAAACCCCATCTCTACTAAAAATACAAAAATTAGCTGGGCATGGTGGCAGGCGCCTGTGATGCCAGCTACTCAGGAGGCTGAGGCAGGAGAATCACTTGAAATCAGAAGGCAGAGGCTGCAATGAGCCAAGATCACACCAGTGCACTCCAGCCTGGGCAACAAGAGTGAAACTCCAACTCAAAAAAACAAAAAAAA","GGCAGAGCATGGTGGCTCACACCTGTAATTCTAGCACTTTGGGAGGCCGAGGCGAGCAGATCAGAGGTCAGGAGTTTGAGACTAGCCTGGGCAACATGGTGAAACCCCATCTCTACTAAATATACAAAAATTATCCTGGCATGGTGGCAGGTCCCTGTAATCCTAGCTACTCAGGAGGCTGAGGCAGGAGAATTGCTTGAAACCAGAAGGTGGAGGCTGCAGTGAGCCAATATCACACCACTGCATTCCAGCCTGGGCAACAAGAGTGAAACTTCAACTCAAAAAAAAAAAAAAA"
"chr3","80908499","80908793","JH378108","50208845","50209139","40","30699654","GGCCAGGCACGGTGGCTCAAGCCTGTAACCCCAGCACTTTGGGAGGCCGAGACGGGCGGATCACGAGGTCAGGAGATCAAGACCAGCCTGGCCAACATGGTGAAACCCCATCTCTACTAAAAATACAAACATTAGCCAGGTGTGGTGGCAGGCGCCTGTAATTCCAAGTACTCAGGAGGCTGAGGCAGGAGAGTCACTTGAAACCGGAAGGCAGAGGTTGCAGTGAGCCAAGATTGCGCCACTGCACTCCAACCTAGGCCAAAGAGCAAAACTCTGTCTCAAAAAAAAAAAAAAA","GGCCAGGTATAGTGGCTTACGCCTGTAACCCCAGCACTTTGGGAGGCCAAGGTGGGCAGATCATGAGGCCAGGAGTTCAAGACCAGCCTGGTCAACATGATGAAACCCCATCTCTACTAAAAATACAAAAATTAGCCAGGCATGGTGGCAGGTGCCTGTAATCCCAGCTACTTGGAAGGCTGAGGCAGGAGAATCACTTGAAATCGGAAGGTGGAGGTTGCAGTGAGCCAAGGTCGCACCACTGTACTCCAGCCTGGACGACACAGTGAAACTCTGTCTCAAAAAAAAAAAAAAA"
"chr3","81944853","81945072","JH378317","32344","32540","67","81912509","GGCCTGGCGGGGTGGCTCACACCTGTAATCCCAGCACTTTGAGAGGCCGAGGCGGGCAGACCATGAGGTCAGGAGTTCCAAACCAGCCTGGCCAACATGGTGAAACCTCATCTCTACTANNNNNNNNNNNNNNNNNNNNAGGCAGAGGTTGCAGTGAGCCAAGATCATGCCATTGCACTCTAGCCTGGGCGACAAGAGCAAGACTCCGTCTCGAAATAAA","GCCGGGCGCGGTGGCTCAAGCCTGTAATCCCAGCACTTTGGGAGGCCAAGGCGGGTGCATCACAAGGTCGAGAGATCGAGACCAACCTGGTCAACATGGTGAAACCCCGTCTCTACTAAAAATACAAATGGCCGATATCGCGCCATTGCACTCCAGCCTGGGCAACAAGAGCGAAACTCCGTCTCAAAAAAAAAAAA"
"chr3","83085014","83085307","JH378156","7076545","7076843","46","76008469","GCTGGACGCTGTGGCTCCCGCCTGTAATCCCAGCACTTTGGGAGGCTGAGTTAGGCGGATCACGAGGTCAGGAGGTCGAGACCAGCCTGGCCAACATGGCAAAACCCTGTCTCTACTAAAAATACAAAAATTAGCCAGGCTTGGTGACAGGTGCCTGTAGTCCCAGCTATTCGGGAGGCTGAGGCAGGAGAATCACCTGAAACTGGAAGGCAGAGGTTGCAGGGAGCCGAGATCGCATGACTGCACTGCAGCCTGGGTGAAAGGGCGAAACTCCATCTCCAAAAAAAAAAAAAA","GGCCAGGTGCGGTGGCTCACGCCTGTAATTCCAGCACTTTGGGAGGCTGAGGCAGGTGGATCATGAGGTCAAGAGGTCAAGACCATCCTGGTCAACATGGTGAAACCCCGTCTCTACTAAAAATACAAAAAATTAGCTGGGCGTGGTGGCGGGTGCCTGTAATCCCAGCTACTCAGGAGGCTGAGGCAGGAGAATTGCCTGAAGCCAGAAGGCAGAGGTTGCAGTGAGCCGAGATAGCGCCATTGCACTCCAGCCTGGGTAACAAGAGCGAAACTCCATCTCAAAAAAAAAAAAGAAAA"
"chr3","83419921","83420206","JH378160","9491908","9492202","47","73928013","GGCTGGGTGTGGTGGCTCACGCCTGTAAGCTCAGTACTTTGGGAGGCCGAAGCGGGCACATCACAAGGTCAGGAGTTCGAGACCAGCTTGACCAACATGGTGAAACCCCGTCCCTACTAAAAATACAAAAATTAGCTGGGCATGGTGGCGGACACCTGTAATCCCAGCTACTCGAGAGGTTGAGGCAGGAGAATCCAGAAGGCGGAGGTTGCAGTGAGCTGAGATCACAGCACTGCACTCCAACCTGGGCAACAAGAGCGAGACTCCATCTCAAAAAAAAAAAAAA","GGCTGGGTGTGGTGGTTCACGCCTGTAATCTCAGCACTTTGAAAGGCCTAGCCAGGCAGATCACAAGGTCAGGAGTTTGAGACCAGCCTGGCCAACATAGTGAAACCCCATCTCTACTAAAAATACAAAAATTAGCCCAGTGTGGTGGCTGGCACCTGTAATCCCAGCTATTTGGGAGGCTGAGGCAGGAGAATTGCTTGAAACTGGAAAGTGGAGGTTGCAGTGAGCCGAGATCACGCTGCTGCACTCCAGCCTGGGCAACAAGAGTGAAACTCCATCTCAAAAAACAAAAAAA"
"chr3","85965799","85966011","JH378124","23973083","23973279","52","61992716","ACCACGCCTGGCCCAACATGGTGAAACTCCGTCTCTAGTAAAAATACAAAAATTACCCGGGCATGGTGGGAGGCACTTGTAATCCCAGCTACTCGGGAGGTTGAAGCAGGAGAATTGCTTGAAATCGGAAGGTAGAGGTTGCAGTGAGCCGAGATCACGCCACTGCACTCACTCCAGCCCGGGCAACAAGAGCAAAAGCTCCATCTTAAAAAA","AGCCTGCCTAACACGGTGAAACCCCACCCCTACTTTAAAAATACAAAAATTAGCCGAGCATGGTGGTGGGCATCTGTAATTCCAACTACTCTGGAGGCTGAGGCAGGAGAATCACTTGAAGCCGGCTGGGGTGGTTGCAGTGAGCTGAAATCACGCCATTGCACTCTAGCCTGGGCAACAAGAGTGAAACTCCATCT"
"chr3","86268703","86269004","JH378150","241281","241578","42","86027422","GGCTGGGCGCTGTGGCTCATGCCTGTAATCCCAGCACTTTGGAAGGCTGAGGCAGGCAGATCACGAGGTCAGGAATTCAAGACCGGCCTGACCAACATGGTGAAACCCCATCTCTACTAAAAATACAAAAATCAGTGGGGCGTGGTGGCGGGCACCAGTAATCCCAGCTACTCGGGAGGCTGAGGCGGAAGAATCACTTGAAACCGGAAGACGGAGGTTGCCAGTGAGCCGAGATCGAGCCAATGCACTCCAGTCTGGGCGAAAGAGCAAAACTCCCTCTCAAAAAAAAAAAATAGAAAAAA","GGCTGGGCGTGGTGGCTCATGCCTGTAATCCCAGCACTTTGGGAGGCCTAGGCAGGCAGATCACAACGTGAGGAGTTTAAGACCAGCCTGGCCAACATGGTGAAACCTCATCTCTACTGAAAATACAAAAATTAGCTTGGCGTGGTGGTGGGCACCTGTAATCCCAGCTACTTGGGAGGCTGAGGCAGGAGAATCGCTTGTAACCAGAAGACGGAGGCTGCAGTGAGCCAACATCGCACCACTGCACTCCAGCTTGGGCAAAAGAGCGAAACTGTCTCAAAAAAAAAAAAAAAAAAAA"
"chr3","88086262","88086346","JH378415","14226","14301","34","88072036","TGGAGCAGGAGCATTGTTACTCTTGGAAGGTGGATGTAGGCCAGGTGATGATTGCATCACTGCATTCCAGCCTGGGTAAGACAAG","GCTGAGGCAGGTGAATTGCTTGAATCTGGAACGTGGAGGTTGCAATGAGTCGAGATTGCACCACTGCACTCCAGCC"
"chr3","88461131","88461303","JH378105","35472325","35472495","29","52988806","GACCAGACGTGGTGGCTCATGCCTGTAATCCCAGCATGCTGGGAGGACAAGACAGGTGGATCACAAGGTCAGGAATCTGAGACCAGCCTGGCCAATATGGTGAAACCCTATCTCTACTAAAAATACAAAAATTAGCCAGGCGTGGTTGCGGGTGCCTGTCATCCCAGCTACTC","CTGGGTGCGGTGGCTCATGCCTGTAATCCTAGCACTTTGGGAGGTCGAGACGGGTGGATCATGAGGTCAGGAGTATGAGACCAGCCTGGCCAACATAGTGAAACCCTGTCTCTACTAAAAATACAAAAATTAGCAGGGCATGGTGGTGGGTGTTTGTAATCCCAGCTACTC"
"chr3","90017802","90018052","JH378130","3444198","3444441","45","86573604","GGGCAGATCACGAGGTCAGGAGTTTGAAACCAGCCTGACCAACATGATGAAACCCCATCTCTACTAAAAATACAAAAATTAGCCAGGTGTGGTGGCAGGTGCCTGTAATCCCAGCTATGTGGGAGGATGAAGCAGAAGAATCCTTGAAACTGGAAGGTGGGGGTTGCAGTGGGCCATGATCGTGCCGCTGCACTTTAGCCTGGGCAACAAGAGTGAAACTCTGTCTCGAAAAAAAAAAAAAAAAAAAAAAA","GGTGGCTCACGGGTCAGGAGTTTGAGACCAACCTGGCCAACATGGTGAAACCCCATGTCTACTAAAAATACAAAAATTAGCTAGGCATGGTGGCAAGTGCCTGCAATCCCAGCTACTTGGGAGGCTGAGGCAAGAGAATCACTTGAAACTGGAAGGCAGAGGTTGCAAATGGGCCAAGATCTCACCACTGCACTCCAGCCTGGGCAACAAGAGCAACTCTGTCGCAAAAAAAAAAAAAGGAAAA"
"chr3","92577472","92577761","JH378153","8755648","8755940","41","83821824","GGCTGGGTGCAGTAGCTCATGCCTGTAATCCCAGCACTTTGGGAGGCCAAGGTAGGAGGATCATGAGGTCAGTGTTTGAGGCCAGCCAGGTCAACATAGTGAAACCCCATCTCTACTAAAAATACAAAAATTAGCTGGGAGTGGTGGTGGGTGCCTGTAATCCCAGCTACTCGGGCGGCTGAGGCAGGAGAATCACTTGAAAGCGGAAGGCGGAGGTTGCAGTGAGCCGAGATTGTGCCACTGCACTCCAGCCTGGGCGAAAGAGCAAAAGTCCATCTCAAAAAAAAAAA","GCCGGGTGTGGTGGCTCAAGCCTGTAATCCCAGCACTTTGGGAGGCCGAGGTGGGTGGATCACGAGGTCAAGAGATCGAGACCATCCTGGTCAACATAGTGAAACCCCGTCTCTACTAAAAATACAAAAAATCAGCTGGGCATGGCGGTGCGTGCCTGTAATCCCAGCTACTCAGGAGGCTGAGGCAGGAGAATTGCCTGAAACCAGAAGGCGGAGGTTGTGGTGAGCCGAGATTGCGCCATTGCACTCCAGCCTGGGTAACAAGAGCGAAACTCCATCTCAAAAAAAAAGAA"
"chr3","93684798","93684993","JH378156","10547885","10548076","22","83136913","GCCAGGCGCGGTGGCTCACGCCTGTAATCCCAGCACTTTGGGAGGCCAAGGCAGGTGGATCACGAGGTCAGGAGTTCAAGACCAGCCTGGCCAACATGGTGAAACCCCATCTCTACTAAAAACACAAAAATTAGCTGGGCATGGTGGCGGGTGCCTTTAATCCCAGCTACTCGGGAGGTTGAGGCAGGAGAATTGC","GGCCAGGCACGGTGGCTCATGCCTGTAATTCCAGCACTTTGGGAGGCTAAGGTAGGCAGATCATGAGGTCAGGAGTTCAAGACCAGCCTGGCCAACATGGTGAAACCTCATCTCTACTAAAAATAAAAATTAGCTGGGCATAGTGGCGGGTGCCTGTAATCCCAGCTACTCAGGAGGCCAAGGCAGGAGAAT"
"chr3","96029043","96029349","JH378110","29099632","29099936","47","66929411","GCCAGGTGCGGTGGCTTACGCCTGTAATCCCAGCATTTTGGGAGGTCGAGGCGGGTGGATCACGAGGTCAGCAGTTCGAGACCAGCCTGATCAACATGGTGAAACCCCGTCTCTACTAAAAATACAAAAACAAAAGAAAGCTGAGCGTGGTGGCGGGCACCTGTAACCCCAGTGACTTGGGAAGCTGAGGCAGGAGAATCACATGAAACCGGAAGGCAGAGGTTGCAGTGACCCCAGATTGTGCCACTGCACTCTAGCCTGGGCAATAAGAGCAAAACTTCATCTCAAAAAAAAAAAAAAAAAAGAA","GCCAGGCGCGGTGGCTCAAGCCTGTAATCCCAGCACTTTGGGAGGCTGAGGCGGGTGGATCATGAGGTCAAAAGATCGAGACCATCCTGGTCAACATGGTGAAACCCCGTCTCTACTAAAAATACAAAAAAAAATTAGCTGGGCATGGTGGCGCGTGCCTGTAATCCCAGCTACTCAGGAGGTTGAGGCAGGAGAATTGCCTGAAACCGGGAGGCGGAGGTTGCGGTGAGCCGAGATCGCGCCATTGCACTCCAGTCTGGGTAACAAGAGCGAAACTCCGTCTCAAAAAAAAAAAAAAAAAAAAA"
"chr3","98566422","98566728","JH378187","8721059","8721370","49","89845363","CTGGGTGGGGTGGCTCACGTCTGTAATCTCAGCACTTTGGGAGATTGAGGCGGGTGGATCACGAGGTCAACAGTTCGAGCCTAGCCTGACCAACATGGTGAAACCTCGTCTCTACTAAAAATACAAAAAAATAGCTGGACATGGTGGTGGATTCCTGTAATCCCAGCTACTTGGGAGGCTGAGGCAGAATTGCTTGAAACCCGAAGGTGGAGGTTGCAGTGAGCCAAGATTGCACCACTGCACTCTAGCCTGGGCAATAAGAGCAAAACTCCATCTCAAAAAAAAAAAAAAAAGAAAGAAAAACAAA","GCCGGGCGCGGTGGCTCAAGCCTGTAATCCCAGCACTTTGGGAGGCTGAGGCGGGTGGATCACGAGGTCAAAAGATCGAGACCATCCTGGTCAACATGGTGAAACCCCGTCTCTACTAAAAATACAAAAAAAAATTAGCTGGGCATGGTGGCGTGTGCCTGTAATCCCAGCTACTCAGGAGGCTGAGGCAGGAGAATTGCCTGAAACCGGGAGGCGGAGGTTGCGGTGAGCCGAGATCGCGCCATTGCACTCCAGCCTGGGTAACAAGAGCGAAACTCCGTCTCAAAAAAAAAGAAAAAAAAAAAAACAAAA"
"chr3","101791559","101791732","JH378115","17666853","17667025","34","84124706","GACCAGGCACAGTGCCTCATGCCTGTAATCCAGCCACTTGGGAAGCCAAGGCGGGCAAATCACAAGGTCAGAAGATCAAGACCAGCCTGGCCAACGTGGTAAAACCCTGTCTCTACTAAAAAAACAAAAATTAGCTGGGCATAGTGGCAGGTGCCTATAGTCCCAGCTACTCAG","GGCCAGGCGCAGTGGCTCAAGCCTGTAATCCTAGCACTTTGGGAGGCCAGGGCGGGTGGATCATGAGGTCAAGAGATCGAGACCATCCTGGTCAACATGGTGAAACCCCGTCTCTACTCAAAATACGAAAAGTTAGCTGGGCATGGTGGCGTGTGCCTGTAATCCCAGCTACT"
"chr3","103864057","103864239","JH378153","6574953","6575126","36","97289104","GCCAGGCGCAGTGGCTCACACCTGTAATCCCAGCACTTTGGGAGGCCAAGGCAGGAGGATCACAAAGTCAGGAGTTCAAGACCAGCCTGACCAACATGGTGAAACTCCATCTCTACTAAAAATCAAAAAAAAAAAAAAAAATCAGCCTGGCATGGTGGCGGGCACCTGTAATCTCAGCTACTC","GCCAGGCACAGTGGCTCACGCCTGTAATCCCAGTACTTTGGGAGGCCAAGGCAGGTGGATCATGAGGTCAGGAGTTTGAGACTAGCCTGGCCAACATGGGGAAACCCCATCTCTACTAAAAATACAAAAATTCGCTGGGTGTGATGGCGGACACCTCTAATCCCAGCTACTCAG"
"chr3","112218154","112218454","JH378197","3767028","3767327","51","108451126","GGCCGGGCGCCATGGCTCGTGCCTGTAATCCCAGTACCTTGGGAGACCAAGGCAGGCAGATCACGAGGTCAGGAATTCAAGGCCAGTCTGGACAAGATAGTGAAACCTCATCTCTACTAAAAATACAAAAAATTAGCCAGGCATGGTGGTGGGCACCTATAATCTCAGCTACTCGGAAGGCTGAGGCAGATGAATCACTTGAACCCAGAAGGTGGAGGTTGCAGTGAGCCGAGATCGCGCCATTGCACTCCAGCCTGAGAAACAAAAGTGAGACTCTGTTTCAAAAAAAAAAAAAAAAGAA","GGCCAGGCGCAGTGGTTCACGCCTGTAATCCCAGCACTCTGGGAGGCCAAGGTGGGCAGATCATGAGGTCAGGAGTTCGAGACCAGCCTGGCCAACATGATGAAACACTGTCTGTACTAAAAATACAAAAATTAGCCAGGCGTAATGGTGGGTACCTGTAATCCTAGCTACTCAGGAGGCTGAGTCAGAAGAATCACTTGAAACTGGAAGGTAGAGTTTGCAGTGAGACGAGATTGTGCCATTGCACTCCAGCCTGGGGAACAAGAGTGAAACTCTGTCTCAAAAAAAAAAAAAAAAAAA"
"chr3","113211285","113211590","JH378148","3009466","3009760","50","110201819","GGCCGGGCGTGGTGGCTCACGCCTGTGGTCCCAGCACTTTGGGAGGCCAAGGGGGTGGATCACAAGGTCTGCAGTTCTAGACCAGCCTGACCAATGTGGTGAAACCCCGTCTCTACTAAAAATATATATAAAAAAAATTAGCCGGGCGTGGTGGCAGGCGCTTGTAATCCCAGCAATTTAGGAGGCTGAGGCAGGAGAATCACTTGAAACCGGAAGGTAGAGGTTGCAGTGAGCCGAGATTGGGCCACTGCACTCTGCCCTGGGCAATAAGAGCAAAACTCCATCTCAAAACAAAACAAAACAAAA","GGCCAGGTGTGGTGGCTCACGCCTGTAATCCCAGCACTTTGGGAGGCCGAGGCAGGTGGATGATGAGGTCAGGAGTTCGAGACCAGCCTGGCCAAAATGGTGAAACCCTGTCTCTACTAAAAATACAAAAAAATTAGCCAGGCGTGGTGGCATGCGCCTATAATCCCAGCTACTCAGGAGGCTAAGGCAGGAGAATCACTTGAAACCAGAAGGCAGAGGTTGCAGTGAACTGAGATCACGCCACTGCACTCCAGCCTGGGCAACAAGAGCAAAACTCCATCTCAAAAAATAAAAA"
"chr3","116422086","116422404","JH378205","408088","408412","53","116013998","GGCCAAGTGCGGTGGCTCACGCCTGTAATCCCAACACTTTGGGAGGCCGAGATGGGCAGATCACATCAGGAGTTTGAGACCAGGCTGGCCAACATGGTGAAACCCCATCTCTACGTTAAAAAAAAAACAAAATGGTGTTTTAGCTGGATGTGGTGGGCGGGCGCCTGTAATCCCAGCTACTCAGGAGGCTGAGGCAGGAGAATCACTTGAAACCAGAAGGCAGAGGTTGCAGGGAGCCGAGATCATGCCACTGCACTCCAGCCCGGGCAACAAGAGTGAAACTCCATTTCAAAAAAAAAAAAAAAGAAAGAAAAGAAAA","GGCCAGGTGCAGTGGCTCATGCCTGTAATACCAGCACTTTGGGAGACCAAGGTGAGCAGATCACGAGGTCAGGAGTTTGAGACCAGCCTGGCCAACATGGTGAAACCCCATCTTTACTAAAAACATACACATACAAAAAAAAAAAAATTAGCCACATGTGATGGCCGGTGCCTGTAATCCCAGCTACTCGGGAGGCTGAGGCAGGAGAATCACTTGAAACTGGAAGACAGAGGTTGCAGGGAGCCGAGATTGAGCCACTGCACTCCAGCCTGGGCGAAAGAGCAAAACTCCATATCAAAAAAAAAAAAAAAAAAAAAAAGGAAAA"
"chr3","117425176","117425467","JH378148","3009466","3009760","40","114415710","GGCTGGGCATGGTGGCTCACGCCTGTAATCTCAGCACTTTGGGAGGCCCAGGCAGGCAGATCACAAGGTCAGGAGATGGAGACCATCCTGCCCAACATGGTGAAATCCCGTCTCTACTAAAAATACAAAAATTAGCCCAGCGTAGTGGTGGGCACCTGTAGTCCCAGCTACTCGGGAGGCTGAGGCAGGAGAATCACTTGAACACAGGAGGCAGAGGTTGCAGTGAGCCGAGATCACACCACTGCACTCCAGCCTGGGCAACAAGAGCAAAAACTCCATCTCAAAAATAAAA","GGCCAGGTGTGGTGGCTCACGCCTGTAATCCCAGCACTTTGGGAGGCCGAGGCAGGTGGATGATGAGGTCAGGAGTTCGAGACCAGCCTGGCCAAAATGGTGAAACCCTGTCTCTACTAAAAATACAAAAAAATTAGCCAGGCGTGGTGGCATGCGCCTATAATCCCAGCTACTCAGGAGGCTAAGGCAGGAGAATCACTTGAAACCAGAAGGCAGAGGTTGCAGTGAACTGAGATCACGCCACTGCACTCCAGCCTGGGCAACAAGAGCAAAACTCCATCTCAAAAAATAAAAA"
"chr3","118340977","118341261","JH378143","18236239","18236524","39","100104738","GGCTGGGCGTGGTGGCTCATGCCTGTAATCCTAGCACTTTGGGAGGTTGAGGCAGGTGGATCACGAGGTCAGAAGTTCAAGACCAGCTTGGCCAACATGGTGAAACCCTGTCTCTACTAAAAATACAAAAATTAGCTGAGCGTGATGGCAGGTGCCTGTATCCCAGCTACTTGGGAGGCTGAGGCAGAGAATTGCTTGAACCCGGAAGGTGGAGTTTGCAGTGAGCCAAGATTGCGCCACTGCACTCCAGCCTGGGTGACAAGAGTGAAACTCCATCTCAAAAAA","GCCGGGCGCGGTGGCTCAAGCCTGTAATCCCAGCATTTTGGGAGGTCGAGGCGGGTGGATCACGAGGTCAAGAGATCGAGACCATCCTGGTCAACATGGTGAAACCCCGTCTCTACTAAAAATACAAAAAATTAGCTGGGCATGGTGGCTGGTGCCTGTAATCCCATCTACTCAGGAGGCTGAGGCAGGAGAATTGCCTGAAACAGGAGGCGGAGGTTGCGGTGAGCCGAGATCGTGCCATTGCACTCCAGCCTGGGTAACAAGAGCGAAACTCCATCTCAAAAAA"
"chr3","120687141","120687437","JH378151","9107602","9107893","36","111579539","GGCCAGGCACGGTGGCTCATGCCTGTAATCCCAGCACTTTGGGAGGCCAAGGTGGGTGGATCACGAGGTCAGGAGTTTGAAAGAAGCCTGGCCAACATGGTGAAACCCATCTCTACTAAAAATACAAAAATTAGCCAGGCGTGGTGATGGGCACCTGTAATCCCAGCTACTCAGGAGGCTGAGGCAGGAGAATCACTTGAAACCAGAAGGCAGAGGTTGCACTGAGCTGAGATTGGGCCACTGCACTCCAGCCTGGGCAACAAGAGTGAAACTCCATCTCAAAAAAAAAAAAAAAAA","GGCCGGGCACTGTGGCTCACGCCTGTAATCTCAGCAATTTGGGAGGCCAAGGCGGGTGGATCACAAGGTCAGGAGTTTGAGACCAGCCTGGCCAACTGGTGAAACCCGTCTCTACTAAAAATACAAAAATTAGCCAAGCATGGTGGCGGGCACCTGCAATCCCAGCTACTCAGGAAACTGAGGCAGGAGAATTGCTTAAAACCAGAAGGCAGAGTTTGCAGTGAGCCAAGATGGTGCCACTGCACTCCAGCCTGGGCAAAAGAGCAAAACTCCGTCTCAAAAAAAACAAAAA"
"chr3","121397059","121397353","JH378164","8983183","8983477","39","112413876","GGCTGGGCACGGTGGCTCATGCCTGTAATCCTAGAACTTTGGGAGGCCAAGGCGGGCGGATCATGAGGTCAGGAGTTTGAGACCAGCCTGACCAACATGGTGAAACTCCATCTCCACTAAAAATACAAAAATTAGCCAGTCGTGGTGGCAGGCACCTGTAATCCCAGCTACTCAGGAGGCTAAGGCAGGAGAATTGCTTGAACTAGAAGGTGGAGGTTGCAGTGAGCTGAGATGGTGCCACTGCACTCCAGTGTGGTCAAAAGAGAGAGCTCCATTTCAAAAAAAAAAAAAAAAA","CGGGCACGGTGGCTCATGCCTGTAATCCCAGCACTTTGGGAGGCTAAGGTGGGTGGATCATGAGGCCAGGAGTTTGAGATCAGCCTGGCCAACATGGTGAAATCCTGTCTCCACTAAAAATATAAAAATTAGCCAGACGTGGTAGCAGGCACCTGTAATCCCAGCTGCTCGGGAGGCTGAGGCAGGAGAATCACTTGAAACTGGAAGGGGGAGGTTGTAGTGAGCCGAGATTGCACCACCGCACTCCAGCCTGGGCAAAAGAGTGAAACTCCATTTAAAAAAAAAAAAAAAAAAA"
"chr3","122608247","122608521","JH378245","3312448","3312742","57","119295799","GGCCGGACGCTATGGCTCACGCCTGTTATCCTAGCACATTGGGAGGCTGAGGCAGGCGGATCGCGAGGTCAGGAGTTTGAGACCAGCATGGCCAATATGGTGAAACCCTGTCTCTACTAAAAACATGAAAATTAGCCGGGCATGGTGGCGGGCACCTGTAATCCCAGCTACTGGGGAGGATGAGGCAGGAGAATCTCTTGAAACCAGACGGCTGAGGCTGCAGTGAGCCGAGATTGCACTGCACTAAAAATTAAAAAAAAAAAAAAAAAAAAAAA","GGCCAGTCGTGGTGGCTCTCGCCTGTAATCCCAGCACTTCGGGAGGCTGAGGCAGGCAGATCATGAGGTCAGGAGTTTGAGACCAGCCTGGCCAATATGGTGAAACCCCGTCTCTACTAAAAATACAAAAATTAGCTGGACATGGTGGTGGGCGCCTGTAATCCCAGCTACTTGGGAGGCTGAGGCAGGACAATCGCTTGAAACCTGAAGGCGGAGGTTGCAGTGAGCCAAGATCATGCCACTGCACTCCAGCCTGGGCGAAAGAGTAAAACTCCGTCTCAAAAAAAAAAAGAAA"
"chr3","123598657","123598954","JH378127","10024758","10025055","41","113573899","GGCTGGGTGCGGTGGCTCACACCTGTAATCCCAGCACTTTGGGAGGCTGAGGCCGGCAGATCACAAGGTCAGTTGTTTGAGACCAGTCTGGCCAACATGGTGAAACCCTGTCTCTACTAAAAACACAAAAATTAGCAAGGCGTGGTTGTGTGTGCCTATAATCTCAGCTACTCGGGAGGCTGAGGCAGGAGAATCGCTTGAAACCAGAAGGCGGAGTTTGCAGTGAGCCAAGATCGCGCCACTGCACTCCAGGCTGGGCAACAAGAGCGAGACTCCATCTCAAAAAAAAAAAAAAAAA","GGCCGGGCGCGGTGGCTCAAGCCTGTAATCCCAGCACTTTGGGAGGCCGAGGCGGGTGGATCACGAGGTCAAGAGATCGAGACCATCCTGGTCAACATGGTGAAACCCCGTCTCTACTAAAAATACAAAAAATTAGCTGGGCATGGTGGCGTGTGCCTGTAATCCCAGCTACTCAGGAGGCTGAGGCAGGAGAATTGCCTGAGACCAGGAGGCGGAGGTTGCAGTGAGCCGAGATCGCGCCATTGCACTCCAGCCTGGATAACAAGAGCGAAACTCCGTCTCAAAAAAAAAAAAAAAA"
"chr3","123930556","123930865","JH378107","46009365","46009670","43","77921191","GGCCGGGCGTGGTGGCTCACGCCTGTAATCCCTGCACTTTGGAAGGCTAAGGTGGGCAGATCACGAGGTCAGGAGGTCGTGACCAGCCTGGCCAACATGGTGAAACCCCGTCGCTACTAAAAATACAAAAATTAGCCAGGAGCGGTGGCGGGCGCCTGTAGTCCCAGCTACTCAGGAGGCTGAGGCAGGAGAATCGCTTGAAACCGGAAGGCGGAGGTTGCAGTGAGCCAAGATCATGCCACTACACTCCAGCCTGGGCGAAAGAGCAAAATTCCGTCTCAAAAAAAAAAAAAAAAAAAAAAAAAAAGAA","GGCCGGGCGTGGTGGCTCACGCCTGTAATCCCAGCACTTTGGGAGGCCAAGGCAGGTGGATCACGAGGTCAAGAGGTCGAGACCATCCTGGTCAACATGGTGAAACCCCGTCTCTGCTAAAAATACAAAAATTAGCTGGGCATGGTGGCACGTGCCTGTAATCCCAGCTACTCAGGAGGCTGAGGCAGGAGAATTGCCTGAAACCAGGAGGCGGAGGTTGCGGTGAGCCGAGATTGCGCCATTGCACTCCAGCCTGGGTAACAAGAGCGAAACTCCGTCTCAAAAAAAAAAAAAAAAAAAAAAAAA"
"chr3","124433090","124433398","JH378136","18027573","18027877","40","106405517","GGCTGGGGATGGTGGCTCACGCCTGTAATCCCAGCACTTTGGGAGGTCGAGGCGGGCAGATCACAAGGTCAGGAGTTTGAGGCCAGCCTGGTCAACATGGTGAAACCCCGTCTCTACTAAAAATACAAAAATTAGCCAGGCGTGGTGGCGGGCACCTGTAATCTCAGCTACTCAGGAGGCTGAGGCAGGAGAATTGCTTGAACCCAGGAGGCGGAGGTTGTGGTAAGCCGAGATCATGCCACTGCACTCCAGCCTGGGCGACAAAAGCAAAACTCCATCTCAACAAAAAAAGAGAAAAAGAGAGAAGAA","GGCCGGGCGCGGTGGCTCAAGCCTGTAATCCCAGCACTTTGGGAGGCCGAGGCGGGTGGATCACGAGGTCAAGAGATCGAGACCATCCTGGTCAACATGGTGAAACCCCGTCTCTACTAAAAATACAAAAAATTAGCTGGGCATGGTGGCGTGTGCCTGTAATCCCAGCTACTCAGGAGGCTGAGGCAGGAGAATTGCCTGAAACCAGGAGGCAGAGGTTGTGGTGAGCCGAGATCACGCCATTGCACTCCAGCCTGGGTAACAAGAGCTAAACTCCGTCTCAAAAAAAAAAAAAAAAAAAGAAA"
"chr3","125574940","125575275","JH378165","12389091","12389397","92","113185849","CGGGTGCGGGTCAAGCCTTATCCCAGCATTTGGAGCCGAGACGGGCGGATCACGGGTCAGGAGAATCGAGGACCATCCCTGGCTGACCACTGTGAAACCCCGTCCTCTACCTAAAAAAAANNNNNNNNNNNNNNNNNNNNNNNNNCCCATCTCTACTAAAAATACAAAAATTCGCTGAGCATGGTGGCGGGCGCCTGTAATCCCAGCTACTCAGGAGGCTGAGGCAGGAGAATCACTTGAAACCAGAAGGTGGAGGTTCCAGTGGGCCAAGATGGCGCCACCGTATTCCAGCCTGGGCAACAAGAGCGAAACTCTGTTTAAAAAAAAAAAAAAAAA","GGCCGGGCGCAGTGGCTCAAGCCTGTAATCCCAGCACTTTGGGAGGCCGAGGCGGGTGGATCACAAGGTCAAGAGATCGAGACCATCCTGGTCAACATGGTGAAACCCCGTCTCTACTAAAAATACAAAAAAAAAAAAAAAAAATTAGCTGGGCATGGTAGTGCGTGCCTGTAATCCCAGCTACTCAGGAGGCTGAGGCAGGAGAATTGCCTGAAACCAGGAGGCGGAGGTTGCGGTGAGCCGAGATCGCGCCATTGCACTCCAGCCTGGGTAACAAGAGCGAAACTCCGTCTCAAAAAAAAAAAAA"
"chr3","125585457","125585727","JH378107","6629710","6629970","69","118955747","GGCCGGGCGTATGGGCACATGGCTGTAATCCAAGCACTTTGGGAGGCTGAGGCAGGCAGTCATGAGGTCAGGAGTTTGAGACGCAGCCCTGGCCAGACATGGTGAAACCCTGTATCTACTAAAAATAAACAATTACTGGGCGTGGTGTGGCCGCCTATTAATCTCAGCTACTAGGGAGGCTTGAGGTTGGCAGTAAGCAAAGATTGCTCAACTGCCACCTCCAGCCTGGGCACAGAGCCGGAACTCTCGTCCCTCAAAAAAAAAAAAAAGA","GCCAGGCATGGTGGCTCACGCCTGTAATCCCAGCACTTTGGGAGGCTAAGGCGGGTAGATCACCGAGGTCAGGAGTTCAAGACCAGCCTGGCCAACATGGTGAAACCCTGTCTCTACTAAAAATACCAAAATTAGCCAGGCATGGTGGCCTGTAATCCCAGCTACTTGAGGCTGAGGCAGGAAGTTGCAGTGAGCTGAGATTGTGCCAATGCACATTCCAGCCTGGGCAACAAGAGCGAGACTCGGTCTCAAAAAAAAAAA"
"chr3","126348982","126349144","JH378216","4339434","4339595","21","122009548","GGCCGGGCACAGTGGCTCACGCCTGTAATCCCAGCAGTTTGGGAGGCTGAAGTGGGCGGATCACGAGGTTAGGTGTTCGAGACCAGCCTGACCAACATGGTGAAACCCTGTCTCTACTAAAAATACAAAAAGTAGCTGTGCATGGTGGCAGGAGCCTGTAATC","GGTTGGGCACAGTGGCTCACGCCTGTAATCCCAGCACTTTGGGAGGCCAAGGTGGGCAGATCATGAGGTCAGGAGTTTGAGACCAGCCTGGCCAACATGGTGAAACCCCATCTCTACTAAAAATACAAAAATTAGTTGGGTGTGGTGGCAGGTGCCTGTAAT"
"chr3","128575333","128575619","JH378206","6968121","6968417","53","121607212","GGCCGGGCATGGTGGCAGACACCTATAATCCCAGCACTTTAGGAGGCCAAGGCAGGCGAATCACGAGGTCAGGAGTTCCAGACCAGCCTGGCAAACAGGGTGAAACCCCGTCTCTAGTAAAAATACAAAAATTAGCTGGGTGCGGTGGCAGGCGCTCCTAGCTACTTGGGAGGCTGAGCAGGAGAATCACTTGAAACTGGAAGGCAGAGGTTGCAGTGAGCCAAGATCACACATGCCATGGCACTCTAGCCTGGGCAATAAGAGTGAAACACCATCGCAAAAAAAAA","GGCCAGGCGTGATGGCGCACACCTGTAATCCCAGCACTTTGGGAGGCCAAGGCAGGTGGATCACGAGGTCAGGAGTTCAAGACCAGCCTGGCCAACATGGTGAAACCCTGTCTCTACTAAAATTACAAAAATTAGCTGGGCGTGGTGGCAGGAGCCTGTAATCCCAGCTACTTGGGAGGCTGAGGCAGGAGAATCTCTTGAAATGGTAAGGCGAAGGTTACAGTGAGCCAAGATCACGCCATTGCACTCTAGCTTGGGTGAAAGAGCGAAACTCCGTCTCAAAAAAAAAGAAAAGAA"
"chr3","130638289","130638452","JH378123","21217689","21217863","37","109420600","TTAGGCGGGCGCCTTTAATCCCAGCTACTTGGGAGGCTGAGGCAGGAGAATGACTTGAAACTGGAACGCGCAGGTTGCAGTGAGCTGAGATCACGTCACTTCTCTCCAGCCTGGGCAACAGGAGTGAAACTCTGTCTCAAAACAAACAAAACAAAACAAAAAAA","GCCTGGCGTGGTGGCTCATTCCCGTAATCCCAGCTACTTGGGAGGCTGAGACAGGAGAATCACTTGAACTGGAAGGTGAAGGTTGCAGTGAGCTGAGATTGCGCCACTGCACTCCATCCTGGGTGACAAGAGTGAAACTCCATCTCAAAAAAAAAAAAAAAAAGAAAGAAAGAAA"
"chr3","130638729","130638767","JH378272","2083837","2083868","20","128554892","CCCCAACTCTACTAAAAATACAAAAATTAGCTGGGCGTT","CCAGCCTGGGAAACATGATGAAACTTCATCTC"
"chr3","133422870","133423106","JH378106","28970354","28970606","55","104452516","GGCAGGGCACGGTGGCTGGTGCCTGTAAGGGGTGTGAGGCGGCTGGATCACGAGGTCAGGAGTTCAAGACCAGTCTGTCCAACATAGTGAAACCTGTCTCTACTAAAAATACAAAAATTAGCCAGGCATGGTGGCAGGGCCTGTAGTCCCAGCTACTCAGGAGCTGAGGCAGGAGAATCGCTTGAAACTGGGAGGCGGAGATTGCAGTGAGCCAAGGTTGCACCATTGCACTCCAGC","GGCCAGAGGTGGTGGCTCATGCCTGTAATCCTAGCACTTTGGGAGGCTGAGGCAGGTGAATCACGAGGTCAGGAGTTTAAGACCAGCCTGGCTAACATGATGAAACCCCGTCTCTACTAAAAATACAAAAATTAGCTGTGCATAGTGGTGGGAACCTGTAATTGCAGCTACTTGGGAAGCTGAGGAAGGAGAATCACTTGAAACTGGAAGGCAGAGGTTGCAGTGAGCCAAGATAGTGCCATTGCACTCCAGC"
"chr3","136204370","136204677","JH378187","8721059","8721370","50","127483311","GCTGGGCATGGTGGATCACGCTTGTAATTCCAGCACTTTGGGAAACTGAGGCGAGTGGATCATGAAGTCAGGAGATCAAGACCATTCTGGCTAACATGGTGAAACCCCATCTCTACTAAAAATACAAACAAATTGGCCGGGCATGGTGGCGGCCACCTGTAATCTCAGCTACTCAGGAGGCTGAGGCAGGGGAATCGCTTGAACTGGGAGGCGCAGGTTGCAGTGCATGGAGATGTGCCACTGCCCTCCAGCCTGGGCAACAAGAGCTAAACTTCGTCTCAAAAAAAAAAAAAAAAGAAAAAAAAAAA","GCCGGGCGCGGTGGCTCAAGCCTGTAATCCCAGCACTTTGGGAGGCTGAGGCGGGTGGATCACGAGGTCAAAAGATCGAGACCATCCTGGTCAACATGGTGAAACCCCGTCTCTACTAAAAATACAAAAAAAAATTAGCTGGGCATGGTGGCGTGTGCCTGTAATCCCAGCTACTCAGGAGGCTGAGGCAGGAGAATTGCCTGAAACCGGGAGGCGGAGGTTGCGGTGAGCCGAGATCGCGCCATTGCACTCCAGCCTGGGTAACAAGAGCGAAACTCCGTCTCAAAAAAAAAGAAAAAAAAAAAAACAAAA"
"chr3","136803090","136803387","JH378148","3009466","3009760","45","133793624","GGCCAGGTGTGGTGGCTCATGCCTATAATCCCAGCGCTTGGGAGGTTGAAGCAGGTGGATCACAAGGTCAAGAGTTTGAGACCAGCCTGGCCAACATGGTGAAACCCCCTGTCTACTAAATGTACAAAAATTAGCCCGGCGTGGTGGCATGCACCTGTAATCCCAGCTACTTGGGAGGGTGAGGCAGGAGAATCACTTGAAACTGGAAGACAGAGGTTGCAGTGAGCTGAGGTCGCGCCACTGCACTCCAGTCTAGGCAATAAGAGCTAAACTTCATCTCAAAAAAAAAAAAAAAAAA","GGCCAGGTGTGGTGGCTCACGCCTGTAATCCCAGCACTTTGGGAGGCCGAGGCAGGTGGATGATGAGGTCAGGAGTTCGAGACCAGCCTGGCCAAAATGGTGAAACCCTGTCTCTACTAAAAATACAAAAAAATTAGCCAGGCGTGGTGGCATGCGCCTATAATCCCAGCTACTCAGGAGGCTAAGGCAGGAGAATCACTTGAAACCAGAAGGCAGAGGTTGCAGTGAACTGAGATCACGCCACTGCACTCCAGCCTGGGCAACAAGAGCAAAACTCCATCTCAAAAAATAAAAA"
"chr3","138223998","138224276","JH378137","5445816","5446095","44","132778182","GACCGGGCGCGGTGGCTCACACCTGTAATCCCAGAATTTTGGGAGGCTGAGGTGGGCAGATCACGAGGTCAGGAGTTCGAGACCAGCCTGGCCAACATGGTGAAACCCCATCTCTACTAAAAATACAAAACTTAGCTGGGCATGATGGTGGGTGCCTGTAATCCAAGCTACTTGGGAGGCTCAGGCAGGAGAATCGCTTGAAATCGGAAGGCAAAGGTTGCAGTGAGCTGAGATCATGCCACTGCACTCCAGCCTGGGGAACAAGAGGAAACTCCATCT","GGCCAGGCGCAGTGGCACATGCTGGTAATCCCAGCACTTTGGGAGGCGGAGGCAGGCAGATTACGAGGTCAGGAATTCAAGACCAGCCTGGCCAACATAATGAAACTCTGTCTCTACTAAAAATACAAAAATTAGCTGGGTGTGATGGTGGGCGCCTGTAATCTCAGCTACTTGAGAGGCTGAGGCAGGAGAATTGCTTGAAACTGGAAGGTGGAGATTGCAGTGAGCTGAGATTGCACCACTGCACTCCAGCCTGGGCAACAAGAGCAAAACTCCGTCT"
"chr3","139659330","139659636","JH378107","46009365","46009670","40","93649965","GGCGCGGTGGCTCACGCCTGTAATCCCAGCACTTTGGGAGGCCAAGGCAGGTGGATCATGAGGTCAGGAGTTTGAGACCAACCTGGCCAACATGATGAAACCCCATCTCTACTAAAAATACAAAAATTAGCCGGGCACGGTGGCAGGCACCTGTAATCCCAGCTACTCAGGAGGCTGAGGCAGGATAATCGCTTGAAACTGGAAGGCGAAGATTGCAGTGAGCCGAGATCACACCATTGCACTCCAGCCTGGGAAACAAGAACGAAACTCCTTCTTAACAAAAAAAAAAAAAAAAAAAAAAAAAAAA","GGCCGGGCGTGGTGGCTCACGCCTGTAATCCCAGCACTTTGGGAGGCCAAGGCAGGTGGATCACGAGGTCAAGAGGTCGAGACCATCCTGGTCAACATGGTGAAACCCCGTCTCTGCTAAAAATACAAAAATTAGCTGGGCATGGTGGCACGTGCCTGTAATCCCAGCTACTCAGGAGGCTGAGGCAGGAGAATTGCCTGAAACCAGGAGGCGGAGGTTGCGGTGAGCCGAGATTGCGCCATTGCACTCCAGCCTGGGTAACAAGAGCGAAACTCCGTCTCAAAAAAAAAAAAAAAAAAAAAAAAA"
"chr3","139893992","139894304","JH378106","70219640","70219948","46","69674352","GGCTGGGCACAGTGGCTCATGCCTGTAATCCCAGCATTTTGGGAGACTGAGGCAAGCAGATCACGAGATCAGGAGTTGGAGACCAGTCTAGCCAACATAGCGAAACCCCATCTCTACTAAAAATACAAAAATTAGCTGGGCGTGGTGGCAGGTGCCTGTATTCCCAGCTACTTGGGAGGCTGCGGCAGGAGAATCGCTTGAATCTGGAAGGCAGAGGTTTCAGTGAGCCAAGACTGTGCCATTGCACTCCAGCCTGGGCGACAAGAGCAAGACTCCATCTCAAAAAAAAAAAAAAAAAAACCAAAAAAAAAAA","GGCTGGGTGAGGTGGCTCATGCCTGTAATCCCAGCACTTTGGGAGGCCAACGCAAGCAGATCACAAGGTCAGGAGTTCAAGACCAGCATGGCCAACATGGTGAAACCCCATCCCTACTAAAAATAACAAAAATTAGCTGGGCATGGTGGGAGCCGCCTGTAATACCAGCTACTCGGGAGGCTGAGGCAGGAGAATCGCTTGAAACTGGAAGGCAGAGGTTGCAGTGAGCCAAGATTGTGCCACTGCACTCCAGCCTGGGTGACAGAGCAAAGTTCCATCTCAAAATAAAAATAAAAATAAATAAATAAA"
"chr3","141952275","141952587","JH378137","12880677","12880985","43","129071598","GGCCTGGCACGGTGGCTCACAACTGTAATCCCAGCACTTTGGGAGGCCAAGGCGAGTGGATCACGAGGTCAAAAGTTTGAGACAACCTGGCCAACATGGTGAAATCCGTCTCTACTAAAAATACAAAAATTAGCTGGGCGTGGTGGCAGGTGCCTGTAATCCCAGCTACTCGGGAGGCTGAGGCAAGAGAATCACTTGAAATCGGAAGGCGGAAGTTTCAGTGAGCCAAGATCACGCCACTGCACTCACTCCAGCCTGGGCAACAAGAGCAAAACTCTGTCTCAAAAAAAAAAAAAAAAAAAAAAAAAAAAAA","GGCTGGACGCGGTGGCTCACGTCTGTAATCCCAGCACTTTGGGAGGCCGAGGCGGGTGGATCAAGAGGTCAAGAGATTGAGACCATCCTGGTCAACATGGTGAAACCCCGTCTCTACTAAAAATACAAAAATTAGCTGGGCATGGTGGCACGTGCCTGTAATCCCAGCTACTCAGGAGGCTGAGGCAGGAGAATTGCCTGAAACCAGGAGGCGGAGGTTGCGGTGAGCCTAGATCGTGCCATTGCACTCCAGCCTGGGTAACAAGAGCGAAACTCCGTCTCAAAAAAAAAAAAAAAGAAAAAAGAAAAA"
"chr3","142627434","142627730","JH378137","4716291","4716586","42","137911143","GGCTGGGTGCTGTGGCTCATGCCTGTAATCCCAGCACTTTGGGAGGGGGAGGCGGGCAGATCACGATGTCAGGAGTTCGAGACCAGCCTGGCCAACATGGTGAAACCCCCTCTCTACTAAAAATACAAAAGTTAGCCAGGCGTGGTGGTGGACGCCTGTAATCCCAGCTACTCAGGAGGCTAAGGCAGGGGAATCGCTTGAAACTGGAAGGCACAGGTTGCAGTGAGCCGATATCGCAGCCTCTGCACTCCAGCGTGGGCGAAAGAGTGAAACTATGTCAAAAAAAAAAAAAAAAAA","GGCCGGGCACAGTGGCTCATGCCTGTAATCCCAGCACAGTGGGAGGCAGAGGCAGGTAGATCACGAATTCAGGAGTTCGAGACCATCCTGGCCAACATGGTGAAACCCCATCTCTACTAAAAATACAAAAATTAGTTGGGTGGTGGTGTGCACCTATAATCCCAGCTATTTGGGAGGCTGAGGCAGTAGAATCGCCTGGAACTGGAAGGCATAGGTTGCAGTGAGCCGAGATCACACCACTGCACTCCAGCCTGGGCAAAAGAGTGAAACTCCATCTTAAAAAAAAAAAAAAAAAA"
"chr3","150054087","150054347","JH378139","4978818","4979087","54","145075269","GCCTGTAATCTCAGCACTTTAGGAGACTGAGGCAGGCAGATCACAAGGTCAGTCAAGACCAGCCTGGCCTTCATGGTGAAATCCCGTCTCTACTAAAAATACAAAAATTAGCCGGGCATGGTGATGGGCACCTTTAATCTCAGTTTCTTGGGAGGCTGAGGCAGGAGAATCACTTGAAACCGGAAGGCAGAGGTTGCAGTGAGCCAAGATCGCACCACAGCACTCCAGCCTGGGCAACAGAGAGAGACAACATCTCAAAAA","CACACCTGTAATCCCAGCACTTTGGGAGATGAAGGTGGGCGGATCACGAGGTCAGGAGTTCAAGACCAGCTTGGCCAACATGGTGAAACTCCATCTCTACTAAAAATACAAAAATTAGCCAGGCATGGTGGCAGGTGCCTGTAATTCCAGCTCCTTGGGAGGCTGAGACAGGAGAATCTCTTGAAACCAGAAGGCGGAGGTTGCTGTGAGCTGAGATCGCGCCACTCACTCCAGCCTGGGCAAAAGAGCAAAACTCTGTCTCAAAGAAAA"
"chr3","151199855","151200142","JH378177","4921681","4921961","58","146278174","GTAATCCCAGAACTTTGGGAGGCCGAGGCGGGTGGAATACGAGGTCAGCAGTTCGAGACCAGCCTGACCAACATGATGAAACTCCGCCTCTTCTAAAATTACAAAAAAAATTAGCTGGGCGTGGTAGCGGCCTCCTGTAATCTCAGCGACTTGGGAGGCTGAGGCAGGAAAATCGCTTGAAACCGGAAGGCGGAGGTTGCAGTGAGCGGAAATTGCACCACTGCACTCTAGCCTGGGCAATAAGAGCAAAACTCCGTCTAAATAAATAAGTAAATAAATAAATAAAAA","CTGTAATCCCAGTACTTTGGGAGTCCAAAGTGGGTGGATCACAAGGTTAGGAGTTAGAGACCAGGCTGGCCAATATGGTGAAACCCTGTCTCTACTAAAAATACAAAAATCAGCTGAGCATGGTGGTGAGTGCCTGTAACCCCAGCTTCTTGGGAGGCTGAGGCAGGAGAATCGCTTGAAACAAGAAGGTGGGGGTTGCAGTGAGCTGAGATTGCACCACTGCACTCCAGCCTGGGCACAAACGCAAAACTCCATCTCAAAAAATAAATAAATAAGAAAAA"
"chr3","156223433","156223752","JH378170","7759979","7760296","53","148463454","GGCCGGGCATGGTGGCTCACACCTGTAATCCCAGCACTTTGGGAGGCTGAGGTGGGTGGATCACAAAGTCAGGAGTTTGAGACCCAGCCTGGCCAACATGGTGAAACCCTGTCTCTATAAAAAATATTAAAAAAAAAAAATTAGCTGGGCATGGTGGCAGGCGCCAGTAATCCCAGCTACTGGGGAGGCTGAGGCAGGAGAATCGCTTGAACCTGGGAAGGTGGGGGTTGCAATAAGCCAAGATCGCCCCACTGCACTCCAGCCTGGGCAATAAGAGTGAGACTCCGTTTCAAAAAAATAAAAAAATTAAAAATTAAAAA","GCCGGGTGCGGTGGCTCAAGCCTGTAATCCCAGCACTTTGGGAGGCTGAGGCGGGTGGATCACGAGGTCAAAAGATCGAGACCATCCTGGTCAACATGGTGAAACCCCGTCTCTACTAAAAATACAAAAAAAAAAAAAAAATTAGCTGGGCATGGTGGCGCGTGCCTGTAATCCCAGCTACTCAGGAGGTTGAGGCAGGAGAATTGCCTGAAACCGGGAGGCGGAGGTTGCAGTGAGCCAAGATCGCGCCATTGCACGCCAGCCTGGGTAACAAGAGCGAAACTCTGTCTCAAAAAAAAAAAATAAATAAAATAAAAA"
"chr3","157833124","157833437","JH378205","1510121","1510420","52","156323003","GGCTGGGCGTGGTGGCTCACGCCTCTAATCCCAGCACTTTGGGAGGCCAAGGCTGGCAGATCACGAGGTCAGGAGTTCGAGACCAGCCTGGCCAACATGGTGAAACCCTGTCTCTGTTAAAAATACAAAAAATTAGCCCGCCGGTGGTGGCGGGGCACCTGTAATCCCCAGGCTACTCAGGGAGGGCTGAGAGGCAGGAGAATCACTTGAAACTAGAAGGCAGATTTTGCAGTGAGCTGAGATTGCACCACTCCAGCCTGGTCAACAAGAATGAAACAATGTCTCAAAAAAAAAAAAAAAAAAGAAAAGAAAAA","GGCTGGACGTGGTGGCTCACACCTGTAATCCCAGCACTTTGGGAGGCCAAGGTGGGCAGATCACGAGGTCAGGAGTTCGAGAACAGCCTGGCCAACATGGTGAAACCCCATCTCTACTAAAAATACGAAAATTAGCTGGGCGTGCTGGCGAGCACCTGTAATCCCAGCTACTCGGGAGGCTGGGGCAGGAGAATCACTTGAAACCGGAAGGCAGAGTTTGCAGTGAGCTGAGATCGTGCCATTGCACTCCAGCCTGGGCGACAGGAGTGAAATTCTGTCTCAAAAAGAAAAGAAAAGAAA"
"chr3","160067331","160067581","JH378140","14368734","14368986","47","145698597","GGGAAGCCGAGGTGGGCAGATCACGAGGTCAAGAGTTCGAGATAAGCCTGGCCAATATGGTGAAACCGACTCTACTAAAAACACAAAAATCAGCTGGGCATTGTGGTGGGCGCCTGTAATCCCAGCTACTTGGGAGGCTGAGGCAGGAGAATCTCTTGAAACCAGAAGGCGGCAGTTGCAGTGGGCTGAGATTGCACCACTGCACTGCAGCCTAGGCGAAGGGCGAAACTCTGTCTCAAAGAAAAAAAAAA","GAGGCTGAGGTGGGAGGATCAGGAGGTCAGGAGTTCGAGACCAGCCTGGCCAACATGGTGAAACCCCATCTCTACTAAAAATACAAAAATTAGCCGGGCGTGGTGGCGGATGCCTGTAATCCCAGCTACTCAGGAGGGTGAGGCAAGAGAATCGCTTGAAACTGGAAAGCGGAGATTCCAGTGAGCTGAGATCACGCCAATGCACTCTAGCCTAGGCGAAAGAGCAAAACTCCGTCTCTAAATAAATAAAAAA"
"chr3","162911150","162911457","JH378190","1325792","1326096","45","161585358","GGCTGGGTGCAGTGGCTCACACCTGTAATTCCAGCACTTTGGGAGGGTGAGGTGGGTGGATCACGAGTTCAGCAGTTCAAGACCAGCCTGACCAACATGGTGAAACCCTGTCTCTACTAAAAATACAACAATTAGTTGAGCGTGGTGGCAGGCACCTGTAATCCCAGCTACTTGGGAGGCTGAGGCAGGAGAATTGCTTGAAACCAGAAGGCAGAGGTTGCAGTGAGCCAAGGTTGTGCAACTGTACTCTAGCCTGGGAAGCAAGAGTGAAACTCTATCTCAAAAAATAAATAAATAAAAATAAAAAA","GCCAGGCACGGTGGCTCACGCCTGTAATCCCAGCATTTTGGGAGGCCGAGGCAGGCGGATCATGAGGTCAGGAGTTCGAGACCAGCCTGGCCAACATGGTGAAACCCTGTCTCCACTAAAAATACAAAAATTAGCTGGCTGTGGTGGTTGGCACCTGTAATCCCAGCTACATGGGAATCTGAGGCAGAAGAATTGCTTGAAACCAGAAGGCAGAGGTTGCAGTGAGCCAAGATCATGCCACTACACTCAAGCCTGGATGAAAGAGTGAAACTCTGTCTCAAAAAAAAAAAAAAAAAAAAAAAAAA"
"chr3","164488403","164488693","JH378190","1369448","1369736","42","163118955","GTGGTGGCTGACGCCTGTAATCCCAGCACTTTGGGAGGCTGAGGTGGGCCAATCACGAGGTCAGGAGTTCGAGACCAGCCTGACCAACATGGTGAAACCCCGTCTCTACTAAAAATACAAAAATTAGCCGGGTGTGGTGGGGGGTTCCTGTAATCCTAGCTACTTGGGAGGCTGAGGCAGAAGAATTGCTTGAAACTGGAAGGCAGAGGTTGCAGTGAGCCGAGCTCGCACCACTGTACTCCTGCCTGGGTGAAAGAGTGAAACACCATCTCCAAAAAAAAAAAAAAAAAA","GGCATAGTGGCTCACGCCTGTAATCCCAGCACTTTGGGAGGCTGAGGTGGGTGGATCATGATGTCAGGAGTTCGAGATCAGCCTGACCAACATGGTGAAACCCTGTCTGTACTAAAAATACAAAAATTAGCTGGGCATGGTGGCAGGCACCTATAATCCAAGCTACTTGAGAGGCTGAGGTAGGAGAATCACTTGAAACCAGAAGGCAGAGTTTGCAGTGAGCTGAGATCACACCACTGCACTCCAGCCTGGGTGAAAGAGTGAAACTGCATCTAAAAAAAAAAAAAAA"
"chr3","166453716","166453893","JH378179","1282549","1282728","24","165171167","GGCCAGGCGTGGTGGCTCACACCTGTAGTCCCAGCACTTTGGGAGGCTGAGGTGGGTGGATCACGAGGTCAGGAGTTTGAGATCAGCCTGGCCAACATGGTGAAACCCGTGTCTACCAAAAATACAAAAATTAGCTGGGCCTGGTGGCAGGCGCCTGTAATCCCAGCTACTCAGGAGG","GGCTGGGCGCAGTGGCTCATGCCTGTAATCCCAGCACTTTAGGAGGCTGAGGTGGGTGGATCATGAGGTCAGGAGTTCGAGACCAGCCTGGCCAACATGGTGAAACTCCATCTCTACCAAAAATACAAAACATAGCTGGGCATGGTGGGGGGTGCTTGTAATCCCAGCTACTCGAGAGGC"
"chr3","166643778","166644064","JH378123","14223567","14223865","50","152420211","GGCCGGCCGCGGTGGCTCATGCCTGTGATCCCAGCACTTTGGGAGGCCGAAGCAGGCAGATCACGAGGTCAGGAGTTCGAGCCATAACATGGCGAAACCCCATCTCTACTAAAAATACAAAAATTAGGTGTGGTGGTGGGCACCTGTAATCCCAGCTACTCAGGAGGCTGAGACAGGAGAATCACTTGAACCTGGAAGGCAGAGGTTACAGTGAGTTAAGATCGTGCCACTGCACTCCAGCCTGGGCTACAAGAACAAGACTGCATCTCAAAAAAAAAAAAAAAAAA","GACCAGGTGCAGTAGCTCACGCCTGTAATCCCAGCACTTTGGGAGGCCAAGGCAGGCAGATCACAAGGTCAGGAGTTCAAGATGAGCCTAGCCAACATGGTGAAACCCCATCTCTACTAAAAATTCAAAAATTAGCCGAGCTGGTGGCAGGCACCTGTAATCCCAGTGACTCAGGAGGCTAAGCCAGGAGAATCGCTTGAAACTGGAAGGCGGAGATTGCAGTGAGCTGAGATGGCACCACTGCACTCCAGCCTGGGCAACAAGAGTGAAAATCCATCTCAAAAAAAAAAAAAAAAAAA"
"chr3","166839444","166839745","JH378124","6602405","6602705","40","160237039","GACTGGGTGCAGCGGTTCACGCCTGTAATCCCAGCACTTTGGGAGGCCGAGACGGGCAGATCACGAGGTCAGGAGTTCGAGACCAGCCTGGCTAACATGGTGAAACCCCATCTCTACTAAAAATACAAAAATTAGCTAGGCGTGGTGGCGGGCGCCTGTAATCCCAGATACTAGGGAGTTGAGGCAGGAGAATCGCTTGAATCTGGAAGGGGGAGGTTGCAGTGAGCCAAGATCGCATCATTGCACTCCAGCCTGGGCAACAAGAGTGAAACTCCGACTCAAAAAAAAAAAAAAAAAAAAAA","GGCTGGGTGCAGTGACTCATGCCTGTAATCCCAGCACTTTGGGAGGTTGAGGCCAGTGGATCACAAGGTCAGGAGTTCGAGACCAGCCTGGCCAACATGGTGAAACCCCATCTCTACTAAAAATACAGAAATTAACTGGACGTGGTGGCAGACGCCTGTAATCCTAGCTACTCGGGAGACTGAGGCAGGAGAATCACTTGAAACCGGAAGGTGGAGGTTACAGTGAGCCCAGATTGCAGCACTGCACTCCAGCCTGGCCAAGAAGAGTGAAACTCTGTCTCAAAAAAAAAAAAAAAAAAAA"
"chr3","168308667","168308950","JH378146","6921944","6922227","41","161386723","GGCCGGATGTGGTGGCTCACACCCGTAATCCCAACACTTTGTGAGGCTGAGGTGGGCGGATCACGAGGTCAGGAGTTCGAGACCAGCCTGGCCAACATGGTGAAACCTTGTTTCTACTGAAAATACAAAAATTAGCCAGGCATGGTGGCAGGCGCCTGTAATCCCAACTACTCGAGAGGCTGAGGCAGGAGAATCGCTTGAAACCAGAAGACAGAGGTTGCAGTGAGGTGAGATCACACCACTGCACTCCAACCTGGGTGAAAGAGCAAAACTCCATCTCAAAA","GGCTGGGCGTGGTGGCCCATGCCTGTAATCCCAGCACTTTGGGAGTCCGAGGTGGGCGGAACACGAGGTCAGGAGTTCAAGACCAGCCTGGTCAACATGGTGAAACCCGATCTCTACTAAAAATACAAAAATTAGCCAGGCGTGGTGGTGGGCTCCTGTAATCCCAGCTACTCAGGAGACTGAGGCAGGAGAATTGCTTGTAACCAGAAGGTGGAGGTTGCAGTGAGCCGAGATCATGCCACTACACTCCATCCTGGGCGAAAGAACCAAACTCCATCTCAAAA"
"chr3","169772752","169773049","JH378148","3009466","3009760","41","166763286","GGCCAGGCGCCATGGCTCACACCTGTAATCCCAGCACTTTGGGAGGCCGAGGGGGGGTAGGTCATGAGGTCAGGGGTTCGAGACCAGCCTGGCCAACATGGTGAAACCCTGTCTCTACTAAAAATACAAAAATTAGCCAAGCGTGGTGGTGGACGCCTGTAATTCCAGCTACTCAGGAGGCTGAGGCAGGAGAATCCCTTGAAACTAGAAGGCAGAGCTTGCAGTGAGCCGAGCCGAGATCACAACACTGCACTCCAGCCTAGGCAAAAGAGCAAAACTCCATCTCAGGGGAAAAAAA","GGCCAGGTGTGGTGGCTCACGCCTGTAATCCCAGCACTTTGGGAGGCCGAGGCAGGTGGATGATGAGGTCAGGAGTTCGAGACCAGCCTGGCCAAAATGGTGAAACCCTGTCTCTACTAAAAATACAAAAAAATTAGCCAGGCGTGGTGGCATGCGCCTATAATCCCAGCTACTCAGGAGGCTAAGGCAGGAGAATCACTTGAAACCAGAAGGCAGAGGTTGCAGTGAACTGAGATCACGCCACTGCACTCCAGCCTGGGCAACAAGAGCAAAACTCCATCTCAAAAAATAAAAA"
"chr3","170026206","170026428","JH378115","15568332","15568546","52","154457874","CCTGGGCAACGCGTGAGACTCCGTCCTCAAAAAAAAAAAATAGCTTGGGCGTGGTGGCGGGCACCCTGTAAATCCCAGCACTTAAGGAGGCTGAGGCAGGAGAAAATCGCTTAAACCAGAAGGCAGAGGTTTGCCAGTAGGCCCGAGATTGTGCCCACTATACTCCAGCCTGGGCAACAAAGAGCTAAACTCCGTCTCCAGAAAAAAAAAAAAAAAAAAAAAA","ACATGGTGAAACCCTATCTCTATTAAAAATACAAAAATTAGCCAGGCATGGTGGCGGGCACCTGTAATCCCAGCTACTTGGGAGGCTGAGGCAGGAGAATCACTTGAAACTGGAAGGCAGATGTTGCAGTGGGCTGAGATCATAGCACTGGACTCCAGCCTGGGCAACAAGAGCTAAACTCCATCTCAAAAAAAAAAAAAAAAAGAAAAAAAAAA"
"chr3","172111417","172111717","JH378136","18027573","18027877","44","154083844","GGCACGGCACGGTAGCTCACACCTGTAATCCCTGCACTTTAGGAGGCTGAGGCAGGTGGATCACACGGTCAGGAGTTTGAGACTAGCCTGATGAACATGGTGAAACCCCGTCTCTACTAAAAATACAAAAATTAGCCGGTCGTGGTGGCGGGCGCCTGTAATCCCAGCTACTCGGGAGGCTGAGGCAAGAGAATTGCTTGAACCCGGAGGCTGAGGTTGTGGTGAGCCAAAATCATGCCAATGCAATCCAGCCTGGGCAACAAGAACAAAACCCCACCAAAAAAAAAAAAAAAAAAAAAAA","GGCCGGGCGCGGTGGCTCAAGCCTGTAATCCCAGCACTTTGGGAGGCCGAGGCGGGTGGATCACGAGGTCAAGAGATCGAGACCATCCTGGTCAACATGGTGAAACCCCGTCTCTACTAAAAATACAAAAAATTAGCTGGGCATGGTGGCGTGTGCCTGTAATCCCAGCTACTCAGGAGGCTGAGGCAGGAGAATTGCCTGAAACCAGGAGGCAGAGGTTGTGGTGAGCCGAGATCACGCCATTGCACTCCAGCCTGGGTAACAAGAGCTAAACTCCGTCTCAAAAAAAAAAAAAAAAAAAGAAA"
"chr3","174252082","174252384","JH378216","3793751","3794051","37","170458331","GGCCAGGCGTGGTGGCTCACATCTGTAATCCCAGCACTTTGGGAGGCTGAAGCGGGTGGATCATGAGATCAGGAGTTCAAGACCAGCCTGGCCAACACTGTGAAACCCCGTCTCTACTAAAAATACAAAAATTAGCTGGGCGTAGTGGCAGGCACCTGTAATCCCAGCTACTCAGGAGGTTGAGGCAGGAGAATCGCTTGAAACTGGAAGGCAGAGGTTGCAGTGAGCCAAGATCGCGCCATTGCACTCCAGCCTGGGCAACAACAGTGAAACTCAGTCTCAAAAAAAAAAAAAAAAAAAAAA","GGCTGGGCGTGGTGGCTTATGCCTGTGATCCTAGCACTTTGGGAGGCCGAGGCGGGTGGATCACAAAGTCAGGAGTTCAAGACCAGCCTGGCCAACATGGTGAAACCTCGTCTCTACTAAAAATACAAAAATTAGCTAGGTGTGGTGGCAGGCGCCCATAACCCCAGCTACTCAGGAGGCTGAAGCAGGAGAATCCTTGAAACCAGAAGGCAGAGGTTGCAGTGAGCCAAGATCGCGCCATTGCACTCCAACTGGGGCCAAAGAGTGAAACTCCGTCGCAAAAAAAAAAAAAAAAAAAAAA"
"chr3","175596986","175597208","JH378115","31202561","31202787","36","144394425","CCAGCCTGGGCAACAGCGTGAGACTCCGTCTCAAAAAAAAAAAAAAATTAGCTGGGCGTGGTGGCGGGCACCTGTAATCCCAGCTACTTAGGAGGCTGAGGCAGGAGAATCGCTTGAAACCAGAAGGCAGAGGTTGCAGTGAGCCGAGATTGTGCCACTATACTCCAGCCTGGGCAACAAGAGCTAAACTCCGTCTCAGAAAAAAAAAAAAAAAAAAAAAAAA","AGCCTGGCCAACAGGGTGAAACTCTGTCTCTACTAAAAATACAAAAATTAGCTGGGTGTAGTGGTGGGCACCTGTAATCCCAGCTACTTGAGGAGACTGAAACAGGAGAATCGCTTGAAACCGGAAGGTAGAGATTGCAGTGAGCTGAGATTAGGCCATTGCACTCCAGCCTGGGCAACAAGAGCGAAACTCTGTCTCAAAAGTAAAATAAAACAAAATAAATAAAA"
"chr3","175714835","175715021","JH378111","22049650","22049841","36","153665185","GGCCAGGTGCAGTGGCCCATGACTGTAATCACACCACTTTGGGAGGCCAGGTGGGCAGATCATGAGGTCAGGAGTTTGAGACCAGCCTGGCCAACGTGGTGAAACCCCGTCTCTACTAAAAATACAAAAAAAATTAGATGGACGTGGTGGTGGGCACCTGTATCCCAGCTACTTGGGAGGCTGAGGC","GGCAGGGCACCGTGGCTCACGCCTGTAATCTCAGCACTTTGGGAGGCCAAGGCGGGCAGATCACTAGGTCAGGAGTTTGAGATCAGCCTGGCCAACATAGTGAAACCCCATCTCTACTAAAAATACAAAAAGTTAGCCGGGCATGGTGGTGGATTCCTGTAATTCTAGCTACTAGGGAGGCTGAGGCAGGAG"
"chr3","178784124","178784293","JH378163","8328457","8328624","23","170455667","GGCCGGGTTCAGTGGCTCACGCCTGTAATCCCAGCACTTTGGGAGGCTGAGGCAGGCAGATCACAAGGTCAGGAGTTCAAGACCAGCCTGGCCAACATGGTGAAACTCCATCTCTACTAAAAATACAAAAATTAGCCAGGCGTGGTGGTGGGTGCCTGTAATCCCAGCTA","GGCCAGGTGCAGTGGCTTACACCCGTAATCCCAGCACTTTGGGAGGCTGAGGCAGGCCGATCATGAGGTCAGAAGTCCGAGACTAGCCTGGCCAACATGGTGAAACCCTGTCTCTACTAAAAATACAAAAATTAGCTGGGTGTGGTGGCAGGTGCCTGTAATCTCAGC"
"chr3","178993959","178994258","JH378150","241281","241578","36","178752678","GGCCAGGCGTGGTGGCTCACGCCTGTAATGCCAGCACTTTGGGAGGCCGAGGCAGGCGGATCACAAGGTCAGGAGTTTGAGACCAGCCTGGCCAACATGGTGAAACCCCATCTCTACTAAAAACACAAAAATTAGCCAGGCATGGTGGCAGGTGCCTGTAATTCCAGCTGCTCAGGAGGCTGAGGCAGGAGAATCGCTTGAAACAGGAAGGCGGAGGTTGCAGTGAGCCAAGATCACACCACCACACTCCAGCCTGGGCAAAAGAGCAAAACTCCGTCTCAAAAAAAAAAAAAAAAAAAA","GGCTGGGCGTGGTGGCTCATGCCTGTAATCCCAGCACTTTGGGAGGCCTAGGCAGGCAGATCACAACGTGAGGAGTTTAAGACCAGCCTGGCCAACATGGTGAAACCTCATCTCTACTGAAAATACAAAAATTAGCTTGGCGTGGTGGTGGGCACCTGTAATCCCAGCTACTTGGGAGGCTGAGGCAGGAGAATCGCTTGTAACCAGAAGACGGAGGCTGCAGTGAGCCAACATCGCACCACTGCACTCCAGCTTGGGCAAAAGAGCGAAACTGTCTCAAAAAAAAAAAAAAAAAAAA"
"chr3","183649656","183649948","JH378245","3312448","3312742","37","180337208","GCCAGGTGTGGTGGCTCACGCCTGTAATCCCAGCACTTTGGGAGGCTGAGGCGGGCAGATCACGAGGTTAGGAGTCTGAGACCAGCCTGACCAACATGGTGAAACCCCTGTCTCTACTCAAAATACAAAAATAGCTGGGCATGGTGGCAGTTGCCTCTAATTCCAGCTACTTGGGTGGCTGAGGCAGGAGAATCGCTTGAAACCGGAAGGCACAGATTGTGATGAGCCAAGATTGTGCCACTGCACTCCAGCCTGGGCAAAAGAGGGAAACTCCGTCTCAAAAAAACAAAAAA","GGCCAGTCGTGGTGGCTCTCGCCTGTAATCCCAGCACTTCGGGAGGCTGAGGCAGGCAGATCATGAGGTCAGGAGTTTGAGACCAGCCTGGCCAATATGGTGAAACCCCGTCTCTACTAAAAATACAAAAATTAGCTGGACATGGTGGTGGGCGCCTGTAATCCCAGCTACTTGGGAGGCTGAGGCAGGACAATCGCTTGAAACCTGAAGGCGGAGGTTGCAGTGAGCCAAGATCATGCCACTGCACTCCAGCCTGGGCGAAAGAGTAAAACTCCGTCTCAAAAAAAAAAAGAAA"
"chr3","185263798","185264093","JH378113","18649350","18649646","52","166614448","GGCGCGGTGGTACACTGTAATCCCAGCACTTTGGGAGGCCAAGGCGGGCAGATCACAAGGTCAGGAATTCCAGACCAGGCTGGCCAACATGGTAAAACCTCGTCTCCACTCAAAAAACAAAAATTAGCCAGGTGTGGTGGCGGGCACCTGCAGTCCCAGCTACTCGGGAGGCTGAGGCAGGAGAAACGCTTGAAACTAGGAGGCAGAGGTTGCAGTGAGCCAAAATCAGGCCACTGCATTCCAGCCTGGGTGACAAGAGCAAAACCCCATCAAAACAAAACAAAAAAACAAACAAA","GGCCAGGCACAGTGGCTCACGCCTGTAATCCCAGCACTTTCGGAGGCCAAGGTGGGCAGATCACAAGGTCAGGAGTTCGAGACCAGCCTGGTCAACATGGTGAAACCCTGTCTCAACTAAAAATCCAAAAATTAGCCAGGTGTGGTGGTGGGCACCTGTAATCCCAGCTATCAGGGAGGCTGAGGCAGGAGGATTGCTTGAAACTGGAAGGCAGCGGTTACAGTGAGCCAAGATGGAGCCACTGCACTCCAGCCTGGGTGAAAGAGCAAAACTCCATCTCAAAATAAATAAATAAAA"
"chr4","3138890","3139197","JH378190","1325792","1326096","48","1813098","GGCTGGGCCCAGTGGCTTACACCTGTAATTGCAGCACTTTGGGAGGCCGAGGAGGGTGGATCATGAGGTCAGGAGTTCGGGACCAGCCTGGCCAACATGGTGAAACCCCCTCTCTACTAAAAATACAAAAATCAGCCAGGCATAGTGGTGGGCGCCTGTAGTCCCAGTTACTCAGGAGGCTGAGGCAGGGCAATTGCTTGAGATCAGAAGACAGAGGTTGCAGTGAGCCAAGATCACGCCACTCCACTCTAGCCTGGGTGAAACAGTGAAACTGTGTCTCAAAAAAAAAAAAAAAAAGAGAGAGAAAA","GCCAGGCACGGTGGCTCACGCCTGTAATCCCAGCATTTTGGGAGGCCGAGGCAGGCGGATCATGAGGTCAGGAGTTCGAGACCAGCCTGGCCAACATGGTGAAACCCTGTCTCCACTAAAAATACAAAAATTAGCTGGCTGTGGTGGTTGGCACCTGTAATCCCAGCTACATGGGAATCTGAGGCAGAAGAATTGCTTGAAACCAGAAGGCAGAGGTTGCAGTGAGCCAAGATCATGCCACTACACTCAAGCCTGGATGAAAGAGTGAAACTCTGTCTCAAAAAAAAAAAAAAAAAAAAAAAAAA"
"chr4","6781332","6781604","JH378195","2842417","2842689","69","3938915","GGCCAGGTCTGTGGCTCATCTGTGAATCCAAGCACTTTGGCAGCAAAGGTGGAGGAGATCATTAGGCCAGGAGTTTGAGGGCCAGCTGGCAACATGTGAAAACCCTGTCTCTTACTAAAAATAAAAAATAAGCAGGCATGCGCGGGTGGCCTGTCATCCCACTAGCTTGGGAGGCTGACGGGAGATCACTGAAAGCCTGGAGGTCAGAGGTTGCCAGTGAGCCGAGATCGCGCTACTGCACTCCAAGCCTGGCATACAAATGAGCGAAACTCC","GGCCAGCATAGTGGCTCATGCCTGTAATCCTAGCACTTGGGAGGCCAAGGCGGGTGGATCACGAGGTCAGGAGTTTGAGACCAGCCTGGCCAACATGGTGAAACCCTGTCTCTACTAAAAATACAAAAATTAGCCGGGTATGGTGGCGGGTGCTTGTAATCCCAGCTATTTAGGAGGCTGAGGCAGGAGAATTGCTTTAAACCGGAAGGCAGAGGTTGCAGCGAGCCAAGATTGTGCCCCTGCACTCCAGCCTGGGCGACGGAGCGAAACCCC"
"chr4","7896192","7896495","JH378127","13837233","13837537","58","5941041","GGCCCGGCACAGTAGCTCATGCCTGTAATCCCAGCACTTTTGGATGCCGAGGCAGGCGGATCATGAGGTCACGAGTTGGAGACCAGTCTGGCCAACATGGTGAAACCCCATCTCTACTAAAAATGCAAAAATTAACCGAGCGTGGTGGCCTGTGGTCCCAGCGACTCTGGAGGCTGAGGCAGGAGAATCACTTGAAACTGGAAGATGGAGGTTCCAGTAAGCCAAGAGTACGTCACTGCAGTCCAGCCTGGGCAACAAGAACAAAACTCTGTCTCAAAAAACAAAACGAAAACAAACAAAAAAA","GGCCGGGCATGGTGGCTCAAGCCTGTAATCCCAGCACTTTGGGAGGCCAAGGCGGGTGGATCACGAGGTCAAGAGATCGAGACCATCCTGGTCAACATGGTGAAACCCCGTCTCTACTAAAAATGCAAAAAATTAGCAGGGCATGGTGGCGCGTGCCTGTAATCCCAGCTACTCAGGAGGCTGAGGCAGGAGAATTGCCTGAGGCCAGAAGGTGGAAGTTGCAGTGAGCCAAGAGTGCGCCATTGCACTCCAGCCTGGGTAACAAGAGCGAAACTCCATCTCAAAAAAAAAAAAAAAAAAAAAAA"
"chr4","9458145","9458447","JH378156","7076545","7076843","51","2381600","GCCAGAAGCGGCGGCTCACGCCGGTAATCCCAGCATTTTGGGAAGCTGAGGCAGGTGGATCACGAGGTCAGGAGTTCAAGACCAGCCTGGCCAACACAGTGAAACCCTGTCTCTACTAAAAATACAAAAATTAGCTGGGCACAGTGGTGAGTACCTGTAAGTAATCCTAGCTAAGCGGGAGACTGAGGCAGTAGAATCACTTGAAAACAGAAGGTGGACGTTGCAGTGAGCCGAGAGTAGCGCCTCTGCACTCCAGCCTGGGCGAAAGAGCGAAACTTCATCTCAAAAAAAAAAAAAAAAAAA","GGCCAGGTGCGGTGGCTCACGCCTGTAATTCCAGCACTTTGGGAGGCTGAGGCAGGTGGATCATGAGGTCAAGAGGTCAAGACCATCCTGGTCAACATGGTGAAACCCCGTCTCTACTAAAAATACAAAAAATTAGCTGGGCGTGGTGGCGGGTGCCTGTAATCCCAGCTACTCAGGAGGCTGAGGCAGGAGAATTGCCTGAAGCCAGAAGGCAGAGGTTGCAGTGAGCCGAGATAGCGCCATTGCACTCCAGCCTGGGTAACAAGAGCGAAACTCCATCTCAAAAAAAAAAAAGAAAA"
"chr4","10022796","10023131","JH378316","958682","959016","63","9064114","GCCAGTCGTGGTGGCTCACACCTGTAATCCCAGCATTTTGGGAGGCTGAGGTGGGTGGATCATGAGGTCAGGCGTTCAAGACAAGCCTGGTCAACATAGTGAAACCCCATCTCTACTAAAAATACAAAAATTAGCTGGGTGTGGTGGTGGGTGCCTGTAATCCCAGCTACTCTAGAGGCTGAGGCAGGAGAATCGCTTGAAACCACTACGCAGGAGAATTGCTTGAAACCACAAGGCAGAGGTTGCAGTGAGCTGAGATCCTGCCACTGCACTTCAGCCTGGGCTACAAGAGCGATACTCCATTTCAAAAAAAAAAAAAAAGGGAAGAAAAAAGAA","GGCCGGGCGCGGTGGCTCACGCCTGTAATCCCAGCACTTTGGGAGGCCGAGGCGGGTGGATCACGAGGTCAGGAGATCGAGACCATCCTGGTCAACATGGTGAAACCCCGTCTCTACTAAAAATACAAAAAATTAGCTGGGAGTGGTGGCGTGTGCCTATGATCCCAGCTACTCAGGAGGCTGAGGCAGGAGAATTCCCTGAAGCCAGGAGGCTGAGGCAGGAGAACTGCCTGAAACCAGGAGGTGGAGGTTGCGGTGAGCCGAGATCGCGCCATTGCACTCCAGCCTGGATAACAAGAGTGAAACTCCGTCTCAAAAAAAAAAAAAAAAAAGAA"
"chr4","10171955","10172129","JH378194","3698567","3698741","32","6473388","AATTAGCCGGGCATGGTGGCGGGCGCCTGTAATCTCAGCTACTTGAGAGGCTGAGGCAGGAGAATCGTTTTAAACCTGGAGGTGGAGATTGCAGTGAGCCGAGATAGCGCCACTGCACTCCAGCCTGGGCAACAAGAGTGAATCTCCATCTCAAAAACAAACAAACAAACAAAAA","ATTAGCTGGGCATGGTGGTAGGTACCTGTAATCCCAGCTACTCAGGAGGCTGAGGCAGGAGAATCATTTGAAACTGGAAGGCAGAGGTTGCAGTGAGCCAAGATCACACCACTGCACTCCAGCCTGGGCAACAAGTGTGAAACTCAGTCTCAAAGAAACATGAAAATAAACAAAA"
"chr4","14051138","14051433","JH378113","18649350","18649646","39","4598212","GGCCGGGCAAAGTGGCTCGCCTGTAATCCCAGCACTTCAGGAGGCCGAGGCGGGCGGATCACGAGGTCAGGAGGTCGAGACCAGCCTGGCCAACATGGTGAAACCCCGTCTCTACTAAAAATACAAAAATTAGCCAGGCATGGTGGCGGTCACTTGTAGTCCCAGCTACTTGGGAGGCTAAGGCAGGAGAATCGCTTGAAACTGGAAGGCAGAGGTTACAGTGAGCAGAGATCGTGCCACTGCACTCTAGCCTGGGCGAAAGAGCAAAACTCCATCTCAGAAAAAGAAAATAAAAA","GGCCAGGCACAGTGGCTCACGCCTGTAATCCCAGCACTTTCGGAGGCCAAGGTGGGCAGATCACAAGGTCAGGAGTTCGAGACCAGCCTGGTCAACATGGTGAAACCCTGTCTCAACTAAAAATCCAAAAATTAGCCAGGTGTGGTGGTGGGCACCTGTAATCCCAGCTATCAGGGAGGCTGAGGCAGGAGGATTGCTTGAAACTGGAAGGCAGCGGTTACAGTGAGCCAAGATGGAGCCACTGCACTCCAGCCTGGGTGAAAGAGCAAAACTCCATCTCAAAATAAATAAATAAAA"
"chr4","15339751","15340046","JH378127","10024758","10025055","45","5314993","GGCCAGACGCGGTGGCTCATGCCTGTAATCCCAACACTTTGAGAGGTGGAAGCGGATGGATCACAAGGTTAGGAATTCGAGACCAGCCTGGCCAACGTGGCACAACCCCTTCTCTACTAAAAACACAAAAATTAGCTGGGCATGGTAGTGGACGCCTGTAATCCCAGCTGCTCAGGAGGCTGAGGCAGGAGAATCACTTGAACCCAGAAGGCAGAGGTTGCAGTGAGCCGAGATCGTGCCATTGCACTCCAGCCTGGGCAACAAGAGCAAGATTCCATCTTAAAAAAAAAAAAAAA","GGCCGGGCGCGGTGGCTCAAGCCTGTAATCCCAGCACTTTGGGAGGCCGAGGCGGGTGGATCACGAGGTCAAGAGATCGAGACCATCCTGGTCAACATGGTGAAACCCCGTCTCTACTAAAAATACAAAAAATTAGCTGGGCATGGTGGCGTGTGCCTGTAATCCCAGCTACTCAGGAGGCTGAGGCAGGAGAATTGCCTGAGACCAGGAGGCGGAGGTTGCAGTGAGCCGAGATCGCGCCATTGCACTCCAGCCTGGATAACAAGAGCGAAACTCCGTCTCAAAAAAAAAAAAAAAA"
"chr4","16999112","16999410","JH378205","1510121","1510420","40","15488991","GACCGGGCGCGGTGGCTCACAACTGTAATCCCAGCATTTTGGGAGGCCGAAGTGGGTGAATCACGAGGTCAGGAGTTCAAGACCAGCCTGGCCAACATGGTGAAATCCCATCTCTACTAAAAATGCAAAAATTAGCCGGGTGTGGTGGTGGGCGCCTATAATCCTAGCTACTGGGGAGGCTGAGACAGGAGAATTGCTTGAAACCAGAAGGCAGAGGTTGCAGTGAGCTGAGATTGTGCCACTGCACTCCAGCCTGGGTGAAAGAGTGAAACTCTGTCTCAAAAAAAAAAAAAAAAAAA","GGCTGGACGTGGTGGCTCACACCTGTAATCCCAGCACTTTGGGAGGCCAAGGTGGGCAGATCACGAGGTCAGGAGTTCGAGAACAGCCTGGCCAACATGGTGAAACCCCATCTCTACTAAAAATACGAAAATTAGCTGGGCGTGCTGGCGAGCACCTGTAATCCCAGCTACTCGGGAGGCTGGGGCAGGAGAATCACTTGAAACCGGAAGGCAGAGTTTGCAGTGAGCTGAGATCGTGCCATTGCACTCCAGCCTGGGCGACAGGAGTGAAATTCTGTCTCAAAAAGAAAAGAAAAGAAA"
"chr4","17997074","17997380","JH378129","7783178","7783478","45","10213896","GGCCAGGCGCGGTGGCTCACGCCTGTAATCCTAGCACTTTGGGAGGCCAAGATGGGCGGATCACAAGGTCAGGAGATCGAGACCATCCTGGCCAACACGGTTAAACCCCGTCTCTACTAAAAATACAAAACTTAGTCAGATGTGGTGGCAGGCACCTGTAATCCCAGCTACTCAGGAGGTCGAGGCAGAAGAATCGCTTGAAAACAGAAGGCGGAGGTTGCAGTGAGCAGAGATCGTGCCACTGAACTCCATCCAGCCTGGGCAACAAGAGTGAAACTCCGTCTCAAAATAAATAAATAGAAACAAA","GGCCGGGCGCGGTGGCTCAAGCCTGTAATCCCAGCACTTTGGGAGGCCGAGGTGGGTGGATCACGAGGTCAAGAGATCGAGACCATCCTGGTCAACATGGTGAAACCCTGTCTCTACTAAAAATACTAAACATTAGCTGGGCATGGTGGCGCATGCCTGTAATCCCAGCTACTCAGGAGGCTGAGGCAGGAGAATTGCATGAAACCAGGAGGCGGAGGTTGCGGTGAGCCGAGATCGTGCCATTGCACTCCAGCCTGGGCAACAAGAGTGAAACTCCGTCTCAAAAAAAAAAAAAAAAGAA"
"chr4","19605718","19606016","JH378123","21576066","21576366","42","1970348","GGCTGGGCGCAGTGGCTCACGCCTATAATCCCAGCACTTTGGGAGGCCAAGACAGGCAAACCACGAGGTCAGGAGCCCAAGACCAGCCTGACCAACATGGTGAAACCTTGTCTCTACTAAAAATACAAAAATTAGCTGGATGTGGTGGTGGGCACCTGTAATCCCAGCTACTCGGGTGGCTGAGGCAGGAGAATCGCTTGAACCTGGAGGGCAGAGGTTGCAGTGAGCTGACATCATGCCATTGCACTCCAGACTGGGCAACAAGAACAAGACTTCATCTCAAAAAAAAAAAAAAAAAA","GGCTGGGCACGGTGACTCACACCTGTAATCCCAACATTTTGGGAGGCTGAGGCAGGCAGATTACAAGGTCAGGAGTTCAGGACCAGCCTGGCCAGCATGGTGAAACCCTGTCTCTACTAAAAACACAAAAATTAGCTGGGCATGATGGTGAGCACTTGTAATCCCAGCTACTCGGGAGGCTGAGGCAGCAGAATAGCTTGAAACTGGAAGGTAGAGGTTGCAGTGAGCTGAGATCACGCCATTGCACTGCAGCCTGGGCAACAAGAGCAAAACTCCATCTCAAAAAAAAAAAAAACAAAAA"
"chr4","20577414","20577714","JH378245","3312448","3312742","37","17264966","GGCCCGGCGTGGTGGCTCATGACTGTAATCCCAGCACTTTGGGAGGCTGAAGCAGGCAGATCACGAGGTCAGGAGTTTGAGACCAGCCTGGCCAACATGGTGAAACCCTGTCTCTACTGAAAATACAAAAATTAGCCGGGTGTGGTGGCGGGCACCTATAATCCCAGCTACTTGGGAGGCTGAGGCAGGAGAATCTCTTGAAACCAAAGGGCGGAGGTTGCAGTGAGCCAAGATCATGCCACTGCACTCCAGCCTGGGCAACAGGGTGAGACTCTGTCCCAAAAAACATAAAATAATAAAA","GGCCAGTCGTGGTGGCTCTCGCCTGTAATCCCAGCACTTCGGGAGGCTGAGGCAGGCAGATCATGAGGTCAGGAGTTTGAGACCAGCCTGGCCAATATGGTGAAACCCCGTCTCTACTAAAAATACAAAAATTAGCTGGACATGGTGGTGGGCGCCTGTAATCCCAGCTACTTGGGAGGCTGAGGCAGGACAATCGCTTGAAACCTGAAGGCGGAGGTTGCAGTGAGCCAAGATCATGCCACTGCACTCCAGCCTGGGCGAAAGAGTAAAACTCCGTCTCAAAAAAAAAAAGAAA"
"chr4","22059883","22060175","JH378148","12566856","12567148","41","9493027","GGCCAAGTGCGGTGGCTCACGCCTGCAATCCCAGCACTTTCAGAGGCCGAAGTGGGCAGATCACGGGCTCAGGAGATTGAGACCATCCCTGGCCAACATGGCGAAACCCCGTCTCTACTAAAAATACAAAAATTAGCTGGGTGTGGTGGTGGGCGCCTGTAATTCCAGCTACTGGGGAGGCTGAGTCAGGAGAATCACTTGAAACTGGAAGGTGGAGGTTGCAGTGAGCCGAGATCGCGCCACCGCACTCCAAACCGGGCAAAATAGCGAAACTGCATTTAAAAAAAAAAAAA","GGCCAGGTGCTGTGGCTCACGCCTGTAATCCCAGCACTTTCGGAGGCCAAGGCGGGTGGATCATGAGGCCAGGAGTTCGAGACCAGCCTGGCCAATATGGTGAAACCCTGTCTCTACTAAAAATACAAAAATTAGTTTGGCGTGGTGGTGGGTGCCTGTAATCCCAGCTACTCGGGAGGCTAAGGCAAGAGAATCGTGTGAAACTGGAAGGTGGAGATTGCAGTGAGCCGAGATCACGCCACTGCACTCCAACCTGGGCAAAAGAGCGAAACTCTGTTTCAAAAAAAAAAAAA"
"chr4","22117731","22118020","JH378119","27398979","27399261","52","5281248","AATACTAGCACTTTGGGAGGCCAAGGTAGGTGGATCACGAGGTCAGGAGTTCGAGACCAGTTTGGCCAACATAGTGAAACCCCGTCTCTACTAAAAATACAAAAATTAGCCAGGTGTGGTGGCAGGCACCTGTAATCCCAGCTACTCGGGAGGCTGAGGAAAGAGAATCAATTGAAACCGGATGGTGGAGTTTACAGTGAAACAAGATCGAGCCACTGCACTCCAGCCTGGGCAACAAAAGCAAAACTCCGTCTCAAAAAAAAAAAAAAAAAAAAAAGAAAGAAAAAAAA","CTATAATCCTACCACTTTGGGAGGCCAGGGTGGGTGGATCACTAGGTCAGGAGTCCGAGACCAGCCTGGCCAACATGGTGAAACACTGCCTCTACTAAAAATACAAAAATTAGCCAGGTATAGTGGCAGCCATCTGTAATCTCAGCTACTCGGGAGGCTGAGGCAGGAGAATTGCTTGAACCTGGAAGGCAGAGGTTGCAGTGAGCCAAGATCGTGCCATTGCACTCCAGGCTGGACAACAAGAACAAAACTCCGTCTCAAAAAAAAAAAAAAAAAAAAAAAA"
"chr4","23463692","23463997","JH378205","1510121","1510420","43","21953571","GGCTGGGCGCGGTGGCTCACGTCTGTGATCCCAGCACTTTGGGAGGCCAAGGTGGGCAGATCATGAGGTCAGGAGTTCGACACCAGCCTGACCAACATGGTGAAACTCCATCTCTACTAAAAATACAAAAATTAGTTAGGTGTGGTGGTGGGCACCTGGAATCCCAGCTACTCGGGAGGCTGAGGCGGAGAATTGCTTGAAACCAGGAGGTGGAGGTTGCAGTGAGCTGAGATCGTGCCATTTCACTCCAGCCTGGGCAACAAGAGTGAAACTCTATGTTCAAAAATAAAAATAAAAAAAAAAAAA","GGCTGGACGTGGTGGCTCACACCTGTAATCCCAGCACTTTGGGAGGCCAAGGTGGGCAGATCACGAGGTCAGGAGTTCGAGAACAGCCTGGCCAACATGGTGAAACCCCATCTCTACTAAAAATACGAAAATTAGCTGGGCGTGCTGGCGAGCACCTGTAATCCCAGCTACTCGGGAGGCTGGGGCAGGAGAATCACTTGAAACCGGAAGGCAGAGTTTGCAGTGAGCTGAGATCGTGCCATTGCACTCCAGCCTGGGCGACAGGAGTGAAATTCTGTCTCAAAAAGAAAAGAAAAGAAA"
"chr4","24019141","24019437","JH378245","3312448","3312742","40","20706693","GGCCAGGCACCATGTCTCACGTCTGTAATCCCAGCACTTTGGGAGGCTGATGCGGGTGGATCATGAGGTCAGGAGTTCGAGACCAGCCTGGCCAACATGGTGAAACCACGTCTCTACTAAAAATACAAAAATGACCCGGGCATGGTGGTGGACACCTGTAATCCCAGCTACTTGGGAGACTGAGGCAGGAGAATCACTTGAAACTGAAAGGCAGAGGTTGCAGTGAGCTGAGATCATGCCACTGCATTCCAGCATGGGTGAAGGAGCAAAACTGTGTCTCAAAAAAAGAAAAAAAAA","GGCCAGTCGTGGTGGCTCTCGCCTGTAATCCCAGCACTTCGGGAGGCTGAGGCAGGCAGATCATGAGGTCAGGAGTTTGAGACCAGCCTGGCCAATATGGTGAAACCCCGTCTCTACTAAAAATACAAAAATTAGCTGGACATGGTGGTGGGCGCCTGTAATCCCAGCTACTTGGGAGGCTGAGGCAGGACAATCGCTTGAAACCTGAAGGCGGAGGTTGCAGTGAGCCAAGATCATGCCACTGCACTCCAGCCTGGGCGAAAGAGTAAAACTCCGTCTCAAAAAAAAAAAGAAA"
"chr4","24516301","24516600","JH378132","22555890","22556195","45","1960411","GGCCGGGCACAGTGGCTCACGCTTGTAATCCCAGCACTTTGGGAGGCCAAGGCGGGCGGATCACAAGGTCAGGAGTTTGAGACCAGCCTGGCCAACATGGTGAAACCGCGTCTCTACTAAAAATACAAAAATCAGCCAGATGTGATGGCGGGTTCCTGTAATCCCAGTTACTTGGGAGGCTGAGGCAGGAGAATTGCTTGAAACTGGGAGGTGGAGGTTGCAGTGAGCCAAGATCACATCCCTGCACTCCAGCCTGCGTGAGAGTGAAACTCTGTCTCAAAAAAAAAAAAAAAAAAAAAA","GGCCAGGCACGGTGGCTCACGCCTGTAATCCCAGCACTTTGGGAGGCAGAGGCAGGTGGATCACGAGGTCAAGAGATCGAGACTATCCTGGTCAACATGGTGAAATCCCATCTCTACTAAAAATACAAAACATCAGCCGAGCATGGTGGTGCGTGCCTGTAATCCCAGCTACTCAGGAGGCTGAGGCAGGAGAATTGCCTGAAACCAGGAGGCAGAGGTTGCAGTGAGCCAAGATCATGCCACTGCACTCCAGCCTGGGTAGCAAGAGCGAAACTCCGTCTCAAAAAAAAAAAAAAGAAAGAAAAA"
"chr4","25946923","25947127","JH378105","19275442","19275650","62","6671481","GAGTTCAAGACGCAGCCTGGCCAACATGGCGAAATCCGCAACCTCTAACTAACCAGGCCAGGGCGTGTGGCAAGGCACTGTAACCCCAGTACTGGGAAAGCGTGAGGCAGGAGAATCGTTTTGAACCGCAGAGGCGGAAAGGTTGCAGTGAGCCAAGATCATGCCACTGGCACTCCAGCCGGGCGACAAGACCAGAAACTCTGTC","AGGAGTTTGAGACAAGCCTGGCCAACGTGGTGAAACCCAGTCTCTACTAAAAATACAAAAGTTAGGTGCCCGTCGTGGCAATCACCTGTAATCCCAGCTACTTGGGAGCCTGAGGTAGGAAAATGGCTTGAAACCAGGAGGCGGAGTTTGCAGTGAGCTGAGATTGTGTCATTACACTCCAGCCTGTGCAACAAGAGTGAAACTCCATC"
"chr4","26863585","26863802","JH378170","5096192","5096441","62","21767393","GGCCGGGCGCGGTGGCTTACGCCTATAAATCCCAACACTTTGGGAGGCCGAGGCGGGCGGATCTACTAAAAATACAAAAATCAGGTGGGCGACTGTAATCCCACCTATTTAGGAGGCTGAGGCAAGAGAATCGCTTGAAACCGTAAGGCGGAGGATCGCGCCACTGCACTCTAGCCTGGACGAAAGAGAAACACTCCGTCTCAAGAAAAAAAAAAAAA","GACCGGGTGCAGTGGCTCATACCTGTAATCCCAGCACTTTGGGAGGCCGAGGCAGGCGTCTCTACTAAAAATACAAAAAGTAGCCAGGTGTGGCGGCGGGTGCCTGTAATTCCAGCTACTCGGGAGGCTGAGGCAGGAGAAATCGCTTGAAACCAGAAGACAGAGGTTGCAGTGAGCTGAGATCGTGCCACTGCACTGCAGCCTGGGCAACAAGAGCAAAACTCTGTCTCAAAAAATAAAAATAAAAAAA"
"chr4","28972299","28972498","JH378108","45073288","45073488","29","16100989","GCCAGGCATAGTGGCTCATGCCTGTAATCCCAGCACTTTGGGAGGCCGAGGTGGGTGGATCACAAGGTCAGGAGTTCGAGGCCAGCCTGGCCAGCATGGTGAAACCCTGTCTCTACTAAAAATACAAAAATTACCTGGGCATGGTGGCGGGCGACTGTAGTCCCAGCTACTCAGGAGCTGAGGCAGGAGAATTGCTTGAA","GCCGGGCGCGGTGGCTCAAGCCTGTAATCCCAGCACTTTGGGAGGCCGAGGCCGGTGGATCACGAGGTCGAGAGATCGAGACCATCCTGGTCAACATGGTGAAACCCCGTCTCTACTAAAAGTGCAAAAAATTAGCTGGGCATGGTGGCACGTGCCTGTAATCCCAGCTACTCAGGAGGCTGAGGCAGGAGAATTCCCTGA"
"chr4","29224774","29225086","JH378187","8721059","8721370","41","20503715","GCCGGGTGCGGTGGCTTATGCCTGTAATTCCAGCACTTTGGGAGGCCGAGGCGGGTGGATCACGAGGTCAGCAGTTCAAGACCAGCCTGAGCAACATGGCGAAACCCCGTCTCTACTAAAAATACGAAAAAATTAGCTGGGCATGGTGGCGGGCGCCTGTAATCCCAGCTGCTGGGAGGCTGAGGCAGGAGAATCGCTTGAAACCGGAAGACGGAGGTTGCAGTGGGCCGAGATTGTGCCACTGCACTCTAGCCTGGGCAACGGGAGCAAAACTCCGTCTCAAAGAAAAACCCAAAAACAAAACAAAACAAAA","GCCGGGCGCGGTGGCTCAAGCCTGTAATCCCAGCACTTTGGGAGGCTGAGGCGGGTGGATCACGAGGTCAAAAGATCGAGACCATCCTGGTCAACATGGTGAAACCCCGTCTCTACTAAAAATACAAAAAAAAATTAGCTGGGCATGGTGGCGTGTGCCTGTAATCCCAGCTACTCAGGAGGCTGAGGCAGGAGAATTGCCTGAAACCGGGAGGCGGAGGTTGCGGTGAGCCGAGATCGCGCCATTGCACTCCAGCCTGGGTAACAAGAGCGAAACTCCGTCTCAAAAAAAAAGAAAAAAAAAAAAACAAAA"
"chr4","30046264","30046568","JH378106","12647150","12647453","44","17399114","GGCCGGGCGCGGTGGCTCATGCCTGTAATCCCAGCACTTTGAGAGGCCGAGGCGGGTGGATCACGAGGTCAACAGTTCAAGACCAGCCTGACCAACATAGTGAAACCCTGTCTCTACTGAAAATACAAAAAAATTAGCTGGGCATGGTGGAGGGTGCCTGTAATCCCAGCTGGGAGGCTGAGGCAGAGAATCTTGAAACTGGAAGGCGGAGGTTGCAGTGAGCCGAGATTGCGCCACTGCACTCTAGCCTGGGCACGCGAGAGCAAAATTCTGTCTAAAAAAAAAAAAAAAAAAAAGAAGAAGAA","GGCCGGGCGCGGTGGCTCAAGCCTGTAATCCCAGCACTTTGGGAGGCCGAGGCGGGTGGATCACGAGGTCAAGAGATCGAGACCATCCTGGTCAACATGGTGAAACCCTGTCTCTACTAAAAATACTAAAAATTAACTGGGCATGGTGGCGTGTGCCTGTAATCCCAGCTACTCAGGAGGCTGAGGCAGGAGAATTTCCTGAAACCAGGAGGCGGAGGTTGCGGTGAGCCGAGATCGCGCCATTGCACTCCAGCCTGGGTAACAAGAGCAAAACTCCGTCTCAAAAAAAAAAAAAAAAAAAAAA"
"chr4","30108489","30108782","JH378114","19068127","19068419","46","11040362","GGCCGGTCGCCGTGGCTCGCGCCTGTAATCCGAGCACTTTGGGAGGCTGAGGCGGGCAGATCACGAGGCCAGGAGTTCGAGAACAGCCTGACCAACATGGAGAAACGCCGTCTCTACTAAAAATACAAAAATTAGCCAGGTGTGGTGGTGGGCGCCTGTAATCCCAGCTACTCAGGAGGCTGAGGCAGGAGAATCGCTTGAACCTGGAAGGTAGAGGTTGCAGTGAGCCAAGATCAGGCCACTGCACTCCAAGAGTGAAACCATGTCTCCAAAAAAAAAAAAAAAAGTAAAAAA","GCCAGGCGCGGTGGCTCATGCCGGTAATCCCAGCACTTTGGGAGGCTGAGGCGGGCAGATCATGAGGTCAGGAGTTTGAGACCAGCCTGGCCAACACACTGAAACCCAGTCTTTACTAAAAATACAAAAATGAGCCAGGTGTGGTGGCGGGCACCTGTAATCCCAGCTACTCAGGAAGCTGAGGCAGGAGAATCACTTGAAACCAGAAGGCCGAGGTTGCAGTGAGATGAGATCAGGCCACTGCACTCCAGCCTGGGAGAAAACTCTGTCTCAAAAAAAAAAAAAAAAAAAAA"
"chr4","30808316","30808631","JH378106","70219640","70219948","48","39411324","GGCTGGGCATGGTGGCTCACGCCTGTAATCCCAGCACTTTGGGAGGCTGAGGCGGGTGGATCACAAGGTCAGCAGTTCGAGACCAGCCTGACCAACATGGTGAAACCCCATCTCTACTAAAAATACAAAAAAAACTAGCTAGGTGTGGTGGCAGGCGCCTGTAATCCTAGCGACTTGGAAGGCTGAGGCAGGAGAATCGCTTGAAACCAGAAGGTGGAGGTTGCAGTGTGCCAAGATTGCGCCACTGCACTCTAGCCTGGGCAATAAGAGCAAAACTCCATCTCTAAATAAATAAATAAGTAAATAAATAAATAAA","GGCTGGGTGAGGTGGCTCATGCCTGTAATCCCAGCACTTTGGGAGGCCAACGCAAGCAGATCACAAGGTCAGGAGTTCAAGACCAGCATGGCCAACATGGTGAAACCCCATCCCTACTAAAAATAACAAAAATTAGCTGGGCATGGTGGGAGCCGCCTGTAATACCAGCTACTCGGGAGGCTGAGGCAGGAGAATCGCTTGAAACTGGAAGGCAGAGGTTGCAGTGAGCCAAGATTGTGCCACTGCACTCCAGCCTGGGTGACAGAGCAAAGTTCCATCTCAAAATAAAAATAAAAATAAATAAATAAA"
"chr4","31268164","31268342","JH378150","16479013","16479192","25","14789151","GGCCGATCACAGTGACTCACGCCTGTAATCCCAGCACTTTGGGAGGCTGAGGCGGGCAGATCAAAAGGTCAGGAGTTCGAGACCAGGCTGGTCAACATGGTGAAACCCTGTCTCTACTAAAAATACAAAAATTAGCCAGGCGTGGTGGTGGGTGCCTGCAGTCCCAGCTACTTGGGAGG","GGCTGGGCACGGTGACTCACGCTTGTAATTCCAGCACTTTGGGAGGCTGAGGCGGGTGGATCACGAGGTCAAGAGATCGAGACCGTCCTGGCCAACATGGTGAAACCCCATCTCTACTAAAAATACAAAAATTAGCCGGGCATGGTGGCAGGTGCCTGTAATCCCAGCTACTTGGGAGGC"
"chr4","31354318","31354612","JH378205","1510121","1510420","50","29844197","GCCGGGCGTGGTGACTCACGCCTGTAATCCCAACACTTTGGGAGACTGAGGCGGGCGGATCATGAGGTCAGGAGTTCGAGATCAACCTGGCCAACATGGTGAAACCCTGTCTACTAGAAATACAAAAATTAGCTGGGTGTGGTGGTGGGCACCTGTAATCCCAGCTGGAGGCTGAGGCAGGGGAATTGCTTGAAACTGGAAGGCAGAGATTGCATGAGCTGAGACTGTGCCACTGCACTCCAGCGTAGGCTACTAGAGTGCGAAACTCTTGTCTCAAAAAAAAAAAAAAAGAAAA","GGCTGGACGTGGTGGCTCACACCTGTAATCCCAGCACTTTGGGAGGCCAAGGTGGGCAGATCACGAGGTCAGGAGTTCGAGAACAGCCTGGCCAACATGGTGAAACCCCATCTCTACTAAAAATACGAAAATTAGCTGGGCGTGCTGGCGAGCACCTGTAATCCCAGCTACTCGGGAGGCTGGGGCAGGAGAATCACTTGAAACCGGAAGGCAGAGTTTGCAGTGAGCTGAGATCGTGCCATTGCACTCCAGCCTGGGCGACAGGAGTGAAATTCTGTCTCAAAAAGAAAAGAAAAGAAA"
"chr4","31860771","31861074","JH378182","4696933","4697238","44","27163838","CTGGGCACGGTGGCTCATGCCTGTAATCCCAGCACTTTGGGAGGCCGAGGCGGGCGGATCACAAGGTCAGGAGTTCGAGACCAGGATGGCCAACATGCTGAAACCCCGTCTCTACTAAAAATACAAAAATTAGCCAGGTGTGATGGTGGGCACCTGTAATCCCAGCTACTTGGAAGGTTGAGGCAGAAGAATTGCTTGAACCGGGAGGCGGAGGTTGCAGTGAGCCGAAATCGCATCATTGCACTCCAGCCTGGGCAACAACAGCGAAACTCCATCTCAAAAAAAAAAAAAAAGAAGAAAGAAA","GCCAAGCGCGGTGGCTCAAGCCTGTAATCCCAGCACTTTGGGAGGCCGAGGCAGGCGGATCACGAGGTCAAGAGATCGAGACCATCCTGGTCAACATGGTGAAACCCTGTCTCTACTAAAAATACAAAACATTAGCTGGGCATGGTGGCGCGTGCCTGTAATCCCAGCTACTCAGGAGGCTGAGGCAGGAGAATTGCCTGAAACCAGGAGGCGGAGGTTGCGGTGAGCCGAGATCGCGCCATTGCACTCCAGCCTGGGTAACAAGAGCGAAACTCCGTCTCAAAAAAAAAAAAAAAAAAAAAAAAA"
"chr4","32947960","32948264","JH378110","13883859","13884149","61","19064101","GCGGTGGTTCACACTGTAATCCCAGGCACTTTGGGAGGGCCAAAGCAGGTGGATCACGAGGTCAAGAGTTCGAGACAGTCTGGCCAACATGGTGAAACTCCATCTCCACTAAAAATCCAAAAATTAGCCAGGTGTGGAGTGGGCGCCTATAATCGCCCAGCTACTCAGGAGGGCTGAGGAGGAGAATCGCTTGAAACCGGAGGCAGAAGGTTTGCAGTGAGCCGAGATCATCACACTGCACTCCAGCCTGAGCAGAAGAGTGAAACTCCGTCTCAAAAAACAAACTCTGAAAAACAAAACAACAA","GTGCGGTGGTTCACACCTGTAATCCCAGCACTTTGGGAGGCCAAGGTGGGTGGATCACGAGGTCAGGAGTTCAAGATCAGCCTGGCCAACATGATGAAACCCCATCTCTACTCAAACTACAAAAATTAGCCCGGCATGGTGGTAGATGCCTGTAATCCCAGCTACTTGGGAGGCTGAGGCAGGAGAATCCCTTGAAACCGGAAGGCAGAGGCTGCAGTGACCCGAGATACCACCACTGCACTCCAGCCTGGGCAACAAGAGTGAAACTCTGTCTCAAAAAAAAAAAAAAAA"
"chr4","34079860","34080127","JH378148","3009466","3009760","69","31070394","GGCCGGGTGTGGTGGCTCATGCCTGTATCCCAGCACTTTGGAAGGCCGAGGCAGGCGGATTGCTTGAGACCAGCCTGGCCCATATGGTTAAGCCCCGTTTCTACTAAAAATAGAAAAACAGCCAGGAGTGGTGGCAGGTGCCTGTAATCCCAGCTACTCAAGAGGCTGAGGCAGGAGAGCCTCTTGGGAGGCGGAGGTTGCAGTGAACTGAGATCACTCCACGGCACCACTTCAGCCTGCTCGTCTCATTAAAAAAAAAAAAAAAAAA","GGCCAGGTGTGGTGGCTCACGCCTGTAATCCCAGCACTTTGGGAGGCCGAGGCAGGTGGATGATGAGGTCAGGAGTTCGAGACCAGCCTGGCCAAAATGGTGAAACCCTGTCTCTACTAAAAATACAAAAAAATTAGCCAGGCGTGGTGGCATGCGCCTATAATCCCAGCTACTCAGGAGGCTAAGGCAGGAGAATCACTTGAAACCAGAAGGCAGAGGTTGCAGTGAACTGAGATCACGCCACTGCACTCCAGCCTGGGCAACAAGAGCAAAACTCCATCTCAAAAAATAAAAA"
"chr4","34419126","34419420","JH378146","17525689","17525983","43","16893437","GCCAGGCGCAGTGGCTTATGCCTATAATCCCAGCACTTTGAGAGGCTGAGGCAGGTGGATCACAAGGTCAGGAGTTCGAGACCAGCCTGGCCAAAATGGTGAAACCCTGTCTCTACGAAAAATACAAAAATTAGCTGGGCATGGTGGCGGTCTTCTGTAATCCCAGCTACTCAGGAGGCTGAGGCAGGAGAATTGCTCGAAACCAGAAAGCGGATGTTGCAGTAAACCAAGATTGCTGCCACTGCACTCCAGCCTGGGCAACATGAGAGAAACTCTGTGTCAAAAAAAGAAGAAA","GCCAGGCGCGGTGGCTCAAGCCTGTAATCCCAGCACTTTGGGAGGCCAAGGCGGGTGGATCACGAGATCAAGAGATCGAGACCATCCTGGTCAACATGGTGAAACCCCGTCTCTACTAAAAATACAAAAAATTAGCTGAGCATGGTGGCGTGTGCCTGTAATCCCAGCTACTCAGGAGGCTGAGGCAGGAGAATTGCCTGAAACCAGGAGGCAGAGGTTGCAGCGAGCCGAGATTGCACCATTGCACTCCAGCCTGGGTAACAAGAGCGAAACTCCGTCTCAAAAAAAAAATAAA"
"chr4","35754002","35754237","JH378165","12083283","12083525","36","23670719","GAGGTCTCGAGTTCGAGACCAGCCTGGCCAACATGGTGAAACCCTGTCTCTACTAAAAATACAAAAATTAGCCAGGCATGGTGGCGGGCACCTGTAGTCCCAGCTACCTGGGAGGCTGAGGCAGGAGAATCGCTTGAAACCGGAAGGTGGAGGTTGCAGTGAGCAGAGATCCTGCCACTACACTCCAGCCTGAGCAATGAGAGCGAAACTCCGTCTCAAAAACAAACAAAAAAAAA","AGGTCAGGAGTTTGAGACCAGCCTGGCCAACAGGGTGAAACTCCATCTCTACTAAAAATACAAAAATTAGCCAGGCATGGTGGTGGGGCACCTGTAATCCCAGCTACTCGGGATGCTGAGGCAGGAGCATTGCTTGAAACCAGCAGGTGGAGGTTGCAGGGAGCTGAGATCCTGCCACTGCACTCCAGCCTGGGTGAAAGATCGAAACTCTGTCTCAAAAACAGCAACAACAACAAAAAAGAA"
"chr4","38464707","38464938","JH378274","640157","640386","46","37824550","GGTCAGGAGTTTGAGAGCAGTGGCAATGTGGCAAAAGCCCATCTCTACTAAAAATACAAAAATTAGCTGGGTGTGGTGGTGGGCACCTGCAATTCCAACTACTCGGGAGGCTGAGGCAGGAGAATCACTTGAAACTTGAAGGCGGAGGTTGCAGTAAGCCGAGATCATGCCACCGCACTCCAGCCTGGGCAAAAGAGAGAAACTCCATCTCAAAAAATAAAAATAAAAACAA","TGAGGTCAGGAGTTTGAGACCAGCCTGGCCAACATGGTGAAACCCCATCTTACTAAAAATACAAGTAGCTGGGCCTGGTGGCGGGCTCCTGTAATCGCAGCTCCTTGGGAGGCTGAGGCAGGAGAATCACTTGAAACTGGAAGGCAGAGATTGCAGTGAGCCAAGATCGCACTACTGTGCTCCAGCCTGGGCAAAAGAGCGAAACTCTGTCTCAAAAAAAAAAAAAAAAA"
"chr4","39611275","39611560","JH378106","70896573","70896859","51","31285298","GGCCAGGCACAGTAGATCATGCCTGCAATCCCAGCACTTTCGGAGGCCGAGGTGGGCGGATCATGAGGTCAGGAGTTCTAGACCAGCCTGGCCAACGTGTGAAACCCTGTCTCTACTAAAAATACAAAATTAGCTGGGTGTGGTGGCACGTGCCTATAATCCCAGCTACTAGAGACAGTGACTCAGGAGAATCACTTGAAGTCAGGAGGTGGAGGTTACAGCAAGCCAAAATCGCACCATTGCACTCCAGCCTGGGCAACAAGAGCGAAACTCCATCTCAAATAAA","GGCCAGGTACGGTGGCTCACACCTGTAATCCCAGCACTTTGGGAGGGCGAGGCAGGTGGATCATAAGGTCAGGATTTCGAGACCAGCCTGGCCAACGTGGTGAAACCCCATCTCTATTAAAAATACAAAAATTAGCTGGGCATGGTGGCAGGTGCCTGTAATCTCAGCTACTTGAGAGGCTGAGGCAGGAGAATCACTTGAAATCGGAAGGCAGAGGCTTCAGTGAGCTGAGATTGCACCATTGCACTCCAGCCTGGGTGACGAGAGTGAAACTCTGTCTCAAAAAA"
"chr4","39914259","39914560","JH378136","18027573","18027877","47","21886686","GGCTGCGTGCAGTGTCTCATGCCTGTAATCCCAGCACTTTGGGAGGCCGAGGAGGGCAGATCATGAGGTCAGGAGTTCAAGACCAGCCTGACCAACATGGTGAAACCCCGTCTCTACTAAAAATACAAAAGTGAGCTGGGCGTGACGGCGCGTGCCTGTAATCCCAGCTACTCAGGAGGCTGAGGCAGGAGAATCACTGTAACCGGGAGGCAGAGGTTCCGAGATCACGCCATTGCACTCCAGCCTGGGCAACAAGAGAGAAACTCCATCTCAAAAAAAAAAAAAAAAAAAGAAAGAGGAAA","GGCCGGGCGCGGTGGCTCAAGCCTGTAATCCCAGCACTTTGGGAGGCCGAGGCGGGTGGATCACGAGGTCAAGAGATCGAGACCATCCTGGTCAACATGGTGAAACCCCGTCTCTACTAAAAATACAAAAAATTAGCTGGGCATGGTGGCGTGTGCCTGTAATCCCAGCTACTCAGGAGGCTGAGGCAGGAGAATTGCCTGAAACCAGGAGGCAGAGGTTGTGGTGAGCCGAGATCACGCCATTGCACTCCAGCCTGGGTAACAAGAGCTAAACTCCGTCTCAAAAAAAAAAAAAAAAAAAGAAA"
"chr4","43560633","43560872","JH378277","3215226","3215442","74","40345407","GGGTCATGCTTGTAAATCCCAGGCACTTTGGACGAGCCGAGGCAGGTGGATCGCTGAAGGTCAGGAGTTCAAGACCCAGCCTGGCCAACAATGATGAAACCCCGTCTCTACTAAAAATACAAAAAGCCTGGGCCATGGGGTAGGTTACTGTAATCCCCAGTTTAACTGGGAGGCGCTGGAAGCGTGAGGAGTCGCTGGAAATCCGGAGATGGAGTGCAGGTGAGCCCAAGGATTGCCCAC","GTGGCTAAGGCCTGTAATCCCAGTACTTCGGGAGGCCGAGGCGGGTGGATGAGGAGGCCAGGAGTCGGAGACCAGCCTGGCCAACATGGTTAAACCCTGTCTCTACTAAAAATACAAAAATTAGCTAGGTGTAGTGGCAGGTGCCTGTAATCCCAGCTACTCGGGAGGCAGAGGCAGGAGAATCGCTTGAACCAGAAGGCAGAGGTTGCAGTGAACC"
"chr4","43856894","43857094","JH378115","31351021","31351219","30","12505873","GGCCAGGCGTGGTGACTCACACCTGTAATCCCAGCACTCTGGGAGGCCGATGCAGGTGGATCACGAGGTCAGGAGTTCGAGACCATCCTGACCAACATGGTGAAACCCTGTCTCTACTAAAAATACAAAAATTAGCCAGGTGTGGTGGCGGGCACCTGTAATCCCAGCTACTTGGGAGGCTGAAGCAGAAAATTGCTTGAA","GGCCAGGTGCAGTGGCTCACACCTGTAATCCCAGCACTTTGGGATGCCAAGGTGGGCAGATCATGAGGTCAGAAGTTCAAGACCAGCCTGGCCAACATAGTGAAACCCAGTCTCTACTACAAATACAAAAAATAGCCGGGTGTGGTGGCAGGCACCTGTAATCCCAGCTACTTGGGAGGCTGAGGCAGGAGAACTGCTT"
"chr4","44084578","44084876","JH378114","11037461","11037757","52","33047117","GGTTGGGCACGGTGGCTCACGCCTGTAATCCCAGCACTTTGGGAGGCCAAGACAGGCGAATCACGAGGTCAGGAGTTCAAGACCATCCTGACATTGTGAAACCCCGTGTCTACTAAAAATACAAAAATTAGCTGGGCGTGGTGGCGGGCGCTTGTAATCCCAGCTACTCGGGAGGCTGAGGCAGGAGAATCTCTTGAAACCAGAAGGTGGAGGTTGCAGTGAGGGGAGATCGAGATTGAGATCATGCCACTGCACTCCAGCGGGCAACAAGAGTGAAACTCTGTCTCAAAAAAAAGAAA","GGCTGGGTGTGGTGACTCATGCCTGTAATCCCAGCACTTTGGGAGGCCAAGATGGGCAGATCATGAGGTCAGGAGTTCGAGACCAGCCTGGCCAACATGGTGAAACCCTGTCTCTACTAAAAATACAAAAATAAGCTGGGTGTGGTGGAGGGTGCTGTAATCCCAGCTACTCAGGAGGCTCAGGCAGGAGAATCGCTTGAAACTGGAAGGCGGAGTTTGCAGTGAGTCACCAAGATTGCATGACTGCACTCCAGCCTGGGCAACAAGAGTGAAACTCAATCTCAAAAAGAAAAAGAA"
"chr4","45734536","45734845","JH378174","11112447","11112756","35","34622089","GACTGGGCGTGGTGGCTCATGCCTGTAATCCCAGCACTTTAGGAGGCTGAGGCGGGCAGATCGTGAGGTCAGGAGTTCGAGACCAGCCTGGCCAACATGGTGAAACCCCGTCTCTACTAAAAATACAAAAATTAGCTGGGCATGGTGGCGGATGCCTGTAATCCCAGCTACTTAGGAGGCTGAGGCAGGAGAATCGCTTGAAACCAGAAGGCGGAGGTTGCAGAGAGCCAAGATCGCGCCACTGCACTCCAGCCTGGGCAAAAGAGTGAAACTCCATCTCAAAAAAAAAAAAAAAAAAAAAAAAAAAAAA","GGCCGGACGCGGTGGCTCATGCCTGTAATCCCAGCACTTTGGGAGGCCGAGGCGGGTGGATCACGAGGTCAAGAGATCGAGACCATCCTGGTCAACATGGTGAAACCCCGTCTCTACTAAAAATACAAAAATTAGCTGGGCATGGTGGCGTGTGCCTGTAATCCCAGCTACTCAGGAGGCTGAGGCAGGAGAATTGCCTGAAACCAGGAGGCGGAGGTTGCGGTGAGCCGAGATCGCTCCATTGCACTCCAGCCTGGGTAATGAGAGCGAAACTCCGTCTCAAAAAAAAATAAATAAATAAAAAATAAAA"
"chr4","46233229","46233529","JH378156","7076545","7076843","42","39156684","GGCTAGGTGCGGTGGCTCACGCCTGTAATCCCAGCACTTTGAGAGGCAGAGGCGGGTGGATCATGAGTTCAGGAGTTTGAGAGCATCCTGGCCAGCGTGGTTAAACCCCGTCTCTACTAAAAAAATACAAAAATTAGCTGGGCATGGTGGTGGGGTGCCTGTAATACCAGCTACTTGGGAAGCTGAGGCAGGAGAACTGTTTGAAGCCGGGAGGCAGAGATTGCAGTGAACCAAGATCGTGCCACTGCCCTCCAGCCTAGGCAACAAGAGCGAAACTTCGTCTCAAAAAAAAAAAAAAAAA","GGCCAGGTGCGGTGGCTCACGCCTGTAATTCCAGCACTTTGGGAGGCTGAGGCAGGTGGATCATGAGGTCAAGAGGTCAAGACCATCCTGGTCAACATGGTGAAACCCCGTCTCTACTAAAAATACAAAAAATTAGCTGGGCGTGGTGGCGGGTGCCTGTAATCCCAGCTACTCAGGAGGCTGAGGCAGGAGAATTGCCTGAAGCCAGAAGGCAGAGGTTGCAGTGAGCCGAGATAGCGCCATTGCACTCCAGCCTGGGTAACAAGAGCGAAACTCCATCTCAAAAAAAAAAAAGAAAA"
"chr4","48163717","48164021","JH378206","6220267","6220569","45","41943450","CCGGGCATGGTGGCTCACGCTTGTAATCCCAGCACTTTGGGAGGCTGAGGCCGGCAGATCACGAGGTTAGGAGTTCAAGACCAACCTGGACAACATGGTGAAACTGCGTCTTTACTAAATTTACAAAAATTAGCTGGGTGTGGTGGTGAGTGCCTGTAGTCCCAGCTGCTCAGGAGACTGAGGCAGGAGAATTGCTTGATACCGGAAGGCGGAGGTTGCAGTGAGCCGAGATCACGCCACTGCACTCTAGCCAGGGCAACAGAGTGAAACTCTATCTCAAACAAACAAACAAACAAACAAACAAA","GGCTGGGCGTGGTGGCTGTCGCCTGTAATCCCAGTACTTTGGGAGGCCAAGGCGGGCAGATCACGAGGTTAGGAGTTCGAGACCAGCCTGTCCATCATTGTGAAACTGTCTTTACTAAAAATGCAAAAATTAGCTGGGCGTGGTGGTAGGTGCCTGTACTCCCAGCTATGCAGGAGGCTGAGGCAGGAGAATTGCTTGAAACCAGAAGGCGGAGGTTGCAGTGAGCCGGGATCACGCCACTGCACTCCAGCCTGGGCAACAGGAGTGAAACTTCGTCTCAAAAAACAAAACAAAACAAAACAA"
"chr4","48588073","48588324","JH378106","28970354","28970606","59","19617719","GGCCAGGCGCGGTGGCTCACACCTGTAAACCCCACACTTTGGGAGGCCAAGGCATGCCTGCCTTGATCACAAGGTCACGAGTTTGAGAACAGTCTGGCCAACACAGTGAAAGCCTGTCTCTACTAAAAATACAATTAGCTGGGCGTGGTGGTGGGAGCCTGTAATCCCAGCTACTAGGGAGGCGAGGAGAATCGCTTGAACCTGAAAGGCAGAGGATGCAGTGAGCCAAGATCACCCCACTAAACTCCGGCC","GGCCAGAGGTGGTGGCTCATGCCTGTAATCCTAGCACTTTGGGAGGCTGAGGCAGGTGAATCACGAGGTCAGGAGTTTAAGACCAGCCTGGCTAACATGATGAAACCCCGTCTCTACTAAAAATACAAAAATTAGCTGTGCATAGTGGTGGGAACCTGTAATTGCAGCTACTTGGGAAGCTGAGGAAGGAGAATCACTTGAAACTGGAAGGCAGAGGTTGCAGTGAGCCAAGATAGTGCCATTGCACTCCAGC"
"chr4","49321232","49321346","JH378110","31431724","31431841","23","17889508","GAATCGCTTGAAACCGGAAGGCGGAAGTTTCAGTGAACTGAGATCACGCCACTGAACTCCAGAGTGGGCAACAAGAGCAAAACTCTGTCTCAAAACAAAACAAAACAAAACAAAA","AATTGCCTGAAACCAGGAGGCGGAGGTTGCAGTGAGCTGAGATCGCGCCATTGCACTCCAGCCTGGGTAACAAGAGCGAAACTCTATCTCAAAAAAAAAAAAAAAAATCAACAGAAGA"
"chr4","52766052","52766349","JH378148","3009466","3009760","42","49756586","GCTGGGCGTGGTGGCTCATGCCTATAATCCCAGCACTTTGGGAGGCCAAGGCAGGTGGATCACGAGGTCAGAAATTCGAGACCAGCCTGGCCAACACGGTGAAACCCTGTCTCTAATAAAAATACAAAAATTAGCTGAGCCAACATGGTGGCGGGCGGCTGTAATCCCAGCTACTTGGGAGGCTGAGGCAGGATAATTACTTAAAACTGGAAGGCAGAGGTTACAGTGAGCTGAGGTCGCGCCACTGCACTCCTGCCTGGGCAACAAGAGCAAAACTCCATCTCAAAAAAAAAAAAAA","GGCCAGGTGTGGTGGCTCACGCCTGTAATCCCAGCACTTTGGGAGGCCGAGGCAGGTGGATGATGAGGTCAGGAGTTCGAGACCAGCCTGGCCAAAATGGTGAAACCCTGTCTCTACTAAAAATACAAAAAAATTAGCCAGGCGTGGTGGCATGCGCCTATAATCCCAGCTACTCAGGAGGCTAAGGCAGGAGAATCACTTGAAACCAGAAGGCAGAGGTTGCAGTGAACTGAGATCACGCCACTGCACTCCAGCCTGGGCAACAAGAGCAAAACTCCATCTCAAAAAATAAAAA"
"chr4","54151650","54151944","JH378148","3009466","3009760","36","51142184","GGCCGGGTGCGGTGGCTCACTGCTGTAATCCCAGCACTTTGGGAAGCTGAGGCGGGTGGATCACGAGGTCAGCAGTTCGAGACCAGCCTGGCCAACATGGTGAAACCCCGTCTCTACTAAAAATACAAAAAAATTAGCTGGGCATGGTGGCAGGCGCCTGTAACCCCAGCAATTTGGGAGGTTGAGGCAGGAGAATCACTTGATACCAGAAGGCAAAGGTTGCAGTGAGCCAAGATTGCGCCACTGCACTCTAGCCTGGGCGATAAGAGCAAAACTCTATCTCAAAAAAAAAAAA","GGCCAGGTGTGGTGGCTCACGCCTGTAATCCCAGCACTTTGGGAGGCCGAGGCAGGTGGATGATGAGGTCAGGAGTTCGAGACCAGCCTGGCCAAAATGGTGAAACCCTGTCTCTACTAAAAATACAAAAAAATTAGCCAGGCGTGGTGGCATGCGCCTATAATCCCAGCTACTCAGGAGGCTAAGGCAGGAGAATCACTTGAAACCAGAAGGCAGAGGTTGCAGTGAACTGAGATCACGCCACTGCACTCCAGCCTGGGCAACAAGAGCAAAACTCCATCTCAAAAAATAAAAA"
"chr4","58333858","58334164","JH378190","1325792","1326096","45","57008066","GCTGGGTGCAGTGGCTCATGCCTGTAATCCCAGCACTTTGGGAGGCCAAGGCGGGCGGATCACGAGGTCAGGAGTTCCAGACCAGCTTCACCAATATGGTGAAATCCCGTCTCTACTAAAAATACAAAAATTAGCCAGGAGTTGGGGGGGGGCACCTGTAATCCCAGCTACTTGGGAGGCTGAGGCAGGAGAATCGCTTGAACCCAGAAGGCAGAGGTTTCAGTGAGCTGAGATCATACCACTGCACTCCAGCCTGGGCAACAGGAGTGAAACTCTGTCTCAAAAAAAAAACAAAAAAAACAAAAAA","GCCAGGCACGGTGGCTCACGCCTGTAATCCCAGCATTTTGGGAGGCCGAGGCAGGCGGATCATGAGGTCAGGAGTTCGAGACCAGCCTGGCCAACATGGTGAAACCCTGTCTCCACTAAAAATACAAAAATTAGCTGGCTGTGGTGGTTGGCACCTGTAATCCCAGCTACATGGGAATCTGAGGCAGAAGAATTGCTTGAAACCAGAAGGCAGAGGTTGCAGTGAGCCAAGATCATGCCACTACACTCAAGCCTGGATGAAAGAGTGAAACTCTGTCTCAAAAAAAAAAAAAAAAAAAAAAAAAA"
"chr4","75191596","75191936","JH378110","20343307","20343641","66","54848289","CCGGGCTCAGTGACTCACGCCTGTAATCTCAGCACTTTGGGAGGCCAAGGAGGGTGGATCACGAGGTCAGGACTTCGAGACTAGCCTGGGCAACATGGTGAAAACGTGCCCTTACTAAAAATACAAAAATTAGCCGGGCGTGGTGGCGGGTGCCTGTAATCCCAGCTACTGGGGAGGCTGAAGCAGGAGAATCGCTTGAAACTGGAAGGTGACGGTTGCAGTGAGCCGAGATTGTCCCACTGCACTCCAGCCTGAGCAACAAGAGAGAAACTTCTGTCTCAAAAAAAAGAAAATAAAAATAAAAATCAAAGAAAGAAAGAAAAGAAAAAGAAAGAAAGCAA","CTGGGTGCAGTGGCTCATGTCTGTAATCCCAGCACTTTGGGAGGCTGAGGCAGGTGGATCATGAGGTCAGGAGTTCGAGACCAGCCTGATCCAACATGATGAAACCCCATCTCTACTGAAATACAAAAATTAGCCAGGCATGGTGGCAGGCTTTTGTAATCCCAACTACTCTGAAGGCTGAGGGAGGAGAATCACTTGAAACTGGAAGGCAGAGGTTGCAGTGAGCTGAGATTGCACCCACTGCACTCCAGCCTAGGCAACAAGAGTGAAACTCTGTCTCAAAAAAAACAAAAACAAAAACAAAAACAAAAAACAAACAAACAAACAAAAAAACA"
"chr4","75523247","75523527","JH378129","22226033","22226310","38","53297214","GGCCTGGCACAGTGGCTCACGCCTGTAATCCCAGCACTTTGGAAGGCCGAGGCGGGCAGATCATGAGGTCAAGAGATTGAGACCATCCTGGCCAACATGGTGAAACCCTGTGTCTACTAAAAATACAAAAATTAGCTGAGTATGGTGGCACATGCCTGTAGTCCCAGCTACTCGGGAGGCTGAGGCAGGAGAATCACTTGAAACCAGAAGGCGGAGGTTGCAGTGAGCCAAGATCGTGCCACTGCACTCCAGCCTGGGCAATAAGAGCGAAACTCCATCCC","GGCCAGGCATGGTGGCTCACGCCTGTAATTCGAGCACTTCGGGAGGCCGAGGTGGGCAGATCATGAGGTCAGGAGTTCAAGACCAGCCTGGCCAACATGGTGAAACCCTGTCTCTACTAAAAATACAAAAATTAGCTGGGCATGGTGGCAGTGCCTGTAATCACAGCTACTCAGGAGGCTGAGGTAGGAGAACCACTTGAAACTGGAAGGTGGAGGTTGCAGTGAGCCGAGATCGCACCACTGCACTCCAGCTTGGGCGAAAGAGTGAAATTCTGTCT"
"chr4","76401573","76401855","JH378245","3312448","3312742","39","73089125","CCGGGCGTGGTGGCTCATGCCTGTAATCCCAGCACTTTGGGAGGCGGGCGGATCACAAGGTCAGGAGTTCGAAACCAGCCTGGCCAACATGGTGAAACCCCGTCTCTACTAAAAATACAAAAATTAACTGGGCATGTCGGTGGGCGCCTGTAATCCCAGCTATTCAGAGGTGAGGCAGGAGAATCACTTGAAACTGAAGGCAGAGGTTGCAGTGAGCCGAGATCGTGCCACTGCACTCCAGCATGAGCAAAAGAGCAAAACTCCTCTTAAAAAAAAAAAAAAA","GGCCAGTCGTGGTGGCTCTCGCCTGTAATCCCAGCACTTCGGGAGGCTGAGGCAGGCAGATCATGAGGTCAGGAGTTTGAGACCAGCCTGGCCAATATGGTGAAACCCCGTCTCTACTAAAAATACAAAAATTAGCTGGACATGGTGGTGGGCGCCTGTAATCCCAGCTACTTGGGAGGCTGAGGCAGGACAATCGCTTGAAACCTGAAGGCGGAGGTTGCAGTGAGCCAAGATCATGCCACTGCACTCCAGCCTGGGCGAAAGAGTAAAACTCCGTCTCAAAAAAAAAAAGAAA"
"chr4","87509133","87509461","JH378170","7759979","7760296","60","79749154","GGACAGGTGCGGTGGCTCATGCCTGTAATCCCAGCACTTTGGGACGCTGAGGGCAGGTGGACCACGAGGTCAGCAGTTCTAGATCAGCCTGACCAACATGATGAAACCCCATCTGTACAAATACAGATGTATTGTAAAAATACAAAAAAAAATTAGCTGGGCATGGTGGCGGGCGCCTGTAACCCCAGCTACTTGGGAGGCTGAGGAAGGAGAATCGCTTGAAACCAGAAGGTGGAGGTGGCAGTGAGCCGAGATTTCACCACTACACTCTAGCCTGGGCAATAAGAGCAAAACTCTATCTCAAAAAAAAAAAAAAAAAAAAAGAGAAA","GCCGGGTGCGGTGGCTCAAGCCTGTAATCCCAGCACTTTGGGAGGCTGAGGCGGGTGGATCACGAGGTCAAAAGATCGAGACCATCCTGGTCAACATGGTGAAACCCCGTCTCTACTAAAAATACAAAAAAAAAAAAAAAATTAGCTGGGCATGGTGGCGCGTGCCTGTAATCCCAGCTACTCAGGAGGTTGAGGCAGGAGAATTGCCTGAAACCGGGAGGCGGAGGTTGCAGTGAGCCAAGATCGCGCCATTGCACGCCAGCCTGGGTAACAAGAGCGAAACTCTGTCTCAAAAAAAAAAAATAAATAAAATAAAAA"
"chr4","88106038","88106355","JH378165","12389091","12389397","51","75716947","GGCGGGGTGCAGTGGTTCACGCCTGTAATCCCAGCACTTTGGGAGGGTGAGGTGGGCGGATCATGAGGTCAGGAGTTCAAGACCAGCCTGGCCAACATGGTGAAACCCCGTCTCTAATAAAAATACAAAAAAAAAAAAAAAAAAAATTAGCTAGGCATTGTGGCGGGCACCTGTAACCCCAGCTACTCGGGACTCTGAGGCAGAAGAATCGCTTGAAACCGGAAGGCAGAGGTTGCAGTGAGCTGAGATCACACCACTGCACTCCAGCCTGGGCAACAAGAGCGAAACTCCATCTCAAAACAACAACAACAAAACAAA","GGCCGGGCGCAGTGGCTCAAGCCTGTAATCCCAGCACTTTGGGAGGCCGAGGCGGGTGGATCACAAGGTCAAGAGATCGAGACCATCCTGGTCAACATGGTGAAACCCCGTCTCTACTAAAAATACAAAAAAAAAAAAAAAAAATTAGCTGGGCATGGTAGTGCGTGCCTGTAATCCCAGCTACTCAGGAGGCTGAGGCAGGAGAATTGCCTGAAACCAGGAGGCGGAGGTTGCGGTGAGCCGAGATCGCGCCATTGCACTCCAGCCTGGGTAACAAGAGCGAAACTCCGTCTCAAAAAAAAAAAAA"
"chr4","97428024","97428246","JH378151","9531562","9531791","33","87896462","GGCCAGGCATAGTGGCTCACGCCTGTAATCCCAGCACTTTGGGAGGCCCAGGTGGGTGGGTCACAAGGTCAGGAGTTCGAGACCAGCCTGGCCAAAATAGTGAAACCCCATCTCTACTAAAAATACAAAAATTAGCCAGGCATGGTGGTGGGCGCCTGTAATTCCAGCTATTCGGGAGACTGAGGCAGGAGAATCGCTTGAAACCAGAAGGTGGAGGTTGCAG","GGCTGGGCACAGCAGCTCACGGCTGGGATCCCAGCACTTTGAGAGGCCGAGGTGGGTGGATCACGAGGTCAGCAGTTCAAGACCAGCCTGGCCAACATTGTGAAACCCCATCTCTACTAAAAATACAAAAATTTAGCCAGGTGTGGTGGTGGGCACCCATAATCCCAGCTACTCAGGAGGCTGAGGCAGGAGAATGGCTTGAAACCAGAAGGTGGAGGTTGCAGTGAGCC"
"chr4","99954535","99954844","JH378321","537646","537948","41","99416889","GGCCGGGCGTGGTGGCTCATGCCTGTAATCCTGGCACTTTGGGAGGCCAAGGCGGGTGGATCATGAGGTCAGGAGTTCCACACCAGCCTGGCCAACATGGTGAAACCCCGTCTGTACTAAAACTACAAAAATTAGCCGGGCGTGGTGGTGGGTACCTGTAATCCCAATTACTTGGGAGGCTGAGGCAGGCGAATCGCTTGAAACCAGAAGGCAGAGGTTGCAGTGAGCCGAGATCGCACCACTGTACTCCAGCCTGGGCGACAAGAGTGAAACTCCATCTCAAAACAAACAACAACAACCAAAAAAGAAA","GGCCAGGTGTGGTGGCTCACACCTGTAATCCCAGCATTTTGGGAGGCCAAGGCGGGTGGATCATGATATCAGGAGTTCAAGACCAGCCTGGCCAACATGGTGAAACCCTGTCTGTACTAAAAATACACAAATTAGCCAGGCGTGGTGGTGACTGCCTGTAATCCTAGTTACTTGGGAGGCTGAGGCAGGAGAATCGCTTGAAACCAGAAGGCAGAGGTTTCAGTGAGCCAACACCTTACCACTGCACTCCAGCCTGGGCAACAAGAGTGAAACTCTTGTCTCAGAAAAAAAAAAAAAAAAAAA"
"chr4","103212410","103212597","JH378123","12803625","12803809","29","90408785","GCCAGGCGTGGTGGCTCACACCTGTAATCCCAGGCCAAGGATTTGGGAGGCTGAGGTGGGCGGATCATGAGGTCAGGAGTTCGAGACCAGCCTAGCCAACATGGTGAAACCCCGTCTCTATTAAAAATACAAAAATTAGCTGGGCATGGTGGCAGGCGCCTGTAATCCCAACTACTTAGGAGACTGAG","GCCGGGCGTGGTGGCTCAAGCCTGTAATCCCAGCACTTTGGGAGGCCGAGGCGGGTGGATCATGAGGTCAAGAGATCGAGACCATCCTGGTCAACATGGTGAAACCCCGTCTTTACTAAAAATACAAAAAAATTAGCTGGGCATGGTGGCGTGTGCCTGTAATCCCAGCTATTCAGGAGGCCGAG"
"chr4","106150399","106150483","JH378152","4225963","4226040","33","101924436","TAAAAAAAAGCCGGCATAGTGGCAGCTGCTTGTGATCCCAGCTACTCTGGAGGTTGAGACGGAAAGATCACTTGAGACTGGAAGG","AATTATCTAGATATGGTGGTGGGTACCTGTAGTCTCAGCTATTCAGGAGGCTGAGGCAGGAGTATCACTTGAAACTGG"
"chr4","107660125","107660357","JH378145","7037822","7038056","45","100622303","CAGGAGTTCGAGACCAGCCTGGCCAACATGGTGAAACCCTGTCTCTAATAAAAATATAAAAATTACCCGAGCATGGTGGCGGGCACCGGTAATCCCAGCTACTCGGGAGGCTGAGGCAGGAGAATTGCTTGAAACTGGAAGGCGGAGGTTGTGGTGAGCCAAGATCGCACCACGGCATTCCAGCCTGGGCAAAAGCGCAAAACTCCACCTCAAAAAAATAAAAAATAAAAAAA","GTTCAAGACCAGCCTAGCCAACATGGTGAAACCCAGTCTCTACTAAAAATACAAAAATTAGCTAGGCACGGTGGCAGGCGCCTGTAATTTCAGCTACTCAGGAGGCTGAGGCAGGAGAATTGCTTGAAACCAGAAGGCAGAGGTTGCAGTGAGCCGAGATCGCACCACTGCATTCCAGCCTAGGCTACAAGAGCGAAGCTCTGTCTCAAAACAAAAACAAAAACAAACAAACAAA"
"chr4","107705899","107706063","JH378127","2009013","2009171","38","105696886","CCAAGCATTTTCGGAGGCTGAGGCAGGCAGATCACAAGGTCAGGAGTTCGAGACCAGTCTGGCCAATATTAGTGAAACCCTGTCTCTACTAAAAATACAAACTTTAGCCGGGCATGATGGTGGGCACCTGTAGTCCCAGCTACTTGGGAGACGGAGGCAGGAAAA","CAGCACTTTGGGAGGCCGAGGCGGGTGGATCGCGAGGTCAGGAGATCGAGACCATCCTGGTCAACATGGTGAAACCCCGTCTCTACTACAAATACAAAACATTAGCTGGGCATGGTGGTGTGTGCCTGTAATCCCAGCCTTTTGGGAGGCCCAGGCGGG"
"chr4","109745012","109745305","JH378169","2128596","2128880","53","107616416","GCCAGGCGCAGTGGCTCACGCCTGTAATCCCAGCACTTCGAGGTCAGGAGTTCAAGATTAGCCTGGCCAACATGGTGAAACCCCATCTCTACTAAAAATACAAAAATTAGCCAGGCATGGTGGCAGGTGCCTGTAATCCCAGCTACTCAGGAGGCTGAGGCAGAAGAATCACTTGAAACTGGAAGGCAGAGATTGCAATGAGCCAAGATGATGCCACTACACTCCAGCCTGGGGGAAAGAGCAAAACTCCATCACAAAAAAAAAAAAAAAAAAAAAAAAAAAAAAAAAAAAAAA","GACCGGGCACAGTGGCTCACGCCTGTAATCCCAGCACTTTGGGAGGTCAAGAGTTCGAGACCAGGCTGGCCAACGTGGTGAAACCTCGTCTCTACTAAACGTACAAAAATTAGCCGGGCGTGGTGGCAAGCACCTGTAATCCCAGCTACTCGGGAGGCTGAGGCAGAGAATCGCTTGAAACCCGGAAGGCAGCAGTTGCAGTGAGCCGAGATTGTGCCACTGCACTCTAGCCGGGGGAAAGAGCAAAACTGTCTCAAAAACAAACAAACAAACAAAAACAAAAAA"
"chr4","109861741","109862035","JH378205","1510121","1510420","48","108351620","GGCTGGATGTGGTGGCTCAGCCTGTAATCCCAAACTTTGGGAGGCCGAGGTGGGTGGATCATCTGAGGTGAGGAATTCAAGACCAGCCTGGTCAACATAGTGAAATCCCATCTCTACTAGAAATACAAAGTTAGCCGGGCATGGTGGCGTGCACCTATAATCCCAGCTACTTGGGAGGCTGAGGCAGGAGAATCACTTGAAACTGGTTGGTGGGGAGTTTGCAGTGAGCTGAGATCGTGCCACTGCACTCCAGCCTAGGCCACAAGAGCGAAACTCCGTCTCAAAAAAACAAAAA","GGCTGGACGTGGTGGCTCACACCTGTAATCCCAGCACTTTGGGAGGCCAAGGTGGGCAGATCACGAGGTCAGGAGTTCGAGAACAGCCTGGCCAACATGGTGAAACCCCATCTCTACTAAAAATACGAAAATTAGCTGGGCGTGCTGGCGAGCACCTGTAATCCCAGCTACTCGGGAGGCTGGGGCAGGAGAATCACTTGAAACCGGAAGGCAGAGTTTGCAGTGAGCTGAGATCGTGCCATTGCACTCCAGCCTGGGCGACAGGAGTGAAATTCTGTCTCAAAAAGAAAAGAAAAGAAA"
"chr4","111237937","111238226","JH378189","5898223","5898514","39","105339714","GGCCGGCGCGGTGGCTCACACCTGTAATCCAACACTTTGGGAGCCCGAGGTGGGTGGATCATGAGGTCAGGAGTTCGAGACCAGGCTGGCCAACATGGTGAAACCCATCTCTACTAAAAATACAAAAATTAGCCAGGCGTGGTGGCAGGCTCCTGTAATCTCAGCTACTTGGGAGGCTGAGGCAGGAGAATCGTTTGAAACTGGGAAGGTGAAGGTTGCAGTGAGCCGAGATCGTGCCACTGCACTCTAGCCCGGACAACAAGAGTGAAATTCCGTCTCAAAAAAAAAAA","GGCCAGGTGCAGTGGCTTACACCTGTAATTCCATGACTTTGGGAGGCTGAGGCGGGCAGATCACGAGGTCAGGAGTTGGAGACCAGCCTGGGCAACATGGTGAAACCCCATCTCTACTAAAAATACAAAAATTAGCCTGGTGTGGTGGCAGGCATCTGTAAACCCAGCTACTTGGGAGGCTGAGGCAGGAGAATTGCTTGAAACTGGAAGGTGGAGATTGTAGTGAGCCGAGATCGTGCCACTGCACTCCAGCCTAGATGAAAGAGTGAAACTCTGTCTTAAAAAAAAAAAA"
"chr4","114345358","114345645","JH378106","12647150","12647453","45","101698208","GGCCGGGCACTGTGGCTCACACCTGTAACCCCAACACTTTCGGAGGCCAAGGCGGGTAGATCACGAGGTCAGGAGTTTGAGACCAGCCTGGCCAACATGGTGAAACCCTGTCTCTACTAAAAATACAAAAATTAGCTGGGTGTGGTGGCGGGTGCCTGCAATCCTAGCTACTCAGGGGGCTGAGGCAGGAGAATTGCTTGAAACCAGAGTGGAGGTTACAGTGCCACTGCACTCCAGCTTGGGCAACAAGAGCAAAACTCCACCTCAAAAAAAAAAAAAAAAAAAAAA","GGCCGGGCGCGGTGGCTCAAGCCTGTAATCCCAGCACTTTGGGAGGCCGAGGCGGGTGGATCACGAGGTCAAGAGATCGAGACCATCCTGGTCAACATGGTGAAACCCTGTCTCTACTAAAAATACTAAAAATTAACTGGGCATGGTGGCGTGTGCCTGTAATCCCAGCTACTCAGGAGGCTGAGGCAGGAGAATTTCCTGAAACCAGGAGGCGGAGGTTGCGGTGAGCCGAGATCGCGCCATTGCACTCCAGCCTGGGTAACAAGAGCAAAACTCCGTCTCAAAAAAAAAAAAAAAAAAAAAA"
"chr4","115280040","115280321","JH378151","9631099","9631387","41","105648941","GGCTGGGCACCATGGCTCATGCCTGTAATCCCAGCACTTTGGGAGGCCAAGGCGGGTGGATCACAAGGTCAGGAGTTCAAGACCAGCCTGGCCAACATGGTGAAACCCCATCTACTAAAAATACAAAAAATTAGCCTGACATGGTGGCAGGTAATCCCAGCTACTTGGGAGGCTGAGGCAGGAGAATCACTTGAATCCAGGAGGTGGAGGCTGCCGTGAGCTGAGATTACACCATTGCACTCCAGCCTGGGCAACAAGAACAAAACTCCGTCTCAAAAAAAA","GGCTGGGTGCGGTGGCTCACGCCTGTAATTCCAGCACTTTGGGAGGCCAAGGCGGGTGGATCGCGAGGTTAGGAGTTCAAGACCAGCCTGGTCAACATGGTGAAACTCCGGCTCTACTAAAAACACAAAAATTCGCCTGGTATGGTGGCGGACCTGTAATCCCAGCTACTCGGGAGGCTGAGACCGGAGAATCGCTTGAATCCAGAAGGCAGAGGTTGCAGTGAGCTGAGATTGCACCACTGCAGTCCAGCCTGTGCAACAAGAACAAAACTCAGTCACACACAAAAAA"
"chr4","115308215","115308501","JH378108","33277714","33278014","49","82030501","GCTGGGCACGGTGGCTCACGCCTGTAATCCCAGCACTTTGGGAGGCAGAGGTGGGCGGATCAAGAGGTCAGGAGTTCAAGACCAGCCTGGCCAACATGGTAAACCCCGTCTATACTAAAAACACAAAAATTAGCCGGGCATGGTGGCAGGTGCCTGTAATCCCAGATGCTCAGAAAGCTGAGGCAGAAGAATTGCTTGAAGCTGGAAGGCAGAGGTTGCAGCAAGCCAAGATTGCACCACTGTGCAACAAGAGCGAAACTCTGTCTCAAAAAAAAAAAAAAAAAGAA","GGCCGGGCGTGGTGGCTCAAGCCTGTAATCCCAGCACTTTGGGAGGCCGAGGTGGGTGGATCACGAGGTCAAGAGATCAAGACCATCCTGGTCAACATGGTAAAACCCCGTCTCTACTAAAAATACAAAACATTAGCTGGGCATGGTGGCGCGTGCCTGTAATCTCAGCTGCTCAGGAGGCTGAGGCAGGAGAATTGCCTGAAACCAGGAGGCAGAGGTTGCGGTGAGCCGAGATCGCGCCATTGCACTCCAGCCAGGGTAACAAGAGCGAAACTCCGTCTCAAAAAAAAAAAAAAAAGAA"
"chr4","116716047","116716215","JH378115","28839239","28839413","31","87876808","GCCAAGTGTGGTGGCTCACGCCTGTAATCCTAGCACTTTGGGAGGCTGAGGCAGGTGGATCATGAGGTCAGGAGTTCAGACTAGCCCAGCCAACACAGTGAAACCCCGTCTCTACTAAAATACAGACTTAGCTGGGCGTGGGGCAGGACTTGTAATCCCAGCTATTTGG","GGCCAAGCGCGGTGGCTCACGCCTGTAATCCCAGCACTTTGGGAGGCTGAGGCAGGTGGATCACGAGGTCAAGAGATCGAGACCATTCTGGTCAACATGGTGAAACCCTGTCTCTACTAAAAATACAAAAATTAGCTGGGCATGGTGGCGCACATCTGTAGTCCCAGCTGCCTGG"
"chr4","116756295","116756599","JH378156","7076545","7076843","47","109679750","GCCAGAAGCGGTGGCTCACGCCTGTAATCCCAGCATTTTGGGAGGCTGAGGCAGGTGGATCACGAGGGCAGGAGTTCAAGACCAGCCTGGCCAACACAGTGAAACCCTGTCTCTACTAAAAATACAAAAATTAGCTGGGCGTGGTGATGAGCACCTGTAAGTAATTCTAGCTACTCCGGAGGCTGAGGCAGGAGAATCACTTGAAACCAGAAGGTGGACGTTGCAGTGAGCCGAGAGTAGCGCCTCTGCACTCCAGCCTGGGTGAAAGACCAAAACTTCATCTCAAAAAAAAAAAAAAAAAAAAA","GGCCAGGTGCGGTGGCTCACGCCTGTAATTCCAGCACTTTGGGAGGCTGAGGCAGGTGGATCATGAGGTCAAGAGGTCAAGACCATCCTGGTCAACATGGTGAAACCCCGTCTCTACTAAAAATACAAAAAATTAGCTGGGCGTGGTGGCGGGTGCCTGTAATCCCAGCTACTCAGGAGGCTGAGGCAGGAGAATTGCCTGAAGCCAGAAGGCAGAGGTTGCAGTGAGCCGAGATAGCGCCATTGCACTCCAGCCTGGGTAACAAGAGCGAAACTCCATCTCAAAAAAAAAAAAGAAAA"
"chr4","116757334","116757637","JH378156","7076545","7076843","46","109680789","GCCAGAAGCGGTGGCTCACGCCTGTAATCCCAGCATTTTGGGAGGCTGAGGCAGGTGGATCACGAGGGCAGGAGTTCAAGACCAGCCTGGCCAACACAGTGAAACCCTGTCTCTACTAAAAATACAAAAATTAGCTGGGCGTGGTGATGAGCACCTGTAAGTAATTCTAGCTACTCCGGAGGCTGAGGCAGGAGAATCACTTGAAACCAGAAGGTGGACGTTGCAGTGAGCCGAGAGTAGCGCCTCTGCACTCCAGCCTGGGTGAAAGACCAAAACTTCATCTCAAAAAAAAAAAAAAAAAAAA","GGCCAGGTGCGGTGGCTCACGCCTGTAATTCCAGCACTTTGGGAGGCTGAGGCAGGTGGATCATGAGGTCAAGAGGTCAAGACCATCCTGGTCAACATGGTGAAACCCCGTCTCTACTAAAAATACAAAAAATTAGCTGGGCGTGGTGGCGGGTGCCTGTAATCCCAGCTACTCAGGAGGCTGAGGCAGGAGAATTGCCTGAAGCCAGAAGGCAGAGGTTGCAGTGAGCCGAGATAGCGCCATTGCACTCCAGCCTGGGTAACAAGAGCGAAACTCCATCTCAAAAAAAAAAAAGAAAA"
"chr4","118469720","118470032","JH378201","3287246","3287553","42","115182474","GGCCAGGTGCAGTGGCTCATGCCTGTAATTCCAGCACTTTGGGAGGCCAAGGTGGGCAGATCATGAGGTCAGGAGTTGGAGATCAGCCTGACCAACATGGTGAAACCCTGTCTCTATTAAAAAAATACAAAAATTAGCCAGGCATGGTGGCAGGCACCTGTAATCCCAGCTACTCAGGAAGCTGAGGCAGGAGAATCACTTGAAACCGGAAGGTGGAAGTTGCAGTGAGCCGAGATGGTGCCACTACACTCCAACCTGGGCAACAAGAGCAAAGCTCTGTCTCAAAAAAAAAAAAAAAAAAAAAAAAAAAAAA","GACCAGGTGCGGTGGCTCACACCTGTAATCCCAGCACTTTGGGAGGCCGAGGTGGGCGAATCACGAAGTCAGGAGTTCGAGACCAGCCTGGCCAACAAAGTAAAACTCTGTCTTTACTAAAAATACAAAAATTAGCCAGCCATGGTAGCGGGCACCTATAATCCCAGCTACTCAGAAGCCTGAGGCAGGAGAACCACTTGAAACCGGAAGGCAGAAGTTGCAGTGAGCCGAGATTGCGCCACTGCACTCCAGCCTGGGCAAAAGAGTGAAACTCCATCTCAAAAAAAAAAAAAAAAAAAAAAAAAAAA"
"chr4","118860379","118860669","JH378129","7783178","7783478","50","111077201","GGCCAGGCGCAGTGGCTCATACCTGTAATCCCAGCACTTTGGGAGGCCGAGGTGGGTGGATCACGAGGTCAGGAGTTCGAGACCAGCCTGGACAACACGGTGAAACCCTGTCTCTACTAAAAATAGAAAGATTAGCCGGGTGTGGTGGCAGGCACCTCTAATCGGGAGGCTGAGGCAGCAAAATCACTTGAAACCAGAAGGTGGAGGCTGCAGTGAGCAAAGATTGTGCCACTGTACTCCAGCCTAGGCAAAAGAGTGAGACTCCATTTCAAAAAAAAAAAAAAAAAAGAA","GGCCGGGCGCGGTGGCTCAAGCCTGTAATCCCAGCACTTTGGGAGGCCGAGGTGGGTGGATCACGAGGTCAAGAGATCGAGACCATCCTGGTCAACATGGTGAAACCCTGTCTCTACTAAAAATACTAAACATTAGCTGGGCATGGTGGCGCATGCCTGTAATCCCAGCTACTCAGGAGGCTGAGGCAGGAGAATTGCATGAAACCAGGAGGCGGAGGTTGCGGTGAGCCGAGATCGTGCCATTGCACTCCAGCCTGGGCAACAAGAGTGAAACTCCGTCTCAAAAAAAAAAAAAAAAGAA"
"chr4","122710380","122710682","JH378136","18027573","18027877","45","104682807","GGCGGGGCACGGTGGCTCACGCCTGTAATCCCAGCACTTTGGAAGGCCAAGGCAGGTGGATTACGAGGTCAGGAGTTCGATACCAGCCTGGCCAACATGGTGAAACCCCATCTATGCTAAAAATACAAAAATTAGCCAGGCTTGGTGTCGGGTGCCTGTAATCCCAGCTACTGGGAAGGCTGAGGCAGCAGAATCGCCTGAAACCAGAGCACAGAGGTTGGAGTGAGCCAAGATCGCACCACTGCACTCCAGCCTGGGCAAAAGAGTAAAACGCCATCTCAAAAAAAGAGAAAGAAACAGAAA","GGCCGGGCGCGGTGGCTCAAGCCTGTAATCCCAGCACTTTGGGAGGCCGAGGCGGGTGGATCACGAGGTCAAGAGATCGAGACCATCCTGGTCAACATGGTGAAACCCCGTCTCTACTAAAAATACAAAAAATTAGCTGGGCATGGTGGCGTGTGCCTGTAATCCCAGCTACTCAGGAGGCTGAGGCAGGAGAATTGCCTGAAACCAGGAGGCAGAGGTTGTGGTGAGCCGAGATCACGCCATTGCACTCCAGCCTGGGTAACAAGAGCTAAACTCCGTCTCAAAAAAAAAAAAAAAAAAAGAAA"
"chr4","127775916","127776213","JH378117","25647280","25647574","43","102128636","GGCCGGGCTCGGTGGCTCACGCCTGTAATCCCAGCACTTTGGGAGGCTGAGGCAGGCTGATCACGAGGTCAGGAGTTCGAGACCAGCCTAGCCAACATGGTGAAACCCCATCTCTACTAAAAATACAAAAAGTAGCTGGGCATGGTGGCAGTTTCCTATAATCCCAGCTACTCAGGAGGCTGAGGCAAGAGAATCACTTGAACCTGGAAGGCAGAGGTTGCAGTGACCTGAGATCATGCCACTGCACTCCAGACTGTTCAATAAGAGCAAGACTCTGTCTGAAAAAAAGGGAAAAAAA","CCGGGCTCGGTGGCTCACACCTGTAATCCCAGCACTTCCTGGGAGGCCGAGGCAGGTAGATCATGAGGTCAGCAGTTCGAGGCCAGCCTGGCCAACATGGTGAAACCCCGTGTCTACTAAAAATACAAAAATTAGTCTGGCATGGTGGCAGGTGCCTGTAATCCCAGCTACTCGGGAGGCTGAGGCAGGAGAATCGCTTGAAACTGGAAAGCGGAGGTTGCAGTGAGCCGAGATGGTGCCATTGCACTCCAGCCTGGGCAAAAGAGCAAAAACTCTGTCTCAAATAAATAAAAAA"
"chr4","128138913","128139205","JH378245","3312448","3312742","39","124826465","GGCCGGGCGTGGCGACTCACGCCTGTAATCCCAGCACTTTGGGAGGCCGAGATGGGCGGATCACGAGGTCAGGAATTCGAGACCAGCCTGGCCAACATGGTGAAACCCTGTCTCTACTAAAAATAACACAAATTAGCCCGGCGTGGTGGTGGGGGCCTGTAATCCCAGCTACTCGGGAGGCTGAAGCAGGAGAATCGCTTCAAACCGGAAGGCGGAGGTTGCAGTGAGCCGAGATCGCGCCACTACACTCCAGCCTGGGCGAAATTGCTAAACTCCGTCTAAAAAAAAAAAAA","GGCCAGTCGTGGTGGCTCTCGCCTGTAATCCCAGCACTTCGGGAGGCTGAGGCAGGCAGATCATGAGGTCAGGAGTTTGAGACCAGCCTGGCCAATATGGTGAAACCCCGTCTCTACTAAAAATACAAAAATTAGCTGGACATGGTGGTGGGCGCCTGTAATCCCAGCTACTTGGGAGGCTGAGGCAGGACAATCGCTTGAAACCTGAAGGCGGAGGTTGCAGTGAGCCAAGATCATGCCACTGCACTCCAGCCTGGGCGAAAGAGTAAAACTCCGTCTCAAAAAAAAAAAGAAA"
"chr4","128172861","128173162","JH378148","3009466","3009760","45","125163395","GGCTTGGTGCGATGGCTCATGCCTATAATCCCAGCACTTTGGGAGGTTGAGGCGAGTGGATCACGAGGTCAGCAGTTCGAGACCAGCCTGACCAACATGCTGAAACCCTGTCTCTACTAAAAATACAAAAAAACTAGCTGGGCATAGTGGCGGGCGCCTATAATCCCAGTGATTTGGGAGACTGAGGCAGGAGAATCGCTTGAAACCAGAAGGCAGAGGTTGCAGTGAACCGAGATTGTGCCACTGCACTCCAGCCTGGGCAATAAGAGCAAAACTCCGTCTGAAACAAACAAAAAGAAAAA","GGCCAGGTGTGGTGGCTCACGCCTGTAATCCCAGCACTTTGGGAGGCCGAGGCAGGTGGATGATGAGGTCAGGAGTTCGAGACCAGCCTGGCCAAAATGGTGAAACCCTGTCTCTACTAAAAATACAAAAAAATTAGCCAGGCGTGGTGGCATGCGCCTATAATCCCAGCTACTCAGGAGGCTAAGGCAGGAGAATCACTTGAAACCAGAAGGCAGAGGTTGCAGTGAACTGAGATCACGCCACTGCACTCCAGCCTGGGCAACAAGAGCAAAACTCCATCTCAAAAAATAAAAA"
"chr4","129621410","129621701","JH378110","6448504","6448791","42","123172906","GGCCGAGTGTGGCGGCTCATGCCTGTAATCCCAGCACTTTGGGAGGCCGAGGCAGGCAGATCACAAGGTCAGGAGTTCGAGACCAGCCTGACCAATGTGGTGAAAACCTGTCTCTACTGAAAAATACAAAAATTAGCTGGGTATGGTGGAGAATGCCTGTAATCCCAGCTACTCAGGAGGCTGAGGCAGGAGAAATCACTTGAAACCAGAAGGTGGAGGTTGCAGTGAGCTGAGATAGCACCACTGCACTGCAGCCTGGGCGAAAAAGTGAAACTCGGTCTCAAAAAAAAAA","GGCCAGGTGTGGAGACTCACACCTGTAATCCCAGCACTTTGGGAGGCGGAGGTGGCTGGATCACAAGGTCTGGAGTTCGAGACCAGCCTAGGCAACATGGTGAAACCCCTTCTCTACAAAAAAATACAAAAATTAGTTGGGCGTGGTGGTGGGTGCCTGTAATCCCAGCTACTTGGGAGGCTGAAGAGGAGAATCACTTGAAACTGGAAGGTGGAGGTGGCAGTGAGCTGAGATTGCACCACTGCACTCCAGCCTGGGCGAAAGAGTGAAACTCGGTCTCAGAAAAAA"
"chr4","131677782","131678029","JH378233","5445189","5445457","71","126232593","GGCTGGGCACAGGGGCGCATGCCTGAATCCAAGAACTTGGGAGGCCGAGGCGTGGGGTCATGATTCGAGACGCACCTGGCAACATGCAAAACCCTCCTATTCAAAATACAAAAATTACTGGTGGCATAGTGGCAAATGCCCTGTAATCCTAGCTACTCAGAAGGTGGGGGTTGCAGTGGACTGAGATCATGCCACTGTACTCCAGCCGGTGTGACCAGAGTGAAACTCTGTTCAGAAAAAAAAAAAAA","GGCCGGGCACGGTGGCTCATGCCTGTAATCCCAGCACTTTGGGAGGCCGAGGCGGGTGGATCATGAGGTCAAGAGATCGAGACCATCCCAGTCAACATGGTGAAACCCCGTCTCTACTAAAAATACAAAAAGTCAGCTGGACATGGTGGCGTGTGCCTGTAATCCCAGCTACTCAGGAGGCACAGGTTACTGTGAGCCAAGATCGCGCCATTGCACTCCAGCCTGGGTAACAAAAGTGAAACTCCATCTCAAAAAAAAAAAAACAAAAA"
"chr4","132857710","132858016","JH378228","5010858","5011162","43","127846852","GGCCAGGCACGGTGGCTCATGCCTGTAATCCCAGCACTTTGGGGGGCCCAGGCAGGTGGATCATGAGGTCAGCAGTTCGAGACCAGCCTGACCAACATGGTGAAACCCCATCTCTACTAAAAATACAAAAAAATTAGCTGGGCGTGGTGGCAGGCACCTGTAATTCCAGTGACTTGGGAGGCTGAGGCAGGAGAATCACTTGAAACTGTAAAGTGAGGTTGCAGTGAGACAAGATTTCACCACTGCACTCTAGCCTGGGCAATAAGAGCAAAACTCTGTCTCAAAAAAAGAAAAGAAAAAAGAAAAA","GGCCAGGCGCGGTGGCTCACGCCTGTAATCCCAGCACTTTGGGAGGCCTAGGCAGGTGGATAATCTGAGGTCAGGAGTTCAAGACCAGCCTGGCCAGCATGGTGAAACCCCATATCGACTAAAAATACAAAAATTAGGTGGGAGTGGTGGCACGCGCCTGTAGTCCCCAGCTACTTGGGAGGCTGAGGCAGGAGAATCACTTGAAACTGGAAGGCAGAGGTTGCAGTGAGCCAAGATCGCACCATTGCACTCCAGACTGGGCAATGAGAGTGAAACTCCTTCTCAAAAAAAAAGAAAAAAAAAAA"
"chr4","133290146","133290440","JH378145","15823378","15823672","39","117466768","GGCTAGGTGCAGTGGCTAACACCTGTAATCCCAGCACTCTGGGAGGCTGAGGCGGGTGGATTATGAGGTCAAGAGTTCGAGACCAGCCTGGCCAACATGGTGAAATCCATTTCTACTAAAAATACAAATATTAGCCAGGCATGGTGGCAGGTGCCTATAATCCCCGCCACTCGGGAGGCTGAGGCAGGATAATTGCTTGAAACCAGAAAGTGGAGGTTGCAGTGAGCTAAGATCATGCCACTGCACTCCAGCCTGGGCAACAAGAGTGAAACTCCATCTCAAAAAAAAAAAAAAA","GGCCGGGCGCAGTGGCTCACGCCTGTAATCCCAGCACTTTGCGAGGCTGAGGCGGGTGGATCACGAGGTCAAGAGATTGAGACCATCCTGGTCAACATGGTGAAACTCCATCTCTACTAAAAATACAAAAATTAGCTGGGCATGGTGGCACATGCCTGTAATCCCAGCTACTCGGGAGGCTGAGGCAGAAGAATTGCTCGAAACCAGGAGGCGGAGGTTGCAGTGGGCCGAGATCGTGCCATTGCACTCCAGCCTGGGTAACAAGAGTGAAACTCCGACTCAAAAAATAAAAAAA"
"chr4","134652966","134653279","JH378135","2257364","2257657","73","132395602","GCACGGTGGCTTATGCCTGTAATCCCAGCACTTTGGGAAGCTGAGGCAGGTGGATCATAAGGTCAGGAGTTCAACTTGATTAAACTTGGTTAACCAAGTTGAACTCCTGACTAACTTGGTTAAACTCCGTCTCTACTAAAAATACAATATTAGTTGGGCATGGTGGAGCATTCTTGTAATCTCAGCTACTCAGGAGGCTGAGACAGGAGAAGTGCTTAAAACCTGGAAGGCAGAGGTTGCAGTGAACTGAGGTCCCGCCACTGCACTCCAGCCTGGGCAACAAGAGCGAAACTCCATCTCAAAGAAAAAAAAAA","GGCGCAGTGGCTCACGCCTATATTCCCAGCACTTTGGGAAGCTGAGGTGGGCGGATCACAAGGTCAGGAGTTCAAGACCAGCCTGGCCAACATGGTGAAACCCCGTCTCTAGACTAAAAATACAAAAATTAGCTGGGCATGGTGGTGGGTGCCTGTAATCTCAGGTACTCAGGAGGCTGAGGCAGGAGAATCACTTGAAACTGGGAGGTGGAGGTTGCAGTGAGTTGAGATCCTGCCACTGCACACCAGCCTGGGTGACAAGAGCAAGACTCCATCTCAAAATTAAAAAAAAAA"
"chr4","138393070","138393376","JH378169","11824133","11824434","55","126568937","GGCCGGGCACAGTGGCTCACGCCTGTAATCCCAGCACTTTGGGAGGCTGAGGCGGGTGGATCATGAGGTCAGGAGTTCAAGACCAGCCTGGCCAACATGGTGAAACTCTGTCTCTACTAAAAAGTACAAAAAAAAAAAAAAAAAATTAGCCGGGGGTGGTGGTGGGCTACTCCGGAGGCTGAGGCAGGAGAATTGCTTGAAAACCGGAAGGCGGAGGTTGCAGTGAGCTGAGATCACACCACTGCACTCCAGCCTGGGTAACAAGAACAAAACTGTCAAAAAAAAAAAAAAAAAGAAAAAGAAAAAA","GGCTGGGCACAGTGGCTCAAGCCTGTAATCCCAGCACTTTGGGAGGCCGAGGCTGGCAGATCATGATGTCAGGAGTTCAAGGCCAGCCTGATCAACATGGTGAAACCCTGTCTCTACTAAAAATACAAAAATTAGCCAGGCATGGTGGCAGGTGCCTGTAATCCCAGCTACTCCAGAGGCTGAGGCAGGAGAATTGCTTGAAACCAGAAGGCGAAGGTTGCAGTGAGCTGAGATTGCACCACTGCACTCCAACCTGGGCAAAAGAGCAAAACTCCATCTCAAAAAAAAAAAGAAAAGTAAAA"
"chr4","146348330","146348476","JH378114","30341399","30341543","27","116006931","GCCTGTGATCCCAGCTACCCGGGAGGCTGAGGCATGATGAGAATCGCTTGAAGCCGGAAGGCGGAGGTTGCCATGAGCAGAGATCGCGCCATTGCACTCTAGCTTGGGCAACAAGAGCAAAACTCCGTCTCAGAAAACAAAACAAAA","GTGCCTGTAATCCCAGCTACTCAGGAGGCTGAGGCAGGAGAATTGCCTGAACCCAGGAAGCAGAGGTTGCTGGTGAGCCGAGATCGCGCCATTGCACTCCAGCCTGGGTAACAAGAGCGAAACTCCATCTCCAAAAAAAAAAAAA"
"chr4","155348829","155349127","JH378148","3009466","3009760","45","152339363","GGCCAGGCGCAGTGGCTCACGCCAGTAAGCCCAGCACTTTGGGAGGCGGAGGCGGGCAGATCACGAGGTCAGGAGTTTGAGAACAGCCTGGCCAACATGGCGAAACCCCTTCTCTATGAAAAATACAAAAATTAGCCGGGTGTGGTGGCGGGCGCTCTAATCCCAGCTACTCAGGAGGCTGAGGCATGAGAATCGCTTCAAACCAGGAGGCAGAGGTTGCAGTGAACTGAGATCGTGCCACTGCACTCCAGCCTGGGCAACAAGGGCAAGACTTCAACTAACAAGAAAATAAACAAAAA","GGCCAGGTGTGGTGGCTCACGCCTGTAATCCCAGCACTTTGGGAGGCCGAGGCAGGTGGATGATGAGGTCAGGAGTTCGAGACCAGCCTGGCCAAAATGGTGAAACCCTGTCTCTACTAAAAATACAAAAAAATTAGCCAGGCGTGGTGGCATGCGCCTATAATCCCAGCTACTCAGGAGGCTAAGGCAGGAGAATCACTTGAAACCAGAAGGCAGAGGTTGCAGTGAACTGAGATCACGCCACTGCACTCCAGCCTGGGCAACAAGAGCAAAACTCCATCTCAAAAAATAAAAA"
"chr4","159172120","159172418","JH378148","3009466","3009760","41","156162654","GCTGGACGCGGCGGCTCACGCCTATAATCCCAGCACTTTGGGAGGCCAAGACGGGTGGATAATGAGGTCAGGAGTTCAAGACCAGCCTGGCCAACACGGTGAAACCCTGTCTCTACTAAAAAAAAAATACAAAAATTAGCTGGGCATGGTGGCAGGTGCCTGTAATCCCAGCTGCTCGGGAGGCTGAGGCAGGAGAATCACTTGAAACCAGAAGGTGGAGGTTGTGGTGAGCTGAGATCACGCCAGTGCACTCCAGCCTGGGCAACAAGAGCGAAACTCTGTCTCAAAAAAAAAGAAAA","GGCCAGGTGTGGTGGCTCACGCCTGTAATCCCAGCACTTTGGGAGGCCGAGGCAGGTGGATGATGAGGTCAGGAGTTCGAGACCAGCCTGGCCAAAATGGTGAAACCCTGTCTCTACTAAAAATACAAAAAAATTAGCCAGGCGTGGTGGCATGCGCCTATAATCCCAGCTACTCAGGAGGCTAAGGCAGGAGAATCACTTGAAACCAGAAGGCAGAGGTTGCAGTGAACTGAGATCACGCCACTGCACTCCAGCCTGGGCAACAAGAGCAAAACTCCATCTCAAAAAATAAAAA"
"chr4","159607256","159607555","JH378245","3312448","3312742","44","156294808","GGCCAGCGCTGTGGCTCACATCTGTAATCCCAGCACTTTGGGAGGCTGAGGTAGGCGGATCACGAGGTCAGGAGTTTGAGACCAGCCTGGCCAACATGGTGAAACCCTGTCTCTACTAAAAATACAAAAATTAGCCTGGCGTGGTGGCGAGCACCTGTAATCCCGGCTACTCGGGTGGCTGAGGCAGGAGAATTGCTTGAAACCAGAAGGCGGAGGTTACAGTGAGTGGAGATTATGGCACCATACGCCAGCCTGGATGAAAGAGTGAAACTCCTTCTCAAAAAAATAAAAGAAGGAAAA","GGCCAGTCGTGGTGGCTCTCGCCTGTAATCCCAGCACTTCGGGAGGCTGAGGCAGGCAGATCATGAGGTCAGGAGTTTGAGACCAGCCTGGCCAATATGGTGAAACCCCGTCTCTACTAAAAATACAAAAATTAGCTGGACATGGTGGTGGGCGCCTGTAATCCCAGCTACTTGGGAGGCTGAGGCAGGACAATCGCTTGAAACCTGAAGGCGGAGGTTGCAGTGAGCCAAGATCATGCCACTGCACTCCAGCCTGGGCGAAAGAGTAAAACTCCGTCTCAAAAAAAAAAAGAAA"
"chr4","159736025","159736298","JH378120","16339076","16339352","45","143396949","GTCAGGCGTGGTGGCTCACACCTGTAATCCCAGCACTTTGGGAGGCCGAGGCAAGCAGATCACAGGGTCAGGAGTTCAAGACCTGCCTGGCCAACATGGTGAAACCCCACCTCTACTGAAAATACAAAAATTAGCCAGGTGTGGTGGCAGGCACCTGTAATCCCAGCTACTTGGGAGGCTGAGGCAGGAGAATCGCTTGCAGGCGGAGGTTGCAGTGAGCAGAGATTGCACCACTGCACTCCAGCCTGGGTAAAAGAGTGAAACTCCATCTCAA","GGGTGTGGTGGCTCACCTCTGTAGTCCCAGCACTTTGGGAGGCTGAGGCAAGTGGATCACGAGGTCAGGAGTTGGAGACCAGCCTGGTTAACATGGTGAAACCCCATCTCTACTAAAAATAAAAAAATTAACTGGGTGTGGTGGCAGGCACCTGTAACCCAGCTACTCAGGAGGCTGGGGCAGGAGAATCTCTTGAAACCAGAAGACAGAGGTTGCAGTGAGCTGAGATCACGCCACTGCACTCCAGCCCAGGTGAAAGAGGGACACTCCATCTCAA"
"chr4","160492319","160492616","JH378245","3312448","3312742","41","157179871","GGCCAGGTGCGGTGGCTCACGCCTGTAATCCCAGCACTTTGGGAGGCTGAGGTGGGTGGATCACGAGGTCAGGAGTTCGAGACCAGCCTGGCCAACATGGTGAAACCCTGTCTCTACTAAAAATACAAAAATTAGCCAGGCATGGTGGTGGGAGCCTGTAATCCCAGCTACTTGGGAGGCTGAGGCAGGAGAATCACTTGAAACCGGAAAGCGGAGGTTACAGTGAGCCTAGATCGCGCCACTTCAGCCTGGGCGAAAGAGCAAAACTCTGTCTCAGATAGATAAATAAATAAATAAA","GGCCAGTCGTGGTGGCTCTCGCCTGTAATCCCAGCACTTCGGGAGGCTGAGGCAGGCAGATCATGAGGTCAGGAGTTTGAGACCAGCCTGGCCAATATGGTGAAACCCCGTCTCTACTAAAAATACAAAAATTAGCTGGACATGGTGGTGGGCGCCTGTAATCCCAGCTACTTGGGAGGCTGAGGCAGGACAATCGCTTGAAACCTGAAGGCGGAGGTTGCAGTGAGCCAAGATCATGCCACTGCACTCCAGCCTGGGCGAAAGAGTAAAACTCCGTCTCAAAAAAAAAAAGAAA"
"chr4","160811473","160811773","JH378169","11824133","11824434","38","148987340","GGCTGGGCACAGTGGCTCACACCTGTAATCCCAGCACTTTGGGAGGCCAAGGCAGGCAGATCATGAGGTCAGGAGTTCAAGACCAGCCTGGCCAACATGGTGAAACCTCATCTCTACTAAAAATGCAAAAATTAGCCAGGCATGCTGGCAGGCGCCTGTAATCCCAGCTACTCGGGAGCCTGAGGCAGGAGAATCACTTGAATCCGGGAAGTGGAGGTTGCAGTGAGCCAAGACTGCACCACTGTACTCCAGCCTGGGCAACAAGAATAAAACTCCATCTCAAAACAAAAAAAAAAAACAA","GGCTGGGCACAGTGGCTCAAGCCTGTAATCCCAGCACTTTGGGAGGCCGAGGCTGGCAGATCATGATGTCAGGAGTTCAAGGCCAGCCTGATCAACATGGTGAAACCCTGTCTCTACTAAAAATACAAAAATTAGCCAGGCATGGTGGCAGGTGCCTGTAATCCCAGCTACTCCAGAGGCTGAGGCAGGAGAATTGCTTGAAACCAGAAGGCGAAGGTTGCAGTGAGCTGAGATTGCACCACTGCACTCCAACCTGGGCAAAAGAGCAAAACTCCATCTCAAAAAAAAAAAGAAAAGTAAAA"
"chr4","161215493","161215694","JH378108","45073288","45073488","29","116142205","GCTGGGCACAATGGCTCATGCCTGTAATCCCAGCACTCTGGGAGGCCGAGGTGGGTGGATCACGAGGTCAGCAGTTCGAGACCAGCCTGACCAACATGGTGAAATCCCATCTCTACCAAAAATACAAAAAAATTAGCTGGGCAAGGTGGCGGGCGCCTGTAATCCCAGCTACTTGGGAGGCTGAGGCAGGAGAATCACTTGA","GCCGGGCGCGGTGGCTCAAGCCTGTAATCCCAGCACTTTGGGAGGCCGAGGCCGGTGGATCACGAGGTCGAGAGATCGAGACCATCCTGGTCAACATGGTGAAACCCCGTCTCTACTAAAAGTGCAAAAAATTAGCTGGGCATGGTGGCACGTGCCTGTAATCCCAGCTACTCAGGAGGCTGAGGCAGGAGAATTCCCTGA"
"chr4","168353854","168354160","JH378182","4696933","4697238","43","163656921","GCCAGGCGCGGTGGCTCACGCCTGTAATCCCAGCACTTTGGGAGGCCGAGGCAGGTGGATCACAAAGTCAGGAGTTCAAGACCAGCCTGGACAATATAGTGAAACTCTGTCTTTACTAAAAATACAAAAATTAGCCGGGCGTGGTGGCGGGCGCCTGTAATCCCAGCTACTCGGGAGGCTGAGGCAGGAGAATGGCGTGAAACTGGGAGGCGGAGCTTGCAGTGAGCTGAGATCGCACCACTGCACTGTAGGCTGGGCAATAAACACACTCCGTCTCAAAAAAAAAAAAAAAGAAGAAGAAAAGAAA","GCCAAGCGCGGTGGCTCAAGCCTGTAATCCCAGCACTTTGGGAGGCCGAGGCAGGCGGATCACGAGGTCAAGAGATCGAGACCATCCTGGTCAACATGGTGAAACCCTGTCTCTACTAAAAATACAAAACATTAGCTGGGCATGGTGGCGCGTGCCTGTAATCCCAGCTACTCAGGAGGCTGAGGCAGGAGAATTGCCTGAAACCAGGAGGCGGAGGTTGCGGTGAGCCGAGATCGCGCCATTGCACTCCAGCCTGGGTAACAAGAGCGAAACTCCGTCTCAAAAAAAAAAAAAAAAAAAAAAAAA"
"chr4","168410680","168410903","JH378281","1758125","1758348","38","166652555","GCCAGGCGCGGTGGCTCACACCTGTAATCCCAGCACTTTGGAAGGCCAAGGTGGGTGGATCACGAGGTGGGGGTTTGAAACCAGTCTGGCCAACATGGTGAAACCCCGTCTCTACTAAAAATACAAAAATTAGCCGGGTGTGGTGGTGGGCGCCTGTGGTTCCAGCTACTGGAGAGGCTGAGGCCGGAGAATCGCTTGACCCGGAGGCGGAGTTTGCAGTCAGC","GCCAGGCGCAGTGGCTCATGCCTGTAATCCCAGCACTTTGGGAGTCCTAGGCGGGCAGATCACAAGGTCGGAAGTTTGAGACCAGTCTGGCCAATATGGTGAAACCCCGTCTCCACTGAAAATACAAAAATTAGCAGGGCGTGGTGGGGGGCACCTGCAGTCCCAGCTACTCGGGACGCGGAGGCAGAATTGCTTGATACCGGGAGGCAGAGGTTGCAGTGAGC"
"chr4","168413627","168413946","JH378342","67187","67491","67","168346440","GGCTGGGTGTGGAGGCTCACACCTGTAAACCCAGCACTTTGGGAGGTGGGTGGATCACAAGGTCAGGAGTGTGACACCAACCTGGCCAATATGGTGAAACCCTGTCTTTACTAAAACTATAAAAATTCGCTGGGCTTGGAATTAGCTGGGCATGGTGTCGGGCGCCTGTAATCCCAGCTACTCAGGGGGCTGAGGTAGGAGAATCGCTTGAAACCAGAAGGCAGAGATTGCGGTGAGCTGAGATCGCATCACTGCACTCCAACCTGGGTGAAAGAGTGAACCTCTGTCTCAAAACAAAATAAAGAAAGAAAAAGAAAGAA","GGCCGGGTGTGGTGGCTCAAGCCTGTAATCCCAGCACTTTGGGAGGCCGAGGCGGGTGGATCACGAGGTCAAGAGATCGAGACCATCCTGGTCAACATGGTGAAACCCTGTCTCTACTAAAAATACAAAAAATTAGCTGGGCATGGTGGCGTGTGCCTGTAATCCCAGCTACTCAGGAGGCTGAGGCAGGAGAATTGCCTGAAACCAGGAGGCAGAGGTTGTGGTGAGCCGAGATCGTGCCATTGCACTCCAGCCTGGGTAACAAGAGCGAAACTCCGTCTCAAAAAAAAAAAAAAAAAAAAAAA"
"chr4","171531144","171531415","JH378131","2425118","2425380","38","169106026","AGGCCGAGACGGGCAGATCACAAGGTCAGGAGTTTGAGACCAACCTCGCCAACATGCTGAAACCCCATCTCTACTAAAAATACAAAAATTAGCCGGGCATGGTGGTGGGCGCCTGTAATCCCAGCTACTTGGGAGGCTGAGGCAGGAAAATCGCTTGAAACCAGAAGGTGGAAGTTGCAGTGAGCTGAGATCGCGCTGCTGCACTCCAGCCTGGGCAAATGAGTGAAACTCCATCTCAAAAACAAAACAAAACAAAACAAAAGAAAACAAAA","GACAGGCAAATCAAAGGTCAGGAGTTCAAGACCAGCTTGGCCAACATGGTGAAACCTCATCTCTACTAAAAATACAAAAATTAGCTGGGCATGGTGGCCGGCGTCTATAATCCCTGCTACTTGGGATGCTGAGGCAGGAGAATCACTTGAAACCAGAAGGCGGAGGTTGCAGTGAGCCAAGATTGCGCCCCTGCACTCCAGCCTGGGCAAAAGAGTGAAACTCCATCTCAAAACAAAACAAAACAAAAAAAACAAAAACAAAA"
"chr5","2767808","2767977","JH378163","8328457","8328624","31","5560649","GGCCAGGCGCCGTGGGTTCACGCTGTAATCCCACACTTTGGGAAGCCGAGTGGAAGCATCATGAGGTCAGGAGTTCGAGCCCAGCCTGGCCAAACGTGGTGAAACCCCATTCTCTACTAAAAATACAAAAACATTAGCTGAGTGTGGTGGCGGGCACCTGTAATCCTAGC","GGCCAGGTGCAGTGGCTTACACCCGTAATCCCAGCACTTTGGGAGGCTGAGGCAGGCCGATCATGAGGTCAGAAGTCCGAGACTAGCCTGGCCAACATGGTGAAACCCTGTCTCTACTAAAAATACAAAAATTAGCTGGGTGTGGTGGCAGGTGCCTGTAATCTCAGC"
"chr5","3471924","3472215","JH378145","15823378","15823672","39","12351454","GGCCGGGCACGGTGGCTCACGCCTGAATCCCAGCACTTTGGGAGGCTGAGGCGGGTGGATCACGAAGTCAGGAGTTCGAGACCAGCCTGGCCAACATGGGGAAACCCCCTCTATTCTAAAAATACAAAAATTAGCTGGGCGTGGTGGCAGACACCTGTAATCCTAGCTACTCGGGAGACTGAGGCAGGAGAATAGGTTGAAACCAGAAGGCGGAGGTTGCAGTGAGCCAAGATCATGCCACTGTACTCCCACCTGGGCAACAAGAGTGAAACTCCATCTCACAAAAAAAAAA","GGCCGGGCGCAGTGGCTCACGCCTGTAATCCCAGCACTTTGCGAGGCTGAGGCGGGTGGATCACGAGGTCAAGAGATTGAGACCATCCTGGTCAACATGGTGAAACTCCATCTCTACTAAAAATACAAAAATTAGCTGGGCATGGTGGCACATGCCTGTAATCCCAGCTACTCGGGAGGCTGAGGCAGAAGAATTGCTCGAAACCAGGAGGCGGAGGTTGCAGTGGGCCGAGATCGTGCCATTGCACTCCAGCCTGGGTAACAAGAGTGAAACTCCGACTCAAAAAATAAAAAAA"
"chr5","10668740","10669042","JH378169","11824133","11824434","52","1155393","CAGGTGCAGTGGCTCACGCCTGTAATCCCAGCACTTTGGGAGGCCAAGGTGGGCAGATCATCAGGTTGGGAGTTCAAGGCCAGCCTGGCCAAGATGGTGAAACTCCGTCTCTACTAAAAACTATGAAAAAAAAATTAGCCAGGCACGGTGGCAGGTGCCTGTAATCCCAGCTACTCAGGAGGCGGAGGCAGGAGAATCGCTTGAAACTGGAAGGCCAAGGTTGCGGGGAGCCGAGATCGCACCACTGCACTTCAGCCTGGGCAAAATAGTGAAATTCTGTCAAAAAAAAAAAAGAGGGAAAAA","GGCTGGGCACAGTGGCTCAAGCCTGTAATCCCAGCACTTTGGGAGGCCGAGGCTGGCAGATCATGATGTCAGGAGTTCAAGGCCAGCCTGATCAACATGGTGAAACCCTGTCTCTACTAAAAATACAAAAATTAGCCAGGCATGGTGGCAGGTGCCTGTAATCCCAGCTACTCCAGAGGCTGAGGCAGGAGAATTGCTTGAAACCAGAAGGCGAAGGTTGCAGTGAGCTGAGATTGCACCACTGCACTCCAACCTGGGCAAAAGAGCAAAACTCCATCTCAAAAAAAAAAAGAAAAGTAAAA"
"chr5","13744561","13744852","JH378127","10024758","10025055","51","3719803","GGCTGGGCACAGTGCCTTACGCCTGTAATCCCAGCACTTTGGGAGGCCAAGGCAGGTGGATAACAAGGTCAGGAGTTTCGGACCTGCCTGGCCAATATGGTGAAACCCCGTCTCTACTAAAAATATAAAAATTAGCGGGCGTGATGATGGGCGATTGTAGTCCCAGCTACTCAGGAGGCTGAGGCAGGAGAATAGCTTGAATCAGGGAGGAGAAGGTTATAGTGTGCCGAGATCGCGCCACTGCACTCCAGCCTGGAGGACAAGAGTGAAACTCCGTCTGAAAACAAACAAA","GGCCGGGCGCGGTGGCTCAAGCCTGTAATCCCAGCACTTTGGGAGGCCGAGGCGGGTGGATCACGAGGTCAAGAGATCGAGACCATCCTGGTCAACATGGTGAAACCCCGTCTCTACTAAAAATACAAAAAATTAGCTGGGCATGGTGGCGTGTGCCTGTAATCCCAGCTACTCAGGAGGCTGAGGCAGGAGAATTGCCTGAGACCAGGAGGCGGAGGTTGCAGTGAGCCGAGATCGCGCCATTGCACTCCAGCCTGGATAACAAGAGCGAAACTCCGTCTCAAAAAAAAAAAAAAAA"
"chr5","18383950","18384096","JH378106","68289436","68289584","25","49905486","GGCCAGGCGTGGTGGCTTATGCCTGTAATCCCAGCACTTAAGAACCCAGGGTGGGCGGATCACGAGGTCAGGAGTTAGAAACCAGCCTGACCAACACAGTGAAACCTCGTCTCTACTAAAAATACAAAAATTAGCCTGGCATGGTGG","GGCCGGGCGCGGTGGCTCAAGCCTGTAATCCCAGCACTTTGGGAGGCCAAGGTGGGTGGATCACGAGGTCAAGAGATCGAGACCATACTGGTCAACATGGTGAAACCCCGTCTCTACTAAAAATACAAAAATTAGCTGGGCATGGTGGC"
"chr5","19699592","19699866","JH378272","1010798","1011072","56","18688794","GGCCAGGTGTGGTGGCTGAAGTCTGTAATCCTAGCACTTGAGGTCAGGAGTTTGAGACCAGCCTGGCTAACATGGTGAAACCCCGTCTCTACTAAAAATACAAAAATTAGCTGGGTGTTGTGGCAGGCACCTGTAATTCCACCTATTTGGGAGGCTGAGGCAGGAGAATCACTTGAAACTTGAGTTGCAGTGAGCCAGTGTTGCGCCACTGCACTCCAGCCTGGGCAACAAAGTGAGACTCCTTCTCAAAAGAAACAAAAACAAAAACAAAAAAA","GGCCAGGTACAGTGGCTCATGCCTGTAATCCCACCACTTTGGGAGGCCAGGAGTTTGAAACCAGCCTGGCCAACATGGTGAAATCCTGTCTCTACTAAAAATATAAAAAATTAGCTGGGTGTAGTGTCACGTGCCTATAATCTCAGCTACTTGGGAGGCTGAGGCAGGAGAATTGGCAGGTGGAGGCTGCAGTCAGCTGAGATCACACCACTGCACTCTAGCCTGGGCAATAAGAGTGAAACTCTGTCTCAAAAAAAAAAAAAAAAAAAAAAAAA"
"chr5","21230085","21230355","JH378122","5525941","5526220","46","15704144","CTCACGCCTGTAATCCCAGAACTTTGGGAGGCCGAAGAGGGTGGATCATGAGGTCAGGAGTTCGAGACCAGCCTGACCAACATGGTGAAACCCTGTCTCTACTAAAAATACAAAAATTAGCTGGGCGTGGTGGCGGGCACCTGCAATCCTAGCTACTCAGGAGGCTGAGGCAAGAGAATCTCTTGAAACTGGAAGGCAGAGGTTGCAGTGAGCCACGATCGCGCCACTGTGCTCCAGCCTGGGCGAAAGAGTGAAACTCATCTCAAAAAAA","CTCCTGCTTGTAATCCCAGCACTCTGGGAGGCCAAGGCGGGCAGATCATGAGGTCAGGAGTTCAAGACCAGCTTGGCCAACACGGTGAAACCCAGTCTCTACCAAAAATACAAAAATTAGCTGGACTTGGTTGTGGGCACCTGTAATCCCAGCTACTCAGGAGGCTGAGGCAGGAGAACCACTTGAAACTGGAAGGCGGAGATTGCAGTGAGCCGAGACCGTGCCACTGCACTCCAGCCTGGGCAACAAGAGTGAAATGCTGTCTCAAAAAAACAAAAAA"
"chr5","27144799","27145084","JH378119","21729384","21729670","45","5415415","GTCAGGCGCAGTGTCTCACACCTGTAATTCCAGCACTTTGGGAGGCCGAGACAGGCAGATCACAAGGTCAGGAGTTCGAGACCATCCTGGCCAACATGGTGAAACCCCGTCTCTACTAAAAATACAAAAAGTATCAGGGTGTGGTGGTAGACACCTATAATCCTAGCTACTCGGGAGGCTGAGGCAGAAGAATCTCTTGAAATGGAAGGCAGAGGTTGCAGTGAGCCGATATCGCACCACCGCACTCCAGCCTGGGCAACAATAGTGAAACTCCATCTAAAAGAAA","GGCTGGGCGCAGTGGCTCACGCTTGTAATCCCAGCACTTTGGGAGGTCGAGGTGGGTGGATCACAAGGTCAGGAGTTCAAGACCAGCCTGGCCAACATGGTGAAACCCCGTCTCTGCTAAAAATAGAAAAATTAGCAAAGCATGGTGGCAGGCGCCTGTAATCACAGCTACTCGGGAAGCTGAGGCAGGAGAATCACTTGAAACTGAAAGGTAGAGGTTGCAGTGAGCCGACATCACCACCACTGCACTCCAGCCTGGGCGACAAGAGCGAAACTTCATCTAAAAAA"
"chr5","27781276","27781410","JH378108","17478737","17478871","19","10302539","GGCTGGGCATGGTGGCTCACGCCTGTAATCCCAACACTTTGGGAAGCCAAGGCTGGTGAATCACGAGGTCAGGAGTTCGAGACCAGCCCGGCCAACATGGTGAAATCCTGTCTGTATTAAAAATACAAAAAATTG","GGCCGGGCACGGTGGCTCACGCCTGTAATCCCAGCACTTTGGGAGGCCGAGACGGGTGGATCACGAGGTCAAGAGATCGAGACCATCCTGGTCAACATGGTGAAACCCCGTCTCTACTAAAAATACAAAAATTAG"
"chr5","27781715","27781737","JH378272","2083837","2083868","18","25697878","TTAGCTGGGCATAGTGGCGGGTG","CCAGCCTGGGAAACATGATGAAACTTCATCTC"
"chr5","30308914","30309201","JH378223","6194371","6194661","50","24114543","GGCTGGGCGCAGTGACTCACGCCTGTAATCCCAGCATTTTGGGAGGCTGAGGCAGGCAGATCACGAGGTCAGTTCGAGACCAGCCTGACCAACGTGGTGAAATCCCATCTCTACTAAAAATGCAAAAATTAGCTGGGTGGGTTGGCGGGCCCCTGTAATCTCAGCTACTCAGGAGGCTGAGGCAGGAGAATCACTTGAAACCAGAGGGCGGAGGTTGCAGAGAGCAGACACCATGCCACTGTACTCTAGCCTGGGCAACAAGAGTGAAATTCCGTCTCAAAAGATAAA","GGCCAGGCACGGTGGCTCACACCTGTAATCCCAGCATTTTGGGAGGCTGAGGCAGGTGGATCATGAGGTCAGGAGTTCAAGACCAGCCTGGCCAACATGGTGAAACCCCATCTCTACTAAAAATAACAAAAATTAGCCAGGCGTGGTTGTGGGCACCTGTAATCCCAGCTACTCGGGAGGCTGAGGCAGGAGAATCACTTGAAACTGGAAAGCATAGGTTTCAGTGAGCTGATACCGTACCACTGCACCCTAGCCTGGGCAAAAGCGTAAAACTCCATACCAAAAAAAAAA"
"chr5","36980747","36981044","JH378165","1504452","1504751","35","35476295","GGCCGAGCACGGTGGCTCACGCCTGTAATCCTAACACTCTGGGAGGCAGAGGTGGGTGGATCACGAGGTCAGGAGTTCGAGACCAGCCTGACCAACATGGTGAAACCCCATCTCTACTAAAAATACAAAAATTAGCTGGGTGTGGTGGCGGGCACCTGTAATCCCAGCTACTAGGGAGGCTGAGGCAGGAGAATCACTTGAAACTGGAAGGGCGGAGGTTGCGGTGAGCCAAGATCGCACCACTGCACTCCAGCCTGGACAAAAGAGCGAAACTCCATCTCAAAAAAAGAAAATAAAA","GGCCGGGCACAGTGGCTCATGCCTATAATTCCAGCACTCTGGGAGGCTGAGGTGGGCGGATCACAAGTCAGGAGTTCGAGACCAGCCTGGCCAACATAGTGAAACCCCGTCTCTACTAAAAATACAAAAACTAGCCGGGTGTGGCGGCTGGCACCTGTAATCCCAGCTACTAGGGAGGCTGAGGCAGAAGAATCCCTTGAAACTGGAAGATGGAGGTTGTGGTGAGCAGAGATGGCACCACTGCACTCCAGCCTGGGCAAAAGAGCGAAATGCCATCTCAAAAATAAAATAAAATAAAAT"
"chr5","37416140","37416416","JH378141","13122265","13122540","56","24293875","GCTGGGTGTGGTGGCTCACACCTGTAATCCCAGCACTTCGGGAGGCTGAGGCAGGCGGATCACGAGGTCAGGAGATCCAGACCAGCCTGGCCAACATGGTGAAATCCCCATCCCTACAAAAAATACAAAAATTAGCTGGGCCTGGTGCCAGGCCCCTGGGAGAGGTGGAGGCAGGAGAATTGCTGGAAACCGGTAGGCAGAGGTTGCAGTGAGCCAAGATCTCAGCATTGCCCTCCAGCCTTGGCAACAAGAGTGAAACTTGGTCTCAAAAAAGAAA","GGCTGGGCACAGTGGCTCACGCCTGTAACCCCAACACTTTGGGAGGCCGAGGCAAGTGGATCACAAGGTTAGGAGTTTGAGACAAGCCTGGCCAACATGGTGAAACCCCATCTCTACTAAAATACAAAAATTAGGCAGGCACCTGTAGTCCCAGCTACTCGGGAGGCTGAGGCAGGAGAATCGCTTGAAACCAGAAGGCAGAGGTTTCCGTGAGCAGAGATCACGCCACTGCACTCCAGCCTGGGCAAAAGAGCAAAACTTTGTCTGAAAAAAAAA"
"chr5","38686145","38686463","JH378110","20343307","20343641","51","18342838","CCGGGTGCAGTGGCTCATGCCTGTAATCCCAGCATTTTGGGAGGCTGAGGCAGGTGGATCACGAGGTCAGGAGTTGGAGATCAGGCTGGACAACATGGTGAAACCCCATCTCTACAACAAATACAAAAATTAGCCAGGCACAGTGGCGGGCACCTGTAATCCCAGCTACTCGGGAGGCTGAGGCAGGAGAATCGCTTGAAACTAGAAGGCAGAGGTTGCAGTGAGCTGAGATCATGCCATTGAACTCCAGCCTGGGCAATAAGAGTGAAACTCTGTCTCACCAAAAAAAAAAAAAAAAAAAAAAAAAAAAAAAAGAAAA","CTGGGTGCAGTGGCTCATGTCTGTAATCCCAGCACTTTGGGAGGCTGAGGCAGGTGGATCATGAGGTCAGGAGTTCGAGACCAGCCTGATCCAACATGATGAAACCCCATCTCTACTGAAATACAAAAATTAGCCAGGCATGGTGGCAGGCTTTTGTAATCCCAACTACTCTGAAGGCTGAGGGAGGAGAATCACTTGAAACTGGAAGGCAGAGGTTGCAGTGAGCTGAGATTGCACCCACTGCACTCCAGCCTAGGCAACAAGAGTGAAACTCTGTCTCAAAAAAAACAAAAACAAAAACAAAAACAAAAAACAAACAAACAAACAAAAAAACA"
"chr5","38880133","38880438","JH378114","25103281","25103591","41","13776852","GCTGGACGCAGTGGCTCATGCCTGTAATCCCAGCACTTTGGGAGGCTGAGGTGGGCAGATCACGAGGTCAGGAGTTCGAGACCAGCCTGGCCAACATGGTGAAACCCCATCTCTACTAAAAATACAAAAACTAGCTGGGCATGGTGGCAGGCACCTGTAATCCCAGCTACTCGGGCGGCTGAGACAGGAGAATCGCTTGAAACTGGAAGTTGGACGTTGCAGTGAGCCGAGATCACGCCACAGCTCTCTTGCCTGGGCAAAAGAGCGAAACTCTGTCTCAAAAAAAAAAAAAAAAAAAAAAAAGAA","GGCTGGGTGCAGTGGCTCACGCCTGTCATTCCAGCACTTGGAGAGGCTGAGGTGGGTGGATCACAAGGTCAGGAATTTGAGACCAGTCTGACCAACATGGTGAAACCGCACCTCTACTAAAAATACAAAAGTTAGCCAGGCATGGTGGCAGGCACCTGTAATCCCAGCTACTTGGGAGGCTGAGACAGGAGAATCGCTTGAAACCCGAAGGTGGAGGTTGCAGTGAGTCAAGATCACACCACTGCACTCCAGCCTGGGCAAAAAGAGCAAAACTCTGTCTCAACCAAAAAAAAAAAAAAAAGAGAAAGAAA"
"chr5","39732762","39733072","JH378106","12647150","12647453","52","27085612","GGCCGGGCGCGGTGGCTCATGTCTGTAATCCCAGCACTTTGGGAGGCTGAGGTGGGCAGATCACGAGGTCAGGACTTCAAGACCATCCTGGACAACATGATGAAACTCCTTCTCTACTAAAAATACAAAAAAAAAAAAAAATAGCTGGACGTGGTTGTGGGCACCTGTAATCCCAGCTACTCGGGAGGCTGAGGCAGGGGGGAATCGCTTGAAACAAAGGCAGAGGTTGCAGTGAACCAAGATCGCACCACTGCACTCCAGCCTGGACGAAAGAGCAAAACTCCGTCTCAAAAAAAAAAAAAAAAAAAAAA","GGCCGGGCGCGGTGGCTCAAGCCTGTAATCCCAGCACTTTGGGAGGCCGAGGCGGGTGGATCACGAGGTCAAGAGATCGAGACCATCCTGGTCAACATGGTGAAACCCTGTCTCTACTAAAAATACTAAAAATTAACTGGGCATGGTGGCGTGTGCCTGTAATCCCAGCTACTCAGGAGGCTGAGGCAGGAGAATTTCCTGAAACCAGGAGGCGGAGGTTGCGGTGAGCCGAGATCGCGCCATTGCACTCCAGCCTGGGTAACAAGAGCAAAACTCCGTCTCAAAAAAAAAAAAAAAAAAAAAA"
"chr5","41995528","41995836","JH378173","5034027","5034323","44","36961501","GGCTGGACACAGTGGCTCACACTTGTAATCCCAACACTTTGGGAGGCCAAGGCGGGCAGATCACAAGGTCAGGAGTTCCAGACCAGCTTTGCCAATATGATGAAACCCCATCTCTACTGAAAATACAAAAATTAGCCAGGCGTGGTGGTATACACCTGTAATTCCAGCTACTTGGGAGGCTGAGGCAGGAGAATCACTTGAAACCAGAAGAGGGAGGTTGCAGTGAGCCAAGATCGTGCCATTGCACTCCAGCCTGGGTAACAAGAGCTAAACTCCATCTCAAAAAATAAATAAATAAAAATAAATAAA","GGCTGGGCACAGTGGCTCACACCTGTAATCCCAGCACTTGAGAGGCTGAGGTGGGCAGATCATGAGCTCAGGAGTTCGAGACCAGCCTGCCTACATGGTGAAACCCCATCTCTAGTAAAAATACAAAAATTAGCCAGTCATGGTGGCATGCACCTATAATCCTAGGTACTTGGGAGGCTGAGGCAGGAGAATCGCTTGAATCCAGAAGGTGGAGGTTGCAGTGAGCCAAGATCATGCCATTGCACTCCAGCCTGGGCAACAAGAGCAAAACTCCCTAAAAAAAAAAAAAAAAAAAAA"
"chr5","43341324","43341610","JH378132","2228150","2228421","56","41113174","ACATCTGTAATCCCAGCACTATGGGAGGCCGAGGTGGGCAGATCACGAGGTCAGTAGTTTGAGACCAGCCTGGCCAACATGGTGAAACCCCATCTCTACTAAAAATTAGCTGGGTGTGATGGCAGGTGCCTGTAATCCCAGCTACTTGGGAGGCTGAGGCAGGAGAATCTCTTGAAACTGGAAGGCGGAGGTCGCAGTGAGCTGAGATCGTGTCACTGCATTCCAGCCTGGGCAAAAAAGCAAAACTCCATTCTCAAAAGAAAAAGTAAAAAAAGAGAGAGGAAAAA","TGTAATCCCAGCACTTGGGAGGCCTAGGCGGGCAGATCATGAGGTCAGGAGTTCGAGACCAGCCTGGCCAACGTGGTGAAACCCTGTCTCTACTAAAATACAAAAATTAGGCGAGATGTCAGGAGCCTGTAATCCCACTACCTGGGAGGCTGAGGCAGGAGAATCTCTTAAAACTGAAAGGCAGAGGTTGCAGTGAGCCAAGATCACACCACTGCACTCCAGCCTGGGTGAAAGAGTGAAACTGTCTCAAAAAAAAAAAAAAAAAAAAAAAA"
"chr5","44474278","44474575","JH378113","18649350","18649646","40","25824928","GGCCAGGCTTGGTGGCTCACGCCTGTAATCCCAGCACTTTGGGAGGCCAAGGCGAGTGGATTATAAGGTCAGGAGTTTGAGACCAGCCTGGCCAACATGATGAAACCCCATCTCTACTAAAAATCAAAAATTAGTCAAGTGTGGTGTCGGGTGCCTGTAATCCCAGCTACTCGGGAGGCTGAGGCAGGAGAATTGCTTAAAACTGGAAGGCACAGGTTACAGTGAGCCAAGATGACACCACTGTACTCCAGCCTGGGTGAAAGAGCAAAACTCTGTCTCAAGAGAAAAAAAAAAAAAA","GGCCAGGCACAGTGGCTCACGCCTGTAATCCCAGCACTTTCGGAGGCCAAGGTGGGCAGATCACAAGGTCAGGAGTTCGAGACCAGCCTGGTCAACATGGTGAAACCCTGTCTCAACTAAAAATCCAAAAATTAGCCAGGTGTGGTGGTGGGCACCTGTAATCCCAGCTATCAGGGAGGCTGAGGCAGGAGGATTGCTTGAAACTGGAAGGCAGCGGTTACAGTGAGCCAAGATGGAGCCACTGCACTCCAGCCTGGGTGAAAGAGCAAAACTCCATCTCAAAATAAATAAATAAAA"
"chr5","48477723","48478029","JH378190","1325792","1326096","44","47151931","GGCCAGGCACGGTGGCTCACACCTGTAATCTCAATACTTTGGGAGGCCCAGGCAGGCAGATCATGAGGTCAGGAGTTCGAGACCAGCCTGGCCAACATGGTGAAACCCCGTCTATACTAAAAATACAAAAATTAGCCGAGTGTGGTGGTGGGCGCCTATAATCCCAGCTACTTGGGAGGCTAAGGCAGGAGAGTTGCTTAAAACCAGAAAGCGGAGGTTGCAGTGAGCTGAGATCACACCACTGCACGCCAGTCTGGGCAATAAGAGTGAAACTCCATCTCAAAAAAGAAAAAAACAAAAACGAAAA","GCCAGGCACGGTGGCTCACGCCTGTAATCCCAGCATTTTGGGAGGCCGAGGCAGGCGGATCATGAGGTCAGGAGTTCGAGACCAGCCTGGCCAACATGGTGAAACCCTGTCTCCACTAAAAATACAAAAATTAGCTGGCTGTGGTGGTTGGCACCTGTAATCCCAGCTACATGGGAATCTGAGGCAGAAGAATTGCTTGAAACCAGAAGGCAGAGGTTGCAGTGAGCCAAGATCATGCCACTACACTCAAGCCTGGATGAAAGAGTGAAACTCTGTCTCAAAAAAAAAAAAAAAAAAAAAAAAAA"
"chr5","50191998","50192306","JH378152","15953207","15953516","41","34238791","GCAGGTCGTGGTGGCTCATGCCTACAATCCCAGCACTTTGGGAGGCCGAGGCAGGAGGATCACAAAGTCAGCAGTTCGAGACCAGCCTGACCAACATGGTGAAACCCCGTCTCTACTAAAAATACAAAAAAATTAGCTGGGTGTGGTGGTGGGCACCTGTAATTGCAGCTACTTGGGAGACTGAGGCAGGAGAATTGCTTGAAACTGGAAGGCGGAGGTTGCAGTGAGCCGAGATTGCACCACTGCACTCTAGCCTAGGCAACAAGAGCAAAACTCCATCTCAAAAAAAAAAAAAAAAAAGAAAACAAA","CGGGTGCGGTGGCTAATGCCTGTAATCCCAGCACTTTGGAAGGCCAAAGCGGGCAGACCACAAGGTCAGGAGCTCGAGACCAGCCTGGCCAACATGGTGAAACCCCGTCTCTACTAAAAATACAAAAAAATTAGCTGGGTGTGGTGGTGGGCGCCTGTAATCTCAACTACTTGGGAGGCTGAGACAGGAGAATCGCTTGAAACTGGAAGGCGGAGGTTGCAGTGAGCCGAGATCACACCACTGCACTCCAGCTTGGGCAAAAGAGTGAAACTCCGTCTCAAAAAAAACAAAAAACAAACCAAAAAAAGAA"
"chr5","51333613","51333838","JH378151","9531562","9531791","53","41802051","GGCCAGGCGCGGTGGCTGACGCGGTAACCCATACACTTGTCTGATGCCGGTGGTAGGTGGATCATGAGTGTGTCAGTGTTGTGTGACCAGCCTGGCCAACATGGTGAAACCCATCTCTACTAAAATACAAAAATAGCCGGGTGTGGTGGTGGGTCCTGTAATCCCAGCCACTCAGGCGGTCGAGGCAGGGAGAATAGCTTGAATCGAGGCAGAGGTTGCAGTGAGC","GGCTGGGCACAGCAGCTCACGGCTGGGATCCCAGCACTTTGAGAGGCCGAGGTGGGTGGATCACGAGGTCAGCAGTTCAAGACCAGCCTGGCCAACATTGTGAAACCCCATCTCTACTAAAAATACAAAAATTTAGCCAGGTGTGGTGGTGGGCACCCATAATCCCAGCTACTCAGGAGGCTGAGGCAGGAGAATGGCTTGAAACCAGAAGGTGGAGGTTGCAGTGAGCC"
"chr5","51999817","52000000","JH378150","16479013","16479192","28","35520804","GGCTGGGCGCAGTGGCTCACACTTGTAATCCCAGCACTTTGGAAGGCCGAGGCGGGTGGATCACAAGGTCAGGAGTTTGAGACCAGCCTGACCAACACAGTAAAACCCTGTCTCTACTAAAAATACAAAAATTAGCTGGGCGTGGTGGCAGGCACCTGTAATCCCAGCTACTCGGGAGGCTGAG","GGCTGGGCACGGTGACTCACGCTTGTAATTCCAGCACTTTGGGAGGCTGAGGCGGGTGGATCACGAGGTCAAGAGATCGAGACCGTCCTGGCCAACATGGTGAAACCCCATCTCTACTAAAAATACAAAAATTAGCCGGGCATGGTGGCAGGTGCCTGTAATCCCAGCTACTTGGGAGGC"
"chr5","53330156","53330279","JH378194","9146070","9146200","43","44184086","CTGTCTCTATAAAATACAAAAATTAGCCAGGCATGGTGGCAGGTTCCTGTAATTCCAGCTACTAGGGAGGCTGAGGCAGAAGAATTACTTGAAACCAGGAGGCGGAGGTTGCAGTGAGCCGAAA","AAAAATACGAAAGTTAGCCGGGCGTGGTGGTGGGTACCTATAGTCCCACCTACTCAGGAGGATGAGGCAGGAGAATTGCTTGAAACCAGAAGGCGGAGGTTGCAGGGAGCCAAGATTGCACGATTGTACTC"
"chr5","54068862","54069056","JH378118","32538848","32539042","33","21530014","GGCCGGGTGCAGTGACTCACGCCTGTAATCCCAGCACTTTGGGAGGCCGAGGTGGGTGGATCACGAGGTCAAGAGTTCAAGATGAGACTGGCCAACGTGGTGAAATTCTGTCTCAACTAAAATTACAAAAATCATCCAGACGTGATGGCAGGCACCTGTAATCCCAGCTACTCAGGAGGCTGAGGCAGAAGAATC","GGCCAGGCGCAGTGGCTCACGCCTGTAATCTCAGCACTTGGGGAGGCCGAGGTGGGCAAATCACAAGGTCAGGAGTTCGAGACCAGCCTGGCCAACATGATGAATTCCCATCTCTAGTAAAAACACAAAAATTACCCAGGTGTGGTGGCGGGCGCCTGTAATCCCAGCTACTCAGGAGGCTGAGGTAGGAGAATC"
"chr5","55665494","55665773","JH378147","15650003","15650291","45","40015491","GGCCAGGTACGGTGGCTCACCCCTGTAATCCCAGCACTTTGGGAGGCCAAGGCGGGTGGATCACAAGGTCAGGAGTTTGAGACCAGCCTAGCCAACATGGTGAAACCCCATCTCTACTAAAAATATAAAAATTAGCCAGCCATGGTGGCGGGTGGCAGCTGAGTCAGGAGAATCGCTTGAAACTGGAAGGCAGAGGTTGCAGTGAGCCAAGATCGCACCACTGCACTCTAGTCTGGGCGAAAGAGCGAAACTCTGTCTCAAAAAAAAAAAAAAAAAAAAA","GCCGGGCACGGTAGCTCACACTTGTAATCCCAGCACTTTGGGAGGCTGAGGTGGGTGGATCACAAGGTCAGGAGTTTGAGACCAGCCTGGCCAACATGGTGAAACCCCGTCTCTACTAAAAATACAAAAAGTAACCAGAAGTGGTGGTGGGAGCCTGTAATCCCAGCTGAGGCAGGAGAATGACTTGAAACTGGAAGACAGAGGTTACAGTGAGCCGAGATGGCACCATTGCACTCCAGCCTGGGTGAAAGAGCGAAACTCCGTCTCAAAAATAATAACAATAATAAAA"
"chr5","58062160","58062444","JH378136","16162992","16163274","43","41899168","GGCCGAGTGCGGTGGCTCACGCCTGTAATCCCAACCTTTTGGGAGGCTGAGGTGGGCGGATCACGAGGTCAGGAGTTTGAGACCAGCCTGGCCAACATGGTGAAACCCTGTCTCTACTAAAAATACAAAAATTAGCCGGGCCTGGTGGCGGGCACCTGTAATCCCAGCTACTCAGAAGACTGAGGCAGGAGAATCGCTTGAAACTGGAAGGCGGAGGTTGCAGTCAGCTGAGTTTATGCCACTGCACTCCAGTTTGGGCAACAAGAGTGAAACTCAGAATCAAAA","GGCCTTGTGCAGTGGCTCATGCCTGTAATCCGAGCACTTTTGGAGGCTGGGGTAGACGGATCACGAGGTCAGGAGTTTGAGACCAGCCTGGCCAACATGGTGAAACCCCGTCTCTACTGAAAATACAAAAAACAGCCGGGCTTAGTAGTGGGCACCTGTAATCCCAGCTACGTGGGAGGCCGAGGCAGGAGGATCCCTTGAAACCAGAAAGCGGAGGTTGCGATAAGCTGAGATCATGCCACTACACTCCAGCCAGGGCAAAAGAGTGAAACTCAAAAAAAAA"
"chr5","58474679","58474978","JH378261","1404235","1404536","44","57070444","CCAGACTCGGTGGCTCATGTCTGTAATCCTAGCACTCTGGGAGGCCAAGTGGGCAGATCATGAGGTCAGGAGTTCAAGACCAGCCTGGCCAACATGATGAAACCCTATCTCTACTAAAAATACAAAAATTAGCTGAGCGTAGTGGCAGGCACCTGTAATCCCAGCTACTCAGGAAGCTGAGGCAGGAGAATCGCTTGAAACCGGAAGGAGGAGGCTGCAGTGAGCGGAGATTGTACCACTGCACTCCAGCCTGGGTGAAAAGCAAAACTCCGTCTCAAAAAATAAAAAATAAATTAAAAA","GGCCGGACTAGGTGGCTCACGCCTGTAAACCCAGCACTATGAGAGATTAAGGTGGGCAGATTACGAGGTCAGGAGTTCAAGACCAGCCTGGCCAACATGGTGAAACCCCGTCTCTATTAAAAATACAAAAATTAGCTGGGCGTGGTGGCAGGCGCCTGTAATCCCAGCTAATCGGGAGGCTGAGGCAGAAGAATCGCTTGAAACCGGAAGCCGGAGGTTGCAGTGAGCTGAGATCTTGCCATTGCACTCCAGCTTGGGTGAAAAAGCAAAATTCTGTCTCAAAAAAAAAAAACAAAGCAAAA"
"chr5","59130287","59130579","JH378245","3312448","3312742","37","55817839","GGCTGGGTGCAGTGGCTCATGCCCATAATCCCAGCACTTTGGGAGGCTGAGGCAGGTGGATCACGAGGTCAGCAGTTCGAGACCAGCCTGACCAACATGGTGAAACCCCGCCTCTACTAAAAATAAAAAATTAGCTGGGCATGGTGATAGGCGCCTGTAATCCCAGCTACTTGGGAGGCTGAGGCAGGAGAATCATTTGAAACCAGAAGGTGGAGGTTGCAGTGAGCCAAGACTGACACTGCACTCTAGCCTGGGCAATAAGAGCAAAACTCCATCTCAAAAAAAAAAAAAAA","GGCCAGTCGTGGTGGCTCTCGCCTGTAATCCCAGCACTTCGGGAGGCTGAGGCAGGCAGATCATGAGGTCAGGAGTTTGAGACCAGCCTGGCCAATATGGTGAAACCCCGTCTCTACTAAAAATACAAAAATTAGCTGGACATGGTGGTGGGCGCCTGTAATCCCAGCTACTTGGGAGGCTGAGGCAGGACAATCGCTTGAAACCTGAAGGCGGAGGTTGCAGTGAGCCAAGATCATGCCACTGCACTCCAGCCTGGGCGAAAGAGTAAAACTCCGTCTCAAAAAAAAAAAGAAA"
"chr5","63917164","63917437","JH378111","17080898","17081179","51","46836266","GGCCGGGCGCGGTGTAATTCCAGCACTTTGGGAGGCCGAGGCGGGTGGATCACGAGGTCAGCAGTTCGAGACCAGCCAGCCCAACATGGTGAAACCCGTCTTTACTTAAAATTTAAAAAATTAGCTGGGCGTGGTGGCGGGCGCCTGTAATCCCAGCTACTTGGGAGGCTGAGGCAGGAGAATCGCTTGAAACCGGAAGGAGGAGGTAGCAGTGAGCCCAGATTGTGCCACTGCACTCTGGGCAATAAGAGAAAAACTTCATCTCAAAAATAAA","CGGTGGCTCAAGCCTGTAATCCCAGCACTTTGGGAGGTCGAGGCGGGTAGATCACGAGGTCAAGAGACCGAGACCATCCTGGTCAACATGGTGAAACCCCGTCTCTACTAAAAATACAAAAAATTAGCTGGGCATGGTGGCGTGTGCCTGTAATCCCAGCTACTCAGGAGGCTGGGGTAGGAGAATTGCTTGAAACCAGGAGGCGGAGGTTGCAGTGAGCCGAGATCGTGCCATTGCACTTCAGCCTGGGTAACAAGAGCAAAACTCCATCTCGAAAAAAAA"
"chr5","66172589","66172852","JH378197","8170164","8170434","56","58002425","GGCTGGGTGTGGTGGCTCACACCTGTAATCCCAGTACTTTGGGAGGCTGAGGCAGGTGGATGATGAGGTCAGGAGTTCGAGACCAGCCTGGCTCTGTCACTACTAAAAACACAAAAATTAGCCAGGCATAATGGCGGGCATCTATAATCCCAGCTACTTGGGAGGCTGAGGCAGTAGAATCGCTTGAAACCAGAAGGCGGAGGTTTCAGTGAGCCAAGATCATGCCACTACACTCCAGCTTGGAAAACAAGAGCAAAACTCCAT","GGCTGGGCATGGTGGCTCATGCCTGTAATCCCAGCACTTTGGGGGGCTGAGGTGGAGAGATCATGAAGTTCGAGACCAGCCTGGCCAACATGGTGAAACCCAGTGTCTACTAAAAATACAAAAATTAGCCAGGCATGGTAGCGGGCGCCTGTAATCCCAGCTACTTGGGAGGCTGAGGCAAGGGACTCGCTTGAAACTGGAAGGCAGAGGTTGCAGGAAGCCAAGATCATGCCACTATACTCCAGCCTAGGCAACAAGAGCGAAACTCTGT"
"chr5","67571544","67571842","JH378108","38566905","38567200","48","29004639","GGCCAGGCAGGGTGGCTCACGCCTATAATCTCAGCACTGTGGGAGGACGAGGCGGGCAGATCACGAGGTCAGGAGTTCGAGACCAGCCTGGCCAACATGGCGAAACTCCGTCTCTACTGGGAATACAAAAATTAGCCAGCCATGGTGGCGGGCGCCTGTAATCCCAGCTACTCCGGAGCATGAGGCAAGAGAATCGCTTGAAACCAGAAGGCGAAGGCTGCAGTGAGCCGAGATCGCACCACTGCACTTCAGCATATGTGAAAGAGTGAAACTCCGTCTAAAACAAACAAACAAAAAAA","GGCCGGGCATGGTGGCTCACGCCTGATATCCCAGCACTTTGGGAGGCAGAGGTGGGTAGATCACGAGGTCAGAAGTTTGAGACCAGCCTGGCCAACACGGTGATACCCTGTCTCTACTGAAAATACAAAAATTAGCCAGGAATGGTGGCAGGTGCCTGTAATATCAGCTACTCAGGAGGCTGAGTCAGGAAAATCGCTTGAATCCAGAAGGCGGAGGTTGCAGTGAGCTGAGATCACACCACTGCACTCCAGCCTGGGTCACAAGAGTGAAACTCCCTCTCAAAAAAAAAAAAAAA"
"chr5","72051432","72051732","JH378182","4696933","4697238","42","67354499","GGCCAGACACGGTGGCTCATGCCTGGAATCCCAGCCCTTTGGGAGGGAGGCAGGTGAATCCCGAGGTCAGGAGTTTGAGGCCAGCCTGGCCAACATGGTGAAACCCTGTCTCTACCAAAAATATAAAAATTAGCAGGGTGTGGTGGCGGGCGCTTGTAATCCCAGGTACTAAGGAGGCTGAGGCAGGAGAATTGCTTGAAACTGGGAGGTGGAGGTTGCAGTGAGCTGAGATCGCACCACTGCACTCCAGCCTGGGCAAAAGAGAGAAACTGTCTCAAAAAAAAAAAAAAAAAAAAAAAAA","GCCAAGCGCGGTGGCTCAAGCCTGTAATCCCAGCACTTTGGGAGGCCGAGGCAGGCGGATCACGAGGTCAAGAGATCGAGACCATCCTGGTCAACATGGTGAAACCCTGTCTCTACTAAAAATACAAAACATTAGCTGGGCATGGTGGCGCGTGCCTGTAATCCCAGCTACTCAGGAGGCTGAGGCAGGAGAATTGCCTGAAACCAGGAGGCGGAGGTTGCGGTGAGCCGAGATCGCGCCATTGCACTCCAGCCTGGGTAACAAGAGCGAAACTCCGTCTCAAAAAAAAAAAAAAAAAAAAAAAAA"
"chr5","77661730","77662029","JH378115","41997612","41997916","40","35664118","GCCGGGCACAGTGGCTCACGCCTGTAATCCCAGCACTTTGGGAGGCAAAGGCAGGTGGATCACAAGGTCAGCAGTTTGAGACCAGCCTGACCAACATGGTGAAACCCCATCTCTACTAAAAATACAAAAAAATTAGCTGGGCAGGGTGGGCGCCTGTAATCCCAGCGACTTGGAGGCTGAGGCAGGAGAATTGCTTGAAACTGGAAGGCAGAGGTTGCAGTGAGCCGAGATTGTGCCACTGCACTCTAGTCTGGGCAATAAGAGCAAAACTCCATCTCAAAAAAAAAAAAAAAAAAAAAA","GCCGGGCGCGGTGGCTCAAGCCTGTAATCCCAGCACTTTGGGAGGCCGAGGCGGGTGGATCACGAGGTCAAAAGATCGAGACCATCCTGGTCAACATGGTGAAACCCCGTCTCTACTAAAAATACAAAAAAAATTAGCTGGGCATGGTGGCGCGAGCCTGTAATCCCAGCTACTCAGGAGGCTGAGGCAGGAGAATTGCCTGAAACCAGGAGGCGGAGGTTGCGGTGAGCCGAGATCGCGCCGTTGCACTCCAGCCTGGGTAACAAGAGTGAAACTCCGTCTCAAAAAAAAAAAAAAAAAAAAAA"
"chr5","78043208","78043485","JH378153","2212277","2212560","51","75830931","GGCCGGGCACAGTGGCTAATGCCTGTAATCCCAGCACCTTGGGAGGCCAAGGCAGGTGGATCATGAGGTCAGGAGTTCAAGACTAGCTTGGCCAACACGGTGAAACCCTGTTTCTACTAAAAATACAACATTTAGCCAGGCACCTGTGGGCACCTGTAATCCCAGCTACTCAGGAGGCGAGGCAGGAGAATTGCTTAAACCCGGAAGGCAAAGGTTGCAGTGAGCCGAGACTGTGCCACAGTCCAGCCTGAGCAACAAAAGCAAAACTCCATCTCGAA","GGCCGGAAGAGGTGGTTCATGCCTATAATCCCAGCACTTTGGGAGGCCGAGGCGGGTGGATCATGAGGTCAGGAGTTCGAGACCAGCTTGGCCAACATGGTGAAACCCCGTCTCTACCAAAAATACAAATATTAGCTGGGCATGGTGGTGGGCACCTGTAACCCCAGCTACTCGGGAGGCTGAGGCAGGAGAATCGCTTGAAACAAGAAGGCAGAGGTTGCAGTGAGCTGAGATCGTGCCACTGCACTTTAGCCTGGACGAGAAAGCAAAACTTCTGTCTCCAA"
"chr5","82737601","82737906","JH378175","386556","386866","43","82351045","CTGGGCACGATGGCTTACATCTGTAATCCCAGCACTTTAGGAGGCCGGGTCAGGTGGATCACGAGATCAGGAATTCAAGACCAGCCTGGCCAACATGGCAAAACCCCATCTCTACTAAAAATACAAAAATTACCCGGGCGTGGTGGCGGGTGCCTGTAGTCCCAGCTACTCAGGAGGCTGAGGCAGGAGAATCGCTTGAAACCGGAAGGCAGAGATTGCAGTGAGTGGAGATTGCACCATTGTACTCCAGCCTGGGCAAAAGAGCAAAACTCCGTCTCAAAAAAAAAAAAAAAAAAAAAAAAAAAA","GGCCGGGCACGATGGCTCACGTCTGTAATCCCAGCACTTTGGGAGGCCAAGGTGGGTGGATCACGAGGTCAAGAAATCGAAACCATCCTGGTCAACATAGTGAAACCCCGTCTCTACTAAAAATACAAAACATTAGCTGGGCATGGTGGCGCGTGCCTGTAATCCCAGCTACTCGGGAGGCTGAGGCAGGAGAATTGCCTGAAACCAGGAGGCAGAGGTTGCGGTGAGCCGAGATCGCGCCATTGCACTCCAGCCTGGGTAACAAGAGCAAAACTCCGTCTCAAAAAAAAAAAAAAAAAAGAAAAGAAAAA"
"chr5","83718544","83718838","JH378148","3009466","3009760","35","80709078","GGCCGGACATGGTGGCTCACGCCTGTAATCCCAACACTTTGGGAGGCCGAAGTGGGTGGATAACGAGGTCAGGAGTTTGAGACCAGCCTGGTCAACATAGTAAAACCTTGTCTCTGCTAAAAATACAAAAATTAGCCAGGTGTGGTGGCAGTCGCCTGTAATCCCAGCTACTCAGGAGGCTGAGGCAGGAGAATCACTTGAAACCGGAAGGCGGAGGTTGCAGTGAGCCGAGATCATGCCACTGCACTCCAGCCTGGGTAACAAGACAAAACTCCATCTCAAAGAAAAAAAAAAA","GGCCAGGTGTGGTGGCTCACGCCTGTAATCCCAGCACTTTGGGAGGCCGAGGCAGGTGGATGATGAGGTCAGGAGTTCGAGACCAGCCTGGCCAAAATGGTGAAACCCTGTCTCTACTAAAAATACAAAAAAATTAGCCAGGCGTGGTGGCATGCGCCTATAATCCCAGCTACTCAGGAGGCTAAGGCAGGAGAATCACTTGAAACCAGAAGGCAGAGGTTGCAGTGAACTGAGATCACGCCACTGCACTCCAGCCTGGGCAACAAGAGCAAAACTCCATCTCAAAAAATAAAAA"
"chr5","85090187","85090440","JH378133","19659852","19660116","54","65430335","TTGGGAGGCCAAGGCGGGCAGATCATGGTCAGGAGTTTGAGACCATCCTGGCCAACATGGTGAAATCCTATCTCTCCTAAAAATACAAAAATTAGCTGGGCATGGTGGCAGGTGCCTGTAATCCCAGCTACTCTGGAGGGTGAGGCAGGAAAATCGCTTGAACCAGAAGGCAAAGGTTGCAGTGAGCCGAGACTGCACCAAAACAAGATTTCGACAAGAGAAAAACTCTGTCTTAAAAAAAAAATAAAATAAAA","TTGGGAGGCCGAGGCGGGAAGATCACGAGGTCAGGAGTTCCAGACCAGCCTGGTCAACATGGTGAAACTCGGTCTCTACTAAAAATACAAAAATTAGCTAGGCATGGTGGCAGGTGCCTGTAACCCCAGCCACTCGGGAGGCTGAGGCAGGAGAATCGCTGAGGCAGAAGGAGGAGGTTGCAGTGAGTCGAGATCCCGCCACTACACTGCAGCCTGGGCAACAAGAGGGAAACTCCATCTCAAAAAAGGAAAAAAAAAAAAAAAA"
"chr5","89167586","89167896","JH378114","25103281","25103591","41","64064305","GGCCAGGTGCAGTGGCTCATACCTGTAATCCCAGCACTTTGAGAGGCTGAGGTGGGCTGATCACAATGTCAGGAGTTTGAGACCAGCCTGGCCAACATGGTGAAACCCCCGTCTCTACTAAAAATACAAACAATTAGCTGGGCTTGGTGGCAGGCGCCTGTAATCCCAGCTACTTGGGAGGCTGAGGCGGGAGAATTGCTTGAAACCAGAAGGCAGAGGTTGCAGTGAGCTGAGATCACACCATTGCACTCCAGCATGGGCAACAAGGGCAAAACTCTGTCTCAAAAGAAAAAAAAAAAAAAAGGAAGAAA","GGCTGGGTGCAGTGGCTCACGCCTGTCATTCCAGCACTTGGAGAGGCTGAGGTGGGTGGATCACAAGGTCAGGAATTTGAGACCAGTCTGACCAACATGGTGAAACCGCACCTCTACTAAAAATACAAAAGTTAGCCAGGCATGGTGGCAGGCACCTGTAATCCCAGCTACTTGGGAGGCTGAGACAGGAGAATCGCTTGAAACCCGAAGGTGGAGGTTGCAGTGAGTCAAGATCACACCACTGCACTCCAGCCTGGGCAAAAAGAGCAAAACTCTGTCTCAACCAAAAAAAAAAAAAAAAGAGAAAGAAA"
"chr5","90177113","90177333","JH378153","12790470","12790672","56","77386643","GACTGGGCGCGGTGGCTCATGCCTGTAAGCCTAGCACTTTGGGAGGTTGAGGCGAGTGGATAACAAGGTCAGGAGTTTGAGACCAGCCTGGCCAACGTGGTGAAATCCTGTTTCTACTGAAAATACAAAACTTAACTGGGCATGGTGGTGGGCACCTGTAATCCCAGCTACTCGGGCCATTGCACTCCAGCCTGGGCAACAAGAGCAAAGCTCCGTCTCAA","GGCTGAGCGCAGTGGCTCACGCCTTTAATCCCTGCACTCTGGGAGGCCAAGGCAGGTGGATCACAGAGGTCAGGAGTCTGAGACCAGTCTGGCCAACATGGTGAAATCCCATCTCTACTAAAAATACAAAACTTAGCTGGGCATGGTGGCATGCACCGGTAGTCCCAGCTACCTGGGAGGTTGAGGTGGGAGGATCGTTTGAA"
"chr5","94094797","94095090","JH378257","294971","295263","55","93799826","GGCTCACGCCTGTAATCCCAGCAATTTGGGAGGCCAAAGTGGGTGGATCACAAGGTCAACAGTTCGAGACTAGCCTGACCAACATGGTGAAACCCCGCCTCTCCTAAAAATACAAAAAAAAATAGCTTGGCATGGAGGCAGACGCCTGGAATGCCAGCAACTTGGGAGACTGAGGCAGGAGAATTGCTTGAAACCAGAAAGCGGAGGTTGCAGTGAGCCGAGATTGCACCACTGCACTCTAGCCTGGGCAATAAGAGTAAACCTCTATGTCAAAAAAAGAAAAAAAAAGAAAAA","ACATCTGTAATCCCAGCACTTTGGGAGGCCGAGGCAGGTGGATCACGAGGTCAAGAGATCGAGACCATCCTGATCAACATGGTGAAACCCCGTCTCTACTAAAAATACAAAATAATTAGCTGGGCATGGTGGCGTGTGCCTGTAATCCCAGCTACTCAGGAGGCTGAGGCAGGAGAATTGCCTGAAACCAGGAGGCGGAGGTTGCAGTGAGCCGAGATCGCGCCATTGCACTCCAGCCTGGGTAACAAGAATGAAACTCTGTCTCAAAAAAAAAAAAAAAAAAAAGAAAGAAA"
"chr5","97691519","97691817","JH378114","19068127","19068419","51","78623392","GGCCAGACATGGTGGCTCATGCCTGTAATTCCAGCATTTTGGGAGGCCGTGGCGGGCGTATCACAAGGTCAGGAGTTCGAGACCAGCCTGGGCAACATGGTGAAACCCCGTCTTTACTAAAATTACAAAAATTAGCCAGGTGTGGTGGCGGGCACCTGTAATCCCAGCTACTCGGGAGGCAGGAAAATCGCTTGAAACCGGAAGGCGGAGGTTGCAGTAAGCAGAAATCGCGCCACAGCACTCTAGCCTAGGCGAAAGAGCAAAACTCAGTCTCAAAAAAAAGTTAAAAAAAAAAAAAA","GCCAGGCGCGGTGGCTCATGCCGGTAATCCCAGCACTTTGGGAGGCTGAGGCGGGCAGATCATGAGGTCAGGAGTTTGAGACCAGCCTGGCCAACACACTGAAACCCAGTCTTTACTAAAAATACAAAAATGAGCCAGGTGTGGTGGCGGGCACCTGTAATCCCAGCTACTCAGGAAGCTGAGGCAGGAGAATCACTTGAAACCAGAAGGCCGAGGTTGCAGTGAGATGAGATCAGGCCACTGCACTCCAGCCTGGGAGAAAACTCTGTCTCAAAAAAAAAAAAAAAAAAAAA"
"chr5","101929529","101929801","JH378146","4261330","4261588","50","97668199","GGCCGGGTGCGGTGGCTTATGCCTGTAATCCCAGCAGATCATGAGGTCAGGAATTCGAGACCAGTCTGGCCAACATGGTGAAACCCCGTCTCTACTAAAAATAGAAAAATTAGCTGGGCATCGTGGCCAGCACCTGTAATTCCAGCTACTCGGGAGGCTGAGGCAGGAGAATAGCTTGAAACCAGAAGGCAGAGGTTGCAGTGAGCTGAGATCTCGCCACTGCACTCCAGCCTGGGCAAAACAGTGAAACTGTCTCAAAAAAAAAAAAAAAAA","CTTTGGGAGGCTGAGGCAGGCAGATCATGAGATCAAGAGTTCAAGACCAGTCTGGCCAACATGGTGAAACCTCATCTCTACTAATACAAAAATCAGCTGGGCATGGTGGTGGGCACCTGTAATTCCAGTTACTTGGGAGGCTAAGGCAGGAGAATTGCTTGAAAACCAGAAGGTAGAGGTTGCAGTGAGCAGAGATTGCACCACTGCACTCTAGCCTGGGCAAAAGAGTGAAACTCCATCTCAAAAAAAAAAAAAAAAA"
"chr5","108424533","108424834","JH378129","7783178","7783478","39","100641355","CGGGCGCAGTGGCTCATGCCTGTAATCCCAGCACTTTGGGAGGCTGAGGTGGGTGGATCACGAGGTCAGGAGTTCAAGACCAGCCTGGCCAACATGGTTAAACCCCGTCTCTACTAAAAATTGAAAAATTAGCTGGGCATGGTGTGGCAGGTGCCTGTAATCCCAGCTACTCGGGAGGCTGAGGCAGGAGAATTGCTTGAAACCTGAAAGCAGAGGTTGCAGTGAGCCGAGATTGTGCCACTGTACTCCAACCAGGCAACAAGAGTGAAACTCCATCTCAGGAAAAAAAAAAAAAAAGAAAA","GGCCGGGCGCGGTGGCTCAAGCCTGTAATCCCAGCACTTTGGGAGGCCGAGGTGGGTGGATCACGAGGTCAAGAGATCGAGACCATCCTGGTCAACATGGTGAAACCCTGTCTCTACTAAAAATACTAAACATTAGCTGGGCATGGTGGCGCATGCCTGTAATCCCAGCTACTCAGGAGGCTGAGGCAGGAGAATTGCATGAAACCAGGAGGCGGAGGTTGCGGTGAGCCGAGATCGTGCCATTGCACTCCAGCCTGGGCAACAAGAGTGAAACTCCGTCTCAAAAAAAAAAAAAAAAGAA"
"chr5","108482760","108482918","JH378141","10807454","10807607","43","97675306","GGCTGGTCGCGGTGCTCACTGCCTGAATCCCCGGCACTTTGGGGCCCGATGGCGATCACAGGTTCAGAGGTCGAGATCCAGCCGTCTGCGCCAACATGGTGAACCCGGTCTCTGACTAAAAATATCAGAAAAATTAGTCCGGGTGTGATGGCGAGCGCC","GGCCAGGTGCGGTGGCTCATGCATATAATCCCAGCACTTTGGGAGGCTGAGGTGGGTGGATCATGAGGTCAGAAGTTTGAGACCAGCCTGACCAACATGGTAAAACCCTGTCTCTACTAAAAATACAAAAATTAGCCCGGTGTGATGGTGGGCG"
"chr5","111698512","111698713","JH378112","11354649","11354838","36","100343863","CCCCATCTCTACTAATAATACAAAAATTAGCTGGGCATGGTGGGTGCCTGTAATCCCAGCTACTCGGGAGGCTGAGGCAGGAGAGTTGCTTGAAACCGAAAGTCAGAGGTTGCAGTGAGCCGAGATCATGCCACTGCACTCCAGCCTGGGCGAAAGAGCAAAACTCCATCTCAAAAAAAAAAAAAAAAAAAAAAAAAAGAAA","TTTTTACTAAAAGTACAAAAATCAGCTGGGCATGGTGGGTGCCTGCAATCCTAGCTACTCGGGAGGCCGAGGCAGGAGAATCGCTTGAAACTGAAAGGCAGAGGTTGCAGTGAGCCAAGATCATGACATTGCACTTCAGCCTGGCAGACAAGTGAACATCAGTCTCAAAAAAAAAAAAAAAAAAAAAAAA"
"chr5","113326157","113326200","JH378116","19218206","19218247","19","94107951","AACTTAGCCAGCCATGGTGAAACCCTGTCTCTACCACAGATACA","AGCCTAGGCAACAAAACAAGACCCTCTCTTTAAAAAAAAAAA"
"chr5","124959393","124959605","JH378115","15568332","15568546","39","109391061","GCTAACATGGTGAAACCCCCTCTCTACTAAAAATACAAAAATTAGCTGCGCATGGCGGCGGGAGCCTGCAGTCCCAGCTACTCGGGAGACTGAGGCAGGAGAATCACTTGAAACTGGAAAGTGGAGGTTGCAGTGAGCAGAGATCGGCCACTACACTCTGCCCTGGGCAACAAGAGTGAAACTCCATCTCAAAAAAAAAAAAAAAAAAAAAAA","ACATGGTGAAACCCTATCTCTATTAAAAATACAAAAATTAGCCAGGCATGGTGGCGGGCACCTGTAATCCCAGCTACTTGGGAGGCTGAGGCAGGAGAATCACTTGAAACTGGAAGGCAGATGTTGCAGTGGGCTGAGATCATAGCACTGGACTCCAGCCTGGGCAACAAGAGCTAAACTCCATCTCAAAAAAAAAAAAAAAAAGAAAAAAAAAA"
"chr5","126292004","126292262","JH378105","22061292","22061515","77","104230712","TTCGAGACAGCTTTTGGCCCCAACAATTGGTGAAACCACATCTCTACTAAAAATGGCAAATATTTAGCAAAAAAGGCATGGTAGTGCGCGCCTAATAATCCCCATAGTACTTAGGAGGTTGAGGCCCAGGAAAGAATCAACTTGAAACTGGGGAGGCGGGAGATTGCAGCGAGCAAGATCGTGCATTGTATCCACCTGGGCTTACAAGAGTGGAGACCCTCTTGTTCTCAAAAAAAAAAAAAAAAAAAAGAAATAAGAA","AGCATGGCCAACATGGTGAAACTCTGTCTCTACTAAAAATACAAAAATTAGCCAGGAGTGGTGGCAGGCCTGTAATCCCAGCTACTTGGGAGGCTGAGGTGGTAGCATCACTTGAAATTGGAAGGTGGAAGTTGCAGTGAGCCAAGATCACGCCACTGCACTCCAGCCTGGGAGACAAGAGTGAAACTCTTATCTCAAAAAAAAGAAAAAAAAAAAAAAAAAAA"
"chr5","127843588","127843907","JH378182","4696933","4697238","50","123146655","GGCAAAGTGCGGTGGCTCACACCTGTAATCTCAGCACTTTTGGAGGCCGAGGTAGGTGGATCTTGACCGAGGTGGTCAAGAGTTCGAGACCAGCCTGGCTAACATGGCGAAACCCTGTCTCTTTACTAAAAATACAAAAAATTAGCTGGGCCTGGTGGTGGGCGCCTATAGTCCCAGCTACTCAGGAGGCTGAGGCAAGATAATCGCTTGAAACTCGGAGGCAGAGGTTGCAGTGAGCAGAGATTGCACCATTGCACTCTATTTAGCCTGGGGAACAAGGGCAAAACTCCGTCTCAAAAAAAAAAAAGAAAAAAAAAAAA","GCCAAGCGCGGTGGCTCAAGCCTGTAATCCCAGCACTTTGGGAGGCCGAGGCAGGCGGATCACGAGGTCAAGAGATCGAGACCATCCTGGTCAACATGGTGAAACCCTGTCTCTACTAAAAATACAAAACATTAGCTGGGCATGGTGGCGCGTGCCTGTAATCCCAGCTACTCAGGAGGCTGAGGCAGGAGAATTGCCTGAAACCAGGAGGCGGAGGTTGCGGTGAGCCGAGATCGCGCCATTGCACTCCAGCCTGGGTAACAAGAGCGAAACTCCGTCTCAAAAAAAAAAAAAAAAAAAAAAAAA"
"chr5","128736491","128736683","JH378184","7337357","7337550","28","121399134","CCGGGCACAGTAGCTCAAGCCTGTAATCCCAACATTTTGGCAGGCCGAGGTGAGTGGATCACGAGGTCAGGAGCTCGAGACCAGCCTGGCCAACATAGTGAAACCCCATCTCCACTAAAAATACAACAAATTAGCTGAGCATGGTGGTGGGCGCCTGTAATCCCAGCTACTCAGGAGGCTGAGGCAGGAGAAT","GCCAGATGCAGTGGCTTACTCCTGTAATCCCAGCACTTTGTGAGGCTGAGGTGGGCGGATCATGAGGTCAGGAGTTCGAGACCAGCCTAGCCAACATGGTAAAACCCCATCTCTACTAAAAATACAAAAATTAGCTGGGCGTGGTGGTGGGCGCCTATAATCCCAGCTACTCGGGAGGCTGAGGCAGGAGAATC"
"chr5","129033930","129034088","JH378123","26134969","26135105","49","102898961","TCCCAGCTACTTGGGAGGCGTGAAGGCAGGAGAATCACTTGAAACCCTGGGAGGGTGGGAGGCTGCAGTGGAGCGCAAGATGATAGAGCCACTGCCAGCGCGCGAGCCGGGGGACCGAGACAATGAGTGAGACTCTAGTCTGTCGAGAAAAGAAAAGAA","TAATCCCACCTACTTGGGAGGCTGAGGAAGGAGAATCGCTTGAAACCAGAAGGCAGAGGTTGCAGTGAGCCAAGATCGTGCCACTGCAATCCAGCCTGGGTGAAAAGAGTGAAACTTCATCTAAAAAAACAAAAAAA"
"chr5","130456037","130456235","JH378156","10547885","10548076","28","119908152","GGCCAGGCGTGGTGGCTCATGCCTGTAATCCCAGCACTTTGGGAGGCCAAGGCAGGTGGATCGCGAGGTCAGGAGTTCAAGACCAGCCTGACCAACATGGTGAAACCCCGTTTCTACTAAAAATACAAAAATTAGCTGGGCGTGGTGGTGGGTGCCTGTAATCCCAGTTACTCAGGAGACTGAGGCGGGAGAATCGCTT","GGCCAGGCACGGTGGCTCATGCCTGTAATTCCAGCACTTTGGGAGGCTAAGGTAGGCAGATCATGAGGTCAGGAGTTCAAGACCAGCCTGGCCAACATGGTGAAACCTCATCTCTACTAAAAATAAAAATTAGCTGGGCATAGTGGCGGGTGCCTGTAATCCCAGCTACTCAGGAGGCCAAGGCAGGAGAAT"
"chr5","130977204","130977511","JH378190","1325792","1326096","56","129651412","GGCCAGGCACAGTGGCTCACACCTGTAATCCAGCATGTTGGGAAACGCGAGGCAGGCAGATCACGAGGAATTCGAGACGCAGCCTGGCCAACATGATGAGGTTTCCTCTCTAGCTTAAAAATACAAAAATTAGCAGGGTGTGGTGACGGGCGCCTGTAATCCCAGCTACGCAGGAGGCTGAGGCAGGAGAATCGCCTTGAAACCAGAAGGCGGAGTTTGCAGTGAGCCAAGATCCGCCACTACACTGCAGGCCTGGGCAAAGAGAGAGACTCTGTCTCAAAAAAAAAAAAAAAGAAAAGAAAAAGAAA","GCCAGGCACGGTGGCTCACGCCTGTAATCCCAGCATTTTGGGAGGCCGAGGCAGGCGGATCATGAGGTCAGGAGTTCGAGACCAGCCTGGCCAACATGGTGAAACCCTGTCTCCACTAAAAATACAAAAATTAGCTGGCTGTGGTGGTTGGCACCTGTAATCCCAGCTACATGGGAATCTGAGGCAGAAGAATTGCTTGAAACCAGAAGGCAGAGGTTGCAGTGAGCCAAGATCATGCCACTACACTCAAGCCTGGATGAAAGAGTGAAACTCTGTCTCAAAAAAAAAAAAAAAAAAAAAAAAAA"
"chr5","135081182","135081462","JH378129","22226033","22226310","41","112855149","GGCTGAGCGTGATGGCTCATGCCTGTAATCCCAGCACTTTGGGAGGCCGAGGCGGGCAGATCACGAGGTCAGGAGTTCGAGACCAGCCTGGCCAACATGCTGAAACCCCATCTCTACTAAAAATATAAAAATTAGCTGGGTGTGGTGGTGGGCGCCTGTAATTCCAGCTACTCAGGAGGCTGAGGCAGGAGAATCTCTTGCAACCAGAAGGCAGAGGTTGTAATGAGCCAAGATTGCACCACTGCAATCCAGCCTGGGCAACAAGAGTGAAATTCTGTCTC","GGCCAGGCATGGTGGCTCACGCCTGTAATTCGAGCACTTCGGGAGGCCGAGGTGGGCAGATCATGAGGTCAGGAGTTCAAGACCAGCCTGGCCAACATGGTGAAACCCTGTCTCTACTAAAAATACAAAAATTAGCTGGGCATGGTGGCAGTGCCTGTAATCACAGCTACTCAGGAGGCTGAGGTAGGAGAACCACTTGAAACTGGAAGGTGGAGGTTGCAGTGAGCCGAGATCGCACCACTGCACTCCAGCTTGGGCGAAAGAGTGAAATTCTGTCT"
"chr5","136605176","136605475","JH378211","4593785","4594086","50","132011391","TGGCTCACACCTGTAGTCCCAGCACTTTGGGAGGCCAAGGCAGGGGAATCACTAGGTCAGGAGTTCAAGACCAGCCTCGCCAACATGGTGAAACCCCATCTCTAATAAAATACAAAAATTAGCCAGGCGTGGTCGTGGGTGCCTGTAATCCCAGCTACTTGGGAGGGTGAGGCAGAAGAATTGCTTGAAACTGGAAGGCGGAGGTTACAGTGAGCCGAGATTGAGCCACTGCACTCCAGCCTGGGCAACAAAAGTGAAACTCTGTCACAAAAAAAAAAAAAAAAAAAAAAAAAAAAAAAA","GGCAGCTCAAGCCTGTAATCCCAGCACTTTAGGAGGCCAAGGCAGGTGGATCACGAGGTCAAAAGATCGAGACCATCCTGGTCAACATGGTGAAACGCCGTCTCTACTAAAAATACAAAAAATTAGCTGGGCATGGTGGTGTGTGCCTGTAATCCCAGCTACTGAGGAGGCTGAGGCAGGAGAATTGCCTGAAACCAAGAGGCGGAGGTTGCAGTGAGCCGAGATCACGCCATTGCACTCCAGCCTGGGTAACAAGAGCGAAACTCCGTCTCAAAAAAAAAAAAAAAAAAAAAGAAAAGAAA"
"chr5","139245733","139245898","JH378309","331522","331677","31","138914211","CTGGGCGCGGTGGCTCACGCCTGTAATCCCAGCACTTTGGGAGGCTGAGGCAGGAGACTCGCTTGAAACCGGAAGGCGGAGGTTGCAGTGAGCCGAGATTGCGCCACTGCACTCTAGCCTGGGCATTAAGAGCAAAAACTCCGTCTCAAAAGAAAAGAAAAGAAAA","CAGGCGAGGTAGCTCACGCCTGTAATCCCAGCACTTTGGGAGGCTGAGGCAGGAGAATCGCTTGCAACCAAAAGTGGAAGGTTGCAGTGAGTGGAGATTGCACCACTGCTCTACATCCTGGGCAACAAGAGCGAAACTCCGTCTCAAAAACAAAAA"
"chr5","140089960","140090237","JH378245","3312448","3312742","74","136777512","GGGCGGGTATGGTGGCTCACGCTGTAATCCAGTACTTTGGAAGGCGAGGGGCAGATCATGGGTCAGGATTTCAAAGACCATCCCAAGCCACATGGTGACCCCGTCTCTACTAACTCACAAATTGCCGGGGGGGGGTGGGCGCCTGTAGTCCAGCAACTCGCGAGGCTGAGGCAGGAGAATCCTTGAACCCGGAGGGCGGAGGTTGCAGGTGAGCCGAGATTTGGTGCCACTGCACTTCACTGAGAACGGTATCCGGTCCTAAATAAAACATAAATAAA","GGCCAGTCGTGGTGGCTCTCGCCTGTAATCCCAGCACTTCGGGAGGCTGAGGCAGGCAGATCATGAGGTCAGGAGTTTGAGACCAGCCTGGCCAATATGGTGAAACCCCGTCTCTACTAAAAATACAAAAATTAGCTGGACATGGTGGTGGGCGCCTGTAATCCCAGCTACTTGGGAGGCTGAGGCAGGACAATCGCTTGAAACCTGAAGGCGGAGGTTGCAGTGAGCCAAGATCATGCCACTGCACTCCAGCCTGGGCGAAAGAGTAAAACTCCGTCTCAAAAAAAAAAAGAAA"
"chr5","142613477","142613778","JH378129","7783178","7783478","46","134830299","GGCCGGGTACGGTGGCTCATGCCTGTAATCCCAGCATTTTGGGAGGCCGAGGTGGGCAGATCACAAGGTCAGGAGATTGAGACCAGCCTGGCCAACATGGTGAAACCCCATCTCTACTAAAAATACAAAACCTAGCTGGGCATGGTGGCAGTCACCTCTAATCCCAGCTACTCGGGAGGGTGAGGCAGAAGAATCATTTGAATCCTGAAGGCTGAGGTTGCAGTGAGCTGAGACTGCTCACTTCACTCCAGCCTGGGCAACAAGAGTGAAACTCCATTTCAACAAAAAGGAAAAAGAAAAAA","GGCCGGGCGCGGTGGCTCAAGCCTGTAATCCCAGCACTTTGGGAGGCCGAGGTGGGTGGATCACGAGGTCAAGAGATCGAGACCATCCTGGTCAACATGGTGAAACCCTGTCTCTACTAAAAATACTAAACATTAGCTGGGCATGGTGGCGCATGCCTGTAATCCCAGCTACTCAGGAGGCTGAGGCAGGAGAATTGCATGAAACCAGGAGGCGGAGGTTGCGGTGAGCCGAGATCGTGCCATTGCACTCCAGCCTGGGCAACAAGAGTGAAACTCCGTCTCAAAAAAAAAAAAAAAAGAA"
"chr5","146787074","146787125","JH378177","2470209","2470260","9","144316865","AGGCAGGAGGATCACTTGAAACCAGGAAATGGAGGTTGCAGTTAGCCAAGAT","AGGCAGGAGAATCATTTGAAACCAGGAGGCAGAGGTTGCAGTGAGCTGAGAT"
"chr5","147642666","147642970","JH378226","2834573","2834869","55","144808093","GGTCAGATGCGGTGGCTCATGCCTATAATCCCAACACTCTGGGGGGCTGAGGTGGGCGGATCACAAGGTCAGGAGTTTAAGACCAGCCTGGCCAACATGGTGAAACCCCGTCTCTACTAAAACTACAAAACTTAGGCAAGGTGGTGAGAGCCTGTAATCTCAGCTACTCAGAAGTAGAGTACTCTTGAGGCAGTAGAATCATTTGAAACCGGAAGGCAGAGGTTGCAGTGAGCCGAGATGATGCCACAGCACTCCAGCCTGGATGAAAGGGCCAAACTCCGTCTCAAAAGAAAAAAAAAAAAAAA","GCCAGGCATGGTGACTCATGCCTGTAATCCCACCACTTTGGAAGGCAGAGGTGAGCAGATCACAAGATGAGCAGTTCAAGACCAGCCTGGCCAACATGGTGAAACCCCGTCTCTACTAAAAATATAAAAATTAGTCAGGTGTGGTGACAGTTGCCTGTAATCTCAGCCACTTAGGAGGCTTGGGCAGGAGAATCAGTTGAAACCAGAAGGCAGAGGTTGCAGTGAGCTGAGATCATGCCACTTTACTCCAGCCTGGCAAAAGAGCAAAACTCCATCTCAAAAAAAAAAAAAAAAAAA"
"chr5","150667218","150667383","JH378163","8328457","8328624","20","142338761","GCCAGGCGCAGTGGCTCACACCTGTAATCCCAACACTTTGGGAGGCTGAGGCGGGCAGATCACGAGGTCAGGAGTTCGAGACCAGCCTGGCCAACATGGTGAAACCCCGTCTCTACTAAAAATACAAAAATTAGCTGGGCATGGTGGTGGTCACCTGTAATCCCAG","GGCCAGGTGCAGTGGCTTACACCCGTAATCCCAGCACTTTGGGAGGCTGAGGCAGGCCGATCATGAGGTCAGAAGTCCGAGACTAGCCTGGCCAACATGGTGAAACCCTGTCTCTACTAAAAATACAAAAATTAGCTGGGTGTGGTGGCAGGTGCCTGTAATCTCAGC"
"chr5","150903097","150903400","JH378276","2107073","2107375","43","148796024","GGCCGGGCGCAGTGGCTCCCACTTAAAATCCCAGCACTTTGGGAGGCAAAGGCGGGTGGATCACAAGGTCAACAGAACAAGACCATGCTGGCCAACATAGTGAAACCCCGTCTCTACTTAAAAAAATACAAAAATTAGCTGGGTGTGGTGGCAGGTGCATGTACTCTCAGCTACTCAGGAGGCTGAGGCAGGAGAATCGCTTGAATCCAGAAGGTGGAGGTTGCAGTGAGCTGAGATCACGCCATTGCACTCCAGTCTGGGCAACAAGAGTGAAACTCTGTCTCAAAAAAGAAAAGAAAAGAAA","GGCCGGGCACAGTGGCTCAAGCCTGTAATCCCAGCACTTTGGGAGGCTGAGGCGGGTGGATCACAAGGTCAAGAGATCGAGACCATCTTGGTCAACATGGTGAAACCCCGTCTCTACTAAAAAATACAAAAACTTAGCTGGGCATGGTGGCGCGTGCCTGTAATCTCAGCTACTCAGGAGGCTGAGGCAGGAGAACTGCCTGAAACCGGGAGGCGGAGGTTGCGGTGAGCCAAGATCGCGCCATTGCACTCCAGCCTGGGTAACAAGAGCGAAACTCCGTCTCAAAAAAAATAAAAAAAGAAA"
"chr5","151309203","151309509","JH378118","11017884","11018188","47","140291319","GGCCAGGTATGGTGGCTCATGCCTGTAATCCCAGCACTTTGGGAGGCTGAGGCAGGCGGATCACAAGGTCAGCAGTTTAAGACCATCCTGGTCAACGTGGTGAAACCCCATCTCAACTAAAAATACAAAAATTAGCTGGGCATGATGGCGGATGCCTGCAATCCCAGCTACTCAGGAGGCTGAGGCAGGAGAATCGCTTGAAACTGGAAGGTGGAAGTTGTGGTGAGCTGAGATCGCACCACTGCACTCTAGCCTGAGCGAAAGAGTGAAACTTCATCTCAAACAAAACAAAACAAAAGAGAAAGAA","GGCCAGGCACGGTGGCTCAAGCCTGTAATCCCAGCACTTTGGGAGGCTGAGGCGGGTGGATCACGAGGTCAAGAGATAGAGACCATCCTGGTCAACATGGTGAAACCCCGTCTCTACTAAAAATGCAAAAAATTAGCAGGGCATGGTGGTGCGTGCCTGTGATCCCAGCTACTCAGGAGGCTGAGGCAGGAGAATTGCCTGAGGCCAGAAGGTGGAGGTTGCGGTGAGCTGAGATCGCGCCATTGCACTCCAGCCTGGGTAACAAGAGCGAAACTCCGTCTCAAAAAAAAAAAAAAAAAAAAAAA"
"chr5","152489043","152489146","JH378115","10226768","10226859","41","142262275","ACACAAATTAGCCAGTGGGCGCCTGTAATTCCAGTTACTTGGGAGGATGAGGCTGGAGAATCACTCAGAAGGTGGAGGTTGCAGTAAGCCAAGATTGGGTCACT","GGGCATGGTGACTCCGGCCTGTAATCCCAGAACTTTGGGAGGCTGAGATAGATGAATCCCTGAGGTCAGGAGTTCAAGACTAGCCTGGCCAA"
"chr5","153275120","153275433","JH378129","7783178","7783478","51","145491942","GCCGGGCACGGTGGCTCACGCCTGTAATCCCAGCACTTTGGGAGGCCGAGGTGGGTGGATCACGAGGTCAGCAGTTCAAGACCAGCCTGACCAACATGGTGAAAACTTGTCTCTACTGAAAATACCAAAAAAAAAAAAAAATTTTAGCTGGGCATGGTGGCGGATCCCTGTAATCTCAGCTACTTAGGTGGCTGAGGCAGGAGAATCTCTTGAAACCAGAAGGTGGGGGTTGCAGTGAGCTGAGATTGTGCCACTGCACTCTAGCCGGGGCAACGAGAGCAAAACTCCGTCTTAAAAAAAAAAAGGAAAGAGAA","GGCCGGGCGCGGTGGCTCAAGCCTGTAATCCCAGCACTTTGGGAGGCCGAGGTGGGTGGATCACGAGGTCAAGAGATCGAGACCATCCTGGTCAACATGGTGAAACCCTGTCTCTACTAAAAATACTAAACATTAGCTGGGCATGGTGGCGCATGCCTGTAATCCCAGCTACTCAGGAGGCTGAGGCAGGAGAATTGCATGAAACCAGGAGGCGGAGGTTGCGGTGAGCCGAGATCGTGCCATTGCACTCCAGCCTGGGCAACAAGAGTGAAACTCCGTCTCAAAAAAAAAAAAAAAAGAA"
"chr5","156175877","156176173","JH378119","1423786","1424080","50","154752091","CCAGGAGCAGTGGCTCATGCCTGTAATCCAAGCACTTTGGGATGCCGAGGTTGGCAGATCACAAGGTCAGGAGTTCAAGACCAGCCTGGCAAACATGGTGAAACCCCATCTCTACTAAAAATACAAAAATTAGCTGGGCGAGGTGGTGGGTGCCTGTAATCCCAGCTACTCGGGAGGTTGAGGCAGGAGAATCACTTGAGGCAGGGGTTTCAGTGAGCCGAGATTGCGCCACTGCACTTCAGCCTCGGCAACAAGAGGGAAAACTCCATCTCAAAAAACGAACAAACAACAAACAAA","GGCCGGGCGCGGTGGCTCAAGCCTGTAATCCCAGCACTTTGGGAGGCCGAGGCGGGTGGATCACAAGGTCAAGAGATCGAGACCATCCTGGTCAACATGGTGAAACCCCGTCTCTACTAAAAGTGCAAAAAATTAGCTGGGCATGGTGGCAGGTGCCTGTAATCCCAGCTACTCAGGAGGCTGAGGCAGGAGAATTGCCTGAAGGCGAGGTTGCGGTGAGCCGAGATCGCGCCATTGCACTCCAGCCTGGGTAACAAGAGCGAAACTCCGTCTCAAAACAAACAAACAAACAAAA"
"chr5","156232596","156232877","JH378214","2331537","2331805","55","153901059","GGCCGGGTGTGGTGGCTTACGCCTATAATCCCAGCACTTTGGGAGGCCAAGGTGGGCAGATCACCAGGTCAGGAGTTTGAGAACAGCCTGGCCAACATGGTCTTTCACCAACATGATGAAACCTCATCTCTACTAAAAATACAAAAATTAGCTGGGCATGGTGGCGGGTGCCTGTAATCCCAGCTATTCAGGAGGCTGAGGCAGGAGAATCGCTTGAAACCGAAAGGCGGAGATTGCAGTGAGCCGAGATCACGGCACTGCACTCCAGCCTGGCAACAGAGC","GGCCTGGCATGGTGGCTCACACCTGTAATCCCAGCACTTTGGGAGACCAAGGTGGGCGATCATAAGGTCAAGCGTTCAAGATCAGCCTGGCCAACATGGTGAAACCCTGCCTCTACTAAAAATACAAAAATTTGCTGGGCATGGTGGCGGGCACCTGTAATCCCAACTACTCAGGAGGCTGAGGCAGGAGAATCACTTGAAACCTGAAGGTGGAGGTTGCAGTGAGCCGAGATCGCGCCATTGCACTCCAACCTGGGTAACGAGTGAAA"
"chr5","156712048","156712207","JH378188","114626","114783","24","156597422","AATTAGCCCAGTGTGGTGGCAGGTGCCTGTAATCCCAGCTACTCGGGAGGCAGAGACAGGGAATCACTTGAAATGGGAAGGCAGAAGAGGCTGCAGTGAGCTGAGATCTGCCACTGCACTCCAGCCTGGGCAACAAGAAAGAAACTCCATCTCAAAAAAA","ATTAGCCAGGCATGGTGGCAGCTGCCTGTAATCCCAGCTACTCAGAAAGCTGAGGCAGGAGAATCACTTGAAACTGGGAGGCAGAGGTTGCAGTGAGCCAAGATTGCACCACTGCACTCCAGCCTGGGCAACAAGAGAGAAACTCCATCTCAAAAAAA"
"chr5","161213483","161213788","JH378107","46009365","46009670","46","115204118","GACCAGGCGTAGTGGCTCACGCCTGTAATCCAAGCACTTTGGTAGGCTGAGGCAGGTGAGTCACGAGGTTAGGAGTTTGAGACCAGCCTGGCCAACATGGTGAAACCCCGTCTCTTCTAAAAATACAAAAATTAGCCAGGCATGGTGGCGGGCACCTGTAATTCCAGCCACTAGGGAGGCTAAGGCAGGAGAATGGTTTGAACCCAGAAGGCGGAGGTTGCAGTGAGCCGAGATCCCGCCATTGCACTCCAGCCAGACAACAGGAGGGAAACTCCGTCTCAAAACAACAAAAAAAGTAAAATAAAA","GGCCGGGCGTGGTGGCTCACGCCTGTAATCCCAGCACTTTGGGAGGCCAAGGCAGGTGGATCACGAGGTCAAGAGGTCGAGACCATCCTGGTCAACATGGTGAAACCCCGTCTCTGCTAAAAATACAAAAATTAGCTGGGCATGGTGGCACGTGCCTGTAATCCCAGCTACTCAGGAGGCTGAGGCAGGAGAATTGCCTGAAACCAGGAGGCGGAGGTTGCGGTGAGCCGAGATTGCGCCATTGCACTCCAGCCTGGGTAACAAGAGCGAAACTCCGTCTCAAAAAAAAAAAAAAAAAAAAAAAAA"
"chr5","161355612","161355810","JH378156","11265928","11266128","30","150089684","GGCCGGACGTGGTGGCTCACACCTGTAAACACAGCACTTTGGGAGGCTAACGCAGGCAGATCATGAGGTCAGGAGTTCAAGACCAGCCTGGCCAACACAGTGAAACCCCATCTCTACTGAAAATGCAAAACATAAGCCAGGCGTGGTGGCTAGTGCCTGTAATCTCAGCTACTTGGGGGGCTGAGGCAGGAGAATCACT","GGCCAGACGCGGTGGCTCACACCTGTAATCCCAGCACTTTGGGAGGCCAAGGTGGGCAGATCATGAGGTCAGGAGTTTGAGACCAGCCTGGCCAACGTAGTGAAACCCAATCTCTTCTAAAAACACAAAGATTAGCTGGGCGTGGTGGCAGGTGCCTGTAATCCCAGCTACTTGGGAGTCTGAGGCAGGAGAATCACTTGA"
"chr5","165186665","165186840","JH378153","6574953","6575126","22","158611712","GCCGGGCACGGTGGCTCATGCCTGTAATCCCAGCACTTTGGGAGGCCGAGGTGGGTGGATCATAAGGTCAGGAGTTCTAGACCAGCCTGGCCAACACGGTGAAACCCCATCTCTACTAAAAATACAAAAATTAGCCGGGCGTGGTGGCGGGCTCCTGTAATCCCAGCTACTCAGGA","GCCAGGCACAGTGGCTCACGCCTGTAATCCCAGTACTTTGGGAGGCCAAGGCAGGTGGATCATGAGGTCAGGAGTTTGAGACTAGCCTGGCCAACATGGGGAAACCCCATCTCTACTAAAAATACAAAAATTCGCTGGGTGTGATGGCGGACACCTCTAATCCCAGCTACTCAG"
"chr5","166131174","166131333","JH378153","15964977","15965150","35","150166197","GAGCGTGGTGGCGGGCACCGGTAATCCCAGCTACTTGGGAGGCTGAAGCAGGAGAATCGCTTGAAACCGGAAGGCAGAGGTTCCGTTGAGCCGAGATCGCGCCGCTGCACTCCTGGGCGAAAGAGTGAAACTCCGTCTCAAAAAAATAAAATAAAATAAA","CCAGGCGTCGTAGTGGACACCGGTAATCCCAGCTACTCAGGAGGCTGAAGCAGGAGAATCGCTTGAAACCAGAAGGCGGAGGTTGCAGTGAGCCAAGATCACACCACTGCACTCGAGCCTGGGCAACAAGAGCAAAACTCTGCCTCAAAATAAATAAATAAATAAATAAATAAA"
"chr5","167449839","167450132","JH378117","25647280","25647574","40","141802559","GGCTGGGTGTGGTGGCTCCCACCTGTAATCCCAGCACTTTGGGAGGCCGAGGCAGGTGGATCATGAGGTCAGGAGTTCAAGATCAGTCCTGGCCAACATGGTAAAACCACGGCTCTACAAAAAATACAAAAAGTAGTCAGGCATGGTGCTGGGTGCCTGTAATCCCAGGTACTCGGGAGGCTGAGGCAGGAAAATCGCTTGAAACTGGAAGGCGGAGGTTGCAGTTAGCTGAGATCATGCCATTGTATTCCAGCCTGGGCAACAAGAGCGAAACTCTGTCTCAAAAAAGAAAAA","CCGGGCTCGGTGGCTCACACCTGTAATCCCAGCACTTCCTGGGAGGCCGAGGCAGGTAGATCATGAGGTCAGCAGTTCGAGGCCAGCCTGGCCAACATGGTGAAACCCCGTGTCTACTAAAAATACAAAAATTAGTCTGGCATGGTGGCAGGTGCCTGTAATCCCAGCTACTCGGGAGGCTGAGGCAGGAGAATCGCTTGAAACTGGAAAGCGGAGGTTGCAGTGAGCCGAGATGGTGCCATTGCACTCCAGCCTGGGCAAAAGAGCAAAAACTCTGTCTCAAATAAATAAAAAA"
"chr5","170527912","170528178","JH378129","22226033","22226310","51","148301879","GGCTGGGCATGGTGGCTCATGCCTGTAATCCCAGTACTTTGGGAGGCCGAGGTGGGCAGATCATGAGGTCAGGAGTTGGAGACCAGCCTGGCCAACAAAGTGAAACCCCGTCTGTACTAAAAACTGGGCATGGTGGCGAGTGCCTGTAATTGCAGCCACTTGGGACGCTGAGGCAGGAGAATCACTTGAAACTGGGAGGCGGCAGTTGGAGTGAGCCCAGATCGCGCCGCTGCACTCTAGCCTAGGCAACAAGAGCAAAACTCTGTC","GGCCAGGCATGGTGGCTCACGCCTGTAATTCGAGCACTTCGGGAGGCCGAGGTGGGCAGATCATGAGGTCAGGAGTTCAAGACCAGCCTGGCCAACATGGTGAAACCCTGTCTCTACTAAAAATACAAAAATTAGCTGGGCATGGTGGCAGTGCCTGTAATCACAGCTACTCAGGAGGCTGAGGTAGGAGAACCACTTGAAACTGGAAGGTGGAGGTTGCAGTGAGCCGAGATCGCACCACTGCACTCCAGCTTGGGCGAAAGAGTGAAATTCTGTCT"
"chr5","171839374","171839537","JH378113","26558714","26558876","70","145280660","GGCAGAGGCAGGCGGATCCACGAGGTCCAGAGTTCGAGACCCCAGCCCTGGGTCAACCATGGTGGGGGGGGGAAAAACCCTGTCCTTCTTACTTAAAAAATACAAAATTAACCAAAGCGTTGGGACGGGCCCCAACCTTGGTAATCCCAGCCTTACTCGGGAGG","GGTCTGGCGCAGTGGCTCATGCCTTAATCCTGGCACTTTGCGAGGCCGAGGCAGGAGTTCAAGACCAGCCTGACCAACATCAAGAAACCCTGTCTCTACTAAAAATACAAAAATTAGCTGGACATGGTGGCAGGCACCTGTAATCCCAGCTACTCAGGAGGCT"
