"chr1","184549170","184549443","JH378181","1956880","1957180","53","182592290"
"chr1","52297691","52297854","JH378288","2223220","2223408","53","50074471"
"chr1","454923","455122","JH378288","2223220","2223408","52","1768297"
"chr1","455998","456014","JH378272","2083837","2083868","20","1627839"
"chr1","456324","456466","JH378120","7054537","7054681","25","6598213"
"chr1","1798390","1798517","JH378255","1235513","1235640","19","562877"
"chr1","6657642","6657838","JH378184","7337357","7337550","29","679715"
"chr1","8165170","8165457","JH378151","1290971","1291257","35","6874199"
"chr1","8933143","8933426","JH378148","3009466","3009760","48","5923677"
"chr1","9334387","9334641","JH378166","2712726","2712970","49","6621661"
"chr1","10168432","10168744","JH378152","15953207","15953516","48","5784775"
"chr1","14476235","14476547","JH378136","9599015","9599310","52","4877220"
"chr1","15020137","15020441","JH378132","22555890","22556195","52","7535753"
"chr1","15605942","15606246","JH378174","11112447","11112756","47","4493495"
"chr1","16114509","16114804","JH378162","14916397","14916692","36","1198112"
"chr1","16124237","16124545","JH378132","22555890","22556195","39","6431653"
"chr1","18629945","18630245","JH378127","10024758","10025055","36","8605187"
"chr1","20533894","20534189","JH378107","9067769","9068059","43","11466125"
"chr1","22636284","22636506","JH378277","3215226","3215442","71","19421058"
"chr1","23537706","23537874","JH378194","3698567","3698741","31","19839139"
"chr1","23577018","23577239","JH378248","1065445","1065664","63","22511573"
"chr1","23649730","23649984","JH378156","123757","124013","46","23525973"
"chr1","24262760","24263059","JH378206","3042454","3042750","35","21220306"
"chr1","27254265","27254446","JH378150","16479013","16479192","28","10775252"
"chr1","27501386","27501560","JH378216","4339434","4339595","38","23161952"
"chr1","27667939","27668244","JH378110","29099632","29099936","38","1431693"
"chr1","27709327","27709610","JH378112","33518148","33518439","47","5808821"
"chr1","27962167","27962374","JH378153","12790470","12790672","57","15171697"
"chr1","28093635","28093791","JH378145","4003983","4004132","31","24089652"
"chr1","28591301","28591610","JH378106","70219640","70219948","48","41628339"
"chr1","28592215","28592518","JH378141","9607676","9607979","55","18984539"
"chr1","31344722","31345025","JH378107","46009365","46009670","55","14664643"
"chr1","31350883","31351190","JH378139","2815729","2816012","94","28535154"
"chr1","31635080","31635387","JH378107","46009365","46009670","44","14374285"
"chr1","31828280","31828449","JH378194","3698567","3698741","29","28129713"
"chr1","31828760","31828894","JH378108","17478737","17478871","18","14350023"
"chr1","31895291","31895595","JH378169","11824133","11824434","45","20071158"
"chr1","31933402","31933707","JH378186","5545105","5545406","46","26388297"
"chr1","32278328","32278498","JH378115","17666853","17667025","26","14611475"
"chr1","34292049","34292353","JH378190","7150441","7150741","57","27141608"
"chr1","34996650","34996951","JH378216","3793751","3794051","38","31202899"
"chr1","35253360","35253553","JH378137","4604383","4604572","30","30648977"
"chr1","36685814","36686112","JH378205","1510121","1510420","46","35175693"
"chr1","38404181","38404489","JH378141","9607676","9607979","42","28796505"
"chr1","39647369","39647533","JH378193","6530552","6530710","29","33116817"
"chr1","41867773","41868051","JH378119","21729384","21729670","49","20138389"
"chr1","41868089","41868099","JH378272","2083837","2083868","23","39784252"
"chr1","44951611","44951925","JH378230","2697043","2697360","55","42254568"
"chr1","45960874","45961021","JH378192","5406761","5406913","24","40554113"
"chr1","46712655","46712963","JH378205","1510121","1510420","45","45202534"
"chr1","46836678","46836971","JH378245","3312448","3312742","45","43524230"
"chr1","47525833","47526132","JH378205","1510121","1510420","40","46015712"
"chr1","52299904","52300120","JH378105","49496793","49497016","53","2803111"
"chr1","52324453","52324749","JH378169","11824133","11824434","46","40500320"
"chr1","53615810","53616091","JH378239","4840763","4841048","49","48775047"
"chr1","54860187","54860480","JH378245","3312448","3312742","37","51547739"
"chr1","58555028","58555321","JH378257","294971","295263","47","58260057"
"chr1","59177493","59177786","JH378150","3663097","3663397","54","55514396"
"chr1","59923801","59924119","JH378106","58660565","58660863","57","1263236"
"chr1","60553907","60554214","JH378137","1949849","1950158","47","58604058"
"chr1","60758901","60759210","JH378107","46009365","46009670","45","14749536"
"chr1","67219480","67219770","JH378148","3009466","3009760","44","64210014"
"chr1","67488148","67488456","JH378107","46009365","46009670","34","21478783"
"chr1","68769242","68769516","JH378269","313424","313699","54","68455818"
"chr1","77396742","77397044","JH378169","11824133","11824434","43","65572609"
"chr1","77554279","77554583","JH378182","4696933","4697238","41","72857346"
"chr1","77720136","77720418","JH378119","27398979","27399261","47","50321157"
"chr1","77964296","77964602","JH378136","18027573","18027877","38","59936723"
"chr1","81327109","81327418","JH378123","11664205","11664513","43","69662904"
"chr1","85698488","85698768","JH378146","6921944","6922227","44","78776544"
"chr1","85968006","85968343","JH378227","1195635","1195952","69","84772371"
"chr1","89619511","89619737","JH378239","5400101","5400333","39","84219410"
"chr1","92165331","92165627","JH378127","10024758","10025055","43","82140573"
"chr1","92298300","92298468","JH378225","5806449","5806610","23","86491851"
"chr1","92641180","92641404","JH378239","5400101","5400333","49","87241079"
"chr1","93428017","93428282","JH378118","6053772","6054053","53","87374245"
"chr1","101031253","101031536","JH378206","2476848","2477135","46","98554405"
"chr1","102394522","102394824","JH378125","4344553","4344853","48","98049969"
"chr1","105279379","105279692","JH378127","13837233","13837537","47","91442146"
"chr1","109958494","109958745","JH378109","46986697","46986938","52","62971797"
"chr1","110016440","110016742","JH378150","241281","241578","44","109775159"
"chr1","110536941","110537218","JH378300","522382","522652","36","110014559"
"chr1","111905185","111905486","JH378245","3312448","3312742","44","108592737"
"chr1","112051564","112051850","JH378227","3749686","3749973","39","108301878"
"chr1","112856241","112856539","JH378190","1369448","1369736","33","111486793"
"chr1","115601011","115601312","JH378136","18027573","18027877","32","97573438"
"chr1","117301355","117301632","JH378105","57938733","57939014","42","59362622"
"chr1","123195368","123195518","JH378192","5406761","5406913","27","117788607"
"chr1","123195811","123195863","JH378141","12431503","12431552","14","110764308"
"chr1","123538035","123538246","JH378238","4463495","4463707","43","119074540"
"chr1","124098557","124098680","JH378235","875614","875733","42","123222943"
"chr1","124595313","124595617","JH378109","11216706","11217003","51","113378607"
"chr1","124706163","124706450","JH378206","2476848","2477135","45","122229315"
"chr1","126145662","126145969","JH378119","6050976","6051277","43","120094686"
"chr1","126262227","126262536","JH378124","6602405","6602705","40","119659822"
"chr1","128315564","128315863","JH378119","1423786","1424080","68","126891778"
"chr1","128318647","128318948","JH378127","10024758","10025055","41","118293889"
"chr1","128499773","128500000","JH378290","250167","250397","36","128249606"
"chr1","128967461","128967773","JH378199","5489890","5490197","45","123477571"
"chr1","129049567","129049864","JH378119","1423786","1424080","42","127625781"
"chr1","129093118","129093417","JH378169","11824133","11824434","41","117268985"
"chr1","129923055","129923365","JH378110","34753497","34753807","52","95169558"
"chr1","130970108","130970418","JH378162","23612","23922","51","130946496"
"chr1","137278330","137278621","JH378156","7076545","7076843","41","130201785"
"chr1","138470072","138470273","JH378153","12790470","12790672","31","125679602"
"chr1","140082610","140082907","JH378108","50208845","50209139","40","89873765"
"chr1","140433307","140433613","JH378199","5489890","5490197","41","134943417"
"chr1","140549245","140549544","JH378127","11410671","11410972","38","129138574"
"chr1","141992134","141992437","JH378165","12389091","12389397","54","129603043"
"chr1","142894138","142894281","JH378108","52115640","52115778","36","90778498"
"chr1","143719377","143719667","JH378125","4344553","4344853","50","139374824"
"chr1","145167336","145167625","JH378119","13376240","13376538","62","131791096"
"chr1","154375819","154376113","JH378149","10116423","10116716","45","144259396"
"chr1","154456449","154456757","JH378201","3287246","3287553","48","151169203"
"chr1","154772103","154772385","JH378137","5445816","5446095","40","149326287"
"chr1","155207187","155207493","JH378136","18027573","18027877","41","137179614"
"chr1","156160606","156160915","JH378201","3287246","3287553","52","152873360"
"chr1","159540252","159540493","JH378128","1922974","1923199","54","157617278"
"chr1","160430541","160430799","JH378140","14368734","14368986","47","146061807"
"chr1","161872013","161872152","JH378151","6163496","6163634","25","155708517"
"chr1","163997097","163997391","JH378108","38566905","38567200","42","125430192"
"chr1","164203428","164203765","JH378116","27615727","27616051","61","136587701"
"chr1","164628703","164628999","JH378190","1325792","1326096","43","163302911"
"chr1","165232679","165232980","JH378129","7783178","7783478","46","157449501"
"chr1","168986084","168986374","JH378128","24901658","24901954","56","144084426"
"chr1","172038681","172038986","JH378164","2806253","2806554","45","169232428"
"chr1","172606759","172607053","JH378148","12566856","12567148","39","160039903"
"chr1","173755203","173755486","JH378146","17525689","17525983","46","156229514"
"chr1","174175180","174175475","JH378108","50208845","50209139","43","123966335"
"chr1","175377488","175377665","JH378111","22049650","22049841","38","153327838"
"chr1","181417193","181417485","JH378245","4232718","4233002","48","177184475"
"chr1","182012319","182012605","JH378152","15953207","15953516","59","166059112"
"chr1","184292222","184292523","JH378240","1530960","1531261","48","182761262"
"chr1","186506034","186506340","JH378175","386556","386866","35","186119478"
"chr1","187027791","187028112","JH378170","7759979","7760296","47","179267812"
"chr1","188802585","188802885","JH378127","10024758","10025055","40","178777827"
"chr1","193091050","193091321","JH378108","50208845","50209139","66","142882205"
"chr1","196082500","196082793","JH378148","3009466","3009760","45","193073034"
"chr1","196151745","196151883","JH378126","6705417","6705544","28","189446328"
"chr1","196790980","196791271","JH378105","47941022","47941314","51","148849958"
"chr1","199388594","199388896","JH378173","5034027","5034323","39","194354567"
"chr1","199861968","199862241","JH378300","1082016","1082293","39","198779952"
"chr1","200351114","200351411","JH378150","241281","241578","38","200109833"
"chr1","201508582","201508867","JH378119","21729384","21729670","38","179779198"
"chr1","203281794","203282106","JH378107","46009365","46009670","53","157272429"
"chr1","204880401","204880678","JH378114","25897117","25897404","50","178983284"
"chr1","207013132","207013430","JH378148","3009466","3009760","41","204003666"
"chr1","207543387","207543694","JH378107","46009365","46009670","53","161534022"
"chr1","208050328","208050631","JH378145","15857815","15858117","43","192192513"
"chr1","211603772","211603949","JH378123","12803625","12803809","31","198800147"
"chr1","211948868","211949165","JH378106","38114191","38114487","85","173834677"
"chr1","212480799","212481112","JH378106","70219640","70219948","54","142261159"
"chr1","215982618","215982907","JH378153","8755648","8755940","44","207226970"
"chr1","216528613","216528905","JH378150","3663097","3663397","40","212865516"
"chr1","217080868","217081180","JH378107","46009365","46009670","46","171071503"
"chr1","217676790","217677097","JH378201","3287246","3287553","46","214389544"
"chr1","219165299","219165560","JH378131","2425118","2425380","49","216740181"
"chr1","219239364","219239663","JH378175","7514268","7514564","48","211725096"
"chr1","219352095","219352383","JH378148","3009466","3009760","44","216342629"
"chr1","220021728","220022037","JH378175","386556","386866","51","219635172"
"chr1","223757563","223757866","JH378209","3195862","3196167","40","220561701"
"chr2","9367718","9367983","JH378118","6053772","6054053","71","3313946"
"chr2","12798094","12798398","JH378190","1325792","1326096","43","11472302"
"chr2","16441913","16442202","JH378148","3009466","3009760","46","13432447"
"chr2","19668945","19669247","JH378148","3009466","3009760","51","16659479"
"chr2","26190332","26190454","JH378217","4123939","4124062","52","22066393"
"chr2","27052521","27052806","JH378114","19068127","19068419","60","7984394"
"chr2","27749168","27749440","JH378149","8670852","8671127","43","19078316"
"chr2","29379226","29379513","JH378148","3009466","3009760","42","26369760"
"chr2","33943641","33943942","JH378156","7076545","7076843","42","26867096"
"chr2","36637591","36637891","JH378135","21763200","21763501","43","14874391"
"chr2","37547842","37548122","JH378105","57938733","57939014","46","20390891"
"chr2","39082118","39082415","JH378136","9599015","9599310","41","29483103"
"chr2","41288056","41288363","JH378107","46009365","46009670","39","4721309"
"chr2","41354251","41354550","JH378151","1318098","1318398","42","40036153"
"chr2","42817226","42817528","JH378135","21763200","21763501","49","21054026"
"chr2","43657552","43657834","JH378245","2640263","2640532","52","41017289"
"chr2","45523581","45523889","JH378118","9164013","9164313","50","36359568"
"chr2","45965155","45965334","JH378189","1484999","1485181","30","44480156"
"chr2","46166159","46166469","JH378125","4344553","4344853","42","41821606"
"chr2","46790699","46790991","JH378153","8755648","8755940","47","38035051"
"chr2","56191024","56191218","JH378305","1015869","1016036","52","55175155"
"chr2","56220611","56220951","JH378106","58660565","58660863","79","2439954"
"chr2","63293229","63293482","JH378131","2425118","2425380","55","60868111"
"chr2","63447144","63447434","JH378261","2905026","2905326","51","60542118"
"chr2","71092600","71092872","JH378214","2331537","2331805","43","68761063"
"chr2","72677147","72677462","JH378228","1913613","1913919","45","70763534"
"chr2","79492766","79493072","JH378137","1949849","1950158","42","77542917"
"chr2","79860439","79860749","JH378125","4344553","4344853","47","75515886"
"chr2","84853711","84853822","JH378119","21816426","21816529","20","63037285"
"chr2","85031523","85031718","JH378288","2223220","2223408","35","82808303"
"chr2","89593235","89593542","JH378107","46009365","46009670","52","43583870"
"chr2","90771089","90771392","JH378173","5034027","5034323","42","85737062"
"chr2","91220406","91220680","JH378214","2331537","2331805","45","88888869"
"chr2","92810215","92810512","JH378169","11824133","11824434","46","80986082"
"chr2","93234744","93235030","JH378257","294971","295263","52","92939773"
"chr2","93836132","93836483","JH378109","5928370","5928695","87","87907762"
"chr2","93960888","93961025","JH378194","9146070","9146200","52","84814818"
"chr2","95354494","95354787","JH378113","18649350","18649646","42","76705144"
"chr2","95578231","95578525","JH378156","7076545","7076843","41","88501686"
"chr2","96760343","96760636","JH378134","20911825","20912116","33","75848518"
"chr2","100159829","100159879","JH378108","25093204","25093240","25","75066625"
"chr2","100870258","100870551","JH378112","33518148","33518439","50","67352110"
"chr2","103245537","103245818","JH378300","1082016","1082293","43","102163521"
"chr2","103365122","103365391","JH378119","86732","87007","49","103278390"
"chr2","105846365","105846556","JH378112","35574224","35574418","34","70272141"
"chr2","105885435","105885735","JH378205","1510121","1510420","48","104375314"
"chr2","108244629","108244942","JH378107","6442176","6442480","62","101802453"
"chr2","109141411","109141704","JH378257","739639","739933","49","108401772"
"chr2","109761853","109762143","JH378206","2476848","2477135","39","107285005"
"chr2","109779232","109779527","JH378147","14961221","14961520","51","94818011"
"chr2","110126711","110127010","JH378150","241281","241578","44","109885430"
"chr2","110128724","110129034","JH378108","31016000","31016286","85","79112724"
"chr2","111246648","111246958","JH378107","46009365","46009670","53","65237283"
"chr2","111254400","111254578","JH378158","4851153","4851320","35","106403247"
"chr2","111323977","111324286","JH378137","9398637","9398942","50","101925340"
"chr2","113817409","113817597","JH378158","3396105","3396264","54","110421304"
"chr2","113884018","113884309","JH378148","3009466","3009760","43","110874552"
"chr2","114030018","114030311","JH378127","10024758","10025055","42","104005260"
"chr2","114702038","114702348","JH378261","2905026","2905326","45","111797012"
"chr2","118804003","118804303","JH378106","12647150","12647453","43","106156853"
"chr2","119408116","119408411","JH378160","9491908","9492202","52","109916208"
"chr2","121172366","121172460","JH378105","47884425","47884510","24","73287941"
"chr2","125616028","125616325","JH378130","7588210","7588506","38","118027818"
"chr2","134174520","134174714","JH378184","7337357","7337550","28","126837163"
"chr2","135149356","135149508","JH378128","11040247","11040393","25","124109109"
"chr2","135493235","135493526","JH378107","9067769","9068059","35","126425466"
"chr2","135524193","135524470","JH378129","22226033","22226310","37","113298160"
"chr2","136196596","136196824","JH378197","7261383","7261611","46","128935213"
"chr2","139902901","139903183","JH378300","522382","522652","58","139380519"
"chr2","142166683","142166971","JH378107","46009365","46009670","47","96157318"
"chr2","147954669","147954926","JH378209","5638947","5639209","49","142315722"
"chr2","148065139","148065388","JH378205","3491925","3492172","41","144573214"
"chr2","149645410","149645689","JH378300","1082016","1082293","45","148563394"
"chr2","158089433","158089729","JH378164","8983183","8983477","42","149106250"
"chr2","159223472","159223770","JH378118","9164013","9164313","43","150059459"
"chr2","162595474","162595777","JH378125","4344553","4344853","42","158250921"
"chr2","163014300","163014585","JH378143","18236239","18236524","33","144778061"
"chr2","165301154","165301335","JH378115","17666853","17667025","34","147634301"
"chr2","167499384","167499541","JH378127","18614282","18614439","23","148885102"
"chr2","168429409","168429692","JH378206","2476848","2477135","47","165952561"
"chr2","172201422","172201563","JH378105","49917117","49917247","23","122284305"
"chr2","172201861","172202036","JH378194","3698567","3698741","24","168503294"
"chr2","178696629","178696929","JH378205","1510121","1510420","40","177186508"
"chr2","180572813","180573107","JH378148","12566856","12567148","39","168005957"
"chr2","180827905","180828058","JH378216","4339434","4339595","23","176488471"
"chr2","182556913","182557137","JH378115","31202561","31202787","39","151354352"
"chr2","184339424","184339696","JH378217","248242","248529","53","184091182"
"chr2","184785776","184786084","JH378135","21763200","21763501","54","163022576"
"chr2","185180482","185180778","JH378245","3312448","3312742","41","181868034"
"chr2","186066156","186066463","JH378128","24901658","24901954","54","161164498"
"chr2","186267187","186267464","JH378137","5445816","5446095","45","180821371"
"chr2","188451660","188451888","JH378140","14368734","14368986","74","174082926"
"chr2","188795679","188795980","JH378125","4344553","4344853","45","184451126"
"chr2","188806083","188806380","JH378206","6968121","6968417","36","181837962"
"chr2","189008555","189008848","JH378245","3312448","3312742","38","185696107"
"chr2","190984697","190984989","JH378150","241281","241578","47","190743416"
"chr2","192712270","192712415","JH378143","4605826","4605972","26","188106444"
"chr2","196495072","196495374","JH378110","13883859","13884149","49","182611213"
"chr2","198042560","198042865","JH378190","1325792","1326096","46","196716768"
"chr2","199066977","199067135","JH378115","2961797","2961958","40","196105180"
"chr2","202115742","202116003","JH378300","1082016","1082293","50","201033726"
"chr2","202690091","202690224","JH378125","3309971","3310101","20","199380120"
"chr2","202690527","202690703","JH378112","11354649","11354838","46","191335878"
"chr2","202928150","202928311","JH378193","6530552","6530710","30","196397598"
"chr2","204338987","204339282","JH378148","3009466","3009760","44","201329521"
"chr3","451760","452070","JH378107","46009365","46009670","46","45557605"
"chr3","2930164","2930469","JH378106","12647150","12647453","39","9716986"
"chr3","3073454","3073755","JH378145","12963180","12963482","56","9889726"
"chr3","3735380","3735675","JH378133","14721548","14721853","41","10986168"
"chr3","4699920","4700240","JH378117","28305531","28305841","56","23605611"
"chr3","5318630","5318957","JH378116","27615727","27616051","48","22297097"
"chr3","5578465","5578609","JH378108","52115640","52115778","29","46537175"
"chr3","5884536","5884794","JH378129","3873045","3873297","47","2011491"
"chr3","7309873","7310183","JH378138","4975201","4975508","54","2334672"
"chr3","7958172","7958452","JH378146","6921944","6922227","45","1036228"
"chr3","12214030","12214328","JH378129","7783178","7783478","38","4430852"
"chr3","14235716","14236014","JH378156","7076545","7076843","37","7159171"
"chr3","15602814","15603117","JH378159","15339467","15339775","39","263347"
"chr3","16472711","16472974","JH378185","920965","921227","38","15551746"
"chr3","18285570","18285882","JH378175","386556","386866","66","17899014"
"chr3","18297683","18297962","JH378300","1082016","1082293","43","17215667"
"chr3","23209895","23210202","JH378119","6050976","6051277","44","17158919"
"chr3","23270043","23270308","JH378246","1801213","1801475","51","21468830"
"chr3","23315643","23315951","JH378201","3287246","3287553","43","20028397"
"chr3","24471550","24471775","JH378151","9531562","9531791","54","14939988"
"chr3","24670252","24670546","JH378107","46009365","46009670","58","21339113"
"chr3","25446074","25446388","JH378169","11824133","11824434","46","13621941"
"chr3","26077924","26078205","JH378257","294971","295263","53","25782953"
"chr3","27872689","27872874","JH378150","16479013","16479192","45","11393676"
"chr3","27881046","27881325","JH378195","2842417","2842689","63","25038629"
"chr3","31208617","31208916","JH378190","1325792","1326096","40","29882825"
"chr3","36326933","36327209","JH378201","3474489","3474770","42","32852444"
"chr3","36727683","36727966","JH378148","3009466","3009760","46","33718217"
"chr3","38988192","38988484","JH378293","1785914","1786205","46","37202278"
"chr3","39029754","39030097","JH378118","5727285","5727623","67","33302469"
"chr3","39266553","39266839","JH378206","2476848","2477135","37","36789705"
"chr3","40134772","40134955","JH378167","11092398","11092586","27","29042374"
"chr3","40541167","40541476","JH378175","386556","386866","41","40154611"
"chr3","40657645","40657931","JH378153","2212277","2212560","45","38445368"
"chr3","40753014","40753091","JH378167","12007782","12007858","13","28745232"
"chr3","41962576","41962884","JH378174","11112447","11112756","48","30850129"
"chr3","42245890","42246062","JH378293","1016027","1016200","31","41229863"
"chr3","42308612","42308932","JH378116","27615727","27616051","49","14692885"
"chr3","42343212","42343402","JH378115","31351021","31351219","32","10992191"
"chr3","44221432","44221733","JH378321","537646","537948","49","43683786"
"chr3","44388577","44388774","JH378184","7337357","7337550","33","37051220"
"chr3","45267860","45268188","JH378131","22567728","22568021","108","22700132"
"chr3","47744440","47744704","JH378156","123757","124013","53","47620683"
"chr3","48026025","48026317","JH378110","29978642","29978937","39","18047383"
"chr3","48665330","48665627","JH378249","3737189","3737485","39","44928141"
"chr3","48996038","48996346","JH378162","23612","23922","42","48972426"
"chr3","49494853","49495161","JH378114","37512577","37512883","46","11982276"
"chr3","50311484","50311766","JH378137","17916762","17917051","43","32394722"
"chr3","55196880","55197187","JH378106","70219640","70219948","52","15022760"
"chr3","57563218","57563521","JH378107","46009365","46009670","39","11553853"
"chr3","58757341","58757650","JH378107","46009365","46009670","43","12747976"
"chr3","64125654","64125966","JH378116","13794467","13794778","46","50331187"
"chr3","65542158","65542458","JH378107","46009365","46009670","40","19532793"
"chr3","70227039","70227345","JH378107","46009365","46009670","44","24217674"
"chr3","71372351","71372645","JH378197","3767028","3767327","42","67605323"
"chr3","71497890","71498187","JH378127","10024758","10025055","37","61473132"
"chr3","72014813","72015136","JH378227","1195635","1195952","60","70819178"
"chr3","72202210","72202487","JH378195","2842417","2842689","39","69359793"
"chr3","75173309","75173591","JH378186","1285634","1285922","41","73887675"
"chr3","75343159","75343453","JH378206","6968121","6968417","39","68375038"
"chr3","76075048","76075311","JH378139","4978818","4979087","46","71096230"
"chr3","76946908","76947114","JH378120","1816911","1817119","64","75129997"
"chr3","78415713","78416008","JH378145","2211902","2212196","39","76203811"
"chr3","80908499","80908793","JH378108","50208845","50209139","40","30699654"
"chr3","81944853","81945072","JH378317","32344","32540","67","81912509"
"chr3","83085014","83085307","JH378156","7076545","7076843","46","76008469"
"chr3","83419921","83420206","JH378160","9491908","9492202","47","73928013"
"chr3","85965799","85966011","JH378124","23973083","23973279","52","61992716"
"chr3","86268703","86269004","JH378150","241281","241578","42","86027422"
"chr3","88086262","88086346","JH378415","14226","14301","34","88072036"
"chr3","88461131","88461303","JH378105","35472325","35472495","29","52988806"
"chr3","90017802","90018052","JH378130","3444198","3444441","45","86573604"
"chr3","92577472","92577761","JH378153","8755648","8755940","41","83821824"
"chr3","93684798","93684993","JH378156","10547885","10548076","22","83136913"
"chr3","96029043","96029349","JH378110","29099632","29099936","47","66929411"
"chr3","98566422","98566728","JH378187","8721059","8721370","49","89845363"
"chr3","101791559","101791732","JH378115","17666853","17667025","34","84124706"
"chr3","103864057","103864239","JH378153","6574953","6575126","36","97289104"
"chr3","112218154","112218454","JH378197","3767028","3767327","51","108451126"
"chr3","113211285","113211590","JH378148","3009466","3009760","50","110201819"
"chr3","116422086","116422404","JH378205","408088","408412","53","116013998"
"chr3","117425176","117425467","JH378148","3009466","3009760","40","114415710"
"chr3","118340977","118341261","JH378143","18236239","18236524","39","100104738"
"chr3","120687141","120687437","JH378151","9107602","9107893","36","111579539"
"chr3","121397059","121397353","JH378164","8983183","8983477","39","112413876"
"chr3","122608247","122608521","JH378245","3312448","3312742","57","119295799"
"chr3","123598657","123598954","JH378127","10024758","10025055","41","113573899"
"chr3","123930556","123930865","JH378107","46009365","46009670","43","77921191"
"chr3","124433090","124433398","JH378136","18027573","18027877","40","106405517"
"chr3","125574940","125575275","JH378165","12389091","12389397","92","113185849"
"chr3","125585457","125585727","JH378107","6629710","6629970","69","118955747"
"chr3","126348982","126349144","JH378216","4339434","4339595","21","122009548"
"chr3","128575333","128575619","JH378206","6968121","6968417","53","121607212"
"chr3","130638289","130638452","JH378123","21217689","21217863","37","109420600"
"chr3","130638729","130638767","JH378272","2083837","2083868","20","128554892"
"chr3","133422870","133423106","JH378106","28970354","28970606","55","104452516"
"chr3","136204370","136204677","JH378187","8721059","8721370","50","127483311"
"chr3","136803090","136803387","JH378148","3009466","3009760","45","133793624"
"chr3","138223998","138224276","JH378137","5445816","5446095","44","132778182"
"chr3","139659330","139659636","JH378107","46009365","46009670","40","93649965"
"chr3","139893992","139894304","JH378106","70219640","70219948","46","69674352"
"chr3","141952275","141952587","JH378137","12880677","12880985","43","129071598"
"chr3","142627434","142627730","JH378137","4716291","4716586","42","137911143"
"chr3","150054087","150054347","JH378139","4978818","4979087","54","145075269"
"chr3","151199855","151200142","JH378177","4921681","4921961","58","146278174"
"chr3","156223433","156223752","JH378170","7759979","7760296","53","148463454"
"chr3","157833124","157833437","JH378205","1510121","1510420","52","156323003"
"chr3","160067331","160067581","JH378140","14368734","14368986","47","145698597"
"chr3","162911150","162911457","JH378190","1325792","1326096","45","161585358"
"chr3","164488403","164488693","JH378190","1369448","1369736","42","163118955"
"chr3","166453716","166453893","JH378179","1282549","1282728","24","165171167"
"chr3","166643778","166644064","JH378123","14223567","14223865","50","152420211"
"chr3","166839444","166839745","JH378124","6602405","6602705","40","160237039"
"chr3","168308667","168308950","JH378146","6921944","6922227","41","161386723"
"chr3","169772752","169773049","JH378148","3009466","3009760","41","166763286"
"chr3","170026206","170026428","JH378115","15568332","15568546","52","154457874"
"chr3","172111417","172111717","JH378136","18027573","18027877","44","154083844"
"chr3","174252082","174252384","JH378216","3793751","3794051","37","170458331"
"chr3","175596986","175597208","JH378115","31202561","31202787","36","144394425"
"chr3","175714835","175715021","JH378111","22049650","22049841","36","153665185"
"chr3","178784124","178784293","JH378163","8328457","8328624","23","170455667"
"chr3","178993959","178994258","JH378150","241281","241578","36","178752678"
"chr3","183649656","183649948","JH378245","3312448","3312742","37","180337208"
"chr3","185263798","185264093","JH378113","18649350","18649646","52","166614448"
"chr4","3138890","3139197","JH378190","1325792","1326096","48","1813098"
"chr4","6781332","6781604","JH378195","2842417","2842689","69","3938915"
"chr4","7896192","7896495","JH378127","13837233","13837537","58","5941041"
"chr4","9458145","9458447","JH378156","7076545","7076843","51","2381600"
"chr4","10022796","10023131","JH378316","958682","959016","63","9064114"
"chr4","10171955","10172129","JH378194","3698567","3698741","32","6473388"
"chr4","14051138","14051433","JH378113","18649350","18649646","39","4598212"
"chr4","15339751","15340046","JH378127","10024758","10025055","45","5314993"
"chr4","16999112","16999410","JH378205","1510121","1510420","40","15488991"
"chr4","17997074","17997380","JH378129","7783178","7783478","45","10213896"
"chr4","19605718","19606016","JH378123","21576066","21576366","42","1970348"
"chr4","20577414","20577714","JH378245","3312448","3312742","37","17264966"
"chr4","22059883","22060175","JH378148","12566856","12567148","41","9493027"
"chr4","22117731","22118020","JH378119","27398979","27399261","52","5281248"
"chr4","23463692","23463997","JH378205","1510121","1510420","43","21953571"
"chr4","24019141","24019437","JH378245","3312448","3312742","40","20706693"
"chr4","24516301","24516600","JH378132","22555890","22556195","45","1960411"
"chr4","25946923","25947127","JH378105","19275442","19275650","62","6671481"
"chr4","26863585","26863802","JH378170","5096192","5096441","62","21767393"
"chr4","28972299","28972498","JH378108","45073288","45073488","29","16100989"
"chr4","29224774","29225086","JH378187","8721059","8721370","41","20503715"
"chr4","30046264","30046568","JH378106","12647150","12647453","44","17399114"
"chr4","30108489","30108782","JH378114","19068127","19068419","46","11040362"
"chr4","30808316","30808631","JH378106","70219640","70219948","48","39411324"
"chr4","31268164","31268342","JH378150","16479013","16479192","25","14789151"
"chr4","31354318","31354612","JH378205","1510121","1510420","50","29844197"
"chr4","31860771","31861074","JH378182","4696933","4697238","44","27163838"
"chr4","32947960","32948264","JH378110","13883859","13884149","61","19064101"
"chr4","34079860","34080127","JH378148","3009466","3009760","69","31070394"
"chr4","34419126","34419420","JH378146","17525689","17525983","43","16893437"
"chr4","35754002","35754237","JH378165","12083283","12083525","36","23670719"
"chr4","38464707","38464938","JH378274","640157","640386","46","37824550"
"chr4","39611275","39611560","JH378106","70896573","70896859","51","31285298"
"chr4","39914259","39914560","JH378136","18027573","18027877","47","21886686"
"chr4","43560633","43560872","JH378277","3215226","3215442","74","40345407"
"chr4","43856894","43857094","JH378115","31351021","31351219","30","12505873"
"chr4","44084578","44084876","JH378114","11037461","11037757","52","33047117"
"chr4","45734536","45734845","JH378174","11112447","11112756","35","34622089"
"chr4","46233229","46233529","JH378156","7076545","7076843","42","39156684"
"chr4","48163717","48164021","JH378206","6220267","6220569","45","41943450"
"chr4","48588073","48588324","JH378106","28970354","28970606","59","19617719"
"chr4","49321232","49321346","JH378110","31431724","31431841","23","17889508"
"chr4","52766052","52766349","JH378148","3009466","3009760","42","49756586"
"chr4","54151650","54151944","JH378148","3009466","3009760","36","51142184"
"chr4","58333858","58334164","JH378190","1325792","1326096","45","57008066"
"chr4","75191596","75191936","JH378110","20343307","20343641","66","54848289"
"chr4","75523247","75523527","JH378129","22226033","22226310","38","53297214"
"chr4","76401573","76401855","JH378245","3312448","3312742","39","73089125"
"chr4","87509133","87509461","JH378170","7759979","7760296","60","79749154"
"chr4","88106038","88106355","JH378165","12389091","12389397","51","75716947"
"chr4","97428024","97428246","JH378151","9531562","9531791","33","87896462"
"chr4","99954535","99954844","JH378321","537646","537948","41","99416889"
"chr4","103212410","103212597","JH378123","12803625","12803809","29","90408785"
"chr4","106150399","106150483","JH378152","4225963","4226040","33","101924436"
"chr4","107660125","107660357","JH378145","7037822","7038056","45","100622303"
"chr4","107705899","107706063","JH378127","2009013","2009171","38","105696886"
"chr4","109745012","109745305","JH378169","2128596","2128880","53","107616416"
"chr4","109861741","109862035","JH378205","1510121","1510420","48","108351620"
"chr4","111237937","111238226","JH378189","5898223","5898514","39","105339714"
"chr4","114345358","114345645","JH378106","12647150","12647453","45","101698208"
"chr4","115280040","115280321","JH378151","9631099","9631387","41","105648941"
"chr4","115308215","115308501","JH378108","33277714","33278014","49","82030501"
"chr4","116716047","116716215","JH378115","28839239","28839413","31","87876808"
"chr4","116756295","116756599","JH378156","7076545","7076843","47","109679750"
"chr4","116757334","116757637","JH378156","7076545","7076843","46","109680789"
"chr4","118469720","118470032","JH378201","3287246","3287553","42","115182474"
"chr4","118860379","118860669","JH378129","7783178","7783478","50","111077201"
"chr4","122710380","122710682","JH378136","18027573","18027877","45","104682807"
"chr4","127775916","127776213","JH378117","25647280","25647574","43","102128636"
"chr4","128138913","128139205","JH378245","3312448","3312742","39","124826465"
"chr4","128172861","128173162","JH378148","3009466","3009760","45","125163395"
"chr4","129621410","129621701","JH378110","6448504","6448791","42","123172906"
"chr4","131677782","131678029","JH378233","5445189","5445457","71","126232593"
"chr4","132857710","132858016","JH378228","5010858","5011162","43","127846852"
"chr4","133290146","133290440","JH378145","15823378","15823672","39","117466768"
"chr4","134652966","134653279","JH378135","2257364","2257657","73","132395602"
"chr4","138393070","138393376","JH378169","11824133","11824434","55","126568937"
"chr4","146348330","146348476","JH378114","30341399","30341543","27","116006931"
"chr4","155348829","155349127","JH378148","3009466","3009760","45","152339363"
"chr4","159172120","159172418","JH378148","3009466","3009760","41","156162654"
"chr4","159607256","159607555","JH378245","3312448","3312742","44","156294808"
"chr4","159736025","159736298","JH378120","16339076","16339352","45","143396949"
"chr4","160492319","160492616","JH378245","3312448","3312742","41","157179871"
"chr4","160811473","160811773","JH378169","11824133","11824434","38","148987340"
"chr4","161215493","161215694","JH378108","45073288","45073488","29","116142205"
"chr4","168353854","168354160","JH378182","4696933","4697238","43","163656921"
"chr4","168410680","168410903","JH378281","1758125","1758348","38","166652555"
"chr4","168413627","168413946","JH378342","67187","67491","67","168346440"
"chr4","171531144","171531415","JH378131","2425118","2425380","38","169106026"
"chr5","2767808","2767977","JH378163","8328457","8328624","31","5560649"
"chr5","3471924","3472215","JH378145","15823378","15823672","39","12351454"
"chr5","10668740","10669042","JH378169","11824133","11824434","52","1155393"
"chr5","13744561","13744852","JH378127","10024758","10025055","51","3719803"
"chr5","18383950","18384096","JH378106","68289436","68289584","25","49905486"
"chr5","19699592","19699866","JH378272","1010798","1011072","56","18688794"
"chr5","21230085","21230355","JH378122","5525941","5526220","46","15704144"
"chr5","27144799","27145084","JH378119","21729384","21729670","45","5415415"
"chr5","27781276","27781410","JH378108","17478737","17478871","19","10302539"
"chr5","27781715","27781737","JH378272","2083837","2083868","18","25697878"
"chr5","30308914","30309201","JH378223","6194371","6194661","50","24114543"
"chr5","36980747","36981044","JH378165","1504452","1504751","35","35476295"
"chr5","37416140","37416416","JH378141","13122265","13122540","56","24293875"
"chr5","38686145","38686463","JH378110","20343307","20343641","51","18342838"
"chr5","38880133","38880438","JH378114","25103281","25103591","41","13776852"
"chr5","39732762","39733072","JH378106","12647150","12647453","52","27085612"
"chr5","41995528","41995836","JH378173","5034027","5034323","44","36961501"
"chr5","43341324","43341610","JH378132","2228150","2228421","56","41113174"
"chr5","44474278","44474575","JH378113","18649350","18649646","40","25824928"
"chr5","48477723","48478029","JH378190","1325792","1326096","44","47151931"
"chr5","50191998","50192306","JH378152","15953207","15953516","41","34238791"
"chr5","51333613","51333838","JH378151","9531562","9531791","53","41802051"
"chr5","51999817","52000000","JH378150","16479013","16479192","28","35520804"
"chr5","53330156","53330279","JH378194","9146070","9146200","43","44184086"
"chr5","54068862","54069056","JH378118","32538848","32539042","33","21530014"
"chr5","55665494","55665773","JH378147","15650003","15650291","45","40015491"
"chr5","58062160","58062444","JH378136","16162992","16163274","43","41899168"
"chr5","58474679","58474978","JH378261","1404235","1404536","44","57070444"
"chr5","59130287","59130579","JH378245","3312448","3312742","37","55817839"
"chr5","63917164","63917437","JH378111","17080898","17081179","51","46836266"
"chr5","66172589","66172852","JH378197","8170164","8170434","56","58002425"
"chr5","67571544","67571842","JH378108","38566905","38567200","48","29004639"
"chr5","72051432","72051732","JH378182","4696933","4697238","42","67354499"
"chr5","77661730","77662029","JH378115","41997612","41997916","40","35664118"
"chr5","78043208","78043485","JH378153","2212277","2212560","51","75830931"
"chr5","82737601","82737906","JH378175","386556","386866","43","82351045"
"chr5","83718544","83718838","JH378148","3009466","3009760","35","80709078"
"chr5","85090187","85090440","JH378133","19659852","19660116","54","65430335"
"chr5","89167586","89167896","JH378114","25103281","25103591","41","64064305"
"chr5","90177113","90177333","JH378153","12790470","12790672","56","77386643"
"chr5","94094797","94095090","JH378257","294971","295263","55","93799826"
"chr5","97691519","97691817","JH378114","19068127","19068419","51","78623392"
"chr5","101929529","101929801","JH378146","4261330","4261588","50","97668199"
"chr5","108424533","108424834","JH378129","7783178","7783478","39","100641355"
"chr5","108482760","108482918","JH378141","10807454","10807607","43","97675306"
"chr5","111698512","111698713","JH378112","11354649","11354838","36","100343863"
"chr5","113326157","113326200","JH378116","19218206","19218247","19","94107951"
"chr5","124959393","124959605","JH378115","15568332","15568546","39","109391061"
"chr5","126292004","126292262","JH378105","22061292","22061515","77","104230712"
"chr5","127843588","127843907","JH378182","4696933","4697238","50","123146655"
"chr5","128736491","128736683","JH378184","7337357","7337550","28","121399134"
"chr5","129033930","129034088","JH378123","26134969","26135105","49","102898961"
"chr5","130456037","130456235","JH378156","10547885","10548076","28","119908152"
"chr5","130977204","130977511","JH378190","1325792","1326096","56","129651412"
"chr5","135081182","135081462","JH378129","22226033","22226310","41","112855149"
"chr5","136605176","136605475","JH378211","4593785","4594086","50","132011391"
"chr5","139245733","139245898","JH378309","331522","331677","31","138914211"
"chr5","140089960","140090237","JH378245","3312448","3312742","74","136777512"
"chr5","142613477","142613778","JH378129","7783178","7783478","46","134830299"
"chr5","146787074","146787125","JH378177","2470209","2470260","9","144316865"
"chr5","147642666","147642970","JH378226","2834573","2834869","55","144808093"
"chr5","150667218","150667383","JH378163","8328457","8328624","20","142338761"
"chr5","150903097","150903400","JH378276","2107073","2107375","43","148796024"
"chr5","151309203","151309509","JH378118","11017884","11018188","47","140291319"
"chr5","152489043","152489146","JH378115","10226768","10226859","41","142262275"
"chr5","153275120","153275433","JH378129","7783178","7783478","51","145491942"
"chr5","156175877","156176173","JH378119","1423786","1424080","50","154752091"
"chr5","156232596","156232877","JH378214","2331537","2331805","55","153901059"
"chr5","156712048","156712207","JH378188","114626","114783","24","156597422"
"chr5","161213483","161213788","JH378107","46009365","46009670","46","115204118"
"chr5","161355612","161355810","JH378156","11265928","11266128","30","150089684"
"chr5","165186665","165186840","JH378153","6574953","6575126","22","158611712"
"chr5","166131174","166131333","JH378153","15964977","15965150","35","150166197"
"chr5","167449839","167450132","JH378117","25647280","25647574","40","141802559"
"chr5","170527912","170528178","JH378129","22226033","22226310","51","148301879"
"chr5","171839374","171839537","JH378113","26558714","26558876","70","145280660"
"chr5","177583291","177583599","JH378107","46009365","46009670","46","131573926"
"chr5","178035304","178035588","JH378342","271500","271786","49","177763804"
"chr5","180469003","180469188","JH378123","12803625","12803809","30","167665378"
"chr5","183414968","183415083","JH378115","2961111","2961230","21","180453857"
"chr5","185093410","185093703","JH378145","15823378","15823672","42","169270032"
"chr5","186454628","186454939","JH378154","84041","84351","54","186370587"
"chr5","189116189","189116492","JH378169","11824133","11824434","48","177292056"
"chr6","1264591","1264750","JH378157","2827604","2827763","23","1563013"
"chr6","3970739","3970898","JH378107","1664482","1664637","31","2306257"
"chr6","10342036","10342335","JH378120","4029777","4030079","57","6312259"
"chr6","10778757","10779069","JH378152","15953207","15953516","43","5174450"
"chr6","11055341","11055647","JH378201","3287246","3287553","44","7768095"
"chr6","11204171","11204474","JH378216","3793751","3794051","45","7410420"
"chr6","11352818","11353104","JH378116","37015132","37015441","64","25662314"
"chr6","13479756","13480051","JH378117","25647280","25647574","33","12167524"
"chr6","14453719","14454014","JH378148","3009466","3009760","43","11444253"
"chr6","14456166","14456480","JH378182","4696933","4697238","49","9759233"
"chr6","14688967","14689248","JH378153","2212277","2212560","43","12476690"
"chr6","17429830","17430087","JH378300","878349","878611","51","16551481"
"chr6","19070442","19070741","JH378119","5785402","5785706","34","13285040"
"chr6","21662554","21662853","JH378119","13376240","13376538","43","8286314"
"chr6","22132152","22132402","JH378303","460856","461111","52","21671296"
"chr6","30710797","30711093","JH378127","10024758","10025055","47","20686039"
"chr6","32441403","32441569","JH378163","8328457","8328624","25","24112946"
"chr6","32477121","32477383","JH378112","34465721","34465992","54","1988600"
"chr6","32880251","32880530","JH378195","2842417","2842689","38","30037834"
"chr6","33137121","33137421","JH378107","46009365","46009670","48","12872244"
"chr6","34209191","34209489","JH378129","7783178","7783478","42","26426013"
"chr6","37771201","37771491","JH378129","7783178","7783478","58","29988023"
"chr6","37829067","37829352","JH378143","18236239","18236524","41","19592828"
"chr6","37970047","37970336","JH378137","17916762","17917051","43","20053285"
"chr6","42123269","42123577","JH378123","21576066","21576366","49","20547203"
"chr6","51640133","51640428","JH378181","3298975","3299267","35","48341158"
"chr6","54762394","54762692","JH378156","7076545","7076843","44","47685849"
"chr6","56098004","56098272","JH378170","939520","939798","42","55158484"
"chr6","57497935","57498242","JH378106","70219640","70219948","41","12721705"
"chr6","63988231","63988326","JH378197","7261714","7261806","18","56726517"
"chr6","67203855","67204167","JH378107","23828191","23828501","49","43375664"
"chr6","67490084","67490377","JH378116","34204048","34204349","47","33286036"
"chr6","69968739","69969038","JH378162","14916397","14916692","41","55052342"
"chr6","70043341","70043631","JH378132","8950928","8951208","45","61092413"
"chr6","70789547","70789811","JH378233","5445189","5445457","52","65344358"
"chr6","71327536","71327836","JH378130","7588210","7588506","40","63739326"
"chr6","72356669","72356952","JH378151","9107602","9107893","56","63249067"
"chr6","73032251","73032553","JH378124","6602405","6602705","45","66429846"
"chr6","73298108","73298321","JH378115","15568332","15568546","37","57729776"
"chr6","74255402","74255618","JH378197","7261383","7261611","37","66994019"
"chr6","74545493","74545801","JH378169","11824133","11824434","44","62721360"
"chr6","75106963","75107146","JH378153","5487406","5487588","29","69619557"
"chr6","75775003","75775242","JH378221","1227057","1227311","54","74547946"
"chr6","78092041","78092186","JH378114","30341399","30341543","27","47750642"
"chr6","79778098","79778379","JH378201","3474489","3474770","42","76303609"
"chr6","80009345","80009650","JH378182","4696933","4697238","39","75312412"
"chr6","80184534","80184715","JH378115","17666853","17667025","36","62517681"
"chr6","85111664","85111950","JH378206","2476848","2477135","52","82634816"
"chr6","92583073","92583385","JH378174","11112447","11112756","44","81470626"
"chr6","93262258","93262572","JH378143","3476619","3476922","50","89785639"
"chr6","93823607","93823793","JH378179","1282549","1282728","31","92541058"
"chr6","95947880","95948186","JH378117","28305531","28305841","38","67642349"
"chr6","97787128","97787431","JH378145","12963180","12963482","55","84823948"
"chr6","100528497","100528823","JH378110","20343307","20343641","54","80185190"
"chr6","102391933","102392174","JH378166","2712726","2712970","47","99679207"
"chr6","104005358","104005578","JH378151","9531562","9531791","47","94473796"
"chr6","104335148","104335455","JH378136","18027573","18027877","39","86307575"
"chr6","105878630","105878909","JH378141","13122265","13122540","41","92756365"
"chr6","107830357","107830509","JH378146","591208","591357","32","107239149"
"chr6","110989779","110989895","JH378217","4123939","4124062","25","106865840"
"chr6","114436085","114436245","JH378192","5406761","5406913","31","109029324"
"chr6","114436549","114436682","JH378108","17478737","17478871","16","96957812"
"chr6","114646327","114646620","JH378125","4344553","4344853","51","110301774"
"chr6","119617413","119617712","JH378264","1600055","1600349","49","118017358"
"chr6","127315716","127316024","JH378107","46009365","46009670","44","81306351"
"chr6","130390940","130391126","JH378150","16479013","16479192","45","113911927"
"chr6","130577058","130577354","JH378206","3042454","3042750","42","127534604"
"chr6","131757614","131757916","JH378190","1325792","1326096","45","130431822"
"chr6","132404185","132404483","JH378169","11824133","11824434","42","120580052"
"chr6","132543644","132543939","JH378151","9107602","9107893","42","123436042"
"chr6","137296785","137297080","JH378162","14916397","14916692","46","122380388"
"chr6","137475983","137476273","JH378117","25647280","25647574","52","111828703"
"chr6","137942507","137942813","JH378107","46009365","46009670","43","91933142"
"chr6","138838227","138838521","JH378190","1369448","1369736","41","137468779"
"chr6","141347179","141347328","JH378127","2009013","2009171","33","139338166"
"chr6","141584111","141584413","JH378148","3009466","3009760","41","138574645"
"chr6","144255290","144255606","JH378240","1530960","1531261","79","142724330"
"chr6","152743432","152743604","JH378150","16479013","16479192","37","136264419"
"chr6","155163441","155163612","JH378107","1664482","1664637","39","153498959"
"chr6","155849215","155849505","JH378105","47941022","47941314","53","107908193"
"chr6","156117642","156117943","JH378135","21763200","21763501","49","134354442"
"chr6","156152228","156152522","JH378109","11216706","11217003","41","144935522"
"chr6","157129199","157129491","JH378146","17525689","17525983","39","139603510"
"chr6","163379289","163379568","JH378106","70896573","70896859","47","92482716"
"chr6","164202243","164202542","JH378205","1510121","1510420","40","162692122"
"chr6","165980236","165980540","JH378190","1325792","1326096","47","164654444"
"chr6","169363739","169364043","JH378182","4696933","4697238","55","164666806"
"chr6","170428738","170429027","JH378227","3749686","3749973","38","166679052"
"chr6","171061741","171062024","JH378137","5445816","5446095","40","165615925"
"chr6","175670059","175670366","JH378106","70219640","70219948","43","105450419"
"chr6","177112144","177112446","JH378156","7076545","7076843","42","170035599"
"chr6","178368765","178369057","JH378151","9107602","9107893","45","169261163"
"chr6","179127849","179128158","JH378106","38114191","38114487","54","141013658"
"chr6","179329683","179329962","JH378145","14148161","14148440","49","165181522"
"chr6","179547512","179547687","JH378153","6574953","6575126","36","172972559"
"chr7","296599","296900","JH378136","18027573","18027877","37","17730974"
"chr7","1083878","1084177","JH378127","10024758","10025055","41","8940880"
"chr7","1710058","1710354","JH378107","23828191","23828501","58","22118133"
"chr7","2515242","2515443","JH378124","23973083","23973279","46","21457841"
"chr7","3120055","3120338","JH378156","2506195","2506482","53","613860"
"chr7","3802736","3803038","JH378206","6968121","6968417","45","3165385"
"chr7","4014110","4014420","JH378118","11017884","11018188","42","7003774"
"chr7","5293754","5294050","JH378125","4344553","4344853","53","949201"
"chr7","7090730","7090980","JH378122","5525941","5526220","66","1564789"
"chr7","9334849","9334907","JH378125","23362781","23362833","27","14027932"
"chr7","9334948","9335065","JH378116","32303660","32303776","18","22968712"
"chr7","11180785","11181086","JH378125","4344553","4344853","34","6836232"
"chr7","16967621","16967928","JH378136","18027573","18027877","40","1059952"
"chr7","17370644","17370933","JH378117","25647280","25647574","45","8276636"
"chr7","18883776","18884107","JH378227","1195635","1195952","53","17688141"
"chr7","19018963","19019261","JH378156","7076545","7076843","38","11942418"
"chr7","19380551","19380849","JH378131","22567728","22568021","40","3187177"
"chr7","20158509","20158797","JH378223","6194371","6194661","46","13964138"
"chr7","20277241","20277546","JH378110","34753497","34753807","42","14476256"
"chr7","20793110","20793409","JH378136","18027573","18027877","44","2765537"
"chr7","21714302","21714601","JH378189","5898223","5898514","42","15816079"
"chr7","22707140","22707424","JH378148","3009466","3009760","47","19697674"
"chr7","24577240","24577523","JH378278","2024551","2024836","36","22552689"
"chr7","26134472","26134765","JH378137","17916762","17917051","38","8217710"
"chr7","27007853","27008154","JH378143","3476619","3476922","46","23531234"
"chr7","27022782","27023076","JH378190","1369448","1369736","51","25653334"
"chr7","29075607","29075898","JH378288","1182700","1182983","58","27892907"
"chr7","31148735","31149050","JH378206","2476848","2477135","71","28671887"
"chr7","31778078","31778379","JH378119","5785402","5785706","44","25992676"
"chr7","31885282","31885582","JH378160","9491908","9492202","47","22393374"
"chr7","34721920","34722213","JH378127","10024758","10025055","46","24697162"
"chr7","36990452","36990736","JH378151","9107602","9107893","47","27882850"
"chr7","41530646","41530930","JH378146","6921944","6922227","39","34608702"
"chr7","43284140","43284444","JH378137","3188267","3188563","43","40095873"
"chr7","43286376","43286679","JH378205","1510121","1510420","62","41776255"
"chr7","49428244","49428540","JH378206","3042454","3042750","41","46385790"
"chr7","49865679","49865972","JH378156","7076545","7076843","39","42789134"
"chr7","51173528","51173788","JH378112","34465721","34465992","63","16707807"
"chr7","51176991","51177304","JH378107","46009365","46009670","51","5167626"
"chr7","54962347","54962637","JH378148","3009466","3009760","44","51952881"
"chr7","55327432","55327744","JH378118","33434628","33434936","52","21892804"
"chr7","56068657","56068952","JH378142","2721159","2721460","50","53347498"
"chr7","60264458","60264777","JH378114","25103281","25103591","55","35161177"
"chr7","61141192","61141501","JH378199","5489890","5490197","41","55651302"
"chr7","63055551","63055866","JH378175","386556","386866","46","62668995"
"chr7","63346866","63346960","JH378127","1900995","1901081","40","61445871"
"chr7","63667265","63667502","JH378146","13024712","13024887","87","50642553"
"chr7","63767842","63768112","JH378106","21542793","21543050","82","42225049"
"chr7","64304456","64304754","JH378127","10024758","10025055","37","54279698"
"chr7","64321598","64321895","JH378127","10024758","10025055","40","54296840"
"chr7","64927044","64927360","JH378137","12880677","12880985","48","52046367"
"chr7","67673134","67673423","JH378151","1290971","1291257","39","66382163"
"chr7","67685016","67685322","JH378137","12279217","12279489","70","55405799"
"chr7","69044989","69045280","JH378245","3312448","3312742","36","65732541"
"chr7","69945733","69945998","JH378110","20699280","20699545","43","49246453"
"chr7","71229021","71229317","JH378113","18649350","18649646","46","52579671"
"chr7","71374951","71375231","JH378129","22226033","22226310","42","49148918"
"chr7","78080626","78080905","JH378124","15926514","15926796","48","62154112"
"chr7","80044548","80044845","JH378127","10024758","10025055","35","70019790"
"chr7","82055043","82055344","JH378199","5489890","5490197","50","76565153"
"chr7","82176193","82176495","JH378173","5034027","5034323","51","77142166"
"chr7","82416898","82417067","JH378137","20866036","20866218","36","61550862"
"chr7","82712391","82712739","JH378118","9164013","9164313","101","73548378"
"chr7","87752292","87752582","JH378124","26875011","26875296","45","60877281"
"chr7","92406533","92406817","JH378257","155958","156242","52","92250575"
"chr7","93679298","93679448","JH378141","10807454","10807607","21","82871844"
"chr7","95054722","95055030","JH378145","15857815","15858117","50","79196907"
"chr7","95859262","95859545","JH378148","3009466","3009760","46","92849796"
"chr7","96903909","96904218","JH378169","11824133","11824434","47","85079776"
"chr7","96972685","96972989","JH378190","1325792","1326096","45","95646893"
"chr7","97708014","97708293","JH378189","9293102","9293377","48","88414912"
"chr7","99273894","99274167","JH378169","2128596","2128880","55","97145298"
"chr7","100567789","100568093","JH378342","67187","67491","41","100500602"
"chr7","100690755","100691045","JH378148","3009466","3009760","47","97681289"
"chr7","101401774","101402051","JH378137","17916762","17917051","53","83485012"
"chr7","101607476","101607773","JH378108","50208845","50209139","51","51398631"
"chr7","107031500","107031786","JH378182","4696933","4697238","57","102334567"
"chr7","107902720","107903004","JH378146","6921944","6922227","39","100980776"
"chr7","111829648","111829955","JH378107","46009365","46009670","47","65820283"
"chr7","111943521","111943826","JH378182","4696933","4697238","45","107246588"
"chr7","112054952","112055242","JH378148","12566856","12567148","38","99488096"
"chr7","112076099","112076399","JH378118","9164013","9164313","44","102912086"
"chr7","113762517","113762822","JH378208","513505","513813","43","113249012"
"chr7","114349783","114350086","JH378182","4696933","4697238","39","109652850"
"chr7","114640336","114640659","JH378117","28305531","28305841","46","86334805"
"chr7","114727792","114727959","JH378225","5806449","5806610","46","108921343"
"chr7","114983246","114983420","JH378150","16479013","16479192","25","98504233"
"chr7","115096458","115096741","JH378199","4824226","4824503","40","110272232"
"chr7","117038442","117038752","JH378216","1924829","1925136","38","115113613"
"chr7","120251572","120251828","JH378141","13122265","13122540","58","107129307"
"chr7","125310540","125310839","JH378164","8983183","8983477","40","116327357"
"chr7","126271389","126271673","JH378137","17916762","17917051","45","108354627"
"chr7","126303002","126303282","JH378106","70896573","70896859","48","55406429"
"chr7","126781600","126781706","JH378108","6707317","6707423","18","120074283"
"chr7","129266113","129266274","JH378216","4339434","4339595","23","124926679"
"chr7","129766469","129766791","JH378154","84041","84351","49","129682428"
"chr7","131113872","131114202","JH378116","27615727","27616051","56","103498145"
"chr7","134158020","134158326","JH378169","11824133","11824434","35","122333887"
"chr7","135353038","135353335","JH378124","6602405","6602705","42","128750633"
"chr7","135658572","135658881","JH378174","11112447","11112756","47","124546125"
"chr7","135937856","135938156","JH378227","3749686","3749973","58","132188170"
"chr7","138130635","138130892","JH378110","20699280","20699545","40","117431355"
"chr7","138918321","138918372","JH378108","25093204","25093240","24","113825117"
"chr7","140112402","140112565","JH378188","114626","114783","47","139997776"
"chr7","148250511","148250804","JH378140","1530714","1531009","46","146719797"
"chr7","150652196","150652523","JH378170","7759979","7760296","58","142892217"
"chr7","151538294","151538590","JH378152","12352915","12353201","38","139185379"
"chr7","155598936","155599228","JH378109","11216706","11217003","56","144382230"
"chr7","159283923","159284244","JH378174","11112447","11112756","95","148171476"
"chr7","161148082","161148373","JH378245","2640263","2640532","64","158507819"
"chr7","161309520","161309671","JH378127","18614282","18614439","23","142695238"
"chr7","163123578","163123889","JH378106","48692795","48693105","46","114430783"
"chr7","164298268","164298558","JH378245","3312448","3312742","36","160985820"
"chr7","164834263","164834558","JH378245","3312448","3312742","45","161521815"
"chr7","166182605","166182905","JH378164","2806253","2806554","50","163376352"
"chr7","166305844","166306024","JH378153","5487406","5487588","33","160818438"
"chr8","2001358","2001666","JH378107","46009365","46009670","42","44008007"
"chr8","2588247","2588551","JH378129","7783178","7783478","52","5194931"
"chr8","4040142","4040451","JH378132","22555890","22556195","60","18515748"
"chr8","7931674","7931956","JH378147","15650003","15650291","48","7718329"
"chr8","8986892","8987172","JH378148","3009466","3009760","52","5977426"
"chr8","10382383","10382549","JH378163","8328457","8328624","24","2053926"
"chr8","10825087","10825134","JH378213","5190098","5190153","16","5634989"
"chr8","11786174","11786478","JH378163","2615368","2615665","51","9170806"
"chr8","15138340","15138639","JH378150","241281","241578","38","14897059"
"chr8","16826829","16827107","JH378106","70896573","70896859","45","54069744"
"chr8","17055783","17056062","JH378113","18649350","18649646","54","1593567"
"chr8","19531742","19532046","JH378107","46009365","46009670","35","26477623"
"chr8","19625156","19625472","JH378152","15953207","15953516","58","3671949"
"chr8","23718048","23718345","JH378245","3312448","3312742","33","20405600"
"chr8","25031725","25031903","JH378137","20866036","20866218","37","4165689"
"chr8","27744330","27744643","JH378162","23612","23922","47","27720718"
"chr8","31082655","31082853","JH378303","1359446","1359651","27","29723209"
"chr8","32846723","32847025","JH378106","58660565","58660863","41","25813842"
"chr8","38727707","38727903","JH378184","7337357","7337550","36","31390350"
"chr8","39511607","39511884","JH378195","2842417","2842689","46","36669190"
"chr8","42082896","42083192","JH378119","21729384","21729670","47","20353512"
"chr8","42165157","42165475","JH378116","27615727","27616051","51","14549430"
"chr8","42249308","42249620","JH378124","6602405","6602705","52","35646903"
"chr8","43279934","43280262","JH378110","20343307","20343641","54","22936627"
"chr8","44227530","44227839","JH378137","1949849","1950158","36","42277681"
"chr8","44613052","44613338","JH378109","48876313","48876597","67","4263261"
"chr8","44614563","44614844","JH378257","155958","156242","55","44458605"
"chr8","44617098","44617409","JH378245","3312448","3312742","60","41304650"
"chr8","45558638","45558930","JH378148","3009466","3009760","38","42549172"
"chr8","50472734","50473030","JH378223","38539","38830","59","50434195"
"chr8","51739225","51739393","JH378216","4339434","4339595","25","47399791"
"chr8","52217638","52217811","JH378194","3698567","3698741","31","48519071"
"chr8","56069118","56069410","JH378146","17525689","17525983","45","38543429"
"chr8","58576079","58576370","JH378131","18580170","18580458","63","39995909"
"chr8","64713193","64713506","JH378152","15953207","15953516","48","48759986"
"chr8","68071500","68071789","JH378148","3009466","3009760","41","65062034"
"chr8","68810135","68810308","JH378124","5290980","5291152","30","63519155"
"chr8","71803588","71803873","JH378127","10024758","10025055","49","61778830"
"chr8","71860978","71861267","JH378123","14223567","14223865","48","57637411"
"chr8","72158343","72158585","JH378114","20985078","20985319","38","51173265"
"chr8","75151690","75152000","JH378107","46009365","46009670","48","29142325"
"chr8","78678769","78679081","JH378187","8721059","8721370","39","69957710"
"chr8","80658279","80658570","JH378148","3009466","3009760","40","77648813"
"chr8","83379899","83380193","JH378148","3009466","3009760","47","80370433"
"chr8","92728303","92728596","JH378128","24901658","24901954","49","67826645"
"chr8","92953249","92953555","JH378107","46009365","46009670","40","46943884"
"chr8","93047715","93048006","JH378257","294971","295263","46","92752744"
"chr8","93215152","93215421","JH378141","13122265","13122540","33","80092887"
"chr8","95435844","95436151","JH378107","46009365","46009670","37","49426479"
"chr8","97799582","97799892","JH378137","1949849","1950158","44","95849733"
"chr8","100183839","100184155","JH378230","2697043","2697360","47","97486796"
"chr8","106466771","106467076","JH378132","22555890","22556195","44","83910881"
"chr8","108155092","108155385","JH378110","13883859","13884149","48","94271233"
"chr8","116962575","116962867","JH378148","3009466","3009760","36","113953109"
"chr8","119039282","119039578","JH378257","2394286","2394581","45","116644996"
"chr8","119277050","119277345","JH378206","6968121","6968417","38","112308929"
"chr8","124279264","124279436","JH378115","28839239","28839413","30","95440025"
"chr8","124618973","124619252","JH378139","11449482","11449749","52","113169491"
"chr8","125271004","125271306","JH378106","58660565","58660863","51","66610439"
"chr8","132371371","132371543","JH378107","29908761","29908940","52","102462610"
"chr8","133951651","133951968","JH378199","5489890","5490197","49","128461761"
"chr8","137755115","137755399","JH378239","4840763","4841048","44","132914352"
"chr8","139846972","139847155","JH378123","12803625","12803809","26","127043347"
"chr8","143594747","143595038","JH378148","3009466","3009760","40","140585281"
"chr9","2396119","2396418","JH378132","22555890","22556195","44","20159771"
"chr9","2809892","2810079","JH378111","22049650","22049841","39","19239758"
"chr9","2909685","2909859","JH378299","567278","567423","56","2342407"
"chr9","5625954","5626188","JH378145","7037822","7038056","37","1411868"
"chr9","6262708","6263009","JH378106","58660565","58660863","43","52397857"
"chr9","9263600","9263900","JH378165","12389091","12389397","50","3125491"
"chr9","12339312","12339609","JH378245","3312448","3312742","43","9026864"
"chr9","12961249","12961555","JH378199","5489890","5490197","44","7471359"
"chr9","12985243","12985522","JH378152","11710870","11711149","47","1274373"
"chr9","14844978","14845127","JH378115","2961797","2961958","49","11883181"
"chr9","15521429","15521736","JH378169","11824133","11824434","48","3697296"
"chr9","15969747","15970034","JH378169","2128596","2128880","53","13841151"
"chr9","17166879","17167171","JH378148","3009466","3009760","42","14157413"
"chr9","17348252","17348522","JH378120","16339076","16339352","46","1009176"
"chr9","19651497","19651817","JH378205","408088","408412","47","19243409"
"chr9","21638080","21638390","JH378201","3287246","3287553","51","18350834"
"chr9","24797325","24797618","JH378245","3312448","3312742","37","21484877"
"chr9","28875848","28876127","JH378151","5590079","5590358","31","23285769"
"chr9","29208748","29209030","JH378190","1369448","1369736","46","27839300"
"chr9","33931838","33932148","JH378125","2068457","2068768","52","31863381"
"chr9","35503731","35504041","JH378190","1325792","1326096","47","34177939"
"chr9","38580064","38580349","JH378148","3009466","3009760","46","35570598"
"chr9","41400363","41400556","JH378184","7337357","7337550","24","34063006"
"chr9","42782894","42783062","JH378153","6574953","6575126","37","36207941"
"chr9","43873730","43873832","JH378220","5577714","5577817","23","38296016"
"chr9","43874143","43874274","JH378113","4416646","4416776","15","39457497"
"chr9","44585409","44585701","JH378119","27398979","27399261","52","17186430"
"chr9","45348501","45348719","JH378115","15568332","15568546","41","29780169"
"chr9","48173336","48173648","JH378209","3195862","3196167","47","44977474"
"chr9","48381065","48381264","JH378156","11265928","11266128","33","37115137"
"chr9","52628043","52628340","JH378118","11017884","11018188","41","41610159"
"chr9","54430571","54430884","JH378257","294971","295263","68","54135600"
"chr9","54803188","54803511","JH378137","12880677","12880985","60","41922511"
"chr9","58201659","58201957","JH378261","2905026","2905326","43","55296633"
"chr9","58393121","58393418","JH378156","7076545","7076843","49","51316576"
"chr9","59635053","59635340","JH378227","3749686","3749973","39","55885367"
"chr9","59679169","59679463","JH378245","3312448","3312742","78","56366721"
"chr9","59769685","59769951","JH378300","1082016","1082293","82","58687669"
"chr9","60682879","60683153","JH378151","5590079","5590358","41","55092800"
"chr9","61064384","61064705","JH378170","7759979","7760296","51","53304405"
"chr9","63645790","63646120","JH378136","18027573","18027877","79","45618217"
"chr9","64201595","64201883","JH378110","13883859","13884149","58","50317736"
"chr9","64205470","64205765","JH378148","12566856","12567148","37","51638614"
"chr9","65383374","65383673","JH378231","5711075","5711379","37","59672299"
"chr9","65590663","65590796","JH378117","5782434","5782568","27","59808229"
"chr9","67790767","67791064","JH378109","48876313","48876597","50","18914454"
"chr9","71939824","71940132","JH378106","12647150","12647453","47","59292674"
"chr9","72069888","72070159","JH378139","4978818","4979087","46","67091070"
"chr9","72791143","72791452","JH378201","3287246","3287553","45","69503897"
"chr9","73095019","73095327","JH378177","6728161","6728473","44","66366858"
"chr9","73560009","73560254","JH378221","1227057","1227311","53","72332952"
"chr9","76579026","76579209","JH378179","1282549","1282728","33","75296477"
"chr9","79744250","79744439","JH378137","4604383","4604572","31","75139867"
"chr9","83978138","83978429","JH378245","3312448","3312742","38","80665690"
"chr9","84509559","84509856","JH378127","10024758","10025055","38","74484801"
"chr9","88295049","88295343","JH378117","25647280","25647574","44","62647769"
"chr9","88326062","88326335","JH378129","22226033","22226310","42","66100029"
"chr9","92373053","92373337","JH378217","248242","248529","45","92124811"
"chr9","92507821","92508053","JH378151","9531562","9531791","41","82976259"
"chr9","92977790","92978086","JH378125","4344553","4344853","49","88633237"
"chr9","93066152","93066442","JH378201","3474489","3474770","47","89591663"
"chr9","93196359","93196673","JH378187","8721059","8721370","48","84475300"
"chr9","94813783","94814080","JH378145","10634547","10634848","41","84179236"
"chr9","97209797","97210107","JH378199","5489890","5490197","44","91719907"
"chr9","97877146","97877433","JH378143","18236239","18236524","36","79640907"
"chr9","98105696","98105990","JH378291","72729","73019","43","98032967"
"chr9","99139840","99140119","JH378137","5445816","5446095","43","93694024"
"chr9","104742044","104742349","JH378116","37374956","37375255","56","67367088"
"chr9","105869121","105869242","JH378131","12820060","12820177","32","93049061"
"chr9","105939590","105939748","JH378154","14397739","14397874","52","91541851"
"chr9","106703089","106703410","JH378322","329261","329580","46","106373828"
"chr9","107931711","107932020","JH378107","46009365","46009670","42","61922346"
"chr9","110458188","110458465","JH378300","1082016","1082293","42","109376172"
"chr9","115604536","115604839","JH378136","18027573","18027877","45","97576963"
"chr9","115710354","115710664","JH378190","1325792","1326096","43","114384562"
"chr9","116958558","116958830","JH378223","38539","38830","57","116920019"
"chr9","118060337","118060521","JH378238","629497","629692","53","117430840"
"chr9","118060554","118060669","JH378118","14773448","14773561","28","103287106"
"chr9","121378310","121378631","JH378107","46009365","46009670","52","75368945"
"chr9","121800981","121801230","JH378130","11368815","11369072","46","110432166"
"chr9","124420671","124420978","JH378106","70219640","70219948","41","54201031"
"chr9","127338524","127338795","JH378195","2842417","2842689","43","124496107"
"chrX","569844","570198","JH378203","368294","368581","126","201550"
"chrX","718017","718201","JH378156","10547885","10548076","59","9829868"
"chrX","1082335","1082617","JH378109","48876313","48876597","65","47793978"
"chrX","1112452","1112658","JH378137","4604383","4604572","69","3491931"
"chrX","7577752","7578030","JH378129","22226033","22226310","44","14648281"
"chrX","7810229","7810543","JH378107","46009365","46009670","45","38199136"
"chrX","12657082","12657381","JH378205","1510121","1510420","37","11146961"
"chrX","14343636","14343823","JH378184","7337357","7337550","35","7006279"
"chrX","16013419","16013735","JH378110","13883859","13884149","83","2129560"
"chrX","16040765","16041076","JH378201","3287246","3287553","40","12753519"
"chrX","19239010","19239289","JH378155","8083235","8083516","53","11155775"
"chrX","22534038","22534329","JH378223","6194371","6194661","42","16339667"
"chrX","22765226","22765521","JH378206","3042454","3042750","36","19722772"
"chrX","28746610","28746911","JH378129","7783178","7783478","48","20963432"
"chrX","30396923","30397202","JH378115","14011025","14011306","42","16385898"
"chrX","31519649","31519937","JH378134","20911825","20912116","37","10607824"
"chrX","34489910","34490191","JH378143","18236239","18236524","46","16253671"
"chrX","34870982","34871288","JH378107","46009365","46009670","47","11138383"
"chrX","35732717","35733005","JH378148","3009466","3009760","44","32723251"
"chrX","36936508","36936754","JH378221","1227057","1227311","51","35709451"
"chrX","37206290","37206536","JH378221","1227057","1227311","51","35979233"
"chrX","38590386","38590644","JH378303","460856","461111","61","38129530"
"chrX","40818042","40818239","JH378288","2223220","2223408","35","38594822"
"chrX","40818550","40818662","JH378379","4513","4625","18","40814037"
"chrX","41015315","41015497","JH378150","16479013","16479192","25","24536302"
"chrX","41467639","41467949","JH378125","2068457","2068768","44","39399182"
"chrX","42164293","42164588","JH378245","3312448","3312742","47","38851845"
"chrX","44946505","44946809","JH378182","4696933","4697238","45","40249572"
"chrX","45400477","45400784","JH378107","46009365","46009670","45","608888"
"chrX","48200135","48200421","JH378227","3749686","3749973","41","44450449"
"chrX","51532537","51532853","JH378140","10053806","10054116","55","41478731"
"chrX","52490882","52491182","JH378205","1510121","1510420","39","50980761"
"chrX","53149204","53149372","JH378123","21150681","21150831","49","31998523"
"chrX","53468025","53468328","JH378197","3767028","3767327","42","49700997"
"chrX","64299878","64300088","JH378105","19275442","19275650","45","45024436"
"chrX","65384981","65385280","JH378245","460840","461137","45","64924141"
"chrX","66052889","66053195","JH378342","67187","67491","47","65985702"
"chrX","71612348","71612665","JH378187","8721059","8721370","45","62891289"
"chrX","74157354","74157651","JH378206","3042454","3042750","36","71114900"
"chrX","77347233","77347323","JH378118","33459072","33459162","25","43888161"
"chrX","88970619","88970831","JH378199","611617","611819","85","88359002"
"chrX","90256342","90256612","JH378139","4978818","4979087","48","85277524"
"chrX","91199701","91200008","JH378169","11824133","11824434","39","79375568"
"chrX","96758777","96759012","JH378167","1129351","1129594","37","95629426"
"chrX","98424300","98424600","JH378110","29978642","29978937","43","68445658"
"chrX","111888491","111888689","JH378146","13024712","13024887","53","98863779"
"chrX","113146604","113146886","JH378148","12566856","12567148","56","100579748"
"chrX","113225758","113226034","JH378129","22226033","22226310","45","90999725"
"chrX","123142091","123142397","JH378148","3009466","3009760","50","120132625"
"chrX","126253735","126254037","JH378118","9164013","9164313","40","117089722"
"chrX","127439896","127440219","JH378316","958682","959016","54","126481214"
"chrX","127617363","127617521","JH378153","15964977","15965150","31","111652386"
"chrX","127985317","127985502","JH378150","16479013","16479192","27","111506304"
"chrX","132239677","132239883","JH378282","2787430","2787634","32","129452247"
"chrX","134003727","134004024","JH378123","21576066","21576366","37","112427661"
"chrX","147454704","147455007","JH378148","3009466","3009760","56","144445238"
"chrY","407291","407410","JH378118","14773448","14773561","19","14366157"
"chrY","407470","407621","JH378188","114626","114783","29","292844"
"chrY","407676","407686","JH378272","2083837","2083868","22","1676161"
"chrY","520694","520959","JH378133","19659852","19660116","46","19139158"
"chrY","5551985","5552288","JH378201","3287246","3287553","46","2264739"
"chrY","10146731","10147022","JH378164","8983183","8983477","58","1163548"
"chrY","10568514","10568800","JH378106","38114191","38114487","76","27545677"
"chr10","84934637","84934768","JH378134","22413773","22413898","22","62520864"
"chr10","468981","469240","JH378248","1065445","1065664","85","596464"
"chr10","3511276","3511556","JH378151","5590079","5590358","47","2078803"
"chr10","7008363","7008672","JH378169","11824133","11824434","42","4815770"
"chr10","9696354","9696557","JH378288","2223220","2223408","50","7473134"
"chr10","11583557","11583848","JH378206","2476848","2477135","40","9106709"
"chr10","12468356","12468637","JH378162","14916397","14916692","53","2448041"
"chr10","12785699","12786002","JH378137","4716291","4716586","45","8069408"
"chr10","14641835","14642138","JH378145","12963180","12963482","48","1678655"
"chr10","14843716","14844009","JH378190","1325792","1326096","52","13517924"
"chr10","15297343","15297638","JH378129","7783178","7783478","42","7514165"
"chr10","15407027","15407317","JH378190","1369448","1369736","65","14037579"
"chr10","15420779","15421067","JH378151","9107602","9107893","44","6313177"
"chr10","17315399","17315671","JH378322","644589","644866","52","16670810"
"chr10","19556841","19557134","JH378114","19068127","19068419","47","488714"
"chr10","19814106","19814288","JH378153","2286322","2286477","72","17527784"
"chr10","20110333","20110629","JH378165","4452928","4453221","56","15657405"
"chr10","22510189","22510444","JH378140","14368734","14368986","48","8141455"
"chr10","22958399","22958660","JH378185","920965","921227","44","22037434"
"chr10","25049253","25049534","JH378137","4540196","4540479","52","20509057"
"chr10","27313082","27313236","JH378124","5290980","5291152","36","22022102"
"chr10","27365562","27365856","JH378240","1530960","1531261","43","25834602"
"chr10","28527107","28527286","JH378150","16479013","16479192","27","12048094"
"chr10","28538004","28538271","JH378195","2842417","2842689","45","25695587"
"chr10","28938618","28938900","JH378106","70896573","70896859","39","41957955"
"chr10","29198309","29198602","JH378148","3009466","3009760","40","26188843"
"chr10","29841588","29841834","JH378114","20985078","20985319","58","8856510"
"chr10","30702562","30702758","JH378115","31351021","31351219","40","648459"
"chr10","30725479","30725669","JH378156","11265928","11266128","39","19459551"
"chr10","31038463","31038783","JH378201","3287246","3287553","51","27751217"
"chr10","31236111","31236406","JH378121","22655093","22655368","55","8581018"
"chr10","32378580","32378735","JH378127","18614282","18614439","26","13764298"
"chr10","32442703","32442975","JH378149","8670852","8671127","51","23771851"
"chr10","32872618","32872927","JH378107","6442176","6442480","53","26430442"
"chr10","33101172","33101479","JH378151","1318098","1318398","45","31783074"
"chr10","36678727","36679033","JH378107","46009365","46009670","44","9330638"
"chr10","45538177","45538447","JH378322","644589","644866","51","44893588"
"chr10","46627420","46627685","JH378135","1397577","1397847","67","45229843"
"chr10","47558204","47558497","JH378148","3009466","3009760","42","44548738"
"chr10","47589592","47589886","JH378127","10024758","10025055","40","37564834"
"chr10","49754318","49754609","JH378142","2721159","2721460","58","47033159"
"chr10","59619668","59619980","JH378285","2061961","2062272","45","57557707"
"chr10","59962866","59963177","JH378108","38566905","38567200","65","21395961"
"chr10","60870797","60871101","JH378137","1949849","1950158","51","58920948"
"chr10","64191420","64191708","JH378119","21729384","21729670","53","42462036"
"chr10","66772642","66772943","JH378125","4344553","4344853","58","62428089"
"chr10","67185475","67185658","JH378150","16479013","16479192","33","50706462"
"chr10","70609728","70610003","JH378300","522382","522652","54","70087346"
"chr10","70610655","70610967","JH378119","6050976","6051277","52","64559679"
"chr10","70916043","70916339","JH378245","3312448","3312742","44","67603595"
"chr10","71440342","71440642","JH378173","5034027","5034323","43","66406315"
"chr10","73343536","73343838","JH378166","2226392","2226694","43","71117144"
"chr10","73522030","73522243","JH378198","1738697","1738911","37","71783333"
"chr10","73671514","73671826","JH378135","21763200","21763501","49","51908314"
"chr10","74838283","74838579","JH378109","48876313","48876597","55","25961970"
"chr10","76609079","76609389","JH378114","25103281","25103591","48","51505798"
"chr10","78035142","78035302","JH378216","4339434","4339595","23","73695708"
"chr10","78849835","78849967","JH378113","4416646","4416776","23","74433189"
"chr10","78850280","78850452","JH378143","8005253","8005418","43","70845027"
"chr10","80174636","80174813","JH378150","16479013","16479192","27","63695623"
"chr10","80299587","80299895","JH378137","12880677","12880985","38","67418910"
"chr10","81086556","81086711","JH378216","4339434","4339595","32","76747122"
"chr10","82282741","82283047","JH378137","1949849","1950158","40","80332892"
"chr10","82424490","82424783","JH378148","3009466","3009760","38","79415024"
"chr10","82677282","82677546","JH378300","1082016","1082293","79","81595266"
"chr10","83528002","83528301","JH378249","3737189","3737485","41","79790813"
"chr10","83541987","83542269","JH378239","4840763","4841048","44","78701224"
"chr10","84074618","84074776","JH378176","736948","737109","33","83337670"
"chr10","84075087","84075219","JH378108","53116920","53117050","17","30958167"
"chr10","84354654","84354910","JH378269","313424","313699","61","84041230"
"chr10","84636591","84636890","JH378127","10024758","10025055","42","74611833"
"chr10","84685232","84685536","JH378125","4344553","4344853","49","80340679"
"chr10","84935073","84935247","JH378194","3698567","3698741","23","81236506"
"chr10","86792626","86792923","JH378129","7783178","7783478","33","79009448"
"chr10","86825406","86825701","JH378165","4452928","4453221","42","82372478"
"chr10","86956212","86956509","JH378245","3312448","3312742","69","83643764"
"chr10","87422112","87422286","JH378115","28839239","28839413","39","58582873"
"chr10","87757298","87757611","JH378245","3312448","3312742","58","84444850"
"chr10","89066107","89066414","JH378201","3287246","3287553","43","85778861"
"chr10","90161612","90161918","JH378137","12880677","12880985","45","77280935"
"chr11","6399094","6399383","JH378197","3767028","3767327","40","2632066"
"chr11","7319886","7320191","JH378137","12880677","12880985","37","5560791"
"chr11","7890416","7890711","JH378113","18649350","18649646","44","10758934"
"chr11","12705964","12706250","JH378247","2906255","2906518","99","9799709"
"chr11","12796953","12797254","JH378120","4029777","4030079","36","8767176"
"chr11","13099153","13099479","JH378116","27615727","27616051","53","14516574"
"chr11","13236176","13236367","JH378115","31351021","31351219","30","18114845"
"chr11","14947068","14947360","JH378189","5898223","5898514","39","9048845"
"chr11","19126797","19127091","JH378148","3009466","3009760","39","16117331"
"chr11","20013795","20014078","JH378127","10024758","10025055","41","9989037"
"chr11","20712218","20712519","JH378163","2131797","2132101","49","18580421"
"chr11","22558896","22559221","JH378125","2068457","2068768","59","20490439"
"chr11","24826677","24826983","JH378154","13283527","13283831","65","11543150"
"chr11","26627131","26627450","JH378152","15953207","15953516","54","10673924"
"chr11","27237353","27237631","JH378195","2842417","2842689","46","24394936"
"chr11","27535108","27535401","JH378205","1510121","1510420","43","26024987"
"chr11","32028833","32029131","JH378105","47941022","47941314","48","15912189"
"chr11","32958428","32958722","JH378136","9599015","9599310","39","23359413"
"chr11","33459365","33459574","JH378288","2223220","2223408","48","31236145"
"chr11","37942599","37942870","JH378149","8670852","8671127","50","29271747"
"chr11","37987780","37988075","JH378151","9107602","9107893","33","28880178"
"chr11","38043700","38044010","JH378342","67187","67491","51","37976513"
"chr11","40190381","40190665","JH378199","3403770","3404056","49","36786611"
"chr11","46679777","46680076","JH378169","11824133","11824434","42","34855644"
"chr11","47263042","47263322","JH378151","5590079","5590358","39","41672963"
"chr11","47771833","47772117","JH378127","7774823","7775126","68","39997010"
"chr11","48042727","48043031","JH378119","33571947","33572247","46","14470780"
"chr11","49313004","49313304","JH378120","4029777","4030079","45","45283227"
"chr11","49342056","49342312","JH378114","20985078","20985319","54","28356978"
"chr11","49345728","49346034","JH378152","15953207","15953516","48","33392521"
"chr11","49422738","49423018","JH378118","6053772","6054053","46","43368966"
"chr11","53012421","53012726","JH378146","9569570","9569873","45","43442851"
"chr11","54513966","54514241","JH378119","86732","87007","51","54427234"
"chr11","54682559","54682869","JH378107","46009365","46009670","43","8673194"
"chr11","54834181","54834481","JH378106","12647150","12647453","47","42187031"
"chr11","58828531","58828808","JH378195","2842417","2842689","45","55986114"
"chr11","60476449","60476750","JH378169","11824133","11824434","57","48652316"
"chr11","60862700","60862974","JH378129","22226033","22226310","41","38636667"
"chr11","63121517","63121822","JH378138","4975201","4975508","47","58146316"
"chr11","63446956","63447163","JH378169","2681520","2681711","62","60765436"
"chr11","63959280","63959598","JH378187","8721059","8721370","44","55238221"
"chr11","70498188","70498443","JH378245","2640263","2640532","47","67857925"
"chr11","81667304","81667595","JH378148","3009466","3009760","39","78657838"
"chr11","81684488","81684791","JH378119","5785402","5785706","52","75899086"
"chr11","92693910","92694206","JH378124","6602405","6602705","49","86091505"
"chr11","95922561","95922818","JH378205","3491925","3492172","55","92430636"
"chr11","96147740","96148032","JH378146","17525689","17525983","45","78622051"
"chr11","96355255","96355448","JH378156","10547885","10548076","21","85807370"
"chr11","98436948","98437115","JH378163","8328457","8328624","31","90108491"
"chr11","100159532","100159826","JH378148","3009466","3009760","38","97150066"
"chr11","103388603","103388928","JH378190","1325792","1326096","62","102062811"
"chr11","104112870","104112926","JH378177","2470209","2470260","29","101642661"
"chr11","106296841","106297134","JH378206","6968121","6968417","43","99328720"
"chr11","108675438","108675751","JH378116","37015132","37015441","64","71660306"
"chr11","109861545","109861841","JH378165","4452928","4453221","42","105408617"
"chr11","110538846","110539132","JH378119","21729384","21729670","44","88809462"
"chr11","113409804","113409945","JH378114","30341399","30341543","27","83068405"
"chr11","115711137","115711432","JH378148","3009466","3009760","40","112701671"
"chr11","118333676","118333987","JH378137","12880677","12880985","49","105452999"
"chr11","118847252","118847564","JH378128","23696279","23696582","46","95150973"
"chr11","119743779","119744051","JH378177","3710536","3710807","47","116033243"
"chr11","120676941","120677221","JH378190","1369448","1369736","47","119307493"
"chr11","121723378","121723681","JH378107","23828191","23828501","49","97895187"
"chr11","121738898","121739189","JH378110","6448504","6448791","44","115290394"
"chr11","121918839","121919152","JH378137","1949849","1950158","51","119968990"
"chr11","121948252","121948349","JH378197","7261714","7261806","16","114686538"
"chr11","121948661","121948870","JH378282","2787430","2787634","58","119161231"
"chr11","121978904","121979202","JH378137","1949849","1950158","46","120029055"
"chr11","122030205","122030505","JH378124","6602405","6602705","41","115427800"
"chr11","122424110","122424382","JH378151","1290971","1291257","50","121133139"
"chr11","122776437","122776749","JH378169","11824133","11824434","52","110952304"
"chr11","123448002","123448312","JH378209","262934","263230","46","123185068"
"chr11","129233483","129233787","JH378107","46009365","46009670","39","83224118"
"chr11","129482533","129482718","JH378194","3698567","3698741","32","125783966"
"chr11","130089631","130089918","JH378206","2476848","2477135","39","127612783"
"chr11","130236781","130237081","JH378245","3312448","3312742","44","126924333"
"chr11","132189445","132189741","JH378137","17916762","17917051","38","114272683"
"chr11","133461191","133461480","JH378177","11151879","11152168","43","122309312"
"chr12","1681689","1681997","JH378136","18027573","18027877","49","16345884"
"chr12","2653317","2653603","JH378112","33518148","33518439","46","30864831"
"chr12","2661752","2662035","JH378223","38539","38830","52","2623213"
"chr12","3912456","3912766","JH378137","12880677","12880985","43","8968221"
"chr12","6465257","6465557","JH378107","3274339","3274641","43","3190918"
"chr12","9936732","9937029","JH378136","9599015","9599310","39","337717"
"chr12","10210521","10210826","JH378120","4029777","4030079","44","6180744"
"chr12","11124866","11125022","JH378176","736948","737109","40","10387918"
"chr12","11125289","11125304","JH378272","2083837","2083868","18","9041452"
"chr12","15230895","15231077","JH378179","1282549","1282728","33","13948346"
"chr12","16952795","16953098","JH378169","11824133","11824434","42","5128662"
"chr12","28073843","28074148","JH378107","3274339","3274641","56","24799504"
"chr12","28139075","28139393","JH378201","3287246","3287553","54","24851829"
"chr12","37841970","37842141","JH378115","17666853","17667025","30","20175117"
"chr12","39199222","39199496","JH378269","220588","220870","49","38978634"
"chr12","41208968","41209267","JH378245","3312448","3312742","50","37896520"
"chr12","45254195","45254508","JH378107","46009365","46009670","48","755170"
"chr12","47709485","47709747","JH378108","20464703","20464956","53","27244782"
"chr12","49846359","49846643","JH378119","21729384","21729670","44","28116975"
"chr12","50798541","50798851","JH378145","10634547","10634848","49","40163994"
"chr12","53113613","53113904","JH378162","14916397","14916692","42","38197216"
"chr12","58854797","58855105","JH378143","3476619","3476922","44","55378178"
"chr12","59183029","59183336","JH378118","33434628","33434936","37","25748401"
"chr12","61104310","61104603","JH378154","13283527","13283831","56","47820783"
"chr12","61989702","61990001","JH378150","241281","241578","46","61748421"
"chr12","62080516","62080806","JH378160","9491908","9492202","40","52588608"
"chr12","64291180","64291502","JH378197","7162474","7162772","75","57128706"
"chr12","70127556","70127852","JH378107","6442176","6442480","47","63685380"
"chr12","75500733","75501034","JH378123","14223567","14223865","39","61277166"
"chr12","77248779","77249043","JH378107","6629710","6629970","53","70619069"
"chr12","81429247","81429541","JH378113","18649350","18649646","38","62779897"
"chr12","82545800","82545922","JH378182","2239318","2239435","32","80306482"
"chr12","83650530","83650830","JH378132","22555890","22556195","52","61094640"
"chr12","84200537","84200669","JH378126","6705417","6705544","29","77495120"
"chr12","85239606","85239822","JH378288","2223220","2223408","65","83016386"
"chr12","85255310","85255499","JH378184","7337357","7337550","24","77917953"
"chr12","85599108","85599336","JH378310","1414787","1414994","62","84184321"
"chr12","88292748","88293056","JH378127","13837233","13837537","43","74455515"
"chr12","89613183","89613494","JH378115","41997612","41997916","45","47615571"
"chr12","96801422","96801728","JH378175","386556","386866","44","96414866"
"chr12","100606729","100607022","JH378162","14916397","14916692","49","85690332"
"chr12","100965837","100966131","JH378119","1423786","1424080","40","99542051"
"chr12","101262996","101263303","JH378107","46009365","46009670","43","55253631"
"chr12","101325621","101325921","JH378149","10116423","10116716","44","91209198"
"chr12","101388737","101389055","JH378227","1195635","1195952","59","100193102"
"chr12","106016414","106016731","JH378170","7759979","7760296","55","98256435"
"chr12","106693276","106693584","JH378129","7783178","7783478","84","98910098"
"chr12","111452777","111452937","JH378127","18614282","18614439","28","92838495"
"chr12","112407471","112407777","JH378127","10024758","10025055","71","102382713"
"chr12","114054159","114054417","JH378140","14368734","14368986","46","99685425"
"chr12","115413948","115413993","JH378125","23362781","23362833","18","92051167"
"chr12","117684038","117684350","JH378117","28305531","28305841","51","89378507"
"chr12","123597198","123597506","JH378217","4720925","4721235","51","118876273"
"chr12","124701480","124701639","JH378225","5806449","5806610","22","118895031"
"chr13","8690911","8691200","JH378227","3749686","3749973","42","4941225"
"chr13","9591296","9591593","JH378113","18649350","18649646","38","9058054"
"chr13","10724024","10724304","JH378119","86732","87007","43","10637292"
"chr13","11165740","11166037","JH378245","3312448","3312742","38","7853292"
"chr13","14262779","14263058","JH378137","5445816","5446095","45","8816963"
"chr13","19984312","19984628","JH378108","50208845","50209139","64","30224533"
"chr13","25931010","25931304","JH378245","3312448","3312742","29","22618562"
"chr13","26037691","26038000","JH378137","12880677","12880985","47","13157014"
"chr13","26245551","26245836","JH378151","1290971","1291257","43","24954580"
"chr13","29183642","29183938","JH378119","1423786","1424080","44","27759856"
"chr13","33488304","33488472","JH378163","8328457","8328624","26","25159847"
"chr13","33774919","33775229","JH378125","2068457","2068768","48","31706462"
"chr13","34348187","34348473","JH378300","1082016","1082293","50","33266171"
"chr13","35069414","35069747","JH378116","27615727","27616051","60","7453687"
"chr13","37176053","37176273","JH378115","15568332","15568546","33","21607721"
"chr13","37501040","37501327","JH378206","2476848","2477135","34","35024192"
"chr13","39040939","39041127","JH378137","14938447","14938649","38","24102492"
"chr13","39127394","39127682","JH378240","5090830","5091124","46","34036564"
"chr13","39607289","39607591","JH378245","3312448","3312742","46","36294841"
"chr13","39709209","39709512","JH378146","9569570","9569873","42","30139639"
"chr13","44688453","44688748","JH378293","1785914","1786205","58","42902539"
"chr13","44903678","44903979","JH378107","46009365","46009670","42","1105687"
"chr13","46447039","46447343","JH378151","9444997","9445298","49","37002042"
"chr13","48552946","48553022","JH378106","53005740","53005813","29","4452794"
"chr13","48656404","48656686","JH378227","3749686","3749973","41","44906718"
"chr13","53656320","53656446","JH378207","3947430","3947555","29","49708890"
"chr13","53898801","53899113","JH378146","6921944","6922227","68","46976857"
"chr13","54861286","54861589","JH378115","41997612","41997916","38","12863674"
"chr13","54881427","54881731","JH378145","12963180","12963482","48","41918247"
"chr13","55084858","55085124","JH378245","2640263","2640532","47","52444595"
"chr13","62293955","62294235","JH378151","5590079","5590358","60","56703876"
"chr13","64665508","64665816","JH378137","12880677","12880985","44","51784831"
"chr13","64921787","64922095","JH378291","1968195","1968502","46","62953592"
"chr13","64946796","64947090","JH378107","9067769","9068059","38","55879027"
"chr13","65846486","65846796","JH378137","12880677","12880985","43","52965809"
"chr13","69369234","69369545","JH378187","8721059","8721370","45","60648175"
"chr13","70370893","70371177","JH378151","5590079","5590358","42","64780814"
"chr13","70900284","70900574","JH378245","3312448","3312742","39","67587836"
"chr13","71381963","71382253","JH378127","10024758","10025055","44","61357205"
"chr13","86932558","86932860","JH378143","3476619","3476922","46","83455939"
"chr13","87191694","87191995","JH378112","35747436","35747732","62","51444258"
"chr13","87961526","87961836","JH378107","46009365","46009670","41","41952161"
"chr13","93895526","93895843","JH378342","67187","67491","57","93828339"
"chr13","94524642","94524932","JH378169","11824133","11824434","50","82700509"
"chr13","95848977","95849166","JH378111","22049650","22049841","28","73799327"
"chr13","95867708","95868010","JH378113","18649350","18649646","45","77218358"
"chr13","97040735","97040926","JH378184","7337357","7337550","29","89703378"
"chr13","101572621","101572822","JH378156","11265928","11266128","30","90306693"
"chr13","104666183","104666341","JH378115","28839239","28839413","36","75826944"
"chr14","1373782","1374022","JH378107","16030465","16030713","59","14656683"
"chr14","6118344","6118596","JH378300","522382","522652","63","5595962"
"chr14","6148153","6148448","JH378245","3312448","3312742","37","2835705"
"chr14","6362184","6362481","JH378127","10024758","10025055","38","3662574"
"chr14","6497920","6498156","JH378170","5096192","5096441","52","1401728"
"chr14","7888100","7888400","JH378106","58660565","58660863","44","50772465"
"chr14","8050632","8050914","JH378105","57938733","57939014","47","49888101"
"chr14","8050953","8050986","JH378272","2083837","2083868","20","5967116"
"chr14","11045415","11045712","JH378197","3767028","3767327","42","7278387"
"chr14","11127578","11127871","JH378257","294971","295263","47","10832607"
"chr14","11266341","11266640","JH378143","3476619","3476922","47","7789722"
"chr14","11531564","11531742","JH378127","24591554","24591737","39","13059990"
"chr14","11856899","11857188","JH378148","3009466","3009760","45","8847433"
"chr14","12300280","12300581","JH378118","9164013","9164313","46","3136267"
"chr14","17975477","17975751","JH378300","522382","522652","33","17453095"
"chr14","18395522","18395801","JH378257","2402768","2403039","55","15992754"
"chr14","19334572","19334853","JH378127","10024758","10025055","47","9309814"
"chr14","19444236","19444523","JH378127","10024758","10025055","46","9419478"
"chr14","19508928","19509214","JH378148","3322629","3322913","39","16186299"
"chr14","23510620","23510819","JH378184","7337357","7337550","40","16173263"
"chr14","24251785","24252074","JH378177","11151879","11152168","45","13099906"
"chr14","26504125","26504297","JH378194","3698567","3698741","33","22805558"
"chr14","26504323","26504463","JH378108","17478737","17478871","24","9025586"
"chr14","27187619","27187924","JH378118","9164013","9164313","41","18023606"
"chr14","33266692","33266998","JH378106","70219640","70219948","50","36952948"
"chr14","33433191","33433488","JH378129","7783178","7783478","40","25650013"
"chr14","34663269","34663543","JH378146","331513","331801","66","34331756"
"chr14","38363684","38363987","JH378169","11824133","11824434","48","26539551"
"chr14","41879122","41879389","JH378139","4978818","4979087","51","36900304"
"chr14","47150890","47151169","JH378153","2212277","2212560","43","44938613"
"chr14","47573715","47574025","JH378143","3476619","3476922","46","44097096"
"chr14","47635801","47636096","JH378169","11824133","11824434","46","35811668"
"chr14","47873472","47873778","JH378115","41997612","41997916","44","5875860"
"chr14","49590557","49590686","JH378115","2961797","2961958","50","46628760"
"chr14","50594528","50594830","JH378110","13883859","13884149","39","36710669"
"chr14","51195994","51196290","JH378245","3312448","3312742","40","47883546"
"chr14","55227007","55227308","JH378150","241281","241578","39","54985726"
"chr14","56514022","56514310","JH378148","12566856","12567148","40","43947166"
"chr14","63323498","63323792","JH378123","21576066","21576366","49","41747432"
"chr14","63404684","63405000","JH378125","4344553","4344853","47","59060131"
"chr14","63784463","63784723","JH378185","920965","921227","47","62863498"
"chr14","64722430","64722732","JH378114","33680531","33680827","43","31041899"
"chr14","65248652","65248928","JH378113","3770451","3770739","47","61478201"
"chr14","65760678","65760934","JH378185","920965","921227","54","64839713"
"chr14","65801944","65802250","JH378107","46009365","46009670","39","19792579"
"chr14","67919073","67919385","JH378174","11112447","11112756","47","56806626"
"chr14","70354616","70354911","JH378113","18649350","18649646","45","51705266"
"chr14","72182943","72183251","JH378199","5489890","5490197","47","66693053"
"chr14","75442433","75442730","JH378114","11037461","11037757","53","64404972"
"chr14","82895686","82895989","JH378137","1949849","1950158","54","80945837"
"chr14","88947018","88947305","JH378127","10024758","10025055","47","78922260"
"chr14","88978944","88979212","JH378129","22226033","22226310","50","66752911"
"chr14","91308774","91309071","JH378205","1510121","1510420","43","89798653"
"chr14","92962798","92962960","JH378127","4854841","4855013","47","88107957"
"chr14","93597283","93597557","JH378245","2640263","2640532","50","90957020"
"chr14","93656254","93656435","JH378167","11092398","11092586","30","82563856"
"chr14","94451855","94452059","JH378173","72299","72499","45","94379556"
"chr14","100588626","100588936","JH378206","2430333","2430640","47","98158293"
"chr14","100750135","100750432","JH378240","1530960","1531261","35","99219175"
"chr14","101308556","101308866","JH378245","2025413","2025720","49","99283143"
"chr14","104775545","104775851","JH378107","46009365","46009670","42","58766180"
"chr14","106886930","106887233","JH378119","5785402","5785706","36","101101528"
"chr14","107461201","107461511","JH378165","12389091","12389397","48","95072110"
"chr14","108623085","108623391","JH378149","13536968","13537272","45","95086117"
"chr14","112062176","112062453","JH378119","27398979","27399261","54","84663197"
"chr14","112602960","112603271","JH378107","23828191","23828501","40","88774769"
"chr14","113530801","113531089","JH378151","1290971","1291257","38","112239830"
"chr14","116204815","116204837","JH378108","25093204","25093240","18","91111611"
"chr14","116204876","116205162","JH378206","2476848","2477135","42","113728028"
"chr14","117642589","117642885","JH378164","8983183","8983477","50","108659406"
"chr14","119187682","119187987","JH378106","12647150","12647453","38","106540532"
"chr14","122792514","122792768","JH378106","28970354","28970606","53","93822160"
"chr15","410715","411011","JH378106","58660565","58660863","44","58249850"
"chr15","684338","684648","JH378137","12880677","12880985","45","12196339"
"chr15","3479288","3479584","JH378145","12963180","12963482","54","9483892"
"chr15","4170544","4170741","JH378115","31351021","31351219","33","27180477"
"chr15","4225709","4225994","JH378129","22226033","22226310","55","18000324"
"chr15","4964481","4964615","JH378115","2961797","2961958","49","2002684"
"chr15","5683985","5684276","JH378137","3188267","3188563","47","2495718"
"chr15","7359711","7359998","JH378106","70896573","70896859","43","63536862"
"chr15","7787890","7788199","JH378201","3287246","3287553","42","4500644"
"chr15","8106480","8106814","JH378211","4593785","4594086","87","3512695"
"chr15","8563613","8563913","JH378106","70219640","70219948","50","61656027"
"chr15","8617940","8618223","JH378288","1182700","1182983","40","7435240"
"chr15","9182922","9183213","JH378119","1423786","1424080","43","7759136"
"chr15","9797431","9797736","JH378107","46009365","46009670","46","36211934"
"chr15","10338815","10339122","JH378209","3195862","3196167","49","7142953"
"chr15","12104718","12105022","JH378162","14916397","14916692","48","2811679"
"chr15","13769366","13769639","JH378107","29975141","29975426","54","16205775"
"chr15","13778904","13779214","JH378291","1968195","1968502","45","11810709"
"chr15","14110124","14110288","JH378216","4339434","4339595","23","9770690"
"chr15","15587287","15587595","JH378342","67187","67491","36","15520100"
"chr15","17249137","17249446","JH378107","46009365","46009670","44","28760228"
"chr15","20687875","20688190","JH378137","1949849","1950158","48","18738026"
"chr15","21242057","21242305","JH378221","1227057","1227311","49","20015000"
"chr15","22557247","22557557","JH378209","3195862","3196167","50","19361385"
"chr15","22931449","22931746","JH378151","9107602","9107893","39","13823847"
"chr15","23944676","23944977","JH378127","12764541","12764849","44","11180135"
"chr15","25858124","25858303","JH378163","8328457","8328624","43","17529667"
"chr15","26757348","26757652","JH378120","4029777","4030079","48","22727571"
"chr15","30714966","30715264","JH378108","50208845","50209139","39","19493879"
"chr15","31943610","31943922","JH378209","3195862","3196167","42","28747748"
"chr15","32213175","32213367","JH378195","4674393","4674575","38","27538782"
"chr15","33975005","33975308","JH378129","7783178","7783478","38","26191827"
"chr15","34799421","34799723","JH378107","46009365","46009670","41","11209944"
"chr15","34930089","34930369","JH378140","16943059","16943341","42","17987030"
"chr15","35180335","35180642","JH378145","10634547","10634848","45","24545788"
"chr15","40486636","40486941","JH378106","70219640","70219948","49","29733004"
"chr15","43625160","43625455","JH378108","38566905","38567200","39","5058255"
"chr15","44449989","44450293","JH378109","11216706","11217003","58","33233283"
"chr15","47064194","47064374","JH378153","5487406","5487588","23","41576788"
"chr15","47699890","47700044","JH378163","8328457","8328624","28","39371433"
"chr15","51395562","51395861","JH378240","1530960","1531261","35","49864602"
"chr15","52169651","52169939","JH378206","2476848","2477135","42","49692803"
"chr15","56468008","56468296","JH378223","6194371","6194661","41","50273637"
"chr15","67102455","67102730","JH378132","8950928","8951208","61","58151527"
"chr15","68827283","68827573","JH378148","3009466","3009760","32","65817817"
"chr15","69602782","69603093","JH378107","46009365","46009670","43","23593417"
"chr15","78931086","78931290","JH378115","31351021","31351219","40","47580065"
"chr15","80134715","80135016","JH378169","11824133","11824434","40","68310582"
"chr15","88269993","88270288","JH378148","3009466","3009760","40","85260527"
"chr15","88496867","88497069","JH378282","2787430","2787634","26","85709437"
"chr15","88625782","88626017","JH378145","7037822","7038056","37","81587960"
"chr15","88626317","88626364","JH378169","8331960","8332009","23","80294357"
"chr15","88698731","88699026","JH378106","70219640","70219948","42","18479091"
"chr15","88956497","88956791","JH378250","1827403","1827699","41","87129094"
"chr15","98168611","98168924","JH378166","2226392","2226694","57","95942219"
"chr15","98556395","98556549","JH378127","2009013","2009171","43","96547382"
"chr15","100149057","100149349","JH378206","3042454","3042750","56","97106603"
"chr15","100692098","100692403","JH378127","11410671","11410972","44","89281427"
"chr15","101002198","101002477","JH378107","5313909","5314193","53","95688289"
"chr15","102155469","102155772","JH378137","3188267","3188563","48","98967202"
"chr15","103542924","103543226","JH378240","1530960","1531261","45","102011964"
"chr16","578911","579212","JH378165","12389091","12389397","57","11810180"
"chr16","694015","694263","AGCE01150141","1188","1433","66","692827"
"chr16","739417","739726","JH378205","1510121","1510420","47","770704"
"chr16","1215926","1216235","JH378107","46009365","46009670","47","44793439"
"chr16","1589246","1589395","JH378192","5406761","5406913","29","3817515"
"chr16","3505223","3505515","JH378206","3042454","3042750","37","462769"
"chr16","5325628","5325929","JH378136","18027573","18027877","42","12701945"
"chr16","6680535","6680815","JH378300","1082016","1082293","45","5598519"
"chr16","7035203","7035513","JH378107","46009365","46009670","42","38974162"
"chr16","7662274","7662582","JH378107","46009365","46009670","51","38347091"
"chr16","8756606","8756889","JH378135","2257364","2257657","44","6499242"
"chr16","9332199","9332490","JH378205","1510121","1510420","40","7822078"
"chr16","9578079","9578375","JH378148","3009466","3009760","34","6568613"
"chr16","9883999","9884297","JH378245","3312448","3312742","34","6571551"
"chr16","10754707","10755004","JH378108","50208845","50209139","33","39454138"
"chr16","10840676","10840876","JH378173","72299","72499","45","10768377"
"chr16","11195253","11195537","JH378134","20911825","20912116","44","9716572"
"chr16","13648266","13648565","JH378118","9164013","9164313","43","4484253"
"chr16","14018710","14019001","JH378148","3009466","3009760","34","11009244"
"chr16","15107493","15107799","JH378190","1325792","1326096","43","13781701"
"chr16","16082150","16082421","JH378115","14011025","14011306","49","2071125"
"chr16","16181338","16181614","JH378129","22226033","22226310","44","6044695"
"chr16","16355690","16355990","JH378119","33571947","33572247","41","17216257"
"chr16","16804075","16804450","JH378316","958682","959016","106","15845393"
"chr16","17346937","17347227","JH378115","14011025","14011306","48","3335912"
"chr16","18843509","18843804","JH378136","18027573","18027877","55","815936"
"chr16","19281445","19281667","JH378170","5096192","5096441","72","14185253"
"chr16","19867580","19867781","JH378173","72299","72499","40","19795281"
"chr16","20603962","20604252","JH378151","9107602","9107893","40","11496360"
"chr16","21168472","21168779","JH378169","11824133","11824434","49","9344339"
"chr16","23802127","23802424","JH378131","22567728","22568021","47","1234399"
"chr16","24043285","24043594","JH378201","3287246","3287553","38","20756039"
"chr16","24392043","24392214","JH378194","3698567","3698741","30","20693476"
"chr16","24392243","24392368","JH378105","56636454","56636578","17","32244211"
"chr16","26038142","26038432","JH378206","3042454","3042750","60","22995688"
"chr16","26081873","26082070","JH378118","32538848","32539042","31","6456975"
"chr16","26091072","26091364","JH378106","10346439","10346736","42","15744633"
"chr16","26182050","26182288","JH378170","5096192","5096441","72","21085858"
"chr16","26563884","26564182","JH378127","11410671","11410972","52","15153213"
"chr16","27740806","27741070","JH378107","6629710","6629970","53","21111096"
"chr16","28353017","28353341","JH378116","27615727","27616051","55","737290"
"chr16","29008334","29008640","JH378182","4696933","4697238","52","24311401"
"chr16","33982358","33982656","JH378257","294971","295263","47","33687387"
"chr16","34213444","34213579","JH378123","26134969","26135105","37","8078475"
"chr16","35790169","35790352","JH378149","7328784","7328964","33","28461385"
"chr16","38322963","38323259","JH378148","3009466","3009760","45","35313497"
"chr16","38406997","38407174","JH378127","18614282","18614439","53","19792715"
"chr16","39313633","39313936","JH378106","12647150","12647453","39","26666483"
"chr16","40279206","40279505","JH378127","10024758","10025055","44","30254448"
"chr16","40712959","40713133","JH378179","1282549","1282728","26","39430410"
"chr16","41095383","41095674","JH378127","10024758","10025055","42","31070625"
"chr16","41113098","41113395","JH378118","9164013","9164313","41","31949085"
"chr16","41885401","41885699","JH378129","7783178","7783478","40","34102223"
"chr16","42848450","42848765","JH378120","4029777","4030079","71","38818673"
"chr16","44064967","44065273","JH378107","46009365","46009670","43","1944398"
"chr16","44902902","44903013","JH378107","18478313","18478417","22","26424589"
"chr16","45493554","45493847","JH378245","3312448","3312742","43","42181106"
"chr16","45797005","45797292","JH378140","1530714","1531009","42","44266291"
"chr16","46062554","46062717","JH378157","2827604","2827763","29","43234950"
"chr16","47609313","47609624","JH378107","46009365","46009670","44","1599948"
"chr16","47770677","47770979","JH378129","7783178","7783478","37","39987499"
"chr16","47795614","47795920","JH378124","2736680","2736977","49","45058934"
"chr16","48220891","48221074","JH378115","31351021","31351219","42","16869870"
"chr16","48453246","48453535","JH378127","10024758","10025055","40","38428488"
"chr16","50020173","50020485","JH378174","11112447","11112756","41","38907726"
"chr16","50114008","50114324","JH378316","958682","959016","65","49155326"
"chr16","50707180","50707466","JH378137","5445816","5446095","43","45261364"
"chr16","51434888","51435071","JH378153","5487406","5487588","34","45947482"
"chr16","53408135","53408474","JH378110","13883859","13884149","117","39524276"
"chr16","54785591","54785887","JH378175","7514268","7514564","39","47271323"
"chr16","55790787","55791086","JH378209","3195862","3196167","38","52594925"
"chr16","55995873","55996140","JH378125","1051912","1052200","59","54943961"
"chr16","56123344","56123640","JH378127","10024758","10025055","41","46098586"
"chr16","56442030","56442195","JH378124","5290980","5291152","27","51151050"
"chr16","56442493","56442631","JH378108","17478737","17478871","21","38963756"
"chr16","57417861","57418169","JH378113","38272855","38273168","68","19145006"
"chr16","57747287","57747596","JH378190","1325792","1326096","39","56421495"
"chr16","57995972","57996278","JH378120","4029777","4030079","45","53966195"
"chr16","58066315","58066551","JH378118","35578180","35578416","46","22488135"
"chr16","58066858","58066942","JH378139","15655231","15655313","18","42411627"
"chr16","58067292","58067602","JH378110","34753497","34753807","52","23313795"
"chr16","58428950","58429249","JH378165","12389091","12389397","60","46039859"
"chr16","60883575","60883871","JH378114","516361","516660","56","60367214"
"chr16","61391544","61391846","JH378122","2880621","2880924","39","58510923"
"chr16","61680529","61680695","JH378153","15964977","15965150","30","45715552"
"chr16","63617622","63617910","JH378227","3749686","3749973","39","59867936"
"chr16","64616187","64616483","JH378165","7131251","7131542","48","57484936"
"chr16","65182931","65183240","JH378107","22984740","22985049","48","42198191"
"chr16","65652323","65652618","JH378198","6197280","6197580","43","59455043"
"chr16","66270122","66270426","JH378113","38272855","38273168","55","27997267"
"chr16","66270478","66270497","JH378272","2083837","2083868","18","64186641"
"chr16","66952963","66953265","JH378201","3287246","3287553","46","63665717"
"chr16","68872716","68873019","JH378137","4716291","4716586","45","64156425"
"chr16","70967976","70968281","JH378151","1318098","1318398","53","69649878"
"chr16","71186585","71186840","JH378146","4261330","4261588","57","66925255"
"chr16","72021487","72021736","JH378170","939520","939798","91","71081967"
"chr16","74387144","74387414","JH378118","6053772","6054053","76","68333372"
"chr16","75030250","75030564","JH378190","1325792","1326096","47","73704458"
"chr16","75485662","75485969","JH378190","1325792","1326096","46","74159870"
"chr16","75642054","75642327","JH378152","11710870","11711149","49","63931184"
"chr16","75714669","75714889","JH378197","7261383","7261611","39","68453286"
"chr16","75748077","75748368","JH378137","17916762","17917051","37","57831315"
"chr16","75999258","75999559","JH378199","5489890","5490197","65","70509368"
"chr16","76306761","76306944","JH378123","12803625","12803809","27","63503136"
"chr16","76357344","76357625","JH378129","22226033","22226310","46","54131311"
"chr16","76359503","76359797","JH378242","4505823","4506099","68","71853680"
"chr16","76706938","76707234","JH378129","7783178","7783478","46","68923760"
"chr17","381783","382082","JH378109","10921532","10921815","63","10539749"
"chr17","496323","496588","JH378107","6629710","6629970","50","6133387"
"chr17","899568","899868","JH378173","5034027","5034323","42","4134459"
"chr17","1250336","1250580","JH378130","3444198","3444441","46","2193862"
"chr17","4477202","4477256","JH378222","5812451","5812511","18","1335249"
"chr17","5127049","5127353","JH378107","46009365","46009670","40","40882316"
"chr17","7280975","7281267","JH378206","2476848","2477135","47","4804127"
"chr17","8045423","8045644","JH378277","3215226","3215442","41","4830197"
"chr17","9013712","9013788","JH378415","14226","14301","25","8999486"
"chr17","10217263","10217564","JH378245","3312448","3312742","43","6904815"
"chr17","10482028","10482321","JH378227","3749686","3749973","40","6732342"
"chr17","11969103","11969380","JH378149","8670852","8671127","45","3298251"
"chr17","20049909","20050203","JH378245","3312448","3312742","46","16737461"
"chr17","25520910","25521190","JH378186","1285634","1285922","42","24235276"
"chr17","26507572","26507865","JH378148","12566856","12567148","39","13940716"
"chr17","28042792","28043079","JH378206","2476848","2477135","55","25565944"
"chr17","29413547","29413835","JH378148","3009466","3009760","44","26404081"
"chr17","29831380","29831670","JH378113","18649350","18649646","36","11182030"
"chr17","30744313","30744616","JH378342","67187","67491","35","30677126"
"chr17","31398520","31398830","JH378199","5489890","5490197","50","25908630"
"chr17","41475836","41476144","JH378114","25103281","25103591","49","16372555"
"chr17","41853865","41854161","JH378205","1510121","1510420","43","40343744"
"chr17","50442952","50443210","JH378139","15168175","15168450","61","35274777"
"chr17","51714422","51714697","JH378191","4189875","4190134","81","47524547"
"chr17","52764881","52765175","JH378245","3312448","3312742","43","49452433"
"chr17","54341868","54342172","JH378342","67187","67491","37","54274681"
"chr17","56857852","56858141","JH378135","2257364","2257657","40","54600488"
"chr17","59579965","59580122","JH378194","3698567","3698741","38","55881398"
"chr17","64805137","64805424","JH378245","3312448","3312742","48","61492689"
"chr17","65701647","65701940","JH378119","25833099","25833391","41","39868548"
"chr17","65865991","65866288","JH378127","10024758","10025055","39","55841233"
"chr17","66919630","66919960","JH378107","46009365","46009670","65","20910265"
"chr17","67632079","67632366","JH378139","15168175","15168450","74","52463904"
"chr17","68516070","68516359","JH378151","1290971","1291257","39","67225099"
"chr17","72044063","72044358","JH378206","6968121","6968417","44","65075942"
"chr17","73842745","73843044","JH378145","2211902","2212196","45","71630843"
"chr17","73998242","73998550","JH378201","3287246","3287553","47","70710996"
"chr17","76742448","76742716","JH378153","2037238","2037513","55","74705210"
"chr17","84394925","84395227","JH378164","8983183","8983477","51","75411742"
"chr17","86796804","86797108","JH378169","11824133","11824434","48","74972671"
"chr17","90993813","90994055","JH378151","9531562","9531791","48","81462251"
"chr17","91115558","91115847","JH378342","271500","271786","45","90844058"
"chr17","92267616","92267877","JH378133","19659852","19660116","45","72607764"
"chr17","92537099","92537396","JH378156","7076545","7076843","41","85460554"
"chr17","94751043","94751211","JH378150","16479013","16479192","33","78272030"
"chr18","364029","364256","JH378274","640157","640386","41","276128"
"chr18","1575255","1575526","JH378120","4593763","4594048","66","3018508"
"chr18","5563763","5564054","JH378127","10024758","10025055","39","4460995"
"chr18","6137699","6138000","JH378117","25647280","25647574","43","19509581"
"chr18","9731821","9732110","JH378148","3322629","3322913","38","6409192"
"chr18","10164504","10164698","JH378184","7337357","7337550","29","2827147"
"chr18","10274227","10274526","JH378114","19068127","19068419","44","8793900"
"chr18","10330638","10330941","JH378123","14223567","14223865","50","3892929"
"chr18","11954835","11955130","JH378148","3009466","3009760","39","8945369"
"chr18","12907178","12907462","JH378153","2212277","2212560","47","10694901"
"chr18","14474259","14474572","JH378201","3287246","3287553","43","11187013"
"chr18","16992964","16993244","JH378110","13883859","13884149","54","3109105"
"chr18","17032354","17032649","JH378109","11216706","11217003","37","5815648"
"chr18","18043602","18043886","JH378109","48876313","48876597","56","30832711"
"chr18","25575033","25575322","JH378146","6921944","6922227","39","18653089"
"chr18","27458157","27458434","JH378199","4824226","4824503","46","22633931"
"chr18","31703855","31704136","JH378146","6921944","6922227","45","24781911"
"chr18","38484431","38484725","JH378107","3274339","3274641","38","35210092"
"chr18","42402280","42402601","JH378110","20343307","20343641","68","22058973"
"chr18","45076042","45076351","JH378107","46009365","46009670","48","933323"
"chr18","47237994","47238302","JH378115","41997612","41997916","48","5240382"
"chr18","48341710","48341864","JH378135","5047589","5047737","32","43294121"
"chr18","48491132","48491442","JH378137","12880677","12880985","38","35610455"
"chr18","48491752","48492067","JH378154","84041","84351","46","48407711"
"chr18","49999565","49999846","JH378148","3009466","3009760","48","46990099"
"chr18","52001111","52001418","JH378174","11112447","11112756","51","40888664"
"chr18","52068907","52069186","JH378129","22226033","22226310","37","29842874"
"chr18","53732025","53732319","JH378148","3009466","3009760","48","50722559"
"chr18","59254510","59254807","JH378119","1423786","1424080","51","57830724"
"chr18","60290599","60290850","JH378106","28970354","28970606","38","31320245"
"chr18","60367911","60368217","JH378127","10024758","10025055","47","50343153"
"chr18","63226970","63227257","JH378223","6194371","6194661","46","57032599"
"chr18","64604012","64604308","JH378117","25647280","25647574","41","38956732"
"chr18","66721571","66721879","JH378107","46009365","46009670","44","20712206"
"chr18","67657595","67657911","JH378245","3312448","3312742","58","64345147"
"chr19","588912","589213","JH378136","18027573","18027877","54","17438661"
"chr19","620742","621022","JH378143","18236239","18236524","47","17615497"
"chr19","1352320","1352506","JH378137","4604383","4604572","38","3252063"
"chr19","1731469","1731773","JH378107","46009365","46009670","47","44277896"
"chr19","2287887","2288181","JH378120","16339076","16339352","88","14051189"
"chr19","2371352","2371635","JH378153","2212277","2212560","48","159075"
"chr19","2789668","2789847","JH378288","2223220","2223408","24","566448"
"chr19","3341497","3341798","JH378156","7076545","7076843","62","3735048"
"chr19","3706579","3706880","JH378174","11112447","11112756","47","7405868"
"chr19","3733568","3733717","JH378145","12821994","12822141","33","9088426"
"chr19","3828768","3828862","JH378113","21109464","21109544","32","17280696"
"chr19","4230841","4231110","JH378127","10024758","10025055","72","5793917"
"chr19","4248927","4249230","JH378245","3312448","3312742","79","936479"
"chr19","4262676","4262966","JH378139","4978818","4979087","86","716142"
"chr19","4738727","4738839","JH378141","18768386","18768504","23","14029659"
"chr19","5542056","5542235","JH378124","5290980","5291152","34","251076"
"chr19","5888396","5888566","JH378163","8328457","8328624","22","2440061"
"chr19","5889517","5889598","JH378134","14011772","14011847","28","8122255"
"chr19","6862798","6863107","JH378135","21763200","21763501","41","14900402"
"chr19","7027305","7027621","JH378230","2697043","2697360","44","4330262"
"chr19","7507586","7507768","JH378123","12803625","12803809","41","5296039"
"chr19","7816255","7816551","JH378106","58660565","58660863","43","50844310"
"chr19","8195135","8195429","JH378113","18649350","18649646","38","10454215"
"chr19","10234844","10235029","JH378123","12803625","12803809","31","2568781"
"chr19","12072873","12073163","JH378148","3009466","3009760","40","9063407"
"chr19","12307091","12307386","JH378136","9599015","9599310","43","2708076"
"chr19","12317212","12317516","JH378117","28305531","28305841","39","15988319"
"chr19","12833743","12834047","JH378107","46009365","46009670","49","33175622"
"chr19","13600052","13600189","JH378123","26134969","26135105","20","12534917"
"chr19","16717083","16717382","JH378123","21576066","21576366","49","4858983"
"chr19","18708349","18708653","JH378116","34204048","34204349","43","15495699"
"chr19","19556853","19556974","JH378191","3615692","3615820","41","15941161"
"chr19","19567411","19567715","JH378156","7076545","7076843","51","12490866"
"chr19","19786862","19787159","JH378205","1510121","1510420","37","18276741"
"chr19","19844375","19844674","JH378267","2860025","2860335","53","16984350"
"chr19","20237769","20238067","JH378245","3312448","3312742","45","16925321"
"chr19","20787851","20788095","JH378119","5660041","5660279","36","15127810"
"chr19","21163454","21163582","JH378126","6705417","6705544","29","14458037"
"chr19","21202463","21202627","JH378105","54268629","54268787","32","33066166"
"chr19","21205645","21205940","JH378106","58660565","58660863","46","37454920"
"chr19","22008392","22008671","JH378111","17080898","17081179","50","4927494"
"chr19","22085384","22085660","JH378117","12219002","12219265","57","9866382"
"chr19","22366000","22366304","JH378124","6602405","6602705","57","15763595"
"chr19","22695176","22695490","JH378128","12229097","12229402","54","10466079"
"chr19","24579157","24579458","JH378136","18027573","18027877","46","6551584"
"chr19","26221588","26221894","JH378169","11824133","11824434","41","14397455"
"chr19","29743460","29743765","JH378216","761767","762068","45","28981693"
"chr19","31964365","31964654","JH378277","1973874","1974168","45","29990491"
"chr19","32352773","32353074","JH378245","3312448","3312742","41","29040325"
"chr19","32583170","32583477","JH378208","513505","513813","46","32069665"
"chr19","32959241","32959400","JH378216","4339434","4339595","20","28619807"
"chr19","33426586","33426886","JH378342","67187","67491","33","33359399"
"chr19","33439236","33439473","JH378167","1129351","1129594","39","32309885"
"chr19","33524116","33524413","JH378245","3312448","3312742","43","30211668"
"chr19","34557847","34558134","JH378186","1285634","1285922","58","33272213"
"chr19","34589893","34590184","JH378136","18027573","18027877","51","16562320"
"chr19","35209214","35209523","JH378137","1949849","1950158","49","33259365"
"chr19","36106132","36106388","JH378303","460856","461111","47","35645276"
"chr19","36642966","36643266","JH378127","10024758","10025055","44","26618208"
"chr19","36693985","36694285","JH378108","38566905","38567200","44","1872920"
"chr19","39281680","39281814","JH378182","2239318","2239435","27","37042362"
"chr19","40931650","40931955","JH378190","1325792","1326096","45","39605858"
"chr19","41160163","41160295","JH378117","5782434","5782568","25","35377729"
"chr19","41267035","41267339","JH378342","67187","67491","38","41199848"
"chr19","41322711","41323003","JH378112","33518148","33518439","45","7804563"
"chr19","41909393","41909561","JH378216","4339434","4339595","50","37569959"
"chr19","43139465","43139762","JH378181","1956880","1957180","45","41182585"
"chr19","43260499","43260797","JH378107","46009365","46009670","49","2748866"
"chr19","43888870","43889135","JH378133","19659852","19660116","43","24229018"
"chr19","44292076","44292370","JH378245","3312448","3312742","46","40979628"
"chr19","44469446","44469751","JH378199","5489890","5490197","47","38979556"
"chr19","44487253","44487541","JH378148","3009466","3009760","53","41477787"
"chr19","44948560","44948716","JH378127","2009013","2009171","45","42939547"
"chr19","45995773","45996065","JH378158","4617911","4618202","50","41377862"
"chr19","47095399","47095715","JH378201","3287246","3287553","48","43808153"
"chr19","47927851","47928130","JH378206","2476848","2477135","50","45451003"
"chr19","48344016","48344321","JH378174","11112447","11112756","55","37231569"
"chr19","48935035","48935327","JH378165","4452928","4453221","43","44482107"
"chr19","48975666","48975993","JH378165","12389091","12389397","96","36586575"
"chr19","49894924","49895219","JH378186","7721288","7721578","36","42173636"
"chr19","50822643","50822963","JH378136","18027573","18027877","85","32795070"
"chr19","51016308","51016600","JH378127","10024758","10025055","46","40991550"
"chr19","51257015","51257304","JH378140","1530714","1531009","34","49726301"
"chr19","53005783","53006065","JH378153","2212277","2212560","48","50793506"
"chr19","53670151","53670440","JH378148","3009466","3009760","36","50660685"
"chr20","1271022","1271180","JH378225","5806449","5806610","33","4535427"
"chr20","1805848","1806109","JH378300","522382","522652","48","1283466"
"chr20","2073101","2073391","JH378114","19068127","19068419","44","16995026"
"chr20","3432178","3432486","JH378107","46009365","46009670","47","42577187"
"chr20","3584303","3584616","JH378182","4696933","4697238","44","1112630"
"chr20","4729163","4729460","JH378205","1510121","1510420","41","3219042"
"chr20","5844758","5844936","JH378188","114626","114783","58","5730132"
"chr20","6824700","6824998","JH378107","46009365","46009670","43","39184665"
"chr20","7056887","7057196","JH378150","241281","241578","45","6815606"
"chr20","7185554","7185854","JH378106","6408883","6409184","48","776671"
"chr20","8784107","8784402","JH378117","25647280","25647574","39","16863173"
"chr20","8921620","8921910","JH378156","7076545","7076843","49","1845075"
"chr20","9215097","9215392","JH378240","1530960","1531261","41","7684137"
"chr20","10500001","10500194","JH378115","31351021","31351219","36","20851020"
"chr20","10766315","10766625","JH378107","46009365","46009670","40","35243050"
"chr20","12035687","12035985","JH378206","6968121","6968417","45","5067566"
"chr20","15716449","15716727","JH378242","4505823","4506099","58","11210626"
"chr20","16269737","16270030","JH378245","3312448","3312742","44","12957289"
"chr20","17139900","17140063","JH378158","3396105","3396264","23","13743795"
"chr20","17661966","17662273","JH378106","70219640","70219948","32","52557674"
"chr20","18500001","18500294","JH378127","10024758","10025055","34","8475243"
"chr20","19598865","19599174","JH378106","50292653","50292960","44","30693788"
"chr20","20260400","20260550","JH378127","2009013","2009171","45","18251387"
"chr20","20458024","20458174","JH378192","5406761","5406913","27","15051263"
"chr20","20458204","20458335","JH378167","7916721","7916851","18","12541483"
"chr20","22475536","22475789","JH378106","28970354","28970606","44","6494818"
"chr20","23587688","23587978","JH378245","3312448","3312742","42","20275240"
"chr20","23837784","23838078","JH378148","3009466","3009760","38","20828318"
"chr20","26523019","26523326","JH378201","3287246","3287553","47","23235773"
"chr20","27640608","27640911","JH378106","12647150","12647453","42","14993458"
"chr20","27865629","27865934","JH378216","3793751","3794051","49","24071878"
"chr20","28413739","28414040","JH378132","22555890","22556195","47","5857849"
"chr20","30382611","30382922","JH378154","84041","84351","46","30298570"
"chr20","31027740","31028043","JH378150","241281","241578","42","30786459"
"chr20","34052222","34052512","JH378148","12566856","12567148","38","21485366"
"chr20","34064949","34065097","JH378115","17666853","17667025","42","16398096"
"chr20","34350632","34350935","JH378145","12963180","12963482","57","21387452"
"chr20","34418683","34418938","JH378106","3871078","3871332","68","30547605"
"chr20","35369003","35369051","JH378108","25093204","25093240","17","10275799"
"chr20","36947877","36948179","JH378107","46009365","46009670","44","9061488"
"chr20","41846798","41847103","JH378169","11824133","11824434","38","30022665"
"chr20","42899744","42900036","JH378165","4452928","4453221","49","38446816"
"chr20","43011537","43011826","JH378137","17916762","17917051","42","25094775"
"chr20","44070687","44070913","JH378277","3215226","3215442","37","40855461"
"chr20","46272610","46272757","JH378158","3396105","3396264","37","42876505"
"chr20","47599015","47599332","JH378174","11112447","11112756","45","36486568"
"chr20","51005659","51005829","JH378105","35472325","35472495","28","15533334"
"chr20","51104231","51104518","JH378131","22567728","22568021","45","28536503"
"chr20","51190558","51190839","JH378146","6921944","6922227","39","44268614"
"chr20","51306800","51307099","JH378113","18649350","18649646","49","32657450"
"chr20","52915089","52915370","JH378177","4921681","4921961","49","47993408"
"chr20","53688348","53688638","JH378245","3312448","3312742","36","50375900"
"chr20","54384725","54384994","JH378120","4593763","4594048","72","49790962"
"chr20","54429111","54429411","JH378209","262934","263230","54","54166177"
"chr20","54536922","54537212","JH378257","294971","295263","42","54241951"
"chr20","54656088","54656398","JH378110","34753497","34753807","44","19902591"
"chr20","58165843","58166127","JH378227","3749686","3749973","47","54416157"
"chr20","58326215","58326517","JH378245","3312448","3312742","40","55013767"
"chr20","59237200","59237493","JH378135","2257364","2257657","42","56979836"
"chr20","61483274","61483569","JH378250","1827403","1827699","38","59655871"
"chr20","65793336","65793529","JH378184","7337357","7337550","30","58455979"
"chr20","65965305","65965620","JH378136","18027573","18027877","50","47937732"
"chr20","65975545","65975839","JH378245","3312448","3312742","41","62663097"
"chr20","66513526","66513836","JH378110","34753497","34753807","46","31760029"
"chr20","68207904","68208177","JH378120","16339076","16339352","59","51868828"
"chr20","68291244","68291547","JH378106","58660565","58660863","40","9630679"
"chr20","69497226","69497532","JH378209","3195862","3196167","44","66301364"
"chr20","69682315","69682610","JH378134","20911825","20912116","40","48770490"
"chr20","72180491","72180794","JH378107","46009365","46009670","45","26171126"
"chr20","72626651","72626938","JH378205","1510121","1510420","45","71116530"
"chr20","72706051","72706357","JH378206","6968121","6968417","48","65737930"
"chr20","73602696","73602999","JH378249","3737189","3737485","43","69865507"
"chr20","74669152","74669408","JH378129","3873045","3873297","48","70796107"
"chrUn_NW_014806141v1","163","391","JH378197","7261383","7261611","46","7261220"
"chrUn_NW_014806585v1","1","282","JH378122","5525941","5526220","40","5525940"
"chrUn_NW_014808426v1","171","332","JH378127","18614282","18614439","30","18614111"
