"JH378105","24772319","24772612","KQ055862v1","1305285","1305561","89","23467034"
"JH378105","30932803","30933099","KQ053421v1","5610673","5610968","82","25322130"
"JH378105","35174","35472","KQ053421v1","5610673","5610968","71","5575499"
"JH378105","50136","50438","KQ053421v1","5610673","5610968","67","5560537"
"JH378105","53454","53757","KQ053421v1","5610673","5610968","71","5557219"
"JH378105","108692","108989","KQ058427v1","7786546","7786853","82","7677854"
"JH378105","140059","140369","KQ058427v1","7786546","7786853","76","7646487"
"JH378105","153308","153591","KQ058242v1","595939","596205","76","442631"
"JH378105","229845","230150","KQ053421v1","5610673","5610968","70","5380828"
"JH378105","231901","232186","KQ053421v1","5610673","5610968","85","5378772"
"JH378105","264683","264990","KQ055352v1","6003171","6003466","75","5738488"
"JH378105","280167","280466","KQ053421v1","5610673","5610968","80","5330506"
"JH378105","352310","352404","KQ056279v1","759081","759162","29","406771"
"JH378105","361704","362026","KQ058427v1","7786546","7786853","89","7424842"
"JH378105","407261","407570","KQ055352v1","6003171","6003466","70","5595910"
"JH378105","422635","422922","KQ053421v1","5610673","5610968","80","5188038"
"JH378105","446188","446481","KQ053421v1","5610673","5610968","74","5164485"
"JH378105","447896","448200","KQ053135v1","5034940","5035266","108","4587044"
"JH378105","496710","497016","KQ053421v1","5610673","5610968","69","5113963"
"JH378105","545986","546295","KQ055267v1","513773","514088","79","32213"
"JH378105","588891","589221","KQ053421v1","5610673","5610968","86","5021782"
"JH378105","605070","605365","KQ053421v1","5610673","5610968","64","5005603"
"JH378105","652548","652795","KQ058242v1","595939","596205","82","56609"
"JH378105","819731","819968","KQ058242v1","595939","596205","76","223792"
"JH378105","827503","827786","KQ053421v1","5610673","5610968","81","4783170"
"JH378105","884103","884413","KQ053421v1","5610673","5610968","86","4726570"
"JH378105","1019148","1019413","KQ055862v1","1305285","1305561","84","286137"
"JH378105","1068400","1068710","KQ055352v1","6003171","6003466","83","4934771"
"JH378105","1162695","1162993","KQ053421v1","5610673","5610968","73","4447978"
"JH378105","1177707","1178022","KQ058427v1","7786546","7786853","87","6608839"
"JH378105","1576949","1577246","KQ053421v1","5610673","5610968","79","4033724"
"JH378105","1616056","1616330","KQ053421v1","5610673","5610968","82","3994617"
"JH378105","1632454","1632744","KQ053421v1","5610673","5610968","78","3978219"
"JH378105","1663169","1663474","KQ055352v1","6003171","6003466","79","4340002"
"JH378105","1700016","1700306","KQ057909v1","9290159","9290423","162","7590143"
"JH378105","1705551","1705862","KQ055352v1","6003171","6003466","78","4297620"
"JH378105","1738624","1738924","KQ053421v1","5610673","5610968","70","3872049"
"JH378105","1780588","1780888","KQ053421v1","5610673","5610968","73","3830085"
"JH378105","1788737","1788949","KQ058274v1","300327","300497","74","1488410"
"JH378105","2012853","2013137","KQ053421v1","5610673","5610968","92","3597820"
"JH378105","2013708","2014002","KQ053421v1","5610673","5610968","81","3596965"
"JH378105","2082031","2082195","KQ058350v1","9514178","9514352","38","7432147"
"JH378105","2099582","2099872","KQ058427v1","7786546","7786853","84","5686964"
"JH378105","2109545","2109847","KQ055267v1","513773","514088","82","1595772"
"JH378105","2222036","2222349","KQ055267v1","513773","514088","85","1708263"
"JH378105","2313857","2314154","KQ055862v1","1305285","1305561","81","1008572"
"JH378105","2315279","2315551","KQ058339v1","4553625","4553889","79","2238346"
"JH378105","2339135","2339435","KQ053421v1","5610673","5610968","73","3271538"
"JH378105","2483797","2484103","KQ055267v1","513773","514088","77","1970024"
"JH378105","2485897","2486202","KQ055267v1","513773","514088","75","1972124"
"JH378105","2586931","2587241","KQ053421v1","5610673","5610968","77","3023742"
"JH378105","2642335","2642634","KQ053421v1","5610673","5610968","70","2968338"
"JH378105","2759797","2760089","KQ053421v1","5610673","5610968","68","2850876"
"JH378105","2850887","2851186","KQ053421v1","5610673","5610968","74","2759786"
"JH378105","2982610","2982906","KQ055267v1","513773","514088","80","2468837"
"JH378105","3003394","3003699","KQ053421v1","5610673","5610968","84","2607279"
"JH378105","3078773","3079087","KQ055352v1","6003171","6003466","85","2924398"
"JH378105","3169766","3170072","KQ053421v1","5610673","5610968","83","2440907"
"JH378105","3233345","3233629","KQ053421v1","5610673","5610968","82","2377328"
"JH378105","3271365","3271675","KQ055352v1","6003171","6003466","74","2731806"
"JH378105","3318544","3318845","KQ053421v1","5610673","5610968","74","2292129"
"JH378105","3369850","3370158","KQ055267v1","513773","514088","75","2856077"
"JH378105","3376557","3376854","KQ053421v1","5610673","5610968","83","2234116"
"JH378105","3389183","3389474","KQ053421v1","5610673","5610968","76","2221490"
"JH378105","3440304","3440616","KQ058427v1","7786546","7786853","82","4346242"
"JH378105","3595558","3595871","KQ053421v1","5610673","5610968","84","2015115"
"JH378105","3596805","3597094","KQ053421v1","5610673","5610968","75","2013868"
"JH378105","3610127","3610341","KQ055662v1","1890465","1890674","65","1719662"
"JH378105","3663873","3664180","KQ053421v1","5610673","5610968","73","1946800"
"JH378105","3729251","3729551","KQ053421v1","5610673","5610968","70","1881422"
"JH378105","3838848","3839115","KQ053421v1","5610673","5610968","90","1771825"
"JH378105","3943401","3943692","KQ053421v1","5610673","5610968","71","1667272"
"JH378105","4009835","4010112","KQ053421v1","5610673","5610968","82","1600838"
"JH378105","4018010","4018304","KQ055267v1","513773","514088","85","3504237"
"JH378105","4020336","4020601","KQ053421v1","5610673","5610968","83","1590337"
"JH378105","4051967","4052122","KQ054954v1","1680710","1680882","49","2371257"
"JH378105","4068008","4068297","KQ053421v1","5610673","5610968","78","1542665"
"JH378105","4117783","4118070","KQ054815v1","2215557","2215844","68","1902226"
"JH378105","4118408","4118718","KQ055267v1","513773","514088","69","3604635"
"JH378105","4122490","4122796","KQ053421v1","5610673","5610968","85","1488183"
"JH378105","4125420","4125710","KQ053421v1","5610673","5610968","67","1485253"
"JH378105","4136664","4136972","KQ058427v1","7786546","7786853","78","3649882"
"JH378105","4180300","4180494","KQ053234v1","1679581","1679757","60","2500719"
"JH378105","4192386","4192689","KQ053421v1","5610673","5610968","70","1418287"
"JH378105","4290848","4291060","KQ058509v1","24058","24271","73","4266790"
"JH378105","4363012","4363304","KQ055352v1","6003171","6003466","84","1640159"
"JH378105","4447542","4447853","KQ055267v1","513773","514088","84","3933769"
"JH378105","4481530","4481826","KQ053421v1","5610673","5610968","82","1129143"
"JH378105","4544498","4544786","KQ053421v1","5610673","5610968","72","1066175"
"JH378105","4668497","4668786","KQ053421v1","5610673","5610968","90","942176"
"JH378105","4684189","4684487","KQ053421v1","5610673","5610968","72","926484"
"JH378105","4706446","4706732","KQ053421v1","5610673","5610968","86","904227"
"JH378105","4759005","4759308","KQ058427v1","7786546","7786853","89","3027541"
"JH378105","4891183","4891479","KQ053421v1","5610673","5610968","74","719490"
"JH378105","4924343","4924603","KQ058242v1","595939","596205","74","4328404"
"JH378105","4931583","4931912","KQ055267v1","513773","514088","93","4417810"
"JH378105","4990813","4991113","KQ053421v1","5610673","5610968","80","619860"
"JH378105","5004022","5004329","KQ055267v1","513773","514088","81","4490249"
"JH378105","5036993","5037291","KQ055267v1","513773","514088","72","4523220"
"JH378105","5086596","5086899","KQ053421v1","5610673","5610968","74","524077"
"JH378105","5111583","5111677","KQ053004v1","5079579","5079652","47","32004"
"JH378105","5114960","5115251","KQ058427v1","7786546","7786853","77","2671586"
"JH378105","5353174","5353483","KQ055352v1","6003171","6003466","71","649997"
"JH378105","5466013","5466309","KQ053421v1","5610673","5610968","76","144660"
"JH378105","5492134","5492443","KQ055267v1","513773","514088","76","4978361"
"JH378105","5585332","5585626","KQ053421v1","5610673","5610968","83","25341"
"JH378105","5680517","5680736","KQ058594v1","5950443","5950621","82","269926"
"JH378105","5714681","5714980","KQ053421v1","5610673","5610968","73","104008"
"JH378105","5748199","5748471","KQ053421v1","5610673","5610968","81","137526"
"JH378105","5756287","5756572","KQ053421v1","5610673","5610968","85","145614"
"JH378105","5791083","5791374","KQ058427v1","6786866","6787134","78","995783"
"JH378105","5851948","5852259","KQ055352v1","6003171","6003466","70","151223"
"JH378105","5865553","5865854","KQ053421v1","5610673","5610968","71","254880"
"JH378105","5905663","5905974","KQ058427v1","7786546","7786853","76","1880883"
"JH378105","6004209","6004500","KQ055862v1","1305285","1305561","72","4698924"
"JH378105","6157350","6157659","KQ055267v1","513773","514088","81","5643577"
"JH378105","6274334","6274644","KQ053421v1","5610673","5610968","77","663661"
"JH378105","6320199","6320496","KQ053421v1","5610673","5610968","74","709526"
"JH378105","6354950","6355268","KQ055267v1","513773","514088","105","5841177"
"JH378105","6453533","6453828","KQ053421v1","5610673","5610968","70","842860"
"JH378105","6459103","6459409","KQ053421v1","5610673","5610968","71","848430"
"JH378105","6492552","6492859","KQ053421v1","5610673","5610968","77","881879"
"JH378105","6706593","6706889","KQ053421v1","5610673","5610968","73","1095920"
"JH378105","6871000","6871305","KQ053421v1","5610673","5610968","84","1260327"
"JH378105","6888879","6889179","KQ053421v1","5610673","5610968","77","1278206"
"JH378105","6973827","6974133","KQ058427v1","7786546","7786853","80","812719"
"JH378105","7009603","7009888","KQ058427v1","7786546","7786853","88","776943"
"JH378105","7053100","7053309","KQ055662v1","1890465","1890674","61","5162635"
"JH378105","7144528","7144824","KQ053421v1","5610673","5610968","69","1533855"
"JH378105","7158618","7158944","KQ053421v1","5610673","5610968","113","1547945"
"JH378105","7161645","7161943","KQ055267v1","513773","514088","91","6647872"
"JH378105","7205617","7205907","KQ053421v1","5610673","5610968","82","1594944"
"JH378105","7221561","7221865","KQ053421v1","5610673","5610968","78","1610888"
"JH378105","7231099","7231291","KQ056005v1","1024192","1024395","52","6206907"
"JH378105","7233683","7233988","KQ055352v1","6003171","6003466","74","1230512"
"JH378105","7252578","7252905","KQ053135v1","5034940","5035266","97","2217638"
"JH378105","7267693","7267986","KQ053421v1","5610673","5610968","83","1657020"
"JH378105","7297715","7298018","KQ053421v1","5610673","5610968","82","1687042"
"JH378105","7496604","7496873","KQ053785v1","888769","889063","84","6607835"
"JH378105","7512895","7513190","KQ055862v1","1305285","1305561","84","6207610"
"JH378105","7517757","7518058","KQ053421v1","5610673","5610968","91","1907084"
"JH378105","7676112","7676379","KQ058339v1","4553625","4553889","89","3122487"
"JH378105","7696456","7696776","KQ058427v1","7786546","7786853","89","90090"
"JH378105","7713171","7713479","KQ053421v1","5610673","5610968","77","2102498"
"JH378105","7842581","7842883","KQ053421v1","5610673","5610968","73","2231908"
"JH378105","7865397","7865677","KQ055862v1","1305285","1305561","88","6560112"
"JH378105","7963077","7963376","KQ053421v1","5610673","5610968","77","2352404"
"JH378105","8076592","8076761","KQ053993v1","1251070","1251235","43","6825522"
"JH378105","8201564","8201857","KQ053421v1","5610673","5610968","88","2590891"
"JH378105","8235788","8236090","KQ053421v1","5610673","5610968","73","2625115"
"JH378105","8272024","8272311","KQ053421v1","5610673","5610968","85","2661351"
"JH378105","8293160","8293464","KQ055352v1","6003171","6003466","68","2289989"
"JH378105","8304872","8305166","KQ058427v1","7786546","7786853","91","518326"
"JH378105","8323961","8324253","KQ053421v1","5610673","5610968","71","2713288"
"JH378105","8384257","8384548","KQ053421v1","5610673","5610968","75","2773584"
"JH378105","8416885","8417185","KQ053421v1","5610673","5610968","73","2806212"
"JH378105","8419664","8419771","KQ058316v1","2226037","2226104","56","6193627"
"JH378105","8419872","8420056","KQ058274v1","300327","300497","49","8119545"
"JH378105","8431287","8431599","KQ055267v1","513773","514088","81","7917514"
"JH378105","8545125","8545421","KQ053421v1","5610673","5610968","70","2934452"
"JH378105","8579927","8580221","KQ053421v1","5610673","5610968","72","2969254"
"JH378105","8604989","8605288","KQ053421v1","5610673","5610968","65","2994316"
"JH378105","8641157","8641338","KQ058594v1","5950443","5950621","54","2690714"
"JH378105","8663741","8664053","KQ055267v1","513773","514088","72","8149968"
"JH378105","8702536","8702861","KQ055352v1","6003171","6003466","80","2699365"
"JH378105","8752413","8752712","KQ053421v1","5610673","5610968","84","3141740"
"JH378105","8756629","8756931","KQ055267v1","513773","514088","72","8242856"
"JH378105","8761684","8761875","KQ057204v1","2930576","2930741","61","5831108"
"JH378105","8771525","8771623","KQ058316v1","2226037","2226104","46","6545488"
"JH378105","8771725","8771917","KQ058274v1","300327","300497","55","8471398"
"JH378105","8797450","8797717","KQ053421v1","5610673","5610968","95","3186777"
"JH378105","8843814","8844115","KQ053421v1","5610673","5610968","69","3233141"
"JH378105","8965090","8965370","KQ053421v1","5610673","5610968","85","3354417"
"JH378105","8985581","8985881","KQ053421v1","5610673","5610968","66","3374908"
"JH378105","9132135","9132429","KQ053421v1","5610673","5610968","71","3521462"
"JH378105","9142623","9142929","KQ055352v1","6003171","6003466","73","3139452"
"JH378105","9175983","9176282","KQ053421v1","5610673","5610968","73","3565310"
"JH378105","9473116","9473402","KQ053421v1","5610673","5610968","82","3862443"
"JH378105","9772882","9772934","KQ054964v1","503921","503962","26","9268961"
"JH378105","10087050","10087349","KQ053421v1","5610673","5610968","78","4476377"
"JH378105","10113194","10113490","KQ053421v1","5610673","5610968","68","4502521"
"JH378105","10149105","10149408","KQ055352v1","6003171","6003466","68","4145934"
"JH378105","10212231","10212537","KQ055267v1","513773","514088","71","9698458"
"JH378105","10245111","10245420","KQ053421v1","5610673","5610968","83","4634438"
"JH378105","10254867","10255154","KQ053421v1","5610673","5610968","78","4644194"
"JH378105","10263727","10264031","KQ055267v1","513773","514088","72","9749954"
"JH378105","10312918","10313215","KQ053421v1","5610673","5610968","82","4702245"
"JH378105","10318810","10319011","KQ056064v1","326763","326940","71","9992047"
"JH378105","10359063","10359337","KQ053421v1","5610673","5610968","81","4748390"
"JH378105","10373240","10373546","KQ055267v1","513773","514088","69","9859467"
"JH378105","10390964","10391175","ABDC02053644v1","2226","2419","98","10388738"
"JH378105","10393029","10393165","KQ053004v1","3064551","3064681","43","7328478"
"JH378105","10416441","10416631","KQ056147v1","2861940","2862121","55","7554501"
"JH378105","10417542","10417672","KQ053398v1","2623748","2623879","29","7793794"
"JH378105","10467453","10467711","KQ053234v1","1414405","1414609","97","9053048"
"JH378105","10483855","10484158","KQ058427v1","7786546","7786853","82","2697309"
"JH378105","10493479","10493766","KQ053421v1","5610673","5610968","77","4882806"
"JH378105","10498501","10498802","KQ053421v1","5610673","5610968","71","4887828"
"JH378105","10533977","10534273","KQ053421v1","5610673","5610968","68","4923304"
"JH378105","10633648","10633945","KQ053421v1","5610673","5610968","77","5022975"
"JH378105","10641996","10642303","KQ053421v1","5610673","5610968","86","5031323"
"JH378105","10732393","10732684","KQ058242v1","595939","596205","85","10136454"
"JH378105","10908982","10909201","KQ056005v1","1024192","1024395","79","9884790"
"JH378105","11137622","11137897","KQ055830v1","661716","661986","88","10475906"
"JH378105","11138300","11138603","KQ053421v1","5610673","5610968","78","5527627"
"JH378105","11146281","11146592","KQ055267v1","513773","514088","72","10632508"
"JH378105","11235654","11235950","KQ054815v1","2215557","2215844","88","9020097"
"JH378105","11318703","11319011","KQ055352v1","6003171","6003466","88","5315532"
"JH378105","11844972","11845266","KQ053421v1","5610673","5610968","69","6234299"
"JH378105","11866217","11866413","KQ058427v1","11113103","11113283","54","753114"
"JH378105","11895996","11896308","KQ055267v1","513773","514088","83","11382223"
"JH378105","11957482","11957789","KQ055352v1","6003171","6003466","69","5954311"
"JH378105","12021615","12021904","KQ053421v1","5610673","5610968","82","6410942"
"JH378105","12253690","12253981","KQ053421v1","5610673","5610968","84","6643017"
"JH378105","12453208","12453524","KQ053421v1","5610673","5610968","97","6842535"
"JH378105","12549735","12550046","KQ055352v1","6003171","6003466","74","6546564"
"JH378105","12647290","12647587","KQ053421v1","5610673","5610968","80","7036617"
"JH378105","12725435","12725740","KQ053421v1","5610673","5610968","72","7114762"
"JH378105","12726124","12726427","KQ053421v1","5610673","5610968","66","7115451"
"JH378105","12763303","12763609","KQ058242v1","595939","596205","93","12167364"
"JH378105","12947396","12947710","KQ055267v1","513773","514088","79","12433623"
"JH378105","12997012","12997164","KQ052970v1","4377515","4377664","43","8619497"
"JH378105","13015013","13015290","KQ053421v1","5610673","5610968","78","7404340"
"JH378105","13153315","13153590","KQ058242v1","595939","596205","71","12557376"
"JH378105","13175759","13175841","KQ056235v1","1266284","1266361","19","11909475"
"JH378105","13229932","13230158","KQ053234v1","1414405","1414609","71","11815527"
"JH378105","13230159","13230295","KQ056911v1","1421731","1421862","38","11808428"
"JH378105","13285014","13285163","KQ053398v1","2623748","2623879","46","10661266"
"JH378105","13285830","13285971","KQ056911v1","1421731","1421862","51","11864099"
"JH378105","13287821","13288129","KQ055352v1","6003171","6003466","74","7284650"
"JH378105","13326641","13326943","KQ055352v1","6003171","6003466","76","7323470"
"JH378105","13408703","13409005","KQ053785v1","888769","889063","93","12519934"
"JH378105","13458129","13458289","KQ057161v1","453350","453459","69","13004779"
"JH378105","13472540","13472850","KQ055352v1","6003171","6003466","79","7469369"
"JH378105","13515859","13516129","KQ053421v1","5610673","5610968","90","7905186"
"JH378105","13541329","13541586","KQ058427v1","6786866","6787134","87","6754463"
"JH378105","13542661","13542781","KQ053398v1","2623748","2623879","36","10918913"
"JH378105","13546594","13546792","KQ053531v1","6571","6737","68","13540023"
"JH378105","13560440","13560535","KQ053004v1","5079579","5079652","49","8480861"
"JH378105","13563866","13564076","KQ056147v1","2861940","2862121","73","10701926"
"JH378105","13576009","13576265","KQ058242v1","595939","596205","66","12980070"
"JH378105","13577651","13577953","KQ053421v1","5610673","5610968","78","7966978"
"JH378105","13580554","13580767","KQ055662v1","1890465","1890674","64","11690089"
"JH378105","13668336","13668611","KQ053421v1","5610673","5610968","85","8057663"
"JH378105","13685635","13685943","KQ055267v1","513773","514088","80","13171862"
"JH378105","13687226","13687530","KQ055267v1","513773","514088","85","13173453"
"JH378105","13735104","13735399","KQ053421v1","5610673","5610968","70","8124431"
"JH378105","13742627","13742946","KQ058427v1","7786546","7786853","98","5956081"
"JH378105","13752740","13753031","KQ055862v1","1305285","1305561","81","12447455"
"JH378105","13758432","13758710","KQ058242v1","595939","596205","78","13162493"
"JH378105","13759123","13759251","KQ053398v1","2623748","2623879","32","11135375"
"JH378105","13806776","13807065","KQ053421v1","5610673","5610968","78","8196103"
"JH378105","13819550","13819860","KQ055352v1","6003171","6003466","75","7816379"
"JH378105","13829654","13829962","KQ058427v1","7786546","7786853","65","6043108"
"JH378105","13863629","13863911","KQ053421v1","5610673","5610968","86","8252956"
"JH378105","13933955","13934223","KQ058339v1","4553625","4553889","79","9380330"
"JH378105","13978169","13978445","KQ053421v1","5610673","5610968","96","8367496"
"JH378105","13978474","13978755","KQ054815v1","2215557","2215844","75","11762917"
"JH378105","14032437","14032625","KQ053234v1","1679581","1679757","60","12352856"
"JH378105","14036984","14037273","KQ053421v1","5610673","5610968","71","8426311"
"JH378105","14084944","14085243","KQ053421v1","5610673","5610968","76","8474271"
"JH378105","14109882","14110188","KQ055267v1","513773","514088","74","13596109"
"JH378105","14111072","14111366","KQ053421v1","5610673","5610968","72","8500399"
"JH378105","14170226","14170525","KQ053421v1","5610673","5610968","67","8559553"
"JH378105","14205609","14205915","KQ055267v1","513773","514088","70","13691836"
"JH378105","14301259","14301572","KQ058427v1","7786546","7786853","83","6514713"
"JH378105","14326467","14326775","KQ055352v1","6003171","6003466","73","8323296"
"JH378105","14534222","14534520","KQ053421v1","5610673","5610968","88","8923549"
"JH378105","14780628","14780936","KQ058427v1","7786546","7786853","106","6994082"
"JH378105","14802150","14802435","KQ053421v1","5610673","5610968","79","9191477"
"JH378105","14849592","14849872","KQ053785v1","888769","889063","84","13960823"
"JH378105","14878598","14878915","KQ055267v1","513773","514088","83","14364825"
"JH378105","14904407","14904702","KQ053421v1","5610673","5610968","73","9293734"
"JH378105","15035638","15035937","KQ053421v1","5610673","5610968","85","9424965"
"JH378105","15668255","15668580","KQ055352v1","6003171","6003466","83","9665084"
"JH378105","15882335","15882644","KQ055352v1","6003171","6003466","74","9879164"
"JH378105","15924297","15924593","KQ053421v1","5610673","5610968","71","10313624"
"JH378105","15946018","15946311","KQ053421v1","5610673","5610968","70","10335345"
"JH378105","15962719","15963027","KQ055267v1","513773","514088","73","15448946"
"JH378105","15975360","15975633","KQ058339v1","4553625","4553889","84","11421735"
"JH378105","15982245","15982550","KQ055352v1","6003171","6003466","68","9979074"
"JH378105","16111444","16111751","KQ058427v1","7786546","7786853","76","8324898"
"JH378105","16130560","16130792","KQ058242v1","595939","596205","87","15534621"
"JH378105","16391546","16391842","KQ053421v1","5610673","5610968","67","10780873"
"JH378105","16411059","16411354","KQ055267v1","513773","514088","81","15897286"
"JH378105","16642688","16642980","KQ053421v1","5610673","5610968","67","11032015"
"JH378105","16647201","16647499","KQ053421v1","5610673","5610968","64","11036528"
"JH378105","16683228","16683532","KQ058427v1","7786546","7786853","74","8896682"
"JH378105","16726188","16726494","KQ055267v1","513773","514088","73","16212415"
"JH378105","16749553","16749850","KQ053421v1","5610673","5610968","80","11138880"
"JH378105","16807526","16807824","KQ053421v1","5610673","5610968","87","11196853"
"JH378105","16820505","16820804","KQ053421v1","5610673","5610968","71","11209832"
"JH378105","16897284","16897609","KQ053059v1","2548766","2549102","96","14348518"
"JH378105","17082628","17082935","KQ053421v1","5610673","5610968","77","11471955"
"JH378105","17240921","17241216","KQ053421v1","5610673","5610968","80","11630248"
"JH378105","17291683","17291995","KQ053421v1","5610673","5610968","85","11681010"
"JH378105","17304865","17305162","KQ053421v1","5610673","5610968","79","11694192"
"JH378105","17363287","17363596","KQ058427v1","7786546","7786853","79","9576741"
"JH378105","17394654","17394966","KQ055267v1","513773","514088","81","16880881"
"JH378105","17436668","17436964","KQ058427v1","7786546","7786853","86","9650122"
"JH378105","17637157","17637453","KQ053421v1","5610673","5610968","66","12026484"
"JH378105","17725224","17725522","KQ053421v1","5610673","5610968","74","12114551"
"JH378105","17776147","17776397","KQ058505v1","2207051","2207301","84","15569096"
"JH378105","17787889","17788138","KQ057186v1","783828","784085","78","17004061"
"JH378105","17980340","17980626","KQ053421v1","5610673","5610968","88","12369667"
"JH378105","18360087","18360382","KQ053421v1","5610673","5610968","71","12749414"
"JH378105","18439948","18440259","KQ055352v1","6003171","6003466","74","12436777"
"JH378105","18441064","18441373","KQ053421v1","5610673","5610968","70","12830391"
"JH378105","18516814","18517124","KQ055267v1","513773","514088","70","18003041"
"JH378105","18532853","18533156","KQ053421v1","5610673","5610968","71","12922180"
"JH378105","18533309","18533604","KQ053421v1","5610673","5610968","69","12922636"
"JH378105","18538869","18539174","KQ053421v1","5610673","5610968","71","12928196"
"JH378105","18542387","18542690","KQ053421v1","5610673","5610968","71","12931714"
"JH378105","18548364","18548652","KQ053421v1","5610673","5610968","80","12937691"
"JH378105","18572744","18572913","KQ053093v1","1668172","1668343","46","16904572"
"JH378105","18590020","18590323","KQ055352v1","6003171","6003466","73","12586849"
"JH378105","18623489","18623730","KQ058242v1","595939","596205","85","18027550"
"JH378105","18660023","18660324","KQ053421v1","5610673","5610968","71","13049350"
"JH378105","18861131","18861407","KQ053421v1","5610673","5610968","78","13250458"
"JH378105","19357024","19357309","KQ053421v1","5610673","5610968","76","13746351"
"JH378105","19431613","19431912","KQ055267v1","513773","514088","87","18917840"
"JH378105","19475512","19475814","KQ053421v1","5610673","5610968","74","13864839"
"JH378105","19523017","19523321","KQ053421v1","5610673","5610968","76","13912344"
"JH378105","19969799","19970020","KQ053234v1","1414405","1414609","59","18555394"
"JH378105","19983670","19983975","KQ055267v1","513773","514088","72","19469897"
"JH378105","20002207","20002518","KQ055352v1","6003171","6003466","75","13999036"
"JH378105","20220663","20220962","KQ053421v1","5610673","5610968","73","14609990"
"JH378105","20303935","20304241","KQ053421v1","5610673","5610968","74","14693262"
"JH378105","20510675","20510967","KQ053421v1","5610673","5610968","80","14900002"
"JH378105","20591046","20591347","KQ053421v1","5610673","5610968","79","14980373"
"JH378105","20698423","20698730","KQ053421v1","5610673","5610968","106","15087750"
"JH378105","20776172","20776476","KQ058427v1","7786546","7786853","79","12989626"
"JH378105","20892191","20892460","KQ058640v1","643463","643729","85","20248728"
"JH378105","20974715","20975025","KQ058427v1","7786546","7786853","73","13188169"
"JH378105","20985325","20985636","KQ055267v1","513773","514088","71","20471552"
"JH378105","21000353","21000650","KQ053421v1","5610673","5610968","83","15389680"
"JH378105","21037889","21038189","KQ055267v1","513773","514088","79","20524116"
"JH378105","21079375","21079637","KQ058394v1","9655127","9655422","86","11424248"
"JH378105","21103857","21104018","KQ052970v1","4377515","4377664","45","16726342"
"JH378105","21104681","21104946","KQ058242v1","595939","596205","76","20508742"
"JH378105","21111904","21112216","KQ055267v1","513773","514088","73","20598131"
"JH378105","21118520","21118821","KQ053421v1","5610673","5610968","66","15507847"
"JH378105","21128884","21129187","KQ053421v1","5610673","5610968","77","15518211"
"JH378105","21132290","21132569","KQ055862v1","1305285","1305561","80","19827005"
"JH378105","21150411","21150709","KQ053421v1","5610673","5610968","74","15539738"
"JH378105","21158330","21158614","KQ053785v1","888769","889063","88","20269561"
"JH378105","21159025","21159335","KQ055267v1","513773","514088","76","20645252"
"JH378105","21169749","21170053","KQ055352v1","6003171","6003466","67","15166578"
"JH378105","21222710","21222934","KQ057380v1","3344874","3345081","68","17877836"
"JH378105","21251010","21251300","KQ053421v1","5610673","5610968","83","15640337"
"JH378105","21280434","21280734","KQ058427v1","7786546","7786853","82","13493888"
"JH378105","21284535","21284800","KQ058242v1","595939","596205","72","20688596"
"JH378105","21306843","21307125","KQ053421v1","5610673","5610968","85","15696170"
"JH378105","21349160","21349468","KQ053421v1","5610673","5610968","81","15738487"
"JH378105","21448252","21448546","KQ053421v1","5610673","5610968","77","15837579"
"JH378105","21904727","21905034","KQ055267v1","513773","514088","69","21390954"
"JH378105","22150824","22150974","KQ054401v1","3363241","3363379","40","18787583"
"JH378105","22170815","22171091","KQ053421v1","5610673","5610968","68","16560142"
"JH378105","22219252","22219512","KQ058505v1","2207051","2207301","87","20012201"
"JH378105","22230049","22230354","KQ053421v1","5610673","5610968","71","16619376"
"JH378105","22251648","22251888","KQ055717v1","1610777","1611031","78","20640871"
"JH378105","22259177","22259469","KQ053421v1","5610673","5610968","72","16648504"
"JH378105","22265029","22265334","KQ058427v1","7786546","7786853","79","14478483"
"JH378105","22269319","22269615","KQ053421v1","5610673","5610968","70","16658646"
"JH378105","22329175","22329473","KQ053421v1","5610673","5610968","80","16718502"
"JH378105","22337726","22338017","KQ053421v1","5610673","5610968","82","16727053"
"JH378105","22345514","22345806","KQ053421v1","5610673","5610968","76","16734841"
"JH378105","22347939","22348225","KQ053421v1","5610673","5610968","73","16737266"
"JH378105","22402732","22403040","KQ055352v1","6003171","6003466","76","16399561"
"JH378105","22421709","22422009","KQ053421v1","5610673","5610968","70","16811036"
"JH378105","22430465","22430766","KQ053421v1","5610673","5610968","79","16819792"
"JH378105","22448413","22448729","KQ053421v1","5610673","5610968","90","16837740"
"JH378105","22467285","22467581","KQ053421v1","5610673","5610968","69","16856612"
"JH378105","22476938","22477239","KQ053421v1","5610673","5610968","85","16866265"
"JH378105","22542540","22542861","KQ055267v1","513773","514088","86","22028767"
"JH378105","22555413","22555714","KQ053421v1","5610673","5610968","75","16944740"
"JH378105","22559297","22559560","KQ058242v1","595939","596205","72","21963358"
"JH378105","22560141","22560451","KQ053421v1","5610673","5610968","88","16949468"
"JH378105","22563063","22563365","KQ053421v1","5610673","5610968","69","16952390"
"JH378105","22608156","22608457","KQ053421v1","5610673","5610968","74","16997483"
"JH378105","22688094","22688388","KQ053421v1","5610673","5610968","75","17077421"
"JH378105","22904943","22905221","KQ055267v1","513773","514088","89","22391170"
"JH378105","23192391","23192683","KQ053421v1","5610673","5610968","82","17581718"
"JH378105","23565689","23566004","KQ055267v1","513773","514088","82","23051916"
"JH378105","23699363","23699663","KQ055352v1","6003171","6003466","67","17696192"
"JH378105","23775325","23775624","KQ053421v1","5610673","5610968","84","18164652"
"JH378105","23852162","23852458","KQ053421v1","5610673","5610968","72","18241489"
"JH378105","23886670","23886965","KQ053421v1","5610673","5610968","90","18275997"
"JH378105","23957553","23957859","KQ055352v1","6003171","6003466","73","17954382"
"JH378105","23985813","23986097","KQ053421v1","5610673","5610968","82","18375140"
"JH378105","24071438","24071740","KQ053421v1","5610673","5610968","83","18460765"
"JH378105","24089917","24090213","KQ058427v1","7786546","7786853","97","16303371"
"JH378105","24170470","24170725","KQ058339v1","4553625","4553889","88","19616845"
"JH378105","24253616","24253922","KQ053421v1","5610673","5610968","91","18642943"
"JH378105","24282940","24283249","KQ053421v1","5610673","5610968","80","18672267"
"JH378105","24353774","24354082","KQ055267v1","513773","514088","70","23840001"
"JH378105","24555651","24555953","KQ055267v1","513773","514088","79","24041878"
"JH378105","24711299","24711573","KQ057186v1","783828","784085","83","23927471"
"JH378105","24860371","24860665","KQ055862v1","1305285","1305561","73","23555086"
"JH378105","24890047","24890354","KQ055352v1","6003171","6003466","80","18886876"
"JH378105","24945334","24945631","KQ058427v1","7786546","7786853","77","17158788"
"JH378105","25117509","25117805","KQ053421v1","5610673","5610968","71","19506836"
"JH378105","25158786","25159074","KQ053421v1","5610673","5610968","73","19548113"
"JH378105","25419933","25420243","KQ055267v1","513773","514088","72","24906160"
"JH378105","25424840","25424998","KQ053531v1","6571","6737","60","25418269"
"JH378105","25425099","25425192","KQ058316v1","2226037","2226104","39","23199062"
"JH378105","25496508","25496749","KQ058509v1","24058","24271","78","25472450"
"JH378105","25711009","25711313","KQ053421v1","5610673","5610968","80","20100336"
"JH378105","26042916","26043202","KQ053421v1","5610673","5610968","90","20432243"
"JH378105","26136537","26136814","KQ058242v1","595939","596205","81","25540598"
"JH378105","26226367","26226621","KQ058242v1","595939","596205","89","25630428"
"JH378105","26229702","26230002","KQ055267v1","513773","514088","82","25715929"
"JH378105","26261329","26261639","KQ058427v1","7786546","7786853","73","18474783"
"JH378105","26306363","26306668","KQ055267v1","513773","514088","75","25792590"
"JH378105","26316126","26316420","KQ055267v1","513773","514088","85","25802353"
"JH378105","26364660","26364969","KQ053421v1","5610673","5610968","85","20753987"
"JH378105","26554701","26554912","KQ058274v1","300327","300497","74","26254374"
"JH378105","26555013","26555105","KQ058316v1","2226037","2226104","44","24328976"
"JH378105","26566372","26566668","KQ053421v1","5610673","5610968","67","20955699"
"JH378105","26604234","26604543","KQ055267v1","513773","514088","83","26090461"
"JH378105","26760310","26760607","KQ053421v1","5610673","5610968","73","21149637"
"JH378105","26774955","26775092","KQ056920v1","183120","183261","44","26591835"
"JH378105","26790085","26790393","KQ055267v1","513773","514088","72","26276312"
"JH378105","27043887","27044196","KQ055352v1","6003171","6003466","74","21040716"
"JH378105","27055985","27056288","KQ053421v1","5610673","5610968","73","21445312"
"JH378105","27158222","27158529","KQ055352v1","6003171","6003466","66","21155051"
"JH378105","27173026","27173302","KQ058242v1","595939","596205","86","26577087"
"JH378105","27204357","27204659","KQ053421v1","5610673","5610968","89","21593684"
"JH378105","27763567","27763869","KQ053421v1","5610673","5610968","67","22152894"
"JH378105","27822107","27822195","KQ056279v1","759081","759162","25","27063026"
"JH378105","28013755","28014063","KQ055267v1","513773","514088","75","27499982"
"JH378105","28029120","28029430","KQ055267v1","513773","514088","74","27515347"
"JH378105","28236321","28236623","KQ058427v1","7786546","7786853","82","20449775"
"JH378105","28236639","28236956","KQ055267v1","513773","514088","79","27722866"
"JH378105","28389523","28389790","KQ058242v1","595939","596205","77","27793584"
"JH378105","28434572","28434879","KQ055267v1","513773","514088","71","27920799"
"JH378105","28574554","28574863","KQ058427v1","7786546","7786853","83","20788008"
"JH378105","28577366","28577676","KQ055352v1","6003171","6003466","70","22574195"
"JH378105","28646680","28646985","KQ053421v1","5610673","5610968","87","23036007"
"JH378105","28670196","28670494","KQ053421v1","5610673","5610968","73","23059523"
"JH378105","28740695","28740995","KQ053421v1","5610673","5610968","70","23130022"
"JH378105","28903263","28903570","KQ058427v1","7786546","7786853","82","21116717"
"JH378105","29023114","29023424","KQ055267v1","513773","514088","70","28509341"
"JH378105","29086115","29086420","KQ053421v1","5610673","5610968","76","23475442"
"JH378105","29161008","29161326","KQ053421v1","5610673","5610968","101","23550335"
"JH378105","29195423","29195709","KQ053421v1","5610673","5610968","88","23584750"
"JH378105","29266094","29266394","KQ053421v1","5610673","5610968","66","23655421"
"JH378105","29276584","29276699","KQ053398v1","2623748","2623879","48","26652836"
"JH378105","29364209","29364504","KQ053421v1","5610673","5610968","70","23753536"
"JH378105","29394375","29394668","KQ053421v1","5610673","5610968","72","23783702"
"JH378105","29401257","29401562","KQ058427v1","7786546","7786853","151","21614711"
"JH378105","29458890","29459193","KQ058427v1","7786546","7786853","74","21672344"
"JH378105","29503403","29503703","KQ053421v1","5610673","5610968","73","23892730"
"JH378105","29521493","29521776","KQ053785v1","888769","889063","89","28632724"
"JH378105","29535119","29535373","KQ058427v1","6786866","6787134","80","22748253"
"JH378105","29562800","29563094","KQ053421v1","5610673","5610968","75","23952127"
"JH378105","29670315","29670609","KQ053421v1","5610673","5610968","70","24059642"
"JH378105","29800487","29800790","KQ055267v1","513773","514088","84","29286714"
"JH378105","29922798","29923104","KQ058427v1","7786546","7786853","77","22136252"
"JH378105","29955836","29956096","KQ055717v1","1610777","1611031","90","28345059"
"JH378105","29965090","29965400","KQ055267v1","513773","514088","78","29451317"
"JH378105","29969146","29969446","KQ053421v1","5610673","5610968","67","24358473"
"JH378105","30040290","30040589","KQ053421v1","5610673","5610968","90","24429617"
"JH378105","30096318","30096605","KQ053421v1","5610673","5610968","74","24485645"
"JH378105","30177528","30177823","KQ053421v1","5610673","5610968","68","24566855"
"JH378105","30204602","30204715","KQ056493v1","2043382","2043488","42","28161220"
"JH378105","30233034","30233358","KQ058427v1","7786546","7786853","109","22446488"
"JH378105","30248032","30248328","KQ053421v1","5610673","5610968","75","24637359"
"JH378105","30268284","30268592","KQ055352v1","6003171","6003466","74","24265113"
"JH378105","30272893","30273023","KQ053398v1","2623748","2623879","34","27649145"
"JH378105","30295254","30295566","KQ055352v1","6003171","6003466","71","24292083"
"JH378105","30319035","30319312","KQ053785v1","888769","889063","78","29430266"
"JH378105","30362554","30362847","KQ053421v1","5610673","5610968","69","24751881"
"JH378105","30577298","30577598","KQ058427v1","7786546","7786853","75","22790752"
"JH378105","30963022","30963319","KQ053421v1","5610673","5610968","67","25352349"
"JH378105","30972281","30972577","KQ053421v1","5610673","5610968","80","25361608"
"JH378105","31153883","31154198","KQ058427v1","7786546","7786853","75","23367337"
"JH378105","31172371","31172640","KQ058242v1","595939","596205","83","30576432"
"JH378105","31176929","31177173","KQ058509v1","24058","24271","79","31152871"
"JH378105","31387206","31387477","KQ058427v1","6786866","6787134","95","24600340"
"JH378105","31451445","31451742","KQ053421v1","5610673","5610968","64","25840772"
"JH378105","31627796","31628071","KQ057901v1","868884","869144","91","30758912"
"JH378105","31830500","31830760","KQ058339v1","4553625","4553889","84","27276875"
"JH378105","31855429","31855740","KQ055267v1","513773","514088","75","31341656"
"JH378105","31886446","31886718","KQ058339v1","4553625","4553889","83","27332821"
"JH378105","31951006","31951314","KQ058427v1","7786546","7786853","70","24164460"
"JH378105","31974156","31974451","KQ053421v1","5610673","5610968","83","26363483"
"JH378105","31986553","31986843","KQ053421v1","5610673","5610968","75","26375880"
"JH378105","32090988","32091297","KQ055267v1","513773","514088","79","31577215"
"JH378105","32104398","32104708","KQ055352v1","6003171","6003466","78","26101227"
"JH378105","32235665","32235976","KQ055267v1","513773","514088","76","31721892"
"JH378105","32260997","32261305","KQ053421v1","5610673","5610968","76","26650324"
"JH378105","32401266","32401565","KQ053421v1","5610673","5610968","91","26790593"
"JH378105","32638660","32638972","KQ055267v1","513773","514088","77","32124887"
"JH378105","32753684","32753983","KQ053421v1","5610673","5610968","71","27143011"
"JH378105","33070593","33070873","KQ058242v1","595939","596205","92","32474654"
"JH378105","33071777","33072079","KQ053421v1","5610673","5610968","73","27461104"
"JH378105","33238443","33238677","KQ058242v1","595939","596205","89","32642504"
"JH378105","33246948","33247255","KQ053421v1","5610673","5610968","84","27636275"
"JH378105","33264245","33264542","KQ053421v1","5610673","5610968","79","27653572"
"JH378105","33408106","33408398","KQ053421v1","5610673","5610968","72","27797433"
"JH378105","33466090","33466372","KQ053421v1","5610673","5610968","86","27855417"
"JH378105","33535100","33535398","KQ058427v1","7786546","7786853","74","25748554"
"JH378105","33683591","33683900","KQ055352v1","6003171","6003466","71","27680420"
"JH378105","33807740","33808002","KQ057901v1","868884","869144","87","32938856"
"JH378105","33890796","33890998","KQ053234v1","1414405","1414609","52","32476391"
"JH378105","33895262","33895495","KQ056321v1","575951","576190","96","33319311"
"JH378105","33924545","33924696","KQ056493v1","2043382","2043488","61","31881163"
"JH378105","33969324","33969622","KQ053421v1","5610673","5610968","69","28358651"
"JH378105","34079823","34080110","KQ053421v1","5610673","5610968","84","28469150"
"JH378105","34107533","34107810","KQ057186v1","783828","784085","75","33323705"
"JH378105","34114204","34114512","KQ053421v1","5610673","5610968","73","28503531"
"JH378105","34118927","34119238","KQ055352v1","6003171","6003466","73","28115756"
"JH378105","34130532","34130836","KQ055352v1","6003171","6003466","71","28127361"
"JH378105","34207573","34207868","KQ053421v1","5610673","5610968","74","28596900"
"JH378105","34250857","34250948","KQ056279v1","759081","759162","31","33491776"
"JH378105","34289773","34290061","KQ053421v1","5610673","5610968","76","28679100"
"JH378105","34300097","34300382","KQ053421v1","5610673","5610968","81","28689424"
"JH378105","34354930","34355226","KQ055352v1","6003171","6003466","80","28351759"
"JH378105","34450306","34450616","KQ055352v1","6003171","6003466","73","28447135"
"JH378105","34641485","34641569","KQ053004v1","5079579","5079652","34","29561906"
"JH378105","34747410","34747536","KQ058272v1","5283309","5283400","53","29464101"
"JH378105","34821447","34821749","KQ053421v1","5610673","5610968","76","29210774"
"JH378105","34844889","34845198","KQ058427v1","7786546","7786853","74","27058343"
"JH378105","34881648","34881936","KQ058640v1","643463","643729","86","34238185"
"JH378105","34953520","34953818","KQ053421v1","5610673","5610968","73","29342847"
"JH378105","35013303","35013601","KQ053421v1","5610673","5610968","75","29402630"
"JH378105","35070374","35070674","KQ053421v1","5610673","5610968","67","29459701"
"JH378105","35138574","35138826","KQ058242v1","595939","596205","81","34542635"
"JH378105","35150970","35151261","KQ053421v1","5610673","5610968","79","29540297"
"JH378105","35175041","35175349","KQ055267v1","513773","514088","84","34661268"
"JH378105","35184732","35185018","KQ053785v1","888769","889063","77","34295963"
"JH378105","35220036","35220348","KQ055267v1","513773","514088","80","34706263"
"JH378105","35231244","35231536","KQ053421v1","5610673","5610968","81","29620571"
"JH378105","35245697","35245998","KQ053421v1","5610673","5610968","78","29635024"
"JH378105","35325568","35325860","KQ053421v1","5610673","5610968","67","29714895"
"JH378105","35339963","35340256","KQ053421v1","5610673","5610968","76","29729290"
"JH378105","35380618","35380929","KQ055267v1","513773","514088","74","34866845"
"JH378105","35473015","35473311","KQ053421v1","5610673","5610968","64","29862342"
"JH378105","35482395","35482695","KQ053421v1","5610673","5610968","64","29871722"
"JH378105","35507620","35507910","KQ053421v1","5610673","5610968","72","29896947"
"JH378105","35508260","35508555","KQ053421v1","5610673","5610968","71","29897587"
"JH378105","35514654","35514956","KQ053421v1","5610673","5610968","67","29903981"
"JH378105","35521578","35521877","KQ053421v1","5610673","5610968","71","29910905"
"JH378105","35533543","35533830","KQ053421v1","5610673","5610968","89","29922870"
"JH378105","35537905","35538164","KQ057901v1","868884","869144","83","34669021"
"JH378105","35560149","35560423","KQ058242v1","595939","596205","79","34964210"
"JH378105","35568616","35568915","KQ053421v1","5610673","5610968","84","29957943"
"JH378105","35584441","35584743","KQ053421v1","5610673","5610968","65","29973768"
"JH378105","35627552","35627860","KQ055267v1","513773","514088","69","35113779"
"JH378105","35632840","35633138","KQ053421v1","5610673","5610968","72","30022167"
"JH378105","35700486","35700783","KQ053421v1","5610673","5610968","68","30089813"
"JH378105","35739337","35739645","KQ053421v1","5610673","5610968","104","30128664"
"JH378105","35818232","35818526","KQ053421v1","5610673","5610968","67","30207559"
"JH378105","35827606","35827823","KQ055662v1","1890465","1890674","72","33937141"
"JH378105","35831879","35832171","KQ053421v1","5610673","5610968","77","30221206"
"JH378105","35846696","35846996","KQ053421v1","5610673","5610968","70","30236023"
"JH378105","35856423","35856717","KQ053421v1","5610673","5610968","69","30245750"
"JH378105","35858326","35858632","KQ055267v1","513773","514088","72","35344553"
"JH378105","35869463","35869747","KQ055862v1","1305285","1305561","85","34564178"
"JH378105","35870204","35870512","KQ055352v1","6003171","6003466","72","29867033"
"JH378105","35873599","35873902","KQ053421v1","5610673","5610968","68","30262926"
"JH378105","35918853","35918988","KQ053398v1","2623748","2623879","41","33295105"
"JH378105","35919420","35919602","KQ058350v1","9514178","9514352","47","26405242"
"JH378105","35967658","35967961","KQ058427v1","7786546","7786853","83","28181112"
"JH378105","35969087","35969391","KQ055267v1","513773","514088","72","35455314"
"JH378105","36010895","36011188","KQ053421v1","5610673","5610968","74","30400222"
"JH378105","36032849","36033138","KQ054815v1","2215557","2215844","74","33817292"
"JH378105","36039618","36039925","KQ055267v1","513773","514088","69","35525845"
"JH378105","36067656","36067962","KQ053421v1","5610673","5610968","79","30456983"
"JH378105","36082202","36082426","KQ055662v1","1890465","1890674","69","34191737"
"JH378105","36129577","36129887","KQ058427v1","7786546","7786853","80","28343031"
"JH378105","36144264","36144558","KQ053421v1","5610673","5610968","80","30533591"
"JH378105","36179917","36180189","KQ057186v1","783828","784085","73","35396089"
"JH378105","36196973","36197276","KQ053421v1","5610673","5610968","92","30586300"
"JH378105","36407221","36407535","KQ058427v1","7786546","7786853","87","28620675"
"JH378105","36414255","36414551","KQ053421v1","5610673","5610968","71","30803582"
"JH378105","36425887","36426181","KQ053421v1","5610673","5610968","68","30815214"
"JH378105","36428218","36428495","KQ054815v1","2215557","2215844","78","34212661"
"JH378105","36461206","36461486","KQ058242v1","595939","596205","87","35865267"
"JH378105","36612393","36612693","KQ053421v1","5610673","5610968","86","31001720"
"JH378105","36639472","36639764","KQ055352v1","6003171","6003466","75","30636301"
"JH378105","36672611","36672903","KQ053421v1","5610673","5610968","89","31061938"
"JH378105","36697798","36698090","KQ053421v1","5610673","5610968","76","31087125"
"JH378105","36710505","36710804","KQ053421v1","5610673","5610968","84","31099832"
"JH378105","36743246","36743533","KQ053421v1","5610673","5610968","83","31132573"
"JH378105","36764657","36764788","KQ053398v1","2623748","2623879","40","34140909"
"JH378105","36819237","36819486","KQ053234v1","1414405","1414609","87","35404832"
"JH378105","36823451","36823741","KQ053421v1","5610673","5610968","79","31212778"
"JH378105","36842226","36842526","KQ053421v1","5610673","5610968","83","31231553"
"JH378105","36879019","36879310","KQ053421v1","5610673","5610968","73","31268346"
"JH378105","36897873","36898148","KQ053421v1","5610673","5610968","77","31287200"
"JH378105","36941709","36941950","KQ058242v1","595939","596205","76","36345770"
"JH378105","36983058","36983257","KQ053234v1","1679581","1679757","88","35303477"
"JH378105","37074653","37074933","KQ053421v1","5610673","5610968","85","31463980"
"JH378105","37089277","37089576","KQ053421v1","5610673","5610968","72","31478604"
"JH378105","37091894","37092200","KQ055352v1","6003171","6003466","72","31088723"
"JH378105","37389876","37390173","KQ058427v1","7786546","7786853","84","29603330"
"JH378105","37415056","37415366","KQ055267v1","513773","514088","75","36901283"
"JH378105","37811129","37811440","KQ055352v1","6003171","6003466","73","31807958"
"JH378105","38091745","38092037","KQ053421v1","5610673","5610968","71","32481072"
"JH378105","38129102","38129387","KQ058640v1","643463","643729","80","37485639"
"JH378105","38202290","38202592","KQ053421v1","5610673","5610968","79","32591617"
"JH378105","38281137","38281435","KQ055267v1","513773","514088","79","37767364"
"JH378105","38305593","38305869","KQ053421v1","5610673","5610968","85","32694920"
"JH378105","38344335","38344637","KQ055267v1","513773","514088","75","37830562"
"JH378105","38453766","38454074","KQ053421v1","5610673","5610968","84","32843093"
"JH378105","38477837","38477989","KQ057449v1","1214348","1214489","47","37263489"
"JH378105","38499413","38499702","KQ053421v1","5610673","5610968","74","32888740"
"JH378105","38500725","38501030","KQ053421v1","5610673","5610968","75","32890052"
"JH378105","38506133","38506430","KQ053421v1","5610673","5610968","79","32895460"
"JH378105","38509514","38509810","KQ053421v1","5610673","5610968","70","32898841"
"JH378105","38549368","38549674","KQ055862v1","1305285","1305561","99","37244083"
"JH378105","38576570","38576868","KQ055862v1","1305285","1305561","74","37271285"
"JH378105","39033741","39034024","KQ054815v1","2215557","2215844","89","36818184"
"JH378105","39037125","39037421","KQ058427v1","7786546","7786853","85","31250579"
"JH378105","39079519","39079823","KQ053421v1","5610673","5610968","80","33468846"
"JH378105","39136364","39136669","KQ053421v1","5610673","5610968","74","33525691"
"JH378105","39143505","39143788","KQ053421v1","5610673","5610968","89","33532832"
"JH378105","39221024","39221326","KQ053421v1","5610673","5610968","79","33610351"
"JH378105","39291509","39291793","KQ058242v1","595939","596205","85","38695570"
"JH378105","39468347","39468641","KQ058427v1","7786546","7786853","82","31681801"
"JH378105","39490370","39490670","KQ055267v1","513773","514088","76","38976597"
"JH378105","39537910","39538217","KQ055352v1","6003171","6003466","69","33534739"
"JH378105","39570727","39571012","KQ053421v1","5610673","5610968","75","33960054"
"JH378105","39606188","39606486","KQ053421v1","5610673","5610968","70","33995515"
"JH378105","39656195","39656483","KQ053421v1","5610673","5610968","80","34045522"
"JH378105","39682473","39682761","KQ053421v1","5610673","5610968","72","34071800"
"JH378105","39687408","39687701","KQ053421v1","5610673","5610968","69","34076735"
"JH378105","39847569","39847859","KQ053421v1","5610673","5610968","78","34236896"
"JH378105","40146624","40146907","KQ053421v1","5610673","5610968","79","34535951"
"JH378105","40186524","40186822","KQ053421v1","5610673","5610968","73","34575851"
"JH378105","40197550","40197857","KQ058427v1","7786546","7786853","69","32411004"
"JH378105","40209259","40209569","KQ058427v1","7786546","7786853","74","32422713"
"JH378105","40216964","40217267","KQ053421v1","5610673","5610968","78","34606291"
"JH378105","40234425","40234703","KQ058640v1","643463","643729","83","39590962"
"JH378105","40392832","40393142","KQ053421v1","5610673","5610968","74","34782159"
"JH378105","40442833","40443124","KQ053421v1","5610673","5610968","93","34832160"
"JH378105","40582548","40582857","KQ053421v1","5610673","5610968","89","34971875"
"JH378105","40583266","40583568","KQ053421v1","5610673","5610968","66","34972593"
"JH378105","40616596","40616912","KQ055267v1","513773","514088","79","40102823"
"JH378105","40735643","40735765","KQ053398v1","2623748","2623879","44","38111895"
"JH378105","40754163","40754471","KQ058427v1","7786546","7786853","80","32967617"
"JH378105","40880622","40880931","KQ055352v1","6003171","6003466","79","34877451"
"JH378105","40979388","40979698","KQ053421v1","5610673","5610968","98","35368715"
"JH378105","40992202","40992465","KQ053883v1","6938067","6938331","89","34054135"
"JH378105","41005099","41005399","KQ053785v1","888769","889063","91","40116330"
"JH378105","41094171","41094468","KQ053421v1","5610673","5610968","73","35483498"
"JH378105","41149449","41149754","KQ053421v1","5610673","5610968","195","35538776"
"JH378105","41184838","41185149","KQ055267v1","513773","514088","77","40671065"
"JH378105","41256381","41256671","KQ053421v1","5610673","5610968","78","35645708"
"JH378105","41401336","41401632","KQ053421v1","5610673","5610968","69","35790663"
"JH378105","41527092","41527378","KQ053421v1","5610673","5610968","76","35916419"
"JH378105","41590441","41590753","KQ055267v1","513773","514088","75","41076668"
"JH378105","41646802","41647112","KQ055352v1","6003171","6003466","73","35643631"
"JH378105","41742743","41743054","KQ055352v1","6003171","6003466","71","35739572"
"JH378105","41983235","41983516","KQ053421v1","5610673","5610968","90","36372562"
"JH378105","42012322","42012586","KQ058640v1","643463","643729","92","41368859"
"JH378105","42075048","42075341","KQ053421v1","5610673","5610968","81","36464375"
"JH378105","42080493","42080794","KQ053421v1","5610673","5610968","65","36469820"
"JH378105","42150419","42150722","KQ053421v1","5610673","5610968","70","36539746"
"JH378105","42152072","42152386","KQ055267v1","513773","514088","84","41638299"
"JH378105","42188294","42188603","KQ058427v1","7786546","7786853","76","34401748"
"JH378105","42348465","42348732","KQ058339v1","4553625","4553889","80","37794840"
"JH378105","42653184","42653467","KQ053421v1","5610673","5610968","84","37042511"
"JH378105","42683625","42683903","KQ058640v1","643463","643729","82","42040162"
"JH378105","42709598","42709858","KQ058242v1","595939","596205","88","42113659"
"JH378105","43240459","43240774","KQ055352v1","6003171","6003466","70","37237288"
"JH378105","43283044","43283353","KQ055267v1","513773","514088","75","42769271"
"JH378105","43500935","43501236","KQ053421v1","5610673","5610968","74","37890262"
"JH378105","43517374","43517675","KQ053421v1","5610673","5610968","75","37906701"
"JH378105","43541191","43541497","KQ055267v1","513773","514088","86","43027418"
"JH378105","43617367","43617672","KQ053421v1","5610673","5610968","86","38006694"
"JH378105","43743255","43743538","KQ053421v1","5610673","5610968","90","38132582"
"JH378105","43858606","43858915","KQ055352v1","6003171","6003466","74","37855435"
"JH378105","43907213","43907523","KQ055267v1","513773","514088","72","43393440"
"JH378105","43907793","43908094","KQ053421v1","5610673","5610968","73","38297120"
"JH378105","44044327","44044627","KQ053421v1","5610673","5610968","81","38433654"
"JH378105","44509467","44509721","KQ058505v1","2207051","2207301","81","42302416"
"JH378105","44574133","44574436","KQ053421v1","5610673","5610968","73","38963460"
"JH378105","44586743","44587050","KQ055267v1","513773","514088","81","44072970"
"JH378105","44724499","44724707","KQ058594v1","5950443","5950621","66","38774056"
"JH378105","44882820","44883116","KQ053421v1","5610673","5610968","68","39272147"
"JH378105","45018063","45018357","KQ053421v1","5610673","5610968","73","39407390"
"JH378105","45023180","45023491","KQ053421v1","5610673","5610968","81","39412507"
"JH378105","45034913","45035217","KQ055267v1","513773","514088","81","44521140"
"JH378105","45061073","45061368","KQ053421v1","5610673","5610968","71","39450400"
"JH378105","45207949","45208233","KQ054815v1","2215557","2215844","73","42992392"
"JH378105","45291915","45292204","KQ053421v1","5610673","5610968","77","39681242"
"JH378105","45351811","45352121","KQ055267v1","513773","514088","71","44838038"
"JH378105","45357235","45357533","KQ053421v1","5610673","5610968","76","39746562"
"JH378105","45405490","45405763","KQ058242v1","595939","596205","69","44809551"
"JH378105","45434529","45434692","KQ053234v1","1679581","1679757","52","43754948"
"JH378105","45467133","45467417","KQ053421v1","5610673","5610968","76","39856460"
"JH378105","45546705","45547006","KQ053421v1","5610673","5610968","74","39936032"
"JH378105","45585324","45585610","KQ058427v1","7786546","7786853","88","37798778"
"JH378105","45722901","45723193","KQ053421v1","5610673","5610968","65","40112228"
"JH378105","45801032","45801333","KQ053421v1","5610673","5610968","70","40190359"
"JH378105","45829535","45829826","KQ053421v1","5610673","5610968","81","40218862"
"JH378105","45954119","45954257","KQ054401v1","3363241","3363379","42","42590878"
"JH378105","45997134","45997430","KQ053421v1","5610673","5610968","76","40386461"
"JH378105","46145469","46145760","KQ055862v1","1305285","1305561","85","44840184"
"JH378105","46260757","46261050","KQ053421v1","5610673","5610968","75","40650084"
"JH378105","46313551","46313854","KQ053421v1","5610673","5610968","84","40702878"
"JH378105","46378207","46378518","KQ058427v1","7786546","7786853","81","38591661"
"JH378105","46410471","46410754","KQ058640v1","643463","643729","85","45767008"
"JH378105","46539629","46539925","KQ053785v1","888769","889063","87","45650860"
"JH378105","46604044","46604356","KQ055352v1","6003171","6003466","73","40600873"
"JH378105","46685180","46685505","KQ053421v1","5610673","5610968","97","41074507"
"JH378105","46726167","46726251","KQ056235v1","1266284","1266361","22","45459883"
"JH378105","46835030","46835356","KQ058427v1","7786546","7786853","81","39048484"
"JH378105","46849851","46850154","KQ058427v1","7786546","7786853","78","39063305"
"JH378105","47090876","47091147","KQ058242v1","595939","596205","84","46494937"
"JH378105","47100680","47100974","KQ053421v1","5610673","5610968","78","41490007"
"JH378105","47113478","47113768","KQ053421v1","5610673","5610968","71","41502805"
"JH378105","47304039","47304368","KQ053421v1","5610673","5610968","90","41693366"
"JH378105","47317020","47317320","KQ053421v1","5610673","5610968","67","41706347"
"JH378105","47356586","47356866","KQ054815v1","2215557","2215844","76","45141029"
"JH378105","47366689","47366961","KQ055830v1","661716","661986","99","46704973"
"JH378105","47580753","47581050","KQ053421v1","5610673","5610968","91","41970080"
"JH378105","47584647","47584951","KQ053421v1","5610673","5610968","81","41973974"
"JH378105","47625058","47625357","KQ053421v1","5610673","5610968","65","42014385"
"JH378105","47752752","47752882","KQ053398v1","2623748","2623879","37","45129004"
"JH378105","47809923","47810229","KQ053421v1","5610673","5610968","80","42199250"
"JH378105","47952130","47952429","KQ053421v1","5610673","5610968","69","42341457"
"JH378105","47962322","47962624","KQ053421v1","5610673","5610968","68","42351649"
"JH378105","47974023","47974319","KQ053421v1","5610673","5610968","70","42363350"
"JH378105","47986679","47986800","KQ053398v1","2627781","2627909","39","45358898"
"JH378105","47989792","47990098","KQ055352v1","6003171","6003466","71","41986621"
"JH378105","47994215","47994505","KQ053421v1","5610673","5610968","80","42383542"
"JH378105","48044237","48044513","KQ053421v1","5610673","5610968","78","42433564"
"JH378105","48117264","48117562","KQ055352v1","6003171","6003466","88","42114093"
"JH378105","48163940","48164234","KQ053421v1","5610673","5610968","81","42553267"
"JH378105","48184482","48184770","KQ053421v1","5610673","5610968","77","42573809"
"JH378105","48192491","48192802","KQ053421v1","5610673","5610968","72","42581818"
"JH378105","48195794","48195924","KQ053398v1","2623748","2623879","31","45572046"
"JH378105","48208804","48208928","KQ053398v1","2623748","2623879","37","45585056"
"JH378105","48241748","48242057","KQ055352v1","6003171","6003466","71","42238577"
"JH378105","48294721","48294805","KQ058316v1","2226037","2226104","43","46068684"
"JH378105","48295183","48295284","KQ058561v1","4800360","4800424","49","43494823"
"JH378105","48300422","48300716","KQ053421v1","5610673","5610968","68","42689749"
"JH378105","48327116","48327322","KQ057449v1","1214348","1214489","96","47112768"
"JH378105","48478416","48478721","KQ053421v1","5610673","5610968","73","42867743"
"JH378105","48490456","48490765","KQ053421v1","5610673","5610968","73","42879783"
"JH378105","48513045","48513172","KQ053398v1","2623748","2623879","32","45889297"
"JH378105","48548157","48548468","KQ053421v1","5610673","5610968","82","42937484"
"JH378105","48601728","48601979","KQ058242v1","595939","596205","76","48005789"
"JH378105","48602178","48602477","KQ053421v1","5610673","5610968","67","42991505"
"JH378105","48628871","48629096","KQ054068v1","3638075","3638299","70","44990796"
"JH378105","48644747","48644945","KQ056064v1","326763","326940","65","48317984"
"JH378105","48655629","48655828","KQ055140v1","659740","659924","62","47995889"
"JH378105","48690099","48690390","KQ055267v1","513773","514088","93","48176326"
"JH378105","48717048","48717343","KQ053421v1","5610673","5610968","79","43106375"
"JH378105","48747843","48748140","KQ053421v1","5610673","5610968","71","43137170"
"JH378105","48811116","48811415","KQ053421v1","5610673","5610968","69","43200443"
"JH378105","48819973","48820272","KQ053421v1","5610673","5610968","69","43209300"
"JH378105","48850753","48851042","KQ053421v1","5610673","5610968","79","43240080"
"JH378105","48861016","48861319","KQ053421v1","5610673","5610968","78","43250343"
"JH378105","48881589","48881901","KQ058427v1","7786546","7786853","77","41095043"
"JH378105","48892771","48893083","KQ053135v1","5034940","5035266","97","43857831"
"JH378105","48939596","48939732","KQ053004v1","3064551","3064681","35","45875045"
"JH378105","48991736","48992032","KQ053421v1","5610673","5610968","77","43381063"
"JH378105","49016181","49016481","KQ053421v1","5610673","5610968","71","43405508"
"JH378105","49038680","49038985","KQ055352v1","6003171","6003466","69","43035509"
"JH378105","49042622","49042924","KQ055267v1","513773","514088","74","48528849"
"JH378105","49048000","49048309","KQ055352v1","6003171","6003466","73","43044829"
"JH378105","49060081","49060407","KQ053135v1","5034940","5035266","114","44025141"
"JH378105","49060443","49060753","KQ055352v1","6003171","6003466","72","43057272"
"JH378105","49065273","49065494","ABDC02053644v1","2226","2419","84","49063047"
"JH378105","49075187","49075484","KQ053421v1","5610673","5610968","69","43464514"
"JH378105","49080459","49080767","KQ053421v1","5610673","5610968","72","43469786"
"JH378105","49115208","49115502","KQ053421v1","5610673","5610968","74","43504535"
"JH378105","49121818","49122111","KQ058427v1","7786546","7786853","75","41335272"
"JH378105","49145356","49145454","KQ056279v1","759081","759162","32","48386275"
"JH378105","49167124","49167254","KQ053398v1","2623748","2623879","35","46543376"
"JH378105","49174134","49174446","KQ055267v1","513773","514088","85","48660361"
"JH378105","49184630","49184923","KQ053421v1","5610673","5610968","73","43573957"
"JH378105","49246926","49247089","KQ053993v1","1251070","1251235","47","47995856"
"JH378105","49278878","49279161","KQ053421v1","5610673","5610968","76","43668205"
"JH378105","49331076","49331380","KQ055267v1","513773","514088","75","48817303"
"JH378105","49349485","49349737","KQ057186v1","783828","784085","104","48565657"
"JH378105","49474296","49474576","KQ053421v1","5610673","5610968","76","43863623"
"JH378105","49477909","49478205","KQ053421v1","5610673","5610968","76","43867236"
"JH378105","49499882","49500000","KQ053037v1","816139","816250","45","48683743"
"JH378105","49505641","49505941","KQ053421v1","5610673","5610968","72","43894968"
"JH378105","49520831","49520988","KQ053993v1","1251070","1251235","50","48269761"
"JH378105","49597614","49597740","KQ053004v1","3064551","3064681","43","46533063"
"JH378105","49600590","49600895","KQ053421v1","5610673","5610968","82","43989917"
"JH378105","49628266","49628605","KQ053135v1","5034940","5035266","108","44593326"
"JH378105","49653214","49653478","KQ058242v1","595939","596205","73","49057275"
"JH378105","49681474","49681717","KQ057901v1","868884","869144","84","48812590"
"JH378105","49698138","49698432","KQ053421v1","5610673","5610968","74","44087465"
"JH378105","49714325","49714626","KQ053421v1","5610673","5610968","79","44103652"
"JH378105","49724272","49724582","KQ055267v1","513773","514088","81","49210499"
"JH378105","49790290","49790576","KQ053421v1","5610673","5610968","88","44179617"
"JH378105","49814037","49814163","KQ053398v1","2623748","2623879","38","47190289"
"JH378105","49847673","49847967","KQ053421v1","5610673","5610968","69","44237000"
"JH378105","49867657","49867950","KQ053421v1","5610673","5610968","78","44256984"
"JH378105","49871843","49872124","KQ053421v1","5610673","5610968","101","44261170"
"JH378105","49893345","49893450","KQ055717v1","1610376","1610476","39","48282969"
"JH378105","49961150","49961294","KQ053004v1","3064551","3064681","44","46896599"
"JH378105","50003747","50004061","KQ058427v1","7786546","7786853","77","42217201"
"JH378105","50033642","50033951","KQ053421v1","5610673","5610968","80","44422969"
"JH378105","50065719","50066018","KQ053421v1","5610673","5610968","73","44455046"
"JH378105","50077362","50077676","KQ055267v1","513773","514088","81","49563589"
"JH378105","50086145","50086444","KQ058427v1","7786546","7786853","75","42299599"
"JH378105","50120411","50120629","KQ052982v1","2032903","2033097","65","48087508"
"JH378105","50172695","50172996","KQ053421v1","5610673","5610968","78","44562022"
"JH378105","50232414","50232716","KQ053421v1","5610673","5610968","79","44621741"
"JH378105","50253042","50253346","KQ053421v1","5610673","5610968","70","44642369"
"JH378105","50274289","50274597","KQ053421v1","5610673","5610968","80","44663616"
"JH378105","50332097","50332396","KQ053421v1","5610673","5610968","72","44721424"
"JH378105","50405457","50405751","KQ053421v1","5610673","5610968","76","44794784"
"JH378105","50557279","50557589","KQ058427v1","7786546","7786853","75","42770733"
"JH378105","50594203","50594497","KQ053421v1","5610673","5610968","77","44983530"
"JH378105","50834596","50834888","KQ053421v1","5610673","5610968","72","45223923"
"JH378105","50937734","50938037","KQ053421v1","5610673","5610968","81","45327061"
"JH378105","51018322","51018596","KQ058427v1","6786866","6787134","83","44231456"
"JH378105","51150156","51150452","KQ053421v1","5610673","5610968","72","45539483"
"JH378105","51235666","51235978","KQ055267v1","513773","514088","74","50721893"
"JH378105","51339638","51339918","KQ058242v1","595939","596205","76","50743699"
"JH378105","51364266","51364547","KQ058640v1","643463","643729","83","50720803"
"JH378105","51372053","51372358","KQ053421v1","5610673","5610968","74","45761380"
"JH378105","51401218","51401531","KQ053421v1","5610673","5610968","86","45790545"
"JH378105","51403828","51404111","KQ054815v1","2215557","2215844","77","49188271"
"JH378105","51433435","51433727","KQ058242v1","595939","596205","87","50837496"
"JH378105","51530058","51530350","KQ053421v1","5610673","5610968","76","45919385"
"JH378105","51545728","51545941","KQ056064v1","326763","326940","73","51218965"
"JH378105","51583894","51584187","KQ053421v1","5610673","5610968","78","45973221"
"JH378105","51643529","51643821","KQ053421v1","5610673","5610968","74","46032856"
"JH378105","51647550","51647826","KQ053421v1","5610673","5610968","88","46036877"
"JH378105","51660306","51660620","KQ055267v1","513773","514088","81","51146533"
"JH378105","51671851","51672139","KQ055862v1","1305285","1305561","70","50366566"
"JH378105","51675629","51675912","KQ053421v1","5610673","5610968","81","46064956"
"JH378105","51679275","51679463","KQ058516v1","2165529","2165682","78","49513746"
"JH378105","51709204","51709426","KQ058274v1","300327","300497","79","51408877"
"JH378105","51730058","51730342","KQ053421v1","5610673","5610968","82","46119385"
"JH378105","51788511","51788640","KQ053398v1","2623748","2623879","36","49164763"
"JH378105","51805509","51805784","KQ053421v1","5610673","5610968","82","46194836"
"JH378105","51844449","51844758","KQ055267v1","513773","514088","79","51330676"
"JH378105","51852690","51852888","KQ058274v1","300327","300497","68","51552363"
"JH378105","51919732","51919941","KQ055662v1","1890465","1890674","68","50029267"
"JH378105","52012457","52012593","KQ054401v1","3363241","3363379","39","48649216"
"JH378105","52084006","52084293","KQ053421v1","5610673","5610968","85","46473333"
"JH378105","52274453","52274758","KQ058427v1","7786546","7786853","84","44487907"
"JH378105","52331956","52332254","KQ053421v1","5610673","5610968","88","46721283"
"JH378105","52540466","52540772","KQ053421v1","5610673","5610968","76","46929793"
"JH378105","52547896","52548206","KQ053421v1","5610673","5610968","75","46937223"
"JH378105","52658345","52658600","KQ057186v1","783828","784085","93","51874517"
"JH378105","52668618","52668927","KQ055267v1","513773","514088","74","52154845"
"JH378105","52734238","52734532","KQ053421v1","5610673","5610968","84","47123565"
"JH378105","52767622","52767922","KQ053421v1","5610673","5610968","72","47156949"
"JH378105","52830634","52830931","KQ054815v1","2215557","2215844","102","50615077"
"JH378105","52915789","52916071","KQ058242v1","595939","596205","85","52319850"
"JH378105","52939749","52939933","KQ058594v1","1033101","1033292","60","51906648"
"JH378105","52976019","52976321","KQ058242v1","595939","596205","84","52380080"
"JH378105","53139911","53140207","KQ053421v1","5610673","5610968","74","47529238"
"JH378105","53152461","53152768","KQ053421v1","5610673","5610968","78","47541788"
"JH378105","53228813","53229097","KQ058640v1","643463","643729","84","52585350"
"JH378105","53251210","53251422","KQ058594v1","1033101","1033292","69","52218109"
"JH378105","53282966","53283265","KQ053421v1","5610673","5610968","80","47672293"
"JH378105","53293239","53293525","KQ053421v1","5610673","5610968","75","47682566"
"JH378105","53317765","53317920","KQ053398v1","2623748","2623879","55","50694017"
"JH378105","53411197","53411486","KQ058242v1","595939","596205","86","52815258"
"JH378105","53539125","53539429","KQ053421v1","5610673","5610968","74","47928452"
"JH378105","53572831","53573130","KQ053421v1","5610673","5610968","76","47962158"
"JH378105","53578690","53578993","KQ053421v1","5610673","5610968","70","47968017"
"JH378105","53650669","53650968","KQ053421v1","5610673","5610968","81","48039996"
"JH378105","53666839","53666965","KQ054401v1","3363241","3363379","42","50303598"
"JH378105","53682450","53682761","KQ055352v1","6003171","6003466","75","47679279"
"JH378105","53695315","53695622","KQ058427v1","7786546","7786853","90","45908769"
"JH378105","53781718","53781834","KQ053398v1","2627781","2627909","41","51153937"
"JH378105","53921987","53922280","KQ053421v1","5610673","5610968","75","48311314"
"JH378105","54228719","54229011","KQ058505v1","2207051","2207301","105","52021668"
"JH378105","54272522","54272898","KQ055267v1","513773","514088","235","53758749"
"JH378105","54314364","54314469","KQ056493v1","2043382","2043488","41","52270982"
"JH378105","54315058","54315220","KQ054510v1","7582269","7582431","34","46732789"
"JH378105","54358749","54359025","KQ054815v1","2215557","2215844","85","52143192"
"JH378105","54379723","54380017","KQ058242v1","595939","596205","81","53783784"
"JH378105","54469196","54469518","KQ058427v1","7786546","7786853","89","46682650"
"JH378105","54500803","54501009","KQ053234v1","1414405","1414609","64","53086398"
"JH378105","54603597","54603893","KQ053421v1","5610673","5610968","71","48992924"
"JH378105","54659936","54660246","KQ053421v1","5610673","5610968","81","49049263"
"JH378105","54681142","54681428","KQ053421v1","5610673","5610968","82","49070469"
"JH378105","54770385","54770639","KQ058242v1","595939","596205","78","54174446"
"JH378105","54784256","54784568","KQ055267v1","513773","514088","72","54270483"
"JH378105","54838013","54838183","KQ055978v1","4311984","4312161","50","50526029"
"JH378105","54852264","54852567","KQ055352v1","6003171","6003466","71","48849093"
"JH378105","54854432","54854734","KQ053421v1","5610673","5610968","80","49243759"
"JH378105","54864983","54865263","KQ058427v1","6786866","6787134","88","48078117"
"JH378105","54876579","54876882","KQ053421v1","5610673","5610968","85","49265906"
"JH378105","54997639","54997936","KQ053785v1","888769","889063","87","54108870"
"JH378105","55101316","55101608","KQ053421v1","5610673","5610968","76","49490643"
"JH378105","55103858","55104164","KQ055267v1","513773","514088","86","54590085"
"JH378105","55122173","55122330","KQ053398v1","2623748","2623879","56","52498425"
"JH378105","55124924","55125211","KQ057901v1","868884","869144","85","54256040"
"JH378105","55133685","55133968","KQ053421v1","5610673","5610968","77","49523012"
"JH378105","55142026","55142325","KQ053421v1","5610673","5610968","77","49531353"
"JH378105","55143641","55143940","KQ053421v1","5610673","5610968","85","49532968"
"JH378105","55239884","55240155","KQ055862v1","1305285","1305561","94","53934599"
"JH378105","55248046","55248346","KQ053421v1","5610673","5610968","68","49637373"
"JH378105","55351313","55351433","KQ053398v1","2623748","2623879","44","52727565"
"JH378105","55383518","55383831","KQ055352v1","6003171","6003466","78","49380347"
"JH378105","55434450","55434666","KQ055662v1","1890465","1890674","88","53543985"
"JH378105","55440952","55441208","KQ053234v1","1414405","1414609","88","54026547"
"JH378105","55444518","55444819","KQ053421v1","5610673","5610968","79","49833845"
"JH378105","55522923","55523217","KQ053421v1","5610673","5610968","66","49912250"
"JH378105","55528131","55528441","KQ053421v1","5610673","5610968","87","49917458"
"JH378105","55530019","55530326","KQ058427v1","7786546","7786853","73","47743473"
"JH378105","55545375","55545659","KQ058427v1","7786546","7786853","96","47758829"
"JH378105","55558269","55558371","KQ056235v1","1266284","1266361","40","54291985"
"JH378105","55585365","55585662","KQ053421v1","5610673","5610968","86","49974692"
"JH378105","55619076","55619347","KQ058242v1","595939","596205","82","55023137"
"JH378105","55624235","55624535","KQ053421v1","5610673","5610968","77","50013562"
"JH378105","55626489","55626866","KQ053059v1","2548766","2549102","133","53077723"
"JH378105","55644505","55644798","KQ053421v1","5610673","5610968","82","50033832"
"JH378105","55645279","55645587","KQ053421v1","5610673","5610968","74","50034606"
"JH378105","55715295","55715599","KQ053421v1","5610673","5610968","79","50104622"
"JH378105","55788409","55788698","KQ053421v1","5610673","5610968","74","50177736"
"JH378105","55801498","55801786","KQ053421v1","5610673","5610968","78","50190825"
"JH378105","56228468","56228720","KQ058242v1","595939","596205","77","55632529"
"JH378105","56247106","56247220","KQ053398v1","2623748","2623879","46","53623358"
"JH378105","56264158","56264422","KQ058339v1","4553625","4553889","79","51710533"
"JH378105","56265618","56265892","KQ053421v1","5610673","5610968","90","50654945"
"JH378105","56277626","56277755","KQ053398v1","2627781","2627909","37","53649845"
"JH378105","56304138","56304292","KQ052968v1","13665640","13665790","49","42638498"
"JH378105","56343950","56344165","KQ057380v1","3344874","3345081","60","52999076"
"JH378105","56379840","56380129","KQ053421v1","5610673","5610968","88","50769167"
"JH378105","56434718","56434805","KQ056235v1","1266284","1266361","34","55168434"
"JH378105","56461706","56462015","KQ058427v1","7786546","7786853","88","48675160"
"JH378105","56493432","56493535","KQ055717v1","1610376","1610476","36","54883056"
"JH378105","56511891","56512182","KQ053421v1","5610673","5610968","84","50901218"
"JH378105","56520447","56520727","KQ058242v1","595939","596205","81","55924508"
"JH378105","56531525","56531802","KQ057186v1","783828","784085","74","55747697"
"JH378105","56578548","56578692","KQ058428v1","1396698","1396861","53","55181850"
"JH378105","56602027","56602143","KQ053398v1","2623748","2623879","46","53978279"
"JH378105","56630981","56631091","KQ056493v1","2043382","2043488","39","54587599"
"JH378105","56631599","56631753","KQ054510v1","7582269","7582431","44","49049330"
"JH378105","56647251","56647541","KQ053421v1","5610673","5610968","81","51036578"
"JH378105","56655546","56655865","KQ055267v1","513773","514088","81","56141773"
"JH378105","56658102","56658409","KQ055352v1","6003171","6003466","73","50654931"
"JH378105","56739753","56740046","KQ053421v1","5610673","5610968","70","51129080"
"JH378105","56746861","56747163","KQ053421v1","5610673","5610968","81","51136188"
"JH378105","56797992","56798271","KQ053421v1","5610673","5610968","90","51187319"
"JH378105","56801125","56801412","KQ053421v1","5610673","5610968","90","51190452"
"JH378105","56902417","56902720","KQ053421v1","5610673","5610968","67","51291744"
"JH378105","56923115","56923419","KQ053421v1","5610673","5610968","72","51312442"
"JH378105","56962366","56962655","KQ053421v1","5610673","5610968","87","51351693"
"JH378105","57128838","57129152","KQ053421v1","5610673","5610968","86","51518165"
"JH378105","57136856","57137042","KQ053234v1","1414405","1414609","56","55722451"
"JH378105","57216990","57217297","KQ058427v1","7786546","7786853","87","49430444"
"JH378105","57227425","57227546","KQ053398v1","2623748","2623879","41","54603677"
"JH378105","57270606","57270884","KQ058242v1","595939","596205","81","56674667"
"JH378105","57286318","57286558","KQ058509v1","24058","24271","75","57262260"
"JH378105","57316744","57317028","KQ053785v1","888769","889063","84","56427975"
"JH378105","57345862","57345936","KQ056235v1","1266284","1266361","24","56079578"
"JH378105","57346063","57346124","KQ058316v1","2226037","2226104","24","55120026"
"JH378105","57346129","57346427","KQ053421v1","5610673","5610968","78","51735456"
"JH378105","57367252","57367556","KQ058427v1","7786546","7786853","80","49580706"
"JH378105","57401375","57401692","KQ055267v1","513773","514088","79","56887602"
"JH378105","57457880","57458190","KQ055352v1","6003171","6003466","97","51454709"
"JH378105","57466484","57466706","KQ058242v1","595939","596205","91","56870545"
"JH378105","57496454","57496545","KQ053998v1","8863","8933","32","57487591"
"JH378105","57497476","57497536","KQ054400v1","3798579","3798624","33","53698897"
"JH378105","57526421","57526648","ABDC02053644v1","2226","2419","94","57524195"
"JH378105","57533423","57533553","KQ053398v1","2623748","2623879","33","54909675"
"JH378105","57585569","57585822","KQ056321v1","575951","576190","104","57009618"
"JH378105","57651417","57651492","KQ058316v1","2226037","2226104","32","55425380"
"JH378105","57678273","57678395","KQ053398v1","2623748","2623879","39","55054525"
"JH378105","57680976","57681107","KQ053398v1","2623748","2623879","42","55057228"
"JH378105","57710095","57710223","KQ053398v1","2623748","2623879","38","55086347"
"JH378105","57718310","57718602","KQ053421v1","5610673","5610968","73","52107637"
"JH378105","57731437","57731580","KQ053004v1","3064551","3064681","47","54666886"
"JH378105","57734077","57734380","KQ053421v1","5610673","5610968","86","52123404"
"JH378105","57769962","57770233","KQ058242v1","595939","596205","87","57174023"
"JH378105","57780209","57780432","KQ057380v1","3344874","3345081","70","54435335"
"JH378105","57781876","57782167","KQ053421v1","5610673","5610968","77","52171203"
"JH378105","57790427","57790733","KQ053421v1","5610673","5610968","85","52179754"
"JH378105","57876931","57877238","KQ053421v1","5610673","5610968","80","52266258"
"JH378105","57895475","57895769","KQ053421v1","5610673","5610968","67","52284802"
"JH378105","57898298","57898574","KQ058242v1","595939","596205","82","57302359"
"JH378105","57900788","57900917","KQ053398v1","2623748","2623879","36","55277040"
"JH378105","57917327","57917589","KQ053883v1","6938067","6938331","88","50979260"
"JH378105","57918506","57918788","KQ058339v1","4553625","4553889","92","53364881"
"JH378105","57970788","57970892","KQ056493v1","2043382","2043488","48","55927406"
"JH378105","57973119","57973422","KQ058427v1","7786546","7786853","84","50186573"
"JH378105","58007602","58007725","KQ054401v1","3363241","3363379","41","54644361"
"JH378105","58039123","58039398","KQ055862v1","1305285","1305561","84","56733838"
"JH378105","58039701","58039879","KQ053234v1","1679581","1679757","42","56360120"
"JH378105","58048536","58048802","KQ055862v1","1305285","1305561","70","56743251"
"JH378105","58050619","58050902","KQ058427v1","7786546","7786853","87","50264073"
"JH378105","58051023","58051361","KQ053059v1","2548766","2549102","102","55502257"
"JH378105","58068708","58069021","KQ053421v1","5610673","5610968","89","52458035"
"JH378105","58141162","58141451","KQ053421v1","5610673","5610968","77","52530489"
"JH378105","58143976","58144266","KQ053421v1","5610673","5610968","74","52533303"
"JH378105","58177386","58177664","KQ053785v1","888769","889063","81","57288617"
"JH378105","58187369","58187672","KQ053421v1","5610673","5610968","77","52576696"
"JH378105","58192202","58192470","KQ055862v1","1305285","1305561","80","56886917"
"JH378105","58299747","58299962","ABDC02053644v1","2226","2419","80","58297521"
"JH378105","58368358","58368598","KQ058242v1","595939","596205","79","57772419"
"JH378105","58503559","58503839","KQ058339v1","4553625","4553889","82","53949934"
"JH378105","58636842","58637008","KQ053234v1","1679581","1679757","52","56957261"
"JH378105","58701274","58701592","KQ058427v1","7786546","7786853","89","50914728"
"JH378105","58710175","58710468","KQ053421v1","5610673","5610968","77","53099502"
"JH378105","58762010","58762305","KQ058427v1","6786866","6787134","79","51975144"
"JH378105","58936671","58936979","KQ053421v1","5610673","5610968","82","53325998"
"JH378105","58956415","58956717","KQ053421v1","5610673","5610968","80","53345742"
"JH378105","59066242","59066558","KQ058427v1","7786546","7786853","85","51279696"
"JH378105","59067579","59067855","KQ058339v1","4553625","4553889","75","54513954"
"JH378105","59186750","59187050","KQ053421v1","5610673","5610968","70","53576077"
"JH378105","59279657","59279957","KQ053421v1","5610673","5610968","86","53668984"
"JH378105","59299605","59299856","KQ058242v1","595939","596205","83","58703666"
"JH378105","59324918","59325212","KQ053421v1","5610673","5610968","70","53714245"
"JH378105","59382607","59382918","KQ055267v1","513773","514088","102","58868834"
"JH378105","59433152","59433402","KQ058242v1","595939","596205","79","58837213"
"JH378105","59476727","59476963","KQ058242v1","595939","596205","79","58880788"
"JH378105","59636789","59637095","KQ055267v1","513773","514088","69","59123016"
"JH378105","59647516","59647805","KQ053421v1","5610673","5610968","82","54036843"
"JH378105","59896076","59896370","KQ053421v1","5610673","5610968","71","54285403"
"JH378105","60069288","60069571","KQ058242v1","595939","596205","85","59473349"
"JH378105","60164227","60164435","KQ056064v1","326763","326940","74","59837464"
"JH378105","60180074","60180385","KQ055352v1","6003171","6003466","74","54176903"
"JH378105","60353827","60354122","KQ053421v1","5610673","5610968","88","54743154"
"JH378105","60404555","60404854","KQ053421v1","5610673","5610968","80","54793882"
"JH378105","60792432","60792743","KQ055352v1","6003171","6003466","71","54789261"
"JH378105","60830210","60830519","KQ055352v1","6003171","6003466","69","54827039"
"JH378105","60921668","60921843","KQ053993v1","1251070","1251235","42","59670598"
"JH378105","60939490","60939795","KQ053421v1","5610673","5610968","71","55328817"
"JH378105","61045363","61045536","KQ053093v1","1668172","1668343","50","59377191"
"JH378105","61147691","61147933","KQ055662v1","1890465","1890674","76","59257226"
"JH378105","61179056","61179352","KQ053421v1","5610673","5610968","76","55568383"
"JH378105","61419973","61420283","KQ058427v1","7786546","7786853","84","53633427"
"JH378105","61483071","61483352","KQ053421v1","5610673","5610968","93","55872398"
"JH378105","61511201","61511513","KQ055267v1","513773","514088","73","60997428"
"JH378105","61524158","61524440","KQ053421v1","5610673","5610968","86","55913485"
"JH378105","61528650","61528951","KQ053421v1","5610673","5610968","74","55917977"
"JH378105","61573231","61573538","KQ055352v1","6003171","6003466","71","55570060"
"JH378105","61648649","61648949","KQ053421v1","5610673","5610968","80","56037976"
"JH378105","61726129","61726440","KQ055267v1","513773","514088","75","61212356"
"JH378105","61731407","61731704","KQ053421v1","5610673","5610968","71","56120734"
"JH378105","61818106","61818256","KQ053398v1","2623748","2623879","47","59194358"
"JH378105","61827448","61827619","KQ053531v1","6571","6737","62","61820877"
"JH378105","61845671","61845852","KQ058350v1","9514178","9514352","43","52331493"
"JH378105","61863865","61864169","KQ053421v1","5610673","5610968","74","56253192"
"JH378105","61868977","61869288","KQ055267v1","513773","514088","76","61355204"
"JH378105","61884929","61885235","KQ058427v1","7786546","7786853","76","54098383"
"JH378105","61911920","61912230","KQ053421v1","5610673","5610968","78","56301247"
"JH378105","61998711","61999013","KQ053421v1","5610673","5610968","71","56388038"
"JH378105","62034964","62035262","KQ053421v1","5610673","5610968","68","56424291"
"JH378105","62223449","62223760","KQ055352v1","6003171","6003466","70","56220278"
"JH378105","62470864","62471174","KQ055267v1","513773","514088","75","61957091"
"JH378105","62534057","62534368","KQ055267v1","513773","514088","71","62020284"
"JH378105","62699018","62699277","KQ058242v1","595939","596205","72","62103079"
"JH378105","62723448","62723754","KQ053421v1","5610673","5610968","73","57112775"
"JH378105","62739259","62739540","KQ058640v1","643463","643729","89","62095796"
"JH378105","62919621","62919934","KQ058427v1","7786546","7786853","75","55133075"
"JH378105","63028820","63029117","KQ053421v1","5610673","5610968","69","57418147"
"JH378105","63247772","63248082","KQ055352v1","6003171","6003466","86","57244601"
"JH378105","63384359","63384657","KQ053421v1","5610673","5610968","75","57773686"
"JH378105","63402868","63402983","KQ053398v1","2623748","2623879","42","60779120"
"JH378105","63426036","63426346","KQ053421v1","5610673","5610968","69","57815363"
"JH378105","63476678","63476980","KQ053421v1","5610673","5610968","74","57866005"
"JH378105","63614532","63614729","KQ058350v1","9514178","9514352","63","54100354"
"JH378105","63662265","63662547","KQ053421v1","5610673","5610968","94","58051592"
"JH378105","63753756","63754067","KQ053421v1","5610673","5610968","74","58143083"
"JH378105","63878743","63879046","KQ053421v1","5610673","5610968","73","58268070"
"JH378105","63921885","63922199","KQ055267v1","513773","514088","75","63408112"
"JH378105","63985619","63985950","KQ055267v1","513773","514088","93","63471846"
"JH378105","63991447","63991731","KQ058339v1","4553625","4553889","80","59437822"
"JH378105","64050083","64050380","KQ053421v1","5610673","5610968","84","58439410"
"JH378105","64144422","64144730","KQ055352v1","6003171","6003466","85","58141251"
"JH378105","64153538","64153843","KQ053421v1","5610673","5610968","72","58542865"
"JH378105","64224764","64225067","KQ053421v1","5610673","5610968","70","58614091"
"JH378105","64288762","64289066","KQ055352v1","6003171","6003466","72","58285591"
"JH378105","64414303","64414605","KQ053421v1","5610673","5610968","73","58803630"
"JH378105","64594953","64595216","KQ055862v1","1305285","1305561","80","63289668"
"JH378105","64596384","64596683","KQ053421v1","5610673","5610968","71","58985711"
"JH378105","64676620","64676827","KQ055662v1","1890465","1890674","61","62786155"
"JH378105","64706059","64706362","KQ055352v1","6003171","6003466","69","58702888"
"JH378105","64729513","64729811","KQ053421v1","5610673","5610968","68","59118840"
"JH378105","65130480","65130780","KQ053421v1","5610673","5610968","74","59519807"
"JH378105","65154587","65154886","KQ053421v1","5610673","5610968","70","59543914"
"JH378105","65566577","65566888","KQ055267v1","513773","514088","71","65052804"
"JH378105","65604087","65604387","KQ053421v1","5610673","5610968","77","59993414"
"JH378105","65770589","65770898","KQ055267v1","513773","514088","75","65256816"
"JH378105","65884903","65885201","KQ053421v1","5610673","5610968","71","60274230"
"JH378105","65891087","65891396","KQ053421v1","5610673","5610968","74","60280414"
"JH378105","66035726","66036021","KQ053421v1","5610673","5610968","73","60425053"
"JH378105","66161391","66161563","KQ058423v1","270754","270928","40","65890637"
"JH378105","66172366","66172664","KQ053421v1","5610673","5610968","74","60561693"
"JH378105","66188338","66188626","KQ053421v1","5610673","5610968","73","60577665"
"JH378105","66234180","66234490","KQ055267v1","513773","514088","72","65720407"
"JH378105","66265252","66265562","KQ055267v1","513773","514088","73","65751479"
"JH378105","66428435","66428730","KQ053421v1","5610673","5610968","71","60817762"
"JH378105","66562688","66563029","KQ055352v1","6003171","6003466","97","60559517"
"JH378105","67073984","67074274","KQ053421v1","5610673","5610968","75","61463311"
"JH378105","67074775","67075066","KQ053421v1","5610673","5610968","70","61464102"
"JH378105","67130674","67130968","KQ053421v1","5610673","5610968","72","61520001"
"JH378105","67230940","67231248","KQ058427v1","7786546","7786853","78","59444394"
"JH378105","67241475","67241786","KQ055352v1","6003171","6003466","74","61238304"
"JH378105","67335008","67335093","KQ055579v1","54828","54918","32","67280180"
"JH378105","67355954","67356250","KQ053421v1","5610673","5610968","70","61745281"
"JH378105","67440455","67440748","KQ053421v1","5610673","5610968","71","61829782"
"JH378105","67515224","67515528","KQ053421v1","5610673","5610968","71","61904551"
"JH378105","67585005","67585315","KQ055267v1","513773","514088","70","67071232"
"JH378105","67690966","67691268","KQ053421v1","5610673","5610968","67","62080293"
"JH378105","67767746","67768045","KQ053421v1","5610673","5610968","79","62157073"
"JH378105","67820997","67821301","KQ055352v1","6003171","6003466","71","61817826"
"JH378105","68057547","68057789","KQ058509v1","24058","24271","75","68033489"
"JH378105","68087831","68088008","KQ058561v1","5509651","5509809","67","62578180"
"JH378105","68099727","68100023","KQ053421v1","5610673","5610968","67","62489054"
"JH378105","68177274","68177564","KQ053421v1","5610673","5610968","83","62566601"
"JH378105","68189765","68189977","KQ052982v1","2032903","2033097","56","66156862"
"JH378105","68218749","68219056","KQ058427v1","7786546","7786853","83","60432203"
"JH378105","68300244","68300546","KQ058427v1","7786546","7786853","86","60513698"
"JH378105","68542472","68542779","KQ055352v1","6003171","6003466","70","62539301"
"JH378105","68638098","68638410","KQ053421v1","5610673","5610968","72","63027425"
"JH378105","68732811","68733033","KQ058594v1","1033101","1033292","70","67699710"
"JH378105","68746051","68746351","KQ053421v1","5610673","5610968","76","63135378"
"JH378105","68906764","68907094","KQ055267v1","513773","514088","94","68392991"
"JH378105","69025222","69025517","KQ053421v1","5610673","5610968","69","63414549"
"JH378105","69065038","69065316","KQ053785v1","888769","889063","85","68176269"
"JH378105","69072295","69072513","KQ058274v1","300327","300497","83","68771968"
"JH378105","69120451","69120739","KQ058640v1","643463","643729","78","68476988"
"JH378105","69134190","69134488","KQ053421v1","5610673","5610968","72","63523517"
"JH378105","69143886","69144182","KQ053421v1","5610673","5610968","76","63533213"
"JH378105","69237187","69237338","KQ054401v1","3363241","3363379","45","65873946"
"JH378105","69242024","69242183","KQ057161v1","453350","453459","70","68788674"
"JH378105","69247374","69247666","KQ055862v1","1305285","1305561","84","67942089"
"JH378105","69282578","69282884","KQ055267v1","513773","514088","71","68768805"
"JH378105","69308673","69308975","KQ055352v1","6003171","6003466","72","63305502"
"JH378105","69309182","69309488","KQ055352v1","6003171","6003466","71","63306011"
"JH378105","69440023","69440180","KQ052968v1","13665640","13665790","54","55774383"
"JH378105","69500001","69500280","KQ058242v1","595939","596205","92","68904062"
"JH378105","69500282","69500344","KQ054400v1","3798579","3798624","32","65701703"
"JH378105","69515408","69515697","KQ055267v1","513773","514088","86","69001635"
"JH378105","69573370","69573671","KQ053421v1","5610673","5610968","66","63962697"
"JH378105","69635552","69635846","KQ058427v1","7786546","7786853","85","61849006"
"JH378105","69647312","69647609","KQ053421v1","5610673","5610968","68","64036639"
"JH378105","69672284","69672593","KQ055352v1","6003171","6003466","74","63669113"
"JH378105","69780035","69780340","KQ053421v1","5610673","5610968","90","64169362"
"JH378105","69827128","69827408","KQ058242v1","595939","596205","87","69231189"
"JH378105","69989806","69990100","KQ058339v1","4553625","4553889","79","65436181"
"JH378105","70297980","70298287","KQ053421v1","5610673","5610968","77","64687307"
"JH378105","70375997","70376278","KQ054815v1","2215557","2215844","80","68160440"
"JH378105","70598658","70598969","KQ055352v1","6003171","6003466","72","64595487"
"JH378105","70631344","70631641","KQ053421v1","5610673","5610968","68","65020671"
"JH378105","70635453","70635695","KQ057901v1","868884","869144","81","69766569"
"JH378105","70770269","70770566","KQ053421v1","5610673","5610968","69","65159596"
"JH378105","70776621","70776893","KQ058242v1","595939","596205","69","70180682"
"JH378105","70806974","70807255","KQ058242v1","595939","596205","85","70211035"
"JH378105","70816542","70816845","KQ053421v1","5610673","5610968","79","65205869"
"JH378105","70935466","70935700","KQ058505v1","2207051","2207301","77","68728415"
"JH378105","70964938","70965233","KQ053421v1","5610673","5610968","70","65354265"
"JH378105","71008599","71008884","KQ054815v1","2215557","2215844","73","68793042"
"JH378105","71034723","71035026","KQ053421v1","5610673","5610968","91","65424050"
"JH378105","71097983","71098265","KQ054815v1","2215557","2215844","80","68882426"
"JH378105","71108664","71108974","KQ053421v1","5610673","5610968","73","65497991"
"JH378105","71193039","71193336","KQ053421v1","5610673","5610968","81","65582366"
"JH378105","71218609","71218912","KQ053421v1","5610673","5610968","76","65607936"
"JH378105","71295602","71295905","KQ053421v1","5610673","5610968","67","65684929"
"JH378105","71431706","71432009","KQ055352v1","6003171","6003466","72","65428535"
"JH378105","71515065","71515373","KQ055267v1","513773","514088","73","71001292"
"JH378105","71582140","71582458","KQ053421v1","5610673","5610968","84","65971467"
"JH378105","71909508","71909817","KQ055352v1","6003171","6003466","73","65906337"
"JH378105","72128222","72128484","KQ058242v1","595939","596205","60","71532283"
"JH378105","72158445","72158578","KQ057161v1","453350","453459","56","71705095"
"JH378106","58982280","58982567","KQ053421v1","5610673","5610968","71","53371607"
"JH378106","64487351","64487467","KQ055717v1","1610376","1610476","43","62876975"
"JH378106","80489","80793","KQ053421v1","5610673","5610968","72","5530184"
"JH378106","109231","109522","KQ053421v1","5610673","5610968","69","5501442"
"JH378106","218645","218949","KQ053421v1","5610673","5610968","70","5392028"
"JH378106","231879","232173","KQ053421v1","5610673","5610968","67","5378794"
"JH378106","238785","239061","KQ053421v1","5610673","5610968","85","5371888"
"JH378106","317392","317495","KQ058316v1","2226037","2226104","49","1908645"
"JH378106","317622","317784","KQ058274v1","300327","300497","56","17295"
"JH378106","349184","349487","KQ055352v1","6003171","6003466","71","5653987"
"JH378106","351643","351946","KQ053421v1","5610673","5610968","70","5259030"
"JH378106","399583","399857","KQ056321v1","575951","576190","95","176368"
"JH378106","407868","407992","KQ052968v1","13665640","13665790","57","13257772"
"JH378106","408420","408548","KQ053398v1","2623748","2623879","39","2215328"
"JH378106","590973","591289","KQ058427v1","7786546","7786853","81","7195573"
"JH378106","677465","677784","KQ058427v1","7786546","7786853","82","7109081"
"JH378106","737439","737754","KQ055267v1","513773","514088","78","223666"
"JH378106","783816","784058","KQ058339v1","4553625","4553889","87","3769809"
"JH378106","785359","785658","KQ053421v1","5610673","5610968","67","4825314"
"JH378106","786990","787133","KQ053004v1","3064551","3064681","42","2277561"
"JH378106","817845","818142","KQ053421v1","5610673","5610968","66","4792828"
"JH378106","1040839","1041142","KQ053421v1","5610673","5610968","68","4569834"
"JH378106","1070650","1070955","KQ058427v1","7786546","7786853","80","6715896"
"JH378106","1074595","1074874","KQ054815v1","2215557","2215844","85","1140962"
"JH378106","1133535","1133816","KQ053421v1","5610673","5610968","85","4477138"
"JH378106","1155818","1156132","KQ053421v1","5610673","5610968","81","4454855"
"JH378106","1168081","1168389","KQ053421v1","5610673","5610968","75","4442592"
"JH378106","1182052","1182351","KQ053421v1","5610673","5610968","78","4428621"
"JH378106","1240414","1240641","KQ058242v1","595939","596205","93","644475"
"JH378106","1321551","1321767","KQ055662v1","1890465","1890674","76","568914"
"JH378106","1336078","1336365","KQ053421v1","5610673","5610968","74","4274595"
"JH378106","1349286","1349592","KQ055267v1","513773","514088","71","835513"
"JH378106","1355233","1355530","KQ053421v1","5610673","5610968","71","4255440"
"JH378106","1430912","1431082","KQ058350v1","9514178","9514352","46","8083266"
"JH378106","1431397","1431476","KQ058316v1","2226037","2226104","28","794640"
"JH378106","1479757","1480063","KQ058427v1","7786546","7786853","85","6306789"
"JH378106","1499746","1500000","KQ058242v1","595939","596205","71","903807"
"JH378106","1561592","1561887","KQ053421v1","5610673","5610968","75","4049081"
"JH378106","1569390","1569688","KQ053421v1","5610673","5610968","78","4041283"
"JH378106","1594094","1594231","KQ052968v1","13665640","13665790","56","12071546"
"JH378106","1594623","1594763","KQ053398v1","2623748","2623879","34","1029125"
"JH378106","1608648","1608945","KQ053421v1","5610673","5610968","69","4002025"
"JH378106","1637663","1637973","KQ055267v1","513773","514088","70","1123890"
"JH378106","1656636","1656919","KQ055267v1","513773","514088","97","1142863"
"JH378106","1665650","1665927","KQ058242v1","595939","596205","79","1069711"
"JH378106","1692129","1692415","KQ053421v1","5610673","5610968","82","3918544"
"JH378106","1700921","1701252","KQ053059v1","2548766","2549102","88","847845"
"JH378106","1751819","1752127","KQ053421v1","5610673","5610968","72","3858854"
"JH378106","1891698","1891988","KQ054815v1","2215557","2215844","82","323859"
"JH378106","1918583","1918893","KQ055267v1","513773","514088","82","1404810"
"JH378106","1935781","1936095","KQ055267v1","513773","514088","79","1422008"
"JH378106","2163229","2163492","KQ055862v1","1305285","1305561","77","857944"
"JH378106","2174030","2174332","KQ053421v1","5610673","5610968","71","3436643"
"JH378106","2218924","2219227","KQ055352v1","6003171","6003466","68","3784247"
"JH378106","2311714","2312024","KQ055267v1","513773","514088","86","1797941"
"JH378106","2341340","2341658","KQ053421v1","5610673","5610968","99","3269333"
"JH378106","2577605","2577901","KQ053421v1","5610673","5610968","82","3033068"
"JH378106","2636704","2637004","KQ053421v1","5610673","5610968","68","2973969"
"JH378106","2676157","2676471","KQ055267v1","513773","514088","83","2162384"
"JH378106","2775720","2776019","KQ053421v1","5610673","5610968","73","2834953"
"JH378106","2781927","2782200","KQ057186v1","783828","784085","79","1998099"
"JH378106","2896957","2897258","KQ058427v1","7786546","7786853","83","4889589"
"JH378106","2986747","2987058","KQ055352v1","6003171","6003466","72","3016424"
"JH378106","3005730","3006024","KQ053421v1","5610673","5610968","83","2604943"
"JH378106","3100366","3100655","KQ058640v1","643463","643729","79","2456903"
"JH378106","3128586","3128858","KQ058242v1","595939","596205","75","2532647"
"JH378106","3188068","3188406","KQ053421v1","5610673","5610968","98","2422605"
"JH378106","3205840","3206150","KQ053421v1","5610673","5610968","81","2404833"
"JH378106","3224769","3225066","KQ053421v1","5610673","5610968","80","2385904"
"JH378106","3428684","3428988","KQ053421v1","5610673","5610968","71","2181989"
"JH378106","3441249","3441549","KQ053421v1","5610673","5610968","72","2169424"
"JH378106","3456887","3457193","KQ053421v1","5610673","5610968","74","2153786"
"JH378106","3459806","3460104","KQ053421v1","5610673","5610968","71","2150867"
"JH378106","3801996","3802300","KQ053421v1","5610673","5610968","76","1808677"
"JH378106","3843483","3843807","KQ053421v1","5610673","5610968","165","1767190"
"JH378106","3911832","3912031","KQ053531v1","6571","6737","84","3905261"
"JH378106","3972256","3972459","ABDC02053644v1","2226","2419","78","3970030"
"JH378106","4086597","4086879","KQ053421v1","5610673","5610968","89","1524076"
"JH378106","4246429","4246733","KQ053421v1","5610673","5610968","85","1364244"
"JH378106","4246970","4247283","KQ058427v1","7786546","7786853","91","3539576"
"JH378106","4396057","4396368","KQ055352v1","6003171","6003466","74","1607114"
"JH378106","4423603","4423901","KQ055267v1","513773","514088","82","3909830"
"JH378106","4640351","4640641","KQ053421v1","5610673","5610968","78","970322"
"JH378106","4641611","4641921","KQ055267v1","513773","514088","79","4127838"
"JH378106","4650725","4651028","KQ053421v1","5610673","5610968","74","959948"
"JH378106","4678908","4679215","KQ053421v1","5610673","5610968","90","931765"
"JH378106","4733037","4733320","KQ053421v1","5610673","5610968","83","877636"
"JH378106","4881143","4881438","KQ053421v1","5610673","5610968","78","729530"
"JH378106","4893321","4893623","KQ053421v1","5610673","5610968","87","717352"
"JH378106","4913915","4914226","KQ055267v1","513773","514088","77","4400142"
"JH378106","4924143","4924455","KQ058427v1","7786546","7786853","91","2862403"
"JH378106","4948087","4948397","KQ055267v1","513773","514088","71","4434314"
"JH378106","5054663","5054958","KQ053421v1","5610673","5610968","87","556010"
"JH378106","5055081","5055396","KQ055267v1","513773","514088","79","4541308"
"JH378106","5256759","5257058","KQ053421v1","5610673","5610968","88","353914"
"JH378106","5262028","5262154","KQ053398v1","2623748","2623879","36","2638280"
"JH378106","5295925","5296212","KQ053421v1","5610673","5610968","73","314748"
"JH378106","5363098","5363399","KQ055352v1","6003171","6003466","69","640073"
"JH378106","5469083","5469371","KQ053421v1","5610673","5610968","83","141590"
"JH378106","5705274","5705563","KQ053421v1","5610673","5610968","87","94601"
"JH378106","6160025","6160312","KQ058427v1","7786546","7786853","87","1626521"
"JH378106","6316325","6316643","KQ055267v1","513773","514088","91","5802552"
"JH378106","6366937","6367090","KQ053267v1","1313653","1313811","36","5053284"
"JH378106","6405962","6406256","KQ053421v1","5610673","5610968","81","795289"
"JH378106","6440760","6441058","KQ053421v1","5610673","5610968","75","830087"
"JH378106","6459771","6460051","KQ053421v1","5610673","5610968","89","849098"
"JH378106","6478344","6478638","KQ053421v1","5610673","5610968","66","867671"
"JH378106","6512897","6513079","KQ056064v1","326763","326940","63","6186134"
"JH378106","6527751","6528049","KQ055862v1","1305285","1305561","80","5222466"
"JH378106","6539395","6539533","KQ056493v1","2043382","2043488","56","4496013"
"JH378106","6548137","6548424","KQ053421v1","5610673","5610968","74","937464"
"JH378106","6594445","6594714","KQ056321v1","575951","576190","89","6018494"
"JH378106","6607811","6608095","KQ053421v1","5610673","5610968","76","997138"
"JH378106","6611624","6611820","KQ058594v1","5950443","5950621","65","661181"
"JH378106","6612090","6612158","KQ056279v1","759081","759162","28","5853009"
"JH378106","6621280","6621408","KQ053398v1","2627781","2627909","31","3993499"
"JH378106","6636630","6636758","KQ053398v1","2627781","2627909","36","4008849"
"JH378106","6839511","6839801","KQ053421v1","5610673","5610968","78","1228838"
"JH378106","6865427","6865670","KQ057901v1","868884","869144","76","5996543"
"JH378106","6934099","6934396","KQ053421v1","5610673","5610968","73","1323426"
"JH378106","6938988","6939299","KQ055352v1","6003171","6003466","74","935817"
"JH378106","6956483","6956786","KQ053421v1","5610673","5610968","80","1345810"
"JH378106","6986802","6987096","KQ053421v1","5610673","5610968","75","1376129"
"JH378106","7013059","7013361","KQ053421v1","5610673","5610968","71","1402386"
"JH378106","7040713","7040991","KQ055862v1","1305285","1305561","84","5735428"
"JH378106","7076879","7077170","KQ053421v1","5610673","5610968","86","1466206"
"JH378106","7091289","7091575","KQ058242v1","595939","596205","79","6495350"
"JH378106","7185298","7185591","KQ053421v1","5610673","5610968","68","1574625"
"JH378106","7211954","7212168","KQ058594v1","5950443","5950621","72","1261511"
"JH378106","7216597","7216841","KQ058242v1","595939","596205","89","6620658"
"JH378106","7233544","7233846","KQ053421v1","5610673","5610968","68","1622871"
"JH378106","7259137","7259434","KQ053421v1","5610673","5610968","77","1648464"
"JH378106","7265689","7265986","KQ053421v1","5610673","5610968","71","1655016"
"JH378106","7303251","7303544","KQ053421v1","5610673","5610968","64","1692578"
"JH378106","7324456","7324762","KQ058427v1","7786546","7786853","79","462090"
"JH378106","7349858","7350169","KQ055267v1","513773","514088","73","6836085"
"JH378106","7352830","7353134","KQ053421v1","5610673","5610968","80","1742157"
"JH378106","7381441","7381728","KQ053421v1","5610673","5610968","78","1770768"
"JH378106","7576459","7576737","KQ053421v1","5610673","5610968","80","1965786"
"JH378106","8033215","8033524","KQ055267v1","513773","514088","73","7519442"
"JH378106","8088901","8089203","KQ053421v1","5610673","5610968","72","2478228"
"JH378106","8151729","8151858","KQ053398v1","2623748","2623879","32","5527981"
"JH378106","8241866","8242169","KQ053421v1","5610673","5610968","86","2631193"
"JH378106","8243110","8243450","KQ055267v1","513773","514088","100","7729337"
"JH378106","8249815","8250116","KQ053421v1","5610673","5610968","78","2639142"
"JH378106","8251175","8251359","KQ056064v1","326763","326940","51","7924412"
"JH378106","8251553","8251596","KQ053816v1","7360036","7360073","19","891517"
"JH378106","8253799","8253940","KQ056920v1","183120","183261","43","8070679"
"JH378106","8285104","8285406","KQ053421v1","5610673","5610968","84","2674431"
"JH378106","8304835","8305139","KQ053421v1","5610673","5610968","81","2694162"
"JH378106","8317572","8317868","KQ053421v1","5610673","5610968","85","2706899"
"JH378106","8352504","8352801","KQ053421v1","5610673","5610968","78","2741831"
"JH378106","8358332","8358476","KQ056911v1","1421731","1421862","50","6936601"
"JH378106","8373719","8373992","KQ053421v1","5610673","5610968","94","2763046"
"JH378106","8395182","8395479","KQ053421v1","5610673","5610968","69","2784509"
"JH378106","8437247","8437382","KQ053398v1","2623748","2623879","44","5813499"
"JH378106","8471887","8472163","KQ058427v1","6786866","6787134","89","1685021"
"JH378106","8476796","8477071","KQ054815v1","2215557","2215844","77","6261239"
"JH378106","8600678","8600967","KQ053421v1","5610673","5610968","68","2990005"
"JH378106","8604060","8604351","KQ053421v1","5610673","5610968","69","2993387"
"JH378106","8717604","8717910","KQ058427v1","7786546","7786853","76","931058"
"JH378106","8719970","8720271","KQ053421v1","5610673","5610968","71","3109297"
"JH378106","8731856","8732168","KQ053421v1","5610673","5610968","79","3121183"
"JH378106","8754405","8754706","KQ053421v1","5610673","5610968","70","3143732"
"JH378106","8759304","8759617","KQ055352v1","6003171","6003466","77","2756133"
"JH378106","8759873","8760173","KQ053421v1","5610673","5610968","75","3149200"
"JH378106","8765934","8766245","KQ058427v1","7786546","7786853","73","979388"
"JH378106","8779094","8779378","KQ053421v1","5610673","5610968","72","3168421"
"JH378106","8795006","8795310","KQ053421v1","5610673","5610968","62","3184333"
"JH378106","8919701","8919995","KQ053421v1","5610673","5610968","72","3309028"
"JH378106","8925626","8925914","KQ053421v1","5610673","5610968","87","3314953"
"JH378106","8984350","8984657","KQ053421v1","5610673","5610968","76","3373677"
"JH378106","9103361","9103660","KQ053421v1","5610673","5610968","89","3492688"
"JH378106","9193877","9194185","KQ055352v1","6003171","6003466","71","3190706"
"JH378106","9258905","9259177","KQ053421v1","5610673","5610968","85","3648232"
"JH378106","9304246","9304540","KQ053421v1","5610673","5610968","82","3693573"
"JH378106","9412507","9412803","KQ053421v1","5610673","5610968","67","3801834"
"JH378106","9544314","9544620","KQ053421v1","5610673","5610968","85","3933641"
"JH378106","9550549","9550846","KQ053421v1","5610673","5610968","70","3939876"
"JH378106","9557771","9558060","KQ053421v1","5610673","5610968","76","3947098"
"JH378106","9571468","9571759","KQ053421v1","5610673","5610968","79","3960795"
"JH378106","9598265","9598568","KQ055267v1","513773","514088","81","9084492"
"JH378106","9612200","9612486","KQ053421v1","5610673","5610968","81","4001527"
"JH378106","9629844","9630146","KQ053421v1","5610673","5610968","64","4019171"
"JH378106","9657938","9658238","KQ053421v1","5610673","5610968","70","4047265"
"JH378106","9711752","9712053","KQ053421v1","5610673","5610968","91","4101079"
"JH378106","9712265","9712564","KQ053421v1","5610673","5610968","76","4101592"
"JH378106","9716966","9717244","KQ058242v1","595939","596205","88","9121027"
"JH378106","9741551","9741832","KQ053421v1","5610673","5610968","82","4130878"
"JH378106","9804811","9805110","KQ053421v1","5610673","5610968","80","4194138"
"JH378106","9887713","9888012","KQ053421v1","5610673","5610968","73","4277040"
"JH378106","9904173","9904267","KQ054199v1","6267","6355","45","9897906"
"JH378106","9998918","9999184","KQ058505v1","2207051","2207301","82","7791867"
"JH378106","10000882","10001094","KQ058274v1","300327","300497","73","9700555"
"JH378106","10002589","10002889","KQ053421v1","5610673","5610968","66","4391916"
"JH378106","10014043","10014345","KQ053421v1","5610673","5610968","69","4403370"
"JH378106","10023367","10023665","KQ053421v1","5610673","5610968","83","4412694"
"JH378106","10026298","10026626","KQ055267v1","513773","514088","107","9512525"
"JH378106","10070761","10071076","KQ053421v1","5610673","5610968","89","4460088"
"JH378106","10078175","10078457","KQ055862v1","1305285","1305561","81","8772890"
"JH378106","10132778","10132988","KQ057684v1","168025","168203","73","9964753"
"JH378106","10176782","10177085","KQ053421v1","5610673","5610968","67","4566109"
"JH378106","10190155","10190359","KQ058594v1","1033101","1033292","50","9157054"
"JH378106","10231030","10231332","KQ053421v1","5610673","5610968","72","4620357"
"JH378106","10250643","10250952","KQ055267v1","513773","514088","71","9736870"
"JH378106","10422382","10422615","KQ055662v1","1890465","1890674","77","8531917"
"JH378106","10457841","10458142","KQ053421v1","5610673","5610968","80","4847168"
"JH378106","10525650","10525950","KQ053421v1","5610673","5610968","72","4914977"
"JH378106","10692446","10692744","KQ053421v1","5610673","5610968","74","5081773"
"JH378106","10741399","10741700","KQ053421v1","5610673","5610968","69","5130726"
"JH378106","10979302","10979434","KQ053398v1","2623748","2623879","29","8355554"
"JH378106","10979538","10979725","KQ058423v1","270754","270928","50","10708784"
"JH378106","11011994","11012272","KQ054815v1","2215557","2215844","78","8796437"
"JH378106","11055385","11055687","KQ053421v1","5610673","5610968","68","5444712"
"JH378106","11170414","11170706","KQ053421v1","5610673","5610968","89","5559741"
"JH378106","11205130","11205441","KQ055352v1","6003171","6003466","74","5201959"
"JH378106","11345418","11345568","KQ053398v1","2623748","2623879","46","8721670"
"JH378106","11349913","11350188","KQ058242v1","595939","596205","78","10753974"
"JH378106","11616875","11617137","KQ055717v1","1610777","1611031","91","10006098"
"JH378106","11642507","11642792","KQ053421v1","5610673","5610968","84","6031834"
"JH378106","11763121","11763429","KQ053421v1","5610673","5610968","73","6152448"
"JH378106","11975806","11976093","KQ053421v1","5610673","5610968","75","6365133"
"JH378106","12084913","12085185","KQ058242v1","595939","596205","73","11488974"
"JH378106","12152703","12152981","KQ055862v1","1305285","1305561","78","10847418"
"JH378106","12286656","12286950","KQ053421v1","5610673","5610968","77","6675983"
"JH378106","12327598","12327894","KQ053421v1","5610673","5610968","71","6716925"
"JH378106","12339182","12339493","KQ055352v1","6003171","6003466","75","6336011"
"JH378106","12422547","12422839","KQ053421v1","5610673","5610968","73","6811874"
"JH378106","12476941","12477218","KQ053421v1","5610673","5610968","82","6866268"
"JH378106","12528995","12529167","KQ053310v1","1983228","1983391","46","10545767"
"JH378106","12753005","12753232","KQ052982v1","2032903","2033097","70","10720102"
"JH378106","12778660","12778949","KQ058242v1","595939","596205","87","12182721"
"JH378106","12817223","12817507","KQ058242v1","595939","596205","79","12221284"
"JH378106","12847970","12848082","KQ053398v1","2623748","2623879","45","10224222"
"JH378106","12863837","12864128","KQ053421v1","5610673","5610968","81","7253164"
"JH378106","12963171","12963482","KQ055352v1","6003171","6003466","74","6960000"
"JH378106","13024092","13024396","KQ055352v1","6003171","6003466","72","7020921"
"JH378106","13079036","13079332","KQ053421v1","5610673","5610968","79","7468363"
"JH378106","13096391","13096699","KQ055267v1","513773","514088","74","12582618"
"JH378106","13207431","13207723","KQ053421v1","5610673","5610968","70","7596758"
"JH378106","13267358","13267669","KQ055267v1","513773","514088","79","12753585"
"JH378106","13302904","13303210","KQ053421v1","5610673","5610968","75","7692231"
"JH378106","13441294","13441441","KQ054401v1","3363241","3363379","42","10078053"
"JH378106","13456092","13456387","KQ053421v1","5610673","5610968","71","7845419"
"JH378106","13499811","13500000","KQ058594v1","5950443","5950621","53","7549368"
"JH378106","13645242","13645553","KQ055352v1","6003171","6003466","72","7642071"
"JH378106","13739694","13739776","KQ055394v1","3161316","3161387","29","10578378"
"JH378106","13875705","13876010","KQ053421v1","5610673","5610968","74","8265032"
"JH378106","14015372","14015671","KQ053421v1","5610673","5610968","92","8404699"
"JH378106","14044637","14044717","KQ056235v1","1266284","1266361","21","12778353"
"JH378106","14044739","14045028","KQ053421v1","5610673","5610968","83","8434066"
"JH378106","14061656","14061793","KQ052968v1","13665640","13665790","42","396016"
"JH378106","14091249","14091540","KQ053421v1","5610673","5610968","74","8480576"
"JH378106","14114285","14114400","KQ055717v1","1610376","1610476","47","12503909"
"JH378106","14182139","14182472","KQ053059v1","2548766","2549102","96","11633373"
"JH378106","14245626","14245934","KQ058427v1","7786546","7786853","66","6459080"
"JH378106","14267617","14267918","KQ053421v1","5610673","5610968","77","8656944"
"JH378106","14439019","14439323","KQ053421v1","5610673","5610968","68","8828346"
"JH378106","14470214","14470521","KQ053421v1","5610673","5610968","70","8859541"
"JH378106","14483116","14483413","KQ053421v1","5610673","5610968","75","8872443"
"JH378106","14530429","14530589","KQ057449v1","1214348","1214489","50","13316081"
"JH378106","14538270","14538576","KQ055352v1","6003171","6003466","72","8535099"
"JH378106","14565826","14566138","KQ058427v1","7786546","7786853","92","6779280"
"JH378106","15077571","15077870","KQ053421v1","5610673","5610968","66","9466898"
"JH378106","15214423","15214581","KQ052968v1","13665640","13665790","51","1548783"
"JH378106","15220335","15220630","KQ053421v1","5610673","5610968","72","9609662"
"JH378106","15242259","15242546","KQ053421v1","5610673","5610968","68","9631586"
"JH378106","15242833","15243131","KQ053421v1","5610673","5610968","73","9632160"
"JH378106","15596468","15596785","KQ055352v1","6003171","6003466","80","9593297"
"JH378106","15633188","15633487","KQ053421v1","5610673","5610968","75","10022515"
"JH378106","15736395","15736703","KQ055352v1","6003171","6003466","76","9733224"
"JH378106","15762334","15762615","KQ053421v1","5610673","5610968","79","10151661"
"JH378106","15806795","15807097","KQ055267v1","513773","514088","73","15293022"
"JH378106","15866642","15866940","KQ053421v1","5610673","5610968","72","10255969"
"JH378106","15920015","15920320","KQ053421v1","5610673","5610968","84","10309342"
"JH378106","15922048","15922329","KQ053421v1","5610673","5610968","70","10311375"
"JH378106","16126885","16127180","KQ058427v1","7786546","7786853","81","8340339"
"JH378106","16132782","16133090","KQ058427v1","7786546","7786853","73","8346236"
"JH378106","16159532","16159841","KQ055352v1","6003171","6003466","71","10156361"
"JH378106","16208646","16208945","KQ055352v1","6003171","6003466","77","10205475"
"JH378106","16226574","16226877","KQ053421v1","5610673","5610968","66","10615901"
"JH378106","16243260","16243571","KQ058427v1","7786546","7786853","82","8456714"
"JH378106","16310660","16310962","KQ053421v1","5610673","5610968","79","10699987"
"JH378106","16346258","16346373","KQ053398v1","2627781","2627909","43","13718477"
"JH378106","16408294","16408605","KQ055352v1","6003171","6003466","70","10405123"
"JH378106","16422931","16423091","KQ055914v1","670963","671119","41","15751968"
"JH378106","16519961","16520274","KQ053421v1","5610673","5610968","81","10909288"
"JH378106","16544887","16545196","KQ053421v1","5610673","5610968","82","10934214"
"JH378106","16547482","16547790","KQ055267v1","513773","514088","74","16033709"
"JH378106","16555521","16555820","KQ053421v1","5610673","5610968","74","10944848"
"JH378106","16591891","16592191","KQ053421v1","5610673","5610968","66","10981218"
"JH378106","16953368","16953603","KQ055662v1","1890465","1890674","74","15062903"
"JH378106","17235416","17235682","KQ057901v1","868884","869144","88","16366532"
"JH378106","17265462","17265770","KQ053421v1","5610673","5610968","74","11654789"
"JH378106","17316068","17316216","KQ054401v1","3363241","3363379","45","13952827"
"JH378106","17322711","17323014","KQ058427v1","7786546","7786853","83","9536165"
"JH378106","17325458","17325750","KQ053421v1","5610673","5610968","69","11714785"
"JH378106","17357629","17357924","KQ053421v1","5610673","5610968","68","11746956"
"JH378106","17359236","17359533","KQ055352v1","6003171","6003466","76","11356065"
"JH378106","17433977","17434265","KQ053421v1","5610673","5610968","83","11823304"
"JH378106","17460062","17460371","KQ055267v1","513773","514088","76","16946289"
"JH378106","17478302","17478594","KQ053421v1","5610673","5610968","81","11867629"
"JH378106","17498505","17498801","KQ053421v1","5610673","5610968","70","11887832"
"JH378106","17620107","17620399","KQ053421v1","5610673","5610968","70","12009434"
"JH378106","17754895","17755190","KQ053421v1","5610673","5610968","78","12144222"
"JH378106","17872444","17872762","KQ053421v1","5610673","5610968","93","12261771"
"JH378106","17948328","17948627","KQ053421v1","5610673","5610968","76","12337655"
"JH378106","18054696","18054984","KQ053421v1","5610673","5610968","71","12444023"
"JH378106","18057184","18057483","KQ053421v1","5610673","5610968","69","12446511"
"JH378106","18081548","18081844","KQ053421v1","5610673","5610968","86","12470875"
"JH378106","18088498","18088798","KQ053421v1","5610673","5610968","78","12477825"
"JH378106","18093967","18094272","KQ055352v1","6003171","6003466","72","12090796"
"JH378106","18129208","18129504","KQ053421v1","5610673","5610968","75","12518535"
"JH378106","18261635","18261937","KQ053421v1","5610673","5610968","73","12650962"
"JH378106","18367216","18367539","KQ058427v1","7786546","7786853","87","10580670"
"JH378106","18401869","18402167","KQ053421v1","5610673","5610968","70","12791196"
"JH378106","18505041","18505351","KQ058427v1","7786546","7786853","79","10718495"
"JH378106","18627833","18628144","KQ055352v1","6003171","6003466","75","12624662"
"JH378106","18637257","18637555","KQ053421v1","5610673","5610968","70","13026584"
"JH378106","18763940","18764241","KQ053421v1","5610673","5610968","68","13153267"
"JH378106","18806352","18806650","KQ053421v1","5610673","5610968","71","13195679"
"JH378106","18834823","18835123","KQ053421v1","5610673","5610968","71","13224150"
"JH378106","18934881","18935191","KQ055267v1","513773","514088","79","18421108"
"JH378106","18953971","18954281","KQ055267v1","513773","514088","69","18440198"
"JH378106","19033476","19033772","KQ053421v1","5610673","5610968","74","13422803"
"JH378106","19130211","19130507","KQ053421v1","5610673","5610968","73","13519538"
"JH378106","19143192","19143475","KQ053421v1","5610673","5610968","83","13532519"
"JH378106","19162559","19162813","KQ058242v1","595939","596205","76","18566620"
"JH378106","19201714","19201993","KQ054815v1","2215557","2215844","89","16986157"
"JH378106","19658096","19658404","KQ055352v1","6003171","6003466","76","13654925"
"JH378106","19688470","19688780","KQ055267v1","513773","514088","69","19174697"
"JH378106","19723177","19723412","KQ058242v1","595939","596205","88","19127238"
"JH378106","19988029","19988274","KQ058505v1","2207051","2207301","92","17780978"
"JH378106","20044523","20044814","KQ055267v1","513773","514088","90","19530750"
"JH378106","20083503","20083819","KQ055352v1","6003171","6003466","88","14080332"
"JH378106","20144323","20144619","KQ053421v1","5610673","5610968","81","14533650"
"JH378106","20178724","20179022","KQ058427v1","7786546","7786853","80","12392178"
"JH378106","20181584","20181893","KQ055267v1","513773","514088","72","19667811"
"JH378106","20256370","20256659","KQ053421v1","5610673","5610968","76","14645697"
"JH378106","20268938","20269229","KQ053421v1","5610673","5610968","79","14658265"
"JH378106","20347654","20347943","KQ053421v1","5610673","5610968","77","14736981"
"JH378106","20421751","20422061","KQ055267v1","513773","514088","82","19907978"
"JH378106","20632568","20632864","KQ053421v1","5610673","5610968","69","15021895"
"JH378106","20976818","20977125","KQ055352v1","6003171","6003466","68","14973647"
"JH378106","20993400","20993702","KQ053421v1","5610673","5610968","69","15382727"
"JH378106","21180756","21181041","KQ053421v1","5610673","5610968","76","15570083"
"JH378106","21256151","21256437","KQ053421v1","5610673","5610968","74","15645478"
"JH378106","21370405","21370703","KQ053421v1","5610673","5610968","76","15759732"
"JH378106","21389421","21389727","KQ055267v1","513773","514088","74","20875648"
"JH378106","21396395","21396712","KQ055267v1","513773","514088","76","20882622"
"JH378106","21440620","21440918","KQ053421v1","5610673","5610968","67","15829947"
"JH378106","21625580","21625888","KQ055352v1","6003171","6003466","75","15622409"
"JH378106","21647232","21647542","KQ058427v1","7786546","7786853","80","13860686"
"JH378106","21664384","21664677","KQ053421v1","5610673","5610968","73","16053711"
"JH378106","21697251","21697556","KQ055352v1","6003171","6003466","71","15694080"
"JH378106","21712859","21713095","KQ056321v1","575951","576190","99","21136908"
"JH378106","21762913","21763206","KQ053141v1","2860","3159","91","21760053"
"JH378106","21776962","21777240","KQ055352v1","6003171","6003466","87","15773791"
"JH378106","21777676","21777960","KQ053421v1","5610673","5610968","82","16167003"
"JH378106","21787119","21787422","KQ053421v1","5610673","5610968","70","16176446"
"JH378106","21796869","21797178","KQ055267v1","513773","514088","76","21283096"
"JH378106","21810096","21810397","KQ053785v1","888769","889063","107","20921327"
"JH378106","21819571","21819843","KQ057901v1","868884","869144","93","20950687"
"JH378106","21850202","21850484","KQ053421v1","5610673","5610968","79","16239529"
"JH378106","21855949","21856066","KQ053398v1","2623748","2623879","44","19232201"
"JH378106","21903785","21904071","KQ053785v1","888769","889063","84","21015016"
"JH378106","21914832","21915141","KQ058427v1","7786546","7786853","75","14128286"
"JH378106","21975161","21975460","KQ053421v1","5610673","5610968","71","16364488"
"JH378106","22013378","22013671","KQ053421v1","5610673","5610968","78","16402705"
"JH378106","22031699","22032000","KQ053421v1","5610673","5610968","75","16421026"
"JH378106","22114131","22114442","KQ053421v1","5610673","5610968","79","16503458"
"JH378106","22446166","22446468","KQ058427v1","7786546","7786853","87","14659620"
"JH378106","22502719","22503006","KQ053421v1","5610673","5610968","67","16892046"
"JH378106","22665773","22665888","KQ057781v1","1047045","1047171","46","21618728"
"JH378106","22789269","22789566","KQ055267v1","513773","514088","78","22275496"
"JH378106","22841353","22841655","KQ053421v1","5610673","5610968","71","17230680"
"JH378106","23055724","23056034","KQ055352v1","6003171","6003466","74","17052553"
"JH378106","23100177","23100462","KQ053785v1","888769","889063","78","22211408"
"JH378106","23162303","23162604","KQ058427v1","7786546","7786853","75","15375757"
"JH378106","23302744","23303029","KQ053421v1","5610673","5610968","81","17692071"
"JH378106","23359050","23359345","KQ053421v1","5610673","5610968","70","17748377"
"JH378106","23501243","23501553","KQ058427v1","7786546","7786853","72","15714697"
"JH378106","23662141","23662450","KQ055352v1","6003171","6003466","72","17658970"
"JH378106","23729170","23729471","KQ053421v1","5610673","5610968","84","18118497"
"JH378106","23766589","23766915","KQ055352v1","6003171","6003466","158","17763418"
"JH378106","23793719","23794028","KQ055267v1","513773","514088","76","23279946"
"JH378106","23822344","23822634","KQ053421v1","5610673","5610968","75","18211671"
"JH378106","23923078","23923377","KQ053421v1","5610673","5610968","66","18312405"
"JH378106","24155894","24156207","KQ055267v1","513773","514088","78","23642121"
"JH378106","24193541","24193825","KQ053421v1","5610673","5610968","83","18582868"
"JH378106","24237653","24237974","KQ055267v1","513773","514088","81","23723880"
"JH378106","24292824","24293109","KQ053421v1","5610673","5610968","77","18682151"
"JH378106","24390472","24390784","KQ053421v1","5610673","5610968","88","18779799"
"JH378106","24469277","24469574","KQ053421v1","5610673","5610968","68","18858604"
"JH378106","24535995","24536146","KQ058428v1","1396698","1396861","47","23139297"
"JH378106","24680484","24680771","KQ053421v1","5610673","5610968","96","19069811"
"JH378106","24762794","24763107","KQ053421v1","5610673","5610968","72","19152121"
"JH378106","24815458","24815764","KQ055352v1","6003171","6003466","65","18812287"
"JH378106","24840097","24840390","KQ053421v1","5610673","5610968","65","19229424"
"JH378106","24877072","24877379","KQ055267v1","513773","514088","78","24363299"
"JH378106","25039310","25039620","KQ055267v1","513773","514088","73","24525537"
"JH378106","25106225","25106534","KQ055352v1","6003171","6003466","70","19103054"
"JH378106","25109136","25109447","KQ055267v1","513773","514088","70","24595363"
"JH378106","25214361","25214666","KQ053421v1","5610673","5610968","70","19603688"
"JH378106","25232181","25232465","KQ053421v1","5610673","5610968","75","19621508"
"JH378106","25247029","25247324","KQ053421v1","5610673","5610968","74","19636356"
"JH378106","25323001","25323304","KQ053421v1","5610673","5610968","86","19712328"
"JH378106","25378084","25378206","KQ053398v1","2627781","2627909","39","22750303"
"JH378106","25413918","25414199","KQ055862v1","1305285","1305561","77","24108633"
"JH378106","25420361","25420656","KQ058427v1","6786866","6787134","86","18633495"
"JH378106","25445398","25445686","KQ053421v1","5610673","5610968","83","19834725"
"JH378106","25561113","25561406","KQ053421v1","5610673","5610968","72","19950440"
"JH378106","25572258","25572570","KQ058427v1","7786546","7786853","73","17785712"
"JH378106","25667375","25667674","KQ053421v1","5610673","5610968","70","20056702"
"JH378106","25790445","25790753","KQ055352v1","6003171","6003466","75","19787274"
"JH378106","25836839","25837142","KQ053421v1","5610673","5610968","66","20226166"
"JH378106","25852031","25852333","KQ053421v1","5610673","5610968","68","20241358"
"JH378106","25938069","25938409","KQ058427v1","7786546","7786853","103","18151523"
"JH378106","26046429","26046722","KQ053421v1","5610673","5610968","72","20435756"
"JH378106","26141546","26141855","KQ058427v1","7786546","7786853","71","18355000"
"JH378106","26408690","26408986","KQ053421v1","5610673","5610968","83","20798017"
"JH378106","26527030","26527329","KQ053421v1","5610673","5610968","68","20916357"
"JH378106","26748141","26748446","KQ053421v1","5610673","5610968","71","21137468"
"JH378106","26796653","26796813","KQ053398v1","2623748","2623879","54","24172905"
"JH378106","26913922","26914215","KQ053421v1","5610673","5610968","72","21303249"
"JH378106","27171267","27171442","KQ056064v1","326763","326940","62","26844504"
"JH378106","27177844","27178155","KQ053421v1","5610673","5610968","86","21567171"
"JH378106","27339472","27339780","KQ055352v1","6003171","6003466","74","21336301"
"JH378106","27409380","27409698","KQ055267v1","513773","514088","95","26895607"
"JH378106","27488086","27488396","KQ058427v1","7786546","7786853","72","19701540"
"JH378106","27494036","27494338","KQ053421v1","5610673","5610968","63","21883363"
"JH378106","27546467","27546768","KQ053421v1","5610673","5610968","70","21935794"
"JH378106","27568636","27568949","KQ055352v1","6003171","6003466","80","21565465"
"JH378106","27737291","27737601","KQ055267v1","513773","514088","68","27223518"
"JH378106","27763112","27763399","KQ053421v1","5610673","5610968","79","22152439"
"JH378106","27774984","27775262","KQ058339v1","4553625","4553889","77","23221359"
"JH378106","27777248","27777574","KQ053421v1","5610673","5610968","89","22166575"
"JH378106","27780285","27780534","KQ058509v1","24058","24271","87","27756227"
"JH378106","27798339","27798647","KQ055267v1","513773","514088","71","27284566"
"JH378106","27819882","27820189","KQ053421v1","5610673","5610968","74","22209209"
"JH378106","27990655","27990955","KQ058427v1","7786546","7786853","78","20204109"
"JH378106","27996302","27996477","KQ053234v1","1679581","1679757","48","26316721"
"JH378106","28028977","28029274","KQ053421v1","5610673","5610968","78","22418304"
"JH378106","28038769","28039089","KQ055267v1","513773","514088","79","27524996"
"JH378106","28042411","28042696","KQ058339v1","4553625","4553889","82","23488786"
"JH378106","28046838","28046967","KQ053398v1","2623748","2623879","25","25423090"
"JH378106","28104119","28104410","KQ053421v1","5610673","5610968","82","22493446"
"JH378106","28122680","28122920","KQ055717v1","1610777","1611031","82","26511903"
"JH378106","28144601","28144910","KQ055352v1","6003171","6003466","72","22141430"
"JH378106","28270814","28270996","KQ056064v1","326763","326940","60","27944051"
"JH378106","28303843","28304135","KQ053421v1","5610673","5610968","69","22693170"
"JH378106","28306520","28306818","KQ053421v1","5610673","5610968","81","22695847"
"JH378106","28362900","28363197","KQ053421v1","5610673","5610968","87","22752227"
"JH378106","28386943","28387246","KQ053421v1","5610673","5610968","76","22776270"
"JH378106","28472010","28472234","ABDC02053644v1","2226","2419","91","28469784"
"JH378106","28540005","28540304","KQ055267v1","513773","514088","77","28026232"
"JH378106","28567351","28567664","KQ055352v1","6003171","6003466","71","22564180"
"JH378106","28625554","28625867","KQ053421v1","5610673","5610968","87","23014881"
"JH378106","28728286","28728566","KQ053421v1","5610673","5610968","89","23117613"
"JH378106","28737398","28737699","KQ053421v1","5610673","5610968","78","23126725"
"JH378106","28738982","28739281","KQ053421v1","5610673","5610968","77","23128309"
"JH378106","28831019","28831316","KQ058427v1","7786546","7786853","101","21044473"
"JH378106","28890035","28890297","KQ058339v1","4553625","4553889","103","24336410"
"JH378106","28967349","28967650","KQ055352v1","6003171","6003466","71","22964178"
"JH378106","29127420","29127716","KQ053421v1","5610673","5610968","70","23516747"
"JH378106","29263155","29263449","KQ053421v1","5610673","5610968","84","23652482"
"JH378106","29266434","29266745","KQ055267v1","513773","514088","70","28752661"
"JH378106","29312613","29312921","KQ055352v1","6003171","6003466","73","23309442"
"JH378106","29395528","29395852","KQ053135v1","5034940","5035266","92","24360588"
"JH378106","29503685","29503982","KQ053421v1","5610673","5610968","69","23893012"
"JH378106","29656715","29657021","KQ055352v1","6003171","6003466","73","23653544"
"JH378106","29793518","29793811","KQ053421v1","5610673","5610968","71","24182845"
"JH378106","29854852","29855162","KQ055352v1","6003171","6003466","74","23851681"
"JH378106","29883317","29883623","KQ055267v1","513773","514088","74","29369544"
"JH378106","29896548","29896639","KQ055903v1","238545","238616","30","29658003"
"JH378106","29900618","29900845","KQ054068v1","3638075","3638299","69","26262543"
"JH378106","29924359","29924659","KQ053421v1","5610673","5610968","85","24313686"
"JH378106","30122899","30123190","KQ053421v1","5610673","5610968","75","24512226"
"JH378106","30127864","30128170","KQ053421v1","5610673","5610968","79","24517191"
"JH378106","30150849","30151180","KQ053421v1","5610673","5610968","95","24540176"
"JH378106","30420518","30420834","KQ055352v1","6003171","6003466","73","24417347"
"JH378106","30598676","30598928","KQ058509v1","24058","24271","78","30574618"
"JH378106","30897461","30897772","KQ055267v1","513773","514088","71","30383688"
"JH378106","30901903","30902217","KQ055352v1","6003171","6003466","83","24898732"
"JH378106","30948717","30949028","KQ055352v1","6003171","6003466","74","24945546"
"JH378106","30962588","30962896","KQ055267v1","513773","514088","72","30448815"
"JH378106","30977043","30977328","KQ053421v1","5610673","5610968","89","25366370"
"JH378106","31016877","31017191","KQ055267v1","513773","514088","81","30503104"
"JH378106","31085375","31085519","KQ054401v1","3363241","3363379","38","27722134"
"JH378106","31174334","31174645","KQ055352v1","6003171","6003466","75","25171163"
"JH378106","31180405","31180498","KQ053004v1","5079579","5079652","36","26100826"
"JH378106","31196182","31196524","KQ053421v1","5610673","5610968","169","25585509"
"JH378106","31360514","31360820","KQ055352v1","6003171","6003466","68","25357343"
"JH378106","31411966","31412252","KQ054815v1","2215557","2215844","88","29196409"
"JH378106","31442950","31443178","KQ056005v1","1024192","1024395","69","30418758"
"JH378106","31475245","31475548","KQ055352v1","6003171","6003466","75","25472074"
"JH378106","31540150","31540414","KQ058339v1","4553625","4553889","88","26986525"
"JH378106","31552924","31553209","KQ053421v1","5610673","5610968","78","25942251"
"JH378106","31644227","31644518","KQ053421v1","5610673","5610968","86","26033554"
"JH378106","31800607","31800779","KQ058594v1","2771639","2771800","48","29028968"
"JH378106","31844108","31844417","KQ053421v1","5610673","5610968","72","26233435"
"JH378106","31931773","31932082","KQ058427v1","7786546","7786853","75","24145227"
"JH378106","32038217","32038523","KQ055352v1","6003171","6003466","71","26035046"
"JH378106","32045216","32045502","KQ053421v1","5610673","5610968","86","26434543"
"JH378106","32224902","32225200","KQ053421v1","5610673","5610968","70","26614229"
"JH378106","32313303","32313604","KQ053421v1","5610673","5610968","70","26702630"
"JH378106","32317310","32317610","KQ053421v1","5610673","5610968","72","26706637"
"JH378106","32355513","32355812","KQ053421v1","5610673","5610968","71","26744840"
"JH378106","32434739","32435045","KQ055352v1","6003171","6003466","73","26431568"
"JH378106","32511939","32512235","KQ053421v1","5610673","5610968","65","26901266"
"JH378106","32569750","32569855","KQ055717v1","1610376","1610476","38","30959374"
"JH378106","32570118","32570264","KQ056911v1","1421731","1421862","50","31148387"
"JH378106","32604571","32604882","KQ058427v1","7786546","7786853","73","24818025"
"JH378106","32611046","32611337","KQ053421v1","5610673","5610968","79","27000373"
"JH378106","32738121","32738429","KQ055267v1","513773","514088","81","32224348"
"JH378106","32797397","32797663","KQ058505v1","2207051","2207301","90","30590346"
"JH378106","32890216","32890525","KQ055352v1","6003171","6003466","72","26887045"
"JH378106","32954891","32955197","KQ053421v1","5610673","5610968","71","27344218"
"JH378106","32956775","32957068","KQ055862v1","1305285","1305561","74","31651490"
"JH378106","32958137","32958448","KQ055352v1","6003171","6003466","71","26954966"
"JH378106","33021839","33022141","KQ053421v1","5610673","5610968","80","27411166"
"JH378106","33032091","33032390","KQ053421v1","5610673","5610968","69","27421418"
"JH378106","33170442","33170797","KQ058427v1","7786546","7786853","110","25383896"
"JH378106","33217161","33217455","KQ053421v1","5610673","5610968","90","27606488"
"JH378106","33220829","33221143","KQ058427v1","7786546","7786853","84","25434283"
"JH378106","33329554","33329864","KQ055352v1","6003171","6003466","74","27326383"
"JH378106","33340746","33340973","KQ056064v1","326763","326940","90","33013983"
"JH378106","33382906","33383201","KQ053421v1","5610673","5610968","80","27772233"
"JH378106","33463285","33463584","KQ053421v1","5610673","5610968","79","27852612"
"JH378106","33533269","33533564","KQ055267v1","513773","514088","85","33019496"
"JH378106","33540405","33540715","KQ058427v1","7786546","7786853","84","25753859"
"JH378106","33574485","33574777","KQ053421v1","5610673","5610968","81","27963812"
"JH378106","33595246","33595556","KQ055352v1","6003171","6003466","71","27592075"
"JH378106","33622012","33622303","KQ053421v1","5610673","5610968","80","28011339"
"JH378106","33640299","33640602","KQ055352v1","6003171","6003466","69","27637128"
"JH378106","33650361","33650672","KQ055352v1","6003171","6003466","75","27647190"
"JH378106","33764506","33764821","KQ055352v1","6003171","6003466","79","27761335"
"JH378106","33769701","33770005","KQ053421v1","5610673","5610968","77","28159028"
"JH378106","33792781","33793081","KQ053421v1","5610673","5610968","69","28182108"
"JH378106","33821858","33822164","KQ055352v1","6003171","6003466","67","27818687"
"JH378106","33949170","33949481","KQ055267v1","513773","514088","72","33435397"
"JH378106","33958797","33959110","KQ055352v1","6003171","6003466","79","27955626"
"JH378106","33972950","33973227","KQ053785v1","888769","889063","84","33084181"
"JH378106","33978612","33978897","KQ053421v1","5610673","5610968","77","28367939"
"JH378106","34131654","34131955","KQ053421v1","5610673","5610968","78","28520981"
"JH378106","34180271","34180582","KQ055352v1","6003171","6003466","71","28177100"
"JH378106","34361081","34361234","KQ058428v1","1396698","1396861","51","32964383"
"JH378106","34423216","34423445","KQ053234v1","1414405","1414609","76","33008811"
"JH378106","34762672","34762964","KQ053421v1","5610673","5610968","99","29151999"
"JH378106","35052160","35052373","KQ052982v1","2032903","2033097","61","33019257"
"JH378106","35062398","35062701","KQ053421v1","5610673","5610968","73","29451725"
"JH378106","35119972","35120242","KQ058242v1","595939","596205","79","34524033"
"JH378106","35169225","35169512","KQ053421v1","5610673","5610968","81","29558552"
"JH378106","35255854","35256165","KQ055267v1","513773","514088","71","34742081"
"JH378106","35303679","35303956","KQ053421v1","5610673","5610968","87","29693006"
"JH378106","35309501","35309809","KQ055352v1","6003171","6003466","66","29306330"
"JH378106","35539766","35540077","KQ055352v1","6003171","6003466","73","29536595"
"JH378106","35579239","35579544","KQ053421v1","5610673","5610968","75","29968566"
"JH378106","35663373","35663677","KQ053421v1","5610673","5610968","73","30052700"
"JH378106","35713556","35713866","KQ055352v1","6003171","6003466","71","29710385"
"JH378106","35721895","35722203","KQ053421v1","5610673","5610968","77","30111222"
"JH378106","35859292","35859561","KQ058640v1","643463","643729","85","35215829"
"JH378106","35928153","35928479","KQ058427v1","7786546","7786853","99","28141607"
"JH378106","35936252","35936501","KQ056321v1","575951","576190","85","35360301"
"JH378106","36056753","36057037","KQ055352v1","6003171","6003466","86","30053582"
"JH378106","36061516","36061817","KQ058427v1","7786546","7786853","81","28274970"
"JH378106","36122366","36122674","KQ058427v1","7786546","7786853","81","28335820"
"JH378106","36289162","36289396","KQ058509v1","24058","24271","67","36265104"
"JH378106","36579756","36580061","KQ055352v1","6003171","6003466","68","30576585"
"JH378106","36640145","36640404","KQ058242v1","595939","596205","85","36044206"
"JH378106","36660929","36661225","KQ058427v1","7786546","7786853","84","28874383"
"JH378106","36707565","36707870","KQ055352v1","6003171","6003466","68","30704394"
"JH378106","36737257","36737565","KQ055267v1","513773","514088","70","36223484"
"JH378106","36871214","36871524","KQ055267v1","513773","514088","72","36357441"
"JH378106","36903316","36903620","KQ055352v1","6003171","6003466","74","30900145"
"JH378106","36924724","36925024","KQ053421v1","5610673","5610968","74","31314051"
"JH378106","37005807","37006114","KQ055352v1","6003171","6003466","96","31002636"
"JH378106","37036317","37036621","KQ053135v1","5034940","5035266","88","32001377"
"JH378106","37044659","37044958","KQ053421v1","5610673","5610968","86","31433986"
"JH378106","37076537","37076850","KQ053421v1","5610673","5610968","74","31465864"
"JH378106","37090273","37090582","KQ053421v1","5610673","5610968","79","31479600"
"JH378106","37129288","37129575","KQ055862v1","1305285","1305561","82","35824003"
"JH378106","37180760","37181065","KQ058427v1","7786546","7786853","78","29394214"
"JH378106","37220698","37220974","KQ058242v1","595939","596205","80","36624759"
"JH378106","37234996","37235278","KQ058427v1","6786866","6787134","78","30448130"
"JH378106","37371653","37371948","KQ053421v1","5610673","5610968","72","31760980"
"JH378106","37462149","37462452","KQ053421v1","5610673","5610968","70","31851476"
"JH378106","37600162","37600457","KQ053421v1","5610673","5610968","70","31989489"
"JH378106","37690427","37690721","KQ053421v1","5610673","5610968","68","32079754"
"JH378106","37747851","37748125","KQ053785v1","888769","889063","83","36859082"
"JH378106","37818934","37819221","KQ053421v1","5610673","5610968","80","32208261"
"JH378106","37835476","37835787","KQ055352v1","6003171","6003466","74","31832305"
"JH378106","37887017","37887327","KQ058427v1","7786546","7786853","83","30100471"
"JH378106","37976657","37976972","KQ055267v1","513773","514088","79","37462884"
"JH378106","38022627","38022925","KQ053421v1","5610673","5610968","66","32411954"
"JH378106","38043472","38043768","KQ053421v1","5610673","5610968","66","32432799"
"JH378106","38189673","38189990","KQ055352v1","6003171","6003466","76","32186502"
"JH378106","38234094","38234404","KQ055352v1","6003171","6003466","72","32230923"
"JH378106","38269609","38269897","KQ053421v1","5610673","5610968","79","32658936"
"JH378106","38305634","38305916","KQ053421v1","5610673","5610968","84","32694961"
"JH378106","38345539","38345668","KQ054401v1","3363241","3363379","46","34982298"
"JH378106","38396593","38396904","KQ055267v1","513773","514088","71","37882820"
"JH378106","38439236","38439483","KQ058640v1","643463","643729","90","37795773"
"JH378106","38493682","38493976","KQ053421v1","5610673","5610968","73","32883009"
"JH378106","38569637","38569938","KQ053421v1","5610673","5610968","73","32958964"
"JH378106","38571948","38572248","KQ053421v1","5610673","5610968","72","32961275"
"JH378106","38573895","38574187","KQ053421v1","5610673","5610968","75","32963222"
"JH378106","38587093","38587450","KQ055352v1","6003171","6003466","167","32583922"
"JH378106","38593612","38593919","KQ053421v1","5610673","5610968","69","32982939"
"JH378106","38614701","38614912","KQ055662v1","1890465","1890674","64","36724236"
"JH378106","38632039","38632338","KQ053421v1","5610673","5610968","68","33021366"
"JH378106","38644871","38645118","KQ058242v1","595939","596205","80","38048932"
"JH378106","38684924","38685250","KQ058427v1","7786546","7786853","89","30898378"
"JH378106","38720482","38720760","KQ057186v1","783828","784085","83","37936654"
"JH378106","38735679","38735936","KQ058242v1","595939","596205","74","38139740"
"JH378106","38740793","38741077","KQ053421v1","5610673","5610968","77","33130120"
"JH378106","38854028","38854335","KQ055352v1","6003171","6003466","76","32850857"
"JH378106","38988520","38988822","KQ053421v1","5610673","5610968","71","33377847"
"JH378106","39124674","39124954","KQ053421v1","5610673","5610968","80","33514001"
"JH378106","39142916","39143222","KQ055267v1","513773","514088","71","38629143"
"JH378106","39169109","39169411","KQ053421v1","5610673","5610968","90","33558436"
"JH378106","39214914","39215213","KQ053421v1","5610673","5610968","70","33604241"
"JH378106","39217025","39217241","ABDC02053644v1","2226","2419","77","39214799"
"JH378106","39266143","39266224","KQ056235v1","1266284","1266361","25","37999859"
"JH378106","39383572","39383913","KQ055267v1","513773","514088","102","38869799"
"JH378106","39384587","39384859","KQ055862v1","1305285","1305561","82","38079302"
"JH378106","39424792","39425097","KQ055352v1","6003171","6003466","71","33421621"
"JH378106","39432628","39432939","KQ053421v1","5610673","5610968","83","33821955"
"JH378106","39477627","39477935","KQ055352v1","6003171","6003466","70","33474456"
"JH378106","39549128","39549408","KQ053785v1","888769","889063","82","38660359"
"JH378106","39592820","39593008","KQ054954v1","1680710","1680882","48","37912110"
"JH378106","39593109","39593230","KQ053398v1","2623748","2623879","39","36969361"
"JH378106","39838784","39839079","KQ055267v1","513773","514088","91","39325011"
"JH378106","39898608","39898917","KQ055267v1","513773","514088","72","39384835"
"JH378106","39992024","39992322","KQ053421v1","5610673","5610968","97","34381351"
"JH378106","40034481","40034779","KQ053421v1","5610673","5610968","66","34423808"
"JH378106","40101940","40102034","KQ056279v1","759081","759162","33","39342859"
"JH378106","40351724","40352030","KQ055267v1","513773","514088","76","39837951"
"JH378106","40356130","40356290","KQ058428v1","1396698","1396861","51","38959432"
"JH378106","40423064","40423205","KQ054401v1","3363241","3363379","44","37059823"
"JH378106","40434125","40434422","KQ053421v1","5610673","5610968","81","34823452"
"JH378106","40780494","40780761","KQ058339v1","4553625","4553889","96","36226869"
"JH378106","40943909","40944203","KQ053421v1","5610673","5610968","69","35333236"
"JH378106","41496627","41496935","KQ053421v1","5610673","5610968","75","35885954"
"JH378106","41497617","41497868","KQ058339v1","4553625","4553889","88","36943992"
"JH378106","41508367","41508657","KQ053421v1","5610673","5610968","86","35897694"
"JH378106","41525972","41526262","KQ053421v1","5610673","5610968","70","35915299"
"JH378106","41530872","41531180","KQ055267v1","513773","514088","77","41017099"
"JH378106","41531915","41532218","KQ053421v1","5610673","5610968","72","35921242"
"JH378106","41577897","41578181","KQ053421v1","5610673","5610968","88","35967224"
"JH378106","41589164","41589478","KQ055352v1","6003171","6003466","78","35585993"
"JH378106","41594512","41594808","KQ053421v1","5610673","5610968","69","35983839"
"JH378106","41639293","41639518","KQ056064v1","326763","326940","87","41312530"
"JH378106","41648333","41648610","KQ053421v1","5610673","5610968","84","36037660"
"JH378106","41892233","41892544","KQ055352v1","6003171","6003466","73","35889062"
"JH378106","42008911","42009198","KQ053421v1","5610673","5610968","88","36398238"
"JH378106","42111619","42111911","KQ053421v1","5610673","5610968","75","36500946"
"JH378106","42392454","42392738","KQ058242v1","595939","596205","93","41796515"
"JH378106","42428439","42428713","KQ055862v1","1305285","1305561","69","41123154"
"JH378106","42461802","42462099","KQ053421v1","5610673","5610968","70","36851129"
"JH378106","42486650","42486958","KQ055352v1","6003171","6003466","76","36483479"
"JH378106","42659121","42659423","KQ055862v1","1305285","1305561","81","41353836"
"JH378106","42856990","42857296","KQ055267v1","513773","514088","71","42343217"
"JH378106","43000545","43000853","KQ055352v1","6003171","6003466","72","36997374"
"JH378106","43203642","43203943","KQ053421v1","5610673","5610968","83","37592969"
"JH378106","43248219","43248419","KQ053234v1","1679581","1679757","67","41568638"
"JH378106","43271789","43271997","KQ056147v1","2861940","2862121","68","40409849"
"JH378106","43275550","43275688","KQ054401v1","3363241","3363379","42","39912309"
"JH378106","43371191","43371500","KQ055352v1","6003171","6003466","73","37368020"
"JH378106","43394955","43395255","KQ053421v1","5610673","5610968","80","37784282"
"JH378106","43444002","43444315","KQ058427v1","7786546","7786853","82","35657456"
"JH378106","43503755","43504067","KQ053421v1","5610673","5610968","88","37893082"
"JH378106","43529212","43529517","KQ055267v1","513773","514088","88","43015439"
"JH378106","43643095","43643403","KQ055267v1","513773","514088","73","43129322"
"JH378106","43657031","43657307","KQ058242v1","595939","596205","89","43061092"
"JH378106","43659858","43660162","KQ053421v1","5610673","5610968","69","38049185"
"JH378106","43745574","43745877","KQ053421v1","5610673","5610968","71","38134901"
"JH378106","43798975","43799277","KQ053421v1","5610673","5610968","65","38188302"
"JH378106","43859063","43859364","KQ053421v1","5610673","5610968","67","38248390"
"JH378106","43983605","43983893","KQ053421v1","5610673","5610968","78","38372932"
"JH378106","43992688","43992994","KQ055267v1","513773","514088","81","43478915"
"JH378106","44248877","44249189","KQ055267v1","513773","514088","71","43735104"
"JH378106","44343954","44344233","KQ053421v1","5610673","5610968","81","38733281"
"JH378106","44350526","44350656","KQ053398v1","2627781","2627909","32","41722745"
"JH378106","44359942","44360237","KQ053421v1","5610673","5610968","76","38749269"
"JH378106","44372197","44372497","KQ053421v1","5610673","5610968","89","38761524"
"JH378106","44374738","44375027","KQ058427v1","6786866","6787134","98","37587872"
"JH378106","44423313","44423620","KQ053421v1","5610673","5610968","75","38812640"
"JH378106","44465958","44466234","KQ053421v1","5610673","5610968","83","38855285"
"JH378106","44557714","44558008","KQ053421v1","5610673","5610968","70","38947041"
"JH378106","44562270","44562562","KQ053421v1","5610673","5610968","73","38951597"
"JH378106","44760243","44760548","KQ053421v1","5610673","5610968","74","39149570"
"JH378106","44771552","44771764","ABDC02053644v1","2226","2419","72","44769326"
"JH378106","44884233","44884533","KQ053421v1","5610673","5610968","81","39273560"
"JH378106","45030445","45030747","KQ053421v1","5610673","5610968","78","39419772"
"JH378106","45065153","45065461","KQ055267v1","513773","514088","73","44551380"
"JH378106","45107472","45107708","KQ058242v1","595939","596205","78","44511533"
"JH378106","45127443","45127754","KQ055267v1","513773","514088","77","44613670"
"JH378106","45147746","45148049","KQ053421v1","5610673","5610968","71","39537073"
"JH378106","45445013","45445306","KQ053421v1","5610673","5610968","74","39834340"
"JH378106","45461883","45462165","KQ053421v1","5610673","5610968","83","39851210"
"JH378106","45482588","45482880","KQ053421v1","5610673","5610968","89","39871915"
"JH378106","45632003","45632314","KQ055352v1","6003171","6003466","69","39628832"
"JH378106","45637831","45638135","KQ055267v1","513773","514088","69","45124058"
"JH378106","45639066","45639376","KQ055267v1","513773","514088","76","45125293"
"JH378106","45641800","45642077","KQ058640v1","643463","643729","86","44998337"
"JH378106","45642800","45643070","KQ058427v1","6786866","6787134","87","38855934"
"JH378106","45676437","45676746","KQ058427v1","7786546","7786853","81","37889891"
"JH378106","45931162","45931457","KQ053421v1","5610673","5610968","71","40320489"
"JH378106","46027112","46027423","KQ055267v1","513773","514088","75","45513339"
"JH378106","46095977","46096284","KQ058427v1","7786546","7786853","72","38309431"
"JH378106","46145840","46146112","KQ058242v1","595939","596205","82","45549901"
"JH378106","46215337","46215558","KQ058594v1","1033101","1033292","69","45182236"
"JH378106","46283262","46283411","KQ054510v1","7582269","7582431","50","38700993"
"JH378106","46385431","46385741","KQ055352v1","6003171","6003466","73","40382260"
"JH378106","46513314","46513439","KQ053398v1","2627781","2627909","42","43885533"
"JH378106","46515553","46515851","KQ053421v1","5610673","5610968","69","40904880"
"JH378106","46687816","46688110","KQ053421v1","5610673","5610968","67","41077143"
"JH378106","46718666","46718976","KQ058427v1","7786546","7786853","72","38932120"
"JH378106","46929953","46930234","KQ054815v1","2215557","2215844","76","44714396"
"JH378106","47048215","47048523","KQ055352v1","6003171","6003466","75","41045044"
"JH378106","47301729","47302029","KQ053421v1","5610673","5610968","75","41691056"
"JH378106","47430628","47430932","KQ053421v1","5610673","5610968","73","41819955"
"JH378106","47487311","47487605","KQ053421v1","5610673","5610968","80","41876638"
"JH378106","47700498","47700794","KQ053421v1","5610673","5610968","77","42089825"
"JH378106","47736789","47737077","KQ053421v1","5610673","5610968","75","42126116"
"JH378106","47813393","47813698","KQ055352v1","6003171","6003466","76","41810222"
"JH378106","47973528","47973833","KQ053421v1","5610673","5610968","94","42362855"
"JH378106","48123940","48124246","KQ055352v1","6003171","6003466","66","42120769"
"JH378106","48413773","48414074","KQ053421v1","5610673","5610968","80","42803100"
"JH378106","48414503","48414804","KQ053421v1","5610673","5610968","71","42803830"
"JH378106","48597840","48598149","KQ058427v1","7786546","7786853","72","40811294"
"JH378106","48672580","48672726","KQ057449v1","1214348","1214489","38","47458232"
"JH378106","48673890","48674185","KQ053421v1","5610673","5610968","78","43063217"
"JH378106","48763472","48763775","KQ053421v1","5610673","5610968","74","43152799"
"JH378106","48807019","48807306","KQ053421v1","5610673","5610968","78","43196346"
"JH378106","48808416","48808727","KQ055352v1","6003171","6003466","74","42805245"
"JH378106","48820688","48820905","KQ056064v1","326763","326940","77","48493925"
"JH378106","48831319","48831622","KQ053421v1","5610673","5610968","65","43220646"
"JH378106","48846667","48846964","KQ053421v1","5610673","5610968","82","43235994"
"JH378106","48897710","48898017","KQ055352v1","6003171","6003466","69","42894539"
"JH378106","48923755","48924065","KQ055352v1","6003171","6003466","75","42920584"
"JH378106","48929274","48929471","KQ055978v1","4311984","4312161","63","44617290"
"JH378106","48939365","48939575","KQ058274v1","300327","300497","86","48639038"
"JH378106","48947411","48947705","KQ053421v1","5610673","5610968","75","43336738"
"JH378106","48996613","48996907","KQ053421v1","5610673","5610968","69","43385940"
"JH378106","49024985","49025195","KQ052982v1","2032903","2033097","55","46992082"
"JH378106","49025689","49025794","KQ056493v1","2043382","2043488","40","46982307"
"JH378106","49074239","49074459","KQ058274v1","300327","300497","80","48773912"
"JH378106","49233530","49233834","KQ055352v1","6003171","6003466","70","43230359"
"JH378106","49601749","49602050","KQ053421v1","5610673","5610968","73","43991076"
"JH378106","49614344","49614503","KQ053398v1","2623748","2623879","56","46990596"
"JH378106","49614920","49615045","KQ052968v1","13665640","13665790","43","35949280"
"JH378106","49633684","49633974","KQ053421v1","5610673","5610968","79","44023011"
"JH378106","49658637","49658939","KQ053421v1","5610673","5610968","73","44047964"
"JH378106","49677777","49678070","KQ053421v1","5610673","5610968","80","44067104"
"JH378106","49691247","49691557","KQ055352v1","6003171","6003466","74","43688076"
"JH378106","49701201","49701494","KQ053421v1","5610673","5610968","65","44090528"
"JH378106","49732200","49732502","KQ053421v1","5610673","5610968","70","44121527"
"JH378106","49736198","49736504","KQ053421v1","5610673","5610968","83","44125525"
"JH378106","49878503","49878833","KQ055267v1","513773","514088","91","49364730"
"JH378106","49891143","49891446","KQ053421v1","5610673","5610968","74","44280470"
"JH378106","50022263","50022494","KQ058242v1","595939","596205","95","49426324"
"JH378106","50085564","50085875","KQ053421v1","5610673","5610968","94","44474891"
"JH378106","50212339","50212621","KQ054815v1","2215557","2215844","77","47996782"
"JH378106","50318836","50319111","KQ055830v1","661716","661986","95","49657120"
"JH378106","50350641","50350955","KQ058427v1","7786546","7786853","75","42564095"
"JH378106","50386236","50386540","KQ053421v1","5610673","5610968","86","44775563"
"JH378106","50542685","50542986","KQ053421v1","5610673","5610968","80","44932012"
"JH378106","50662368","50662672","KQ053421v1","5610673","5610968","72","45051695"
"JH378106","50912558","50912802","KQ058242v1","595939","596205","94","50316619"
"JH378106","50951349","50951659","KQ055267v1","513773","514088","74","50437576"
"JH378106","51095530","51095840","KQ055267v1","513773","514088","79","50581757"
"JH378106","51277000","51277297","KQ053421v1","5610673","5610968","76","45666327"
"JH378106","51357623","51357910","KQ055352v1","6003171","6003466","84","45354452"
"JH378106","51361049","51361347","KQ053421v1","5610673","5610968","67","45750376"
"JH378106","51365115","51365439","KQ055267v1","513773","514088","94","50851342"
"JH378106","51463104","51463387","KQ054815v1","2215557","2215844","79","49247547"
"JH378106","51472351","51472642","KQ053421v1","5610673","5610968","78","45861678"
"JH378106","51587078","51587374","KQ053421v1","5610673","5610968","82","45976405"
"JH378106","51975752","51976051","KQ053421v1","5610673","5610968","75","46365079"
"JH378106","51998609","51998883","KQ057186v1","783828","784085","80","51214781"
"JH378106","52026175","52026486","KQ058427v1","7786546","7786853","76","44239629"
"JH378106","52187033","52187334","KQ053421v1","5610673","5610968","70","46576360"
"JH378106","52328655","52328959","KQ053421v1","5610673","5610968","76","46717982"
"JH378106","52442715","52443026","KQ058427v1","7786546","7786853","73","44656169"
"JH378106","52519753","52520014","KQ058505v1","2207051","2207301","81","50312702"
"JH378106","52906685","52906986","KQ058427v1","7786546","7786853","77","45120139"
"JH378106","52927584","52927881","KQ053421v1","5610673","5610968","78","47316911"
"JH378106","52958856","52959156","KQ053421v1","5610673","5610968","84","47348183"
"JH378106","52974255","52974547","KQ053421v1","5610673","5610968","77","47363582"
"JH378106","53079472","53079756","KQ054815v1","2215557","2215844","83","50863915"
"JH378106","53083713","53084023","KQ055267v1","513773","514088","76","52569940"
"JH378106","53109407","53109666","KQ055862v1","1305285","1305561","79","51804122"
"JH378106","53144568","53144867","KQ053421v1","5610673","5610968","70","47533895"
"JH378106","53150397","53150673","KQ057186v1","783828","784085","75","52366569"
"JH378106","53427318","53427616","KQ053421v1","5610673","5610968","73","47816645"
"JH378106","53571846","53572156","KQ055267v1","513773","514088","74","53058073"
"JH378106","53639802","53640112","KQ055352v1","6003171","6003466","75","47636631"
"JH378106","53687469","53687770","KQ053421v1","5610673","5610968","69","48076796"
"JH378106","53802168","53802478","KQ055267v1","513773","514088","72","53288395"
"JH378106","53845439","53845743","KQ053421v1","5610673","5610968","73","48234766"
"JH378106","53868393","53868695","KQ055267v1","513773","514088","81","53354620"
"JH378106","53943266","53943574","KQ053421v1","5610673","5610968","77","48332593"
"JH378106","54064048","54064350","KQ055267v1","513773","514088","82","53550275"
"JH378106","54077659","54077960","KQ053421v1","5610673","5610968","75","48466986"
"JH378106","54139637","54139949","KQ055267v1","513773","514088","71","53625864"
"JH378106","54446799","54447096","KQ053421v1","5610673","5610968","71","48836126"
"JH378106","54619301","54619597","KQ053421v1","5610673","5610968","82","49008628"
"JH378106","54970137","54970447","KQ055352v1","6003171","6003466","75","48966966"
"JH378106","54986841","54987053","KQ053234v1","1414405","1414609","63","53572436"
"JH378106","55029846","55030157","KQ055352v1","6003171","6003466","71","49026675"
"JH378106","55426898","55427205","KQ055267v1","513773","514088","67","54913125"
"JH378106","55520873","55521170","KQ053421v1","5610673","5610968","99","49910200"
"JH378106","55547742","55548024","KQ058242v1","595939","596205","80","54951803"
"JH378106","55614847","55615133","KQ054815v1","2215557","2215844","77","53399290"
"JH378106","55629420","55629723","KQ053421v1","5610673","5610968","87","50018747"
"JH378106","55748776","55749085","KQ053421v1","5610673","5610968","87","50138103"
"JH378106","55812012","55812303","KQ053421v1","5610673","5610968","74","50201339"
"JH378106","55849450","55849749","KQ053421v1","5610673","5610968","78","50238777"
"JH378106","56118382","56118693","KQ055352v1","6003171","6003466","72","50115211"
"JH378106","56159667","56159976","KQ055352v1","6003171","6003466","75","50156496"
"JH378106","56185180","56185472","KQ053421v1","5610673","5610968","75","50574507"
"JH378106","56188134","56188430","KQ053421v1","5610673","5610968","83","50577461"
"JH378106","56227493","56227787","KQ053421v1","5610673","5610968","93","50616820"
"JH378106","56255417","56255728","KQ055267v1","513773","514088","80","55741644"
"JH378106","56256263","56256521","KQ057186v1","783828","784085","95","55472435"
"JH378106","56278328","56278612","KQ055862v1","1305285","1305561","77","54973043"
"JH378106","56305218","56305496","KQ055862v1","1305285","1305561","82","54999933"
"JH378106","56441279","56441571","KQ053421v1","5610673","5610968","77","50830606"
"JH378106","56548388","56548689","KQ053421v1","5610673","5610968","69","50937715"
"JH378106","56729127","56729379","KQ056321v1","575951","576190","86","56153176"
"JH378106","56779065","56779369","KQ053421v1","5610673","5610968","71","51168392"
"JH378106","56883702","56883862","KQ053398v1","2623748","2623879","57","54259954"
"JH378106","56901704","56902002","KQ053421v1","5610673","5610968","63","51291031"
"JH378106","56926819","56927117","KQ053421v1","5610673","5610968","72","51316146"
"JH378106","56936524","56936832","KQ055267v1","513773","514088","71","56422751"
"JH378106","56938972","56939273","KQ053421v1","5610673","5610968","71","51328299"
"JH378106","57018297","57018600","KQ053421v1","5610673","5610968","72","51407624"
"JH378106","57104016","57104323","KQ053421v1","5610673","5610968","74","51493343"
"JH378106","57145306","57145604","KQ053421v1","5610673","5610968","84","51534633"
"JH378106","57195131","57195441","KQ055352v1","6003171","6003466","70","51191960"
"JH378106","57329911","57330210","KQ053421v1","5610673","5610968","68","51719238"
"JH378106","57473230","57473527","KQ053421v1","5610673","5610968","72","51862557"
"JH378106","57515861","57516148","KQ053421v1","5610673","5610968","78","51905188"
"JH378106","57624643","57624942","KQ053421v1","5610673","5610968","71","52013970"
"JH378106","57658570","57658859","KQ053421v1","5610673","5610968","84","52047897"
"JH378106","57681542","57681906","KQ053421v1","5610673","5610968","164","52070869"
"JH378106","57787945","57788060","KQ055717v1","1610376","1610476","45","56177569"
"JH378106","57842857","57843151","KQ053421v1","5610673","5610968","79","52232184"
"JH378106","57936628","57936924","KQ053421v1","5610673","5610968","93","52325955"
"JH378106","58000531","58000832","KQ055352v1","6003171","6003466","76","51997360"
"JH378106","58017817","58018129","KQ055352v1","6003171","6003466","71","52014646"
"JH378106","58063504","58063816","KQ055267v1","513773","514088","77","57549731"
"JH378106","58090554","58090851","KQ055352v1","6003171","6003466","72","52087383"
"JH378106","58134532","58134838","KQ055352v1","6003171","6003466","68","52131361"
"JH378106","58155363","58155662","KQ053421v1","5610673","5610968","71","52544690"
"JH378106","58208780","58209064","KQ058640v1","643463","643729","78","57565317"
"JH378106","58253544","58253836","KQ053421v1","5610673","5610968","71","52642871"
"JH378106","58321081","58321390","KQ055352v1","6003171","6003466","74","52317910"
"JH378106","58366004","58366296","KQ053421v1","5610673","5610968","84","52755331"
"JH378106","58380259","58380555","KQ053421v1","5610673","5610968","68","52769586"
"JH378106","58509116","58509426","KQ053421v1","5610673","5610968","78","52898443"
"JH378106","58522446","58522751","KQ055267v1","513773","514088","67","58008673"
"JH378106","58561519","58561818","KQ053421v1","5610673","5610968","71","52950846"
"JH378106","58596140","58596428","KQ058394v1","9655127","9655422","82","48941013"
"JH378106","58641608","58641862","KQ057901v1","868884","869144","79","57772724"
"JH378106","58661929","58662230","KQ053421v1","5610673","5610968","73","53051256"
"JH378106","58700802","58701094","KQ058242v1","595939","596205","78","58104863"
"JH378106","58742764","58743065","KQ053421v1","5610673","5610968","69","53132091"
"JH378106","58945465","58945762","KQ053421v1","5610673","5610968","69","53334792"
"JH378106","58960890","58961182","KQ053421v1","5610673","5610968","79","53350217"
"JH378106","59060616","59060807","KQ058350v1","9514178","9514352","51","49546438"
"JH378106","59088716","59089016","KQ053421v1","5610673","5610968","76","53478043"
"JH378106","59096803","59097010","KQ055662v1","1890465","1890674","53","57206338"
"JH378106","59122554","59122856","KQ055352v1","6003171","6003466","72","53119383"
"JH378106","59291323","59291628","KQ055352v1","6003171","6003466","67","53288152"
"JH378106","59319511","59319825","KQ053421v1","5610673","5610968","82","53708838"
"JH378106","59344501","59344807","KQ055267v1","513773","514088","72","58830728"
"JH378106","59378318","59378599","KQ053421v1","5610673","5610968","81","53767645"
"JH378106","59383521","59383646","KQ052968v1","13665640","13665790","48","45717881"
"JH378106","59384012","59384194","KQ053531v1","6571","6737","54","59377441"
"JH378106","59443836","59443973","KQ053398v1","2623748","2623879","33","56820088"
"JH378106","59447993","59448300","KQ053421v1","5610673","5610968","73","53837320"
"JH378106","59504422","59504683","KQ058242v1","595939","596205","82","58908483"
"JH378106","59516587","59516754","KQ054954v1","1680710","1680882","41","57835877"
"JH378106","59526278","59526509","KQ053234v1","1414405","1414609","76","58111873"
"JH378106","59527657","59527967","KQ055267v1","513773","514088","70","59013884"
"JH378106","59546529","59546838","KQ055352v1","6003171","6003466","70","53543358"
"JH378106","59547619","59547961","KQ053421v1","5610673","5610968","102","53936946"
"JH378106","59587621","59587932","KQ055267v1","513773","514088","71","59073848"
"JH378106","59610261","59610435","KQ058350v1","9514178","9514352","33","50096083"
"JH378106","59619852","59620152","KQ053421v1","5610673","5610968","69","54009179"
"JH378106","59627931","59628224","KQ053421v1","5610673","5610968","77","54017258"
"JH378106","59656748","59657057","KQ058427v1","7786546","7786853","79","51870202"
"JH378106","59682035","59682323","KQ053421v1","5610673","5610968","84","54071362"
"JH378106","59685242","59685547","KQ055352v1","6003171","6003466","71","53682071"
"JH378106","59693680","59693980","KQ053421v1","5610673","5610968","71","54083007"
"JH378106","59792724","59793022","KQ053421v1","5610673","5610968","78","54182051"
"JH378106","59816834","59817128","KQ055267v1","513773","514088","77","59303061"
"JH378106","59824514","59824777","KQ058242v1","595939","596205","69","59228575"
"JH378106","59900822","59901132","KQ055267v1","513773","514088","85","59387049"
"JH378106","59918201","59918509","KQ053421v1","5610673","5610968","77","54307528"
"JH378106","59931562","59931870","KQ055862v1","1305285","1305561","83","58626277"
"JH378106","59951671","59951983","KQ058427v1","7786546","7786853","74","52165125"
"JH378106","59954338","59954638","KQ053421v1","5610673","5610968","83","54343665"
"JH378106","59960990","59961290","KQ053421v1","5610673","5610968","75","54350317"
"JH378106","60011878","60012174","KQ053421v1","5610673","5610968","78","54401205"
"JH378106","60125580","60125882","KQ053421v1","5610673","5610968","81","54514907"
"JH378106","60143432","60143631","KQ052982v1","2032903","2033097","52","58110529"
"JH378106","60143733","60143796","KQ055247v1","3278175","3278224","25","56865558"
"JH378106","60320799","60321084","KQ058339v1","4553625","4553889","89","55767174"
"JH378106","60327974","60328270","KQ053421v1","5610673","5610968","72","54717301"
"JH378106","60404586","60404887","KQ053421v1","5610673","5610968","81","54793913"
"JH378106","60421724","60421826","KQ056235v1","1266284","1266361","41","59155440"
"JH378106","60476997","60477282","KQ053421v1","5610673","5610968","86","54866324"
"JH378106","60480027","60480302","KQ053421v1","5610673","5610968","88","54869354"
"JH378106","60485900","60486195","KQ053421v1","5610673","5610968","69","54875227"
"JH378106","60489509","60489812","KQ053421v1","5610673","5610968","77","54878836"
"JH378106","60491816","60492124","KQ053421v1","5610673","5610968","76","54881143"
"JH378106","60507540","60507810","KQ057186v1","783828","784085","78","59723712"
"JH378106","60552346","60552599","KQ058509v1","24058","24271","81","60528288"
"JH378106","60596687","60596983","KQ053421v1","5610673","5610968","66","54986014"
"JH378106","60597320","60597625","KQ055352v1","6003171","6003466","70","54594149"
"JH378106","60634376","60634688","KQ055267v1","513773","514088","80","60120603"
"JH378106","60648894","60649198","KQ058427v1","7786546","7786853","86","52862348"
"JH378106","60763610","60763713","KQ053998v1","8863","8933","48","60754747"
"JH378106","60764378","60764647","KQ058505v1","2207051","2207301","87","58557327"
"JH378106","60791200","60791491","KQ053421v1","5610673","5610968","75","55180527"
"JH378106","60824274","60824447","KQ056064v1","326763","326940","57","60497511"
"JH378106","60836126","60836409","KQ053421v1","5610673","5610968","77","55225453"
"JH378106","60910529","60910816","KQ053421v1","5610673","5610968","80","55299856"
"JH378106","60974716","60975016","KQ053421v1","5610673","5610968","64","55364043"
"JH378106","61030421","61030700","KQ058242v1","595939","596205","75","60434482"
"JH378106","61123308","61123602","KQ053421v1","5610673","5610968","70","55512635"
"JH378106","61197056","61197352","KQ053421v1","5610673","5610968","79","55586383"
"JH378106","61209139","61209444","KQ055352v1","6003171","6003466","70","55205968"
"JH378106","61277807","61278083","KQ058640v1","643463","643729","72","60634344"
"JH378106","61284086","61284394","KQ058427v1","7786546","7786853","82","53497540"
"JH378106","61319467","61319681","KQ057380v1","3344874","3345081","56","57974593"
"JH378106","61496479","61496725","KQ057901v1","868884","869144","75","60627595"
"JH378106","61549286","61549583","KQ053421v1","5610673","5610968","70","55938613"
"JH378106","61571769","61572073","KQ053421v1","5610673","5610968","84","55961096"
"JH378106","61596360","61596508","KQ053398v1","2623748","2623879","48","58972612"
"JH378106","61642347","61642657","KQ055352v1","6003171","6003466","72","55639176"
"JH378106","61708487","61708797","KQ055267v1","513773","514088","77","61194714"
"JH378106","61714571","61714883","KQ055352v1","6003171","6003466","72","55711400"
"JH378106","61749235","61749529","KQ053421v1","5610673","5610968","75","56138562"
"JH378106","61774402","61774693","KQ053421v1","5610673","5610968","79","56163729"
"JH378106","61968857","61969148","KQ053421v1","5610673","5610968","74","56358184"
"JH378106","61976345","61976652","KQ053421v1","5610673","5610968","71","56365672"
"JH378106","62011102","62011404","KQ053421v1","5610673","5610968","78","56400429"
"JH378106","62024574","62024853","KQ055352v1","6003171","6003466","90","56021403"
"JH378106","62078136","62078429","KQ054815v1","2215557","2215844","104","59862579"
"JH378106","62082087","62082391","KQ053421v1","5610673","5610968","65","56471414"
"JH378106","62168132","62168433","KQ053421v1","5610673","5610968","70","56557459"
"JH378106","62175701","62176008","KQ055267v1","513773","514088","73","61661928"
"JH378106","62214320","62214591","KQ053421v1","5610673","5610968","86","56603647"
"JH378106","62225959","62226268","KQ053421v1","5610673","5610968","74","56615286"
"JH378106","62232759","62233062","KQ053421v1","5610673","5610968","73","56622086"
"JH378106","62244740","62245051","KQ055267v1","513773","514088","74","61730967"
"JH378106","62274065","62274371","KQ055352v1","6003171","6003466","69","56270894"
"JH378106","62286922","62287229","KQ053421v1","5610673","5610968","72","56676249"
"JH378106","62295839","62296149","KQ055352v1","6003171","6003466","72","56292668"
"JH378106","62304323","62304620","KQ053421v1","5610673","5610968","71","56693650"
"JH378106","62326499","62326797","KQ053421v1","5610673","5610968","65","56715826"
"JH378106","62477747","62478055","KQ055352v1","6003171","6003466","72","56474576"
"JH378106","62488289","62488597","KQ055352v1","6003171","6003466","72","56485118"
"JH378106","62524850","62525140","KQ055267v1","513773","514088","94","62011077"
"JH378106","62568817","62569114","KQ053421v1","5610673","5610968","65","56958144"
"JH378106","62616093","62616400","KQ053421v1","5610673","5610968","90","57005420"
"JH378106","62676847","62677131","KQ054815v1","2215557","2215844","82","60461290"
"JH378106","62712330","62712640","KQ055267v1","513773","514088","70","62198557"
"JH378106","62816938","62817235","KQ053421v1","5610673","5610968","82","57206265"
"JH378106","62864245","62864549","KQ055267v1","513773","514088","77","62350472"
"JH378106","62922681","62922992","KQ055352v1","6003171","6003466","71","56919510"
"JH378106","62951056","62951326","KQ055862v1","1305285","1305561","89","61645771"
"JH378106","62969721","62970008","KQ053421v1","5610673","5610968","78","57359048"
"JH378106","62973906","62974132","KQ055662v1","1890465","1890674","73","61083441"
"JH378106","63051115","63051405","KQ053421v1","5610673","5610968","79","57440442"
"JH378106","63053491","63053802","KQ053421v1","5610673","5610968","78","57442818"
"JH378106","63062670","63062938","KQ058640v1","643463","643729","91","62419207"
"JH378106","63152581","63152876","KQ053421v1","5610673","5610968","83","57541908"
"JH378106","63180348","63180451","KQ056279v1","759081","759162","37","62421267"
"JH378106","63191506","63191625","KQ053398v1","2623748","2623879","38","60567758"
"JH378106","63193905","63194192","KQ053421v1","5610673","5610968","77","57583232"
"JH378106","63207547","63207847","KQ053421v1","5610673","5610968","83","57596874"
"JH378106","63264059","63264370","KQ055267v1","513773","514088","75","62750286"
"JH378106","63332189","63332494","KQ055352v1","6003171","6003466","70","57329018"
"JH378106","63345796","63346085","KQ053421v1","5610673","5610968","83","57735123"
"JH378106","63397673","63397967","KQ053421v1","5610673","5610968","72","57787000"
"JH378106","63442376","63442696","KQ055352v1","6003171","6003466","89","57439205"
"JH378106","63618442","63618738","KQ053421v1","5610673","5610968","79","58007769"
"JH378106","63628825","63629096","KQ058242v1","595939","596205","80","63032886"
"JH378106","63682018","63682145","KQ053398v1","2627781","2627909","35","61054237"
"JH378106","63944711","63945002","KQ053421v1","5610673","5610968","79","58334038"
"JH378106","63993426","63993665","KQ058242v1","595939","596205","80","63397487"
"JH378106","64254681","64254968","KQ053421v1","5610673","5610968","71","58644008"
"JH378106","64283038","64283349","KQ053421v1","5610673","5610968","89","58672365"
"JH378106","64297114","64297369","KQ058640v1","643463","643729","85","63653651"
"JH378106","64381810","64381971","KQ058423v1","270754","270928","52","64111056"
"JH378106","64382307","64382445","KQ053398v1","2623748","2623879","41","61758559"
"JH378106","64396531","64396839","KQ055267v1","513773","514088","81","63882758"
"JH378106","64495838","64496132","KQ053421v1","5610673","5610968","69","58885165"
"JH378106","64503596","64503892","KQ053421v1","5610673","5610968","70","58892923"
"JH378106","64555363","64555646","KQ054815v1","2215557","2215844","81","62339806"
"JH378106","64562505","64562799","KQ053421v1","5610673","5610968","82","58951832"
"JH378106","64575861","64576156","KQ053421v1","5610673","5610968","68","58965188"
"JH378106","64577010","64577296","KQ053421v1","5610673","5610968","86","58966337"
"JH378106","64607931","64608241","KQ055352v1","6003171","6003466","72","58604760"
"JH378106","64631305","64631598","KQ053421v1","5610673","5610968","73","59020632"
"JH378106","64653557","64653857","KQ055267v1","513773","514088","86","64139784"
"JH378106","64741360","64741653","KQ053421v1","5610673","5610968","78","59130687"
"JH378106","64786349","64786651","KQ053421v1","5610673","5610968","77","59175676"
"JH378106","64849736","64850035","KQ053421v1","5610673","5610968","75","59239063"
"JH378106","64957446","64957757","KQ055352v1","6003171","6003466","74","58954275"
"JH378106","64961333","64961614","KQ054815v1","2215557","2215844","80","62745776"
"JH378106","65029717","65029806","KQ056279v1","759081","759162","26","64270636"
"JH378106","65053941","65054073","KQ053398v1","2623748","2623879","31","62430193"
"JH378106","65121506","65121793","KQ053421v1","5610673","5610968","82","59510833"
"JH378106","65130590","65130817","KQ058274v1","300327","300497","90","64830263"
"JH378106","65186499","65186779","KQ053421v1","5610673","5610968","81","59575826"
"JH378106","65191468","65191779","KQ055352v1","6003171","6003466","72","59188297"
"JH378106","65217656","65217977","KQ055352v1","6003171","6003466","81","59214485"
"JH378106","65240575","65240862","KQ057901v1","868884","869144","159","64371691"
"JH378106","65280056","65280349","KQ055267v1","513773","514088","91","64766283"
"JH378106","65341229","65341515","KQ053785v1","888769","889063","73","64452460"
"JH378106","65442525","65442697","KQ058423v1","270754","270928","39","65171771"
"JH378106","65510985","65511293","KQ055352v1","6003171","6003466","70","59507814"
"JH378106","65688423","65688668","KQ054068v1","3638075","3638299","76","62050348"
"JH378106","65789341","65789652","KQ053421v1","5610673","5610968","85","60178668"
"JH378106","65843686","65843957","KQ053883v1","6938067","6938331","86","58905619"
"JH378106","65921034","65921330","KQ053421v1","5610673","5610968","70","60310361"
"JH378106","65952177","65952479","KQ053421v1","5610673","5610968","70","60341504"
"JH378106","65970897","65971165","KQ055862v1","1305285","1305561","80","64665612"
"JH378106","65975768","65976068","KQ053421v1","5610673","5610968","64","60365095"
"JH378106","66026316","66026505","KQ056064v1","326763","326940","63","65699553"
"JH378106","66054626","66054897","KQ057186v1","783828","784085","78","65270798"
"JH378106","66057986","66058199","KQ053993v1","1251070","1251235","82","64806916"
"JH378106","66073691","66074009","KQ055267v1","513773","514088","81","65559918"
"JH378106","66083463","66083725","KQ058242v1","595939","596205","68","65487524"
"JH378106","66093780","66094111","KQ053059v1","2548766","2549102","95","63545014"
"JH378106","66099553","66099861","KQ055352v1","6003171","6003466","74","60096382"
"JH378106","66128740","66129049","KQ055352v1","6003171","6003466","81","60125569"
"JH378106","66193210","66193509","KQ053421v1","5610673","5610968","71","60582537"
"JH378106","66224601","66224903","KQ053421v1","5610673","5610968","75","60613928"
"JH378106","66273424","66273721","KQ053421v1","5610673","5610968","69","60662751"
"JH378106","66294854","66294979","KQ053398v1","2627781","2627909","38","63667073"
"JH378106","66520909","66521181","KQ053421v1","5610673","5610968","99","60910236"
"JH378106","66745636","66745784","KQ053398v1","2623748","2623879","59","64121888"
"JH378106","67004161","67004458","KQ055267v1","513773","514088","85","66490388"
"JH378106","67043119","67043424","KQ055352v1","6003171","6003466","68","61039948"
"JH378106","67106544","67106847","KQ053421v1","5610673","5610968","68","61495871"
"JH378106","67126088","67126380","KQ053421v1","5610673","5610968","80","61515415"
"JH378106","67158259","67158562","KQ053421v1","5610673","5610968","64","61547586"
"JH378106","67181173","67181488","KQ055352v1","6003171","6003466","96","61178002"
"JH378106","67436284","67436584","KQ053421v1","5610673","5610968","79","61825611"
"JH378106","67439154","67439402","KQ053421v1","5610673","5610968","95","61828481"
"JH378106","67510220","67510508","KQ053421v1","5610673","5610968","74","61899547"
"JH378106","67536913","67537212","KQ053421v1","5610673","5610968","78","61926240"
"JH378106","67587691","67587979","KQ053421v1","5610673","5610968","80","61977018"
"JH378106","67636644","67636793","KQ053004v1","3064551","3064681","45","64572093"
"JH378106","67639043","67639346","KQ058427v1","7786546","7786853","81","59852497"
"JH378106","67644276","67644573","KQ053421v1","5610673","5610968","76","62033603"
"JH378106","67702253","67702521","KQ058242v1","595939","596205","75","67106314"
"JH378106","67770446","67770737","KQ053421v1","5610673","5610968","80","62159773"
"JH378106","67797564","67797835","KQ057186v1","783828","784085","80","67013736"
"JH378106","67879946","67880234","KQ053421v1","5610673","5610968","76","62269273"
"JH378106","68045531","68045826","KQ053421v1","5610673","5610968","71","62434858"
"JH378106","68071038","68071321","KQ058242v1","595939","596205","64","67475099"
"JH378106","68077471","68077771","KQ053421v1","5610673","5610968","72","62466798"
"JH378106","68117472","68117767","KQ053421v1","5610673","5610968","78","62506799"
"JH378106","68122574","68122873","KQ053421v1","5610673","5610968","77","62511901"
"JH378106","68168300","68168612","KQ055267v1","513773","514088","75","67654527"
"JH378106","68169670","68169965","KQ053421v1","5610673","5610968","70","62558997"
"JH378106","68182036","68182200","KQ056064v1","326763","326940","55","67855273"
"JH378106","68198823","68199119","KQ053421v1","5610673","5610968","74","62588150"
"JH378106","68224398","68224670","KQ058242v1","595939","596205","83","67628459"
"JH378106","68245341","68245639","KQ053421v1","5610673","5610968","76","62634668"
"JH378106","68360981","68361288","KQ055267v1","513773","514088","74","67847208"
"JH378106","68564911","68565062","KQ054401v1","3363241","3363379","51","65201670"
"JH378106","68607186","68607489","KQ053421v1","5610673","5610968","79","62996513"
"JH378106","68695214","68695505","KQ053421v1","5610673","5610968","77","63084541"
"JH378106","68749066","68749363","KQ053421v1","5610673","5610968","68","63138393"
"JH378106","68764371","68764682","KQ055352v1","6003171","6003466","74","62761200"
"JH378106","68768232","68768531","KQ053421v1","5610673","5610968","70","63157559"
"JH378106","68800443","68800741","KQ053421v1","5610673","5610968","69","63189770"
"JH378106","68833745","68834058","KQ053421v1","5610673","5610968","83","63223072"
"JH378106","68860263","68860568","KQ055352v1","6003171","6003466","69","62857092"
"JH378106","68978220","68978505","KQ053421v1","5610673","5610968","83","63367547"
"JH378106","69010945","69011232","KQ053421v1","5610673","5610968","87","63400272"
"JH378106","69027694","69027958","KQ057901v1","868884","869144","88","68158810"
"JH378106","69039925","69040183","KQ057186v1","783828","784085","84","68256097"
"JH378106","69102910","69103222","KQ053421v1","5610673","5610968","85","63492237"
"JH378106","69112553","69112839","KQ053421v1","5610673","5610968","85","63501880"
"JH378106","69141817","69142115","KQ053421v1","5610673","5610968","69","63531144"
"JH378106","69203215","69203521","KQ053421v1","5610673","5610968","70","63592542"
"JH378106","69244339","69244649","KQ055267v1","513773","514088","73","68730566"
"JH378106","69259465","69259765","KQ053421v1","5610673","5610968","72","63648792"
"JH378106","69331832","69332104","KQ053421v1","5610673","5610968","85","63721159"
"JH378106","69337178","69337488","KQ053421v1","5610673","5610968","71","63726505"
"JH378106","69493997","69494308","KQ055352v1","6003171","6003466","83","63490826"
"JH378106","69635888","69636197","KQ055352v1","6003171","6003466","76","63632717"
"JH378106","69755746","69756056","KQ055352v1","6003171","6003466","72","63752575"
"JH378106","69795808","69796088","KQ053785v1","888769","889063","84","68907039"
"JH378106","69895091","69895389","KQ055352v1","6003171","6003466","70","63891920"
"JH378106","69922193","69922329","KQ056920v1","183120","183261","49","69739073"
"JH378106","69923088","69923202","KQ053398v1","2623748","2623879","41","67299340"
"JH378106","69986939","69987253","KQ058394v1","9655127","9655422","89","60331812"
"JH378106","70009829","70010127","KQ053421v1","5610673","5610968","71","64399156"
"JH378106","70033147","70033454","KQ053421v1","5610673","5610968","72","64422474"
"JH378106","70053040","70053349","KQ055267v1","513773","514088","71","69539267"
"JH378106","70061039","70061330","KQ053421v1","5610673","5610968","72","64450366"
"JH378106","70183029","70183318","KQ053421v1","5610673","5610968","79","64572356"
"JH378106","70184402","70184700","KQ058427v1","7786546","7786853","86","62397856"
"JH378106","70291732","70291862","KQ056911v1","1421731","1421862","30","68870001"
"JH378106","70294247","70294539","KQ053421v1","5610673","5610968","73","64683574"
"JH378106","70300930","70301232","KQ053421v1","5610673","5610968","87","64690257"
"JH378106","70320683","70320983","KQ053421v1","5610673","5610968","68","64710010"
"JH378106","70335157","70335447","KQ053421v1","5610673","5610968","80","64724484"
"JH378106","70390349","70390670","KQ055267v1","513773","514088","95","69876576"
"JH378106","70410503","70410798","KQ053421v1","5610673","5610968","80","64799830"
"JH378106","70424378","70424464","KQ058316v1","2226037","2226104","33","68198341"
"JH378106","70424489","70424585","KQ054199v1","6267","6355","48","70418222"
"JH378106","70484942","70485240","KQ053421v1","5610673","5610968","68","64874269"
"JH378106","70504359","70504562","KQ058274v1","300327","300497","71","70204032"
"JH378106","70508262","70508562","KQ053421v1","5610673","5610968","83","64897589"
"JH378106","70531371","70531559","KQ057654v1","509","671","64","70530862"
"JH378106","70535268","70535574","KQ053421v1","5610673","5610968","76","64924595"
"JH378106","70540633","70540925","KQ053421v1","5610673","5610968","67","64929960"
"JH378106","70547136","70547423","KQ053421v1","5610673","5610968","87","64936463"
"JH378106","70548757","70548995","KQ058242v1","595939","596205","88","69952818"
"JH378106","70575739","70576044","KQ053421v1","5610673","5610968","72","64965066"
"JH378106","70592790","70593096","KQ053421v1","5610673","5610968","102","64982117"
"JH378106","70602033","70602211","KQ053993v1","1251070","1251235","52","69350963"
"JH378106","70618533","70618831","KQ053421v1","5610673","5610968","81","65007860"
"JH378106","70674531","70674830","KQ053421v1","5610673","5610968","83","65063858"
"JH378106","70675602","70675918","KQ053421v1","5610673","5610968","90","65064929"
"JH378106","70724676","70724972","KQ053421v1","5610673","5610968","76","65114003"
"JH378106","70855784","70856037","KQ058427v1","6786866","6787134","85","64068918"
"JH378106","70931551","70931840","KQ053421v1","5610673","5610968","74","65320878"
"JH378106","70940006","70940336","KQ053135v1","5034940","5035266","97","65905066"
"JH378106","70944829","70945146","KQ055267v1","513773","514088","84","70431056"
"JH378106","71102220","71102508","KQ053785v1","888769","889063","85","70213451"
"JH378107","13631463","13631630","KQ054510v1","7582269","7582431","39","6049194"
"JH378107","35258140","35258446","KQ053421v1","5610673","5610968","68","29647467"
"JH378107","67692","68001","KQ055352v1","6003171","6003466","71","5935479"
"JH378107","135955","136250","KQ053421v1","5610673","5610968","75","5474718"
"JH378107","215992","216281","KQ053421v1","5610673","5610968","91","5394681"
"JH378107","217305","217536","KQ053234v1","1414405","1414609","77","1197100"
"JH378107","295337","295639","KQ053421v1","5610673","5610968","64","5315336"
"JH378107","536250","536532","KQ053421v1","5610673","5610968","81","5074423"
"JH378107","588296","588600","KQ055352v1","6003171","6003466","76","5414875"
"JH378107","606410","606709","KQ053421v1","5610673","5610968","82","5004263"
"JH378107","633656","633961","KQ053421v1","5610673","5610968","73","4977017"
"JH378107","635159","635347","KQ053234v1","1679581","1679757","47","1044422"
"JH378107","667662","667973","KQ055352v1","6003171","6003466","72","5335509"
"JH378107","681997","682116","KQ053398v1","2623748","2623879","39","1941751"
"JH378107","759605","759899","KQ053421v1","5610673","5610968","75","4851068"
"JH378107","764903","765113","KQ055662v1","1890465","1890674","80","1125562"
"JH378107","845798","846091","KQ053421v1","5610673","5610968","71","4764875"
"JH378107","851153","851466","KQ055352v1","6003171","6003466","93","5152018"
"JH378107","1240426","1240728","KQ053421v1","5610673","5610968","73","4370247"
"JH378107","1302591","1302893","KQ053421v1","5610673","5610968","69","4308082"
"JH378107","1328668","1328956","KQ053421v1","5610673","5610968","77","4282005"
"JH378107","1358036","1358336","KQ053421v1","5610673","5610968","68","4252637"
"JH378107","1498914","1499199","KQ053421v1","5610673","5610968","82","4111759"
"JH378107","1526636","1526950","KQ058427v1","7786546","7786853","83","6259910"
"JH378107","1648708","1649014","KQ053421v1","5610673","5610968","70","3961965"
"JH378107","1802654","1802942","KQ058242v1","595939","596205","78","1206715"
"JH378107","1810009","1810051","KQ053343v1","1624718","1624766","20","185291"
"JH378107","1844650","1844748","KQ056235v1","1266284","1266361","36","578366"
"JH378107","1847615","1847910","KQ053421v1","5610673","5610968","68","3763058"
"JH378107","1855135","1855372","KQ058509v1","24058","24271","73","1831077"
"JH378107","1905746","1906030","KQ053421v1","5610673","5610968","89","3704927"
"JH378107","2174551","2174851","KQ053421v1","5610673","5610968","78","3436122"
"JH378107","2375093","2375375","KQ053421v1","5610673","5610968","84","3235580"
"JH378107","2504120","2504405","KQ053421v1","5610673","5610968","84","3106553"
"JH378107","2526842","2527140","KQ053421v1","5610673","5610968","69","3083831"
"JH378107","2538554","2538851","KQ053421v1","5610673","5610968","85","3072119"
"JH378107","2552900","2553199","KQ053421v1","5610673","5610968","68","3057773"
"JH378107","2787140","2787443","KQ055352v1","6003171","6003466","76","3216031"
"JH378107","2832107","2832405","KQ053421v1","5610673","5610968","74","2778566"
"JH378107","2939861","2939898","KQ053234v1","1679807","1679838","19","1260054"
"JH378107","2940440","2940539","KQ056235v1","1266284","1266361","32","1674156"
"JH378107","3027027","3027329","KQ058427v1","7786546","7786853","80","4759519"
"JH378107","3142470","3142769","KQ053421v1","5610673","5610968","83","2468203"
"JH378107","3168915","3169215","KQ053421v1","5610673","5610968","71","2441758"
"JH378107","3189998","3190284","KQ058242v1","595939","596205","94","2594059"
"JH378107","3689439","3689738","KQ058427v1","7786546","7786853","85","4097107"
"JH378107","3702382","3702689","KQ053421v1","5610673","5610968","72","1908291"
"JH378107","4007049","4007353","KQ053421v1","5610673","5610968","84","1603624"
"JH378107","4035906","4036177","KQ053785v1","888769","889063","78","3147137"
"JH378107","4102077","4102397","KQ053421v1","5610673","5610968","103","1508596"
"JH378107","4359520","4359821","KQ053421v1","5610673","5610968","85","1251153"
"JH378107","4434670","4434961","KQ053421v1","5610673","5610968","81","1176003"
"JH378107","4443824","4444114","KQ057909v1","9290159","9290423","98","4846335"
"JH378107","4470838","4471145","KQ053421v1","5610673","5610968","86","1139835"
"JH378107","4482304","4482602","KQ053421v1","5610673","5610968","66","1128369"
"JH378107","4499408","4499718","KQ055267v1","513773","514088","80","3985635"
"JH378107","4513900","4514196","KQ058427v1","7786546","7786853","78","3272646"
"JH378107","4581277","4581592","KQ058427v1","7786546","7786853","89","3205269"
"JH378107","4593482","4593761","KQ058427v1","7786546","7786853","88","3193064"
"JH378107","4601638","4601925","KQ058242v1","595939","596205","83","4005699"
"JH378107","4627940","4628226","KQ058339v1","4553625","4553889","79","74315"
"JH378107","4672598","4672897","KQ053421v1","5610673","5610968","77","938075"
"JH378107","4731782","4732080","KQ058427v1","7786546","7786853","93","3054764"
"JH378107","4736241","4736547","KQ055352v1","6003171","6003466","73","1266930"
"JH378107","4740080","4740384","KQ055267v1","513773","514088","74","4226307"
"JH378107","4795490","4795786","KQ053421v1","5610673","5610968","79","815183"
"JH378107","4850865","4851180","KQ053421v1","5610673","5610968","89","759808"
"JH378107","4944773","4945069","KQ053421v1","5610673","5610968","71","665900"
"JH378107","4972975","4973272","KQ053421v1","5610673","5610968","73","637698"
"JH378107","5002343","5002574","KQ053234v1","1414405","1414609","67","3587938"
"JH378107","5046733","5047026","KQ053421v1","5610673","5610968","77","563940"
"JH378107","5077139","5077446","KQ055267v1","513773","514088","93","4563366"
"JH378107","5078586","5078845","KQ058242v1","595939","596205","86","4482647"
"JH378107","5111404","5111672","KQ058339v1","4553625","4553889","92","557779"
"JH378107","5119918","5120207","KQ053421v1","5610673","5610968","74","490755"
"JH378107","5170796","5171104","KQ058427v1","7786546","7786853","75","2615750"
"JH378107","5236224","5236530","KQ053421v1","5610673","5610968","84","374449"
"JH378107","5317460","5317776","KQ053421v1","5610673","5610968","94","293213"
"JH378107","5318403","5318676","KQ053421v1","5610673","5610968","91","292270"
"JH378107","5395312","5395619","KQ055352v1","6003171","6003466","73","607859"
"JH378107","5408005","5408297","KQ053421v1","5610673","5610968","72","202668"
"JH378107","5416199","5416510","KQ055352v1","6003171","6003466","78","586972"
"JH378107","5495694","5495993","KQ053421v1","5610673","5610968","70","114979"
"JH378107","5500002","5500143","KQ056920v1","183120","183261","42","5316882"
"JH378107","5505277","5505588","KQ053421v1","5610673","5610968","75","105396"
"JH378107","5681751","5682052","KQ053421v1","5610673","5610968","77","71078"
"JH378107","5793835","5793969","KQ054401v1","3363241","3363379","31","2430594"
"JH378107","5872267","5872583","KQ055352v1","6003171","6003466","83","130904"
"JH378107","6009046","6009324","KQ058339v1","4553625","4553889","85","1455421"
"JH378107","6082232","6082539","KQ055352v1","6003171","6003466","77","79061"
"JH378107","6118189","6118313","KQ053398v1","2623748","2623879","45","3494441"
"JH378107","6144344","6144596","KQ055862v1","1305285","1305561","83","4839059"
"JH378107","6166871","6167175","KQ053421v1","5610673","5610968","77","556198"
"JH378107","6171958","6172188","KQ055662v1","1890465","1890674","77","4281493"
"JH378107","6246117","6246419","KQ053421v1","5610673","5610968","70","635444"
"JH378107","6247243","6247553","KQ053421v1","5610673","5610968","72","636570"
"JH378107","6260978","6261276","KQ053421v1","5610673","5610968","67","650305"
"JH378107","6292457","6292758","KQ053421v1","5610673","5610968","70","681784"
"JH378107","6301885","6302215","KQ055267v1","513773","514088","106","5788112"
"JH378107","6307479","6307779","KQ053421v1","5610673","5610968","65","696806"
"JH378107","6308913","6309194","KQ054815v1","2215557","2215844","79","4093356"
"JH378107","6330571","6330874","KQ055267v1","513773","514088","77","5816798"
"JH378107","6368322","6368632","KQ055267v1","513773","514088","87","5854549"
"JH378107","6378189","6378498","KQ053421v1","5610673","5610968","86","767516"
"JH378107","6432066","6432354","KQ058339v1","4553625","4553889","86","1878441"
"JH378107","6469806","6470105","KQ053421v1","5610673","5610968","82","859133"
"JH378107","6487814","6488108","KQ053421v1","5610673","5610968","67","877141"
"JH378107","6508292","6508602","KQ053421v1","5610673","5610968","83","897619"
"JH378107","6524394","6524692","KQ053421v1","5610673","5610968","73","913721"
"JH378107","6526618","6526915","KQ053421v1","5610673","5610968","81","915945"
"JH378107","6539623","6539935","KQ055267v1","513773","514088","79","6025850"
"JH378107","6546431","6546739","KQ055352v1","6003171","6003466","78","543260"
"JH378107","6597051","6597356","KQ055862v1","1305285","1305561","94","5291766"
"JH378107","6616994","6617293","KQ053421v1","5610673","5610968","75","1006321"
"JH378107","6643413","6643669","KQ058242v1","595939","596205","81","6047474"
"JH378107","6667817","6668107","KQ053421v1","5610673","5610968","75","1057144"
"JH378107","6739710","6739913","KQ055140v1","659740","659924","60","6079970"
"JH378107","6752935","6753232","KQ053421v1","5610673","5610968","73","1142262"
"JH378107","6791185","6791494","KQ055352v1","6003171","6003466","73","788014"
"JH378107","6822455","6822752","KQ053421v1","5610673","5610968","77","1211782"
"JH378107","6844735","6845045","KQ055267v1","513773","514088","73","6330962"
"JH378107","6856887","6857015","KQ053398v1","2623748","2623879","38","4233139"
"JH378107","6878723","6879061","KQ055352v1","6003171","6003466","101","875552"
"JH378107","6895259","6895479","KQ056064v1","326763","326940","85","6568496"
"JH378107","6897865","6898103","KQ054068v1","3638075","3638299","75","3259790"
"JH378107","6946325","6946617","KQ053421v1","5610673","5610968","79","1335652"
"JH378107","6947343","6947618","KQ058339v1","4553625","4553889","81","2393718"
"JH378107","7007035","7007347","KQ055267v1","513773","514088","81","6493262"
"JH378107","7125809","7126112","KQ055352v1","6003171","6003466","69","1122638"
"JH378107","7169977","7170243","KQ058242v1","595939","596205","80","6574038"
"JH378107","7214647","7214879","KQ058274v1","300327","300497","86","6914320"
"JH378107","7228779","7229061","KQ054815v1","2215557","2215844","73","5013222"
"JH378107","7277717","7277993","KQ057901v1","868884","869144","94","6408833"
"JH378107","7289706","7290013","KQ055267v1","513773","514088","84","6775933"
"JH378107","7353958","7354261","KQ055267v1","513773","514088","72","6840185"
"JH378107","7381143","7381436","KQ055267v1","513773","514088","91","6867370"
"JH378107","7417509","7417801","KQ053421v1","5610673","5610968","77","1806836"
"JH378107","7446659","7446946","KQ053421v1","5610673","5610968","84","1835986"
"JH378107","7475904","7476178","KQ058339v1","4553625","4553889","77","2922279"
"JH378107","7516427","7516732","KQ053421v1","5610673","5610968","76","1905754"
"JH378107","7590495","7590783","KQ053421v1","5610673","5610968","92","1979822"
"JH378107","7612793","7612921","KQ053398v1","2623748","2623879","28","4989045"
"JH378107","7637584","7637733","KQ053398v1","2623748","2623879","49","5013836"
"JH378107","7639052","7639318","KQ053421v1","5610673","5610968","86","2028379"
"JH378107","7674649","7674956","KQ058427v1","7786546","7786853","77","111897"
"JH378107","8047044","8047265","KQ058509v1","24058","24271","61","8022986"
"JH378107","8080479","8080586","KQ056493v1","2043382","2043488","48","6037097"
"JH378107","8085564","8085867","KQ053421v1","5610673","5610968","68","2474891"
"JH378107","8232074","8232380","KQ055352v1","6003171","6003466","74","2228903"
"JH378107","8250299","8250610","KQ058427v1","7786546","7786853","75","463753"
"JH378107","8326243","8326549","KQ053421v1","5610673","5610968","80","2715570"
"JH378107","8364360","8364658","KQ053421v1","5610673","5610968","81","2753687"
"JH378107","8430841","8430963","KQ053398v1","2623748","2623879","39","5807093"
"JH378107","8470287","8470597","KQ058427v1","7786546","7786853","79","683741"
"JH378107","8534239","8534526","KQ053421v1","5610673","5610968","84","2923566"
"JH378107","8684493","8684786","KQ053421v1","5610673","5610968","84","3073820"
"JH378107","8971532","8971840","KQ055352v1","6003171","6003466","71","2968361"
"JH378107","8973438","8973747","KQ055352v1","6003171","6003466","74","2970267"
"JH378107","9120608","9120903","KQ053421v1","5610673","5610968","70","3509935"
"JH378107","9135495","9135787","KQ053421v1","5610673","5610968","73","3524822"
"JH378107","9365957","9366255","KQ053421v1","5610673","5610968","70","3755284"
"JH378107","9408772","9409061","KQ053421v1","5610673","5610968","76","3798099"
"JH378107","9505070","9505398","KQ053059v1","2548766","2549102","98","6956304"
"JH378107","9530489","9530782","KQ053421v1","5610673","5610968","70","3919816"
"JH378107","9704513","9704827","KQ055352v1","6003171","6003466","73","3701342"
"JH378107","9783418","9783719","KQ053421v1","5610673","5610968","71","4172745"
"JH378107","10023930","10024195","KQ058640v1","643463","643729","95","9380467"
"JH378107","10028894","10029191","KQ053421v1","5610673","5610968","72","4418221"
"JH378107","10164462","10164773","KQ055352v1","6003171","6003466","75","4161291"
"JH378107","10168644","10168938","KQ055267v1","513773","514088","83","9654871"
"JH378107","10219258","10219558","KQ053421v1","5610673","5610968","69","4608585"
"JH378107","10286830","10287138","KQ055352v1","6003171","6003466","77","4283659"
"JH378107","10473942","10474253","KQ055267v1","513773","514088","73","9960169"
"JH378107","10591328","10591589","KQ058339v1","4553625","4553889","97","6037703"
"JH378107","10668668","10668955","KQ053421v1","5610673","5610968","81","5057995"
"JH378107","10777188","10777441","KQ058505v1","2207051","2207301","81","8570137"
"JH378107","10868509","10868771","KQ053421v1","5610673","5610968","91","5257836"
"JH378107","10933395","10933644","KQ058242v1","595939","596205","75","10337456"
"JH378107","10958047","10958335","KQ053421v1","5610673","5610968","84","5347374"
"JH378107","11002215","11002511","KQ053421v1","5610673","5610968","81","5391542"
"JH378107","11139287","11139592","KQ053421v1","5610673","5610968","74","5528614"
"JH378107","11143552","11143858","KQ055352v1","6003171","6003466","72","5140381"
"JH378107","11207733","11208041","KQ055267v1","513773","514088","74","10693960"
"JH378107","11238355","11238616","KQ058242v1","595939","596205","75","10642416"
"JH378107","11249731","11249997","KQ053883v1","6938067","6938331","80","4311664"
"JH378107","11296043","11296335","KQ053421v1","5610673","5610968","68","5685370"
"JH378107","11324447","11324727","KQ053421v1","5610673","5610968","78","5713774"
"JH378107","11499416","11499719","KQ053883v1","6938067","6938331","111","4561349"
"JH378107","11502886","11503176","KQ053421v1","5610673","5610968","74","5892213"
"JH378107","11514070","11514373","KQ053421v1","5610673","5610968","77","5903397"
"JH378107","11768091","11768398","KQ058427v1","7786546","7786853","76","3981545"
"JH378107","11812171","11812478","KQ055352v1","6003171","6003466","73","5809000"
"JH378107","11836791","11837102","KQ053421v1","5610673","5610968","84","6226118"
"JH378107","11856854","11857151","KQ053421v1","5610673","5610968","78","6246181"
"JH378107","11895496","11895639","KQ056911v1","1421731","1421862","37","10473765"
"JH378107","11937908","11938125","KQ058274v1","300327","300497","77","11637581"
"JH378107","11980901","11981210","KQ053421v1","5610673","5610968","71","6370228"
"JH378107","11984771","11985078","KQ055352v1","6003171","6003466","72","5981600"
"JH378107","12086092","12086395","KQ053421v1","5610673","5610968","71","6475419"
"JH378107","12118475","12118786","KQ058427v1","7786546","7786853","70","4331929"
"JH378107","12137233","12137531","KQ055267v1","513773","514088","75","11623460"
"JH378107","12149041","12149334","KQ053421v1","5610673","5610968","76","6538368"
"JH378107","12173847","12174156","KQ055352v1","6003171","6003466","71","6170676"
"JH378107","12187929","12188216","KQ058242v1","595939","596205","94","11591990"
"JH378107","12191023","12191318","KQ053421v1","5610673","5610968","68","6580350"
"JH378107","12193637","12193938","KQ055267v1","513773","514088","77","11679864"
"JH378107","12263569","12263924","KQ058640v1","643463","643729","174","11620106"
"JH378107","12307573","12307873","KQ053421v1","5610673","5610968","71","6696900"
"JH378107","12325841","12326025","KQ058423v1","270754","270928","43","12055087"
"JH378107","12475410","12475711","KQ053421v1","5610673","5610968","69","6864737"
"JH378107","12479262","12479576","KQ055267v1","513773","514088","78","11965489"
"JH378107","12735579","12735889","KQ053421v1","5610673","5610968","84","7124906"
"JH378107","12748386","12748683","KQ053421v1","5610673","5610968","68","7137713"
"JH378107","12898817","12899112","KQ053421v1","5610673","5610968","76","7288144"
"JH378107","12947828","12948126","KQ053421v1","5610673","5610968","65","7337155"
"JH378107","13221462","13221579","KQ054693v1","212570","212703","45","13008892"
"JH378107","13246724","13247000","KQ053421v1","5610673","5610968","87","7636051"
"JH378107","13253025","13253322","KQ053421v1","5610673","5610968","72","7642352"
"JH378107","13289451","13289760","KQ055352v1","6003171","6003466","73","7286280"
"JH378107","13309486","13309796","KQ055267v1","513773","514088","70","12795713"
"JH378107","13333021","13333316","KQ053421v1","5610673","5610968","81","7722348"
"JH378107","13333317","13333419","KQ058272v1","5924923","5924994","42","7408394"
"JH378107","13460888","13461189","KQ058427v1","7786546","7786853","86","5674342"
"JH378107","13466363","13466663","KQ053421v1","5610673","5610968","85","7855690"
"JH378107","13526004","13526299","KQ053421v1","5610673","5610968","80","7915331"
"JH378107","13619065","13619356","KQ053421v1","5610673","5610968","71","8008392"
"JH378107","13831719","13832030","KQ055352v1","6003171","6003466","67","7828548"
"JH378107","13943245","13943542","KQ053421v1","5610673","5610968","83","8332572"
"JH378107","14128891","14129191","KQ058427v1","7786546","7786853","95","6342345"
"JH378107","14141953","14142245","KQ053421v1","5610673","5610968","75","8531280"
"JH378107","14401426","14401732","KQ058427v1","7786546","7786853","70","6614880"
"JH378107","14406122","14406405","KQ057186v1","783828","784085","76","13622294"
"JH378107","14437364","14437675","KQ055352v1","6003171","6003466","74","8434193"
"JH378107","14465168","14465445","KQ058242v1","595939","596205","81","13869229"
"JH378107","14560037","14560350","KQ055267v1","513773","514088","74","14046264"
"JH378107","14579558","14579860","KQ053421v1","5610673","5610968","71","8968885"
"JH378107","14605313","14605680","KQ053421v1","5610673","5610968","173","8994640"
"JH378107","14615361","14615668","KQ055352v1","6003171","6003466","70","8612190"
"JH378107","14708787","14709032","KQ058505v1","2207051","2207301","91","12501736"
"JH378107","15022461","15022730","KQ058505v1","2207051","2207301","91","12815410"
"JH378107","15044573","15044864","KQ053421v1","5610673","5610968","74","9433900"
"JH378107","15109134","15109435","KQ053421v1","5610673","5610968","97","9498461"
"JH378107","15135136","15135358","KQ055662v1","1890465","1890674","82","13244671"
"JH378107","15167713","15168001","KQ055267v1","513773","514088","91","14653940"
"JH378107","15509538","15509840","KQ053421v1","5610673","5610968","74","9898865"
"JH378107","15514347","15514640","KQ053421v1","5610673","5610968","80","9903674"
"JH378107","15559680","15559986","KQ058427v1","7786546","7786853","84","7773134"
"JH378107","15577220","15577527","KQ058427v1","7786546","7786853","81","7790674"
"JH378107","15622704","15623014","KQ058427v1","7786546","7786853","76","7836158"
"JH378107","15652225","15652530","KQ055267v1","513773","514088","71","15138452"
"JH378107","15664699","15665000","KQ053421v1","5610673","5610968","71","10054026"
"JH378107","15665682","15665961","KQ057186v1","783828","784085","77","14881854"
"JH378107","15692255","15692529","KQ053421v1","5610673","5610968","83","10081582"
"JH378107","15723847","15724092","KQ058242v1","595939","596205","82","15127908"
"JH378107","15746423","15746727","KQ055352v1","6003171","6003466","71","9743252"
"JH378107","15995740","15996041","KQ053421v1","5610673","5610968","78","10385067"
"JH378107","16064459","16064755","KQ053421v1","5610673","5610968","86","10453786"
"JH378107","16623665","16623961","KQ053785v1","888769","889063","89","15734896"
"JH378107","16717914","16718195","KQ053421v1","5610673","5610968","85","11107241"
"JH378107","16734063","16734366","KQ053421v1","5610673","5610968","94","11123390"
"JH378107","16823472","16823785","KQ055267v1","513773","514088","73","16309699"
"JH378107","16922304","16922454","KQ053398v1","2623748","2623879","44","14298556"
"JH378107","16952179","16952477","KQ053421v1","5610673","5610968","73","11341506"
"JH378107","17006958","17007248","KQ053421v1","5610673","5610968","75","11396285"
"JH378107","17253385","17253532","KQ054401v1","3363241","3363379","45","13890144"
"JH378107","17254941","17255106","KQ055978v1","4311984","4312161","52","12942957"
"JH378107","17285510","17285809","KQ058394v1","9655127","9655422","86","7630383"
"JH378107","17350898","17351200","KQ053421v1","5610673","5610968","84","11740225"
"JH378107","17407544","17407843","KQ053421v1","5610673","5610968","73","11796871"
"JH378107","17527056","17527166","KQ055717v1","1610376","1610476","49","15916680"
"JH378107","17539034","17539344","KQ055267v1","513773","514088","74","17025261"
"JH378107","17711026","17711130","KQ056235v1","1266284","1266361","39","16444742"
"JH378107","17711242","17711437","KQ052982v1","2032903","2033097","47","15678339"
"JH378107","17842534","17842816","KQ053421v1","5610673","5610968","85","12231861"
"JH378107","17992842","17993140","KQ053421v1","5610673","5610968","73","12382169"
"JH378107","18071628","18071901","KQ057186v1","783828","784085","70","17287800"
"JH378107","18126159","18126467","KQ055267v1","513773","514088","73","17612386"
"JH378107","18207622","18207922","KQ053421v1","5610673","5610968","71","12596949"
"JH378107","18213593","18213885","KQ053421v1","5610673","5610968","70","12602920"
"JH378107","18270532","18270704","KQ054954v1","1680710","1680882","37","16589822"
"JH378107","18270999","18271139","KQ053398v1","2623748","2623879","42","15647251"
"JH378107","18447396","18447701","KQ055352v1","6003171","6003466","73","12444225"
"JH378107","18485953","18486168","KQ056064v1","326763","326940","78","18159190"
"JH378107","18486396","18486476","KQ058316v1","2226037","2226104","33","16260359"
"JH378107","18544962","18545194","KQ058509v1","24058","24271","62","18520904"
"JH378107","18591190","18591499","KQ055352v1","6003171","6003466","72","12588019"
"JH378107","18626559","18626842","KQ058339v1","4553625","4553889","81","14072934"
"JH378107","18702561","18702857","KQ053421v1","5610673","5610968","71","13091888"
"JH378107","18763656","18763967","KQ055352v1","6003171","6003466","72","12760485"
"JH378107","18776594","18776905","KQ055267v1","513773","514088","86","18262821"
"JH378107","18778858","18779160","KQ053421v1","5610673","5610968","71","13168185"
"JH378107","18830794","18831083","KQ053421v1","5610673","5610968","79","13220121"
"JH378107","18842758","18842887","KQ054693v1","212570","212703","42","18630188"
"JH378107","18955075","18955383","KQ055267v1","513773","514088","77","18441302"
"JH378107","19124274","19124586","KQ055267v1","513773","514088","84","18610501"
"JH378107","19141458","19141771","KQ058427v1","7786546","7786853","78","11354912"
"JH378107","19154131","19154444","KQ053421v1","5610673","5610968","89","13543458"
"JH378107","19198731","19199034","KQ053421v1","5610673","5610968","71","13588058"
"JH378107","19289995","19290260","KQ055862v1","1305285","1305561","84","17984710"
"JH378107","19357919","19358205","KQ053421v1","5610673","5610968","88","13747246"
"JH378107","19546332","19546620","KQ053785v1","888769","889063","82","18657563"
"JH378107","19615322","19615628","KQ053421v1","5610673","5610968","80","14004649"
"JH378107","19796917","19797200","KQ053421v1","5610673","5610968","81","14186244"
"JH378107","20401830","20402142","KQ055267v1","513773","514088","77","19888057"
"JH378107","20519482","20519780","KQ053421v1","5610673","5610968","84","14908809"
"JH378107","20668103","20668402","KQ053785v1","888769","889063","87","19779334"
"JH378107","20731654","20731943","KQ053421v1","5610673","5610968","76","15120981"
"JH378107","20734886","20735184","KQ053421v1","5610673","5610968","70","15124213"
"JH378107","20746791","20747085","KQ053421v1","5610673","5610968","70","15136118"
"JH378107","20850145","20850448","KQ055267v1","513773","514088","85","20336372"
"JH378107","21007116","21007429","KQ055267v1","513773","514088","72","20493343"
"JH378107","21043213","21043476","KQ053883v1","6938067","6938331","94","14105146"
"JH378107","21108182","21108489","KQ055267v1","513773","514088","72","20594409"
"JH378107","21113054","21113354","KQ053421v1","5610673","5610968","74","15502381"
"JH378107","21126328","21126606","KQ053785v1","888769","889063","81","20237559"
"JH378107","21333615","21333927","KQ055352v1","6003171","6003466","73","15330444"
"JH378107","21445073","21445380","KQ055267v1","513773","514088","86","20931300"
"JH378107","21452987","21453284","KQ053421v1","5610673","5610968","73","15842314"
"JH378107","21626134","21626425","KQ053421v1","5610673","5610968","91","16015461"
"JH378107","21661416","21661724","KQ055352v1","6003171","6003466","75","15658245"
"JH378107","21662815","21663125","KQ055352v1","6003171","6003466","68","15659644"
"JH378107","21684060","21684369","KQ055352v1","6003171","6003466","70","15680889"
"JH378107","21736055","21736356","KQ053421v1","5610673","5610968","70","16125382"
"JH378107","21964022","21964316","KQ053421v1","5610673","5610968","83","16353349"
"JH378107","21981193","21981489","KQ053421v1","5610673","5610968","80","16370520"
"JH378107","21981827","21981936","KQ056235v1","1266284","1266361","44","20715543"
"JH378107","22261482","22261776","KQ053421v1","5610673","5610968","69","16650809"
"JH378107","22528140","22528443","KQ053421v1","5610673","5610968","84","16917467"
"JH378107","22553265","22553574","KQ055267v1","513773","514088","90","22039492"
"JH378107","22664703","22665013","KQ055267v1","513773","514088","73","22150930"
"JH378107","22696277","22696488","KQ052982v1","2032903","2033097","67","20663374"
"JH378107","22770261","22770440","KQ058594v1","5950443","5950621","55","16819818"
"JH378107","22776559","22776793","KQ053234v1","1414405","1414609","75","21362154"
"JH378107","22822826","22823132","KQ053421v1","5610673","5610968","69","17212153"
"JH378107","22825483","22825784","KQ053421v1","5610673","5610968","66","17214810"
"JH378107","22877272","22877575","KQ053421v1","5610673","5610968","80","17266599"
"JH378107","22913380","22913683","KQ055352v1","6003171","6003466","70","16910209"
"JH378107","22928988","22929273","KQ053421v1","5610673","5610968","91","17318315"
"JH378107","22966714","22967006","KQ057901v1","868884","869144","98","22097830"
"JH378107","23015182","23015236","KQ053343v1","1624718","1624766","27","21390464"
"JH378107","23031556","23031870","KQ053421v1","5610673","5610968","80","17420883"
"JH378107","23149086","23149389","KQ053421v1","5610673","5610968","73","17538413"
"JH378107","23345929","23346253","KQ053135v1","5034940","5035266","108","18310989"
"JH378107","23362724","23363031","KQ053421v1","5610673","5610968","78","17752051"
"JH378107","23423657","23423954","KQ053421v1","5610673","5610968","77","17812984"
"JH378107","23445307","23445589","KQ053785v1","888769","889063","81","22556538"
"JH378107","23459839","23460131","KQ053421v1","5610673","5610968","76","17849166"
"JH378107","23545426","23545561","KQ054401v1","3363241","3363379","34","20182185"
"JH378107","23575240","23575533","KQ053421v1","5610673","5610968","84","17964567"
"JH378107","23652470","23652786","KQ055267v1","513773","514088","78","23138697"
"JH378107","23759485","23759762","KQ053421v1","5610673","5610968","91","18148812"
"JH378107","23824111","23824403","KQ053421v1","5610673","5610968","78","18213438"
"JH378107","23827079","23827389","KQ055352v1","6003171","6003466","74","17823908"
"JH378107","23837880","23838163","KQ054815v1","2215557","2215844","75","21622323"
"JH378107","23898427","23898735","KQ055352v1","6003171","6003466","75","17895256"
"JH378107","24010464","24010764","KQ053421v1","5610673","5610968","64","18399791"
"JH378107","24021386","24021695","KQ053421v1","5610673","5610968","82","18410713"
"JH378107","24102868","24103159","KQ053421v1","5610673","5610968","76","18492195"
"JH378107","24213602","24213896","KQ053421v1","5610673","5610968","80","18602929"
"JH378107","24344067","24344371","KQ053421v1","5610673","5610968","73","18733394"
"JH378107","24346808","24347108","KQ053421v1","5610673","5610968","71","18736135"
"JH378107","24353157","24353481","KQ053059v1","2548766","2549102","94","21804391"
"JH378107","24360102","24360402","KQ053421v1","5610673","5610968","74","18749429"
"JH378107","24375946","24376249","KQ053421v1","5610673","5610968","66","18765273"
"JH378107","24758787","24759102","KQ053421v1","5610673","5610968","90","19148114"
"JH378107","24881513","24881782","KQ055862v1","1305285","1305561","94","23576228"
"JH378107","24885823","24886133","KQ055267v1","513773","514088","72","24372050"
"JH378107","25037928","25038231","KQ058427v1","7786546","7786853","73","17251382"
"JH378107","25204342","25204616","KQ053785v1","888769","889063","95","24315573"
"JH378107","25211673","25211957","KQ058242v1","595939","596205","85","24615734"
"JH378107","25289188","25289481","KQ053421v1","5610673","5610968","76","19678515"
"JH378107","25299716","25299941","KQ057380v1","3344874","3345081","63","21954842"
"JH378107","25301650","25301952","KQ053421v1","5610673","5610968","68","19690977"
"JH378107","25370526","25370827","KQ053421v1","5610673","5610968","66","19759853"
"JH378107","25737241","25737532","KQ053421v1","5610673","5610968","71","20126568"
"JH378107","25859149","25859451","KQ053421v1","5610673","5610968","68","20248476"
"JH378107","25859455","25859585","KQ053398v1","2627781","2627909","38","23231674"
"JH378107","25964014","25964304","KQ053421v1","5610673","5610968","72","20353341"
"JH378107","25965195","25965498","KQ053421v1","5610673","5610968","74","20354522"
"JH378107","26280076","26280340","KQ057186v1","783828","784085","92","25496248"
"JH378107","26341043","26341372","KQ058427v1","7786546","7786853","89","18554497"
"JH378107","26604696","26605008","KQ055352v1","6003171","6003466","77","20601525"
"JH378107","26641720","26642031","KQ055267v1","513773","514088","74","26127947"
"JH378107","26721841","26722148","KQ055352v1","6003171","6003466","73","20718670"
"JH378107","26754275","26754552","KQ053421v1","5610673","5610968","82","21143602"
"JH378107","26760345","26760643","KQ053421v1","5610673","5610968","71","21149672"
"JH378107","26775025","26775332","KQ055352v1","6003171","6003466","70","20771854"
"JH378107","26784325","26784632","KQ053421v1","5610673","5610968","72","21173652"
"JH378107","26784833","26785125","KQ053421v1","5610673","5610968","69","21174160"
"JH378107","26799888","26800178","KQ053421v1","5610673","5610968","88","21189215"
"JH378107","26809668","26809967","KQ058427v1","7786546","7786853","77","19023122"
"JH378107","26853226","26853531","KQ055352v1","6003171","6003466","72","20850055"
"JH378107","26853671","26853972","KQ053421v1","5610673","5610968","66","21242998"
"JH378107","26933405","26933688","KQ054815v1","2215557","2215844","88","24717848"
"JH378107","27050949","27051254","KQ053421v1","5610673","5610968","76","21440276"
"JH378107","27175385","27175545","KQ053267v1","1313653","1313811","43","25861732"
"JH378107","27186235","27186521","KQ053421v1","5610673","5610968","79","21575562"
"JH378107","27226863","27227139","KQ054815v1","2215557","2215844","99","25011306"
"JH378107","27250353","27250652","KQ055267v1","513773","514088","80","26736580"
"JH378107","27305018","27305300","KQ053421v1","5610673","5610968","78","21694345"
"JH378107","27308389","27308690","KQ053421v1","5610673","5610968","70","21697716"
"JH378107","27330200","27330317","KQ053398v1","2623748","2623879","42","24706452"
"JH378107","27363183","27363451","KQ053883v1","6938067","6938331","93","20425116"
"JH378107","27388254","27388568","KQ053421v1","5610673","5610968","90","21777581"
"JH378107","27411947","27412017","KQ054444v1","39690","39742","32","27372257"
"JH378107","27437809","27438100","KQ053421v1","5610673","5610968","73","21827136"
"JH378107","27493323","27493632","KQ055352v1","6003171","6003466","81","21490152"
"JH378107","27555287","27555582","KQ053421v1","5610673","5610968","80","21944614"
"JH378107","27582435","27582740","KQ053421v1","5610673","5610968","75","21971762"
"JH378107","27626079","27626370","KQ053421v1","5610673","5610968","73","22015406"
"JH378107","27767489","27767790","KQ053421v1","5610673","5610968","69","22156816"
"JH378107","27774030","27774326","KQ053421v1","5610673","5610968","74","22163357"
"JH378107","27779567","27779871","KQ055352v1","6003171","6003466","70","21776396"
"JH378107","27805361","27805641","KQ054815v1","2215557","2215844","83","25589804"
"JH378107","27923431","27923742","KQ053421v1","5610673","5610968","76","22312758"
"JH378107","27939609","27939904","KQ053421v1","5610673","5610968","66","22328936"
"JH378107","28000650","28000959","KQ055352v1","6003171","6003466","72","21997479"
"JH378107","28051348","28051569","KQ058509v1","24058","24271","73","28027290"
"JH378107","28056952","28057256","KQ053421v1","5610673","5610968","70","22446279"
"JH378107","28058645","28058785","KQ056920v1","183120","183261","43","27875525"
"JH378107","28073929","28074228","KQ058427v1","7786546","7786853","96","20287383"
"JH378107","28105198","28105501","KQ058427v1","7786546","7786853","85","20318652"
"JH378107","28159598","28159903","KQ053421v1","5610673","5610968","85","22548925"
"JH378107","28236092","28236404","KQ055267v1","513773","514088","76","27722319"
"JH378107","28239886","28240053","KQ057449v1","1214348","1214489","72","27025538"
"JH378107","28287229","28287536","KQ055352v1","6003171","6003466","86","22284058"
"JH378107","28296284","28296579","KQ053421v1","5610673","5610968","84","22685611"
"JH378107","28334821","28334925","KQ056493v1","2043382","2043488","34","26291439"
"JH378107","28346924","28347223","KQ053421v1","5610673","5610968","71","22736251"
"JH378107","28359853","28360146","KQ053421v1","5610673","5610968","71","22749180"
"JH378107","28370761","28371075","KQ053421v1","5610673","5610968","87","22760088"
"JH378107","28371538","28371803","KQ058242v1","595939","596205","86","27775599"
"JH378107","28371807","28372087","KQ053421v1","5610673","5610968","85","22761134"
"JH378107","28383174","28383484","KQ055352v1","6003171","6003466","71","22380003"
"JH378107","28399037","28399326","KQ053421v1","5610673","5610968","85","22788364"
"JH378107","28410830","28411028","KQ058594v1","1033101","1033292","50","27377729"
"JH378107","28437285","28437589","KQ058427v1","7786546","7786853","89","20650739"
"JH378107","28641142","28641432","KQ053421v1","5610673","5610968","71","23030469"
"JH378107","28646479","28646656","KQ057449v1","1214348","1214489","65","27432131"
"JH378107","28656412","28656718","KQ053421v1","5610673","5610968","79","23045739"
"JH378107","28732196","28732502","KQ053421v1","5610673","5610968","88","23121523"
"JH378107","28968627","28968937","KQ058427v1","7786546","7786853","87","21182081"
"JH378107","28982059","28982363","KQ055352v1","6003171","6003466","68","22978888"
"JH378107","28995371","28995676","KQ055352v1","6003171","6003466","68","22992200"
"JH378107","29003680","29003981","KQ053421v1","5610673","5610968","73","23393007"
"JH378107","29057454","29057757","KQ053421v1","5610673","5610968","82","23446781"
"JH378107","29075180","29075466","KQ055862v1","1305285","1305561","87","27769895"
"JH378107","29081282","29081575","KQ053421v1","5610673","5610968","71","23470609"
"JH378107","29148213","29148406","KQ053234v1","1679581","1679757","68","27468632"
"JH378107","29148731","29149027","KQ053421v1","5610673","5610968","78","23538058"
"JH378107","29155839","29156146","KQ053421v1","5610673","5610968","78","23545166"
"JH378107","29201170","29201464","KQ053421v1","5610673","5610968","77","23590497"
"JH378107","29218983","29219284","KQ053421v1","5610673","5610968","82","23608310"
"JH378107","29221003","29221302","KQ058427v1","7786546","7786853","78","21434457"
"JH378107","29241066","29241371","KQ053421v1","5610673","5610968","73","23630393"
"JH378107","29279546","29279831","KQ058427v1","7786546","7786853","98","21493000"
"JH378107","29318585","29318882","KQ053421v1","5610673","5610968","82","23707912"
"JH378107","29339303","29339606","KQ053421v1","5610673","5610968","76","23728630"
"JH378107","29360786","29361070","KQ053421v1","5610673","5610968","79","23750113"
"JH378107","29529007","29529297","KQ053421v1","5610673","5610968","74","23918334"
"JH378107","29566959","29567226","KQ058242v1","595939","596205","72","28971020"
"JH378107","29582362","29582601","KQ056321v1","575951","576190","87","29006411"
"JH378107","29607032","29607342","KQ055267v1","513773","514088","75","29093259"
"JH378107","29630943","29631255","KQ055267v1","513773","514088","84","29117170"
"JH378107","29635457","29635796","KQ053421v1","5610673","5610968","115","24024784"
"JH378107","29702750","29703040","KQ053421v1","5610673","5610968","87","24092077"
"JH378107","29719719","29719941","KQ058594v1","5950443","5950621","79","23769276"
"JH378107","29742718","29743016","KQ055267v1","513773","514088","80","29228945"
"JH378107","29771502","29771583","KQ056235v1","1266284","1266361","25","28505218"
"JH378107","29780433","29780663","KQ055662v1","1890465","1890674","77","27889968"
"JH378107","29783113","29783323","KQ056064v1","326763","326940","76","29456350"
"JH378107","29853915","29854185","KQ053421v1","5610673","5610968","88","24243242"
"JH378107","29862716","29863018","KQ053421v1","5610673","5610968","89","24252043"
"JH378107","29903358","29903643","KQ054815v1","2215557","2215844","75","27687801"
"JH378107","29912913","29913042","KQ053398v1","2623748","2623879","37","27289165"
"JH378107","29922188","29922466","KQ053421v1","5610673","5610968","83","24311515"
"JH378107","29929497","29929633","KQ052968v1","13665640","13665790","46","16263857"
"JH378107","29929811","29929985","KQ056064v1","326763","326940","67","29603048"
"JH378107","29957795","29958104","KQ055352v1","6003171","6003466","72","23954624"
"JH378107","29961306","29961601","KQ053421v1","5610673","5610968","85","24350633"
"JH378107","29972032","29972337","KQ053421v1","5610673","5610968","71","24361359"
"JH378107","29997074","29997217","KQ057781v1","1047045","1047171","52","28950029"
"JH378107","30005523","30005832","KQ053421v1","5610673","5610968","86","24394850"
"JH378107","30011313","30011496","KQ058423v1","270754","270928","51","29740559"
"JH378107","30107946","30108260","KQ053421v1","5610673","5610968","113","24497273"
"JH378107","30195302","30195613","KQ053421v1","5610673","5610968","79","24584629"
"JH378107","30217772","30218063","KQ053421v1","5610673","5610968","72","24607099"
"JH378107","30252152","30252433","KQ053785v1","888769","889063","81","29363383"
"JH378107","30259631","30259937","KQ058427v1","7786546","7786853","85","22473085"
"JH378107","30306606","30306839","KQ058509v1","24058","24271","65","30282548"
"JH378107","30307371","30307667","KQ053421v1","5610673","5610968","69","24696698"
"JH378107","30323389","30323500","KQ055717v1","1610376","1610476","43","28713013"
"JH378107","30344964","30345304","KQ058427v1","7786546","7786853","103","22558418"
"JH378107","30442337","30442638","KQ053421v1","5610673","5610968","78","24831664"
"JH378107","30546666","30546912","KQ058505v1","2207051","2207301","80","28339615"
"JH378107","30807201","30807491","KQ053421v1","5610673","5610968","87","25196528"
"JH378107","30813253","30813534","KQ058242v1","595939","596205","78","30217314"
"JH378107","30832952","30833233","KQ057901v1","868884","869144","96","29964068"
"JH378107","30862969","30863266","KQ053421v1","5610673","5610968","73","25252296"
"JH378107","30890297","30890585","KQ053421v1","5610673","5610968","81","25279624"
"JH378107","30907309","30907603","KQ053421v1","5610673","5610968","80","25296636"
"JH378107","30958525","30958830","KQ055352v1","6003171","6003466","73","24955354"
"JH378107","30962112","30962408","KQ053421v1","5610673","5610968","69","25351439"
"JH378107","31009754","31010065","KQ053421v1","5610673","5610968","86","25399081"
"JH378107","31066256","31066547","KQ053421v1","5610673","5610968","65","25455583"
"JH378107","31069332","31069642","KQ055267v1","513773","514088","70","30555559"
"JH378107","31121881","31122174","KQ053421v1","5610673","5610968","71","25511208"
"JH378107","31221738","31222039","KQ055267v1","513773","514088","77","30707965"
"JH378107","31272448","31272729","KQ053421v1","5610673","5610968","77","25661775"
"JH378107","31362955","31363255","KQ053421v1","5610673","5610968","85","25752282"
"JH378107","31403662","31403962","KQ053421v1","5610673","5610968","90","25792989"
"JH378107","31452696","31452966","KQ058242v1","595939","596205","84","30856757"
"JH378107","31487491","31487574","KQ056235v1","1266284","1266361","19","30221207"
"JH378107","31664883","31665175","KQ053421v1","5610673","5610968","93","26054210"
"JH378107","31775335","31775635","KQ053421v1","5610673","5610968","65","26164662"
"JH378107","31863530","31863834","KQ053421v1","5610673","5610968","83","26252857"
"JH378107","31871794","31872096","KQ053421v1","5610673","5610968","70","26261121"
"JH378107","31886918","31887222","KQ053421v1","5610673","5610968","71","26276245"
"JH378107","31944744","31945032","KQ053421v1","5610673","5610968","80","26334071"
"JH378107","31984702","31985004","KQ053421v1","5610673","5610968","77","26374029"
"JH378107","32021894","32022149","KQ058505v1","2207051","2207301","81","29814843"
"JH378107","32030874","32031164","KQ053421v1","5610673","5610968","76","26420201"
"JH378107","32087695","32087907","KQ053531v1","6571","6737","90","32081124"
"JH378107","32091872","32092132","KQ058242v1","595939","596205","86","31495933"
"JH378107","32204206","32204508","KQ053421v1","5610673","5610968","69","26593533"
"JH378107","32339085","32339395","KQ055352v1","6003171","6003466","74","26335914"
"JH378107","32391337","32391637","KQ053421v1","5610673","5610968","68","26780664"
"JH378107","32433983","32434062","KQ056279v1","759081","759162","23","31674902"
"JH378107","32486762","32487054","KQ053421v1","5610673","5610968","86","26876089"
"JH378107","32488033","32488338","KQ053421v1","5610673","5610968","88","26877360"
"JH378107","32507661","32507956","KQ053421v1","5610673","5610968","71","26896988"
"JH378107","32542770","32543078","KQ055352v1","6003171","6003466","68","26539599"
"JH378107","32559311","32559609","KQ053421v1","5610673","5610968","67","26948638"
"JH378107","32588646","32588960","KQ053421v1","5610673","5610968","77","26977973"
"JH378107","32627240","32627539","KQ053421v1","5610673","5610968","71","27016567"
"JH378107","32659504","32659806","KQ053421v1","5610673","5610968","66","27048831"
"JH378107","32661659","32661959","KQ053421v1","5610673","5610968","86","27050986"
"JH378107","32672371","32672689","KQ055267v1","513773","514088","74","32158598"
"JH378107","32678357","32678633","KQ053883v1","6938067","6938331","88","25740290"
"JH378107","32685406","32685534","KQ054401v1","3363241","3363379","37","29322165"
"JH378107","32691945","32692251","KQ055267v1","513773","514088","83","32178172"
"JH378107","32703817","32704110","KQ053421v1","5610673","5610968","66","27093144"
"JH378107","32705326","32705609","KQ055267v1","513773","514088","90","32191553"
"JH378107","32738133","32738428","KQ053421v1","5610673","5610968","80","27127460"
"JH378107","32741917","32742077","KQ056064v1","326763","326940","63","32415154"
"JH378107","32763656","32763962","KQ058427v1","7786546","7786853","79","24977110"
"JH378107","32828666","32828871","KQ055662v1","1890465","1890674","54","30938201"
"JH378107","32892359","32892487","KQ053398v1","2627781","2627909","32","30264578"
"JH378107","32902601","32902905","KQ053421v1","5610673","5610968","79","27291928"
"JH378107","32904106","32904241","KQ053398v1","2623748","2623879","44","30280358"
"JH378107","32925181","32925466","KQ053421v1","5610673","5610968","76","27314508"
"JH378107","32935533","32935848","KQ053421v1","5610673","5610968","74","27324860"
"JH378107","32951993","32952292","KQ053421v1","5610673","5610968","62","27341320"
"JH378107","33023310","33023566","KQ058509v1","24058","24271","82","32999252"
"JH378107","33028656","33028965","KQ055352v1","6003171","6003466","71","27025485"
"JH378107","33083847","33084137","KQ058427v1","7786546","7786853","90","25297301"
"JH378107","33085251","33085539","KQ053421v1","5610673","5610968","87","27474578"
"JH378107","33097450","33097783","KQ053059v1","2548766","2549102","90","30548684"
"JH378107","33117086","33117312","KQ058242v1","595939","596205","102","32521147"
"JH378107","33121906","33122203","KQ053421v1","5610673","5610968","71","27511233"
"JH378107","33146827","33147113","KQ053421v1","5610673","5610968","89","27536154"
"JH378107","33285511","33285648","KQ053398v1","2623748","2623879","50","30661763"
"JH378107","33400064","33400374","KQ055352v1","6003171","6003466","75","27396893"
"JH378107","33512242","33512539","KQ053421v1","5610673","5610968","71","27901569"
"JH378107","33635617","33635917","KQ053421v1","5610673","5610968","68","28024944"
"JH378107","33708419","33708703","KQ053421v1","5610673","5610968","85","28097746"
"JH378107","33938253","33938338","KQ055903v1","238545","238616","28","33699708"
"JH378107","34146326","34146553","KQ055662v1","1890465","1890674","84","32255861"
"JH378107","34233292","34233578","KQ053421v1","5610673","5610968","79","28622619"
"JH378107","34348940","34349251","KQ058394v1","9655127","9655422","86","24693813"
"JH378107","34576203","34576494","KQ053421v1","5610673","5610968","75","28965530"
"JH378107","34636678","34636975","KQ053421v1","5610673","5610968","73","29026005"
"JH378107","34644323","34644630","KQ055267v1","513773","514088","71","34130550"
"JH378107","34858875","34859157","KQ055862v1","1305285","1305561","110","33553590"
"JH378107","35099308","35099598","KQ053421v1","5610673","5610968","73","29488635"
"JH378107","35353100","35353397","KQ053421v1","5610673","5610968","71","29742427"
"JH378107","35375735","35376032","KQ053421v1","5610673","5610968","72","29765062"
"JH378107","35406668","35406964","KQ053421v1","5610673","5610968","70","29795995"
"JH378107","35411225","35411520","KQ053421v1","5610673","5610968","73","29800552"
"JH378107","35424232","35424532","KQ053421v1","5610673","5610968","67","29813559"
"JH378107","35437104","35437374","KQ058242v1","595939","596205","79","34841165"
"JH378107","35623249","35623510","KQ058242v1","595939","596205","84","35027310"
"JH378107","35628295","35628598","KQ055352v1","6003171","6003466","86","29625124"
"JH378107","35640418","35640725","KQ055267v1","513773","514088","70","35126645"
"JH378107","35706115","35706410","KQ053421v1","5610673","5610968","73","30095442"
"JH378107","35780345","35780640","KQ053421v1","5610673","5610968","75","30169672"
"JH378107","35882899","35883226","KQ055267v1","513773","514088","93","35369126"
"JH378107","35884597","35884787","KQ057449v1","1214348","1214489","90","34670249"
"JH378107","35888191","35888475","KQ053421v1","5610673","5610968","78","30277518"
"JH378107","35954051","35954358","KQ055267v1","513773","514088","72","35440278"
"JH378107","36020980","36021207","KQ058640v1","643463","643729","93","35377517"
"JH378107","36058387","36058706","KQ055352v1","6003171","6003466","79","30055216"
"JH378107","36126660","36126952","KQ053421v1","5610673","5610968","70","30515987"
"JH378107","36153496","36153802","KQ055352v1","6003171","6003466","68","30150325"
"JH378107","36183836","36184158","KQ055267v1","513773","514088","98","35670063"
"JH378107","36199316","36199623","KQ055352v1","6003171","6003466","69","30196145"
"JH378107","36202978","36203289","KQ055267v1","513773","514088","74","35689205"
"JH378107","36278915","36279196","KQ053421v1","5610673","5610968","89","30668242"
"JH378107","36326131","36326430","KQ053421v1","5610673","5610968","74","30715458"
"JH378107","36345327","36345645","KQ053135v1","5034940","5035266","97","31310387"
"JH378107","36579378","36579672","KQ053421v1","5610673","5610968","73","30968705"
"JH378107","36609250","36609556","KQ055352v1","6003171","6003466","73","30606079"
"JH378107","36782145","36782434","KQ053421v1","5610673","5610968","76","31171472"
"JH378107","36831355","36831640","KQ054815v1","2215557","2215844","87","34615798"
"JH378107","36937371","36937672","KQ053421v1","5610673","5610968","75","31326698"
"JH378107","36953659","36953953","KQ053421v1","5610673","5610968","72","31342986"
"JH378107","36961300","36961604","KQ055267v1","513773","514088","74","36447527"
"JH378107","37076070","37076277","KQ055662v1","1890465","1890674","55","35185605"
"JH378107","37123110","37123415","KQ053421v1","5610673","5610968","80","31512437"
"JH378107","37173675","37173869","KQ053531v1","6571","6737","70","37167104"
"JH378107","37173870","37173912","KQ053234v1","1679807","1679838","22","35494063"
"JH378107","37226258","37226562","KQ055352v1","6003171","6003466","70","31223087"
"JH378107","37264079","37264376","KQ053421v1","5610673","5610968","69","31653406"
"JH378107","37283205","37283505","KQ053421v1","5610673","5610968","81","31672532"
"JH378107","37283555","37283859","KQ053421v1","5610673","5610968","72","31672882"
"JH378107","37322794","37323086","KQ053421v1","5610673","5610968","85","31712121"
"JH378107","37371039","37371348","KQ058427v1","7786546","7786853","79","29584493"
"JH378107","37375764","37376060","KQ053421v1","5610673","5610968","75","31765091"
"JH378107","37388417","37388723","KQ058427v1","7786546","7786853","86","29601871"
"JH378107","37461947","37462201","KQ058242v1","595939","596205","66","36866008"
"JH378107","37575679","37575784","KQ056235v1","1266284","1266361","45","36309395"
"JH378107","37756885","37757182","KQ053421v1","5610673","5610968","68","32146212"
"JH378107","37795873","37796176","KQ055352v1","6003171","6003466","76","31792702"
"JH378107","37915647","37915952","KQ053421v1","5610673","5610968","81","32304974"
"JH378107","38138726","38138958","KQ058242v1","595939","596205","90","37542787"
"JH378107","38189884","38190174","KQ053421v1","5610673","5610968","80","32579211"
"JH378107","38192957","38193269","KQ055352v1","6003171","6003466","75","32189786"
"JH378107","38265804","38266100","KQ057901v1","868884","869144","97","37396920"
"JH378107","38389195","38389452","KQ058242v1","595939","596205","80","37793256"
"JH378107","38478146","38478459","KQ055267v1","513773","514088","100","37964373"
"JH378107","38479874","38480195","KQ055267v1","513773","514088","97","37966101"
"JH378107","38539058","38539378","KQ053421v1","5610673","5610968","101","32928385"
"JH378107","38656017","38656323","KQ055267v1","513773","514088","75","38142244"
"JH378107","38704775","38705058","KQ054815v1","2215557","2215844","76","36489218"
"JH378107","38712331","38712633","KQ053421v1","5610673","5610968","70","33101658"
"JH378107","38812477","38812782","KQ055352v1","6003171","6003466","83","32809306"
"JH378107","38890916","38891058","KQ053398v1","2623748","2623879","39","36267168"
"JH378107","38891159","38891315","KQ054401v1","3363241","3363379","50","35527918"
"JH378107","38896820","38897142","KQ053135v1","5034940","5035266","100","33861880"
"JH378107","38975372","38975669","KQ053421v1","5610673","5610968","72","33364699"
"JH378107","39071000","39071304","KQ055352v1","6003171","6003466","78","33067829"
"JH378107","39096841","39096910","KQ056864v1","1150414","1150474","23","37946427"
"JH378107","39237070","39237363","KQ053421v1","5610673","5610968","68","33626397"
"JH378107","39290433","39290739","KQ055352v1","6003171","6003466","71","33287262"
"JH378107","39437358","39437661","KQ053421v1","5610673","5610968","67","33826685"
"JH378107","39509338","39509492","KQ053398v1","2623748","2623879","57","36885590"
"JH378107","39545357","39545667","KQ055352v1","6003171","6003466","76","33542186"
"JH378107","39587410","39587713","KQ053421v1","5610673","5610968","70","33976737"
"JH378107","39595384","39595693","KQ055352v1","6003171","6003466","71","33592213"
"JH378107","39925177","39925474","KQ053421v1","5610673","5610968","73","34314504"
"JH378107","39991442","39991740","KQ053421v1","5610673","5610968","71","34380769"
"JH378107","40123390","40123689","KQ053421v1","5610673","5610968","92","34512717"
"JH378107","40160589","40160883","KQ053421v1","5610673","5610968","79","34549916"
"JH378107","40184682","40184976","KQ053421v1","5610673","5610968","69","34574009"
"JH378107","40278230","40278372","KQ054401v1","3363241","3363379","44","36914989"
"JH378107","40329372","40329505","KQ053398v1","2623748","2623879","39","37705624"
"JH378107","40329506","40329559","KQ053883v1","839309","839360","10","39490197"
"JH378107","40333725","40334009","KQ053421v1","5610673","5610968","75","34723052"
"JH378107","40367196","40367503","KQ055352v1","6003171","6003466","72","34364025"
"JH378107","40602327","40602460","KQ057161v1","453350","453459","42","40148977"
"JH378107","40693904","40694210","KQ055352v1","6003171","6003466","75","34690733"
"JH378107","40781491","40781758","KQ058242v1","595939","596205","79","40185552"
"JH378107","40818320","40818627","KQ055267v1","513773","514088","72","40304547"
"JH378107","40906694","40906993","KQ053421v1","5610673","5610968","77","35296021"
"JH378107","40976083","40976414","KQ055267v1","513773","514088","94","40462310"
"JH378107","41032732","41032965","KQ053234v1","1414405","1414609","68","39618327"
"JH378107","41081957","41082234","KQ057186v1","783828","784085","85","40298129"
"JH378107","41202830","41203141","KQ055267v1","513773","514088","75","40689057"
"JH378107","41514684","41514968","KQ055862v1","1305285","1305561","80","40209399"
"JH378107","41591192","41591503","KQ055352v1","6003171","6003466","73","35588021"
"JH378107","41604348","41604638","KQ053421v1","5610673","5610968","85","35993675"
"JH378107","41925318","41925629","KQ053421v1","5610673","5610968","73","36314645"
"JH378107","41987495","41987775","KQ054815v1","2215557","2215844","74","39771938"
"JH378107","42037532","42037829","KQ053421v1","5610673","5610968","65","36426859"
"JH378107","42061617","42061925","KQ055267v1","513773","514088","73","41547844"
"JH378107","42151840","42152151","KQ053421v1","5610673","5610968","71","36541167"
"JH378107","42200676","42200973","KQ053421v1","5610673","5610968","85","36590003"
"JH378107","42339128","42339448","KQ055267v1","513773","514088","79","41825355"
"JH378107","42509009","42509317","KQ055352v1","6003171","6003466","74","36505838"
"JH378107","42687911","42688189","KQ053421v1","5610673","5610968","78","37077238"
"JH378107","42744299","42744604","KQ055352v1","6003171","6003466","68","36741128"
"JH378107","42869244","42869543","KQ053421v1","5610673","5610968","68","37258571"
"JH378107","42939042","42939336","KQ053421v1","5610673","5610968","80","37328369"
"JH378107","42941761","42942055","KQ053421v1","5610673","5610968","80","37331088"
"JH378107","43053774","43054083","KQ055352v1","6003171","6003466","75","37050603"
"JH378107","43054850","43055132","KQ058640v1","643463","643729","90","42411387"
"JH378107","43115533","43115828","KQ053421v1","5610673","5610968","83","37504860"
"JH378107","43151898","43152219","KQ058427v1","7786546","7786853","95","35365352"
"JH378107","43153562","43153861","KQ053421v1","5610673","5610968","68","37542889"
"JH378107","43193927","43194181","KQ058505v1","2207051","2207301","87","40986876"
"JH378107","43395264","43395567","KQ053421v1","5610673","5610968","81","37784591"
"JH378107","43400061","43400368","KQ055352v1","6003171","6003466","72","37396890"
"JH378107","43453222","43453531","KQ055267v1","513773","514088","71","42939449"
"JH378107","43613754","43614044","KQ053421v1","5610673","5610968","72","38003081"
"JH378107","43704453","43704747","KQ058427v1","7786546","7786853","84","35917907"
"JH378107","43803975","43804288","KQ058427v1","7786546","7786853","88","36017429"
"JH378107","43852228","43852519","KQ053421v1","5610673","5610968","82","38241555"
"JH378107","43988271","43988592","KQ055352v1","6003171","6003466","82","37985100"
"JH378107","44004638","44004949","KQ058427v1","7786546","7786853","89","36218092"
"JH378107","44146251","44146556","KQ058427v1","7786546","7786853","82","36359705"
"JH378107","44471044","44471325","KQ053785v1","888769","889063","83","43582275"
"JH378107","44474941","44475251","KQ055352v1","6003171","6003466","71","38471770"
"JH378107","44553741","44554038","KQ053421v1","5610673","5610968","73","38943068"
"JH378107","44715072","44715355","KQ053421v1","5610673","5610968","77","39104399"
"JH378107","44792028","44792237","KQ058594v1","5950443","5950621","77","38841585"
"JH378107","44891025","44891331","KQ055352v1","6003171","6003466","74","38887854"
"JH378107","44897035","44897334","KQ053421v1","5610673","5610968","67","39286362"
"JH378107","44958846","44959157","KQ055267v1","513773","514088","69","44445073"
"JH378107","44960166","44960476","KQ055267v1","513773","514088","83","44446393"
"JH378107","44970029","44970338","KQ055267v1","513773","514088","78","44456256"
"JH378107","45018968","45019279","KQ055267v1","513773","514088","71","44505195"
"JH378107","45067719","45067866","KQ053398v1","2623748","2623879","47","42443971"
"JH378107","45076657","45076964","KQ055352v1","6003171","6003466","70","39073486"
"JH378107","45135574","45135694","KQ052968v1","13665640","13665790","59","31469934"
"JH378107","45135795","45135974","KQ053531v1","6571","6737","54","45129224"
"JH378107","45166974","45167273","KQ053421v1","5610673","5610968","74","39556301"
"JH378107","45239157","45239462","KQ058427v1","7786546","7786853","80","37452611"
"JH378107","45269279","45269569","KQ053421v1","5610673","5610968","79","39658606"
"JH378107","45349160","45349470","KQ053421v1","5610673","5610968","70","39738487"
"JH378107","45364413","45364723","KQ055352v1","6003171","6003466","75","39361242"
"JH378107","45412369","45412674","KQ053421v1","5610673","5610968","69","39801696"
"JH378107","45433040","45433357","KQ053785v1","888769","889063","99","44544271"
"JH378107","45482709","45483015","KQ053421v1","5610673","5610968","88","39872036"
"JH378107","45515764","45516047","KQ058242v1","595939","596205","80","44919825"
"JH378107","45614819","45615125","KQ055352v1","6003171","6003466","88","39611648"
"JH378107","45663880","45664163","KQ055267v1","513773","514088","90","45150107"
"JH378107","45667123","45667424","KQ053421v1","5610673","5610968","91","40056450"
"JH378107","45699699","45699988","KQ053421v1","5610673","5610968","75","40089026"
"JH378107","45792018","45792318","KQ053421v1","5610673","5610968","73","40181345"
"JH378107","45825870","45825989","KQ053398v1","2627781","2627909","44","43198089"
"JH378107","45835694","45835998","KQ055352v1","6003171","6003466","70","39832523"
"JH378107","46048998","46049303","KQ058427v1","7786546","7786853","85","38262452"
"JH378107","46400545","46400851","KQ058427v1","7786546","7786853","70","38613999"
"JH378107","46620684","46620997","KQ058427v1","7786546","7786853","89","38834138"
"JH378107","46621697","46621995","KQ055267v1","513773","514088","79","46107924"
"JH378107","46654683","46654982","KQ053421v1","5610673","5610968","68","41044010"
"JH378107","46665968","46666288","KQ055267v1","513773","514088","85","46152195"
"JH378107","46668175","46668457","KQ055862v1","1305285","1305561","87","45362890"
"JH378107","46744832","46745139","KQ055267v1","513773","514088","75","46231059"
"JH378107","46745676","46745984","KQ053421v1","5610673","5610968","78","41135003"
"JH378107","46756576","46756883","KQ055352v1","6003171","6003466","68","40753405"
"JH378107","46786029","46786328","KQ053421v1","5610673","5610968","79","41175356"
"JH378107","46817305","46817382","KQ056235v1","1266284","1266361","28","45551021"
"JH378107","46826608","46826905","KQ053421v1","5610673","5610968","79","41215935"
"JH378107","46829880","46830159","KQ053421v1","5610673","5610968","75","41219207"
"JH378107","46841476","46841602","KQ053398v1","2623748","2623879","31","44217728"
"JH378107","46842618","46842914","KQ053421v1","5610673","5610968","73","41231945"
"JH378107","46869387","46869691","KQ053421v1","5610673","5610968","77","41258714"
"JH378107","46870286","46870588","KQ055862v1","1305285","1305561","81","45565001"
"JH378107","46884321","46884631","KQ055352v1","6003171","6003466","75","40881150"
"JH378107","46891608","46891723","KQ053398v1","2623748","2623879","42","44267860"
"JH378107","46905858","46906169","KQ055352v1","6003171","6003466","70","40902687"
"JH378107","46984674","46984971","KQ058427v1","7786546","7786853","86","39198128"
"JH378107","46987184","46987485","KQ053421v1","5610673","5610968","69","41376511"
"JH378107","46996444","46996742","KQ053421v1","5610673","5610968","71","41385771"
"JH378107","47086421","47086724","KQ053421v1","5610673","5610968","187","41475748"
"JH378107","47100203","47100502","KQ053421v1","5610673","5610968","66","41489530"
"JH378107","47262703","47263014","KQ055267v1","513773","514088","72","46748930"
"JH378107","47282874","47283175","KQ053421v1","5610673","5610968","74","41672201"
"JH378107","47284655","47284931","KQ058242v1","595939","596205","78","46688716"
"JH378107","47348642","47348912","KQ053421v1","5610673","5610968","92","41737969"
"JH378107","47359521","47359814","KQ053421v1","5610673","5610968","74","41748848"
"JH378107","47360597","47360893","KQ053421v1","5610673","5610968","79","41749924"
"JH378107","47372257","47372576","KQ055267v1","513773","514088","88","46858484"
"JH378107","47522612","47522914","KQ055267v1","513773","514088","71","47008839"
"JH378107","47523980","47524263","KQ053421v1","5610673","5610968","76","41913307"
"JH378107","47550413","47550708","KQ053421v1","5610673","5610968","72","41939740"
"JH378107","47707408","47707707","KQ053421v1","5610673","5610968","69","42096735"
"JH378107","47886886","47887184","KQ055267v1","513773","514088","76","47373113"
"JH378107","48399465","48399772","KQ055267v1","513773","514088","69","47885692"
"JH378107","48409454","48409783","KQ058427v1","7786546","7786853","93","40622908"
"JH378107","48484493","48484774","KQ053883v1","6938067","6938331","94","41546426"
"JH378107","48523653","48523961","KQ055352v1","6003171","6003466","76","42520482"
"JH378107","48526764","48527060","KQ053421v1","5610673","5610968","75","42916091"
"JH378107","48641842","48642153","KQ055352v1","6003171","6003466","74","42638671"
"JH378107","48773022","48773321","KQ053421v1","5610673","5610968","71","43162349"
"JH378107","48779400","48779691","KQ053421v1","5610673","5610968","71","43168727"
"JH378107","48822808","48823110","KQ058427v1","7786546","7786853","83","41036262"
"JH378107","48878071","48878374","KQ055352v1","6003171","6003466","75","42874900"
"JH378107","48897389","48897704","KQ053421v1","5610673","5610968","74","43286716"
"JH378107","48956231","48956541","KQ055352v1","6003171","6003466","72","42953060"
"JH378107","48990994","48991291","KQ053421v1","5610673","5610968","72","43380321"
"JH378107","49043015","49043301","KQ057901v1","868884","869144","98","48174131"
"JH378107","49080460","49080663","KQ058594v1","1033101","1033292","51","48047359"
"JH378107","49106407","49106712","KQ055352v1","6003171","6003466","67","43103236"
"JH378107","49322184","49322480","KQ053421v1","5610673","5610968","74","43711511"
"JH378107","49330062","49330230","KQ053531v1","6571","6737","61","49323491"
"JH378107","49355658","49355969","KQ055267v1","513773","514088","76","48841885"
"JH378107","49365415","49365520","KQ056493v1","2043382","2043488","40","47322033"
"JH378107","49365680","49365844","KQ053234v1","1679581","1679757","44","47686099"
"JH378107","49445803","49446110","KQ055267v1","513773","514088","75","48932030"
"JH378107","49451976","49452281","KQ055352v1","6003171","6003466","68","43448805"
"JH378107","49543222","49543525","KQ053421v1","5610673","5610968","71","43932549"
"JH378107","49661235","49661513","KQ058242v1","595939","596205","83","49065296"
"JH378107","49668795","49669099","KQ055352v1","6003171","6003466","73","43665624"
"JH378107","49886835","49887139","KQ055267v1","513773","514088","71","49373062"
"JH378107","49906271","49906562","KQ053421v1","5610673","5610968","76","44295598"
"JH378107","50049224","50049534","KQ055267v1","513773","514088","75","49535451"
"JH378107","50051644","50051947","KQ053421v1","5610673","5610968","67","44440971"
"JH378107","50153670","50153974","KQ055352v1","6003171","6003466","71","44150499"
"JH378107","50188507","50188804","KQ053421v1","5610673","5610968","70","44577834"
"JH378107","50328811","50329117","KQ053421v1","5610673","5610968","70","44718138"
"JH378107","50376822","50377121","KQ053421v1","5610673","5610968","68","44766149"
"JH378107","50533452","50533763","KQ053421v1","5610673","5610968","77","44922779"
"JH378107","50703495","50703778","KQ053421v1","5610673","5610968","100","45092822"
"JH378107","50726623","50726924","KQ053421v1","5610673","5610968","83","45115950"
"JH378107","50742544","50742842","KQ055267v1","513773","514088","86","50228771"
"JH378107","50744175","50744482","KQ058427v1","7786546","7786853","76","42957629"
"JH378107","50755670","50755941","KQ058242v1","595939","596205","78","50159731"
"JH378107","51070715","51071010","KQ053421v1","5610673","5610968","67","45460042"
"JH378107","51072467","51072755","KQ053421v1","5610673","5610968","71","45461794"
"JH378107","51107548","51107848","KQ058427v1","7786546","7786853","81","43321002"
"JH378107","51114741","51115051","KQ053421v1","5610673","5610968","83","45504068"
"JH378107","51117588","51117882","KQ053421v1","5610673","5610968","73","45506915"
"JH378107","51123748","51124057","KQ055267v1","513773","514088","74","50609975"
"JH378107","51157446","51157730","KQ053421v1","5610673","5610968","85","45546773"
"JH378107","51425616","51425932","KQ055352v1","6003171","6003466","77","45422445"
"JH378107","51451150","51451442","KQ053785v1","888769","889063","85","50562381"
"JH378107","51570263","51570583","KQ053059v1","2548766","2549102","102","49021497"
"JH378107","51602009","51602318","KQ055267v1","513773","514088","71","51088236"
"JH378107","51605862","51606085","KQ056064v1","326763","326940","79","51279099"
"JH378107","51705266","51705567","KQ053421v1","5610673","5610968","84","46094593"
"JH378107","51726316","51726609","KQ053421v1","5610673","5610968","81","46115643"
"JH378107","51853146","51853459","KQ053421v1","5610673","5610968","80","46242473"
"JH378107","51971446","51971735","KQ053421v1","5610673","5610968","73","46360773"
"JH378107","52104926","52105197","KQ057901v1","868884","869144","86","51236042"
"JH378107","52153588","52153664","KQ053998v1","8863","8933","23","52144725"
"JH378107","52162718","52163002","KQ053421v1","5610673","5610968","89","46552045"
"JH378107","52190044","52190354","KQ055267v1","513773","514088","70","51676271"
"JH378107","52301566","52301783","KQ054068v1","3638075","3638299","67","48663491"
"JH378107","52308594","52308891","KQ053421v1","5610673","5610968","74","46697921"
"JH378107","52350247","52350558","KQ055267v1","513773","514088","78","51836474"
"JH378107","52392210","52392521","KQ055267v1","513773","514088","74","51878437"
"JH378107","52500572","52500879","KQ053421v1","5610673","5610968","80","46889899"
"JH378107","52520315","52520616","KQ053421v1","5610673","5610968","65","46909642"
"JH378107","52538797","52539094","KQ053421v1","5610673","5610968","71","46928124"
"JH378107","52540836","52541136","KQ053421v1","5610673","5610968","70","46930163"
"JH378107","52581914","52582215","KQ053421v1","5610673","5610968","74","46971241"
"JH378107","52660173","52660472","KQ053421v1","5610673","5610968","77","47049500"
"JH378107","52660582","52660879","KQ053421v1","5610673","5610968","69","47049909"
"JH378107","52664342","52664643","KQ053421v1","5610673","5610968","73","47053669"
"JH378107","52803386","52803679","KQ053421v1","5610673","5610968","71","47192713"
"JH378107","52834983","52835294","KQ055352v1","6003171","6003466","72","46831812"
"JH378107","52885877","52886193","KQ055267v1","513773","514088","79","52372104"
"JH378107","52967626","52967931","KQ053421v1","5610673","5610968","78","47356953"
"JH378107","52986934","52987234","KQ053421v1","5610673","5610968","76","47376261"
"JH378107","53063838","53064146","KQ053421v1","5610673","5610968","75","47453165"
"JH378107","53089884","53090174","KQ053421v1","5610673","5610968","73","47479211"
"JH378107","53107327","53107614","KQ053421v1","5610673","5610968","77","47496654"
"JH378107","53172973","53173231","KQ055717v1","1610777","1611031","83","51562196"
"JH378107","53181349","53181633","KQ058640v1","643463","643729","75","52537886"
"JH378107","53288144","53288453","KQ055352v1","6003171","6003466","71","47284973"
"JH378107","53365954","53366251","KQ053421v1","5610673","5610968","71","47755281"
"JH378107","53499498","53499794","KQ053421v1","5610673","5610968","71","47888825"
"JH378107","53529429","53529734","KQ055352v1","6003171","6003466","75","47526258"
"JH378107","53553705","53553998","KQ055352v1","6003171","6003466","89","47550534"
"JH378107","53625445","53625749","KQ055352v1","6003171","6003466","74","47622274"
"JH378107","53778959","53779258","KQ053421v1","5610673","5610968","66","48168286"
"JH378107","54079240","54079407","KQ053398v1","2623748","2623879","63","51455492"
"JH378107","54079508","54079648","KQ052968v1","13665640","13665790","47","40413868"
"JH378107","54273950","54274245","KQ053421v1","5610673","5610968","72","48663277"
"JH378107","54583987","54584269","KQ053421v1","5610673","5610968","72","48973314"
"JH378107","54815968","54816274","KQ055352v1","6003171","6003466","69","48812797"
"JH378107","54924598","54924892","KQ053421v1","5610673","5610968","72","49313925"
"JH378107","55070061","55070374","KQ055267v1","513773","514088","91","54556288"
"JH378107","55417055","55417362","KQ055352v1","6003171","6003466","67","49413884"
"JH378107","55537624","55537920","KQ053421v1","5610673","5610968","68","49926951"
"JH378107","55606435","55606744","KQ055352v1","6003171","6003466","78","49603264"
"JH378107","55680793","55681040","KQ053421v1","5610673","5610968","99","50070120"
"JH378107","55866974","55867176","KQ055140v1","659740","659924","72","55207234"
"JH378107","55925230","55925535","KQ053421v1","5610673","5610968","90","50314557"
"JH378107","55990132","55990441","KQ055267v1","513773","514088","72","55476359"
"JH378107","55998030","55998332","KQ053421v1","5610673","5610968","70","50387357"
"JH378107","56007904","56008193","KQ053421v1","5610673","5610968","76","50397231"
"JH378107","56017487","56017787","KQ053421v1","5610673","5610968","71","50406814"
"JH378107","56084100","56084399","KQ053421v1","5610673","5610968","75","50473427"
"JH378107","56103392","56103691","KQ053421v1","5610673","5610968","72","50492719"
"JH378107","56143930","56144226","KQ053421v1","5610673","5610968","70","50533257"
"JH378107","56145953","56146257","KQ053421v1","5610673","5610968","85","50535280"
"JH378107","56239034","56239336","KQ055267v1","513773","514088","77","55725261"
"JH378107","56243293","56243454","KQ058328v1","3002631","3002796","43","53240662"
"JH378107","56261761","56262060","KQ053421v1","5610673","5610968","70","50651088"
"JH378107","56262736","56263036","KQ053141v1","2860","3159","90","56259876"
"JH378107","56297293","56297603","KQ055267v1","513773","514088","74","55783520"
"JH378107","56369768","56370078","KQ055267v1","513773","514088","71","55855995"
"JH378107","56373631","56373942","KQ055352v1","6003171","6003466","75","50370460"
"JH378107","56424888","56425174","KQ055862v1","1305285","1305561","90","55119603"
"JH378107","56449042","56449353","KQ055267v1","513773","514088","73","55935269"
"JH378107","56507983","56508271","KQ053421v1","5610673","5610968","75","50897310"
"JH378107","56630101","56630401","KQ053421v1","5610673","5610968","62","51019428"
"JH378107","56645787","56646087","KQ053421v1","5610673","5610968","70","51035114"
"JH378107","56730390","56730700","KQ055267v1","513773","514088","73","56216617"
"JH378107","56743835","56744124","KQ053421v1","5610673","5610968","83","51133162"
"JH378107","56859015","56859312","KQ053421v1","5610673","5610968","65","51248342"
"JH378107","56869716","56870001","KQ053421v1","5610673","5610968","89","51259043"
"JH378107","56882243","56882542","KQ053421v1","5610673","5610968","69","51271570"
"JH378107","56890210","56890498","KQ053421v1","5610673","5610968","76","51279537"
"JH378107","56946386","56946546","KQ053398v1","2623748","2623879","58","54322638"
"JH378107","57024489","57024776","KQ053421v1","5610673","5610968","81","51413816"
"JH378107","57054174","57054271","KQ056235v1","1266284","1266361","32","55787890"
"JH378107","57064911","57065217","KQ055352v1","6003171","6003466","68","51061740"
"JH378107","57141318","57141563","KQ057901v1","868884","869144","90","56272434"
"JH378107","57177766","57178044","KQ054713v1","1437239","1437526","89","55740527"
"JH378107","57298952","57299262","KQ058427v1","7786546","7786853","72","49512406"
"JH378107","57325935","57326216","KQ053421v1","5610673","5610968","82","51715262"
"JH378107","57332751","57333040","KQ053421v1","5610673","5610968","84","51722078"
"JH378107","57350179","57350468","KQ053421v1","5610673","5610968","75","51739506"
"JH378107","57354598","57354878","KQ053421v1","5610673","5610968","80","51743925"
"JH378107","57363178","57363474","KQ055352v1","6003171","6003466","91","51360007"
"JH378107","57372124","57372248","KQ054401v1","3363241","3363379","45","54008883"
"JH378107","57385632","57385921","KQ053421v1","5610673","5610968","78","51774959"
"JH378107","57407638","57407932","KQ053421v1","5610673","5610968","78","51796965"
"JH378107","57440746","57440943","KQ052982v1","2032903","2033097","48","55407843"
"JH378107","57441887","57442254","KQ053059v1","2548766","2549102","114","54893121"
"JH378107","57446395","57446540","KQ056911v1","1421731","1421862","46","56024664"
"JH378107","57452130","57452228","KQ056279v1","759081","759162","36","56693049"
"JH378107","57467152","57467465","KQ053421v1","5610673","5610968","73","51856479"
"JH378107","57580989","57581292","KQ053421v1","5610673","5610968","83","51970316"
"JH378107","57582679","57582881","KQ058274v1","300327","300497","71","57282352"
"JH378107","57592945","57593224","KQ058242v1","595939","596205","75","56997006"
"JH378107","57606251","57606536","KQ053421v1","5610673","5610968","69","51995578"
"JH378107","57640380","57640623","KQ058505v1","2207051","2207301","95","55433329"
"JH378107","57656766","57656899","KQ053398v1","2623748","2623879","48","55033018"
"JH378107","57657653","57657961","KQ053421v1","5610673","5610968","76","52046980"
"JH378107","57694003","57694158","KQ053531v1","6571","6737","74","57687432"
"JH378107","57697380","57697594","KQ052982v1","2032903","2033097","57","55664477"
"JH378107","57697597","57697898","KQ053421v1","5610673","5610968","83","52086924"
"JH378107","57709792","57710097","KQ058427v1","7786546","7786853","75","49923246"
"JH378107","57767422","57767732","KQ055267v1","513773","514088","80","57253649"
"JH378107","57804895","57805170","KQ053421v1","5610673","5610968","88","52194222"
"JH378107","57853280","57853554","KQ057186v1","783828","784085","77","57069452"
"JH378107","57868298","57868600","KQ053421v1","5610673","5610968","70","52257625"
"JH378107","57937354","57937598","KQ053234v1","1414405","1414609","84","56522949"
"JH378107","57963515","57963668","KQ053476v1","812335","812482","48","57151180"
"JH378107","58060553","58060806","KQ058427v1","6786866","6787134","87","51273687"
"JH378107","58100860","58101158","KQ053421v1","5610673","5610968","72","52490187"
"JH378107","58152816","58153109","KQ053421v1","5610673","5610968","78","52542143"
"JH378107","58155775","58155899","KQ053398v1","2623748","2623879","36","55532027"
"JH378107","58167170","58167460","KQ053421v1","5610673","5610968","70","52556497"
"JH378107","58196281","58196591","KQ055352v1","6003171","6003466","73","52193110"
"JH378107","58199622","58199915","KQ055862v1","1305285","1305561","79","56894337"
"JH378107","58209304","58209600","KQ053421v1","5610673","5610968","74","52598631"
"JH378107","58213760","58214060","KQ053421v1","5610673","5610968","82","52603087"
"JH378107","58257448","58257748","KQ055267v1","513773","514088","70","57743675"
"JH378107","58269905","58270189","KQ058427v1","6786866","6787134","78","51483039"
"JH378108","24379171","24379477","KQ055267v1","513773","514088","87","23865398"
"JH378108","34078659","34078908","KQ058505v1","2207051","2207301","86","31871608"
"JH378108","52559726","52560036","KQ058427v1","7786546","7786853","88","44773180"
"JH378108","23461","23745","KQ054815v1","2215557","2215844","82","2192096"
"JH378108","187269","187544","KQ053421v1","5610673","5610968","97","5423404"
"JH378108","214295","214590","KQ053421v1","5610673","5610968","79","5396378"
"JH378108","269392","269679","KQ053421v1","5610673","5610968","83","5341281"
"JH378108","365429","365743","KQ055352v1","6003171","6003466","76","5637742"
"JH378108","602958","603268","KQ055267v1","513773","514088","75","89185"
"JH378108","745160","745474","KQ055352v1","6003171","6003466","78","5258011"
"JH378108","812974","813281","KQ055267v1","513773","514088","72","299201"
"JH378108","813854","814142","KQ053421v1","5610673","5610968","66","4796819"
"JH378108","955100","955404","KQ055352v1","6003171","6003466","72","5048071"
"JH378108","959967","960249","KQ058640v1","643463","643729","82","316504"
"JH378108","980924","981230","KQ055267v1","513773","514088","79","467151"
"JH378108","1033359","1033593","KQ058509v1","24058","24271","77","1009301"
"JH378108","1091389","1091693","KQ053421v1","5610673","5610968","82","4519284"
"JH378108","1093936","1094244","KQ055267v1","513773","514088","68","580163"
"JH378108","1183265","1183563","KQ053421v1","5610673","5610968","72","4427408"
"JH378108","1280954","1281248","KQ058427v1","7786546","7786853","82","6505592"
"JH378108","1332004","1332313","KQ055352v1","6003171","6003466","73","4671167"
"JH378108","1336732","1337010","KQ053421v1","5610673","5610968","83","4273941"
"JH378108","1373898","1374178","KQ053421v1","5610673","5610968","78","4236775"
"JH378108","1384695","1384987","KQ053421v1","5610673","5610968","81","4225978"
"JH378108","1392879","1393180","KQ055267v1","513773","514088","77","879106"
"JH378108","1420144","1420441","KQ053421v1","5610673","5610968","77","4190529"
"JH378108","1428646","1428947","KQ053421v1","5610673","5610968","76","4182027"
"JH378108","1435574","1435874","KQ053421v1","5610673","5610968","72","4175099"
"JH378108","1463543","1463843","KQ053421v1","5610673","5610968","70","4147130"
"JH378108","1480103","1480403","KQ053421v1","5610673","5610968","79","4130570"
"JH378108","1489648","1489738","KQ056235v1","1266284","1266361","38","223364"
"JH378108","1506180","1506472","KQ053421v1","5610673","5610968","73","4104493"
"JH378108","1545284","1545591","KQ053421v1","5610673","5610968","71","4065389"
"JH378108","1559560","1559853","KQ053421v1","5610673","5610968","83","4051113"
"JH378108","1565328","1565623","KQ053421v1","5610673","5610968","68","4045345"
"JH378108","1567032","1567316","KQ053421v1","5610673","5610968","81","4043641"
"JH378108","1611192","1611474","KQ058242v1","595939","596205","72","1015253"
"JH378108","1632380","1632684","KQ055267v1","513773","514088","85","1118607"
"JH378108","1657247","1657486","KQ054068v1","3638075","3638299","72","1980828"
"JH378108","1761914","1762199","KQ058339v1","4553625","4553889","102","2791711"
"JH378108","1917348","1917640","KQ053421v1","5610673","5610968","73","3693325"
"JH378108","1938751","1939053","KQ053421v1","5610673","5610968","75","3671922"
"JH378108","1962277","1962587","KQ058427v1","7786546","7786853","72","5824269"
"JH378108","1966184","1966494","KQ055352v1","6003171","6003466","72","4036987"
"JH378108","2021249","2021559","KQ055267v1","513773","514088","70","1507476"
"JH378108","2147091","2147218","KQ053398v1","2623748","2623879","51","476657"
"JH378108","2201106","2201143","KQ053234v1","1679807","1679838","16","521299"
"JH378108","2201875","2202146","KQ057186v1","783828","784085","76","1418047"
"JH378108","2305156","2305466","KQ055267v1","513773","514088","72","1791383"
"JH378108","2315780","2316069","KQ053421v1","5610673","5610968","77","3294893"
"JH378108","2341833","2342134","KQ053421v1","5610673","5610968","73","3268840"
"JH378108","2379741","2380041","KQ053421v1","5610673","5610968","72","3230932"
"JH378108","2439030","2439213","KQ053531v1","6571","6737","52","2432459"
"JH378108","2459871","2460172","KQ053421v1","5610673","5610968","75","3150802"
"JH378108","2527415","2527716","KQ053421v1","5610673","5610968","70","3083258"
"JH378108","2570857","2571163","KQ055352v1","6003171","6003466","71","3432314"
"JH378108","2598253","2598563","KQ055352v1","6003171","6003466","70","3404918"
"JH378108","2613862","2614166","KQ055352v1","6003171","6003466","72","3389309"
"JH378108","2806787","2806946","KQ052968v1","13665640","13665790","53","10858853"
"JH378108","2905224","2905518","KQ053421v1","5610673","5610968","83","2705449"
"JH378108","2944249","2944559","KQ055267v1","513773","514088","73","2430476"
"JH378108","2983069","2983367","KQ053421v1","5610673","5610968","74","2627604"
"JH378108","3261483","3261708","KQ055662v1","1890465","1890674","81","1371018"
"JH378108","3291796","3292102","KQ055267v1","513773","514088","79","2778023"
"JH378108","3328803","3329102","KQ053421v1","5610673","5610968","70","2281870"
"JH378108","3511809","3512096","KQ053421v1","5610673","5610968","74","2098864"
"JH378108","3528124","3528419","KQ053421v1","5610673","5610968","66","2082549"
"JH378108","3776842","3776989","KQ058328v1","3002631","3002796","47","774211"
"JH378108","3812238","3812547","KQ055352v1","6003171","6003466","72","2190933"
"JH378108","3833924","3834090","KQ053234v1","1679581","1679757","42","2154343"
"JH378108","4069551","4069858","KQ055352v1","6003171","6003466","70","1933620"
"JH378108","4120544","4120849","KQ053421v1","5610673","5610968","77","1490129"
"JH378108","4134208","4134519","KQ055267v1","513773","514088","74","3620435"
"JH378108","4176295","4176604","KQ053421v1","5610673","5610968","81","1434378"
"JH378108","4373867","4374175","KQ053421v1","5610673","5610968","73","1236806"
"JH378108","4458177","4458488","KQ055352v1","6003171","6003466","150","1544994"
"JH378108","4600031","4600321","KQ053421v1","5610673","5610968","75","1010642"
"JH378108","4642511","4642735","KQ058274v1","300327","300497","83","4342184"
"JH378108","4688134","4688445","KQ055267v1","513773","514088","96","4174361"
"JH378108","4692345","4692610","KQ058242v1","595939","596205","77","4096406"
"JH378108","4735749","4736072","KQ055352v1","6003171","6003466","86","1267422"
"JH378108","4744917","4745218","KQ053421v1","5610673","5610968","70","865756"
"JH378108","4751094","4751386","KQ053421v1","5610673","5610968","74","859579"
"JH378108","4758067","4758379","KQ055267v1","513773","514088","72","4244294"
"JH378108","4764607","4764909","KQ053421v1","5610673","5610968","81","846066"
"JH378108","4774403","4774707","KQ053421v1","5610673","5610968","77","836270"
"JH378108","4801997","4802291","KQ053421v1","5610673","5610968","67","808676"
"JH378108","4804219","4804514","KQ053421v1","5610673","5610968","85","806454"
"JH378108","4834385","4834598","KQ052982v1","2032903","2033097","63","2801482"
"JH378108","4911006","4911313","KQ055352v1","6003171","6003466","72","1092165"
"JH378108","4942230","4942533","KQ053421v1","5610673","5610968","86","668443"
"JH378108","4944800","4945103","KQ058427v1","7786546","7786853","85","2841746"
"JH378108","4979656","4979942","KQ053421v1","5610673","5610968","81","631017"
"JH378108","5022499","5022794","KQ053421v1","5610673","5610968","74","588174"
"JH378108","5036739","5037028","KQ058394v1","9655127","9655422","99","4618388"
"JH378108","5113714","5113935","KQ053234v1","1414405","1414609","78","3699309"
"JH378108","5178751","5179041","KQ053421v1","5610673","5610968","80","431922"
"JH378108","5179045","5179339","KQ053421v1","5610673","5610968","76","431628"
"JH378108","5191711","5191994","KQ058242v1","595939","596205","80","4595772"
"JH378108","5255731","5256031","KQ053421v1","5610673","5610968","72","354942"
"JH378108","5364558","5364866","KQ058427v1","7786546","7786853","79","2421988"
"JH378108","5430452","5430689","KQ058509v1","24058","24271","68","5406394"
"JH378108","5476454","5476746","KQ053421v1","5610673","5610968","74","134219"
"JH378108","5898563","5898874","KQ058427v1","7786546","7786853","75","1887983"
"JH378108","5942024","5942310","KQ053421v1","5610673","5610968","81","331351"
"JH378108","6046664","6046966","KQ053421v1","5610673","5610968","65","435991"
"JH378108","6174077","6174275","KQ058594v1","5950443","5950621","60","223634"
"JH378108","6193480","6193766","KQ053421v1","5610673","5610968","84","582807"
"JH378108","6237550","6237700","KQ054401v1","3363241","3363379","49","2874309"
"JH378108","6448938","6449246","KQ058427v1","7786546","7786853","72","1337608"
"JH378108","6492724","6493019","KQ053421v1","5610673","5610968","73","882051"
"JH378108","6494282","6494601","KQ055352v1","6003171","6003466","80","491111"
"JH378108","6735485","6735794","KQ055352v1","6003171","6003466","74","732314"
"JH378108","6770458","6770778","KQ055267v1","513773","514088","96","6256685"
"JH378108","6854866","6855057","KQ052982v1","2032903","2033097","51","4821963"
"JH378108","6917379","6917688","KQ053421v1","5610673","5610968","74","1306706"
"JH378108","6982922","6983207","KQ053421v1","5610673","5610968","80","1372249"
"JH378108","7068719","7069001","KQ053421v1","5610673","5610968","89","1458046"
"JH378108","7351726","7352036","KQ055267v1","513773","514088","69","6837953"
"JH378108","7609486","7609786","KQ053421v1","5610673","5610968","68","1998813"
"JH378108","7611082","7611373","KQ053421v1","5610673","5610968","75","2000409"
"JH378108","7874803","7875101","KQ053421v1","5610673","5610968","84","2264130"
"JH378108","7924708","7925014","KQ055267v1","513773","514088","87","7410935"
"JH378108","8000203","8000491","KQ058339v1","4553625","4553889","76","3446578"
"JH378108","8079734","8080025","KQ053421v1","5610673","5610968","85","2469061"
"JH378108","8129516","8129826","KQ055352v1","6003171","6003466","73","2126345"
"JH378108","8140757","8140921","KQ054510v1","7582269","7582431","40","558488"
"JH378108","8220437","8220725","KQ053421v1","5610673","5610968","88","2609764"
"JH378108","8230586","8230900","KQ053135v1","5034940","5035266","103","3195646"
"JH378108","8233193","8233482","KQ058640v1","643463","643729","84","7589730"
"JH378108","8279752","8280059","KQ055352v1","6003171","6003466","74","2276581"
"JH378108","8300869","8301167","KQ053421v1","5610673","5610968","73","2690196"
"JH378108","8344370","8344652","KQ053421v1","5610673","5610968","73","2733697"
"JH378108","8434079","8434384","KQ053421v1","5610673","5610968","72","2823406"
"JH378108","8450232","8450538","KQ053421v1","5610673","5610968","69","2839559"
"JH378108","8456317","8456584","KQ058242v1","595939","596205","83","7860378"
"JH378108","8464278","8464572","KQ053421v1","5610673","5610968","80","2853605"
"JH378108","8475560","8475786","KQ053234v1","1414405","1414609","79","7061155"
"JH378108","8490326","8490592","KQ055862v1","1305285","1305561","93","7185041"
"JH378108","8513137","8513437","KQ053421v1","5610673","5610968","77","2902464"
"JH378108","8517407","8517537","KQ053398v1","2623748","2623879","35","5893659"
"JH378108","8518819","8519117","KQ053421v1","5610673","5610968","67","2908146"
"JH378108","8524252","8524540","KQ055267v1","513773","514088","87","8010479"
"JH378108","8603733","8604041","KQ055352v1","6003171","6003466","72","2600562"
"JH378108","8608346","8608648","KQ053421v1","5610673","5610968","78","2997673"
"JH378108","8670671","8670977","KQ055267v1","513773","514088","89","8156898"
"JH378108","8694396","8694700","KQ053421v1","5610673","5610968","70","3083723"
"JH378108","8708265","8708391","KQ053398v1","2623748","2623879","32","6084517"
"JH378108","8779421","8779717","KQ053421v1","5610673","5610968","67","3168748"
"JH378108","8780305","8780618","KQ053421v1","5610673","5610968","98","3169632"
"JH378108","8794551","8794852","KQ053421v1","5610673","5610968","68","3183878"
"JH378108","8871221","8871517","KQ053421v1","5610673","5610968","71","3260548"
"JH378108","8929302","8929503","KQ056064v1","326763","326940","62","8602539"
"JH378108","8932531","8932811","KQ053421v1","5610673","5610968","88","3321858"
"JH378108","8962828","8963099","KQ053785v1","888769","889063","90","8074059"
"JH378108","8973202","8973507","KQ053421v1","5610673","5610968","69","3362529"
"JH378108","8994147","8994454","KQ053421v1","5610673","5610968","76","3383474"
"JH378108","9010164","9010474","KQ055352v1","6003171","6003466","72","3006993"
"JH378108","9074838","9075137","KQ053421v1","5610673","5610968","72","3464165"
"JH378108","9365844","9366156","KQ055352v1","6003171","6003466","73","3362673"
"JH378108","9505819","9506087","KQ053421v1","5610673","5610968","87","3895146"
"JH378108","9642493","9642747","KQ058505v1","2207051","2207301","91","7435442"
"JH378108","9646703","9647036","KQ058427v1","7786546","7786853","93","1860157"
"JH378108","9666875","9667143","KQ058242v1","595939","596205","92","9070936"
"JH378108","9829871","9830180","KQ058427v1","7786546","7786853","72","2043325"
"JH378108","9865969","9866265","KQ058427v1","7786546","7786853","83","2079423"
"JH378108","9980165","9980500","KQ055267v1","513773","514088","97","9466392"
"JH378108","10051337","10051625","KQ053421v1","5610673","5610968","80","4440664"
"JH378108","10324461","10324773","KQ053421v1","5610673","5610968","83","4713788"
"JH378108","10360847","10361134","KQ053421v1","5610673","5610968","71","4750174"
"JH378108","10381434","10381731","KQ053421v1","5610673","5610968","78","4770761"
"JH378108","10414887","10415178","KQ053421v1","5610673","5610968","84","4804214"
"JH378108","10415356","10415666","KQ055267v1","513773","514088","78","9901583"
"JH378108","10422729","10423030","KQ053785v1","888769","889063","95","9533960"
"JH378108","10498859","10499187","KQ053421v1","5610673","5610968","99","4888186"
"JH378108","10504329","10504624","KQ053421v1","5610673","5610968","78","4893656"
"JH378108","10523516","10523825","KQ055267v1","513773","514088","70","10009743"
"JH378108","10559899","10560201","KQ053421v1","5610673","5610968","71","4949226"
"JH378108","10751475","10751765","KQ053421v1","5610673","5610968","79","5140802"
"JH378108","10759076","10759360","KQ053421v1","5610673","5610968","85","5148403"
"JH378108","10928151","10928335","KQ058274v1","300327","300497","54","10627824"
"JH378108","10928336","10928381","KQ053234v1","1679807","1679838","23","9248529"
"JH378108","10997620","10997926","KQ055352v1","6003171","6003466","71","4994449"
"JH378108","11221611","11221923","KQ058427v1","7786546","7786853","78","3435065"
"JH378108","11383456","11383739","KQ053421v1","5610673","5610968","83","5772783"
"JH378108","11709313","11709614","KQ053421v1","5610673","5610968","80","6098640"
"JH378108","11709715","11709903","KQ056064v1","326763","326940","57","11382952"
"JH378108","11746655","11746948","KQ053421v1","5610673","5610968","71","6135982"
"JH378108","11785394","11785691","KQ053421v1","5610673","5610968","71","6174721"
"JH378108","11869498","11869794","KQ053421v1","5610673","5610968","68","6258825"
"JH378108","11962512","11962808","KQ053421v1","5610673","5610968","74","6351839"
"JH378108","12090087","12090387","KQ053421v1","5610673","5610968","68","6479414"
"JH378108","12120768","12121067","KQ053421v1","5610673","5610968","72","6510095"
"JH378108","12218090","12218318","KQ058505v1","2207051","2207301","73","10011039"
"JH378108","12266320","12266604","KQ053421v1","5610673","5610968","89","6655647"
"JH378108","12368399","12368707","KQ053421v1","5610673","5610968","73","6757726"
"JH378108","12431737","12432046","KQ053421v1","5610673","5610968","91","6821064"
"JH378108","12482347","12482657","KQ055352v1","6003171","6003466","78","6479176"
"JH378108","12519359","12519643","KQ057901v1","868884","869144","105","11650475"
"JH378108","12576749","12577059","KQ055267v1","513773","514088","74","12062976"
"JH378108","12727422","12727601","KQ056064v1","326763","326940","58","12400659"
"JH378108","12731866","12732110","KQ058242v1","595939","596205","103","12135927"
"JH378108","12755231","12755534","KQ053421v1","5610673","5610968","91","7144558"
"JH378108","12990655","12990765","KQ055717v1","1610376","1610476","43","11380279"
"JH378108","12991243","12991413","KQ053234v1","1679581","1679757","53","11311662"
"JH378108","13017724","13017850","KQ054401v1","3363241","3363379","48","9654483"
"JH378108","13147054","13147353","KQ053421v1","5610673","5610968","80","7536381"
"JH378108","13235576","13235877","KQ053421v1","5610673","5610968","75","7624903"
"JH378108","13236430","13236727","KQ053421v1","5610673","5610968","83","7625757"
"JH378108","13321445","13321751","KQ055352v1","6003171","6003466","70","7318274"
"JH378108","13340008","13340316","KQ055352v1","6003171","6003466","73","7336837"
"JH378108","13481397","13481696","KQ053421v1","5610673","5610968","72","7870724"
"JH378108","13508439","13508741","KQ053421v1","5610673","5610968","75","7897766"
"JH378108","13622407","13622705","KQ053421v1","5610673","5610968","66","8011734"
"JH378108","13658339","13658650","KQ055352v1","6003171","6003466","75","7655168"
"JH378108","13690436","13690754","KQ055267v1","513773","514088","88","13176663"
"JH378108","13739932","13740240","KQ055352v1","6003171","6003466","66","7736761"
"JH378108","13779283","13779595","KQ055267v1","513773","514088","101","13265510"
"JH378108","13782590","13782891","KQ053421v1","5610673","5610968","73","8171917"
"JH378108","13873534","13873835","KQ053421v1","5610673","5610968","72","8262861"
"JH378108","13983114","13983419","KQ055352v1","6003171","6003466","73","7979943"
"JH378108","14085111","14085382","KQ058505v1","2207051","2207301","93","11878060"
"JH378108","14241670","14241981","KQ055267v1","513773","514088","76","13727897"
"JH378108","14345335","14345633","KQ055352v1","6003171","6003466","79","8342164"
"JH378108","14397035","14397340","KQ053421v1","5610673","5610968","71","8786362"
"JH378108","14463001","14463298","KQ053421v1","5610673","5610968","69","8852328"
"JH378108","14463898","14464187","KQ053421v1","5610673","5610968","81","8853225"
"JH378108","14559729","14560028","KQ053421v1","5610673","5610968","67","8949056"
"JH378108","14894937","14895237","KQ053421v1","5610673","5610968","78","9284264"
"JH378108","15074525","15074820","KQ053421v1","5610673","5610968","86","9463852"
"JH378108","15259030","15259326","KQ053421v1","5610673","5610968","67","9648357"
"JH378108","15267417","15267700","KQ054815v1","2215557","2215844","70","13051860"
"JH378108","15273305","15273385","KQ056235v1","1266284","1266361","13","14007021"
"JH378108","15349403","15349626","KQ053234v1","1414405","1414609","65","13934998"
"JH378108","15352307","15352606","KQ053421v1","5610673","5610968","66","9741634"
"JH378108","15354833","15355141","KQ055352v1","6003171","6003466","70","9351662"
"JH378108","15374194","15374494","KQ053421v1","5610673","5610968","76","9763521"
"JH378108","15382226","15382460","KQ057186v1","783828","784085","90","14598398"
"JH378108","15386443","15386625","KQ056064v1","326763","326940","54","15059680"
"JH378108","15400753","15401049","KQ055267v1","513773","514088","91","14886980"
"JH378108","15435794","15436102","KQ053421v1","5610673","5610968","74","9825121"
"JH378108","15443803","15444100","KQ053421v1","5610673","5610968","69","9833130"
"JH378108","15476781","15477067","KQ053421v1","5610673","5610968","84","9866108"
"JH378108","15503302","15503602","KQ053421v1","5610673","5610968","74","9892629"
"JH378108","15511735","15511850","KQ058561v1","4800360","4800424","60","10711375"
"JH378108","15511951","15512111","KQ058423v1","270754","270928","39","15241197"
"JH378108","15555654","15555957","KQ053421v1","5610673","5610968","72","9944981"
"JH378108","15565404","15565681","KQ053421v1","5610673","5610968","92","9954731"
"JH378108","15621604","15621894","KQ053421v1","5610673","5610968","75","10010931"
"JH378108","15633964","15634262","KQ053421v1","5610673","5610968","68","10023291"
"JH378108","15662789","15663084","KQ053421v1","5610673","5610968","71","10052116"
"JH378108","15692336","15692631","KQ053421v1","5610673","5610968","80","10081663"
"JH378108","15701994","15702281","KQ053421v1","5610673","5610968","74","10091321"
"JH378108","15704926","15705232","KQ055267v1","513773","514088","70","15191153"
"JH378108","15744848","15745120","KQ058242v1","595939","596205","91","15148909"
"JH378108","15764875","15765173","KQ053421v1","5610673","5610968","83","10154202"
"JH378108","15801080","15801383","KQ055352v1","6003171","6003466","76","9797909"
"JH378108","15852266","15852545","KQ053421v1","5610673","5610968","93","10241593"
"JH378108","16013486","16013785","KQ053421v1","5610673","5610968","70","10402813"
"JH378108","16085794","16086106","KQ055352v1","6003171","6003466","74","10082623"
"JH378108","16245392","16245702","KQ055267v1","513773","514088","74","15731619"
"JH378108","16269321","16269623","KQ053421v1","5610673","5610968","74","10658648"
"JH378108","16300554","16300864","KQ055267v1","513773","514088","83","15786781"
"JH378108","16429727","16430003","KQ058242v1","595939","596205","62","15833788"
"JH378108","16459888","16460196","KQ058427v1","7786546","7786853","80","8673342"
"JH378108","16536302","16536608","KQ058427v1","7786546","7786853","71","8749756"
"JH378108","16636565","16636868","KQ053421v1","5610673","5610968","73","11025892"
"JH378108","16715879","16716176","KQ053421v1","5610673","5610968","67","11105206"
"JH378108","16748800","16749109","KQ055352v1","6003171","6003466","70","10745629"
"JH378108","17039420","17039716","KQ053421v1","5610673","5610968","86","11428747"
"JH378108","17354152","17354395","KQ058509v1","24058","24271","73","17330094"
"JH378108","17377125","17377431","KQ053421v1","5610673","5610968","75","11766452"
"JH378108","17404479","17404773","KQ053421v1","5610673","5610968","76","11793806"
"JH378108","17407923","17408216","KQ053421v1","5610673","5610968","69","11797250"
"JH378108","17413657","17413906","KQ058242v1","595939","596205","80","16817718"
"JH378108","17438531","17438840","KQ055352v1","6003171","6003466","67","11435360"
"JH378108","17469242","17469513","KQ058242v1","595939","596205","70","16873303"
"JH378108","17503066","17503375","KQ053421v1","5610673","5610968","78","11892393"
"JH378108","17507732","17508027","KQ053421v1","5610673","5610968","69","11897059"
"JH378108","17559408","17559621","KQ052982v1","2032903","2033097","56","15526505"
"JH378108","17626842","17627147","KQ053421v1","5610673","5610968","75","12016169"
"JH378108","17681693","17681989","KQ053421v1","5610673","5610968","68","12071020"
"JH378108","17712303","17712606","KQ055352v1","6003171","6003466","72","11709132"
"JH378108","17734597","17734904","KQ055267v1","513773","514088","81","17220824"
"JH378108","17919647","17919939","KQ054815v1","2215557","2215844","84","15704090"
"JH378108","17985091","17985412","KQ055267v1","513773","514088","88","17471318"
"JH378108","17997755","17997923","KQ058428v1","1396698","1396861","57","16601057"
"JH378108","18196270","18196528","KQ058242v1","595939","596205","75","17600331"
"JH378108","18213516","18213763","KQ053883v1","6938067","6938331","85","11275449"
"JH378108","18229818","18230116","KQ058427v1","7786546","7786853","78","10443272"
"JH378108","18260061","18260339","KQ058339v1","4553625","4553889","87","13706436"
"JH378108","18275023","18275152","KQ057161v1","453350","453459","41","17821673"
"JH378108","18297248","18297532","KQ053421v1","5610673","5610968","92","12686575"
"JH378108","18301441","18301696","KQ055862v1","1305285","1305561","100","16996156"
"JH378108","18301725","18302009","KQ053421v1","5610673","5610968","86","12691052"
"JH378108","18320831","18321121","KQ053421v1","5610673","5610968","83","12710158"
"JH378108","18330167","18330237","KQ058561v1","4800360","4800424","20","13529807"
"JH378108","18336168","18336457","KQ053421v1","5610673","5610968","82","12725495"
"JH378108","18342245","18342556","KQ055267v1","513773","514088","73","17828472"
"JH378108","18353802","18354110","KQ055352v1","6003171","6003466","77","12350631"
"JH378108","18384978","18385237","KQ057186v1","783828","784085","98","17601150"
"JH378108","18393733","18394026","KQ053421v1","5610673","5610968","74","12783060"
"JH378108","18436901","18437199","KQ053421v1","5610673","5610968","67","12826228"
"JH378108","18466957","18467258","KQ053421v1","5610673","5610968","64","12856284"
"JH378108","18526429","18526733","KQ055267v1","513773","514088","70","18012656"
"JH378108","18531709","18532017","KQ055352v1","6003171","6003466","70","12528538"
"JH378108","18580004","18580279","KQ053421v1","5610673","5610968","83","12969331"
"JH378108","18628323","18628622","KQ053421v1","5610673","5610968","70","13017650"
"JH378108","18638329","18638628","KQ053806v1","635655","635936","92","18002674"
"JH378108","18678055","18678352","KQ053421v1","5610673","5610968","71","13067382"
"JH378108","18686020","18686142","KQ053398v1","2623748","2623879","34","16062272"
"JH378108","18774457","18774586","KQ053398v1","2623748","2623879","35","16150709"
"JH378108","18809957","18810272","KQ055352v1","6003171","6003466","77","12806786"
"JH378108","18822533","18822823","KQ053421v1","5610673","5610968","86","13211860"
"JH378108","18946966","18947266","KQ053421v1","5610673","5610968","69","13336293"
"JH378108","18981955","18982253","KQ053421v1","5610673","5610968","70","13371282"
"JH378108","19027132","19027421","KQ053421v1","5610673","5610968","76","13416459"
"JH378108","19085086","19085388","KQ053421v1","5610673","5610968","72","13474413"
"JH378108","19096713","19097007","KQ053421v1","5610673","5610968","69","13486040"
"JH378108","19243095","19243403","KQ055352v1","6003171","6003466","68","13239924"
"JH378108","19287000","19287302","KQ053421v1","5610673","5610968","70","13676327"
"JH378108","19302277","19302530","KQ058242v1","595939","596205","82","18706338"
"JH378108","19373115","19373412","KQ053421v1","5610673","5610968","70","13762442"
"JH378108","19426016","19426306","KQ053421v1","5610673","5610968","79","13815343"
"JH378108","19463375","19463678","KQ053421v1","5610673","5610968","64","13852702"
"JH378108","19508527","19508812","KQ053421v1","5610673","5610968","76","13897854"
"JH378108","19712264","19712555","KQ053421v1","5610673","5610968","79","14101591"
"JH378108","19734987","19735267","KQ053421v1","5610673","5610968","87","14124314"
"JH378108","19755227","19755514","KQ053421v1","5610673","5610968","87","14144554"
"JH378108","19773511","19773808","KQ053421v1","5610673","5610968","72","14162838"
"JH378108","19775710","19776015","KQ053421v1","5610673","5610968","72","14165037"
"JH378108","19791295","19791605","KQ056321v1","575951","576190","156","19215344"
"JH378108","19863505","19863585","KQ056235v1","1266284","1266361","22","18597221"
"JH378108","19877151","19877442","KQ053421v1","5610673","5610968","83","14266478"
"JH378108","19964497","19964807","KQ055352v1","6003171","6003466","72","13961326"
"JH378108","19989874","19990181","KQ055352v1","6003171","6003466","71","13986703"
"JH378108","20053580","20053880","KQ053421v1","5610673","5610968","69","14442907"
"JH378108","20200823","20201126","KQ053421v1","5610673","5610968","73","14590150"
"JH378108","20216157","20216474","KQ053421v1","5610673","5610968","78","14605484"
"JH378108","20222716","20223020","KQ055352v1","6003171","6003466","69","14219545"
"JH378108","20234642","20234938","KQ053421v1","5610673","5610968","69","14623969"
"JH378108","20341503","20341801","KQ053421v1","5610673","5610968","71","14730830"
"JH378108","20437506","20437825","KQ053421v1","5610673","5610968","95","14826833"
"JH378108","20485912","20486191","KQ058427v1","6786866","6787134","85","13699046"
"JH378108","20516686","20516990","KQ053421v1","5610673","5610968","77","14906013"
"JH378108","20589451","20589761","KQ053421v1","5610673","5610968","69","14978778"
"JH378108","20664941","20665245","KQ053421v1","5610673","5610968","86","15054268"
"JH378108","20675346","20675625","KQ054815v1","2215557","2215844","72","18459789"
"JH378108","20725295","20725583","KQ053421v1","5610673","5610968","78","15114622"
"JH378108","20868239","20868522","KQ058242v1","595939","596205","82","20272300"
"JH378108","21051263","21051502","KQ055717v1","1610777","1611031","89","19440486"
"JH378108","21153415","21153718","KQ053421v1","5610673","5610968","74","15542742"
"JH378108","21391766","21392034","KQ055862v1","1305285","1305561","83","20086481"
"JH378108","21497735","21498040","KQ055352v1","6003171","6003466","66","15494564"
"JH378108","21526467","21526765","KQ053421v1","5610673","5610968","68","15915794"
"JH378108","21666061","21666362","KQ053421v1","5610673","5610968","69","16055388"
"JH378108","21885312","21885613","KQ053421v1","5610673","5610968","65","16274639"
"JH378108","22063950","22064252","KQ058427v1","7786546","7786853","79","14277404"
"JH378108","22158418","22158711","KQ053421v1","5610673","5610968","74","16547745"
"JH378108","22159518","22159814","KQ053421v1","5610673","5610968","73","16548845"
"JH378108","22196530","22196828","KQ053421v1","5610673","5610968","69","16585857"
"JH378108","22296103","22296400","KQ053421v1","5610673","5610968","69","16685430"
"JH378108","22319695","22319972","KQ058242v1","595939","596205","73","21723756"
"JH378108","22325328","22325630","KQ053421v1","5610673","5610968","76","16714655"
"JH378108","22365311","22365587","KQ058242v1","595939","596205","112","21769372"
"JH378108","22388188","22388487","KQ053421v1","5610673","5610968","71","16777515"
"JH378108","22390466","22390777","KQ055352v1","6003171","6003466","76","16387295"
"JH378108","22414464","22414765","KQ053421v1","5610673","5610968","65","16803791"
"JH378108","22420655","22420938","KQ053421v1","5610673","5610968","80","16809982"
"JH378108","22421234","22421520","KQ053421v1","5610673","5610968","75","16810561"
"JH378108","22457588","22457894","KQ055352v1","6003171","6003466","72","16454417"
"JH378108","22468554","22468854","KQ053421v1","5610673","5610968","73","16857881"
"JH378108","22540720","22540979","KQ058339v1","4553625","4553889","78","17987095"
"JH378108","22554852","22555146","KQ055267v1","513773","514088","95","22041079"
"JH378108","22573963","22574269","KQ053421v1","5610673","5610968","79","16963290"
"JH378108","22692181","22692433","KQ058242v1","595939","596205","76","22096242"
"JH378108","22704038","22704318","KQ053421v1","5610673","5610968","88","17093365"
"JH378108","22747948","22748311","KQ053059v1","2548766","2549102","135","20199182"
"JH378108","22846379","22846690","KQ055352v1","6003171","6003466","77","16843208"
"JH378108","22899621","22899914","KQ053421v1","5610673","5610968","69","17288948"
"JH378108","22901645","22901941","KQ053421v1","5610673","5610968","73","17290972"
"JH378108","22903701","22904000","KQ053421v1","5610673","5610968","83","17293028"
"JH378108","22917369","22917662","KQ053421v1","5610673","5610968","81","17306696"
"JH378108","22951054","22951348","KQ055862v1","1305285","1305561","92","21645769"
"JH378108","22957101","22957412","KQ055352v1","6003171","6003466","70","16953930"
"JH378108","22989925","22990124","KQ058274v1","300327","300497","63","22689598"
"JH378108","23041028","23041315","KQ057186v1","783828","784085","90","22257200"
"JH378108","23046392","23046691","KQ053421v1","5610673","5610968","73","17435719"
"JH378108","23114013","23114261","KQ055862v1","1305285","1305561","80","21808728"
"JH378108","23288091","23288326","KQ058242v1","595939","596205","86","22692152"
"JH378108","23294750","23294980","KQ058505v1","2207051","2207301","94","21087699"
"JH378108","23359398","23359704","KQ053421v1","5610673","5610968","67","17748725"
"JH378108","23388724","23388862","KQ053398v1","2623748","2623879","34","20764976"
"JH378108","23389520","23389818","KQ053421v1","5610673","5610968","75","17778847"
"JH378108","23393865","23394166","KQ055267v1","513773","514088","76","22880092"
"JH378108","23421737","23421996","KQ058242v1","595939","596205","74","22825798"
"JH378108","23431810","23432136","KQ058427v1","7786546","7786853","83","15645264"
"JH378108","23514774","23514961","KQ058594v1","5950443","5950621","57","17564331"
"JH378108","23517156","23517371","ABDC02053644v1","2226","2419","80","23514930"
"JH378108","23555577","23555878","KQ053421v1","5610673","5610968","75","17944904"
"JH378108","23589489","23589783","KQ053421v1","5610673","5610968","79","17978816"
"JH378108","23598489","23598776","KQ053421v1","5610673","5610968","71","17987816"
"JH378108","23626405","23626486","KQ056235v1","1266284","1266361","18","22360121"
"JH378108","23672231","23672535","KQ053421v1","5610673","5610968","69","18061558"
"JH378108","23682124","23682273","KQ053398v1","2623748","2623879","44","21058376"
"JH378108","23683125","23683245","KQ056493v1","2043382","2043488","52","21639743"
"JH378108","23742219","23742523","KQ055352v1","6003171","6003466","74","17739048"
"JH378108","23745299","23745600","KQ053421v1","5610673","5610968","68","18134626"
"JH378108","23749780","23749953","KQ053993v1","1251070","1251235","46","22498710"
"JH378108","23786063","23786352","KQ058339v1","4553625","4553889","82","19232438"
"JH378108","23796620","23796840","KQ052982v1","2032903","2033097","62","21763717"
"JH378108","23807881","23808193","KQ058427v1","7786546","7786853","80","16021335"
"JH378108","23811505","23811762","KQ058509v1","24058","24271","83","23787447"
"JH378108","23824705","23824995","KQ053421v1","5610673","5610968","71","18214032"
"JH378108","23831914","23832214","KQ053421v1","5610673","5610968","70","18221241"
"JH378108","23849155","23849460","KQ053421v1","5610673","5610968","79","18238482"
"JH378108","23889234","23889442","KQ058594v1","1033101","1033292","61","22856133"
"JH378108","23906180","23906487","KQ055267v1","513773","514088","77","23392407"
"JH378108","23907193","23907490","KQ053421v1","5610673","5610968","80","18296520"
"JH378108","23929951","23930102","KQ057161v1","453350","453459","60","23476601"
"JH378108","23949568","23949796","KQ053234v1","1414405","1414609","77","22535163"
"JH378108","23967506","23967802","KQ053421v1","5610673","5610968","74","18356833"
"JH378108","24016126","24016422","KQ053421v1","5610673","5610968","73","18405453"
"JH378108","24040509","24040816","KQ055352v1","6003171","6003466","70","18037338"
"JH378108","24041000","24041297","KQ053421v1","5610673","5610968","68","18430327"
"JH378108","24079337","24079609","KQ053421v1","5610673","5610968","91","18468664"
"JH378108","24203465","24203687","KQ058509v1","24058","24271","77","24179407"
"JH378108","24303163","24303470","KQ053421v1","5610673","5610968","83","18692490"
"JH378108","24312020","24312322","KQ053421v1","5610673","5610968","71","18701347"
"JH378108","24492800","24493131","KQ053059v1","2548766","2549102","87","21944034"
"JH378108","24525917","24526231","KQ053421v1","5610673","5610968","80","18915244"
"JH378108","24552993","24553270","KQ058242v1","595939","596205","80","23957054"
"JH378108","24566179","24566482","KQ053421v1","5610673","5610968","71","18955506"
"JH378108","24585445","24585732","KQ053421v1","5610673","5610968","86","18974772"
"JH378108","24652560","24652866","KQ053421v1","5610673","5610968","85","19041887"
"JH378108","24702093","24702281","KQ058509v1","24058","24271","65","24678035"
"JH378108","24745931","24746235","KQ055352v1","6003171","6003466","77","18742760"
"JH378108","24800722","24801048","KQ055267v1","513773","514088","90","24286949"
"JH378108","24803765","24804060","KQ053421v1","5610673","5610968","75","19193092"
"JH378108","24865844","24866156","KQ053421v1","5610673","5610968","80","19255171"
"JH378108","25526210","25526506","KQ053421v1","5610673","5610968","72","19915537"
"JH378108","25737402","25737692","KQ053421v1","5610673","5610968","72","20126729"
"JH378108","25816322","25816609","KQ058242v1","595939","596205","82","25220383"
"JH378108","25980415","25980729","KQ058427v1","7786546","7786853","84","18193869"
"JH378108","26066080","26066344","KQ058242v1","595939","596205","77","25470141"
"JH378108","26128966","26129275","KQ055352v1","6003171","6003466","67","20125795"
"JH378108","26134773","26135083","KQ053421v1","5610673","5610968","88","20524100"
"JH378108","26141079","26141388","KQ055352v1","6003171","6003466","75","20137908"
"JH378108","26273986","26274228","KQ058242v1","595939","596205","75","25678047"
"JH378108","26316227","26316537","KQ055352v1","6003171","6003466","70","20313056"
"JH378108","26353404","26353709","KQ053421v1","5610673","5610968","76","20742731"
"JH378108","26432020","26432316","KQ053421v1","5610673","5610968","75","20821347"
"JH378108","26492663","26492960","KQ053421v1","5610673","5610968","67","20881990"
"JH378108","26900697","26901005","KQ053421v1","5610673","5610968","82","21290024"
"JH378108","26922255","26922550","KQ053421v1","5610673","5610968","77","21311582"
"JH378108","26972803","26973107","KQ055267v1","513773","514088","67","26459030"
"JH378108","27067380","27067685","KQ055267v1","513773","514088","71","26553607"
"JH378108","27095299","27095594","KQ053421v1","5610673","5610968","66","21484626"
"JH378108","27261914","27262227","KQ053421v1","5610673","5610968","71","21651241"
"JH378108","27568688","27569002","KQ055267v1","513773","514088","89","27054915"
"JH378108","27625226","27625533","KQ055352v1","6003171","6003466","80","21622055"
"JH378108","27796943","27797237","KQ058427v1","7786546","7786853","81","20010397"
"JH378108","27973861","27974158","KQ053421v1","5610673","5610968","79","22363188"
"JH378108","27999578","27999887","KQ055352v1","6003171","6003466","71","21996407"
"JH378108","28127537","28127831","KQ053421v1","5610673","5610968","67","22516864"
"JH378108","28131303","28131455","KQ053398v1","2623748","2623879","53","25507555"
"JH378108","28131574","28131700","KQ058316v1","6194306","6194449","52","21937268"
"JH378108","28278365","28278658","KQ053421v1","5610673","5610968","76","22667692"
"JH378108","28463949","28464259","KQ055267v1","513773","514088","73","27950176"
"JH378108","28526963","28527233","KQ058242v1","595939","596205","96","27931024"
"JH378108","28555209","28555497","KQ053421v1","5610673","5610968","75","22944536"
"JH378108","28787068","28787350","KQ053421v1","5610673","5610968","74","23176395"
"JH378108","28825970","28826271","KQ053421v1","5610673","5610968","86","23215297"
"JH378108","28938160","28938464","KQ053421v1","5610673","5610968","73","23327487"
"JH378108","28946540","28946835","KQ053421v1","5610673","5610968","85","23335867"
"JH378108","28965285","28965586","KQ053421v1","5610673","5610968","73","23354612"
"JH378108","28981118","28981426","KQ055352v1","6003171","6003466","72","22977947"
"JH378108","29001686","29001995","KQ055267v1","513773","514088","74","28487913"
"JH378108","29009091","29009377","KQ053421v1","5610673","5610968","87","23398418"
"JH378108","29030206","29030392","KQ058274v1","300327","300497","56","28729879"
"JH378108","29042676","29042935","KQ058339v1","4553625","4553889","96","24489051"
"JH378108","29055679","29055959","KQ053421v1","5610673","5610968","93","23445006"
"JH378108","29152497","29152805","KQ053421v1","5610673","5610968","87","23541824"
"JH378108","29390779","29391099","KQ055267v1","513773","514088","78","28877006"
"JH378108","29400252","29400548","KQ055267v1","513773","514088","79","28886479"
"JH378108","29459142","29459236","KQ058316v1","2225622","2225719","30","27233520"
"JH378108","29610008","29610319","KQ058427v1","7786546","7786853","83","21823462"
"JH378108","29623107","29623412","KQ053421v1","5610673","5610968","78","24012434"
"JH378108","29640422","29640734","KQ055267v1","513773","514088","72","29126649"
"JH378108","29695987","29696110","KQ057449v1","1214348","1214489","38","28481639"
"JH378108","29696145","29696285","KQ053398v1","2623748","2623879","39","27072397"
"JH378108","29720100","29720417","KQ053421v1","5610673","5610968","78","24109427"
"JH378108","29728370","29728611","KQ058505v1","2207051","2207301","82","27521319"
"JH378108","29811382","29811677","KQ053421v1","5610673","5610968","72","24200709"
"JH378108","29868795","29869097","KQ053421v1","5610673","5610968","69","24258122"
"JH378108","29903972","29904281","KQ055352v1","6003171","6003466","73","23900801"
"JH378108","30344948","30345238","KQ053421v1","5610673","5610968","70","24734275"
"JH378108","30377368","30377656","KQ053421v1","5610673","5610968","85","24766695"
"JH378108","30420062","30420356","KQ053421v1","5610673","5610968","69","24809389"
"JH378108","30619083","30619215","KQ057161v1","453350","453459","41","30165733"
"JH378108","30632949","30633242","KQ053421v1","5610673","5610968","80","25022276"
"JH378108","30687614","30687910","KQ053421v1","5610673","5610968","82","25076941"
"JH378108","30773377","30773676","KQ053421v1","5610673","5610968","81","25162704"
"JH378108","30779938","30780166","KQ052982v1","2032903","2033097","69","28747035"
"JH378108","30819720","30819991","KQ055830v1","661716","661986","93","30158004"
"JH378108","30880254","30880553","KQ058394v1","9655127","9655422","104","21225127"
"JH378108","30897098","30897396","KQ053421v1","5610673","5610968","77","25286425"
"JH378108","30929425","30929592","KQ057449v1","1214348","1214489","59","29715077"
"JH378108","31068889","31069058","KQ054510v1","7582269","7582431","43","23486620"
"JH378108","31070282","31070581","KQ053421v1","5610673","5610968","77","25459609"
"JH378108","31118057","31118350","KQ053421v1","5610673","5610968","81","25507384"
"JH378108","31160558","31160841","KQ053421v1","5610673","5610968","86","25549885"
"JH378108","31175538","31175832","KQ053421v1","5610673","5610968","75","25564865"
"JH378108","31208030","31208329","KQ053421v1","5610673","5610968","76","25597357"
"JH378108","31414420","31414647","KQ053234v1","1414405","1414609","76","30000015"
"JH378108","31490675","31490977","KQ058427v1","7786546","7786853","73","23704129"
"JH378108","31646344","31646628","KQ053421v1","5610673","5610968","79","26035671"
"JH378108","31662500","31662780","KQ058242v1","595939","596205","81","31066561"
"JH378108","31704677","31704972","KQ053421v1","5610673","5610968","79","26094004"
"JH378108","31728827","31729132","KQ053421v1","5610673","5610968","80","26118154"
"JH378108","31733653","31733952","KQ053421v1","5610673","5610968","75","26122980"
"JH378108","31745296","31745559","KQ058505v1","2207051","2207301","87","29538245"
"JH378108","32286920","32287087","KQ053993v1","1251070","1251235","42","31035850"
"JH378108","32327026","32327321","KQ053421v1","5610673","5610968","76","26716353"
"JH378108","32486038","32486324","KQ053421v1","5610673","5610968","79","26875365"
"JH378108","32506987","32507288","KQ053421v1","5610673","5610968","69","26896314"
"JH378108","32548995","32549153","KQ058350v1","9514178","9514352","41","23034817"
"JH378108","32644376","32644668","KQ053421v1","5610673","5610968","74","27033703"
"JH378108","32665168","32665440","KQ053421v1","5610673","5610968","98","27054495"
"JH378108","32668860","32669151","KQ055352v1","6003171","6003466","93","26665689"
"JH378108","32679028","32679247","KQ053234v1","1414405","1414609","65","31264623"
"JH378108","32711349","32711622","KQ058427v1","6786866","6787134","79","25924483"
"JH378108","32744081","32744373","KQ053421v1","5610673","5610968","72","27133408"
"JH378108","32744564","32744867","KQ055267v1","513773","514088","80","32230791"
"JH378108","32754490","32754803","KQ055267v1","513773","514088","84","32240717"
"JH378108","32777217","32777502","KQ053421v1","5610673","5610968","82","27166544"
"JH378108","32897481","32897659","KQ053531v1","6571","6737","55","32890910"
"JH378108","33022771","33023055","KQ053421v1","5610673","5610968","74","27412098"
"JH378108","33054051","33054357","KQ053421v1","5610673","5610968","73","27443378"
"JH378108","33080739","33081035","KQ053421v1","5610673","5610968","68","27470066"
"JH378108","33086909","33087124","KQ058274v1","300327","300497","81","32786582"
"JH378108","33117219","33117526","KQ058427v1","7786546","7786853","75","25330673"
"JH378108","33122565","33122939","KQ053059v1","2548766","2549102","125","30573799"
"JH378108","33127673","33127961","KQ053421v1","5610673","5610968","81","27517000"
"JH378108","33167708","33168015","KQ053421v1","5610673","5610968","79","27557035"
"JH378108","33181480","33181684","KQ055662v1","1890465","1890674","65","31291015"
"JH378108","33203109","33203189","KQ056235v1","1266284","1266361","22","31936825"
"JH378108","33203651","33203823","KQ054954v1","1680710","1680882","45","31522941"
"JH378108","33244741","33245048","KQ055352v1","6003171","6003466","71","27241570"
"JH378108","33283231","33283564","KQ055267v1","513773","514088","93","32769458"
"JH378108","33340139","33340444","KQ053421v1","5610673","5610968","67","27729466"
"JH378108","33352361","33352669","KQ053421v1","5610673","5610968","83","27741688"
"JH378108","33360083","33360293","KQ056064v1","326763","326940","72","33033320"
"JH378108","33366963","33367266","KQ053421v1","5610673","5610968","71","27756290"
"JH378108","33382053","33382333","KQ053421v1","5610673","5610968","79","27771380"
"JH378108","33401375","33401679","KQ053421v1","5610673","5610968","70","27790702"
"JH378108","33411584","33411962","KQ053135v1","5034940","5035266","135","28376644"
"JH378108","33429259","33429564","KQ055267v1","513773","514088","74","32915486"
"JH378108","33468151","33468455","KQ055267v1","513773","514088","83","32954378"
"JH378108","33487542","33487842","KQ055862v1","1305285","1305561","86","32182257"
"JH378108","33488211","33488508","KQ058394v1","9655127","9655422","86","23833084"
"JH378108","33491561","33491860","KQ053421v1","5610673","5610968","79","27880888"
"JH378108","33520224","33520355","KQ053398v1","2623748","2623879","33","30896476"
"JH378108","33520502","33520811","KQ053421v1","5610673","5610968","82","27909829"
"JH378108","33523681","33523893","KQ055662v1","1890465","1890674","63","31633216"
"JH378108","33530490","33530806","KQ053421v1","5610673","5610968","91","27919817"
"JH378108","33562529","33562825","KQ053421v1","5610673","5610968","75","27951856"
"JH378108","33590055","33590366","KQ058427v1","7786546","7786853","74","25803509"
"JH378108","33623895","33624202","KQ053421v1","5610673","5610968","76","28013222"
"JH378108","33690447","33690736","KQ053421v1","5610673","5610968","83","28079774"
"JH378108","33744639","33744941","KQ053421v1","5610673","5610968","71","28133966"
"JH378108","33780108","33780403","KQ053421v1","5610673","5610968","75","28169435"
"JH378108","33808952","33809171","KQ053234v1","1414405","1414609","68","32394547"
"JH378108","33823360","33823659","KQ053421v1","5610673","5610968","64","28212687"
"JH378108","33848528","33848820","KQ053421v1","5610673","5610968","71","28237855"
"JH378108","33875513","33875816","KQ053421v1","5610673","5610968","68","28264840"
"JH378108","33920723","33920915","KQ056147v1","2861940","2862121","52","31058783"
"JH378108","33924113","33924415","KQ055352v1","6003171","6003466","74","27920942"
"JH378108","33924978","33925270","KQ053421v1","5610673","5610968","67","28314305"
"JH378108","33929429","33929718","KQ053421v1","5610673","5610968","74","28318756"
"JH378108","34026105","34026402","KQ053421v1","5610673","5610968","76","28415432"
"JH378108","34060386","34060665","KQ053785v1","888769","889063","76","33171617"
"JH378108","34070412","34070733","KQ053421v1","5610673","5610968","92","28459739"
"JH378108","34073796","34074093","KQ053421v1","5610673","5610968","78","28463123"
"JH378108","34077583","34077877","KQ053421v1","5610673","5610968","71","28466910"
"JH378108","34090824","34090960","KQ057161v1","453350","453459","51","33637474"
"JH378108","34113705","34113989","KQ053421v1","5610673","5610968","72","28503032"
"JH378108","34114421","34114576","KQ054510v1","7582269","7582431","39","26532152"
"JH378108","34133937","34134236","KQ053421v1","5610673","5610968","70","28523264"
"JH378108","34141226","34141491","KQ055862v1","1305285","1305561","81","32835941"
"JH378108","34159209","34159496","KQ053421v1","5610673","5610968","84","28548536"
"JH378108","34181085","34181364","KQ053421v1","5610673","5610968","90","28570412"
"JH378108","34313244","34313529","KQ053421v1","5610673","5610968","88","28702571"
"JH378108","34421199","34421484","KQ058427v1","6786866","6787134","83","27634333"
"JH378108","34470742","34471029","KQ053421v1","5610673","5610968","89","28860069"
"JH378108","34495734","34496046","KQ055267v1","513773","514088","83","33981961"
"JH378108","34527130","34527416","KQ055862v1","1305285","1305561","82","33221845"
"JH378108","34562162","34562463","KQ053421v1","5610673","5610968","67","28951489"
"JH378108","34630266","34630576","KQ053421v1","5610673","5610968","78","29019593"
"JH378108","34656223","34656454","KQ056321v1","575951","576190","80","34080272"
"JH378108","34691945","34692236","KQ053421v1","5610673","5610968","82","29081272"
"JH378108","34709030","34709270","KQ058505v1","2207051","2207301","79","32501979"
"JH378108","34727595","34727902","KQ055267v1","513773","514088","83","34213822"
"JH378108","34731082","34731373","KQ053785v1","888769","889063","88","33842313"
"JH378108","34751344","34751652","KQ055352v1","6003171","6003466","87","28748173"
"JH378108","34775487","34775785","KQ053421v1","5610673","5610968","68","29164814"
"JH378108","34789050","34789337","KQ055352v1","6003171","6003466","88","28785879"
"JH378108","34795886","34796171","KQ053421v1","5610673","5610968","70","29185213"
"JH378108","34862489","34862778","KQ053421v1","5610673","5610968","80","29251816"
"JH378108","34904489","34904741","KQ058505v1","2207051","2207301","96","32697438"
"JH378108","34921675","34921914","KQ058242v1","595939","596205","85","34325736"
"JH378108","34929983","34930285","KQ055267v1","513773","514088","80","34416210"
"JH378108","34948964","34949268","KQ053421v1","5610673","5610968","74","29338291"
"JH378108","34952795","34953098","KQ053421v1","5610673","5610968","77","29342122"
"JH378108","34968203","34968475","KQ057186v1","783828","784085","75","34184375"
"JH378108","34988176","34988484","KQ055267v1","513773","514088","71","34474403"
"JH378108","35001599","35001905","KQ053421v1","5610673","5610968","93","29390926"
"JH378108","35003198","35003482","KQ053421v1","5610673","5610968","74","29392525"
"JH378108","35005468","35005773","KQ058427v1","7786546","7786853","76","27218922"
"JH378108","35020229","35020538","KQ055352v1","6003171","6003466","68","29017058"
"JH378108","35033054","35033363","KQ053421v1","5610673","5610968","72","29422381"
"JH378108","35035088","35035386","KQ055267v1","513773","514088","76","34521315"
"JH378108","35045417","35045726","KQ055352v1","6003171","6003466","69","29042246"
"JH378108","35061162","35061450","KQ053421v1","5610673","5610968","81","29450489"
"JH378108","35095737","35096040","KQ053421v1","5610673","5610968","70","29485064"
"JH378108","35253228","35253533","KQ055267v1","513773","514088","72","34739455"
"JH378108","35267428","35267727","KQ053421v1","5610673","5610968","64","29656755"
"JH378108","35567238","35567540","KQ053421v1","5610673","5610968","76","29956565"
"JH378108","35612783","35613060","KQ058242v1","595939","596205","75","35016844"
"JH378108","35650346","35650613","KQ055830v1","661716","661986","95","34988630"
"JH378108","35783256","35783552","KQ053421v1","5610673","5610968","72","30172583"
"JH378108","35864286","35864597","KQ055352v1","6003171","6003466","74","29861115"
"JH378108","35875012","35875318","KQ055267v1","513773","514088","86","35361239"
"JH378108","35929985","35930281","KQ053421v1","5610673","5610968","73","30319312"
"JH378108","36040650","36040956","KQ053421v1","5610673","5610968","79","30429977"
"JH378108","36183080","36183385","KQ053421v1","5610673","5610968","72","30572407"
"JH378108","36190769","36191058","KQ053421v1","5610673","5610968","72","30580096"
"JH378108","36205617","36205924","KQ055267v1","513773","514088","73","35691844"
"JH378108","36433978","36434287","KQ055267v1","513773","514088","68","35920205"
"JH378108","36447448","36447731","KQ058640v1","643463","643729","93","35803985"
"JH378108","36717358","36717669","KQ055352v1","6003171","6003466","70","30714187"
"JH378108","36982058","36982356","KQ058427v1","7786546","7786853","84","29195512"
"JH378108","36983942","36984215","KQ053785v1","888769","889063","85","36095173"
"JH378108","37040503","37040786","KQ053421v1","5610673","5610968","74","31429830"
"JH378108","37183271","37183565","KQ053421v1","5610673","5610968","84","31572598"
"JH378108","37390449","37390749","KQ053421v1","5610673","5610968","68","31779776"
"JH378108","37484326","37484625","KQ053421v1","5610673","5610968","70","31873653"
"JH378108","37731551","37731724","KQ053093v1","1668172","1668343","40","36063379"
"JH378108","37796672","37796983","KQ058427v1","7786546","7786853","77","30010126"
"JH378108","38013294","38013498","KQ056064v1","326763","326940","66","37686531"
"JH378108","38055248","38055368","KQ053398v1","2623748","2623879","36","35431500"
"JH378108","38108870","38109178","KQ055267v1","513773","514088","81","37595097"
"JH378108","38133483","38133790","KQ058427v1","7786546","7786853","78","30346937"
"JH378108","38143012","38143308","KQ053421v1","5610673","5610968","79","32532339"
"JH378108","38148254","38148459","KQ055662v1","1890465","1890674","64","36257789"
"JH378108","38172041","38172349","KQ058427v1","7786546","7786853","78","30385495"
"JH378108","38177613","38177926","KQ053421v1","5610673","5610968","72","32566940"
"JH378108","38198367","38198677","KQ055267v1","513773","514088","76","37684594"
"JH378108","38200675","38200981","KQ053421v1","5610673","5610968","80","32590002"
"JH378108","38205377","38205676","KQ053421v1","5610673","5610968","68","32594704"
"JH378108","38280473","38280724","KQ058242v1","595939","596205","76","37684534"
"JH378108","38299655","38299952","KQ053421v1","5610673","5610968","80","32688982"
"JH378108","38348385","38348656","KQ055862v1","1305285","1305561","89","37043100"
"JH378108","38415244","38415406","KQ053093v1","1668172","1668343","37","36747072"
"JH378108","38441637","38441941","KQ055352v1","6003171","6003466","65","32438466"
"JH378108","38443564","38443869","KQ055352v1","6003171","6003466","74","32440393"
"JH378108","38649401","38649700","KQ053421v1","5610673","5610968","74","33038728"
"JH378108","38798708","38798987","KQ058242v1","595939","596205","79","38202769"
"JH378108","38823366","38823679","KQ055352v1","6003171","6003466","75","32820195"
"JH378108","38851509","38851818","KQ058427v1","7786546","7786853","79","31064963"
"JH378108","38864132","38864432","KQ053421v1","5610673","5610968","73","33253459"
"JH378108","39014536","39014829","KQ053421v1","5610673","5610968","80","33403863"
"JH378108","39016295","39016572","KQ053421v1","5610673","5610968","92","33405622"
"JH378108","39181991","39182300","KQ055267v1","513773","514088","76","38668218"
"JH378108","39204360","39204653","KQ053421v1","5610673","5610968","82","33593687"
"JH378108","39214449","39214774","KQ058427v1","7786546","7786853","90","31427903"
"JH378108","39220711","39221011","KQ053421v1","5610673","5610968","73","33610038"
"JH378108","39226748","39227058","KQ055267v1","513773","514088","78","38712975"
"JH378108","39289950","39290249","KQ053421v1","5610673","5610968","81","33679277"
"JH378108","39434032","39434324","KQ053421v1","5610673","5610968","72","33823359"
"JH378108","39485462","39485747","KQ053421v1","5610673","5610968","89","33874789"
"JH378108","39590598","39590895","KQ053421v1","5610673","5610968","79","33979925"
"JH378108","39621336","39621628","KQ053421v1","5610673","5610968","72","34010663"
"JH378108","39622983","39623285","KQ053421v1","5610673","5610968","70","34012310"
"JH378108","39626403","39626701","KQ053421v1","5610673","5610968","81","34015730"
"JH378108","39642398","39642663","KQ057901v1","868884","869144","84","38773514"
"JH378108","39663604","39663725","KQ056911v1","1421731","1421862","28","38241873"
"JH378108","39698155","39698453","KQ053421v1","5610673","5610968","77","34087482"
"JH378108","39703088","39703384","KQ053421v1","5610673","5610968","70","34092415"
"JH378108","39707986","39708103","KQ057781v1","1047045","1047171","41","38660941"
"JH378108","39783816","39784133","KQ058427v1","7786546","7786853","74","31997270"
"JH378108","39799930","39800217","KQ053421v1","5610673","5610968","85","34189257"
"JH378108","39824689","39824994","KQ053421v1","5610673","5610968","83","34214016"
"JH378108","39826843","39827129","KQ058427v1","7786546","7786853","81","32040297"
"JH378108","39854834","39855131","KQ053421v1","5610673","5610968","72","34244161"
"JH378108","39872456","39872746","KQ053421v1","5610673","5610968","83","34261783"
"JH378108","39936106","39936408","KQ053421v1","5610673","5610968","82","34325433"
"JH378108","39940963","39941259","KQ058427v1","7786546","7786853","97","32154417"
"JH378108","39988548","39988824","KQ057186v1","783828","784085","79","39204720"
"JH378108","40017189","40017479","KQ053421v1","5610673","5610968","76","34406516"
"JH378108","40054883","40055187","KQ055352v1","6003171","6003466","72","34051712"
"JH378108","40298885","40299183","KQ053421v1","5610673","5610968","69","34688212"
"JH378108","40317114","40317423","KQ053421v1","5610673","5610968","70","34706441"
"JH378108","40362395","40362677","KQ058427v1","7786546","7786853","98","32575849"
"JH378108","40421557","40421865","KQ055352v1","6003171","6003466","71","34418386"
"JH378108","40432337","40432633","KQ053421v1","5610673","5610968","87","34821664"
"JH378108","40460771","40461080","KQ055267v1","513773","514088","75","39946998"
"JH378108","40481950","40482240","KQ053421v1","5610673","5610968","74","34871277"
"JH378108","40508246","40508533","KQ053421v1","5610673","5610968","91","34897573"
"JH378108","40531214","40531506","KQ053421v1","5610673","5610968","94","34920541"
"JH378108","40696689","40696988","KQ053421v1","5610673","5610968","66","35086016"
"JH378108","40748196","40748466","KQ057186v1","783828","784085","86","39964368"
"JH378108","40790380","40790652","KQ053785v1","888769","889063","88","39901611"
"JH378108","40802184","40802493","KQ058427v1","7786546","7786853","86","33015638"
"JH378108","40908777","40909086","KQ055352v1","6003171","6003466","71","34905606"
"JH378108","40913757","40914062","KQ053421v1","5610673","5610968","85","35303084"
"JH378108","40920890","40921014","KQ053398v1","2623748","2623879","40","38297142"
"JH378108","40955421","40955707","KQ055267v1","513773","514088","103","40441648"
"JH378108","40998633","40998944","KQ055267v1","513773","514088","80","40484860"
"JH378108","41119132","41119416","KQ053421v1","5610673","5610968","80","35508459"
"JH378108","41138417","41138717","KQ053421v1","5610673","5610968","71","35527744"
"JH378108","41197259","41197546","KQ053421v1","5610673","5610968","78","35586586"
"JH378108","41228232","41228538","KQ053421v1","5610673","5610968","69","35617559"
"JH378108","41236903","41237206","KQ053421v1","5610673","5610968","68","35626230"
"JH378108","41312565","41312875","KQ055267v1","513773","514088","75","40798792"
"JH378108","41343641","41343948","KQ055352v1","6003171","6003466","71","35340470"
"JH378108","41350635","41350933","KQ053421v1","5610673","5610968","81","35739962"
"JH378108","41355168","41355477","KQ058427v1","7786546","7786853","82","33568622"
"JH378108","41373462","41373760","KQ053421v1","5610673","5610968","71","35762789"
"JH378108","41375995","41376287","KQ053421v1","5610673","5610968","77","35765322"
"JH378108","41438283","41438431","KQ053398v1","2627781","2627909","55","38810502"
"JH378108","41441248","41441555","KQ055267v1","513773","514088","78","40927475"
"JH378108","41451548","41451842","KQ053421v1","5610673","5610968","72","35840875"
"JH378108","41452140","41452447","KQ055267v1","513773","514088","72","40938367"
"JH378108","41543975","41544339","KQ053135v1","5034940","5035266","131","36509035"
"JH378108","41588419","41588723","KQ053421v1","5610673","5610968","72","35977746"
"JH378108","41632288","41632576","KQ055352v1","6003171","6003466","69","35629117"
"JH378108","41634593","41634901","KQ053421v1","5610673","5610968","78","36023920"
"JH378108","41653611","41653916","KQ055267v1","513773","514088","78","41139838"
"JH378108","41938572","41938696","KQ052968v1","13665640","13665790","51","28272932"
"JH378108","41938797","41938964","KQ053398v1","2623748","2623879","62","39315049"
"JH378108","41994446","41994708","KQ058242v1","595939","596205","71","41398507"
"JH378108","42034810","42035119","KQ053421v1","5610673","5610968","89","36424137"
"JH378108","42162888","42162989","KQ056279v1","759081","759162","34","41403807"
"JH378108","42197343","42197614","KQ058242v1","595939","596205","87","41601404"
"JH378108","42262704","42262999","KQ055352v1","6003171","6003466","78","36259533"
"JH378108","42275891","42276207","KQ055267v1","513773","514088","82","41762118"
"JH378108","42285800","42286102","KQ053421v1","5610673","5610968","74","36675127"
"JH378108","42303523","42303821","KQ053421v1","5610673","5610968","83","36692850"
"JH378108","42304606","42304926","KQ058427v1","7786546","7786853","85","34518060"
"JH378108","42310828","42311045","KQ052982v1","2032903","2033097","60","40277925"
"JH378108","42367407","42367720","KQ055267v1","513773","514088","92","41853634"
"JH378108","42402558","42402857","KQ058427v1","7786546","7786853","87","34616012"
"JH378108","42418510","42418822","KQ055267v1","513773","514088","79","41904737"
"JH378108","42420302","42420606","KQ055267v1","513773","514088","76","41906529"
"JH378108","42507231","42507529","KQ053421v1","5610673","5610968","70","36896558"
"JH378108","42533583","42533873","KQ053421v1","5610673","5610968","73","36922910"
"JH378108","42611103","42611398","KQ053421v1","5610673","5610968","73","37000430"
"JH378108","42684286","42684587","KQ053421v1","5610673","5610968","74","37073613"
"JH378108","42689725","42689947","KQ053234v1","1414405","1414609","62","41275320"
"JH378108","42693766","42694047","KQ053421v1","5610673","5610968","84","37083093"
"JH378108","42704838","42705137","KQ053421v1","5610673","5610968","72","37094165"
"JH378108","42705141","42705439","KQ053421v1","5610673","5610968","85","37094468"
"JH378108","42726312","42726618","KQ053421v1","5610673","5610968","81","37115639"
"JH378108","42753836","42753979","KQ054401v1","3363241","3363379","39","39390595"
"JH378108","42775550","42775836","KQ053421v1","5610673","5610968","71","37164877"
"JH378108","42780097","42780388","KQ053421v1","5610673","5610968","75","37169424"
"JH378108","42821408","42821729","KQ053421v1","5610673","5610968","106","37210735"
"JH378108","43038070","43038190","KQ053398v1","2623748","2623879","41","40414322"
"JH378108","43266811","43267103","KQ053421v1","5610673","5610968","72","37656138"
"JH378108","43503886","43504186","KQ053421v1","5610673","5610968","96","37893213"
"JH378108","43538397","43538684","KQ053421v1","5610673","5610968","88","37927724"
"JH378108","43765583","43765891","KQ055267v1","513773","514088","71","43251810"
"JH378108","43834420","43834753","KQ055267v1","513773","514088","92","43320647"
"JH378108","43863788","43864083","KQ058394v1","9655127","9655422","83","34208661"
"JH378108","43959338","43959598","KQ058339v1","4553625","4553889","96","39405713"
"JH378108","44017875","44018174","KQ053421v1","5610673","5610968","70","38407202"
"JH378108","44116235","44116528","KQ053421v1","5610673","5610968","79","38505562"
"JH378108","44120957","44121270","KQ058427v1","7786546","7786853","84","36334411"
"JH378108","44212348","44212633","KQ053421v1","5610673","5610968","78","38601675"
"JH378108","44250927","44251233","KQ055862v1","1305285","1305561","83","42945642"
"JH378108","44324880","44325147","KQ053785v1","888769","889063","95","43436111"
"JH378108","44327247","44327557","KQ055352v1","6003171","6003466","88","38324076"
"JH378108","44436152","44436435","KQ055352v1","6003171","6003466","91","38432981"
"JH378108","44496619","44496931","KQ055267v1","513773","514088","76","43982846"
"JH378108","44497505","44497791","KQ053421v1","5610673","5610968","85","38886832"
"JH378108","44523447","44523740","KQ053421v1","5610673","5610968","81","38912774"
"JH378108","44537942","44538190","KQ057186v1","783828","784085","101","43754114"
"JH378108","44549670","44549853","KQ058274v1","300327","300497","53","44249343"
"JH378108","44554070","44554379","KQ055267v1","513773","514088","82","44040297"
"JH378108","44562219","44562521","KQ053421v1","5610673","5610968","86","38951546"
"JH378108","44583481","44583762","KQ055862v1","1305285","1305561","81","43278196"
"JH378108","44599931","44600248","KQ058427v1","7786546","7786853","84","36813385"
"JH378108","44618420","44618709","KQ053785v1","888769","889063","86","43729651"
"JH378108","44672047","44672335","KQ053421v1","5610673","5610968","79","39061374"
"JH378108","44674994","44675287","KQ053421v1","5610673","5610968","67","39064321"
"JH378108","44773729","44774040","KQ053421v1","5610673","5610968","70","39163056"
"JH378108","44814125","44814440","KQ055267v1","513773","514088","76","44300352"
"JH378108","44816360","44816671","KQ053421v1","5610673","5610968","73","39205687"
"JH378108","44821000","44821291","KQ053421v1","5610673","5610968","76","39210327"
"JH378108","44848266","44848426","KQ058423v1","270754","270928","40","44577512"
"JH378108","44910655","44910879","KQ052982v1","2032903","2033097","69","42877752"
"JH378108","44912803","44913082","KQ058242v1","595939","596205","73","44316864"
"JH378108","44976844","44977055","KQ055662v1","1890465","1890674","56","43086379"
"JH378108","44990464","44990716","KQ058339v1","4553625","4553889","82","40436839"
"JH378108","45016300","45016476","KQ058423v1","270754","270928","41","44745546"
"JH378108","45033147","45033266","KQ053398v1","2623748","2623879","41","42409399"
"JH378108","45040751","45041059","KQ053421v1","5610673","5610968","85","39430078"
"JH378108","45104871","45105163","KQ053421v1","5610673","5610968","83","39494198"
"JH378108","45184320","45184537","KQ053234v1","1414405","1414609","71","43769915"
"JH378108","45222035","45222336","KQ053421v1","5610673","5610968","72","39611362"
"JH378108","45296808","45297104","KQ053421v1","5610673","5610968","81","39686135"
"JH378108","45303034","45303322","KQ053421v1","5610673","5610968","76","39692361"
"JH378108","45344755","45345066","KQ055267v1","513773","514088","74","44830982"
"JH378108","45403813","45403934","KQ053398v1","2623748","2623879","40","42780065"
"JH378108","45406967","45407178","KQ055662v1","1890465","1890674","58","43516502"
"JH378108","45431882","45432162","KQ053421v1","5610673","5610968","73","39821209"
"JH378108","45469710","45470013","KQ053421v1","5610673","5610968","79","39859037"
"JH378108","45566056","45566351","KQ053421v1","5610673","5610968","74","39955383"
"JH378108","45625806","45626112","KQ053421v1","5610673","5610968","75","40015133"
"JH378108","45665568","45665870","KQ053421v1","5610673","5610968","73","40054895"
"JH378108","45712368","45712674","KQ058427v1","7786546","7786853","87","37925822"
"JH378108","45868225","45868529","KQ053421v1","5610673","5610968","82","40257552"
"JH378108","45873627","45873939","KQ053421v1","5610673","5610968","84","40262954"
"JH378108","45962941","45963184","KQ056321v1","575951","576190","80","45386990"
"JH378108","45963403","45963727","KQ053421v1","5610673","5610968","95","40352730"
"JH378108","46012147","46012455","KQ055352v1","6003171","6003466","77","40008976"
"JH378108","46037308","46037611","KQ053421v1","5610673","5610968","80","40426635"
"JH378108","46040828","46041135","KQ053421v1","5610673","5610968","80","40430155"
"JH378108","46041146","46041436","KQ053421v1","5610673","5610968","75","40430473"
"JH378108","46081247","46081548","KQ053421v1","5610673","5610968","68","40470574"
"JH378108","46135723","46135972","KQ056321v1","575951","576190","92","45559772"
"JH378108","46259544","46259755","KQ055662v1","1890465","1890674","56","44369079"
"JH378108","46277159","46277381","KQ052982v1","2032903","2033097","73","44244256"
"JH378108","46301060","46301348","KQ053421v1","5610673","5610968","80","40690387"
"JH378108","46305870","46306026","KQ058594v1","2771639","2771800","40","43534231"
"JH378108","46313771","46314070","KQ053421v1","5610673","5610968","86","40703098"
"JH378108","46425979","46426110","KQ053398v1","2623748","2623879","41","43802231"
"JH378108","46457293","46457623","KQ055862v1","1305285","1305561","130","45152008"
"JH378108","46463331","46463639","KQ055267v1","513773","514088","69","45949558"
"JH378108","46544151","46544456","KQ055267v1","513773","514088","79","46030378"
"JH378108","46615436","46615565","KQ053398v1","2623748","2623879","31","43991688"
"JH378108","46713663","46713873","KQ055662v1","1890465","1890674","62","44823198"
"JH378108","47022719","47023030","KQ055352v1","6003171","6003466","71","41019548"
"JH378108","47050484","47050808","KQ053421v1","5610673","5610968","102","41439811"
"JH378108","47142826","47143134","KQ053421v1","5610673","5610968","78","41532153"
"JH378108","47222716","47223009","KQ053421v1","5610673","5610968","79","41612043"
"JH378108","47483405","47483705","KQ053421v1","5610673","5610968","70","41872732"
"JH378108","47775430","47775727","KQ053421v1","5610673","5610968","66","42164757"
"JH378108","47938496","47938809","KQ053421v1","5610673","5610968","74","42327823"
"JH378108","48056254","48056569","KQ055267v1","513773","514088","82","47542481"
"JH378108","48062121","48062398","KQ053421v1","5610673","5610968","90","42451448"
"JH378108","48076352","48076601","KQ058427v1","6786866","6787134","99","41289486"
"JH378108","48222044","48222295","KQ055862v1","1305285","1305561","81","46916759"
"JH378108","48222396","48222448","KQ054191v1","1885658","1885707","15","46336738"
"JH378108","48302167","48302478","KQ053421v1","5610673","5610968","78","42691494"
"JH378108","48305168","48305456","KQ053421v1","5610673","5610968","76","42694495"
"JH378108","48552874","48553175","KQ053421v1","5610673","5610968","76","42942201"
"JH378108","48620902","48621207","KQ053421v1","5610673","5610968","72","43010229"
"JH378108","48689156","48689443","KQ055267v1","513773","514088","92","48175383"
"JH378108","48761334","48761606","KQ053421v1","5610673","5610968","98","43150661"
"JH378108","48785124","48785416","KQ053421v1","5610673","5610968","72","43174451"
"JH378108","49202514","49202801","KQ053785v1","888769","889063","74","48313745"
"JH378108","49261437","49261743","KQ058427v1","7786546","7786853","86","41474891"
"JH378108","49275606","49275923","KQ058427v1","7786546","7786853","84","41489060"
"JH378108","49291207","49291504","KQ053421v1","5610673","5610968","81","43680534"
"JH378108","49292729","49292943","KQ056064v1","326763","326940","76","48965966"
"JH378108","49302733","49303038","KQ055267v1","513773","514088","81","48788960"
"JH378108","49324138","49324446","KQ053421v1","5610673","5610968","84","43713465"
"JH378108","49463880","49464035","KQ057449v1","1214348","1214489","48","48249532"
"JH378108","49570602","49570913","KQ055352v1","6003171","6003466","73","43567431"
"JH378108","49586273","49586578","KQ055267v1","513773","514088","80","49072500"
"JH378108","49621000","49621300","KQ053421v1","5610673","5610968","66","44010327"
"JH378108","49691306","49691609","KQ053421v1","5610673","5610968","68","44080633"
"JH378108","49741657","49741786","KQ053004v1","3064551","3064681","39","46677106"
"JH378108","49751791","49752088","KQ053421v1","5610673","5610968","76","44141118"
"JH378108","49759823","49760122","KQ053421v1","5610673","5610968","74","44149150"
"JH378108","49870160","49870459","KQ053421v1","5610673","5610968","73","44259487"
"JH378108","49897434","49897562","KQ053398v1","2623748","2623879","35","47273686"
"JH378108","49945853","49946078","KQ055662v1","1890465","1890674","67","48055388"
"JH378108","49983589","49983891","KQ058427v1","7786546","7786853","83","42197043"
"JH378108","49999266","49999569","KQ053421v1","5610673","5610968","77","44388593"
"JH378108","50057699","50058000","KQ053421v1","5610673","5610968","84","44447026"
"JH378108","50302493","50302796","KQ055352v1","6003171","6003466","73","44299322"
"JH378108","50303127","50303425","KQ053421v1","5610673","5610968","73","44692454"
"JH378108","50322824","50323103","KQ058339v1","4553625","4553889","77","45769199"
"JH378108","50370613","50370917","KQ053421v1","5610673","5610968","82","44759940"
"JH378108","50505083","50505372","KQ058339v1","4553625","4553889","93","45951458"
"JH378108","50507177","50507488","KQ055267v1","513773","514088","73","49993404"
"JH378108","50544204","50544498","KQ053421v1","5610673","5610968","84","44933531"
"JH378108","50567599","50567901","KQ055352v1","6003171","6003466","73","44564428"
"JH378108","50587835","50588112","KQ054815v1","2215557","2215844","78","48372278"
"JH378108","50827203","50827513","KQ053421v1","5610673","5610968","75","45216530"
"JH378108","50828759","50829059","KQ053421v1","5610673","5610968","69","45218086"
"JH378108","50847690","50847991","KQ053421v1","5610673","5610968","75","45237017"
"JH378108","50860953","50861261","KQ058427v1","7786546","7786853","83","43074407"
"JH378108","50919684","50919971","KQ053421v1","5610673","5610968","82","45309011"
"JH378108","50927408","50927694","KQ053421v1","5610673","5610968","81","45316735"
"JH378108","50928045","50928336","KQ053421v1","5610673","5610968","77","45317372"
"JH378108","50994033","50994242","KQ053234v1","1414405","1414609","54","49579628"
"JH378108","50998483","50998744","KQ055830v1","661716","661986","89","50336767"
"JH378108","51038020","51038278","KQ058242v1","595939","596205","85","50442081"
"JH378108","51062457","51062735","KQ057186v1","783828","784085","78","50278629"
"JH378108","51096219","51096499","KQ058427v1","6786866","6787134","83","44309353"
"JH378108","51098182","51098478","KQ053421v1","5610673","5610968","67","45487509"
"JH378108","51190589","51190879","KQ053421v1","5610673","5610968","74","45579916"
"JH378108","51191961","51192252","KQ053421v1","5610673","5610968","77","45581288"
"JH378108","51220212","51220518","KQ053421v1","5610673","5610968","71","45609539"
"JH378108","51346003","51346299","KQ053421v1","5610673","5610968","75","45735330"
"JH378108","51385314","51385603","KQ053421v1","5610673","5610968","70","45774641"
"JH378108","51425839","51426028","KQ056147v1","2861940","2862121","60","48563899"
"JH378108","51431553","51431846","KQ053421v1","5610673","5610968","71","45820880"
"JH378108","51583812","51584123","KQ055267v1","513773","514088","70","51070039"
"JH378108","51625879","51626047","KQ053993v1","1251070","1251235","51","50374809"
"JH378108","51627578","51627875","KQ053421v1","5610673","5610968","76","46016905"
"JH378108","51631204","51631488","KQ054815v1","2215557","2215844","78","49415647"
"JH378108","51652058","51652388","KQ055352v1","6003171","6003466","93","45648887"
"JH378108","51802497","51802803","KQ053421v1","5610673","5610968","73","46191824"
"JH378108","51824118","51824405","KQ053421v1","5610673","5610968","76","46213445"
"JH378108","51883517","51883815","KQ053421v1","5610673","5610968","73","46272844"
"JH378108","51884750","51885045","KQ053421v1","5610673","5610968","74","46274077"
"JH378108","51912992","51913294","KQ053421v1","5610673","5610968","70","46302319"
"JH378108","51967775","51968085","KQ053421v1","5610673","5610968","76","46357102"
"JH378108","51998060","51998365","KQ053421v1","5610673","5610968","70","46387387"
"JH378108","52010530","52010652","KQ058272v1","5283309","5283400","45","46727221"
"JH378108","52024507","52024815","KQ053421v1","5610673","5610968","89","46413834"
"JH378108","52044264","52044385","KQ053398v1","2623748","2623879","35","49420516"
"JH378108","52081863","52082177","KQ055267v1","513773","514088","81","51568090"
"JH378108","52120223","52120520","KQ053421v1","5610673","5610968","90","46509550"
"JH378108","52160019","52160189","KQ058423v1","270754","270928","39","51889265"
"JH378108","52194023","52194309","KQ053421v1","5610673","5610968","85","46583350"
"JH378108","52234601","52234895","KQ053421v1","5610673","5610968","86","46623928"
"JH378108","52532382","52532682","KQ053421v1","5610673","5610968","74","46921709"
"JH378108","52607052","52607211","KQ054510v1","7582269","7582431","36","45024783"
"JH378108","52613898","52614034","KQ057449v1","1214348","1214489","32","51399550"
"JH378108","52667399","52667704","KQ053421v1","5610673","5610968","81","47056726"
"JH378108","52731025","52731319","KQ053421v1","5610673","5610968","75","47120352"
"JH378108","52794976","52795286","KQ053421v1","5610673","5610968","84","47184303"
"JH378108","52831453","52831697","KQ058242v1","595939","596205","70","52235514"
"JH378108","52843081","52843389","KQ055267v1","513773","514088","93","52329308"
"JH378108","52978431","52978682","KQ058505v1","2207051","2207301","77","50771380"
"JH378108","52996085","52996242","KQ058428v1","1396698","1396861","57","51599387"
"JH378108","53086312","53086597","KQ053421v1","5610673","5610968","88","47475639"
"JH378108","53399002","53399299","KQ058427v1","7786546","7786853","84","45612456"
"JH378108","53507417","53507684","KQ055717v1","1610777","1611031","87","51896640"
"JH378108","53725440","53725739","KQ053421v1","5610673","5610968","70","48114767"
"JH378108","53760644","53760937","KQ053421v1","5610673","5610968","80","48149971"
"JH378108","53803625","53803911","KQ053421v1","5610673","5610968","78","48192952"
"JH378108","53828554","53828858","KQ053421v1","5610673","5610968","69","48217881"
"JH378108","53855596","53855891","KQ053421v1","5610673","5610968","81","48244923"
"JH378108","54216849","54217148","KQ053421v1","5610673","5610968","63","48606176"
"JH378108","54226348","54226651","KQ055267v1","513773","514088","80","53712575"
"JH378108","54260477","54260722","KQ056321v1","575951","576190","79","53684526"
"JH378108","54326956","54327280","KQ058427v1","7786546","7786853","89","46540410"
"JH378108","54337381","54337638","KQ053883v1","6938067","6938331","88","47399314"
"JH378108","54367360","54367687","KQ058427v1","7786546","7786853","85","46580814"
"JH378108","54395142","54395455","KQ055267v1","513773","514088","77","53881369"
"JH378108","54444914","54445159","KQ057186v1","783828","784085","77","53661086"
"JH378108","54475596","54475870","KQ058242v1","595939","596205","72","53879657"
"JH378108","54810763","54810962","KQ053234v1","1414405","1414609","64","53396358"
"JH378108","54810963","54811251","KQ053421v1","5610673","5610968","101","49200290"
"JH378108","54854967","54855258","KQ055267v1","513773","514088","93","54341194"
"JH378108","54855373","54855651","KQ053421v1","5610673","5610968","75","49244700"
"JH378109","74454","74686","KQ053234v1","1414405","1414609","70","1339951"
"JH378109","76967","77109","KQ053398v1","2623748","2623879","44","2546781"
"JH378109","135889","136184","KQ058242v1","595939","596205","85","460050"
"JH378109","174768","175102","KQ053059v1","2548766","2549102","100","2373998"
"JH378109","195485","195638","KQ057449v1","1214348","1214489","55","1018863"
"JH378109","233193","233493","KQ053421v1","5610673","5610968","79","5377480"
"JH378109","292964","293258","KQ053421v1","5610673","5610968","73","5317709"
"JH378109","305865","306177","KQ053421v1","5610673","5610968","81","5304808"
"JH378109","334852","335082","KQ053234v1","1414405","1414609","69","1079553"
"JH378109","379857","380182","KQ055267v1","513773","514088","93","133916"
"JH378109","520538","520835","KQ053421v1","5610673","5610968","82","5090135"
"JH378109","703792","703941","KQ053398v1","2623748","2623879","50","1919956"
"JH378109","744676","744980","KQ053421v1","5610673","5610968","73","4865997"
"JH378109","799304","799594","KQ057186v1","783828","784085","85","15476"
"JH378109","998213","998509","KQ053421v1","5610673","5610968","69","4612460"
"JH378109","1001153","1001463","KQ058427v1","7786546","7786853","79","6785393"
"JH378109","1045186","1045495","KQ055352v1","6003171","6003466","75","4957985"
"JH378109","1292729","1293019","KQ053421v1","5610673","5610968","74","4317944"
"JH378109","1399964","1400237","KQ058242v1","595939","596205","79","804025"
"JH378109","1419775","1420080","KQ055352v1","6003171","6003466","73","4583396"
"JH378109","1463187","1463489","KQ053421v1","5610673","5610968","91","4147486"
"JH378109","1501267","1501576","KQ055352v1","6003171","6003466","72","4501904"
"JH378109","1600972","1601274","KQ055352v1","6003171","6003466","71","4402199"
"JH378109","1730266","1730576","KQ055267v1","513773","514088","74","1216493"
"JH378109","1781657","1781949","KQ058242v1","595939","596205","90","1185718"
"JH378109","1817811","1818091","KQ057909v1","9290159","9290423","99","7472348"
"JH378109","1920888","1921228","KQ053421v1","5610673","5610968","101","3689785"
"JH378109","1943823","1943904","KQ056235v1","1266284","1266361","21","677539"
"JH378109","2001135","2001420","KQ053421v1","5610673","5610968","78","3609538"
"JH378109","2218018","2218313","KQ053421v1","5610673","5610968","82","3392655"
"JH378109","2251942","2252093","KQ054401v1","3363241","3363379","54","1111299"
"JH378109","2473102","2473389","KQ055267v1","513773","514088","85","1959329"
"JH378109","2908326","2908624","KQ053421v1","5610673","5610968","73","2702347"
"JH378109","2963187","2963490","KQ053421v1","5610673","5610968","72","2647486"
"JH378109","3071839","3072149","KQ053421v1","5610673","5610968","84","2538834"
"JH378109","3140030","3140336","KQ053421v1","5610673","5610968","69","2470643"
"JH378109","3171121","3171430","KQ055267v1","513773","514088","80","2657348"
"JH378109","3213159","3213455","KQ053421v1","5610673","5610968","71","2397514"
"JH378109","3232530","3232824","KQ053421v1","5610673","5610968","65","2378143"
"JH378109","3248975","3249280","KQ055352v1","6003171","6003466","72","2754196"
"JH378109","3278585","3278890","KQ055352v1","6003171","6003466","70","2724586"
"JH378109","3293799","3294094","KQ053421v1","5610673","5610968","66","2316874"
"JH378109","3319623","3319925","KQ053421v1","5610673","5610968","78","2291050"
"JH378109","3360172","3360467","KQ053421v1","5610673","5610968","70","2250501"
"JH378109","3376622","3376934","KQ055352v1","6003171","6003466","73","2626549"
"JH378109","3377474","3377775","KQ053421v1","5610673","5610968","72","2233199"
"JH378109","3397927","3398238","KQ055267v1","513773","514088","77","2884154"
"JH378109","3415561","3415865","KQ055267v1","513773","514088","73","2901788"
"JH378109","3505487","3505635","KQ053398v1","2623748","2623879","41","881739"
"JH378109","3571513","3571815","KQ053421v1","5610673","5610968","74","2039160"
"JH378109","3637003","3637295","KQ053421v1","5610673","5610968","85","1973670"
"JH378109","3646889","3647176","KQ053421v1","5610673","5610968","76","1963784"
"JH378109","3648264","3648581","KQ053421v1","5610673","5610968","93","1962409"
"JH378109","3760796","3761072","KQ055862v1","1305285","1305561","82","2455511"
"JH378109","3842043","3842353","KQ055267v1","513773","514088","76","3328270"
"JH378109","4036530","4036806","KQ058242v1","595939","596205","79","3440591"
"JH378109","4053014","4053309","KQ053421v1","5610673","5610968","82","1557659"
"JH378109","4230679","4230974","KQ053421v1","5610673","5610968","70","1379994"
"JH378109","4233448","4233741","KQ053421v1","5610673","5610968","70","1377225"
"JH378109","4240011","4240316","KQ053421v1","5610673","5610968","80","1370662"
"JH378109","4302446","4302730","KQ054815v1","2215557","2215844","81","2086889"
"JH378109","4367849","4368126","KQ058427v1","7786546","7786853","92","3418697"
"JH378109","4382814","4383116","KQ053421v1","5610673","5610968","72","1227859"
"JH378109","4434778","4435070","KQ053421v1","5610673","5610968","91","1175895"
"JH378109","4452042","4452349","KQ055352v1","6003171","6003466","71","1551129"
"JH378109","4492709","4493017","KQ055352v1","6003171","6003466","78","1510462"
"JH378109","4704372","4704688","KQ055267v1","513773","514088","74","4190599"
"JH378109","5051213","5051510","KQ053421v1","5610673","5610968","78","559460"
"JH378109","5173186","5173412","KQ055662v1","1890465","1890674","66","3282721"
"JH378109","5191834","5192137","KQ055267v1","513773","514088","75","4678061"
"JH378109","5314714","5315016","KQ055267v1","513773","514088","81","4800941"
"JH378109","5481187","5481496","KQ055267v1","513773","514088","72","4967414"
"JH378109","5524223","5524502","KQ054815v1","2215557","2215844","78","3308666"
"JH378109","5791627","5791912","KQ053421v1","5610673","5610968","73","180954"
"JH378109","5864197","5864498","KQ053421v1","5610673","5610968","67","253524"
"JH378109","6012926","6013233","KQ053421v1","5610673","5610968","86","402253"
"JH378109","6073538","6073849","KQ053421v1","5610673","5610968","73","462865"
"JH378109","6099411","6099716","KQ053421v1","5610673","5610968","71","488738"
"JH378109","6135723","6136019","KQ053421v1","5610673","5610968","64","525050"
"JH378109","6194003","6194305","KQ053421v1","5610673","5610968","70","583330"
"JH378109","6207703","6208008","KQ055267v1","513773","514088","71","5693930"
"JH378109","6335518","6335812","KQ053421v1","5610673","5610968","69","724845"
"JH378109","6349137","6349454","KQ055267v1","513773","514088","73","5835364"
"JH378109","6545283","6545588","KQ053421v1","5610673","5610968","73","934610"
"JH378109","6593884","6594183","KQ058427v1","7786546","7786853","81","1192662"
"JH378109","6643958","6644258","KQ053421v1","5610673","5610968","84","1033285"
"JH378109","7054812","7055077","KQ058505v1","2207051","2207301","90","4847761"
"JH378109","7134608","7134910","KQ053421v1","5610673","5610968","69","1523935"
"JH378109","7177484","7177775","KQ053421v1","5610673","5610968","67","1566811"
"JH378109","7202081","7202375","KQ053421v1","5610673","5610968","72","1591408"
"JH378109","7227729","7228039","KQ053421v1","5610673","5610968","76","1617056"
"JH378109","7463015","7463295","KQ053421v1","5610673","5610968","79","1852342"
"JH378109","7610913","7611217","KQ055267v1","513773","514088","79","7097140"
"JH378109","7623850","7624149","KQ053421v1","5610673","5610968","71","2013177"
"JH378109","7666747","7667058","KQ055352v1","6003171","6003466","73","1663576"
"JH378109","7678528","7678742","KQ055662v1","1890465","1890674","71","5788063"
"JH378109","7734659","7734839","KQ058350v1","9514178","9514352","41","1779519"
"JH378109","7793851","7794158","KQ055267v1","513773","514088","80","7280078"
"JH378109","7838164","7838475","KQ055267v1","513773","514088","77","7324391"
"JH378109","7975457","7975666","KQ058594v1","1033101","1033292","65","6942356"
"JH378109","7996393","7996692","KQ053421v1","5610673","5610968","79","2385720"
"JH378109","8000806","8001103","KQ053421v1","5610673","5610968","66","2390133"
"JH378109","8034406","8034701","KQ053421v1","5610673","5610968","73","2423733"
"JH378109","8058750","8058953","KQ058274v1","300327","300497","72","7758423"
"JH378109","8059197","8059421","KQ053234v1","1414405","1414609","66","6644792"
"JH378109","8151013","8151166","KQ058274v1","300327","300497","58","7850686"
"JH378109","8156477","8156783","KQ055267v1","513773","514088","74","7642704"
"JH378109","8277120","8277415","KQ053421v1","5610673","5610968","69","2666447"
"JH378109","8281647","8281932","KQ053421v1","5610673","5610968","77","2670974"
"JH378109","8461930","8462232","KQ053421v1","5610673","5610968","74","2851257"
"JH378109","8577968","8578256","KQ058339v1","4553625","4553889","84","4024343"
"JH378109","8652616","8652901","KQ053421v1","5610673","5610968","78","3041943"
"JH378109","8664833","8665126","KQ053421v1","5610673","5610968","75","3054160"
"JH378109","8725933","8726162","KQ058274v1","300327","300497","93","8425606"
"JH378109","8747158","8747428","KQ058339v1","4553625","4553889","79","4193533"
"JH378109","8752934","8753150","KQ056321v1","575951","576190","85","8176983"
"JH378109","8775684","8775992","KQ055352v1","6003171","6003466","72","2772513"
"JH378109","8825684","8825977","KQ053421v1","5610673","5610968","71","3215011"
"JH378109","9060775","9061073","KQ053421v1","5610673","5610968","83","3450102"
"JH378109","9124624","9124962","KQ053421v1","5610673","5610968","103","3513951"
"JH378109","9387685","9387980","KQ053421v1","5610673","5610968","71","3777012"
"JH378109","9619857","9620046","KQ053531v1","6571","6737","72","9613286"
"JH378109","9623998","9624302","KQ053421v1","5610673","5610968","73","4013325"
"JH378109","9707530","9707831","KQ053421v1","5610673","5610968","71","4096857"
"JH378109","9718900","9719161","KQ053883v1","6938067","6938331","89","2780833"
"JH378109","9906325","9906617","KQ053421v1","5610673","5610968","77","4295652"
"JH378109","9936682","9936980","KQ053421v1","5610673","5610968","70","4326009"
"JH378109","9946351","9946648","KQ053421v1","5610673","5610968","70","4335678"
"JH378109","9951277","9951607","KQ055267v1","513773","514088","93","9437504"
"JH378109","10134878","10135188","KQ058427v1","7786546","7786853","91","2348332"
"JH378109","10262231","10262542","KQ055267v1","513773","514088","76","9748458"
"JH378109","10458157","10458419","KQ053883v1","6938067","6938331","88","3520090"
"JH378109","10506405","10506707","KQ053421v1","5610673","5610968","68","4895732"
"JH378109","10555503","10555797","KQ053421v1","5610673","5610968","67","4944830"
"JH378109","10667716","10667928","KQ055662v1","1890465","1890674","54","8777251"
"JH378109","10734042","10734352","KQ055267v1","513773","514088","68","10220269"
"JH378109","10734403","10734720","KQ053421v1","5610673","5610968","82","5123730"
"JH378109","10739173","10739321","KQ053398v1","2623748","2623879","43","8115425"
"JH378109","10794536","10794849","KQ058427v1","7786546","7786853","85","3007990"
"JH378109","10891950","10892257","KQ055267v1","513773","514088","76","10378177"
"JH378109","10924044","10924350","KQ053421v1","5610673","5610968","77","5313371"
"JH378109","10969753","10970049","KQ053421v1","5610673","5610968","68","5359080"
"JH378109","11028465","11028752","KQ053421v1","5610673","5610968","79","5417792"
"JH378109","11029673","11029979","KQ053421v1","5610673","5610968","69","5419000"
"JH378109","11074807","11075089","KQ055862v1","1305285","1305561","82","9769522"
"JH378109","11078143","11078435","KQ053421v1","5610673","5610968","85","5467470"
"JH378109","11151696","11152013","KQ058427v1","7786546","7786853","94","3365150"
"JH378109","11156551","11156677","KQ057161v1","453350","453459","39","10703201"
"JH378109","11161707","11161837","KQ053398v1","2627781","2627909","39","8533926"
"JH378109","11365856","11366151","KQ053421v1","5610673","5610968","74","5755183"
"JH378109","11375189","11375491","KQ053421v1","5610673","5610968","72","5764516"
"JH378109","11405260","11405570","KQ055267v1","513773","514088","71","10891487"
"JH378109","11454858","11455156","KQ053421v1","5610673","5610968","75","5844185"
"JH378109","11462667","11462966","KQ053421v1","5610673","5610968","75","5851994"
"JH378109","11482365","11482643","KQ053421v1","5610673","5610968","86","5871692"
"JH378109","11535226","11535524","KQ053421v1","5610673","5610968","84","5924553"
"JH378109","11537266","11537547","KQ054815v1","2215557","2215844","79","9321709"
"JH378109","11595568","11595863","KQ053421v1","5610673","5610968","78","5984895"
"JH378109","11610890","11611089","KQ054954v1","1680710","1680882","60","9930180"
"JH378109","11614777","11615082","KQ055352v1","6003171","6003466","66","5611606"
"JH378109","11617313","11617620","KQ053421v1","5610673","5610968","74","6006640"
"JH378109","11628695","11628982","KQ058242v1","595939","596205","82","11032756"
"JH378109","11659791","11660011","KQ053234v1","1679581","1679757","73","9980210"
"JH378109","11672297","11672602","KQ058427v1","7786546","7786853","80","3885751"
"JH378109","11718072","11718369","KQ053421v1","5610673","5610968","69","6107399"
"JH378109","11722071","11722355","KQ053421v1","5610673","5610968","84","6111398"
"JH378109","11742703","11742982","KQ055862v1","1305285","1305561","83","10437418"
"JH378109","11751379","11751682","KQ053421v1","5610673","5610968","78","6140706"
"JH378109","11752483","11752783","KQ053421v1","5610673","5610968","77","6141810"
"JH378109","11833167","11833475","KQ053421v1","5610673","5610968","86","6222494"
"JH378109","11834271","11834559","KQ053421v1","5610673","5610968","83","6223598"
"JH378109","11875354","11875626","KQ053421v1","5610673","5610968","83","6264681"
"JH378109","11884090","11884385","KQ053421v1","5610673","5610968","75","6273417"
"JH378109","11894713","11895021","KQ053421v1","5610673","5610968","71","6284040"
"JH378109","11936779","11937068","KQ053421v1","5610673","5610968","80","6326106"
"JH378109","11954093","11954388","KQ053421v1","5610673","5610968","74","6343420"
"JH378109","11968393","11968684","KQ053421v1","5610673","5610968","72","6357720"
"JH378109","11978966","11979277","KQ053135v1","5034940","5035266","93","6944026"
"JH378109","11996266","11996572","KQ053421v1","5610673","5610968","82","6385593"
"JH378109","12001445","12001748","KQ058427v1","7786546","7786853","77","4214899"
"JH378109","12140196","12140365","KQ053752v1","8015097","8015288","64","4125099"
"JH378109","12150170","12150474","KQ053421v1","5610673","5610968","85","6539497"
"JH378109","12157175","12157416","KQ058242v1","595939","596205","75","11561236"
"JH378109","12182500","12182788","KQ053421v1","5610673","5610968","81","6571827"
"JH378109","12253229","12253522","KQ053421v1","5610673","5610968","75","6642556"
"JH378109","12260156","12260465","KQ055267v1","513773","514088","72","11746383"
"JH378109","12447141","12447503","KQ053421v1","5610673","5610968","182","6836468"
"JH378109","12462626","12462936","KQ058427v1","7786546","7786853","81","4676080"
"JH378109","12521554","12521788","KQ058242v1","595939","596205","87","11925615"
"JH378109","12548051","12548335","KQ057186v1","783828","784085","82","11764223"
"JH378109","12589279","12589430","KQ052968v1","13665640","13665790","54","1076361"
"JH378109","12617834","12618146","KQ055267v1","513773","514088","76","12104061"
"JH378109","12659311","12659608","KQ053421v1","5610673","5610968","67","7048638"
"JH378109","12687344","12687639","KQ053421v1","5610673","5610968","66","7076671"
"JH378109","12692158","12692467","KQ055267v1","513773","514088","69","12178385"
"JH378109","12732885","12733185","KQ053421v1","5610673","5610968","74","7122212"
"JH378109","12757328","12757639","KQ055352v1","6003171","6003466","80","6754157"
"JH378109","12793172","12793472","KQ053421v1","5610673","5610968","83","7182499"
"JH378109","12979390","12979697","KQ053421v1","5610673","5610968","86","7368717"
"JH378109","13108701","13109002","KQ053421v1","5610673","5610968","69","7498028"
"JH378109","13320791","13321079","KQ053421v1","5610673","5610968","71","7710118"
"JH378109","13325972","13326275","KQ055267v1","513773","514088","71","12812199"
"JH378109","13351764","13352043","KQ058242v1","595939","596205","73","12755825"
"JH378109","13472850","13473158","KQ053421v1","5610673","5610968","82","7862177"
"JH378109","13484798","13485100","KQ053421v1","5610673","5610968","72","7874125"
"JH378109","13487333","13487639","KQ058242v1","595939","596205","90","12891394"
"JH378109","13733659","13733955","KQ055267v1","513773","514088","92","13219886"
"JH378109","13865891","13866004","KQ056493v1","2043382","2043488","31","11822509"
"JH378109","13913980","13914272","KQ053421v1","5610673","5610968","77","8303307"
"JH378109","13946797","13946948","KQ052970v1","4377515","4377664","48","9569282"
"JH378109","13969915","13970215","KQ053421v1","5610673","5610968","72","8359242"
"JH378109","13990022","13990312","KQ058427v1","7786546","7786853","87","6203476"
"JH378109","14051136","14051440","KQ053421v1","5610673","5610968","75","8440463"
"JH378109","14070309","14070606","KQ053421v1","5610673","5610968","75","8459636"
"JH378109","14077023","14077288","KQ057901v1","868884","869144","82","13208139"
"JH378109","14077530","14077831","KQ053421v1","5610673","5610968","68","8466857"
"JH378109","14109725","14110033","KQ055352v1","6003171","6003466","70","8106554"
"JH378109","14181301","14181605","KQ053421v1","5610673","5610968","78","8570628"
"JH378109","14201895","14202187","KQ053421v1","5610673","5610968","76","8591222"
"JH378109","14236888","14237188","KQ053421v1","5610673","5610968","72","8626215"
"JH378109","14272274","14272567","KQ053421v1","5610673","5610968","72","8661601"
"JH378109","14294673","14294982","KQ058427v1","7786546","7786853","87","6508127"
"JH378109","14359366","14359654","KQ053421v1","5610673","5610968","82","8748693"
"JH378109","14399245","14399569","KQ055267v1","513773","514088","83","13885472"
"JH378109","14414832","14415142","KQ055352v1","6003171","6003466","73","8411661"
"JH378109","14416900","14417002","KQ056279v1","759081","759162","37","13657819"
"JH378109","14463121","14463414","KQ053421v1","5610673","5610968","70","8852448"
"JH378109","14510332","14510640","KQ055267v1","513773","514088","76","13996559"
"JH378109","14515169","14515476","KQ053421v1","5610673","5610968","79","8904496"
"JH378109","14541784","14542094","KQ055352v1","6003171","6003466","74","8538613"
"JH378109","14569918","14570099","KQ056064v1","326763","326940","73","14243155"
"JH378109","14576340","14576645","KQ053421v1","5610673","5610968","75","8965667"
"JH378109","14582352","14582649","KQ053421v1","5610673","5610968","74","8971679"
"JH378109","14586974","14587277","KQ053421v1","5610673","5610968","75","8976301"
"JH378109","14587877","14588163","KQ053421v1","5610673","5610968","74","8977204"
"JH378109","14630646","14630955","KQ055352v1","6003171","6003466","82","8627475"
"JH378109","14639363","14639657","KQ053421v1","5610673","5610968","91","9028690"
"JH378109","14646750","14647062","KQ055267v1","513773","514088","78","14132977"
"JH378109","14695614","14695917","KQ053421v1","5610673","5610968","73","9084941"
"JH378109","14706194","14706500","KQ055267v1","513773","514088","73","14192421"
"JH378109","14716059","14716328","KQ055717v1","1610777","1611031","87","13105282"
"JH378109","14716791","14717087","KQ053421v1","5610673","5610968","75","9106118"
"JH378109","14723825","14724129","KQ053421v1","5610673","5610968","74","9113152"
"JH378109","14728629","14728903","KQ056321v1","575951","576190","84","14152678"
"JH378109","14755299","14755447","KQ053398v1","2623748","2623879","44","12131551"
"JH378109","14766130","14766427","KQ053421v1","5610673","5610968","86","9155457"
"JH378109","14786131","14786398","KQ058242v1","595939","596205","78","14190192"
"JH378109","14792795","14793101","KQ053421v1","5610673","5610968","72","9182122"
"JH378109","14873871","14874174","KQ053421v1","5610673","5610968","66","9263198"
"JH378109","14888463","14888562","KQ055579v1","54828","54918","35","14833635"
"JH378109","14890020","14890320","KQ053421v1","5610673","5610968","73","9279347"
"JH378109","15017696","15018004","KQ053421v1","5610673","5610968","77","9407023"
"JH378109","15158217","15158516","KQ053421v1","5610673","5610968","75","9547544"
"JH378109","15163781","15164079","KQ055267v1","513773","514088","77","14650008"
"JH378109","15169055","15169359","KQ055267v1","513773","514088","70","14655282"
"JH378109","15223075","15223368","KQ053421v1","5610673","5610968","78","9612402"
"JH378109","15271838","15272140","KQ053421v1","5610673","5610968","69","9661165"
"JH378109","15279916","15280194","KQ054815v1","2215557","2215844","81","13064359"
"JH378109","15285869","15286082","KQ055662v1","1890465","1890674","67","13395404"
"JH378109","15323452","15323763","KQ055352v1","6003171","6003466","73","9320281"
"JH378109","15357978","15358283","KQ053421v1","5610673","5610968","72","9747305"
"JH378109","15422277","15422569","KQ058242v1","595939","596205","79","14826338"
"JH378109","15455608","15455901","KQ053421v1","5610673","5610968","76","9844935"
"JH378109","15465703","15466003","KQ053421v1","5610673","5610968","79","9855030"
"JH378109","15487937","15488194","KQ058505v1","2207051","2207301","84","13280886"
"JH378109","15566061","15566375","KQ053421v1","5610673","5610968","85","9955388"
"JH378109","15579711","15580003","KQ053421v1","5610673","5610968","84","9969038"
"JH378109","15632854","15633150","KQ053421v1","5610673","5610968","81","10022181"
"JH378109","15685913","15686214","KQ055267v1","513773","514088","82","15172140"
"JH378109","15779217","15779503","KQ053421v1","5610673","5610968","80","10168544"
"JH378109","15789246","15789557","KQ053421v1","5610673","5610968","80","10178573"
"JH378109","15839081","15839360","KQ055862v1","1305285","1305561","90","14533796"
"JH378109","15844294","15844577","KQ053421v1","5610673","5610968","87","10233621"
"JH378109","15864502","15864815","KQ055352v1","6003171","6003466","78","9861331"
"JH378109","15988499","15988772","KQ058242v1","595939","596205","77","15392560"
"JH378109","16041615","16041926","KQ058427v1","7786546","7786853","82","8255069"
"JH378109","16047101","16047403","KQ053421v1","5610673","5610968","66","10436428"
"JH378109","16051341","16051610","KQ053421v1","5610673","5610968","84","10440668"
"JH378109","16068343","16068641","KQ053421v1","5610673","5610968","78","10457670"
"JH378109","16101189","16101494","KQ053421v1","5610673","5610968","71","10490516"
"JH378109","16185241","16185496","KQ058242v1","595939","596205","72","15589302"
"JH378109","16189072","16189220","KQ053398v1","2623748","2623879","45","13565324"
"JH378109","16199943","16200235","KQ053421v1","5610673","5610968","81","10589270"
"JH378109","16209979","16210279","KQ053421v1","5610673","5610968","69","10599306"
"JH378109","16311401","16311687","KQ055267v1","513773","514088","92","15797628"
"JH378109","16318650","16318779","KQ053398v1","2623748","2623879","31","13694902"
"JH378109","16327163","16327295","KQ053398v1","2623748","2623879","33","13703415"
"JH378109","16327504","16327804","KQ055352v1","6003171","6003466","85","10324333"
"JH378109","16328359","16328604","KQ056321v1","575951","576190","84","15752408"
"JH378109","16364770","16365058","KQ053421v1","5610673","5610968","74","10754097"
"JH378109","16379311","16379612","KQ053421v1","5610673","5610968","73","10768638"
"JH378109","16391286","16391481","KQ058274v1","300327","300497","54","16090959"
"JH378109","16391788","16391885","KQ058316v1","2226037","2226104","45","14165751"
"JH378109","16394954","16395235","KQ053785v1","888769","889063","82","15506185"
"JH378109","16397519","16397816","KQ053421v1","5610673","5610968","67","10786846"
"JH378109","16400609","16400838","KQ056321v1","575951","576190","84","15824658"
"JH378109","16418894","16419195","KQ053421v1","5610673","5610968","72","10808221"
"JH378109","16421990","16422074","KQ053004v1","5079579","5079652","30","11342411"
"JH378109","16422437","16422545","KQ056493v1","2043382","2043488","41","14379055"
"JH378109","16459444","16459748","KQ055352v1","6003171","6003466","78","10456273"
"JH378109","16464038","16464339","KQ053421v1","5610673","5610968","67","10853365"
"JH378109","16483320","16483621","KQ053421v1","5610673","5610968","67","10872647"
"JH378109","16498220","16498347","KQ053398v1","2623748","2623879","40","13874472"
"JH378109","16611385","16611697","KQ053421v1","5610673","5610968","80","11000712"
"JH378109","16697980","16698275","KQ053421v1","5610673","5610968","74","11087307"
"JH378109","16741867","16742186","KQ053421v1","5610673","5610968","77","11131194"
"JH378109","16782260","16782555","KQ053421v1","5610673","5610968","74","11171587"
"JH378109","16784756","16785064","KQ055267v1","513773","514088","74","16270983"
"JH378109","16803323","16803619","KQ053421v1","5610673","5610968","80","11192650"
"JH378109","16845616","16845921","KQ053421v1","5610673","5610968","73","11234943"
"JH378109","17016926","17017226","KQ058339v1","4553625","4553889","96","12463301"
"JH378109","17106218","17106529","KQ055267v1","513773","514088","77","16592445"
"JH378109","17109691","17109990","KQ053421v1","5610673","5610968","72","11499018"
"JH378109","17118953","17119259","KQ053421v1","5610673","5610968","73","11508280"
"JH378109","17191116","17191418","KQ054815v1","2215557","2215844","92","14975559"
"JH378109","17198617","17198872","KQ055717v1","1610777","1611031","89","15587840"
"JH378109","17278311","17278597","KQ053421v1","5610673","5610968","84","11667638"
"JH378109","17420701","17420991","KQ053421v1","5610673","5610968","86","11810028"
"JH378109","17495555","17495858","KQ053421v1","5610673","5610968","83","11884882"
"JH378109","17498056","17498351","KQ053421v1","5610673","5610968","92","11887383"
"JH378109","17538799","17539103","KQ053421v1","5610673","5610968","85","11928126"
"JH378109","17541077","17541370","KQ053421v1","5610673","5610968","71","11930404"
"JH378109","17563043","17563329","KQ053421v1","5610673","5610968","74","11952370"
"JH378109","17570568","17570879","KQ058427v1","7786546","7786853","71","9784022"
"JH378109","17650639","17650921","KQ058427v1","6786866","6787134","96","10863773"
"JH378109","17674477","17674787","KQ058427v1","7786546","7786853","81","9887931"
"JH378109","17721283","17721578","KQ053421v1","5610673","5610968","85","12110610"
"JH378109","17722651","17722941","KQ053421v1","5610673","5610968","75","12111978"
"JH378109","17732448","17732759","KQ058427v1","7786546","7786853","64","9945902"
"JH378109","17765860","17766154","KQ053421v1","5610673","5610968","76","12155187"
"JH378109","17775290","17775600","KQ055352v1","6003171","6003466","70","11772119"
"JH378109","17782735","17783040","KQ055352v1","6003171","6003466","72","11779564"
"JH378109","17995284","17995518","KQ058242v1","595939","596205","80","17399345"
"JH378109","18011236","18011532","KQ053421v1","5610673","5610968","81","12400563"
"JH378109","18112010","18112302","KQ053421v1","5610673","5610968","73","12501337"
"JH378109","18170215","18170523","KQ055352v1","6003171","6003466","73","12167044"
"JH378109","18224122","18224424","KQ053421v1","5610673","5610968","81","12613449"
"JH378109","18279816","18280123","KQ058427v1","7786546","7786853","77","10493270"
"JH378109","18397553","18397860","KQ055352v1","6003171","6003466","72","12394382"
"JH378109","18609978","18610283","KQ053421v1","5610673","5610968","73","12999305"
"JH378109","18752653","18752948","KQ053421v1","5610673","5610968","83","13141980"
"JH378109","18819218","18819533","KQ055267v1","513773","514088","80","18305445"
"JH378109","18825386","18825670","KQ053421v1","5610673","5610968","75","13214713"
"JH378109","18947440","18947737","KQ053421v1","5610673","5610968","76","13336767"
"JH378109","19049896","19050142","KQ058509v1","24058","24271","75","19025838"
"JH378109","19319179","19319461","KQ053421v1","5610673","5610968","84","13708506"
"JH378109","19481760","19482072","KQ053421v1","5610673","5610968","93","13871087"
"JH378109","19516434","19516730","KQ053421v1","5610673","5610968","69","13905761"
"JH378109","19523606","19523902","KQ053421v1","5610673","5610968","74","13912933"
"JH378109","19524648","19524951","KQ055352v1","6003171","6003466","71","13521477"
"JH378109","19528002","19528127","KQ053398v1","2627781","2627909","38","16900221"
"JH378109","19534325","19534625","KQ053421v1","5610673","5610968","67","13923652"
"JH378109","19636323","19636635","KQ053421v1","5610673","5610968","82","14025650"
"JH378109","19723518","19723745","KQ058509v1","24058","24271","130","19699460"
"JH378109","19743609","19743915","KQ053421v1","5610673","5610968","79","14132936"
"JH378109","19828209","19828294","KQ056279v1","759081","759162","32","19069128"
"JH378109","19853797","19854069","KQ055862v1","1305285","1305561","90","18548512"
"JH378109","19877228","19877538","KQ058427v1","7786546","7786853","83","12090682"
"JH378109","19906235","19906449","KQ052982v1","2032903","2033097","61","17873332"
"JH378109","19938203","19938498","KQ053421v1","5610673","5610968","78","14327530"
"JH378109","20009508","20009809","KQ053421v1","5610673","5610968","72","14398835"
"JH378109","20018266","20018564","KQ053421v1","5610673","5610968","75","14407593"
"JH378109","20105110","20105276","KQ054510v1","7582269","7582431","50","12522841"
"JH378109","20168218","20168471","KQ058242v1","595939","596205","92","19572279"
"JH378109","20349932","20350243","KQ055352v1","6003171","6003466","81","14346761"
"JH378109","20423941","20424236","KQ053421v1","5610673","5610968","69","14813268"
"JH378109","20464204","20464511","KQ053421v1","5610673","5610968","80","14853531"
"JH378109","20506082","20506382","KQ053421v1","5610673","5610968","71","14895409"
"JH378109","20526326","20526636","KQ053421v1","5610673","5610968","79","14915653"
"JH378109","20706319","20706438","KQ053004v1","3064551","3064681","44","17641768"
"JH378109","20822178","20822489","KQ055267v1","513773","514088","75","20308405"
"JH378109","20856983","20857292","KQ055352v1","6003171","6003466","69","14853812"
"JH378109","20896966","20897234","KQ058339v1","4553625","4553889","92","16343341"
"JH378109","20898844","20899129","KQ058427v1","6786866","6787134","87","14111978"
"JH378109","21013940","21014250","KQ058427v1","7786546","7786853","73","13227394"
"JH378109","21113905","21114214","KQ053421v1","5610673","5610968","81","15503232"
"JH378109","21123275","21123585","KQ055267v1","513773","514088","72","20609502"
"JH378109","21158903","21159209","KQ053421v1","5610673","5610968","74","15548230"
"JH378109","21266337","21266605","KQ057186v1","783828","784085","73","20482509"
"JH378109","21527775","21528084","KQ055352v1","6003171","6003466","70","15524604"
"JH378109","21705525","21705807","KQ054815v1","2215557","2215844","85","19489968"
"JH378109","21791323","21791617","KQ053421v1","5610673","5610968","69","16180650"
"JH378109","21801252","21801559","KQ053421v1","5610673","5610968","74","16190579"
"JH378109","21910385","21910673","KQ058242v1","595939","596205","85","21314446"
"JH378109","22131774","22131989","KQ053234v1","1414405","1414609","69","20717369"
"JH378109","22210462","22210761","KQ053421v1","5610673","5610968","75","16599789"
"JH378109","22237711","22237943","KQ058242v1","595939","596205","84","21641772"
"JH378109","22237987","22238068","KQ058316v1","2226037","2226104","39","20011950"
"JH378109","22238951","22239257","KQ058427v1","7786546","7786853","75","14452405"
"JH378109","22337881","22338191","KQ053421v1","5610673","5610968","86","16727208"
"JH378109","22398396","22398693","KQ053421v1","5610673","5610968","71","16787723"
"JH378109","22456680","22456983","KQ053421v1","5610673","5610968","67","16846007"
"JH378109","22491280","22491448","KQ055978v1","4311984","4312161","49","18179296"
"JH378109","22542518","22542804","KQ053421v1","5610673","5610968","79","16931845"
"JH378109","22561399","22561712","KQ055267v1","513773","514088","78","22047626"
"JH378109","22585735","22585909","KQ058423v1","270754","270928","39","22314981"
"JH378109","23025602","23025820","KQ053752v1","8015097","8015288","69","15010505"
"JH378109","23088027","23088336","KQ053421v1","5610673","5610968","72","17477354"
"JH378109","23127089","23127373","KQ054815v1","2215557","2215844","82","20911532"
"JH378109","23232389","23232671","KQ054815v1","2215557","2215844","86","21016832"
"JH378109","23592038","23592302","KQ058242v1","595939","596205","73","22996099"
"JH378109","23598690","23598980","KQ053421v1","5610673","5610968","85","17988017"
"JH378109","23658470","23658762","KQ055352v1","6003171","6003466","86","17655299"
"JH378109","23819782","23820065","KQ053421v1","5610673","5610968","88","18209109"
"JH378109","23826685","23826983","KQ053421v1","5610673","5610968","97","18216012"
"JH378109","23844881","23845047","KQ054179v1","3404435","3404595","41","20440446"
"JH378109","23886723","23887021","KQ053421v1","5610673","5610968","70","18276050"
"JH378109","23929494","23929804","KQ055267v1","513773","514088","75","23415721"
"JH378109","23940063","23940373","KQ055352v1","6003171","6003466","72","17936892"
"JH378109","23946949","23947248","KQ053421v1","5610673","5610968","70","18336276"
"JH378109","23965988","23966323","KQ058427v1","7786546","7786853","104","16179442"
"JH378109","23968454","23968767","KQ055267v1","513773","514088","86","23454681"
"JH378109","23978392","23978682","KQ053421v1","5610673","5610968","77","18367719"
"JH378109","24038908","24039224","KQ055267v1","513773","514088","81","23525135"
"JH378109","24231465","24231776","KQ055352v1","6003171","6003466","73","18228294"
"JH378109","24290975","24291283","KQ055352v1","6003171","6003466","72","18287804"
"JH378109","24328824","24329130","KQ058242v1","595939","596205","93","23732885"
"JH378109","24367665","24367967","KQ055352v1","6003171","6003466","70","18364494"
"JH378109","24372371","24372667","KQ053421v1","5610673","5610968","66","18761698"
"JH378109","24391697","24392003","KQ055352v1","6003171","6003466","68","18388526"
"JH378109","24392745","24393040","KQ053421v1","5610673","5610968","78","18782072"
"JH378109","24393570","24393880","KQ055352v1","6003171","6003466","73","18390399"
"JH378109","24411808","24411943","KQ053398v1","2623748","2623879","31","21788060"
"JH378109","24493368","24493653","KQ058242v1","595939","596205","76","23897429"
"JH378109","24498933","24499195","KQ057901v1","868884","869144","84","23630049"
"JH378109","24514938","24515237","KQ053421v1","5610673","5610968","67","18904265"
"JH378109","24518611","24518893","KQ054713v1","1437239","1437526","75","23081372"
"JH378109","24539806","24540103","KQ053421v1","5610673","5610968","72","18929133"
"JH378109","24603040","24603361","KQ058394v1","9655127","9655422","91","14947913"
"JH378109","24710013","24710308","KQ053421v1","5610673","5610968","72","19099340"
"JH378109","24812340","24812618","KQ055862v1","1305285","1305561","92","23507055"
"JH378109","24858815","24859118","KQ053421v1","5610673","5610968","81","19248142"
"JH378109","24956992","24957255","KQ058242v1","595939","596205","71","24361053"
"JH378109","25003902","25004212","KQ055352v1","6003171","6003466","74","19000731"
"JH378109","25228079","25228385","KQ053421v1","5610673","5610968","77","19617406"
"JH378109","25239963","25240274","KQ055352v1","6003171","6003466","75","19236792"
"JH378109","25397428","25397736","KQ058427v1","7786546","7786853","73","17610882"
"JH378109","25527445","25527737","KQ053421v1","5610673","5610968","76","19916772"
"JH378109","25632705","25633016","KQ053421v1","5610673","5610968","85","20022032"
"JH378109","25633176","25633477","KQ053421v1","5610673","5610968","88","20022503"
"JH378109","25679952","25680242","KQ053421v1","5610673","5610968","76","20069279"
"JH378109","25807905","25808204","KQ053421v1","5610673","5610968","70","20197232"
"JH378109","25877026","25877322","KQ053421v1","5610673","5610968","67","20266353"
"JH378109","25961113","25961292","KQ053752v1","8015097","8015288","53","17946016"
"JH378109","25969193","25969468","KQ057186v1","783828","784085","74","25185365"
"JH378109","26032659","26032958","KQ053421v1","5610673","5610968","74","20421986"
"JH378109","26077034","26077333","KQ053421v1","5610673","5610968","80","20466361"
"JH378109","26101742","26101949","KQ058274v1","300327","300497","73","25801415"
"JH378109","26171176","26171471","KQ053421v1","5610673","5610968","72","20560503"
"JH378109","26247811","26248121","KQ053421v1","5610673","5610968","81","20637138"
"JH378109","26272310","26272583","KQ057901v1","868884","869144","88","25403426"
"JH378109","26285996","26286290","KQ053421v1","5610673","5610968","76","20675323"
"JH378109","26290737","26291039","KQ058427v1","7786546","7786853","78","18504191"
"JH378109","26311938","26312228","KQ053421v1","5610673","5610968","69","20701265"
"JH378109","26417041","26417337","KQ053421v1","5610673","5610968","80","20806368"
"JH378109","26418746","26419052","KQ055267v1","513773","514088","76","25904973"
"JH378109","26647128","26647297","KQ058350v1","9514178","9514352","37","17132950"
"JH378109","26669878","26670168","KQ053421v1","5610673","5610968","82","21059205"
"JH378109","26697659","26697963","KQ053421v1","5610673","5610968","82","21086986"
"JH378109","26711116","26711237","KQ056613v1","139721","139816","64","26571395"
"JH378109","26772049","26772178","KQ053398v1","2627781","2627909","31","24144268"
"JH378109","26791890","26792180","KQ053421v1","5610673","5610968","84","21181217"
"JH378109","27057862","27058168","KQ055352v1","6003171","6003466","70","21054691"
"JH378109","27122734","27123039","KQ053421v1","5610673","5610968","81","21512061"
"JH378109","27436315","27436618","KQ055352v1","6003171","6003466","73","21433144"
"JH378109","27487133","27487399","KQ058242v1","595939","596205","89","26891194"
"JH378109","27635593","27635884","KQ053421v1","5610673","5610968","80","22024920"
"JH378109","27636418","27636716","KQ053421v1","5610673","5610968","73","22025745"
"JH378109","27713141","27713423","KQ054815v1","2215557","2215844","74","25497584"
"JH378109","27733731","27734024","KQ053421v1","5610673","5610968","94","22123058"
"JH378109","27734172","27734459","KQ053421v1","5610673","5610968","79","22123499"
"JH378109","27809158","27809489","KQ055267v1","513773","514088","166","27295385"
"JH378109","27843218","27843523","KQ055352v1","6003171","6003466","70","21840047"
"JH378109","27847586","27847860","KQ055862v1","1305285","1305561","84","26542301"
"JH378109","28067672","28067981","KQ053421v1","5610673","5610968","75","22456999"
"JH378109","28463387","28463562","KQ055978v1","4311984","4312161","46","24151403"
"JH378109","28502387","28502695","KQ058427v1","7786546","7786853","77","20715841"
"JH378109","28634994","28635294","KQ053421v1","5610673","5610968","75","23024321"
"JH378109","28697176","28697482","KQ055352v1","6003171","6003466","68","22694005"
"JH378109","28706074","28706365","KQ053421v1","5610673","5610968","73","23095401"
"JH378109","28739590","28739879","KQ058242v1","595939","596205","82","28143651"
"JH378109","28863333","28863635","KQ055267v1","513773","514088","82","28349560"
"JH378109","28931762","28932059","KQ053421v1","5610673","5610968","72","23321089"
"JH378109","28966418","28966719","KQ055352v1","6003171","6003466","70","22963247"
"JH378109","28968351","28968653","KQ053421v1","5610673","5610968","86","23357678"
"JH378109","28973605","28973908","KQ055267v1","513773","514088","73","28459832"
"JH378109","29069620","29069918","KQ053421v1","5610673","5610968","69","23458947"
"JH378109","29078105","29078224","KQ056493v1","2043382","2043488","40","27034723"
"JH378109","29085023","29085256","KQ053587v1","1594956","1595153","107","27490067"
"JH378109","29085331","29085639","KQ055352v1","6003171","6003466","72","23082160"
"JH378109","29089928","29090215","KQ053421v1","5610673","5610968","71","23479255"
"JH378109","29099519","29099812","KQ053421v1","5610673","5610968","77","23488846"
"JH378109","29122557","29122854","KQ053421v1","5610673","5610968","70","23511884"
"JH378109","29153731","29154042","KQ055267v1","513773","514088","75","28639958"
"JH378109","29265084","29265342","KQ058242v1","595939","596205","81","28669145"
"JH378109","29328650","29328962","KQ053421v1","5610673","5610968","79","23717977"
"JH378109","29497961","29498245","KQ053421v1","5610673","5610968","79","23887288"
"JH378109","29498607","29498866","KQ057901v1","868884","869144","82","28629723"
"JH378109","29580457","29580758","KQ053421v1","5610673","5610968","75","23969784"
"JH378109","29805799","29806107","KQ058427v1","7786546","7786853","82","22019253"
"JH378109","29960585","29960893","KQ055352v1","6003171","6003466","71","23957414"
"JH378109","29982156","29982464","KQ055352v1","6003171","6003466","74","23978985"
"JH378109","29997114","29997425","KQ055267v1","513773","514088","78","29483341"
"JH378109","30008342","30008639","KQ053421v1","5610673","5610968","71","24397669"
"JH378109","30217260","30217566","KQ055352v1","6003171","6003466","70","24214089"
"JH378109","30401693","30402004","KQ053421v1","5610673","5610968","88","24791020"
"JH378109","30547971","30548278","KQ053421v1","5610673","5610968","82","24937298"
"JH378109","30604249","30604549","KQ053421v1","5610673","5610968","81","24993576"
"JH378109","31075380","31075678","KQ053421v1","5610673","5610968","90","25464707"
"JH378109","31096449","31096778","KQ053059v1","2548766","2549102","104","28547683"
"JH378109","31172397","31172686","KQ053421v1","5610673","5610968","93","25561724"
"JH378109","31208763","31209072","KQ055267v1","513773","514088","69","30694990"
"JH378109","31307620","31307916","KQ053421v1","5610673","5610968","79","25696947"
"JH378109","31312146","31312432","KQ053421v1","5610673","5610968","98","25701473"
"JH378109","31355388","31355678","KQ053421v1","5610673","5610968","74","25744715"
"JH378109","31406863","31407166","KQ053421v1","5610673","5610968","69","25796190"
"JH378109","31614966","31615255","KQ053421v1","5610673","5610968","75","26004293"
"JH378109","32018991","32019108","KQ052968v1","13665640","13665790","57","18353351"
"JH378109","32019209","32019361","KQ057684v1","168025","168203","65","31851184"
"JH378109","32088296","32088592","KQ053421v1","5610673","5610968","68","26477623"
"JH378109","32162009","32162253","KQ058242v1","595939","596205","86","31566070"
"JH378109","32357284","32357601","KQ055267v1","513773","514088","97","31843511"
"JH378109","32386512","32386793","KQ053421v1","5610673","5610968","95","26775839"
"JH378109","32412880","32413182","KQ053421v1","5610673","5610968","69","26802207"
"JH378109","32417049","32417352","KQ053421v1","5610673","5610968","71","26806376"
"JH378109","32506299","32506590","KQ053421v1","5610673","5610968","73","26895626"
"JH378109","32555005","32555153","KQ057161v1","453350","453459","52","32101655"
"JH378109","32558016","32558300","KQ054815v1","2215557","2215844","92","30342459"
"JH378109","32580332","32580634","KQ053421v1","5610673","5610968","69","26969659"
"JH378109","32583337","32583632","KQ053421v1","5610673","5610968","66","26972664"
"JH378109","32624015","32624317","KQ053421v1","5610673","5610968","70","27013342"
"JH378109","32726591","32726889","KQ053421v1","5610673","5610968","74","27115918"
"JH378109","32756859","32757162","KQ053421v1","5610673","5610968","72","27146186"
"JH378109","32759321","32759617","KQ053421v1","5610673","5610968","75","27148648"
"JH378109","32815509","32815804","KQ053421v1","5610673","5610968","74","27204836"
"JH378109","32835225","32835528","KQ053421v1","5610673","5610968","83","27224552"
"JH378109","32988131","32988430","KQ053421v1","5610673","5610968","69","27377458"
"JH378109","32996077","32996343","KQ053421v1","5610673","5610968","106","27385404"
"JH378109","32997161","32997306","KQ053004v1","3064551","3064681","43","29932610"
"JH378109","33019939","33020248","KQ055267v1","513773","514088","73","32506166"
"JH378109","33049535","33049829","KQ053421v1","5610673","5610968","84","27438862"
"JH378109","33074749","33074945","KQ052982v1","2032903","2033097","55","31041846"
"JH378109","33112578","33112885","KQ053421v1","5610673","5610968","81","27501905"
"JH378109","33173727","33173987","KQ053883v1","6938067","6938331","81","26235660"
"JH378109","33183425","33183740","KQ053421v1","5610673","5610968","86","27572752"
"JH378109","33237358","33237640","KQ058242v1","595939","596205","85","32641419"
"JH378109","33422171","33422478","KQ055267v1","513773","514088","81","32908398"
"JH378109","33449811","33450120","KQ055267v1","513773","514088","70","32936038"
"JH378109","33457826","33458135","KQ058427v1","7786546","7786853","74","25671280"
"JH378109","33558397","33558701","KQ055267v1","513773","514088","77","33044624"
"JH378109","33572463","33572773","KQ053421v1","5610673","5610968","76","27961790"
"JH378109","33596992","33597288","KQ053421v1","5610673","5610968","73","27986319"
"JH378109","33617608","33617909","KQ053421v1","5610673","5610968","77","28006935"
"JH378109","33627876","33628184","KQ055352v1","6003171","6003466","70","27624705"
"JH378109","33661001","33661301","KQ053421v1","5610673","5610968","73","28050328"
"JH378109","33678307","33678614","KQ055267v1","513773","514088","70","33164534"
"JH378109","33748216","33748523","KQ055267v1","513773","514088","68","33234443"
"JH378109","33772240","33772551","KQ055267v1","513773","514088","72","33258467"
"JH378109","33786574","33786694","KQ057449v1","1214348","1214489","46","32572226"
"JH378109","33825517","33825827","KQ055352v1","6003171","6003466","74","27822346"
"JH378109","33857928","33858050","KQ053398v1","2627781","2627909","52","31230147"
"JH378109","33897204","33897496","KQ053421v1","5610673","5610968","75","28286531"
"JH378109","33909239","33909380","KQ054510v1","7582269","7582431","49","26326970"
"JH378109","33920944","33921237","KQ053421v1","5610673","5610968","72","28310271"
"JH378109","33930778","33931073","KQ053421v1","5610673","5610968","68","28320105"
"JH378109","33938577","33938887","KQ055352v1","6003171","6003466","68","27935406"
"JH378109","33944574","33944884","KQ055352v1","6003171","6003466","74","27941403"
"JH378109","33957446","33957741","KQ053421v1","5610673","5610968","77","28346773"
"JH378109","33973605","33973860","KQ058242v1","595939","596205","80","33377666"
"JH378109","33976879","33977173","KQ053421v1","5610673","5610968","81","28366206"
"JH378109","34024419","34024762","KQ053421v1","5610673","5610968","111","28413746"
"JH378109","34584926","34585224","KQ053421v1","5610673","5610968","68","28974253"
"JH378109","34606490","34606800","KQ055352v1","6003171","6003466","67","28603319"
"JH378109","34613628","34613937","KQ055352v1","6003171","6003466","73","28610457"
"JH378109","34618014","34618323","KQ053421v1","5610673","5610968","76","29007341"
"JH378109","34656513","34656765","KQ057186v1","783828","784085","85","33872685"
"JH378109","34813673","34813981","KQ058427v1","7786546","7786853","85","27027127"
"JH378109","34884082","34884379","KQ053421v1","5610673","5610968","70","29273409"
"JH378109","34906536","34906846","KQ055352v1","6003171","6003466","75","28903365"
"JH378109","34916292","34916562","KQ058242v1","595939","596205","79","34320353"
"JH378109","34969606","34969912","KQ053421v1","5610673","5610968","84","29358933"
"JH378109","35048282","35048582","KQ055267v1","513773","514088","80","34534509"
"JH378109","35663475","35663780","KQ053421v1","5610673","5610968","74","30052802"
"JH378109","36027989","36028209","KQ053531v1","6571","6737","88","36021418"
"JH378109","36049681","36049989","KQ053421v1","5610673","5610968","75","30439008"
"JH378109","36145678","36145798","KQ053398v1","2623748","2623879","37","33521930"
"JH378109","36177159","36177449","KQ053421v1","5610673","5610968","81","30566486"
"JH378109","36402651","36402948","KQ053421v1","5610673","5610968","71","30791978"
"JH378109","36428117","36428425","KQ055267v1","513773","514088","75","35914344"
"JH378109","36502699","36503009","KQ058427v1","7786546","7786853","78","28716153"
"JH378109","36577519","36577825","KQ053421v1","5610673","5610968","91","30966846"
"JH378109","36615807","36616115","KQ058427v1","7786546","7786853","77","28829261"
"JH378109","36730393","36730701","KQ058427v1","7786546","7786853","79","28943847"
"JH378109","36897864","36898175","KQ055352v1","6003171","6003466","71","30894693"
"JH378109","36948410","36948558","KQ053398v1","2623748","2623879","46","34324662"
"JH378109","36949014","36949156","KQ054401v1","3363241","3363379","37","33585773"
"JH378109","36958075","36958381","KQ058427v1","7786546","7786853","79","29171529"
"JH378109","37010636","37010944","KQ058427v1","7786546","7786853","75","29224090"
"JH378109","37026367","37026678","KQ055352v1","6003171","6003466","71","31023196"
"JH378109","37101401","37101719","KQ058427v1","7786546","7786853","78","29314855"
"JH378109","37144742","37145046","KQ055352v1","6003171","6003466","85","31141571"
"JH378109","37264845","37265127","KQ058242v1","595939","596205","81","36668906"
"JH378109","37357893","37358157","KQ053421v1","5610673","5610968","93","31747220"
"JH378109","37408682","37408975","KQ053421v1","5610673","5610968","71","31798009"
"JH378109","37578518","37578827","KQ055352v1","6003171","6003466","74","31575347"
"JH378109","37809845","37810143","KQ053421v1","5610673","5610968","67","32199172"
"JH378109","38043506","38043814","KQ055352v1","6003171","6003466","72","32040335"
"JH378109","38077448","38077749","KQ053421v1","5610673","5610968","76","32466775"
"JH378109","38162721","38163018","KQ053421v1","5610673","5610968","70","32552048"
"JH378109","38348418","38348606","KQ058274v1","300327","300497","52","38048091"
"JH378109","38348707","38348834","KQ052968v1","13665640","13665790","56","24683067"
"JH378109","38521489","38521777","KQ053421v1","5610673","5610968","83","32910816"
"JH378109","38526573","38526868","KQ053421v1","5610673","5610968","95","32915900"
"JH378109","38545555","38545856","KQ053421v1","5610673","5610968","65","32934882"
"JH378109","38671007","38671264","KQ056321v1","575951","576190","88","38095056"
"JH378109","38679375","38679684","KQ055267v1","513773","514088","72","38165602"
"JH378109","39130367","39130660","KQ053421v1","5610673","5610968","75","33519694"
"JH378109","39160282","39160589","KQ055267v1","513773","514088","81","38646509"
"JH378109","39236504","39236802","KQ055267v1","513773","514088","83","38722731"
"JH378109","39238360","39238662","KQ053421v1","5610673","5610968","73","33627687"
"JH378109","39276186","39276493","KQ058427v1","7786546","7786853","72","31489640"
"JH378109","39319006","39319314","KQ053421v1","5610673","5610968","92","33708333"
"JH378109","39758380","39758677","KQ053421v1","5610673","5610968","79","34147707"
"JH378109","40048398","40048708","KQ058427v1","7786546","7786853","82","32261852"
"JH378109","40069690","40069998","KQ055267v1","513773","514088","77","39555917"
"JH378109","40094402","40094706","KQ055352v1","6003171","6003466","71","34091231"
"JH378109","40156978","40157278","KQ053421v1","5610673","5610968","71","34546305"
"JH378109","40304182","40304470","KQ053421v1","5610673","5610968","81","34693509"
"JH378109","40321973","40322247","KQ058242v1","595939","596205","72","39726034"
"JH378109","40396554","40396849","KQ053421v1","5610673","5610968","71","34785881"
"JH378109","40614039","40614340","KQ058427v1","7786546","7786853","73","32827493"
"JH378109","40684723","40685030","KQ058427v1","7786546","7786853","82","32898177"
"JH378109","40704308","40704583","KQ058242v1","595939","596205","69","40108369"
"JH378109","40721004","40721299","KQ053421v1","5610673","5610968","69","35110331"
"JH378109","40730824","40731128","KQ055352v1","6003171","6003466","68","34727653"
"JH378109","40799737","40800032","KQ053421v1","5610673","5610968","70","35189064"
"JH378109","40891306","40891623","KQ055267v1","513773","514088","81","40377533"
"JH378109","40959444","40959740","KQ053421v1","5610673","5610968","64","35348771"
"JH378109","40969393","40969683","KQ053421v1","5610673","5610968","68","35358720"
"JH378109","41160885","41161186","KQ053421v1","5610673","5610968","68","35550212"
"JH378109","41289125","41289403","KQ058640v1","643463","643729","81","40645662"
"JH378109","41331730","41332049","KQ055352v1","6003171","6003466","81","35328559"
"JH378109","41359770","41360061","KQ053421v1","5610673","5610968","93","35749097"
"JH378109","41412007","41412298","KQ053421v1","5610673","5610968","69","35801334"
"JH378109","41447485","41447776","KQ053421v1","5610673","5610968","76","35836812"
"JH378109","41521134","41521446","KQ053421v1","5610673","5610968","78","35910461"
"JH378109","41820792","41821112","KQ055267v1","513773","514088","99","41307019"
"JH378109","41827150","41827456","KQ053785v1","888769","889063","106","40938381"
"JH378109","41940290","41940599","KQ055267v1","513773","514088","76","41426517"
"JH378109","41978080","41978386","KQ055352v1","6003171","6003466","73","35974909"
"JH378109","42030190","42030498","KQ055352v1","6003171","6003466","71","36027019"
"JH378109","42060295","42060409","KQ053398v1","2623748","2623879","42","39436547"
"JH378109","42092732","42093028","KQ053421v1","5610673","5610968","94","36482059"
"JH378109","42198488","42198789","KQ053421v1","5610673","5610968","69","36587815"
"JH378109","42292979","42293276","KQ055267v1","513773","514088","95","41779206"
"JH378109","42410175","42410471","KQ058394v1","9655127","9655422","86","32755048"
"JH378109","42491223","42491511","KQ058242v1","595939","596205","79","41895284"
"JH378109","42529648","42529943","KQ053421v1","5610673","5610968","68","36918975"
"JH378109","42571686","42571844","KQ053398v1","2623748","2623879","56","39947938"
"JH378109","42792431","42792668","KQ055717v1","1610777","1611031","84","41181654"
"JH378109","42792724","42793050","KQ055267v1","513773","514088","98","42278951"
"JH378109","42837624","42837928","KQ053421v1","5610673","5610968","82","37226951"
"JH378109","42867109","42867410","KQ053421v1","5610673","5610968","68","37256436"
"JH378109","42873261","42873576","KQ058427v1","7786546","7786853","91","35086715"
"JH378109","42996238","42996539","KQ053421v1","5610673","5610968","91","37385565"
"JH378109","43033157","43033360","KQ052982v1","2032903","2033097","47","41000254"
"JH378109","43181866","43182175","KQ055267v1","513773","514088","74","42668093"
"JH378109","43228767","43229078","KQ055352v1","6003171","6003466","72","37225596"
"JH378109","43338398","43338694","KQ053421v1","5610673","5610968","77","37727725"
"JH378109","43606292","43606577","KQ053421v1","5610673","5610968","83","37995619"
"JH378109","43613314","43613545","KQ058509v1","24058","24271","74","43589256"
"JH378109","43632531","43632848","KQ055352v1","6003171","6003466","81","37629360"
"JH378109","43697101","43697434","KQ055267v1","513773","514088","101","43183328"
"JH378109","43745604","43745923","KQ053421v1","5610673","5610968","89","38134931"
"JH378109","43746704","43746983","KQ053421v1","5610673","5610968","97","38136031"
"JH378109","43940420","43940714","KQ055352v1","6003171","6003466","69","37937249"
"JH378109","43999063","43999352","KQ053421v1","5610673","5610968","75","38388390"
"JH378109","44156959","44157272","KQ055267v1","513773","514088","77","43643186"
"JH378109","44266496","44266795","KQ053421v1","5610673","5610968","72","38655823"
"JH378109","44292857","44293145","KQ053421v1","5610673","5610968","93","38682184"
"JH378109","44311660","44311958","KQ053421v1","5610673","5610968","98","38700987"
"JH378109","44319376","44319685","KQ055267v1","513773","514088","74","43805603"
"JH378109","44372708","44373000","KQ055352v1","6003171","6003466","77","38369537"
"JH378109","44409124","44409435","KQ055352v1","6003171","6003466","72","38405953"
"JH378109","44430232","44430533","KQ053421v1","5610673","5610968","71","38819559"
"JH378109","44628977","44629258","KQ054815v1","2215557","2215844","77","42413420"
"JH378109","44720966","44721197","KQ058509v1","24058","24271","75","44696908"
"JH378109","44794730","44794989","KQ058509v1","24058","24271","84","44770672"
"JH378109","44931031","44931339","KQ055352v1","6003171","6003466","67","38927860"
"JH378109","44961698","44962009","KQ055352v1","6003171","6003466","69","38958527"
"JH378109","44990652","44990962","KQ055267v1","513773","514088","72","44476879"
"JH378109","45012219","45012517","KQ053421v1","5610673","5610968","66","39401546"
"JH378109","45248218","45248544","KQ055267v1","513773","514088","83","44734445"
"JH378109","45326694","45327004","KQ055352v1","6003171","6003466","75","39323523"
"JH378109","45380941","45381209","KQ058242v1","595939","596205","73","44785002"
"JH378109","45427972","45428255","KQ054815v1","2215557","2215844","70","43212415"
"JH378109","45501148","45501443","KQ053421v1","5610673","5610968","71","39890475"
"JH378109","45592717","45593039","KQ053421v1","5610673","5610968","84","39982044"
"JH378109","45615564","45615868","KQ053421v1","5610673","5610968","80","40004891"
"JH378109","45618386","45618658","KQ058242v1","595939","596205","72","45022447"
"JH378109","45672603","45672830","ABDC02053644v1","2226","2419","90","45670377"
"JH378109","45886401","45886711","KQ055352v1","6003171","6003466","75","39883230"
"JH378109","45886902","45887204","KQ053421v1","5610673","5610968","71","40276229"
"JH378109","45904031","45904340","KQ053421v1","5610673","5610968","80","40293358"
"JH378109","45926381","45926684","KQ053421v1","5610673","5610968","74","40315708"
"JH378109","45998147","45998430","KQ053421v1","5610673","5610968","87","40387474"
"JH378109","46022671","46022968","KQ053421v1","5610673","5610968","67","40411998"
"JH378109","46032133","46032418","KQ053421v1","5610673","5610968","80","40421460"
"JH378109","46070569","46070819","KQ058505v1","2207051","2207301","73","43863518"
"JH378109","46169939","46170207","KQ053421v1","5610673","5610968","86","40559266"
"JH378109","46172528","46172819","KQ053421v1","5610673","5610968","85","40561855"
"JH378109","46224964","46225270","KQ053421v1","5610673","5610968","76","40614291"
"JH378109","46226842","46227149","KQ053421v1","5610673","5610968","69","40616169"
"JH378109","46379731","46380034","KQ053421v1","5610673","5610968","74","40769058"
"JH378109","46418158","46418444","KQ055352v1","6003171","6003466","92","40414987"
"JH378109","46577351","46577657","KQ053421v1","5610673","5610968","73","40966678"
"JH378109","47010723","47011019","KQ055352v1","6003171","6003466","79","41007552"
"JH378109","47142178","47142483","KQ053421v1","5610673","5610968","87","41531505"
"JH378109","47165068","47165378","KQ055267v1","513773","514088","68","46651295"
"JH378109","47421426","47421633","KQ055662v1","1890465","1890674","72","45530961"
"JH378109","47443025","47443333","KQ055267v1","513773","514088","71","46929252"
"JH378109","47765611","47765913","KQ053421v1","5610673","5610968","79","42154938"
"JH378109","47833679","47833961","KQ057909v1","9290159","9290423","158","38543520"
"JH378109","47987604","47987916","KQ055267v1","513773","514088","77","47473831"
"JH378109","47998706","47998998","KQ053421v1","5610673","5610968","76","42388033"
"JH378109","48408170","48408493","KQ053421v1","5610673","5610968","101","42797497"
"JH378109","48502919","48503062","KQ056920v1","183120","183261","42","48319799"
"JH378109","48530925","48531196","KQ057901v1","868884","869144","85","47662041"
"JH378109","48564979","48565287","KQ058427v1","7786546","7786853","71","40778433"
"JH378109","48566469","48566768","KQ053421v1","5610673","5610968","68","42955796"
"JH378109","48588900","48589195","KQ053421v1","5610673","5610968","71","42978227"
"JH378109","48602195","48602444","KQ058242v1","595939","596205","82","48006256"
"JH378109","48633635","48633936","KQ053421v1","5610673","5610968","74","43022962"
"JH378109","48674918","48675184","KQ057186v1","783828","784085","71","47891090"
"JH378109","48705286","48705559","KQ057186v1","783828","784085","71","47921458"
"JH378109","48762280","48762437","KQ058428v1","1396698","1396861","50","47365582"
"JH378109","48768878","48769143","KQ058242v1","595939","596205","91","48172939"
"JH378109","48851355","48851669","KQ055352v1","6003171","6003466","75","42848184"
"JH378109","48882030","48882318","KQ053421v1","5610673","5610968","72","43271357"
"JH378109","48893140","48893267","KQ053398v1","2627781","2627909","41","46265359"
"JH378109","48909509","48909641","KQ053398v1","2623748","2623879","32","46285761"
"JH378109","48916138","48916419","KQ053421v1","5610673","5610968","73","43305465"
"JH378109","48936412","48936708","KQ053421v1","5610673","5610968","71","43325739"
"JH378109","48945565","48945648","KQ055903v1","238545","238616","27","48707020"
"JH378109","48947564","48947859","KQ053421v1","5610673","5610968","68","43336891"
"JH378109","48958856","48959145","KQ053421v1","5610673","5610968","72","43348183"
"JH378109","48994077","48994369","KQ055352v1","6003171","6003466","80","42990906"
"JH378109","48994508","48994799","KQ053421v1","5610673","5610968","82","43383835"
"JH378109","49028788","49029056","KQ058339v1","4553625","4553889","88","44475163"
"JH378109","49033711","49033929","KQ055662v1","1890465","1890674","64","47143246"
"JH378109","49083310","49083608","KQ053421v1","5610673","5610968","74","43472637"
"JH378109","49087120","49087427","KQ053421v1","5610673","5610968","83","43476447"
"JH378109","49108306","49108537","KQ058242v1","595939","596205","78","48512367"
"JH378109","49126556","49126855","KQ053421v1","5610673","5610968","72","43515883"
"JH378109","49140027","49140327","KQ053421v1","5610673","5610968","85","43529354"
"JH378109","49149025","49149328","KQ055267v1","513773","514088","71","48635252"
"JH378109","49153905","49154197","KQ053421v1","5610673","5610968","80","43543232"
"JH378109","49194377","49194675","KQ058427v1","7786546","7786853","80","41407831"
"JH378109","49210251","49210483","KQ055540v1","1957628","1957875","94","47252623"
"JH378109","49217946","49218174","KQ058505v1","2207051","2207301","90","47010895"
"JH378109","49219291","49219602","KQ055267v1","513773","514088","75","48705518"
"JH378109","49235042","49235344","KQ053421v1","5610673","5610968","76","43624369"
"JH378109","49256687","49256993","KQ055352v1","6003171","6003466","71","43253516"
"JH378109","49278937","49279239","KQ053421v1","5610673","5610968","68","43668264"
"JH378109","49293615","49293912","KQ053421v1","5610673","5610968","81","43682942"
"JH378109","49349362","49349639","KQ053421v1","5610673","5610968","88","43738689"
"JH378109","49364184","49364476","KQ053421v1","5610673","5610968","82","43753511"
"JH378109","49377071","49377369","KQ053421v1","5610673","5610968","78","43766398"
"JH378109","49380642","49380938","KQ058427v1","7786546","7786853","81","41594096"
"JH378109","49391847","49392151","KQ058427v1","7786546","7786853","76","41605301"
"JH378109","49399967","49400262","KQ053421v1","5610673","5610968","81","43789294"
"JH378109","49403705","49404016","KQ055352v1","6003171","6003466","73","43400534"
"JH378109","49412351","49412656","KQ053421v1","5610673","5610968","71","43801678"
"JH378109","49443861","49444199","KQ053135v1","5034940","5035266","98","44408921"
"JH378109","49446673","49446970","KQ053421v1","5610673","5610968","74","43836000"
"JH378109","49451208","49451508","KQ053421v1","5610673","5610968","70","43840535"
"JH378109","49487496","49487801","KQ053421v1","5610673","5610968","71","43876823"
"JH378109","49493050","49493343","KQ053421v1","5610673","5610968","78","43882377"
"JH378109","49505280","49505509","KQ052982v1","2032903","2033097","61","47472377"
"JH378109","49596815","49597114","KQ053421v1","5610673","5610968","82","43986142"
"JH378109","49697002","49697298","KQ053421v1","5610673","5610968","77","44086329"
"JH378109","49884025","49884336","KQ055267v1","513773","514088","75","49370252"
"JH378109","49908774","49908966","KQ056064v1","326763","326940","56","49582011"
"JH378109","50274065","50274355","KQ053421v1","5610673","5610968","73","44663392"
"JH378109","50288934","50289222","KQ053421v1","5610673","5610968","75","44678261"
"JH378109","50389386","50389643","KQ058242v1","595939","596205","65","49793447"
"JH378109","50454732","50454911","KQ056064v1","326763","326940","49","50127969"
"JH378109","50456227","50456529","KQ053421v1","5610673","5610968","69","44845554"
"JH378109","50593931","50594059","KQ053398v1","2623748","2623879","44","47970183"
"JH378109","50594063","50594120","KQ058527v1","2766831","2766880","31","47827232"
"JH378109","50676050","50676271","KQ055662v1","1890465","1890674","67","48785585"
"JH378109","50710015","50710327","KQ055267v1","513773","514088","82","50196242"
"JH378109","50728409","50728687","KQ058242v1","595939","596205","72","50132470"
"JH378109","50747285","50747578","KQ053421v1","5610673","5610968","66","45136612"
"JH378110","11140986","11141287","KQ053421v1","5610673","5610968","68","5530313"
"JH378110","12975923","12976222","KQ053421v1","5610673","5610968","63","7365250"
"JH378110","28835739","28835897","KQ053398v1","2623748","2623879","60","26211991"
"JH378110","35258259","35258563","KQ053421v1","5610673","5610968","69","29647586"
"JH378110","37486453","37486664","KQ058274v1","300327","300497","71","37186126"
"JH378110","105037","105167","KQ053398v1","2623748","2623879","30","2518711"
"JH378110","642955","643243","KQ053421v1","5610673","5610968","73","4967718"
"JH378110","787001","787293","KQ053421v1","5610673","5610968","89","4823672"
"JH378110","1004334","1004614","KQ053421v1","5610673","5610968","79","4606339"
"JH378110","1055252","1055550","KQ053421v1","5610673","5610968","76","4555421"
"JH378110","1096602","1096913","KQ053421v1","5610673","5610968","90","4514071"
"JH378110","1109388","1109664","KQ053421v1","5610673","5610968","87","4501285"
"JH378110","1146340","1146648","KQ055352v1","6003171","6003466","82","4856831"
"JH378110","1194481","1194775","KQ053421v1","5610673","5610968","87","4416192"
"JH378110","1412063","1412280","KQ055662v1","1890465","1890674","80","478402"
"JH378110","1426307","1426596","KQ053421v1","5610673","5610968","74","4184366"
"JH378110","1443836","1444141","KQ058427v1","7786546","7786853","75","6342710"
"JH378110","1466845","1467111","KQ058339v1","4553625","4553889","83","3086780"
"JH378110","1502263","1502560","KQ053421v1","5610673","5610968","83","4108410"
"JH378110","1509149","1509445","KQ053421v1","5610673","5610968","73","4101524"
"JH378110","1513838","1514134","KQ053421v1","5610673","5610968","84","4096835"
"JH378110","1617172","1617403","KQ058242v1","595939","596205","81","1021233"
"JH378110","2000849","2001165","KQ053421v1","5610673","5610968","87","3609824"
"JH378110","2060080","2060224","KQ056911v1","1421731","1421862","40","638349"
"JH378110","2346752","2347062","KQ053421v1","5610673","5610968","77","3263921"
"JH378110","2365856","2366080","KQ055662v1","1890465","1890674","71","475391"
"JH378110","2532898","2533043","KQ054401v1","3363241","3363379","47","830343"
"JH378110","2728987","2729294","KQ053421v1","5610673","5610968","77","2881686"
"JH378110","2936280","2936577","KQ055267v1","513773","514088","77","2422507"
"JH378110","3068388","3068681","KQ053421v1","5610673","5610968","79","2542285"
"JH378110","3131555","3131853","KQ053421v1","5610673","5610968","67","2479118"
"JH378110","3236171","3236467","KQ053421v1","5610673","5610968","76","2374502"
"JH378110","3702097","3702394","KQ053421v1","5610673","5610968","76","1908576"
"JH378110","4098213","4098515","KQ053421v1","5610673","5610968","78","1512460"
"JH378110","4228624","4228907","KQ053421v1","5610673","5610968","77","1382049"
"JH378110","4569743","4570040","KQ053421v1","5610673","5610968","74","1040930"
"JH378110","4676479","4676767","KQ053421v1","5610673","5610968","75","934194"
"JH378110","4766691","4766915","KQ058242v1","595939","596205","88","4170752"
"JH378110","5095602","5095878","KQ057186v1","783828","784085","82","4311774"
"JH378110","5230254","5230562","KQ058427v1","7786546","7786853","74","2556292"
"JH378110","5695191","5695493","KQ053421v1","5610673","5610968","66","84518"
"JH378110","5836482","5836623","KQ053398v1","2623748","2623879","61","3212734"
"JH378110","5876120","5876419","KQ053421v1","5610673","5610968","76","265447"
"JH378110","5896537","5896834","KQ053421v1","5610673","5610968","86","285864"
"JH378110","5928310","5928591","KQ053421v1","5610673","5610968","80","317637"
"JH378110","6060206","6060389","KQ053234v1","1679581","1679757","46","4380625"
"JH378110","6272774","6272945","KQ058423v1","270754","270928","39","6002020"
"JH378110","6276780","6277087","KQ055267v1","513773","514088","75","5763007"
"JH378110","6284478","6284669","KQ058594v1","1033101","1033292","52","5251377"
"JH378110","6286073","6286367","KQ058427v1","7786546","7786853","99","1500473"
"JH378110","6340759","6341056","KQ053421v1","5610673","5610968","65","730086"
"JH378110","6439585","6439865","KQ053421v1","5610673","5610968","85","828912"
"JH378110","6784047","6784357","KQ053421v1","5610673","5610968","85","1173374"
"JH378110","6969017","6969306","KQ055862v1","1305285","1305561","77","5663732"
"JH378110","6998072","6998404","KQ058427v1","7786546","7786853","101","788474"
"JH378110","7030895","7031188","KQ053421v1","5610673","5610968","81","1420222"
"JH378110","7206489","7206791","KQ053421v1","5610673","5610968","75","1595816"
"JH378110","7220499","7220801","KQ055352v1","6003171","6003466","83","1217328"
"JH378110","7247400","7247715","KQ053421v1","5610673","5610968","79","1636727"
"JH378110","7286443","7286734","KQ053421v1","5610673","5610968","81","1675770"
"JH378110","7329109","7329411","KQ053421v1","5610673","5610968","85","1718436"
"JH378110","7355151","7355414","KQ058242v1","595939","596205","72","6759212"
"JH378110","7388347","7388639","KQ053421v1","5610673","5610968","77","1777674"
"JH378110","7428635","7428940","KQ053421v1","5610673","5610968","74","1817962"
"JH378110","7450352","7450625","KQ058242v1","595939","596205","78","6854413"
"JH378110","7549066","7549361","KQ053421v1","5610673","5610968","94","1938393"
"JH378110","7635160","7635453","KQ053421v1","5610673","5610968","83","2024487"
"JH378110","7898142","7898267","KQ053398v1","2623748","2623879","39","5274394"
"JH378110","7922827","7923170","KQ055267v1","513773","514088","100","7409054"
"JH378110","8066876","8067169","KQ058427v1","6786866","6787134","91","1280010"
"JH378110","8072735","8072999","KQ057186v1","783828","784085","77","7288907"
"JH378110","8142402","8142691","KQ053421v1","5610673","5610968","71","2531729"
"JH378110","8143523","8143837","KQ055352v1","6003171","6003466","77","2140352"
"JH378110","8145624","8145907","KQ053421v1","5610673","5610968","85","2534951"
"JH378110","8182447","8182739","KQ058427v1","7786546","7786853","92","395901"
"JH378110","8209854","8210160","KQ053421v1","5610673","5610968","81","2599181"
"JH378110","8232016","8232308","KQ053421v1","5610673","5610968","80","2621343"
"JH378110","8277302","8277571","KQ058242v1","595939","596205","75","7681363"
"JH378110","8328356","8328558","KQ058594v1","5950443","5950621","61","2377913"
"JH378110","8332249","8332537","KQ053421v1","5610673","5610968","81","2721576"
"JH378110","8344548","8344848","KQ053421v1","5610673","5610968","74","2733875"
"JH378110","8576954","8577253","KQ053421v1","5610673","5610968","79","2966281"
"JH378110","8609685","8609813","KQ053398v1","2623748","2623879","36","5985937"
"JH378110","8634470","8634720","KQ058242v1","595939","596205","66","8038531"
"JH378110","8648217","8648535","KQ055267v1","513773","514088","85","8134444"
"JH378110","8665671","8665945","KQ057186v1","783828","784085","75","7881843"
"JH378110","8688310","8688600","KQ053421v1","5610673","5610968","78","3077637"
"JH378110","8689103","8689397","KQ053421v1","5610673","5610968","90","3078430"
"JH378110","8699565","8699859","KQ053421v1","5610673","5610968","85","3088892"
"JH378110","8746734","8746939","KQ052982v1","2032903","2033097","47","6713831"
"JH378110","8997599","8997894","KQ058339v1","4553625","4553889","98","4443974"
"JH378110","9463059","9463358","KQ053421v1","5610673","5610968","69","3852386"
"JH378110","9500338","9500645","KQ058427v1","7786546","7786853","85","1713792"
"JH378110","9610199","9610508","KQ053421v1","5610673","5610968","88","3999526"
"JH378110","9765496","9765786","KQ053421v1","5610673","5610968","84","4154823"
"JH378110","9843189","9843490","KQ053421v1","5610673","5610968","82","4232516"
"JH378110","9974771","9975075","KQ053421v1","5610673","5610968","84","4364098"
"JH378110","10081524","10081833","KQ053421v1","5610673","5610968","75","4470851"
"JH378110","10100173","10100477","KQ053421v1","5610673","5610968","65","4489500"
"JH378110","10265065","10265377","KQ055267v1","513773","514088","82","9751292"
"JH378110","10490804","10491100","KQ053421v1","5610673","5610968","77","4880131"
"JH378110","10526933","10527231","KQ053421v1","5610673","5610968","72","4916260"
"JH378110","10558993","10559304","KQ055267v1","513773","514088","76","10045220"
"JH378110","10606090","10606388","KQ053421v1","5610673","5610968","81","4995417"
"JH378110","10607492","10607774","KQ053421v1","5610673","5610968","84","4996819"
"JH378110","10727972","10728277","KQ055267v1","513773","514088","79","10214199"
"JH378110","10782418","10782698","KQ053421v1","5610673","5610968","88","5171745"
"JH378110","10877483","10877625","KQ056911v1","1421731","1421862","40","9455752"
"JH378110","10886976","10887277","KQ053421v1","5610673","5610968","73","5276303"
"JH378110","10956008","10956319","KQ058427v1","7786546","7786853","75","3169462"
"JH378110","10960148","10960420","KQ057186v1","783828","784085","80","10176320"
"JH378110","10960474","10960708","KQ053234v1","1414405","1414609","73","9546069"
"JH378110","10987486","10987769","KQ053421v1","5610673","5610968","87","5376813"
"JH378110","10995591","10995905","KQ055267v1","513773","514088","75","10481818"
"JH378110","11011357","11011661","KQ055352v1","6003171","6003466","67","5008186"
"JH378110","11020542","11020820","KQ053421v1","5610673","5610968","88","5409869"
"JH378110","11050090","11050375","KQ053421v1","5610673","5610968","75","5439417"
"JH378110","11051499","11051804","KQ053421v1","5610673","5610968","72","5440826"
"JH378110","11053544","11053853","KQ058427v1","7786546","7786853","76","3266998"
"JH378110","11130323","11130640","KQ055352v1","6003171","6003466","79","5127152"
"JH378110","11184418","11184708","KQ053421v1","5610673","5610968","71","5573745"
"JH378110","11191561","11191873","KQ053421v1","5610673","5610968","78","5580888"
"JH378110","11212479","11212789","KQ055267v1","513773","514088","75","10698706"
"JH378110","11263893","11264256","KQ056321v1","575951","576190","194","10687942"
"JH378110","11273671","11273942","KQ058640v1","643463","643729","83","10630208"
"JH378110","11273947","11274077","KQ053398v1","2623748","2623879","34","8650199"
"JH378110","11308931","11309225","KQ053421v1","5610673","5610968","71","5698258"
"JH378110","11312796","11313087","KQ053421v1","5610673","5610968","80","5702123"
"JH378110","11415089","11415230","KQ056920v1","183120","183261","38","11231969"
"JH378110","11452820","11453117","KQ053421v1","5610673","5610968","80","5842147"
"JH378110","11461017","11461331","KQ053421v1","5610673","5610968","87","5850344"
"JH378110","11573381","11573522","KQ053398v1","2623748","2623879","52","8949633"
"JH378110","11594714","11595013","KQ053421v1","5610673","5610968","74","5984041"
"JH378110","11695963","11696268","KQ053421v1","5610673","5610968","80","6085290"
"JH378110","11988925","11989218","KQ053421v1","5610673","5610968","75","6378252"
"JH378110","12035565","12035747","KQ054179v1","3404435","3404595","42","8631130"
"JH378110","12083631","12083900","KQ057186v1","783828","784085","80","11299803"
"JH378110","12203013","12203318","KQ055267v1","513773","514088","72","11689240"
"JH378110","12371347","12371577","KQ053234v1","1414405","1414609","71","10956942"
"JH378110","12571795","12572100","KQ053421v1","5610673","5610968","66","6961122"
"JH378110","12576674","12576949","KQ057901v1","868884","869144","89","11707790"
"JH378110","12838096","12838386","KQ055267v1","513773","514088","86","12324323"
"JH378110","12925086","12925368","KQ053421v1","5610673","5610968","89","7314413"
"JH378110","12958735","12958925","KQ058350v1","9514178","9514352","52","3444557"
"JH378110","12965625","12965914","KQ053421v1","5610673","5610968","71","7354952"
"JH378110","12970685","12970824","KQ053398v1","2623748","2623879","34","10346937"
"JH378110","12975162","12975466","KQ053421v1","5610673","5610968","77","7364489"
"JH378110","13002206","13002431","KQ055662v1","1890465","1890674","68","11111741"
"JH378110","13009124","13009402","KQ058339v1","4553625","4553889","73","8455499"
"JH378110","13026047","13026211","KQ058423v1","270754","270928","53","12755293"
"JH378110","13029787","13030097","KQ055352v1","6003171","6003466","74","7026616"
"JH378110","13058608","13058896","KQ053421v1","5610673","5610968","81","7447935"
"JH378110","13071780","13072109","KQ055352v1","6003171","6003466","94","7068609"
"JH378110","13077127","13077439","KQ053421v1","5610673","5610968","73","7466454"
"JH378110","13120625","13120935","KQ055267v1","513773","514088","79","12606852"
"JH378110","13149158","13149464","KQ053421v1","5610673","5610968","77","7538485"
"JH378110","13175763","13176071","KQ055267v1","513773","514088","80","12661990"
"JH378110","13293223","13293526","KQ055267v1","513773","514088","77","12779450"
"JH378110","13300056","13300303","KQ058509v1","24058","24271","83","13275998"
"JH378110","13314125","13314378","KQ058242v1","595939","596205","79","12718186"
"JH378110","13332741","13333036","KQ053421v1","5610673","5610968","84","7722068"
"JH378110","13336114","13336395","KQ053421v1","5610673","5610968","86","7725441"
"JH378110","13348934","13349244","KQ058427v1","7786546","7786853","76","5562388"
"JH378110","13631878","13632168","KQ053421v1","5610673","5610968","83","8021205"
"JH378110","13641679","13641886","KQ053234v1","1679581","1679757","71","11962098"
"JH378110","13643945","13644226","KQ058242v1","595939","596205","78","13048006"
"JH378110","13678877","13679151","KQ058242v1","595939","596205","75","13082938"
"JH378110","13713804","13714122","KQ053059v1","2548766","2549102","98","11165038"
"JH378110","13733332","13733642","KQ053421v1","5610673","5610968","99","8122659"
"JH378110","13769621","13769870","KQ053883v1","6938067","6938331","86","6831554"
"JH378110","13781154","13781446","KQ055862v1","1305285","1305561","87","12475869"
"JH378110","13814388","13814673","KQ053421v1","5610673","5610968","85","8203715"
"JH378110","13891277","13891555","KQ053421v1","5610673","5610968","80","8280604"
"JH378110","14003591","14003748","KQ058428v1","1396698","1396861","59","12606893"
"JH378110","14070242","14070530","KQ053421v1","5610673","5610968","85","8459569"
"JH378110","14073351","14073640","KQ053421v1","5610673","5610968","68","8462678"
"JH378110","14159632","14159934","KQ053421v1","5610673","5610968","71","8548959"
"JH378110","14488559","14488723","KQ054954v1","1680710","1680882","39","12807849"
"JH378110","14581505","14581805","KQ053421v1","5610673","5610968","83","8970832"
"JH378110","14765744","14765899","KQ053993v1","1251070","1251235","41","13514674"
"JH378110","14775295","14775596","KQ055352v1","6003171","6003466","77","8772124"
"JH378110","15048819","15049124","KQ055267v1","513773","514088","81","14535046"
"JH378110","15087023","15087334","KQ055352v1","6003171","6003466","89","9083852"
"JH378110","15315952","15316172","KQ053234v1","1414405","1414609","59","13901547"
"JH378110","15369273","15369564","KQ053421v1","5610673","5610968","101","9758600"
"JH378110","15392121","15392352","KQ058242v1","595939","596205","84","14796182"
"JH378110","15432044","15432188","KQ052968v1","13665640","13665790","52","1766404"
"JH378110","15461004","15461312","KQ053421v1","5610673","5610968","78","9850331"
"JH378110","15658954","15659204","KQ058242v1","595939","596205","77","15063015"
"JH378110","15713234","15713536","KQ053421v1","5610673","5610968","80","10102561"
"JH378110","15859824","15860128","KQ053421v1","5610673","5610968","80","10249151"
"JH378110","15934807","15935105","KQ053421v1","5610673","5610968","69","10324134"
"JH378110","15996751","15997036","KQ053421v1","5610673","5610968","84","10386078"
"JH378110","16221306","16221465","KQ058428v1","1396698","1396861","48","14824608"
"JH378110","16259703","16260013","KQ055267v1","513773","514088","76","15745930"
"JH378110","16402036","16402320","KQ058427v1","7786546","7786853","92","8615490"
"JH378110","16458931","16459179","KQ058242v1","595939","596205","78","15862992"
"JH378110","16460245","16460529","KQ055352v1","6003171","6003466","93","10457074"
"JH378110","16468181","16468486","KQ055352v1","6003171","6003466","71","10465010"
"JH378110","16489192","16489388","KQ053234v1","1679581","1679757","53","14809611"
"JH378110","16518498","16518779","KQ058242v1","595939","596205","81","15922559"
"JH378110","16737552","16737707","KQ053398v1","2627781","2627909","69","14109771"
"JH378110","16874979","16875281","KQ053421v1","5610673","5610968","73","11264306"
"JH378110","16940046","16940327","KQ053421v1","5610673","5610968","74","11329373"
"JH378110","16966078","16966382","KQ053421v1","5610673","5610968","89","11355405"
"JH378110","17007485","17007640","KQ058638v1","1837830","1837985","34","15169655"
"JH378110","17059516","17059837","KQ053421v1","5610673","5610968","86","11448843"
"JH378110","17310008","17310301","KQ053421v1","5610673","5610968","78","11699335"
"JH378110","17326854","17327159","KQ055267v1","513773","514088","72","16813081"
"JH378110","17723081","17723371","KQ053421v1","5610673","5610968","77","12112408"
"JH378110","17767883","17768146","KQ058505v1","2207051","2207301","87","15560832"
"JH378110","17773192","17773486","KQ053421v1","5610673","5610968","81","12162519"
"JH378110","17802775","17803057","KQ053421v1","5610673","5610968","70","12192102"
"JH378110","17820334","17820635","KQ053421v1","5610673","5610968","67","12209661"
"JH378110","17832960","17833273","KQ055267v1","513773","514088","75","17319187"
"JH378110","17844483","17844623","KQ054401v1","3363241","3363379","38","14481242"
"JH378110","17861316","17861616","KQ053421v1","5610673","5610968","64","12250643"
"JH378110","17868005","17868305","KQ053421v1","5610673","5610968","75","12257332"
"JH378110","18030931","18031140","ABDC02053644v1","2226","2419","76","18028705"
"JH378110","18031243","18031337","KQ058316v1","2226037","2226104","39","15805206"
"JH378110","18035368","18035677","KQ055352v1","6003171","6003466","71","12032197"
"JH378110","18152803","18153115","KQ058427v1","7786546","7786853","77","10366257"
"JH378110","18237463","18237765","KQ053421v1","5610673","5610968","59","12626790"
"JH378110","18245480","18245612","KQ053398v1","2623748","2623879","31","15621732"
"JH378110","18264839","18265125","KQ053421v1","5610673","5610968","75","12654166"
"JH378110","18412309","18412603","KQ053421v1","5610673","5610968","84","12801636"
"JH378110","18413452","18413731","KQ058242v1","595939","596205","87","17817513"
"JH378110","18535789","18536083","KQ058242v1","595939","596205","95","17939850"
"JH378110","18545008","18545271","KQ053421v1","5610673","5610968","93","12934335"
"JH378110","18566807","18567103","KQ053421v1","5610673","5610968","67","12956134"
"JH378110","18632909","18633034","KQ053398v1","2623748","2623879","34","16009161"
"JH378110","18664138","18664437","KQ053421v1","5610673","5610968","81","13053465"
"JH378110","18698141","18698440","KQ053421v1","5610673","5610968","84","13087468"
"JH378110","18762015","18762309","KQ053421v1","5610673","5610968","65","13151342"
"JH378110","18789101","18789392","KQ053421v1","5610673","5610968","74","13178428"
"JH378110","18935055","18935341","KQ058640v1","643463","643729","78","18291592"
"JH378110","18946830","18946927","KQ056279v1","759081","759162","35","18187749"
"JH378110","18969715","18970009","KQ053421v1","5610673","5610968","79","13359042"
"JH378110","18973058","18973364","KQ053421v1","5610673","5610968","85","13362385"
"JH378110","18985834","18986130","KQ053421v1","5610673","5610968","90","13375161"
"JH378110","19028773","19029054","KQ058242v1","595939","596205","85","18432834"
"JH378110","19048147","19048468","KQ055352v1","6003171","6003466","106","13044976"
"JH378110","19185062","19185361","KQ053421v1","5610673","5610968","80","13574389"
"JH378110","19296713","19296994","KQ053421v1","5610673","5610968","86","13686040"
"JH378110","19485397","19485708","KQ053421v1","5610673","5610968","81","13874724"
"JH378110","19488104","19488192","KQ056235v1","1266284","1266361","22","18221820"
"JH378110","19528720","19529017","KQ053421v1","5610673","5610968","76","13918047"
"JH378110","19665137","19665450","KQ053421v1","5610673","5610968","91","14054464"
"JH378110","19816685","19816998","KQ058427v1","7786546","7786853","84","12030139"
"JH378110","19838989","19839100","KQ056493v1","2043382","2043488","35","17795607"
"JH378110","19844582","19844817","KQ058242v1","595939","596205","78","19248643"
"JH378110","19849316","19849626","KQ055267v1","513773","514088","78","19335543"
"JH378110","19851575","19851729","KQ057161v1","453350","453459","71","19398225"
"JH378110","19891014","19891325","KQ055352v1","6003171","6003466","75","13887843"
"JH378110","19945218","19945500","KQ053421v1","5610673","5610968","94","14334545"
"JH378110","19948766","19949104","KQ058427v1","7786546","7786853","98","12162220"
"JH378110","19967431","19967718","KQ053421v1","5610673","5610968","77","14356758"
"JH378110","20086394","20086702","KQ053421v1","5610673","5610968","79","14475721"
"JH378110","20110967","20111259","KQ053421v1","5610673","5610968","84","14500294"
"JH378110","20235879","20236178","KQ055267v1","513773","514088","87","19722106"
"JH378110","20402338","20402643","KQ055267v1","513773","514088","81","19888565"
"JH378110","20410757","20411062","KQ055267v1","513773","514088","76","19896984"
"JH378110","20472239","20472523","KQ053421v1","5610673","5610968","83","14861566"
"JH378110","20512250","20512564","KQ058427v1","7786546","7786853","85","12725704"
"JH378110","20598365","20598698","KQ053421v1","5610673","5610968","100","14987692"
"JH378110","20866383","20866534","KQ054401v1","3363241","3363379","44","17503142"
"JH378110","20989653","20989871","KQ052982v1","2032903","2033097","64","18956750"
"JH378110","20997201","20997511","KQ053421v1","5610673","5610968","73","15386528"
"JH378110","21066894","21067203","KQ055267v1","513773","514088","81","20553121"
"JH378110","21255699","21255900","KQ052982v1","2032903","2033097","42","19222796"
"JH378110","21326914","21327237","KQ055267v1","513773","514088","100","20813141"
"JH378110","21346910","21347209","KQ053421v1","5610673","5610968","70","15736237"
"JH378110","21488551","21488855","KQ053421v1","5610673","5610968","67","15877878"
"JH378110","21520643","21520917","KQ057186v1","783828","784085","80","20736815"
"JH378110","21640009","21640332","KQ053421v1","5610673","5610968","93","16029336"
"JH378110","21659170","21659250","KQ056235v1","1266284","1266361","21","20392886"
"JH378110","21661034","21661325","KQ053421v1","5610673","5610968","72","16050361"
"JH378110","21817566","21817847","KQ053421v1","5610673","5610968","87","16206893"
"JH378110","21832028","21832331","KQ055267v1","513773","514088","68","21318255"
"JH378110","21901336","21901499","KQ058423v1","270754","270928","46","21630582"
"JH378110","22005380","22005647","KQ055862v1","1305285","1305561","68","20700095"
"JH378110","22023028","22023329","KQ053421v1","5610673","5610968","81","16412355"
"JH378110","22098884","22099181","KQ053421v1","5610673","5610968","73","16488211"
"JH378110","22117429","22117722","KQ053421v1","5610673","5610968","68","16506756"
"JH378110","22144429","22144727","KQ053421v1","5610673","5610968","71","16533756"
"JH378110","22158590","22158683","KQ056235v1","1266284","1266361","35","20892306"
"JH378110","22177666","22177909","KQ058242v1","595939","596205","88","21581727"
"JH378110","22218721","22219017","KQ053421v1","5610673","5610968","72","16608048"
"JH378110","22386913","22387216","KQ058427v1","7786546","7786853","90","14600367"
"JH378110","22425084","22425375","KQ053421v1","5610673","5610968","82","16814411"
"JH378110","22472555","22472865","KQ055352v1","6003171","6003466","86","16469384"
"JH378110","22491293","22491589","KQ053421v1","5610673","5610968","70","16880620"
"JH378110","22579112","22579404","KQ053421v1","5610673","5610968","83","16968439"
"JH378110","22593516","22593820","KQ053421v1","5610673","5610968","78","16982843"
"JH378110","22658824","22659118","KQ053421v1","5610673","5610968","67","17048151"
"JH378110","22718973","22719262","KQ053421v1","5610673","5610968","77","17108300"
"JH378110","22725844","22726142","KQ053421v1","5610673","5610968","77","17115171"
"JH378110","22900716","22901017","KQ053421v1","5610673","5610968","71","17290043"
"JH378110","23116605","23116911","KQ053421v1","5610673","5610968","71","17505932"
"JH378110","23180752","23181057","KQ053421v1","5610673","5610968","73","17570079"
"JH378110","23260727","23261028","KQ053421v1","5610673","5610968","69","17650054"
"JH378110","23601156","23601467","KQ055267v1","513773","514088","77","23087383"
"JH378110","23627601","23627900","KQ055352v1","6003171","6003466","66","17624430"
"JH378110","23700517","23700816","KQ053421v1","5610673","5610968","67","18089844"
"JH378110","23738991","23739289","KQ053421v1","5610673","5610968","69","18128318"
"JH378110","23801556","23801789","KQ058242v1","595939","596205","94","23205617"
"JH378110","24235535","24235848","KQ055267v1","513773","514088","80","23721762"
"JH378110","24317489","24317777","KQ053421v1","5610673","5610968","74","18706816"
"JH378110","24340994","24341301","KQ055352v1","6003171","6003466","67","18337823"
"JH378110","24437081","24437206","KQ053398v1","2623748","2623879","32","21813333"
"JH378110","24458851","24458970","KQ053398v1","2627781","2627909","44","21831070"
"JH378110","24711668","24711991","KQ055352v1","6003171","6003466","90","18708497"
"JH378110","24826004","24826314","KQ055267v1","513773","514088","74","24312231"
"JH378110","24961079","24961271","KQ058350v1","9514178","9514352","60","15446901"
"JH378110","24971486","24971784","KQ055352v1","6003171","6003466","70","18968315"
"JH378110","25056533","25056790","KQ058640v1","643463","643729","80","24413070"
"JH378110","25062470","25062770","KQ053421v1","5610673","5610968","69","19451797"
"JH378110","25274613","25274916","KQ058427v1","7786546","7786853","73","17488067"
"JH378110","25318153","25318283","KQ053398v1","2623748","2623879","32","22694405"
"JH378110","25370509","25370813","KQ053421v1","5610673","5610968","70","19759836"
"JH378110","25499299","25499613","KQ058427v1","7786546","7786853","87","17712753"
"JH378110","25521915","25522199","KQ058242v1","595939","596205","80","24925976"
"JH378110","25562247","25562476","KQ058594v1","5950443","5950621","89","19611804"
"JH378110","25563144","25563435","KQ053421v1","5610673","5610968","83","19952471"
"JH378110","25581317","25581619","KQ058427v1","7786546","7786853","73","17794771"
"JH378110","25592082","25592291","KQ056064v1","326763","326940","73","25265319"
"JH378110","25595220","25595536","KQ053421v1","5610673","5610968","84","19984547"
"JH378110","25620536","25620847","KQ055352v1","6003171","6003466","74","19617365"
"JH378110","25679619","25679919","KQ056321v1","575951","576190","166","25103668"
"JH378110","25729853","25730159","KQ055352v1","6003171","6003466","70","19726682"
"JH378110","25734056","25734340","KQ054815v1","2215557","2215844","77","23518499"
"JH378110","25736613","25736885","KQ055830v1","661716","661986","196","25074897"
"JH378110","25751245","25751529","KQ058242v1","595939","596205","85","25155306"
"JH378110","25765568","25765879","KQ055267v1","513773","514088","78","25251795"
"JH378110","25782977","25783272","KQ053421v1","5610673","5610968","73","20172304"
"JH378110","25811037","25811119","KQ056235v1","1266284","1266361","18","24544753"
"JH378110","25846353","25846529","KQ058350v1","9514178","9514352","35","16332175"
"JH378110","25878942","25879237","KQ053421v1","5610673","5610968","67","20268269"
"JH378110","25900674","25900976","KQ053421v1","5610673","5610968","67","20290001"
"JH378110","25925890","25926213","KQ055267v1","513773","514088","94","25412117"
"JH378110","25941511","25941804","KQ053421v1","5610673","5610968","71","20330838"
"JH378110","25990382","25990734","KQ053059v1","2548766","2549102","114","23441616"
"JH378110","26022667","26022987","KQ055267v1","513773","514088","82","25508894"
"JH378110","26082643","26082900","KQ054815v1","2215557","2215844","94","23867086"
"JH378110","26119906","26120045","KQ056920v1","183120","183261","31","25936786"
"JH378110","26172999","26173285","KQ053421v1","5610673","5610968","94","20562326"
"JH378110","26327826","26328137","KQ055352v1","6003171","6003466","68","20324655"
"JH378110","26385735","26386054","KQ055352v1","6003171","6003466","91","20382564"
"JH378110","26430167","26430479","KQ053421v1","5610673","5610968","78","20819494"
"JH378110","26675117","26675413","KQ053421v1","5610673","5610968","83","21064444"
"JH378110","26688911","26689219","KQ053421v1","5610673","5610968","83","21078238"
"JH378110","26690080","26690367","KQ053421v1","5610673","5610968","75","21079407"
"JH378110","26699748","26700052","KQ055352v1","6003171","6003466","71","20696577"
"JH378110","26710448","26710754","KQ055267v1","513773","514088","84","26196675"
"JH378110","26765718","26765981","KQ058242v1","595939","596205","74","26169779"
"JH378110","26805972","26806266","KQ053421v1","5610673","5610968","65","21195299"
"JH378110","26810360","26810555","KQ056064v1","326763","326940","63","26483597"
"JH378110","26840132","26840427","KQ053421v1","5610673","5610968","69","21229459"
"JH378110","26847389","26847581","KQ058594v1","1033101","1033292","54","25814288"
"JH378110","26910535","26910813","KQ054815v1","2215557","2215844","84","24694978"
"JH378110","27000374","27000680","KQ055352v1","6003171","6003466","70","20997203"
"JH378110","27030479","27030762","KQ053785v1","888769","889063","80","26141710"
"JH378110","27047174","27047476","KQ053421v1","5610673","5610968","72","21436501"
"JH378110","27126249","27126555","KQ055267v1","513773","514088","70","26612476"
"JH378110","27153443","27153755","KQ058427v1","7786546","7786853","73","19366897"
"JH378110","27179219","27179512","KQ053421v1","5610673","5610968","83","21568546"
"JH378110","27243464","27243684","KQ057186v1","783828","784085","93","26459636"
"JH378110","27255316","27255620","KQ053421v1","5610673","5610968","71","21644643"
"JH378110","27280503","27280803","KQ053421v1","5610673","5610968","75","21669830"
"JH378110","27315625","27315931","KQ053421v1","5610673","5610968","97","21704952"
"JH378110","27336434","27336729","KQ053421v1","5610673","5610968","64","21725761"
"JH378110","27341357","27341662","KQ053421v1","5610673","5610968","68","21730684"
"JH378110","27346340","27346635","KQ053421v1","5610673","5610968","64","21735667"
"JH378110","27458350","27458628","KQ053785v1","888769","889063","79","26569581"
"JH378110","27466614","27466911","KQ053421v1","5610673","5610968","71","21855941"
"JH378110","27526173","27526437","KQ058242v1","595939","596205","75","26930234"
"JH378110","27548156","27548451","KQ055862v1","1305285","1305561","77","26242871"
"JH378110","27799212","27799523","KQ055352v1","6003171","6003466","73","21796041"
"JH378110","27825674","27825968","KQ053421v1","5610673","5610968","66","22215001"
"JH378110","27826917","27827108","KQ053234v1","1679581","1679757","56","26147336"
"JH378110","27976005","27976317","KQ053421v1","5610673","5610968","83","22365332"
"JH378110","28056962","28057263","KQ058427v1","7786546","7786853","80","20270416"
"JH378110","28061775","28062070","KQ053421v1","5610673","5610968","70","22451102"
"JH378110","28088691","28088989","KQ053421v1","5610673","5610968","84","22478018"
"JH378110","28143477","28143758","KQ058242v1","595939","596205","83","27547538"
"JH378110","28200470","28200776","KQ053421v1","5610673","5610968","80","22589797"
"JH378110","28281762","28282065","KQ055352v1","6003171","6003466","72","22278591"
"JH378110","28352721","28353021","KQ053421v1","5610673","5610968","71","22742048"
"JH378110","28353383","28353608","ABDC02053644v1","2226","2419","86","28351157"
"JH378110","28378293","28378601","KQ055267v1","513773","514088","67","27864520"
"JH378110","28387460","28387710","KQ058509v1","24058","24271","76","28363402"
"JH378110","28439131","28439441","KQ058427v1","7786546","7786853","74","20652585"
"JH378110","28573789","28574072","KQ053421v1","5610673","5610968","91","22963116"
"JH378110","28733721","28733922","KQ058274v1","300327","300497","88","28433394"
"JH378110","28743288","28743574","KQ053421v1","5610673","5610968","83","23132615"
"JH378110","28752329","28752616","KQ053421v1","5610673","5610968","75","23141656"
"JH378110","28836969","28837285","KQ055267v1","513773","514088","80","28323196"
"JH378110","28931735","28932044","KQ055267v1","513773","514088","72","28417962"
"JH378110","28968990","28969124","KQ053398v1","2623748","2623879","36","26345242"
"JH378110","28978738","28978825","KQ056235v1","1266284","1266361","23","27712454"
"JH378110","29113715","29114020","KQ058427v1","7786546","7786853","78","21327169"
"JH378110","29125069","29125355","KQ053421v1","5610673","5610968","87","23514396"
"JH378110","29156691","29156961","KQ056321v1","575951","576190","92","28580740"
"JH378110","29177433","29177732","KQ053421v1","5610673","5610968","80","23566760"
"JH378110","29209518","29209746","KQ058242v1","595939","596205","82","28613579"
"JH378110","29226257","29226555","KQ053421v1","5610673","5610968","77","23615584"
"JH378110","29252779","29253076","KQ053421v1","5610673","5610968","79","23642106"
"JH378110","29301788","29302102","KQ053421v1","5610673","5610968","83","23691115"
"JH378110","29305844","29306147","KQ053421v1","5610673","5610968","80","23695171"
"JH378110","29357880","29358059","KQ054954v1","1680710","1680882","40","27677170"
"JH378110","29358160","29358272","KQ053398v1","2623748","2623879","41","26734412"
"JH378110","29395618","29395929","KQ058427v1","7786546","7786853","83","21609072"
"JH378110","29443315","29443621","KQ058427v1","7786546","7786853","75","21656769"
"JH378110","29507374","29507503","KQ053398v1","2627781","2627909","34","26879593"
"JH378110","29510520","29510815","KQ053421v1","5610673","5610968","70","23899847"
"JH378110","29532746","29533049","KQ053421v1","5610673","5610968","81","23922073"
"JH378110","29561705","29562001","KQ053421v1","5610673","5610968","78","23951032"
"JH378110","29600886","29601184","KQ053421v1","5610673","5610968","73","23990213"
"JH378110","29620338","29620626","KQ053421v1","5610673","5610968","77","24009665"
"JH378110","29620672","29620772","KQ053998v1","8863","8933","43","29611809"
"JH378110","29648519","29648623","KQ056279v1","759081","759162","35","28889438"
"JH378110","29652660","29652790","KQ053398v1","2627781","2627909","33","27024879"
"JH378110","29658926","29659238","KQ055267v1","513773","514088","73","29145153"
"JH378110","29660339","29660608","KQ055862v1","1305285","1305561","74","28355054"
"JH378110","29667834","29668132","KQ053421v1","5610673","5610968","79","24057161"
"JH378110","29691037","29691214","KQ053531v1","6571","6737","58","29684466"
"JH378110","29692161","29692209","KQ053234v1","1679807","1679838","24","28012354"
"JH378110","29704660","29704946","KQ053421v1","5610673","5610968","94","24093987"
"JH378110","29721044","29721239","KQ054954v1","1680710","1680882","53","28040334"
"JH378110","29731112","29731421","KQ053421v1","5610673","5610968","77","24120439"
"JH378110","29811720","29812003","KQ053883v1","6938067","6938331","97","22873653"
"JH378110","29825612","29825897","KQ055862v1","1305285","1305561","89","28520327"
"JH378110","29908552","29908844","KQ058427v1","6786866","6787134","82","23121686"
"JH378110","30049633","30049932","KQ055352v1","6003171","6003466","83","24046462"
"JH378110","30055769","30056061","KQ053421v1","5610673","5610968","85","24445096"
"JH378110","30070522","30070829","KQ055352v1","6003171","6003466","79","24067351"
"JH378110","30104006","30104158","KQ054401v1","3363241","3363379","48","26740765"
"JH378110","30166127","30166425","KQ053421v1","5610673","5610968","89","24555454"
"JH378110","30238292","30238602","KQ055267v1","513773","514088","71","29724519"
"JH378110","30240913","30241230","KQ055352v1","6003171","6003466","71","24237742"
"JH378110","30253522","30253813","KQ053421v1","5610673","5610968","74","24642849"
"JH378110","30347966","30348112","KQ054401v1","3363241","3363379","46","26984725"
"JH378110","30374527","30374751","KQ056064v1","326763","326940","83","30047764"
"JH378110","30388320","30388627","KQ053421v1","5610673","5610968","79","24777647"
"JH378110","30394502","30394646","KQ054401v1","3363241","3363379","39","27031261"
"JH378110","30423628","30423894","KQ058242v1","595939","596205","63","29827689"
"JH378110","30438922","30439043","KQ056493v1","2043382","2043488","49","28395540"
"JH378110","30448993","30449274","KQ053421v1","5610673","5610968","79","24838320"
"JH378110","30463470","30463551","KQ056235v1","1266284","1266361","22","29197186"
"JH378110","30463929","30463983","KQ058316v1","2226037","2226104","27","28237892"
"JH378110","30467205","30467333","KQ053398v1","2623748","2623879","31","27843457"
"JH378110","30471216","30471529","KQ053421v1","5610673","5610968","88","24860543"
"JH378110","30506777","30507074","KQ053421v1","5610673","5610968","91","24896104"
"JH378110","30531348","30531647","KQ053421v1","5610673","5610968","84","24920675"
"JH378110","30536780","30536877","KQ056279v1","759081","759162","30","29777699"
"JH378110","30548112","30548404","KQ053421v1","5610673","5610968","89","24937439"
"JH378110","30559719","30559879","KQ054510v1","7582269","7582431","40","22977450"
"JH378110","30568167","30568497","KQ058427v1","7786546","7786853","93","22781621"
"JH378110","30569843","30570145","KQ053421v1","5610673","5610968","71","24959170"
"JH378110","30590738","30590881","KQ053398v1","2623748","2623879","42","27966990"
"JH378110","30657330","30657629","KQ053421v1","5610673","5610968","69","25046657"
"JH378110","30660166","30660469","KQ053421v1","5610673","5610968","77","25049493"
"JH378110","30734325","30734585","KQ058242v1","595939","596205","86","30138386"
"JH378110","30769541","30769823","KQ058242v1","595939","596205","82","30173602"
"JH378110","30791873","30792005","KQ054401v1","3363241","3363379","35","27428632"
"JH378110","30792154","30792429","KQ058242v1","595939","596205","71","30196215"
"JH378110","30803301","30803607","KQ053421v1","5610673","5610968","88","25192628"
"JH378110","30893208","30893502","KQ053421v1","5610673","5610968","78","25282535"
"JH378110","30914891","30915136","KQ058505v1","2207051","2207301","95","28707840"
"JH378110","31018151","31018524","KQ053059v1","2548766","2549102","126","28469385"
"JH378110","31023700","31023865","KQ053398v1","2623748","2623879","66","28399952"
"JH378110","31082173","31082480","KQ055267v1","513773","514088","80","30568400"
"JH378110","31094255","31094542","KQ053421v1","5610673","5610968","88","25483582"
"JH378110","31133031","31133329","KQ053421v1","5610673","5610968","101","25522358"
"JH378110","31149240","31149545","KQ053421v1","5610673","5610968","75","25538567"
"JH378110","31161190","31161496","KQ055352v1","6003171","6003466","74","25158019"
"JH378110","31188446","31188675","KQ057186v1","783828","784085","92","30404618"
"JH378110","31205367","31205663","KQ053421v1","5610673","5610968","66","25594694"
"JH378110","31228147","31228452","KQ053421v1","5610673","5610968","78","25617474"
"JH378110","31233687","31233842","KQ053476v1","812335","812482","42","30421352"
"JH378110","31270945","31271217","KQ053421v1","5610673","5610968","83","25660272"
"JH378110","31313415","31313680","KQ058242v1","595939","596205","64","30717476"
"JH378110","31340102","31340404","KQ055267v1","513773","514088","83","30826329"
"JH378110","31342099","31342408","KQ058427v1","7786546","7786853","83","23555553"
"JH378110","31363631","31363917","KQ053421v1","5610673","5610968","79","25752958"
"JH378110","31406318","31406407","KQ058272v1","5924923","5924994","33","25481395"
"JH378110","31444010","31444364","KQ053059v1","2548766","2549102","113","28895244"
"JH378110","31542120","31542406","KQ053421v1","5610673","5610968","79","25931447"
"JH378110","31560053","31560369","KQ053135v1","5034940","5035266","83","26525113"
"JH378110","31620874","31621001","KQ053398v1","2623748","2623879","31","28997126"
"JH378110","31648653","31648812","KQ053398v1","2623748","2623879","62","29024905"
"JH378110","31805013","31805318","KQ055267v1","513773","514088","70","31291240"
"JH378110","31927015","31927297","KQ054815v1","2215557","2215844","76","29711458"
"JH378110","31959671","31959956","KQ058339v1","4553625","4553889","82","27406046"
"JH378110","31970576","31970907","KQ058427v1","7786546","7786853","160","24184030"
"JH378110","32031295","32031590","KQ053421v1","5610673","5610968","73","26420622"
"JH378110","32076076","32076287","KQ053234v1","1414405","1414609","67","30661671"
"JH378110","32108096","32108380","KQ058242v1","595939","596205","82","31512157"
"JH378110","32293941","32294242","KQ053421v1","5610673","5610968","69","26683268"
"JH378110","32319885","32320191","KQ053421v1","5610673","5610968","80","26709212"
"JH378110","32353220","32353490","KQ053883v1","6938067","6938331","87","25415153"
"JH378110","32362493","32362671","KQ058423v1","270754","270928","39","32091739"
"JH378110","32365163","32365331","KQ058428v1","1396698","1396861","53","30968465"
"JH378110","32381404","32381687","KQ058339v1","4553625","4553889","83","27827779"
"JH378110","32394511","32394785","KQ053421v1","5610673","5610968","82","26783838"
"JH378110","32426039","32426339","KQ053421v1","5610673","5610968","82","26815366"
"JH378110","32428892","32429168","KQ058339v1","4553625","4553889","92","27875267"
"JH378110","32505484","32505757","KQ058339v1","4553625","4553889","82","27951859"
"JH378110","32511982","32512270","KQ053421v1","5610673","5610968","75","26901309"
"JH378110","32578307","32578610","KQ053421v1","5610673","5610968","76","26967634"
"JH378110","32581071","32581373","KQ053421v1","5610673","5610968","73","26970398"
"JH378110","32604211","32604505","KQ053421v1","5610673","5610968","68","26993538"
"JH378110","32606671","32606948","KQ053421v1","5610673","5610968","79","26995998"
"JH378110","32650505","32650799","KQ053421v1","5610673","5610968","81","27039832"
"JH378110","32673771","32674064","KQ053421v1","5610673","5610968","76","27063098"
"JH378110","32728309","32728599","KQ058242v1","595939","596205","91","32132370"
"JH378110","32731009","32731306","KQ055267v1","513773","514088","80","32217236"
"JH378110","32735595","32735889","KQ053421v1","5610673","5610968","80","27124922"
"JH378110","32747734","32748025","KQ053421v1","5610673","5610968","78","27137061"
"JH378110","32828621","32828902","KQ053421v1","5610673","5610968","84","27217948"
"JH378110","32852659","32852961","KQ053421v1","5610673","5610968","75","27241986"
"JH378110","32860762","32861054","KQ053421v1","5610673","5610968","67","27250089"
"JH378110","32865465","32865776","KQ055352v1","6003171","6003466","76","26862294"
"JH378110","32902039","32902345","KQ053421v1","5610673","5610968","89","27291366"
"JH378110","32906533","32906833","KQ053421v1","5610673","5610968","72","27295860"
"JH378110","32956262","32956554","KQ053421v1","5610673","5610968","72","27345589"
"JH378110","32965702","32966008","KQ053421v1","5610673","5610968","84","27355029"
"JH378110","33050227","33050356","KQ053398v1","2623748","2623879","34","30426479"
"JH378110","33062703","33063001","KQ053421v1","5610673","5610968","69","27452030"
"JH378110","33161586","33161864","KQ053421v1","5610673","5610968","78","27550913"
"JH378110","33231330","33231580","KQ058242v1","595939","596205","89","32635391"
"JH378110","33430803","33431096","KQ053421v1","5610673","5610968","81","27820130"
"JH378110","33552453","33552749","KQ053421v1","5610673","5610968","84","27941780"
"JH378110","33586218","33586514","KQ053421v1","5610673","5610968","74","27975545"
"JH378110","33699207","33699481","KQ057186v1","783828","784085","73","32915379"
"JH378110","33722010","33722293","KQ053421v1","5610673","5610968","82","28111337"
"JH378110","33730334","33730639","KQ053421v1","5610673","5610968","72","28119661"
"JH378110","33956338","33956630","KQ053421v1","5610673","5610968","71","28345665"
"JH378110","33959670","33959905","KQ058242v1","595939","596205","85","33363731"
"JH378110","33975056","33975358","KQ055352v1","6003171","6003466","72","27971885"
"JH378110","34044448","34044760","KQ053421v1","5610673","5610968","95","28433775"
"JH378110","34176322","34176619","KQ053421v1","5610673","5610968","69","28565649"
"JH378110","34284790","34285104","KQ053421v1","5610673","5610968","107","28674117"
"JH378110","34408617","34408923","KQ053421v1","5610673","5610968","87","28797944"
"JH378110","34429196","34429502","KQ053421v1","5610673","5610968","82","28818523"
"JH378110","34790357","34790622","KQ053421v1","5610673","5610968","91","29179684"
"JH378110","34890149","34890310","KQ053993v1","1251070","1251235","49","33639079"
"JH378110","34897827","34898131","KQ053421v1","5610673","5610968","82","29287154"
"JH378110","34911589","34911719","KQ053398v1","2623748","2623879","31","32287841"
"JH378110","34913482","34913692","KQ054068v1","3638075","3638299","68","31275407"
"JH378110","34973300","34973637","KQ053059v1","2548766","2549102","97","32424534"
"JH378110","34988464","34988691","KQ055662v1","1890465","1890674","68","33097999"
"JH378110","34988967","34989047","KQ056235v1","1266284","1266361","21","33722683"
"JH378110","35026014","35026305","KQ053421v1","5610673","5610968","77","29415341"
"JH378110","35028955","35029249","KQ053421v1","5610673","5610968","68","29418282"
"JH378110","35073316","35073407","KQ056235v1","1266284","1266361","27","33807032"
"JH378110","35096681","35096946","KQ057186v1","783828","784085","87","34312853"
"JH378110","35097067","35097348","KQ053883v1","6938067","6938331","100","28159000"
"JH378110","35097774","35097949","KQ058350v1","9514178","9514352","43","25583596"
"JH378110","35119595","35119815","KQ055662v1","1890465","1890674","61","33229130"
"JH378110","35130355","35130515","KQ055914v1","670963","671119","50","34459392"
"JH378110","35222348","35222643","KQ053421v1","5610673","5610968","83","29611675"
"JH378110","35265794","35266089","KQ053421v1","5610673","5610968","69","29655121"
"JH378110","35332511","35332817","KQ055267v1","513773","514088","71","34818738"
"JH378110","35434701","35434987","KQ053421v1","5610673","5610968","86","29824028"
"JH378110","35437488","35437787","KQ053421v1","5610673","5610968","66","29826815"
"JH378110","35456587","35456888","KQ053421v1","5610673","5610968","70","29845914"
"JH378110","35475046","35475156","KQ056493v1","2043382","2043488","39","33431664"
"JH378110","35475270","35475457","KQ054954v1","1680710","1680882","50","33794560"
"JH378110","35526039","35526337","KQ053421v1","5610673","5610968","74","29915366"
"JH378110","35572155","35572280","KQ053398v1","2623748","2623879","33","32948407"
"JH378110","35577284","35577592","KQ053421v1","5610673","5610968","99","29966611"
"JH378110","35578084","35578395","KQ055267v1","513773","514088","73","35064311"
"JH378110","35580020","35580316","KQ053421v1","5610673","5610968","65","29969347"
"JH378110","35622105","35622388","KQ053421v1","5610673","5610968","85","30011432"
"JH378110","35638586","35638873","KQ053421v1","5610673","5610968","83","30027913"
"JH378110","35646646","35646935","KQ053421v1","5610673","5610968","72","30035973"
"JH378110","35647326","35647622","KQ053421v1","5610673","5610968","73","30036653"
"JH378110","35665812","35666104","KQ053421v1","5610673","5610968","84","30055139"
"JH378110","35675581","35675745","KQ053398v1","2623748","2623879","65","33051833"
"JH378110","35680535","35680755","KQ058427v1","11113103","11113283","89","24567432"
"JH378110","35699343","35699632","KQ053421v1","5610673","5610968","87","30088670"
"JH378110","35741272","35741566","KQ053421v1","5610673","5610968","80","30130599"
"JH378110","35758735","35758930","KQ053234v1","1414405","1414609","53","34344330"
"JH378110","35960852","35961166","KQ058427v1","7786546","7786853","76","28174306"
"JH378110","36068128","36068376","KQ058242v1","595939","596205","73","35472189"
"JH378110","36113931","36114157","KQ056064v1","326763","326940","89","35787168"
"JH378110","36267855","36268162","KQ053421v1","5610673","5610968","75","30657182"
"JH378110","36339963","36340177","KQ053234v1","1414405","1414609","77","34925558"
"JH378110","36351448","36351750","KQ053421v1","5610673","5610968","74","30740775"
"JH378110","36396396","36396704","KQ055352v1","6003171","6003466","73","30393225"
"JH378110","36487223","36487532","KQ058427v1","7786546","7786853","83","28700677"
"JH378110","36488568","36488661","KQ056235v1","1266284","1266361","30","35222284"
"JH378110","36502520","36502816","KQ053421v1","5610673","5610968","69","30891847"
"JH378110","36559755","36559895","KQ054401v1","3363241","3363379","35","33196514"
"JH378110","36644708","36645007","KQ053421v1","5610673","5610968","69","31034035"
"JH378110","36659330","36659633","KQ053421v1","5610673","5610968","72","31048657"
"JH378110","36689118","36689263","KQ053398v1","2623748","2623879","49","34065370"
"JH378110","36707054","36707229","KQ056064v1","326763","326940","57","36380291"
"JH378110","36707732","36707860","KQ054401v1","3363241","3363379","50","33344491"
"JH378110","36723331","36723616","KQ058242v1","595939","596205","79","36127392"
"JH378110","36725468","36725789","KQ055267v1","513773","514088","93","36211695"
"JH378110","36771551","36771860","KQ055352v1","6003171","6003466","73","30768380"
"JH378110","36773633","36773940","KQ058427v1","7786546","7786853","70","28987087"
"JH378110","36810281","36810587","KQ055352v1","6003171","6003466","72","30807110"
"JH378110","36815021","36815317","KQ053421v1","5610673","5610968","65","31204348"
"JH378110","36947188","36947478","KQ053421v1","5610673","5610968","73","31336515"
"JH378110","36947487","36947778","KQ055862v1","1305285","1305561","78","35642202"
"JH378110","36969192","36969496","KQ055267v1","513773","514088","69","36455419"
"JH378110","36992997","36993277","KQ053421v1","5610673","5610968","86","31382324"
"JH378110","37067844","37068158","KQ053421v1","5610673","5610968","100","31457171"
"JH378110","37076721","37077028","KQ053421v1","5610673","5610968","105","31466048"
"JH378110","37131093","37131373","KQ057186v1","783828","784085","84","36347265"
"JH378110","37136937","37137226","KQ058242v1","595939","596205","82","36540998"
"JH378110","37143760","37144070","KQ055267v1","513773","514088","79","36629987"
"JH378110","37781184","37781529","KQ055352v1","6003171","6003466","110","31778013"
"JH378110","37799825","37800121","KQ053421v1","5610673","5610968","73","32189152"
"JH378110","37837623","37837930","KQ053421v1","5610673","5610968","73","32226950"
"JH378110","37853891","37854207","KQ058427v1","7786546","7786853","83","30067345"
"JH378110","37854372","37854679","KQ053421v1","5610673","5610968","68","32243699"
"JH378110","37857996","37858287","KQ053421v1","5610673","5610968","70","32247323"
"JH378110","37862191","37862501","KQ055352v1","6003171","6003466","74","31859020"
"JH378110","37862986","37863286","KQ053421v1","5610673","5610968","72","32252313"
"JH378110","37907690","37907940","KQ058242v1","595939","596205","88","37311751"
"JH378110","37918333","37918609","KQ053421v1","5610673","5610968","82","32307660"
"JH378110","37947551","37947844","KQ053421v1","5610673","5610968","79","32336878"
"JH378110","38022722","38023017","KQ053421v1","5610673","5610968","83","32412049"
"JH378110","38048065","38048341","KQ053421v1","5610673","5610968","91","32437392"
"JH378110","38220836","38221145","KQ055267v1","513773","514088","74","37707063"
"JH378110","38424667","38424968","KQ053421v1","5610673","5610968","69","32813994"
"JH378110","38482998","38483314","KQ055267v1","513773","514088","90","37969225"
"JH378110","38624893","38625153","KQ057901v1","868884","869144","81","37756009"
"JH378110","38648089","38648390","KQ053421v1","5610673","5610968","68","33037416"
"JH378110","38676933","38677107","KQ058350v1","9514178","9514352","38","29162755"
"JH378110","38710811","38711120","KQ053421v1","5610673","5610968","73","33100138"
"JH378110","38797355","38797658","KQ053421v1","5610673","5610968","73","33186682"
"JH378110","38845418","38845758","KQ053059v1","2548766","2549102","90","36296652"
"JH378110","38874234","38874523","KQ053421v1","5610673","5610968","75","33263561"
"JH378110","39013098","39013388","KQ053421v1","5610673","5610968","96","33402425"
"JH378110","39062905","39063205","KQ053421v1","5610673","5610968","69","33452232"
"JH378110","39066370","39066671","KQ053421v1","5610673","5610968","70","33455697"
"JH378110","39081728","39081997","KQ056321v1","575951","576190","91","38505777"
"JH378110","39087473","39087763","KQ053421v1","5610673","5610968","78","33476800"
"JH378110","39104639","39104948","KQ058427v1","7786546","7786853","78","31318093"
"JH378110","39157339","39157648","KQ053421v1","5610673","5610968","86","33546666"
"JH378110","39220566","39220866","KQ053421v1","5610673","5610968","74","33609893"
"JH378110","39254985","39255232","KQ058242v1","595939","596205","75","38659046"
"JH378110","39279999","39280320","KQ055352v1","6003171","6003466","77","33276828"
"JH378110","39352650","39352866","KQ054068v1","3638075","3638299","63","35714575"
"JH378110","39369827","39369971","KQ054401v1","3363241","3363379","40","36006586"
"JH378110","39371645","39371804","KQ058638v1","1837830","1837985","45","37533815"
"JH378110","39409237","39409535","KQ053421v1","5610673","5610968","65","33798564"
"JH378110","39471309","39471627","KQ053421v1","5610673","5610968","96","33860636"
"JH378110","39535992","39536291","KQ053421v1","5610673","5610968","84","33925319"
"JH378110","39558911","39559245","KQ058427v1","7786546","7786853","105","31772365"
"JH378110","39672174","39672469","KQ053421v1","5610673","5610968","70","34061501"
"JH378110","39688893","39689185","KQ053421v1","5610673","5610968","73","34078220"
"JH378110","39705622","39705939","KQ053421v1","5610673","5610968","99","34094949"
"JH378110","39726278","39726548","KQ058242v1","595939","596205","93","39130339"
"JH378110","39727955","39728087","KQ053398v1","2623748","2623879","29","37104207"
"JH378110","39740272","39740559","KQ053421v1","5610673","5610968","92","34129599"
"JH378110","39795843","39796159","KQ055352v1","6003171","6003466","73","33792672"
"JH378110","39810471","39810772","KQ053421v1","5610673","5610968","90","34199798"
"JH378110","39827643","39827945","KQ058427v1","7786546","7786853","81","32041097"
"JH378110","39830829","39831128","KQ053421v1","5610673","5610968","68","34220156"
"JH378110","39831154","39831452","KQ053421v1","5610673","5610968","72","34220481"
"JH378110","39871504","39871805","KQ053421v1","5610673","5610968","64","34260831"
"JH378110","39879936","39880232","KQ053421v1","5610673","5610968","77","34269263"
"JH378110","39930229","39930532","KQ058427v1","7786546","7786853","86","32143683"
"JH378110","39954315","39954588","KQ057186v1","783828","784085","89","39170487"
"JH378110","39970855","39971163","KQ053421v1","5610673","5610968","69","34360182"
"JH378110","40035135","40035455","KQ055267v1","513773","514088","87","39521362"
"JH378110","40045944","40046249","KQ055267v1","513773","514088","88","39532171"
"JH378110","40069690","40070000","KQ055267v1","513773","514088","77","39555917"
"JH378110","40073406","40073698","KQ053421v1","5610673","5610968","80","34462733"
"JH378110","40107146","40107461","KQ055352v1","6003171","6003466","74","34103975"
"JH378110","40142211","40142522","KQ055352v1","6003171","6003466","72","34139040"
"JH378110","40202745","40202893","KQ053398v1","2623748","2623879","47","37578997"
"JH378110","40203216","40203287","KQ058316v1","2226037","2226104","35","37977179"
"JH378110","40209758","40210127","KQ053135v1","5034940","5035266","125","35174818"
"JH378110","40210131","40210260","KQ053398v1","2627781","2627909","32","37582350"
"JH378110","40211570","40211809","KQ058505v1","2207051","2207301","80","38004519"
"JH378110","40220630","40220905","KQ058242v1","595939","596205","80","39624691"
"JH378110","40225729","40226031","KQ053421v1","5610673","5610968","87","34615056"
"JH378110","40285797","40286103","KQ055352v1","6003171","6003466","74","34282626"
"JH378110","40298268","40298578","KQ053421v1","5610673","5610968","89","34687595"
"JH378110","40319243","40319544","KQ053421v1","5610673","5610968","71","34708570"
"JH378110","40336258","40336575","KQ053421v1","5610673","5610968","85","34725585"
"JH378110","40410462","40410757","KQ055352v1","6003171","6003466","72","34407291"
"JH378110","40488720","40489027","KQ055352v1","6003171","6003466","72","34485549"
"JH378110","40558086","40558387","KQ053421v1","5610673","5610968","66","34947413"
"JH378110","40568712","40569009","KQ053421v1","5610673","5610968","68","34958039"
"JH378110","40690748","40691019","KQ055862v1","1305285","1305561","85","39385463"
"JH378110","40715173","40715463","KQ053421v1","5610673","5610968","91","35104500"
"JH378110","40723164","40723450","KQ053421v1","5610673","5610968","79","35112491"
"JH378110","40780123","40780426","KQ053421v1","5610673","5610968","67","35169450"
"JH378110","41095246","41095537","KQ055267v1","513773","514088","83","40581473"
"JH378110","41123909","41124198","KQ053421v1","5610673","5610968","72","35513236"
"JH378110","41254283","41254595","KQ055352v1","6003171","6003466","71","35251112"
"JH378110","41317785","41318091","KQ055352v1","6003171","6003466","73","35314614"
"JH378110","41334879","41335182","KQ053421v1","5610673","5610968","73","35724206"
"JH378110","41360602","41360914","KQ053421v1","5610673","5610968","74","35749929"
"JH378110","41363622","41363928","KQ055352v1","6003171","6003466","71","35360451"
"JH378110","41380992","41381302","KQ055267v1","513773","514088","74","40867219"
"JH378110","41393722","41394035","KQ058427v1","7786546","7786853","76","33607176"
"JH378110","41433413","41433702","KQ058339v1","4553625","4553889","88","36879788"
"JH378110","41460168","41460478","KQ055267v1","513773","514088","70","40946395"
"JH378110","41708642","41708946","KQ055267v1","513773","514088","77","41194869"
"JH378110","41758716","41759017","KQ053421v1","5610673","5610968","84","36148043"
"JH378110","41788678","41788945","KQ055862v1","1305285","1305561","89","40483393"
"JH378110","41802132","41802426","KQ053421v1","5610673","5610968","72","36191459"
"JH378110","41920708","41921009","KQ053421v1","5610673","5610968","72","36310035"
"JH378110","42015769","42016072","KQ053421v1","5610673","5610968","75","36405096"
"JH378110","42212238","42212526","KQ053421v1","5610673","5610968","70","36601565"
"JH378110","42221285","42221585","KQ053421v1","5610673","5610968","84","36610612"
"JH378110","42408741","42409038","KQ053421v1","5610673","5610968","66","36798068"
"JH378110","42453900","42454193","KQ055352v1","6003171","6003466","65","36450729"
"JH378110","42464572","42464869","KQ053421v1","5610673","5610968","69","36853899"
"JH378110","42503146","42503448","KQ053421v1","5610673","5610968","66","36892473"
"JH378110","42513481","42513766","KQ058242v1","595939","596205","86","41917542"
"JH378110","42516762","42517072","KQ055267v1","513773","514088","79","42002989"
"JH378110","42521668","42521969","KQ053421v1","5610673","5610968","73","36910995"
"JH378110","42527972","42528277","KQ055352v1","6003171","6003466","76","36524801"
"JH378110","42534806","42535102","KQ053421v1","5610673","5610968","66","36924133"
"JH378110","42620643","42620942","KQ053421v1","5610673","5610968","75","37009970"
"JH378110","42634711","42635012","KQ053421v1","5610673","5610968","72","37024038"
"JH378110","42640817","42641115","KQ053421v1","5610673","5610968","69","37030144"
"JH378110","42701266","42701563","KQ053421v1","5610673","5610968","85","37090593"
"JH378110","42752211","42752495","KQ053421v1","5610673","5610968","80","37141538"
"JH378110","42885921","42886217","KQ053421v1","5610673","5610968","73","37275248"
"JH378110","42894577","42894876","KQ053421v1","5610673","5610968","86","37283904"
"JH378110","42955911","42956067","KQ053993v1","1251070","1251235","39","41704841"
"JH378110","42960351","42960646","KQ053421v1","5610673","5610968","78","37349678"
"JH378110","43026970","43027264","KQ053421v1","5610673","5610968","67","37416297"
"JH378110","43324528","43324819","KQ053421v1","5610673","5610968","87","37713855"
"JH378110","43325069","43325339","KQ057186v1","783828","784085","83","42541241"
"JH378110","43340174","43340470","KQ053421v1","5610673","5610968","87","37729501"
"JH378110","43355265","43355572","KQ055352v1","6003171","6003466","73","37352094"
"JH378110","43415881","43416191","KQ053421v1","5610673","5610968","77","37805208"
"JH378110","43481915","43482225","KQ055267v1","513773","514088","74","42968142"
"JH378110","43557012","43557301","KQ053421v1","5610673","5610968","85","37946339"
"JH378110","43728546","43728849","KQ053421v1","5610673","5610968","78","38117873"
"JH378110","43740737","43741023","KQ053421v1","5610673","5610968","80","38130064"
"JH378110","43764872","43765170","KQ058427v1","7786546","7786853","74","35978326"
"JH378110","43936444","43936753","KQ053421v1","5610673","5610968","72","38325771"
"JH378110","44055933","44056241","KQ053421v1","5610673","5610968","75","38445260"
"JH378110","44071430","44071606","KQ053993v1","1251070","1251235","45","42820360"
"JH378110","44099280","44099583","KQ055267v1","513773","514088","75","43585507"
"JH378110","44145142","44145441","KQ053421v1","5610673","5610968","82","38534469"
"JH378110","44177030","44177329","KQ053421v1","5610673","5610968","71","38566357"
"JH378110","44208859","44209154","KQ053421v1","5610673","5610968","70","38598186"
"JH378110","44338386","44338678","KQ053421v1","5610673","5610968","88","38727713"
"JH378110","44381430","44381732","KQ053421v1","5610673","5610968","82","38770757"
"JH378110","44396940","44397243","KQ053421v1","5610673","5610968","75","38786267"
"JH378110","44403015","44403311","KQ053421v1","5610673","5610968","67","38792342"
"JH378110","44429025","44429326","KQ053421v1","5610673","5610968","71","38818352"
"JH378110","44453090","44453388","KQ053421v1","5610673","5610968","65","38842417"
"JH378110","44546727","44547025","KQ053421v1","5610673","5610968","73","38936054"
"JH378110","44549564","44549875","KQ055267v1","513773","514088","71","44035791"
"JH378110","44584106","44584412","KQ055352v1","6003171","6003466","73","38580935"
"JH378110","44627008","44627304","KQ053421v1","5610673","5610968","75","39016335"
"JH378110","44843617","44843941","KQ055267v1","513773","514088","85","44329844"
"JH378110","44955205","44955486","KQ058242v1","595939","596205","73","44359266"
"JH378110","44978993","44979295","KQ053421v1","5610673","5610968","94","39368320"
"JH378110","44979387","44979670","KQ058339v1","4553625","4553889","83","40425762"
"JH378110","44986519","44986810","KQ053421v1","5610673","5610968","75","39375846"
"JH378110","44995083","44995393","KQ053421v1","5610673","5610968","78","39384410"
"JH378110","45156564","45156873","KQ053421v1","5610673","5610968","78","39545891"
"JH378110","45337155","45337451","KQ053421v1","5610673","5610968","64","39726482"
"JH378110","45478899","45479205","KQ055267v1","513773","514088","70","44965126"
"JH378110","45600848","45601121","KQ058242v1","595939","596205","72","45004909"
"JH378110","45721683","45721982","KQ053421v1","5610673","5610968","68","40111010"
"JH378110","45818358","45818664","KQ053421v1","5610673","5610968","78","40207685"
"JH378110","45888974","45889270","KQ053421v1","5610673","5610968","74","40278301"
"JH378110","45894473","45894781","KQ055352v1","6003171","6003466","69","39891302"
"JH378110","45969805","45970104","KQ053421v1","5610673","5610968","72","40359132"
"JH378110","46012352","46012636","KQ054815v1","2215557","2215844","81","43796795"
"JH378110","46062783","46063033","KQ058242v1","595939","596205","82","45466844"
"JH378110","46129586","46129886","KQ053421v1","5610673","5610968","69","40518913"
"JH378110","46157698","46158002","KQ053421v1","5610673","5610968","77","40547025"
"JH378110","46270812","46271108","KQ053421v1","5610673","5610968","87","40660139"
"JH378110","46281053","46281401","KQ055352v1","6003171","6003466","163","40277882"
"JH378110","46385439","46385726","KQ055267v1","513773","514088","95","45871666"
"JH378110","46528564","46528822","KQ058427v1","6786866","6787134","90","39741698"
"JH378110","46623654","46623947","KQ053421v1","5610673","5610968","81","41012981"
"JH378110","46849202","46849506","KQ055352v1","6003171","6003466","69","40846031"
"JH378110","47038215","47038524","KQ055267v1","513773","514088","69","46524442"
"JH378110","47092838","47093135","KQ053421v1","5610673","5610968","78","41482165"
"JH378110","47237493","47237797","KQ055267v1","513773","514088","85","46723720"
"JH378110","47409616","47409922","KQ055352v1","6003171","6003466","73","41406445"
"JH378110","47440252","47440551","KQ053421v1","5610673","5610968","74","41829579"
"JH378110","47525501","47525806","KQ053421v1","5610673","5610968","75","41914828"
"JH378110","47528470","47528770","KQ053421v1","5610673","5610968","66","41917797"
"JH378110","47540821","47541116","KQ053421v1","5610673","5610968","83","41930148"
"JH378110","47629075","47629369","KQ053421v1","5610673","5610968","75","42018402"
"JH378110","47731102","47731403","KQ053421v1","5610673","5610968","81","42120429"
"JH378110","47833220","47833519","KQ053421v1","5610673","5610968","69","42222547"
"JH378110","47843343","47843628","KQ058242v1","595939","596205","101","47247404"
"JH378110","47850860","47851146","KQ053421v1","5610673","5610968","91","42240187"
"JH378110","48037788","48038084","KQ053421v1","5610673","5610968","67","42427115"
"JH378110","48128542","48128850","KQ055267v1","513773","514088","73","47614769"
"JH378110","48197788","48197931","KQ054401v1","3363241","3363379","39","44834547"
"JH378110","48245523","48245820","KQ053421v1","5610673","5610968","71","42634850"
"JH378110","48254983","48255241","KQ058509v1","24058","24271","92","48230925"
"JH378110","48298780","48298911","KQ053398v1","2623748","2623879","39","45675032"
"JH378110","48386876","48387167","KQ053421v1","5610673","5610968","78","42776203"
"JH378110","48415487","48415776","KQ053421v1","5610673","5610968","86","42804814"
"JH378110","48444657","48444937","KQ057901v1","868884","869144","101","47575773"
"JH378110","48598133","48598427","KQ055862v1","1305285","1305561","69","47292848"
"JH378110","48728685","48728993","KQ055267v1","513773","514088","71","48214912"
"JH378110","48742990","48743295","KQ058427v1","7786546","7786853","91","40956444"
"JH378110","48763394","48763570","KQ053531v1","6571","6737","69","48756823"
"JH378111","17301475","17301771","KQ053421v1","5610673","5610968","76","11690802"
"JH378111","190121","190405","KQ053421v1","5610673","5610968","95","5420552"
"JH378111","207698","208004","KQ055267v1","513773","514088","81","306075"
"JH378111","409504","409806","KQ053421v1","5610673","5610968","82","5201169"
"JH378111","502767","503028","KQ057901v1","868884","869144","87","366117"
"JH378111","877927","878229","KQ053421v1","5610673","5610968","67","4732746"
"JH378111","886030","886289","KQ057901v1","868884","869144","82","17146"
"JH378111","1097688","1097993","KQ055352v1","6003171","6003466","68","4905483"
"JH378111","1136471","1136769","KQ053421v1","5610673","5610968","85","4474202"
"JH378111","1190415","1190712","KQ053421v1","5610673","5610968","85","4420258"
"JH378111","1214559","1214872","KQ053421v1","5610673","5610968","89","4396114"
"JH378111","1298622","1298914","KQ058427v1","7786546","7786853","86","6487924"
"JH378111","1429086","1429397","KQ055352v1","6003171","6003466","76","4574085"
"JH378111","1506428","1506751","KQ053421v1","5610673","5610968","105","4104245"
"JH378111","1585146","1585440","KQ053421v1","5610673","5610968","78","4025527"
"JH378111","1665272","1665549","KQ053421v1","5610673","5610968","91","3945401"
"JH378111","1690969","1691131","KQ058594v1","2771639","2771800","40","1080670"
"JH378111","1761662","1761957","KQ053421v1","5610673","5610968","88","3849011"
"JH378111","1767117","1767416","KQ053421v1","5610673","5610968","71","3843556"
"JH378111","1867334","1867635","KQ055267v1","513773","514088","73","1353561"
"JH378111","1921410","1921711","KQ055267v1","513773","514088","86","1407637"
"JH378111","1994279","1994571","KQ055862v1","1305285","1305561","82","688994"
"JH378111","2050443","2050753","KQ055267v1","513773","514088","74","1536670"
"JH378111","2104011","2104237","KQ058509v1","24058","24271","61","2079953"
"JH378111","2233097","2233382","KQ053421v1","5610673","5610968","80","3377576"
"JH378111","2256476","2256750","KQ053421v1","5610673","5610968","90","3354197"
"JH378111","2413243","2413547","KQ055267v1","513773","514088","74","1899470"
"JH378111","2685989","2686290","KQ053421v1","5610673","5610968","71","2924684"
"JH378111","2690086","2690375","KQ053421v1","5610673","5610968","86","2920587"
"JH378111","2886013","2886311","KQ053421v1","5610673","5610968","69","2724660"
"JH378111","2891439","2891748","KQ055352v1","6003171","6003466","74","3111732"
"JH378111","3159144","3159448","KQ053421v1","5610673","5610968","67","2451529"
"JH378111","3181507","3181821","KQ055267v1","513773","514088","76","2667734"
"JH378111","3183131","3183421","KQ053421v1","5610673","5610968","74","2427542"
"JH378111","3309091","3309377","KQ058242v1","595939","596205","88","2713152"
"JH378111","3530962","3531267","KQ058427v1","7786546","7786853","78","4255584"
"JH378111","3832714","3833019","KQ055352v1","6003171","6003466","73","2170457"
"JH378111","3889319","3889619","KQ053421v1","5610673","5610968","73","1721354"
"JH378111","3993977","3994115","KQ053398v1","2623748","2623879","53","1370229"
"JH378111","4003031","4003343","KQ055267v1","513773","514088","72","3489258"
"JH378111","4006947","4007240","KQ053421v1","5610673","5610968","82","1603726"
"JH378111","4039874","4040173","KQ058427v1","7786546","7786853","77","3746672"
"JH378111","4049673","4049973","KQ058427v1","7786546","7786853","81","3736873"
"JH378111","4088381","4088674","KQ053421v1","5610673","5610968","88","1522292"
"JH378111","4261501","4261807","KQ053421v1","5610673","5610968","79","1349172"
"JH378111","4265240","4265534","KQ053421v1","5610673","5610968","68","1345433"
"JH378111","4321075","4321356","KQ053421v1","5610673","5610968","89","1289598"
"JH378111","4345990","4346279","KQ055862v1","1305285","1305561","87","3040705"
"JH378111","4359061","4359372","KQ055352v1","6003171","6003466","74","1644110"
"JH378111","4485021","4485305","KQ057186v1","783828","784085","86","3701193"
"JH378111","4701640","4701907","KQ058339v1","4553625","4553889","83","148015"
"JH378111","4860264","4860568","KQ058427v1","7786546","7786853","74","2926282"
"JH378111","4861705","4862016","KQ055352v1","6003171","6003466","75","1141466"
"JH378111","4961051","4961317","KQ058242v1","595939","596205","68","4365112"
"JH378111","4976605","4976900","KQ053421v1","5610673","5610968","78","634068"
"JH378111","5291428","5291670","KQ058242v1","595939","596205","87","4695489"
"JH378111","5334235","5334549","KQ058427v1","7786546","7786853","80","2452311"
"JH378111","5575003","5575327","KQ055352v1","6003171","6003466","81","428168"
"JH378111","5658889","5659168","KQ053421v1","5610673","5610968","87","48216"
"JH378111","5695418","5695694","KQ058505v1","2207051","2207301","92","3488367"
"JH378111","5752073","5752362","KQ053421v1","5610673","5610968","78","141400"
"JH378111","6102068","6102380","KQ053421v1","5610673","5610968","82","491395"
"JH378111","6197083","6197390","KQ053421v1","5610673","5610968","71","586410"
"JH378111","6408171","6408478","KQ058427v1","7786546","7786853","84","1378375"
"JH378111","6454134","6454438","KQ055267v1","513773","514088","86","5940361"
"JH378111","6501495","6501787","KQ053421v1","5610673","5610968","71","890822"
"JH378111","6615203","6615513","KQ053421v1","5610673","5610968","80","1004530"
"JH378111","6621601","6621893","KQ053421v1","5610673","5610968","68","1010928"
"JH378111","6641656","6641954","KQ053421v1","5610673","5610968","73","1030983"
"JH378111","6652337","6652644","KQ055352v1","6003171","6003466","72","649166"
"JH378111","6660449","6660752","KQ053421v1","5610673","5610968","83","1049776"
"JH378111","6674033","6674126","KQ056493v1","2043382","2043488","44","4630651"
"JH378111","6795554","6795768","KQ055662v1","1890465","1890674","55","4905089"
"JH378111","6912039","6912336","KQ053421v1","5610673","5610968","77","1301366"
"JH378111","6942579","6942846","KQ058242v1","595939","596205","91","6346640"
"JH378111","6952572","6952857","KQ053785v1","888769","889063","76","6063803"
"JH378111","7024511","7024814","KQ053421v1","5610673","5610968","69","1413838"
"JH378111","7075610","7075908","KQ053421v1","5610673","5610968","67","1464937"
"JH378111","7106127","7106372","KQ055717v1","1610777","1611031","78","5495350"
"JH378111","7301053","7301349","KQ053421v1","5610673","5610968","74","1690380"
"JH378111","7309787","7310098","KQ055352v1","6003171","6003466","73","1306616"
"JH378111","7418819","7419112","KQ053421v1","5610673","5610968","78","1808146"
"JH378111","7421314","7421594","KQ055862v1","1305285","1305561","87","6116029"
"JH378111","7434245","7434555","KQ055267v1","513773","514088","72","6920472"
"JH378111","7577969","7578265","KQ053421v1","5610673","5610968","69","1967296"
"JH378111","7592930","7593220","KQ053421v1","5610673","5610968","92","1982257"
"JH378111","7619615","7619904","KQ053421v1","5610673","5610968","77","2008942"
"JH378111","7717069","7717363","KQ053421v1","5610673","5610968","79","2106396"
"JH378111","7748034","7748334","KQ055862v1","1305285","1305561","83","6442749"
"JH378111","7825360","7825664","KQ053421v1","5610673","5610968","75","2214687"
"JH378111","7859956","7860259","KQ053421v1","5610673","5610968","69","2249283"
"JH378111","7919458","7919763","KQ055352v1","6003171","6003466","66","1916287"
"JH378111","7934370","7934663","KQ053421v1","5610673","5610968","86","2323697"
"JH378111","7955142","7955445","KQ053421v1","5610673","5610968","76","2344469"
"JH378111","7955589","7955896","KQ055267v1","513773","514088","74","7441816"
"JH378111","8019248","8019542","KQ053421v1","5610673","5610968","69","2408575"
"JH378111","8061140","8061253","KQ056493v1","2043382","2043488","31","6017758"
"JH378111","8131814","8132118","KQ055267v1","513773","514088","80","7618041"
"JH378111","8192098","8192287","KQ055978v1","4311984","4312161","50","3880114"
"JH378111","8249101","8249398","KQ053421v1","5610673","5610968","73","2638428"
"JH378111","8273815","8274158","KQ053135v1","5034940","5035266","128","3238875"
"JH378111","8500558","8500849","KQ053421v1","5610673","5610968","88","2889885"
"JH378111","8536986","8537249","KQ058339v1","4553625","4553889","77","3983361"
"JH378111","8544540","8544828","KQ058242v1","595939","596205","71","7948601"
"JH378111","8562424","8562714","KQ053421v1","5610673","5610968","78","2951751"
"JH378111","8594175","8594448","KQ053421v1","5610673","5610968","93","2983502"
"JH378111","8622344","8622610","KQ058242v1","595939","596205","96","8026405"
"JH378111","8708080","8708388","KQ053421v1","5610673","5610968","76","3097407"
"JH378111","8790473","8790756","KQ058640v1","643463","643729","88","8147010"
"JH378111","8794785","8795073","KQ053421v1","5610673","5610968","76","3184112"
"JH378111","8801689","8802001","KQ058427v1","7786546","7786853","84","1015143"
"JH378111","8963791","8963882","KQ056279v1","759081","759162","27","8204710"
"JH378111","9172474","9172708","KQ055662v1","1890465","1890674","74","7282009"
"JH378111","9187630","9187912","KQ053421v1","5610673","5610968","73","3576957"
"JH378111","9436643","9436915","KQ058242v1","595939","596205","78","8840704"
"JH378111","9768280","9768589","KQ058427v1","7786546","7786853","82","1981734"
"JH378111","9959962","9960266","KQ053421v1","5610673","5610968","70","4349289"
"JH378111","9963537","9963842","KQ053421v1","5610673","5610968","71","4352864"
"JH378111","9992839","9993126","KQ053421v1","5610673","5610968","80","4382166"
"JH378111","9997520","9997820","KQ053421v1","5610673","5610968","74","4386847"
"JH378111","10018233","10018519","KQ053421v1","5610673","5610968","88","4407560"
"JH378111","10044758","10045053","KQ053421v1","5610673","5610968","69","4434085"
"JH378111","10048778","10049056","KQ053421v1","5610673","5610968","86","4438105"
"JH378111","10081113","10081407","KQ053421v1","5610673","5610968","75","4470440"
"JH378111","10137165","10137469","KQ055352v1","6003171","6003466","78","4133994"
"JH378111","10155468","10155683","KQ056064v1","326763","326940","74","9828705"
"JH378111","10165403","10165713","KQ055267v1","513773","514088","75","9651630"
"JH378111","10218861","10219156","KQ053421v1","5610673","5610968","73","4608188"
"JH378111","10247334","10247627","KQ053421v1","5610673","5610968","82","4636661"
"JH378111","10251682","10251971","KQ053421v1","5610673","5610968","79","4641009"
"JH378111","10329021","10329326","KQ055267v1","513773","514088","72","9815248"
"JH378111","10329642","10329860","KQ058274v1","300327","300497","79","10029315"
"JH378111","10380395","10380691","KQ053421v1","5610673","5610968","80","4769722"
"JH378111","10511360","10511659","KQ053421v1","5610673","5610968","81","4900687"
"JH378111","10534931","10535223","KQ053421v1","5610673","5610968","76","4924258"
"JH378111","10611834","10612107","KQ058427v1","6786866","6787134","90","3824968"
"JH378111","10647428","10647714","KQ058339v1","4553625","4553889","85","6093803"
"JH378111","10654701","10654986","KQ053421v1","5610673","5610968","84","5044028"
"JH378111","10767371","10767681","KQ058427v1","7786546","7786853","69","2980825"
"JH378111","10982601","10982874","KQ058242v1","595939","596205","77","10386662"
"JH378111","10996448","10996732","KQ058242v1","595939","596205","82","10400509"
"JH378111","11068109","11068412","KQ053421v1","5610673","5610968","70","5457436"
"JH378111","11068917","11069209","KQ053421v1","5610673","5610968","73","5458244"
"JH378111","11097509","11097759","KQ058242v1","595939","596205","79","10501570"
"JH378111","11133637","11133801","KQ054510v1","7582269","7582431","40","3551368"
"JH378111","11190117","11190402","KQ053421v1","5610673","5610968","101","5579444"
"JH378111","11251475","11251637","KQ054510v1","7582269","7582431","36","3669206"
"JH378111","11271761","11272061","KQ053421v1","5610673","5610968","93","5661088"
"JH378111","11284795","11285081","KQ058640v1","643463","643729","81","10641332"
"JH378111","11305240","11305542","KQ053421v1","5610673","5610968","87","5694567"
"JH378111","11326665","11326860","KQ052982v1","2032903","2033097","51","9293762"
"JH378111","11352622","11352916","KQ058427v1","7786546","7786853","71","3566076"
"JH378111","11386618","11386859","KQ058509v1","24058","24271","71","11362560"
"JH378111","11397887","11398176","KQ055862v1","1305285","1305561","88","10092602"
"JH378111","11402393","11402657","KQ058394v1","9655127","9655422","93","1747266"
"JH378111","11462422","11462701","KQ057186v1","783828","784085","82","10678594"
"JH378111","11527406","11527519","KQ056493v1","2043382","2043488","44","9484024"
"JH378111","11527658","11527846","KQ058594v1","1033101","1033292","45","10494557"
"JH378111","11550920","11551211","KQ053421v1","5610673","5610968","69","5940247"
"JH378111","11565985","11566273","KQ053421v1","5610673","5610968","78","5955312"
"JH378111","11577304","11577452","KQ053398v1","2623748","2623879","45","8953556"
"JH378111","11625564","11625806","KQ053234v1","1414405","1414609","91","10211159"
"JH378111","11679579","11679888","KQ055352v1","6003171","6003466","69","5676408"
"JH378111","11717851","11718154","KQ053421v1","5610673","5610968","78","6107178"
"JH378111","11740662","11740971","KQ058427v1","7786546","7786853","89","3954116"
"JH378111","11877735","11878014","KQ053421v1","5610673","5610968","80","6267062"
"JH378111","11897733","11898001","KQ057186v1","783828","784085","80","11113905"
"JH378111","11919770","11920055","KQ058640v1","643463","643729","83","11276307"
"JH378111","11952185","11952486","KQ053421v1","5610673","5610968","65","6341512"
"JH378111","11978226","11978509","KQ054815v1","2215557","2215844","79","9762669"
"JH378111","11990367","11990666","KQ053421v1","5610673","5610968","65","6379694"
"JH378111","12000473","12000775","KQ053421v1","5610673","5610968","70","6389800"
"JH378111","12006500","12006821","KQ053421v1","5610673","5610968","76","6395827"
"JH378111","12043374","12043675","KQ053421v1","5610673","5610968","78","6432701"
"JH378111","12047496","12047784","KQ058242v1","595939","596205","79","11451557"
"JH378111","12071608","12071900","KQ053421v1","5610673","5610968","77","6460935"
"JH378111","12091551","12091860","KQ058427v1","7786546","7786853","81","4305005"
"JH378111","12137242","12137514","KQ058242v1","595939","596205","70","11541303"
"JH378111","12290454","12290738","KQ053421v1","5610673","5610968","84","6679781"
"JH378111","12529646","12529912","KQ058242v1","595939","596205","81","11933707"
"JH378111","12539036","12539332","KQ053421v1","5610673","5610968","65","6928363"
"JH378111","12597620","12597868","KQ058242v1","595939","596205","93","12001681"
"JH378111","12713531","12713824","KQ053421v1","5610673","5610968","68","7102858"
"JH378111","12715524","12715817","KQ053421v1","5610673","5610968","78","7104851"
"JH378111","12768518","12768665","KQ056920v1","183120","183261","42","12585398"
"JH378111","12788553","12788848","KQ053421v1","5610673","5610968","63","7177880"
"JH378111","12896577","12896874","KQ053421v1","5610673","5610968","71","7285904"
"JH378111","12900960","12901258","KQ053421v1","5610673","5610968","72","7290287"
"JH378111","12906194","12906501","KQ053421v1","5610673","5610968","86","7295521"
"JH378111","12946900","12947232","KQ058427v1","7786546","7786853","102","5160354"
"JH378111","13009451","13009729","KQ055267v1","513773","514088","92","12495678"
"JH378111","13085325","13085599","KQ057186v1","783828","784085","83","12301497"
"JH378111","13098312","13098678","KQ053135v1","5034940","5035266","136","8063372"
"JH378111","13114165","13114457","KQ053421v1","5610673","5610968","73","7503492"
"JH378111","13131796","13132089","KQ053421v1","5610673","5610968","71","7521123"
"JH378111","13134918","13135004","KQ056235v1","1266284","1266361","26","11868634"
"JH378111","13144407","13144709","KQ053421v1","5610673","5610968","72","7533734"
"JH378111","13155360","13155634","KQ053421v1","5610673","5610968","96","7544687"
"JH378111","13293178","13293468","KQ053421v1","5610673","5610968","92","7682505"
"JH378111","13398115","13398318","KQ053234v1","1679581","1679757","64","11718534"
"JH378111","13400601","13400871","KQ058427v1","6786866","6787134","92","6613735"
"JH378111","13434204","13434510","KQ058427v1","7786546","7786853","85","5647658"
"JH378111","13468842","13469149","KQ055267v1","513773","514088","79","12955069"
"JH378111","13531915","13532187","KQ058505v1","2207051","2207301","93","11324864"
"JH378111","13539879","13540185","KQ053421v1","5610673","5610968","73","7929206"
"JH378111","13552444","13552689","KQ058509v1","24058","24271","76","13528386"
"JH378111","13640285","13640583","KQ053421v1","5610673","5610968","75","8029612"
"JH378111","13722668","13722905","KQ058505v1","2207051","2207301","74","11515617"
"JH378111","13818313","13818622","KQ053421v1","5610673","5610968","72","8207640"
"JH378111","13820120","13820408","KQ058427v1","7786546","7786853","89","6033574"
"JH378111","13957035","13957316","KQ053421v1","5610673","5610968","81","8346362"
"JH378111","14000336","14000643","KQ053421v1","5610673","5610968","93","8389663"
"JH378111","14227276","14227583","KQ055352v1","6003171","6003466","72","8224105"
"JH378111","14283942","14284251","KQ055352v1","6003171","6003466","70","8280771"
"JH378111","14306967","14307277","KQ055267v1","513773","514088","74","13793194"
"JH378111","14589157","14589469","KQ055352v1","6003171","6003466","75","8585986"
"JH378111","14634191","14634501","KQ055267v1","513773","514088","76","14120418"
"JH378111","14799466","14799768","KQ058427v1","7786546","7786853","80","7012920"
"JH378111","14849518","14849817","KQ053421v1","5610673","5610968","69","9238845"
"JH378111","14917284","14917507","KQ053234v1","1414405","1414609","68","13502879"
"JH378111","14969331","14969635","KQ053421v1","5610673","5610968","77","9358658"
"JH378111","14988549","14988828","KQ055862v1","1305285","1305561","89","13683264"
"JH378111","14998250","14998543","KQ053421v1","5610673","5610968","74","9387577"
"JH378111","15173412","15173644","KQ058505v1","2207051","2207301","86","12966361"
"JH378111","15197344","15197625","KQ057186v1","783828","784085","89","14413516"
"JH378111","15415265","15415566","KQ053421v1","5610673","5610968","90","9804592"
"JH378111","15547442","15547753","KQ055352v1","6003171","6003466","75","9544271"
"JH378111","15596963","15597267","KQ055352v1","6003171","6003466","73","9593792"
"JH378111","15604783","15604954","KQ057204v1","2930576","2930741","45","12674207"
"JH378111","15605088","15605278","KQ053531v1","6571","6737","70","15598517"
"JH378111","15662938","15663257","KQ053421v1","5610673","5610968","84","10052265"
"JH378111","15673365","15673620","KQ058242v1","595939","596205","79","15077426"
"JH378111","15699479","15699755","KQ053421v1","5610673","5610968","91","10088806"
"JH378111","15727873","15728180","KQ055352v1","6003171","6003466","82","9724702"
"JH378111","15755596","15755911","KQ055267v1","513773","514088","76","15241823"
"JH378111","15761181","15761489","KQ055352v1","6003171","6003466","73","9758010"
"JH378111","15773026","15773255","KQ055662v1","1890465","1890674","80","13882561"
"JH378111","15808981","15809266","KQ055862v1","1305285","1305561","74","14503696"
"JH378111","15855905","15856230","KQ055267v1","513773","514088","97","15342132"
"JH378111","15856704","15856843","KQ053398v1","2627781","2627909","41","13228923"
"JH378111","15926398","15926672","KQ058339v1","4553625","4553889","79","11372773"
"JH378111","15942934","15943121","KQ056064v1","326763","326940","53","15616171"
"JH378111","16017397","16017689","KQ053421v1","5610673","5610968","75","10406724"
"JH378111","16020762","16020847","KQ056235v1","1266284","1266361","22","14754478"
"JH378111","16032308","16032615","KQ055267v1","513773","514088","79","15518535"
"JH378111","16054863","16055075","KQ054068v1","3638075","3638299","70","12416788"
"JH378111","16056570","16056869","KQ053421v1","5610673","5610968","75","10445897"
"JH378111","16111713","16111995","KQ053421v1","5610673","5610968","78","10501040"
"JH378111","16143587","16143877","KQ053421v1","5610673","5610968","85","10532914"
"JH378111","16216074","16216380","KQ058427v1","7786546","7786853","81","8429528"
"JH378111","16234543","16234831","KQ053421v1","5610673","5610968","81","10623870"
"JH378111","16252257","16252546","KQ053421v1","5610673","5610968","84","10641584"
"JH378111","16264138","16264464","KQ053059v1","2548766","2549102","102","13715372"
"JH378111","16278094","16278341","KQ057186v1","783828","784085","88","15494266"
"JH378111","16291339","16291565","KQ053234v1","1414405","1414609","75","14876934"
"JH378111","16424800","16425093","KQ053421v1","5610673","5610968","68","10814127"
"JH378111","16503498","16503773","KQ058339v1","4553625","4553889","74","11949873"
"JH378111","16512756","16513056","KQ055862v1","1305285","1305561","78","15207471"
"JH378111","16605791","16606094","KQ053421v1","5610673","5610968","72","10995118"
"JH378111","16611828","16612048","KQ056064v1","326763","326940","83","16285065"
"JH378111","17006287","17006597","KQ053421v1","5610673","5610968","79","11395614"
"JH378111","17009914","17010211","KQ053421v1","5610673","5610968","71","11399241"
"JH378111","17042281","17042581","KQ053421v1","5610673","5610968","76","11431608"
"JH378111","17112764","17113074","KQ055267v1","513773","514088","73","16598991"
"JH378111","17124551","17124854","KQ053421v1","5610673","5610968","75","11513878"
"JH378111","17155607","17155891","KQ053421v1","5610673","5610968","87","11544934"
"JH378111","17159109","17159397","KQ053141v1","2860","3159","79","17156249"
"JH378111","17180056","17180363","KQ055352v1","6003171","6003466","69","11176885"
"JH378111","17185818","17186113","KQ055267v1","513773","514088","83","16672045"
"JH378111","17188418","17188695","KQ053421v1","5610673","5610968","80","11577745"
"JH378111","17189714","17190002","KQ058242v1","595939","596205","88","16593775"
"JH378111","17381425","17381717","KQ053421v1","5610673","5610968","76","11770752"
"JH378111","17385080","17385389","KQ055352v1","6003171","6003466","72","11381909"
"JH378111","17399595","17399902","KQ055267v1","513773","514088","69","16885822"
"JH378111","17407323","17407634","KQ055352v1","6003171","6003466","78","11404152"
"JH378111","17633548","17633859","KQ058427v1","7786546","7786853","76","9847002"
"JH378111","17654738","17655038","KQ053421v1","5610673","5610968","73","12044065"
"JH378111","17662814","17663107","KQ053421v1","5610673","5610968","77","12052141"
"JH378111","17669903","17670203","KQ055862v1","1305285","1305561","85","16364618"
"JH378111","17740137","17740432","KQ053421v1","5610673","5610968","77","12129464"
"JH378111","18033406","18033679","KQ055862v1","1305285","1305561","85","16728121"
"JH378111","18103739","18103873","KQ054401v1","3363241","3363379","36","14740498"
"JH378111","18175318","18175617","KQ055352v1","6003171","6003466","85","12172147"
"JH378111","18196195","18196509","KQ053421v1","5610673","5610968","81","12585522"
"JH378111","18240924","18241231","KQ053421v1","5610673","5610968","67","12630251"
"JH378111","18274064","18274329","KQ057901v1","868884","869144","81","17405180"
"JH378111","18286770","18287061","KQ053421v1","5610673","5610968","74","12676097"
"JH378111","18289492","18289791","KQ058427v1","7786546","7786853","81","10502946"
"JH378111","18317773","18318081","KQ053421v1","5610673","5610968","76","12707100"
"JH378111","18385243","18385482","KQ058242v1","595939","596205","93","17789304"
"JH378111","18416389","18416699","KQ055352v1","6003171","6003466","81","12413218"
"JH378111","18437403","18437487","KQ056235v1","1266284","1266361","24","17171119"
"JH378111","18557814","18558099","KQ053421v1","5610673","5610968","79","12947141"
"JH378111","18641202","18641513","KQ055352v1","6003171","6003466","70","12638031"
"JH378111","18641951","18642103","KQ055914v1","670963","671119","47","17970988"
"JH378111","18672377","18672669","KQ053421v1","5610673","5610968","67","13061704"
"JH378111","18771416","18771714","KQ053421v1","5610673","5610968","68","13160743"
"JH378111","18801823","18802116","KQ053421v1","5610673","5610968","81","13191150"
"JH378111","18816776","18817069","KQ053421v1","5610673","5610968","73","13206103"
"JH378111","18835773","18836087","KQ055352v1","6003171","6003466","95","12832602"
"JH378111","18840028","18840143","KQ053398v1","2623748","2623879","45","16216280"
"JH378111","18921490","18921760","KQ053883v1","6938067","6938331","86","11983423"
"JH378111","19003509","19003757","KQ058242v1","595939","596205","69","18407570"
"JH378111","19004635","19004919","KQ054713v1","1437239","1437526","84","17567396"
"JH378111","19037775","19038050","KQ058242v1","595939","596205","86","18441836"
"JH378111","19058421","19058695","KQ055717v1","1610777","1611031","91","17447644"
"JH378111","19077894","19078170","KQ053421v1","5610673","5610968","70","13467221"
"JH378111","19094793","19095092","KQ053421v1","5610673","5610968","82","13484120"
"JH378111","19095513","19095662","KQ057449v1","1214348","1214489","46","17881165"
"JH378111","19140172","19140480","KQ055267v1","513773","514088","74","18626399"
"JH378111","19159241","19159534","KQ053421v1","5610673","5610968","69","13548568"
"JH378111","19180673","19180968","KQ053421v1","5610673","5610968","69","13570000"
"JH378111","19190704","19191005","KQ053421v1","5610673","5610968","73","13580031"
"JH378111","19193334","19193635","KQ053421v1","5610673","5610968","76","13582661"
"JH378111","19194692","19194990","KQ053421v1","5610673","5610968","71","13584019"
"JH378111","19227465","19227775","KQ055352v1","6003171","6003466","83","13224294"
"JH378111","19234565","19234882","KQ055352v1","6003171","6003466","79","13231394"
"JH378111","19240007","19240310","KQ053421v1","5610673","5610968","77","13629334"
"JH378111","19272675","19272979","KQ053421v1","5610673","5610968","80","13662002"
"JH378111","19348016","19348309","KQ053421v1","5610673","5610968","81","13737343"
"JH378111","19359773","19360061","KQ058427v1","7786546","7786853","87","11573227"
"JH378111","19375155","19375451","KQ053421v1","5610673","5610968","78","13764482"
"JH378111","19376011","19376313","KQ053421v1","5610673","5610968","73","13765338"
"JH378111","19399215","19399332","KQ053398v1","2627781","2627909","43","16771434"
"JH378111","19412236","19412547","KQ053421v1","5610673","5610968","70","13801563"
"JH378111","19418744","19419036","KQ053421v1","5610673","5610968","67","13808071"
"JH378111","19427428","19427743","KQ055267v1","513773","514088","80","18913655"
"JH378111","19465518","19465630","KQ055717v1","1610376","1610476","42","17855142"
"JH378111","19468637","19468880","KQ058509v1","24058","24271","80","19444579"
"JH378111","19525192","19525478","KQ053421v1","5610673","5610968","81","13914519"
"JH378111","19571497","19571791","KQ053421v1","5610673","5610968","71","13960824"
"JH378111","19636143","19636442","KQ053421v1","5610673","5610968","78","14025470"
"JH378111","19653528","19653855","KQ053135v1","5034940","5035266","100","14618588"
"JH378111","19653869","19654054","KQ058350v1","9514178","9514352","47","10139691"
"JH378111","19660801","19661142","KQ053135v1","5034940","5035266","105","14625861"
"JH378111","19689890","19690219","KQ053421v1","5610673","5610968","100","14079217"
"JH378111","19703131","19703280","KQ053398v1","2623748","2623879","47","17079383"
"JH378111","19723943","19724222","KQ053421v1","5610673","5610968","86","14113270"
"JH378111","19729176","19729484","KQ053421v1","5610673","5610968","73","14118503"
"JH378111","19773639","19773942","KQ053421v1","5610673","5610968","88","14162966"
"JH378111","19775602","19775898","KQ053421v1","5610673","5610968","76","14164929"
"JH378111","19835192","19835320","KQ053398v1","2623748","2623879","36","17211444"
"JH378111","19862556","19862638","KQ053998v1","8863","8933","22","19853693"
"JH378111","19865486","19865777","KQ053421v1","5610673","5610968","68","14254813"
"JH378111","19888877","19889144","KQ053883v1","6938067","6938331","90","12950810"
"JH378111","19891502","19891799","KQ053421v1","5610673","5610968","69","14280829"
"JH378111","19904934","19905210","KQ053421v1","5610673","5610968","81","14294261"
"JH378111","19933776","19933992","KQ056064v1","326763","326940","78","19607013"
"JH378111","19938645","19938967","KQ055267v1","513773","514088","99","19424872"
"JH378111","19983245","19983511","KQ057186v1","783828","784085","93","19199417"
"JH378111","19992004","19992307","KQ055352v1","6003171","6003466","77","13988833"
"JH378111","20032266","20032562","KQ053421v1","5610673","5610968","74","14421593"
"JH378111","20079358","20079664","KQ053421v1","5610673","5610968","90","14468685"
"JH378111","20152675","20152844","KQ053993v1","1251070","1251235","36","18901605"
"JH378111","20195514","20195788","KQ058505v1","2207051","2207301","91","17988463"
"JH378111","20208040","20208341","KQ053421v1","5610673","5610968","76","14597367"
"JH378111","20217608","20217842","KQ052982v1","2032903","2033097","77","18184705"
"JH378111","20257300","20257611","KQ055352v1","6003171","6003466","75","14254129"
"JH378111","20280261","20280476","KQ058274v1","300327","300497","82","19979934"
"JH378111","20282652","20282967","KQ053421v1","5610673","5610968","84","14671979"
"JH378111","20298573","20298875","KQ053421v1","5610673","5610968","69","14687900"
"JH378111","20301599","20301906","KQ055352v1","6003171","6003466","69","14298428"
"JH378111","20321822","20322127","KQ053421v1","5610673","5610968","69","14711149"
"JH378111","20331857","20332151","KQ053421v1","5610673","5610968","69","14721184"
"JH378111","20334368","20334679","KQ055267v1","513773","514088","71","19820595"
"JH378111","20370256","20370555","KQ053421v1","5610673","5610968","72","14759583"
"JH378111","20450476","20450807","KQ055267v1","513773","514088","94","19936703"
"JH378111","20451901","20452204","KQ058427v1","7786546","7786853","84","12665355"
"JH378111","20526622","20526917","KQ053421v1","5610673","5610968","81","14915949"
"JH378111","20540455","20540739","KQ055862v1","1305285","1305561","87","19235170"
"JH378111","20555411","20555704","KQ053421v1","5610673","5610968","78","14944738"
"JH378111","20570626","20570927","KQ058427v1","7786546","7786853","73","12784080"
"JH378111","20587033","20587340","KQ053135v1","5034940","5035266","88","15552093"
"JH378111","20643461","20643691","KQ055662v1","1890465","1890674","81","18752996"
"JH378111","20660981","20661275","KQ053421v1","5610673","5610968","81","15050308"
"JH378111","20847497","20847801","KQ053421v1","5610673","5610968","74","15236824"
"JH378111","20930686","20930991","KQ053421v1","5610673","5610968","76","15320013"
"JH378111","21125479","21125608","KQ053398v1","2623748","2623879","35","18501731"
"JH378111","21173450","21173765","KQ053421v1","5610673","5610968","75","15562777"
"JH378111","21478062","21478356","KQ053421v1","5610673","5610968","72","15867389"
"JH378111","22008982","22009287","KQ053421v1","5610673","5610968","94","16398309"
"JH378111","22076064","22076349","KQ054617v1","786545","786807","96","21289519"
"JH378111","22325663","22325974","KQ055352v1","6003171","6003466","74","16322492"
"JH378111","22431368","22431674","KQ055352v1","6003171","6003466","75","16428197"
"JH378111","22439623","22439927","KQ053421v1","5610673","5610968","72","16828950"
"JH378111","22445614","22445891","KQ053421v1","5610673","5610968","98","16834941"
"JH378111","22766240","22766542","KQ053421v1","5610673","5610968","73","17155567"
"JH378111","22780000","22780295","KQ053421v1","5610673","5610968","72","17169327"
"JH378111","22935883","22936173","KQ053421v1","5610673","5610968","76","17325210"
"JH378111","22966314","22966597","KQ053421v1","5610673","5610968","102","17355641"
"JH378111","22973957","22974248","KQ053421v1","5610673","5610968","75","17363284"
"JH378111","22980199","22980507","KQ055352v1","6003171","6003466","68","16977028"
"JH378111","23140594","23140889","KQ053421v1","5610673","5610968","82","17529921"
"JH378111","23306703","23307010","KQ055267v1","513773","514088","82","22792930"
"JH378111","23414707","23415014","KQ053421v1","5610673","5610968","72","17804034"
"JH378111","23449359","23449646","KQ053421v1","5610673","5610968","70","17838686"
"JH378111","23582523","23582804","KQ053421v1","5610673","5610968","81","17971850"
"JH378111","23630652","23630771","KQ056493v1","2043382","2043488","33","21587270"
"JH378111","23679907","23680218","KQ055267v1","513773","514088","74","23166134"
"JH378111","24148358","24148677","KQ055352v1","6003171","6003466","80","18145187"
"JH378111","24154431","24154717","KQ053421v1","5610673","5610968","77","18543758"
"JH378111","24155722","24156010","KQ053421v1","5610673","5610968","74","18545049"
"JH378111","24210662","24210959","KQ053421v1","5610673","5610968","70","18599989"
"JH378111","24214980","24215285","KQ055352v1","6003171","6003466","70","18211809"
"JH378111","24285368","24285692","KQ058427v1","7786546","7786853","88","16498822"
"JH378111","24326162","24326472","KQ055267v1","513773","514088","75","23812389"
"JH378111","24367664","24367975","KQ053421v1","5610673","5610968","72","18756991"
"JH378111","24438817","24439108","KQ053421v1","5610673","5610968","82","18828144"
"JH378111","24510729","24511022","KQ053421v1","5610673","5610968","83","18900056"
"JH378111","24750422","24750731","KQ055267v1","513773","514088","73","24236649"
"JH378111","24753666","24753972","KQ055352v1","6003171","6003466","68","18750495"
"JH378111","24790324","24790623","KQ053421v1","5610673","5610968","77","19179651"
"JH378111","24799835","24800007","KQ053234v1","1679581","1679757","55","23120254"
"JH378111","24809519","24809775","KQ053883v1","6938067","6938331","86","17871452"
"JH378111","24838792","24839111","KQ055267v1","513773","514088","85","24325019"
"JH378111","24854087","24854392","KQ055267v1","513773","514088","77","24340314"
"JH378111","24933232","24933540","KQ058427v1","7786546","7786853","81","17146686"
"JH378111","24949638","24949919","KQ053785v1","888769","889063","82","24060869"
"JH378111","25074199","25074501","KQ055352v1","6003171","6003466","69","19071028"
"JH378111","25140535","25140830","KQ053421v1","5610673","5610968","71","19529862"
"JH378111","25212165","25212461","KQ053421v1","5610673","5610968","72","19601492"
"JH378111","25364727","25365037","KQ055267v1","513773","514088","76","24850954"
"JH378111","25398956","25399296","KQ058427v1","7786546","7786853","102","17612410"
"JH378111","25478661","25478930","KQ053421v1","5610673","5610968","89","19867988"
"JH378111","25513641","25513941","KQ055267v1","513773","514088","80","24999868"
"JH378111","25548950","25549236","KQ053421v1","5610673","5610968","78","19938277"
"JH378111","25550186","25550475","KQ058427v1","7786546","7786853","89","17763640"
"JH378111","25578125","25578434","KQ055267v1","513773","514088","76","25064352"
"JH378111","25619908","25620218","KQ055267v1","513773","514088","76","25106135"
"JH378111","25648096","25648397","KQ053421v1","5610673","5610968","73","20037423"
"JH378111","25651642","25651931","KQ053421v1","5610673","5610968","78","20040969"
"JH378111","25670872","25671167","KQ053421v1","5610673","5610968","77","20060199"
"JH378111","25698191","25698492","KQ053421v1","5610673","5610968","71","20087518"
"JH378111","25752165","25752458","KQ053421v1","5610673","5610968","68","20141492"
"JH378111","25794774","25795094","KQ055267v1","513773","514088","90","25281001"
"JH378111","25842751","25843060","KQ055267v1","513773","514088","76","25328978"
"JH378111","25843931","25844240","KQ053421v1","5610673","5610968","72","20233258"
"JH378111","25894416","25894708","KQ053421v1","5610673","5610968","80","20283743"
"JH378111","25905503","25905739","KQ058242v1","595939","596205","92","25309564"
"JH378111","25914049","25914348","KQ053421v1","5610673","5610968","78","20303376"
"JH378111","25997513","25997781","KQ053883v1","6938067","6938331","94","19059446"
"JH378111","25998909","25999194","KQ053421v1","5610673","5610968","89","20388236"
"JH378111","26011305","26011598","KQ053421v1","5610673","5610968","76","20400632"
"JH378111","26072971","26073280","KQ055352v1","6003171","6003466","71","20069800"
"JH378111","26163729","26164052","KQ055267v1","513773","514088","80","25649956"
"JH378111","26198617","26198918","KQ058427v1","7786546","7786853","76","18412071"
"JH378111","26243598","26243821","KQ053234v1","1414405","1414609","75","24829193"
"JH378111","26269791","26270089","KQ053421v1","5610673","5610968","71","20659118"
"JH378111","26376162","26376461","KQ053421v1","5610673","5610968","70","20765489"
"JH378111","26592915","26593206","KQ055352v1","6003171","6003466","74","20589744"
"JH378111","26626297","26626578","KQ053421v1","5610673","5610968","76","21015624"
"JH378111","26669356","26669441","KQ058316v1","2226037","2226104","37","24443319"
"JH378111","26669542","26669734","KQ058274v1","300327","300497","93","26369215"
"JH378111","26714433","26714713","KQ054815v1","2215557","2215844","83","24498876"
"JH378111","26759068","26759360","KQ053421v1","5610673","5610968","80","21148395"
"JH378111","26826356","26826692","KQ055267v1","513773","514088","98","26312583"
"JH378111","26832906","26833203","KQ053421v1","5610673","5610968","87","21222233"
"JH378111","26842472","26842761","KQ053421v1","5610673","5610968","78","21231799"
"JH378111","26878126","26878422","KQ053421v1","5610673","5610968","66","21267453"
"JH378111","26970009","26970308","KQ053421v1","5610673","5610968","71","21359336"
"JH378111","26982265","26982516","KQ058505v1","2207051","2207301","78","24775214"
"JH378111","26985314","26985633","KQ055267v1","513773","514088","84","26471541"
"JH378111","26985636","26985942","KQ058427v1","7786546","7786853","78","19199090"
"JH378111","27028103","27028233","KQ056493v1","2043382","2043488","47","24984721"
"JH378111","27056564","27056869","KQ055352v1","6003171","6003466","71","21053393"
"JH378111","27077535","27077845","KQ053421v1","5610673","5610968","78","21466862"
"JH378111","27080377","27080512","KQ053398v1","2623748","2623879","42","24456629"
"JH378111","27113060","27113354","KQ053421v1","5610673","5610968","74","21502387"
"JH378111","27150508","27150804","KQ053421v1","5610673","5610968","70","21539835"
"JH378111","27239900","27240209","KQ053421v1","5610673","5610968","69","21629227"
"JH378111","27252724","27253012","KQ058339v1","4553625","4553889","92","22699099"
"JH378111","27284612","27284901","KQ053421v1","5610673","5610968","74","21673939"
"JH378111","27288471","27288758","KQ053421v1","5610673","5610968","87","21677798"
"JH378111","27297979","27298285","KQ053421v1","5610673","5610968","71","21687306"
"JH378111","27317814","27318124","KQ053421v1","5610673","5610968","73","21707141"
"JH378111","27341020","27341324","KQ055267v1","513773","514088","78","26827247"
"JH378111","27353017","27353174","KQ053398v1","2623748","2623879","51","24729269"
"JH378111","27390791","27391090","KQ053421v1","5610673","5610968","74","21780118"
"JH378111","27417201","27417418","KQ056064v1","326763","326940","80","27090438"
"JH378111","27520450","27520760","KQ055352v1","6003171","6003466","73","21517279"
"JH378111","27584707","27585018","KQ055352v1","6003171","6003466","78","21581536"
"JH378111","27612264","27612566","KQ053421v1","5610673","5610968","68","22001591"
"JH378111","27635613","27635910","KQ053421v1","5610673","5610968","73","22024940"
"JH378111","27638346","27638635","KQ053421v1","5610673","5610968","83","22027673"
"JH378111","27834107","27834320","KQ058594v1","1033101","1033292","55","26801006"
"JH378111","27869235","27869532","KQ055267v1","513773","514088","79","27355462"
"JH378111","27937058","27937364","KQ055352v1","6003171","6003466","71","21933887"
"JH378111","28057466","28057769","KQ055267v1","513773","514088","74","27543693"
"JH378111","28242359","28242656","KQ053421v1","5610673","5610968","79","22631686"
"JH378111","28273537","28273835","KQ053421v1","5610673","5610968","69","22662864"
"JH378111","28302173","28302478","KQ055352v1","6003171","6003466","72","22299002"
"JH378111","28425160","28425452","KQ053421v1","5610673","5610968","72","22814487"
"JH378111","28428809","28429107","KQ053421v1","5610673","5610968","63","22818136"
"JH378111","28484729","28485038","KQ055352v1","6003171","6003466","73","22481558"
"JH378111","28533144","28533450","KQ053421v1","5610673","5610968","78","22922471"
"JH378111","28679023","28679322","KQ053421v1","5610673","5610968","70","23068350"
"JH378111","28688743","28689051","KQ053421v1","5610673","5610968","86","23078070"
"JH378111","28752699","28752934","KQ058242v1","595939","596205","87","28156760"
"JH378111","28821132","28821273","KQ054401v1","3363241","3363379","50","25457891"
"JH378111","28852013","28852319","KQ055352v1","6003171","6003466","69","22848842"
"JH378111","29109410","29109703","KQ053421v1","5610673","5610968","77","23498737"
"JH378111","29149586","29149889","KQ053421v1","5610673","5610968","70","23538913"
"JH378111","29181420","29181498","KQ056235v1","1266284","1266361","17","27915136"
"JH378111","29251573","29251882","KQ058427v1","7786546","7786853","76","21465027"
"JH378111","29620102","29620356","KQ057901v1","868884","869144","78","28751218"
"JH378111","29958443","29958739","KQ053421v1","5610673","5610968","75","24347770"
"JH378111","30091849","30092157","KQ055352v1","6003171","6003466","70","24088678"
"JH378111","30144825","30145135","KQ055352v1","6003171","6003466","76","24141654"
"JH378111","30158319","30158616","KQ053421v1","5610673","5610968","67","24547646"
"JH378111","30175271","30175576","KQ055352v1","6003171","6003466","71","24172100"
"JH378111","30175984","30176074","KQ056235v1","1266284","1266361","39","28909700"
"JH378111","30179545","30179723","KQ055978v1","4311984","4312161","46","25867561"
"JH378111","30404411","30404714","KQ055352v1","6003171","6003466","69","24401240"
"JH378111","30436368","30436660","KQ053421v1","5610673","5610968","78","24825695"
"JH378111","30468905","30469215","KQ055267v1","513773","514088","73","29955132"
"JH378111","30481583","30481861","KQ058242v1","595939","596205","66","29885644"
"JH378111","30600857","30601128","KQ058640v1","643463","643729","76","29957394"
"JH378111","30691681","30691995","KQ055267v1","513773","514088","72","30177908"
"JH378111","30711484","30711791","KQ055267v1","513773","514088","84","30197711"
"JH378111","30743141","30743437","KQ053421v1","5610673","5610968","64","25132468"
"JH378111","30783786","30784094","KQ055267v1","513773","514088","67","30270013"
"JH378111","30845534","30845829","KQ053421v1","5610673","5610968","73","25234861"
"JH378111","30918415","30918681","KQ058242v1","595939","596205","74","30322476"
"JH378111","31010187","31010472","KQ053421v1","5610673","5610968","87","25399514"
"JH378111","31068720","31069031","KQ055352v1","6003171","6003466","69","25065549"
"JH378111","31161805","31162111","KQ058427v1","7786546","7786853","86","23375259"
"JH378111","31194124","31194422","KQ053421v1","5610673","5610968","69","25583451"
"JH378111","31284210","31284502","KQ053421v1","5610673","5610968","72","25673537"
"JH378111","31363313","31363623","KQ055267v1","513773","514088","79","30849540"
"JH378111","31715461","31715764","KQ053421v1","5610673","5610968","81","26104788"
"JH378111","31741723","31742024","KQ053421v1","5610673","5610968","68","26131050"
"JH378111","31838084","31838393","KQ055352v1","6003171","6003466","72","25834913"
"JH378111","31841377","31841654","KQ058339v1","4553625","4553889","78","27287752"
"JH378111","31882375","31882538","KQ053398v1","2623748","2623879","57","29258627"
"JH378111","31930230","31930533","KQ055352v1","6003171","6003466","75","25927059"
"JH378111","31997204","31997507","KQ053421v1","5610673","5610968","74","26386531"
"JH378111","32111584","32111889","KQ055352v1","6003171","6003466","67","26108413"
"JH378111","32456215","32456517","KQ053421v1","5610673","5610968","78","26845542"
"JH378111","32508537","32508843","KQ053421v1","5610673","5610968","80","26897864"
"JH378111","32572187","32572470","KQ058427v1","7786546","7786853","87","24785641"
"JH378111","32598609","32598900","KQ053421v1","5610673","5610968","75","26987936"
"JH378111","32650079","32650310","KQ055662v1","1890465","1890674","76","30759614"
"JH378111","32662580","32662873","KQ053421v1","5610673","5610968","77","27051907"
"JH378111","32662894","32663208","KQ058427v1","7786546","7786853","86","24876348"
"JH378111","32673426","32673727","KQ058427v1","7786546","7786853","95","24886880"
"JH378111","32687571","32687872","KQ053421v1","5610673","5610968","84","27076898"
"JH378111","32707499","32707799","KQ053421v1","5610673","5610968","77","27096826"
"JH378111","32710915","32711225","KQ055352v1","6003171","6003466","73","26707744"
"JH378111","32722174","32722467","KQ053421v1","5610673","5610968","91","27111501"
"JH378111","32763877","32764183","KQ055352v1","6003171","6003466","69","26760706"
"JH378111","32767609","32767915","KQ055267v1","513773","514088","71","32253836"
"JH378111","32781126","32781424","KQ053421v1","5610673","5610968","66","27170453"
"JH378111","32809051","32809357","KQ055352v1","6003171","6003466","68","26805880"
"JH378111","32817801","32818112","KQ055267v1","513773","514088","79","32304028"
"JH378111","32874400","32874706","KQ055352v1","6003171","6003466","72","26871229"
"JH378111","32877877","32878176","KQ053421v1","5610673","5610968","80","27267204"
"JH378111","32886516","32886827","KQ053421v1","5610673","5610968","75","27275843"
"JH378111","32894144","32894447","KQ055352v1","6003171","6003466","68","26890973"
"JH378111","32907418","32907657","KQ057186v1","783828","784085","97","32123590"
"JH378111","32949004","32949334","KQ058427v1","7786546","7786853","94","25162458"
"JH378111","32976891","32977202","KQ055352v1","6003171","6003466","70","26973720"
"JH378111","33041809","33042128","KQ053421v1","5610673","5610968","82","27431136"
"JH378111","33042827","33043119","KQ053421v1","5610673","5610968","76","27432154"
"JH378111","33086802","33087108","KQ053421v1","5610673","5610968","79","27476129"
"JH378111","33112655","33112947","KQ053421v1","5610673","5610968","74","27501982"
"JH378111","33169484","33169779","KQ053421v1","5610673","5610968","79","27558811"
"JH378111","33232739","33233070","KQ055267v1","513773","514088","90","32718966"
"JH378111","33284063","33284345","KQ053421v1","5610673","5610968","85","27673390"
"JH378111","33294478","33294774","KQ058427v1","7786546","7786853","78","25507932"
"JH378111","33301388","33301680","KQ053421v1","5610673","5610968","67","27690715"
"JH378111","33312432","33312741","KQ055352v1","6003171","6003466","74","27309261"
"JH378111","33341817","33342105","KQ053421v1","5610673","5610968","79","27731144"
"JH378111","33359355","33359650","KQ053421v1","5610673","5610968","77","27748682"
"JH378111","33378110","33378399","KQ058339v1","4553625","4553889","89","28824485"
"JH378111","33424201","33424324","KQ053398v1","2627781","2627909","35","30796420"
"JH378111","33464773","33465016","KQ053234v1","1414405","1414609","83","32050368"
"JH378111","33494413","33494707","KQ053421v1","5610673","5610968","71","27883740"
"JH378111","33765671","33765973","KQ053421v1","5610673","5610968","73","28154998"
"JH378111","33786577","33786873","KQ058242v1","595939","596205","105","33190638"
"JH378111","33792930","33793237","KQ053421v1","5610673","5610968","75","28182257"
"JH378111","33804563","33804866","KQ053421v1","5610673","5610968","69","28193890"
"JH378111","33824035","33824338","KQ055352v1","6003171","6003466","70","27820864"
"JH378111","33835694","33835970","KQ053421v1","5610673","5610968","90","28225021"
"JH378111","33837684","33837973","KQ058242v1","595939","596205","86","33241745"
"JH378111","33859877","33860144","KQ053421v1","5610673","5610968","102","28249204"
"JH378111","33866161","33866425","KQ058505v1","2207051","2207301","82","31659110"
"JH378111","33885271","33885580","KQ055267v1","513773","514088","79","33371498"
"JH378111","33927207","33927512","KQ053421v1","5610673","5610968","80","28316534"
"JH378111","33935873","33935923","KQ053883v1","839309","839360","12","33096564"
"JH378111","33939119","33939430","KQ055267v1","513773","514088","71","33425346"
"JH378111","33972042","33972321","KQ053421v1","5610673","5610968","80","28361369"
"JH378111","33993422","33993718","KQ053421v1","5610673","5610968","76","28382749"
"JH378111","34051941","34052092","KQ058594v1","2771639","2771800","45","31280302"
"JH378111","34052100","34052413","KQ053421v1","5610673","5610968","83","28441427"
"JH378111","34055303","34055599","KQ055267v1","513773","514088","73","33541530"
"JH378111","34061085","34061400","KQ053421v1","5610673","5610968","76","28450412"
"JH378111","34136521","34136830","KQ053421v1","5610673","5610968","90","28525848"
"JH378111","34153165","34153469","KQ053421v1","5610673","5610968","69","28542492"
"JH378111","34445496","34445731","KQ058242v1","595939","596205","83","33849557"
"JH378111","34479177","34479469","KQ053421v1","5610673","5610968","70","28868504"
"JH378111","34565181","34565346","KQ054510v1","7582269","7582431","38","26982912"
"JH378111","34570181","34570494","KQ058427v1","7786546","7786853","87","26783635"
"JH378111","34589024","34589308","KQ055830v1","661716","661986","101","33927308"
"JH378111","34832238","34832534","KQ053421v1","5610673","5610968","70","29221565"
"JH378111","34900802","34901096","KQ053421v1","5610673","5610968","71","29290129"
"JH378111","34918461","34918759","KQ053421v1","5610673","5610968","65","29307788"
"JH378111","34924332","34924636","KQ055352v1","6003171","6003466","72","28921161"
"JH378111","34944858","34945154","KQ053421v1","5610673","5610968","64","29334185"
"JH378111","34948440","34948732","KQ055352v1","6003171","6003466","72","28945269"
"JH378111","35015980","35016009","KQ057909v1","13179999","13180035","17","21835981"
"JH378111","35016048","35016117","KQ058355v1","737578","737639","22","34278470"
"JH378111","35022274","35022577","KQ055352v1","6003171","6003466","69","29019103"
"JH378111","35050740","35051043","KQ053421v1","5610673","5610968","76","29440067"
"JH378111","35051399","35051710","KQ053421v1","5610673","5610968","86","29440726"
"JH378111","35055041","35055243","KQ058274v1","300327","300497","69","34754714"
"JH378111","35152289","35152591","KQ053421v1","5610673","5610968","78","29541616"
"JH378111","35215095","35215409","KQ055352v1","6003171","6003466","81","29211924"
"JH378111","35243543","35243844","KQ055267v1","513773","514088","82","34729770"
"JH378111","35398159","35398463","KQ055267v1","513773","514088","78","34884386"
"JH378111","35457194","35457491","KQ053421v1","5610673","5610968","71","29846521"
"JH378111","35514106","35514401","KQ053421v1","5610673","5610968","74","29903433"
"JH378111","35637161","35637471","KQ055267v1","513773","514088","75","35123388"
"JH378111","35767130","35767416","KQ053421v1","5610673","5610968","84","30156457"
"JH378111","35817911","35818222","KQ055352v1","6003171","6003466","73","29814740"
"JH378111","35828665","35828960","KQ053421v1","5610673","5610968","69","30217992"
"JH378111","35944030","35944178","KQ053398v1","2623748","2623879","48","33320282"
"JH378111","35947302","35947489","KQ058350v1","9514178","9514352","80","26433124"
"JH378111","35987346","35987639","KQ053421v1","5610673","5610968","75","30376673"
"JH378111","36124499","36124780","KQ058242v1","595939","596205","87","35528560"
"JH378111","36423201","36423511","KQ055352v1","6003171","6003466","70","30420030"
"JH378111","36657130","36657338","KQ053752v1","8015097","8015288","67","28642033"
"JH378111","36746678","36746989","KQ055352v1","6003171","6003466","68","30743507"
"JH378111","36793359","36793667","KQ053421v1","5610673","5610968","88","31182686"
"JH378111","36856113","36856287","KQ053234v1","1679581","1679757","50","35176532"
"JH378111","36919499","36919790","KQ053421v1","5610673","5610968","76","31308826"
"JH378111","36950314","36950657","KQ055267v1","513773","514088","99","36436541"
"JH378111","37010007","37010202","KQ053234v1","1679581","1679757","61","35330426"
"JH378111","37141466","37141595","KQ053398v1","2623748","2623879","34","34517718"
"JH378111","37153431","37153719","KQ053421v1","5610673","5610968","81","31542758"
"JH378111","37165693","37165784","KQ056493v1","2043382","2043488","36","35122311"
"JH378111","37279376","37279674","KQ058427v1","7786546","7786853","85","29492830"
"JH378111","37368051","37368340","KQ058242v1","595939","596205","91","36772112"
"JH378111","37638495","37638795","KQ053421v1","5610673","5610968","73","32027822"
"JH378111","37660420","37660708","KQ053421v1","5610673","5610968","80","32049747"
"JH378111","37676537","37676570","KQ053827v1","2325611","2325650","17","35350926"
"JH378111","37765320","37765612","KQ053421v1","5610673","5610968","72","32154647"
"JH378111","38057298","38057592","KQ053421v1","5610673","5610968","77","32446625"
"JH378111","38072565","38072864","KQ058242v1","595939","596205","92","37476626"
"JH378111","38093201","38093499","KQ053421v1","5610673","5610968","75","32482528"
"JH378111","38115027","38115329","KQ053421v1","5610673","5610968","73","32504354"
"JH378111","38164300","38164593","KQ053421v1","5610673","5610968","84","32553627"
"JH378111","38262671","38262967","KQ053421v1","5610673","5610968","68","32651998"
"JH378111","38430862","38431137","KQ058394v1","9655127","9655422","99","28775735"
"JH378111","38483387","38483679","KQ053421v1","5610673","5610968","79","32872714"
"JH378111","38534233","38534513","KQ055352v1","6003171","6003466","83","32531062"
"JH378111","38727232","38727537","KQ055267v1","513773","514088","70","38213459"
"JH378111","38735534","38735845","KQ055352v1","6003171","6003466","74","32732363"
"JH378111","38789536","38789843","KQ055267v1","513773","514088","78","38275763"
"JH378111","38801147","38801440","KQ058427v1","7786546","7786853","83","31014601"
"JH378111","38956718","38957002","KQ058242v1","595939","596205","85","38360779"
"JH378111","39446841","39447151","KQ058427v1","7786546","7786853","71","31660295"
"JH378111","39483595","39483888","KQ058640v1","643463","643729","91","38840132"
"JH378111","39665143","39665351","KQ058594v1","5950443","5950621","74","33714700"
"JH378111","39699870","39700167","KQ053421v1","5610673","5610968","80","34089197"
"JH378111","39850844","39851146","KQ053421v1","5610673","5610968","72","34240171"
"JH378111","39955566","39955898","KQ055267v1","513773","514088","95","39441793"
"JH378111","39978203","39978504","KQ053421v1","5610673","5610968","81","34367530"
"JH378111","40064918","40065192","KQ054713v1","1437239","1437526","98","38627679"
"JH378111","40102396","40102449","KQ054932v1","5044350","5044402","28","35058046"
"JH378111","40102551","40102723","KQ054724v1","2672013","2672173","61","37430538"
"JH378111","40282968","40283267","KQ055352v1","6003171","6003466","66","34279797"
"JH378111","40329656","40329879","KQ057684v1","168025","168203","85","40161631"
"JH378111","40401174","40401484","KQ055267v1","513773","514088","77","39887401"
"JH378111","40411215","40411500","KQ053421v1","5610673","5610968","79","34800542"
"JH378111","40476642","40476917","KQ053883v1","6938067","6938331","93","33538575"
"JH378111","40615239","40615546","KQ055267v1","513773","514088","69","40101466"
"JH378111","40710702","40710941","KQ058505v1","2207051","2207301","84","38503651"
"JH378111","40753447","40753740","KQ053421v1","5610673","5610968","73","35142774"
"JH378111","40758043","40758344","KQ053421v1","5610673","5610968","76","35147370"
"JH378111","40827500","40827796","KQ053421v1","5610673","5610968","70","35216827"
"JH378111","40842634","40842903","KQ055862v1","1305285","1305561","78","39537349"
"JH378111","40861365","40861533","KQ058423v1","270754","270928","41","40590611"
"JH378111","40996095","40996377","KQ053421v1","5610673","5610968","84","35385422"
"JH378111","41255294","41255607","KQ055267v1","513773","514088","90","40741521"
"JH378111","41268920","41269219","KQ053421v1","5610673","5610968","70","35658247"
"JH378111","41306137","41306425","KQ053421v1","5610673","5610968","93","35695464"
"JH378111","41307301","41307605","KQ053421v1","5610673","5610968","104","35696628"
"JH378111","41431359","41431652","KQ053421v1","5610673","5610968","74","35820686"
"JH378111","41462585","41462872","KQ053421v1","5610673","5610968","82","35851912"
"JH378111","41486317","41486633","KQ055267v1","513773","514088","84","40972544"
"JH378111","41495532","41495644","KQ053398v1","2623748","2623879","46","38871784"
"JH378111","41507576","41507873","KQ053421v1","5610673","5610968","88","35896903"
"JH378111","41510491","41510646","KQ055914v1","670963","671119","41","40839528"
"JH378111","41528186","41528490","KQ053421v1","5610673","5610968","74","35917513"
"JH378111","41560940","41561241","KQ058640v1","643463","643729","89","40917477"
"JH378111","41612177","41612473","KQ053421v1","5610673","5610968","78","36001504"
"JH378111","41701006","41701263","KQ058242v1","595939","596205","82","41105067"
"JH378111","41727406","41727715","KQ055267v1","513773","514088","75","41213633"
"JH378111","41826201","41826484","KQ058640v1","643463","643729","85","41182738"
"JH378111","41860155","41860459","KQ058427v1","7786546","7786853","84","34073609"
"JH378111","41888740","41888887","KQ054401v1","3363241","3363379","43","38525499"
"JH378111","41973980","41974289","KQ055267v1","513773","514088","79","41460207"
"JH378111","41975708","41975788","KQ056235v1","1266284","1266361","20","40709424"
"JH378111","41982807","41982956","KQ053398v1","2623748","2623879","52","39359059"
"JH378111","42019740","42020047","KQ055352v1","6003171","6003466","80","36016569"
"JH378111","42107307","42107574","KQ053883v1","6938067","6938331","81","35169240"
"JH378111","42257537","42257843","KQ055267v1","513773","514088","80","41743764"
"JH378111","42267923","42268214","KQ053421v1","5610673","5610968","79","36657250"
"JH378111","42270197","42270319","KQ053398v1","2623748","2623879","36","39646449"
"JH378111","42273333","42273589","KQ055717v1","1610777","1611031","93","40662556"
"JH378111","42285863","42286181","KQ053421v1","5610673","5610968","81","36675190"
"JH378111","42351038","42351196","KQ058594v1","2771639","2771800","42","39579399"
"JH378111","42367001","42367252","KQ058242v1","595939","596205","87","41771062"
"JH378111","42368385","42368546","KQ058428v1","1396698","1396861","50","40971687"
"JH378111","42433698","42433918","KQ055662v1","1890465","1890674","73","40543233"
"JH378111","42461574","42461719","KQ053398v1","2623748","2623879","46","39837826"
"JH378111","42547084","42547396","KQ053421v1","5610673","5610968","80","36936411"
"JH378111","42549502","42549784","KQ054815v1","2215557","2215844","76","40333945"
"JH378111","42580084","42580350","KQ055830v1","661716","661986","97","41918368"
"JH378111","42612256","42612561","KQ053421v1","5610673","5610968","79","37001583"
"JH378111","42628075","42628368","KQ053421v1","5610673","5610968","78","37017402"
"JH378111","42860560","42860866","KQ058427v1","7786546","7786853","80","35074014"
"JH378111","42881791","42882085","KQ053421v1","5610673","5610968","79","37271118"
"JH378111","42895220","42895506","KQ053421v1","5610673","5610968","88","37284547"
"JH378111","42938226","42938499","KQ057901v1","868884","869144","88","42069342"
"JH378111","42952301","42952596","KQ053421v1","5610673","5610968","78","37341628"
"JH378111","43121095","43121368","KQ057186v1","783828","784085","70","42337267"
"JH378111","43141829","43142125","KQ053421v1","5610673","5610968","80","37531156"
"JH378111","43151376","43151492","KQ055579v1","54828","54918","43","43096548"
"JH378111","43160138","43160435","KQ053421v1","5610673","5610968","81","37549465"
"JH378111","43211186","43211494","KQ055267v1","513773","514088","84","42697413"
"JH378111","43426988","43427229","KQ058505v1","2207051","2207301","91","41219937"
"JH378111","43472757","43473064","KQ058427v1","7786546","7786853","86","35686211"
"JH378111","43476966","43477256","KQ053421v1","5610673","5610968","78","37866293"
"JH378111","43653573","43653840","KQ053421v1","5610673","5610968","93","38042900"
"JH378111","43818967","43819096","KQ053398v1","2623748","2623879","32","41195219"
"JH378111","43898637","43898785","KQ053398v1","2623748","2623879","44","41274889"
"JH378111","43949510","43949809","KQ053421v1","5610673","5610968","65","38338837"
"JH378111","43950270","43950572","KQ053421v1","5610673","5610968","83","38339597"
"JH378111","44215648","44215923","KQ053785v1","888769","889063","86","43326879"
"JH378111","44310989","44311278","KQ057901v1","868884","869144","100","43442105"
"JH378111","44368390","44368690","KQ053421v1","5610673","5610968","78","38757717"
"JH378111","44471386","44471713","KQ058427v1","7786546","7786853","84","36684840"
"JH378111","44576319","44576614","KQ053421v1","5610673","5610968","69","38965646"
"JH378111","44579955","44580252","KQ053421v1","5610673","5610968","76","38969282"
"JH378111","44625156","44625461","KQ055352v1","6003171","6003466","70","38621985"
"JH378111","44671474","44671597","KQ053398v1","2623748","2623879","36","42047726"
"JH378111","44702665","44702969","KQ055267v1","513773","514088","78","44188892"
"JH378111","44728116","44728418","KQ053421v1","5610673","5610968","76","39117443"
"JH378111","44849044","44849235","KQ058350v1","9514178","9514352","50","35334866"
"JH378111","44895675","44895945","KQ053883v1","6938067","6938331","85","37957608"
"JH378111","44987286","44987597","KQ053421v1","5610673","5610968","90","39376613"
"JH378111","45008722","45009034","KQ055352v1","6003171","6003466","84","39005551"
"JH378111","45029619","45029900","KQ058242v1","595939","596205","78","44433680"
"JH378111","45032359","45032640","KQ058339v1","4553625","4553889","86","40478734"
"JH378111","45036769","45037069","KQ053421v1","5610673","5610968","72","39426096"
"JH378111","45040991","45041282","KQ053421v1","5610673","5610968","78","39430318"
"JH378111","45048104","45048349","KQ058242v1","595939","596205","74","44452165"
"JH378111","45174727","45175037","KQ053421v1","5610673","5610968","73","39564054"
"JH378111","45183311","45183585","KQ057186v1","783828","784085","78","44399483"
"JH378111","45202052","45202222","KQ056064v1","326763","326940","62","44875289"
"JH378111","45265983","45266099","KQ053398v1","2623748","2623879","43","42642235"
"JH378111","45283735","45284047","KQ058427v1","7786546","7786853","84","37497189"
"JH378111","45805961","45806238","KQ057901v1","868884","869144","77","44937077"
"JH378111","45818152","45818348","KQ058274v1","300327","300497","61","45517825"
"JH378111","45832831","45833132","KQ053421v1","5610673","5610968","72","40222158"
"JH378111","45864218","45864486","KQ058242v1","595939","596205","86","45268279"
"JH378111","45869785","45870074","KQ053421v1","5610673","5610968","86","40259112"
"JH378111","45890171","45890471","KQ053421v1","5610673","5610968","68","40279498"
"JH378111","45930735","45930943","KQ055662v1","1890465","1890674","71","44040270"
"JH378111","45955889","45956079","KQ054954v1","1680710","1680882","50","44275179"
"JH378111","45968475","45968765","KQ053421v1","5610673","5610968","90","40357802"
"JH378111","46006426","46006733","KQ058427v1","7786546","7786853","78","38219880"
"JH378111","46055833","46056062","KQ058242v1","595939","596205","90","45459894"
"JH378111","46074315","46074554","KQ053234v1","1414405","1414609","79","44659910"
"JH378112","36437940","36438248","KQ053421v1","5610673","5610968","70","30827267"
"JH378112","94855","95150","KQ053421v1","5610673","5610968","71","5515818"
"JH378112","168363","168668","KQ053421v1","5610673","5610968","79","5442310"
"JH378112","216389","216688","KQ053421v1","5610673","5610968","76","5394284"
"JH378112","346152","346463","KQ055267v1","513773","514088","73","167621"
"JH378112","424543","424853","KQ055267v1","513773","514088","75","89230"
"JH378112","519440","519731","KQ053421v1","5610673","5610968","71","5091233"
"JH378112","560020","560329","KQ055352v1","6003171","6003466","72","5443151"
"JH378112","638732","639044","KQ055267v1","513773","514088","85","124959"
"JH378112","665895","666195","KQ055352v1","6003171","6003466","72","5337276"
"JH378112","678441","678736","KQ053421v1","5610673","5610968","87","4932232"
"JH378112","925873","926162","KQ053421v1","5610673","5610968","75","4684800"
"JH378112","979629","979902","KQ058640v1","643463","643729","88","336166"
"JH378112","1108292","1108600","KQ055352v1","6003171","6003466","69","4894879"
"JH378112","1192202","1192513","KQ055352v1","6003171","6003466","76","4810969"
"JH378112","1402322","1402464","KQ053004v1","3064551","3064681","46","1662229"
"JH378112","1693049","1693142","KQ056279v1","759081","759162","28","933968"
"JH378112","1835261","1835563","KQ053421v1","5610673","5610968","73","3775412"
"JH378112","1926140","1926414","KQ058339v1","4553625","4553889","78","2627485"
"JH378112","1959273","1959575","KQ053421v1","5610673","5610968","77","3651400"
"JH378112","1978486","1978795","KQ055267v1","513773","514088","77","1464713"
"JH378112","1986018","1986327","KQ055267v1","513773","514088","76","1472245"
"JH378112","1989131","1989403","KQ057186v1","783828","784085","71","1205303"
"JH378112","1994842","1995146","KQ055352v1","6003171","6003466","70","4008329"
"JH378112","2049285","2049587","KQ053421v1","5610673","5610968","69","3561388"
"JH378112","2190947","2191254","KQ055267v1","513773","514088","72","1677174"
"JH378112","2253870","2254169","KQ053421v1","5610673","5610968","68","3356803"
"JH378112","2432216","2432515","KQ055862v1","1305285","1305561","92","1126931"
"JH378112","2579521","2579825","KQ053421v1","5610673","5610968","75","3031152"
"JH378112","2626710","2627015","KQ058427v1","7786546","7786853","87","5159836"
"JH378112","2758096","2758403","KQ055352v1","6003171","6003466","69","3245075"
"JH378112","2916037","2916341","KQ053421v1","5610673","5610968","71","2694636"
"JH378112","3070507","3070804","KQ055352v1","6003171","6003466","77","2932664"
"JH378112","3084061","3084361","KQ053421v1","5610673","5610968","68","2526612"
"JH378112","3091310","3091611","KQ053421v1","5610673","5610968","69","2519363"
"JH378112","3150024","3150139","KQ053398v1","2623748","2623879","45","526276"
"JH378112","3155524","3155825","KQ053421v1","5610673","5610968","70","2455149"
"JH378112","3184830","3185134","KQ055352v1","6003171","6003466","72","2818341"
"JH378112","3221935","3222237","KQ053421v1","5610673","5610968","72","2388738"
"JH378112","3231955","3232200","KQ058509v1","24058","24271","85","3207897"
"JH378112","3249838","3250138","KQ053421v1","5610673","5610968","78","2360835"
"JH378112","3322029","3322329","KQ053421v1","5610673","5610968","71","2288644"
"JH378112","3326698","3327009","KQ055352v1","6003171","6003466","77","2676473"
"JH378112","3340635","3340937","KQ053421v1","5610673","5610968","89","2270038"
"JH378112","3370941","3371249","KQ055352v1","6003171","6003466","75","2632230"
"JH378112","3421878","3421991","KQ055717v1","1610376","1610476","45","1811502"
"JH378112","3475787","3476095","KQ055352v1","6003171","6003466","72","2527384"
"JH378112","3507403","3507651","KQ058242v1","595939","596205","82","2911464"
"JH378112","3598092","3598387","KQ053421v1","5610673","5610968","72","2012581"
"JH378112","3806940","3807147","ABDC02053644v1","2226","2419","72","3804714"
"JH378112","3943804","3944098","KQ053421v1","5610673","5610968","78","1666869"
"JH378112","4068744","4069045","KQ053421v1","5610673","5610968","78","1541929"
"JH378112","4161154","4161450","KQ053421v1","5610673","5610968","68","1449519"
"JH378112","4222037","4222333","KQ053421v1","5610673","5610968","73","1388636"
"JH378112","4279676","4279976","KQ053421v1","5610673","5610968","70","1330997"
"JH378112","4377057","4377367","KQ055267v1","513773","514088","74","3863284"
"JH378112","4515181","4515488","KQ053421v1","5610673","5610968","86","1095492"
"JH378112","4573979","4574282","KQ053421v1","5610673","5610968","73","1036694"
"JH378112","4639476","4639793","KQ053421v1","5610673","5610968","88","971197"
"JH378112","4764076","4764368","KQ053421v1","5610673","5610968","80","846597"
"JH378112","4833599","4833878","KQ058394v1","9655127","9655422","71","4821528"
"JH378112","4892395","4892698","KQ053421v1","5610673","5610968","81","718278"
"JH378112","5041013","5041138","KQ052968v1","13665640","13665790","52","8624627"
"JH378112","5041239","5041370","KQ056613v1","139721","139816","61","4901518"
"JH378112","5056243","5056554","KQ055352v1","6003171","6003466","71","946928"
"JH378112","5095498","5095732","KQ053234v1","1414405","1414609","72","3681093"
"JH378112","5202751","5203062","KQ055267v1","513773","514088","71","4688978"
"JH378112","5239980","5240276","KQ053421v1","5610673","5610968","76","370693"
"JH378112","5291021","5291319","KQ053421v1","5610673","5610968","67","319652"
"JH378112","5323290","5323575","KQ053421v1","5610673","5610968","83","287383"
"JH378112","5442833","5443134","KQ053421v1","5610673","5610968","79","167840"
"JH378112","5584680","5584990","KQ058427v1","7786546","7786853","83","2201866"
"JH378112","5635148","5635432","KQ053421v1","5610673","5610968","78","24475"
"JH378112","5658224","5658519","KQ055267v1","513773","514088","84","5144451"
"JH378112","5660204","5660505","KQ055352v1","6003171","6003466","64","342967"
"JH378112","5729982","5730280","KQ053421v1","5610673","5610968","68","119309"
"JH378112","5803313","5803444","KQ052968v1","13665640","13665790","51","7862327"
"JH378112","5803546","5803723","KQ053531v1","6571","6737","57","5796975"
"JH378112","5822120","5822423","KQ053421v1","5610673","5610968","75","211447"
"JH378112","5837107","5837435","KQ055267v1","513773","514088","90","5323334"
"JH378112","5848380","5848679","KQ053421v1","5610673","5610968","70","237707"
"JH378112","5903384","5903695","KQ055267v1","513773","514088","73","5389611"
"JH378112","5962397","5962708","KQ055267v1","513773","514088","74","5448624"
"JH378112","5978833","5979125","KQ053421v1","5610673","5610968","78","368160"
"JH378112","5984371","5984668","KQ053421v1","5610673","5610968","87","373698"
"JH378112","5985698","5986005","KQ055267v1","513773","514088","73","5471925"
"JH378112","5996027","5996262","KQ053234v1","1414405","1414609","76","4581622"
"JH378112","6127344","6127654","KQ055352v1","6003171","6003466","73","124173"
"JH378112","6233263","6233557","KQ053421v1","5610673","5610968","77","622590"
"JH378112","6334501","6334774","KQ058242v1","595939","596205","100","5738562"
"JH378112","6701683","6701991","KQ055352v1","6003171","6003466","74","698512"
"JH378112","6754841","6755052","KQ053234v1","1679581","1679757","83","5075260"
"JH378112","6827020","6827287","KQ053421v1","5610673","5610968","91","1216347"
"JH378112","7080890","7081169","KQ058339v1","4553625","4553889","77","2527265"
"JH378112","7094923","7095236","KQ058427v1","7786546","7786853","83","691623"
"JH378112","7109863","7110132","KQ058242v1","595939","596205","96","6513924"
"JH378112","7147630","7147936","KQ055352v1","6003171","6003466","72","1144459"
"JH378112","7204228","7204509","KQ053785v1","888769","889063","78","6315459"
"JH378112","7253661","7253963","KQ053421v1","5610673","5610968","71","1642988"
"JH378112","7294839","7295149","KQ055267v1","513773","514088","72","6781066"
"JH378112","7364935","7365217","KQ054815v1","2215557","2215844","89","5149378"
"JH378112","7433729","7434005","KQ053883v1","6938067","6938331","93","495662"
"JH378112","7482046","7482344","KQ053421v1","5610673","5610968","75","1871373"
"JH378112","7636919","7637229","KQ053421v1","5610673","5610968","79","2026246"
"JH378112","7686371","7686672","KQ053421v1","5610673","5610968","65","2075698"
"JH378112","7775563","7775863","KQ053421v1","5610673","5610968","66","2164890"
"JH378112","7800307","7800603","KQ053421v1","5610673","5610968","66","2189634"
"JH378112","7951670","7951893","KQ058242v1","595939","596205","95","7355731"
"JH378112","8086040","8086333","KQ055862v1","1305285","1305561","85","6780755"
"JH378112","8300156","8300423","KQ058509v1","24058","24271","102","8276098"
"JH378112","8525097","8525401","KQ055352v1","6003171","6003466","75","2521926"
"JH378112","8603424","8603735","KQ055267v1","513773","514088","74","8089651"
"JH378112","8928464","8928764","KQ053421v1","5610673","5610968","66","3317791"
"JH378112","9402970","9403279","KQ055267v1","513773","514088","73","8889197"
"JH378112","9411539","9411836","KQ055267v1","513773","514088","77","8897766"
"JH378112","9462374","9462685","KQ055267v1","513773","514088","74","8948601"
"JH378112","9546984","9547280","KQ053421v1","5610673","5610968","87","3936311"
"JH378112","9816275","9816606","KQ058427v1","7786546","7786853","98","2029729"
"JH378112","9826650","9826962","KQ055267v1","513773","514088","79","9312877"
"JH378112","9958120","9958402","KQ053421v1","5610673","5610968","91","4347447"
"JH378112","10180206","10180465","KQ055862v1","1305285","1305561","88","8874921"
"JH378112","10231382","10231688","KQ053421v1","5610673","5610968","73","4620709"
"JH378112","10371334","10371639","KQ055352v1","6003171","6003466","73","4368163"
"JH378112","10406655","10406928","KQ058242v1","595939","596205","69","9810716"
"JH378112","10575884","10576192","KQ055267v1","513773","514088","85","10062111"
"JH378112","10658192","10658492","KQ053421v1","5610673","5610968","72","5047519"
"JH378112","10668025","10668309","KQ058427v1","7786546","7786853","86","2881479"
"JH378112","10713805","10714115","KQ055352v1","6003171","6003466","74","4710634"
"JH378112","11066948","11067245","KQ053421v1","5610673","5610968","70","5456275"
"JH378112","11378636","11378942","KQ055352v1","6003171","6003466","67","5375465"
"JH378112","11509259","11509531","KQ055352v1","6003171","6003466","93","5506088"
"JH378112","12012675","12012979","KQ058427v1","7786546","7786853","83","4226129"
"JH378112","12097139","12097448","KQ053421v1","5610673","5610968","69","6486466"
"JH378112","12270134","12270425","KQ053421v1","5610673","5610968","83","6659461"
"JH378112","12341736","12342029","KQ053421v1","5610673","5610968","75","6731063"
"JH378112","12457039","12457213","KQ058423v1","270754","270928","51","12186285"
"JH378112","12469956","12470257","KQ053421v1","5610673","5610968","79","6859283"
"JH378112","12470335","12470641","KQ058427v1","7786546","7786853","81","4683789"
"JH378112","12479287","12479576","KQ058242v1","595939","596205","80","11883348"
"JH378112","12485201","12485505","KQ053421v1","5610673","5610968","82","6874528"
"JH378112","12500463","12500629","KQ058350v1","9514178","9514352","37","2986285"
"JH378112","12548890","12549197","KQ055352v1","6003171","6003466","76","6545719"
"JH378112","12572005","12572315","KQ058427v1","7786546","7786853","78","4785459"
"JH378112","12637428","12637701","KQ055862v1","1305285","1305561","86","11332143"
"JH378112","12650079","12650381","KQ053421v1","5610673","5610968","81","7039406"
"JH378112","12767132","12767338","KQ055662v1","1890465","1890674","64","10876667"
"JH378112","12783600","12783899","KQ053421v1","5610673","5610968","75","7172927"
"JH378112","12812983","12813271","KQ053421v1","5610673","5610968","76","7202310"
"JH378112","12825265","12825554","KQ053421v1","5610673","5610968","76","7214592"
"JH378112","12825556","12825835","KQ057186v1","783828","784085","86","12041728"
"JH378112","12899571","12899879","KQ053421v1","5610673","5610968","80","7288898"
"JH378112","12918227","12918484","KQ053421v1","5610673","5610968","90","7307554"
"JH378112","12934971","12935234","KQ058339v1","4553625","4553889","83","8381346"
"JH378112","12943031","12943310","KQ054815v1","2215557","2215844","92","10727474"
"JH378112","13145121","13145416","KQ053421v1","5610673","5610968","74","7534448"
"JH378112","13165817","13166129","KQ055352v1","6003171","6003466","75","7162646"
"JH378112","13180168","13180479","KQ055352v1","6003171","6003466","73","7176997"
"JH378112","13196770","13197062","KQ053421v1","5610673","5610968","73","7586097"
"JH378112","13301859","13302168","KQ053421v1","5610673","5610968","83","7691186"
"JH378112","13335232","13335517","KQ053421v1","5610673","5610968","78","7724559"
"JH378112","13336069","13336364","KQ053421v1","5610673","5610968","91","7725396"
"JH378112","13354078","13354363","KQ053421v1","5610673","5610968","78","7743405"
"JH378112","13354605","13354897","KQ053421v1","5610673","5610968","75","7743932"
"JH378112","13379002","13379310","KQ055352v1","6003171","6003466","72","7375831"
"JH378112","13450804","13451088","KQ053421v1","5610673","5610968","75","7840131"
"JH378112","13467651","13467945","KQ053421v1","5610673","5610968","68","7856978"
"JH378112","13470769","13471063","KQ053421v1","5610673","5610968","81","7860096"
"JH378112","13477808","13478120","KQ055352v1","6003171","6003466","71","7474637"
"JH378112","13591844","13592133","KQ053421v1","5610673","5610968","71","7981171"
"JH378112","13595431","13595729","KQ053421v1","5610673","5610968","69","7984758"
"JH378112","13643484","13643793","KQ055352v1","6003171","6003466","72","7640313"
"JH378112","13858754","13859061","KQ055352v1","6003171","6003466","69","7855583"
"JH378112","14153385","14153694","KQ053059v1","2548766","2549102","111","11604619"
"JH378112","14191016","14191314","KQ053421v1","5610673","5610968","70","8580343"
"JH378112","14234619","14234899","KQ058339v1","4553625","4553889","84","9680994"
"JH378112","14405790","14406101","KQ055267v1","513773","514088","74","13892017"
"JH378112","14438564","14438715","KQ053004v1","3064551","3064681","44","11374013"
"JH378112","14456567","14456879","KQ053421v1","5610673","5610968","82","8845894"
"JH378112","14472001","14472305","KQ055267v1","513773","514088","81","13958228"
"JH378112","14488156","14488310","KQ054510v1","7582269","7582431","39","6905887"
"JH378112","14505683","14505962","KQ053785v1","888769","889063","82","13616914"
"JH378112","14530408","14530512","KQ056493v1","2043382","2043488","38","12487026"
"JH378112","14546568","14546868","KQ058427v1","7786546","7786853","83","6760022"
"JH378112","14557363","14557630","KQ055352v1","6003171","6003466","87","8554192"
"JH378112","14616231","14616532","KQ053421v1","5610673","5610968","72","9005558"
"JH378112","14622595","14622900","KQ055267v1","513773","514088","73","14108822"
"JH378112","14659041","14659335","KQ053421v1","5610673","5610968","81","9048368"
"JH378112","14662945","14663251","KQ055352v1","6003171","6003466","73","8659774"
"JH378112","14663698","14664007","KQ055267v1","513773","514088","72","14149925"
"JH378112","14678282","14678590","KQ053421v1","5610673","5610968","73","9067609"
"JH378112","14693087","14693342","KQ058242v1","595939","596205","72","14097148"
"JH378112","14699775","14700057","KQ053421v1","5610673","5610968","83","9089102"
"JH378112","14712993","14713274","KQ053421v1","5610673","5610968","86","9102320"
"JH378112","14718134","14718427","KQ053421v1","5610673","5610968","69","9107461"
"JH378112","14718443","14718645","KQ053234v1","1679581","1679757","94","13038862"
"JH378112","14726710","14727025","KQ055352v1","6003171","6003466","81","8723539"
"JH378112","14794773","14795080","KQ055267v1","513773","514088","77","14281000"
"JH378112","14797300","14797606","KQ053421v1","5610673","5610968","78","9186627"
"JH378112","14892614","14892916","KQ053421v1","5610673","5610968","76","9281941"
"JH378112","14956130","14956393","KQ053421v1","5610673","5610968","86","9345457"
"JH378112","14959146","14959436","KQ053421v1","5610673","5610968","74","9348473"
"JH378112","15003510","15003780","KQ057901v1","868884","869144","87","14134626"
"JH378112","15011113","15011420","KQ055352v1","6003171","6003466","69","9007942"
"JH378112","15077063","15077355","KQ053421v1","5610673","5610968","73","9466390"
"JH378112","15117920","15118223","KQ053421v1","5610673","5610968","82","9507247"
"JH378112","15118625","15118931","KQ053421v1","5610673","5610968","73","9507952"
"JH378112","15343592","15343879","KQ053421v1","5610673","5610968","78","9732919"
"JH378112","15648289","15648584","KQ053421v1","5610673","5610968","71","10037616"
"JH378112","16217635","16217930","KQ054815v1","2215557","2215844","96","14002078"
"JH378112","16280959","16281247","KQ053421v1","5610673","5610968","81","10670286"
"JH378112","16282275","16282559","KQ058242v1","595939","596205","94","15686336"
"JH378112","16334740","16335046","KQ055352v1","6003171","6003466","73","10331569"
"JH378112","16345889","16346197","KQ058427v1","7786546","7786853","81","8559343"
"JH378112","16355174","16355452","KQ053421v1","5610673","5610968","89","10744501"
"JH378112","16360999","16361289","KQ058427v1","7786546","7786853","79","8574453"
"JH378112","16362097","16362384","KQ053421v1","5610673","5610968","85","10751424"
"JH378112","16401504","16401798","KQ053421v1","5610673","5610968","73","10790831"
"JH378112","16467455","16467721","KQ057186v1","783828","784085","77","15683627"
"JH378112","16470737","16470907","KQ053234v1","1679581","1679757","52","14791156"
"JH378112","16479325","16479626","KQ053421v1","5610673","5610968","73","10868652"
"JH378112","16511997","16512294","KQ053421v1","5610673","5610968","75","10901324"
"JH378112","16540335","16540646","KQ055267v1","513773","514088","74","16026562"
"JH378112","16549236","16549519","KQ053421v1","5610673","5610968","88","10938563"
"JH378112","16590054","16590348","KQ053421v1","5610673","5610968","72","10979381"
"JH378112","16649620","16649912","KQ053421v1","5610673","5610968","74","11038947"
"JH378112","16676348","16676644","KQ053421v1","5610673","5610968","68","11065675"
"JH378112","16708437","16708748","KQ055352v1","6003171","6003466","74","10705266"
"JH378112","16977820","16978116","KQ053421v1","5610673","5610968","68","11367147"
"JH378112","17185423","17185719","KQ053421v1","5610673","5610968","67","11574750"
"JH378112","17436567","17436856","KQ053421v1","5610673","5610968","74","11825894"
"JH378112","17912297","17912599","KQ053421v1","5610673","5610968","65","12301624"
"JH378112","17996929","17997230","KQ053421v1","5610673","5610968","74","12386256"
"JH378112","18008905","18009028","KQ053398v1","2623748","2623879","39","15385157"
"JH378112","18029480","18029774","KQ053421v1","5610673","5610968","67","12418807"
"JH378112","18040150","18040429","KQ054815v1","2215557","2215844","85","15824593"
"JH378112","18041707","18042029","KQ058427v1","7786546","7786853","92","10255161"
"JH378112","18044574","18044883","KQ055352v1","6003171","6003466","78","12041403"
"JH378112","18045305","18045605","KQ053421v1","5610673","5610968","75","12434632"
"JH378112","18129410","18129708","KQ053421v1","5610673","5610968","63","12518737"
"JH378112","18134831","18135128","KQ053421v1","5610673","5610968","68","12524158"
"JH378112","18145327","18145623","KQ053421v1","5610673","5610968","75","12534654"
"JH378112","18190171","18190477","KQ053421v1","5610673","5610968","71","12579498"
"JH378112","18218494","18218772","KQ055862v1","1305285","1305561","81","16913209"
"JH378112","18307238","18307547","KQ053421v1","5610673","5610968","70","12696565"
"JH378112","18331074","18331369","KQ053421v1","5610673","5610968","67","12720401"
"JH378112","18371364","18371666","KQ053421v1","5610673","5610968","73","12760691"
"JH378112","18385303","18385592","KQ053421v1","5610673","5610968","83","12774630"
"JH378112","18439630","18439940","KQ055352v1","6003171","6003466","73","12436459"
"JH378112","18445777","18446015","KQ057901v1","868884","869144","82","17576893"
"JH378112","18451211","18451508","KQ053421v1","5610673","5610968","85","12840538"
"JH378112","18495443","18495728","KQ053421v1","5610673","5610968","83","12884770"
"JH378112","18643862","18644170","KQ055267v1","513773","514088","75","18130089"
"JH378112","18690322","18690592","KQ058427v1","6786866","6787134","77","11903456"
"JH378112","18860360","18860649","KQ053421v1","5610673","5610968","73","13249687"
"JH378112","18966123","18966404","KQ058242v1","595939","596205","83","18370184"
"JH378112","19017867","19018177","KQ055352v1","6003171","6003466","72","13014696"
"JH378112","19125992","19126299","KQ053421v1","5610673","5610968","76","13515319"
"JH378112","19184131","19184438","KQ053421v1","5610673","5610968","69","13573458"
"JH378112","19225178","19225477","KQ053421v1","5610673","5610968","70","13614505"
"JH378112","19237505","19237822","KQ058427v1","7786546","7786853","85","11450959"
"JH378112","19283086","19283390","KQ055352v1","6003171","6003466","77","13279915"
"JH378112","19283394","19283659","KQ057901v1","868884","869144","96","18414510"
"JH378112","19286999","19287285","KQ053421v1","5610673","5610968","76","13676326"
"JH378112","19454096","19454404","KQ055352v1","6003171","6003466","69","13450925"
"JH378112","19494602","19494886","KQ058339v1","4553625","4553889","79","14940977"
"JH378112","19586114","19586419","KQ053421v1","5610673","5610968","70","13975441"
"JH378112","19625261","19625540","KQ053421v1","5610673","5610968","75","14014588"
"JH378112","19680925","19681216","KQ053421v1","5610673","5610968","73","14070252"
"JH378112","19700224","19700524","KQ053421v1","5610673","5610968","69","14089551"
"JH378112","19719821","19720086","KQ053421v1","5610673","5610968","91","14109148"
"JH378112","19775285","19775583","KQ053421v1","5610673","5610968","84","14164612"
"JH378112","19776147","19776440","KQ053421v1","5610673","5610968","79","14165474"
"JH378112","19835666","19835976","KQ058427v1","7786546","7786853","74","12049120"
"JH378112","19856311","19856618","KQ055267v1","513773","514088","70","19342538"
"JH378112","19924873","19925179","KQ058427v1","7786546","7786853","82","12138327"
"JH378112","19991828","19992163","KQ055267v1","513773","514088","100","19478055"
"JH378112","19998942","19999215","KQ053785v1","888769","889063","75","19110173"
"JH378112","20003813","20004111","KQ053421v1","5610673","5610968","75","14393140"
"JH378112","20060419","20060726","KQ053421v1","5610673","5610968","82","14449746"
"JH378112","20147627","20147897","KQ058242v1","595939","596205","85","19551688"
"JH378112","20149244","20149561","KQ053421v1","5610673","5610968","88","14538571"
"JH378112","20203361","20203669","KQ053421v1","5610673","5610968","84","14592688"
"JH378112","20203788","20203918","KQ053398v1","2623748","2623879","30","17580040"
"JH378112","20358674","20358943","KQ058242v1","595939","596205","92","19762735"
"JH378112","20373548","20373839","KQ055267v1","513773","514088","84","19859775"
"JH378112","20384861","20385177","KQ058427v1","7786546","7786853","77","12598315"
"JH378112","20398808","20399099","KQ053421v1","5610673","5610968","88","14788135"
"JH378112","20486291","20486583","KQ053421v1","5610673","5610968","65","14875618"
"JH378112","20573383","20573564","KQ055978v1","4311984","4312161","41","16261399"
"JH378112","20574505","20574609","KQ057781v1","1047045","1047171","40","19527460"
"JH378112","20576282","20576607","KQ055352v1","6003171","6003466","86","14573111"
"JH378112","20604425","20604700","KQ054815v1","2215557","2215844","80","18388868"
"JH378112","20611284","20611575","KQ054815v1","2215557","2215844","81","18395727"
"JH378112","20617438","20617738","KQ053421v1","5610673","5610968","64","15006765"
"JH378112","20717610","20717913","KQ053421v1","5610673","5610968","73","15106937"
"JH378112","20742446","20742735","KQ053421v1","5610673","5610968","79","15131773"
"JH378112","20779851","20779984","KQ053398v1","2623748","2623879","41","18156103"
"JH378112","20779987","20780296","KQ058427v1","7786546","7786853","72","12993441"
"JH378112","20780708","20780838","KQ052968v1","13665640","13665790","45","7115068"
"JH378112","20781246","20781512","KQ057901v1","868884","869144","90","19912362"
"JH378112","20800899","20801189","KQ053421v1","5610673","5610968","89","15190226"
"JH378112","20801919","20802207","KQ053421v1","5610673","5610968","80","15191246"
"JH378112","20825010","20825182","KQ056064v1","326763","326940","57","20498247"
"JH378112","20826695","20826875","KQ058350v1","9514178","9514352","54","11312517"
"JH378112","20862428","20862558","KQ053398v1","2623748","2623879","29","18238680"
"JH378112","20863549","20863688","KQ054401v1","3363241","3363379","33","17500308"
"JH378112","20870222","20870350","KQ053398v1","2623748","2623879","34","18246474"
"JH378112","20894861","20895150","KQ053421v1","5610673","5610968","75","15284188"
"JH378112","20952894","20952946","KQ054400v1","3798579","3798624","27","17154315"
"JH378112","20952947","20953143","KQ058274v1","300327","300497","54","20652620"
"JH378112","20960263","20960562","KQ053421v1","5610673","5610968","72","15349590"
"JH378112","20988152","20988428","KQ058242v1","595939","596205","77","20392213"
"JH378112","21043788","21043973","KQ054179v1","3404435","3404595","50","17639353"
"JH378112","21101688","21101993","KQ055267v1","513773","514088","77","20587915"
"JH378112","21104674","21104967","KQ053421v1","5610673","5610968","71","15494001"
"JH378112","21127132","21127436","KQ053421v1","5610673","5610968","72","15516459"
"JH378112","21138550","21138832","KQ058394v1","9655127","9655422","81","11483423"
"JH378112","21149726","21150003","KQ053421v1","5610673","5610968","89","15539053"
"JH378112","21192016","21192326","KQ058427v1","7786546","7786853","79","13405470"
"JH378112","21199797","21199935","KQ053004v1","3064551","3064681","51","18135246"
"JH378112","21203476","21203784","KQ053421v1","5610673","5610968","75","15592803"
"JH378112","21242314","21242580","KQ058427v1","6786866","6787134","98","14455448"
"JH378112","21243893","21244199","KQ058427v1","7786546","7786853","86","13457347"
"JH378112","21256218","21256519","KQ053421v1","5610673","5610968","84","15645545"
"JH378112","21341615","21341915","KQ053421v1","5610673","5610968","71","15730942"
"JH378112","21354616","21354745","KQ053398v1","2623748","2623879","33","18730868"
"JH378112","21356959","21357253","KQ053421v1","5610673","5610968","74","15746286"
"JH378112","21388422","21388557","KQ054401v1","3363241","3363379","35","18025181"
"JH378112","21428606","21428754","KQ054724v1","2672013","2672173","48","18756593"
"JH378112","21434859","21435067","KQ052982v1","2032903","2033097","52","19401956"
"JH378112","21464257","21464384","KQ053398v1","2623748","2623879","33","18840509"
"JH378112","21476885","21477020","KQ053398v1","2623748","2623879","34","18853137"
"JH378112","21496891","21497205","KQ053421v1","5610673","5610968","85","15886218"
"JH378112","21502112","21502399","KQ053421v1","5610673","5610968","81","15891439"
"JH378112","21603993","21604228","KQ058509v1","24058","24271","67","21579935"
"JH378112","21648986","21649151","KQ054510v1","7582269","7582431","47","14066717"
"JH378112","21663900","21664029","KQ053398v1","2623748","2623879","31","19040152"
"JH378112","21725013","21725310","KQ053421v1","5610673","5610968","74","16114340"
"JH378112","21754677","21754942","KQ058242v1","595939","596205","80","21158738"
"JH378112","21755045","21755347","KQ053421v1","5610673","5610968","77","16144372"
"JH378112","21798352","21798686","KQ058427v1","7786546","7786853","108","14011806"
"JH378112","21811279","21811599","KQ053421v1","5610673","5610968","98","16200606"
"JH378112","21833759","21834043","KQ058427v1","6786866","6787134","87","15046893"
"JH378112","21903427","21903717","KQ053421v1","5610673","5610968","72","16292754"
"JH378112","21955961","21956265","KQ053421v1","5610673","5610968","79","16345288"
"JH378112","22146201","22146346","KQ054268v1","765831","765979","45","21380370"
"JH378112","22274459","22274733","KQ053421v1","5610673","5610968","87","16663786"
"JH378112","22296174","22296464","KQ053421v1","5610673","5610968","73","16685501"
"JH378112","22327724","22327779","KQ054191v1","1885658","1885707","18","20442066"
"JH378112","22328169","22328370","KQ058594v1","1033101","1033292","54","21295068"
"JH378112","22332978","22333209","KQ055717v1","1610777","1611031","79","20722201"
"JH378112","22372605","22372889","KQ053421v1","5610673","5610968","76","16761932"
"JH378112","22391303","22391598","KQ053421v1","5610673","5610968","67","16780630"
"JH378112","22395114","22395405","KQ053421v1","5610673","5610968","93","16784441"
"JH378112","22395807","22395898","KQ058316v1","2226037","2226104","39","20169770"
"JH378112","22408058","22408349","KQ053421v1","5610673","5610968","75","16797385"
"JH378112","22433399","22433698","KQ053421v1","5610673","5610968","80","16822726"
"JH378112","22468446","22468530","KQ056235v1","1266284","1266361","21","21202162"
"JH378112","22473971","22474274","KQ055352v1","6003171","6003466","78","16470800"
"JH378112","22657440","22657751","KQ055267v1","513773","514088","73","22143667"
"JH378112","22786793","22787083","KQ053421v1","5610673","5610968","77","17176120"
"JH378112","22821832","22822110","KQ053421v1","5610673","5610968","83","17211159"
"JH378112","22899014","22899303","KQ053421v1","5610673","5610968","88","17288341"
"JH378112","22955893","22956184","KQ053421v1","5610673","5610968","86","17345220"
"JH378112","22960745","22960932","KQ057449v1","1214348","1214489","64","21746397"
"JH378112","23021485","23021780","KQ053421v1","5610673","5610968","72","17410812"
"JH378112","23034909","23035219","KQ055352v1","6003171","6003466","74","17031738"
"JH378112","23068879","23069176","KQ053421v1","5610673","5610968","85","17458206"
"JH378112","23147087","23147239","KQ053398v1","2623748","2623879","51","20523339"
"JH378112","23178020","23178323","KQ055352v1","6003171","6003466","74","17174849"
"JH378112","23207897","23208021","KQ053398v1","2627781","2627909","40","20580116"
"JH378112","23298457","23298763","KQ055267v1","513773","514088","66","22784684"
"JH378112","23328160","23328452","KQ053421v1","5610673","5610968","75","17717487"
"JH378112","23393764","23394050","KQ053421v1","5610673","5610968","86","17783091"
"JH378112","23402284","23402574","KQ053421v1","5610673","5610968","84","17791611"
"JH378112","23488654","23488987","KQ053059v1","2548766","2549102","96","20939888"
"JH378112","23638461","23638756","KQ053421v1","5610673","5610968","76","18027788"
"JH378112","23754507","23754800","KQ053421v1","5610673","5610968","71","18143834"
"JH378112","23791669","23791979","KQ055267v1","513773","514088","69","23277896"
"JH378112","23846545","23846835","KQ053421v1","5610673","5610968","74","18235872"
"JH378112","23907467","23907748","KQ057186v1","783828","784085","95","23123639"
"JH378112","23973264","23973414","KQ054401v1","3363241","3363379","44","20610023"
"JH378112","24096081","24096369","KQ053421v1","5610673","5610968","78","18485408"
"JH378112","24106645","24106925","KQ055267v1","513773","514088","97","23592872"
"JH378112","24121198","24121497","KQ053421v1","5610673","5610968","67","18510525"
"JH378112","24169261","24169565","KQ053421v1","5610673","5610968","84","18558588"
"JH378112","24200910","24201218","KQ055352v1","6003171","6003466","67","18197739"
"JH378112","24518454","24518753","KQ053421v1","5610673","5610968","74","18907781"
"JH378112","24564814","24565114","KQ053421v1","5610673","5610968","74","18954141"
"JH378112","24845693","24845852","KQ058428v1","1396698","1396861","49","23448995"
"JH378112","24903057","24903126","KQ058316v1","2226037","2226104","19","22677020"
"JH378112","24976019","24976319","KQ053421v1","5610673","5610968","78","19365346"
"JH378112","25008343","25008517","KQ058350v1","9514178","9514352","40","15494165"
"JH378112","25070438","25070735","KQ053421v1","5610673","5610968","91","19459765"
"JH378112","25496869","25497162","KQ053421v1","5610673","5610968","80","19886196"
"JH378112","25502190","25502475","KQ053421v1","5610673","5610968","84","19891517"
"JH378112","25544150","25544451","KQ053421v1","5610673","5610968","71","19933477"
"JH378112","25643742","25644039","KQ058427v1","7786546","7786853","85","17857196"
"JH378112","25660669","25660792","KQ053398v1","2623748","2623879","42","23036921"
"JH378112","25770801","25771105","KQ053421v1","5610673","5610968","86","20160128"
"JH378112","25792860","25793165","KQ055352v1","6003171","6003466","72","19789689"
"JH378112","25879922","25880059","KQ054401v1","3363241","3363379","40","22516681"
"JH378112","25996659","25996954","KQ053421v1","5610673","5610968","86","20385986"
"JH378112","26005640","26005950","KQ058427v1","7786546","7786853","83","18219094"
"JH378112","26113768","26114076","KQ058427v1","7786546","7786853","82","18327222"
"JH378112","26162561","26162877","KQ055352v1","6003171","6003466","76","20159390"
"JH378112","26176461","26176761","KQ053421v1","5610673","5610968","66","20565788"
"JH378112","26232208","26232508","KQ053421v1","5610673","5610968","73","20621535"
"JH378112","26240709","26240995","KQ053421v1","5610673","5610968","91","20630036"
"JH378112","26309224","26309520","KQ053421v1","5610673","5610968","82","20698551"
"JH378112","26376541","26376852","KQ055267v1","513773","514088","75","25862768"
"JH378112","26446864","26447124","KQ058242v1","595939","596205","69","25850925"
"JH378112","26478693","26478994","KQ053421v1","5610673","5610968","63","20868020"
"JH378112","26555341","26555636","KQ054815v1","2215557","2215844","88","24339784"
"JH378112","26572352","26572656","KQ053421v1","5610673","5610968","87","20961679"
"JH378112","26706511","26706795","KQ053421v1","5610673","5610968","81","21095838"
"JH378112","27033923","27034229","KQ053421v1","5610673","5610968","70","21423250"
"JH378112","27039893","27040210","KQ058427v1","7786546","7786853","101","19253347"
"JH378112","27134237","27134522","KQ053421v1","5610673","5610968","89","21523564"
"JH378112","27350092","27350342","KQ057186v1","783828","784085","80","26566264"
"JH378112","27400571","27400878","KQ055352v1","6003171","6003466","75","21397400"
"JH378112","27460173","27460477","KQ053421v1","5610673","5610968","70","21849500"
"JH378112","27577458","27577670","KQ058242v1","595939","596205","100","26981519"
"JH378112","27593433","27593743","KQ055267v1","513773","514088","75","27079660"
"JH378112","27753655","27753936","KQ054815v1","2215557","2215844","77","25538098"
"JH378112","27781584","27781887","KQ053421v1","5610673","5610968","68","22170911"
"JH378112","27802841","27803123","KQ054815v1","2215557","2215844","81","25587284"
"JH378112","27833158","27833454","KQ053421v1","5610673","5610968","75","22222485"
"JH378112","27869644","27869935","KQ055862v1","1305285","1305561","85","26564359"
"JH378112","27871359","27871619","KQ058505v1","2207051","2207301","87","25664308"
"JH378112","27953506","27953816","KQ055267v1","513773","514088","73","27439733"
"JH378112","28061636","28061944","KQ055352v1","6003171","6003466","71","22058465"
"JH378112","28063363","28063689","KQ053421v1","5610673","5610968","90","22452690"
"JH378112","28212997","28213301","KQ053421v1","5610673","5610968","77","22602324"
"JH378112","28324376","28324690","KQ058427v1","7786546","7786853","82","20537830"
"JH378112","28333336","28333641","KQ055352v1","6003171","6003466","70","22330165"
"JH378112","28400432","28400736","KQ053421v1","5610673","5610968","81","22789759"
"JH378112","28402189","28402491","KQ053421v1","5610673","5610968","79","22791516"
"JH378112","28514695","28514994","KQ053421v1","5610673","5610968","68","22904022"
"JH378112","28527893","28528175","KQ053421v1","5610673","5610968","84","22917220"
"JH378112","28593100","28593409","KQ055352v1","6003171","6003466","70","22589929"
"JH378112","28614374","28614683","KQ053421v1","5610673","5610968","84","23003701"
"JH378112","29018290","29018579","KQ053421v1","5610673","5610968","74","23407617"
"JH378112","29045533","29045841","KQ053421v1","5610673","5610968","82","23434860"
"JH378112","29101953","29102254","KQ058427v1","7786546","7786853","83","21315407"
"JH378112","29159433","29159569","KQ053398v1","2623748","2623879","41","26535685"
"JH378112","29289416","29289655","KQ058242v1","595939","596205","79","28693477"
"JH378112","29329363","29329673","KQ055352v1","6003171","6003466","71","23326192"
"JH378112","29588117","29588423","KQ055352v1","6003171","6003466","73","23584946"
"JH378112","29624617","29624926","KQ058427v1","7786546","7786853","73","21838071"
"JH378112","29723228","29723543","KQ058427v1","7786546","7786853","80","21936682"
"JH378112","29762644","29762945","KQ053421v1","5610673","5610968","68","24151971"
"JH378112","29808044","29808324","KQ058640v1","643463","643729","87","29164581"
"JH378112","29905842","29906134","KQ053421v1","5610673","5610968","70","24295169"
"JH378112","30014219","30014525","KQ053421v1","5610673","5610968","100","24403546"
"JH378112","30078336","30078639","KQ053421v1","5610673","5610968","75","24467663"
"JH378112","30124914","30125215","KQ053421v1","5610673","5610968","86","24514241"
"JH378112","30144029","30144318","KQ053421v1","5610673","5610968","82","24533356"
"JH378112","30144961","30145246","KQ053421v1","5610673","5610968","76","24534288"
"JH378112","30164476","30164770","KQ053421v1","5610673","5610968","81","24553803"
"JH378112","30190716","30190833","KQ056493v1","2043382","2043488","53","28147334"
"JH378112","30191140","30191300","KQ053398v1","2623748","2623879","52","27567392"
"JH378112","30213197","30213501","KQ053421v1","5610673","5610968","88","24602524"
"JH378112","30291998","30292298","KQ053421v1","5610673","5610968","77","24681325"
"JH378112","30349624","30349934","KQ058427v1","7786546","7786853","72","22563078"
"JH378112","30353155","30353449","KQ053421v1","5610673","5610968","61","24742482"
"JH378112","30502182","30502463","KQ053421v1","5610673","5610968","79","24891509"
"JH378112","30585900","30586180","KQ054815v1","2215557","2215844","90","28370343"
"JH378112","30592215","30592526","KQ058427v1","7786546","7786853","75","22805669"
"JH378112","30760654","30760949","KQ053421v1","5610673","5610968","70","25149981"
"JH378112","30775553","30775852","KQ053421v1","5610673","5610968","71","25164880"
"JH378112","30777290","30777562","KQ054815v1","2215557","2215844","80","28561733"
"JH378112","30816808","30817099","KQ053421v1","5610673","5610968","74","25206135"
"JH378112","30906767","30907066","KQ055267v1","513773","514088","84","30392994"
"JH378112","30926185","30926314","KQ053398v1","2623748","2623879","34","28302437"
"JH378112","31104916","31105213","KQ053421v1","5610673","5610968","74","25494243"
"JH378112","31213361","31213651","KQ053421v1","5610673","5610968","71","25602688"
"JH378112","31317192","31317501","KQ055352v1","6003171","6003466","70","25314021"
"JH378112","31327764","31327895","KQ053398v1","2623748","2623879","42","28704016"
"JH378112","31335660","31335775","KQ053398v1","2627781","2627909","45","28707879"
"JH378112","31393927","31394020","KQ058316v1","2226037","2226104","36","29167890"
"JH378112","31420628","31420757","KQ053398v1","2623748","2623879","34","28796880"
"JH378112","31456468","31456765","KQ053421v1","5610673","5610968","81","25845795"
"JH378112","31622362","31622660","KQ053421v1","5610673","5610968","76","26011689"
"JH378112","31848845","31849129","KQ057901v1","868884","869144","89","30979961"
"JH378112","31929548","31929846","KQ053421v1","5610673","5610968","77","26318875"
"JH378112","32012709","32012841","KQ057781v1","1047045","1047171","37","30965664"
"JH378112","32014675","32014844","KQ053234v1","1679581","1679757","46","30335094"
"JH378112","32029157","32029449","KQ053421v1","5610673","5610968","76","26418484"
"JH378112","32046092","32046390","KQ053421v1","5610673","5610968","80","26435419"
"JH378112","32055568","32055865","KQ053421v1","5610673","5610968","82","26444895"
"JH378112","32057507","32057814","KQ053421v1","5610673","5610968","74","26446834"
"JH378112","32123541","32123848","KQ053421v1","5610673","5610968","84","26512868"
"JH378112","32203636","32203939","KQ053421v1","5610673","5610968","76","26592963"
"JH378112","32232799","32233071","KQ058242v1","595939","596205","81","31636860"
"JH378112","32276402","32276602","KQ058594v1","2771639","2771800","75","29504763"
"JH378112","32279687","32279989","KQ053421v1","5610673","5610968","72","26669014"
"JH378112","32324461","32324555","KQ058316v1","2226037","2226104","46","30098424"
"JH378112","32324593","32324674","KQ055394v1","3161316","3161387","32","29163277"
"JH378112","32449924","32450110","KQ058350v1","9514178","9514352","53","22935746"
"JH378112","32458453","32458740","KQ053421v1","5610673","5610968","81","26847780"
"JH378112","32508557","32508847","KQ053421v1","5610673","5610968","71","26897884"
"JH378112","32565278","32565418","KQ056493v1","2043382","2043488","56","30521896"
"JH378112","32577683","32577986","KQ053421v1","5610673","5610968","74","26967010"
"JH378112","32613730","32614026","KQ055352v1","6003171","6003466","78","26610559"
"JH378112","32622432","32622666","KQ058274v1","300327","300497","90","32322105"
"JH378112","32656355","32656568","KQ055662v1","1890465","1890674","73","30765890"
"JH378112","32662348","32662647","KQ053421v1","5610673","5610968","77","27051675"
"JH378112","32668998","32669302","KQ053421v1","5610673","5610968","76","27058325"
"JH378112","32698667","32698964","KQ053421v1","5610673","5610968","68","27087994"
"JH378112","32709706","32710005","KQ053421v1","5610673","5610968","76","27099033"
"JH378112","32724627","32724928","KQ058427v1","7786546","7786853","85","24938081"
"JH378112","32753574","32753653","KQ056235v1","1266284","1266361","25","31487290"
"JH378112","32828411","32828715","KQ055267v1","513773","514088","79","32314638"
"JH378112","32961290","32961597","KQ058427v1","7786546","7786853","71","25174744"
"JH378112","32963321","32963636","KQ053421v1","5610673","5610968","92","27352648"
"JH378112","32985825","32986128","KQ055352v1","6003171","6003466","70","26982654"
"JH378112","33165833","33165965","KQ056911v1","1421731","1421862","45","31744102"
"JH378112","33187839","33187960","KQ053004v1","3064551","3064681","47","30123288"
"JH378112","33209862","33210156","KQ053421v1","5610673","5610968","79","27599189"
"JH378112","33213726","33214015","KQ053421v1","5610673","5610968","82","27603053"
"JH378112","33283847","33284146","KQ053421v1","5610673","5610968","70","27673174"
"JH378112","33325972","33326271","KQ053421v1","5610673","5610968","64","27715299"
"JH378112","33371455","33371683","KQ057186v1","783828","784085","83","32587627"
"JH378112","33405118","33405266","KQ057161v1","453350","453459","61","32951768"
"JH378112","33456008","33456311","KQ053421v1","5610673","5610968","66","27845335"
"JH378112","33513980","33514285","KQ055352v1","6003171","6003466","69","27510809"
"JH378112","33544969","33545268","KQ053421v1","5610673","5610968","70","27934296"
"JH378112","33551886","33552197","KQ058427v1","7786546","7786853","76","25765340"
"JH378112","33566672","33566967","KQ053421v1","5610673","5610968","70","27955999"
"JH378112","33675377","33675689","KQ053421v1","5610673","5610968","86","28064704"
"JH378112","33707954","33708226","KQ053421v1","5610673","5610968","85","28097281"
"JH378112","33722191","33722298","KQ056279v1","759081","759162","42","32963110"
"JH378112","33722863","33723168","KQ053421v1","5610673","5610968","75","28112190"
"JH378112","33748990","33749206","KQ055662v1","1890465","1890674","59","31858525"
"JH378112","33758609","33758896","KQ053421v1","5610673","5610968","77","28147936"
"JH378112","33770121","33770428","KQ055267v1","513773","514088","72","33256348"
"JH378112","33823753","33824037","KQ055862v1","1305285","1305561","90","32518468"
"JH378112","33843471","33843740","KQ058242v1","595939","596205","74","33247532"
"JH378112","33856188","33856484","KQ053421v1","5610673","5610968","78","28245515"
"JH378112","33865303","33865600","KQ053421v1","5610673","5610968","85","28254630"
"JH378112","33886746","33887045","KQ053421v1","5610673","5610968","74","28276073"
"JH378112","33894315","33894445","KQ053398v1","2623748","2623879","34","31270567"
"JH378112","33923067","33923368","KQ055352v1","6003171","6003466","156","27919896"
"JH378112","33968336","33968644","KQ055267v1","513773","514088","70","33454563"
"JH378112","34050734","34051056","KQ055267v1","513773","514088","98","33536961"
"JH378112","34157812","34158025","KQ056064v1","326763","326940","73","33831049"
"JH378112","34191856","34192168","KQ055267v1","513773","514088","71","33678083"
"JH378112","34202840","34203148","KQ053421v1","5610673","5610968","83","28592167"
"JH378112","34330751","34330823","KQ053643v1","266385","266442","34","34064366"
"JH378112","34356965","34357093","KQ053398v1","2623748","2623879","31","31733217"
"JH378112","34372993","34373214","KQ055662v1","1890465","1890674","61","32482528"
"JH378112","34392310","34392516","KQ055662v1","1890465","1890674","70","32501845"
"JH378112","34413717","34414028","KQ055267v1","513773","514088","79","33899944"
"JH378112","34422720","34423007","KQ053421v1","5610673","5610968","73","28812047"
"JH378112","34466266","34466546","KQ058339v1","4553625","4553889","76","29912641"
"JH378112","34488375","34488677","KQ053421v1","5610673","5610968","83","28877702"
"JH378112","34491967","34492286","KQ053421v1","5610673","5610968","88","28881294"
"JH378112","34514153","34514300","KQ057449v1","1214348","1214489","43","33299805"
"JH378112","34595032","34595296","KQ056321v1","575951","576190","104","34019081"
"JH378112","34635458","34635765","KQ058427v1","7786546","7786853","86","26848912"
"JH378112","34682502","34682712","KQ053234v1","1414405","1414609","66","33268097"
"JH378112","34713503","34713776","KQ058242v1","595939","596205","88","34117564"
"JH378112","34734334","34734627","KQ058427v1","7786546","7786853","79","26947788"
"JH378112","34776422","34776728","KQ053421v1","5610673","5610968","80","29165749"
"JH378112","34808838","34808967","KQ053398v1","2623748","2623879","29","32185090"
"JH378112","34925790","34926111","KQ053421v1","5610673","5610968","96","29315117"
"JH378112","34950226","34950533","KQ053421v1","5610673","5610968","72","29339553"
"JH378112","34961557","34961772","KQ052982v1","2032903","2033097","62","32928654"
"JH378112","34967562","34967701","KQ053398v1","2623748","2623879","49","32343814"
"JH378112","34982778","34983068","KQ053421v1","5610673","5610968","83","29372105"
"JH378112","35051977","35052272","KQ058242v1","595939","596205","84","34456038"
"JH378112","35092070","35092356","KQ058242v1","595939","596205","87","34496131"
"JH378112","35102547","35102836","KQ053421v1","5610673","5610968","82","29491874"
"JH378112","35178462","35178772","KQ053421v1","5610673","5610968","84","29567789"
"JH378112","35214715","35214870","KQ056118v1","822027","822185","55","34392688"
"JH378112","35313990","35314255","KQ057901v1","868884","869144","89","34445106"
"JH378112","35327109","35327413","KQ058427v1","7786546","7786853","76","27540563"
"JH378112","35367907","35368175","KQ058427v1","6786866","6787134","84","28581041"
"JH378112","35372253","35372514","KQ057186v1","783828","784085","83","34588425"
"JH378112","35382128","35382363","KQ057186v1","783828","784085","92","34598300"
"JH378112","35384137","35384251","KQ056493v1","2043382","2043488","45","33340755"
"JH378112","35421157","35421460","KQ053421v1","5610673","5610968","78","29810484"
"JH378112","35425427","35425724","KQ053421v1","5610673","5610968","68","29814754"
"JH378112","35430409","35430709","KQ053421v1","5610673","5610968","72","29819736"
"JH378112","35433890","35434115","KQ056064v1","326763","326940","88","35107127"
"JH378112","35438375","35438676","KQ053421v1","5610673","5610968","72","29827702"
"JH378112","35530000","35530157","KQ058423v1","270754","270928","45","35259246"
"JH378112","35562066","35562350","KQ055352v1","6003171","6003466","86","29558895"
"JH378112","35776545","35776840","KQ053421v1","5610673","5610968","72","30165872"
"JH378112","35866703","35866798","KQ056279v1","759081","759162","28","35107622"
"JH378112","35872870","35873024","KQ053398v1","2623748","2623879","54","33249122"
"JH378112","35890135","35890427","KQ053421v1","5610673","5610968","69","30279462"
"JH378112","35921468","35921770","KQ057901v1","868884","869144","91","35052584"
"JH378112","35996645","35996942","KQ053421v1","5610673","5610968","73","30385972"
"JH378112","36083585","36083891","KQ055352v1","6003171","6003466","85","30080414"
"JH378112","36163791","36164094","KQ053421v1","5610673","5610968","71","30553118"
"JH378112","36334542","36334851","KQ058427v1","7786546","7786853","79","28547996"
"JH378112","36335088","36335380","KQ053421v1","5610673","5610968","93","30724415"
"JH378112","36424302","36424603","KQ053421v1","5610673","5610968","73","30813629"
"JH378112","36431024","36431324","KQ053421v1","5610673","5610968","67","30820351"
"JH378112","36459176","36459465","KQ053421v1","5610673","5610968","73","30848503"
"JH378112","36495405","36495705","KQ053421v1","5610673","5610968","67","30884732"
"JH378112","36561148","36561457","KQ058427v1","7786546","7786853","73","28774602"
"JH378112","36571816","36572109","KQ053421v1","5610673","5610968","71","30961143"
"JH378112","36627159","36627448","KQ053421v1","5610673","5610968","70","31016486"
"JH378112","36669719","36670016","KQ053421v1","5610673","5610968","76","31059046"
"JH378112","36694722","36695031","KQ055352v1","6003171","6003466","66","30691551"
"JH378112","36746356","36746665","KQ055267v1","513773","514088","68","36232583"
"JH378112","36761249","36761573","KQ055267v1","513773","514088","93","36247476"
"JH378112","36779375","36779676","KQ053421v1","5610673","5610968","70","31168702"
"JH378112","36803141","36803436","KQ053421v1","5610673","5610968","65","31192468"
"JH378112","36912405","36912715","KQ053421v1","5610673","5610968","89","31301732"
"JH378112","36958899","36959196","KQ053421v1","5610673","5610968","68","31348226"
"JH378112","36963913","36964200","KQ053421v1","5610673","5610968","69","31353240"
"JH378112","37044179","37044449","KQ053421v1","5610673","5610968","91","31433506"
"JH378112","37049477","37049776","KQ058427v1","7786546","7786853","81","29262931"
"JH378112","37085210","37085493","KQ055352v1","6003171","6003466","78","31082039"
"JH378112","37086087","37086245","KQ058428v1","1396698","1396861","49","35689389"
"JH378112","37162991","37163181","KQ058274v1","300327","300497","63","36862664"
"JH378112","37242230","37242538","KQ058427v1","7786546","7786853","78","29455684"
"JH378112","37265507","37265792","KQ053421v1","5610673","5610968","80","31654834"
"JH378112","37278756","37278994","KQ058242v1","595939","596205","99","36682817"
"JH378112","37283400","37283547","KQ053310v1","1983228","1983391","43","35300172"
"JH378112","37293882","37294169","KQ058427v1","7786546","7786853","80","29507336"
"JH378112","37305095","37305388","KQ053421v1","5610673","5610968","72","31694422"
"JH378112","37306549","37306661","KQ053398v1","2623748","2623879","43","34682801"
"JH378112","37310769","37311079","KQ058427v1","7786546","7786853","74","29524223"
"JH378112","37603884","37604199","KQ058427v1","7786546","7786853","88","29817338"
"JH378112","37664458","37664769","KQ055352v1","6003171","6003466","76","31661287"
"JH378112","37840908","37841236","KQ055352v1","6003171","6003466","88","31837737"
"JH378112","38242298","38242589","KQ053421v1","5610673","5610968","77","32631625"
"JH378112","38466550","38466822","KQ058242v1","595939","596205","77","37870611"
"JH378112","38729173","38729482","KQ053421v1","5610673","5610968","77","33118500"
"JH378112","38808316","38808641","KQ053421v1","5610673","5610968","110","33197643"
"JH378112","38867350","38867625","KQ053421v1","5610673","5610968","82","33256677"
"JH378112","38907939","38908213","KQ058427v1","6786866","6787134","92","32121073"
"JH378112","39062548","39062848","KQ053421v1","5610673","5610968","81","33451875"
"JH378112","39145394","39145691","KQ053421v1","5610673","5610968","69","33534721"
"JH378112","39188678","39188985","KQ055352v1","6003171","6003466","79","33185507"
"JH378112","39227409","39227580","KQ058350v1","9514178","9514352","41","29713231"
"JH378112","39374868","39375178","KQ055352v1","6003171","6003466","71","33371697"
"JH378112","39411333","39411630","KQ053421v1","5610673","5610968","73","33800660"
"JH378112","39677079","39677257","KQ056064v1","326763","326940","58","39350316"
"JH378112","39749777","39749937","KQ054510v1","7582269","7582431","36","32167508"
"JH378112","39816778","39817133","KQ053421v1","5610673","5610968","171","34206105"
"JH378112","40046491","40046800","KQ053421v1","5610673","5610968","82","34435818"
"JH378112","40161479","40161789","KQ055267v1","513773","514088","97","39647706"
"JH378112","40167583","40167890","KQ055267v1","513773","514088","71","39653810"
"JH378112","40306390","40306693","KQ053421v1","5610673","5610968","71","34695717"
"JH378112","40407563","40407849","KQ053421v1","5610673","5610968","78","34796890"
"JH378112","40542415","40542574","KQ054510v1","7582269","7582431","39","32960146"
"JH378112","40594413","40594724","KQ055267v1","513773","514088","72","40080640"
"JH378112","40644710","40645001","KQ053421v1","5610673","5610968","70","35034037"
"JH378112","40745158","40745475","KQ055352v1","6003171","6003466","78","34741987"
"JH378112","40782168","40782462","KQ053421v1","5610673","5610968","75","35171495"
"JH378112","40970599","40970900","KQ053421v1","5610673","5610968","72","35359926"
"JH378112","40981118","40981407","KQ053421v1","5610673","5610968","78","35370445"
"JH378112","41094422","41094723","KQ053421v1","5610673","5610968","64","35483749"
"JH378112","41182646","41182941","KQ053421v1","5610673","5610968","85","35571973"
"JH378112","41193889","41194183","KQ053421v1","5610673","5610968","68","35583216"
"JH378112","41215206","41215436","KQ058509v1","24058","24271","75","41191148"
"JH378112","41261496","41261614","KQ053398v1","2623748","2623879","37","38637748"
"JH378112","41400355","41400671","KQ055352v1","6003171","6003466","73","35397184"
"JH378112","41403159","41403453","KQ053421v1","5610673","5610968","66","35792486"
"JH378112","41475000","41475299","KQ053421v1","5610673","5610968","77","35864327"
"JH378112","41552353","41552660","KQ053421v1","5610673","5610968","71","35941680"
"JH378112","41594138","41594449","KQ055352v1","6003171","6003466","72","35590967"
"JH378112","41624436","41624739","KQ053421v1","5610673","5610968","74","36013763"
"JH378112","41635322","41635633","KQ055267v1","513773","514088","72","41121549"
"JH378112","41662724","41663036","KQ055352v1","6003171","6003466","75","35659553"
"JH378112","41672207","41672513","KQ055352v1","6003171","6003466","74","35669036"
"JH378112","41699169","41699416","KQ058242v1","595939","596205","84","41103230"
"JH378112","41757138","41757422","KQ053421v1","5610673","5610968","78","36146465"
"JH378112","41785352","41785662","KQ055352v1","6003171","6003466","72","35782181"
"JH378112","41785896","41786191","KQ053421v1","5610673","5610968","74","36175223"
"JH378112","41798378","41798669","KQ053421v1","5610673","5610968","62","36187705"
"JH378112","41866738","41867036","KQ053421v1","5610673","5610968","71","36256065"
"JH378112","41870624","41870922","KQ053421v1","5610673","5610968","67","36259951"
"JH378112","41958520","41958782","KQ055717v1","1610777","1611031","89","40347743"
"JH378112","42046757","42047048","KQ053421v1","5610673","5610968","73","36436084"
"JH378112","42085145","42085455","KQ058427v1","7786546","7786853","76","34298599"
"JH378112","42086412","42086704","KQ053421v1","5610673","5610968","74","36475739"
"JH378112","42136103","42136404","KQ053421v1","5610673","5610968","73","36525430"
"JH378112","42166853","42167164","KQ055352v1","6003171","6003466","84","36163682"
"JH378112","42167796","42168098","KQ053421v1","5610673","5610968","79","36557123"
"JH378112","42317986","42318178","KQ054179v1","3404435","3404595","54","38913551"
"JH378112","42372001","42372293","KQ053421v1","5610673","5610968","75","36761328"
"JH378112","42512089","42512391","KQ053421v1","5610673","5610968","72","36901416"
"JH378112","42714096","42714385","KQ053421v1","5610673","5610968","75","37103423"
"JH378112","42816460","42816782","KQ055267v1","513773","514088","92","42302687"
"JH378112","43354439","43354750","KQ055267v1","513773","514088","73","42840666"
"JH378112","43415115","43415395","KQ054815v1","2215557","2215844","75","41199558"
"JH378112","43422643","43422946","KQ053421v1","5610673","5610968","71","37811970"
"JH378112","43524564","43524836","KQ058640v1","643463","643729","82","42881101"
"JH378112","43527810","43527978","KQ054510v1","7582269","7582431","47","35945541"
"JH378112","43574244","43574553","KQ055267v1","513773","514088","69","43060471"
"JH378112","43732139","43732487","KQ053135v1","5034940","5035266","108","38697199"
"JH378112","43733550","43733861","KQ053421v1","5610673","5610968","82","38122877"
"JH378112","43817620","43817909","KQ053421v1","5610673","5610968","75","38206947"
"JH378112","43959855","43960148","KQ053421v1","5610673","5610968","72","38349182"
"JH378112","43966930","43967231","KQ053421v1","5610673","5610968","72","38356257"
"JH378112","44042194","44042461","KQ053421v1","5610673","5610968","88","38431521"
"JH378112","44057046","44057344","KQ053421v1","5610673","5610968","69","38446373"
"JH378112","44086297","44086597","KQ053421v1","5610673","5610968","88","38475624"
"JH378112","44180558","44180857","KQ053421v1","5610673","5610968","71","38569885"
"JH378112","44267868","44268162","KQ053421v1","5610673","5610968","83","38657195"
"JH378112","44374789","44375080","KQ053421v1","5610673","5610968","72","38764116"
"JH378112","44397652","44397947","KQ053421v1","5610673","5610968","66","38786979"
"JH378112","44480155","44480450","KQ053421v1","5610673","5610968","69","38869482"
"JH378112","44695901","44696163","KQ058242v1","595939","596205","95","44099962"
"JH378112","44941922","44942206","KQ053421v1","5610673","5610968","80","39331249"
"JH378112","44976065","44976363","KQ053421v1","5610673","5610968","67","39365392"
"JH378112","45005767","45006066","KQ053421v1","5610673","5610968","65","39395094"
"JH378112","45012868","45013168","KQ053421v1","5610673","5610968","68","39402195"
"JH378112","45035281","45035590","KQ055267v1","513773","514088","72","44521508"
"JH378112","45124294","45124576","KQ053421v1","5610673","5610968","79","39513621"
"JH378112","45133511","45133806","KQ053421v1","5610673","5610968","65","39522838"
"JH378112","45163003","45163181","KQ054954v1","1680710","1680882","38","43482293"
"JH378112","45179339","45179642","KQ055267v1","513773","514088","77","44665566"
"JH378112","45179664","45179953","KQ055862v1","1305285","1305561","89","43874379"
"JH378112","45201542","45201835","KQ053421v1","5610673","5610968","88","39590869"
"JH378112","45205813","45206001","KQ058274v1","300327","300497","53","44905486"
"JH378112","45206102","45206236","KQ052968v1","13665640","13665790","54","31540462"
"JH378112","45243355","45243643","KQ053421v1","5610673","5610968","79","39632682"
"JH378112","45250839","45251143","KQ055352v1","6003171","6003466","70","39247668"
"JH378112","45282132","45282430","KQ053421v1","5610673","5610968","77","39671459"
"JH378112","45285602","45285894","KQ053421v1","5610673","5610968","74","39674929"
"JH378112","45292210","45292485","KQ058339v1","4553625","4553889","92","40738585"
"JH378112","45296510","45296806","KQ053421v1","5610673","5610968","73","39685837"
"JH378112","45306173","45306484","KQ055267v1","513773","514088","86","44792400"
"JH378112","45314971","45315287","KQ053421v1","5610673","5610968","89","39704298"
"JH378112","45321334","45321643","KQ053421v1","5610673","5610968","72","39710661"
"JH378113","2096883","2097188","KQ053421v1","5610673","5610968","81","3513790"
"JH378113","31719370","31719507","KQ054401v1","3363241","3363379","67","28356129"
"JH378113","38141726","38142008","KQ054815v1","2215557","2215844","83","35926169"
"JH378113","106640","106921","KQ053785v1","888769","889063","87","782129"
"JH378113","256668","256978","KQ055267v1","513773","514088","70","257105"
"JH378113","465476","465783","KQ055267v1","513773","514088","80","48297"
"JH378113","528151","528448","KQ053421v1","5610673","5610968","74","5082522"
"JH378113","551929","552233","KQ053421v1","5610673","5610968","74","5058744"
"JH378113","595546","595826","KQ058394v1","9655127","9655422","81","9059581"
"JH378113","603794","604096","KQ055267v1","513773","514088","77","90021"
"JH378113","625445","625746","KQ055267v1","513773","514088","70","111672"
"JH378113","634883","635183","KQ053421v1","5610673","5610968","85","4975790"
"JH378113","711915","712208","KQ053421v1","5610673","5610968","74","4898758"
"JH378113","853385","853681","KQ053421v1","5610673","5610968","70","4757288"
"JH378113","899457","899741","KQ053421v1","5610673","5610968","83","4711216"
"JH378113","1035512","1035808","KQ053421v1","5610673","5610968","71","4575161"
"JH378113","1144344","1144654","KQ058427v1","7786546","7786853","74","6642202"
"JH378113","1180377","1180690","KQ053421v1","5610673","5610968","88","4430296"
"JH378113","1239645","1239918","KQ053421v1","5610673","5610968","81","4371028"
"JH378113","1252682","1252982","KQ053421v1","5610673","5610968","80","4357991"
"JH378113","1285205","1285514","KQ055267v1","513773","514088","71","771432"
"JH378113","1330410","1330708","KQ053421v1","5610673","5610968","66","4280263"
"JH378113","1781767","1782069","KQ053421v1","5610673","5610968","91","3828906"
"JH378113","1910352","1910640","KQ053421v1","5610673","5610968","81","3700321"
"JH378113","1946045","1946349","KQ055352v1","6003171","6003466","68","4057126"
"JH378113","1964912","1965190","KQ054815v1","2215557","2215844","82","250645"
"JH378113","1989901","1990199","KQ053421v1","5610673","5610968","76","3620772"
"JH378113","1996543","1996844","KQ053421v1","5610673","5610968","70","3614130"
"JH378113","2017029","2017339","KQ055352v1","6003171","6003466","68","3986142"
"JH378113","2031858","2032141","KQ053421v1","5610673","5610968","87","3578815"
"JH378113","2044052","2044364","KQ053135v1","5034940","5035266","102","2990888"
"JH378113","2055448","2055763","KQ055267v1","513773","514088","86","1541675"
"JH378113","2073208","2073497","KQ053421v1","5610673","5610968","77","3537465"
"JH378113","2084494","2084796","KQ053421v1","5610673","5610968","69","3526179"
"JH378113","2105820","2106117","KQ053421v1","5610673","5610968","64","3504853"
"JH378113","2141405","2141487","KQ056235v1","1266284","1266361","25","875121"
"JH378113","2203955","2204249","KQ053421v1","5610673","5610968","77","3406718"
"JH378113","2234926","2235222","KQ053421v1","5610673","5610968","77","3375747"
"JH378113","2245946","2246203","KQ057901v1","868884","869144","98","1377062"
"JH378113","2255808","2256116","KQ053421v1","5610673","5610968","86","3354865"
"JH378113","2259249","2259517","KQ058242v1","595939","596205","81","1663310"
"JH378113","2278042","2278274","KQ058242v1","595939","596205","83","1682103"
"JH378113","2304246","2304510","KQ057901v1","868884","869144","86","1435362"
"JH378113","2309968","2310279","KQ053421v1","5610673","5610968","74","3300705"
"JH378113","2315000","2315286","KQ053421v1","5610673","5610968","75","3295673"
"JH378113","2327038","2327343","KQ053421v1","5610673","5610968","71","3283635"
"JH378113","2401091","2401213","KQ058309v1","1090877","1091006","39","1310214"
"JH378113","2403040","2403336","KQ053421v1","5610673","5610968","74","3207633"
"JH378113","2417366","2417704","KQ055862v1","1305285","1305561","108","1112081"
"JH378113","2425441","2425745","KQ053421v1","5610673","5610968","80","3185232"
"JH378113","2505997","2506285","KQ053421v1","5610673","5610968","82","3104676"
"JH378113","2821344","2821655","KQ055267v1","513773","514088","84","2307571"
"JH378113","2943867","2943996","KQ053398v1","2623748","2623879","37","320119"
"JH378113","2977704","2978018","KQ055267v1","513773","514088","82","2463931"
"JH378113","3065109","3065249","KQ053398v1","2623748","2623879","45","441361"
"JH378113","3250809","3251111","KQ055352v1","6003171","6003466","89","2752362"
"JH378113","3280436","3280755","KQ055267v1","513773","514088","80","2766663"
"JH378113","3309273","3309497","KQ056321v1","575951","576190","78","2733322"
"JH378113","3312725","3312953","KQ058594v1","5950443","5950621","83","2637718"
"JH378113","3335585","3335880","KQ053421v1","5610673","5610968","65","2275088"
"JH378113","3365832","3366061","KQ053234v1","1414405","1414609","70","1951427"
"JH378113","3412270","3412528","KQ058505v1","2207051","2207301","82","1205219"
"JH378113","3456878","3457180","KQ053421v1","5610673","5610968","83","2153795"
"JH378113","3522013","3522323","KQ055267v1","513773","514088","70","3008240"
"JH378113","3557756","3558053","KQ053421v1","5610673","5610968","83","2052917"
"JH378113","3598292","3598590","KQ053421v1","5610673","5610968","89","2012381"
"JH378113","3767932","3768231","KQ055352v1","6003171","6003466","69","2235239"
"JH378113","3770936","3771220","KQ053421v1","5610673","5610968","79","1839737"
"JH378113","3803950","3804266","KQ055267v1","513773","514088","77","3290177"
"JH378113","3816591","3816879","KQ053421v1","5610673","5610968","79","1794082"
"JH378113","3957066","3957357","KQ053421v1","5610673","5610968","70","1653607"
"JH378113","3980124","3980350","KQ058274v1","300327","300497","83","3679797"
"JH378113","3992287","3992493","KQ052982v1","2032903","2033097","60","1959384"
"JH378113","4042301","4042586","KQ053421v1","5610673","5610968","79","1568372"
"JH378113","4080194","4080511","KQ058242v1","595939","596205","115","3484255"
"JH378113","4093713","4094017","KQ055267v1","513773","514088","76","3579940"
"JH378113","4103266","4103576","KQ053421v1","5610673","5610968","85","1507407"
"JH378113","4169589","4169843","KQ058242v1","595939","596205","85","3573650"
"JH378113","4189507","4189810","KQ058427v1","7786546","7786853","72","3597039"
"JH378113","4251303","4251590","KQ053421v1","5610673","5610968","86","1359370"
"JH378113","4350001","4350311","KQ058427v1","7786546","7786853","79","3436545"
"JH378113","4413584","4413888","KQ053421v1","5610673","5610968","89","1197089"
"JH378113","4424747","4425046","KQ053421v1","5610673","5610968","83","1185926"
"JH378113","4427108","4427404","KQ053421v1","5610673","5610968","81","1183565"
"JH378113","4431704","4432000","KQ055267v1","513773","514088","91","3917931"
"JH378113","4663717","4664026","KQ055352v1","6003171","6003466","77","1339454"
"JH378113","4672456","4672763","KQ053421v1","5610673","5610968","81","938217"
"JH378113","4716792","4717093","KQ053421v1","5610673","5610968","66","893881"
"JH378113","4728603","4728902","KQ053421v1","5610673","5610968","73","882070"
"JH378113","4808579","4808877","KQ053421v1","5610673","5610968","70","802094"
"JH378113","4813821","4814114","KQ058427v1","7786546","7786853","81","2972725"
"JH378113","4838987","4839281","KQ053421v1","5610673","5610968","73","771686"
"JH378113","4860884","4861175","KQ053421v1","5610673","5610968","87","749789"
"JH378113","4881115","4881422","KQ053421v1","5610673","5610968","91","729558"
"JH378113","4891364","4891631","KQ058339v1","4553625","4553889","68","337739"
"JH378113","4937848","4938146","KQ053421v1","5610673","5610968","70","672825"
"JH378113","4944105","4944341","KQ053234v1","1414405","1414609","74","3529700"
"JH378113","4998294","4998608","KQ058427v1","7786546","7786853","84","2788252"
"JH378113","5014738","5015020","KQ053421v1","5610673","5610968","83","595935"
"JH378113","5017285","5017569","KQ053421v1","5610673","5610968","82","593388"
"JH378113","5055628","5055927","KQ053421v1","5610673","5610968","78","555045"
"JH378113","5059713","5060012","KQ053421v1","5610673","5610968","81","550960"
"JH378113","5062837","5063131","KQ053421v1","5610673","5610968","66","547836"
"JH378113","5105272","5105569","KQ053421v1","5610673","5610968","83","505401"
"JH378113","5120401","5120691","KQ053421v1","5610673","5610968","84","490272"
"JH378113","5229762","5230077","KQ055267v1","513773","514088","76","4715989"
"JH378113","5264109","5264403","KQ053421v1","5610673","5610968","69","346564"
"JH378113","5421010","5421318","KQ055267v1","513773","514088","89","4907237"
"JH378113","5534012","5534311","KQ053421v1","5610673","5610968","74","76661"
"JH378113","5572819","5573023","KQ053234v1","1679581","1679757","62","3893238"
"JH378113","5596855","5597023","KQ053993v1","1251070","1251235","41","4345785"
"JH378113","5716999","5717295","KQ053421v1","5610673","5610968","72","106326"
"JH378113","5752877","5753136","KQ053883v1","6938067","6938331","85","1185190"
"JH378113","5836375","5836679","KQ053421v1","5610673","5610968","77","225702"
"JH378113","5954326","5954618","KQ053421v1","5610673","5610968","88","343653"
"JH378113","5964679","5964976","KQ053421v1","5610673","5610968","80","354006"
"JH378113","5980071","5980379","KQ053421v1","5610673","5610968","78","369398"
"JH378113","6038655","6038968","KQ053421v1","5610673","5610968","93","427982"
"JH378113","6196763","6196963","KQ058350v1","9514178","9514352","60","3317415"
"JH378113","6270317","6270619","KQ053421v1","5610673","5610968","72","659644"
"JH378113","6271617","6271915","KQ053421v1","5610673","5610968","73","660944"
"JH378113","6283998","6284308","KQ053421v1","5610673","5610968","82","673325"
"JH378113","6285862","6286163","KQ053421v1","5610673","5610968","68","675189"
"JH378113","6313482","6313790","KQ055267v1","513773","514088","74","5799709"
"JH378113","6345527","6345836","KQ055267v1","513773","514088","79","5831754"
"JH378113","6350660","6350993","KQ053421v1","5610673","5610968","96","739987"
"JH378113","6402875","6403173","KQ053421v1","5610673","5610968","71","792202"
"JH378113","6457252","6457545","KQ053421v1","5610673","5610968","69","846579"
"JH378113","6467088","6467385","KQ053421v1","5610673","5610968","70","856415"
"JH378113","6556046","6556350","KQ053421v1","5610673","5610968","70","945373"
"JH378113","6579174","6579490","KQ053421v1","5610673","5610968","87","968501"
"JH378113","6756976","6757285","KQ058427v1","7786546","7786853","84","1029570"
"JH378113","6795195","6795315","KQ053398v1","2627781","2627909","46","4167414"
"JH378113","6853604","6853902","KQ053421v1","5610673","5610968","72","1242931"
"JH378113","6865648","6865951","KQ053421v1","5610673","5610968","72","1254975"
"JH378113","7063415","7063704","KQ058242v1","595939","596205","80","6467476"
"JH378113","7210172","7210464","KQ058339v1","4553625","4553889","86","2656547"
"JH378113","7291201","7291502","KQ053421v1","5610673","5610968","78","1680528"
"JH378113","7294451","7294746","KQ053421v1","5610673","5610968","73","1683778"
"JH378113","7482465","7482623","KQ053398v1","2623748","2623879","54","4858717"
"JH378113","7741497","7741797","KQ053421v1","5610673","5610968","70","2130824"
"JH378113","8082580","8082890","KQ055352v1","6003171","6003466","74","2079409"
"JH378113","8343443","8343727","KQ053421v1","5610673","5610968","82","2732770"
"JH378113","8368823","8369133","KQ055267v1","513773","514088","86","7855050"
"JH378113","8610117","8610426","KQ058427v1","7786546","7786853","81","823571"
"JH378113","8845405","8845636","ABDC02053644v1","2226","2419","98","8843179"
"JH378113","9288768","9289066","KQ053421v1","5610673","5610968","76","3678095"
"JH378113","9368259","9368413","KQ052968v1","13665640","13665790","48","4297381"
"JH378113","9708392","9708706","KQ053421v1","5610673","5610968","95","4097719"
"JH378113","9754618","9754902","KQ053421v1","5610673","5610968","81","4143945"
"JH378113","10072000","10072169","KQ057204v1","2930576","2930741","37","7141424"
"JH378113","10333198","10333352","KQ054401v1","3363241","3363379","50","6969957"
"JH378113","10428273","10428559","KQ053421v1","5610673","5610968","84","4817600"
"JH378113","10496584","10496893","KQ053421v1","5610673","5610968","77","4885911"
"JH378113","10505876","10506184","KQ055352v1","6003171","6003466","73","4502705"
"JH378113","10520741","10521045","KQ058242v1","595939","596205","92","9924802"
"JH378113","10527057","10527359","KQ053421v1","5610673","5610968","73","4916384"
"JH378113","10536292","10536568","KQ057186v1","783828","784085","76","9752464"
"JH378113","10538377","10538686","KQ055352v1","6003171","6003466","71","4535206"
"JH378113","10572720","10573024","KQ053421v1","5610673","5610968","70","4962047"
"JH378113","10577786","10578084","KQ053421v1","5610673","5610968","73","4967113"
"JH378113","10591026","10591332","KQ055352v1","6003171","6003466","74","4587855"
"JH378113","10699930","10700216","KQ053421v1","5610673","5610968","84","5089257"
"JH378113","10711884","10712193","KQ055352v1","6003171","6003466","71","4708713"
"JH378113","10895897","10896187","KQ053421v1","5610673","5610968","81","5285224"
"JH378113","11061911","11062226","KQ053421v1","5610673","5610968","98","5451238"
"JH378113","11064262","11064389","KQ053398v1","2623748","2623879","33","8440514"
"JH378113","11079083","11079381","KQ053421v1","5610673","5610968","69","5468410"
"JH378113","11103462","11103712","KQ058242v1","595939","596205","63","10507523"
"JH378113","11166702","11166870","KQ057449v1","1214348","1214489","48","9952354"
"JH378113","11227015","11227302","KQ053421v1","5610673","5610968","82","5616342"
"JH378113","11246613","11246880","KQ053421v1","5610673","5610968","76","5635940"
"JH378113","11419189","11419481","KQ053421v1","5610673","5610968","78","5808516"
"JH378113","11446597","11446904","KQ058427v1","7786546","7786853","80","3660051"
"JH378113","11447840","11448003","KQ056064v1","326763","326940","65","11121077"
"JH378113","11591688","11592009","KQ055267v1","513773","514088","82","11077915"
"JH378113","11593088","11593383","KQ053421v1","5610673","5610968","73","5982415"
"JH378113","11659116","11659403","KQ053421v1","5610673","5610968","81","6048443"
"JH378113","11673141","11673444","KQ055352v1","6003171","6003466","75","5669970"
"JH378113","11684571","11684875","KQ055352v1","6003171","6003466","66","5681400"
"JH378113","11694382","11694678","KQ053421v1","5610673","5610968","80","6083709"
"JH378113","11730130","11730416","KQ053421v1","5610673","5610968","78","6119457"
"JH378113","11734155","11734455","KQ053421v1","5610673","5610968","69","6123482"
"JH378113","11855349","11855628","KQ058242v1","595939","596205","78","11259410"
"JH378113","11895789","11896081","KQ053421v1","5610673","5610968","74","6285116"
"JH378113","11908783","11908839","KQ053343v1","1624718","1624766","16","10284065"
"JH378113","12075548","12075858","KQ055267v1","513773","514088","95","11561775"
"JH378113","12245909","12246205","KQ053421v1","5610673","5610968","77","6635236"
"JH378113","12410526","12410827","KQ058427v1","7786546","7786853","85","4623980"
"JH378113","12480637","12480943","KQ055267v1","513773","514088","76","11966864"
"JH378113","12620171","12620478","KQ058427v1","7786546","7786853","70","4833625"
"JH378113","12644558","12644862","KQ055267v1","513773","514088","94","12130785"
"JH378113","12752004","12752290","KQ058242v1","595939","596205","82","12156065"
"JH378113","12812535","12812837","KQ053421v1","5610673","5610968","75","7201862"
"JH378113","12820724","12821013","KQ058339v1","4553625","4553889","82","8267099"
"JH378113","13053301","13053583","KQ058242v1","595939","596205","86","12457362"
"JH378113","13059661","13059861","KQ053234v1","1679581","1679757","57","11380080"
"JH378113","13123178","13123485","KQ058427v1","7786546","7786853","86","5336632"
"JH378113","13173767","13174078","KQ055352v1","6003171","6003466","77","7170596"
"JH378113","13449420","13449723","KQ053421v1","5610673","5610968","71","7838747"
"JH378113","13626102","13626383","KQ058242v1","595939","596205","78","13030163"
"JH378113","13755450","13755741","KQ053421v1","5610673","5610968","81","8144777"
"JH378113","14012804","14013136","KQ053059v1","2548766","2549102","101","11464038"
"JH378113","14022830","14023067","KQ058242v1","595939","596205","85","13426891"
"JH378113","14116780","14117093","KQ058427v1","7786546","7786853","78","6330234"
"JH378113","14378441","14378754","KQ058427v1","7786546","7786853","86","6591895"
"JH378113","14454508","14454676","KQ054510v1","7582269","7582431","46","6872239"
"JH378113","14490270","14490551","KQ054815v1","2215557","2215844","77","12274713"
"JH378113","14579161","14579458","KQ053421v1","5610673","5610968","75","8968488"
"JH378113","14680715","14681010","KQ053421v1","5610673","5610968","67","9070042"
"JH378113","14716249","14716392","KQ052968v1","13665640","13665790","49","1050609"
"JH378113","14716988","14717298","KQ058427v1","7786546","7786853","79","6930442"
"JH378113","14718085","14718353","KQ058242v1","595939","596205","88","14122146"
"JH378113","14721202","14721511","KQ055352v1","6003171","6003466","73","8718031"
"JH378113","14745241","14745372","KQ053398v1","2623748","2623879","34","12121493"
"JH378113","14768243","14768540","KQ053421v1","5610673","5610968","69","9157570"
"JH378113","14861767","14862029","KQ053421v1","5610673","5610968","93","9251094"
"JH378113","14995856","14996159","KQ055352v1","6003171","6003466","70","8992685"
"JH378113","15004602","15004887","KQ053421v1","5610673","5610968","79","9393929"
"JH378113","15153059","15153352","KQ055352v1","6003171","6003466","78","9149888"
"JH378113","15193950","15194260","KQ055267v1","513773","514088","75","14680177"
"JH378113","15231129","15231430","KQ058427v1","7786546","7786853","85","7444583"
"JH378113","15231493","15231786","KQ053421v1","5610673","5610968","75","9620820"
"JH378113","15242003","15242325","KQ058427v1","7786546","7786853","89","7455457"
"JH378113","15256969","15257280","KQ055352v1","6003171","6003466","75","9253798"
"JH378113","15263318","15263617","KQ053421v1","5610673","5610968","78","9652645"
"JH378113","15356953","15357257","KQ053421v1","5610673","5610968","73","9746280"
"JH378113","15391459","15391776","KQ058427v1","7786546","7786853","86","7604913"
"JH378113","15572559","15572863","KQ053421v1","5610673","5610968","79","9961886"
"JH378113","15625138","15625397","KQ058242v1","595939","596205","76","15029199"
"JH378113","15655692","15655992","KQ053421v1","5610673","5610968","77","10045019"
"JH378113","15860300","15860603","KQ053421v1","5610673","5610968","84","10249627"
"JH378113","15916694","15916988","KQ053421v1","5610673","5610968","76","10306021"
"JH378113","16136982","16137296","KQ053421v1","5610673","5610968","79","10526309"
"JH378113","16152220","16152503","KQ053421v1","5610673","5610968","79","10541547"
"JH378113","16180424","16180726","KQ053421v1","5610673","5610968","84","10569751"
"JH378113","16342141","16342432","KQ053421v1","5610673","5610968","65","10731468"
"JH378113","16344888","16345182","KQ053421v1","5610673","5610968","86","10734215"
"JH378113","16553725","16554031","KQ055352v1","6003171","6003466","69","10550554"
"JH378113","16594580","16594702","KQ053398v1","2623748","2623879","40","13970832"
"JH378113","16809770","16810069","KQ053421v1","5610673","5610968","76","11199097"
"JH378113","16818622","16818953","KQ058427v1","7786546","7786853","94","9032076"
"JH378113","16830612","16830858","ABDC02053644v1","2226","2419","99","16828386"
"JH378113","17024582","17024890","KQ053421v1","5610673","5610968","90","11413909"
"JH378113","17106085","17106387","KQ053421v1","5610673","5610968","73","11495412"
"JH378113","17130040","17130327","KQ053421v1","5610673","5610968","84","11519367"
"JH378113","17168106","17168240","KQ054401v1","3363241","3363379","42","13804865"
"JH378113","17231613","17231916","KQ058427v1","7786546","7786853","78","9445067"
"JH378113","17294260","17294562","KQ053421v1","5610673","5610968","84","11683587"
"JH378113","17344880","17345190","KQ055267v1","513773","514088","75","16831107"
"JH378113","17350172","17350468","KQ053421v1","5610673","5610968","82","11739499"
"JH378113","17419786","17420105","KQ053421v1","5610673","5610968","88","11809113"
"JH378113","17428970","17429201","KQ054068v1","3638075","3638299","76","13790895"
"JH378113","17450349","17450679","KQ053135v1","5034940","5035266","109","12415409"
"JH378113","17451072","17451346","KQ058242v1","595939","596205","82","16855133"
"JH378113","17472834","17473093","KQ057901v1","868884","869144","71","16603950"
"JH378113","17503689","17503951","KQ058427v1","6786866","6787134","91","10716823"
"JH378113","17526342","17526447","KQ056279v1","759081","759162","42","16767261"
"JH378113","17530711","17531005","KQ055862v1","1305285","1305561","82","16225426"
"JH378113","17561955","17562240","KQ053421v1","5610673","5610968","66","11951282"
"JH378113","17619189","17619490","KQ055352v1","6003171","6003466","76","11616018"
"JH378113","17654116","17654333","KQ058274v1","300327","300497","83","17353789"
"JH378113","17708545","17708831","KQ054815v1","2215557","2215844","82","15492988"
"JH378113","17767354","17767648","KQ053421v1","5610673","5610968","78","12156681"
"JH378113","17800517","17800806","KQ053421v1","5610673","5610968","74","12189844"
"JH378113","17802454","17802635","KQ053234v1","1679581","1679757","59","16122873"
"JH378113","17803443","17803604","KQ057204v1","2930576","2930741","33","14872867"
"JH378113","17804713","17804996","KQ053421v1","5610673","5610968","80","12194040"
"JH378113","17811348","17811563","KQ053234v1","1414405","1414609","59","16396943"
"JH378113","17819787","17819918","KQ053398v1","2623748","2623879","33","15196039"
"JH378113","17820687","17820861","KQ054954v1","1680710","1680882","45","16139977"
"JH378113","17885161","17885422","KQ058242v1","595939","596205","69","17289222"
"JH378113","17922786","17923079","KQ053421v1","5610673","5610968","71","12312113"
"JH378113","17949493","17949685","KQ058274v1","300327","300497","64","17649166"
"JH378113","18085711","18086012","KQ053421v1","5610673","5610968","73","12475038"
"JH378113","18096496","18096788","KQ053421v1","5610673","5610968","73","12485823"
"JH378113","18119510","18119788","KQ058242v1","595939","596205","79","17523571"
"JH378113","18219344","18219654","KQ055267v1","513773","514088","72","17705571"
"JH378113","18234509","18234815","KQ055352v1","6003171","6003466","76","12231338"
"JH378113","18307307","18307615","KQ058427v1","7786546","7786853","79","10520761"
"JH378113","18370599","18370876","KQ053421v1","5610673","5610968","74","12759926"
"JH378113","18497517","18497804","KQ053421v1","5610673","5610968","85","12886844"
"JH378113","18644463","18644768","KQ053421v1","5610673","5610968","78","13033790"
"JH378113","18746841","18747144","KQ053421v1","5610673","5610968","73","13136168"
"JH378113","18815690","18816016","KQ055267v1","513773","514088","88","18301917"
"JH378113","18980224","18980537","KQ053421v1","5610673","5610968","81","13369551"
"JH378113","19002488","19002784","KQ053421v1","5610673","5610968","74","13391815"
"JH378113","19099742","19099969","KQ058509v1","24058","24271","64","19075684"
"JH378113","19454793","19455091","KQ053421v1","5610673","5610968","68","13844120"
"JH378113","19588670","19588969","KQ055862v1","1305285","1305561","77","18283385"
"JH378113","19702370","19702648","KQ054815v1","2215557","2215844","80","17486813"
"JH378113","19842773","19843054","KQ053785v1","888769","889063","83","18954004"
"JH378113","19878442","19878744","KQ053421v1","5610673","5610968","76","14267769"
"JH378113","20029386","20029656","KQ058242v1","595939","596205","80","19433447"
"JH378113","20097757","20098052","KQ053421v1","5610673","5610968","65","14487084"
"JH378113","20274722","20275015","KQ053421v1","5610673","5610968","76","14664049"
"JH378113","20301311","20301532","KQ055662v1","1890465","1890674","62","18410846"
"JH378113","20528426","20528739","KQ053421v1","5610673","5610968","75","14917753"
"JH378113","20530876","20531082","KQ058274v1","300327","300497","73","20230549"
"JH378113","20542851","20543162","KQ058427v1","7786546","7786853","76","12756305"
"JH378113","20560305","20560588","KQ053421v1","5610673","5610968","76","14949632"
"JH378113","20904830","20905107","KQ058242v1","595939","596205","78","20308891"
"JH378113","21027114","21027366","KQ058339v1","4553625","4553889","84","16473489"
"JH378113","21228515","21228813","KQ053421v1","5610673","5610968","75","15617842"
"JH378113","21281490","21281691","KQ052982v1","2032903","2033097","56","19248587"
"JH378113","21312199","21312399","KQ058274v1","300327","300497","65","21011872"
"JH378113","21328849","21329123","KQ058242v1","595939","596205","88","20732910"
"JH378113","21338814","21338925","KQ055717v1","1610376","1610476","48","19728438"
"JH378113","21339431","21339495","KQ058316v1","2226037","2226104","34","19113394"
"JH378113","21339794","21339968","KQ057204v1","2930576","2930741","49","18409218"
"JH378113","21474163","21474414","KQ056321v1","575951","576190","90","20898212"
"JH378113","21477120","21477384","KQ057186v1","783828","784085","86","20693292"
"JH378113","21488778","21489016","KQ057186v1","783828","784085","81","20704950"
"JH378113","21503213","21503480","KQ058339v1","4553625","4553889","88","16949588"
"JH378113","21537942","21538250","KQ058427v1","7786546","7786853","75","13751396"
"JH378113","21542467","21542792","KQ058427v1","7786546","7786853","87","13755921"
"JH378113","21572180","21572491","KQ053421v1","5610673","5610968","81","15961507"
"JH378113","21654061","21654314","KQ053421v1","5610673","5610968","91","16043388"
"JH378113","21656124","21656438","KQ055267v1","513773","514088","71","21142351"
"JH378113","21673855","21673983","KQ053398v1","2627781","2627909","37","19046074"
"JH378113","21710460","21710742","KQ054815v1","2215557","2215844","76","19494903"
"JH378113","21719435","21719709","KQ058242v1","595939","596205","77","21123496"
"JH378113","21751756","21752005","KQ058242v1","595939","596205","79","21155817"
"JH378113","21762752","21762930","KQ054954v1","1680710","1680882","35","20082042"
"JH378113","21780334","21780640","KQ053421v1","5610673","5610968","93","16169661"
"JH378113","21787486","21787716","KQ055662v1","1890465","1890674","83","19897021"
"JH378113","21799578","21799745","KQ058423v1","270754","270928","45","21528824"
"JH378113","21852172","21852295","KQ053398v1","2623748","2623879","35","19228424"
"JH378113","21914949","21915256","KQ053421v1","5610673","5610968","75","16304276"
"JH378113","21983472","21983772","KQ053421v1","5610673","5610968","71","16372799"
"JH378113","21991074","21991380","KQ058394v1","9655127","9655422","73","12335947"
"JH378113","22064493","22064787","KQ053421v1","5610673","5610968","67","16453820"
"JH378113","22099570","22099875","KQ055352v1","6003171","6003466","69","16096399"
"JH378113","22170233","22170545","KQ055267v1","513773","514088","75","21656460"
"JH378113","22181523","22181818","KQ053421v1","5610673","5610968","74","16570850"
"JH378113","22187634","22187926","KQ053421v1","5610673","5610968","71","16576961"
"JH378113","22211360","22211663","KQ053421v1","5610673","5610968","84","16600687"
"JH378113","22250360","22250656","KQ053421v1","5610673","5610968","80","16639687"
"JH378113","22382238","22382333","KQ056279v1","759081","759162","32","21623157"
"JH378113","22423113","22423402","KQ053421v1","5610673","5610968","81","16812440"
"JH378113","22454636","22454712","KQ058561v1","4800360","4800424","30","17654276"
"JH378113","22490122","22490412","KQ053421v1","5610673","5610968","79","16879449"
"JH378113","22542239","22542369","KQ053398v1","2623748","2623879","32","19918491"
"JH378113","22544998","22545314","KQ058427v1","7786546","7786853","82","14758452"
"JH378113","22652658","22652806","KQ056911v1","1421731","1421862","45","21230927"
"JH378113","22896469","22896772","KQ053421v1","5610673","5610968","81","17285796"
"JH378113","22906182","22906482","KQ055352v1","6003171","6003466","75","16903011"
"JH378113","22979807","22980114","KQ055267v1","513773","514088","79","22466034"
"JH378113","23096356","23096628","KQ053421v1","5610673","5610968","76","17485683"
"JH378113","23141323","23141645","KQ055267v1","513773","514088","93","22627550"
"JH378113","23148843","23149134","KQ053421v1","5610673","5610968","73","17538170"
"JH378113","23281502","23281767","KQ058242v1","595939","596205","69","22685563"
"JH378113","23393465","23393776","KQ055267v1","513773","514088","77","22879692"
"JH378113","23430971","23431257","KQ053421v1","5610673","5610968","76","17820298"
"JH378113","23441408","23441716","KQ055267v1","513773","514088","71","22927635"
"JH378113","23451635","23451903","KQ053883v1","6938067","6938331","89","16513568"
"JH378113","23456071","23456346","KQ053421v1","5610673","5610968","90","17845398"
"JH378113","23524196","23524489","KQ055267v1","513773","514088","90","23010423"
"JH378113","23550877","23551180","KQ055267v1","513773","514088","79","23037104"
"JH378113","23557845","23557955","KQ055717v1","1610376","1610476","44","21947469"
"JH378113","23561617","23561934","KQ058427v1","7786546","7786853","81","15775071"
"JH378113","23575036","23575288","KQ058242v1","595939","596205","73","22979097"
"JH378113","23587033","23587342","KQ053421v1","5610673","5610968","78","17976360"
"JH378113","23593649","23593914","KQ058242v1","595939","596205","76","22997710"
"JH378113","23609683","23609959","KQ056321v1","575951","576190","93","23033732"
"JH378113","23634374","23634679","KQ053421v1","5610673","5610968","84","18023701"
"JH378113","23715339","23715631","KQ053421v1","5610673","5610968","75","18104666"
"JH378113","23774622","23774932","KQ053421v1","5610673","5610968","76","18163949"
"JH378113","23776615","23776906","KQ053421v1","5610673","5610968","69","18165942"
"JH378113","23818390","23818670","KQ054815v1","2215557","2215844","74","21602833"
"JH378113","23823679","23823979","KQ053421v1","5610673","5610968","74","18213006"
"JH378113","23894912","23895212","KQ053421v1","5610673","5610968","73","18284239"
"JH378113","23904478","23904762","KQ053421v1","5610673","5610968","73","18293805"
"JH378113","23906368","23906653","KQ053785v1","888769","889063","82","23017599"
"JH378113","23998686","23998966","KQ053883v1","6938067","6938331","87","17060619"
"JH378113","24292867","24293104","KQ058509v1","24058","24271","82","24268809"
"JH378113","24431919","24432211","KQ053421v1","5610673","5610968","72","18821246"
"JH378113","24906722","24907002","KQ053421v1","5610673","5610968","76","19296049"
"JH378113","24916525","24916782","KQ054068v1","3638075","3638299","86","21278450"
"JH378113","24937371","24937665","KQ053421v1","5610673","5610968","77","19326698"
"JH378113","25027822","25028118","KQ053421v1","5610673","5610968","72","19417149"
"JH378113","25081120","25081416","KQ053421v1","5610673","5610968","69","19470447"
"JH378113","25133555","25133858","KQ055267v1","513773","514088","73","24619782"
"JH378113","25157196","25157500","KQ053421v1","5610673","5610968","88","19546523"
"JH378113","25167050","25167339","KQ053421v1","5610673","5610968","77","19556377"
"JH378113","25260328","25260611","KQ053421v1","5610673","5610968","75","19649655"
"JH378113","25421395","25421701","KQ053421v1","5610673","5610968","79","19810722"
"JH378113","25519895","25520197","KQ053421v1","5610673","5610968","84","19909222"
"JH378113","25896047","25896322","KQ058242v1","595939","596205","78","25300108"
"JH378113","26001116","26001417","KQ053421v1","5610673","5610968","80","20390443"
"JH378113","26092499","26092796","KQ053421v1","5610673","5610968","70","20481826"
"JH378113","26100266","26100557","KQ053421v1","5610673","5610968","77","20489593"
"JH378113","26210661","26210948","KQ058427v1","7786546","7786853","87","18424115"
"JH378113","26431228","26431527","KQ053421v1","5610673","5610968","74","20820555"
"JH378113","26469521","26469650","KQ053398v1","2623748","2623879","33","23845773"
"JH378113","26487840","26488174","KQ053421v1","5610673","5610968","105","20877167"
"JH378113","26531658","26531747","KQ056279v1","759081","759162","31","25772577"
"JH378113","26555872","26556164","KQ053421v1","5610673","5610968","73","20945199"
"JH378113","26616378","26616538","KQ053993v1","1251070","1251235","39","25365308"
"JH378113","26629332","26629633","KQ053421v1","5610673","5610968","89","21018659"
"JH378113","26656219","26656514","KQ053421v1","5610673","5610968","68","21045546"
"JH378113","26690264","26690562","KQ055267v1","513773","514088","88","26176491"
"JH378113","26703532","26703846","KQ055352v1","6003171","6003466","74","20700361"
"JH378113","26705624","26705913","KQ055267v1","513773","514088","84","26191851"
"JH378113","26717799","26718096","KQ053421v1","5610673","5610968","69","21107126"
"JH378113","26723994","26724310","KQ055267v1","513773","514088","83","26210221"
"JH378113","26779044","26779125","KQ053752v1","406064","406136","27","26372980"
"JH378113","26987841","26988144","KQ053421v1","5610673","5610968","83","21377168"
"JH378113","27078371","27078646","KQ053421v1","5610673","5610968","94","21467698"
"JH378113","27286339","27286629","KQ053421v1","5610673","5610968","77","21675666"
"JH378113","27633550","27633848","KQ053421v1","5610673","5610968","71","22022877"
"JH378113","27684157","27684468","KQ055352v1","6003171","6003466","73","21680986"
"JH378113","27877518","27877798","KQ053785v1","888769","889063","84","26988749"
"JH378113","28174245","28174551","KQ055352v1","6003171","6003466","72","22171074"
"JH378113","28225897","28226200","KQ055267v1","513773","514088","74","27712124"
"JH378113","28244308","28244608","KQ053421v1","5610673","5610968","72","22633635"
"JH378113","28272809","28273100","KQ053421v1","5610673","5610968","75","22662136"
"JH378113","28325941","28326086","KQ054268v1","765831","765979","49","27560110"
"JH378113","28340867","28341168","KQ053421v1","5610673","5610968","66","22730194"
"JH378113","28373654","28373956","KQ053421v1","5610673","5610968","70","22762981"
"JH378113","28462025","28462308","KQ055862v1","1305285","1305561","78","27156740"
"JH378113","28470859","28471159","KQ058242v1","595939","596205","98","27874920"
"JH378113","28514640","28514966","KQ053059v1","2548766","2549102","87","25965874"
"JH378113","28515861","28516151","KQ053421v1","5610673","5610968","88","22905188"
"JH378113","28553744","28554040","KQ053421v1","5610673","5610968","77","22943071"
"JH378113","28582205","28582500","KQ053421v1","5610673","5610968","72","22971532"
"JH378113","28584157","28584456","KQ053421v1","5610673","5610968","70","22973484"
"JH378113","28594063","28594328","KQ057901v1","868884","869144","88","27725179"
"JH378113","28606500","28606798","KQ053421v1","5610673","5610968","79","22995827"
"JH378113","28668239","28668544","KQ055267v1","513773","514088","72","28154466"
"JH378113","28681898","28682207","KQ053421v1","5610673","5610968","81","23071225"
"JH378113","28696639","28696905","KQ057186v1","783828","784085","74","27912811"
"JH378113","28728355","28728664","KQ055352v1","6003171","6003466","75","22725184"
"JH378113","28861194","28861480","KQ054815v1","2215557","2215844","82","26645637"
"JH378113","28866115","28866399","KQ057901v1","868884","869144","94","27997231"
"JH378113","29100172","29100478","KQ053421v1","5610673","5610968","78","23489499"
"JH378113","29228425","29228721","KQ053421v1","5610673","5610968","74","23617752"
"JH378113","29589903","29590024","KQ053398v1","2623748","2623879","40","26966155"
"JH378113","29601478","29601685","KQ055662v1","1890465","1890674","58","27711013"
"JH378113","29693251","29693554","KQ053421v1","5610673","5610968","69","24082578"
"JH378113","29802563","29802863","KQ053421v1","5610673","5610968","79","24191890"
"JH378113","29829780","29830074","KQ053421v1","5610673","5610968","76","24219107"
"JH378113","29880710","29881003","KQ053421v1","5610673","5610968","80","24270037"
"JH378113","29913412","29913716","KQ053421v1","5610673","5610968","69","24302739"
"JH378113","29922683","29922993","KQ053421v1","5610673","5610968","79","24312010"
"JH378113","29934405","29934711","KQ054815v1","2215557","2215844","105","27718848"
"JH378113","30081044","30081352","KQ055352v1","6003171","6003466","74","24077873"
"JH378113","30083534","30083786","KQ056321v1","575951","576190","82","29507583"
"JH378113","30136171","30136465","KQ053421v1","5610673","5610968","84","24525498"
"JH378113","30159699","30159994","KQ053421v1","5610673","5610968","72","24549026"
"JH378113","30206708","30206975","KQ055862v1","1305285","1305561","89","28901423"
"JH378113","30247508","30247817","KQ055267v1","513773","514088","69","29733735"
"JH378113","30284946","30285253","KQ055267v1","513773","514088","73","29771173"
"JH378113","30518612","30518921","KQ055352v1","6003171","6003466","71","24515441"
"JH378113","30600235","30600518","KQ053421v1","5610673","5610968","91","24989562"
"JH378113","30652295","30652580","KQ055352v1","6003171","6003466","90","24649124"
"JH378113","30864814","30865123","KQ055267v1","513773","514088","75","30351041"
"JH378113","30888464","30888762","KQ053421v1","5610673","5610968","70","25277791"
"JH378113","30976687","30976964","KQ057901v1","868884","869144","100","30107803"
"JH378113","31092587","31092870","KQ054815v1","2215557","2215844","89","28877030"
"JH378113","31120351","31120662","KQ055352v1","6003171","6003466","72","25117180"
"JH378113","31205635","31205929","KQ053421v1","5610673","5610968","79","25594962"
"JH378113","31316645","31316946","KQ053421v1","5610673","5610968","68","25705972"
"JH378113","31569883","31570194","KQ055352v1","6003171","6003466","75","25566712"
"JH378113","31659516","31659821","KQ053421v1","5610673","5610968","74","26048843"
"JH378113","31678040","31678351","KQ055352v1","6003171","6003466","75","25674869"
"JH378113","31698965","31699274","KQ055352v1","6003171","6003466","74","25695794"
"JH378113","31718826","31719004","KQ058428v1","1396698","1396861","68","30322128"
"JH378113","31747904","31748213","KQ055352v1","6003171","6003466","76","25744733"
"JH378113","31749808","31750114","KQ055267v1","513773","514088","75","31236035"
"JH378113","31816978","31817274","KQ053421v1","5610673","5610968","72","26206305"
"JH378113","31837473","31837768","KQ053421v1","5610673","5610968","66","26226800"
"JH378113","31863250","31863552","KQ053421v1","5610673","5610968","66","26252577"
"JH378113","31878445","31878679","KQ058242v1","595939","596205","87","31282506"
"JH378113","31946700","31947002","KQ053421v1","5610673","5610968","75","26336027"
"JH378113","31963483","31963806","KQ058427v1","7786546","7786853","85","24176937"
"JH378113","32016600","32016896","KQ053421v1","5610673","5610968","71","26405927"
"JH378113","32018649","32018946","KQ053421v1","5610673","5610968","74","26407976"
"JH378113","32029977","32030276","KQ053421v1","5610673","5610968","74","26419304"
"JH378113","32041006","32041309","KQ053421v1","5610673","5610968","79","26430333"
"JH378113","32062066","32062358","KQ053421v1","5610673","5610968","68","26451393"
"JH378113","32071752","32071827","KQ053004v1","5079579","5079652","24","26992173"
"JH378113","32086883","32087179","KQ053421v1","5610673","5610968","70","26476210"
"JH378113","32112016","32112305","KQ058427v1","6786866","6787134","86","25325150"
"JH378113","32126359","32126668","KQ055352v1","6003171","6003466","73","26123188"
"JH378113","32148861","32149152","KQ053421v1","5610673","5610968","78","26538188"
"JH378113","32169791","32170091","KQ053421v1","5610673","5610968","86","26559118"
"JH378113","32182097","32182398","KQ053421v1","5610673","5610968","72","26571424"
"JH378113","32248922","32249236","KQ053421v1","5610673","5610968","96","26638249"
"JH378113","32289887","32290183","KQ053421v1","5610673","5610968","68","26679214"
"JH378113","32301468","32301758","KQ053785v1","888769","889063","79","31412699"
"JH378113","32308567","32308874","KQ055352v1","6003171","6003466","74","26305396"
"JH378113","32320395","32320692","KQ053421v1","5610673","5610968","65","26709722"
"JH378113","32327435","32327735","KQ053421v1","5610673","5610968","71","26716762"
"JH378113","32353227","32353523","KQ053421v1","5610673","5610968","69","26742554"
"JH378113","32362172","32362474","KQ053421v1","5610673","5610968","67","26751499"
"JH378113","32380127","32380418","KQ053421v1","5610673","5610968","78","26769454"
"JH378113","32433266","32433563","KQ058427v1","7786546","7786853","74","24646720"
"JH378113","32437622","32437884","KQ058505v1","2207051","2207301","75","30230571"
"JH378113","32475422","32475697","KQ053421v1","5610673","5610968","84","26864749"
"JH378113","32514984","32515267","KQ054815v1","2215557","2215844","81","30299427"
"JH378113","32526925","32527226","KQ058427v1","7786546","7786853","90","24740379"
"JH378113","32531603","32531882","KQ053421v1","5610673","5610968","79","26920930"
"JH378113","32540797","32540941","KQ056911v1","1421731","1421862","50","31119066"
"JH378113","32544545","32544856","KQ055267v1","513773","514088","73","32030772"
"JH378113","32603145","32603427","KQ053421v1","5610673","5610968","86","26992472"
"JH378113","32648979","32649064","KQ056235v1","1266284","1266361","26","31382695"
"JH378113","32674591","32674925","KQ055267v1","513773","514088","95","32160818"
"JH378113","32722164","32722468","KQ055352v1","6003171","6003466","74","26718993"
"JH378113","32742514","32742796","KQ053785v1","888769","889063","83","31853745"
"JH378113","32743833","32744125","KQ053421v1","5610673","5610968","73","27133160"
"JH378113","32755696","32755984","KQ053421v1","5610673","5610968","74","27145023"
"JH378113","32758969","32759262","KQ053421v1","5610673","5610968","79","27148296"
"JH378113","32885405","32885705","KQ053421v1","5610673","5610968","70","27274732"
"JH378113","32947750","32947897","KQ052968v1","13665640","13665790","46","19282110"
"JH378113","32947999","32948178","KQ053531v1","6571","6737","51","32941428"
"JH378113","33056121","33056415","KQ053421v1","5610673","5610968","69","27445448"
"JH378113","33064309","33064619","KQ053421v1","5610673","5610968","100","27453636"
"JH378113","33074120","33074427","KQ055267v1","513773","514088","109","32560347"
"JH378113","33103287","33103583","KQ053421v1","5610673","5610968","77","27492614"
"JH378113","33156774","33156955","KQ053993v1","1251070","1251235","58","31905704"
"JH378113","33167941","33168239","KQ053421v1","5610673","5610968","68","27557268"
"JH378113","33255757","33256026","KQ058242v1","595939","596205","81","32659818"
"JH378113","33372743","33373051","KQ055267v1","513773","514088","69","32858970"
"JH378113","33535691","33535999","KQ053421v1","5610673","5610968","71","27925018"
"JH378113","33581651","33581950","KQ053421v1","5610673","5610968","69","27970978"
"JH378113","33603521","33603816","KQ053421v1","5610673","5610968","72","27992848"
"JH378113","33737644","33737934","KQ053421v1","5610673","5610968","79","28126971"
"JH378113","33756195","33756491","KQ053421v1","5610673","5610968","79","28145522"
"JH378113","33906178","33906483","KQ055352v1","6003171","6003466","72","27903007"
"JH378113","33992326","33992634","KQ055352v1","6003171","6003466","72","27989155"
"JH378113","34122986","34123287","KQ055267v1","513773","514088","71","33609213"
"JH378113","34164633","34164935","KQ053421v1","5610673","5610968","77","28553960"
"JH378113","34169413","34169724","KQ055267v1","513773","514088","73","33655640"
"JH378113","34178825","34179131","KQ058427v1","7786546","7786853","65","26392279"
"JH378113","34187785","34188095","KQ055352v1","6003171","6003466","73","28184614"
"JH378113","34220810","34221100","KQ053421v1","5610673","5610968","78","28610137"
"JH378113","34262407","34262705","KQ053421v1","5610673","5610968","63","28651734"
"JH378113","34523095","34523400","KQ053421v1","5610673","5610968","80","28912422"
"JH378113","34631128","34631412","KQ053421v1","5610673","5610968","88","29020455"
"JH378113","34704142","34704338","ABDC02053644v1","2226","2419","88","34701916"
"JH378113","34957884","34958183","KQ053421v1","5610673","5610968","74","29347211"
"JH378113","35022947","35023243","KQ053421v1","5610673","5610968","69","29412274"
"JH378113","35145429","35145736","KQ055267v1","513773","514088","85","34631656"
"JH378113","35212471","35212683","KQ052982v1","2032903","2033097","60","33179568"
"JH378113","35437765","35438074","KQ055267v1","513773","514088","75","34923992"
"JH378113","35526668","35526978","KQ055352v1","6003171","6003466","73","29523497"
"JH378113","35705116","35705213","KQ056235v1","1266284","1266361","37","34438832"
"JH378113","35705214","35705466","KQ057901v1","868884","869144","79","34836330"
"JH378113","35764692","35764986","KQ053421v1","5610673","5610968","68","30154019"
"JH378113","35895813","35896121","KQ055267v1","513773","514088","71","35382040"
"JH378113","36050210","36050495","KQ054815v1","2215557","2215844","88","33834653"
"JH378113","36293111","36293411","KQ055352v1","6003171","6003466","74","30289940"
"JH378113","36471678","36471971","KQ055862v1","1305285","1305561","78","35166393"
"JH378113","36751172","36751469","KQ053421v1","5610673","5610968","73","31140499"
"JH378113","36924229","36924524","KQ053421v1","5610673","5610968","70","31313556"
"JH378113","36976490","36976786","KQ053421v1","5610673","5610968","75","31365817"
"JH378113","36978637","36978937","KQ053421v1","5610673","5610968","68","31367964"
"JH378113","37026687","37027013","KQ055267v1","513773","514088","82","36512914"
"JH378113","37078192","37078438","KQ058505v1","2207051","2207301","96","34871141"
"JH378113","37167958","37168149","KQ053752v1","8015097","8015288","55","29152861"
"JH378113","37178852","37179157","KQ055352v1","6003171","6003466","67","31175681"
"JH378113","37200864","37201095","KQ053234v1","1414405","1414609","77","35786459"
"JH378113","37505088","37505393","KQ053421v1","5610673","5610968","74","31894415"
"JH378113","37555405","37555684","KQ058242v1","595939","596205","85","36959466"
"JH378113","37557285","37557592","KQ055352v1","6003171","6003466","73","31554114"
"JH378113","37578400","37578697","KQ053421v1","5610673","5610968","72","31967727"
"JH378113","37598442","37598749","KQ058427v1","7786546","7786853","72","29811896"
"JH378113","37642692","37642986","KQ053421v1","5610673","5610968","83","32032019"
"JH378113","37646864","37647152","KQ053421v1","5610673","5610968","69","32036191"
"JH378113","37693925","37694217","KQ053421v1","5610673","5610968","68","32083252"
"JH378113","37701280","37701576","KQ053421v1","5610673","5610968","69","32090607"
"JH378113","37713928","37714074","KQ053267v1","1313653","1313811","41","36400275"
"JH378113","37757081","37757385","KQ055352v1","6003171","6003466","84","31753910"
"JH378113","37772287","37772564","KQ053421v1","5610673","5610968","81","32161614"
"JH378113","37775372","37775627","KQ058242v1","595939","596205","77","37179433"
"JH378113","37802272","37802568","KQ053421v1","5610673","5610968","79","32191599"
"JH378113","37808864","37809021","KQ053718v1","2495418","2495575","37","35313446"
"JH378113","37816908","37817199","KQ053421v1","5610673","5610968","85","32206235"
"JH378113","37847930","37848155","KQ052982v1","2032903","2033097","66","35815027"
"JH378113","37909555","37909865","KQ055352v1","6003171","6003466","75","31906384"
"JH378113","37912889","37913165","KQ057186v1","783828","784085","82","37129061"
"JH378113","37919040","37919352","KQ055352v1","6003171","6003466","70","31915869"
"JH378113","37935992","37936267","KQ053421v1","5610673","5610968","93","32325319"
"JH378113","37974310","37974586","KQ053421v1","5610673","5610968","86","32363637"
"JH378113","38046035","38046335","KQ055352v1","6003171","6003466","71","32042864"
"JH378113","38047800","38048110","KQ055267v1","513773","514088","74","37534027"
"JH378113","38059192","38059485","KQ053421v1","5610673","5610968","69","32448519"
"JH378113","38081556","38081846","KQ053421v1","5610673","5610968","75","32470883"
"JH378113","38117505","38117812","KQ055352v1","6003171","6003466","70","32114334"
"JH378113","38125327","38125618","KQ053421v1","5610673","5610968","70","32514654"
"JH378113","38148563","38148857","KQ053421v1","5610673","5610968","80","32537890"
"JH378113","38152908","38153210","KQ055352v1","6003171","6003466","80","32149737"
"JH378113","38178183","38178492","KQ055267v1","513773","514088","71","37664410"
"JH378113","38190607","38190874","KQ058640v1","643463","643729","89","37547144"
"JH378113","38215039","38215270","KQ054068v1","3638075","3638299","76","34576964"
"JH378113","38218037","38218260","KQ055662v1","1890465","1890674","66","36327572"
"JH378113","38218439","38218702","KQ058242v1","595939","596205","73","37622500"
"JH378113","38240032","38240340","KQ055267v1","513773","514088","73","37726259"
"JH378113","38259848","38260147","KQ053421v1","5610673","5610968","71","32649175"
"JH378113","38296447","38296737","KQ053421v1","5610673","5610968","73","32685774"
"JH378113","38298255","38298553","KQ053421v1","5610673","5610968","72","32687582"
"JH378113","38303380","38303691","KQ055267v1","513773","514088","75","37789607"
"JH378113","38309807","38310104","KQ053421v1","5610673","5610968","70","32699134"
"JH378113","38319372","38319674","KQ058427v1","7786546","7786853","79","30532826"
"JH378113","38356982","38357247","KQ058242v1","595939","596205","77","37761043"
"JH378113","38528898","38529212","KQ058427v1","7786546","7786853","74","30742352"
"JH378113","38616192","38616500","KQ055267v1","513773","514088","76","38102419"
"JH378113","38952323","38952627","KQ055352v1","6003171","6003466","72","32949152"
"JH378113","39061632","39061944","KQ055267v1","513773","514088","69","38547859"
"JH378113","39232369","39232672","KQ053421v1","5610673","5610968","72","33621696"
"JH378113","39304781","39305091","KQ055352v1","6003171","6003466","75","33301610"
"JH378113","39313860","39314168","KQ053421v1","5610673","5610968","67","33703187"
"JH378113","39325617","39325915","KQ053421v1","5610673","5610968","68","33714944"
"JH378113","39432590","39432832","KQ058505v1","2207051","2207301","87","37225539"
"JH378113","39447589","39447893","KQ053421v1","5610673","5610968","72","33836916"
"JH378113","39461606","39461896","KQ053421v1","5610673","5610968","82","33850933"
"JH378113","39507078","39507389","KQ055267v1","513773","514088","76","38993305"
"JH378113","39543651","39543944","KQ053421v1","5610673","5610968","82","33932978"
"JH378113","39612518","39612805","KQ053421v1","5610673","5610968","85","34001845"
"JH378113","39796458","39796758","KQ053421v1","5610673","5610968","72","34185785"
"JH378113","39800740","39801039","KQ053421v1","5610673","5610968","65","34190067"
"JH378113","39846658","39846952","KQ053421v1","5610673","5610968","72","34235985"
"JH378113","39911598","39911870","KQ055862v1","1305285","1305561","87","38606313"
"JH378113","40000895","40001200","KQ053421v1","5610673","5610968","74","34390222"
"JH378113","40077701","40078012","KQ053421v1","5610673","5610968","90","34467028"
"JH378113","40101941","40102252","KQ055267v1","513773","514088","76","39588168"
"JH378113","40143465","40143745","KQ053421v1","5610673","5610968","75","34532792"
"JH378113","40180227","40180529","KQ053421v1","5610673","5610968","70","34569554"
"JH378113","40237761","40237850","KQ056279v1","759081","759162","26","39478680"
"JH378113","40342042","40342331","KQ053421v1","5610673","5610968","82","34731369"
"JH378113","40543212","40543533","KQ053421v1","5610673","5610968","113","34932539"
"JH378113","40563193","40563502","KQ055267v1","513773","514088","72","40049420"
"JH378113","40674038","40674335","KQ053421v1","5610673","5610968","67","35063365"
"JH378113","40716742","40717051","KQ055267v1","513773","514088","72","40202969"
"JH378113","40720082","40720393","KQ053421v1","5610673","5610968","84","35109409"
"JH378113","40748871","40749168","KQ053421v1","5610673","5610968","69","35138198"
"JH378113","41131318","41131621","KQ058427v1","7786546","7786853","76","33344772"
"JH378113","41131750","41132035","KQ053421v1","5610673","5610968","99","35521077"
"JH378113","41166383","41166689","KQ053421v1","5610673","5610968","87","35555710"
"JH378113","41199902","41200048","KQ054401v1","3363241","3363379","55","37836661"
"JH378113","41246639","41246949","KQ055267v1","513773","514088","70","40732866"
"JH378113","41269158","41269469","KQ055352v1","6003171","6003466","74","35265987"
"JH378113","41374767","41375058","KQ055267v1","513773","514088","95","40860994"
"JH378113","41470662","41470936","KQ058505v1","2207051","2207301","100","39263611"
"JH378113","41522197","41522479","KQ053421v1","5610673","5610968","88","35911524"
"JH378113","41588538","41588852","KQ055267v1","513773","514088","75","41074765"
"JH378113","41607689","41607991","KQ053421v1","5610673","5610968","72","35997016"
"JH378113","41642444","41642714","KQ055862v1","1305285","1305561","90","40337159"
"JH378113","41799132","41799407","KQ058640v1","643463","643729","89","41155669"
"JH378113","41859457","41859756","KQ058427v1","7786546","7786853","87","34072911"
"JH378113","42008949","42009249","KQ053421v1","5610673","5610968","76","36398276"
"JH378113","42018830","42019123","KQ053421v1","5610673","5610968","72","36408157"
"JH378113","42048499","42048819","KQ055352v1","6003171","6003466","77","36045328"
"JH378113","42069334","42069629","KQ053421v1","5610673","5610968","71","36458661"
"JH378113","42083380","42083688","KQ055267v1","513773","514088","75","41569607"
"JH378113","42350442","42350736","KQ055267v1","513773","514088","80","41836669"
"JH378113","42673961","42674275","KQ053421v1","5610673","5610968","79","37063288"
"JH378113","42709227","42709530","KQ055352v1","6003171","6003466","71","36706056"
"JH378113","42843279","42843564","KQ053421v1","5610673","5610968","88","37232606"
"JH378113","42848655","42848761","KQ055717v1","1610376","1610476","40","41238279"
"JH378113","42974887","42975180","KQ053421v1","5610673","5610968","78","37364214"
"JH378113","43259568","43259870","KQ055267v1","513773","514088","77","42745795"
"JH378113","43306479","43306785","KQ055352v1","6003171","6003466","74","37303308"
"JH378113","43486532","43486811","KQ053421v1","5610673","5610968","82","37875859"
"JH378113","43536042","43536330","KQ053421v1","5610673","5610968","77","37925369"
"JH378113","43575699","43576002","KQ053421v1","5610673","5610968","75","37965026"
"JH378113","43588441","43588712","KQ053421v1","5610673","5610968","83","37977768"
"JH378113","43690890","43691198","KQ055352v1","6003171","6003466","74","37687719"
"JH378113","43763539","43763845","KQ053421v1","5610673","5610968","82","38152866"
"JH378113","43767264","43767591","KQ053421v1","5610673","5610968","97","38156591"
"JH378113","43774207","43774446","KQ058242v1","595939","596205","77","43178268"
"JH378113","43795553","43795859","KQ053421v1","5610673","5610968","74","38184880"
"JH378113","43893160","43893458","KQ053421v1","5610673","5610968","70","38282487"
"JH378113","43912713","43912997","KQ053421v1","5610673","5610968","81","38302040"
"JH378113","44019993","44020299","KQ053421v1","5610673","5610968","77","38409320"
"JH378113","44126969","44127242","KQ055830v1","661716","661986","91","43465253"
"JH378113","44256924","44257209","KQ054815v1","2215557","2215844","81","42041367"
"JH378114","39845654","39845910","KQ058242v1","595939","596205","79","39249715"
"JH378114","19398404","19398700","KQ053421v1","5610673","5610968","71","13787731"
"JH378114","68370","68669","KQ053421v1","5610673","5610968","71","5542303"
"JH378114","128716","129016","KQ053421v1","5610673","5610968","72","5481957"
"JH378114","170898","171198","KQ053421v1","5610673","5610968","66","5439775"
"JH378114","185940","186245","KQ055267v1","513773","514088","73","327833"
"JH378114","186471","186772","KQ053421v1","5610673","5610968","68","5424202"
"JH378114","197683","197921","KQ055662v1","1890465","1890674","77","1692782"
"JH378114","204994","205310","KQ055267v1","513773","514088","80","308779"
"JH378114","293443","293734","KQ053421v1","5610673","5610968","89","5317230"
"JH378114","681286","681540","KQ058339v1","4553625","4553889","71","3872339"
"JH378114","780266","780535","KQ058427v1","6786866","6787134","89","6006600"
"JH378114","807515","807825","KQ055352v1","6003171","6003466","73","5195656"
"JH378114","826004","826311","KQ055352v1","6003171","6003466","68","5177167"
"JH378114","949469","949618","KQ053398v1","2623748","2623879","45","1674279"
"JH378114","1479620","1479990","KQ053135v1","5034940","5035266","141","3555320"
"JH378114","1497315","1497604","KQ053421v1","5610673","5610968","86","4113358"
"JH378114","1517481","1517759","KQ058242v1","595939","596205","84","921542"
"JH378114","1524550","1524672","KQ053398v1","2623748","2623879","37","1099198"
"JH378114","1538089","1538374","KQ055862v1","1305285","1305561","88","232804"
"JH378114","1582789","1583103","KQ053421v1","5610673","5610968","80","4027884"
"JH378114","1588632","1588922","KQ054815v1","2215557","2215844","91","626925"
"JH378114","1613230","1613524","KQ053421v1","5610673","5610968","86","3997443"
"JH378114","1624029","1624275","KQ058242v1","595939","596205","77","1028090"
"JH378114","1643883","1644180","KQ053421v1","5610673","5610968","78","3966790"
"JH378114","1802842","1803152","KQ055267v1","513773","514088","74","1289069"
"JH378114","1822760","1823070","KQ055352v1","6003171","6003466","69","4180411"
"JH378114","1847746","1848060","KQ058427v1","7786546","7786853","92","5938800"
"JH378114","1877242","1877571","KQ055267v1","513773","514088","92","1363469"
"JH378114","1988778","1989087","KQ053421v1","5610673","5610968","84","3621895"
"JH378114","1992689","1993012","KQ055267v1","513773","514088","78","1478916"
"JH378114","2046746","2047042","KQ053421v1","5610673","5610968","73","3563927"
"JH378114","2048044","2048265","KQ052982v1","2032903","2033097","68","15141"
"JH378114","2230413","2230735","KQ058427v1","7786546","7786853","90","5556133"
"JH378114","2235110","2235218","KQ056613v1","139721","139816","45","2095389"
"JH378114","2235397","2235455","KQ053587v1","1583613","1583661","30","651784"
"JH378114","2235457","2235687","KQ053234v1","1414405","1414609","67","821052"
"JH378114","2261412","2261703","KQ053421v1","5610673","5610968","74","3349261"
"JH378114","2273000","2273306","KQ053421v1","5610673","5610968","74","3337673"
"JH378114","2287356","2287664","KQ058427v1","7786546","7786853","72","5499190"
"JH378114","2292235","2292542","KQ053421v1","5610673","5610968","78","3318438"
"JH378114","2294311","2294608","KQ053421v1","5610673","5610968","69","3316362"
"JH378114","2317290","2317614","KQ053421v1","5610673","5610968","88","3293383"
"JH378114","2351940","2352251","KQ058427v1","7786546","7786853","74","5434606"
"JH378114","2352511","2352819","KQ058427v1","7786546","7786853","82","5434035"
"JH378114","2356355","2356665","KQ053421v1","5610673","5610968","75","3254318"
"JH378114","2464682","2464970","KQ053421v1","5610673","5610968","79","3145991"
"JH378114","2488064","2488356","KQ053421v1","5610673","5610968","79","3122609"
"JH378114","2905791","2906053","KQ058242v1","595939","596205","89","2309852"
"JH378114","2918000","2918311","KQ055267v1","513773","514088","78","2404227"
"JH378114","2967739","2968048","KQ053421v1","5610673","5610968","78","2642934"
"JH378114","3060147","3060450","KQ053421v1","5610673","5610968","78","2550526"
"JH378114","3060689","3060757","KQ054932v1","5044350","5044402","32","1983661"
"JH378114","3203941","3204251","KQ055267v1","513773","514088","76","2690168"
"JH378114","3208409","3208713","KQ053421v1","5610673","5610968","79","2402264"
"JH378114","3542121","3542412","KQ053421v1","5610673","5610968","78","2068552"
"JH378114","3607578","3607825","KQ055717v1","1610777","1611031","83","1996801"
"JH378114","3639893","3640028","KQ053398v1","2623748","2623879","45","1016145"
"JH378114","3661590","3661888","KQ053421v1","5610673","5610968","72","1949083"
"JH378114","3675144","3675444","KQ053421v1","5610673","5610968","73","1935529"
"JH378114","3745617","3745915","KQ053421v1","5610673","5610968","73","1865056"
"JH378114","3772168","3772465","KQ053421v1","5610673","5610968","66","1838505"
"JH378114","3883637","3883902","KQ058242v1","595939","596205","96","3287698"
"JH378114","4027750","4027871","KQ053004v1","3064551","3064681","44","963199"
"JH378114","4162169","4162473","KQ053421v1","5610673","5610968","73","1448504"
"JH378114","4214974","4215264","KQ053421v1","5610673","5610968","73","1395699"
"JH378114","4235479","4235757","KQ058242v1","595939","596205","88","3639540"
"JH378114","4311032","4311167","KQ057161v1","453350","453459","62","3857682"
"JH378114","4846485","4846781","KQ053421v1","5610673","5610968","79","764188"
"JH378114","4976006","4976309","KQ053421v1","5610673","5610968","74","634667"
"JH378114","5008591","5008884","KQ053421v1","5610673","5610968","77","602082"
"JH378114","5013882","5014170","KQ053421v1","5610673","5610968","85","596791"
"JH378114","5021613","5021924","KQ055352v1","6003171","6003466","72","981558"
"JH378114","5039759","5040061","KQ053421v1","5610673","5610968","73","570914"
"JH378114","5127441","5127746","KQ053421v1","5610673","5610968","72","483232"
"JH378114","5132593","5132865","KQ057186v1","783828","784085","78","4348765"
"JH378114","5156028","5156330","KQ058427v1","7786546","7786853","72","2630518"
"JH378114","5270948","5271255","KQ053421v1","5610673","5610968","74","339725"
"JH378114","5468212","5468523","KQ053421v1","5610673","5610968","83","142461"
"JH378114","5700977","5701254","KQ053421v1","5610673","5610968","83","90304"
"JH378114","5728872","5729164","KQ053421v1","5610673","5610968","89","118199"
"JH378114","5850889","5851200","KQ055352v1","6003171","6003466","76","152282"
"JH378114","6013907","6014115","ABDC02053644v1","2226","2419","79","6011681"
"JH378114","6026608","6026877","KQ058242v1","595939","596205","74","5430669"
"JH378114","6058213","6058508","KQ053421v1","5610673","5610968","88","447540"
"JH378114","6068468","6068758","KQ053421v1","5610673","5610968","87","457795"
"JH378114","6069242","6069534","KQ058427v1","7786546","7786853","83","1717304"
"JH378114","6109225","6109535","KQ058427v1","7786546","7786853","83","1677321"
"JH378114","6121818","6122116","KQ053421v1","5610673","5610968","80","511145"
"JH378114","6127488","6127796","KQ055352v1","6003171","6003466","72","124317"
"JH378114","6130238","6130547","KQ053421v1","5610673","5610968","86","519565"
"JH378114","6131419","6131722","KQ053421v1","5610673","5610968","74","520746"
"JH378114","6245919","6246126","KQ058274v1","300327","300497","78","5945592"
"JH378114","6246260","6246368","KQ056493v1","2043382","2043488","50","4202878"
"JH378114","6313340","6313654","KQ055267v1","513773","514088","153","5799567"
"JH378114","6381204","6381401","KQ058274v1","300327","300497","57","6080877"
"JH378114","6464338","6464624","KQ057901v1","868884","869144","83","5595454"
"JH378114","6475565","6475872","KQ053421v1","5610673","5610968","81","864892"
"JH378114","6493118","6493296","KQ054954v1","1680710","1680882","40","4812408"
"JH378114","6523557","6523773","KQ053234v1","1414405","1414609","70","5109152"
"JH378114","6525346","6525645","KQ053421v1","5610673","5610968","69","914673"
"JH378114","6530176","6530411","KQ058509v1","24058","24271","73","6506118"
"JH378114","6535833","6536139","KQ058427v1","7786546","7786853","76","1250713"
"JH378114","6545386","6545694","KQ055267v1","513773","514088","74","6031613"
"JH378114","6545923","6546053","KQ053398v1","2627781","2627909","37","3918142"
"JH378114","6556730","6557022","KQ053421v1","5610673","5610968","90","946057"
"JH378114","6571372","6571670","KQ053421v1","5610673","5610968","69","960699"
"JH378114","6575189","6575465","KQ057186v1","783828","784085","72","5791361"
"JH378114","6619815","6620121","KQ055352v1","6003171","6003466","69","616644"
"JH378114","6643261","6643578","KQ058427v1","7786546","7786853","84","1143285"
"JH378114","6655353","6655662","KQ053421v1","5610673","5610968","96","1044680"
"JH378114","6735774","6736065","KQ053421v1","5610673","5610968","97","1125101"
"JH378114","6750790","6751089","KQ053421v1","5610673","5610968","77","1140117"
"JH378114","6799589","6799894","KQ058427v1","7786546","7786853","79","986957"
"JH378114","6963265","6963526","KQ058242v1","595939","596205","67","6367326"
"JH378114","7017179","7017480","KQ058427v1","7786546","7786853","81","769367"
"JH378114","7090172","7090469","KQ053421v1","5610673","5610968","73","1479499"
"JH378114","7098340","7098634","KQ053421v1","5610673","5610968","71","1487667"
"JH378114","7108808","7109105","KQ053421v1","5610673","5610968","75","1498135"
"JH378114","7116329","7116626","KQ053421v1","5610673","5610968","78","1505656"
"JH378114","7116817","7117090","KQ053421v1","5610673","5610968","84","1506144"
"JH378114","7124716","7124845","KQ053398v1","2623748","2623879","38","4500968"
"JH378114","7154788","7155060","KQ058242v1","595939","596205","73","6558849"
"JH378114","7165302","7165604","KQ053421v1","5610673","5610968","86","1554629"
"JH378114","7203315","7203607","KQ053421v1","5610673","5610968","73","1592642"
"JH378114","7215211","7215502","KQ053421v1","5610673","5610968","76","1604538"
"JH378114","7272554","7272837","KQ054815v1","2215557","2215844","80","5056997"
"JH378114","7312842","7312969","KQ054401v1","3363241","3363379","42","3949601"
"JH378114","7328352","7328478","KQ053398v1","2623748","2623879","35","4704604"
"JH378114","7534859","7535161","KQ053421v1","5610673","5610968","80","1924186"
"JH378114","7567439","7567667","KQ058509v1","24058","24271","62","7543381"
"JH378114","8225771","8226082","KQ053421v1","5610673","5610968","77","2615098"
"JH378114","8236469","8236765","KQ053421v1","5610673","5610968","66","2625796"
"JH378114","8253345","8253651","KQ053421v1","5610673","5610968","82","2642672"
"JH378114","8274724","8275032","KQ055267v1","513773","514088","76","7760951"
"JH378114","8322905","8323204","KQ053421v1","5610673","5610968","87","2712232"
"JH378114","8340285","8340576","KQ053421v1","5610673","5610968","76","2729612"
"JH378114","8381897","8382215","KQ055267v1","513773","514088","89","7868124"
"JH378114","8438344","8438496","KQ053398v1","2623748","2623879","61","5814596"
"JH378114","8519706","8519990","KQ053421v1","5610673","5610968","107","2909033"
"JH378114","8550889","8551165","KQ058242v1","595939","596205","80","7954950"
"JH378114","8602637","8602947","KQ055267v1","513773","514088","71","8088864"
"JH378114","8649217","8649520","KQ053421v1","5610673","5610968","83","3038544"
"JH378114","8676256","8676554","KQ053421v1","5610673","5610968","74","3065583"
"JH378114","8749289","8749598","KQ058427v1","7786546","7786853","75","962743"
"JH378114","9167227","9167528","KQ055267v1","513773","514088","83","8653454"
"JH378114","9172657","9172971","KQ053421v1","5610673","5610968","87","3561984"
"JH378114","9263477","9263769","KQ054815v1","2215557","2215844","102","7047920"
"JH378114","9342555","9342857","KQ053421v1","5610673","5610968","63","3731882"
"JH378114","9413925","9414221","KQ053421v1","5610673","5610968","76","3803252"
"JH378114","9564442","9564738","KQ053421v1","5610673","5610968","73","3953769"
"JH378114","9637087","9637366","KQ058242v1","595939","596205","78","9041148"
"JH378114","9679699","9679963","KQ055862v1","1305285","1305561","83","8374414"
"JH378114","9705053","9705359","KQ055352v1","6003171","6003466","68","3701882"
"JH378114","9716017","9716318","KQ055352v1","6003171","6003466","72","3712846"
"JH378114","9770313","9770621","KQ058427v1","7786546","7786853","79","1983767"
"JH378114","9815210","9815511","KQ055862v1","1305285","1305561","97","8509925"
"JH378114","9977446","9977611","KQ053398v1","2623748","2623879","62","7353698"
"JH378114","9977712","9977837","KQ058316v1","6194306","6194449","49","3783406"
"JH378114","10138163","10138461","KQ055862v1","1305285","1305561","88","8832878"
"JH378114","10141965","10142100","KQ053398v1","2623748","2623879","36","7518217"
"JH378114","10302708","10303011","KQ053421v1","5610673","5610968","70","4692035"
"JH378114","10427828","10428120","KQ053421v1","5610673","5610968","79","4817155"
"JH378114","10428571","10428883","KQ055352v1","6003171","6003466","74","4425400"
"JH378114","10440765","10441074","KQ055352v1","6003171","6003466","71","4437594"
"JH378114","10458779","10459089","KQ055352v1","6003171","6003466","71","4455608"
"JH378114","10469060","10469372","KQ058427v1","7786546","7786853","91","2682514"
"JH378114","10477322","10477626","KQ055352v1","6003171","6003466","71","4474151"
"JH378114","10481249","10481560","KQ055267v1","513773","514088","74","9967476"
"JH378114","10488401","10488604","KQ058594v1","5950443","5950621","77","4537958"
"JH378114","10490093","10490389","KQ053421v1","5610673","5610968","66","4879420"
"JH378114","10505695","10506024","KQ055267v1","513773","514088","91","9991922"
"JH378114","10572591","10572891","KQ058427v1","7786546","7786853","80","2786045"
"JH378114","10577093","10577400","KQ055352v1","6003171","6003466","77","4573922"
"JH378114","10598845","10599157","KQ053421v1","5610673","5610968","76","4988172"
"JH378114","10603867","10604179","KQ055267v1","513773","514088","75","10090094"
"JH378114","10607965","10608087","KQ056493v1","2043382","2043488","36","8564583"
"JH378114","10621071","10621376","KQ053421v1","5610673","5610968","74","5010398"
"JH378114","10623205","10623517","KQ053421v1","5610673","5610968","78","5012532"
"JH378114","10663066","10663372","KQ055352v1","6003171","6003466","76","4659895"
"JH378114","10675455","10675759","KQ058394v1","9655127","9655422","85","1020328"
"JH378114","10679884","10680197","KQ055267v1","513773","514088","72","10166111"
"JH378114","10729986","10730159","KQ057204v1","2930576","2930741","50","7799410"
"JH378114","10786599","10786742","KQ053398v1","2623748","2623879","50","8162851"
"JH378114","10787030","10787206","KQ058350v1","9514178","9514352","41","1272852"
"JH378114","10869207","10869425","KQ055662v1","1890465","1890674","72","8978742"
"JH378114","10911874","10912183","KQ055352v1","6003171","6003466","77","4908703"
"JH378114","10938186","10938487","KQ053421v1","5610673","5610968","70","5327513"
"JH378114","10947506","10947791","KQ055862v1","1305285","1305561","80","9642221"
"JH378114","11155571","11155884","KQ055267v1","513773","514088","81","10641798"
"JH378114","11249569","11249844","KQ053883v1","6938067","6938331","93","4311502"
"JH378114","11328279","11328577","KQ053421v1","5610673","5610968","73","5717606"
"JH378114","11356455","11356759","KQ058427v1","7786546","7786853","88","3569909"
"JH378114","11389446","11389757","KQ055267v1","513773","514088","74","10875673"
"JH378114","11441321","11441611","KQ053421v1","5610673","5610968","88","5830648"
"JH378114","11445796","11446086","KQ053421v1","5610673","5610968","68","5835123"
"JH378114","11453202","11453513","KQ055267v1","513773","514088","74","10939429"
"JH378114","11469904","11470205","KQ053421v1","5610673","5610968","70","5859231"
"JH378114","11605486","11605777","KQ053421v1","5610673","5610968","80","5994813"
"JH378114","11671292","11671578","KQ053421v1","5610673","5610968","78","6060619"
"JH378114","12010951","12011247","KQ053421v1","5610673","5610968","66","6400278"
"JH378114","12044392","12044693","KQ053421v1","5610673","5610968","73","6433719"
"JH378114","12051551","12051848","KQ053421v1","5610673","5610968","72","6440878"
"JH378114","12297140","12297434","KQ053421v1","5610673","5610968","75","6686467"
"JH378114","12411640","12411887","KQ058242v1","595939","596205","83","11815701"
"JH378114","12618368","12618675","KQ053421v1","5610673","5610968","78","7007695"
"JH378114","12690345","12690641","KQ053421v1","5610673","5610968","73","7079672"
"JH378114","12853066","12853363","KQ053421v1","5610673","5610968","68","7242393"
"JH378114","12897422","12897722","KQ053421v1","5610673","5610968","70","7286749"
"JH378114","12951999","12952298","KQ053421v1","5610673","5610968","68","7341326"
"JH378114","12960072","12960383","KQ055267v1","513773","514088","74","12446299"
"JH378114","13175845","13176156","KQ053135v1","5034940","5035266","105","8140905"
"JH378114","13384565","13384866","KQ053421v1","5610673","5610968","74","7773892"
"JH378114","13426312","13426609","KQ053421v1","5610673","5610968","71","7815639"
"JH378114","13480128","13480446","KQ055267v1","513773","514088","82","12966355"
"JH378114","13504934","13505235","KQ053421v1","5610673","5610968","72","7894261"
"JH378114","13546026","13546281","KQ058242v1","595939","596205","86","12950087"
"JH378114","13683529","13683828","KQ053421v1","5610673","5610968","67","8072856"
"JH378114","13763818","13764118","KQ053421v1","5610673","5610968","66","8153145"
"JH378114","13844512","13844807","KQ053421v1","5610673","5610968","81","8233839"
"JH378114","13904717","13905009","KQ053421v1","5610673","5610968","97","8294044"
"JH378114","13977361","13977543","KQ053993v1","1251070","1251235","52","12726291"
"JH378114","14033201","14033504","KQ054815v1","2215557","2215844","96","11817644"
"JH378114","14090666","14090972","KQ053421v1","5610673","5610968","77","8479993"
"JH378114","14187084","14187394","KQ055352v1","6003171","6003466","75","8183913"
"JH378114","14232112","14232210","KQ056279v1","759081","759162","37","13473031"
"JH378114","14297659","14297964","KQ055267v1","513773","514088","73","13783886"
"JH378114","14306183","14306485","KQ053421v1","5610673","5610968","92","8695510"
"JH378114","14325012","14325297","KQ053421v1","5610673","5610968","77","8714339"
"JH378114","14562524","14562835","KQ058427v1","7786546","7786853","89","6775978"
"JH378114","14991485","14991796","KQ053421v1","5610673","5610968","80","9380812"
"JH378114","15060059","15060333","KQ053421v1","5610673","5610968","83","9449386"
"JH378114","15237218","15237368","KQ054401v1","3363241","3363379","48","11873977"
"JH378114","15351455","15351746","KQ053421v1","5610673","5610968","74","9740782"
"JH378114","15453902","15454203","KQ053421v1","5610673","5610968","74","9843229"
"JH378114","15528507","15528804","KQ053421v1","5610673","5610968","68","9917834"
"JH378114","15533698","15533956","KQ055862v1","1305285","1305561","87","14228413"
"JH378114","15860342","15860648","KQ055352v1","6003171","6003466","73","9857171"
"JH378114","15930488","15930796","KQ053421v1","5610673","5610968","82","10319815"
"JH378114","16066903","16067033","KQ053398v1","2623748","2623879","34","13443155"
"JH378114","16253179","16253477","KQ053421v1","5610673","5610968","85","10642506"
"JH378114","16331801","16331968","KQ058350v1","9514178","9514352","36","6817623"
"JH378114","16352853","16353161","KQ055352v1","6003171","6003466","75","10349682"
"JH378114","16414871","16415179","KQ055267v1","513773","514088","76","15901098"
"JH378114","16806208","16806526","KQ053421v1","5610673","5610968","87","11195535"
"JH378114","16821397","16821708","KQ058427v1","7786546","7786853","77","9034851"
"JH378114","16906854","16907157","KQ058427v1","7786546","7786853","68","9120308"
"JH378114","16921966","16922270","KQ055352v1","6003171","6003466","72","10918795"
"JH378114","16970999","16971297","KQ053421v1","5610673","5610968","68","11360326"
"JH378114","16985865","16986009","KQ053398v1","2623748","2623879","40","14362117"
"JH378114","17034466","17034769","KQ053421v1","5610673","5610968","77","11423793"
"JH378114","17220671","17220982","KQ055352v1","6003171","6003466","78","11217500"
"JH378114","17225947","17226244","KQ053421v1","5610673","5610968","77","11615274"
"JH378114","17317133","17317442","KQ055267v1","513773","514088","75","16803360"
"JH378114","17348468","17348779","KQ055352v1","6003171","6003466","72","11345297"
"JH378114","17405905","17406210","KQ055352v1","6003171","6003466","75","11402734"
"JH378114","17455979","17456257","KQ054815v1","2215557","2215844","73","15240422"
"JH378114","17486307","17486613","KQ055267v1","513773","514088","73","16972534"
"JH378114","17524908","17525212","KQ053421v1","5610673","5610968","89","11914235"
"JH378114","17550481","17550772","KQ054815v1","2215557","2215844","81","15334924"
"JH378114","17567314","17567585","KQ058242v1","595939","596205","77","16971375"
"JH378114","17785482","17785612","KQ053398v1","2623748","2623879","33","15161734"
"JH378114","18050523","18050830","KQ055352v1","6003171","6003466","65","12047352"
"JH378114","18230488","18230763","KQ058339v1","4553625","4553889","88","13676863"
"JH378114","18317454","18317749","KQ058427v1","7786546","7786853","81","10530908"
"JH378114","18324208","18324509","KQ053421v1","5610673","5610968","69","12713535"
"JH378114","18343156","18343401","KQ058242v1","595939","596205","88","17747217"
"JH378114","18358522","18358822","KQ053421v1","5610673","5610968","70","12747849"
"JH378114","18473758","18474038","KQ053421v1","5610673","5610968","79","12863085"
"JH378114","18587468","18587772","KQ053421v1","5610673","5610968","72","12976795"
"JH378114","18925541","18925692","KQ052968v1","13665640","13665790","49","5259901"
"JH378114","18931896","18932195","KQ055267v1","513773","514088","76","18418123"
"JH378114","19132292","19132606","KQ055352v1","6003171","6003466","73","13129121"
"JH378114","19296428","19296727","KQ053421v1","5610673","5610968","70","13685755"
"JH378114","19354114","19354425","KQ058427v1","7786546","7786853","76","11567568"
"JH378114","19526092","19526402","KQ053421v1","5610673","5610968","95","13915419"
"JH378114","19542412","19542667","KQ058509v1","24058","24271","87","19518354"
"JH378114","19608050","19608335","KQ054815v1","2215557","2215844","77","17392493"
"JH378114","19635958","19636267","KQ055352v1","6003171","6003466","74","13632787"
"JH378114","19647364","19647470","KQ056493v1","2043382","2043488","38","17603982"
"JH378114","19647817","19648003","KQ053234v1","1679581","1679757","45","17968236"
"JH378114","19654493","19654760","KQ055862v1","1305285","1305561","81","18349208"
"JH378114","19663095","19663416","KQ053421v1","5610673","5610968","90","14052422"
"JH378114","19802442","19802750","KQ058427v1","7786546","7786853","146","12015896"
"JH378114","19820803","19821076","KQ056321v1","575951","576190","100","19244852"
"JH378114","19826044","19826334","KQ053421v1","5610673","5610968","74","14215371"
"JH378114","19832203","19832508","KQ058427v1","7786546","7786853","74","12045657"
"JH378114","19834402","19834568","KQ058490v1","418564","418731","44","19415838"
"JH378114","19840916","19841205","KQ053421v1","5610673","5610968","75","14230243"
"JH378114","19841817","19842077","KQ058242v1","595939","596205","67","19245878"
"JH378114","19843448","19843632","KQ058423v1","270754","270928","54","19572694"
"JH378114","19846010","19846301","KQ053421v1","5610673","5610968","86","14235337"
"JH378114","19848197","19848459","KQ058339v1","4553625","4553889","88","15294572"
"JH378114","19850763","19851050","KQ058339v1","4553625","4553889","76","15297138"
"JH378114","19857259","19857424","KQ058594v1","2771639","2771800","45","17085620"
"JH378114","19881195","19881487","KQ055862v1","1305285","1305561","76","18575910"
"JH378114","19891495","19891798","KQ053421v1","5610673","5610968","77","14280822"
"JH378114","19962000","19962249","KQ058242v1","595939","596205","71","19366061"
"JH378114","19963956","19964274","KQ053059v1","2548766","2549102","89","17415190"
"JH378114","19987247","19987541","KQ053421v1","5610673","5610968","78","14376574"
"JH378114","20014166","20014459","KQ055267v1","513773","514088","89","19500393"
"JH378114","20020863","20021171","KQ053421v1","5610673","5610968","83","14410190"
"JH378114","20021182","20021334","KQ053476v1","812335","812482","38","19208847"
"JH378114","20030925","20031045","KQ053398v1","2623748","2623879","34","17407177"
"JH378114","20042296","20042382","KQ056235v1","1266284","1266361","23","18776012"
"JH378114","20077369","20077677","KQ055267v1","513773","514088","73","19563596"
"JH378114","20105675","20105979","KQ053421v1","5610673","5610968","69","14495002"
"JH378114","20116457","20116770","KQ058427v1","7786546","7786853","84","12329911"
"JH378114","20137293","20137594","KQ053421v1","5610673","5610968","69","14526620"
"JH378114","20149913","20150214","KQ053421v1","5610673","5610968","79","14539240"
"JH378114","20168869","20169165","KQ053421v1","5610673","5610968","70","14558196"
"JH378114","20212085","20212377","KQ053421v1","5610673","5610968","71","14601412"
"JH378114","20223131","20223419","KQ053421v1","5610673","5610968","77","14612458"
"JH378114","20237874","20238180","KQ058427v1","7786546","7786853","80","12451328"
"JH378114","20246631","20246850","KQ058594v1","1033101","1033292","60","19213530"
"JH378114","20323890","20324235","KQ053059v1","2548766","2549102","86","17775124"
"JH378114","20422815","20423110","KQ055267v1","513773","514088","84","19909042"
"JH378114","20462594","20462888","KQ053421v1","5610673","5610968","72","14851921"
"JH378114","20513849","20514184","KQ058427v1","7786546","7786853","102","12727303"
"JH378114","20551400","20551709","KQ058427v1","7786546","7786853","74","12764854"
"JH378114","20679423","20679721","KQ058242v1","595939","596205","90","20083484"
"JH378114","20792502","20792796","KQ053421v1","5610673","5610968","68","15181829"
"JH378114","20932608","20932919","KQ055267v1","513773","514088","74","20418835"
"JH378114","20954746","20954995","KQ058509v1","24058","24271","87","20930688"
"JH378114","20980945","20981237","KQ053421v1","5610673","5610968","78","15370272"
"JH378114","21005050","21005337","KQ053421v1","5610673","5610968","79","15394377"
"JH378114","21036679","21036975","KQ053421v1","5610673","5610968","75","15426006"
"JH378114","21037754","21038061","KQ053421v1","5610673","5610968","82","15427081"
"JH378114","21038559","21038846","KQ055862v1","1305285","1305561","74","19733274"
"JH378114","21044372","21044664","KQ053421v1","5610673","5610968","78","15433699"
"JH378114","21050597","21050728","KQ053398v1","2623748","2623879","32","18426849"
"JH378114","21111112","21111351","KQ058509v1","24058","24271","79","21087054"
"JH378114","21119168","21119426","KQ053421v1","5610673","5610968","86","15508495"
"JH378114","21214448","21214749","KQ055267v1","513773","514088","68","20700675"
"JH378114","21227392","21227589","KQ058274v1","300327","300497","64","20927065"
"JH378114","21243752","21243916","KQ057204v1","2930576","2930741","44","18313176"
"JH378114","21310022","21310310","KQ053421v1","5610673","5610968","66","15699349"
"JH378114","21348403","21348673","KQ055862v1","1305285","1305561","80","20043118"
"JH378114","21435557","21435858","KQ053421v1","5610673","5610968","84","15824884"
"JH378114","21443106","21443408","KQ055352v1","6003171","6003466","82","15439935"
"JH378114","21489949","21490233","KQ058242v1","595939","596205","80","20894010"
"JH378114","21762442","21762708","KQ058339v1","4553625","4553889","82","17208817"
"JH378114","22102221","22102462","KQ058509v1","24058","24271","73","22078163"
"JH378114","22116903","22117213","KQ055352v1","6003171","6003466","69","16113732"
"JH378114","22147577","22147864","KQ053421v1","5610673","5610968","75","16536904"
"JH378114","22179679","22179975","KQ053421v1","5610673","5610968","71","16569006"
"JH378114","22215558","22215883","KQ055267v1","513773","514088","91","21701785"
"JH378114","22463916","22464025","KQ056493v1","2043382","2043488","44","20420534"
"JH378114","22825739","22826040","KQ053421v1","5610673","5610968","66","17215066"
"JH378114","22832860","22833149","KQ053421v1","5610673","5610968","72","17222187"
"JH378114","22833951","22834253","KQ053421v1","5610673","5610968","74","17223278"
"JH378114","22902418","22902738","KQ055267v1","513773","514088","80","22388645"
"JH378114","22931365","22931669","KQ055352v1","6003171","6003466","72","16928194"
"JH378114","22937105","22937341","KQ053234v1","1414405","1414609","77","21522700"
"JH378114","22966810","22967111","KQ053421v1","5610673","5610968","64","17356137"
"JH378114","23006670","23006942","KQ055862v1","1305285","1305561","93","21701385"
"JH378114","23394713","23395023","KQ055267v1","513773","514088","72","22880940"
"JH378114","23427891","23428192","KQ053421v1","5610673","5610968","68","17817218"
"JH378114","23536964","23537093","KQ053398v1","2623748","2623879","36","20913216"
"JH378114","23638665","23638954","KQ053421v1","5610673","5610968","71","18027992"
"JH378114","23645402","23645697","KQ053421v1","5610673","5610968","65","18034729"
"JH378114","23675660","23675904","KQ058242v1","595939","596205","80","23079721"
"JH378114","23724773","23725082","KQ055352v1","6003171","6003466","73","17721602"
"JH378114","23747228","23747534","KQ053421v1","5610673","5610968","74","18136555"
"JH378114","23806981","23807288","KQ055267v1","513773","514088","69","23293208"
"JH378114","23812327","23812631","KQ055267v1","513773","514088","70","23298554"
"JH378114","23898680","23898974","KQ053421v1","5610673","5610968","70","18288007"
"JH378114","24087500","24087791","KQ053421v1","5610673","5610968","71","18476827"
"JH378114","24146861","24147165","KQ053421v1","5610673","5610968","72","18536188"
"JH378114","24644622","24644915","KQ053421v1","5610673","5610968","81","19033949"
"JH378114","24655054","24655357","KQ053421v1","5610673","5610968","73","19044381"
"JH378114","24666933","24667232","KQ053421v1","5610673","5610968","72","19056260"
"JH378114","24815626","24815932","KQ058427v1","7786546","7786853","82","17029080"
"JH378114","24994133","24994430","KQ053421v1","5610673","5610968","71","19383460"
"JH378114","25045184","25045491","KQ053421v1","5610673","5610968","74","19434511"
"JH378114","25067203","25067513","KQ055352v1","6003171","6003466","78","19064032"
"JH378114","25068969","25069280","KQ055352v1","6003171","6003466","69","19065798"
"JH378114","25271599","25271888","KQ053421v1","5610673","5610968","76","19660926"
"JH378114","25314023","25314173","KQ053398v1","2623748","2623879","47","22690275"
"JH378114","25314933","25315212","KQ053421v1","5610673","5610968","90","19704260"
"JH378114","25346531","25346828","KQ053421v1","5610673","5610968","68","19735858"
"JH378114","25447203","25447468","KQ058242v1","595939","596205","69","24851264"
"JH378114","25459155","25459458","KQ055267v1","513773","514088","81","24945382"
"JH378114","25619776","25619946","KQ056064v1","326763","326940","65","25293013"
"JH378114","25824553","25824864","KQ053421v1","5610673","5610968","89","20213880"
"JH378114","26063503","26063755","KQ058505v1","2207051","2207301","78","23856452"
"JH378114","26119288","26119446","KQ054401v1","3363241","3363379","50","22756047"
"JH378114","26141770","26141910","KQ053004v1","3064551","3064681","49","23077219"
"JH378114","26158617","26158913","KQ053421v1","5610673","5610968","71","20547944"
"JH378114","26210486","26210743","KQ058505v1","2207051","2207301","78","24003435"
"JH378114","26224003","26224308","KQ053421v1","5610673","5610968","71","20613330"
"JH378114","26277663","26277845","KQ054954v1","1680710","1680882","59","24596953"
"JH378114","26365009","26365296","KQ053421v1","5610673","5610968","71","20754336"
"JH378114","26381190","26381497","KQ055352v1","6003171","6003466","73","20378019"
"JH378114","26931226","26931356","KQ053398v1","2623748","2623879","34","24307478"
"JH378114","27546848","27547152","KQ055352v1","6003171","6003466","75","21543677"
"JH378114","27626135","27626443","KQ058427v1","7786546","7786853","80","19839589"
"JH378114","27635380","27635687","KQ055352v1","6003171","6003466","69","21632209"
"JH378114","27819261","27819564","KQ053421v1","5610673","5610968","80","22208588"
"JH378114","27943468","27943780","KQ058427v1","7786546","7786853","84","20156922"
"JH378114","28090551","28090857","KQ055352v1","6003171","6003466","68","22087380"
"JH378114","28305817","28306132","KQ055352v1","6003171","6003466","92","22302646"
"JH378114","28537444","28537749","KQ055352v1","6003171","6003466","79","22534273"
"JH378114","28553755","28554055","KQ053421v1","5610673","5610968","76","22943082"
"JH378114","28559890","28560200","KQ058427v1","7786546","7786853","69","20773344"
"JH378114","28638077","28638357","KQ054815v1","2215557","2215844","76","26422520"
"JH378114","28686092","28686401","KQ055352v1","6003171","6003466","72","22682921"
"JH378114","29017366","29017643","KQ053421v1","5610673","5610968","82","23406693"
"JH378114","29184028","29184317","KQ055267v1","513773","514088","88","28670255"
"JH378114","29186791","29187097","KQ053421v1","5610673","5610968","68","23576118"
"JH378114","29214094","29214380","KQ053421v1","5610673","5610968","67","23603421"
"JH378114","29402700","29402993","KQ053421v1","5610673","5610968","70","23792027"
"JH378114","29473030","29473312","KQ058242v1","595939","596205","92","28877091"
"JH378114","29542736","29542934","KQ058594v1","5950443","5950621","69","23592293"
"JH378114","29549997","29550288","KQ053421v1","5610673","5610968","76","23939324"
"JH378114","29556409","29556696","KQ053421v1","5610673","5610968","80","23945736"
"JH378114","29618241","29618548","KQ053421v1","5610673","5610968","78","24007568"
"JH378114","29722057","29722357","KQ055352v1","6003171","6003466","72","23718886"
"JH378114","29742351","29742654","KQ053421v1","5610673","5610968","66","24131678"
"JH378114","29820642","29820953","KQ058427v1","7786546","7786853","75","22034096"
"JH378114","29850992","29851303","KQ058427v1","7786546","7786853","73","22064446"
"JH378114","30006682","30006995","KQ053421v1","5610673","5610968","90","24396009"
"JH378114","30015031","30015327","KQ053421v1","5610673","5610968","70","24404358"
"JH378114","30063342","30063644","KQ053421v1","5610673","5610968","74","24452669"
"JH378114","30122239","30122528","KQ053421v1","5610673","5610968","80","24511566"
"JH378114","30142549","30142855","KQ053421v1","5610673","5610968","78","24531876"
"JH378114","30158188","30158484","KQ055267v1","513773","514088","84","29644415"
"JH378114","30168455","30168764","KQ055352v1","6003171","6003466","75","24165284"
"JH378114","30209478","30209773","KQ053421v1","5610673","5610968","73","24598805"
"JH378114","30231707","30232018","KQ058427v1","7786546","7786853","84","22445161"
"JH378114","30363590","30363888","KQ053421v1","5610673","5610968","70","24752917"
"JH378114","30454769","30455038","KQ057186v1","783828","784085","78","29670941"
"JH378114","30457698","30457964","KQ055352v1","6003171","6003466","88","24454527"
"JH378114","30767826","30768127","KQ053421v1","5610673","5610968","74","25157153"
"JH378114","30782051","30782361","KQ055267v1","513773","514088","75","30268278"
"JH378114","30788806","30789039","KQ055662v1","1890465","1890674","70","28898341"
"JH378114","30933862","30934160","KQ053421v1","5610673","5610968","78","25323189"
"JH378114","31022310","31022617","KQ053421v1","5610673","5610968","68","25411637"
"JH378114","31047363","31047672","KQ058427v1","7786546","7786853","75","23260817"
"JH378114","31085001","31085287","KQ053421v1","5610673","5610968","71","25474328"
"JH378114","31088097","31088380","KQ058640v1","643463","643729","82","30444634"
"JH378114","31179547","31179852","KQ055352v1","6003171","6003466","73","25176376"
"JH378114","31182331","31182638","KQ055267v1","513773","514088","79","30668558"
"JH378114","31302275","31302551","KQ054815v1","2215557","2215844","80","29086718"
"JH378114","31317745","31318051","KQ053421v1","5610673","5610968","73","25707072"
"JH378114","31385394","31385522","KQ053398v1","2623748","2623879","33","28761646"
"JH378114","31440408","31440717","KQ055352v1","6003171","6003466","72","25437237"
"JH378114","31551981","31552287","KQ053421v1","5610673","5610968","81","25941308"
"JH378114","31566435","31566770","KQ055352v1","6003171","6003466","103","25563264"
"JH378114","31623898","31624200","KQ053421v1","5610673","5610968","70","26013225"
"JH378114","31657552","31657865","KQ053421v1","5610673","5610968","76","26046879"
"JH378114","31670362","31670664","KQ053421v1","5610673","5610968","69","26059689"
"JH378114","31702370","31702671","KQ053421v1","5610673","5610968","66","26091697"
"JH378114","31767972","31768276","KQ053421v1","5610673","5610968","76","26157299"
"JH378114","31830575","31830883","KQ053421v1","5610673","5610968","73","26219902"
"JH378114","31893194","31893499","KQ055267v1","513773","514088","77","31379421"
"JH378114","31964627","31964922","KQ053421v1","5610673","5610968","71","26353954"
"JH378114","32000001","32000130","KQ053398v1","2623748","2623879","31","29376253"
"JH378114","32046984","32047281","KQ053421v1","5610673","5610968","66","26436311"
"JH378114","32082874","32083180","KQ055352v1","6003171","6003466","69","26079703"
"JH378114","32139284","32139589","KQ055352v1","6003171","6003466","72","26136113"
"JH378114","32155935","32156247","KQ053421v1","5610673","5610968","79","26545262"
"JH378114","32180129","32180316","KQ058274v1","300327","300497","49","31879802"
"JH378114","32180451","32180488","KQ053234v1","1679807","1679838","15","30500644"
"JH378114","32211704","32211869","KQ053398v1","2623748","2623879","59","29587956"
"JH378114","32280725","32281016","KQ057186v1","783828","784085","89","31496897"
"JH378114","32320071","32320348","KQ053421v1","5610673","5610968","86","26709398"
"JH378114","32389807","32390113","KQ053421v1","5610673","5610968","77","26779134"
"JH378114","32441981","32442242","KQ053421v1","5610673","5610968","89","26831308"
"JH378114","32454007","32454310","KQ058427v1","7786546","7786853","85","24667461"
"JH378114","32487244","32487528","KQ053421v1","5610673","5610968","85","26876571"
"JH378114","32513736","32514022","KQ053421v1","5610673","5610968","75","26903063"
"JH378114","32537362","32537644","KQ058242v1","595939","596205","89","31941423"
"JH378114","32878148","32878444","KQ053421v1","5610673","5610968","71","27267475"
"JH378114","32893116","32893406","KQ053421v1","5610673","5610968","82","27282443"
"JH378114","32923272","32923559","KQ053421v1","5610673","5610968","87","27312599"
"JH378114","32982316","32982599","KQ053421v1","5610673","5610968","77","27371643"
"JH378114","33274389","33274694","KQ053421v1","5610673","5610968","77","27663716"
"JH378114","33494488","33494808","KQ058427v1","7786546","7786853","88","25707942"
"JH378114","33533916","33534209","KQ053421v1","5610673","5610968","76","27923243"
"JH378114","33642200","33642501","KQ053421v1","5610673","5610968","68","28031527"
"JH378114","33762961","33763250","KQ053421v1","5610673","5610968","80","28152288"
"JH378114","33782797","33783043","KQ058242v1","595939","596205","82","33186858"
"JH378114","33784541","33784740","KQ056118v1","822027","822185","100","32962514"
"JH378114","33857245","33857535","KQ055267v1","513773","514088","91","33343472"
"JH378114","33900800","33901071","KQ057901v1","868884","869144","90","33031916"
"JH378114","33904542","33904848","KQ053421v1","5610673","5610968","78","28293869"
"JH378114","34090556","34090863","KQ055267v1","513773","514088","74","33576783"
"JH378114","34577074","34577382","KQ055352v1","6003171","6003466","71","28573903"
"JH378114","34642549","34642842","KQ055862v1","1305285","1305561","75","33337264"
"JH378114","34896386","34896695","KQ055267v1","513773","514088","77","34382613"
"JH378114","35167517","35167814","KQ053421v1","5610673","5610968","73","29556844"
"JH378114","35491617","35491913","KQ053421v1","5610673","5610968","69","29880944"
"JH378114","35579400","35579713","KQ053421v1","5610673","5610968","79","29968727"
"JH378114","35599062","35599360","KQ055267v1","513773","514088","86","35085289"
"JH378114","35663437","35663725","KQ055352v1","6003171","6003466","81","29660266"
"JH378114","35666611","35666919","KQ058427v1","7786546","7786853","74","27880065"
"JH378114","35701680","35701976","KQ053421v1","5610673","5610968","71","30091007"
"JH378114","35778318","35778615","KQ053421v1","5610673","5610968","71","30167645"
"JH378114","35792337","35792647","KQ055267v1","513773","514088","73","35278564"
"JH378114","35890651","35890950","KQ053421v1","5610673","5610968","70","30279978"
"JH378114","35920993","35921292","KQ053421v1","5610673","5610968","73","30310320"
"JH378114","35946632","35946939","KQ055267v1","513773","514088","78","35432859"
"JH378114","35965563","35965859","KQ053421v1","5610673","5610968","69","30354890"
"JH378114","35968287","35968542","KQ053883v1","6938067","6938331","78","29030220"
"JH378114","35983264","35983560","KQ053421v1","5610673","5610968","71","30372591"
"JH378114","35998323","35998601","KQ053421v1","5610673","5610968","79","30387650"
"JH378114","36029120","36029419","KQ053421v1","5610673","5610968","73","30418447"
"JH378114","36128218","36128526","KQ055352v1","6003171","6003466","73","30125047"
"JH378114","36148061","36148210","KQ053267v1","1313653","1313811","37","34834408"
"JH378114","36237595","36237895","KQ053421v1","5610673","5610968","79","30626922"
"JH378114","36351683","36351990","KQ055352v1","6003171","6003466","79","30348512"
"JH378114","36508831","36509112","KQ058427v1","6786866","6787134","82","29721965"
"JH378114","36512732","36513026","KQ053421v1","5610673","5610968","76","30902059"
"JH378114","36524784","36525029","KQ057901v1","868884","869144","77","35655900"
"JH378114","36539426","36539735","KQ053421v1","5610673","5610968","80","30928753"
"JH378114","36556976","36557280","KQ055352v1","6003171","6003466","72","30553805"
"JH378114","36632882","36633176","KQ053421v1","5610673","5610968","80","31022209"
"JH378114","36652660","36652973","KQ055352v1","6003171","6003466","76","30649489"
"JH378114","36655654","36655953","KQ053421v1","5610673","5610968","79","31044981"
"JH378114","36704732","36705010","KQ054815v1","2215557","2215844","79","34489175"
"JH378114","36741611","36741926","KQ053421v1","5610673","5610968","87","31130938"
"JH378114","36765064","36765388","KQ058427v1","7786546","7786853","94","28978518"
"JH378114","36777271","36777420","KQ053398v1","2623748","2623879","47","34153523"
"JH378114","36779362","36779670","KQ053421v1","5610673","5610968","81","31168689"
"JH378114","36803881","36804058","KQ055978v1","4311984","4312161","61","32491897"
"JH378114","36806033","36806334","KQ053421v1","5610673","5610968","75","31195360"
"JH378114","36822572","36822863","KQ053421v1","5610673","5610968","87","31211899"
"JH378114","36831383","36831655","KQ058339v1","4553625","4553889","68","32277758"
"JH378114","36839695","36840004","KQ058427v1","7786546","7786853","76","29053149"
"JH378114","36859826","36860137","KQ058427v1","7786546","7786853","82","29073280"
"JH378114","36864144","36864451","KQ058427v1","7786546","7786853","77","29077598"
"JH378114","36872688","36872886","KQ056064v1","326763","326940","67","36545925"
"JH378114","36881638","36881916","KQ053785v1","888769","889063","83","35992869"
"JH378114","36882530","36882822","KQ053421v1","5610673","5610968","75","31271857"
"JH378114","36903651","36903781","KQ053398v1","2623748","2623879","37","34279903"
"JH378114","36911601","36911869","KQ057901v1","868884","869144","79","36042717"
"JH378114","36912103","36912411","KQ055267v1","513773","514088","71","36398330"
"JH378114","36914938","36915253","KQ053421v1","5610673","5610968","79","31304265"
"JH378114","36937033","36937330","KQ053421v1","5610673","5610968","79","31326360"
"JH378114","36941420","36941724","KQ053421v1","5610673","5610968","77","31330747"
"JH378114","36964493","36964801","KQ054713v1","1437239","1437526","91","35527254"
"JH378114","36979387","36979674","KQ053421v1","5610673","5610968","86","31368714"
"JH378114","36985145","36985419","KQ055862v1","1305285","1305561","85","35679860"
"JH378114","36988998","36989273","KQ053421v1","5610673","5610968","85","31378325"
"JH378114","37001627","37001926","KQ053421v1","5610673","5610968","79","31390954"
"JH378114","37014294","37014536","KQ053234v1","1414405","1414609","73","35599889"
"JH378114","37040948","37041174","KQ058242v1","595939","596205","89","36445009"
"JH378114","37054204","37054512","KQ053421v1","5610673","5610968","76","31443531"
"JH378114","37064207","37064368","KQ055914v1","670963","671119","35","36393244"
"JH378114","37083707","37083990","KQ058640v1","643463","643729","90","36440244"
"JH378114","37092301","37092598","KQ053421v1","5610673","5610968","75","31481628"
"JH378114","37095425","37095715","KQ053421v1","5610673","5610968","81","31484752"
"JH378114","37116394","37116695","KQ053421v1","5610673","5610968","66","31505721"
"JH378114","37167039","37167339","KQ053421v1","5610673","5610968","77","31556366"
"JH378114","37213165","37213478","KQ053421v1","5610673","5610968","79","31602492"
"JH378114","37403818","37404076","KQ058505v1","2207051","2207301","80","35196767"
"JH378114","37411211","37411502","KQ053421v1","5610673","5610968","75","31800538"
"JH378114","37439253","37439563","KQ055352v1","6003171","6003466","75","31436082"
"JH378114","37497911","37498220","KQ055352v1","6003171","6003466","72","31494740"
"JH378114","37535307","37535624","KQ053135v1","5034940","5035266","92","32500367"
"JH378114","37550345","37550625","KQ058242v1","595939","596205","80","36954406"
"JH378114","37568030","37568330","KQ053421v1","5610673","5610968","71","31957357"
"JH378114","37572137","37572376","KQ058242v1","595939","596205","81","36976198"
"JH378114","37604472","37604771","KQ053421v1","5610673","5610968","68","31993799"
"JH378114","37644552","37644851","KQ058427v1","7786546","7786853","84","29858006"
"JH378114","37701548","37701704","KQ058428v1","1396698","1396861","47","36304850"
"JH378114","37795960","37796255","KQ053421v1","5610673","5610968","73","32185287"
"JH378114","37899964","37900256","KQ053421v1","5610673","5610968","63","32289291"
"JH378114","37909462","37909762","KQ053421v1","5610673","5610968","65","32298789"
"JH378114","37964440","37964751","KQ055267v1","513773","514088","78","37450667"
"JH378114","38258295","38258582","KQ058242v1","595939","596205","80","37662356"
"JH378114","38526850","38527148","KQ053421v1","5610673","5610968","69","32916177"
"JH378114","38636274","38636564","KQ053421v1","5610673","5610968","83","33025601"
"JH378114","38672510","38672816","KQ055352v1","6003171","6003466","70","32669339"
"JH378114","38731632","38731930","KQ053421v1","5610673","5610968","76","33120959"
"JH378114","38787894","38788169","KQ058242v1","595939","596205","86","38191955"
"JH378114","38888959","38889251","KQ053421v1","5610673","5610968","78","33278286"
"JH378114","38926600","38926751","KQ056920v1","183120","183261","48","38743480"
"JH378114","38926753","38926805","KQ053741v1","1688800","1688853","29","37237953"
"JH378114","38960723","38961011","KQ055862v1","1305285","1305561","73","37655438"
"JH378114","38969859","38970163","KQ055862v1","1305285","1305561","105","37664574"
"JH378114","38977797","38978086","KQ054815v1","2215557","2215844","90","36762240"
"JH378114","38986908","38987186","KQ058242v1","595939","596205","76","38390969"
"JH378114","39059532","39059812","KQ053421v1","5610673","5610968","73","33448859"
"JH378114","39066374","39066649","KQ057186v1","783828","784085","80","38282546"
"JH378114","39086337","39086643","KQ053421v1","5610673","5610968","77","33475664"
"JH378114","39088755","39089061","KQ058427v1","7786546","7786853","82","31302209"
"JH378114","39105680","39105992","KQ058427v1","7786546","7786853","69","31319134"
"JH378114","39267827","39268130","KQ053421v1","5610673","5610968","70","33657154"
"JH378114","39502568","39502858","KQ053421v1","5610673","5610968","84","33891895"
"JH378114","39605930","39606241","KQ055267v1","513773","514088","68","39092157"
"JH378114","39699730","39700027","KQ053421v1","5610673","5610968","69","34089057"
"JH378114","39775240","39775546","KQ055267v1","513773","514088","74","39261467"
"JH378114","39967718","39967840","KQ053398v1","2623748","2623879","37","37343970"
"JH378114","40026306","40026605","KQ053421v1","5610673","5610968","73","34415633"
"JH378114","40051265","40051573","KQ055352v1","6003171","6003466","69","34048094"
"JH378114","40073798","40074106","KQ055352v1","6003171","6003466","76","34070627"
"JH378114","40095001","40095305","KQ055352v1","6003171","6003466","71","34091830"
"JH378114","40566002","40566298","KQ053421v1","5610673","5610968","70","34955329"
"JH378114","40568498","40568795","KQ053421v1","5610673","5610968","71","34957825"
"JH378114","40572641","40572947","KQ055267v1","513773","514088","72","40058868"
"JH378114","40614247","40614551","KQ053421v1","5610673","5610968","73","35003574"
"JH378114","40678070","40678358","KQ058640v1","643463","643729","78","40034607"
"JH378114","40685269","40685566","KQ053421v1","5610673","5610968","73","35074596"
"JH378114","40715952","40716271","KQ055352v1","6003171","6003466","79","34712781"
"JH378114","40722964","40723218","KQ058505v1","2207051","2207301","77","38515913"
"JH378114","40750527","40750833","KQ055267v1","513773","514088","75","40236754"
"JH378114","40834205","40834510","KQ053421v1","5610673","5610968","84","35223532"
"JH378114","40845232","40845542","KQ055267v1","513773","514088","82","40331459"
"JH378114","40851503","40851802","KQ053421v1","5610673","5610968","74","35240830"
"JH378114","40892643","40892934","KQ053421v1","5610673","5610968","74","35281970"
"JH378114","40934573","40934875","KQ053421v1","5610673","5610968","83","35323900"
"JH378114","40937831","40938015","KQ058350v1","9514178","9514352","42","31423653"
"JH378114","41066945","41067242","KQ053421v1","5610673","5610968","74","35456272"
"JH378114","41083972","41084084","KQ053398v1","2623748","2623879","48","38460224"
"JH378114","41084608","41084808","KQ056005v1","1024192","1024395","47","40060416"
"JH378114","41153934","41154230","KQ053421v1","5610673","5610968","73","35543261"
"JH378114","41230946","41231028","KQ056235v1","1266284","1266361","15","39964662"
"JH378114","41282538","41282808","KQ058242v1","595939","596205","73","40686599"
"JH378114","41400514","41400803","KQ055862v1","1305285","1305561","87","40095229"
"JH378114","41512091","41512245","KQ053267v1","1313653","1313811","41","40198438"
"JH378114","41586446","41586726","KQ053785v1","888769","889063","81","40697677"
"JH378114","41643247","41643387","KQ053004v1","3064551","3064681","39","38578696"
"JH378114","41644541","41644833","KQ053421v1","5610673","5610968","79","36033868"
"JH378114","41698467","41698637","KQ053993v1","1251070","1251235","39","40447397"
"JH378114","41717443","41717727","KQ053421v1","5610673","5610968","77","36106770"
"JH378114","41764984","41765282","KQ053421v1","5610673","5610968","73","36154311"
"JH378114","41772369","41772667","KQ058427v1","7786546","7786853","84","33985823"
"JH378114","41824734","41825006","KQ057186v1","783828","784085","69","41040906"
"JH378114","41848701","41849009","KQ053421v1","5610673","5610968","76","36238028"
"JH378114","41986526","41986798","KQ055862v1","1305285","1305561","79","40681241"
"JH378114","42125883","42126183","KQ058427v1","7786546","7786853","84","34339337"
"JH378114","42144967","42145263","KQ053421v1","5610673","5610968","73","36534294"
"JH378114","42156109","42156409","KQ058427v1","7786546","7786853","85","34369563"
"JH378114","42258121","42258432","KQ055267v1","513773","514088","72","41744348"
"JH378114","42258504","42258813","KQ058427v1","7786546","7786853","78","34471958"
"JH378114","42358216","42358520","KQ053421v1","5610673","5610968","72","36747543"
"JH378114","42370415","42370708","KQ053421v1","5610673","5610968","74","36759742"
"JH378114","42424370","42424696","KQ055352v1","6003171","6003466","77","36421199"
"JH378114","42544270","42544559","KQ053421v1","5610673","5610968","80","36933597"
"JH378114","42551192","42551443","KQ057901v1","868884","869144","80","41682308"
"JH378114","42568979","42569321","KQ055352v1","6003171","6003466","158","36565808"
"JH378114","42573442","42573563","KQ053398v1","2623748","2623879","39","39949694"
"JH378114","42639362","42639639","KQ053785v1","888769","889063","83","41750593"
"JH378114","42640357","42640642","KQ053421v1","5610673","5610968","84","37029684"
"JH378114","42662822","42663126","KQ055352v1","6003171","6003466","73","36659651"
"JH378114","42756857","42757159","KQ055267v1","513773","514088","82","42243084"
"JH378114","42781428","42781711","KQ058242v1","595939","596205","76","42185489"
"JH378114","42786436","42786721","KQ055862v1","1305285","1305561","81","41481151"
"JH378114","42984465","42984750","KQ055862v1","1305285","1305561","79","41679180"
"JH378114","43043674","43043984","KQ055267v1","513773","514088","72","42529901"
"JH378114","43072003","43072229","KQ055662v1","1890465","1890674","71","41181538"
"JH378114","43072402","43072693","KQ053421v1","5610673","5610968","79","37461729"
"JH378114","43093387","43093693","KQ055267v1","513773","514088","66","42579614"
"JH378114","43135541","43135802","KQ055717v1","1610777","1611031","87","41524764"
"JH378114","43493586","43493872","KQ053883v1","6938067","6938331","97","36555519"
"JH378114","43677833","43678126","KQ053421v1","5610673","5610968","86","38067160"
"JH378114","43723053","43723344","KQ053421v1","5610673","5610968","75","38112380"
"JH378114","43938502","43938819","KQ055352v1","6003171","6003466","72","37935331"
"JH378114","43974770","43975070","KQ055352v1","6003171","6003466","78","37971599"
"JH378114","44037447","44037739","KQ053421v1","5610673","5610968","68","38426774"
"JH378114","44038890","44038994","KQ057781v1","1047045","1047171","41","42991845"
"JH378114","44087067","44087338","KQ058339v1","4553625","4553889","95","39533442"
"JH378114","44159761","44160071","KQ058427v1","7786546","7786853","71","36373215"
"JH378114","44178855","44179164","KQ055267v1","513773","514088","72","43665082"
"JH378114","44204615","44204926","KQ055352v1","6003171","6003466","74","38201444"
"JH378114","44222358","44222540","KQ058274v1","300327","300497","53","43922031"
"JH378115","7602147","7602437","KQ053421v1","5610673","5610968","72","1991474"
"JH378115","30801640","30801950","KQ053421v1","5610673","5610968","81","25190967"
"JH378115","27889","28184","KQ053421v1","5610673","5610968","79","5582784"
"JH378115","192612","192899","KQ053421v1","5610673","5610968","76","5418061"
"JH378115","322736","323037","KQ053421v1","5610673","5610968","74","5287937"
"JH378115","533159","533469","KQ055352v1","6003171","6003466","73","5470012"
"JH378115","600386","600688","KQ053421v1","5610673","5610968","74","5010287"
"JH378115","904616","904912","KQ053421v1","5610673","5610968","87","4706057"
"JH378115","1051631","1051932","KQ053421v1","5610673","5610968","81","4559042"
"JH378115","1245002","1245299","KQ053421v1","5610673","5610968","71","4365671"
"JH378115","1260828","1260907","KQ056235v1","1266284","1266361","24","5456"
"JH378115","1261045","1261258","KQ055662v1","1890465","1890674","55","629420"
"JH378115","1500001","1500281","KQ054815v1","2215557","2215844","80","715556"
"JH378115","1671987","1672293","KQ055352v1","6003171","6003466","71","4331184"
"JH378115","1706428","1706711","KQ057186v1","783828","784085","85","922600"
"JH378115","1743290","1743559","KQ053883v1","6938067","6938331","91","5194777"
"JH378115","1747148","1747434","KQ053421v1","5610673","5610968","83","3863525"
"JH378115","2016838","2017149","KQ055352v1","6003171","6003466","72","3986333"
"JH378115","2152660","2152968","KQ055267v1","513773","514088","74","1638887"
"JH378115","2200976","2201261","KQ053421v1","5610673","5610968","81","3409697"
"JH378115","2326513","2326813","KQ053421v1","5610673","5610968","69","3284160"
"JH378115","2405189","2405482","KQ053421v1","5610673","5610968","74","3205484"
"JH378115","2502648","2502950","KQ058427v1","7786546","7786853","83","5283898"
"JH378115","2510445","2510749","KQ055267v1","513773","514088","90","1996672"
"JH378115","2597519","2597824","KQ055352v1","6003171","6003466","67","3405652"
"JH378115","2613653","2613960","KQ055267v1","513773","514088","63","2099880"
"JH378115","2617247","2617550","KQ053421v1","5610673","5610968","73","2993426"
"JH378115","2638149","2638438","KQ055267v1","513773","514088","85","2124376"
"JH378115","2759421","2759724","KQ053421v1","5610673","5610968","71","2851252"
"JH378115","2760061","2760338","KQ053785v1","888769","889063","80","1871292"
"JH378115","2787567","2787809","KQ056321v1","575951","576190","97","2211616"
"JH378115","2799140","2799446","KQ055267v1","513773","514088","76","2285367"
"JH378115","2818348","2818641","KQ053421v1","5610673","5610968","81","2792325"
"JH378115","2835226","2835527","KQ058427v1","7786546","7786853","74","4951320"
"JH378115","2844861","2845155","KQ053421v1","5610673","5610968","73","2765812"
"JH378115","2886320","2886598","KQ053785v1","888769","889063","87","1997551"
"JH378115","2913109","2913376","KQ053421v1","5610673","5610968","83","2697564"
"JH378115","2923715","2924016","KQ053421v1","5610673","5610968","90","2686958"
"JH378115","2969236","2969515","KQ053421v1","5610673","5610968","80","2641437"
"JH378115","3015386","3015697","KQ055352v1","6003171","6003466","75","2987785"
"JH378115","3019183","3019479","KQ053421v1","5610673","5610968","71","2591490"
"JH378115","3038374","3038675","KQ053421v1","5610673","5610968","68","2572299"
"JH378115","3056261","3056392","KQ053398v1","2623748","2623879","36","432513"
"JH378115","3062470","3062593","KQ053398v1","2623748","2623879","33","438722"
"JH378115","3068239","3068534","KQ053421v1","5610673","5610968","75","2542434"
"JH378115","3092839","3093117","KQ058427v1","6786866","6787134","98","3694027"
"JH378115","3097309","3097612","KQ053421v1","5610673","5610968","84","2513364"
"JH378115","3105092","3105405","KQ053421v1","5610673","5610968","71","2505581"
"JH378115","3106820","3107089","KQ055862v1","1305285","1305561","78","1801535"
"JH378115","3131387","3131698","KQ055267v1","513773","514088","75","2617614"
"JH378115","3132026","3132352","KQ053059v1","2548766","2549102","92","583260"
"JH378115","3192438","3192735","KQ053421v1","5610673","5610968","76","2418235"
"JH378115","3207840","3208137","KQ053421v1","5610673","5610968","73","2402833"
"JH378115","3224275","3224574","KQ053421v1","5610673","5610968","72","2386398"
"JH378115","3246471","3246778","KQ055267v1","513773","514088","86","2732698"
"JH378115","3281764","3282058","KQ053421v1","5610673","5610968","69","2328909"
"JH378115","3296592","3296887","KQ053421v1","5610673","5610968","69","2314081"
"JH378115","3389920","3390231","KQ055352v1","6003171","6003466","73","2613251"
"JH378115","3461880","3462173","KQ053421v1","5610673","5610968","76","2148793"
"JH378115","3482186","3482407","KQ058594v1","1033101","1033292","84","2449085"
"JH378115","3503114","3503407","KQ053421v1","5610673","5610968","73","2107559"
"JH378115","3518084","3518319","KQ058242v1","595939","596205","85","2922145"
"JH378115","3520416","3520709","KQ053421v1","5610673","5610968","71","2090257"
"JH378115","3536380","3536460","KQ056235v1","1266284","1266361","23","2270096"
"JH378115","3550049","3550197","KQ052968v1","13665640","13665790","56","10115591"
"JH378115","3609906","3610195","KQ053421v1","5610673","5610968","75","2000767"
"JH378115","3613420","3613727","KQ053421v1","5610673","5610968","75","1997253"
"JH378115","3623624","3623915","KQ053421v1","5610673","5610968","71","1987049"
"JH378115","3655722","3656004","KQ058394v1","9655127","9655422","84","5999405"
"JH378115","3664506","3664689","KQ054954v1","1680710","1680882","45","1983796"
"JH378115","3664790","3664894","KQ056493v1","2043382","2043488","33","1621408"
"JH378115","3676205","3676501","KQ053421v1","5610673","5610968","76","1934468"
"JH378115","3733956","3734254","KQ053421v1","5610673","5610968","73","1876717"
"JH378115","3735461","3735765","KQ053421v1","5610673","5610968","69","1875212"
"JH378115","3774906","3775205","KQ053421v1","5610673","5610968","71","1835767"
"JH378115","3792665","3792958","KQ053421v1","5610673","5610968","81","1818008"
"JH378115","3797492","3797784","KQ053421v1","5610673","5610968","74","1813181"
"JH378115","3804307","3804616","KQ058427v1","7786546","7786853","88","3982239"
"JH378115","3835606","3835930","KQ053059v1","2548766","2549102","87","1286840"
"JH378115","3870032","3870338","KQ055352v1","6003171","6003466","72","2133139"
"JH378115","3876299","3876428","KQ053398v1","2623748","2623879","36","1252551"
"JH378115","3897582","3897883","KQ053421v1","5610673","5610968","74","1713091"
"JH378115","3903536","3903847","KQ055267v1","513773","514088","73","3389763"
"JH378115","3921102","3921399","KQ053421v1","5610673","5610968","73","1689571"
"JH378115","3942649","3942956","KQ055267v1","513773","514088","69","3428876"
"JH378115","3955817","3956125","KQ053421v1","5610673","5610968","85","1654856"
"JH378115","3959862","3960162","KQ053421v1","5610673","5610968","73","1650811"
"JH378115","3971399","3971686","KQ053421v1","5610673","5610968","72","1639274"
"JH378115","4005788","4006079","KQ053421v1","5610673","5610968","77","1604885"
"JH378115","4008973","4009268","KQ053421v1","5610673","5610968","72","1601700"
"JH378115","4019082","4019385","KQ058427v1","7786546","7786853","82","3767464"
"JH378115","4039480","4039768","KQ053421v1","5610673","5610968","79","1571193"
"JH378115","4067973","4068251","KQ058242v1","595939","596205","78","3472034"
"JH378115","4082995","4083266","KQ054815v1","2215557","2215844","88","1867438"
"JH378115","4088787","4089011","KQ054068v1","3638075","3638299","72","450712"
"JH378115","4122290","4122594","KQ055352v1","6003171","6003466","67","1880881"
"JH378115","4130340","4130650","KQ055352v1","6003171","6003466","75","1872831"
"JH378115","4139342","4139633","KQ053421v1","5610673","5610968","76","1471331"
"JH378115","4162933","4163217","KQ053421v1","5610673","5610968","72","1447740"
"JH378115","4190387","4190701","KQ055352v1","6003171","6003466","78","1812784"
"JH378115","4224269","4224557","KQ053421v1","5610673","5610968","89","1386404"
"JH378115","4301976","4302267","KQ053421v1","5610673","5610968","90","1308697"
"JH378115","4346930","4347071","KQ054401v1","3363241","3363379","39","983689"
"JH378115","4366722","4367018","KQ053421v1","5610673","5610968","72","1243951"
"JH378115","4407471","4407781","KQ053421v1","5610673","5610968","74","1203202"
"JH378115","4452745","4453052","KQ055267v1","513773","514088","75","3938972"
"JH378115","4462715","4463059","KQ058427v1","7786546","7786853","164","3323831"
"JH378115","4475284","4475480","KQ058594v1","5950443","5950621","60","1475159"
"JH378115","4536446","4536751","KQ058427v1","7786546","7786853","73","3250100"
"JH378115","4544752","4545050","KQ055862v1","1305285","1305561","90","3239467"
"JH378115","4590065","4590369","KQ053421v1","5610673","5610968","75","1020608"
"JH378115","4631139","4631440","KQ053421v1","5610673","5610968","81","979534"
"JH378115","4847446","4847735","KQ058242v1","595939","596205","84","4251507"
"JH378115","4915643","4915939","KQ053421v1","5610673","5610968","85","695030"
"JH378115","4917348","4917644","KQ053421v1","5610673","5610968","83","693325"
"JH378115","4931781","4932035","KQ058242v1","595939","596205","68","4335842"
"JH378115","4951310","4951521","KQ058274v1","300327","300497","77","4650983"
"JH378115","4990961","4991253","KQ058427v1","7786546","7786853","79","2795585"
"JH378115","5161635","5161924","KQ055267v1","513773","514088","83","4647862"
"JH378115","5221258","5221383","KQ053398v1","2623748","2623879","39","2597510"
"JH378115","5250171","5250472","KQ053421v1","5610673","5610968","63","360502"
"JH378115","5327544","5327779","KQ055662v1","1890465","1890674","72","3437079"
"JH378115","5344446","5344748","KQ055267v1","513773","514088","70","4830673"
"JH378115","5381619","5381930","KQ055267v1","513773","514088","76","4867846"
"JH378115","5458024","5458296","KQ057186v1","783828","784085","76","4674196"
"JH378115","5729135","5729438","KQ055267v1","513773","514088","81","5215362"
"JH378115","5783997","5784286","KQ053421v1","5610673","5610968","80","173324"
"JH378115","5788565","5788862","KQ058427v1","7786546","7786853","81","1997981"
"JH378115","5840203","5840285","KQ056235v1","1266284","1266361","16","4573919"
"JH378115","5881083","5881224","KQ056911v1","1421731","1421862","36","4459352"
"JH378115","5959609","5959919","KQ055352v1","6003171","6003466","69","43562"
"JH378115","6053627","6053925","KQ053421v1","5610673","5610968","78","442954"
"JH378115","6073554","6073837","KQ053785v1","888769","889063","78","5184785"
"JH378115","6293504","6293815","KQ055267v1","513773","514088","71","5779731"
"JH378115","6468032","6468309","KQ058640v1","643463","643729","91","5824569"
"JH378115","6523396","6523639","KQ058509v1","24058","24271","70","6499338"
"JH378115","6535988","6536118","KQ053398v1","2623748","2623879","32","3912240"
"JH378115","6611182","6611492","KQ058427v1","7786546","7786853","76","1175364"
"JH378115","6677265","6677564","KQ053421v1","5610673","5610968","77","1066592"
"JH378115","6691854","6692135","KQ053421v1","5610673","5610968","88","1081181"
"JH378115","6715242","6715537","KQ058242v1","595939","596205","92","6119303"
"JH378115","6851224","6851387","KQ053993v1","1251070","1251235","39","5600154"
"JH378115","6970524","6970824","KQ053421v1","5610673","5610968","73","1359851"
"JH378115","7036632","7036934","KQ053421v1","5610673","5610968","69","1425959"
"JH378115","7095796","7096078","KQ055862v1","1305285","1305561","84","5790511"
"JH378115","7137918","7138222","KQ053421v1","5610673","5610968","76","1527245"
"JH378115","7180799","7181096","KQ053421v1","5610673","5610968","79","1570126"
"JH378115","7219724","7220028","KQ055352v1","6003171","6003466","68","1216553"
"JH378115","7279851","7280129","KQ057186v1","783828","784085","78","6496023"
"JH378115","7383065","7383367","KQ053421v1","5610673","5610968","72","1772392"
"JH378115","7392376","7392673","KQ053421v1","5610673","5610968","74","1781703"
"JH378115","7417059","7417355","KQ053421v1","5610673","5610968","76","1806386"
"JH378115","7441085","7441375","KQ053421v1","5610673","5610968","94","1830412"
"JH378115","7470450","7470738","KQ053421v1","5610673","5610968","75","1859777"
"JH378115","7480601","7480909","KQ055352v1","6003171","6003466","74","1477430"
"JH378115","7484988","7485299","KQ058427v1","7786546","7786853","72","301558"
"JH378115","7490365","7490660","KQ055862v1","1305285","1305561","85","6185080"
"JH378115","7508840","7508969","KQ054401v1","3363241","3363379","45","4145599"
"JH378115","7510262","7510565","KQ053421v1","5610673","5610968","73","1899589"
"JH378115","7516558","7516848","KQ053421v1","5610673","5610968","83","1905885"
"JH378115","7524166","7524457","KQ053421v1","5610673","5610968","81","1913493"
"JH378115","7533854","7534021","KQ058350v1","9514178","9514352","44","1980324"
"JH378115","7537846","7538155","KQ055267v1","513773","514088","75","7024073"
"JH378115","7543307","7543581","KQ058339v1","4553625","4553889","76","2989682"
"JH378115","7569076","7569370","KQ053421v1","5610673","5610968","79","1958403"
"JH378115","7583637","7583928","KQ053421v1","5610673","5610968","74","1972964"
"JH378115","7607973","7608284","KQ053421v1","5610673","5610968","76","1997300"
"JH378115","7610020","7610299","KQ054815v1","2215557","2215844","83","5394463"
"JH378115","7619162","7619462","KQ053421v1","5610673","5610968","73","2008489"
"JH378115","7632382","7632537","KQ054401v1","3363241","3363379","49","4269141"
"JH378115","7646923","7647042","KQ053398v1","2623748","2623879","40","5023175"
"JH378115","7647329","7647637","KQ058427v1","7786546","7786853","78","139217"
"JH378115","7653595","7653904","KQ055267v1","513773","514088","71","7139822"
"JH378115","7669315","7669608","KQ053421v1","5610673","5610968","75","2058642"
"JH378115","7676498","7676805","KQ055352v1","6003171","6003466","73","1673327"
"JH378115","7724102","7724367","KQ058242v1","595939","596205","70","7128163"
"JH378115","7762165","7762447","KQ054815v1","2215557","2215844","80","5546608"
"JH378115","7798355","7798659","KQ053421v1","5610673","5610968","72","2187682"
"JH378115","7830762","7831073","KQ055267v1","513773","514088","69","7316989"
"JH378115","7833296","7833605","KQ055267v1","513773","514088","73","7319523"
"JH378115","7886316","7886593","KQ058640v1","643463","643729","83","7242853"
"JH378115","7892430","7892733","KQ053421v1","5610673","5610968","70","2281757"
"JH378115","7894556","7894846","KQ053421v1","5610673","5610968","71","2283883"
"JH378115","8008261","8008563","KQ055352v1","6003171","6003466","69","2005090"
"JH378115","8072617","8072931","KQ053421v1","5610673","5610968","91","2461944"
"JH378115","8130131","8130237","KQ055717v1","1610376","1610476","38","6519755"
"JH378115","8131079","8131228","KQ052970v1","4377515","4377664","49","3753564"
"JH378115","8553049","8553318","KQ055862v1","1305285","1305561","89","7247764"
"JH378115","8895761","8896030","KQ058339v1","4553625","4553889","83","4342136"
"JH378115","8920681","8920986","KQ055267v1","513773","514088","70","8406908"
"JH378115","8973928","8974210","KQ056321v1","575951","576190","101","8397977"
"JH378115","9064995","9065289","KQ055267v1","513773","514088","83","8551222"
"JH378115","9138684","9138907","KQ053234v1","1414405","1414609","73","7724279"
"JH378115","9210377","9210673","KQ053421v1","5610673","5610968","69","3599704"
"JH378115","9292052","9292342","KQ053421v1","5610673","5610968","77","3681379"
"JH378115","9306470","9306784","KQ055862v1","1305285","1305561","103","8001185"
"JH378115","9352796","9353045","KQ058505v1","2207051","2207301","84","7145745"
"JH378115","9495592","9495899","KQ055352v1","6003171","6003466","69","3492421"
"JH378115","9694842","9695153","KQ055352v1","6003171","6003466","71","3691671"
"JH378115","9775556","9775850","KQ053421v1","5610673","5610968","73","4164883"
"JH378115","9937591","9937882","KQ053421v1","5610673","5610968","77","4326918"
"JH378115","10091806","10092110","KQ053421v1","5610673","5610968","88","4481133"
"JH378115","10193678","10193974","KQ053421v1","5610673","5610968","71","4583005"
"JH378115","10279604","10279895","KQ055267v1","513773","514088","96","9765831"
"JH378115","10280512","10280836","KQ055267v1","513773","514088","86","9766739"
"JH378115","10319196","10319510","KQ053421v1","5610673","5610968","80","4708523"
"JH378115","10382899","10383205","KQ053421v1","5610673","5610968","71","4772226"
"JH378115","10430682","10430983","KQ055352v1","6003171","6003466","70","4427511"
"JH378115","10558635","10558940","KQ053421v1","5610673","5610968","71","4947962"
"JH378115","10578394","10578696","KQ055267v1","513773","514088","77","10064621"
"JH378115","10585238","10585538","KQ055352v1","6003171","6003466","70","4582067"
"JH378115","10694710","10695004","KQ053421v1","5610673","5610968","80","5084037"
"JH378115","10779888","10780193","KQ053421v1","5610673","5610968","72","5169215"
"JH378115","10903367","10903678","KQ055352v1","6003171","6003466","72","4900196"
"JH378115","10934252","10934555","KQ055352v1","6003171","6003466","79","4931081"
"JH378115","11138105","11138440","KQ053059v1","2548766","2549102","93","8589339"
"JH378115","11138902","11139204","KQ055352v1","6003171","6003466","74","5135731"
"JH378115","11153785","11154073","KQ058394v1","9655127","9655422","91","1498658"
"JH378115","11283143","11283443","KQ053421v1","5610673","5610968","71","5672470"
"JH378115","11318015","11318317","KQ055352v1","6003171","6003466","68","5314844"
"JH378115","11417356","11417620","KQ058505v1","2207051","2207301","90","9210305"
"JH378115","11647262","11647532","KQ058242v1","595939","596205","92","11051323"
"JH378115","11661741","11662050","KQ053421v1","5610673","5610968","74","6051068"
"JH378115","11702575","11702878","KQ053421v1","5610673","5610968","69","6091902"
"JH378115","11931825","11932124","KQ053421v1","5610673","5610968","66","6321152"
"JH378115","11960599","11960905","KQ055352v1","6003171","6003466","76","5957428"
"JH378115","12070586","12070897","KQ053421v1","5610673","5610968","72","6459913"
"JH378115","12073613","12073914","KQ053421v1","5610673","5610968","77","6462940"
"JH378115","12233559","12233840","KQ053421v1","5610673","5610968","75","6622886"
"JH378115","12312557","12312868","KQ055352v1","6003171","6003466","71","6309386"
"JH378115","13022293","13022558","KQ057901v1","868884","869144","85","12153409"
"JH378115","13081322","13081448","KQ053398v1","2627781","2627909","37","10453541"
"JH378115","13324278","13324572","KQ053421v1","5610673","5610968","71","7713605"
"JH378115","13405443","13405738","KQ055267v1","513773","514088","81","12891670"
"JH378115","13502953","13503252","KQ053421v1","5610673","5610968","73","7892280"
"JH378115","13604037","13604323","KQ055862v1","1305285","1305561","82","12298752"
"JH378115","13613575","13613882","KQ055352v1","6003171","6003466","77","7610404"
"JH378115","13653301","13653605","KQ053421v1","5610673","5610968","76","8042628"
"JH378115","13693094","13693388","KQ053421v1","5610673","5610968","72","8082421"
"JH378115","13808451","13808707","KQ058505v1","2207051","2207301","87","11601400"
"JH378115","13900243","13900424","KQ056064v1","326763","326940","55","13573480"
"JH378115","13979027","13979318","KQ058427v1","7786546","7786853","83","6192481"
"JH378115","14051098","14051443","KQ053135v1","5034940","5035266","122","9016158"
"JH378115","14251065","14251363","KQ053421v1","5610673","5610968","74","8640392"
"JH378115","14353181","14353478","KQ058427v1","6786866","6787134","91","7566315"
"JH378115","14422390","14422696","KQ055352v1","6003171","6003466","76","8419219"
"JH378115","14429263","14429541","KQ053421v1","5610673","5610968","88","8818590"
"JH378115","14432639","14432930","KQ053421v1","5610673","5610968","81","8821966"
"JH378115","14481439","14481674","KQ058242v1","595939","596205","88","13885500"
"JH378115","14685164","14685331","KQ057204v1","2930576","2930741","39","11754588"
"JH378115","14688677","14688979","KQ058427v1","7786546","7786853","74","6902131"
"JH378115","14782811","14783107","KQ058427v1","7786546","7786853","81","6996265"
"JH378115","14874759","14874838","KQ056235v1","1266284","1266361","23","13608475"
"JH378115","14874939","14875157","KQ052982v1","2032903","2033097","59","12842036"
"JH378115","14931252","14931566","KQ053421v1","5610673","5610968","88","9320579"
"JH378115","14951533","14951825","KQ053421v1","5610673","5610968","71","9340860"
"JH378115","14987613","14987914","KQ053421v1","5610673","5610968","71","9376940"
"JH378115","14990804","14991102","KQ053421v1","5610673","5610968","82","9380131"
"JH378115","15055206","15055497","KQ053421v1","5610673","5610968","78","9444533"
"JH378115","15057630","15057933","KQ053421v1","5610673","5610968","73","9446957"
"JH378115","15071177","15071368","KQ056064v1","326763","326940","55","14744414"
"JH378115","15158681","15158818","KQ053004v1","3064551","3064681","38","12094130"
"JH378115","15162636","15162808","KQ053993v1","1251070","1251235","43","13911566"
"JH378115","15200007","15200299","KQ053421v1","5610673","5610968","83","9589334"
"JH378115","15290253","15290513","KQ058242v1","595939","596205","69","14694314"
"JH378115","15343005","15343310","KQ053421v1","5610673","5610968","81","9732332"
"JH378115","15362941","15363198","KQ058339v1","4553625","4553889","95","10809316"
"JH378115","15401913","15402210","KQ053421v1","5610673","5610968","78","9791240"
"JH378115","15404246","15404345","KQ056279v1","759081","759162","29","14645165"
"JH378115","15414468","15414760","KQ053421v1","5610673","5610968","60","9803795"
"JH378115","15438615","15438903","KQ053421v1","5610673","5610968","78","9827942"
"JH378115","15444163","15444468","KQ055352v1","6003171","6003466","79","9440992"
"JH378115","15463449","15463786","KQ053135v1","5034940","5035266","105","10428509"
"JH378115","15466269","15466483","KQ058274v1","300327","300497","75","15165942"
"JH378115","15505870","15506148","KQ058242v1","595939","596205","80","14909931"
"JH378115","15530242","15530549","KQ053421v1","5610673","5610968","90","9919569"
"JH378115","15636081","15636317","KQ056321v1","575951","576190","74","15060130"
"JH378115","15642637","15642928","KQ053421v1","5610673","5610968","80","10031964"
"JH378115","15657155","15657435","KQ055862v1","1305285","1305561","77","14351870"
"JH378115","15676551","15676850","KQ053421v1","5610673","5610968","63","10065878"
"JH378115","15691030","15691268","KQ058505v1","2207051","2207301","77","13483979"
"JH378115","15712383","15712683","KQ053421v1","5610673","5610968","69","10101710"
"JH378115","15888296","15888584","KQ054815v1","2215557","2215844","84","13672739"
"JH378115","16055454","16055748","KQ053421v1","5610673","5610968","77","10444781"
"JH378115","16058069","16058358","KQ053421v1","5610673","5610968","84","10447396"
"JH378115","16058548","16058857","KQ055267v1","513773","514088","76","15544775"
"JH378115","16122652","16122948","KQ053421v1","5610673","5610968","70","10511979"
"JH378115","16188330","16188623","KQ053421v1","5610673","5610968","70","10577657"
"JH378115","16324056","16324365","KQ053421v1","5610673","5610968","77","10713383"
"JH378115","16404400","16404693","KQ053421v1","5610673","5610968","73","10793727"
"JH378115","16468198","16468484","KQ053421v1","5610673","5610968","92","10857525"
"JH378115","16591408","16591703","KQ053141v1","2860","3159","90","16588548"
"JH378115","16594858","16595012","KQ056118v1","822027","822185","49","15772831"
"JH378115","16629518","16629822","KQ058427v1","7786546","7786853","74","8842972"
"JH378115","16640909","16641214","KQ055267v1","513773","514088","69","16127136"
"JH378115","16652607","16652927","KQ055267v1","513773","514088","88","16138834"
"JH378115","16658847","16659096","KQ058505v1","2207051","2207301","72","14451796"
"JH378115","16707911","16708176","KQ058242v1","595939","596205","77","16111972"
"JH378115","16715192","16715320","KQ053398v1","2623748","2623879","32","14091444"
"JH378115","16720024","16720301","KQ058242v1","595939","596205","82","16124085"
"JH378115","16738546","16738844","KQ053421v1","5610673","5610968","87","11127873"
"JH378115","16828863","16829028","KQ057204v1","2930576","2930741","49","13898287"
"JH378115","16852661","16852950","KQ055352v1","6003171","6003466","84","10849490"
"JH378115","16906784","16906911","KQ053398v1","2623748","2623879","40","14283036"
"JH378115","16923286","16923589","KQ053421v1","5610673","5610968","68","11312613"
"JH378115","17032798","17033082","KQ053421v1","5610673","5610968","86","11422125"
"JH378115","17046246","17046527","KQ053785v1","888769","889063","88","16157477"
"JH378115","17144349","17144659","KQ055267v1","513773","514088","70","16630576"
"JH378115","17177879","17178172","KQ053421v1","5610673","5610968","73","11567206"
"JH378115","17203090","17203176","KQ056235v1","1266284","1266361","23","15936806"
"JH378115","17344486","17344660","KQ058423v1","270754","270928","39","17073732"
"JH378115","17361323","17361438","KQ056493v1","2043382","2043488","43","15317941"
"JH378115","17361577","17361729","KQ057821v1","3059321","3059481","41","14302256"
"JH378115","17395802","17396112","KQ053421v1","5610673","5610968","76","11785129"
"JH378115","17648475","17648786","KQ055352v1","6003171","6003466","75","11645304"
"JH378115","17669435","17669655","KQ054068v1","3638075","3638299","63","14031360"
"JH378115","17678065","17678360","KQ053421v1","5610673","5610968","68","12067392"
"JH378115","17678975","17679175","KQ053234v1","1414405","1414609","55","16264570"
"JH378115","17690573","17690872","KQ053421v1","5610673","5610968","68","12079900"
"JH378115","17709709","17709998","KQ058242v1","595939","596205","77","17113770"
"JH378115","17723883","17724180","KQ055267v1","513773","514088","84","17210110"
"JH378115","17752680","17752958","KQ058242v1","595939","596205","78","17156741"
"JH378115","17767272","17767571","KQ053421v1","5610673","5610968","78","12156599"
"JH378115","17791738","17792037","KQ053421v1","5610673","5610968","67","12181065"
"JH378115","17942913","17943211","KQ053421v1","5610673","5610968","63","12332240"
"JH378115","18031589","18031888","KQ053421v1","5610673","5610968","72","12420916"
"JH378115","18032746","18032990","KQ057186v1","783828","784085","93","17248918"
"JH378115","18038196","18038503","KQ055352v1","6003171","6003466","70","12035025"
"JH378115","18329379","18329657","KQ055862v1","1305285","1305561","86","17024094"
"JH378115","18333367","18333677","KQ058427v1","7786546","7786853","74","10546821"
"JH378115","18339696","18339998","KQ053421v1","5610673","5610968","64","12729023"
"JH378115","18457552","18457853","KQ053421v1","5610673","5610968","70","12846879"
"JH378115","18480303","18480604","KQ053421v1","5610673","5610968","80","12869630"
"JH378115","18590497","18590808","KQ055352v1","6003171","6003466","72","12587326"
"JH378115","18633546","18633849","KQ053421v1","5610673","5610968","80","13022873"
"JH378115","18644063","18644401","KQ058427v1","7786546","7786853","106","10857517"
"JH378115","18685660","18685994","KQ055267v1","513773","514088","90","18171887"
"JH378115","18696526","18696644","KQ053398v1","2623748","2623879","43","16072778"
"JH378115","18736137","18736443","KQ053421v1","5610673","5610968","96","13125464"
"JH378115","18769358","18769654","KQ053421v1","5610673","5610968","73","13158685"
"JH378115","18802320","18802625","KQ053421v1","5610673","5610968","65","13191647"
"JH378115","18824706","18825003","KQ053421v1","5610673","5610968","73","13214033"
"JH378115","18833332","18833626","KQ053421v1","5610673","5610968","90","13222659"
"JH378115","18848825","18849071","KQ058242v1","595939","596205","93","18252886"
"JH378115","18876798","18877087","KQ053421v1","5610673","5610968","90","13266125"
"JH378115","18892968","18893268","KQ055267v1","513773","514088","87","18379195"
"JH378115","18935030","18935336","KQ055352v1","6003171","6003466","73","12931859"
"JH378115","18963050","18963350","KQ053421v1","5610673","5610968","69","13352377"
"JH378115","18986054","18986353","KQ053421v1","5610673","5610968","71","13375381"
"JH378115","19038374","19038642","KQ058242v1","595939","596205","74","18442435"
"JH378115","19294699","19294976","KQ053421v1","5610673","5610968","80","13684026"
"JH378115","19359940","19360206","KQ053421v1","5610673","5610968","81","13749267"
"JH378115","19420117","19420419","KQ058427v1","7786546","7786853","79","11633571"
"JH378115","19425359","19425661","KQ053421v1","5610673","5610968","74","13814686"
"JH378115","19638639","19638940","KQ053421v1","5610673","5610968","68","14027966"
"JH378115","19722888","19723182","KQ053421v1","5610673","5610968","71","14112215"
"JH378115","19784797","19785086","KQ053421v1","5610673","5610968","83","14174124"
"JH378115","19790266","19790532","KQ053421v1","5610673","5610968","83","14179593"
"JH378115","19908107","19908418","KQ055352v1","6003171","6003466","74","13904936"
"JH378115","20103515","20103820","KQ055352v1","6003171","6003466","71","14100344"
"JH378115","20294201","20294508","KQ058427v1","7786546","7786853","79","12507655"
"JH378115","20304065","20304277","KQ055662v1","1890465","1890674","64","18413600"
"JH378115","20462429","20462700","KQ058427v1","6786866","6787134","86","13675563"
"JH378115","20469447","20469750","KQ058427v1","7786546","7786853","78","12682901"
"JH378115","20616889","20617220","KQ058427v1","7786546","7786853","111","12830343"
"JH378115","20678717","20679021","KQ053421v1","5610673","5610968","72","15068044"
"JH378115","20688697","20688995","KQ053421v1","5610673","5610968","72","15078024"
"JH378115","20871129","20871421","KQ053421v1","5610673","5610968","74","15260456"
"JH378115","20887389","20887699","KQ058427v1","7786546","7786853","81","13100843"
"JH378115","20892298","20892604","KQ055352v1","6003171","6003466","71","14889127"
"JH378115","20963369","20963658","KQ053421v1","5610673","5610968","74","15352696"
"JH378115","20966401","20966698","KQ053421v1","5610673","5610968","78","15355728"
"JH378115","21073453","21073753","KQ055352v1","6003171","6003466","73","15070282"
"JH378115","21145181","21145491","KQ055267v1","513773","514088","79","20631408"
"JH378115","21308097","21308403","KQ053421v1","5610673","5610968","69","15697424"
"JH378115","21342207","21342505","KQ053421v1","5610673","5610968","69","15731534"
"JH378115","21385920","21386232","KQ055352v1","6003171","6003466","88","15382749"
"JH378115","21398639","21398940","KQ053421v1","5610673","5610968","73","15787966"
"JH378115","21416939","21417241","KQ058394v1","9655127","9655422","86","11761812"
"JH378115","21485086","21485387","KQ055352v1","6003171","6003466","73","15481915"
"JH378115","21596762","21597046","KQ055352v1","6003171","6003466","81","15593591"
"JH378115","21617394","21617707","KQ053421v1","5610673","5610968","90","16006721"
"JH378115","21623826","21624125","KQ058427v1","7786546","7786853","72","13837280"
"JH378115","21631547","21631835","KQ058242v1","595939","596205","87","21035608"
"JH378115","21642280","21642428","KQ053398v1","2623748","2623879","47","19018532"
"JH378115","21667696","21668006","KQ055267v1","513773","514088","70","21153923"
"JH378115","21737354","21737632","KQ058242v1","595939","596205","79","21141415"
"JH378115","21792045","21792241","KQ052982v1","2032903","2033097","51","19759142"
"JH378115","21818132","21818433","KQ053421v1","5610673","5610968","78","16207459"
"JH378115","21844333","21844639","KQ055267v1","513773","514088","79","21330560"
"JH378115","21868360","21868650","KQ053421v1","5610673","5610968","79","16257687"
"JH378115","21888658","21888970","KQ053421v1","5610673","5610968","79","16277985"
"JH378115","21962630","21962846","KQ055662v1","1890465","1890674","71","20072165"
"JH378115","21971101","21971411","KQ055267v1","513773","514088","77","21457328"
"JH378115","21984049","21984346","KQ055267v1","513773","514088","82","21470276"
"JH378115","22002280","22002544","KQ057186v1","783828","784085","85","21218452"
"JH378115","22005396","22005707","KQ055267v1","513773","514088","72","21491623"
"JH378115","22037520","22037823","KQ053421v1","5610673","5610968","69","16426847"
"JH378115","22071071","22071363","KQ053421v1","5610673","5610968","69","16460398"
"JH378115","22072459","22072745","KQ053421v1","5610673","5610968","86","16461786"
"JH378115","22122245","22122567","KQ054815v1","2215557","2215844","102","19906688"
"JH378115","22125763","22126052","KQ058640v1","643463","643729","77","21482300"
"JH378115","22164199","22164411","KQ052982v1","2032903","2033097","52","20131296"
"JH378115","22164513","22164583","KQ056279v1","759081","759162","26","21405432"
"JH378115","22174403","22174525","KQ053398v1","2623748","2623879","39","19550655"
"JH378115","22176153","22176255","KQ056279v1","759081","759162","36","21417072"
"JH378115","22188234","22188534","KQ053421v1","5610673","5610968","71","16577561"
"JH378115","22193031","22193327","KQ053421v1","5610673","5610968","70","16582358"
"JH378115","22194125","22194422","KQ058427v1","7786546","7786853","79","14407579"
"JH378115","22196626","22196928","KQ055267v1","513773","514088","77","21682853"
"JH378115","22289063","22289359","KQ053421v1","5610673","5610968","79","16678390"
"JH378115","22306053","22306332","KQ053421v1","5610673","5610968","86","16695380"
"JH378115","22356266","22356536","KQ058505v1","2207051","2207301","85","20149215"
"JH378115","22362300","22362601","KQ053421v1","5610673","5610968","81","16751627"
"JH378115","22372730","22372815","KQ056235v1","1266284","1266361","44","21106446"
"JH378115","22373703","22373943","KQ058242v1","595939","596205","88","21777764"
"JH378115","22374269","22374549","KQ058242v1","595939","596205","80","21778330"
"JH378115","22385573","22385700","KQ053398v1","2623748","2623879","51","19761825"
"JH378115","22414941","22415242","KQ053421v1","5610673","5610968","72","16804268"
"JH378115","22419158","22419466","KQ053421v1","5610673","5610968","92","16808485"
"JH378115","22467609","22467904","KQ053421v1","5610673","5610968","66","16856936"
"JH378115","22474487","22474789","KQ053421v1","5610673","5610968","78","16863814"
"JH378115","22483708","22484002","KQ053421v1","5610673","5610968","80","16873035"
"JH378115","22573331","22573656","KQ053421v1","5610673","5610968","109","16962658"
"JH378115","22580348","22580475","KQ053398v1","2623748","2623879","36","19956600"
"JH378115","22671873","22672167","KQ053421v1","5610673","5610968","77","17061200"
"JH378115","22683943","22684242","KQ053421v1","5610673","5610968","78","17073270"
"JH378115","22772460","22772748","KQ053421v1","5610673","5610968","73","17161787"
"JH378115","22812081","22812386","KQ058427v1","7786546","7786853","78","15025535"
"JH378115","22824537","22824826","KQ058427v1","7786546","7786853","88","15037991"
"JH378115","22831082","22831360","KQ053421v1","5610673","5610968","87","17220409"
"JH378115","22838408","22838694","KQ055267v1","513773","514088","90","22324635"
"JH378115","22885922","22886229","KQ055267v1","513773","514088","77","22372149"
"JH378115","22924771","22925069","KQ053421v1","5610673","5610968","78","17314098"
"JH378115","22937964","22938247","KQ058242v1","595939","596205","79","22342025"
"JH378115","22941242","22941489","KQ058242v1","595939","596205","76","22345303"
"JH378115","23014714","23015010","KQ053421v1","5610673","5610968","84","17404041"
"JH378115","23092486","23092755","KQ055862v1","1305285","1305561","80","21787201"
"JH378115","23135998","23136287","KQ053421v1","5610673","5610968","83","17525325"
"JH378115","23139808","23139938","KQ053398v1","2623748","2623879","35","20516060"
"JH378115","23157542","23157673","KQ053398v1","2623748","2623879","29","20533794"
"JH378115","23347870","23348155","KQ058339v1","4553625","4553889","81","18794245"
"JH378115","23360069","23360379","KQ055267v1","513773","514088","77","22846296"
"JH378115","23407230","23407340","KQ056911v1","1421731","1421862","38","21985499"
"JH378115","23413396","23413694","KQ053421v1","5610673","5610968","66","17802723"
"JH378115","23504029","23504256","KQ058274v1","300327","300497","90","23203702"
"JH378115","23578595","23578891","KQ053421v1","5610673","5610968","72","17967922"
"JH378115","23580814","23581095","KQ055862v1","1305285","1305561","71","22275529"
"JH378115","23614727","23615027","KQ053421v1","5610673","5610968","73","18004054"
"JH378115","23620185","23620469","KQ058242v1","595939","596205","76","23024246"
"JH378115","23629070","23629370","KQ053421v1","5610673","5610968","79","18018397"
"JH378115","23863711","23863841","KQ053398v1","2623748","2623879","37","21239963"
"JH378115","23890238","23890548","KQ058427v1","7786546","7786853","76","16103692"
"JH378115","24077058","24077369","KQ053421v1","5610673","5610968","80","18466385"
"JH378115","24194155","24194345","KQ058594v1","1033101","1033292","46","23161054"
"JH378115","24319419","24319550","KQ053398v1","2623748","2623879","41","21695671"
"JH378115","24412269","24412569","KQ053421v1","5610673","5610968","70","18801596"
"JH378115","24457318","24457611","KQ053421v1","5610673","5610968","75","18846645"
"JH378115","24461538","24461846","KQ055352v1","6003171","6003466","70","18458367"
"JH378115","24481691","24481991","KQ053421v1","5610673","5610968","76","18871018"
"JH378115","24486138","24486435","KQ053421v1","5610673","5610968","64","18875465"
"JH378115","24641800","24641908","KQ055717v1","1610376","1610476","41","23031424"
"JH378115","24673383","24673691","KQ058427v1","7786546","7786853","74","16886837"
"JH378115","24762280","24762584","KQ055267v1","513773","514088","71","24248507"
"JH378115","24828890","24829179","KQ053421v1","5610673","5610968","90","19218217"
"JH378115","24882821","24883147","KQ053421v1","5610673","5610968","93","19272148"
"JH378115","24896946","24897255","KQ055267v1","513773","514088","70","24383173"
"JH378115","24920958","24921268","KQ055267v1","513773","514088","74","24407185"
"JH378115","24986496","24986804","KQ053421v1","5610673","5610968","83","19375823"
"JH378115","24994751","24995051","KQ053421v1","5610673","5610968","71","19384078"
"JH378115","24996854","24997052","KQ053234v1","1679581","1679757","57","23317273"
"JH378115","25017904","25018206","KQ055352v1","6003171","6003466","70","19014733"
"JH378115","25124577","25124875","KQ053421v1","5610673","5610968","69","19513904"
"JH378115","25211517","25211827","KQ058427v1","7786546","7786853","72","17424971"
"JH378115","25220468","25220745","KQ055862v1","1305285","1305561","85","23915183"
"JH378115","25224840","25225132","KQ053421v1","5610673","5610968","69","19614167"
"JH378115","25246795","25247094","KQ053421v1","5610673","5610968","70","19636122"
"JH378115","25304169","25304469","KQ053421v1","5610673","5610968","69","19693496"
"JH378115","25369510","25369804","KQ053421v1","5610673","5610968","69","19758837"
"JH378115","25384094","25384392","KQ053421v1","5610673","5610968","69","19773421"
"JH378115","25385143","25385453","KQ055352v1","6003171","6003466","71","19381972"
"JH378115","25570196","25570506","KQ058427v1","7786546","7786853","78","17783650"
"JH378115","25630025","25630349","KQ053135v1","5034940","5035266","98","20595085"
"JH378115","25638248","25638530","KQ053421v1","5610673","5610968","87","20027575"
"JH378115","25689639","25689940","KQ053421v1","5610673","5610968","90","20078966"
"JH378115","25755908","25756205","KQ053421v1","5610673","5610968","68","20145235"
"JH378115","25777736","25778014","KQ058242v1","595939","596205","78","25181797"
"JH378115","25870215","25870522","KQ055267v1","513773","514088","73","25356442"
"JH378115","25872752","25873063","KQ055352v1","6003171","6003466","71","19869581"
"JH378115","25881379","25881685","KQ053421v1","5610673","5610968","69","20270706"
"JH378115","25991391","25991680","KQ055862v1","1305285","1305561","78","24686106"
"JH378115","25991986","25992290","KQ053421v1","5610673","5610968","69","20381313"
"JH378115","26035481","26035791","KQ055352v1","6003171","6003466","77","20032310"
"JH378115","26096538","26096701","KQ057449v1","1214348","1214489","68","24882190"
"JH378115","26193921","26194221","KQ053421v1","5610673","5610968","70","20583248"
"JH378115","26324343","26324651","KQ055267v1","513773","514088","73","25810570"
"JH378115","26327313","26327618","KQ055267v1","513773","514088","71","25813540"
"JH378115","26354963","26355243","KQ054815v1","2215557","2215844","76","24139406"
"JH378115","26357649","26357960","KQ058427v1","7786546","7786853","74","18571103"
"JH378115","26361839","26362136","KQ053421v1","5610673","5610968","84","20751166"
"JH378115","26407336","26407637","KQ058394v1","9655127","9655422","77","16752209"
"JH378115","26552112","26552410","KQ053421v1","5610673","5610968","86","20941439"
"JH378115","26585080","26585396","KQ053421v1","5610673","5610968","83","20974407"
"JH378115","26752385","26752682","KQ053421v1","5610673","5610968","71","21141712"
"JH378115","26804206","26804339","KQ053398v1","2623748","2623879","37","24180458"
"JH378115","26881739","26882034","KQ053421v1","5610673","5610968","74","21271066"
"JH378115","26897899","26898188","KQ058394v1","9655127","9655422","80","17242772"
"JH378115","26922646","26922944","KQ053421v1","5610673","5610968","73","21311973"
"JH378115","27024258","27024563","KQ055267v1","513773","514088","77","26510485"
"JH378115","27058410","27058704","KQ053421v1","5610673","5610968","72","21447737"
"JH378115","27074429","27074732","KQ058242v1","595939","596205","85","26478490"
"JH378115","27108199","27108512","KQ053421v1","5610673","5610968","85","21497526"
"JH378115","27113057","27113348","KQ053421v1","5610673","5610968","74","21502384"
"JH378115","27124514","27124822","KQ055352v1","6003171","6003466","71","21121343"
"JH378115","27169557","27169837","KQ053421v1","5610673","5610968","84","21558884"
"JH378115","27172702","27172861","KQ053310v1","1983228","1983391","52","25189474"
"JH378115","27193323","27193473","KQ053267v1","1313653","1313811","41","25879670"
"JH378115","27208356","27208636","KQ054815v1","2215557","2215844","73","24992799"
"JH378115","27211237","27211521","KQ054815v1","2215557","2215844","76","24995680"
"JH378115","27230297","27230571","KQ055862v1","1305285","1305561","84","25925012"
"JH378115","27288459","27288759","KQ053421v1","5610673","5610968","74","21677786"
"JH378115","27348958","27349265","KQ055352v1","6003171","6003466","72","21345787"
"JH378115","27425337","27425603","KQ057901v1","868884","869144","91","26556453"
"JH378115","27591331","27591611","KQ053421v1","5610673","5610968","76","21980658"
"JH378115","27594844","27594957","KQ053398v1","2623748","2623879","43","24971096"
"JH378115","27744471","27744782","KQ055267v1","513773","514088","82","27230698"
"JH378115","27778978","27779166","KQ057449v1","1214348","1214489","67","26564630"
"JH378115","27842516","27842607","KQ056235v1","1266284","1266361","35","26576232"
"JH378115","27936211","27936506","KQ054815v1","2215557","2215844","95","25720654"
"JH378115","27967909","27968216","KQ053421v1","5610673","5610968","78","22357236"
"JH378115","28166916","28167225","KQ055267v1","513773","514088","77","27653143"
"JH378115","28289931","28290234","KQ053421v1","5610673","5610968","71","22679258"
"JH378115","28326874","28327175","KQ053421v1","5610673","5610968","73","22716201"
"JH378115","28365120","28365324","KQ058274v1","300327","300497","97","28064793"
"JH378115","28373235","28373430","KQ058423v1","270754","270928","54","28102481"
"JH378115","28468893","28469190","KQ053421v1","5610673","5610968","72","22858220"
"JH378115","28664702","28665010","KQ055352v1","6003171","6003466","75","22661531"
"JH378115","28665011","28665313","KQ055267v1","513773","514088","73","28151238"
"JH378115","28698291","28698499","KQ052982v1","2032903","2033097","51","26665388"
"JH378115","28731608","28731908","KQ053421v1","5610673","5610968","82","23120935"
"JH378115","28779973","28780272","KQ053421v1","5610673","5610968","76","23169300"
"JH378115","28835466","28835768","KQ053421v1","5610673","5610968","68","23224793"
"JH378115","28862544","28862834","KQ053421v1","5610673","5610968","72","23251871"
"JH378115","28908346","28908642","KQ053421v1","5610673","5610968","76","23297673"
"JH378115","28938746","28939035","KQ057186v1","783828","784085","89","28154918"
"JH378115","28987136","28987436","KQ053421v1","5610673","5610968","71","23376463"
"JH378115","29154225","29154531","KQ055267v1","513773","514088","77","28640452"
"JH378115","29224789","29225015","KQ055662v1","1890465","1890674","78","27334324"
"JH378115","29232305","29232510","KQ055662v1","1890465","1890674","68","27341840"
"JH378115","29298552","29298845","KQ053421v1","5610673","5610968","79","23687879"
"JH378115","29300487","29300788","KQ055267v1","513773","514088","83","28786714"
"JH378115","29307144","29307429","KQ058339v1","4553625","4553889","88","24753519"
"JH378115","29422289","29422595","KQ057901v1","868884","869144","97","28553405"
"JH378115","29497369","29497655","KQ053421v1","5610673","5610968","79","23886696"
"JH378115","29594742","29595052","KQ055267v1","513773","514088","74","29080969"
"JH378115","29676542","29676848","KQ055267v1","513773","514088","74","29162769"
"JH378115","29703511","29703797","KQ053421v1","5610673","5610968","81","24092838"
"JH378115","29822376","29822683","KQ055352v1","6003171","6003466","71","23819205"
"JH378115","29826928","29827114","KQ058274v1","300327","300497","50","29526601"
"JH378115","29844330","29844406","KQ058272v1","5924923","5924994","38","23919407"
"JH378115","29955660","29955972","KQ053421v1","5610673","5610968","96","24344987"
"JH378115","29981266","29981569","KQ053141v1","2860","3159","88","29978406"
"JH378115","30154494","30154799","KQ055267v1","513773","514088","84","29640721"
"JH378115","30199307","30199609","KQ053421v1","5610673","5610968","78","24588634"
"JH378115","30247525","30247813","KQ053421v1","5610673","5610968","86","24636852"
"JH378115","30251719","30252027","KQ055267v1","513773","514088","76","29737946"
"JH378115","30265392","30265481","KQ056279v1","759081","759162","31","29506311"
"JH378115","30295292","30295614","KQ058427v1","7786546","7786853","91","22508746"
"JH378115","30354366","30354505","KQ058272v1","5283309","5283400","63","25071057"
"JH378115","30506191","30506344","KQ053398v1","2627781","2627909","50","27878410"
"JH378115","30655705","30656002","KQ053421v1","5610673","5610968","77","25045032"
"JH378115","30693054","30693337","KQ053421v1","5610673","5610968","81","25082381"
"JH378115","30738286","30738594","KQ054815v1","2215557","2215844","94","28522729"
"JH378115","30839164","30839233","KQ056279v1","759081","759162","27","30080083"
"JH378115","30839642","30839692","KQ053234v1","1679807","1679838","28","29159835"
"JH378115","30863594","30863901","KQ058242v1","595939","596205","100","30267655"
"JH378115","30879002","30879219","KQ053234v1","1414405","1414609","70","29464597"
"JH378115","30887924","30888025","KQ053998v1","8863","8933","48","30879061"
"JH378115","30916863","30917167","KQ053421v1","5610673","5610968","76","25306190"
"JH378115","30938162","30938453","KQ053421v1","5610673","5610968","90","25327489"
"JH378115","30943161","30943455","KQ053421v1","5610673","5610968","80","25332488"
"JH378115","30983648","30983943","KQ053421v1","5610673","5610968","91","25372975"
"JH378115","30984090","30984378","KQ053421v1","5610673","5610968","77","25373417"
"JH378115","30997240","30997534","KQ053421v1","5610673","5610968","68","25386567"
"JH378115","31041862","31042154","KQ053421v1","5610673","5610968","78","25431189"
"JH378115","31076816","31077114","KQ053421v1","5610673","5610968","70","25466143"
"JH378115","31077639","31077927","KQ053421v1","5610673","5610968","76","25466966"
"JH378115","31093250","31093372","KQ053398v1","2623748","2623879","36","28469502"
"JH378115","31206521","31206793","KQ058640v1","643463","643729","80","30563058"
"JH378115","31219943","31220227","KQ058242v1","595939","596205","76","30624004"
"JH378115","31221030","31221319","KQ053421v1","5610673","5610968","75","25610357"
"JH378115","31232428","31232519","KQ058316v1","2226037","2226104","40","29006391"
"JH378115","31232904","31233067","KQ053398v1","2623748","2623879","60","28609156"
"JH378115","31241842","31242142","KQ053421v1","5610673","5610968","73","25631169"
"JH378115","31258021","31258322","KQ053421v1","5610673","5610968","70","25647348"
"JH378115","31276991","31277294","KQ053421v1","5610673","5610968","71","25666318"
"JH378115","31293856","31294165","KQ058427v1","7786546","7786853","87","23507310"
"JH378115","31368885","31369167","KQ058339v1","4553625","4553889","82","26815260"
"JH378115","31401749","31401920","KQ053234v1","1679581","1679757","51","29722168"
"JH378115","31420060","31420180","KQ056493v1","2043382","2043488","35","29376678"
"JH378115","31441869","31441999","KQ053398v1","2623748","2623879","38","28818121"
"JH378115","31465718","31465997","KQ058242v1","595939","596205","80","30869779"
"JH378115","31531018","31531292","KQ058339v1","4553625","4553889","94","26977393"
"JH378115","31533878","31534175","KQ053421v1","5610673","5610968","82","25923205"
"JH378115","31539479","31539774","KQ053421v1","5610673","5610968","75","25928806"
"JH378115","31541599","31541895","KQ053421v1","5610673","5610968","81","25930926"
"JH378115","31567016","31567314","KQ053421v1","5610673","5610968","76","25956343"
"JH378115","31578262","31578541","KQ053421v1","5610673","5610968","79","25967589"
"JH378115","31601395","31601705","KQ058427v1","7786546","7786853","84","23814849"
"JH378115","31646494","31646803","KQ055267v1","513773","514088","76","31132721"
"JH378115","31740913","31741152","KQ058242v1","595939","596205","76","31144974"
"JH378115","31749703","31749986","KQ054815v1","2215557","2215844","78","29534146"
"JH378115","31761437","31761745","KQ055352v1","6003171","6003466","70","25758266"
"JH378115","31782847","31783146","KQ053421v1","5610673","5610968","71","26172174"
"JH378115","31820054","31820346","KQ053421v1","5610673","5610968","72","26209381"
"JH378115","31842153","31842457","KQ053421v1","5610673","5610968","74","26231480"
"JH378115","31849683","31849993","KQ053421v1","5610673","5610968","84","26239010"
"JH378115","31929402","31929704","KQ053421v1","5610673","5610968","87","26318729"
"JH378115","31936591","31936763","KQ057821v1","3059321","3059481","42","28877270"
"JH378115","32004940","32005243","KQ053421v1","5610673","5610968","68","26394267"
"JH378115","32007790","32008090","KQ053421v1","5610673","5610968","81","26397117"
"JH378115","32012407","32012695","KQ053421v1","5610673","5610968","87","26401734"
"JH378115","32013271","32013573","KQ058427v1","7786546","7786853","74","24226725"
"JH378115","32056989","32057293","KQ055352v1","6003171","6003466","75","26053818"
"JH378115","32060916","32061219","KQ053421v1","5610673","5610968","68","26450243"
"JH378115","32098661","32098956","KQ053421v1","5610673","5610968","77","26487988"
"JH378115","32107584","32107886","KQ053421v1","5610673","5610968","79","26496911"
"JH378115","32158990","32159283","KQ053421v1","5610673","5610968","75","26548317"
"JH378115","32244451","32244762","KQ055267v1","513773","514088","70","31730678"
"JH378115","32284415","32284726","KQ055267v1","513773","514088","82","31770642"
"JH378115","32286995","32287282","KQ053421v1","5610673","5610968","81","26676322"
"JH378115","32303784","32304082","KQ053421v1","5610673","5610968","72","26693111"
"JH378115","32338351","32338641","KQ053421v1","5610673","5610968","77","26727678"
"JH378115","32487119","32487428","KQ058427v1","7786546","7786853","75","24700573"
"JH378115","32489787","32489966","KQ055140v1","659740","659924","62","31830047"
"JH378115","32495455","32495677","KQ058274v1","300327","300497","82","32195128"
"JH378115","32503952","32504260","KQ058427v1","7786546","7786853","79","24717406"
"JH378115","32546601","32546893","KQ053421v1","5610673","5610968","83","26935928"
"JH378115","32598867","32599167","KQ055267v1","513773","514088","76","32085094"
"JH378115","32625863","32626168","KQ053421v1","5610673","5610968","75","27015190"
"JH378115","32659644","32659761","KQ054401v1","3363241","3363379","48","29296403"
"JH378115","32674367","32674678","KQ053421v1","5610673","5610968","73","27063694"
"JH378115","32743903","32744127","KQ055662v1","1890465","1890674","75","30853438"
"JH378115","32761189","32761535","KQ055267v1","513773","514088","103","32247416"
"JH378115","32886417","32886718","KQ053421v1","5610673","5610968","92","27275744"
"JH378115","32940021","32940248","KQ058274v1","300327","300497","86","32639694"
"JH378115","33003194","33003489","KQ053421v1","5610673","5610968","73","27392521"
"JH378115","33020031","33020320","KQ053421v1","5610673","5610968","83","27409358"
"JH378115","33043574","33043870","KQ053421v1","5610673","5610968","71","27432901"
"JH378115","33055233","33055531","KQ053421v1","5610673","5610968","67","27444560"
"JH378115","33057603","33057912","KQ053421v1","5610673","5610968","76","27446930"
"JH378115","33064903","33065208","KQ053421v1","5610673","5610968","84","27454230"
"JH378115","33079403","33079718","KQ058427v1","7786546","7786853","90","25292857"
"JH378115","33098076","33098441","KQ053059v1","2548766","2549102","129","30549310"
"JH378115","33114806","33115100","KQ053421v1","5610673","5610968","76","27504133"
"JH378115","33152750","33153058","KQ053421v1","5610673","5610968","78","27542077"
"JH378115","33190926","33191247","KQ055267v1","513773","514088","78","32677153"
"JH378115","33207371","33207579","KQ053234v1","1414405","1414609","66","31792966"
"JH378115","33222620","33222913","KQ053421v1","5610673","5610968","81","27611947"
"JH378115","33234578","33234872","KQ053421v1","5610673","5610968","69","27623905"
"JH378115","33236992","33237289","KQ053421v1","5610673","5610968","83","27626319"
"JH378115","33244500","33244790","KQ053421v1","5610673","5610968","78","27633827"
"JH378115","33279815","33280128","KQ058427v1","7786546","7786853","76","25493269"
"JH378115","33469494","33469769","KQ053883v1","6938067","6938331","87","26531427"
"JH378115","33492187","33492457","KQ058339v1","4553625","4553889","77","28938562"
"JH378115","33509074","33509244","KQ058423v1","270754","270928","34","33238320"
"JH378115","33626653","33626960","KQ053421v1","5610673","5610968","71","28015980"
"JH378115","33766893","33767197","KQ053421v1","5610673","5610968","74","28156220"
"JH378115","33828930","33829222","KQ055862v1","1305285","1305561","83","32523645"
"JH378115","33862437","33862733","KQ053421v1","5610673","5610968","68","28251764"
"JH378115","33874221","33874524","KQ055267v1","513773","514088","79","33360448"
"JH378115","33885686","33885993","KQ053421v1","5610673","5610968","72","28275013"
"JH378115","33965320","33965611","KQ053421v1","5610673","5610968","84","28354647"
"JH378115","33998225","33998530","KQ055352v1","6003171","6003466","69","27995054"
"JH378115","34045867","34046169","KQ053421v1","5610673","5610968","80","28435194"
"JH378115","34076827","34077116","KQ053421v1","5610673","5610968","79","28466154"
"JH378115","34105884","34106163","KQ053421v1","5610673","5610968","79","28495211"
"JH378115","34261452","34261723","KQ053421v1","5610673","5610968","84","28650779"
"JH378115","34329675","34329805","KQ053398v1","2623748","2623879","34","31705927"
"JH378115","34335714","34336017","KQ054815v1","2215557","2215844","88","32120157"
"JH378115","34385034","34385317","KQ057186v1","783828","784085","106","33601206"
"JH378115","34397755","34397965","KQ058274v1","300327","300497","74","34097428"
"JH378115","34478992","34479306","KQ053135v1","5034940","5035266","89","29444052"
"JH378115","34480075","34480364","KQ053421v1","5610673","5610968","74","28869402"
"JH378115","34491003","34491290","KQ053421v1","5610673","5610968","79","28880330"
"JH378115","34507695","34508005","KQ058427v1","7786546","7786853","82","26721149"
"JH378115","34527250","34527539","KQ053421v1","5610673","5610968","71","28916577"
"JH378115","34607761","34608063","KQ053421v1","5610673","5610968","75","28997088"
"JH378115","34628674","34628955","KQ054713v1","1437239","1437526","84","33191435"
"JH378115","34653413","34653690","KQ058242v1","595939","596205","79","34057474"
"JH378115","34673571","34673869","KQ053421v1","5610673","5610968","69","29062898"
"JH378115","34677292","34677626","KQ053059v1","2548766","2549102","83","32128526"
"JH378115","34810810","34811093","KQ054815v1","2215557","2215844","76","32595253"
"JH378115","34820766","34821068","KQ055352v1","6003171","6003466","79","28817595"
"JH378115","34836242","34836549","KQ053421v1","5610673","5610968","76","29225569"
"JH378115","34852050","34852356","KQ053421v1","5610673","5610968","72","29241377"
"JH378115","34883534","34883758","KQ055662v1","1890465","1890674","76","32993069"
"JH378115","34919446","34919750","KQ053421v1","5610673","5610968","86","29308773"
"JH378115","34930094","34930421","KQ055267v1","513773","514088","92","34416321"
"JH378115","34957660","34957792","KQ053398v1","2623748","2623879","39","32333912"
"JH378115","34993532","34993790","KQ058242v1","595939","596205","74","34397593"
"JH378115","35031741","35032038","KQ053421v1","5610673","5610968","69","29421068"
"JH378115","35127836","35128090","KQ058242v1","595939","596205","84","34531897"
"JH378115","35230607","35230907","KQ053421v1","5610673","5610968","70","29619934"
"JH378115","35271727","35272021","KQ053421v1","5610673","5610968","70","29661054"
"JH378115","35290349","35290663","KQ053421v1","5610673","5610968","82","29679676"
"JH378115","35294493","35294793","KQ053421v1","5610673","5610968","73","29683820"
"JH378115","35327706","35327953","KQ057901v1","868884","869144","73","34458822"
"JH378115","35354338","35354625","KQ053421v1","5610673","5610968","79","29743665"
"JH378115","35357777","35358056","KQ055352v1","6003171","6003466","79","29354606"
"JH378115","35411568","35411854","KQ053421v1","5610673","5610968","86","29800895"
"JH378115","35427507","35427805","KQ053421v1","5610673","5610968","70","29816834"
"JH378115","35471042","35471332","KQ053421v1","5610673","5610968","83","29860369"
"JH378115","35478032","35478154","KQ053398v1","2623748","2623879","34","32854284"
"JH378115","35508007","35508278","KQ058242v1","595939","596205","84","34912068"
"JH378115","35531316","35531615","KQ053421v1","5610673","5610968","67","29920643"
"JH378115","35534539","35534838","KQ053421v1","5610673","5610968","78","29923866"
"JH378115","35561926","35562239","KQ058427v1","7786546","7786853","76","27775380"
"JH378115","35606979","35607216","KQ055717v1","1610777","1611031","74","33996202"
"JH378115","35607290","35607329","KQ053343v1","1624718","1624766","18","33982572"
"JH378115","35633438","35633743","KQ053421v1","5610673","5610968","79","30022765"
"JH378115","35633745","35633870","KQ053398v1","2623748","2623879","34","33009997"
"JH378115","35671521","35671830","KQ055352v1","6003171","6003466","72","29668350"
"JH378115","35687414","35687708","KQ055862v1","1305285","1305561","79","34382129"
"JH378115","35692472","35692763","KQ053421v1","5610673","5610968","85","30081799"
"JH378115","35703863","35704147","KQ058242v1","595939","596205","78","35107924"
"JH378115","35773768","35774052","KQ053421v1","5610673","5610968","75","30163095"
"JH378115","35798132","35798426","KQ058427v1","7786546","7786853","79","28011586"
"JH378115","35812554","35812845","KQ053421v1","5610673","5610968","76","30201881"
"JH378115","35941522","35941836","KQ058427v1","7786546","7786853","81","28154976"
"JH378115","35954613","35954916","KQ053421v1","5610673","5610968","90","30343940"
"JH378115","36058963","36059274","KQ053421v1","5610673","5610968","77","30448290"
"JH378115","36247153","36247436","KQ053421v1","5610673","5610968","82","30636480"
"JH378115","36290594","36290898","KQ053421v1","5610673","5610968","73","30679921"
"JH378115","36447065","36447104","KQ057781v1","1046874","1046906","21","35400191"
"JH378115","36447193","36447404","KQ052982v1","2032903","2033097","57","34414290"
"JH378115","36458158","36458343","KQ058427v1","11113103","11113283","51","25345055"
"JH378115","36689178","36689468","KQ053421v1","5610673","5610968","86","31078505"
"JH378115","36899940","36900240","KQ053421v1","5610673","5610968","74","31289267"
"JH378115","37062280","37062583","KQ053421v1","5610673","5610968","77","31451607"
"JH378115","37276961","37277156","KQ058594v1","5950443","5950621","79","31326518"
"JH378115","37284335","37284626","KQ053421v1","5610673","5610968","78","31673662"
"JH378115","37319396","37319685","KQ053421v1","5610673","5610968","74","31708723"
"JH378115","37326025","37326319","KQ053421v1","5610673","5610968","71","31715352"
"JH378115","37349654","37349942","KQ053421v1","5610673","5610968","84","31738981"
"JH378115","37364705","37365004","KQ053421v1","5610673","5610968","68","31754032"
"JH378115","37415126","37415436","KQ053421v1","5610673","5610968","77","31804453"
"JH378115","37646238","37646533","KQ053421v1","5610673","5610968","80","32035565"
"JH378115","37779640","37779937","KQ053421v1","5610673","5610968","73","32168967"
"JH378115","37894772","37895073","KQ053421v1","5610673","5610968","66","32284099"
"JH378115","38078324","38078636","KQ055267v1","513773","514088","97","37564551"
"JH378115","38100831","38100931","KQ055579v1","54828","54918","36","38046003"
"JH378115","38131886","38132196","KQ055267v1","513773","514088","76","37618113"
"JH378115","38150611","38150907","KQ053421v1","5610673","5610968","70","32539938"
"JH378115","38495622","38495902","KQ053421v1","5610673","5610968","82","32884949"
"JH378115","38537002","38537296","KQ058427v1","7786546","7786853","81","30750456"
"JH378115","38617398","38617695","KQ053421v1","5610673","5610968","69","33006725"
"JH378115","38805580","38805888","KQ055267v1","513773","514088","75","38291807"
"JH378115","38863461","38863568","KQ053998v1","8863","8933","47","38854598"
"JH378115","39041133","39041427","KQ053421v1","5610673","5610968","76","33430460"
"JH378115","39047321","39047622","KQ053421v1","5610673","5610968","70","33436648"
"JH378115","39131224","39131524","KQ053421v1","5610673","5610968","70","33520551"
"JH378115","39131662","39131973","KQ055267v1","513773","514088","75","38617889"
"JH378115","39165479","39165774","KQ053421v1","5610673","5610968","69","33554806"
"JH378115","39168367","39168665","KQ053421v1","5610673","5610968","76","33557694"
"JH378115","39195984","39196291","KQ053421v1","5610673","5610968","71","33585311"
"JH378115","39201948","39202254","KQ055352v1","6003171","6003466","70","33198777"
"JH378115","39205837","39206138","KQ053421v1","5610673","5610968","66","33595164"
"JH378115","39208031","39208296","KQ057901v1","868884","869144","82","38339147"
"JH378115","39224296","39224604","KQ053421v1","5610673","5610968","74","33613623"
"JH378115","39244644","39244955","KQ055352v1","6003171","6003466","74","33241473"
"JH378115","39276476","39276776","KQ053421v1","5610673","5610968","69","33665803"
"JH378115","39307653","39307722","KQ053643v1","266385","266442","26","39041268"
"JH378115","39322116","39322402","KQ053421v1","5610673","5610968","84","33711443"
"JH378115","39412009","39412300","KQ053421v1","5610673","5610968","81","33801336"
"JH378115","39425580","39425907","KQ058427v1","7786546","7786853","94","31639034"
"JH378115","39452902","39453201","KQ053421v1","5610673","5610968","69","33842229"
"JH378115","39529360","39529659","KQ053421v1","5610673","5610968","71","33918687"
"JH378115","39732717","39733017","KQ053421v1","5610673","5610968","69","34122044"
"JH378115","39910493","39910788","KQ053421v1","5610673","5610968","73","34299820"
"JH378115","40017536","40017843","KQ053421v1","5610673","5610968","85","34406863"
"JH378115","40111800","40112098","KQ053421v1","5610673","5610968","72","34501127"
"JH378115","40225775","40226079","KQ053421v1","5610673","5610968","69","34615102"
"JH378115","40295833","40296130","KQ053421v1","5610673","5610968","78","34685160"
"JH378115","40355313","40355624","KQ055267v1","513773","514088","72","39841540"
"JH378115","40410788","40411093","KQ055352v1","6003171","6003466","72","34407617"
"JH378115","40469002","40469201","KQ053234v1","1679581","1679757","53","38789421"
"JH378115","40526824","40527130","KQ055352v1","6003171","6003466","72","34523653"
"JH378115","40568858","40569153","KQ053421v1","5610673","5610968","70","34958185"
"JH378115","40593851","40594150","KQ053421v1","5610673","5610968","105","34983178"
"JH378115","40632391","40632660","KQ055862v1","1305285","1305561","74","39327106"
"JH378115","40882745","40883059","KQ055352v1","6003171","6003466","74","34879574"
"JH378115","40978391","40978698","KQ055352v1","6003171","6003466","68","34975220"
"JH378115","41137373","41137668","KQ058427v1","7786546","7786853","96","33350827"
"JH378115","41275582","41275862","KQ053883v1","6938067","6938331","99","34337515"
"JH378115","41579125","41579414","KQ058640v1","643463","643729","88","40935662"
"JH378115","41752991","41753301","KQ053421v1","5610673","5610968","74","36142318"
"JH378115","41755154","41755437","KQ053421v1","5610673","5610968","88","36144481"
"JH378115","41797833","41798138","KQ053421v1","5610673","5610968","80","36187160"
"JH378115","42109639","42109953","KQ053421v1","5610673","5610968","84","36498966"
"JH378115","42119047","42119391","KQ055352v1","6003171","6003466","160","36115876"
"JH378115","42180254","42180548","KQ053421v1","5610673","5610968","74","36569581"
"JH378115","42275189","42275481","KQ058505v1","2207051","2207301","113","40068138"
"JH378115","42330909","42331121","KQ058274v1","300327","300497","75","42030582"
"JH378115","42400878","42401164","KQ053421v1","5610673","5610968","76","36790205"
"JH378115","42407001","42407275","KQ058242v1","595939","596205","81","41811062"
"JH378115","42566185","42566474","KQ053421v1","5610673","5610968","72","36955512"
"JH378115","42585266","42585588","KQ053059v1","2548766","2549102","111","40036500"
"JH378115","42710086","42710398","KQ055267v1","513773","514088","74","42196313"
"JH378115","42725508","42725813","KQ053421v1","5610673","5610968","80","37114835"
"JH378115","42910098","42910407","KQ055352v1","6003171","6003466","73","36906927"
"JH378115","42938499","42938768","KQ053421v1","5610673","5610968","89","37327826"
"JH378115","42948878","42949189","KQ055267v1","513773","514088","77","42435105"
"JH378115","42962781","42963023","KQ058505v1","2207051","2207301","88","40755730"
"JH378115","43030565","43030873","KQ055267v1","513773","514088","71","42516792"
"JH378115","43154494","43154785","KQ053421v1","5610673","5610968","72","37543821"
"JH378115","43321913","43322238","KQ053421v1","5610673","5610968","84","37711240"
"JH378115","43365686","43365990","KQ055352v1","6003171","6003466","73","37362515"
"JH378115","43474292","43474590","KQ053421v1","5610673","5610968","72","37863619"
"JH378115","43498707","43498812","KQ057781v1","1047045","1047171","39","42451662"
"JH378115","43534932","43535073","KQ053004v1","3064551","3064681","41","40470381"
"JH378115","43559549","43559866","KQ055267v1","513773","514088","88","43045776"
"JH378115","43689332","43689661","KQ055267v1","513773","514088","93","43175559"
"JH378115","43760860","43761159","KQ053421v1","5610673","5610968","64","38150187"
"JH378116","35126996","35127305","KQ055352v1","6003171","6003466","73","29123825"
"JH378116","35755","36056","KQ053421v1","5610673","5610968","73","5574918"
"JH378116","38198","38497","KQ053421v1","5610673","5610968","73","5572475"
"JH378116","61376","61681","KQ053421v1","5610673","5610968","72","5549297"
"JH378116","115640","115932","KQ053421v1","5610673","5610968","76","5495033"
"JH378116","199940","200244","KQ053421v1","5610673","5610968","76","5410733"
"JH378116","216407","216711","KQ053421v1","5610673","5610968","68","5394266"
"JH378116","249627","249927","KQ053421v1","5610673","5610968","76","5361046"
"JH378116","252455","252726","KQ053883v1","6938067","6938331","86","6685612"
"JH378116","334727","335021","KQ053421v1","5610673","5610968","84","5275946"
"JH378116","569599","569907","KQ058427v1","7786546","7786853","73","7216947"
"JH378116","584551","584842","KQ053421v1","5610673","5610968","74","5026122"
"JH378116","666086","666425","KQ053059v1","2548766","2549102","111","1882680"
"JH378116","744493","744796","KQ053421v1","5610673","5610968","69","4866180"
"JH378116","766623","766932","KQ055352v1","6003171","6003466","70","5236548"
"JH378116","769553","769826","KQ058242v1","595939","596205","80","173614"
"JH378116","785829","786129","KQ053421v1","5610673","5610968","73","4824844"
"JH378116","795549","795848","KQ053421v1","5610673","5610968","76","4815124"
"JH378116","798108","798399","KQ053421v1","5610673","5610968","75","4812565"
"JH378116","820198","820494","KQ053421v1","5610673","5610968","82","4790475"
"JH378116","823087","823387","KQ055862v1","1305285","1305561","74","482198"
"JH378116","828777","828897","KQ053398v1","2623748","2623879","41","1794971"
"JH378116","831354","831659","KQ055267v1","513773","514088","87","317581"
"JH378116","845245","845334","KQ056279v1","759081","759162","24","86164"
"JH378116","856344","856517","KQ054954v1","1680710","1680882","43","824366"
"JH378116","895511","895826","KQ055267v1","513773","514088","84","381738"
"JH378116","932122","932419","KQ053421v1","5610673","5610968","77","4678551"
"JH378116","967307","967594","KQ053421v1","5610673","5610968","75","4643366"
"JH378116","1016520","1016834","KQ055267v1","513773","514088","83","502747"
"JH378116","1020730","1021014","KQ055862v1","1305285","1305561","80","284555"
"JH378116","1022044","1022331","KQ055717v1","1610777","1611031","95","588733"
"JH378116","1042876","1043165","KQ053421v1","5610673","5610968","81","4567797"
"JH378116","1082250","1082565","KQ055267v1","513773","514088","85","568477"
"JH378116","1145798","1146096","KQ053421v1","5610673","5610968","74","4464875"
"JH378116","1238605","1238908","KQ053421v1","5610673","5610968","82","4372068"
"JH378116","1381912","1381953","KQ053816v1","7360036","7360073","21","5978124"
"JH378116","1500864","1501169","KQ057186v1","783828","784085","101","717036"
"JH378116","1723095","1723376","KQ058427v1","7786546","7786853","90","6063451"
"JH378116","1731647","1731931","KQ054815v1","2215557","2215844","80","483910"
"JH378116","1747856","1747982","KQ053398v1","2623748","2623879","41","875892"
"JH378116","1886175","1886461","KQ053421v1","5610673","5610968","80","3724498"
"JH378116","1905995","1906292","KQ053421v1","5610673","5610968","71","3704678"
"JH378116","1964858","1965142","KQ053421v1","5610673","5610968","83","3645815"
"JH378116","1977445","1977737","KQ053421v1","5610673","5610968","76","3633228"
"JH378116","2102769","2103074","KQ055352v1","6003171","6003466","72","3900402"
"JH378116","2256134","2256414","KQ053421v1","5610673","5610968","82","3354539"
"JH378116","2339771","2340061","KQ053421v1","5610673","5610968","69","3270902"
"JH378116","2373428","2373727","KQ053421v1","5610673","5610968","70","3237245"
"JH378116","2404769","2405064","KQ053421v1","5610673","5610968","69","3205904"
"JH378116","2843609","2843821","KQ055662v1","1890465","1890674","67","953144"
"JH378116","2934799","2935109","KQ053421v1","5610673","5610968","85","2675874"
"JH378116","3082835","3083014","KQ054179v1","3404435","3404595","53","321600"
"JH378116","3083566","3083621","KQ053883v1","4947532","4947574","27","1863966"
"JH378116","3151743","3152035","KQ053421v1","5610673","5610968","72","2458930"
"JH378116","3343359","3343670","KQ055352v1","6003171","6003466","71","2659812"
"JH378116","3495302","3495587","KQ053421v1","5610673","5610968","94","2115371"
"JH378116","3548278","3548589","KQ055352v1","6003171","6003466","74","2454893"
"JH378116","3557694","3558005","KQ055267v1","513773","514088","78","3043921"
"JH378116","3583814","3583961","KQ052968v1","13665640","13665790","53","10081826"
"JH378116","3603180","3603460","KQ054815v1","2215557","2215844","78","1387623"
"JH378116","3647038","3647342","KQ058427v1","7786546","7786853","86","4139508"
"JH378116","3741256","3741550","KQ058242v1","595939","596205","94","3145317"
"JH378116","3767785","3768102","KQ053421v1","5610673","5610968","89","1842888"
"JH378116","3839750","3840054","KQ055352v1","6003171","6003466","74","2163421"
"JH378116","3978323","3978668","KQ055267v1","513773","514088","114","3464550"
"JH378116","4089022","4089313","KQ058242v1","595939","596205","75","3493083"
"JH378116","4121226","4121532","KQ055352v1","6003171","6003466","71","1881945"
"JH378116","4288309","4288609","KQ053421v1","5610673","5610968","66","1322364"
"JH378116","4435844","4436154","KQ055267v1","513773","514088","71","3922071"
"JH378116","4548483","4548787","KQ058427v1","7786546","7786853","78","3238063"
"JH378116","4587555","4587854","KQ053421v1","5610673","5610968","70","1023118"
"JH378116","4721901","4722211","KQ055267v1","513773","514088","73","4208128"
"JH378116","4738837","4739131","KQ053421v1","5610673","5610968","69","871836"
"JH378116","4778872","4779171","KQ053421v1","5610673","5610968","72","831801"
"JH378116","4804746","4805058","KQ055352v1","6003171","6003466","71","1198425"
"JH378116","4809010","4809311","KQ053421v1","5610673","5610968","72","801663"
"JH378116","4839304","4839614","KQ053421v1","5610673","5610968","74","771369"
"JH378116","4982892","4983192","KQ058427v1","7786546","7786853","86","2803654"
"JH378116","4998591","4998755","KQ055914v1","670963","671119","45","4327628"
"JH378116","5057512","5057839","KQ053421v1","5610673","5610968","83","553161"
"JH378116","5187599","5187876","KQ058427v1","6786866","6787134","86","1599267"
"JH378116","5223250","5223540","KQ053421v1","5610673","5610968","81","387423"
"JH378116","5396521","5396826","KQ055352v1","6003171","6003466","70","606650"
"JH378116","5635163","5635472","KQ055267v1","513773","514088","75","5121390"
"JH378116","5652681","5652992","KQ058427v1","7786546","7786853","71","2133865"
"JH378116","5722387","5722688","KQ055267v1","513773","514088","89","5208614"
"JH378116","5797253","5797562","KQ055352v1","6003171","6003466","77","205918"
"JH378116","5851611","5851921","KQ055267v1","513773","514088","73","5337838"
"JH378116","5856752","5857061","KQ058427v1","7786546","7786853","89","1929794"
"JH378116","5983659","5983800","KQ056493v1","2043382","2043488","61","3940277"
"JH378116","6013758","6014062","KQ053421v1","5610673","5610968","74","403085"
"JH378116","6096704","6096966","KQ057901v1","868884","869144","86","5227820"
"JH378116","6114754","6115041","KQ053421v1","5610673","5610968","88","504081"
"JH378116","6312245","6312517","KQ055862v1","1305285","1305561","89","5006960"
"JH378116","6466320","6466620","KQ053421v1","5610673","5610968","75","855647"
"JH378116","6528837","6529146","KQ055267v1","513773","514088","75","6015064"
"JH378116","6551063","6551366","KQ053421v1","5610673","5610968","71","940390"
"JH378116","6752015","6752319","KQ055352v1","6003171","6003466","73","748844"
"JH378116","6901189","6901517","KQ055352v1","6003171","6003466","92","898018"
"JH378116","6953379","6953676","KQ053421v1","5610673","5610968","85","1342706"
"JH378116","7131345","7131630","KQ053421v1","5610673","5610968","71","1520672"
"JH378116","7170435","7170743","KQ055267v1","513773","514088","70","6656662"
"JH378116","7179440","7179732","KQ053421v1","5610673","5610968","75","1568767"
"JH378116","7190817","7191109","KQ053421v1","5610673","5610968","75","1580144"
"JH378116","7222114","7222412","KQ053421v1","5610673","5610968","74","1611441"
"JH378116","7251380","7251672","KQ053421v1","5610673","5610968","75","1640707"
"JH378116","7288977","7289314","KQ053059v1","2548766","2549102","92","4740211"
"JH378116","7317328","7317633","KQ053421v1","5610673","5610968","82","1706655"
"JH378116","7337841","7338130","KQ053421v1","5610673","5610968","78","1727168"
"JH378116","7395112","7395418","KQ055267v1","513773","514088","74","6881339"
"JH378116","7532485","7532606","KQ053398v1","2623748","2623879","42","4908737"
"JH378116","7695324","7695615","KQ053421v1","5610673","5610968","86","2084651"
"JH378116","7726432","7726728","KQ053421v1","5610673","5610968","71","2115759"
"JH378116","7755522","7755825","KQ053421v1","5610673","5610968","70","2144849"
"JH378116","7786225","7786529","KQ058427v1","7786546","7786853","81","321"
"JH378116","7879373","7879680","KQ055352v1","6003171","6003466","72","1876202"
"JH378116","8030218","8030526","KQ055352v1","6003171","6003466","70","2027047"
"JH378116","8057442","8057760","KQ053421v1","5610673","5610968","98","2446769"
"JH378116","8282593","8282895","KQ053421v1","5610673","5610968","69","2671920"
"JH378116","8369847","8370158","KQ055352v1","6003171","6003466","75","2366676"
"JH378116","8643508","8643817","KQ053421v1","5610673","5610968","73","3032835"
"JH378116","8887859","8888161","KQ053421v1","5610673","5610968","77","3277186"
"JH378116","8895428","8895731","KQ053421v1","5610673","5610968","75","3284755"
"JH378116","9285709","9286004","KQ055267v1","513773","514088","81","8771936"
"JH378116","9402892","9403182","KQ053421v1","5610673","5610968","74","3792219"
"JH378116","9446881","9447180","KQ053421v1","5610673","5610968","67","3836208"
"JH378116","9517260","9517558","KQ053421v1","5610673","5610968","71","3906587"
"JH378116","9557782","9558089","KQ055352v1","6003171","6003466","70","3554611"
"JH378116","9584311","9584605","KQ053421v1","5610673","5610968","65","3973638"
"JH378116","9640533","9640772","KQ057186v1","783828","784085","76","8856705"
"JH378116","9761046","9761350","KQ055352v1","6003171","6003466","67","3757875"
"JH378116","10182683","10182979","KQ053421v1","5610673","5610968","79","4572010"
"JH378116","10326178","10326460","KQ053785v1","888769","889063","77","9437409"
"JH378116","10518213","10518396","KQ058274v1","300327","300497","47","10217886"
"JH378116","10527591","10527890","KQ053421v1","5610673","5610968","73","4916918"
"JH378116","10569453","10569580","KQ053398v1","2623748","2623879","33","7945705"
"JH378116","10634134","10634399","KQ056321v1","575951","576190","89","10058183"
"JH378116","10648799","10648922","KQ053398v1","2623748","2623879","36","8025051"
"JH378116","10695222","10695511","KQ053421v1","5610673","5610968","76","5084549"
"JH378116","10722350","10722645","KQ053421v1","5610673","5610968","79","5111677"
"JH378116","10740949","10741126","KQ058423v1","270754","270928","48","10470195"
"JH378116","10748060","10748320","KQ058242v1","595939","596205","78","10152121"
"JH378116","10805964","10806274","KQ053421v1","5610673","5610968","88","5195291"
"JH378116","10981973","10982227","KQ055717v1","1610777","1611031","82","9371196"
"JH378116","11000094","11000390","KQ053421v1","5610673","5610968","79","5389421"
"JH378116","11035630","11035928","KQ055862v1","1305285","1305561","70","9730345"
"JH378116","11048173","11048443","KQ053421v1","5610673","5610968","87","5437500"
"JH378116","11056835","11057129","KQ053421v1","5610673","5610968","64","5446162"
"JH378116","11060842","11061147","KQ055267v1","513773","514088","74","10547069"
"JH378116","11139509","11139815","KQ053421v1","5610673","5610968","78","5528836"
"JH378116","11256684","11256975","KQ053785v1","888769","889063","91","10367915"
"JH378116","11312947","11313238","KQ055267v1","513773","514088","73","10799174"
"JH378116","11348970","11349278","KQ053421v1","5610673","5610968","71","5738297"
"JH378116","11362292","11362601","KQ055352v1","6003171","6003466","72","5359121"
"JH378116","11376827","11377119","KQ053421v1","5610673","5610968","71","5766154"
"JH378116","11463433","11463688","KQ053883v1","6938067","6938331","73","4525366"
"JH378116","11530706","11531005","KQ053421v1","5610673","5610968","84","5920033"
"JH378116","11555312","11555625","KQ053421v1","5610673","5610968","86","5944639"
"JH378116","11603740","11604050","KQ053421v1","5610673","5610968","84","5993067"
"JH378116","11623255","11623566","KQ055267v1","513773","514088","76","11109482"
"JH378116","11624185","11624490","KQ058427v1","7786546","7786853","79","3837639"
"JH378116","11944160","11944443","KQ058640v1","643463","643729","88","11300697"
"JH378116","12016281","12016419","KQ053398v1","2623748","2623879","39","9392533"
"JH378116","12242424","12242734","KQ058427v1","7786546","7786853","71","4455878"
"JH378116","12250410","12250717","KQ055267v1","513773","514088","68","11736637"
"JH378116","12334168","12334499","KQ055267v1","513773","514088","94","11820395"
"JH378116","12436988","12437294","KQ055352v1","6003171","6003466","70","6433817"
"JH378116","12666156","12666453","KQ053421v1","5610673","5610968","72","7055483"
"JH378116","12691782","12692093","KQ058427v1","7786546","7786853","80","4905236"
"JH378116","12787910","12788200","KQ055862v1","1305285","1305561","74","11482625"
"JH378116","12926466","12926773","KQ055267v1","513773","514088","71","12412693"
"JH378116","12926830","12927127","KQ053421v1","5610673","5610968","71","7316157"
"JH378116","13029786","13030103","KQ053421v1","5610673","5610968","82","7419113"
"JH378116","13030265","13030571","KQ058427v1","7786546","7786853","76","5243719"
"JH378116","13065598","13065878","KQ058339v1","4553625","4553889","88","8511973"
"JH378116","13145987","13146297","KQ053421v1","5610673","5610968","82","7535314"
"JH378116","13322198","13322446","KQ058242v1","595939","596205","79","12726259"
"JH378116","13447630","13447941","KQ055352v1","6003171","6003466","74","7444459"
"JH378116","13516719","13517030","KQ055267v1","513773","514088","76","13002946"
"JH378116","13706110","13706416","KQ055267v1","513773","514088","78","13192337"
"JH378116","13839567","13839872","KQ053421v1","5610673","5610968","69","8228894"
"JH378116","13918359","13918656","KQ058427v1","7786546","7786853","85","6131813"
"JH378116","13940828","13941119","KQ053421v1","5610673","5610968","73","8330155"
"JH378116","14125123","14125421","KQ053421v1","5610673","5610968","70","8514450"
"JH378116","14128525","14128815","KQ053421v1","5610673","5610968","82","8517852"
"JH378116","14154200","14154481","KQ058242v1","595939","596205","70","13558261"
"JH378116","14186892","14187152","KQ058505v1","2207051","2207301","82","11979841"
"JH378116","14200903","14201182","KQ053421v1","5610673","5610968","82","8590230"
"JH378116","14245919","14246224","KQ053421v1","5610673","5610968","83","8635246"
"JH378116","14256479","14256751","KQ058242v1","595939","596205","71","13660540"
"JH378116","14305143","14305259","KQ056493v1","2043382","2043488","34","12261761"
"JH378116","14371625","14371927","KQ053421v1","5610673","5610968","87","8760952"
"JH378116","14376848","14377155","KQ058427v1","7786546","7786853","79","6590302"
"JH378116","14381636","14381920","KQ054713v1","1437239","1437526","105","12944397"
"JH378116","14389164","14389442","KQ058427v1","7786546","7786853","100","6602618"
"JH378116","14421459","14421745","KQ053421v1","5610673","5610968","82","8810786"
"JH378116","14431917","14432229","KQ053421v1","5610673","5610968","81","8821244"
"JH378116","14458121","14458324","KQ056064v1","326763","326940","79","14131358"
"JH378116","14458517","14458810","KQ053421v1","5610673","5610968","85","8847844"
"JH378116","14492931","14493228","KQ053421v1","5610673","5610968","78","8882258"
"JH378116","14513587","14513884","KQ053421v1","5610673","5610968","69","8902914"
"JH378116","14532820","14533113","KQ053421v1","5610673","5610968","68","8922147"
"JH378116","14544500","14544810","KQ053421v1","5610673","5610968","73","8933827"
"JH378116","14554195","14554478","KQ053421v1","5610673","5610968","79","8943522"
"JH378116","14556214","14556518","KQ055352v1","6003171","6003466","71","8553043"
"JH378116","14624385","14624686","KQ053421v1","5610673","5610968","74","9013712"
"JH378116","14625735","14626045","KQ055267v1","513773","514088","74","14111962"
"JH378116","14660071","14660349","KQ055267v1","513773","514088","92","14146298"
"JH378116","14666425","14666723","KQ053421v1","5610673","5610968","70","9055752"
"JH378116","14745719","14746031","KQ055352v1","6003171","6003466","77","8742548"
"JH378116","14753200","14753511","KQ058427v1","7786546","7786853","77","6966654"
"JH378116","14887639","14887932","KQ053421v1","5610673","5610968","67","9276966"
"JH378116","14897782","14898092","KQ058427v1","7786546","7786853","85","7111236"
"JH378116","15105816","15106127","KQ055267v1","513773","514088","72","14592043"
"JH378116","15107726","15108006","KQ053421v1","5610673","5610968","79","9497053"
"JH378116","15245025","15245308","KQ053421v1","5610673","5610968","94","9634352"
"JH378116","15261193","15261502","KQ055267v1","513773","514088","80","14747420"
"JH378116","15261896","15262202","KQ058427v1","7786546","7786853","92","7475350"
"JH378116","15661506","15661759","KQ058640v1","643463","643729","71","15018043"
"JH378116","15925852","15926158","KQ054815v1","2215557","2215844","102","13710295"
"JH378116","16043951","16044261","KQ058427v1","7786546","7786853","82","8257405"
"JH378116","16044276","16044575","KQ053421v1","5610673","5610968","76","10433603"
"JH378116","16159421","16159676","KQ058242v1","595939","596205","66","15563482"
"JH378116","16223006","16223315","KQ055352v1","6003171","6003466","75","10219835"
"JH378116","16249113","16249418","KQ053421v1","5610673","5610968","79","10638440"
"JH378116","16270332","16270627","KQ053421v1","5610673","5610968","73","10659659"
"JH378116","16289514","16289809","KQ053421v1","5610673","5610968","70","10678841"
"JH378116","16298941","16299246","KQ055267v1","513773","514088","82","15785168"
"JH378116","16301012","16301315","KQ055267v1","513773","514088","90","15787239"
"JH378116","16403414","16403727","KQ053421v1","5610673","5610968","77","10792741"
"JH378116","16411037","16411336","KQ053421v1","5610673","5610968","70","10800364"
"JH378116","16609435","16609730","KQ053421v1","5610673","5610968","79","10998762"
"JH378116","16678563","16678873","KQ058427v1","7786546","7786853","74","8892017"
"JH378116","16878931","16879237","KQ053421v1","5610673","5610968","82","11268258"
"JH378116","16917058","16917364","KQ053421v1","5610673","5610968","73","11306385"
"JH378116","16930729","16931025","KQ053421v1","5610673","5610968","86","11320056"
"JH378116","16961783","16962061","KQ053421v1","5610673","5610968","85","11351110"
"JH378116","16972524","16972811","KQ055352v1","6003171","6003466","84","10969353"
"JH378116","17001549","17001840","KQ053421v1","5610673","5610968","85","11390876"
"JH378116","17092379","17092684","KQ053421v1","5610673","5610968","77","11481706"
"JH378116","17408465","17408745","KQ053421v1","5610673","5610968","84","11797792"
"JH378116","17424276","17424584","KQ053421v1","5610673","5610968","81","11813603"
"JH378116","17435033","17435318","KQ053421v1","5610673","5610968","71","11824360"
"JH378116","17512261","17512557","KQ053421v1","5610673","5610968","72","11901588"
"JH378116","17807914","17808206","KQ053421v1","5610673","5610968","73","12197241"
"JH378116","17827616","17827919","KQ053421v1","5610673","5610968","74","12216943"
"JH378116","17896306","17896599","KQ053421v1","5610673","5610968","71","12285633"
"JH378116","17936463","17936751","KQ054815v1","2215557","2215844","86","15720906"
"JH378116","17943349","17943654","KQ055267v1","513773","514088","71","17429576"
"JH378116","18055449","18055759","KQ055267v1","513773","514088","81","17541676"
"JH378116","18106863","18107168","KQ055352v1","6003171","6003466","68","12103692"
"JH378116","18178499","18178782","KQ053421v1","5610673","5610968","88","12567826"
"JH378116","18255245","18255541","KQ053421v1","5610673","5610968","73","12644572"
"JH378116","18331427","18331722","KQ055352v1","6003171","6003466","90","12328256"
"JH378116","18434865","18435165","KQ058427v1","7786546","7786853","84","10648319"
"JH378116","18453180","18453465","KQ053421v1","5610673","5610968","88","12842507"
"JH378116","18565583","18565894","KQ055352v1","6003171","6003466","72","12562412"
"JH378116","18662263","18662563","KQ053421v1","5610673","5610968","71","13051590"
"JH378116","18668221","18668519","KQ055352v1","6003171","6003466","85","12665050"
"JH378116","18746649","18746963","KQ053059v1","2548766","2549102","89","16197883"
"JH378116","18753544","18753837","KQ053421v1","5610673","5610968","68","13142871"
"JH378116","18812436","18812737","KQ053421v1","5610673","5610968","68","13201763"
"JH378116","18972728","18973029","KQ053421v1","5610673","5610968","71","13362055"
"JH378116","19116922","19117230","KQ055352v1","6003171","6003466","69","13113751"
"JH378116","19142690","19142998","KQ055267v1","513773","514088","73","18628917"
"JH378116","19246096","19246414","KQ058427v1","7786546","7786853","95","11459550"
"JH378116","19392640","19392955","KQ055352v1","6003171","6003466","78","13389469"
"JH378116","19451003","19451314","KQ053421v1","5610673","5610968","72","13840330"
"JH378116","19471467","19471779","KQ053421v1","5610673","5610968","86","13860794"
"JH378116","19524498","19524804","KQ058427v1","7786546","7786853","85","11737952"
"JH378116","19547435","19547744","KQ055352v1","6003171","6003466","73","13544264"
"JH378116","19581690","19581920","KQ054068v1","3638075","3638299","68","15943615"
"JH378116","19597608","19597822","KQ058274v1","300327","300497","76","19297281"
"JH378116","19598871","19598977","KQ056493v1","2043382","2043488","31","17555489"
"JH378116","19623746","19624057","KQ055352v1","6003171","6003466","71","13620575"
"JH378116","19630679","19630965","KQ053421v1","5610673","5610968","76","14020006"
"JH378116","19655243","19655532","KQ053421v1","5610673","5610968","78","14044570"
"JH378116","19698783","19699086","KQ053421v1","5610673","5610968","68","14088110"
"JH378116","19701934","19702245","KQ053421v1","5610673","5610968","72","14091261"
"JH378116","19728399","19728680","KQ053421v1","5610673","5610968","86","14117726"
"JH378116","19752792","19753083","KQ053421v1","5610673","5610968","88","14142119"
"JH378116","19753477","19753724","KQ058242v1","595939","596205","90","19157538"
"JH378116","19773096","19773210","KQ055717v1","1610376","1610476","44","18162720"
"JH378116","19803769","19804069","KQ053421v1","5610673","5610968","71","14193096"
"JH378116","19814807","19815102","KQ053421v1","5610673","5610968","73","14204134"
"JH378116","19821414","19821723","KQ055267v1","513773","514088","77","19307641"
"JH378116","19838882","19839202","KQ055267v1","513773","514088","79","19325109"
"JH378116","19858842","19859151","KQ055267v1","513773","514088","80","19345069"
"JH378116","19868795","19869104","KQ055267v1","513773","514088","74","19355022"
"JH378116","19883240","19883526","KQ053421v1","5610673","5610968","70","14272567"
"JH378116","19957391","19957691","KQ053421v1","5610673","5610968","63","14346718"
"JH378116","19972178","19972469","KQ053421v1","5610673","5610968","83","14361505"
"JH378116","19992716","19992977","KQ058505v1","2207051","2207301","76","17785665"
"JH378116","20011307","20011604","KQ053421v1","5610673","5610968","67","14400634"
"JH378116","20104547","20104848","KQ053421v1","5610673","5610968","74","14493874"
"JH378116","20168393","20168673","KQ058640v1","643463","643729","80","19524930"
"JH378116","20177266","20177576","KQ053421v1","5610673","5610968","86","14566593"
"JH378116","20290213","20290510","KQ053421v1","5610673","5610968","74","14679540"
"JH378116","20317120","20317385","KQ057186v1","783828","784085","75","19533292"
"JH378116","20543137","20543441","KQ055267v1","513773","514088","73","20029364"
"JH378116","20586663","20586921","KQ058505v1","2207051","2207301","88","18379612"
"JH378116","20614757","20615056","KQ053421v1","5610673","5610968","74","15004084"
"JH378116","20743489","20743746","KQ055717v1","1610777","1611031","79","19132712"
"JH378116","20817622","20817925","KQ053421v1","5610673","5610968","72","15206949"
"JH378116","20978076","20978380","KQ053421v1","5610673","5610968","70","15367403"
"JH378116","21057165","21057456","KQ053421v1","5610673","5610968","80","15446492"
"JH378116","21388934","21389175","KQ053234v1","1414405","1414609","80","19974529"
"JH378116","21454780","21455058","KQ058640v1","643463","643729","87","20811317"
"JH378116","21596081","21596376","KQ053421v1","5610673","5610968","71","15985408"
"JH378116","21670138","21670420","KQ053421v1","5610673","5610968","77","16059465"
"JH378116","21697536","21697854","KQ058427v1","7786546","7786853","88","13910990"
"JH378116","21707089","21707383","KQ053421v1","5610673","5610968","75","16096416"
"JH378116","21745963","21746259","KQ055352v1","6003171","6003466","77","15742792"
"JH378116","21747278","21747580","KQ053421v1","5610673","5610968","78","16136605"
"JH378116","21765609","21765903","KQ058427v1","7786546","7786853","82","13979063"
"JH378116","21772907","21773209","KQ053421v1","5610673","5610968","62","16162234"
"JH378116","21815309","21815624","KQ053421v1","5610673","5610968","83","16204636"
"JH378116","21931612","21931916","KQ055352v1","6003171","6003466","75","15928441"
"JH378116","21970267","21970581","KQ055352v1","6003171","6003466","75","15967096"
"JH378116","22028238","22028533","KQ053421v1","5610673","5610968","90","16417565"
"JH378116","22112525","22112811","KQ053421v1","5610673","5610968","73","16501852"
"JH378116","22251100","22251206","KQ056279v1","759081","759162","43","21492019"
"JH378116","22326647","22326939","KQ053421v1","5610673","5610968","78","16715974"
"JH378116","22346511","22346578","KQ055662v1","1394902","1394961","24","20951609"
"JH378116","22375184","22375481","KQ053421v1","5610673","5610968","74","16764511"
"JH378116","22432885","22433174","KQ053421v1","5610673","5610968","65","16822212"
"JH378116","22501131","22501428","KQ053421v1","5610673","5610968","70","16890458"
"JH378116","22518701","22519005","KQ058242v1","595939","596205","102","21922762"
"JH378116","22524015","22524332","KQ053421v1","5610673","5610968","83","16913342"
"JH378116","22552505","22552777","KQ053421v1","5610673","5610968","88","16941832"
"JH378116","22555456","22555728","KQ058242v1","595939","596205","81","21959517"
"JH378116","22581663","22581908","KQ056321v1","575951","576190","62","22005712"
"JH378116","22598257","22598570","KQ053421v1","5610673","5610968","71","16987584"
"JH378116","22620872","22621183","KQ055267v1","513773","514088","86","22107099"
"JH378116","22628052","22628351","KQ053421v1","5610673","5610968","83","17017379"
"JH378116","22727049","22727209","KQ057821v1","3059321","3059481","40","19667728"
"JH378116","22830635","22830944","KQ053421v1","5610673","5610968","88","17219962"
"JH378116","22832032","22832322","KQ053421v1","5610673","5610968","77","17221359"
"JH378116","22895148","22895444","KQ053421v1","5610673","5610968","85","17284475"
"JH378116","22934593","22934894","KQ055267v1","513773","514088","77","22420820"
"JH378116","22946623","22946921","KQ053421v1","5610673","5610968","73","17335950"
"JH378116","22972232","22972537","KQ055267v1","513773","514088","78","22458459"
"JH378116","22975710","22975858","KQ054401v1","3363241","3363379","39","19612469"
"JH378116","22997877","22998161","KQ053421v1","5610673","5610968","85","17387204"
"JH378116","23064439","23064747","KQ055352v1","6003171","6003466","76","17061268"
"JH378116","23080353","23080621","KQ057186v1","783828","784085","88","22296525"
"JH378116","23097156","23097467","KQ055352v1","6003171","6003466","76","17093985"
"JH378116","23106483","23106785","KQ053421v1","5610673","5610968","74","17495810"
"JH378116","23109864","23110171","KQ055267v1","513773","514088","75","22596091"
"JH378116","23129184","23129486","KQ053421v1","5610673","5610968","69","17518511"
"JH378116","23150983","23151285","KQ055352v1","6003171","6003466","73","17147812"
"JH378116","23155346","23155644","KQ053421v1","5610673","5610968","71","17544673"
"JH378116","23164741","23165007","KQ053883v1","6938067","6938331","79","16226674"
"JH378116","23208622","23208903","KQ055352v1","6003171","6003466","67","17205451"
"JH378116","23217604","23217911","KQ058427v1","7786546","7786853","77","15431058"
"JH378116","23314939","23315231","KQ053421v1","5610673","5610968","74","17704266"
"JH378116","23331555","23331842","KQ053421v1","5610673","5610968","80","17720882"
"JH378116","23360166","23360462","KQ053421v1","5610673","5610968","69","17749493"
"JH378116","23407339","23407640","KQ053421v1","5610673","5610968","88","17796666"
"JH378116","23438291","23438593","KQ058427v1","7786546","7786853","96","15651745"
"JH378116","23511755","23512039","KQ053421v1","5610673","5610968","84","17901082"
"JH378116","23898403","23898723","KQ053421v1","5610673","5610968","86","18287730"
"JH378116","23943715","23944001","KQ053421v1","5610673","5610968","72","18333042"
"JH378116","23999028","23999157","KQ053398v1","2623748","2623879","34","21375280"
"JH378116","24003943","24004247","KQ053421v1","5610673","5610968","67","18393270"
"JH378116","24017622","24017739","KQ053398v1","2623748","2623879","38","21393874"
"JH378116","24085518","24085678","KQ058638v1","1837830","1837985","66","22247688"
"JH378116","24112346","24112632","KQ053421v1","5610673","5610968","80","18501673"
"JH378116","24125709","24126018","KQ055352v1","6003171","6003466","72","18122538"
"JH378116","24155332","24155598","KQ057901v1","868884","869144","87","23286448"
"JH378116","24158708","24159014","KQ053421v1","5610673","5610968","81","18548035"
"JH378116","24163588","24163899","KQ053421v1","5610673","5610968","93","18552915"
"JH378116","24233647","24233953","KQ053421v1","5610673","5610968","73","18622974"
"JH378116","24266170","24266463","KQ053421v1","5610673","5610968","69","18655497"
"JH378116","24281109","24281403","KQ053421v1","5610673","5610968","83","18670436"
"JH378116","24319328","24319637","KQ053421v1","5610673","5610968","73","18708655"
"JH378116","24322894","24323205","KQ055267v1","513773","514088","74","23809121"
"JH378116","24335011","24335309","KQ055267v1","513773","514088","74","23821238"
"JH378116","24348570","24348862","KQ053421v1","5610673","5610968","75","18737897"
"JH378116","24396793","24396923","KQ053398v1","2623748","2623879","32","21773045"
"JH378116","24408222","24408462","KQ058242v1","595939","596205","73","23812283"
"JH378116","24412319","24412597","KQ054815v1","2215557","2215844","87","22196762"
"JH378116","24423576","24423813","KQ058242v1","595939","596205","86","23827637"
"JH378116","24443813","24444116","KQ055267v1","513773","514088","75","23930040"
"JH378116","24489178","24489461","KQ053421v1","5610673","5610968","85","18878505"
"JH378116","24498049","24498116","KQ056279v1","759081","759162","27","23738968"
"JH378116","24498481","24498660","KQ057204v1","2930576","2930741","48","21567905"
"JH378116","24540276","24540580","KQ053421v1","5610673","5610968","73","18929603"
"JH378116","24564409","24564699","KQ053421v1","5610673","5610968","78","18953736"
"JH378116","24650596","24650899","KQ058427v1","7786546","7786853","88","16864050"
"JH378116","24678656","24678964","KQ055267v1","513773","514088","79","24164883"
"JH378116","24685878","24686173","KQ053421v1","5610673","5610968","69","19075205"
"JH378116","24728404","24728697","KQ053421v1","5610673","5610968","75","19117731"
"JH378116","24730735","24731046","KQ058427v1","7786546","7786853","77","16944189"
"JH378116","24739317","24739567","KQ058242v1","595939","596205","93","24143378"
"JH378116","24761791","24762071","KQ053421v1","5610673","5610968","101","19151118"
"JH378116","24811818","24812126","KQ055267v1","513773","514088","85","24298045"
"JH378116","24821650","24821763","KQ053398v1","2623748","2623879","45","22197902"
"JH378116","24822870","24823177","KQ055352v1","6003171","6003466","76","18819699"
"JH378116","24832076","24832384","KQ053421v1","5610673","5610968","80","19221403"
"JH378116","24850378","24850647","KQ057901v1","868884","869144","92","23981494"
"JH378116","24867798","24868108","KQ055352v1","6003171","6003466","77","18864627"
"JH378116","24870720","24871013","KQ053421v1","5610673","5610968","77","19260047"
"JH378116","24891794","24891966","KQ058423v1","270754","270928","43","24621040"
"JH378116","24909707","24909997","KQ053421v1","5610673","5610968","80","19299034"
"JH378116","24934876","24935085","KQ056064v1","326763","326940","71","24608113"
"JH378116","24945384","24945683","KQ053421v1","5610673","5610968","75","19334711"
"JH378116","24948050","24948308","KQ058242v1","595939","596205","78","24352111"
"JH378116","24951229","24951487","KQ058242v1","595939","596205","78","24355290"
"JH378116","24953346","24953645","KQ053421v1","5610673","5610968","69","19342673"
"JH378116","24960446","24960731","KQ058242v1","595939","596205","78","24364507"
"JH378116","25012037","25012338","KQ058427v1","7786546","7786853","97","17225491"
"JH378116","25020697","25020991","KQ053421v1","5610673","5610968","63","19410024"
"JH378116","25026636","25026927","KQ053421v1","5610673","5610968","78","19415963"
"JH378116","25043784","25044086","KQ053421v1","5610673","5610968","68","19433111"
"JH378116","25091167","25091476","KQ055352v1","6003171","6003466","75","19087996"
"JH378116","25135099","25135385","KQ053421v1","5610673","5610968","69","19524426"
"JH378116","25143535","25143819","KQ055862v1","1305285","1305561","81","23838250"
"JH378116","25166994","25167284","KQ053421v1","5610673","5610968","74","19556321"
"JH378116","25186928","25187239","KQ055267v1","513773","514088","71","24673155"
"JH378116","25194212","25194505","KQ053421v1","5610673","5610968","71","19583539"
"JH378116","25243474","25243629","KQ056911v1","1421731","1421862","49","23821743"
"JH378116","25251335","25251628","KQ053421v1","5610673","5610968","76","19640662"
"JH378116","25255492","25255787","KQ053421v1","5610673","5610968","74","19644819"
"JH378116","25462279","25462576","KQ058242v1","595939","596205","82","24866340"
"JH378116","25535268","25535570","KQ053421v1","5610673","5610968","67","19924595"
"JH378116","25535606","25535750","KQ054401v1","3363241","3363379","37","22172365"
"JH378116","25547980","25548111","KQ053398v1","2627781","2627909","33","22920199"
"JH378116","25550432","25550714","KQ053421v1","5610673","5610968","79","19939759"
"JH378116","25617989","25618180","KQ058274v1","300327","300497","53","25317662"
"JH378116","25618281","25618375","KQ058316v1","2226037","2226104","40","23392244"
"JH378116","25633439","25633746","KQ053421v1","5610673","5610968","78","20022766"
"JH378116","25659201","25659512","KQ055352v1","6003171","6003466","73","19656030"
"JH378116","25664446","25664743","KQ053421v1","5610673","5610968","72","20053773"
"JH378116","25732771","25733074","KQ053421v1","5610673","5610968","71","20122098"
"JH378116","25745267","25745564","KQ053421v1","5610673","5610968","75","20134594"
"JH378116","25784630","25784937","KQ058427v1","7786546","7786853","83","17998084"
"JH378116","25788200","25788494","KQ053421v1","5610673","5610968","83","20177527"
"JH378116","25833931","25834223","KQ053421v1","5610673","5610968","76","20223258"
"JH378116","25889570","25889867","KQ053421v1","5610673","5610968","79","20278897"
"JH378116","25971282","25971510","KQ058274v1","300327","300497","89","25670955"
"JH378116","26128342","26128636","KQ053421v1","5610673","5610968","79","20517669"
"JH378116","26154779","26154842","KQ053343v1","1624718","1624766","32","24530061"
"JH378116","26370846","26371145","KQ053421v1","5610673","5610968","67","20760173"
"JH378116","26486473","26486782","KQ055267v1","513773","514088","76","25972700"
"JH378116","26493410","26493695","KQ053421v1","5610673","5610968","87","20882737"
"JH378116","26665522","26665822","KQ053421v1","5610673","5610968","62","21054849"
"JH378116","26923588","26923869","KQ053785v1","888769","889063","89","26034819"
"JH378116","27027839","27028150","KQ055352v1","6003171","6003466","72","21024668"
"JH378116","27189521","27189819","KQ053421v1","5610673","5610968","67","21578848"
"JH378116","27477376","27477670","KQ053421v1","5610673","5610968","77","21866703"
"JH378116","27495453","27495566","KQ053398v1","2623748","2623879","46","24871705"
"JH378116","27599461","27599753","KQ053421v1","5610673","5610968","69","21988788"
"JH378116","27818133","27818432","KQ053421v1","5610673","5610968","70","22207460"
"JH378116","27847497","27847789","KQ053421v1","5610673","5610968","72","22236824"
"JH378116","27855912","27856188","KQ058242v1","595939","596205","82","27259973"
"JH378116","27888388","27888687","KQ053421v1","5610673","5610968","73","22277715"
"JH378116","27927890","27928208","KQ053421v1","5610673","5610968","83","22317217"
"JH378116","27993184","27993361","KQ058423v1","270754","270928","43","27722430"
"JH378116","28052507","28052796","KQ053421v1","5610673","5610968","83","22441834"
"JH378116","28121305","28121612","KQ058427v1","7786546","7786853","79","20334759"
"JH378116","28170733","28171026","KQ053421v1","5610673","5610968","75","22560060"
"JH378116","28218092","28218186","KQ056235v1","1266284","1266361","33","26951808"
"JH378116","28279178","28279482","KQ055352v1","6003171","6003466","71","22276007"
"JH378116","28306124","28306423","KQ053421v1","5610673","5610968","68","22695451"
"JH378116","28365309","28365562","KQ058242v1","595939","596205","72","27769370"
"JH378116","28366296","28366588","KQ053421v1","5610673","5610968","77","22755623"
"JH378116","28372730","28373024","KQ053421v1","5610673","5610968","67","22762057"
"JH378116","28389418","28389727","KQ055352v1","6003171","6003466","72","22386247"
"JH378116","28391009","28391319","KQ055352v1","6003171","6003466","76","22387838"
"JH378116","28400240","28400511","KQ057901v1","868884","869144","85","27531356"
"JH378116","28481260","28481565","KQ053421v1","5610673","5610968","73","22870587"
"JH378116","28500710","28501018","KQ053421v1","5610673","5610968","81","22890037"
"JH378116","28531435","28531746","KQ055267v1","513773","514088","74","28017662"
"JH378116","28611657","28611926","KQ055862v1","1305285","1305561","76","27306372"
"JH378116","28663402","28663705","KQ053421v1","5610673","5610968","74","23052729"
"JH378116","28791754","28792068","KQ053421v1","5610673","5610968","92","23181081"
"JH378116","28792071","28792380","KQ053421v1","5610673","5610968","71","23181398"
"JH378116","28807817","28808076","KQ058339v1","4553625","4553889","83","24254192"
"JH378116","28955293","28955604","KQ053421v1","5610673","5610968","74","23344620"
"JH378116","28965792","28966120","KQ055352v1","6003171","6003466","89","22962621"
"JH378116","28970183","28970474","KQ053421v1","5610673","5610968","80","23359510"
"JH378116","29090814","29091120","KQ053421v1","5610673","5610968","80","23480141"
"JH378116","29211547","29211856","KQ055352v1","6003171","6003466","74","23208376"
"JH378116","29291467","29291785","KQ058427v1","7786546","7786853","86","21504921"
"JH378116","29411789","29412081","KQ053421v1","5610673","5610968","74","23801116"
"JH378116","29497229","29497527","KQ053421v1","5610673","5610968","70","23886556"
"JH378116","29752934","29753242","KQ053421v1","5610673","5610968","86","24142261"
"JH378116","29888235","29888542","KQ055352v1","6003171","6003466","67","23885064"
"JH378116","29956359","29956667","KQ058427v1","7786546","7786853","110","22169813"
"JH378116","30064691","30064987","KQ053421v1","5610673","5610968","73","24454018"
"JH378116","30088170","30088462","KQ053421v1","5610673","5610968","73","24477497"
"JH378116","30300831","30301144","KQ055267v1","513773","514088","80","29787058"
"JH378116","30320714","30321021","KQ055352v1","6003171","6003466","70","24317543"
"JH378116","30454674","30454955","KQ053421v1","5610673","5610968","96","24844001"
"JH378116","30458907","30459196","KQ055267v1","513773","514088","91","29945134"
"JH378116","30531725","30532032","KQ055352v1","6003171","6003466","71","24528554"
"JH378116","30542231","30542542","KQ053421v1","5610673","5610968","74","24931558"
"JH378116","30554689","30554908","KQ053234v1","1414405","1414609","59","29140284"
"JH378116","30555917","30556202","KQ053421v1","5610673","5610968","82","24945244"
"JH378116","30587632","30587942","KQ055352v1","6003171","6003466","69","24584461"
"JH378116","30631876","30632168","KQ053421v1","5610673","5610968","76","25021203"
"JH378116","30685679","30685985","KQ055267v1","513773","514088","79","30171906"
"JH378116","30804024","30804220","ABDC02053644v1","2226","2419","72","30801798"
"JH378116","30970490","30970797","KQ053421v1","5610673","5610968","77","25359817"
"JH378116","31310221","31310530","KQ053421v1","5610673","5610968","81","25699548"
"JH378116","31367295","31367606","KQ055267v1","513773","514088","72","30853522"
"JH378116","31493385","31493674","KQ053421v1","5610673","5610968","81","25882712"
"JH378116","31574179","31574463","KQ053421v1","5610673","5610968","83","25963506"
"JH378116","31577754","31578064","KQ055267v1","513773","514088","71","31063981"
"JH378116","31594935","31595217","KQ058427v1","6786866","6787134","81","24808069"
"JH378116","31602093","31602393","KQ053421v1","5610673","5610968","72","25991420"
"JH378116","31634894","31635191","KQ053421v1","5610673","5610968","69","26024221"
"JH378116","31776283","31776594","KQ055352v1","6003171","6003466","70","25773112"
"JH378116","31811279","31811581","KQ053421v1","5610673","5610968","72","26200606"
"JH378116","31823138","31823445","KQ055352v1","6003171","6003466","70","25819967"
"JH378116","31823826","31824115","KQ053421v1","5610673","5610968","81","26213153"
"JH378116","31852698","31853010","KQ055352v1","6003171","6003466","73","25849527"
"JH378116","31880599","31880908","KQ055352v1","6003171","6003466","72","25877428"
"JH378116","31893471","31893526","KQ054191v1","1885658","1885707","19","30007813"
"JH378116","31893627","31893776","KQ057449v1","1214348","1214489","35","30679279"
"JH378116","31919313","31919578","KQ058242v1","595939","596205","88","31323374"
"JH378116","31950546","31950842","KQ053421v1","5610673","5610968","68","26339873"
"JH378116","31952473","31952782","KQ055352v1","6003171","6003466","72","25949302"
"JH378116","31977649","31977872","KQ055662v1","1890465","1890674","77","30087184"
"JH378116","32022791","32023096","KQ055267v1","513773","514088","75","31509018"
"JH378116","32036191","32036490","KQ053421v1","5610673","5610968","78","26425518"
"JH378116","32043648","32043872","KQ055717v1","1610777","1611031","87","30432871"
"JH378116","32085480","32085758","KQ058427v1","6786866","6787134","95","25298614"
"JH378116","32117374","32117684","KQ055267v1","513773","514088","69","31603601"
"JH378116","32292781","32293084","KQ055267v1","513773","514088","75","31779008"
"JH378116","32334550","32334848","KQ053421v1","5610673","5610968","68","26723877"
"JH378116","32340817","32341110","KQ053421v1","5610673","5610968","81","26730144"
"JH378116","32357983","32358267","KQ053421v1","5610673","5610968","85","26747310"
"JH378116","32389070","32389366","KQ053421v1","5610673","5610968","69","26778397"
"JH378116","32394581","32394809","KQ058242v1","595939","596205","89","31798642"
"JH378116","32395767","32396071","KQ053421v1","5610673","5610968","82","26785094"
"JH378116","32420228","32420539","KQ055267v1","513773","514088","84","31906455"
"JH378116","32449662","32449973","KQ053421v1","5610673","5610968","86","26838989"
"JH378116","32584747","32585036","KQ055862v1","1305285","1305561","70","31279462"
"JH378116","32620430","32620713","KQ053421v1","5610673","5610968","75","27009757"
"JH378116","32668781","32669082","KQ053421v1","5610673","5610968","87","27058108"
"JH378116","32814063","32814245","KQ054510v1","9361519","9361683","67","23452544"
"JH378116","32896732","32897031","KQ053421v1","5610673","5610968","69","27286059"
"JH378116","32906066","32906369","KQ053421v1","5610673","5610968","70","27295393"
"JH378116","32913637","32913936","KQ053421v1","5610673","5610968","70","27302964"
"JH378116","33023128","33023428","KQ053421v1","5610673","5610968","72","27412455"
"JH378116","33115045","33115339","KQ053421v1","5610673","5610968","74","27504372"
"JH378116","33162833","33163138","KQ055267v1","513773","514088","76","32649060"
"JH378116","33189870","33190179","KQ055267v1","513773","514088","84","32676097"
"JH378116","33215189","33215498","KQ055352v1","6003171","6003466","74","27212018"
"JH378116","33247797","33248121","KQ053059v1","2548766","2549102","86","30699031"
"JH378116","33312723","33313026","KQ053421v1","5610673","5610968","73","27702050"
"JH378116","33315390","33315702","KQ055352v1","6003171","6003466","79","27312219"
"JH378116","33384021","33384313","KQ053421v1","5610673","5610968","72","27773348"
"JH378116","33391618","33391922","KQ055352v1","6003171","6003466","65","27388447"
"JH378116","33439659","33439990","KQ055267v1","513773","514088","93","32925886"
"JH378116","33442109","33442403","KQ053421v1","5610673","5610968","68","27831436"
"JH378116","33542164","33542433","KQ058242v1","595939","596205","74","32946225"
"JH378116","33595334","33595638","KQ053421v1","5610673","5610968","77","27984661"
"JH378116","33615657","33615773","KQ053398v1","2623748","2623879","41","30991909"
"JH378116","33745669","33745977","KQ058427v1","7786546","7786853","84","25959123"
"JH378116","33849577","33849707","KQ053398v1","2623748","2623879","29","31225829"
"JH378116","33897383","33897681","KQ053421v1","5610673","5610968","76","28286710"
"JH378116","34173770","34174080","KQ053421v1","5610673","5610968","75","28563097"
"JH378116","34226715","34226980","KQ058242v1","595939","596205","67","33630776"
"JH378116","34248873","34249044","KQ054510v1","7582269","7582431","44","26666604"
"JH378116","34283557","34283702","KQ053004v1","3064551","3064681","48","31219006"
"JH378116","34290871","34291174","KQ053421v1","5610673","5610968","75","28680198"
"JH378116","34297998","34298278","KQ053421v1","5610673","5610968","74","28687325"
"JH378116","34313184","34313478","KQ053421v1","5610673","5610968","73","28702511"
"JH378116","34367573","34367833","KQ057901v1","868884","869144","86","33498689"
"JH378116","34432449","34432763","KQ055352v1","6003171","6003466","72","28429278"
"JH378116","34439226","34439533","KQ053421v1","5610673","5610968","80","28828553"
"JH378116","34441228","34441523","KQ053421v1","5610673","5610968","74","28830555"
"JH378116","34455610","34455894","KQ058242v1","595939","596205","84","33859671"
"JH378116","34479551","34479845","KQ053421v1","5610673","5610968","82","28868878"
"JH378116","34496768","34497072","KQ055267v1","513773","514088","82","33982995"
"JH378116","34530184","34530472","KQ053421v1","5610673","5610968","86","28919511"
"JH378116","34548472","34548779","KQ058427v1","7786546","7786853","81","26761926"
"JH378116","34579736","34580032","KQ053421v1","5610673","5610968","74","28969063"
"JH378116","34612143","34612256","KQ053398v1","2627781","2627909","44","31984362"
"JH378116","34612639","34612799","KQ053993v1","1251070","1251235","46","33361569"
"JH378116","34667001","34667321","KQ053421v1","5610673","5610968","91","29056328"
"JH378116","34690900","34691208","KQ058427v1","7786546","7786853","77","26904354"
"JH378116","34759562","34759844","KQ053785v1","888769","889063","81","33870793"
"JH378116","34764628","34764919","KQ053421v1","5610673","5610968","79","29153955"
"JH378116","34848338","34848487","KQ054510v1","7582269","7582431","43","27266069"
"JH378116","35006340","35006649","KQ053421v1","5610673","5610968","81","29395667"
"JH378116","35205848","35206154","KQ058427v1","7786546","7786853","80","27419302"
"JH378116","35314501","35314812","KQ058427v1","7786546","7786853","79","27527955"
"JH378116","35745054","35745353","KQ053421v1","5610673","5610968","79","30134381"
"JH378116","35757535","35757835","KQ053421v1","5610673","5610968","80","30146862"
"JH378116","35831217","35831489","KQ055862v1","1305285","1305561","86","34525932"
"JH378116","35986032","35986316","KQ053421v1","5610673","5610968","82","30375359"
"JH378116","36031804","36032107","KQ053421v1","5610673","5610968","84","30421131"
"JH378116","36167188","36167445","KQ057901v1","868884","869144","83","35298304"
"JH378116","36183223","36183515","KQ053421v1","5610673","5610968","71","30572550"
"JH378116","36262686","36262872","KQ054954v1","1680710","1680882","56","34581976"
"JH378116","36297359","36297637","KQ057186v1","783828","784085","77","35513531"
"JH378116","36456523","36456798","KQ054815v1","2215557","2215844","83","34240966"
"JH378116","36509769","36510075","KQ055267v1","513773","514088","74","35995996"
"JH378116","36526405","36526702","KQ058427v1","7786546","7786853","93","28739859"
"JH378116","36904757","36905063","KQ053421v1","5610673","5610968","82","31294084"
"JH378116","36952115","36952405","KQ053421v1","5610673","5610968","77","31341442"
"JH378116","37008815","37009058","KQ058242v1","595939","596205","87","36412876"
"JH378116","37078023","37078262","KQ058242v1","595939","596205","86","36482084"
"JH378116","37082714","37083007","KQ058427v1","7786546","7786853","82","29296168"
"JH378116","37084813","37085115","KQ053421v1","5610673","5610968","85","31474140"
"JH378116","37103863","37103963","KQ056493v1","2043382","2043488","36","35060481"
"JH378116","37104069","37104140","KQ053643v1","396067","396115","36","36708002"
"JH378116","37104141","37104348","KQ053234v1","1414405","1414609","63","35689736"
"JH378116","37125592","37125907","KQ058427v1","7786546","7786853","90","29339046"
"JH378116","37159202","37159300","KQ057781v1","1047045","1047171","45","36112157"
"JH378116","37163748","37164055","KQ055267v1","513773","514088","78","36649975"
"JH378116","37196203","37196494","KQ053421v1","5610673","5610968","77","31585530"
"JH378116","37209424","37209587","KQ053993v1","1251070","1251235","40","35958354"
"JH378116","37221601","37221886","KQ053421v1","5610673","5610968","81","31610928"
"JH378116","37249805","37250092","KQ053421v1","5610673","5610968","77","31639132"
"JH378116","37370254","37370538","KQ054815v1","2215557","2215844","78","35154697"
"JH378116","37391804","37392097","KQ053421v1","5610673","5610968","73","31781131"
"JH378116","37406998","37407300","KQ053421v1","5610673","5610968","75","31796325"
"JH378116","37412073","37412353","KQ053421v1","5610673","5610968","88","31801400"
"JH378116","37437279","37437575","KQ053421v1","5610673","5610968","71","31826606"
"JH378116","37497435","37497723","KQ058427v1","7786546","7786853","88","29710889"
"JH378116","37568181","37568348","KQ053993v1","1251070","1251235","52","36317111"
"JH378116","37568414","37568698","KQ053421v1","5610673","5610968","78","31957741"
"JH378116","37646822","37646945","KQ056493v1","2043382","2043488","34","35603440"
"JH378116","37731638","37731896","KQ055717v1","1610777","1611031","84","36120861"
"JH378116","37770859","37771164","KQ055267v1","513773","514088","87","37257086"
"JH378116","37788284","37788575","KQ053421v1","5610673","5610968","75","32177611"
"JH378116","37796571","37796884","KQ055267v1","513773","514088","87","37282798"
"JH378116","37803914","37804209","KQ055267v1","513773","514088","79","37290141"
"JH378116","37817028","37817328","KQ053421v1","5610673","5610968","73","32206355"
"JH378116","37868405","37868682","KQ053421v1","5610673","5610968","83","32257732"
"JH378116","37904943","37905200","KQ057901v1","868884","869144","85","37036059"
"JH378116","37937847","37938149","KQ053421v1","5610673","5610968","90","32327174"
"JH378116","38049486","38049788","KQ053421v1","5610673","5610968","73","32438813"
"JH378116","38104913","38105212","KQ055267v1","513773","514088","83","37591140"
"JH378116","38167506","38167793","KQ053421v1","5610673","5610968","76","32556833"
"JH378116","38187211","38187524","KQ055267v1","513773","514088","83","37673438"
"JH378116","38214278","38214596","KQ055267v1","513773","514088","79","37700505"
"JH378116","38215343","38215633","KQ058427v1","6786866","6787134","85","31428477"
"JH378116","38219764","38220069","KQ053421v1","5610673","5610968","81","32609091"
"JH378116","38223030","38223328","KQ058427v1","7786546","7786853","80","30436484"
"JH378116","38235802","38236113","KQ055267v1","513773","514088","83","37722029"
"JH378116","38410399","38410710","KQ055352v1","6003171","6003466","77","32407228"
"JH378116","38565766","38566025","KQ055862v1","1305285","1305561","81","37260481"
"JH378116","38938938","38939249","KQ055352v1","6003171","6003466","74","32935767"
"JH378116","38951419","38951712","KQ053421v1","5610673","5610968","94","33340746"
"JH378116","39014358","39014672","KQ055267v1","513773","514088","80","38500585"
"JH378116","39025184","39025489","KQ053421v1","5610673","5610968","75","33414511"
"JH378116","39028104","39028419","KQ058427v1","7786546","7786853","79","31241558"
"JH378116","39308335","39308418","KQ056235v1","1266284","1266361","24","38042051"
"JH378116","39313401","39313681","KQ053421v1","5610673","5610968","91","33702728"
"JH378116","39331081","39331363","KQ058242v1","595939","596205","79","38735142"
"JH378116","39347586","39347884","KQ053421v1","5610673","5610968","78","33736913"
"JH378116","39455433","39455649","KQ055662v1","1890465","1890674","72","37564968"
"JH378116","39542228","39542516","KQ053421v1","5610673","5610968","84","33931555"
"JH378116","39652997","39653304","KQ053421v1","5610673","5610968","75","34042324"
"JH378117","60592","60894","KQ053421v1","5610673","5610968","66","5550081"
"JH378117","64631","64934","KQ053421v1","5610673","5610968","73","5546042"
"JH378117","124757","125056","KQ053421v1","5610673","5610968","70","5485916"
"JH378117","157928","158238","KQ055352v1","6003171","6003466","75","5845243"
"JH378117","165701","166012","KQ053421v1","5610673","5610968","83","5444972"
"JH378117","261147","261419","KQ053421v1","5610673","5610968","88","5349526"
"JH378117","602529","602823","KQ053421v1","5610673","5610968","79","5008144"
"JH378117","788866","789151","KQ058339v1","4553625","4553889","84","3764759"
"JH378117","888718","889006","KQ053421v1","5610673","5610968","77","4721955"
"JH378117","922689","922995","KQ055352v1","6003171","6003466","69","5080482"
"JH378117","958912","959208","KQ053421v1","5610673","5610968","72","4651761"
"JH378117","998679","998953","KQ058242v1","595939","596205","83","402740"
"JH378117","1051695","1051992","KQ053421v1","5610673","5610968","69","4558978"
"JH378117","1126240","1126543","KQ053421v1","5610673","5610968","72","4484433"
"JH378117","1128030","1128328","KQ053421v1","5610673","5610968","69","4482643"
"JH378117","1264949","1265206","KQ058242v1","595939","596205","80","669010"
"JH378117","1547723","1548033","KQ055267v1","513773","514088","84","1033950"
"JH378117","1580531","1580831","KQ053421v1","5610673","5610968","66","4030142"
"JH378117","1799359","1799643","KQ053421v1","5610673","5610968","81","3811314"
"JH378117","1859270","1859560","KQ058427v1","7786546","7786853","86","5927276"
"JH378117","1897833","1898068","KQ058242v1","595939","596205","83","1301894"
"JH378117","2022684","2022851","KQ058350v1","9514178","9514352","43","7491494"
"JH378117","2051262","2051557","KQ053421v1","5610673","5610968","76","3559411"
"JH378117","2231618","2231926","KQ055352v1","6003171","6003466","73","3771553"
"JH378117","2267418","2267738","KQ058427v1","7786546","7786853","83","5519128"
"JH378117","2316052","2316360","KQ055267v1","513773","514088","69","1802279"
"JH378117","2546086","2546338","KQ058509v1","24058","24271","86","2522028"
"JH378117","2559422","2559714","KQ053421v1","5610673","5610968","79","3051251"
"JH378117","2594395","2594690","KQ053421v1","5610673","5610968","74","3016278"
"JH378117","2752098","2752372","KQ058242v1","595939","596205","74","2156159"
"JH378117","2829485","2829793","KQ055352v1","6003171","6003466","70","3173686"
"JH378117","2886728","2887007","KQ053421v1","5610673","5610968","83","2723945"
"JH378117","2900301","2900548","KQ058242v1","595939","596205","80","2304362"
"JH378117","2915926","2916202","KQ057186v1","783828","784085","90","2132098"
"JH378117","2998764","2999062","KQ053421v1","5610673","5610968","69","2611909"
"JH378117","3070218","3070505","KQ053421v1","5610673","5610968","78","2540455"
"JH378117","3134807","3134926","KQ056493v1","2043382","2043488","41","1091425"
"JH378117","3253375","3253653","KQ058339v1","4553625","4553889","81","1300250"
"JH378117","3301660","3301957","KQ053421v1","5610673","5610968","74","2309013"
"JH378117","3348615","3348910","KQ053421v1","5610673","5610968","75","2262058"
"JH378117","3517728","3518025","KQ053421v1","5610673","5610968","80","2092945"
"JH378117","3538442","3538743","KQ055352v1","6003171","6003466","72","2464729"
"JH378117","3550602","3550902","KQ053421v1","5610673","5610968","69","2060071"
"JH378117","3563799","3564093","KQ053421v1","5610673","5610968","71","2046874"
"JH378117","3592179","3592486","KQ055352v1","6003171","6003466","68","2410992"
"JH378117","3630083","3630387","KQ055352v1","6003171","6003466","79","2373088"
"JH378117","3654976","3655279","KQ053421v1","5610673","5610968","71","1955697"
"JH378117","3872446","3872741","KQ053421v1","5610673","5610968","72","1738227"
"JH378117","3929511","3929805","KQ053421v1","5610673","5610968","69","1681162"
"JH378117","4094393","4094707","KQ058427v1","7786546","7786853","86","3692153"
"JH378117","4252223","4252508","KQ053421v1","5610673","5610968","74","1358450"
"JH378117","4318286","4318578","KQ053421v1","5610673","5610968","93","1292387"
"JH378117","4348858","4349137","KQ053421v1","5610673","5610968","89","1261815"
"JH378117","4360427","4360655","KQ054068v1","3638075","3638299","74","722352"
"JH378117","4506377","4506706","KQ055267v1","513773","514088","87","3992604"
"JH378117","4572076","4572384","KQ055267v1","513773","514088","69","4058303"
"JH378117","4604322","4604518","KQ052982v1","2032903","2033097","41","2571419"
"JH378117","4611668","4611787","KQ053398v1","2623748","2623879","43","1987920"
"JH378117","4616152","4616449","KQ053421v1","5610673","5610968","67","994521"
"JH378117","4681975","4682268","KQ055267v1","513773","514088","79","4168202"
"JH378117","4696105","4696372","KQ058640v1","643463","643729","76","4052642"
"JH378117","4808984","4809274","KQ053421v1","5610673","5610968","73","801689"
"JH378117","4819771","4820078","KQ055352v1","6003171","6003466","72","1183400"
"JH378117","4955831","4956129","KQ053421v1","5610673","5610968","66","654842"
"JH378117","5040753","5041063","KQ055352v1","6003171","6003466","73","962418"
"JH378117","5295979","5296284","KQ055352v1","6003171","6003466","73","707192"
"JH378117","5307277","5307566","KQ058339v1","4553625","4553889","80","753652"
"JH378117","5323362","5323664","KQ053421v1","5610673","5610968","72","287311"
"JH378117","5480270","5480582","KQ053421v1","5610673","5610968","75","130403"
"JH378117","5482741","5483035","KQ053421v1","5610673","5610968","71","127932"
"JH378117","5558551","5558850","KQ053421v1","5610673","5610968","68","52122"
"JH378117","5571668","5571885","KQ055662v1","1890465","1890674","70","3681203"
"JH378117","5591208","5591514","KQ055352v1","6003171","6003466","68","411963"
"JH378117","5629222","5629507","KQ058339v1","4553625","4553889","83","1075597"
"JH378117","5652882","5653112","KQ057186v1","783828","784085","88","4869054"
"JH378117","5694697","5694997","KQ053421v1","5610673","5610968","74","84024"
"JH378117","5723694","5723985","KQ053421v1","5610673","5610968","74","113021"
"JH378117","5783694","5783996","KQ053421v1","5610673","5610968","75","173021"
"JH378117","5820344","5820653","KQ055267v1","513773","514088","77","5306571"
"JH378117","5846951","5847244","KQ053421v1","5610673","5610968","71","236278"
"JH378117","5950482","5950794","KQ055267v1","513773","514088","72","5436709"
"JH378117","6054292","6054591","KQ053421v1","5610673","5610968","79","443619"
"JH378117","6062397","6062699","KQ053421v1","5610673","5610968","76","451724"
"JH378117","6182669","6182961","KQ053421v1","5610673","5610968","75","571996"
"JH378117","6193104","6193399","KQ053421v1","5610673","5610968","72","582431"
"JH378117","6226958","6227257","KQ053421v1","5610673","5610968","71","616285"
"JH378117","6342459","6342757","KQ053421v1","5610673","5610968","71","731786"
"JH378117","6443723","6444021","KQ053421v1","5610673","5610968","68","833050"
"JH378117","6473112","6473407","KQ053421v1","5610673","5610968","74","862439"
"JH378117","6482885","6483189","KQ058427v1","7786546","7786853","72","1303661"
"JH378117","6622383","6622684","KQ053421v1","5610673","5610968","78","1011710"
"JH378117","6634454","6634758","KQ053421v1","5610673","5610968","73","1023781"
"JH378117","6686979","6687282","KQ055267v1","513773","514088","86","6173206"
"JH378117","6776708","6777002","KQ053421v1","5610673","5610968","73","1166035"
"JH378117","6778027","6778330","KQ053421v1","5610673","5610968","73","1167354"
"JH378117","6854994","6855302","KQ055267v1","513773","514088","76","6341221"
"JH378117","6881610","6881887","KQ053421v1","5610673","5610968","75","1270937"
"JH378117","6978984","6979261","KQ053421v1","5610673","5610968","88","1368311"
"JH378117","6980869","6981180","KQ055267v1","513773","514088","82","6467096"
"JH378117","7135339","7135634","KQ053421v1","5610673","5610968","68","1524666"
"JH378117","7173548","7173839","KQ053421v1","5610673","5610968","78","1562875"
"JH378117","7232832","7233128","KQ053421v1","5610673","5610968","80","1622159"
"JH378117","7295523","7295647","KQ053398v1","2623748","2623879","34","4671775"
"JH378117","7304043","7304235","KQ056147v1","2861940","2862121","53","4442103"
"JH378117","7341351","7341662","KQ055352v1","6003171","6003466","74","1338180"
"JH378117","7356332","7356628","KQ053421v1","5610673","5610968","80","1745659"
"JH378117","7358661","7358934","KQ055862v1","1305285","1305561","78","6053376"
"JH378117","7373584","7373872","KQ053421v1","5610673","5610968","76","1762911"
"JH378117","7479395","7479659","KQ058339v1","4553625","4553889","71","2925770"
"JH378117","7489787","7490101","KQ053421v1","5610673","5610968","78","1879114"
"JH378117","7549747","7550061","KQ058427v1","7786546","7786853","75","236799"
"JH378117","7569241","7569513","KQ058242v1","595939","596205","79","6973302"
"JH378117","7633139","7633420","KQ053421v1","5610673","5610968","89","2022466"
"JH378117","7634160","7634454","KQ053421v1","5610673","5610968","81","2023487"
"JH378117","7651772","7652056","KQ058640v1","643463","643729","75","7008309"
"JH378117","7673334","7673546","KQ055662v1","1890465","1890674","53","5782869"
"JH378117","7676203","7676510","KQ053421v1","5610673","5610968","85","2065530"
"JH378117","7700538","7700662","KQ053398v1","2627781","2627909","34","5072757"
"JH378117","7718045","7718197","KQ054268v1","765831","765979","49","6952214"
"JH378117","7721215","7721346","KQ053398v1","2623748","2623879","35","5097467"
"JH378117","7731069","7731366","KQ053421v1","5610673","5610968","74","2120396"
"JH378117","7800217","7800500","KQ053421v1","5610673","5610968","96","2189544"
"JH378117","7816235","7816537","KQ053421v1","5610673","5610968","69","2205562"
"JH378117","7818507","7818811","KQ058427v1","7786546","7786853","104","31961"
"JH378117","7827007","7827293","KQ053421v1","5610673","5610968","156","2216334"
"JH378117","7870266","7870577","KQ055267v1","513773","514088","73","7356493"
"JH378117","7878414","7878719","KQ053421v1","5610673","5610968","69","2267741"
"JH378117","7920599","7920764","KQ057204v1","2930576","2930741","39","4990023"
"JH378117","7930997","7931295","KQ055352v1","6003171","6003466","83","1927826"
"JH378117","7947598","7947792","KQ058594v1","1033101","1033292","47","6914497"
"JH378117","7947893","7947998","KQ056493v1","2043382","2043488","37","5904511"
"JH378117","7960766","7961083","KQ053421v1","5610673","5610968","86","2350093"
"JH378117","7970991","7971301","KQ055352v1","6003171","6003466","71","1967820"
"JH378117","8017039","8017331","KQ053421v1","5610673","5610968","89","2406366"
"JH378117","8149872","8150158","KQ053421v1","5610673","5610968","94","2539199"
"JH378117","8184178","8184487","KQ055267v1","513773","514088","76","7670405"
"JH378117","8211668","8211901","KQ058242v1","595939","596205","86","7615729"
"JH378117","8344616","8344903","KQ053421v1","5610673","5610968","76","2733943"
"JH378117","8391614","8391824","KQ058509v1","24058","24271","83","8367556"
"JH378117","8414056","8414269","KQ055662v1","1890465","1890674","63","6523591"
"JH378117","8445111","8445429","KQ055352v1","6003171","6003466","80","2441940"
"JH378117","8457938","8458248","KQ055352v1","6003171","6003466","72","2454767"
"JH378117","8484555","8484805","KQ056321v1","575951","576190","77","7908604"
"JH378117","8498176","8498257","KQ058272v1","5924923","5924994","31","2573253"
"JH378117","8526104","8526350","KQ058505v1","2207051","2207301","84","6319053"
"JH378117","8529385","8529695","KQ055352v1","6003171","6003466","73","2526214"
"JH378117","8534199","8534505","KQ053421v1","5610673","5610968","69","2923526"
"JH378117","8562250","8562521","KQ058242v1","595939","596205","78","7966311"
"JH378117","8565962","8566259","KQ058427v1","7786546","7786853","91","779416"
"JH378117","8583259","8583551","KQ053421v1","5610673","5610968","75","2972586"
"JH378117","8585737","8586045","KQ055267v1","513773","514088","69","8071964"
"JH378117","8603958","8604256","KQ053421v1","5610673","5610968","77","2993285"
"JH378117","8604555","8604759","KQ056064v1","326763","326940","70","8277792"
"JH378117","8625002","8625310","KQ055267v1","513773","514088","70","8111229"
"JH378117","8646181","8646492","KQ055352v1","6003171","6003466","76","2643010"
"JH378117","8652948","8653239","KQ053421v1","5610673","5610968","75","3042275"
"JH378117","8672260","8672462","KQ053234v1","1679581","1679757","64","6992679"
"JH378117","8684113","8684400","KQ053421v1","5610673","5610968","77","3073440"
"JH378117","8734085","8734430","KQ053421v1","5610673","5610968","106","3123412"
"JH378117","8740905","8741015","KQ056493v1","2043382","2043488","24","6697523"
"JH378117","8743975","8744278","KQ053421v1","5610673","5610968","63","3133302"
"JH378117","8762354","8762615","KQ058242v1","595939","596205","73","8166415"
"JH378117","8784875","8785172","KQ053421v1","5610673","5610968","66","3174202"
"JH378117","8836620","8836947","KQ053421v1","5610673","5610968","89","3225947"
"JH378117","8879493","8879799","KQ053421v1","5610673","5610968","79","3268820"
"JH378117","8900936","8901240","KQ058427v1","7786546","7786853","80","1114390"
"JH378117","8957775","8958079","KQ053421v1","5610673","5610968","71","3347102"
"JH378117","8969962","8970176","KQ055662v1","1890465","1890674","69","7079497"
"JH378117","9032687","9033031","KQ055267v1","513773","514088","103","8518914"
"JH378117","9038762","9039057","KQ053421v1","5610673","5610968","70","3428089"
"JH378117","9254355","9254665","KQ058427v1","7786546","7786853","79","1467809"
"JH378117","9376910","9377204","KQ053421v1","5610673","5610968","71","3766237"
"JH378117","9502711","9503022","KQ055267v1","513773","514088","74","8988938"
"JH378117","9623166","9623469","KQ053421v1","5610673","5610968","72","4012493"
"JH378117","9673448","9673754","KQ055352v1","6003171","6003466","72","3670277"
"JH378117","9730997","9731299","KQ053421v1","5610673","5610968","69","4120324"
"JH378117","9738725","9739016","KQ053421v1","5610673","5610968","78","4128052"
"JH378117","9743879","9744187","KQ058427v1","7786546","7786853","88","1957333"
"JH378117","9846870","9847155","KQ053421v1","5610673","5610968","72","4236197"
"JH378117","9876773","9877060","KQ054815v1","2215557","2215844","84","7661216"
"JH378117","9888497","9888797","KQ053421v1","5610673","5610968","66","4277824"
"JH378117","10116332","10116626","KQ053421v1","5610673","5610968","72","4505659"
"JH378117","10156148","10156457","KQ055352v1","6003171","6003466","76","4152977"
"JH378117","10210947","10211227","KQ055352v1","6003171","6003466","84","4207776"
"JH378117","10330834","10331010","KQ052982v1","2032903","2033097","61","8297931"
"JH378117","10336449","10336748","KQ053421v1","5610673","5610968","70","4725776"
"JH378117","10530099","10530410","KQ055267v1","513773","514088","79","10016326"
"JH378117","10530706","10531010","KQ055352v1","6003171","6003466","70","4527535"
"JH378117","10546025","10546327","KQ053421v1","5610673","5610968","75","4935352"
"JH378117","10551033","10551313","KQ054815v1","2215557","2215844","72","8335476"
"JH378117","10563091","10563384","KQ058427v1","7786546","7786853","88","2776545"
"JH378117","10606121","10606489","KQ053785v1","888769","889063","139","9717352"
"JH378117","10686187","10686497","KQ055352v1","6003171","6003466","73","4683016"
"JH378117","10737770","10738057","KQ053421v1","5610673","5610968","74","5127097"
"JH378117","10762903","10763205","KQ053421v1","5610673","5610968","68","5152230"
"JH378117","10834806","10835023","KQ055662v1","1890465","1890674","64","8944341"
"JH378117","10843775","10844071","KQ053421v1","5610673","5610968","65","5233102"
"JH378117","11032572","11032857","KQ058242v1","595939","596205","85","10436633"
"JH378117","11054480","11054769","KQ053421v1","5610673","5610968","75","5443807"
"JH378117","11202912","11203221","KQ055267v1","513773","514088","72","10689139"
"JH378117","11208369","11208670","KQ053421v1","5610673","5610968","69","5597696"
"JH378117","11210336","11210499","KQ053993v1","1251070","1251235","49","9959266"
"JH378117","11364542","11364832","KQ053421v1","5610673","5610968","84","5753869"
"JH378117","11391523","11391819","KQ053421v1","5610673","5610968","70","5780850"
"JH378117","11396697","11396998","KQ053421v1","5610673","5610968","69","5786024"
"JH378117","11411176","11411470","KQ053421v1","5610673","5610968","71","5800503"
"JH378117","11447175","11447481","KQ055352v1","6003171","6003466","69","5444004"
"JH378117","11619294","11619594","KQ053421v1","5610673","5610968","71","6008621"
"JH378117","11631120","11631424","KQ053421v1","5610673","5610968","73","6020447"
"JH378117","11652222","11652506","KQ058640v1","643463","643729","101","11008759"
"JH378117","11652662","11652973","KQ053421v1","5610673","5610968","96","6041989"
"JH378117","11870347","11870647","KQ053421v1","5610673","5610968","72","6259674"
"JH378117","11898958","11899241","KQ054815v1","2215557","2215844","78","9683401"
"JH378117","12032786","12033090","KQ053421v1","5610673","5610968","76","6422113"
"JH378117","12062014","12062302","KQ053421v1","5610673","5610968","83","6451341"
"JH378117","12164521","12164822","KQ053421v1","5610673","5610968","62","6553848"
"JH378117","12181556","12181832","KQ057186v1","783828","784085","72","11397728"
"JH378117","12329090","12329399","KQ055352v1","6003171","6003466","73","6325919"
"JH378117","12360969","12361279","KQ055267v1","513773","514088","73","11847196"
"JH378117","12376336","12376629","KQ053421v1","5610673","5610968","71","6765663"
"JH378117","12516072","12516371","KQ053421v1","5610673","5610968","85","6905399"
"JH378117","12674049","12674344","KQ053421v1","5610673","5610968","76","7063376"
"JH378117","12689030","12689336","KQ055352v1","6003171","6003466","71","6685859"
"JH378117","12706425","12706733","KQ055267v1","513773","514088","77","12192652"
"JH378117","12707878","12708197","KQ058427v1","7786546","7786853","86","4921332"
"JH378117","12763967","12764267","KQ053421v1","5610673","5610968","74","7153294"
"JH378117","12861302","12861603","KQ053421v1","5610673","5610968","68","7250629"
"JH378117","12970773","12971020","KQ058505v1","2207051","2207301","82","10763722"
"JH378117","12990488","12990792","KQ055352v1","6003171","6003466","69","6987317"
"JH378117","13175084","13175395","KQ055352v1","6003171","6003466","69","7171913"
"JH378117","13206798","13207114","KQ058427v1","7786546","7786853","79","5420252"
"JH378117","13210727","13210919","KQ052982v1","2032903","2033097","44","11177824"
"JH378117","13215748","13216058","KQ055267v1","513773","514088","72","12701975"
"JH378117","13226933","13227221","KQ053421v1","5610673","5610968","74","7616260"
"JH378117","13258585","13258854","KQ058242v1","595939","596205","76","12662646"
"JH378117","13319448","13319755","KQ055352v1","6003171","6003466","71","7316277"
"JH378117","13345809","13346083","KQ055862v1","1305285","1305561","91","12040524"
"JH378117","13362854","13363156","KQ058427v1","7786546","7786853","73","5576308"
"JH378117","13624369","13624650","KQ053421v1","5610673","5610968","75","8013696"
"JH378117","13752004","13752229","KQ056064v1","326763","326940","91","13425241"
"JH378117","13963991","13964292","KQ053421v1","5610673","5610968","69","8353318"
"JH378117","13987502","13987792","KQ053421v1","5610673","5610968","74","8376829"
"JH378117","14033405","14033513","KQ056493v1","2043382","2043488","42","11990023"
"JH378117","14083157","14083467","KQ055352v1","6003171","6003466","72","8079986"
"JH378117","14124210","14124493","KQ054815v1","2215557","2215844","82","11908653"
"JH378117","14193018","14193271","KQ058242v1","595939","596205","78","13597079"
"JH378117","14290371","14290676","KQ053421v1","5610673","5610968","70","8679698"
"JH378117","14355628","14355723","KQ053998v1","8863","8933","46","14346765"
"JH378117","14414476","14414769","KQ053421v1","5610673","5610968","72","8803803"
"JH378117","14464972","14465281","KQ055267v1","513773","514088","71","13951199"
"JH378117","14542092","14542385","KQ053421v1","5610673","5610968","71","8931419"
"JH378117","14592230","14592448","KQ053234v1","1414405","1414609","69","13177825"
"JH378117","14688925","14689236","KQ058427v1","7786546","7786853","86","6902379"
"JH378117","14744882","14745179","KQ053421v1","5610673","5610968","72","9134209"
"JH378117","14745566","14745863","KQ053421v1","5610673","5610968","84","9134893"
"JH378117","14755594","14755913","KQ055352v1","6003171","6003466","90","8752423"
"JH378117","14830847","14831106","KQ058427v1","6786866","6787134","85","8043981"
"JH378117","14900838","14901149","KQ055352v1","6003171","6003466","73","8897667"
"JH378117","15007790","15008088","KQ053421v1","5610673","5610968","69","9397117"
"JH378117","15043283","15043558","KQ053883v1","6938067","6938331","76","8105216"
"JH378117","15081208","15081516","KQ055267v1","513773","514088","76","14567435"
"JH378117","15131035","15131316","KQ053421v1","5610673","5610968","82","9520362"
"JH378117","15146147","15146447","KQ053421v1","5610673","5610968","71","9535474"
"JH378117","15268273","15268574","KQ053421v1","5610673","5610968","67","9657600"
"JH378117","15277893","15278190","KQ053421v1","5610673","5610968","71","9667220"
"JH378117","15286910","15287218","KQ055352v1","6003171","6003466","72","9283739"
"JH378117","15291248","15291535","KQ053421v1","5610673","5610968","83","9680575"
"JH378117","15326499","15326722","KQ056064v1","326763","326940","82","14999736"
"JH378117","15475840","15476147","KQ055267v1","513773","514088","86","14962067"
"JH378117","15557672","15557971","KQ055267v1","513773","514088","80","15043899"
"JH378117","15609611","15609913","KQ053421v1","5610673","5610968","67","9998938"
"JH378117","15652738","15653048","KQ058427v1","7786546","7786853","74","7866192"
"JH378117","15669357","15669656","KQ053421v1","5610673","5610968","68","10058684"
"JH378117","15678816","15678906","KQ053998v1","8863","8933","43","15669953"
"JH378117","15680305","15680597","KQ053421v1","5610673","5610968","71","10069632"
"JH378117","15680904","15681213","KQ058427v1","7786546","7786853","72","7894358"
"JH378117","15684478","15684770","KQ053421v1","5610673","5610968","76","10073805"
"JH378117","15719906","15720184","KQ058339v1","4553625","4553889","78","11166281"
"JH378117","15764394","15764627","KQ055717v1","1610777","1611031","87","14153617"
"JH378117","15787856","15788039","KQ056064v1","326763","326940","49","15461093"
"JH378117","15819880","15820173","KQ053421v1","5610673","5610968","83","10209207"
"JH378117","15875235","15875542","KQ055352v1","6003171","6003466","72","9872064"
"JH378117","15878255","15878548","KQ053421v1","5610673","5610968","65","10267582"
"JH378117","15914288","15914577","KQ053421v1","5610673","5610968","73","10303615"
"JH378117","15948692","15948966","KQ054815v1","2215557","2215844","78","13733135"
"JH378117","16006588","16006898","KQ055267v1","513773","514088","74","15492815"
"JH378117","16029112","16029401","KQ053421v1","5610673","5610968","76","10418439"
"JH378117","16054545","16054833","KQ053421v1","5610673","5610968","81","10443872"
"JH378117","16102366","16102445","KQ056235v1","1266284","1266361","23","14836082"
"JH378117","16133769","16134079","KQ053059v1","2548766","2549102","100","13585003"
"JH378117","16205891","16206093","KQ058509v1","24058","24271","92","16181833"
"JH378117","16230413","16230722","KQ055352v1","6003171","6003466","68","10227242"
"JH378117","16244407","16244686","KQ058242v1","595939","596205","75","15648468"
"JH378117","16253711","16253982","KQ053421v1","5610673","5610968","96","10643038"
"JH378117","16271642","16271938","KQ053421v1","5610673","5610968","69","10660969"
"JH378117","16279885","16280172","KQ053421v1","5610673","5610968","79","10669212"
"JH378117","16282604","16282899","KQ053421v1","5610673","5610968","80","10671931"
"JH378117","16284464","16284759","KQ055352v1","6003171","6003466","82","10281293"
"JH378117","16329180","16329477","KQ055862v1","1305285","1305561","84","15023895"
"JH378117","16621276","16621556","KQ058242v1","595939","596205","82","16025337"
"JH378117","16634297","16634605","KQ055352v1","6003171","6003466","76","10631126"
"JH378117","16636411","16636691","KQ053421v1","5610673","5610968","86","11025738"
"JH378117","16748775","16749071","KQ053421v1","5610673","5610968","71","11138102"
"JH378117","16950699","16951001","KQ053421v1","5610673","5610968","72","11340026"
"JH378117","16971291","16971581","KQ053421v1","5610673","5610968","71","11360618"
"JH378117","17072911","17073072","KQ053398v1","2623748","2623879","58","14449163"
"JH378117","17093677","17093958","KQ053785v1","888769","889063","72","16204908"
"JH378117","17254764","17255056","KQ053421v1","5610673","5610968","80","11644091"
"JH378117","17311907","17312201","KQ053421v1","5610673","5610968","73","11701234"
"JH378117","17321777","17322072","KQ053421v1","5610673","5610968","73","11711104"
"JH378117","17468459","17468740","KQ053785v1","888769","889063","79","16579690"
"JH378117","17497283","17497587","KQ058427v1","7786546","7786853","71","9710737"
"JH378117","17531364","17531635","KQ053421v1","5610673","5610968","89","11920691"
"JH378117","17552723","17553040","KQ055267v1","513773","514088","86","17038950"
"JH378117","17630108","17630405","KQ053421v1","5610673","5610968","73","12019435"
"JH378117","17635711","17636008","KQ053421v1","5610673","5610968","76","12025038"
"JH378117","17640430","17640741","KQ055352v1","6003171","6003466","73","11637259"
"JH378117","17706038","17706329","KQ053421v1","5610673","5610968","80","12095365"
"JH378117","17716020","17716325","KQ058427v1","7786546","7786853","86","9929474"
"JH378117","17776694","17776992","KQ055267v1","513773","514088","73","17262921"
"JH378117","18015050","18015341","KQ053421v1","5610673","5610968","82","12404377"
"JH378117","18164938","18165245","KQ053421v1","5610673","5610968","71","12554265"
"JH378117","18182853","18183158","KQ055352v1","6003171","6003466","71","12179682"
"JH378117","18225071","18225361","KQ053421v1","5610673","5610968","74","12614398"
"JH378117","18280530","18280837","KQ055267v1","513773","514088","68","17766757"
"JH378117","18354084","18354377","KQ055862v1","1305285","1305561","92","17048799"
"JH378117","18389636","18389963","KQ053059v1","2548766","2549102","88","15840870"
"JH378117","18540602","18540805","KQ053234v1","1679581","1679757","64","16861021"
"JH378117","18540828","18540990","KQ053993v1","1251070","1251235","47","17289758"
"JH378117","18582646","18582962","KQ055267v1","513773","514088","83","18068873"
"JH378117","18594607","18594899","KQ053421v1","5610673","5610968","70","12983934"
"JH378117","18682156","18682460","KQ053421v1","5610673","5610968","73","13071483"
"JH378117","18834619","18834835","KQ055662v1","1890465","1890674","70","16944154"
"JH378117","18889558","18889862","KQ053421v1","5610673","5610968","72","13278885"
"JH378117","19073944","19074241","KQ053421v1","5610673","5610968","68","13463271"
"JH378117","19074246","19074541","KQ053421v1","5610673","5610968","64","13463573"
"JH378117","19097461","19097747","KQ055830v1","661716","661986","102","18435745"
"JH378117","19192273","19192572","KQ053421v1","5610673","5610968","76","13581600"
"JH378117","19222651","19222914","KQ058427v1","6786866","6787134","84","12435785"
"JH378117","19283063","19283361","KQ053421v1","5610673","5610968","83","13672390"
"JH378117","19293304","19293601","KQ053421v1","5610673","5610968","69","13682631"
"JH378117","19302326","19302423","KQ056279v1","759081","759162","31","18543245"
"JH378117","19309099","19309409","KQ055352v1","6003171","6003466","74","13305928"
"JH378117","19334825","19334954","KQ053398v1","2623748","2623879","29","16711077"
"JH378117","19459737","19460036","KQ053421v1","5610673","5610968","70","13849064"
"JH378117","19533837","19534144","KQ053421v1","5610673","5610968","71","13923164"
"JH378117","19639316","19639617","KQ053421v1","5610673","5610968","64","14028643"
"JH378117","19669764","19670057","KQ053421v1","5610673","5610968","74","14059091"
"JH378117","19749583","19749876","KQ053421v1","5610673","5610968","77","14138910"
"JH378117","19751263","19751562","KQ053421v1","5610673","5610968","76","14140590"
"JH378117","19860155","19860449","KQ053421v1","5610673","5610968","80","14249482"
"JH378117","19861087","19861386","KQ053421v1","5610673","5610968","79","14250414"
"JH378117","19866179","19866494","KQ055352v1","6003171","6003466","78","13863008"
"JH378117","20032940","20033227","KQ053421v1","5610673","5610968","78","14422267"
"JH378117","20052758","20052994","KQ058505v1","2207051","2207301","84","17845707"
"JH378117","20077894","20078024","KQ053398v1","2623748","2623879","31","17454146"
"JH378117","20096057","20096350","KQ053421v1","5610673","5610968","81","14485384"
"JH378117","20112495","20112791","KQ053421v1","5610673","5610968","68","14501822"
"JH378117","20125380","20125689","KQ055352v1","6003171","6003466","72","14122209"
"JH378117","20128444","20128738","KQ053421v1","5610673","5610968","72","14517771"
"JH378117","20152259","20152496","KQ058509v1","24058","24271","70","20128201"
"JH378117","20170122","20170446","KQ053421v1","5610673","5610968","98","14559449"
"JH378117","20190619","20190923","KQ053421v1","5610673","5610968","89","14579946"
"JH378117","20191515","20191796","KQ053421v1","5610673","5610968","83","14580842"
"JH378117","20222105","20222407","KQ053421v1","5610673","5610968","70","14611432"
"JH378117","20224698","20225006","KQ053421v1","5610673","5610968","70","14614025"
"JH378117","20229323","20229631","KQ058427v1","7786546","7786853","81","12442777"
"JH378117","20318562","20318853","KQ053421v1","5610673","5610968","69","14707889"
"JH378117","20431742","20432045","KQ053421v1","5610673","5610968","72","14821069"
"JH378117","20435725","20436013","KQ055862v1","1305285","1305561","87","19130440"
"JH378117","20454303","20454599","KQ053421v1","5610673","5610968","86","14843630"
"JH378117","20469166","20469459","KQ053421v1","5610673","5610968","80","14858493"
"JH378117","20528655","20528954","KQ053421v1","5610673","5610968","82","14917982"
"JH378117","20599849","20600156","KQ055267v1","513773","514088","84","20086076"
"JH378117","20729169","20729439","KQ057186v1","783828","784085","76","19945341"
"JH378117","20738942","20739148","KQ052982v1","2032903","2033097","51","18706039"
"JH378117","20755600","20755897","KQ053421v1","5610673","5610968","79","15144927"
"JH378117","20765247","20765549","KQ053421v1","5610673","5610968","72","15154574"
"JH378117","20818367","20818669","KQ053421v1","5610673","5610968","69","15207694"
"JH378117","20834817","20835124","KQ055267v1","513773","514088","88","20321044"
"JH378117","20873945","20874255","KQ053421v1","5610673","5610968","80","15263272"
"JH378117","20880498","20880808","KQ055267v1","513773","514088","72","20366725"
"JH378117","20885028","20885338","KQ055352v1","6003171","6003466","73","14881857"
"JH378117","20886861","20887162","KQ053421v1","5610673","5610968","76","15276188"
"JH378117","20945865","20946157","KQ053421v1","5610673","5610968","75","15335192"
"JH378117","20947052","20947201","KQ053398v1","2623748","2623879","54","18323304"
"JH378117","21008647","21008955","KQ053421v1","5610673","5610968","74","15397974"
"JH378117","21043297","21043608","KQ055352v1","6003171","6003466","73","15040126"
"JH378117","21260438","21260726","KQ053421v1","5610673","5610968","80","15649765"
"JH378117","21276576","21276878","KQ053421v1","5610673","5610968","71","15665903"
"JH378117","21343053","21343358","KQ053421v1","5610673","5610968","76","15732380"
"JH378117","21398219","21398450","KQ058505v1","2207051","2207301","78","19191168"
"JH378117","21422874","21423169","KQ053421v1","5610673","5610968","72","15812201"
"JH378117","21640867","21641095","KQ052982v1","2032903","2033097","80","19607964"
"JH378117","21710145","21710453","KQ053421v1","5610673","5610968","92","16099472"
"JH378117","21979428","21979729","KQ053421v1","5610673","5610968","69","16368755"
"JH378117","22158747","22158959","KQ053752v1","8015097","8015288","61","14143650"
"JH378117","22261256","22261564","KQ055352v1","6003171","6003466","73","16258085"
"JH378117","22275781","22276087","KQ058427v1","7786546","7786853","79","14489235"
"JH378117","22319755","22320039","KQ053421v1","5610673","5610968","85","16709082"
"JH378117","22336440","22336731","KQ053421v1","5610673","5610968","72","16725767"
"JH378117","22350627","22350933","KQ053421v1","5610673","5610968","72","16739954"
"JH378117","22369608","22369905","KQ053421v1","5610673","5610968","69","16758935"
"JH378117","22396076","22396382","KQ058427v1","7786546","7786853","78","14609530"
"JH378117","22495792","22495992","KQ052982v1","2032903","2033097","57","20462889"
"JH378117","22497359","22497640","KQ053421v1","5610673","5610968","83","16886686"
"JH378117","22878210","22878488","KQ053421v1","5610673","5610968","87","17267537"
"JH378117","22880984","22881293","KQ053421v1","5610673","5610968","85","17270311"
"JH378117","22902389","22902687","KQ053421v1","5610673","5610968","76","17291716"
"JH378117","22960312","22960612","KQ053421v1","5610673","5610968","76","17349639"
"JH378117","22977533","22977811","KQ053421v1","5610673","5610968","89","17366860"
"JH378117","23086902","23087213","KQ055352v1","6003171","6003466","75","17083731"
"JH378117","23097355","23097663","KQ055267v1","513773","514088","70","22583582"
"JH378117","23145431","23145713","KQ053421v1","5610673","5610968","86","17534758"
"JH378117","23191808","23192122","KQ055267v1","513773","514088","83","22678035"
"JH378117","23265869","23266177","KQ055352v1","6003171","6003466","73","17262698"
"JH378117","23345443","23345734","KQ055862v1","1305285","1305561","91","22040158"
"JH378117","23496070","23496380","KQ055352v1","6003171","6003466","73","17492899"
"JH378117","23611666","23611979","KQ053421v1","5610673","5610968","90","18000993"
"JH378117","23743490","23743782","KQ053421v1","5610673","5610968","76","18132817"
"JH378117","23803940","23804235","KQ053421v1","5610673","5610968","71","18193267"
"JH378117","23817638","23817921","KQ054815v1","2215557","2215844","74","21602081"
"JH378117","23828053","23828349","KQ053421v1","5610673","5610968","84","18217380"
"JH378117","23836124","23836438","KQ053421v1","5610673","5610968","90","18225451"
"JH378117","23866426","23866734","KQ055352v1","6003171","6003466","75","17863255"
"JH378117","23879536","23879834","KQ053421v1","5610673","5610968","71","18268863"
"JH378117","23916967","23917259","KQ053421v1","5610673","5610968","78","18306294"
"JH378117","23935953","23936134","KQ058350v1","9514178","9514352","42","14421775"
"JH378117","23940045","23940341","KQ053421v1","5610673","5610968","72","18329372"
"JH378117","23945863","23946156","KQ053421v1","5610673","5610968","90","18335190"
"JH378117","23977061","23977266","KQ058594v1","5950443","5950621","65","18026618"
"JH378117","23985381","23985688","KQ055352v1","6003171","6003466","73","17982210"
"JH378117","24021727","24022030","KQ053421v1","5610673","5610968","86","18411054"
"JH378117","24051472","24051777","KQ053421v1","5610673","5610968","74","18440799"
"JH378117","24076878","24077177","KQ053785v1","888769","889063","97","23188109"
"JH378117","24187355","24187656","KQ053421v1","5610673","5610968","73","18576682"
"JH378117","24274189","24274456","KQ053421v1","5610673","5610968","76","18663516"
"JH378117","24305818","24306117","KQ058242v1","595939","596205","92","23709879"
"JH378117","24334265","24334579","KQ053421v1","5610673","5610968","89","18723592"
"JH378117","24374936","24375234","KQ053421v1","5610673","5610968","77","18764263"
"JH378117","24381325","24381565","KQ058242v1","595939","596205","80","23785386"
"JH378117","24411474","24411775","KQ058427v1","7786546","7786853","78","16624928"
"JH378117","24599169","24599435","KQ058242v1","595939","596205","80","24003230"
"JH378117","24646648","24646959","KQ055267v1","513773","514088","73","24132875"
"JH378117","24653050","24653335","KQ053421v1","5610673","5610968","94","19042377"
"JH378117","24671093","24671394","KQ053421v1","5610673","5610968","73","19060420"
"JH378117","24733025","24733277","KQ058505v1","2207051","2207301","85","22525974"
"JH378117","24823540","24823845","KQ053421v1","5610673","5610968","73","19212867"
"JH378117","24825303","24825536","KQ055662v1","1890465","1890674","77","22934838"
"JH378117","24861286","24861353","KQ056279v1","759081","759162","24","24102205"
"JH378117","24861671","24861880","KQ056005v1","1024192","1024395","53","23837479"
"JH378117","24899570","24899865","KQ053421v1","5610673","5610968","80","19288897"
"JH378117","24952449","24952764","KQ053421v1","5610673","5610968","73","19341776"
"JH378117","24993906","24994126","KQ055662v1","1890465","1890674","63","23103441"
"JH378117","24997867","24998042","KQ053993v1","1251070","1251235","56","23746797"
"JH378117","25013933","25014240","KQ055267v1","513773","514088","83","24500160"
"JH378117","25069003","25069134","KQ056911v1","1421731","1421862","47","23647272"
"JH378117","25137995","25138297","KQ053421v1","5610673","5610968","77","19527322"
"JH378117","25173135","25173418","KQ053421v1","5610673","5610968","80","19562462"
"JH378117","25366769","25367063","KQ053421v1","5610673","5610968","78","19756096"
"JH378117","25427101","25427331","KQ055662v1","1890465","1890674","71","23536636"
"JH378117","25526272","25526568","KQ053421v1","5610673","5610968","70","19915599"
"JH378117","25533639","25533748","KQ057161v1","453350","453459","32","25080289"
"JH378117","25541160","25541465","KQ053421v1","5610673","5610968","68","19930487"
"JH378117","25551529","25551644","KQ053398v1","2623748","2623879","41","22927781"
"JH378117","25559930","25560210","KQ053421v1","5610673","5610968","76","19949257"
"JH378117","25561659","25561947","KQ053421v1","5610673","5610968","84","19950986"
"JH378117","25585002","25585295","KQ053421v1","5610673","5610968","76","19974329"
"JH378117","25595841","25596149","KQ055267v1","513773","514088","71","25082068"
"JH378117","25616732","25616913","KQ058350v1","9514178","9514352","39","16102554"
"JH378117","25630648","25630957","KQ053421v1","5610673","5610968","88","20019975"
"JH378117","25643388","25643684","KQ053421v1","5610673","5610968","72","20032715"
"JH378117","25647597","25647881","KQ053421v1","5610673","5610968","74","20036924"
"JH378117","25654549","25654654","KQ056235v1","1266284","1266361","38","24388265"
"JH378117","25693331","25693627","KQ054815v1","2215557","2215844","85","23477774"
"JH378117","25703926","25704222","KQ053421v1","5610673","5610968","74","20093253"
"JH378117","25722779","25723105","KQ053421v1","5610673","5610968","109","20112106"
"JH378117","25751599","25751769","KQ057821v1","3059321","3059481","45","22692278"
"JH378117","25756046","25756343","KQ053421v1","5610673","5610968","75","20145373"
"JH378117","25785345","25785644","KQ053421v1","5610673","5610968","67","20174672"
"JH378117","25867569","25867878","KQ055352v1","6003171","6003466","70","19864398"
"JH378117","25873168","25873439","KQ058640v1","643463","643729","92","25229705"
"JH378117","25951584","25951893","KQ053421v1","5610673","5610968","74","20340911"
"JH378117","26014645","26014954","KQ058427v1","7786546","7786853","78","18228099"
"JH378117","26056895","26057181","KQ055862v1","1305285","1305561","84","24751610"
"JH378117","26122123","26122432","KQ055352v1","6003171","6003466","73","20118952"
"JH378117","26148693","26148997","KQ053421v1","5610673","5610968","69","20538020"
"JH378117","26175665","26175959","KQ053421v1","5610673","5610968","67","20564992"
"JH378117","26183627","26183708","KQ058316v1","2226037","2226104","30","23957590"
"JH378117","26183966","26184088","KQ053398v1","2623748","2623879","42","23560218"
"JH378117","26196885","26197187","KQ053421v1","5610673","5610968","70","20586212"
"JH378117","26225079","26225369","KQ053421v1","5610673","5610968","80","20614406"
"JH378117","26245041","26245341","KQ055352v1","6003171","6003466","85","20241870"
"JH378117","26304881","26305184","KQ053421v1","5610673","5610968","71","20694208"
"JH378117","26401994","26402313","KQ055267v1","513773","514088","79","25888221"
"JH378117","26562248","26562344","KQ053998v1","8863","8933","36","26553385"
"JH378117","26606715","26607004","KQ055862v1","1305285","1305561","81","25301430"
"JH378117","26642766","26643064","KQ053421v1","5610673","5610968","68","21032093"
"JH378117","26719703","26719979","KQ055830v1","661716","661986","94","26057987"
"JH378117","26799864","26800169","KQ055267v1","513773","514088","68","26286091"
"JH378117","26881653","26881868","KQ053234v1","1414405","1414609","67","25467248"
"JH378117","27111234","27111546","KQ053421v1","5610673","5610968","75","21500561"
"JH378117","27416435","27416762","KQ055267v1","513773","514088","85","26902662"
"JH378117","27623967","27624266","KQ053421v1","5610673","5610968","70","22013294"
"JH378117","27945103","27945408","KQ055267v1","513773","514088","71","27431330"
"JH378117","28041553","28041849","KQ053421v1","5610673","5610968","68","22430880"
"JH378117","28116138","28116428","KQ053421v1","5610673","5610968","76","22505465"
"JH378117","28137812","28138032","KQ056064v1","326763","326940","75","27811049"
"JH378117","28166641","28166933","KQ053421v1","5610673","5610968","70","22555968"
"JH378117","28180998","28181283","KQ053421v1","5610673","5610968","92","22570325"
"JH378117","28275482","28275783","KQ053421v1","5610673","5610968","70","22664809"
"JH378117","28313114","28313407","KQ053421v1","5610673","5610968","80","22702441"
"JH378117","28406963","28407268","KQ058427v1","7786546","7786853","83","20620417"
"JH378117","28615731","28616024","KQ053421v1","5610673","5610968","74","23005058"
"JH378117","28633214","28633510","KQ053421v1","5610673","5610968","70","23022541"
"JH378117","28653899","28654152","KQ058505v1","2207051","2207301","76","26446848"
"JH378117","28665123","28665406","KQ055862v1","1305285","1305561","78","27359838"
"JH378117","28668056","28668147","KQ058272v1","5924923","5924994","39","22743133"
"JH378117","28717755","28718067","KQ055267v1","513773","514088","76","28203982"
"JH378117","28729466","28729776","KQ053421v1","5610673","5610968","81","23118793"
"JH378117","28743544","28743853","KQ053421v1","5610673","5610968","82","23132871"
"JH378117","28836613","28836886","KQ058242v1","595939","596205","78","28240674"
"JH378117","28994333","28994626","KQ053421v1","5610673","5610968","76","23383660"
"JH378117","29001161","29001454","KQ053421v1","5610673","5610968","66","23390488"
"JH378117","29397543","29397824","KQ053785v1","888769","889063","78","28508774"
"JH378117","29461442","29461751","KQ055267v1","513773","514088","80","28947669"
"JH378117","29497610","29497908","KQ053421v1","5610673","5610968","76","23886937"
"JH378117","29518241","29518542","KQ053421v1","5610673","5610968","73","23907568"
"JH378117","29565336","29565634","KQ053421v1","5610673","5610968","72","23954663"
"JH378117","29570684","29570867","KQ053531v1","6571","6737","53","29564113"
"JH378117","29612241","29612488","KQ057901v1","868884","869144","84","28743357"
"JH378117","29720391","29720692","KQ053421v1","5610673","5610968","69","24109718"
"JH378117","29744129","29744439","KQ053421v1","5610673","5610968","72","24133456"
"JH378117","29768182","29768488","KQ053421v1","5610673","5610968","75","24157509"
"JH378117","29784286","29784589","KQ053421v1","5610673","5610968","68","24173613"
"JH378117","29789854","29790168","KQ053421v1","5610673","5610968","79","24179181"
"JH378117","29790369","29790667","KQ053421v1","5610673","5610968","70","24179696"
"JH378117","29802274","29802423","KQ053398v1","2623748","2623879","46","27178526"
"JH378117","29827544","29827845","KQ053421v1","5610673","5610968","72","24216871"
"JH378117","29858465","29858760","KQ053421v1","5610673","5610968","77","24247792"
"JH378117","29919266","29919502","KQ058242v1","595939","596205","86","29323327"
"JH378117","29925715","29926028","KQ055267v1","513773","514088","73","29411942"
"JH378117","29933323","29933620","KQ053421v1","5610673","5610968","62","24322650"
"JH378117","29941713","29941986","KQ055352v1","6003171","6003466","83","23938542"
"JH378117","30224261","30224561","KQ053421v1","5610673","5610968","70","24613588"
"JH378117","30263128","30263423","KQ053421v1","5610673","5610968","85","24652455"
"JH378117","30421685","30421974","KQ053421v1","5610673","5610968","75","24811012"
"JH378117","30439122","30439243","KQ053398v1","2623748","2623879","35","27815374"
"JH378117","30463490","30463791","KQ053421v1","5610673","5610968","72","24852817"
"JH378117","30541958","30542206","KQ058505v1","2207051","2207301","80","28334907"
"JH378117","30561302","30561590","KQ053421v1","5610673","5610968","83","24950629"
"JH378117","30628530","30628815","KQ053421v1","5610673","5610968","82","25017857"
"JH378117","30641764","30641834","KQ056279v1","759081","759162","25","29882683"
"JH378117","30642069","30642233","KQ054693v1","212570","212703","61","30429499"
"JH378117","30643062","30643349","KQ053421v1","5610673","5610968","80","25032389"
"JH378117","30748336","30748643","KQ055267v1","513773","514088","79","30234563"
"JH378117","30854309","30854601","KQ053421v1","5610673","5610968","87","25243636"
"JH378117","30891592","30891896","KQ053421v1","5610673","5610968","77","25280919"
"JH378117","30926274","30926582","KQ055352v1","6003171","6003466","73","24923103"
"JH378117","30952164","30952446","KQ053421v1","5610673","5610968","78","25341491"
"JH378117","30980463","30980773","KQ058427v1","7786546","7786853","72","23193917"
"JH378117","31014993","31015293","KQ053421v1","5610673","5610968","71","25404320"
"JH378117","31027064","31027356","KQ053421v1","5610673","5610968","96","25416391"
"JH378117","31089355","31089647","KQ053421v1","5610673","5610968","72","25478682"
"JH378117","31149607","31149879","KQ055862v1","1305285","1305561","85","29844322"
"JH378117","31212468","31212703","KQ058242v1","595939","596205","70","30616529"
"JH378117","31243639","31243917","KQ053785v1","888769","889063","83","30354870"
"JH378117","31261378","31261681","KQ055352v1","6003171","6003466","71","25258207"
"JH378117","31282418","31282723","KQ055352v1","6003171","6003466","70","25279247"
"JH378117","31295140","31295467","KQ058427v1","7786546","7786853","93","23508594"
"JH378117","31345223","31345520","KQ053421v1","5610673","5610968","71","25734550"
"JH378117","31370433","31370730","KQ053421v1","5610673","5610968","69","25759760"
"JH378117","31474673","31474983","KQ053421v1","5610673","5610968","84","25864000"
"JH378117","31486998","31487284","KQ053421v1","5610673","5610968","81","25876325"
"JH378117","31546814","31547097","KQ058242v1","595939","596205","86","30950875"
"JH378117","31610944","31611236","KQ053421v1","5610673","5610968","77","26000271"
"JH378117","31717530","31717841","KQ055267v1","513773","514088","71","31203757"
"JH378117","31839566","31839722","KQ055914v1","670963","671119","53","31168603"
"JH378117","31887348","31887618","KQ058242v1","595939","596205","72","31291409"
"JH378117","31913418","31913724","KQ055352v1","6003171","6003466","72","25910247"
"JH378117","31924418","31924724","KQ055267v1","513773","514088","74","31410645"
"JH378117","31954666","31954977","KQ055352v1","6003171","6003466","71","25951495"
"JH378117","31958998","31959079","KQ056235v1","1266284","1266361","23","30692714"
"JH378117","32017835","32018146","KQ055352v1","6003171","6003466","73","26014664"
"JH378117","32037785","32038057","KQ053421v1","5610673","5610968","81","26427112"
"JH378117","32039674","32039978","KQ053421v1","5610673","5610968","71","26429001"
"JH378117","32097486","32097771","KQ054815v1","2215557","2215844","76","29881929"
"JH378117","32162949","32163254","KQ055352v1","6003171","6003466","68","26159778"
"JH378117","32172262","32172561","KQ053421v1","5610673","5610968","71","26561589"
"JH378117","32301286","32301605","KQ058427v1","7786546","7786853","110","24514740"
"JH378117","32422453","32422754","KQ053421v1","5610673","5610968","73","26811780"
"JH378117","32472239","32472540","KQ053421v1","5610673","5610968","78","26861566"
"JH378117","32478701","32479008","KQ055267v1","513773","514088","76","31964928"
"JH378117","32509447","32509751","KQ053421v1","5610673","5610968","70","26898774"
"JH378117","32527333","32527642","KQ055352v1","6003171","6003466","75","26524162"
"JH378117","32553414","32553710","KQ053421v1","5610673","5610968","69","26942741"
"JH378117","32571924","32572232","KQ055267v1","513773","514088","74","32058151"
"JH378117","32754128","32754407","KQ053421v1","5610673","5610968","80","27143455"
"JH378117","32761819","32762090","KQ058242v1","595939","596205","73","32165880"
"JH378117","32785452","32785757","KQ053421v1","5610673","5610968","72","27174779"
"JH378117","32818978","32819276","KQ053421v1","5610673","5610968","70","27208305"
"JH378117","32829713","32829966","KQ058242v1","595939","596205","75","32233774"
"JH378117","32845891","32846204","KQ053421v1","5610673","5610968","91","27235218"
"JH378117","32855490","32855802","KQ058427v1","7786546","7786853","79","25068944"
"JH378117","32883394","32883574","KQ058423v1","270754","270928","42","32612640"
"JH378117","32943240","32943537","KQ053421v1","5610673","5610968","77","27332567"
"JH378117","32956929","32957059","KQ053398v1","2623748","2623879","34","30333181"
"JH378117","32997267","32997547","KQ054815v1","2215557","2215844","78","30781710"
"JH378117","33024623","33024927","KQ053421v1","5610673","5610968","83","27413950"
"JH378117","33043097","33043216","KQ053398v1","2623748","2623879","36","30419349"
"JH378117","33066909","33067178","KQ055352v1","6003171","6003466","89","27063738"
"JH378117","33073223","33073470","KQ058505v1","2207051","2207301","100","30866172"
"JH378117","33089429","33089729","KQ053421v1","5610673","5610968","71","27478756"
"JH378117","33129247","33129544","KQ053421v1","5610673","5610968","72","27518574"
"JH378117","33168694","33168999","KQ053421v1","5610673","5610968","72","27558021"
"JH378117","33172449","33172732","KQ053421v1","5610673","5610968","93","27561776"
"JH378117","33321343","33321653","KQ055267v1","513773","514088","93","32807570"
"JH378117","33418806","33418879","KQ055394v1","3161316","3161387","26","30257490"
"JH378117","33556695","33556963","KQ053883v1","6938067","6938331","93","26618628"
"JH378117","33581570","33581869","KQ053421v1","5610673","5610968","69","27970897"
"JH378117","33635692","33635983","KQ053421v1","5610673","5610968","72","28025019"
"JH378117","33639377","33639494","KQ053398v1","2623748","2623879","39","31015629"
"JH378117","33665236","33665547","KQ055352v1","6003171","6003466","67","27662065"
"JH378117","33718252","33718548","KQ053421v1","5610673","5610968","76","28107579"
"JH378117","33741917","33742165","KQ054068v1","3638075","3638299","82","30103842"
"JH378117","33750515","33750806","KQ053421v1","5610673","5610968","73","28139842"
"JH378117","33766673","33766973","KQ053421v1","5610673","5610968","68","28156000"
"JH378117","33838722","33839028","KQ055352v1","6003171","6003466","71","27835551"
"JH378117","33850199","33850479","KQ053421v1","5610673","5610968","77","28239526"
"JH378117","33912061","33912370","KQ058427v1","7786546","7786853","79","26125515"
"JH378117","33951714","33952027","KQ058427v1","7786546","7786853","77","26165168"
"JH378117","34035844","34036139","KQ053421v1","5610673","5610968","69","28425171"
"JH378117","34072765","34073054","KQ053421v1","5610673","5610968","76","28462092"
"JH378117","34084401","34084696","KQ053421v1","5610673","5610968","70","28473728"
"JH378117","34089641","34089941","KQ053421v1","5610673","5610968","69","28478968"
"JH378117","34094312","34094587","KQ058242v1","595939","596205","79","33498373"
"JH378117","34190721","34191027","KQ053421v1","5610673","5610968","83","28580048"
"JH378117","34192450","34192746","KQ053421v1","5610673","5610968","71","28581777"
"JH378117","34318371","34318658","KQ053421v1","5610673","5610968","86","28707698"
"JH378117","34389838","34390157","KQ055267v1","513773","514088","93","33876065"
"JH378117","34444294","34444585","KQ053421v1","5610673","5610968","71","28833621"
"JH378117","34458283","34458595","KQ055352v1","6003171","6003466","87","28455112"
"JH378117","34476505","34476768","KQ058242v1","595939","596205","87","33880566"
"JH378117","34511674","34511976","KQ055352v1","6003171","6003466","94","28508503"
"JH378117","34552801","34553091","KQ058242v1","595939","596205","72","33956862"
"JH378117","34602572","34602879","KQ053421v1","5610673","5610968","89","28991899"
"JH378117","35018159","35018431","KQ057186v1","783828","784085","75","34234331"
"JH378117","35054364","35054673","KQ055352v1","6003171","6003466","68","29051193"
"JH378117","35113178","35113481","KQ055352v1","6003171","6003466","71","29110007"
"JH378117","35256795","35257092","KQ053421v1","5610673","5610968","65","29646122"
"JH378117","35318217","35318521","KQ055352v1","6003171","6003466","71","29315046"
"JH378117","35457493","35457745","KQ058505v1","2207051","2207301","90","33250442"
"JH378117","35547137","35547411","KQ057186v1","783828","784085","81","34763309"
"JH378117","35683700","35683938","KQ053234v1","1414405","1414609","80","34269295"
"JH378117","35695686","35695997","KQ055267v1","513773","514088","70","35181913"
"JH378117","35771035","35771346","KQ055267v1","513773","514088","74","35257262"
"JH378117","35783055","35783317","KQ058339v1","4553625","4553889","76","31229430"
"JH378117","35806792","35807073","KQ053421v1","5610673","5610968","88","30196119"
"JH378117","35821136","35821449","KQ055267v1","513773","514088","75","35307363"
"JH378117","35943633","35943935","KQ053421v1","5610673","5610968","75","30332960"
"JH378117","35959419","35959716","KQ053421v1","5610673","5610968","68","30348746"
"JH378117","36152987","36153280","KQ053421v1","5610673","5610968","67","30542314"
"JH378117","36265909","36266210","KQ057901v1","868884","869144","121","35397025"
"JH378117","36325009","36325320","KQ055352v1","6003171","6003466","73","30321838"
"JH378117","36651476","36651735","KQ058242v1","595939","596205","76","36055537"
"JH378117","36835753","36836072","KQ055267v1","513773","514088","80","36321980"
"JH378117","36942687","36942986","KQ055352v1","6003171","6003466","77","30939516"
"JH378117","36990354","36990670","KQ055267v1","513773","514088","78","36476581"
"JH378117","37039473","37039736","KQ058242v1","595939","596205","75","36443534"
"JH378117","37083270","37083581","KQ053421v1","5610673","5610968","77","31472597"
"JH378117","37114770","37115052","KQ053421v1","5610673","5610968","92","31504097"
"JH378117","37130592","37130883","KQ053421v1","5610673","5610968","83","31519919"
"JH378117","37284714","37285008","KQ053421v1","5610673","5610968","68","31674041"
"JH378117","37288689","37289000","KQ053421v1","5610673","5610968","75","31678016"
"JH378117","37311153","37311456","KQ055352v1","6003171","6003466","81","31307982"
"JH378117","37348097","37348394","KQ053421v1","5610673","5610968","72","31737424"
"JH378117","37380057","37380301","KQ058509v1","24058","24271","75","37355999"
"JH378117","37430786","37431072","KQ053421v1","5610673","5610968","84","31820113"
"JH378117","37549046","37549344","KQ053421v1","5610673","5610968","74","31938373"
"JH378117","37618070","37618184","KQ056493v1","2043382","2043488","33","35574688"
"JH378117","37618709","37618872","KQ053718v1","2495418","2495575","42","35123291"
"JH378117","37620862","37621016","KQ053398v1","2623748","2623879","55","34997114"
"JH378117","37638268","37638377","KQ056493v1","2043382","2043488","25","35594886"
"JH378117","37640148","37640281","KQ053398v1","2623748","2623879","37","35016400"
"JH378117","37640693","37640759","KQ053740v1","1987294","1987347","36","35653399"
"JH378117","37691137","37691418","KQ053785v1","888769","889063","87","36802368"
"JH378117","37693958","37694100","KQ053398v1","2623748","2623879","40","35070210"
"JH378117","37701372","37701671","KQ055352v1","6003171","6003466","78","31698201"
"JH378117","37716234","37716340","KQ055717v1","1610376","1610476","43","36105858"
"JH378117","37734147","37734447","KQ053421v1","5610673","5610968","76","32123474"
"JH378117","37764977","37765120","KQ054401v1","3363241","3363379","43","34401736"
"JH378117","37805288","37805536","KQ058339v1","4553625","4553889","84","33251663"
"JH378117","37882804","37883035","KQ058509v1","24058","24271","82","37858746"
"JH378117","37904914","37905213","KQ053421v1","5610673","5610968","78","32294241"
"JH378117","38060262","38060391","KQ053398v1","2627781","2627909","29","35432481"
"JH378117","38074287","38074579","KQ053421v1","5610673","5610968","72","32463614"
"JH378117","38134759","38135059","KQ053421v1","5610673","5610968","71","32524086"
"JH378117","38207160","38207289","KQ053398v1","2623748","2623879","34","35583412"
"JH378117","38407170","38407385","KQ053234v1","1414405","1414609","60","36992765"
"JH378117","38422669","38422850","KQ054954v1","1680710","1680882","47","36741959"
"JH378117","38643459","38643744","KQ053421v1","5610673","5610968","74","33032786"
"JH378117","38672564","38672863","KQ053421v1","5610673","5610968","69","33061891"
"JH378117","38751568","38751880","KQ055352v1","6003171","6003466","73","32748397"
"JH378117","38765094","38765391","KQ053421v1","5610673","5610968","71","33154421"
"JH378117","38772410","38772708","KQ053421v1","5610673","5610968","79","33161737"
"JH378117","38834629","38834926","KQ053421v1","5610673","5610968","66","33223956"
"JH378117","38836955","38837246","KQ053421v1","5610673","5610968","77","33226282"
"JH378117","38904636","38904761","KQ054401v1","3363241","3363379","42","35541395"
"JH378117","38931847","38932155","KQ055352v1","6003171","6003466","74","32928676"
"JH378117","38942891","38943194","KQ053421v1","5610673","5610968","69","33332218"
"JH378117","38950492","38950798","KQ053421v1","5610673","5610968","74","33339819"
"JH378117","39008923","39009231","KQ055267v1","513773","514088","72","38495150"
"JH378117","39009578","39009888","KQ053421v1","5610673","5610968","75","33398905"
"JH378118","37480","37774","KQ054815v1","2215557","2215844","88","2178077"
"JH378118","142954","143080","KQ053398v1","2623748","2623879","34","2480794"
"JH378118","182885","183190","KQ053421v1","5610673","5610968","86","5427788"
"JH378118","191468","191739","KQ055862v1","1305285","1305561","78","1113817"
"JH378118","205390","205688","KQ053421v1","5610673","5610968","70","5405283"
"JH378118","482806","483120","KQ053421v1","5610673","5610968","86","5127867"
"JH378118","535652","535950","KQ058427v1","7786546","7786853","80","7250894"
"JH378118","541192","541377","KQ052982v1","2032903","2033097","55","1491711"
"JH378118","802291","802581","KQ058242v1","595939","596205","75","206352"
"JH378118","859653","859796","KQ054401v1","3363241","3363379","43","2503588"
"JH378118","867570","867779","KQ055662v1","1890465","1890674","68","1022895"
"JH378118","942385","942695","KQ055267v1","513773","514088","71","428612"
"JH378118","965788","965896","KQ055717v1","1610376","1610476","41","644588"
"JH378118","966064","966157","KQ058316v1","2226037","2226104","37","1259973"
"JH378118","976168","976346","KQ058423v1","270754","270928","46","705414"
"JH378118","978619","978944","KQ053421v1","5610673","5610968","90","4632054"
"JH378118","995302","995613","KQ055267v1","513773","514088","83","481529"
"JH378118","1000914","1001225","KQ058427v1","7786546","7786853","80","6785632"
"JH378118","1022114","1022399","KQ053421v1","5610673","5610968","87","4588559"
"JH378118","1074002","1074299","KQ053421v1","5610673","5610968","71","4536671"
"JH378118","1082308","1082476","KQ056064v1","326763","326940","59","755545"
"JH378118","1157162","1157467","KQ053421v1","5610673","5610968","74","4453511"
"JH378118","1158011","1158304","KQ053421v1","5610673","5610968","69","4452662"
"JH378118","1244550","1244840","KQ053421v1","5610673","5610968","73","4366123"
"JH378118","1309819","1310113","KQ053421v1","5610673","5610968","83","4300854"
"JH378118","1317699","1318002","KQ053421v1","5610673","5610968","74","4292974"
"JH378118","1339848","1340150","KQ053421v1","5610673","5610968","71","4270825"
"JH378118","1361180","1361472","KQ053421v1","5610673","5610968","81","4249493"
"JH378118","1400288","1400574","KQ053421v1","5610673","5610968","74","4210385"
"JH378118","1410127","1410426","KQ053421v1","5610673","5610968","70","4200546"
"JH378118","1428410","1428711","KQ053421v1","5610673","5610968","73","4182263"
"JH378118","1435481","1435768","KQ053421v1","5610673","5610968","71","4175192"
"JH378118","1437121","1437409","KQ053421v1","5610673","5610968","74","4173552"
"JH378118","1470539","1470839","KQ053421v1","5610673","5610968","71","4140134"
"JH378118","1579100","1579445","KQ053135v1","5034940","5035266","102","3455840"
"JH378118","1583890","1584191","KQ053421v1","5610673","5610968","90","4026783"
"JH378118","1607865","1608166","KQ053421v1","5610673","5610968","79","4002808"
"JH378118","1667810","1667957","KQ056911v1","1421731","1421862","45","246079"
"JH378118","1684566","1684869","KQ053421v1","5610673","5610968","82","3926107"
"JH378118","1729652","1729950","KQ053421v1","5610673","5610968","95","3881021"
"JH378118","1741732","1742031","KQ058427v1","7786546","7786853","79","6044814"
"JH378118","1775031","1775330","KQ053421v1","5610673","5610968","67","3835642"
"JH378118","1791075","1791370","KQ053141v1","2860","3159","89","1788215"
"JH378118","1802031","1802330","KQ053421v1","5610673","5610968","69","3808642"
"JH378118","1886769","1887062","KQ053421v1","5610673","5610968","74","3723904"
"JH378118","1926877","1927086","KQ055662v1","1890465","1890674","55","36412"
"JH378118","2039068","2039371","KQ053421v1","5610673","5610968","73","3571605"
"JH378118","2139706","2140006","KQ053421v1","5610673","5610968","88","3470967"
"JH378118","2187650","2187729","KQ058272v1","5924923","5924994","38","3737273"
"JH378118","2780219","2780417","KQ056147v1","2861940","2862121","59","81721"
"JH378118","2797808","2798093","KQ053421v1","5610673","5610968","84","2812865"
"JH378118","2920307","2920616","KQ055267v1","513773","514088","74","2406534"
"JH378118","3087531","3087827","KQ053421v1","5610673","5610968","80","2523142"
"JH378118","3154672","3154983","KQ055267v1","513773","514088","77","2640899"
"JH378118","3175135","3175418","KQ055140v1","2807106","2807399","89","368029"
"JH378118","3301289","3301564","KQ054815v1","2215557","2215844","75","1085732"
"JH378118","3445345","3445615","KQ058242v1","595939","596205","87","2849406"
"JH378118","3530386","3530682","KQ053421v1","5610673","5610968","70","2080287"
"JH378118","3629853","3630156","KQ053421v1","5610673","5610968","72","1980820"
"JH378118","3654178","3654467","KQ053421v1","5610673","5610968","73","1956495"
"JH378118","3663962","3664223","KQ058339v1","4553625","4553889","90","889663"
"JH378118","3848162","3848468","KQ053421v1","5610673","5610968","80","1762511"
"JH378118","3851728","3852027","KQ053421v1","5610673","5610968","70","1758945"
"JH378118","3910269","3910579","KQ053421v1","5610673","5610968","75","1700404"
"JH378118","4103226","4103537","KQ055267v1","513773","514088","77","3589453"
"JH378118","4155746","4156031","KQ053421v1","5610673","5610968","77","1454927"
"JH378118","4338329","4338630","KQ053421v1","5610673","5610968","69","1272344"
"JH378118","4383392","4383686","KQ053421v1","5610673","5610968","73","1227281"
"JH378118","4817916","4818223","KQ055352v1","6003171","6003466","73","1185255"
"JH378118","4821624","4821931","KQ055267v1","513773","514088","73","4307851"
"JH378118","4850288","4850562","KQ057186v1","783828","784085","78","4066460"
"JH378118","4995498","4995773","KQ055862v1","1305285","1305561","87","3690213"
"JH378118","4998687","4998994","KQ053421v1","5610673","5610968","73","611986"
"JH378118","5047131","5047453","KQ055267v1","513773","514088","80","4533358"
"JH378118","5131293","5131539","KQ058242v1","595939","596205","81","4535354"
"JH378118","5163244","5163469","KQ058242v1","595939","596205","97","4567305"
"JH378118","5174875","5175126","KQ058509v1","24058","24271","85","5150817"
"JH378118","5348912","5349207","KQ053421v1","5610673","5610968","70","261761"
"JH378118","5556374","5556670","KQ053421v1","5610673","5610968","90","54299"
"JH378118","5582172","5582484","KQ055352v1","6003171","6003466","96","420999"
"JH378118","5720347","5720648","KQ053421v1","5610673","5610968","78","109674"
"JH378118","5893546","5893827","KQ053785v1","888769","889063","80","5004777"
"JH378118","5963847","5964155","KQ058427v1","7786546","7786853","91","1822699"
"JH378118","6558276","6558583","KQ055352v1","6003171","6003466","70","555105"
"JH378118","6594569","6594871","KQ053421v1","5610673","5610968","70","983896"
"JH378118","6663576","6663875","KQ058394v1","9655127","9655422","77","2991551"
"JH378118","7049396","7049719","KQ055352v1","6003171","6003466","81","1046225"
"JH378118","7058645","7058960","KQ058427v1","7786546","7786853","75","727901"
"JH378118","7086907","7087206","KQ055862v1","1305285","1305561","79","5781622"
"JH378118","7129394","7129696","KQ055267v1","513773","514088","81","6615621"
"JH378118","7132493","7132774","KQ053421v1","5610673","5610968","77","1521820"
"JH378118","7196519","7196827","KQ055352v1","6003171","6003466","71","1193348"
"JH378118","7221285","7221558","KQ053421v1","5610673","5610968","86","1610612"
"JH378118","7288112","7288409","KQ053421v1","5610673","5610968","70","1677439"
"JH378118","7507579","7507872","KQ053421v1","5610673","5610968","74","1896906"
"JH378118","7556823","7557092","KQ057186v1","783828","784085","77","6772995"
"JH378118","7772351","7772639","KQ058242v1","595939","596205","104","7176412"
"JH378118","7802371","7802677","KQ055352v1","6003171","6003466","72","1799200"
"JH378118","7853093","7853297","KQ058274v1","300327","300497","69","7552766"
"JH378118","7857208","7857490","KQ058339v1","4553625","4553889","88","3303583"
"JH378118","7886758","7887026","KQ053421v1","5610673","5610968","95","2276085"
"JH378118","8381958","8382264","KQ053421v1","5610673","5610968","82","2771285"
"JH378118","8474359","8474628","KQ057186v1","783828","784085","74","7690531"
"JH378118","8494782","8495089","KQ058427v1","7786546","7786853","97","708236"
"JH378118","8597798","8598109","KQ055267v1","513773","514088","68","8084025"
"JH378118","8644838","8645140","KQ053421v1","5610673","5610968","76","3034165"
"JH378118","8739174","8739480","KQ058427v1","7786546","7786853","76","952628"
"JH378118","8753128","8753459","KQ053059v1","2548766","2549102","95","6204362"
"JH378118","8923586","8923883","KQ053421v1","5610673","5610968","70","3312913"
"JH378118","9017003","9017292","KQ058242v1","595939","596205","86","8421064"
"JH378118","9058516","9058821","KQ058427v1","7786546","7786853","79","1271970"
"JH378118","9098406","9098598","KQ052982v1","2032903","2033097","51","7065503"
"JH378118","9191008","9191309","KQ053421v1","5610673","5610968","74","3580335"
"JH378118","9196266","9196545","KQ058339v1","4553625","4553889","81","4642641"
"JH378118","9209149","9209458","KQ055352v1","6003171","6003466","73","3205978"
"JH378118","9210021","9210221","KQ052982v1","2032903","2033097","77","7177118"
"JH378118","9250502","9250799","KQ058427v1","7786546","7786853","79","1463956"
"JH378118","9273469","9273575","KQ056911v1","1421731","1421862","45","7851738"
"JH378118","9309393","9309694","KQ058427v1","7786546","7786853","86","1522847"
"JH378118","9311420","9311731","KQ053421v1","5610673","5610968","85","3700747"
"JH378118","9331019","9331207","KQ054179v1","3404435","3404595","51","5926584"
"JH378118","9560771","9560927","KQ058350v1","9514178","9514352","54","46593"
"JH378118","9722002","9722304","KQ058242v1","595939","596205","88","9126063"
"JH378118","9746226","9746528","KQ053421v1","5610673","5610968","67","4135553"
"JH378118","9822305","9822602","KQ053421v1","5610673","5610968","66","4211632"
"JH378118","9841584","9841895","KQ058427v1","7786546","7786853","72","2055038"
"JH378118","9861469","9861773","KQ053421v1","5610673","5610968","73","4250796"
"JH378118","9868451","9868757","KQ055352v1","6003171","6003466","70","3865280"
"JH378118","9879404","9879688","KQ053421v1","5610673","5610968","86","4268731"
"JH378118","9883163","9883469","KQ055352v1","6003171","6003466","76","3879992"
"JH378118","9892682","9892973","KQ053421v1","5610673","5610968","84","4282009"
"JH378118","9895991","9896289","KQ053421v1","5610673","5610968","92","4285318"
"JH378118","9949042","9949325","KQ053421v1","5610673","5610968","77","4338369"
"JH378118","9969488","9969774","KQ053421v1","5610673","5610968","78","4358815"
"JH378118","10025983","10026303","KQ055352v1","6003171","6003466","82","4022812"
"JH378118","10030112","10030408","KQ053421v1","5610673","5610968","69","4419439"
"JH378118","10042695","10043006","KQ055267v1","513773","514088","86","9528922"
"JH378118","10043407","10043701","KQ053421v1","5610673","5610968","68","4432734"
"JH378118","10053292","10053592","KQ053421v1","5610673","5610968","71","4442619"
"JH378118","10056054","10056356","KQ053421v1","5610673","5610968","83","4445381"
"JH378118","10072335","10072610","KQ057186v1","783828","784085","69","9288507"
"JH378118","10101740","10102023","KQ053421v1","5610673","5610968","77","4491067"
"JH378118","10105481","10105739","KQ055862v1","1305285","1305561","84","8800196"
"JH378118","10106524","10106811","KQ053421v1","5610673","5610968","70","4495851"
"JH378118","10111353","10111646","KQ053421v1","5610673","5610968","68","4500680"
"JH378118","10141724","10141799","KQ056235v1","1266284","1266361","39","8875440"
"JH378118","10142066","10142183","KQ056493v1","2043382","2043488","33","8098684"
"JH378118","10162418","10162580","KQ057204v1","2930576","2930741","41","7231842"
"JH378118","10256228","10256373","KQ056911v1","1421731","1421862","46","8834497"
"JH378118","10259068","10259341","KQ053421v1","5610673","5610968","85","4648395"
"JH378118","10312185","10312389","KQ058274v1","300327","300497","71","10011858"
"JH378118","10312810","10313124","KQ055267v1","513773","514088","86","9799037"
"JH378118","10317849","10318152","KQ053421v1","5610673","5610968","75","4707176"
"JH378118","10333007","10333311","KQ053421v1","5610673","5610968","83","4722334"
"JH378118","10333336","10333561","KQ056005v1","1024192","1024395","63","9309144"
"JH378118","10346576","10346855","KQ055830v1","661716","661986","96","9684860"
"JH378118","10367071","10367352","KQ053421v1","5610673","5610968","78","4756398"
"JH378118","10396648","10396950","KQ053421v1","5610673","5610968","76","4785975"
"JH378118","10403061","10403366","KQ055267v1","513773","514088","80","9889288"
"JH378118","10425409","10425688","KQ055830v1","661716","661986","90","9763693"
"JH378118","10450359","10450642","KQ057901v1","868884","869144","91","9581475"
"JH378118","10478078","10478355","KQ058242v1","595939","596205","80","9882139"
"JH378118","10488129","10488333","KQ058274v1","300327","300497","66","10187802"
"JH378118","10544532","10544830","KQ053421v1","5610673","5610968","73","4933859"
"JH378118","10564960","10565141","KQ058423v1","270754","270928","47","10294206"
"JH378118","10582182","10582491","KQ053421v1","5610673","5610968","75","4971509"
"JH378118","10625769","10626048","KQ053785v1","888769","889063","99","9737000"
"JH378118","10627242","10627551","KQ055352v1","6003171","6003466","71","4624071"
"JH378118","10636798","10637090","KQ053421v1","5610673","5610968","77","5026125"
"JH378118","10644659","10644958","KQ058427v1","7786546","7786853","80","2858113"
"JH378118","10669862","10670097","KQ058509v1","24058","24271","74","10645804"
"JH378118","10670329","10670417","KQ056235v1","1266284","1266361","26","9404045"
"JH378118","10697661","10697869","KQ055662v1","1890465","1890674","57","8807196"
"JH378118","10716156","10716439","KQ054815v1","2215557","2215844","73","8500599"
"JH378118","10725266","10725569","KQ053421v1","5610673","5610968","88","5114593"
"JH378118","10726329","10726607","KQ058339v1","4553625","4553889","78","6172704"
"JH378118","10784135","10784360","KQ055662v1","1890465","1890674","63","8893670"
"JH378118","10795796","10796070","KQ053421v1","5610673","5610968","84","5185123"
"JH378118","10861346","10861650","KQ055352v1","6003171","6003466","66","4858175"
"JH378118","10903608","10903907","KQ053421v1","5610673","5610968","71","5292935"
"JH378118","10936621","10936920","KQ053421v1","5610673","5610968","72","5325948"
"JH378118","10959568","10959866","KQ053421v1","5610673","5610968","70","5348895"
"JH378118","11051217","11051525","KQ055352v1","6003171","6003466","71","5048046"
"JH378118","11084119","11084422","KQ053421v1","5610673","5610968","75","5473446"
"JH378118","11097963","11098273","KQ055352v1","6003171","6003466","71","5094792"
"JH378118","11196390","11196698","KQ058427v1","7786546","7786853","75","3409844"
"JH378118","11447584","11447882","KQ058427v1","7786546","7786853","84","3661038"
"JH378118","11487081","11487369","KQ053421v1","5610673","5610968","76","5876408"
"JH378118","11523784","11524023","KQ053234v1","1414405","1414609","74","10109379"
"JH378118","11577446","11577740","KQ053421v1","5610673","5610968","77","5966773"
"JH378118","11597296","11597588","KQ053421v1","5610673","5610968","73","5986623"
"JH378118","11821618","11821928","KQ058427v1","7786546","7786853","74","4035072"
"JH378118","11862316","11862606","KQ058427v1","7786546","7786853","98","4075770"
"JH378118","11921330","11921623","KQ053421v1","5610673","5610968","71","6310657"
"JH378118","11974112","11974393","KQ058339v1","4553625","4553889","96","7420487"
"JH378118","12039521","12039756","KQ058509v1","24058","24271","82","12015463"
"JH378118","12043688","12043992","KQ053059v1","2548766","2549102","101","9494922"
"JH378118","12155823","12156115","KQ053421v1","5610673","5610968","76","6545150"
"JH378118","12205243","12205550","KQ053135v1","5034940","5035266","86","7170303"
"JH378118","12846913","12847215","KQ053421v1","5610673","5610968","70","7236240"
"JH378118","12911513","12911826","KQ055267v1","513773","514088","84","12397740"
"JH378118","12920374","12920662","KQ053421v1","5610673","5610968","92","7309701"
"JH378118","12925006","12925311","KQ053421v1","5610673","5610968","86","7314333"
"JH378118","12999689","12999968","KQ058242v1","595939","596205","82","12403750"
"JH378118","13012872","13013177","KQ058427v1","7786546","7786853","71","5226326"
"JH378118","13094180","13094426","KQ058505v1","2207051","2207301","86","10887129"
"JH378118","13173752","13174041","KQ053421v1","5610673","5610968","74","7563079"
"JH378118","13225909","13226068","KQ058423v1","270754","270928","54","12955155"
"JH378118","13241661","13241969","KQ058427v1","7786546","7786853","83","5455115"
"JH378118","13273561","13273870","KQ055267v1","513773","514088","79","12759788"
"JH378118","13341178","13341491","KQ055352v1","6003171","6003466","77","7338007"
"JH378118","13358731","13358867","KQ053398v1","2623748","2623879","41","10734983"
"JH378118","13526738","13526887","KQ053398v1","2623748","2623879","56","10902990"
"JH378118","13581714","13582000","KQ053421v1","5610673","5610968","85","7971041"
"JH378118","13610428","13610670","KQ055662v1","1890465","1890674","80","11719963"
"JH378118","13763587","13763891","KQ055267v1","513773","514088","78","13249814"
"JH378118","13837146","13837455","KQ055267v1","513773","514088","86","13323373"
"JH378118","13989943","13990229","KQ053421v1","5610673","5610968","94","8379270"
"JH378118","13992403","13992705","KQ053883v1","6938067","6938331","117","7054336"
"JH378118","14363489","14363785","KQ053421v1","5610673","5610968","69","8752816"
"JH378118","14553637","14553958","KQ058427v1","7786546","7786853","88","6767091"
"JH378118","14596282","14596597","KQ058427v1","7786546","7786853","86","6809736"
"JH378118","14598568","14598863","KQ053421v1","5610673","5610968","79","8987895"
"JH378118","14608807","14609082","KQ057186v1","783828","784085","79","13824979"
"JH378118","14626315","14626536","KQ058274v1","300327","300497","83","14325988"
"JH378118","14637869","14638150","KQ053421v1","5610673","5610968","86","9027196"
"JH378118","14644126","14644440","KQ055267v1","513773","514088","83","14130353"
"JH378118","14704158","14704462","KQ053421v1","5610673","5610968","69","9093485"
"JH378118","14732434","14732729","KQ053421v1","5610673","5610968","72","9121761"
"JH378118","14744746","14745056","KQ055352v1","6003171","6003466","71","8741575"
"JH378118","14760930","14761059","KQ053398v1","2623748","2623879","35","12137182"
"JH378118","14789475","14789825","KQ053059v1","2548766","2549102","96","12240709"
"JH378118","14804105","14804362","KQ058339v1","4553625","4553889","70","10250480"
"JH378118","14880324","14880667","KQ053059v1","2548766","2549102","115","12331558"
"JH378118","14917981","14918127","KQ054401v1","3363241","3363379","42","11554740"
"JH378118","15015420","15015687","KQ058505v1","2207051","2207301","87","12808369"
"JH378118","15016850","15017138","KQ053421v1","5610673","5610968","88","9406177"
"JH378118","15258346","15258654","KQ058427v1","7786546","7786853","72","7471800"
"JH378118","15425749","15426024","KQ057186v1","783828","784085","83","14641921"
"JH378118","15430660","15430957","KQ053421v1","5610673","5610968","60","9819987"
"JH378118","15460377","15460688","KQ055352v1","6003171","6003466","73","9457206"
"JH378118","15468472","15468773","KQ053421v1","5610673","5610968","73","9857799"
"JH378118","15491583","15491878","KQ058242v1","595939","596205","84","14895644"
"JH378118","15559136","15559428","KQ055352v1","6003171","6003466","67","9555965"
"JH378118","15660291","15660587","KQ053421v1","5610673","5610968","72","10049618"
"JH378118","15675917","15676122","KQ058274v1","300327","300497","71","15375590"
"JH378118","15777963","15778216","KQ058242v1","595939","596205","78","15182024"
"JH378118","15778317","15778387","KQ054932v1","5044350","5044402","40","10733967"
"JH378118","15890799","15891008","KQ055662v1","1890465","1890674","58","14000334"
"JH378118","15894448","15894760","KQ053421v1","5610673","5610968","96","10283775"
"JH378118","15934761","15935065","KQ055352v1","6003171","6003466","72","9931590"
"JH378118","16201383","16201687","KQ053421v1","5610673","5610968","82","10590710"
"JH378118","16556683","16556988","KQ053421v1","5610673","5610968","82","10946010"
"JH378118","16618555","16618847","KQ053421v1","5610673","5610968","69","11007882"
"JH378118","16636316","16636609","KQ053421v1","5610673","5610968","61","11025643"
"JH378118","16689149","16689459","KQ055352v1","6003171","6003466","74","10685978"
"JH378118","16748043","16748335","KQ053421v1","5610673","5610968","86","11137370"
"JH378118","16755698","16756009","KQ055352v1","6003171","6003466","74","10752527"
"JH378118","16776486","16776676","KQ058594v1","1033101","1033292","45","15743385"
"JH378118","16808532","16808830","KQ053421v1","5610673","5610968","78","11197859"
"JH378118","16870054","16870358","KQ055352v1","6003171","6003466","70","10866883"
"JH378118","16945613","16945864","KQ055862v1","1305285","1305561","80","15640328"
"JH378118","16948646","16948960","KQ053059v1","2548766","2549102","107","14399880"
"JH378118","16997814","16998123","KQ058427v1","7786546","7786853","75","9211268"
"JH378118","17052807","17053124","KQ053421v1","5610673","5610968","92","11442134"
"JH378118","17103020","17103323","KQ058427v1","7786546","7786853","83","9316474"
"JH378118","17130630","17130927","KQ053421v1","5610673","5610968","87","11519957"
"JH378118","17153154","17153388","KQ056064v1","326763","326940","97","16826391"
"JH378118","17175392","17175709","KQ053141v1","2860","3159","99","17172532"
"JH378118","17185363","17185473","KQ056911v1","1421731","1421862","44","15763632"
"JH378118","17201593","17201887","KQ053421v1","5610673","5610968","62","11590920"
"JH378118","17222935","17223244","KQ055267v1","513773","514088","68","16709162"
"JH378118","17314532","17314829","KQ053421v1","5610673","5610968","72","11703859"
"JH378118","17327539","17327846","KQ053421v1","5610673","5610968","86","11716866"
"JH378118","17354358","17354670","KQ055267v1","513773","514088","75","16840585"
"JH378118","17419376","17419680","KQ053421v1","5610673","5610968","79","11808703"
"JH378118","17490175","17490472","KQ053421v1","5610673","5610968","72","11879502"
"JH378118","17522682","17522981","KQ053421v1","5610673","5610968","74","11912009"
"JH378118","17527665","17527944","KQ058242v1","595939","596205","84","16931726"
"JH378118","17530747","17531059","KQ053421v1","5610673","5610968","83","11920074"
"JH378118","17549651","17549925","KQ058242v1","595939","596205","81","16953712"
"JH378118","17571920","17572210","KQ053421v1","5610673","5610968","82","11961247"
"JH378118","17606249","17606553","KQ053421v1","5610673","5610968","74","11995576"
"JH378118","17656537","17656849","KQ058427v1","7786546","7786853","85","9869991"
"JH378118","17708497","17708778","KQ053421v1","5610673","5610968","96","12097824"
"JH378118","17777456","17777756","KQ053421v1","5610673","5610968","80","12166783"
"JH378118","17803431","17803567","KQ053398v1","2623748","2623879","47","15179683"
"JH378118","17820558","17820860","KQ055267v1","513773","514088","71","17306785"
"JH378118","17848755","17849065","KQ055267v1","513773","514088","74","17334982"
"JH378118","17878106","17878410","KQ053421v1","5610673","5610968","72","12267433"
"JH378118","17891643","17891947","KQ053421v1","5610673","5610968","72","12280970"
"JH378118","17912622","17912719","KQ056279v1","759081","759162","35","17153541"
"JH378118","17987012","17987315","KQ053421v1","5610673","5610968","71","12376339"
"JH378118","18056238","18056534","KQ053421v1","5610673","5610968","72","12445565"
"JH378118","18145560","18145854","KQ053421v1","5610673","5610968","75","12534887"
"JH378118","18213470","18213775","KQ055352v1","6003171","6003466","69","12210299"
"JH378118","18274351","18274644","KQ053421v1","5610673","5610968","92","12663678"
"JH378118","18338644","18338956","KQ058427v1","7786546","7786853","83","10552098"
"JH378118","18415420","18415723","KQ053421v1","5610673","5610968","70","12804747"
"JH378118","18490572","18490853","KQ053421v1","5610673","5610968","76","12879899"
"JH378118","18632421","18632722","KQ058427v1","7786546","7786853","78","10845875"
"JH378118","18879922","18880141","KQ056064v1","326763","326940","83","18553159"
"JH378118","18914298","18914565","KQ055830v1","661716","661986","91","18252582"
"JH378118","18973370","18973660","KQ053421v1","5610673","5610968","72","13362697"
"JH378118","18988232","18988541","KQ055267v1","513773","514088","71","18474459"
"JH378118","19016783","19017078","KQ053421v1","5610673","5610968","72","13406110"
"JH378118","19032658","19032957","KQ053421v1","5610673","5610968","66","13421985"
"JH378118","19046756","19047039","KQ058242v1","595939","596205","94","18450817"
"JH378118","19057208","19057507","KQ055267v1","513773","514088","81","18543435"
"JH378118","19104449","19104750","KQ053421v1","5610673","5610968","76","13493776"
"JH378118","19230500","19230823","KQ055352v1","6003171","6003466","83","13227329"
"JH378118","19429070","19429350","KQ058427v1","6786866","6787134","88","12642204"
"JH378118","19540697","19541011","KQ055352v1","6003171","6003466","82","13537526"
"JH378118","19569615","19569923","KQ053421v1","5610673","5610968","70","13958942"
"JH378118","19620922","19621145","KQ055662v1","1890465","1890674","76","17730457"
"JH378118","19928996","19929305","KQ053421v1","5610673","5610968","78","14318323"
"JH378118","19957260","19957544","KQ054815v1","2215557","2215844","77","17741703"
"JH378118","19995493","19995766","KQ058339v1","4553625","4553889","89","15441868"
"JH378118","20037631","20037941","KQ055267v1","513773","514088","72","19523858"
"JH378118","20254077","20254396","KQ058427v1","7786546","7786853","90","12467531"
"JH378118","20703898","20704173","KQ053421v1","5610673","5610968","79","15093225"
"JH378118","20786509","20786735","KQ058594v1","5950443","5950621","88","14836066"
"JH378118","20799385","20799673","KQ053421v1","5610673","5610968","84","15188712"
"JH378118","20872488","20872794","KQ053421v1","5610673","5610968","87","15261815"
"JH378118","20917403","20917695","KQ053421v1","5610673","5610968","72","15306730"
"JH378118","20932561","20932863","KQ055267v1","513773","514088","73","20418788"
"JH378118","21100523","21100832","KQ058427v1","7786546","7786853","79","13313977"
"JH378118","21186314","21186614","KQ053421v1","5610673","5610968","75","15575641"
"JH378118","21231752","21232058","KQ055267v1","513773","514088","90","20717979"
"JH378118","21290024","21290330","KQ055352v1","6003171","6003466","68","15286853"
"JH378118","21344915","21345094","KQ056118v1","822027","822185","55","20522888"
"JH378118","21398995","21399186","KQ058427v1","11113103","11113283","59","10285892"
"JH378118","21498542","21498849","KQ053421v1","5610673","5610968","79","15887869"
"JH378118","21625406","21625713","KQ055267v1","513773","514088","78","21111633"
"JH378118","21632076","21632368","KQ053421v1","5610673","5610968","74","16021403"
"JH378118","21654822","21655138","KQ053135v1","5034940","5035266","94","16619882"
"JH378118","21665808","21666116","KQ053421v1","5610673","5610968","69","16055135"
"JH378118","21719993","21720107","KQ053398v1","2623748","2623879","43","19096245"
"JH378118","21758103","21758401","KQ053421v1","5610673","5610968","80","16147430"
"JH378118","21834541","21834842","KQ053421v1","5610673","5610968","74","16223868"
"JH378118","21848345","21848642","KQ055267v1","513773","514088","77","21334572"
"JH378118","21852072","21852185","KQ056493v1","2043382","2043488","45","19808690"
"JH378118","21854772","21855083","KQ055352v1","6003171","6003466","69","15851601"
"JH378118","21892165","21892458","KQ053421v1","5610673","5610968","71","16281492"
"JH378118","21983361","21983665","KQ055352v1","6003171","6003466","68","15980190"
"JH378118","22036769","22037080","KQ055352v1","6003171","6003466","76","16033598"
"JH378118","22049011","22049295","KQ053421v1","5610673","5610968","90","16438338"
"JH378118","22082952","22083255","KQ053421v1","5610673","5610968","73","16472279"
"JH378118","22086933","22087251","KQ055267v1","513773","514088","79","21573160"
"JH378118","22099703","22100013","KQ055267v1","513773","514088","72","21585930"
"JH378118","22117433","22117737","KQ055352v1","6003171","6003466","72","16114262"
"JH378118","22126156","22126438","KQ055862v1","1305285","1305561","81","20820871"
"JH378118","22154993","22155297","KQ055352v1","6003171","6003466","71","16151822"
"JH378118","22185207","22185508","KQ055352v1","6003171","6003466","73","16182036"
"JH378118","22196559","22196860","KQ053421v1","5610673","5610968","67","16585886"
"JH378118","22209189","22209481","KQ053421v1","5610673","5610968","74","16598516"
"JH378118","22298785","22299045","KQ057901v1","868884","869144","81","21429901"
"JH378118","22315743","22316035","KQ053421v1","5610673","5610968","72","16705070"
"JH378118","22364805","22365099","KQ053421v1","5610673","5610968","72","16754132"
"JH378118","22409890","22410178","KQ053421v1","5610673","5610968","83","16799217"
"JH378118","22427229","22427539","KQ053421v1","5610673","5610968","85","16816556"
"JH378118","22637084","22637243","KQ054510v1","7582269","7582431","53","15054815"
"JH378118","22637781","22637925","KQ053398v1","2623748","2623879","40","20014033"
"JH378118","22655166","22655435","KQ053421v1","5610673","5610968","87","17044493"
"JH378118","22785033","22785338","KQ055352v1","6003171","6003466","68","16781862"
"JH378118","22862100","22862394","KQ053421v1","5610673","5610968","72","17251427"
"JH378118","22867502","22867808","KQ055352v1","6003171","6003466","74","16864331"
"JH378118","22889097","22889407","KQ055267v1","513773","514088","73","22375324"
"JH378118","22936749","22937055","KQ055267v1","513773","514088","75","22422976"
"JH378118","23008096","23008392","KQ053421v1","5610673","5610968","75","17397423"
"JH378118","23128898","23129190","KQ053421v1","5610673","5610968","72","17518225"
"JH378118","23137890","23138170","KQ054815v1","2215557","2215844","81","20922333"
"JH378118","23222999","23223301","KQ053421v1","5610673","5610968","69","17612326"
"JH378118","23224014","23224317","KQ053421v1","5610673","5610968","74","17613341"
"JH378118","23248937","23249236","KQ055352v1","6003171","6003466","82","17245766"
"JH378118","23281266","23281549","KQ053421v1","5610673","5610968","90","17670593"
"JH378118","23293183","23293407","KQ055662v1","1890465","1890674","61","21402718"
"JH378118","23307665","23307937","KQ053421v1","5610673","5610968","81","17696992"
"JH378118","23345605","23345895","KQ053421v1","5610673","5610968","76","17734932"
"JH378118","23500177","23500460","KQ054815v1","2215557","2215844","83","21284620"
"JH378118","23569365","23569662","KQ053421v1","5610673","5610968","83","17958692"
"JH378118","23619378","23619671","KQ053421v1","5610673","5610968","84","18008705"
"JH378118","23840210","23840502","KQ053421v1","5610673","5610968","68","18229537"
"JH378118","23852126","23852424","KQ053421v1","5610673","5610968","86","18241453"
"JH378118","23863026","23863327","KQ055267v1","513773","514088","79","23349253"
"JH378118","23915671","23915974","KQ053421v1","5610673","5610968","84","18304998"
"JH378118","23945781","23946086","KQ055267v1","513773","514088","71","23432008"
"JH378118","24042635","24042930","KQ053421v1","5610673","5610968","75","18431962"
"JH378118","24066801","24067098","KQ053421v1","5610673","5610968","75","18456128"
"JH378118","24347644","24347941","KQ053421v1","5610673","5610968","76","18736971"
"JH378118","24372251","24372516","KQ057901v1","868884","869144","86","23503367"
"JH378118","24505850","24506152","KQ053421v1","5610673","5610968","68","18895177"
"JH378118","24543291","24543581","KQ053421v1","5610673","5610968","78","18932618"
"JH378118","24554433","24554719","KQ053421v1","5610673","5610968","78","18943760"
"JH378118","24566965","24567271","KQ053421v1","5610673","5610968","83","18956292"
"JH378118","24831144","24831452","KQ055267v1","513773","514088","76","24317371"
"JH378118","24896204","24896485","KQ053421v1","5610673","5610968","97","19285531"
"JH378118","24941119","24941420","KQ053421v1","5610673","5610968","73","19330446"
"JH378118","24950050","24950347","KQ053421v1","5610673","5610968","68","19339377"
"JH378118","25053314","25053600","KQ055352v1","6003171","6003466","75","19050143"
"JH378118","25060123","25060431","KQ055352v1","6003171","6003466","77","19056952"
"JH378118","25072126","25072424","KQ053421v1","5610673","5610968","70","19461453"
"JH378118","25132145","25132421","KQ053421v1","5610673","5610968","76","19521472"
"JH378118","25138086","25138382","KQ053421v1","5610673","5610968","68","19527413"
"JH378118","25144424","25144722","KQ053421v1","5610673","5610968","68","19533751"
"JH378118","25154109","25154411","KQ055267v1","513773","514088","73","24640336"
"JH378118","25228447","25228649","KQ055662v1","1890465","1890674","55","23337982"
"JH378118","25253648","25253936","KQ055267v1","513773","514088","84","24739875"
"JH378118","25256560","25256865","KQ053421v1","5610673","5610968","67","19645887"
"JH378118","25275463","25275746","KQ053421v1","5610673","5610968","83","19664790"
"JH378118","25308983","25309251","KQ058339v1","4553625","4553889","94","20755358"
"JH378118","25322004","25322253","KQ058505v1","2207051","2207301","78","23114953"
"JH378118","25377560","25377865","KQ055352v1","6003171","6003466","75","19374389"
"JH378118","25426896","25427188","KQ053421v1","5610673","5610968","73","19816223"
"JH378118","25438364","25438668","KQ058427v1","7786546","7786853","74","17651818"
"JH378118","25463610","25463900","KQ053421v1","5610673","5610968","84","19852937"
"JH378118","25673823","25674059","KQ058242v1","595939","596205","83","25077884"
"JH378118","25702177","25702453","KQ053421v1","5610673","5610968","91","20091504"
"JH378118","25723424","25723736","KQ053421v1","5610673","5610968","90","20112751"
"JH378118","25766138","25766426","KQ053421v1","5610673","5610968","79","20155465"
"JH378118","25822289","25822583","KQ053421v1","5610673","5610968","79","20211616"
"JH378118","25854779","25855071","KQ053421v1","5610673","5610968","78","20244106"
"JH378118","25944673","25944952","KQ053785v1","888769","889063","84","25055904"
"JH378118","26062607","26062893","KQ058427v1","7786546","7786853","78","18276061"
"JH378118","26077064","26077388","KQ055267v1","513773","514088","87","25563291"
"JH378118","26129828","26130134","KQ055352v1","6003171","6003466","72","20126657"
"JH378118","26149106","26149420","KQ055267v1","513773","514088","80","25635333"
"JH378118","26803515","26803825","KQ055267v1","513773","514088","80","26289742"
"JH378118","26946399","26946708","KQ053421v1","5610673","5610968","82","21335726"
"JH378118","26988807","26989103","KQ053421v1","5610673","5610968","75","21378134"
"JH378118","27097418","27097714","KQ053421v1","5610673","5610968","78","21486745"
"JH378118","27122656","27122817","KQ057821v1","3059321","3059481","53","24063335"
"JH378118","27129520","27129666","KQ056911v1","1421731","1421862","47","25707789"
"JH378118","27130303","27130593","KQ053421v1","5610673","5610968","87","21519630"
"JH378118","27174732","27175035","KQ053421v1","5610673","5610968","78","21564059"
"JH378118","27191780","27192057","KQ053421v1","5610673","5610968","97","21581107"
"JH378118","27199728","27199886","KQ058638v1","1837830","1837985","41","25361898"
"JH378118","27246873","27247171","KQ053421v1","5610673","5610968","71","21636200"
"JH378118","27258799","27259095","KQ053421v1","5610673","5610968","68","21648126"
"JH378118","27283313","27283616","KQ055352v1","6003171","6003466","71","21280142"
"JH378118","27302975","27303272","KQ053421v1","5610673","5610968","70","21692302"
"JH378118","27387898","27388190","KQ058242v1","595939","596205","84","26791959"
"JH378118","27436501","27436808","KQ055267v1","513773","514088","76","26922728"
"JH378118","27440323","27440600","KQ058505v1","2207051","2207301","89","25233272"
"JH378118","27476378","27476633","KQ058242v1","595939","596205","85","26880439"
"JH378118","27522517","27522811","KQ053421v1","5610673","5610968","78","21911844"
"JH378118","27571799","27572101","KQ053421v1","5610673","5610968","74","21961126"
"JH378118","27613166","27613452","KQ053421v1","5610673","5610968","78","22002493"
"JH378118","27614300","27614576","KQ053421v1","5610673","5610968","89","22003627"
"JH378118","27634380","27634646","KQ055830v1","661716","661986","90","26972664"
"JH378118","27667911","27668042","KQ053398v1","2623748","2623879","31","25044163"
"JH378118","27673487","27673781","KQ053421v1","5610673","5610968","71","22062814"
"JH378118","27717096","27717322","KQ054068v1","3638075","3638299","61","24079021"
"JH378118","27723497","27723803","KQ053421v1","5610673","5610968","71","22112824"
"JH378118","27735729","27736028","KQ053421v1","5610673","5610968","83","22125056"
"JH378118","27744183","27744272","KQ056235v1","1266284","1266361","30","26477899"
"JH378118","27764710","27764860","KQ054401v1","3363241","3363379","47","24401469"
"JH378118","27765140","27765437","KQ053421v1","5610673","5610968","72","22154467"
"JH378118","27929995","27930319","KQ053421v1","5610673","5610968","96","22319322"
"JH378118","27976133","27976411","KQ058242v1","595939","596205","89","27380194"
"JH378118","28020283","28020606","KQ058394v1","9655127","9655422","95","18365156"
"JH378118","28027903","28028199","KQ053421v1","5610673","5610968","73","22417230"
"JH378118","28043288","28043512","KQ052982v1","2032903","2033097","72","26010385"
"JH378118","28051546","28051853","KQ055352v1","6003171","6003466","72","22048375"
"JH378118","28055579","28055880","KQ053421v1","5610673","5610968","78","22444906"
"JH378118","28086661","28086936","KQ058242v1","595939","596205","79","27490722"
"JH378118","28091344","28091647","KQ055352v1","6003171","6003466","70","22088173"
"JH378118","28123680","28123937","KQ058339v1","4553625","4553889","75","23570055"
"JH378118","28152328","28152625","KQ053421v1","5610673","5610968","73","22541655"
"JH378118","28209798","28209842","KQ053343v1","1624718","1624766","19","26585080"
"JH378118","28216259","28216567","KQ058427v1","7786546","7786853","77","20429713"
"JH378118","28264135","28264437","KQ053421v1","5610673","5610968","75","22653462"
"JH378118","28276683","28276991","KQ058427v1","7786546","7786853","80","20490137"
"JH378118","28383394","28383685","KQ055352v1","6003171","6003466","93","22380223"
"JH378118","28397341","28397627","KQ053421v1","5610673","5610968","84","22786668"
"JH378118","28414648","28414949","KQ053421v1","5610673","5610968","77","22803975"
"JH378118","28464961","28465071","KQ055717v1","1610376","1610476","38","26854585"
"JH378118","28501635","28501831","KQ054954v1","1680710","1680882","52","26820925"
"JH378118","28520211","28520519","KQ055352v1","6003171","6003466","74","22517040"
"JH378118","28521459","28521750","KQ053421v1","5610673","5610968","78","22910786"
"JH378118","28523864","28524152","KQ055352v1","6003171","6003466","86","22520693"
"JH378118","28552983","28553286","KQ055267v1","513773","514088","73","28039210"
"JH378118","28570985","28571293","KQ053421v1","5610673","5610968","73","22960312"
"JH378118","28583642","28583951","KQ058427v1","7786546","7786853","82","20797096"
"JH378118","28595571","28595860","KQ053421v1","5610673","5610968","79","22984898"
"JH378118","28597585","28597872","KQ053421v1","5610673","5610968","83","22986912"
"JH378118","28608130","28608435","KQ055267v1","513773","514088","80","28094357"
"JH378118","28609224","28609352","KQ053398v1","2623748","2623879","38","25985476"
"JH378118","28627623","28627918","KQ053421v1","5610673","5610968","78","23016950"
"JH378118","28640276","28640573","KQ053421v1","5610673","5610968","79","23029603"
"JH378118","28778860","28779164","KQ055352v1","6003171","6003466","73","22775689"
"JH378118","28781773","28782074","KQ053421v1","5610673","5610968","81","23171100"
"JH378118","28810343","28810658","KQ055267v1","513773","514088","87","28296570"
"JH378118","28919036","28919138","KQ056235v1","1266284","1266361","41","27652752"
"JH378118","29031823","29032121","KQ053421v1","5610673","5610968","77","23421150"
"JH378118","29069486","29069785","KQ053421v1","5610673","5610968","78","23458813"
"JH378118","29070876","29071200","KQ053421v1","5610673","5610968","102","23460203"
"JH378118","29072638","29072935","KQ053421v1","5610673","5610968","67","23461965"
"JH378118","29080193","29080482","KQ053421v1","5610673","5610968","76","23469520"
"JH378118","29194768","29195065","KQ053421v1","5610673","5610968","88","23584095"
"JH378118","29198565","29198866","KQ053421v1","5610673","5610968","70","23587892"
"JH378118","29289613","29289928","KQ058427v1","7786546","7786853","90","21503067"
"JH378118","29294236","29294525","KQ053785v1","888769","889063","84","28405467"
"JH378118","29319288","29319585","KQ053421v1","5610673","5610968","68","23708615"
"JH378118","29363387","29363675","KQ053785v1","888769","889063","85","28474618"
"JH378118","29466058","29466356","KQ053421v1","5610673","5610968","78","23855385"
"JH378118","29473584","29473877","KQ053421v1","5610673","5610968","64","23862911"
"JH378118","29553089","29553350","KQ058505v1","2207051","2207301","89","27346038"
"JH378118","29570606","29570910","KQ055352v1","6003171","6003466","72","23567435"
"JH378118","29702418","29702709","KQ053421v1","5610673","5610968","74","24091745"
"JH378118","29718221","29718518","KQ053421v1","5610673","5610968","65","24107548"
"JH378118","30069334","30069643","KQ055352v1","6003171","6003466","73","24066163"
"JH378118","30070807","30071110","KQ053421v1","5610673","5610968","76","24460134"
"JH378118","30101418","30101719","KQ053421v1","5610673","5610968","78","24490745"
"JH378118","30125633","30125936","KQ053421v1","5610673","5610968","70","24514960"
"JH378118","30210797","30211108","KQ053421v1","5610673","5610968","77","24600124"
"JH378118","30293757","30294044","KQ053421v1","5610673","5610968","83","24683084"
"JH378118","30431519","30431827","KQ055352v1","6003171","6003466","72","24428348"
"JH378118","30529252","30529554","KQ055267v1","513773","514088","85","30015479"
"JH378118","30624582","30624881","KQ053421v1","5610673","5610968","76","25013909"
"JH378118","30713910","30714188","KQ053785v1","888769","889063","88","29825141"
"JH378118","31397551","31397857","KQ055352v1","6003171","6003466","70","25394380"
"JH378118","31428271","31428581","KQ053421v1","5610673","5610968","82","25817598"
"JH378118","31430070","31430372","KQ053421v1","5610673","5610968","71","25819397"
"JH378118","31529873","31530179","KQ053421v1","5610673","5610968","69","25919200"
"JH378118","31576602","31576882","KQ058339v1","4553625","4553889","88","27022977"
"JH378118","31582092","31582374","KQ053421v1","5610673","5610968","86","25971419"
"JH378118","31583730","31584029","KQ053421v1","5610673","5610968","73","25973057"
"JH378118","31593927","31594224","KQ053421v1","5610673","5610968","75","25983254"
"JH378118","31614072","31614383","KQ055352v1","6003171","6003466","77","25610901"
"JH378118","31616766","31617063","KQ053421v1","5610673","5610968","68","26006093"
"JH378118","31704999","31705296","KQ053421v1","5610673","5610968","75","26094326"
"JH378118","32122801","32123106","KQ053421v1","5610673","5610968","72","26512128"
"JH378118","32133466","32133773","KQ055267v1","513773","514088","78","31619693"
"JH378118","32648156","32648449","KQ053421v1","5610673","5610968","72","27037483"
"JH378118","32651897","32652117","KQ058274v1","300327","300497","83","32351570"
"JH378118","32672310","32672600","KQ058242v1","595939","596205","85","32076371"
"JH378118","32726016","32726323","KQ058427v1","7786546","7786853","67","24939470"
"JH378118","32726909","32727205","KQ055862v1","1305285","1305561","77","31421624"
"JH378118","32740323","32740540","KQ053234v1","1414405","1414609","62","31325918"
"JH378118","32748196","32748498","KQ053421v1","5610673","5610968","68","27137523"
"JH378118","32782966","32783050","KQ058316v1","2226037","2226104","29","30556929"
"JH378118","32789529","32789802","KQ053421v1","5610673","5610968","92","27178856"
"JH378118","32798905","32799047","KQ053398v1","2623748","2623879","49","30175157"
"JH378118","32804226","32804522","KQ053421v1","5610673","5610968","69","27193553"
"JH378118","32815280","32815574","KQ053421v1","5610673","5610968","80","27204607"
"JH378118","32818921","32819195","KQ058339v1","4553625","4553889","70","28265296"
"JH378118","32847635","32847927","KQ053421v1","5610673","5610968","83","27236962"
"JH378118","32852659","32852957","KQ053421v1","5610673","5610968","81","27241986"
"JH378118","32857020","32857320","KQ053421v1","5610673","5610968","69","27246347"
"JH378118","32868907","32869202","KQ053421v1","5610673","5610968","89","27258234"
"JH378118","32883257","32883568","KQ055352v1","6003171","6003466","72","26880086"
"JH378118","32929648","32929957","KQ053421v1","5610673","5610968","73","27318975"
"JH378118","32942313","32942623","KQ058427v1","7786546","7786853","73","25155767"
"JH378118","32982269","32982574","KQ053421v1","5610673","5610968","72","27371596"
"JH378118","32986371","32986666","KQ053421v1","5610673","5610968","71","27375698"
"JH378118","33042584","33042879","KQ053421v1","5610673","5610968","88","27431911"
"JH378118","33064677","33064930","KQ058242v1","595939","596205","80","32468738"
"JH378118","33078616","33078755","KQ052968v1","13665640","13665790","49","19412976"
"JH378118","33116621","33116924","KQ053421v1","5610673","5610968","79","27505948"
"JH378118","33169565","33169861","KQ053421v1","5610673","5610968","92","27558892"
"JH378118","33203759","33204047","KQ055862v1","1305285","1305561","80","31898474"
"JH378118","33206704","33207008","KQ053421v1","5610673","5610968","75","27596031"
"JH378118","33223070","33223382","KQ053421v1","5610673","5610968","82","27612397"
"JH378118","33297196","33297442","KQ058242v1","595939","596205","74","32701257"
"JH378118","33306697","33306913","KQ056064v1","326763","326940","80","32979934"
"JH378118","33310057","33310360","KQ053421v1","5610673","5610968","72","27699384"
"JH378118","33345970","33346258","KQ055862v1","1305285","1305561","74","32040685"
"JH378118","33360831","33361125","KQ053421v1","5610673","5610968","66","27750158"
"JH378118","33403687","33403980","KQ053421v1","5610673","5610968","68","27793014"
"JH378118","33426867","33427077","KQ056064v1","326763","326940","73","33100104"
"JH378118","33427210","33427298","KQ058316v1","2226037","2226104","39","31201173"
"JH378118","33457439","33457749","KQ055267v1","513773","514088","77","32943666"
"JH378118","33460322","33460628","KQ055267v1","513773","514088","68","32946549"
"JH378118","33486538","33486829","KQ053421v1","5610673","5610968","80","27875865"
"JH378118","33500302","33500608","KQ053421v1","5610673","5610968","86","27889629"
"JH378118","33503376","33503506","KQ053398v1","2623748","2623879","34","30879628"
"JH378118","33506733","33507007","KQ058427v1","6786866","6787134","88","26719867"
"JH378118","33535458","33535762","KQ055352v1","6003171","6003466","71","27532287"
"JH378118","33561394","33561684","KQ053421v1","5610673","5610968","79","27950721"
"JH378118","33579271","33579557","KQ053421v1","5610673","5610968","82","27968598"
"JH378118","33580370","33580537","KQ058423v1","270754","270928","48","33309616"
"JH378118","33581603","33581909","KQ053421v1","5610673","5610968","72","27970930"
"JH378118","33584000","33584312","KQ058427v1","7786546","7786853","84","25797454"
"JH378118","33609039","33609336","KQ053421v1","5610673","5610968","81","27998366"
"JH378118","33621945","33622253","KQ055352v1","6003171","6003466","71","27618774"
"JH378118","33626194","33626507","KQ058427v1","7786546","7786853","85","25839648"
"JH378118","33630858","33631140","KQ053785v1","888769","889063","73","32742089"
"JH378118","33695359","33695639","KQ057186v1","783828","784085","79","32911531"
"JH378118","33699971","33700078","KQ055717v1","1610376","1610476","42","32089595"
"JH378118","33700566","33700589","KQ053883v1","4947691","4947709","10","28752875"
"JH378118","33700593","33700758","KQ057204v1","2930576","2930741","37","30770017"
"JH378118","33711813","33712102","KQ053421v1","5610673","5610968","66","28101140"
"JH378118","33724489","33724778","KQ053421v1","5610673","5610968","81","28113816"
"JH378118","33725266","33725558","KQ053421v1","5610673","5610968","83","28114593"
"JH378118","33738138","33738437","KQ053421v1","5610673","5610968","72","28127465"
"JH378118","33800211","33800521","KQ055352v1","6003171","6003466","72","27797040"
"JH378118","33897826","33898125","KQ053421v1","5610673","5610968","70","28287153"
"JH378118","33938266","33938575","KQ053421v1","5610673","5610968","90","28327593"
"JH378118","33941287","33941573","KQ053421v1","5610673","5610968","67","28330614"
"JH378118","33980975","33981266","KQ053421v1","5610673","5610968","81","28370302"
"JH378118","34122798","34123105","KQ055267v1","513773","514088","76","33609025"
"JH378118","34131348","34131642","KQ053421v1","5610673","5610968","73","28520675"
"JH378118","34150042","34150341","KQ053421v1","5610673","5610968","70","28539369"
"JH378118","34164279","34164591","KQ053421v1","5610673","5610968","72","28553606"
"JH378118","34175065","34175364","KQ053421v1","5610673","5610968","68","28564392"
"JH378118","34275918","34276216","KQ053421v1","5610673","5610968","86","28665245"
"JH378118","34295069","34295373","KQ055352v1","6003171","6003466","81","28291898"
"JH378118","34503409","34503586","KQ054954v1","1680710","1680882","48","32822699"
"JH378118","34523804","34524104","KQ053421v1","5610673","5610968","73","28913131"
"JH378118","34631449","34631724","KQ057186v1","783828","784085","79","33847621"
"JH378118","34645414","34645724","KQ053421v1","5610673","5610968","91","29034741"
"JH378118","34836159","34836456","KQ053421v1","5610673","5610968","67","29225486"
"JH378118","34864822","34865094","KQ053421v1","5610673","5610968","83","29254149"
"JH378118","34870054","34870334","KQ053785v1","888769","889063","81","33981285"
"JH378118","34951353","34951664","KQ053421v1","5610673","5610968","72","29340680"
"JH378118","35165642","35165934","KQ053421v1","5610673","5610968","75","29554969"
"JH378118","35223683","35223934","KQ058242v1","595939","596205","76","34627744"
"JH378118","35227554","35227838","KQ053421v1","5610673","5610968","82","29616881"
"JH378118","35300317","35300627","KQ055267v1","513773","514088","69","34786544"
"JH378118","35307585","35307885","KQ053421v1","5610673","5610968","75","29696912"
"JH378118","35321255","35321559","KQ053421v1","5610673","5610968","68","29710582"
"JH378118","35394269","35394423","KQ055914v1","670963","671119","39","34723306"
"JH378118","35394430","35394729","KQ053421v1","5610673","5610968","69","29783757"
"JH378118","35449969","35450260","KQ053421v1","5610673","5610968","73","29839296"
"JH378118","35451678","35451979","KQ053421v1","5610673","5610968","68","29841005"
"JH378118","35476263","35476574","KQ058427v1","7786546","7786853","74","27689717"
"JH378118","35552701","35553004","KQ053421v1","5610673","5610968","77","29942028"
"JH378118","35583827","35584118","KQ058242v1","595939","596205","86","34987888"
"JH378118","35618137","35618404","KQ053421v1","5610673","5610968","86","30007464"
"JH378118","35621618","35621927","KQ055267v1","513773","514088","71","35107845"
"JH378118","35623759","35624049","KQ053421v1","5610673","5610968","83","30013086"
"JH378118","35648006","35648314","KQ055352v1","6003171","6003466","68","29644835"
"JH378118","35657034","35657334","KQ053421v1","5610673","5610968","76","30046361"
"JH378118","35679202","35679499","KQ053785v1","888769","889063","83","34790433"
"JH378118","35682950","35683032","KQ058316v1","2226037","2226104","29","33456913"
"JH378118","35687465","35687753","KQ055862v1","1305285","1305561","79","34382180"
"JH378118","35688070","35688357","KQ053421v1","5610673","5610968","86","30077397"
"JH378118","35690444","35690754","KQ053421v1","5610673","5610968","73","30079771"
"JH378118","35801399","35801701","KQ053421v1","5610673","5610968","74","30190726"
"JH378118","35801979","35802276","KQ053421v1","5610673","5610968","70","30191306"
"JH378118","35846456","35846759","KQ053421v1","5610673","5610968","70","30235783"
"JH378118","35858211","35858511","KQ053421v1","5610673","5610968","78","30247538"
"JH378118","35951107","35951407","KQ053421v1","5610673","5610968","73","30340434"
"JH378118","36128556","36128838","KQ053421v1","5610673","5610968","87","30517883"
"JH378118","36215261","36215589","KQ055267v1","513773","514088","98","35701488"
"JH378118","36233624","36233729","KQ053998v1","8863","8933","51","36224761"
"JH378118","36262300","36262470","KQ058423v1","270754","270928","49","35991546"
"JH378118","36357794","36358091","KQ053421v1","5610673","5610968","70","30747121"
"JH378118","36377196","36377343","KQ057449v1","1214348","1214489","39","35162848"
"JH378118","36398520","36398788","KQ058339v1","4553625","4553889","90","31844895"
"JH378118","36470565","36470871","KQ055352v1","6003171","6003466","72","30467394"
"JH378118","36533453","36533731","KQ053421v1","5610673","5610968","78","30922780"
"JH378118","36545388","36545670","KQ058242v1","595939","596205","87","35949449"
"JH378118","36554135","36554420","KQ058394v1","9655127","9655422","83","26899008"
"JH378118","36628560","36628846","KQ053785v1","888769","889063","87","35739791"
"JH378118","36749989","36750289","KQ053421v1","5610673","5610968","81","31139316"
"JH378118","36857701","36857979","KQ058427v1","6786866","6787134","87","30070835"
"JH378118","36860691","36860970","KQ053421v1","5610673","5610968","86","31250018"
"JH378118","36936513","36936682","KQ058423v1","270754","270928","44","36665759"
"JH378118","37016920","37017218","KQ053421v1","5610673","5610968","65","31406247"
"JH378118","37040605","37040914","KQ055352v1","6003171","6003466","70","31037434"
"JH378118","37048407","37048699","KQ053421v1","5610673","5610968","75","31437734"
"JH378118","37053300","37053618","KQ055267v1","513773","514088","85","36539527"
"JH378119","27262648","27262993","KQ053135v1","5034940","5035266","121","22227708"
"JH378119","12713850","12714155","KQ053421v1","5610673","5610968","79","7103177"
"JH378119","8630","8941","KQ058427v1","7786546","7786853","71","7777916"
"JH378119","40084","40420","KQ053059v1","2548766","2549102","99","2508682"
"JH378119","44027","44337","KQ055352v1","6003171","6003466","72","5959144"
"JH378119","44396","44662","KQ058339v1","4553625","4553889","88","4509229"
"JH378119","123710","123992","KQ053421v1","5610673","5610968","76","5486963"
"JH378119","169011","169274","KQ056321v1","575951","576190","74","406940"
"JH378119","229746","230041","KQ053421v1","5610673","5610968","73","5380927"
"JH378119","251134","251430","KQ053421v1","5610673","5610968","74","5359539"
"JH378119","274256","274405","KQ053398v1","2623748","2623879","43","2349492"
"JH378119","303157","303285","KQ053398v1","2623748","2623879","38","2320591"
"JH378119","315516","315645","KQ053398v1","2627781","2627909","34","2312265"
"JH378119","353437","353742","KQ055352v1","6003171","6003466","71","5649734"
"JH378119","365419","365729","KQ055267v1","513773","514088","70","148354"
"JH378119","382503","382735","KQ058242v1","595939","596205","88","213436"
"JH378119","390586","390855","KQ058640v1","643463","643729","90","252877"
"JH378119","451369","451658","KQ053421v1","5610673","5610968","70","5159304"
"JH378119","456680","456937","KQ055830v1","661716","661986","90","205036"
"JH378119","471811","472108","KQ053421v1","5610673","5610968","69","5138862"
"JH378119","496212","496518","KQ055352v1","6003171","6003466","73","5506959"
"JH378119","638680","638969","KQ053421v1","5610673","5610968","70","4971993"
"JH378119","651688","651945","KQ056321v1","575951","576190","89","75737"
"JH378119","707146","707457","KQ058427v1","7786546","7786853","68","7079400"
"JH378119","817069","817369","KQ058427v1","7786546","7786853","86","6969477"
"JH378119","819465","819757","KQ053421v1","5610673","5610968","73","4791208"
"JH378119","864016","864309","KQ053421v1","5610673","5610968","81","4746657"
"JH378119","949604","949884","KQ054815v1","2215557","2215844","76","1265953"
"JH378119","1046518","1046784","KQ055862v1","1305285","1305561","89","258767"
"JH378119","1137215","1137524","KQ053421v1","5610673","5610968","67","4473458"
"JH378119","1189966","1190232","KQ058505v1","2207051","2207301","84","1017085"
"JH378119","1294027","1294289","KQ058242v1","595939","596205","71","698088"
"JH378119","1390807","1391104","KQ053421v1","5610673","5610968","84","4219866"
"JH378119","1415679","1415977","KQ053421v1","5610673","5610968","75","4194994"
"JH378119","1572084","1572394","KQ058427v1","7786546","7786853","77","6214462"
"JH378119","1836579","1836867","KQ053421v1","5610673","5610968","88","3774094"
"JH378119","2028857","2029166","KQ055352v1","6003171","6003466","73","3974314"
"JH378119","2051629","2051922","KQ054815v1","2215557","2215844","80","163928"
"JH378119","2162932","2163215","KQ053421v1","5610673","5610968","82","3447741"
"JH378119","2208620","2208930","KQ055352v1","6003171","6003466","75","3794551"
"JH378119","2299011","2299291","KQ054815v1","2215557","2215844","76","83454"
"JH378119","2360664","2360971","KQ058427v1","7786546","7786853","82","5425882"
"JH378119","2363861","2364160","KQ053421v1","5610673","5610968","86","3246812"
"JH378119","2369099","2369383","KQ053421v1","5610673","5610968","95","3241574"
"JH378119","2373416","2373727","KQ058427v1","7786546","7786853","82","5413130"
"JH378119","2378807","2379060","KQ058242v1","595939","596205","69","1782868"
"JH378119","2425664","2425960","KQ053421v1","5610673","5610968","77","3185009"
"JH378119","2437636","2437906","KQ058242v1","595939","596205","81","1841697"
"JH378119","2494911","2495216","KQ053421v1","5610673","5610968","88","3115762"
"JH378119","2502003","2502290","KQ055862v1","1305285","1305561","73","1196718"
"JH378119","2505929","2506074","KQ054401v1","3363241","3363379","48","857312"
"JH378119","2524528","2524800","KQ054815v1","2215557","2215844","90","308971"
"JH378119","2552972","2553266","KQ053421v1","5610673","5610968","72","3057701"
"JH378119","2572978","2573233","KQ058505v1","2207051","2207301","97","365927"
"JH378119","2586982","2587277","KQ053421v1","5610673","5610968","75","3023691"
"JH378119","2587514","2587790","KQ055862v1","1305285","1305561","74","1282229"
"JH378119","2609155","2609438","KQ053421v1","5610673","5610968","82","3001518"
"JH378119","2619420","2619727","KQ055267v1","513773","514088","73","2105647"
"JH378119","2663058","2663350","KQ053421v1","5610673","5610968","73","2947615"
"JH378119","2670176","2670470","KQ055862v1","1305285","1305561","74","1364891"
"JH378119","2726895","2727193","KQ053421v1","5610673","5610968","72","2883778"
"JH378119","2747239","2747535","KQ053421v1","5610673","5610968","71","2863434"
"JH378119","2748391","2748689","KQ053421v1","5610673","5610968","73","2862282"
"JH378119","2778606","2778908","KQ053421v1","5610673","5610968","69","2832067"
"JH378119","2962320","2962626","KQ053421v1","5610673","5610968","71","2648353"
"JH378119","2978002","2978300","KQ055267v1","513773","514088","86","2464229"
"JH378119","3037023","3037353","KQ058427v1","7786546","7786853","97","4749523"
"JH378119","3048468","3048769","KQ053421v1","5610673","5610968","69","2562205"
"JH378119","3085051","3085344","KQ053421v1","5610673","5610968","72","2525622"
"JH378119","3164668","3164972","KQ055352v1","6003171","6003466","69","2838503"
"JH378119","3168723","3168981","KQ057901v1","868884","869144","84","2299839"
"JH378119","3276807","3277113","KQ058427v1","7786546","7786853","80","4509739"
"JH378119","3313873","3314159","KQ053421v1","5610673","5610968","80","2296800"
"JH378119","3499257","3499400","KQ056911v1","1421731","1421862","48","2077526"
"JH378119","3679097","3679391","KQ053421v1","5610673","5610968","80","1931576"
"JH378119","3680972","3681273","KQ053421v1","5610673","5610968","73","1929701"
"JH378119","3723978","3724285","KQ053421v1","5610673","5610968","79","1886695"
"JH378119","3745106","3745377","KQ055862v1","1305285","1305561","85","2439821"
"JH378119","3810064","3810243","KQ058423v1","270754","270928","45","3539310"
"JH378119","4097511","4097823","KQ055267v1","513773","514088","90","3583738"
"JH378119","4335222","4335533","KQ055352v1","6003171","6003466","75","1667949"
"JH378119","4467886","4468200","KQ053421v1","5610673","5610968","80","1142787"
"JH378119","4487821","4488118","KQ053421v1","5610673","5610968","82","1122852"
"JH378119","4639921","4640220","KQ053421v1","5610673","5610968","71","970752"
"JH378119","4829685","4829953","KQ053883v1","6938067","6938331","75","2108382"
"JH378119","4916629","4916934","KQ055352v1","6003171","6003466","67","1086542"
"JH378119","5086566","5086763","KQ058594v1","5950443","5950621","77","863877"
"JH378119","5121416","5121715","KQ053421v1","5610673","5610968","71","489257"
"JH378119","5202300","5202597","KQ053421v1","5610673","5610968","75","408373"
"JH378119","5247768","5248073","KQ055267v1","513773","514088","78","4733995"
"JH378119","5336431","5336716","KQ053421v1","5610673","5610968","90","274242"
"JH378119","5348438","5348728","KQ053421v1","5610673","5610968","82","262235"
"JH378119","5365867","5366164","KQ053421v1","5610673","5610968","70","244806"
"JH378119","5381551","5381840","KQ053421v1","5610673","5610968","79","229122"
"JH378119","5392824","5393124","KQ053421v1","5610673","5610968","71","217849"
"JH378119","5549514","5549799","KQ053421v1","5610673","5610968","81","61159"
"JH378119","5554346","5554639","KQ053421v1","5610673","5610968","80","56327"
"JH378119","5796055","5796339","KQ053421v1","5610673","5610968","81","185382"
"JH378119","5905530","5905839","KQ055352v1","6003171","6003466","74","97641"
"JH378119","5984089","5984362","KQ058242v1","595939","596205","73","5388150"
"JH378119","6001121","6001411","KQ058339v1","4553625","4553889","79","1447496"
"JH378119","6021136","6021431","KQ053421v1","5610673","5610968","70","410463"
"JH378119","6082292","6082459","KQ054510v1","7582269","7582431","38","1499977"
"JH378119","6110598","6110902","KQ053421v1","5610673","5610968","72","499925"
"JH378119","6129181","6129487","KQ058427v1","7786546","7786853","74","1657365"
"JH378119","6235639","6235958","KQ058427v1","7786546","7786853","80","1550907"
"JH378119","6357823","6358146","KQ058427v1","7786546","7786853","100","1428723"
"JH378119","6503966","6504261","KQ053421v1","5610673","5610968","70","893293"
"JH378119","6544568","6544817","KQ057186v1","783828","784085","95","5760740"
"JH378119","6676791","6677093","KQ053421v1","5610673","5610968","71","1066118"
"JH378119","6745328","6745613","KQ055862v1","1305285","1305561","78","5440043"
"JH378119","6777294","6777586","KQ057901v1","868884","869144","93","5908410"
"JH378119","6803085","6803396","KQ055267v1","513773","514088","75","6289312"
"JH378119","6876206","6876468","KQ058640v1","643463","643729","83","6232743"
"JH378119","6954857","6955166","KQ055267v1","513773","514088","73","6441084"
"JH378119","6967677","6967971","KQ053421v1","5610673","5610968","76","1357004"
"JH378119","7024187","7024474","KQ058242v1","595939","596205","86","6428248"
"JH378119","7053368","7053650","KQ054815v1","2215557","2215844","89","4837811"
"JH378119","7059037","7059337","KQ053421v1","5610673","5610968","78","1448364"
"JH378119","7095126","7095434","KQ058427v1","7786546","7786853","82","691420"
"JH378119","7180814","7180970","KQ054510v1","7582269","7582431","43","401455"
"JH378119","7185754","7186056","KQ053421v1","5610673","5610968","74","1575081"
"JH378119","7229367","7229680","KQ058427v1","7786546","7786853","87","557179"
"JH378119","7247863","7248157","KQ053421v1","5610673","5610968","69","1637190"
"JH378119","7296387","7296688","KQ053421v1","5610673","5610968","64","1685714"
"JH378119","7367910","7368226","KQ053421v1","5610673","5610968","93","1757237"
"JH378119","7429467","7429737","KQ053883v1","6938067","6938331","88","491400"
"JH378119","7585630","7585934","KQ053421v1","5610673","5610968","71","1974957"
"JH378119","7694899","7695209","KQ055352v1","6003171","6003466","71","1691728"
"JH378119","7851481","7851793","KQ055267v1","513773","514088","76","7337708"
"JH378119","7858465","7858771","KQ053421v1","5610673","5610968","74","2247792"
"JH378119","7859961","7860257","KQ053421v1","5610673","5610968","70","2249288"
"JH378119","7869977","7870245","KQ058242v1","595939","596205","65","7274038"
"JH378119","7883691","7884002","KQ055352v1","6003171","6003466","72","1880520"
"JH378119","7912256","7912564","KQ055267v1","513773","514088","81","7398483"
"JH378119","7988375","7988685","KQ055352v1","6003171","6003466","71","1985204"
"JH378119","8060068","8060349","KQ054815v1","2215557","2215844","83","5844511"
"JH378119","8070300","8070591","KQ053421v1","5610673","5610968","86","2459627"
"JH378119","8411358","8411480","KQ053398v1","2623748","2623879","42","5787610"
"JH378119","8434915","8435210","KQ053421v1","5610673","5610968","67","2824242"
"JH378119","8470255","8470547","KQ053421v1","5610673","5610968","82","2859582"
"JH378119","8550495","8550787","KQ057186v1","783828","784085","90","7766667"
"JH378119","8582135","8582451","KQ055352v1","6003171","6003466","95","2578964"
"JH378119","8681979","8682277","KQ053421v1","5610673","5610968","71","3071306"
"JH378119","8684363","8684666","KQ053421v1","5610673","5610968","73","3073690"
"JH378119","8709824","8710116","KQ055267v1","513773","514088","90","8196051"
"JH378119","8740698","8741005","KQ053421v1","5610673","5610968","72","3130025"
"JH378119","8756562","8756845","KQ054815v1","2215557","2215844","85","6541005"
"JH378119","8843928","8844218","KQ053421v1","5610673","5610968","75","3233255"
"JH378119","8852617","8852927","KQ055267v1","513773","514088","79","8338844"
"JH378119","8855323","8855627","KQ053421v1","5610673","5610968","85","3244650"
"JH378119","8856755","8857052","KQ053421v1","5610673","5610968","68","3246082"
"JH378119","8869782","8870086","KQ053421v1","5610673","5610968","76","3259109"
"JH378119","8879152","8879456","KQ055352v1","6003171","6003466","69","2875981"
"JH378119","8915009","8915215","ABDC02053644v1","2226","2419","87","8912783"
"JH378119","8997409","8997726","KQ055267v1","513773","514088","93","8483636"
"JH378119","9019398","9019698","KQ053421v1","5610673","5610968","74","3408725"
"JH378119","9061999","9062306","KQ058427v1","7786546","7786853","77","1275453"
"JH378119","9184089","9184355","KQ058242v1","595939","596205","74","8588150"
"JH378119","9365968","9366274","KQ055267v1","513773","514088","103","8852195"
"JH378119","9502195","9502343","KQ053531v1","6571","6737","70","9495624"
"JH378119","9502977","9503029","KQ053234v1","1679807","1679838","30","7823170"
"JH378119","9654022","9654329","KQ055352v1","6003171","6003466","72","3650851"
"JH378119","9733266","9733544","KQ053421v1","5610673","5610968","76","4122593"
"JH378119","9834606","9834903","KQ053421v1","5610673","5610968","71","4223933"
"JH378119","9961786","9962017","KQ058242v1","595939","596205","89","9365847"
"JH378119","10001690","10001974","KQ054815v1","2215557","2215844","79","7786133"
"JH378119","10209031","10209296","KQ058242v1","595939","596205","71","9613092"
"JH378119","10353769","10354075","KQ053421v1","5610673","5610968","82","4743096"
"JH378119","10414024","10414103","KQ056235v1","1266284","1266361","17","9147740"
"JH378119","10420534","10420840","KQ055267v1","513773","514088","83","9906761"
"JH378119","10489797","10490075","KQ058242v1","595939","596205","91","9893858"
"JH378119","10508719","10509006","KQ053421v1","5610673","5610968","74","4898046"
"JH378119","10580524","10580805","KQ053421v1","5610673","5610968","82","4969851"
"JH378119","10588708","10589020","KQ053421v1","5610673","5610968","72","4978035"
"JH378119","10603084","10603322","KQ056321v1","575951","576190","86","10027133"
"JH378119","10641412","10641599","ABDC02053644v1","2226","2419","76","10639186"
"JH378119","10686407","10686696","KQ053421v1","5610673","5610968","69","5075734"
"JH378119","10840940","10841142","KQ052982v1","2032903","2033097","53","8808037"
"JH378119","10849629","10849942","KQ053421v1","5610673","5610968","80","5238956"
"JH378119","10870758","10871063","KQ058427v1","7786546","7786853","76","3084212"
"JH378119","10901650","10901928","KQ058242v1","595939","596205","77","10305711"
"JH378119","10923748","10923914","KQ053398v1","2623748","2623879","61","8300000"
"JH378119","10924335","10924644","KQ053421v1","5610673","5610968","82","5313662"
"JH378119","10996317","10996630","KQ055352v1","6003171","6003466","73","4993146"
"JH378119","11054003","11054307","KQ055352v1","6003171","6003466","74","5050832"
"JH378119","11072411","11072716","KQ055267v1","513773","514088","84","10558638"
"JH378119","11073698","11073987","KQ053421v1","5610673","5610968","87","5463025"
"JH378119","11079634","11079948","KQ058427v1","7786546","7786853","70","3293088"
"JH378119","11087280","11087564","KQ053421v1","5610673","5610968","84","5476607"
"JH378119","11106978","11107288","KQ058427v1","7786546","7786853","80","3320432"
"JH378119","11124186","11124457","KQ058242v1","595939","596205","86","10528247"
"JH378119","11126489","11126703","KQ055662v1","1890465","1890674","66","9236024"
"JH378119","11153876","11154186","KQ055267v1","513773","514088","71","10640103"
"JH378119","11192366","11192501","KQ053398v1","2627781","2627909","37","8564585"
"JH378119","11193424","11193497","KQ058316v1","2226037","2226104","40","8967387"
"JH378119","11228981","11229176","KQ053531v1","6571","6737","57","11222410"
"JH378119","11274878","11275173","KQ053421v1","5610673","5610968","86","5664205"
"JH378119","11304175","11304483","KQ058427v1","7786546","7786853","87","3517629"
"JH378119","11341209","11341516","KQ053421v1","5610673","5610968","96","5730536"
"JH378119","11345057","11345360","KQ053421v1","5610673","5610968","71","5734384"
"JH378119","11346689","11346991","KQ055352v1","6003171","6003466","72","5343518"
"JH378119","11360183","11360480","KQ053421v1","5610673","5610968","67","5749510"
"JH378119","11369627","11369755","KQ053398v1","2623748","2623879","33","8745879"
"JH378119","11371296","11371605","KQ055352v1","6003171","6003466","79","5368125"
"JH378119","11386541","11386839","KQ053421v1","5610673","5610968","73","5775868"
"JH378119","11403642","11403942","KQ055352v1","6003171","6003466","82","5400471"
"JH378119","11419220","11419494","KQ058242v1","595939","596205","84","10823281"
"JH378119","11480210","11480374","KQ057204v1","2930576","2930741","46","8549634"
"JH378119","11486972","11487269","KQ055352v1","6003171","6003466","88","5483801"
"JH378119","11520277","11520413","KQ052968v1","13665640","13665790","49","2145363"
"JH378119","11527986","11528108","KQ053398v1","2623748","2623879","37","8904238"
"JH378119","11563534","11563817","KQ053785v1","888769","889063","80","10674765"
"JH378119","11595677","11595941","KQ058242v1","595939","596205","104","10999738"
"JH378119","11672818","11673119","KQ058427v1","7786546","7786853","83","3886272"
"JH378119","11685476","11685767","KQ053421v1","5610673","5610968","81","6074803"
"JH378119","11700007","11700310","KQ058427v1","7786546","7786853","74","3913461"
"JH378119","11706065","11706228","KQ053993v1","1251070","1251235","50","10454995"
"JH378119","11712473","11712620","KQ054401v1","3363241","3363379","44","8349232"
"JH378119","11811860","11812157","KQ053421v1","5610673","5610968","71","6201187"
"JH378119","11871220","11871503","KQ053421v1","5610673","5610968","80","6260547"
"JH378119","11892806","11893118","KQ055267v1","513773","514088","78","11379033"
"JH378119","12194275","12194563","KQ057901v1","868884","869144","98","11325391"
"JH378119","12354505","12354812","KQ053059v1","2548766","2549102","99","9805739"
"JH378119","12452984","12453297","KQ053421v1","5610673","5610968","76","6842311"
"JH378119","12500260","12500507","KQ058509v1","24058","24271","81","12476202"
"JH378119","12500546","12500842","KQ053421v1","5610673","5610968","77","6889873"
"JH378119","12591460","12591769","KQ053421v1","5610673","5610968","81","6980787"
"JH378119","12622952","12623263","KQ053421v1","5610673","5610968","75","7012279"
"JH378119","12697084","12697385","KQ053059v1","2548766","2549102","102","10148318"
"JH378119","12723102","12723262","KQ056064v1","326763","326940","59","12396339"
"JH378119","12960808","12961122","KQ053421v1","5610673","5610968","76","7350135"
"JH378119","13052559","13052847","KQ053421v1","5610673","5610968","74","7441886"
"JH378119","13122571","13122863","KQ053421v1","5610673","5610968","74","7511898"
"JH378119","13123623","13123880","KQ057909v1","9290159","9290423","101","3833464"
"JH378119","13151344","13151658","KQ053421v1","5610673","5610968","80","7540671"
"JH378119","13172453","13172759","KQ055267v1","513773","514088","69","12658680"
"JH378119","13183482","13183771","KQ058427v1","7786546","7786853","82","5396936"
"JH378119","13201300","13201599","KQ053421v1","5610673","5610968","84","7590627"
"JH378119","13232468","13232623","KQ058423v1","270754","270928","58","12961714"
"JH378119","13232850","13233000","KQ053398v1","2627781","2627909","47","10605069"
"JH378119","13245624","13245920","KQ053421v1","5610673","5610968","70","7634951"
"JH378119","13254608","13254920","KQ055352v1","6003171","6003466","73","7251437"
"JH378119","13290417","13290712","KQ053421v1","5610673","5610968","73","7679744"
"JH378119","13295728","13295885","KQ053993v1","1251070","1251235","39","12044658"
"JH378119","13305992","13306295","KQ053421v1","5610673","5610968","73","7695319"
"JH378119","13306299","13306536","KQ058242v1","595939","596205","80","12710360"
"JH378119","13365034","13365333","KQ058427v1","7786546","7786853","91","5578488"
"JH378119","13542008","13542310","KQ053421v1","5610673","5610968","69","7931335"
"JH378119","13545824","13546119","KQ053421v1","5610673","5610968","83","7935151"
"JH378119","13679388","13679666","KQ055830v1","661716","661986","95","13017672"
"JH378119","13718996","13719343","KQ053059v1","2548766","2549102","166","11170230"
"JH378119","13741578","13741869","KQ053141v1","2860","3159","92","13738718"
"JH378119","13757819","13758110","KQ053421v1","5610673","5610968","82","8147146"
"JH378119","13799905","13800194","KQ053421v1","5610673","5610968","86","8189232"
"JH378119","13827756","13828054","KQ053421v1","5610673","5610968","80","8217083"
"JH378119","13904502","13904807","KQ058427v1","7786546","7786853","84","6117956"
"JH378119","13964937","13965065","KQ053398v1","2623748","2623879","35","11341189"
"JH378119","14044555","14044858","KQ055352v1","6003171","6003466","66","8041384"
"JH378119","14210625","14210923","KQ053421v1","5610673","5610968","78","8599952"
"JH378119","14387904","14388188","KQ053421v1","5610673","5610968","83","8777231"
"JH378119","14409535","14409845","KQ055267v1","513773","514088","74","13895762"
"JH378119","14415593","14415895","KQ053421v1","5610673","5610968","94","8804920"
"JH378119","14428438","14428743","KQ053421v1","5610673","5610968","80","8817765"
"JH378119","14438188","14438461","KQ058242v1","595939","596205","80","13842249"
"JH378119","14440601","14440719","KQ055717v1","1610376","1610476","43","12830225"
"JH378119","14446953","14447231","KQ053785v1","888769","889063","75","13558184"
"JH378119","14455898","14456196","KQ053421v1","5610673","5610968","73","8845225"
"JH378119","14492800","14493109","KQ055267v1","513773","514088","71","13979027"
"JH378119","14503988","14504285","KQ058242v1","595939","596205","104","13908049"
"JH378119","14617810","14617906","KQ057781v1","1047045","1047171","47","13570765"
"JH378119","14659568","14659876","KQ053421v1","5610673","5610968","68","9048895"
"JH378119","14749963","14750263","KQ053421v1","5610673","5610968","72","9139290"
"JH378119","14763121","14763419","KQ053421v1","5610673","5610968","65","9152448"
"JH378119","14784651","14784935","KQ053421v1","5610673","5610968","78","9173978"
"JH378119","14819280","14819566","KQ053421v1","5610673","5610968","74","9208607"
"JH378119","14872540","14872847","KQ058427v1","7786546","7786853","80","7085994"
"JH378119","14872954","14873253","KQ053421v1","5610673","5610968","68","9262281"
"JH378119","14875317","14875620","KQ053421v1","5610673","5610968","68","9264644"
"JH378119","14985746","14986048","KQ053421v1","5610673","5610968","80","9375073"
"JH378119","15097822","15098107","KQ058427v1","7786546","7786853","84","7311276"
"JH378119","15143008","15143290","KQ053421v1","5610673","5610968","81","9532335"
"JH378119","15175187","15175491","KQ055267v1","513773","514088","78","14661414"
"JH378119","15249490","15249813","KQ053785v1","888769","889063","112","14360721"
"JH378119","15310837","15311147","KQ053421v1","5610673","5610968","93","9700164"
"JH378119","15463519","15463773","KQ055717v1","1610777","1611031","90","13852742"
"JH378119","15470081","15470390","KQ053421v1","5610673","5610968","77","9859408"
"JH378119","15535798","15536090","KQ053421v1","5610673","5610968","74","9925125"
"JH378119","15559648","15559959","KQ058427v1","7786546","7786853","88","7773102"
"JH378119","15568659","15568955","KQ053421v1","5610673","5610968","72","9957986"
"JH378119","15626397","15626692","KQ053421v1","5610673","5610968","69","10015724"
"JH378119","15731967","15732257","KQ055267v1","513773","514088","82","15218194"
"JH378119","15774537","15774834","KQ053421v1","5610673","5610968","71","10163864"
"JH378119","15798425","15798729","KQ055352v1","6003171","6003466","70","9795254"
"JH378119","15811625","15811921","KQ053421v1","5610673","5610968","74","10200952"
"JH378119","15892050","15892312","KQ058505v1","2207051","2207301","85","13684999"
"JH378119","15902423","15902720","KQ053421v1","5610673","5610968","73","10291750"
"JH378119","16165446","16165731","KQ053421v1","5610673","5610968","82","10554773"
"JH378119","16167456","16167768","KQ055267v1","513773","514088","80","15653683"
"JH378119","16185048","16185356","KQ055352v1","6003171","6003466","77","10181877"
"JH378119","16214700","16214998","KQ053421v1","5610673","5610968","71","10604027"
"JH378119","16231868","16232148","KQ054815v1","2215557","2215844","84","14016311"
"JH378119","16245461","16245754","KQ053421v1","5610673","5610968","109","10634788"
"JH378119","16396147","16396443","KQ058242v1","595939","596205","93","15800208"
"JH378119","16426863","16427173","KQ055352v1","6003171","6003466","72","10423692"
"JH378119","16471385","16471686","KQ053421v1","5610673","5610968","71","10860712"
"JH378119","16598929","16599227","KQ053421v1","5610673","5610968","65","10988256"
"JH378119","16614836","16615140","KQ055352v1","6003171","6003466","70","10611665"
"JH378119","16769470","16769775","KQ055352v1","6003171","6003466","69","10766299"
"JH378119","16788040","16788353","KQ055352v1","6003171","6003466","71","10784869"
"JH378119","16856340","16856653","KQ055352v1","6003171","6003466","72","10853169"
"JH378119","16908382","16908616","KQ058242v1","595939","596205","83","16312443"
"JH378119","17023293","17023590","KQ053421v1","5610673","5610968","82","11412620"
"JH378119","17167731","17168037","KQ055352v1","6003171","6003466","73","11164560"
"JH378119","17230881","17231183","KQ055267v1","513773","514088","85","16717108"
"JH378119","17587003","17587305","KQ053421v1","5610673","5610968","89","11976330"
"JH378119","17748740","17749043","KQ053421v1","5610673","5610968","69","12138067"
"JH378119","17783286","17783576","KQ053421v1","5610673","5610968","78","12172613"
"JH378119","17933838","17934117","KQ053421v1","5610673","5610968","86","12323165"
"JH378119","17941729","17942031","KQ053421v1","5610673","5610968","88","12331056"
"JH378119","18044897","18045209","KQ053421v1","5610673","5610968","84","12434224"
"JH378119","18115283","18115591","KQ053421v1","5610673","5610968","71","12504610"
"JH378119","18133413","18133718","KQ058427v1","7786546","7786853","76","10346867"
"JH378119","18370291","18370594","KQ053421v1","5610673","5610968","65","12759618"
"JH378119","18430224","18430535","KQ055352v1","6003171","6003466","75","12427053"
"JH378119","18529920","18530231","KQ055352v1","6003171","6003466","78","12526749"
"JH378119","18585137","18585437","KQ053421v1","5610673","5610968","86","12974464"
"JH378119","18687650","18687956","KQ053421v1","5610673","5610968","72","13076977"
"JH378119","18866941","18867250","KQ055352v1","6003171","6003466","73","12863770"
"JH378119","19119381","19119688","KQ055352v1","6003171","6003466","74","13116210"
"JH378119","19218419","19218723","KQ053421v1","5610673","5610968","70","13607746"
"JH378119","19259347","19259643","KQ053421v1","5610673","5610968","68","13648674"
"JH378119","19274111","19274433","KQ055267v1","513773","514088","90","18760338"
"JH378119","19389956","19390253","KQ053421v1","5610673","5610968","67","13779283"
"JH378119","19413364","19413652","KQ053421v1","5610673","5610968","79","13802691"
"JH378119","19481275","19481583","KQ053421v1","5610673","5610968","71","13870602"
"JH378119","19507587","19507896","KQ055267v1","513773","514088","73","18993814"
"JH378119","19683152","19683458","KQ058427v1","7786546","7786853","82","11896606"
"JH378119","19726260","19726480","KQ058509v1","24058","24271","65","19702202"
"JH378119","19921431","19921735","KQ053421v1","5610673","5610968","72","14310758"
"JH378119","19961132","19961432","KQ053421v1","5610673","5610968","79","14350459"
"JH378119","20121185","20121470","KQ054815v1","2215557","2215844","74","17905628"
"JH378119","20179620","20179800","KQ058350v1","9514178","9514352","46","10665442"
"JH378119","20222311","20222616","KQ055352v1","6003171","6003466","69","14219140"
"JH378119","20243091","20243405","KQ053421v1","5610673","5610968","84","14632418"
"JH378119","20249263","20249504","KQ058594v1","5950443","5950621","92","14298820"
"JH378119","20261419","20261612","KQ053531v1","6571","6737","91","20254848"
"JH378119","20305742","20305992","KQ058505v1","2207051","2207301","82","18098691"
"JH378119","20419226","20419567","KQ058427v1","7786546","7786853","103","12632680"
"JH378119","20774052","20774339","KQ053785v1","888769","889063","83","19885283"
"JH378119","20774857","20775142","KQ054815v1","2215557","2215844","75","18559300"
"JH378119","20820927","20821238","KQ053421v1","5610673","5610968","70","15210254"
"JH378119","20919268","20919563","KQ053421v1","5610673","5610968","79","15308595"
"JH378119","20936710","20936838","KQ053398v1","2623748","2623879","35","18312962"
"JH378119","20976456","20976757","KQ053421v1","5610673","5610968","64","15365783"
"JH378119","21022510","21022632","KQ053398v1","2627781","2627909","42","18394729"
"JH378119","21043144","21043436","KQ053421v1","5610673","5610968","82","15432471"
"JH378119","21046696","21046990","KQ053421v1","5610673","5610968","67","15436023"
"JH378119","21055761","21056066","KQ055352v1","6003171","6003466","72","15052590"
"JH378119","21127458","21127765","KQ053421v1","5610673","5610968","77","15516785"
"JH378119","21189688","21189998","KQ058427v1","7786546","7786853","85","13403142"
"JH378119","21195217","21195516","KQ053421v1","5610673","5610968","76","15584544"
"JH378119","21259814","21260018","KQ056064v1","326763","326940","71","20933051"
"JH378119","21265006","21265307","KQ053421v1","5610673","5610968","78","15654333"
"JH378119","21270658","21270955","KQ053421v1","5610673","5610968","74","15659985"
"JH378119","21296745","21296875","KQ053398v1","2623748","2623879","34","18672997"
"JH378119","21352704","21352996","KQ053421v1","5610673","5610968","77","15742031"
"JH378119","21373743","21374051","KQ055267v1","513773","514088","81","20859970"
"JH378119","21388020","21388313","KQ053421v1","5610673","5610968","75","15777347"
"JH378119","21400494","21400772","KQ053421v1","5610673","5610968","86","15789821"
"JH378119","21416746","21417050","KQ053421v1","5610673","5610968","71","15806073"
"JH378119","21484579","21484888","KQ055267v1","513773","514088","79","20970806"
"JH378119","21501529","21501639","KQ056493v1","2043382","2043488","45","19458147"
"JH378119","21512806","21513103","KQ053421v1","5610673","5610968","80","15902133"
"JH378119","21514371","21514661","KQ053421v1","5610673","5610968","76","15903698"
"JH378119","21527097","21527389","KQ053421v1","5610673","5610968","70","15916424"
"JH378119","21530613","21530912","KQ053421v1","5610673","5610968","71","15919940"
"JH378119","21554140","21554442","KQ053421v1","5610673","5610968","70","15943467"
"JH378119","21585227","21585511","KQ058339v1","4553625","4553889","72","17031602"
"JH378119","21622663","21622950","KQ054815v1","2215557","2215844","79","19407106"
"JH378119","21627421","21627716","KQ053421v1","5610673","5610968","83","16016748"
"JH378119","21629970","21630028","KQ056173v1","291119","291185","24","21338851"
"JH378119","21637320","21637605","KQ058242v1","595939","596205","79","21041381"
"JH378119","21655984","21656271","KQ055862v1","1305285","1305561","81","20350699"
"JH378119","21663092","21663384","KQ053421v1","5610673","5610968","71","16052419"
"JH378119","21671432","21671544","KQ053398v1","2627781","2627909","46","19043651"
"JH378119","21686677","21686973","KQ053421v1","5610673","5610968","74","16076004"
"JH378119","21693963","21694285","KQ055267v1","513773","514088","87","21180190"
"JH378119","21702287","21702594","KQ055267v1","513773","514088","71","21188514"
"JH378119","21728908","21729210","KQ053421v1","5610673","5610968","71","16118235"
"JH378119","21730752","21731039","KQ053421v1","5610673","5610968","83","16120079"
"JH378119","21741936","21742259","KQ053421v1","5610673","5610968","91","16131263"
"JH378119","21755186","21755491","KQ055267v1","513773","514088","76","21241413"
"JH378119","21802339","21802641","KQ053421v1","5610673","5610968","67","16191666"
"JH378119","21855604","21855906","KQ053421v1","5610673","5610968","74","16244931"
"JH378119","22132530","22132833","KQ055352v1","6003171","6003466","71","16129359"
"JH378119","22154164","22154294","KQ053398v1","2623748","2623879","35","19530416"
"JH378119","22189595","22189903","KQ055352v1","6003171","6003466","72","16186424"
"JH378119","22268176","22268471","KQ053421v1","5610673","5610968","70","16657503"
"JH378119","22446939","22447191","KQ055662v1","1890465","1890674","87","20556474"
"JH378119","22591287","22591585","KQ053421v1","5610673","5610968","77","16980614"
"JH378119","22594709","22594840","KQ053398v1","2623748","2623879","34","19970961"
"JH378119","22595506","22595683","KQ054510v1","7582269","7582431","44","15013237"
"JH378119","22603090","22603403","KQ053421v1","5610673","5610968","97","16992417"
"JH378119","22933897","22934203","KQ055352v1","6003171","6003466","70","16930726"
"JH378119","22967116","22967411","KQ053421v1","5610673","5610968","87","17356443"
"JH378119","23068118","23068421","KQ055267v1","513773","514088","91","22554345"
"JH378119","23124278","23124540","KQ058242v1","595939","596205","73","22528339"
"JH378119","23140160","23140493","KQ053059v1","2548766","2549102","90","20591394"
"JH378119","23173717","23174013","KQ053421v1","5610673","5610968","75","17563044"
"JH378119","23174829","23175136","KQ053421v1","5610673","5610968","83","17564156"
"JH378119","23230332","23230606","KQ058242v1","595939","596205","69","22634393"
"JH378119","23243546","23243845","KQ053421v1","5610673","5610968","66","17632873"
"JH378119","23286836","23287149","KQ058427v1","7786546","7786853","81","15500290"
"JH378119","23291003","23291250","KQ053234v1","1414405","1414609","94","21876598"
"JH378119","23307802","23307963","KQ054954v1","1680710","1680882","47","21627092"
"JH378119","23308359","23308665","KQ055267v1","513773","514088","70","22794586"
"JH378119","23312470","23312775","KQ053421v1","5610673","5610968","78","17701797"
"JH378119","23339128","23339425","KQ058427v1","7786546","7786853","152","15552582"
"JH378119","23341620","23341720","KQ056279v1","759081","759162","39","22582539"
"JH378119","23388431","23388521","KQ058316v1","2226037","2226104","38","21162394"
"JH378119","23388845","23389041","KQ058274v1","300327","300497","58","23088518"
"JH378119","23408897","23409179","KQ053785v1","888769","889063","79","22520128"
"JH378119","23451110","23451329","KQ053234v1","1414405","1414609","68","22036705"
"JH378119","23710220","23710526","KQ055267v1","513773","514088","88","23196447"
"JH378119","23759499","23759800","KQ053421v1","5610673","5610968","71","18148826"
"JH378119","24018696","24019002","KQ055352v1","6003171","6003466","67","18015525"
"JH378119","24111172","24111478","KQ058427v1","7786546","7786853","78","16324626"
"JH378119","24140062","24140356","KQ053421v1","5610673","5610968","83","18529389"
"JH378119","24267036","24267345","KQ058427v1","7786546","7786853","78","16480490"
"JH378119","24319423","24319707","KQ053421v1","5610673","5610968","76","18708750"
"JH378119","24493840","24494140","KQ053421v1","5610673","5610968","76","18883167"
"JH378119","24584559","24584839","KQ053785v1","888769","889063","84","23695790"
"JH378119","24691079","24691388","KQ053421v1","5610673","5610968","77","19080406"
"JH378119","24821873","24822068","KQ058423v1","270754","270928","64","24551119"
"JH378119","24829730","24830029","KQ053421v1","5610673","5610968","67","19219057"
"JH378119","24844297","24844599","KQ053421v1","5610673","5610968","77","19233624"
"JH378119","24928035","24928175","KQ053398v1","2623748","2623879","36","22304287"
"JH378119","24939152","24939470","KQ055267v1","513773","514088","82","24425379"
"JH378119","25127379","25127693","KQ055352v1","6003171","6003466","76","19124208"
"JH378119","25243642","25243922","KQ053421v1","5610673","5610968","77","19632969"
"JH378119","25330193","25330501","KQ055352v1","6003171","6003466","66","19327022"
"JH378119","25450721","25451027","KQ055267v1","513773","514088","85","24936948"
"JH378119","25694196","25694521","KQ058427v1","7786546","7786853","95","17907650"
"JH378119","25730580","25730849","KQ053421v1","5610673","5610968","84","20119907"
"JH378119","25734345","25734644","KQ053135v1","5034940","5035266","91","20699405"
"JH378119","25747557","25747667","KQ056493v1","2043382","2043488","42","23704175"
"JH378119","25807645","25807935","KQ053421v1","5610673","5610968","91","20196972"
"JH378119","25808790","25809087","KQ053421v1","5610673","5610968","80","20198117"
"JH378119","25886930","25887239","KQ053421v1","5610673","5610968","72","20276257"
"JH378119","25895844","25896148","KQ053421v1","5610673","5610968","75","20285171"
"JH378119","25921744","25922054","KQ055352v1","6003171","6003466","75","19918573"
"JH378119","25934985","25935272","KQ053421v1","5610673","5610968","73","20324312"
"JH378119","25989654","25989887","KQ058242v1","595939","596205","82","25393715"
"JH378119","26000001","26000082","KQ054301v1","913068","913128","40","25086933"
"JH378119","26006310","26006602","KQ053421v1","5610673","5610968","74","20395637"
"JH378119","26028595","26028894","KQ053421v1","5610673","5610968","92","20417922"
"JH378119","26035113","26035414","KQ053421v1","5610673","5610968","66","20424440"
"JH378119","26043225","26043513","KQ053421v1","5610673","5610968","80","20432552"
"JH378119","26065703","26066011","KQ053421v1","5610673","5610968","81","20455030"
"JH378119","26102481","26102753","KQ053421v1","5610673","5610968","80","20491808"
"JH378119","26119614","26119902","KQ053421v1","5610673","5610968","77","20508941"
"JH378119","26136571","26136887","KQ055267v1","513773","514088","91","25622798"
"JH378119","26146287","26146567","KQ053421v1","5610673","5610968","90","20535614"
"JH378119","26147075","26147379","KQ055267v1","513773","514088","81","25633302"
"JH378119","26149750","26150046","KQ053421v1","5610673","5610968","83","20539077"
"JH378119","26157667","26157957","KQ053421v1","5610673","5610968","71","20546994"
"JH378119","26159562","26159864","KQ053421v1","5610673","5610968","84","20548889"
"JH378119","26251542","26251825","KQ055862v1","1305285","1305561","84","24946257"
"JH378119","26322353","26322645","KQ053421v1","5610673","5610968","73","20711680"
"JH378119","26331691","26331983","KQ053421v1","5610673","5610968","76","20721018"
"JH378119","26376060","26376371","KQ055267v1","513773","514088","77","25862287"
"JH378119","26393017","26393314","KQ053421v1","5610673","5610968","70","20782344"
"JH378119","26420945","26421237","KQ053421v1","5610673","5610968","69","20810272"
"JH378119","26421453","26421774","KQ055267v1","513773","514088","94","25907680"
"JH378119","26490059","26490158","KQ056279v1","759081","759162","37","25730978"
"JH378119","26505071","26505232","KQ053398v1","2623748","2623879","61","23881323"
"JH378119","26505995","26506117","KQ052968v1","13665640","13665790","57","12840355"
"JH378119","26532224","26532531","KQ053421v1","5610673","5610968","89","20921551"
"JH378119","26534140","26534435","KQ057901v1","868884","869144","99","25665256"
"JH378119","26661025","26661317","KQ053421v1","5610673","5610968","84","21050352"
"JH378119","26685865","26686165","KQ053421v1","5610673","5610968","148","21075192"
"JH378119","26691797","26692097","KQ055352v1","6003171","6003466","92","20688626"
"JH378119","26798244","26798529","KQ058242v1","595939","596205","84","26202305"
"JH378119","26827989","26828287","KQ053421v1","5610673","5610968","73","21217316"
"JH378119","26830058","26830372","KQ055267v1","513773","514088","74","26316285"
"JH378119","26844149","26844436","KQ054815v1","2215557","2215844","83","24628592"
"JH378119","26844493","26844758","KQ058640v1","643463","643729","97","26201030"
"JH378119","26873142","26873439","KQ053421v1","5610673","5610968","71","21262469"
"JH378119","26873527","26873830","KQ055352v1","6003171","6003466","76","20870356"
"JH378119","26876200","26876507","KQ053421v1","5610673","5610968","80","21265527"
"JH378119","26900007","26900299","KQ055862v1","1305285","1305561","92","25594722"
"JH378119","26925288","26925587","KQ053883v1","6938067","6938331","114","19987221"
"JH378119","26927575","26927826","KQ058242v1","595939","596205","70","26331636"
"JH378119","26935026","26935303","KQ058242v1","595939","596205","74","26339087"
"JH378119","26947530","26947704","KQ058423v1","270754","270928","46","26676776"
"JH378119","26951613","26951749","KQ054401v1","3363241","3363379","41","23588372"
"JH378119","26953597","26953885","KQ058427v1","6786866","6787134","77","20166731"
"JH378119","26953892","26954203","KQ055267v1","513773","514088","74","26440119"
"JH378119","26961372","26961642","KQ053421v1","5610673","5610968","82","21350699"
"JH378119","26962877","26963175","KQ053421v1","5610673","5610968","70","21352204"
"JH378119","26970246","26970541","KQ053421v1","5610673","5610968","73","21359573"
"JH378119","26989406","26989737","KQ053421v1","5610673","5610968","118","21378733"
"JH378119","27029684","27029987","KQ053421v1","5610673","5610968","75","21419011"
"JH378119","27049411","27049657","KQ058242v1","595939","596205","87","26453472"
"JH378119","27055375","27055686","KQ055352v1","6003171","6003466","76","21052204"
"JH378119","27068363","27068662","KQ058427v1","7786546","7786853","79","19281817"
"JH378119","27073467","27073781","KQ058427v1","7786546","7786853","74","19286921"
"JH378119","27076932","27077249","KQ058427v1","7786546","7786853","86","19290386"
"JH378119","27117656","27117959","KQ053421v1","5610673","5610968","67","21506983"
"JH378119","27155977","27156276","KQ055352v1","6003171","6003466","89","21152806"
"JH378119","27157989","27158287","KQ053421v1","5610673","5610968","74","21547316"
"JH378119","27185800","27186079","KQ053421v1","5610673","5610968","80","21575127"
"JH378119","27186233","27186406","KQ053234v1","1679581","1679757","49","25506652"
"JH378119","27203125","27203254","KQ054401v1","3363241","3363379","37","23839884"
"JH378119","27205892","27206186","KQ053421v1","5610673","5610968","75","21595219"
"JH378119","27224867","27225164","KQ053421v1","5610673","5610968","76","21614194"
"JH378119","27229174","27229467","KQ053421v1","5610673","5610968","81","21618501"
"JH378119","27253740","27253976","KQ058242v1","595939","596205","90","26657801"
"JH378119","27328450","27328754","KQ058427v1","7786546","7786853","77","19541904"
"JH378119","27438967","27439275","KQ053421v1","5610673","5610968","78","21828294"
"JH378119","27479057","27479357","KQ053421v1","5610673","5610968","70","21868384"
"JH378119","27539115","27539335","ABDC02053644v1","2226","2419","82","27536889"
"JH378119","27545795","27546088","KQ057901v1","868884","869144","93","26676911"
"JH378119","27606205","27606516","KQ055267v1","513773","514088","75","27092432"
"JH378119","27631836","27632092","KQ057186v1","783828","784085","69","26848008"
"JH378119","27734808","27735112","KQ053421v1","5610673","5610968","75","22124135"
"JH378119","27783296","27783610","KQ058427v1","7786546","7786853","88","19996750"
"JH378119","27786396","27786699","KQ053421v1","5610673","5610968","70","22175723"
"JH378119","27922560","27922862","KQ055267v1","513773","514088","80","27408787"
"JH378119","27940684","27940788","KQ056235v1","1266284","1266361","41","26674400"
"JH378119","27997661","27997968","KQ055267v1","513773","514088","66","27483888"
"JH378119","28034386","28034493","KQ055717v1","1610376","1610476","39","26424010"
"JH378119","28307359","28307623","KQ058242v1","595939","596205","64","27711420"
"JH378119","28381069","28381276","KQ055140v1","659740","659924","80","27721329"
"JH378119","28430769","28431068","KQ053421v1","5610673","5610968","85","22820096"
"JH378119","28443083","28443304","KQ055662v1","1890465","1890674","67","26552618"
"JH378119","28460055","28460365","KQ055267v1","513773","514088","82","27946282"
"JH378119","28498682","28498955","KQ053421v1","5610673","5610968","96","22888009"
"JH378119","28500001","28500104","KQ056493v1","2043382","2043488","39","26456619"
"JH378119","28510551","28510857","KQ053421v1","5610673","5610968","75","22899878"
"JH378119","28533482","28533778","KQ053421v1","5610673","5610968","72","22922809"
"JH378119","28540684","28540980","KQ053421v1","5610673","5610968","67","22930011"
"JH378119","28658860","28659123","KQ057901v1","868884","869144","84","27789976"
"JH378119","28682679","28682917","KQ055717v1","1610777","1611031","93","27071902"
"JH378119","28736416","28736716","KQ053421v1","5610673","5610968","83","23125743"
"JH378119","28747275","28747565","KQ053421v1","5610673","5610968","78","23136602"
"JH378119","28757519","28757818","KQ053421v1","5610673","5610968","74","23146846"
"JH378119","28812985","28813279","KQ053421v1","5610673","5610968","71","23202312"
"JH378119","29036863","29037182","KQ053421v1","5610673","5610968","85","23426190"
"JH378119","29058034","29058332","KQ053421v1","5610673","5610968","81","23447361"
"JH378119","29096432","29096716","KQ053421v1","5610673","5610968","77","23485759"
"JH378119","29157082","29157375","KQ053421v1","5610673","5610968","63","23546409"
"JH378119","29255770","29256075","KQ055352v1","6003171","6003466","70","23252599"
"JH378119","29270267","29270578","KQ055267v1","513773","514088","76","28756494"
"JH378119","29280886","29281183","KQ055352v1","6003171","6003466","74","23277715"
"JH378119","29348557","29348864","KQ055267v1","513773","514088","71","28834784"
"JH378119","29366840","29367093","KQ055717v1","1610777","1611031","85","27756063"
"JH378119","29375679","29375988","KQ053059v1","2548766","2549102","102","26826913"
"JH378119","29423554","29423863","KQ055267v1","513773","514088","75","28909781"
"JH378119","29464440","29464745","KQ058427v1","7786546","7786853","68","21677894"
"JH378119","29464762","29465045","KQ053421v1","5610673","5610968","73","23854089"
"JH378119","29503652","29503932","KQ053883v1","6938067","6938331","104","22565585"
"JH378119","29530609","29530889","KQ057186v1","783828","784085","78","28746781"
"JH378119","29592395","29592700","KQ055352v1","6003171","6003466","70","23589224"
"JH378119","29617608","29617892","KQ053421v1","5610673","5610968","79","24006935"
"JH378119","29637061","29637364","KQ053421v1","5610673","5610968","70","24026388"
"JH378119","29808730","29809040","KQ055267v1","513773","514088","72","29294957"
"JH378119","30105042","30105323","KQ055862v1","1305285","1305561","84","28799757"
"JH378119","30212154","30212486","KQ058427v1","7786546","7786853","106","22425608"
"JH378119","30303416","30303711","KQ053421v1","5610673","5610968","73","24692743"
"JH378119","30306754","30307058","KQ055352v1","6003171","6003466","68","24303583"
"JH378119","30323146","30323456","KQ053421v1","5610673","5610968","90","24712473"
"JH378119","30388043","30388336","KQ053421v1","5610673","5610968","89","24777370"
"JH378119","30648066","30648357","KQ053421v1","5610673","5610968","78","25037393"
"JH378119","30715110","30715406","KQ053421v1","5610673","5610968","76","25104437"
"JH378119","30734625","30734906","KQ053421v1","5610673","5610968","86","25123952"
"JH378119","30787125","30787431","KQ053421v1","5610673","5610968","79","25176452"
"JH378119","30988233","30988544","KQ055352v1","6003171","6003466","73","24985062"
"JH378119","30999062","30999245","KQ053234v1","1679581","1679757","57","29319481"
"JH378119","31369002","31369312","KQ053421v1","5610673","5610968","80","25758329"
"JH378119","31441198","31441488","KQ053421v1","5610673","5610968","82","25830525"
"JH378119","31496227","31496398","KQ053093v1","1668172","1668343","49","29828055"
"JH378119","31625432","31625731","KQ053421v1","5610673","5610968","72","26014759"
"JH378119","31707043","31707343","KQ053421v1","5610673","5610968","71","26096370"
"JH378119","31890919","31891066","KQ056911v1","1421731","1421862","50","30469188"
"JH378119","31931572","31931876","KQ053421v1","5610673","5610968","72","26320899"
"JH378119","31984045","31984339","KQ053421v1","5610673","5610968","71","26373372"
"JH378119","31984354","31984634","KQ053785v1","888769","889063","82","31095585"
"JH378119","32000633","32000941","KQ055267v1","513773","514088","73","31486860"
"JH378119","32018182","32018480","KQ053421v1","5610673","5610968","72","26407509"
"JH378119","32040102","32040411","KQ055352v1","6003171","6003466","70","26036931"
"JH378119","32058501","32058646","KQ056920v1","183120","183261","37","31875381"
"JH378119","32069129","32069430","KQ053421v1","5610673","5610968","79","26458456"
"JH378119","32073343","32073599","KQ056321v1","575951","576190","85","31497392"
"JH378119","32080757","32081046","KQ053421v1","5610673","5610968","91","26470084"
"JH378119","32093883","32094200","KQ053421v1","5610673","5610968","77","26483210"
"JH378119","32124062","32124356","KQ053421v1","5610673","5610968","75","26513389"
"JH378119","32202998","32203304","KQ053421v1","5610673","5610968","74","26592325"
"JH378119","32208208","32208517","KQ055267v1","513773","514088","89","31694435"
"JH378119","32221367","32221517","KQ053398v1","2623748","2623879","45","29597619"
"JH378119","32252261","32252578","KQ053421v1","5610673","5610968","91","26641588"
"JH378119","32282057","32282271","KQ052982v1","2032903","2033097","52","30249154"
"JH378119","32354590","32354865","KQ053421v1","5610673","5610968","81","26743917"
"JH378119","32405633","32405941","KQ055352v1","6003171","6003466","74","26402462"
"JH378119","32447428","32447726","KQ053421v1","5610673","5610968","72","26836755"
"JH378119","32577453","32577751","KQ058339v1","4553625","4553889","162","28023828"
"JH378119","32619416","32619713","KQ053421v1","5610673","5610968","70","27008743"
"JH378119","32649835","32650108","KQ055862v1","1305285","1305561","90","31344550"
"JH378119","32680002","32680286","KQ053421v1","5610673","5610968","92","27069329"
"JH378119","32718876","32719104","KQ058274v1","300327","300497","90","32418549"
"JH378119","32727198","32727447","KQ058242v1","595939","596205","74","32131259"
"JH378119","32800104","32800390","KQ058242v1","595939","596205","85","32204165"
"JH378119","32834879","32835167","KQ055862v1","1305285","1305561","83","31529594"
"JH378119","32956923","32957213","KQ053421v1","5610673","5610968","70","27346250"
"JH378119","32967147","32967466","KQ055267v1","513773","514088","83","32453374"
"JH378119","32978106","32978415","KQ055267v1","513773","514088","81","32464333"
"JH378119","33033738","33034028","KQ053421v1","5610673","5610968","79","27423065"
"JH378119","33050919","33051201","KQ053421v1","5610673","5610968","86","27440246"
"JH378119","33073300","33073405","KQ055717v1","1610376","1610476","33","31462924"
"JH378119","33226879","33227183","KQ053421v1","5610673","5610968","66","27616206"
"JH378119","33275500","33275807","KQ053421v1","5610673","5610968","77","27664827"
"JH378119","33416624","33416942","KQ053421v1","5610673","5610968","89","27805951"
"JH378119","33486060","33486290","KQ053234v1","1414405","1414609","85","32071655"
"JH378119","33488130","33488436","KQ055352v1","6003171","6003466","70","27484959"
"JH378119","33780558","33780864","KQ055352v1","6003171","6003466","68","27777387"
"JH378119","33902690","33902995","KQ053421v1","5610673","5610968","81","28292017"
"JH378119","33942757","33943061","KQ055352v1","6003171","6003466","74","27939586"
"JH378119","33975348","33975652","KQ055352v1","6003171","6003466","72","27972177"
"JH378119","34008511","34008822","KQ053421v1","5610673","5610968","77","28397838"
"JH378119","34009306","34009607","KQ053421v1","5610673","5610968","79","28398633"
"JH378119","34019921","34020212","KQ053421v1","5610673","5610968","74","28409248"
"JH378119","34034163","34034412","KQ058505v1","2207051","2207301","87","31827112"
"JH378119","34042535","34042837","KQ055267v1","513773","514088","79","33528762"
"JH378119","34049046","34049341","KQ053421v1","5610673","5610968","87","28438373"
"JH378119","34140285","34140584","KQ053421v1","5610673","5610968","73","28529612"
"JH378119","34184653","34184960","KQ058427v1","7786546","7786853","74","26398107"
"JH378119","34248067","34248367","KQ053421v1","5610673","5610968","86","28637394"
"JH378119","34295301","34295611","KQ055352v1","6003171","6003466","69","28292130"
"JH378119","34329869","34330160","KQ053421v1","5610673","5610968","72","28719196"
"JH378119","34332202","34332515","KQ055267v1","513773","514088","80","33818429"
"JH378119","34421215","34421524","KQ055352v1","6003171","6003466","67","28418044"
"JH378119","34529323","34529508","KQ053234v1","1679581","1679757","54","32849742"
"JH378119","34882738","34882997","KQ053883v1","6938067","6938331","85","27944671"
"JH378119","34951224","34951520","KQ053421v1","5610673","5610968","73","29340551"
"JH378119","35030562","35030851","KQ058242v1","595939","596205","96","34434623"
"JH378119","35070005","35070304","KQ053421v1","5610673","5610968","89","29459332"
"JH378119","35165583","35165887","KQ055352v1","6003171","6003466","70","29162412"
"JH378119","35376727","35376956","KQ058242v1","595939","596205","88","34780788"
"JH378119","35381474","35381784","KQ055352v1","6003171","6003466","73","29378303"
"JH378119","35518786","35519072","KQ053421v1","5610673","5610968","84","29908113"
"JH378119","35699464","35699619","KQ053993v1","1251070","1251235","50","34448394"
"JH378119","35873492","35873817","KQ053059v1","2548766","2549102","112","33324726"
"JH378119","35895167","35895452","KQ053421v1","5610673","5610968","84","30284494"
"JH378119","35926832","35927103","KQ058394v1","9655127","9655422","97","26271705"
"JH378119","36002257","36002568","KQ055267v1","513773","514088","74","35488484"
"JH378119","36037924","36038233","KQ055352v1","6003171","6003466","74","30034753"
"JH378119","36095939","36096241","KQ053421v1","5610673","5610968","70","30485266"
"JH378119","36131455","36131756","KQ053421v1","5610673","5610968","67","30520782"
"JH378119","36171198","36171493","KQ053421v1","5610673","5610968","75","30560525"
"JH378120","444961","445257","KQ053421v1","5610673","5610968","78","5165712"
"JH378120","547689","548000","KQ055352v1","6003171","6003466","74","5455482"
"JH378120","712437","712731","KQ053421v1","5610673","5610968","68","4898236"
"JH378120","810710","810956","KQ058509v1","24058","24271","78","786652"
"JH378120","814003","814247","KQ058339v1","4553625","4553889","97","3739622"
"JH378120","1192980","1193270","KQ053421v1","5610673","5610968","80","4417693"
"JH378120","1214580","1214878","KQ053421v1","5610673","5610968","70","4396093"
"JH378120","1262888","1263186","KQ053421v1","5610673","5610968","66","4347785"
"JH378120","1264070","1264359","KQ053421v1","5610673","5610968","92","4346603"
"JH378120","1273958","1274260","KQ053421v1","5610673","5610968","70","4336715"
"JH378120","1296292","1296589","KQ053421v1","5610673","5610968","75","4314381"
"JH378120","1317110","1317409","KQ053421v1","5610673","5610968","82","4293563"
"JH378120","1355313","1355590","KQ055830v1","661716","661986","98","693597"
"JH378120","1411306","1411566","KQ058427v1","6786866","6787134","84","5375560"
"JH378120","1453090","1453353","KQ058242v1","595939","596205","80","857151"
"JH378120","1585399","1585697","KQ053421v1","5610673","5610968","72","4025274"
"JH378120","1749042","1749349","KQ055267v1","513773","514088","75","1235269"
"JH378120","1861304","1861581","KQ053421v1","5610673","5610968","70","3749369"
"JH378120","1894423","1894719","KQ053421v1","5610673","5610968","70","3716250"
"JH378120","1978871","1979179","KQ058427v1","7786546","7786853","78","5807675"
"JH378120","2102202","2102433","KQ055662v1","1890465","1890674","83","211737"
"JH378120","2129218","2129425","KQ055662v1","1890465","1890674","57","238753"
"JH378120","2209023","2209281","KQ053883v1","6938067","6938331","81","4729044"
"JH378120","2448739","2449051","KQ055352v1","6003171","6003466","74","3554432"
"JH378120","2456092","2456362","KQ058242v1","595939","596205","82","1860153"
"JH378120","2477032","2477329","KQ053421v1","5610673","5610968","71","3133641"
"JH378120","2642930","2643061","KQ054401v1","3363241","3363379","45","720311"
"JH378120","2644179","2644482","KQ055267v1","513773","514088","75","2130406"
"JH378120","2648183","2648475","KQ053421v1","5610673","5610968","79","2962490"
"JH378120","2661196","2661477","KQ055352v1","6003171","6003466","76","3341975"
"JH378120","2680815","2680975","KQ053993v1","1251070","1251235","32","1429745"
"JH378120","2707977","2708276","KQ053421v1","5610673","5610968","74","2902696"
"JH378120","2747640","2747948","KQ055352v1","6003171","6003466","74","3255531"
"JH378120","2748637","2748907","KQ058242v1","595939","596205","80","2152698"
"JH378120","2783430","2783559","KQ053398v1","2627781","2627909","31","155649"
"JH378120","2786993","2787285","KQ053421v1","5610673","5610968","75","2823680"
"JH378120","2789133","2789431","KQ053421v1","5610673","5610968","76","2821540"
"JH378120","2802606","2802893","KQ053421v1","5610673","5610968","86","2808067"
"JH378120","2812764","2813049","KQ053421v1","5610673","5610968","86","2797909"
"JH378120","2898415","2898716","KQ055862v1","1305285","1305561","73","1593130"
"JH378120","2975962","2976255","KQ053421v1","5610673","5610968","76","2634711"
"JH378120","2976985","2977159","KQ054954v1","1680710","1680882","41","1296275"
"JH378120","3002017","3002317","KQ053421v1","5610673","5610968","74","2608656"
"JH378120","3082670","3082970","KQ053421v1","5610673","5610968","65","2528003"
"JH378120","3132908","3133193","KQ053421v1","5610673","5610968","85","2477765"
"JH378120","3142548","3142820","KQ057186v1","783828","784085","84","2358720"
"JH378120","3153318","3153602","KQ053421v1","5610673","5610968","87","2457355"
"JH378120","3284006","3284298","KQ058427v1","7786546","7786853","78","4502540"
"JH378120","3315506","3315639","KQ053398v1","2623748","2623879","36","691758"
"JH378120","3373969","3374265","KQ058427v1","7786546","7786853","82","4412577"
"JH378120","3404445","3404737","KQ053421v1","5610673","5610968","71","2206228"
"JH378120","3404770","3405017","KQ058242v1","595939","596205","65","2808831"
"JH378120","3407008","3407105","KQ053998v1","8863","8933","45","3398145"
"JH378120","3465014","3465187","KQ054179v1","3404435","3404595","49","60579"
"JH378120","3480503","3480799","KQ053421v1","5610673","5610968","70","2130170"
"JH378120","3495913","3496218","KQ055352v1","6003171","6003466","68","2507258"
"JH378120","3499231","3499482","KQ058242v1","595939","596205","72","2903292"
"JH378120","3518561","3518860","KQ053421v1","5610673","5610968","84","2092112"
"JH378120","3519006","3519304","KQ055862v1","1305285","1305561","76","2213721"
"JH378120","3540238","3540535","KQ058427v1","7786546","7786853","84","4246308"
"JH378120","3600502","3600814","KQ055352v1","6003171","6003466","72","2402669"
"JH378120","3642824","3643112","KQ053421v1","5610673","5610968","87","1967849"
"JH378120","3645822","3646120","KQ053421v1","5610673","5610968","80","1964851"
"JH378120","3680183","3680471","KQ053421v1","5610673","5610968","67","1930490"
"JH378120","3729714","3729872","KQ057204v1","2930576","2930741","41","799138"
"JH378120","3919420","3919717","KQ053421v1","5610673","5610968","70","1691253"
"JH378120","3983271","3983574","KQ055352v1","6003171","6003466","78","2019900"
"JH378120","4147856","4148156","KQ053421v1","5610673","5610968","84","1462817"
"JH378120","4193129","4193413","KQ053421v1","5610673","5610968","80","1417544"
"JH378120","4206186","4206486","KQ058242v1","595939","596205","87","3610247"
"JH378120","4322895","4323190","KQ053421v1","5610673","5610968","85","1287778"
"JH378120","4347758","4348060","KQ055352v1","6003171","6003466","72","1655413"
"JH378120","4361422","4361669","KQ058242v1","595939","596205","83","3765483"
"JH378120","4392397","4392705","KQ053421v1","5610673","5610968","68","1218276"
"JH378120","4850211","4850490","KQ058242v1","595939","596205","78","4254272"
"JH378120","4861837","4862106","KQ058505v1","2207051","2207301","89","2654786"
"JH378120","4941469","4941779","KQ055352v1","6003171","6003466","77","1061702"
"JH378120","5146125","5146433","KQ055352v1","6003171","6003466","74","857046"
"JH378120","5311348","5311650","KQ053421v1","5610673","5610968","84","299325"
"JH378120","5339032","5339326","KQ053421v1","5610673","5610968","72","271641"
"JH378120","5371577","5371887","KQ055352v1","6003171","6003466","70","631594"
"JH378120","5417112","5417395","KQ053421v1","5610673","5610968","81","193561"
"JH378120","5423444","5423730","KQ053421v1","5610673","5610968","90","187229"
"JH378120","5649813","5650114","KQ053421v1","5610673","5610968","66","39140"
"JH378120","5697118","5697424","KQ053421v1","5610673","5610968","81","86445"
"JH378120","5804154","5804449","KQ053421v1","5610673","5610968","73","193481"
"JH378120","5819157","5819420","KQ053421v1","5610673","5610968","95","208484"
"JH378120","5834593","5834898","KQ055352v1","6003171","6003466","70","168578"
"JH378120","6038659","6038897","KQ057186v1","783828","784085","93","5254831"
"JH378120","6218449","6218741","KQ053421v1","5610673","5610968","74","607776"
"JH378120","6316103","6316276","KQ053093v1","1668172","1668343","47","4647931"
"JH378120","6396732","6397040","KQ058427v1","7786546","7786853","73","1389814"
"JH378120","6428182","6428326","KQ053267v1","1313653","1313811","42","5114529"
"JH378120","6434332","6434633","KQ053421v1","5610673","5610968","80","823659"
"JH378120","6497713","6498017","KQ053421v1","5610673","5610968","79","887040"
"JH378120","6546142","6546450","KQ055267v1","513773","514088","73","6032369"
"JH378120","6547069","6547376","KQ055352v1","6003171","6003466","71","543898"
"JH378120","6578026","6578302","KQ054815v1","2215557","2215844","85","4362469"
"JH378120","6603835","6604144","KQ058427v1","7786546","7786853","77","1182711"
"JH378120","6637814","6638105","KQ053421v1","5610673","5610968","76","1027141"
"JH378120","6746903","6747216","KQ053421v1","5610673","5610968","98","1136230"
"JH378120","6748424","6748734","KQ055267v1","513773","514088","71","6234651"
"JH378120","6754730","6754933","KQ056064v1","326763","326940","67","6427967"
"JH378120","6816118","6816425","KQ053421v1","5610673","5610968","74","1205445"
"JH378120","6824826","6825100","KQ058339v1","4553625","4553889","84","2271201"
"JH378120","6840036","6840245","KQ053587v1","1594956","1595153","64","5245080"
"JH378120","6845960","6846268","KQ053421v1","5610673","5610968","70","1235287"
"JH378120","6892823","6893116","KQ053421v1","5610673","5610968","77","1282150"
"JH378120","6906855","6907184","KQ055352v1","6003171","6003466","93","903684"
"JH378120","6913733","6913921","KQ058274v1","300327","300497","54","6613406"
"JH378120","6914022","6914146","KQ058316v1","6194306","6194449","52","719716"
"JH378120","6924753","6925062","KQ055267v1","513773","514088","85","6410980"
"JH378120","6925515","6925818","KQ053421v1","5610673","5610968","70","1314842"
"JH378120","6927914","6928016","KQ056493v1","2043382","2043488","50","4884532"
"JH378120","6939888","6940182","KQ053421v1","5610673","5610968","68","1329215"
"JH378120","6961109","6961396","KQ053421v1","5610673","5610968","81","1350436"
"JH378120","7003200","7003511","KQ055267v1","513773","514088","72","6489427"
"JH378120","7023389","7023693","KQ053421v1","5610673","5610968","81","1412716"
"JH378120","7040712","7041016","KQ053421v1","5610673","5610968","81","1430039"
"JH378120","7064763","7065011","KQ053421v1","5610673","5610968","102","1454090"
"JH378120","7091943","7092248","KQ058427v1","7786546","7786853","76","694603"
"JH378120","7137765","7137900","KQ053398v1","2623748","2623879","36","4514017"
"JH378120","7142105","7142405","KQ053421v1","5610673","5610968","72","1531432"
"JH378120","7147609","7147915","KQ055267v1","513773","514088","77","6633836"
"JH378120","7180387","7180694","KQ053421v1","5610673","5610968","70","1569714"
"JH378120","7246960","7247256","KQ053421v1","5610673","5610968","69","1636287"
"JH378120","7320656","7320978","KQ053421v1","5610673","5610968","99","1709983"
"JH378120","7333587","7333715","KQ053398v1","2623748","2623879","35","4709839"
"JH378120","7349413","7349706","KQ053421v1","5610673","5610968","86","1738740"
"JH378120","7358758","7359054","KQ053421v1","5610673","5610968","76","1748085"
"JH378120","7468032","7468341","KQ053421v1","5610673","5610968","83","1857359"
"JH378120","7569954","7570262","KQ055267v1","513773","514088","72","7056181"
"JH378120","7594896","7595205","KQ055267v1","513773","514088","81","7081123"
"JH378120","7736154","7736460","KQ055352v1","6003171","6003466","71","1732983"
"JH378120","7787171","7787471","KQ053421v1","5610673","5610968","77","2176498"
"JH378120","7797256","7797555","KQ053421v1","5610673","5610968","69","2186583"
"JH378120","7911360","7911644","KQ053421v1","5610673","5610968","73","2300687"
"JH378120","8450943","8451197","KQ058509v1","24058","24271","91","8426885"
"JH378120","8540348","8540647","KQ053421v1","5610673","5610968","80","2929675"
"JH378120","8632908","8633186","KQ056321v1","575951","576190","96","8056957"
"JH378120","9034307","9034602","KQ053421v1","5610673","5610968","80","3423634"
"JH378120","9126532","9126786","KQ058242v1","595939","596205","86","8530593"
"JH378120","9133588","9133774","KQ056147v1","2861940","2862121","54","6271648"
"JH378120","9139668","9139963","KQ058427v1","7786546","7786853","89","1353122"
"JH378120","9173570","9173866","KQ053421v1","5610673","5610968","74","3562897"
"JH378120","9253196","9253492","KQ053421v1","5610673","5610968","71","3642523"
"JH378120","9297117","9297214","KQ055717v1","1610376","1610476","34","7686741"
"JH378120","9340528","9340804","KQ058242v1","595939","596205","85","8744589"
"JH378120","9454876","9455183","KQ055352v1","6003171","6003466","68","3451705"
"JH378120","9583246","9583538","KQ053421v1","5610673","5610968","69","3972573"
"JH378120","9611907","9612056","KQ053398v1","2623748","2623879","43","6988159"
"JH378120","9660796","9661085","KQ053421v1","5610673","5610968","74","4050123"
"JH378120","9727422","9727719","KQ053421v1","5610673","5610968","69","4116749"
"JH378120","9812062","9812343","KQ058242v1","595939","596205","81","9216123"
"JH378120","9843870","9844127","KQ058242v1","595939","596205","81","9247931"
"JH378120","9917944","9918224","KQ054815v1","2215557","2215844","81","7702387"
"JH378120","10028331","10028638","KQ053421v1","5610673","5610968","97","4417658"
"JH378120","10049807","10050100","KQ053421v1","5610673","5610968","68","4439134"
"JH378120","10066701","10066946","KQ058509v1","24058","24271","76","10042643"
"JH378120","10069770","10070034","KQ053421v1","5610673","5610968","91","4459097"
"JH378120","10114375","10114524","KQ053993v1","1251070","1251235","43","8863305"
"JH378120","10114556","10114787","KQ054068v1","3638075","3638299","82","6476481"
"JH378120","10116007","10116217","KQ058509v1","24058","24271","68","10091949"
"JH378120","10127639","10127949","KQ055267v1","513773","514088","75","9613866"
"JH378120","10150204","10150514","KQ055352v1","6003171","6003466","75","4147033"
"JH378120","10159846","10160144","KQ053421v1","5610673","5610968","76","4549173"
"JH378120","10184865","10185162","KQ053421v1","5610673","5610968","73","4574192"
"JH378120","10203243","10203327","KQ056235v1","1266284","1266361","19","8936959"
"JH378120","10203634","10203867","KQ053234v1","1414405","1414609","70","8789229"
"JH378120","10205664","10205964","KQ053421v1","5610673","5610968","68","4594991"
"JH378120","10216714","10217028","KQ055352v1","6003171","6003466","76","4213543"
"JH378120","10231746","10232046","KQ053421v1","5610673","5610968","70","4621073"
"JH378120","10245776","10246064","KQ053421v1","5610673","5610968","79","4635103"
"JH378120","10262106","10262396","KQ058242v1","595939","596205","98","9666167"
"JH378120","10268434","10268663","KQ056064v1","326763","326940","92","9941671"
"JH378120","10268838","10269138","KQ053421v1","5610673","5610968","68","4658165"
"JH378120","10285683","10285981","KQ053421v1","5610673","5610968","66","4675010"
"JH378120","10310016","10310326","KQ055267v1","513773","514088","89","9796243"
"JH378120","10322050","10322342","KQ053421v1","5610673","5610968","70","4711377"
"JH378120","10338957","10339267","KQ055352v1","6003171","6003466","77","4335786"
"JH378120","10519949","10520242","KQ053421v1","5610673","5610968","70","4909276"
"JH378120","10578129","10578433","KQ053421v1","5610673","5610968","78","4967456"
"JH378120","10961372","10961678","KQ055352v1","6003171","6003466","72","4958201"
"JH378120","10980870","10981149","KQ053421v1","5610673","5610968","86","5370197"
"JH378120","11086877","11087172","KQ053421v1","5610673","5610968","70","5476204"
"JH378120","11128713","11128991","KQ055862v1","1305285","1305561","81","9823428"
"JH378120","11238175","11238459","KQ053421v1","5610673","5610968","81","5627502"
"JH378120","11298004","11298233","KQ054068v1","3638075","3638299","71","7659929"
"JH378120","11360410","11360674","KQ058427v1","6786866","6787134","94","4573544"
"JH378120","11613152","11613431","KQ057186v1","783828","784085","77","10829324"
"JH378120","11649884","11650039","KQ057449v1","1214348","1214489","46","10435536"
"JH378120","11659700","11659991","KQ055267v1","513773","514088","85","11145927"
"JH378120","11746175","11746468","KQ053421v1","5610673","5610968","78","6135502"
"JH378120","11954412","11954710","KQ053421v1","5610673","5610968","73","6343739"
"JH378120","12062128","12062268","KQ054401v1","3363241","3363379","37","8698887"
"JH378120","12068995","12069306","KQ055352v1","6003171","6003466","72","6065824"
"JH378120","12107331","12107642","KQ055267v1","513773","514088","77","11593558"
"JH378120","12151261","12151564","KQ053421v1","5610673","5610968","70","6540588"
"JH378120","12497258","12497566","KQ053421v1","5610673","5610968","71","6886585"
"JH378120","12515393","12515640","KQ058242v1","595939","596205","84","11919454"
"JH378120","12622580","12622872","KQ053421v1","5610673","5610968","95","7011907"
"JH378120","12851101","12851388","KQ053421v1","5610673","5610968","71","7240428"
"JH378120","12880892","12881194","KQ053421v1","5610673","5610968","67","7270219"
"JH378120","12901327","12901632","KQ053421v1","5610673","5610968","81","7290654"
"JH378120","13086056","13086350","KQ053421v1","5610673","5610968","64","7475383"
"JH378120","13114549","13114812","KQ053883v1","6938067","6938331","85","6176482"
"JH378120","13169075","13169382","KQ053421v1","5610673","5610968","86","7558402"
"JH378120","13291858","13292145","KQ053421v1","5610673","5610968","76","7681185"
"JH378120","13303838","13304138","KQ053421v1","5610673","5610968","71","7693165"
"JH378120","13364613","13364924","KQ053421v1","5610673","5610968","72","7753940"
"JH378120","13389907","13390211","KQ055267v1","513773","514088","71","12876134"
"JH378120","13529121","13529406","KQ053421v1","5610673","5610968","89","7918448"
"JH378120","13645706","13646008","KQ053421v1","5610673","5610968","66","8035033"
"JH378120","13749371","13749650","KQ054815v1","2215557","2215844","78","11533814"
"JH378120","13884151","13884437","KQ053421v1","5610673","5610968","72","8273478"
"JH378120","13978363","13978673","KQ055352v1","6003171","6003466","69","7975192"
"JH378120","14208452","14208762","KQ055267v1","513773","514088","78","13694679"
"JH378120","14309815","14310126","KQ058427v1","7786546","7786853","75","6523269"
"JH378120","14382632","14382749","KQ053398v1","2627781","2627909","42","11754851"
"JH378120","14438851","14439134","KQ053421v1","5610673","5610968","76","8828178"
"JH378120","14473880","14474115","KQ058509v1","24058","24271","72","14449822"
"JH378120","14502174","14502480","KQ058427v1","7786546","7786853","75","6715628"
"JH378120","14665193","14665493","KQ053421v1","5610673","5610968","91","9054520"
"JH378120","14794833","14795123","KQ053421v1","5610673","5610968","77","9184160"
"JH378120","14870332","14870622","KQ053421v1","5610673","5610968","89","9259659"
"JH378120","15212780","15213083","KQ053421v1","5610673","5610968","80","9602107"
"JH378120","15298925","15299217","KQ053421v1","5610673","5610968","86","9688252"
"JH378120","15327536","15327840","KQ053421v1","5610673","5610968","77","9716863"
"JH378120","15330783","15331078","KQ053421v1","5610673","5610968","73","9720110"
"JH378120","15348694","15348986","KQ053421v1","5610673","5610968","80","9738021"
"JH378120","15394910","15395205","KQ053421v1","5610673","5610968","79","9784237"
"JH378120","15459163","15459457","KQ053421v1","5610673","5610968","84","9848490"
"JH378120","15536300","15536403","KQ056493v1","2043382","2043488","42","13492918"
"JH378120","15658842","15659123","KQ058640v1","643463","643729","87","15015379"
"JH378120","15692990","15693292","KQ053421v1","5610673","5610968","73","10082317"
"JH378120","15725230","15725432","KQ058594v1","1033101","1033292","64","14692129"
"JH378120","15790484","15790730","KQ058509v1","24058","24271","79","15766426"
"JH378120","15802523","15802830","KQ053421v1","5610673","5610968","69","10191850"
"JH378120","15951075","15951389","KQ058427v1","7786546","7786853","82","8164529"
"JH378120","15981259","15981484","KQ058242v1","595939","596205","101","15385320"
"JH378120","16117924","16118210","KQ053421v1","5610673","5610968","83","10507251"
"JH378120","16157937","16158081","KQ058428v1","1396698","1396861","57","14761239"
"JH378120","16239632","16239949","KQ053421v1","5610673","5610968","95","10628959"
"JH378120","16242373","16242684","KQ055352v1","6003171","6003466","74","10239202"
"JH378120","16352346","16352638","KQ053421v1","5610673","5610968","86","10741673"
"JH378120","16390803","16391111","KQ054815v1","2215557","2215844","103","14175246"
"JH378120","16401865","16402183","KQ058427v1","7786546","7786853","88","8615319"
"JH378120","16403220","16403525","KQ053421v1","5610673","5610968","76","10792547"
"JH378120","16449004","16449279","KQ053883v1","6938067","6938331","92","9510937"
"JH378120","16489560","16489831","KQ058242v1","595939","596205","79","15893621"
"JH378120","16490856","16491149","KQ053421v1","5610673","5610968","76","10880183"
"JH378120","16519192","16519485","KQ053421v1","5610673","5610968","64","10908519"
"JH378120","16562307","16562608","KQ053421v1","5610673","5610968","87","10951634"
"JH378120","16601995","16602124","KQ053398v1","2623748","2623879","32","13978247"
"JH378120","16648871","16649172","KQ055267v1","513773","514088","76","16135098"
"JH378120","16696354","16696657","KQ053421v1","5610673","5610968","82","11085681"
"JH378120","16755688","16755991","KQ053421v1","5610673","5610968","77","11145015"
"JH378120","16785824","16786087","KQ058242v1","595939","596205","63","16189885"
"JH378120","16936649","16936950","KQ053421v1","5610673","5610968","92","11325976"
"JH378120","17024128","17024428","KQ053421v1","5610673","5610968","67","11413455"
"JH378120","17089394","17089687","KQ053421v1","5610673","5610968","76","11478721"
"JH378120","17107652","17107948","KQ053421v1","5610673","5610968","65","11496979"
"JH378120","17242097","17242390","KQ053421v1","5610673","5610968","74","11631424"
"JH378120","17246182","17246446","KQ055830v1","661716","661986","95","16584466"
"JH378120","17307078","17307390","KQ055352v1","6003171","6003466","72","11303907"
"JH378120","17311053","17311349","KQ053421v1","5610673","5610968","72","11700380"
"JH378120","17368971","17369258","KQ053421v1","5610673","5610968","73","11758298"
"JH378120","17401707","17402007","KQ053421v1","5610673","5610968","69","11791034"
"JH378120","17430676","17430975","KQ053421v1","5610673","5610968","69","11820003"
"JH378120","17457162","17457478","KQ058427v1","7786546","7786853","80","9670616"
"JH378120","17574411","17574723","KQ058427v1","7786546","7786853","76","9787865"
"JH378120","17605281","17605580","KQ053421v1","5610673","5610968","79","11994608"
"JH378120","17675714","17675938","KQ055662v1","1890465","1890674","68","15785249"
"JH378120","17752212","17752514","KQ058427v1","7786546","7786853","66","9965666"
"JH378120","18014828","18015134","KQ058427v1","7786546","7786853","77","10228282"
"JH378120","18020801","18021090","KQ053421v1","5610673","5610968","79","12410128"
"JH378120","18292169","18292439","KQ057901v1","868884","869144","88","17423285"
"JH378120","18420109","18420361","KQ055717v1","1610777","1611031","86","16809332"
"JH378120","18430194","18430503","KQ053421v1","5610673","5610968","77","12819521"
"JH378120","18449414","18449715","KQ053421v1","5610673","5610968","67","12838741"
"JH378120","18479559","18479854","KQ053421v1","5610673","5610968","76","12868886"
"JH378120","18558584","18558887","KQ055352v1","6003171","6003466","68","12555413"
"JH378120","18561755","18562050","KQ053421v1","5610673","5610968","71","12951082"
"JH378120","18577099","18577406","KQ055352v1","6003171","6003466","71","12573928"
"JH378120","18586176","18586304","KQ053398v1","2623748","2623879","37","15962428"
"JH378120","18624754","18625062","KQ055352v1","6003171","6003466","70","12621583"
"JH378120","18644635","18644946","KQ055267v1","513773","514088","77","18130862"
"JH378120","18694330","18694632","KQ053421v1","5610673","5610968","67","13083657"
"JH378120","18697723","18698025","KQ053421v1","5610673","5610968","72","13087050"
"JH378120","18814466","18814745","KQ053421v1","5610673","5610968","87","13203793"
"JH378120","18847516","18847816","KQ053421v1","5610673","5610968","78","13236843"
"JH378120","18847882","18848174","KQ053421v1","5610673","5610968","75","13237209"
"JH378120","18889178","18889471","KQ053421v1","5610673","5610968","75","13278505"
"JH378120","18897725","18898025","KQ054815v1","2215557","2215844","85","16682168"
"JH378120","19028868","19029179","KQ055352v1","6003171","6003466","75","13025697"
"JH378120","19077826","19078134","KQ055352v1","6003171","6003466","72","13074655"
"JH378120","19112487","19112787","KQ053421v1","5610673","5610968","70","13501814"
"JH378120","19162567","19162853","KQ057901v1","868884","869144","88","18293683"
"JH378120","19187718","19188027","KQ058427v1","7786546","7786853","75","11401172"
"JH378120","19231648","19231936","KQ055267v1","513773","514088","92","18717875"
"JH378120","19260916","19261218","KQ053421v1","5610673","5610968","71","13650243"
"JH378120","19287447","19287759","KQ055267v1","513773","514088","74","18773674"
"JH378120","19446768","19447074","KQ053421v1","5610673","5610968","74","13836095"
"JH378120","19447075","19447373","KQ053421v1","5610673","5610968","72","13836402"
"JH378120","19469379","19469529","KQ054401v1","3363241","3363379","43","16106138"
"JH378120","19658850","19659146","KQ053421v1","5610673","5610968","67","14048177"
"JH378120","19728584","19728894","KQ055267v1","513773","514088","75","19214811"
"JH378120","19780872","19781125","KQ058242v1","595939","596205","72","19184933"
"JH378120","19951254","19951592","KQ055352v1","6003171","6003466","101","13948083"
"JH378120","20342815","20343150","KQ053059v1","2548766","2549102","106","17794049"
"JH378120","20357675","20357980","KQ055352v1","6003171","6003466","68","14354504"
"JH378120","20489412","20489722","KQ055267v1","513773","514088","76","19975639"
"JH378120","20574381","20574677","KQ055862v1","1305285","1305561","91","19269096"
"JH378120","20746516","20746692","KQ056064v1","326763","326940","60","20419753"
"JH378120","20949652","20949946","KQ053421v1","5610673","5610968","63","15338979"
"JH378120","21044928","21045223","KQ053421v1","5610673","5610968","73","15434255"
"JH378120","21202156","21202457","KQ058427v1","7786546","7786853","84","13415610"
"JH378120","21215572","21215859","KQ055862v1","1305285","1305561","81","19910287"
"JH378120","21276182","21276480","KQ053421v1","5610673","5610968","72","15665509"
"JH378120","21567243","21567544","KQ053421v1","5610673","5610968","70","15956570"
"JH378120","21614918","21615214","KQ053421v1","5610673","5610968","63","16004245"
"JH378120","21727317","21727627","KQ055267v1","513773","514088","75","21213544"
"JH378120","21775268","21775572","KQ058427v1","7786546","7786853","83","13988722"
"JH378120","21955467","21955756","KQ053421v1","5610673","5610968","71","16344794"
"JH378120","21961379","21961675","KQ053421v1","5610673","5610968","78","16350706"
"JH378120","22050414","22050710","KQ053421v1","5610673","5610968","89","16439741"
"JH378120","22134566","22134802","KQ058242v1","595939","596205","86","21538627"
"JH378120","22176850","22177156","KQ055352v1","6003171","6003466","73","16173679"
"JH378120","22244598","22244821","KQ056005v1","1024192","1024395","66","21220406"
"JH378120","22244924","22245191","KQ058242v1","595939","596205","76","21648985"
"JH378120","22391304","22391593","KQ053421v1","5610673","5610968","75","16780631"
"JH378120","22647532","22647815","KQ053421v1","5610673","5610968","85","17036859"
"JH378120","22767806","22768115","KQ055352v1","6003171","6003466","75","16764635"
"JH378120","22805742","22806049","KQ055352v1","6003171","6003466","74","16802571"
"JH378120","22832552","22832849","KQ053421v1","5610673","5610968","76","17221879"
"JH378120","22843198","22843496","KQ053421v1","5610673","5610968","96","17232525"
"JH378120","22994596","22994893","KQ053421v1","5610673","5610968","80","17383923"
"JH378120","23000287","23000567","KQ058242v1","595939","596205","80","22404348"
"JH378120","23087823","23088128","KQ053421v1","5610673","5610968","72","17477150"
"JH378120","23091222","23091500","KQ053421v1","5610673","5610968","87","17480549"
"JH378120","23112069","23112349","KQ058427v1","6786866","6787134","82","16325203"
"JH378120","23120941","23121250","KQ055267v1","513773","514088","77","22607168"
"JH378120","23131294","23131516","KQ058594v1","5950443","5950621","87","17180851"
"JH378120","23167644","23167939","KQ055267v1","513773","514088","85","22653871"
"JH378120","23211289","23211596","KQ055352v1","6003171","6003466","71","17208118"
"JH378120","23322566","23322872","KQ055352v1","6003171","6003466","68","17319395"
"JH378120","23549784","23549982","KQ055662v1","1890465","1890674","70","21659319"
"JH378120","23567331","23567640","KQ055267v1","513773","514088","74","23053558"
"JH378120","23607024","23607324","KQ053421v1","5610673","5610968","68","17996351"
"JH378120","23642784","23643082","KQ055267v1","513773","514088","97","23129011"
"JH378120","23736171","23736474","KQ055267v1","513773","514088","80","23222398"
"JH378120","23789600","23789906","KQ055352v1","6003171","6003466","72","17786429"
"JH378120","23790173","23790466","KQ055352v1","6003171","6003466","88","17787002"
"JH378120","23901171","23901462","KQ053421v1","5610673","5610968","73","18290498"
"JH378120","24215278","24215589","KQ055267v1","513773","514088","71","23701505"
"JH378120","24327045","24327346","KQ055352v1","6003171","6003466","81","18323874"
"JH378120","24341955","24342276","KQ055267v1","513773","514088","80","23828182"
"JH378120","24363204","24363502","KQ053421v1","5610673","5610968","75","18752531"
"JH378120","24375965","24376273","KQ055267v1","513773","514088","71","23862192"
"JH378120","24395090","24395398","KQ055352v1","6003171","6003466","72","18391919"
"JH378120","24397103","24397397","KQ058427v1","7786546","7786853","90","16610557"
"JH378120","24398383","24398679","KQ053421v1","5610673","5610968","69","18787710"
"JH378120","24449176","24449387","KQ052982v1","2032903","2033097","57","22416273"
"JH378120","24587190","24587492","KQ053421v1","5610673","5610968","78","18976517"
"JH378120","24653371","24653661","KQ058242v1","595939","596205","88","24057432"
"JH378120","24665152","24665343","KQ058274v1","300327","300497","70","24364825"
"JH378120","24725768","24726054","KQ053421v1","5610673","5610968","82","19115095"
"JH378120","24734257","24734510","KQ058505v1","2207051","2207301","81","22527206"
"JH378120","24740204","24740496","KQ053421v1","5610673","5610968","80","19129531"
"JH378120","24762559","24762843","KQ053421v1","5610673","5610968","85","19151886"
"JH378120","24766627","24766937","KQ053421v1","5610673","5610968","88","19155954"
"JH378120","24767604","24767890","KQ053421v1","5610673","5610968","76","19156931"
"JH378120","24875553","24875853","KQ053421v1","5610673","5610968","70","19264880"
"JH378120","24903169","24903462","KQ053421v1","5610673","5610968","82","19292496"
"JH378120","24930761","24931062","KQ053421v1","5610673","5610968","84","19320088"
"JH378120","25023428","25023706","KQ054815v1","2215557","2215844","87","22807871"
"JH378120","25242117","25242428","KQ058427v1","7786546","7786853","73","17455571"
"JH378120","25325692","25325987","KQ053421v1","5610673","5610968","81","19715019"
"JH378120","25418118","25418427","KQ053421v1","5610673","5610968","76","19807445"
"JH378120","25495838","25496140","KQ053421v1","5610673","5610968","68","19885165"
"JH378120","25781787","25781896","KQ057781v1","1047045","1047171","43","24734742"
"JH378120","25960114","25960413","KQ053421v1","5610673","5610968","70","20349441"
"JH378120","25994267","25994566","KQ053421v1","5610673","5610968","74","20383594"
"JH378120","26050608","26050905","KQ053421v1","5610673","5610968","72","20439935"
"JH378120","26318371","26318667","KQ053421v1","5610673","5610968","73","20707698"
"JH378120","26537938","26538167","KQ058242v1","595939","596205","86","25941999"
"JH378120","26548215","26548511","KQ053421v1","5610673","5610968","72","20937542"
"JH378120","26578007","26578232","KQ055717v1","1610777","1611031","83","24967230"
"JH378120","26580710","26581013","KQ053421v1","5610673","5610968","87","20970037"
"JH378120","26597190","26597481","KQ053421v1","5610673","5610968","79","20986517"
"JH378120","26683955","26684260","KQ053421v1","5610673","5610968","73","21073282"
"JH378120","26685447","26685763","KQ058427v1","7786546","7786853","84","18898901"
"JH378120","26691096","26691404","KQ055267v1","513773","514088","76","26177323"
"JH378120","26702020","26702314","KQ053421v1","5610673","5610968","74","21091347"
"JH378120","26709867","26710162","KQ058427v1","7786546","7786853","85","18923321"
"JH378120","26714087","26714385","KQ053421v1","5610673","5610968","83","21103414"
"JH378120","26739871","26740186","KQ055267v1","513773","514088","90","26226098"
"JH378120","26756298","26756499","KQ058509v1","24058","24271","75","26732240"
"JH378120","26776049","26776196","KQ053267v1","1313653","1313811","38","25462396"
"JH378120","26801228","26801528","KQ058427v1","7786546","7786853","83","19014682"
"JH378120","26806427","26806713","KQ053421v1","5610673","5610968","91","21195754"
"JH378120","26817717","26818019","KQ055352v1","6003171","6003466","71","20814546"
"JH378120","26828879","26829017","KQ054401v1","3363241","3363379","32","23465638"
"JH378120","26829118","26829273","KQ053398v1","2623748","2623879","49","24205370"
"JH378120","26830942","26831231","KQ053421v1","5610673","5610968","82","21220269"
"JH378120","26831982","26832283","KQ053421v1","5610673","5610968","71","21221309"
"JH378120","26852687","26853001","KQ055267v1","513773","514088","80","26338914"
"JH378120","26958231","26958525","KQ053421v1","5610673","5610968","73","21347558"
"JH378120","27172097","27172396","KQ053421v1","5610673","5610968","73","21561424"
"JH378120","27515622","27515863","KQ053234v1","1414405","1414609","75","26101217"
"JH378120","27690471","27690782","KQ055352v1","6003171","6003466","74","21687300"
"JH378120","27849864","27850116","KQ057901v1","868884","869144","79","26980980"
"JH378120","27905072","27905336","KQ053421v1","5610673","5610968","94","22294399"
"JH378120","27932516","27932823","KQ055267v1","513773","514088","71","27418743"
"JH378120","27959950","27960259","KQ053421v1","5610673","5610968","71","22349277"
"JH378120","28000309","28000565","KQ058242v1","595939","596205","67","27404370"
"JH378120","28027708","28027982","KQ058242v1","595939","596205","80","27431769"
"JH378120","28035072","28035253","KQ058423v1","270754","270928","45","27764318"
"JH378120","28103588","28103896","KQ055352v1","6003171","6003466","68","22100417"
"JH378120","28162851","28163143","KQ053421v1","5610673","5610968","72","22552178"
"JH378120","28186320","28186628","KQ053421v1","5610673","5610968","77","22575647"
"JH378120","28205799","28206103","KQ055352v1","6003171","6003466","72","22202628"
"JH378120","28249593","28249900","KQ053421v1","5610673","5610968","75","22638920"
"JH378120","28434593","28434891","KQ053421v1","5610673","5610968","67","22823920"
"JH378120","28485506","28485803","KQ053421v1","5610673","5610968","75","22874833"
"JH378120","28496440","28496735","KQ053421v1","5610673","5610968","69","22885767"
"JH378120","28546875","28547172","KQ053421v1","5610673","5610968","67","22936202"
"JH378120","28548023","28548325","KQ053421v1","5610673","5610968","76","22937350"
"JH378120","28551533","28551835","KQ055352v1","6003171","6003466","70","22548362"
"JH378120","28571662","28571967","KQ055267v1","513773","514088","81","28057889"
"JH378120","28588250","28588545","KQ053421v1","5610673","5610968","67","22977577"
"JH378120","28718354","28718682","KQ055352v1","6003171","6003466","87","22715183"
"JH378120","28881073","28881344","KQ053421v1","5610673","5610968","78","23270400"
"JH378120","29033398","29033707","KQ055352v1","6003171","6003466","72","23030227"
"JH378120","29049246","29049374","KQ053398v1","2623748","2623879","29","26425498"
"JH378120","29067935","29068186","KQ057186v1","783828","784085","90","28284107"
"JH378120","29117649","29117902","KQ058339v1","4553625","4553889","88","24564024"
"JH378120","29277201","29277488","KQ053421v1","5610673","5610968","76","23666528"
"JH378120","29830961","29831157","KQ056064v1","326763","326940","73","29504198"
"JH378120","29831255","29831555","KQ053421v1","5610673","5610968","71","24220582"
"JH378120","29878475","29878779","KQ053421v1","5610673","5610968","70","24267802"
"JH378120","29897701","29897828","KQ053398v1","2623748","2623879","38","27273953"
"JH378120","30008765","30009055","KQ053421v1","5610673","5610968","74","24398092"
"JH378120","30034763","30035062","KQ053421v1","5610673","5610968","71","24424090"
"JH378120","30052828","30053127","KQ053421v1","5610673","5610968","75","24442155"
"JH378120","30070327","30070629","KQ053421v1","5610673","5610968","73","24459654"
"JH378120","30099134","30099441","KQ055352v1","6003171","6003466","75","24095963"
"JH378120","30103123","30103404","KQ053421v1","5610673","5610968","82","24492450"
"JH378120","30183939","30184237","KQ053421v1","5610673","5610968","67","24573266"
"JH378120","30204972","30205256","KQ053421v1","5610673","5610968","84","24594299"
"JH378120","30208396","30208639","KQ058509v1","24058","24271","79","30184338"
"JH378120","30210757","30211080","KQ055352v1","6003171","6003466","87","24207586"
"JH378120","30211900","30212128","KQ055662v1","1890465","1890674","67","28321435"
"JH378120","30227459","30227754","KQ053421v1","5610673","5610968","84","24616786"
"JH378120","30227983","30228281","KQ053421v1","5610673","5610968","65","24617310"
"JH378120","30261542","30261660","KQ056493v1","2043382","2043488","52","28218160"
"JH378120","30261761","30261939","KQ058274v1","300327","300497","41","29961434"
"JH378120","30268431","30268529","KQ055717v1","1610376","1610476","44","28658055"
"JH378120","30269298","30269600","KQ053421v1","5610673","5610968","70","24658625"
"JH378120","30272255","30272568","KQ053421v1","5610673","5610968","79","24661582"
"JH378120","30296511","30296795","KQ053421v1","5610673","5610968","77","24685838"
"JH378120","30299350","30299649","KQ053421v1","5610673","5610968","65","24688677"
"JH378120","30301267","30301540","KQ053421v1","5610673","5610968","81","24690594"
"JH378120","30333156","30333467","KQ055352v1","6003171","6003466","71","24329985"
"JH378120","30341064","30341375","KQ058427v1","7786546","7786853","74","22554518"
"JH378120","30346689","30346937","KQ055717v1","1610777","1611031","71","28735912"
"JH378120","30372993","30373296","KQ053421v1","5610673","5610968","71","24762320"
"JH378120","30424649","30424930","KQ054815v1","2215557","2215844","76","28209092"
"JH378120","30424967","30425271","KQ053421v1","5610673","5610968","83","24814294"
"JH378120","30430499","30430800","KQ053421v1","5610673","5610968","79","24819826"
"JH378120","30454780","30455086","KQ055267v1","513773","514088","71","29941007"
"JH378120","30461533","30461830","KQ053421v1","5610673","5610968","69","24850860"
"JH378120","30463415","30463555","KQ053398v1","2623748","2623879","36","27839667"
"JH378120","30476241","30476533","KQ053421v1","5610673","5610968","79","24865568"
"JH378120","30497613","30497921","KQ058427v1","7786546","7786853","80","22711067"
"JH378120","30510698","30511011","KQ053421v1","5610673","5610968","82","24900025"
"JH378120","30587034","30587191","KQ054954v1","1680710","1680882","47","28906324"
"JH378120","30663304","30663584","KQ058242v1","595939","596205","83","30067365"
"JH378120","30688707","30689008","KQ053421v1","5610673","5610968","67","25078034"
"JH378120","30702771","30703076","KQ055267v1","513773","514088","73","30188998"
"JH378120","30717453","30717765","KQ055267v1","513773","514088","76","30203680"
"JH378120","30735218","30735513","KQ055267v1","513773","514088","94","30221445"
"JH378120","30750993","30751304","KQ055352v1","6003171","6003466","74","24747822"
"JH378120","30794138","30794442","KQ053421v1","5610673","5610968","73","25183465"
"JH378120","30886930","30887219","KQ053421v1","5610673","5610968","76","25276257"
"JH378120","30902366","30902665","KQ053421v1","5610673","5610968","68","25291693"
"JH378120","30907925","30908217","KQ053421v1","5610673","5610968","79","25297252"
"JH378120","30941847","30942156","KQ055352v1","6003171","6003466","69","24938676"
"JH378120","30968969","30969251","KQ054815v1","2215557","2215844","74","28753412"
"JH378120","30974430","30974703","KQ058242v1","595939","596205","73","30378491"
"JH378120","31187034","31187329","KQ053421v1","5610673","5610968","71","25576361"
"JH378120","31381756","31382031","KQ058242v1","595939","596205","73","30785817"
"JH378120","31410228","31410507","KQ057186v1","783828","784085","85","30626400"
"JH378120","31457874","31458145","KQ057186v1","783828","784085","73","30674046"
"JH378120","31476935","31477234","KQ053421v1","5610673","5610968","69","25866262"
"JH378120","31622306","31622613","KQ053421v1","5610673","5610968","76","26011633"
"JH378120","31926929","31927235","KQ055352v1","6003171","6003466","69","25923758"
"JH378120","31973635","31973929","KQ055267v1","513773","514088","91","31459862"
"JH378120","32007135","32007444","KQ058427v1","7786546","7786853","89","24220589"
"JH378120","32140590","32140868","KQ053421v1","5610673","5610968","84","26529917"
"JH378120","32232333","32232587","KQ058505v1","2207051","2207301","83","30025282"
"JH378120","32235379","32235683","KQ053421v1","5610673","5610968","71","26624706"
"JH378120","32337988","32338304","KQ055267v1","513773","514088","79","31824215"
"JH378120","32430767","32431035","KQ058242v1","595939","596205","83","31834828"
"JH378120","32451523","32451804","KQ053785v1","888769","889063","83","31562754"
"JH378120","32541349","32541643","KQ053421v1","5610673","5610968","88","26930676"
"JH378120","32555987","32556281","KQ053421v1","5610673","5610968","90","26945314"
"JH378120","32556937","32557217","KQ053421v1","5610673","5610968","66","26946264"
"JH378120","32609990","32610280","KQ058242v1","595939","596205","87","32014051"
"JH378120","32623492","32623803","KQ055352v1","6003171","6003466","71","26620321"
"JH378120","32794593","32794871","KQ058242v1","595939","596205","82","32198654"
"JH378120","32806320","32806635","KQ055352v1","6003171","6003466","75","26803149"
"JH378120","32809803","32810000","KQ053234v1","1679581","1679757","65","31130222"
"JH378120","32816912","32817192","KQ057186v1","783828","784085","80","32033084"
"JH378120","32901349","32901621","KQ053421v1","5610673","5610968","83","27290676"
"JH378121","9305968","9306265","KQ053421v1","5610673","5610968","77","3695295"
"JH378121","60810","61113","KQ053421v1","5610673","5610968","75","5549863"
"JH378121","90948","91156","KQ058594v1","5950443","5950621","72","5859495"
"JH378121","184226","184487","KQ056321v1","575951","576190","75","391725"
"JH378121","277960","278268","KQ053421v1","5610673","5610968","83","5332713"
"JH378121","301091","301378","KQ058242v1","595939","596205","76","294848"
"JH378121","334917","335143","KQ058594v1","5950443","5950621","87","5615526"
"JH378121","510381","510679","KQ053421v1","5610673","5610968","74","5100292"
"JH378121","572298","572417","KQ053398v1","2623748","2623879","42","2051450"
"JH378121","572522","572685","KQ057654v1","509","671","37","572013"
"JH378121","638743","638983","KQ052982v1","2032903","2033097","82","1394160"
"JH378121","872387","872680","KQ053421v1","5610673","5610968","82","4738286"
"JH378121","1005390","1005692","KQ053421v1","5610673","5610968","68","4605283"
"JH378121","1007376","1007656","KQ058242v1","595939","596205","79","411437"
"JH378121","1014273","1014559","KQ053421v1","5610673","5610968","76","4596400"
"JH378121","1090296","1090598","KQ053421v1","5610673","5610968","78","4520377"
"JH378121","1091830","1092135","KQ053421v1","5610673","5610968","77","4518843"
"JH378121","1273521","1273604","KQ056235v1","1266284","1266361","22","7237"
"JH378121","1571671","1571904","KQ058242v1","595939","596205","89","975732"
"JH378121","1583327","1583438","KQ056493v1","2043382","2043488","30","460055"
"JH378121","1750219","1750407","KQ055978v1","4311984","4312161","55","2561765"
"JH378121","2121882","2122136","KQ058640v1","643463","643729","82","1478419"
"JH378121","2186549","2186727","KQ053234v1","1679581","1679757","49","506968"
"JH378121","2195010","2195308","KQ058427v1","7786546","7786853","77","5591536"
"JH378121","2394996","2395300","KQ058427v1","7786546","7786853","74","5391550"
"JH378121","2540689","2540818","KQ053398v1","2623748","2623879","36","83059"
"JH378121","2836475","2836769","KQ053421v1","5610673","5610968","77","2774198"
"JH378121","3098917","3099172","KQ055717v1","1610777","1611031","88","1488140"
"JH378121","3498477","3498736","KQ058339v1","4553625","4553889","83","1055148"
"JH378121","3796462","3796760","KQ053421v1","5610673","5610968","80","1814211"
"JH378121","3829941","3830234","KQ053421v1","5610673","5610968","69","1780732"
"JH378121","3845831","3846147","KQ055352v1","6003171","6003466","77","2157340"
"JH378121","3848699","3849010","KQ055352v1","6003171","6003466","74","2154472"
"JH378121","3999256","3999396","KQ053004v1","3064551","3064681","40","934705"
"JH378121","4505764","4506045","KQ055862v1","1305285","1305561","72","3200479"
"JH378121","4526156","4526323","KQ053993v1","1251070","1251235","46","3275086"
"JH378121","4589754","4590027","KQ057901v1","868884","869144","90","3720870"
"JH378121","4624586","4624902","KQ053421v1","5610673","5610968","85","986087"
"JH378121","4961554","4961855","KQ053421v1","5610673","5610968","72","649119"
"JH378121","5062750","5063052","KQ053421v1","5610673","5610968","72","547923"
"JH378121","5146763","5147050","KQ053421v1","5610673","5610968","75","463910"
"JH378121","5214955","5215265","KQ055352v1","6003171","6003466","74","788216"
"JH378121","5319046","5319355","KQ058427v1","7786546","7786853","91","2467500"
"JH378121","5334036","5334141","KQ055717v1","1610376","1610476","46","3723660"
"JH378121","5381406","5381714","KQ055267v1","513773","514088","78","4867633"
"JH378121","5552431","5552739","KQ058427v1","7786546","7786853","79","2234115"
"JH378121","5744065","5744373","KQ058427v1","7786546","7786853","72","2042481"
"JH378121","5767396","5767698","KQ053421v1","5610673","5610968","71","156723"
"JH378121","5836920","5837209","KQ058427v1","7786546","7786853","88","1949626"
"JH378121","5872699","5872999","KQ053421v1","5610673","5610968","65","262026"
"JH378121","6095304","6095614","KQ055267v1","513773","514088","77","5581531"
"JH378121","6443293","6443588","KQ053421v1","5610673","5610968","70","832620"
"JH378121","6492771","6493067","KQ053421v1","5610673","5610968","72","882098"
"JH378121","6899804","6900114","KQ053421v1","5610673","5610968","89","1289131"
"JH378121","6901172","6901477","KQ053421v1","5610673","5610968","93","1290499"
"JH378121","6940012","6940303","KQ053421v1","5610673","5610968","75","1329339"
"JH378121","6965555","6965731","KQ057449v1","1214348","1214489","73","5751207"
"JH378121","7005647","7005944","KQ055140v1","2807106","2807399","90","4198541"
"JH378121","7293479","7293772","KQ053421v1","5610673","5610968","79","1682806"
"JH378121","7321462","7321599","KQ053398v1","2623748","2623879","50","4697714"
"JH378121","7791563","7791864","KQ055352v1","6003171","6003466","70","1788392"
"JH378121","7812487","7812788","KQ053421v1","5610673","5610968","67","2201814"
"JH378121","7813988","7814287","KQ053421v1","5610673","5610968","66","2203315"
"JH378121","7949570","7949875","KQ055352v1","6003171","6003466","68","1946399"
"JH378121","8057121","8057388","KQ058242v1","595939","596205","82","7461182"
"JH378121","8067143","8067452","KQ055352v1","6003171","6003466","69","2063972"
"JH378121","8109406","8109697","KQ053421v1","5610673","5610968","82","2498733"
"JH378121","8140386","8140683","KQ053421v1","5610673","5610968","81","2529713"
"JH378121","8248492","8248763","KQ057186v1","783828","784085","86","7464664"
"JH378121","8301082","8301367","KQ053421v1","5610673","5610968","83","2690409"
"JH378121","8340904","8341203","KQ053421v1","5610673","5610968","83","2730231"
"JH378121","8363309","8363496","KQ055140v1","659740","659924","43","7703569"
"JH378121","8364446","8364560","KQ053398v1","2627781","2627909","44","5736665"
"JH378121","8396899","8397187","KQ053421v1","5610673","5610968","79","2786226"
"JH378121","8493263","8493566","KQ053421v1","5610673","5610968","74","2882590"
"JH378121","8519031","8519295","KQ058505v1","2207051","2207301","89","6311980"
"JH378121","8715205","8715492","KQ053421v1","5610673","5610968","84","3104532"
"JH378121","8773235","8773529","KQ053421v1","5610673","5610968","78","3162562"
"JH378121","8816042","8816293","KQ058242v1","595939","596205","80","8220103"
"JH378121","8973352","8973576","KQ055662v1","1890465","1890674","76","7082887"
"JH378121","9134461","9134754","KQ053421v1","5610673","5610968","78","3523788"
"JH378121","9215638","9215930","KQ053421v1","5610673","5610968","85","3604965"
"JH378121","9279585","9279883","KQ053421v1","5610673","5610968","66","3668912"
"JH378121","9338357","9338596","KQ058242v1","595939","596205","81","8742418"
"JH378121","9447662","9447954","KQ053421v1","5610673","5610968","70","3836989"
"JH378121","9556273","9556560","KQ055267v1","513773","514088","94","9042500"
"JH378121","9785877","9786079","KQ055662v1","1890465","1890674","61","7895412"
"JH378121","9840485","9840795","KQ053421v1","5610673","5610968","66","4229812"
"JH378121","9863810","9864116","KQ053421v1","5610673","5610968","96","4253137"
"JH378121","9940410","9940718","KQ053421v1","5610673","5610968","72","4329737"
"JH378121","9962156","9962455","KQ053421v1","5610673","5610968","70","4351483"
"JH378121","10026510","10026809","KQ058339v1","4553625","4553889","95","5472885"
"JH378121","10181466","10181724","KQ057901v1","868884","869144","85","9312582"
"JH378121","10206737","10207041","KQ055352v1","6003171","6003466","70","4203566"
"JH378121","10344023","10344301","KQ057186v1","783828","784085","78","9560195"
"JH378121","10351061","10351362","KQ053421v1","5610673","5610968","66","4740388"
"JH378121","10578565","10578876","KQ055352v1","6003171","6003466","72","4575394"
"JH378121","10859017","10859310","KQ053421v1","5610673","5610968","70","5248344"
"JH378121","10939603","10939901","KQ053421v1","5610673","5610968","86","5328930"
"JH378121","11053112","11053385","KQ058242v1","595939","596205","84","10457173"
"JH378121","11157923","11158195","KQ058242v1","595939","596205","80","10561984"
"JH378121","11382639","11382892","KQ058242v1","595939","596205","90","10786700"
"JH378121","11400975","11401236","KQ058242v1","595939","596205","84","10805036"
"JH378121","11408426","11408699","KQ058640v1","643463","643729","84","10764963"
"JH378121","11478279","11478488","KQ058594v1","5950443","5950621","71","5527836"
"JH378121","11517706","11517897","KQ058594v1","5950443","5950621","62","5567263"
"JH378121","11536161","11536466","KQ053421v1","5610673","5610968","78","5925488"
"JH378121","11631339","11631631","KQ058242v1","595939","596205","90","11035400"
"JH378121","11958985","11959293","KQ055267v1","513773","514088","73","11445212"
"JH378121","12063601","12063915","KQ053421v1","5610673","5610968","99","6452928"
"JH378121","12262631","12262842","KQ055140v1","659740","659924","69","11602891"
"JH378121","12288319","12288627","KQ055267v1","513773","514088","77","11774546"
"JH378121","12392099","12392296","KQ053752v1","8015097","8015288","73","4377002"
"JH378121","12484916","12485219","KQ053421v1","5610673","5610968","86","6874243"
"JH378121","12968232","12968533","KQ055352v1","6003171","6003466","75","6965061"
"JH378121","13041024","13041334","KQ055267v1","513773","514088","72","12527251"
"JH378121","13175650","13175933","KQ058394v1","9655127","9655422","90","3520523"
"JH378121","13207682","13207980","KQ053421v1","5610673","5610968","67","7597009"
"JH378121","13380185","13380472","KQ055267v1","513773","514088","89","12866412"
"JH378121","13580767","13581049","KQ054815v1","2215557","2215844","84","11365210"
"JH378121","13638016","13638170","KQ053267v1","1313653","1313811","43","12324363"
"JH378121","13699188","13699484","KQ053421v1","5610673","5610968","81","8088515"
"JH378121","13746994","13747300","KQ053421v1","5610673","5610968","95","8136321"
"JH378121","14049098","14049368","KQ057186v1","783828","784085","80","13265270"
"JH378121","14233978","14234281","KQ053421v1","5610673","5610968","73","8623305"
"JH378121","14287444","14287733","KQ053421v1","5610673","5610968","76","8676771"
"JH378121","14445588","14445833","KQ057901v1","868884","869144","85","13576704"
"JH378121","14475548","14475855","KQ055267v1","513773","514088","70","13961775"
"JH378121","14524650","14524951","KQ053421v1","5610673","5610968","84","8913977"
"JH378121","14771503","14771779","KQ058394v1","9655127","9655422","92","5116376"
"JH378121","14955392","14955703","KQ055267v1","513773","514088","73","14441619"
"JH378121","15064254","15064566","KQ055267v1","513773","514088","71","14550481"
"JH378121","15293954","15294149","KQ053234v1","1679581","1679757","49","13614373"
"JH378121","15401261","15401565","KQ053421v1","5610673","5610968","84","9790588"
"JH378121","15433023","15433263","KQ058242v1","595939","596205","74","14837084"
"JH378121","15440975","15441286","KQ055352v1","6003171","6003466","72","9437804"
"JH378121","15490562","15490783","KQ058594v1","5950443","5950621","70","9540119"
"JH378121","15544623","15544922","KQ053421v1","5610673","5610968","77","9933950"
"JH378121","15568488","15568773","KQ053421v1","5610673","5610968","85","9957815"
"JH378121","15601790","15602089","KQ053421v1","5610673","5610968","78","9991117"
"JH378121","15669392","15669700","KQ053421v1","5610673","5610968","79","10058719"
"JH378121","15686097","15686407","KQ055267v1","513773","514088","81","15172324"
"JH378121","15688940","15689244","KQ053421v1","5610673","5610968","69","10078267"
"JH378121","15930751","15931043","KQ053421v1","5610673","5610968","84","10320078"
"JH378121","15981034","15981282","KQ058505v1","2207051","2207301","86","13773983"
"JH378121","15989613","15989921","KQ053421v1","5610673","5610968","82","10378940"
"JH378121","16043891","16044187","KQ053421v1","5610673","5610968","78","10433218"
"JH378121","16115795","16116084","KQ053421v1","5610673","5610968","70","10505122"
"JH378121","16123258","16123556","KQ053421v1","5610673","5610968","70","10512585"
"JH378121","16137883","16138178","KQ053421v1","5610673","5610968","69","10527210"
"JH378121","16142665","16142964","KQ053421v1","5610673","5610968","72","10531992"
"JH378121","16173747","16174038","KQ053421v1","5610673","5610968","93","10563074"
"JH378121","16183321","16183613","KQ053421v1","5610673","5610968","84","10572648"
"JH378121","16216027","16216168","KQ057449v1","1214348","1214489","43","15001679"
"JH378121","16269629","16269934","KQ058427v1","7786546","7786853","91","8483083"
"JH378121","16279486","16279784","KQ053421v1","5610673","5610968","76","10668813"
"JH378121","16367282","16367484","KQ058594v1","5950443","5950621","67","10416839"
"JH378121","16378947","16379246","KQ053421v1","5610673","5610968","68","10768274"
"JH378121","16411651","16411963","KQ058427v1","7786546","7786853","79","8625105"
"JH378121","16429496","16429790","KQ053421v1","5610673","5610968","74","10818823"
"JH378121","16453306","16453406","KQ056493v1","2043382","2043488","35","14409924"
"JH378121","16634513","16634800","KQ053421v1","5610673","5610968","71","11023840"
"JH378121","16814852","16815106","KQ058242v1","595939","596205","84","16218913"
"JH378121","16863764","16864053","KQ053421v1","5610673","5610968","76","11253091"
"JH378121","16931216","16931431","KQ055662v1","1890465","1890674","59","15040751"
"JH378121","16972149","16972438","KQ055352v1","6003171","6003466","80","10968978"
"JH378121","17007932","17008206","KQ053421v1","5610673","5610968","87","11397259"
"JH378121","17029042","17029347","KQ053421v1","5610673","5610968","82","11418369"
"JH378121","17188713","17188990","KQ054713v1","1437239","1437526","89","15751474"
"JH378121","17280034","17280314","KQ055862v1","1305285","1305561","79","15974749"
"JH378121","17290670","17290963","KQ053421v1","5610673","5610968","75","11679997"
"JH378121","17314330","17314635","KQ053421v1","5610673","5610968","84","11703657"
"JH378121","17381338","17381636","KQ053421v1","5610673","5610968","71","11770665"
"JH378121","17421894","17422166","KQ058242v1","595939","596205","68","16825955"
"JH378121","17491340","17491515","KQ054179v1","3404435","3404595","47","14086905"
"JH378121","17493816","17494112","KQ053421v1","5610673","5610968","76","11883143"
"JH378121","17612571","17612748","KQ058423v1","270754","270928","42","17341817"
"JH378121","17671800","17672106","KQ055267v1","513773","514088","73","17158027"
"JH378121","17706336","17706603","KQ055862v1","1305285","1305561","84","16401051"
"JH378121","17844682","17844987","KQ053421v1","5610673","5610968","72","12234009"
"JH378121","17863828","17864134","KQ055352v1","6003171","6003466","71","11860657"
"JH378121","17894280","17894562","KQ058427v1","7786546","7786853","92","10107734"
"JH378121","17922805","17923100","KQ053421v1","5610673","5610968","70","12312132"
"JH378121","18016729","18016866","KQ056920v1","183120","183261","46","17833609"
"JH378121","18017189","18017293","KQ056235v1","1266284","1266361","40","16750905"
"JH378121","18101243","18101552","KQ055352v1","6003171","6003466","77","12098072"
"JH378121","18231735","18232045","KQ055352v1","6003171","6003466","74","12228564"
"JH378121","18267865","18268157","KQ053421v1","5610673","5610968","90","12657192"
"JH378121","18285167","18285462","KQ053421v1","5610673","5610968","71","12674494"
"JH378121","18316190","18316489","KQ055267v1","513773","514088","77","17802417"
"JH378121","18586308","18586612","KQ053421v1","5610673","5610968","86","12975635"
"JH378121","18604946","18605067","KQ056911v1","1421731","1421862","39","17183215"
"JH378121","18629124","18629434","KQ058427v1","7786546","7786853","75","10842578"
"JH378121","18638126","18638423","KQ053421v1","5610673","5610968","74","13027453"
"JH378121","18667516","18667811","KQ053421v1","5610673","5610968","90","13056843"
"JH378121","18675079","18675358","KQ053421v1","5610673","5610968","85","13064406"
"JH378121","18683180","18683383","KQ058594v1","5950443","5950621","69","12732737"
"JH378121","18825388","18825655","KQ058339v1","4553625","4553889","89","14271763"
"JH378121","18853951","18854113","KQ054954v1","1680710","1680882","44","17173241"
"JH378121","18949767","18950042","KQ053421v1","5610673","5610968","85","13339094"
"JH378121","19049004","19049301","KQ053421v1","5610673","5610968","69","13438331"
"JH378121","19346504","19346650","KQ054401v1","3363241","3363379","43","15983263"
"JH378121","19379282","19379574","KQ053421v1","5610673","5610968","77","13768609"
"JH378121","19390861","19391164","KQ055352v1","6003171","6003466","77","13387690"
"JH378121","19425270","19425570","KQ053421v1","5610673","5610968","78","13814597"
"JH378121","19453861","19454174","KQ053421v1","5610673","5610968","80","13843188"
"JH378121","19534674","19534923","KQ058505v1","2207051","2207301","79","17327623"
"JH378121","19536234","19536536","KQ058427v1","7786546","7786853","82","11749688"
"JH378121","19543150","19543455","KQ053421v1","5610673","5610968","73","13932477"
"JH378121","19566222","19566543","KQ058427v1","7786546","7786853","89","11779676"
"JH378121","19583418","19583574","KQ053718v1","2495418","2495575","48","17088000"
"JH378121","19685735","19686027","KQ055267v1","513773","514088","81","19171962"
"JH378121","19798254","19798542","KQ053421v1","5610673","5610968","88","14187581"
"JH378121","19804927","19805225","KQ053421v1","5610673","5610968","73","14194254"
"JH378121","19825079","19825370","KQ053421v1","5610673","5610968","82","14214406"
"JH378121","19838871","19839000","KQ053398v1","2623748","2623879","36","17215123"
"JH378121","19859420","19859568","KQ053476v1","812335","812482","46","19047085"
"JH378121","19877137","19877421","KQ053421v1","5610673","5610968","86","14266464"
"JH378121","19919988","19920088","KQ056279v1","759081","759162","37","19160907"
"JH378121","19975890","19976197","KQ053421v1","5610673","5610968","90","14365217"
"JH378121","19983492","19983771","KQ053421v1","5610673","5610968","85","14372819"
"JH378121","19990735","19991030","KQ053421v1","5610673","5610968","71","14380062"
"JH378121","19998655","19998918","KQ058242v1","595939","596205","91","19402716"
"JH378121","20026676","20026984","KQ055352v1","6003171","6003466","71","14023505"
"JH378121","20027392","20027702","KQ058427v1","7786546","7786853","74","12240846"
"JH378121","20101043","20101339","KQ053421v1","5610673","5610968","70","14490370"
"JH378121","20135097","20135404","KQ055267v1","513773","514088","72","19621324"
"JH378121","20142720","20143015","KQ053421v1","5610673","5610968","77","14532047"
"JH378121","20255365","20255577","KQ052982v1","2032903","2033097","61","18222462"
"JH378121","20296254","20296554","KQ053421v1","5610673","5610968","83","14685581"
"JH378121","20389499","20389751","KQ058339v1","4553625","4553889","81","15835874"
"JH378121","20434683","20434793","KQ056235v1","1266284","1266361","44","19168399"
"JH378121","20514830","20515048","KQ053234v1","1414405","1414609","61","19100425"
"JH378121","20546678","20546967","KQ053421v1","5610673","5610968","88","14936005"
"JH378121","20564866","20565175","KQ058427v1","7786546","7786853","83","12778320"
"JH378121","20565699","20565968","KQ058242v1","595939","596205","100","19969760"
"JH378121","20641639","20641916","KQ058242v1","595939","596205","75","20045700"
"JH378121","20646790","20647090","KQ053883v1","6938067","6938331","108","13708723"
"JH378121","20805312","20805550","KQ058242v1","595939","596205","86","20209373"
"JH378121","20853236","20853360","KQ053398v1","2623748","2623879","34","18229488"
"JH378121","20871343","20871466","KQ054401v1","3363241","3363379","43","17508102"
"JH378121","20948095","20948374","KQ058242v1","595939","596205","82","20352156"
"JH378121","20973443","20973741","KQ053421v1","5610673","5610968","79","15362770"
"JH378121","20991941","20992234","KQ053421v1","5610673","5610968","81","15381268"
"JH378121","21002475","21002790","KQ053421v1","5610673","5610968","92","15391802"
"JH378121","21050879","21051184","KQ053421v1","5610673","5610968","75","15440206"
"JH378121","21057067","21057385","KQ055352v1","6003171","6003466","93","15053896"
"JH378121","21062617","21062910","KQ058242v1","595939","596205","83","20466678"
"JH378121","21067696","21067950","KQ058242v1","595939","596205","77","20471757"
"JH378121","21079651","21079851","KQ055140v1","659740","659924","70","20419911"
"JH378121","21120254","21120539","KQ053421v1","5610673","5610968","84","15509581"
"JH378121","21202480","21202784","KQ058427v1","7786546","7786853","73","13415934"
"JH378121","21210554","21210811","KQ058242v1","595939","596205","81","20614615"
"JH378121","21744139","21744442","KQ053421v1","5610673","5610968","92","16133466"
"JH378121","21766346","21766638","KQ053421v1","5610673","5610968","85","16155673"
"JH378121","21818130","21818433","KQ053421v1","5610673","5610968","71","16207457"
"JH378121","21824523","21824801","KQ055862v1","1305285","1305561","81","20519238"
"JH378121","21919406","21919714","KQ058427v1","7786546","7786853","73","14132860"
"JH378121","21920153","21920433","KQ058242v1","595939","596205","84","21324214"
"JH378121","21954956","21955252","KQ053421v1","5610673","5610968","76","16344283"
"JH378121","21963839","21964131","KQ053421v1","5610673","5610968","83","16353166"
"JH378121","22068815","22069096","KQ054815v1","2215557","2215844","78","19853258"
"JH378121","22197259","22197580","KQ055352v1","6003171","6003466","83","16194088"
"JH378121","22309388","22309688","KQ053421v1","5610673","5610968","72","16698715"
"JH378121","22533298","22533601","KQ053421v1","5610673","5610968","70","16922625"
"JH378121","22547387","22547681","KQ053421v1","5610673","5610968","68","16936714"
"JH378121","22821756","22822047","KQ053421v1","5610673","5610968","75","17211083"
"JH378121","23026811","23027099","KQ053421v1","5610673","5610968","76","17416138"
"JH378121","23104259","23104472","KQ053234v1","1414405","1414609","72","21689854"
"JH378121","23117667","23117971","KQ053421v1","5610673","5610968","73","17506994"
"JH378121","23123334","23123662","KQ053135v1","5034940","5035266","110","18088394"
"JH378121","23278235","23278545","KQ055267v1","513773","514088","77","22764462"
"JH378121","23286111","23286422","KQ058427v1","7786546","7786853","75","15499565"
"JH378121","23321772","23322066","KQ053421v1","5610673","5610968","83","17711099"
"JH378121","23458437","23458746","KQ055267v1","513773","514088","70","22944664"
"JH378121","23498183","23498474","KQ053421v1","5610673","5610968","84","17887510"
"JH378121","23881914","23882213","KQ053421v1","5610673","5610968","84","18271241"
"JH378121","24019504","24019810","KQ055352v1","6003171","6003466","71","18016333"
"JH378121","24227804","24227992","KQ056147v1","2861940","2862121","53","21365864"
"JH378121","24239609","24239901","KQ053421v1","5610673","5610968","72","18628936"
"JH378121","24256212","24256520","KQ055267v1","513773","514088","72","23742439"
"JH378121","24260174","24260476","KQ053421v1","5610673","5610968","86","18649501"
"JH378121","24269350","24269627","KQ058242v1","595939","596205","82","23673411"
"JH378121","24282284","24282488","KQ053752v1","8015097","8015288","60","16267187"
"JH378121","24329983","24330270","KQ053785v1","888769","889063","84","23441214"
"JH378121","24384192","24384504","KQ058427v1","7786546","7786853","80","16597646"
"JH378121","24387123","24387431","KQ053421v1","5610673","5610968","78","18776450"
"JH378121","24447151","24447462","KQ055352v1","6003171","6003466","75","18443980"
"JH378121","24590979","24591282","KQ058427v1","7786546","7786853","82","16804433"
"JH378121","24710102","24710413","KQ055352v1","6003171","6003466","76","18706931"
"JH378121","24834155","24834370","KQ055662v1","1890465","1890674","68","22943690"
"JH378121","24870975","24871285","KQ055267v1","513773","514088","73","24357202"
"JH378121","24882168","24882470","KQ053421v1","5610673","5610968","72","19271495"
"JH378121","25388851","25389159","KQ055267v1","513773","514088","81","24875078"
"JH378121","25433992","25434272","KQ057186v1","783828","784085","76","24650164"
"JH378121","25561510","25561771","KQ057186v1","783828","784085","75","24777682"
"JH378121","25673603","25673901","KQ053421v1","5610673","5610968","68","20062930"
"JH378121","25715558","25715708","KQ054401v1","3363241","3363379","43","22352317"
"JH378121","25770744","25771061","KQ053135v1","5034940","5035266","98","20735804"
"JH378121","25778258","25778559","KQ053421v1","5610673","5610968","78","20167585"
"JH378121","25806572","25806871","KQ053421v1","5610673","5610968","80","20195899"
"JH378121","26079192","26079477","KQ053421v1","5610673","5610968","91","20468519"
"JH378121","26246641","26246960","KQ055352v1","6003171","6003466","81","20243470"
"JH378121","26377959","26378270","KQ055352v1","6003171","6003466","75","20374788"
"JH378121","26412945","26413255","KQ055267v1","513773","514088","79","25899172"
"JH378121","26457845","26458141","KQ053421v1","5610673","5610968","66","20847172"
"JH378121","26653328","26653635","KQ058427v1","7786546","7786853","74","18866782"
"JH378121","26816869","26817185","KQ053421v1","5610673","5610968","93","21206196"
"JH378121","26877784","26878044","KQ058242v1","595939","596205","73","26281845"
"JH378121","27036695","27036968","KQ058242v1","595939","596205","91","26440756"
"JH378121","27048834","27049137","KQ053421v1","5610673","5610968","77","21438161"
"JH378121","27121248","27121548","KQ053421v1","5610673","5610968","67","21510575"
"JH378121","27213356","27213658","KQ055267v1","513773","514088","79","26699583"
"JH378121","27252404","27252738","KQ058427v1","7786546","7786853","106","19465858"
"JH378121","27369698","27369969","KQ057186v1","783828","784085","91","26585870"
"JH378121","27423370","27423660","KQ058640v1","643463","643729","84","26779907"
"JH378121","27460917","27461211","KQ053421v1","5610673","5610968","84","21850244"
"JH378121","27500811","27500970","KQ058516v1","2165529","2165682","48","25335282"
"JH378121","27503550","27503775","KQ055662v1","1890465","1890674","75","25613085"
"JH378121","27507211","27507393","KQ058427v1","11113103","11113283","59","16394108"
"JH378121","27532258","27532380","KQ053398v1","2623748","2623879","35","24908510"
"JH378121","27587328","27587589","KQ057186v1","783828","784085","81","26803500"
"JH378121","27593397","27593698","KQ053421v1","5610673","5610968","92","21982724"
"JH378121","27613279","27613573","KQ053421v1","5610673","5610968","78","22002606"
"JH378121","27626570","27626751","KQ056064v1","326763","326940","65","27299807"
"JH378121","27670098","27670404","KQ053421v1","5610673","5610968","85","22059425"
"JH378121","27819634","27819861","KQ058242v1","595939","596205","94","27223695"
"JH378121","27876852","27877141","KQ053421v1","5610673","5610968","89","22266179"
"JH378121","27970043","27970329","KQ055862v1","1305285","1305561","82","26664758"
"JH378121","28010303","28010614","KQ055267v1","513773","514088","72","27496530"
"JH378121","28043750","28044049","KQ055267v1","513773","514088","80","27529977"
"JH378121","28342995","28343298","KQ055267v1","513773","514088","76","27829222"
"JH378121","28433983","28434266","KQ054815v1","2215557","2215844","86","26218426"
"JH378121","28595678","28595975","KQ053421v1","5610673","5610968","68","22985005"
"JH378121","28619880","28620172","KQ053421v1","5610673","5610968","89","23009207"
"JH378121","28750372","28750666","KQ053421v1","5610673","5610968","76","23139699"
"JH378121","28763804","28764054","KQ055717v1","1610777","1611031","79","27153027"
"JH378121","28849639","28849929","KQ053421v1","5610673","5610968","76","23238966"
"JH378121","28890995","28891304","KQ058427v1","7786546","7786853","73","21104449"
"JH378121","28895432","28895730","KQ053421v1","5610673","5610968","68","23284759"
"JH378121","28911705","28912016","KQ055352v1","6003171","6003466","73","22908534"
"JH378121","28930200","28930430","KQ053234v1","1414405","1414609","78","27515795"
"JH378121","28986489","28986774","KQ053421v1","5610673","5610968","79","23375816"
"JH378121","29008294","29008549","KQ058242v1","595939","596205","79","28412355"
"JH378121","29024486","29024785","KQ053421v1","5610673","5610968","81","23413813"
"JH378121","29045586","29045878","KQ053421v1","5610673","5610968","81","23434913"
"JH378121","29062824","29063130","KQ055267v1","513773","514088","83","28549051"
"JH378121","29085203","29085510","KQ055352v1","6003171","6003466","78","23082032"
"JH378121","29092142","29092453","KQ055352v1","6003171","6003466","70","23088971"
"JH378121","29100145","29100392","KQ057186v1","783828","784085","90","28316317"
"JH378121","29139341","29139647","KQ055352v1","6003171","6003466","69","23136170"
"JH378121","29142946","29143244","KQ053421v1","5610673","5610968","67","23532273"
"JH378121","29148266","29148571","KQ055267v1","513773","514088","68","28634493"
"JH378121","29164661","29164963","KQ053421v1","5610673","5610968","72","23553988"
"JH378121","29218486","29218767","KQ053421v1","5610673","5610968","87","23607813"
"JH378121","29377491","29377783","KQ053421v1","5610673","5610968","70","23766818"
"JH378121","29387625","29387904","KQ053421v1","5610673","5610968","83","23776952"
"JH378121","29586437","29586737","KQ053421v1","5610673","5610968","74","23975764"
"JH378121","29719221","29719529","KQ058427v1","7786546","7786853","73","21932675"
"JH378121","29751654","29751953","KQ058427v1","7786546","7786853","80","21965108"
"JH378121","29785606","29785901","KQ053421v1","5610673","5610968","72","24174933"
"JH378121","29878835","29879143","KQ057901v1","868884","869144","154","29009951"
"JH378121","29912878","29913173","KQ053421v1","5610673","5610968","79","24302205"
"JH378121","29968910","29969218","KQ053421v1","5610673","5610968","87","24358237"
"JH378121","30126738","30127031","KQ053421v1","5610673","5610968","70","24516065"
"JH378121","30170955","30171264","KQ058427v1","7786546","7786853","76","22384409"
"JH378121","30214904","30215214","KQ055352v1","6003171","6003466","77","24211733"
"JH378121","30268298","30268591","KQ053421v1","5610673","5610968","80","24657625"
"JH378121","30364395","30364678","KQ053421v1","5610673","5610968","76","24753722"
"JH378121","30414005","30414284","KQ058640v1","643463","643729","75","29770542"
"JH378121","30515909","30516160","KQ058505v1","2207051","2207301","81","28308858"
"JH378121","31000456","31000510","KQ058316v1","2226037","2226104","26","28774419"
"JH378121","31158579","31158792","KQ058594v1","1033101","1033292","61","30125478"
"JH378121","31227200","31227483","KQ053421v1","5610673","5610968","89","25616527"
"JH378122","181142","181422","KQ053421v1","5610673","5610968","83","5429531"
"JH378122","221067","221371","KQ055267v1","513773","514088","77","292706"
"JH378122","365185","365457","KQ058427v1","6786866","6787134","87","6421681"
"JH378122","437421","437713","KQ053421v1","5610673","5610968","83","5173252"
"JH378122","440625","440923","KQ053421v1","5610673","5610968","65","5170048"
"JH378122","528445","528545","KQ056493v1","2043382","2043488","45","1514937"
"JH378122","529411","529574","KQ053398v1","2623748","2623879","57","2094337"
"JH378122","868229","868497","KQ058242v1","595939","596205","81","272290"
"JH378122","988576","988876","KQ053421v1","5610673","5610968","72","4622097"
"JH378122","1004013","1004138","KQ056493v1","2043382","2043488","43","1039369"
"JH378122","1041435","1041735","KQ053421v1","5610673","5610968","76","4569238"
"JH378122","1068635","1068861","KQ058509v1","24058","24271","58","1044577"
"JH378122","1176448","1176758","KQ053421v1","5610673","5610968","74","4434225"
"JH378122","1195014","1195323","KQ058427v1","7786546","7786853","94","6591532"
"JH378122","1288181","1288484","KQ053421v1","5610673","5610968","72","4322492"
"JH378122","1336060","1336343","KQ053421v1","5610673","5610968","76","4274613"
"JH378122","1413639","1413930","KQ053421v1","5610673","5610968","75","4197034"
"JH378122","1446488","1446760","KQ058242v1","595939","596205","73","850549"
"JH378122","1487066","1487363","KQ053421v1","5610673","5610968","79","4123607"
"JH378122","1502935","1503236","KQ053421v1","5610673","5610968","73","4107738"
"JH378122","1559515","1559839","KQ055267v1","513773","514088","82","1045742"
"JH378122","1588216","1588523","KQ053421v1","5610673","5610968","72","4022457"
"JH378122","1681192","1681485","KQ053421v1","5610673","5610968","80","3929481"
"JH378122","1689088","1689401","KQ058427v1","7786546","7786853","75","6097458"
"JH378122","1799693","1799981","KQ053421v1","5610673","5610968","83","3810980"
"JH378122","1803271","1803375","KQ058316v1","2226037","2226104","50","422766"
"JH378122","1803476","1803668","KQ058274v1","300327","300497","55","1503149"
"JH378122","1896731","1897002","KQ057186v1","783828","784085","79","1112903"
"JH378122","2006877","2007163","KQ053421v1","5610673","5610968","78","3603796"
"JH378122","2038350","2038652","KQ053421v1","5610673","5610968","70","3572323"
"JH378122","2073913","2074232","KQ055862v1","1305285","1305561","193","768628"
"JH378122","2095446","2095739","KQ053421v1","5610673","5610968","75","3515227"
"JH378122","2103848","2104142","KQ053421v1","5610673","5610968","73","3506825"
"JH378122","2133569","2133876","KQ055352v1","6003171","6003466","71","3869602"
"JH378122","2141291","2141598","KQ058427v1","7786546","7786853","78","5645255"
"JH378122","2154254","2154549","KQ053421v1","5610673","5610968","71","3456419"
"JH378122","2157131","2157436","KQ053421v1","5610673","5610968","71","3453542"
"JH378122","2215175","2215483","KQ055352v1","6003171","6003466","71","3787996"
"JH378122","2226732","2226871","KQ054401v1","3363241","3363379","41","1136509"
"JH378122","2227632","2227712","KQ056235v1","1266284","1266361","21","961348"
"JH378122","2241968","2242263","KQ053421v1","5610673","5610968","66","3368705"
"JH378122","2253775","2254063","KQ053785v1","888769","889063","83","1365006"
"JH378122","2269965","2270255","KQ053421v1","5610673","5610968","89","3340708"
"JH378122","2344174","2344351","KQ053718v1","2495418","2495575","61","151244"
"JH378122","2469131","2469426","KQ053421v1","5610673","5610968","71","3141542"
"JH378122","2487440","2487727","KQ053421v1","5610673","5610968","77","3123233"
"JH378122","2495207","2495519","KQ053421v1","5610673","5610968","75","3115466"
"JH378122","2588587","2588898","KQ058427v1","7786546","7786853","73","5197959"
"JH378122","2673867","2674164","KQ053421v1","5610673","5610968","83","2936806"
"JH378122","2783725","2784003","KQ058242v1","595939","596205","75","2187786"
"JH378122","2937289","2937581","KQ055267v1","513773","514088","85","2423516"
"JH378122","3037444","3037740","KQ053421v1","5610673","5610968","81","2573229"
"JH378122","3227506","3227636","KQ053398v1","2623748","2623879","33","603758"
"JH378122","3227813","3228001","KQ052982v1","2032903","2033097","49","1194910"
"JH378122","3269736","3270026","KQ055267v1","513773","514088","84","2755963"
"JH378122","3365008","3365308","KQ053421v1","5610673","5610968","72","2245665"
"JH378122","3643313","3643622","KQ058427v1","7786546","7786853","82","4143233"
"JH378122","3662327","3662573","KQ058242v1","595939","596205","77","3066388"
"JH378122","3710319","3710615","KQ058427v1","7786546","7786853","87","4076227"
"JH378122","3713556","3713801","KQ058505v1","2207051","2207301","85","1506505"
"JH378122","3723864","3724145","KQ053421v1","5610673","5610968","89","1886809"
"JH378122","3732998","3733245","KQ058505v1","2207051","2207301","83","1525947"
"JH378122","3734252","3734551","KQ053421v1","5610673","5610968","69","1876421"
"JH378122","3803964","3804083","KQ053398v1","2627781","2627909","46","1176183"
"JH378122","3839282","3839585","KQ053421v1","5610673","5610968","65","1771391"
"JH378122","4085315","4085609","KQ058427v1","7786546","7786853","83","3701231"
"JH378122","4246091","4246325","KQ054068v1","3638075","3638299","76","608016"
"JH378122","4341650","4341903","KQ058242v1","595939","596205","83","3745711"
"JH378122","4411679","4411975","KQ053421v1","5610673","5610968","69","1198994"
"JH378122","4462910","4463207","KQ053421v1","5610673","5610968","80","1147763"
"JH378122","4464166","4464262","KQ056235v1","1266284","1266361","30","3197882"
"JH378122","4655528","4655825","KQ053421v1","5610673","5610968","72","955145"
"JH378122","4747302","4747608","KQ053421v1","5610673","5610968","67","863371"
"JH378122","4767328","4767635","KQ055352v1","6003171","6003466","77","1235843"
"JH378122","4770335","4770638","KQ053421v1","5610673","5610968","74","840338"
"JH378122","4773803","4774108","KQ053421v1","5610673","5610968","75","836870"
"JH378122","4781412","4781659","KQ057901v1","868884","869144","94","3912528"
"JH378122","4781760","4781811","KQ055247v1","3278175","3278224","20","1503585"
"JH378122","4790137","4790435","KQ053421v1","5610673","5610968","90","820536"
"JH378122","4794260","4794395","KQ054401v1","3363241","3363379","39","1431019"
"JH378122","4813859","4814158","KQ058427v1","7786546","7786853","76","2972687"
"JH378122","4837541","4837862","KQ055267v1","513773","514088","83","4323768"
"JH378122","4860421","4860750","KQ053059v1","2548766","2549102","86","2311655"
"JH378122","4884012","4884317","KQ055352v1","6003171","6003466","70","1119159"
"JH378122","4897734","4898037","KQ053421v1","5610673","5610968","75","712939"
"JH378122","4932473","4932651","KQ058274v1","300327","300497","56","4632146"
"JH378122","4972976","4973279","KQ053421v1","5610673","5610968","73","637697"
"JH378122","5047470","5047765","KQ053421v1","5610673","5610968","75","563203"
"JH378122","5075213","5075514","KQ053421v1","5610673","5610968","70","535460"
"JH378122","5161250","5161555","KQ057901v1","868884","869144","99","4292366"
"JH378122","5243925","5244072","KQ053398v1","2623748","2623879","43","2620177"
"JH378122","5266931","5267064","KQ054401v1","3363241","3363379","40","1903690"
"JH378122","5285643","5285948","KQ053421v1","5610673","5610968","84","325030"
"JH378122","5350258","5350549","KQ053421v1","5610673","5610968","77","260415"
"JH378122","5351358","5351657","KQ053421v1","5610673","5610968","71","259315"
"JH378122","5354899","5355021","KQ053398v1","2623748","2623879","41","2731151"
"JH378122","5367656","5367939","KQ053785v1","888769","889063","84","4478887"
"JH378122","5370309","5370625","KQ053421v1","5610673","5610968","81","240364"
"JH378122","5392591","5392897","KQ053421v1","5610673","5610968","78","218082"
"JH378122","5395845","5396154","KQ055267v1","513773","514088","73","4882072"
"JH378122","5419194","5419492","KQ053421v1","5610673","5610968","71","191479"
"JH378122","5439498","5439788","KQ053421v1","5610673","5610968","79","171175"
"JH378122","5451993","5452290","KQ053421v1","5610673","5610968","81","158680"
"JH378122","5457205","5457512","KQ055267v1","513773","514088","73","4943432"
"JH378122","5482050","5482139","KQ056235v1","1266284","1266361","21","4215766"
"JH378122","5484262","5484564","KQ053421v1","5610673","5610968","71","126411"
"JH378122","5490204","5490468","KQ057186v1","783828","784085","89","4706376"
"JH378122","5525004","5525300","KQ053421v1","5610673","5610968","72","85669"
"JH378122","5532022","5532339","KQ053421v1","5610673","5610968","88","78651"
"JH378122","5569962","5570234","KQ057901v1","868884","869144","95","4701078"
"JH378122","5611670","5611951","KQ053421v1","5610673","5610968","82","997"
"JH378122","5637944","5638295","KQ053135v1","5034940","5035266","106","603004"
"JH378122","5644500","5644712","KQ053993v1","1251070","1251235","81","4393430"
"JH378122","5707352","5707646","KQ053421v1","5610673","5610968","80","96679"
"JH378122","5826536","5826827","KQ053421v1","5610673","5610968","69","215863"
"JH378122","5973928","5974254","KQ055267v1","513773","514088","90","5460155"
"JH378122","5978368","5978670","KQ053421v1","5610673","5610968","68","367695"
"JH378122","6301461","6301752","KQ053421v1","5610673","5610968","70","690788"
"JH378122","6341828","6342126","KQ053421v1","5610673","5610968","67","731155"
"JH378122","6453020","6453319","KQ053421v1","5610673","5610968","87","842347"
"JH378122","6485294","6485628","KQ055352v1","6003171","6003466","99","482123"
"JH378122","6509485","6509726","KQ058339v1","4553625","4553889","91","1955860"
"JH378122","6885798","6886082","KQ053421v1","5610673","5610968","88","1275125"
"JH378122","6967472","6967744","KQ053883v1","6938067","6938331","93","29405"
"JH378122","6986027","6986313","KQ053421v1","5610673","5610968","81","1375354"
"JH378122","7023266","7023575","KQ058427v1","7786546","7786853","78","763280"
"JH378122","7064363","7064663","KQ053421v1","5610673","5610968","80","1453690"
"JH378122","7203549","7203689","KQ053004v1","3064551","3064681","51","4138998"
"JH378122","7254636","7254938","KQ053421v1","5610673","5610968","78","1643963"
"JH378122","7335940","7336235","KQ053421v1","5610673","5610968","78","1725267"
"JH378122","7364160","7364454","KQ053421v1","5610673","5610968","71","1753487"
"JH378122","7376418","7376714","KQ053421v1","5610673","5610968","68","1765745"
"JH378122","7421780","7422070","KQ053421v1","5610673","5610968","79","1811107"
"JH378122","7434967","7435278","KQ055352v1","6003171","6003466","71","1431796"
"JH378122","7508478","7508747","KQ058242v1","595939","596205","69","6912539"
"JH378122","7510148","7510447","KQ053421v1","5610673","5610968","70","1899475"
"JH378122","7524168","7524470","KQ053421v1","5610673","5610968","77","1913495"
"JH378122","7532160","7532415","KQ058242v1","595939","596205","78","6936221"
"JH378122","7628955","7629250","KQ053421v1","5610673","5610968","79","2018282"
"JH378122","7725540","7725830","KQ053421v1","5610673","5610968","71","2114867"
"JH378122","7806242","7806525","KQ053806v1","635655","635936","97","7170587"
"JH378122","7856480","7856766","KQ053421v1","5610673","5610968","72","2245807"
"JH378122","7869984","7870278","KQ053421v1","5610673","5610968","69","2259311"
"JH378122","7919730","7919850","KQ053398v1","2623748","2623879","38","5295982"
"JH378122","8003394","8003691","KQ053421v1","5610673","5610968","75","2392721"
"JH378122","8077067","8077361","KQ053421v1","5610673","5610968","78","2466394"
"JH378122","8092319","8092628","KQ055267v1","513773","514088","77","7578546"
"JH378122","8186445","8186756","KQ055267v1","513773","514088","76","7672672"
"JH378122","8217010","8217304","KQ053785v1","888769","889063","87","7328241"
"JH378122","8219251","8219547","KQ053421v1","5610673","5610968","70","2608578"
"JH378122","8305219","8305489","KQ058242v1","595939","596205","71","7709280"
"JH378122","8384081","8384204","KQ056493v1","2043382","2043488","34","6340699"
"JH378122","8391620","8391914","KQ053421v1","5610673","5610968","68","2780947"
"JH378122","8392469","8392777","KQ055352v1","6003171","6003466","73","2389298"
"JH378122","8403474","8403766","KQ053421v1","5610673","5610968","76","2792801"
"JH378122","8412404","8412699","KQ053421v1","5610673","5610968","82","2801731"
"JH378122","8423203","8423502","KQ053421v1","5610673","5610968","78","2812530"
"JH378122","8445945","8446224","KQ054815v1","2215557","2215844","79","6230388"
"JH378122","8447995","8448305","KQ053421v1","5610673","5610968","76","2837322"
"JH378122","8510458","8510736","KQ054815v1","2215557","2215844","78","6294901"
"JH378122","8515287","8515593","KQ055352v1","6003171","6003466","70","2512116"
"JH378122","8647857","8648175","KQ055267v1","513773","514088","90","8134084"
"JH378122","8717441","8717663","KQ058274v1","300327","300497","77","8417114"
"JH378122","8860255","8860566","KQ055352v1","6003171","6003466","71","2857084"
"JH378122","8885717","8886028","KQ055352v1","6003171","6003466","74","2882546"
"JH378122","8895491","8895791","KQ053421v1","5610673","5610968","73","3284818"
"JH378122","9000683","9000990","KQ053421v1","5610673","5610968","77","3390010"
"JH378122","9182152","9182449","KQ053421v1","5610673","5610968","70","3571479"
"JH378122","9188290","9188578","KQ053421v1","5610673","5610968","70","3577617"
"JH378122","9233225","9233517","KQ053421v1","5610673","5610968","82","3622552"
"JH378122","9333769","9334023","KQ058242v1","595939","596205","90","8737830"
"JH378122","9340937","9341255","KQ053421v1","5610673","5610968","84","3730264"
"JH378122","9362510","9362638","KQ053398v1","2623748","2623879","61","6738762"
"JH378122","9614972","9615213","KQ058242v1","595939","596205","90","9019033"
"JH378122","9622859","9623097","KQ058509v1","24058","24271","66","9598801"
"JH378122","9627199","9627504","KQ055352v1","6003171","6003466","70","3624028"
"JH378122","9634694","9635009","KQ055267v1","513773","514088","86","9120921"
"JH378122","9714219","9714525","KQ053421v1","5610673","5610968","81","4103546"
"JH378122","9753551","9753860","KQ055352v1","6003171","6003466","75","3750380"
"JH378122","9784322","9784615","KQ058427v1","7786546","7786853","81","1997776"
"JH378122","9827399","9827697","KQ053421v1","5610673","5610968","73","4216726"
"JH378122","9858736","9859050","KQ055352v1","6003171","6003466","88","3855565"
"JH378122","9949413","9949681","KQ058242v1","595939","596205","75","9353474"
"JH378122","9956176","9956334","KQ054510v1","7582269","7582431","46","2373907"
"JH378122","10014822","10015122","KQ053421v1","5610673","5610968","76","4404149"
"JH378122","10027797","10027953","KQ053398v1","2623748","2623879","55","7404049"
"JH378122","10060170","10060469","KQ053421v1","5610673","5610968","84","4449497"
"JH378122","10230171","10230452","KQ058427v1","6786866","6787134","95","3443305"
"JH378122","10239992","10240103","KQ053398v1","2623748","2623879","48","7616244"
"JH378122","10240535","10240632","KQ058316v1","2226037","2226104","44","8014498"
"JH378122","10259877","10260186","KQ055267v1","513773","514088","77","9746104"
"JH378122","10324570","10324828","KQ058505v1","2207051","2207301","82","8117519"
"JH378122","10327832","10328116","KQ058242v1","595939","596205","75","9731893"
"JH378122","10357153","10357447","KQ053421v1","5610673","5610968","81","4746480"
"JH378122","10424517","10424815","KQ053421v1","5610673","5610968","79","4813844"
"JH378122","10437974","10438208","KQ058242v1","595939","596205","80","9842035"
"JH378122","10438322","10438503","KQ058350v1","9514178","9514352","47","924144"
"JH378122","10454810","10455101","KQ053421v1","5610673","5610968","79","4844137"
"JH378122","10494579","10494860","KQ053421v1","5610673","5610968","98","4883906"
"JH378122","10530814","10531117","KQ053421v1","5610673","5610968","78","4920141"
"JH378122","10539965","10540254","KQ053421v1","5610673","5610968","83","4929292"
"JH378122","10540388","10540696","KQ058427v1","7786546","7786853","79","2753842"
"JH378122","10547461","10547766","KQ053421v1","5610673","5610968","81","4936788"
"JH378122","10572045","10572348","KQ053421v1","5610673","5610968","74","4961372"
"JH378122","10590734","10591025","KQ053421v1","5610673","5610968","71","4980061"
"JH378122","10606777","10607072","KQ053421v1","5610673","5610968","67","4996104"
"JH378122","10610693","10610990","KQ053421v1","5610673","5610968","66","5000020"
"JH378122","10617002","10617292","KQ053421v1","5610673","5610968","84","5006329"
"JH378122","10636114","10636394","KQ053785v1","888769","889063","79","9747345"
"JH378122","10659718","10659909","KQ058594v1","1033101","1033292","40","9626617"
"JH378122","10662940","10663236","KQ053421v1","5610673","5610968","76","5052267"
"JH378122","10664543","10664808","KQ058505v1","2207051","2207301","90","8457492"
"JH378122","10665132","10665426","KQ058427v1","7786546","7786853","82","2878586"
"JH378122","10672542","10672812","KQ058339v1","4553625","4553889","98","6118917"
"JH378122","10753918","10754057","KQ056493v1","2043382","2043488","53","8710536"
"JH378122","10769098","10769409","KQ053421v1","5610673","5610968","83","5158425"
"JH378122","10811299","10811480","KQ057449v1","1214348","1214489","82","9596951"
"JH378122","10846474","10846756","KQ053421v1","5610673","5610968","78","5235801"
"JH378122","10916300","10916582","KQ055862v1","1305285","1305561","93","9611015"
"JH378122","10946631","10946924","KQ053421v1","5610673","5610968","82","5335958"
"JH378122","10958996","10959285","KQ058394v1","9655127","9655422","84","1303869"
"JH378122","10962785","10963085","KQ053421v1","5610673","5610968","74","5352112"
"JH378122","11009714","11010015","KQ053421v1","5610673","5610968","68","5399041"
"JH378122","11013074","11013331","KQ057186v1","783828","784085","67","10229246"
"JH378122","11019771","11020054","KQ058339v1","4553625","4553889","87","6466146"
"JH378122","11031332","11031623","KQ053421v1","5610673","5610968","87","5420659"
"JH378122","11067210","11067466","KQ053883v1","6938067","6938331","88","4129143"
"JH378122","11068137","11068425","KQ053421v1","5610673","5610968","82","5457464"
"JH378122","11091729","11092045","KQ055267v1","513773","514088","84","10577956"
"JH378122","11093743","11094042","KQ053421v1","5610673","5610968","77","5483070"
"JH378122","11216720","11216918","KQ058594v1","5950443","5950621","56","5266277"
"JH378122","11323661","11323944","KQ053421v1","5610673","5610968","82","5712988"
"JH378122","11343989","11344212","KQ055662v1","1890465","1890674","74","9453524"
"JH378122","11354586","11354960","KQ053059v1","2548766","2549102","135","8805820"
"JH378122","11417685","11417980","KQ053421v1","5610673","5610968","74","5807012"
"JH378122","11444871","11445022","KQ054401v1","3363241","3363379","47","8081630"
"JH378122","11558558","11558869","KQ055267v1","513773","514088","75","11044785"
"JH378122","11591529","11591835","KQ053421v1","5610673","5610968","73","5980856"
"JH378122","11597540","11597868","KQ053059v1","2548766","2549102","84","9048774"
"JH378122","11659390","11659694","KQ055352v1","6003171","6003466","69","5656219"
"JH378122","11692696","11692988","KQ053421v1","5610673","5610968","84","6082023"
"JH378122","11703733","11704022","KQ053421v1","5610673","5610968","82","6093060"
"JH378122","11779845","11780093","KQ057380v1","3344874","3345081","83","8434971"
"JH378122","11893928","11894198","KQ058242v1","595939","596205","71","11297989"
"JH378122","12057519","12057828","KQ055352v1","6003171","6003466","72","6054348"
"JH378122","12070308","12070611","KQ053421v1","5610673","5610968","69","6459635"
"JH378122","12228682","12228992","KQ055267v1","513773","514088","74","11714909"
"JH378122","12372788","12373092","KQ055267v1","513773","514088","70","11859015"
"JH378122","12381500","12381802","KQ053421v1","5610673","5610968","73","6770827"
"JH378122","12566404","12566685","KQ053421v1","5610673","5610968","77","6955731"
"JH378122","12606920","12607230","KQ055352v1","6003171","6003466","77","6603749"
"JH378122","12645538","12645831","KQ053421v1","5610673","5610968","86","7034865"
"JH378122","12648178","12648477","KQ053421v1","5610673","5610968","75","7037505"
"JH378122","12690826","12691139","KQ058427v1","7786546","7786853","94","4904280"
"JH378122","12998327","12998634","KQ053421v1","5610673","5610968","74","7387654"
"JH378122","13005439","13005757","KQ058427v1","7786546","7786853","89","5218893"
"JH378122","13022032","13022334","KQ053421v1","5610673","5610968","66","7411359"
"JH378122","13033521","13033617","KQ055579v1","54828","54918","35","12978693"
"JH378122","13130477","13130657","KQ057449v1","1214348","1214489","69","11916129"
"JH378122","13154531","13154829","KQ053421v1","5610673","5610968","68","7543858"
"JH378122","13184942","13185070","KQ053398v1","2623748","2623879","32","10561194"
"JH378122","13201221","13201524","KQ053421v1","5610673","5610968","82","7590548"
"JH378122","13205041","13205293","KQ055717v1","1610777","1611031","86","11594264"
"JH378122","13232367","13232599","KQ058242v1","595939","596205","85","12636428"
"JH378122","13266311","13266493","KQ056064v1","326763","326940","53","12939548"
"JH378122","13278003","13278258","KQ055862v1","1305285","1305561","88","11972718"
"JH378122","13308394","13308703","KQ053421v1","5610673","5610968","99","7697721"
"JH378122","13318001","13318259","KQ053883v1","6938067","6938331","90","6379934"
"JH378122","13332452","13332737","KQ053421v1","5610673","5610968","77","7721779"
"JH378122","13370833","13371146","KQ053421v1","5610673","5610968","84","7760160"
"JH378122","13378832","13379120","KQ053421v1","5610673","5610968","77","7768159"
"JH378122","13381960","13382231","KQ053421v1","5610673","5610968","84","7771287"
"JH378122","13392178","13392492","KQ055267v1","513773","514088","81","12878405"
"JH378122","13533931","13534225","KQ053421v1","5610673","5610968","70","7923258"
"JH378122","13614435","13614738","KQ053421v1","5610673","5610968","68","8003762"
"JH378122","13643284","13643583","KQ053421v1","5610673","5610968","78","8032611"
"JH378122","13667188","13667460","KQ053421v1","5610673","5610968","83","8056515"
"JH378122","13777692","13777998","KQ053421v1","5610673","5610968","82","8167019"
"JH378122","13929549","13929877","KQ058427v1","7786546","7786853","90","6143003"
"JH378122","14074563","14074867","KQ053421v1","5610673","5610968","78","8463890"
"JH378122","14095909","14096079","KQ058350v1","9514178","9514352","44","4581731"
"JH378122","14132979","14133281","KQ053421v1","5610673","5610968","68","8522306"
"JH378122","14170774","14171062","KQ053421v1","5610673","5610968","83","8560101"
"JH378122","14181441","14181668","KQ058509v1","24058","24271","65","14157383"
"JH378122","14278615","14278907","KQ053421v1","5610673","5610968","68","8667942"
"JH378122","14391185","14391460","KQ055862v1","1305285","1305561","95","13085900"
"JH378122","14449226","14449520","KQ053421v1","5610673","5610968","79","8838553"
"JH378122","14488580","14488873","KQ053421v1","5610673","5610968","73","8877907"
"JH378122","14541530","14541809","KQ053421v1","5610673","5610968","80","8930857"
"JH378122","14616400","14616710","KQ055352v1","6003171","6003466","71","8613229"
"JH378122","14626911","14627212","KQ053421v1","5610673","5610968","67","9016238"
"JH378122","14783503","14783821","KQ058427v1","7786546","7786853","87","6996957"
"JH378122","14791453","14791738","KQ057186v1","783828","784085","92","14007625"
"JH378122","14835470","14835756","KQ055352v1","6003171","6003466","75","8832299"
"JH378122","15032743","15033040","KQ053421v1","5610673","5610968","79","9422070"
"JH378122","15089307","15089583","KQ055352v1","6003171","6003466","92","9086136"
"JH378122","15095080","15095384","KQ053421v1","5610673","5610968","69","9484407"
"JH378122","15103521","15103829","KQ055352v1","6003171","6003466","71","9100350"
"JH378122","15152572","15152861","KQ053421v1","5610673","5610968","83","9541899"
"JH378122","15158884","15159187","KQ055352v1","6003171","6003466","69","9155713"
"JH378122","15255521","15255668","KQ054401v1","3363241","3363379","38","11892280"
"JH378122","15305976","15306282","KQ055352v1","6003171","6003466","72","9302805"
"JH378122","15307451","15307744","KQ053421v1","5610673","5610968","79","9696778"
"JH378122","15333646","15333945","KQ058427v1","7786546","7786853","81","7547100"
"JH378122","15362239","15362544","KQ053421v1","5610673","5610968","70","9751566"
"JH378122","15431801","15431960","KQ053310v1","1983228","1983391","43","13448573"
"JH378122","15524150","15524457","KQ053421v1","5610673","5610968","73","9913477"
"JH378122","15588369","15588673","KQ053421v1","5610673","5610968","83","9977696"
"JH378122","15665164","15665461","KQ058427v1","7786546","7786853","84","7878618"
"JH378122","15675101","15675408","KQ055352v1","6003171","6003466","75","9671930"
"JH378122","15687569","15687883","KQ053421v1","5610673","5610968","76","10076896"
"JH378122","15731854","15732163","KQ055352v1","6003171","6003466","71","9728683"
"JH378122","15754272","15754572","KQ055352v1","6003171","6003466","82","9751101"
"JH378122","15794495","15794790","KQ053421v1","5610673","5610968","71","10183822"
"JH378122","15909013","15909322","KQ053421v1","5610673","5610968","83","10298340"
"JH378122","16030275","16030344","KQ058561v1","4800360","4800424","19","11229915"
"JH378122","16156642","16156951","KQ055267v1","513773","514088","86","15642869"
"JH378122","16177793","16178088","KQ053421v1","5610673","5610968","69","10567120"
"JH378122","16275269","16275572","KQ055352v1","6003171","6003466","78","10272098"
"JH378122","16281156","16281368","KQ058594v1","5950443","5950621","72","10330713"
"JH378122","16338886","16339178","KQ053421v1","5610673","5610968","72","10728213"
"JH378122","16395872","16396194","KQ058427v1","7786546","7786853","86","8609326"
"JH378122","16475436","16475740","KQ058427v1","7786546","7786853","83","8688890"
"JH378122","16683183","16683465","KQ054815v1","2215557","2215844","73","14467626"
"JH378122","16691276","16691575","KQ053421v1","5610673","5610968","72","11080603"
"JH378122","16699846","16700129","KQ055352v1","6003171","6003466","75","10696675"
"JH378122","16710800","16711107","KQ053421v1","5610673","5610968","74","11100127"
"JH378122","16753680","16753974","KQ053421v1","5610673","5610968","72","11143007"
"JH378122","16826676","16826915","KQ058509v1","24058","24271","76","16802618"
"JH378122","16841541","16841845","KQ055352v1","6003171","6003466","74","10838370"
"JH378122","16876080","16876385","KQ053421v1","5610673","5610968","72","11265407"
"JH378122","16917953","16918255","KQ053421v1","5610673","5610968","72","11307280"
"JH378122","17036344","17036637","KQ053421v1","5610673","5610968","69","11425671"
"JH378122","17131781","17132068","KQ058242v1","595939","596205","83","16535842"
"JH378122","17144640","17144940","KQ053421v1","5610673","5610968","77","11533967"
"JH378122","17322590","17322895","KQ055352v1","6003171","6003466","85","11319419"
"JH378122","17491608","17491889","KQ058242v1","595939","596205","77","16895669"
"JH378122","17634331","17634609","KQ053421v1","5610673","5610968","74","12023658"
"JH378122","17652641","17652905","KQ058339v1","4553625","4553889","87","13099016"
"JH378122","17670226","17670537","KQ053421v1","5610673","5610968","76","12059553"
"JH378122","17682997","17683292","KQ053421v1","5610673","5610968","71","12072324"
"JH378122","17784657","17784938","KQ058339v1","4553625","4553889","87","13231032"
"JH378122","17810151","17810276","KQ056920v1","183120","183261","46","17627031"
"JH378122","17980875","17981177","KQ053421v1","5610673","5610968","89","12370202"
"JH378122","18528818","18529144","KQ055267v1","513773","514088","91","18015045"
"JH378122","18570178","18570250","KQ053998v1","8863","8933","31","18561315"
"JH378122","18605404","18605707","KQ053421v1","5610673","5610968","76","12994731"
"JH378122","18666645","18666950","KQ055352v1","6003171","6003466","68","12663474"
"JH378122","18761875","18762159","KQ054815v1","2215557","2215844","88","16546318"
"JH378122","18872440","18872744","KQ055352v1","6003171","6003466","74","12869269"
"JH378122","18916127","18916423","KQ053421v1","5610673","5610968","71","13305454"
"JH378122","18971548","18971858","KQ055352v1","6003171","6003466","71","12968377"
"JH378122","19027180","19027481","KQ053421v1","5610673","5610968","67","13416507"
"JH378122","19099226","19099523","KQ053421v1","5610673","5610968","71","13488553"
"JH378122","19156352","19156488","KQ053004v1","3064551","3064681","47","16091801"
"JH378122","19274025","19274317","KQ053421v1","5610673","5610968","64","13663352"
"JH378122","19315172","19315483","KQ055267v1","513773","514088","73","18801399"
"JH378122","19327457","19327741","KQ058427v1","6786866","6787134","98","12540591"
"JH378122","19343720","19344028","KQ055352v1","6003171","6003466","69","13340549"
"JH378122","19374799","19375104","KQ055267v1","513773","514088","76","18861026"
"JH378122","19450491","19450799","KQ055352v1","6003171","6003466","73","13447320"
"JH378122","19718475","19718778","KQ053421v1","5610673","5610968","69","14107802"
"JH378122","19903818","19904094","KQ053421v1","5610673","5610968","95","14293145"
"JH378122","19909021","19909326","KQ055267v1","513773","514088","76","19395248"
"JH378122","19955033","19955333","KQ053421v1","5610673","5610968","69","14344360"
"JH378122","19963744","19964047","KQ053421v1","5610673","5610968","70","14353071"
"JH378122","20070240","20070544","KQ053421v1","5610673","5610968","76","14459567"
"JH378122","20170830","20171137","KQ055352v1","6003171","6003466","67","14167659"
"JH378122","20503844","20504147","KQ053421v1","5610673","5610968","70","14893171"
"JH378122","20604399","20604691","KQ053421v1","5610673","5610968","71","14993726"
"JH378122","20644472","20644767","KQ053421v1","5610673","5610968","72","15033799"
"JH378122","20649670","20649958","KQ053421v1","5610673","5610968","76","15038997"
"JH378122","20748989","20749299","KQ053421v1","5610673","5610968","97","15138316"
"JH378122","20820247","20820556","KQ053421v1","5610673","5610968","73","15209574"
"JH378122","20845553","20845854","KQ053421v1","5610673","5610968","66","15234880"
"JH378122","20848679","20848977","KQ053421v1","5610673","5610968","87","15238006"
"JH378122","20979487","20979789","KQ053421v1","5610673","5610968","68","15368814"
"JH378122","21174853","21175164","KQ053421v1","5610673","5610968","83","15564180"
"JH378122","21435134","21435439","KQ053421v1","5610673","5610968","69","15824461"
"JH378122","21502003","21502304","KQ055267v1","513773","514088","81","20988230"
"JH378122","21565051","21565356","KQ053421v1","5610673","5610968","69","15954378"
"JH378122","21576006","21576312","KQ055267v1","513773","514088","72","21062233"
"JH378122","21581396","21581710","KQ055140v1","2807106","2807399","110","18774290"
"JH378122","21617662","21617950","KQ053421v1","5610673","5610968","90","16006989"
"JH378122","21666809","21667115","KQ055352v1","6003171","6003466","75","15663638"
"JH378122","21736406","21736709","KQ053421v1","5610673","5610968","70","16125733"
"JH378122","21742429","21742739","KQ055267v1","513773","514088","73","21228656"
"JH378122","21807615","21807925","KQ053421v1","5610673","5610968","74","16196942"
"JH378122","21837124","21837418","KQ058427v1","7786546","7786853","90","14050578"
"JH378122","22049620","22049907","KQ058339v1","4553625","4553889","86","17495995"
"JH378122","22053171","22053441","KQ058242v1","595939","596205","80","21457232"
"JH378122","22110882","22111168","KQ053421v1","5610673","5610968","70","16500209"
"JH378122","22143925","22144219","KQ053421v1","5610673","5610968","86","16533252"
"JH378122","22186266","22186571","KQ055267v1","513773","514088","71","21672493"
"JH378122","22282955","22283265","KQ055267v1","513773","514088","75","21769182"
"JH378122","22414157","22414467","KQ055352v1","6003171","6003466","69","16410986"
"JH378122","22449029","22449338","KQ055352v1","6003171","6003466","74","16445858"
"JH378122","22468848","22469144","KQ053421v1","5610673","5610968","70","16858175"
"JH378122","22493755","22494056","KQ053421v1","5610673","5610968","75","16883082"
"JH378122","22595936","22596063","KQ053398v1","2623748","2623879","33","19972188"
"JH378122","22626782","22627072","KQ053421v1","5610673","5610968","86","17016109"
"JH378122","22627594","22627856","KQ058242v1","595939","596205","78","22031655"
"JH378122","22647625","22647920","KQ058427v1","7786546","7786853","81","14861079"
"JH378122","22718825","22719124","KQ058242v1","595939","596205","87","22122886"
"JH378122","22784871","22785167","KQ053421v1","5610673","5610968","69","17174198"
"JH378122","22845163","22845437","KQ053421v1","5610673","5610968","92","17234490"
"JH378122","22876422","22876725","KQ055352v1","6003171","6003466","96","16873251"
"JH378122","22885826","22886129","KQ055352v1","6003171","6003466","68","16882655"
"JH378122","22927466","22927756","KQ053421v1","5610673","5610968","76","17316793"
"JH378122","23005307","23005608","KQ053421v1","5610673","5610968","75","17394634"
"JH378122","23046603","23046908","KQ055352v1","6003171","6003466","72","17043432"
"JH378122","23136935","23137188","KQ058505v1","2207051","2207301","91","20929884"
"JH378122","23215842","23216063","KQ058274v1","300327","300497","87","22915515"
"JH378122","23378208","23378519","KQ055352v1","6003171","6003466","73","17375037"
"JH378122","23400153","23400462","KQ055267v1","513773","514088","77","22886380"
"JH378122","23447516","23447808","KQ053421v1","5610673","5610968","82","17836843"
"JH378122","23450415","23450719","KQ053421v1","5610673","5610968","82","17839742"
"JH378122","23870817","23871114","KQ053421v1","5610673","5610968","68","18260144"
"JH378122","23891027","23891337","KQ055267v1","513773","514088","72","23377254"
"JH378122","24092299","24092562","KQ058242v1","595939","596205","69","23496360"
"JH378122","24105692","24105956","KQ058505v1","2207051","2207301","101","21898641"
"JH378122","24148970","24149269","KQ053421v1","5610673","5610968","69","18538297"
"JH378122","24476037","24476334","KQ053421v1","5610673","5610968","71","18865364"
"JH378122","24521970","24522273","KQ053421v1","5610673","5610968","70","18911297"
"JH378122","24696255","24696544","KQ053421v1","5610673","5610968","75","19085582"
"JH378122","24720509","24720848","KQ053135v1","5034940","5035266","125","19685569"
"JH378122","24743787","24744086","KQ053421v1","5610673","5610968","73","19133114"
"JH378122","24805571","24805876","KQ055267v1","513773","514088","81","24291798"
"JH378122","24830443","24830747","KQ055352v1","6003171","6003466","69","18827272"
"JH378122","24949043","24949328","KQ053421v1","5610673","5610968","78","19338370"
"JH378122","24987935","24988212","KQ058339v1","4553625","4553889","86","20434310"
"JH378122","24988365","24988664","KQ053421v1","5610673","5610968","67","19377692"
"JH378122","25069931","25070210","KQ057186v1","783828","784085","81","24286103"
"JH378122","25074151","25074453","KQ053421v1","5610673","5610968","67","19463478"
"JH378122","25123227","25123512","KQ053421v1","5610673","5610968","84","19512554"
"JH378122","25234560","25234864","KQ053421v1","5610673","5610968","70","19623887"
"JH378122","25246530","25246855","KQ058427v1","7786546","7786853","87","17459984"
"JH378122","25248797","25249091","KQ053421v1","5610673","5610968","68","19638124"
"JH378122","25264361","25264650","KQ055830v1","661716","661986","101","24602645"
"JH378122","25302415","25302713","KQ053421v1","5610673","5610968","75","19691742"
"JH378122","25314694","25315010","KQ055267v1","513773","514088","80","24800921"
"JH378122","25323797","25324099","KQ053421v1","5610673","5610968","71","19713124"
"JH378122","25343717","25344015","KQ053421v1","5610673","5610968","68","19733044"
"JH378122","25382125","25382420","KQ053421v1","5610673","5610968","66","19771452"
"JH378122","25425751","25426044","KQ053421v1","5610673","5610968","73","19815078"
"JH378122","25446704","25446941","KQ054068v1","3638075","3638299","79","21808629"
"JH378122","25528718","25529018","KQ053421v1","5610673","5610968","79","19918045"
"JH378122","25531433","25531731","KQ053421v1","5610673","5610968","71","19920760"
"JH378122","25534167","25534450","KQ053421v1","5610673","5610968","78","19923494"
"JH378122","25539276","25539574","KQ053421v1","5610673","5610968","69","19928603"
"JH378122","25551517","25551783","KQ058427v1","6786866","6787134","81","18764651"
"JH378122","25558369","25558628","KQ056321v1","575951","576190","83","24982418"
"JH378122","25562918","25563099","KQ056064v1","326763","326940","61","25236155"
"JH378122","25566766","25567080","KQ055267v1","513773","514088","72","25052993"
"JH378122","25573285","25573584","KQ053421v1","5610673","5610968","76","19962612"
"JH378122","25582113","25582410","KQ053421v1","5610673","5610968","68","19971440"
"JH378122","25660379","25660688","KQ058427v1","7786546","7786853","69","17873833"
"JH378122","25664717","25665022","KQ053421v1","5610673","5610968","73","20054044"
"JH378122","25698817","25698948","KQ053398v1","2623748","2623879","36","23075069"
"JH378122","25723314","25723620","KQ053421v1","5610673","5610968","70","20112641"
"JH378122","25724893","25725009","KQ053398v1","2623748","2623879","44","23101145"
"JH378122","25833024","25833340","KQ053421v1","5610673","5610968","89","20222351"
"JH378122","25932579","25932873","KQ053421v1","5610673","5610968","73","20321906"
"JH378122","25938908","25939194","KQ053421v1","5610673","5610968","75","20328235"
"JH378122","25944101","25944385","KQ058242v1","595939","596205","84","25348162"
"JH378122","25945049","25945346","KQ053421v1","5610673","5610968","66","20334376"
"JH378122","25954516","25954840","KQ058427v1","7786546","7786853","91","18167970"
"JH378122","25986068","25986365","KQ053421v1","5610673","5610968","69","20375395"
"JH378122","26027636","26027920","KQ053421v1","5610673","5610968","83","20416963"
"JH378122","26029812","26030101","KQ058427v1","7786546","7786853","83","18243266"
"JH378122","26049730","26050038","KQ055267v1","513773","514088","72","25535957"
"JH378122","26068141","26068437","KQ053421v1","5610673","5610968","72","20457468"
"JH378122","26189201","26189505","KQ055352v1","6003171","6003466","68","20186030"
"JH378122","26257628","26257939","KQ058427v1","7786546","7786853","75","18471082"
"JH378122","26261857","26262160","KQ053421v1","5610673","5610968","68","20651184"
"JH378122","26497667","26497974","KQ055267v1","513773","514088","81","25983894"
"JH378122","26656869","26657178","KQ053421v1","5610673","5610968","75","21046196"
"JH378122","27063856","27063986","KQ053398v1","2623748","2623879","45","24440108"
"JH378122","27064094","27064245","KQ053718v1","2495418","2495575","47","24568676"
"JH378122","27173866","27174164","KQ053421v1","5610673","5610968","90","21563193"
"JH378122","27212813","27213119","KQ053421v1","5610673","5610968","73","21602140"
"JH378122","27276773","27277078","KQ055352v1","6003171","6003466","70","21273602"
"JH378122","27304667","27304967","KQ058427v1","7786546","7786853","85","19518121"
"JH378122","27477477","27477787","KQ055352v1","6003171","6003466","72","21474306"
"JH378122","27507808","27508107","KQ053421v1","5610673","5610968","71","21897135"
"JH378122","27519841","27520144","KQ058427v1","7786546","7786853","84","19733295"
"JH378122","27581510","27581818","KQ055267v1","513773","514088","70","27067737"
"JH378122","27682858","27683167","KQ053421v1","5610673","5610968","81","22072185"
"JH378122","27743775","27744048","KQ055862v1","1305285","1305561","94","26438490"
"JH378122","27850107","27850417","KQ058427v1","7786546","7786853","80","20063561"
"JH378122","27887436","27887706","KQ057909v1","9290159","9290423","82","18597277"
"JH378122","27919208","27919514","KQ055352v1","6003171","6003466","69","21916037"
"JH378122","27994211","27994515","KQ053421v1","5610673","5610968","73","22383538"
"JH378122","28001931","28002220","KQ053421v1","5610673","5610968","76","22391258"
"JH378122","28081774","28082083","KQ055352v1","6003171","6003466","73","22078603"
"JH378122","28084063","28084366","KQ053421v1","5610673","5610968","68","22473390"
"JH378122","28174226","28174537","KQ053421v1","5610673","5610968","78","22563553"
"JH378122","28230097","28230408","KQ055267v1","513773","514088","73","27716324"
"JH378122","28321379","28321679","KQ053421v1","5610673","5610968","74","22710706"
"JH378122","28349720","28350038","KQ053421v1","5610673","5610968","104","22739047"
"JH378122","28386435","28386728","KQ053421v1","5610673","5610968","68","22775762"
"JH378122","28437023","28437315","KQ053421v1","5610673","5610968","68","22826350"
"JH378122","28755745","28756050","KQ058427v1","7786546","7786853","74","20969199"
"JH378122","28784465","28784766","KQ053421v1","5610673","5610968","80","23173792"
"JH378122","28788185","28788492","KQ053421v1","5610673","5610968","74","23177512"
"JH378122","28845251","28845547","KQ053421v1","5610673","5610968","71","23234578"
"JH378122","28854936","28855240","KQ055267v1","513773","514088","71","28341163"
"JH378122","28864036","28864356","KQ053421v1","5610673","5610968","92","23253363"
"JH378122","28874454","28874761","KQ053421v1","5610673","5610968","78","23263781"
"JH378122","28915497","28915787","KQ053421v1","5610673","5610968","75","23304824"
"JH378122","28952868","28953163","KQ053421v1","5610673","5610968","73","23342195"
"JH378122","28975902","28976177","KQ058427v1","6786866","6787134","98","22189036"
"JH378122","29062821","29063128","KQ058427v1","7786546","7786853","68","21276275"
"JH378122","29112814","29113012","KQ055662v1","1890465","1890674","60","27222349"
"JH378122","29136061","29136361","KQ053421v1","5610673","5610968","69","23525388"
"JH378122","29162612","29162912","KQ053421v1","5610673","5610968","81","23551939"
"JH378122","29185767","29186033","KQ053421v1","5610673","5610968","86","23575094"
"JH378122","29265629","29265932","KQ053421v1","5610673","5610968","75","23654956"
"JH378122","29282996","29283300","KQ053421v1","5610673","5610968","71","23672323"
"JH378122","29577236","29577523","KQ058339v1","4553625","4553889","80","25023611"
"JH378122","29578766","29579073","KQ055267v1","513773","514088","71","29064993"
"JH378122","29608071","29608369","KQ053421v1","5610673","5610968","76","23997398"
"JH378122","29623354","29623664","KQ058427v1","7786546","7786853","90","21836808"
"JH378122","29663403","29663678","KQ057186v1","783828","784085","84","28879575"
"JH378122","29877876","29878109","KQ058509v1","24058","24271","75","29853818"
"JH378122","29882806","29883112","KQ055352v1","6003171","6003466","68","23879635"
"JH378122","29977985","29978275","KQ053421v1","5610673","5610968","83","24367312"
"JH378122","30054948","30055246","KQ053421v1","5610673","5610968","72","24444275"
"JH378122","30108222","30108345","KQ053398v1","2623748","2623879","35","27484474"
"JH378122","30161777","30162082","KQ053421v1","5610673","5610968","69","24551104"
"JH378122","30164080","30164382","KQ058427v1","7786546","7786853","76","22377534"
"JH378122","30199799","30200079","KQ053421v1","5610673","5610968","89","24589126"
"JH378122","30236973","30237252","KQ053421v1","5610673","5610968","87","24626300"
"JH378123","10291","10399","KQ055717v1","1610376","1610476","46","1600085"
"JH378123","11955","12240","KQ053421v1","5610673","5610968","82","5598718"
"JH378123","35230","35528","KQ053421v1","5610673","5610968","75","5575443"
"JH378123","36028","36331","KQ053421v1","5610673","5610968","87","5574645"
"JH378123","43334","43643","KQ053421v1","5610673","5610968","80","5567339"
"JH378123","51200","51461","KQ058242v1","595939","596205","89","544739"
"JH378123","57310","57611","KQ053421v1","5610673","5610968","70","5553363"
"JH378123","76894","77050","KQ057204v1","2930576","2930741","35","2853682"
"JH378123","227135","227440","KQ055267v1","513773","514088","73","286638"
"JH378123","235931","236183","KQ058242v1","595939","596205","88","360008"
"JH378123","266214","266508","KQ053421v1","5610673","5610968","81","5344459"
"JH378123","270987","271290","KQ053421v1","5610673","5610968","78","5339686"
"JH378123","288561","288753","KQ058594v1","1033101","1033292","42","744540"
"JH378123","322397","322714","KQ055267v1","513773","514088","82","191376"
"JH378123","332695","332953","KQ058640v1","643463","643729","84","310768"
"JH378123","478953","479232","KQ058242v1","595939","596205","120","116986"
"JH378123","526662","526962","KQ053421v1","5610673","5610968","70","5084011"
"JH378123","532037","532304","KQ053421v1","5610673","5610968","89","5078636"
"JH378123","537921","538053","KQ053398v1","2623748","2623879","37","2085827"
"JH378123","599370","599659","KQ053421v1","5610673","5610968","90","5011303"
"JH378123","627177","627339","KQ053398v1","2623748","2623879","57","1996571"
"JH378123","627837","628146","KQ053421v1","5610673","5610968","81","4982836"
"JH378123","628192","628287","KQ058316v1","2226037","2226104","44","1597845"
"JH378123","685318","685467","KQ054401v1","3363241","3363379","46","2677923"
"JH378123","791926","792228","KQ058242v1","595939","596205","79","195987"
"JH378123","797284","797382","KQ057781v1","1047045","1047171","42","249761"
"JH378123","816903","817190","KQ053421v1","5610673","5610968","80","4793770"
"JH378123","924166","924507","KQ053059v1","2548766","2549102","165","1624600"
"JH378123","928148","928455","KQ055267v1","513773","514088","90","414375"
"JH378123","941015","941310","KQ058427v1","7786546","7786853","77","6845531"
"JH378123","1018357","1018653","KQ053421v1","5610673","5610968","82","4592316"
"JH378123","1025085","1025386","KQ053421v1","5610673","5610968","82","4585588"
"JH378123","1077133","1077350","KQ058594v1","1033101","1033292","65","44032"
"JH378123","1170677","1170974","KQ053421v1","5610673","5610968","65","4439996"
"JH378123","1184237","1184549","KQ055352v1","6003171","6003466","72","4818934"
"JH378123","1245205","1245516","KQ055352v1","6003171","6003466","74","4757966"
"JH378123","1342445","1342744","KQ053421v1","5610673","5610968","64","4268228"
"JH378123","1419029","1419333","KQ055352v1","6003171","6003466","71","4584142"
"JH378123","1419737","1420013","KQ055862v1","1305285","1305561","83","114452"
"JH378123","1461481","1461791","KQ055267v1","513773","514088","75","947708"
"JH378123","1813791","1814063","KQ058427v1","6786866","6787134","95","4973075"
"JH378123","1928126","1928422","KQ053421v1","5610673","5610968","65","3682547"
"JH378123","1957554","1957838","KQ053785v1","888769","889063","95","1068785"
"JH378123","2092508","2092821","KQ055352v1","6003171","6003466","75","3910663"
"JH378123","2099071","2099384","KQ055267v1","513773","514088","81","1585298"
"JH378123","2139208","2139512","KQ053421v1","5610673","5610968","84","3471465"
"JH378123","2187133","2187429","KQ053421v1","5610673","5610968","73","3423540"
"JH378123","2271258","2271553","KQ053421v1","5610673","5610968","76","3339415"
"JH378123","2318114","2318401","KQ053421v1","5610673","5610968","78","3292559"
"JH378123","2410961","2411258","KQ053421v1","5610673","5610968","75","3199712"
"JH378123","2573329","2573606","KQ057186v1","783828","784085","82","1789501"
"JH378123","2605572","2605860","KQ053421v1","5610673","5610968","75","3005101"
"JH378123","2830336","2830630","KQ053421v1","5610673","5610968","84","2780337"
"JH378123","2865737","2866044","KQ058427v1","7786546","7786853","100","4920809"
"JH378123","2925442","2925735","KQ053421v1","5610673","5610968","72","2685231"
"JH378123","3029581","3029690","KQ056493v1","2043382","2043488","27","986199"
"JH378123","3236901","3237203","KQ053421v1","5610673","5610968","71","2373772"
"JH378123","3384770","3385089","KQ053421v1","5610673","5610968","97","2225903"
"JH378123","3399665","3399963","KQ053421v1","5610673","5610968","73","2211008"
"JH378123","3430109","3430413","KQ055352v1","6003171","6003466","71","2573062"
"JH378123","3467190","3467523","KQ053421v1","5610673","5610968","96","2143483"
"JH378123","3541041","3541335","KQ053421v1","5610673","5610968","79","2069632"
"JH378123","3590999","3591307","KQ055267v1","513773","514088","74","3077226"
"JH378123","3604078","3604388","KQ055267v1","513773","514088","87","3090305"
"JH378123","3678292","3678422","KQ053398v1","2623748","2623879","33","1054544"
"JH378123","3678529","3678680","KQ058594v1","2771639","2771800","43","906890"
"JH378123","3761516","3761807","KQ053421v1","5610673","5610968","74","1849157"
"JH378123","4021808","4021980","KQ053993v1","1251070","1251235","47","2770738"
"JH378123","4213420","4213722","KQ053421v1","5610673","5610968","85","1397253"
"JH378123","4476044","4476355","KQ053421v1","5610673","5610968","94","1134629"
"JH378123","4867580","4867885","KQ053421v1","5610673","5610968","82","743093"
"JH378123","4942939","4943249","KQ055352v1","6003171","6003466","76","1060232"
"JH378123","4952062","4952372","KQ053421v1","5610673","5610968","78","658611"
"JH378123","5013077","5013321","KQ058242v1","595939","596205","82","4417138"
"JH378123","5204690","5205004","KQ055267v1","513773","514088","88","4690917"
"JH378123","5209140","5209443","KQ055352v1","6003171","6003466","72","794031"
"JH378123","5281604","5281899","KQ053421v1","5610673","5610968","73","329069"
"JH378123","5412216","5412513","KQ053421v1","5610673","5610968","72","198457"
"JH378123","5414133","5414432","KQ053421v1","5610673","5610968","70","196540"
"JH378123","5556487","5556656","KQ053993v1","1251070","1251235","41","4305417"
"JH378123","5556723","5557007","KQ053421v1","5610673","5610968","72","53950"
"JH378123","5561055","5561347","KQ058427v1","7786546","7786853","97","2225491"
"JH378123","5573058","5573157","KQ056235v1","1266284","1266361","38","4306774"
"JH378123","5608320","5608603","KQ053421v1","5610673","5610968","93","2353"
"JH378123","5625158","5625492","KQ055352v1","6003171","6003466","84","378013"
"JH378123","5700818","5701128","KQ055352v1","6003171","6003466","73","302353"
"JH378123","5782973","5783268","KQ053421v1","5610673","5610968","83","172300"
"JH378123","5799477","5799772","KQ055267v1","513773","514088","85","5285704"
"JH378123","5840677","5840982","KQ053421v1","5610673","5610968","78","230004"
"JH378123","5845135","5845432","KQ053421v1","5610673","5610968","73","234462"
"JH378123","5846726","5847045","KQ055352v1","6003171","6003466","83","156445"
"JH378123","5876247","5876526","KQ053785v1","888769","889063","81","4987478"
"JH378123","5918735","5919032","KQ055267v1","513773","514088","78","5404962"
"JH378123","5930755","5931065","KQ055267v1","513773","514088","76","5416982"
"JH378123","5945668","5945827","KQ056911v1","1421731","1421862","60","4523937"
"JH378123","5987649","5987942","KQ053421v1","5610673","5610968","78","376976"
"JH378123","6186811","6187113","KQ055267v1","513773","514088","72","5673038"
"JH378123","6203467","6203620","KQ054401v1","3363241","3363379","45","2840226"
"JH378123","6364749","6365053","KQ053421v1","5610673","5610968","72","754076"
"JH378123","6504914","6505220","KQ053421v1","5610673","5610968","76","894241"
"JH378123","6509525","6509827","KQ053421v1","5610673","5610968","70","898852"
"JH378123","6603110","6603406","KQ053421v1","5610673","5610968","68","992437"
"JH378123","6610993","6611284","KQ053421v1","5610673","5610968","69","1000320"
"JH378123","6911267","6911571","KQ055352v1","6003171","6003466","73","908096"
"JH378123","7069043","7069330","KQ053421v1","5610673","5610968","80","1458370"
"JH378123","7106313","7106615","KQ058427v1","7786546","7786853","90","680233"
"JH378123","7153163","7153471","KQ058427v1","7786546","7786853","81","633383"
"JH378123","7172030","7172334","KQ053421v1","5610673","5610968","72","1561357"
"JH378123","7193589","7193893","KQ055352v1","6003171","6003466","74","1190418"
"JH378123","7202738","7203041","KQ053421v1","5610673","5610968","68","1592065"
"JH378123","7217140","7217438","KQ053421v1","5610673","5610968","75","1606467"
"JH378123","7232855","7233161","KQ055352v1","6003171","6003466","71","1229684"
"JH378123","7261747","7261891","KQ053398v1","2627781","2627909","45","4633966"
"JH378123","7262767","7262895","KQ053398v1","2623748","2623879","36","4639019"
"JH378123","7266680","7266966","KQ058640v1","643463","643729","87","6623217"
"JH378123","7313880","7314194","KQ053421v1","5610673","5610968","86","1703207"
"JH378123","7316004","7316301","KQ053421v1","5610673","5610968","71","1705331"
"JH378123","7327399","7327676","KQ055862v1","1305285","1305561","82","6022114"
"JH378123","7352615","7352915","KQ053421v1","5610673","5610968","89","1741942"
"JH378123","7381680","7381976","KQ053421v1","5610673","5610968","69","1771007"
"JH378123","7497495","7497811","KQ055267v1","513773","514088","94","6983722"
"JH378123","7507369","7507518","KQ053398v1","2623748","2623879","43","4883621"
"JH378123","7514344","7514413","KQ056279v1","759081","759162","26","6755263"
"JH378123","7514516","7514724","KQ055662v1","1890465","1890674","52","5624051"
"JH378123","7529019","7529318","KQ053421v1","5610673","5610968","80","1918346"
"JH378123","7535177","7535478","KQ053421v1","5610673","5610968","84","1924504"
"JH378123","7615523","7615748","KQ056064v1","326763","326940","89","7288760"
"JH378123","7695624","7695929","KQ055352v1","6003171","6003466","67","1692453"
"JH378123","7702150","7702453","KQ055267v1","513773","514088","96","7188377"
"JH378123","7767260","7767563","KQ053421v1","5610673","5610968","69","2156587"
"JH378123","7773768","7773972","KQ058594v1","1033101","1033292","53","6740667"
"JH378123","7976177","7976460","KQ058242v1","595939","596205","82","7380238"
"JH378123","8237726","8238033","KQ055352v1","6003171","6003466","74","2234555"
"JH378123","8326983","8327292","KQ053421v1","5610673","5610968","74","2716310"
"JH378123","8475681","8475951","KQ058427v1","6786866","6787134","86","1688815"
"JH378123","8609722","8610025","KQ055267v1","513773","514088","83","8095949"
"JH378123","8689867","8690177","KQ053421v1","5610673","5610968","73","3079194"
"JH378123","8771404","8771548","KQ053398v1","2623748","2623879","48","6147656"
"JH378123","8808540","8808848","KQ055352v1","6003171","6003466","77","2805369"
"JH378123","8872670","8872967","KQ053421v1","5610673","5610968","82","3261997"
"JH378123","8879154","8879427","KQ053421v1","5610673","5610968","89","3268481"
"JH378123","8900732","8901026","KQ053421v1","5610673","5610968","66","3290059"
"JH378123","8902616","8902883","KQ053421v1","5610673","5610968","89","3291943"
"JH378123","9004166","9004471","KQ053421v1","5610673","5610968","83","3393493"
"JH378123","9084584","9084868","KQ053421v1","5610673","5610968","88","3473911"
"JH378123","9283440","9283722","KQ053421v1","5610673","5610968","92","3672767"
"JH378123","9283846","9284076","KQ056321v1","575951","576190","90","8707895"
"JH378123","9301170","9301477","KQ055267v1","513773","514088","74","8787397"
"JH378123","9336061","9336362","KQ053421v1","5610673","5610968","80","3725388"
"JH378123","9492946","9493253","KQ055352v1","6003171","6003466","69","3489775"
"JH378123","9574012","9574325","KQ055267v1","513773","514088","77","9060239"
"JH378123","9581781","9582084","KQ053421v1","5610673","5610968","70","3971108"
"JH378123","9628950","9629254","KQ053421v1","5610673","5610968","72","4018277"
"JH378123","9646438","9646744","KQ055352v1","6003171","6003466","73","3643267"
"JH378123","9673071","9673359","KQ053421v1","5610673","5610968","87","4062398"
"JH378123","9691895","9692198","KQ053421v1","5610673","5610968","70","4081222"
"JH378123","9725202","9725359","KQ053267v1","1313653","1313811","41","8411549"
"JH378123","9779158","9779269","KQ056493v1","2043382","2043488","33","7735776"
"JH378123","9804783","9805089","KQ055352v1","6003171","6003466","75","3801612"
"JH378123","9825551","9825839","KQ054815v1","2215557","2215844","80","7609994"
"JH378123","9959334","9959617","KQ058427v1","6786866","6787134","88","3172468"
"JH378123","9966716","9966994","KQ058339v1","4553625","4553889","94","5413091"
"JH378123","9993785","9994049","KQ058242v1","595939","596205","79","9397846"
"JH378123","10157709","10158001","KQ053421v1","5610673","5610968","91","4547036"
"JH378123","10161021","10161162","KQ053993v1","1251070","1251235","46","8909951"
"JH378123","10297296","10297586","KQ053421v1","5610673","5610968","74","4686623"
"JH378123","10307376","10307677","KQ055267v1","513773","514088","73","9793603"
"JH378123","10522431","10522722","KQ053421v1","5610673","5610968","80","4911758"
"JH378123","10538912","10539222","KQ053421v1","5610673","5610968","76","4928239"
"JH378123","10696420","10696719","KQ053421v1","5610673","5610968","72","5085747"
"JH378123","10720005","10720285","KQ055862v1","1305285","1305561","85","9414720"
"JH378123","10742963","10743225","KQ053421v1","5610673","5610968","99","5132290"
"JH378123","10784075","10784368","KQ053421v1","5610673","5610968","70","5173402"
"JH378123","10804241","10804541","KQ053421v1","5610673","5610968","83","5193568"
"JH378123","10897311","10897618","KQ053421v1","5610673","5610968","84","5286638"
"JH378123","10944089","10944377","KQ053421v1","5610673","5610968","90","5333416"
"JH378123","11025457","11025710","KQ054815v1","2215557","2215844","95","8809900"
"JH378123","11094475","11094807","KQ055267v1","513773","514088","93","10580702"
"JH378123","11110143","11110450","KQ055267v1","513773","514088","81","10596370"
"JH378123","11288166","11288490","KQ055267v1","513773","514088","86","10774393"
"JH378123","11333662","11333959","KQ053421v1","5610673","5610968","71","5722989"
"JH378123","11345532","11345825","KQ053421v1","5610673","5610968","69","5734859"
"JH378123","11371144","11371452","KQ058427v1","7786546","7786853","81","3584598"
"JH378123","11439217","11439516","KQ053421v1","5610673","5610968","78","5828544"
"JH378123","11476387","11476682","KQ053421v1","5610673","5610968","65","5865714"
"JH378123","11482905","11483217","KQ058427v1","7786546","7786853","104","3696359"
"JH378123","11526893","11527200","KQ053421v1","5610673","5610968","71","5916220"
"JH378123","11545765","11546065","KQ053421v1","5610673","5610968","68","5935092"
"JH378123","11554717","11555028","KQ055352v1","6003171","6003466","76","5551546"
"JH378123","11573124","11573423","KQ053421v1","5610673","5610968","75","5962451"
"JH378123","11604968","11605276","KQ058427v1","7786546","7786853","85","3818422"
"JH378123","11681028","11681328","KQ058427v1","7786546","7786853","77","3894482"
"JH378123","11717028","11717337","KQ055352v1","6003171","6003466","70","5713857"
"JH378123","11721246","11721543","KQ053421v1","5610673","5610968","84","6110573"
"JH378123","11752740","11753030","KQ053421v1","5610673","5610968","80","6142067"
"JH378123","11760274","11760577","KQ053421v1","5610673","5610968","73","6149601"
"JH378123","11763964","11764113","KQ054268v1","765831","765979","43","10998133"
"JH378123","11770008","11770302","KQ053421v1","5610673","5610968","70","6159335"
"JH378123","11780891","11781201","KQ058427v1","7786546","7786853","89","3994345"
"JH378123","11800261","11800562","KQ055267v1","513773","514088","79","11286488"
"JH378123","11865407","11865717","KQ055267v1","513773","514088","73","11351634"
"JH378123","11868560","11868840","KQ053421v1","5610673","5610968","79","6257887"
"JH378123","11938421","11938724","KQ053421v1","5610673","5610968","67","6327748"
"JH378123","11948532","11948827","KQ053421v1","5610673","5610968","67","6337859"
"JH378123","12011658","12011948","KQ053421v1","5610673","5610968","76","6400985"
"JH378123","12053184","12053291","KQ056493v1","2043382","2043488","40","10009802"
"JH378123","12142157","12142462","KQ053421v1","5610673","5610968","69","6531484"
"JH378123","12158553","12158721","KQ053398v1","2627781","2627909","67","9530772"
"JH378123","12159839","12160147","KQ055352v1","6003171","6003466","74","6156668"
"JH378123","12198756","12199067","KQ055352v1","6003171","6003466","74","6195585"
"JH378123","12210340","12210641","KQ053421v1","5610673","5610968","69","6599667"
"JH378123","12260113","12260253","KQ054401v1","3363241","3363379","40","8896872"
"JH378123","12285620","12285910","KQ053421v1","5610673","5610968","80","6674947"
"JH378123","12312554","12312859","KQ053421v1","5610673","5610968","70","6701881"
"JH378123","12336058","12336367","KQ055267v1","513773","514088","75","11822285"
"JH378123","12342629","12342938","KQ055352v1","6003171","6003466","72","6339458"
"JH378123","12368043","12368355","KQ058427v1","7786546","7786853","79","4581497"
"JH378123","12371487","12371788","KQ053421v1","5610673","5610968","74","6760814"
"JH378123","12430078","12430383","KQ053421v1","5610673","5610968","74","6819405"
"JH378123","12437711","12438006","KQ053421v1","5610673","5610968","67","6827038"
"JH378123","12442772","12443076","KQ053421v1","5610673","5610968","68","6832099"
"JH378123","12457384","12457694","KQ055267v1","513773","514088","73","11943611"
"JH378123","12473460","12473769","KQ055352v1","6003171","6003466","75","6470289"
"JH378123","12483783","12484092","KQ055352v1","6003171","6003466","76","6480612"
"JH378123","12534868","12535156","KQ053421v1","5610673","5610968","81","6924195"
"JH378123","12619011","12619307","KQ053421v1","5610673","5610968","72","7008338"
"JH378123","12632523","12632608","KQ053998v1","8863","8933","25","12623660"
"JH378123","12648552","12648855","KQ053421v1","5610673","5610968","68","7037879"
"JH378123","12652761","12653066","KQ053421v1","5610673","5610968","88","7042088"
"JH378123","12746795","12747069","KQ057186v1","783828","784085","84","11962967"
"JH378123","12782457","12782758","KQ053421v1","5610673","5610968","75","7171784"
"JH378123","12960365","12960599","KQ057186v1","783828","784085","80","12176537"
"JH378123","13004919","13005228","KQ058427v1","7786546","7786853","78","5218373"
"JH378123","13042560","13042860","KQ053421v1","5610673","5610968","71","7431887"
"JH378123","13090355","13090665","KQ053421v1","5610673","5610968","74","7479682"
"JH378123","13152282","13152589","KQ055352v1","6003171","6003466","72","7149111"
"JH378123","13255149","13255468","KQ055352v1","6003171","6003466","77","7251978"
"JH378123","13261350","13261634","KQ053421v1","5610673","5610968","78","7650677"
"JH378123","13272914","13273222","KQ053421v1","5610673","5610968","73","7662241"
"JH378123","13560636","13560929","KQ053421v1","5610673","5610968","88","7949963"
"JH378123","13590826","13591117","KQ053421v1","5610673","5610968","82","7980153"
"JH378123","13878648","13878939","KQ053421v1","5610673","5610968","82","8267975"
"JH378123","14078802","14079109","KQ053421v1","5610673","5610968","91","8468129"
"JH378123","14192488","14192764","KQ058242v1","595939","596205","83","13596549"
"JH378123","14257668","14257988","KQ055267v1","513773","514088","86","13743895"
"JH378123","14358578","14358879","KQ053421v1","5610673","5610968","65","8747905"
"JH378123","14365985","14366228","KQ058509v1","24058","24271","86","14341927"
"JH378123","14396259","14396570","KQ055352v1","6003171","6003466","71","8393088"
"JH378123","14446147","14446449","KQ053421v1","5610673","5610968","82","8835474"
"JH378123","14448891","14449188","KQ055267v1","513773","514088","86","13935118"
"JH378123","14506932","14507227","KQ053421v1","5610673","5610968","76","8896259"
"JH378123","14600303","14600602","KQ053421v1","5610673","5610968","71","8989630"
"JH378123","14635345","14635511","KQ053398v1","2623748","2623879","61","12011597"
"JH378123","14635612","14635739","KQ052968v1","13665640","13665790","48","969972"
"JH378123","14644932","14645237","KQ053421v1","5610673","5610968","69","9034259"
"JH378123","14691138","14691381","KQ058509v1","24058","24271","75","14667080"
"JH378123","14751938","14752239","KQ053421v1","5610673","5610968","72","9141265"
"JH378123","14832976","14833283","KQ058427v1","7786546","7786853","82","7046430"
"JH378123","15043138","15043431","KQ053421v1","5610673","5610968","77","9432465"
"JH378123","15065290","15065593","KQ058427v1","7786546","7786853","72","7278744"
"JH378123","15126753","15127059","KQ055352v1","6003171","6003466","68","9123582"
"JH378123","15134770","15135057","KQ053421v1","5610673","5610968","71","9524097"
"JH378123","15149609","15149788","KQ058594v1","1033101","1033292","56","14116508"
"JH378123","15190315","15190626","KQ055267v1","513773","514088","73","14676542"
"JH378123","15494626","15494924","KQ055352v1","6003171","6003466","72","9491455"
"JH378123","15546401","15546678","KQ053421v1","5610673","5610968","78","9935728"
"JH378123","15632327","15632637","KQ055352v1","6003171","6003466","74","9629156"
"JH378123","15673978","15674235","KQ058640v1","643463","643729","75","15030515"
"JH378123","15737473","15737773","KQ055267v1","513773","514088","79","15223700"
"JH378123","15805703","15806013","KQ055267v1","513773","514088","77","15291930"
"JH378123","15808622","15808903","KQ053421v1","5610673","5610968","79","10197949"
"JH378123","15825504","15825774","KQ053883v1","6938067","6938331","88","8887437"
"JH378123","15879449","15879745","KQ053421v1","5610673","5610968","76","10268776"
"JH378123","15915077","15915383","KQ055267v1","513773","514088","75","15401304"
"JH378123","15926368","15926666","KQ053421v1","5610673","5610968","70","10315695"
"JH378123","15949726","15950064","KQ055267v1","513773","514088","102","15435953"
"JH378123","15955891","15956196","KQ053421v1","5610673","5610968","74","10345218"
"JH378123","16104593","16104900","KQ058427v1","7786546","7786853","77","8318047"
"JH378123","16258604","16258892","KQ053421v1","5610673","5610968","82","10647931"
"JH378123","16313754","16314086","KQ058427v1","7786546","7786853","89","8527208"
"JH378123","16460062","16460351","KQ053421v1","5610673","5610968","75","10849389"
"JH378123","16549386","16549686","KQ053421v1","5610673","5610968","71","10938713"
"JH378123","16613191","16613489","KQ053421v1","5610673","5610968","69","11002518"
"JH378123","16624812","16625115","KQ053421v1","5610673","5610968","78","11014139"
"JH378123","16740643","16740920","KQ058242v1","595939","596205","88","16144704"
"JH378123","16813244","16813557","KQ053421v1","5610673","5610968","89","11202571"
"JH378123","16836783","16837090","KQ058427v1","7786546","7786853","82","9050237"
"JH378123","16963504","16963814","KQ055267v1","513773","514088","73","16449731"
"JH378123","16996620","16996923","KQ053421v1","5610673","5610968","71","11385947"
"JH378123","17146656","17146800","KQ054401v1","3363241","3363379","37","13783415"
"JH378123","17202854","17203158","KQ055352v1","6003171","6003466","71","11199683"
"JH378123","17234431","17234734","KQ053421v1","5610673","5610968","79","11623758"
"JH378123","17362130","17362432","KQ055352v1","6003171","6003466","73","11358959"
"JH378123","17367863","17368156","KQ053421v1","5610673","5610968","76","11757190"
"JH378123","17395764","17396066","KQ053421v1","5610673","5610968","70","11785091"
"JH378123","17405636","17405939","KQ053421v1","5610673","5610968","68","11794963"
"JH378123","17467663","17467895","KQ055662v1","1890465","1890674","86","15577198"
"JH378123","17522888","17523185","KQ053421v1","5610673","5610968","76","11912215"
"JH378123","17541490","17541782","KQ053421v1","5610673","5610968","73","11930817"
"JH378123","17607774","17608087","KQ055352v1","6003171","6003466","74","11604603"
"JH378123","17610025","17610315","KQ053421v1","5610673","5610968","80","11999352"
"JH378123","17684917","17685220","KQ053421v1","5610673","5610968","78","12074244"
"JH378123","17728573","17728877","KQ053421v1","5610673","5610968","79","12117900"
"JH378123","17755572","17755825","KQ058242v1","595939","596205","84","17159633"
"JH378123","17758586","17758889","KQ055352v1","6003171","6003466","75","11755415"
"JH378123","17781378","17781677","KQ053421v1","5610673","5610968","76","12170705"
"JH378123","17861551","17861833","KQ053421v1","5610673","5610968","78","12250878"
"JH378123","17996422","17996757","KQ055352v1","6003171","6003466","93","11993251"
"JH378123","18093848","18094151","KQ055352v1","6003171","6003466","71","12090677"
"JH378123","18116122","18116427","KQ055352v1","6003171","6003466","70","12112951"
"JH378123","18269706","18269998","KQ058427v1","7786546","7786853","83","10483160"
"JH378123","18317003","18317279","KQ053421v1","5610673","5610968","84","12706330"
"JH378123","18350471","18350789","KQ053421v1","5610673","5610968","99","12739798"
"JH378123","18385757","18386073","KQ053421v1","5610673","5610968","82","12775084"
"JH378123","18436697","18437004","KQ055352v1","6003171","6003466","72","12433526"
"JH378123","18623075","18623297","KQ052982v1","2032903","2033097","68","16590172"
"JH378123","18694873","18695161","KQ058242v1","595939","596205","94","18098934"
"JH378123","19113749","19114058","KQ053421v1","5610673","5610968","87","13503076"
"JH378123","19134490","19134791","KQ053421v1","5610673","5610968","69","13523817"
"JH378123","19142171","19142482","KQ055267v1","513773","514088","72","18628398"
"JH378123","19145941","19146237","KQ053421v1","5610673","5610968","70","13535268"
"JH378123","19560620","19560924","KQ055352v1","6003171","6003466","71","13557449"
"JH378123","19584203","19584486","KQ055862v1","1305285","1305561","71","18278918"
"JH378123","19587980","19588220","KQ055717v1","1610777","1611031","77","17977203"
"JH378123","19642322","19642630","KQ055267v1","513773","514088","73","19128549"
"JH378123","19700252","19700546","KQ053421v1","5610673","5610968","91","14089579"
"JH378123","19805948","19806255","KQ053421v1","5610673","5610968","78","14195275"
"JH378123","19807618","19807859","KQ058242v1","595939","596205","79","19211679"
"JH378123","19815782","19815913","KQ057781v1","1047045","1047171","43","18768737"
"JH378123","19897913","19898189","KQ055862v1","1305285","1305561","91","18592628"
"JH378123","20009997","20010296","KQ053421v1","5610673","5610968","70","14399324"
"JH378123","20019739","20020038","KQ053421v1","5610673","5610968","70","14409066"
"JH378123","20114763","20115005","KQ058242v1","595939","596205","85","19518824"
"JH378123","20337336","20337648","KQ055352v1","6003171","6003466","84","14334165"
"JH378123","20370495","20370802","KQ055267v1","513773","514088","71","19856722"
"JH378123","20403597","20403904","KQ055352v1","6003171","6003466","68","14400426"
"JH378123","20459460","20459766","KQ055352v1","6003171","6003466","71","14456289"
"JH378123","20509991","20510318","KQ055267v1","513773","514088","91","19996218"
"JH378123","20516181","20516483","KQ053421v1","5610673","5610968","79","14905508"
"JH378123","20531698","20532000","KQ053421v1","5610673","5610968","68","14921025"
"JH378123","20579148","20579449","KQ053421v1","5610673","5610968","72","14968475"
"JH378123","20730383","20730675","KQ053421v1","5610673","5610968","74","15119710"
"JH378123","20742806","20743104","KQ053421v1","5610673","5610968","69","15132133"
"JH378123","20746847","20747117","KQ055862v1","1305285","1305561","84","19441562"
"JH378123","20801980","20802082","KQ056235v1","1266284","1266361","38","19535696"
"JH378123","21016032","21016245","KQ055662v1","1890465","1890674","66","19125567"
"JH378123","21019392","21019698","KQ053421v1","5610673","5610968","80","15408719"
"JH378123","21091101","21091388","KQ053421v1","5610673","5610968","73","15480428"
"JH378123","21098902","21099165","KQ053421v1","5610673","5610968","86","15488229"
"JH378123","21148172","21148310","KQ057161v1","453350","453459","45","20694822"
"JH378123","21169124","21169420","KQ053421v1","5610673","5610968","71","15558451"
"JH378123","21231424","21231720","KQ053421v1","5610673","5610968","81","15620751"
"JH378123","21235539","21235822","KQ053421v1","5610673","5610968","90","15624866"
"JH378123","21271424","21271722","KQ053421v1","5610673","5610968","76","15660751"
"JH378123","21303039","21303338","KQ053421v1","5610673","5610968","72","15692366"
"JH378123","21310627","21310929","KQ055352v1","6003171","6003466","72","15307456"
"JH378123","21369114","21369416","KQ058427v1","7786546","7786853","80","13582568"
"JH378123","21412578","21412712","KQ056493v1","2043382","2043488","47","19369196"
"JH378123","21436416","21436667","KQ058242v1","595939","596205","77","20840477"
"JH378123","21447456","21447770","KQ055267v1","513773","514088","76","20933683"
"JH378123","21482662","21482973","KQ055352v1","6003171","6003466","79","15479491"
"JH378123","21491605","21491905","KQ053421v1","5610673","5610968","68","15880932"
"JH378123","21532777","21533057","KQ055862v1","1305285","1305561","70","20227492"
"JH378123","21536233","21536528","KQ053421v1","5610673","5610968","74","15925560"
"JH378123","21545786","21546014","KQ057380v1","3344874","3345081","69","18200912"
"JH378123","21556877","21557171","KQ054815v1","2215557","2215844","105","19341320"
"JH378123","21603304","21603595","KQ053421v1","5610673","5610968","70","15992631"
"JH378123","21628527","21628840","KQ053421v1","5610673","5610968","85","16017854"
"JH378123","21681427","21681496","KQ056279v1","759081","759162","26","20922346"
"JH378123","21681597","21681822","KQ055662v1","1890465","1890674","64","19791132"
"JH378123","21712745","21713039","KQ053421v1","5610673","5610968","87","16102072"
"JH378123","21717927","21718213","KQ054815v1","2215557","2215844","80","19502370"
"JH378123","21738423","21738583","KQ054510v1","7582269","7582431","52","14156154"
"JH378123","21751814","21752075","KQ058242v1","595939","596205","81","21155875"
"JH378123","21767548","21767808","KQ058242v1","595939","596205","91","21171609"
"JH378123","21771907","21772188","KQ055862v1","1305285","1305561","84","20466622"
"JH378123","21810810","21811066","KQ058339v1","4553625","4553889","99","17257185"
"JH378123","21812759","21813049","KQ053421v1","5610673","5610968","75","16202086"
"JH378123","21835846","21836153","KQ055352v1","6003171","6003466","69","15832675"
"JH378123","21882733","21883034","KQ054815v1","2215557","2215844","89","19667176"
"JH378123","21906399","21906708","KQ055352v1","6003171","6003466","77","15903228"
"JH378123","21919187","21919358","KQ054954v1","1680710","1680882","42","20238477"
"JH378123","21949563","21949857","KQ053421v1","5610673","5610968","89","16338890"
"JH378123","22004966","22005256","KQ053421v1","5610673","5610968","77","16394293"
"JH378123","22008012","22008219","KQ055662v1","1890465","1890674","67","20117547"
"JH378123","22058595","22058895","KQ053421v1","5610673","5610968","62","16447922"
"JH378123","22102430","22102733","KQ053421v1","5610673","5610968","74","16491757"
"JH378123","22104470","22104774","KQ053421v1","5610673","5610968","75","16493797"
"JH378123","22168020","22168319","KQ053421v1","5610673","5610968","65","16557347"
"JH378123","22186666","22186966","KQ053421v1","5610673","5610968","71","16575993"
"JH378123","22251312","22251605","KQ053421v1","5610673","5610968","75","16640639"
"JH378123","22312745","22313048","KQ053421v1","5610673","5610968","74","16702072"
"JH378123","22320587","22320884","KQ053421v1","5610673","5610968","74","16709914"
"JH378123","22322193","22322490","KQ053421v1","5610673","5610968","70","16711520"
"JH378123","22329823","22330079","KQ058505v1","2207051","2207301","73","20122772"
"JH378123","22330318","22330423","KQ056493v1","2043382","2043488","39","20286936"
"JH378123","22351468","22351772","KQ053421v1","5610673","5610968","70","16740795"
"JH378123","22368393","22368667","KQ055862v1","1305285","1305561","79","21063108"
"JH378123","22382386","22382685","KQ053421v1","5610673","5610968","65","16771713"
"JH378123","22433089","22433326","KQ055662v1","1890465","1890674","79","20542624"
"JH378123","22439882","22440182","KQ053421v1","5610673","5610968","72","16829209"
"JH378123","22451475","22451733","KQ058242v1","595939","596205","81","21855536"
"JH378123","22470680","22470989","KQ053421v1","5610673","5610968","87","16860007"
"JH378123","22532642","22532953","KQ053421v1","5610673","5610968","70","16921969"
"JH378123","22582457","22582760","KQ054815v1","2215557","2215844","89","20366900"
"JH378123","22587759","22588051","KQ053421v1","5610673","5610968","79","16977086"
"JH378123","22604232","22604533","KQ053421v1","5610673","5610968","82","16993559"
"JH378123","22616955","22617247","KQ053421v1","5610673","5610968","72","17006282"
"JH378123","22634986","22635129","KQ053398v1","2623748","2623879","55","20011238"
"JH378123","22636819","22637115","KQ053421v1","5610673","5610968","84","17026146"
"JH378123","22667064","22667374","KQ055267v1","513773","514088","70","22153291"
"JH378123","22675589","22675900","KQ053421v1","5610673","5610968","83","17064916"
"JH378123","22685848","22686144","KQ053421v1","5610673","5610968","74","17075175"
"JH378123","22697571","22697874","KQ053421v1","5610673","5610968","82","17086898"
"JH378123","22725146","22725453","KQ055352v1","6003171","6003466","74","16721975"
"JH378123","22751331","22751643","KQ055267v1","513773","514088","70","22237558"
"JH378123","22762312","22762500","KQ058594v1","1033101","1033292","48","21729211"
"JH378123","22829441","22829750","KQ058427v1","7786546","7786853","82","15042895"
"JH378123","22838995","22839294","KQ053421v1","5610673","5610968","70","17228322"
"JH378123","22846646","22846942","KQ053421v1","5610673","5610968","71","17235973"
"JH378123","22915329","22915672","KQ053059v1","2548766","2549102","111","20366563"
"JH378123","23079978","23080302","KQ058427v1","7786546","7786853","109","15293432"
"JH378123","23137361","23137659","KQ053421v1","5610673","5610968","70","17526688"
"JH378123","23279687","23279981","KQ053421v1","5610673","5610968","68","17669014"
"JH378123","23321466","23321783","KQ055352v1","6003171","6003466","91","17318295"
"JH378123","23502865","23503171","KQ058427v1","7786546","7786853","89","15716319"
"JH378123","23827105","23827418","KQ053421v1","5610673","5610968","87","18216432"
"JH378123","23848729","23849038","KQ055267v1","513773","514088","74","23334956"
"JH378123","23890179","23890477","KQ053421v1","5610673","5610968","75","18279506"
"JH378123","24008951","24009249","KQ053421v1","5610673","5610968","71","18398278"
"JH378123","24048523","24048816","KQ053421v1","5610673","5610968","81","18437850"
"JH378123","24089254","24089546","KQ055862v1","1305285","1305561","76","22783969"
"JH378123","24091412","24091699","KQ053421v1","5610673","5610968","82","18480739"
"JH378123","24123963","24124266","KQ055267v1","513773","514088","76","23610190"
"JH378123","24446542","24446829","KQ055352v1","6003171","6003466","82","18443371"
"JH378123","24492697","24492991","KQ053421v1","5610673","5610968","74","18882024"
"JH378123","24504458","24504758","KQ053421v1","5610673","5610968","69","18893785"
"JH378123","24589895","24590203","KQ053421v1","5610673","5610968","81","18979222"
"JH378123","24603873","24604172","KQ053421v1","5610673","5610968","74","18993200"
"JH378123","24628134","24628442","KQ053421v1","5610673","5610968","78","19017461"
"JH378123","24632111","24632422","KQ055267v1","513773","514088","73","24118338"
"JH378123","24637521","24637818","KQ053421v1","5610673","5610968","70","19026848"
"JH378123","24681077","24681369","KQ053421v1","5610673","5610968","70","19070404"
"JH378123","24717221","24717528","KQ055267v1","513773","514088","71","24203448"
"JH378123","24747021","24747321","KQ053421v1","5610673","5610968","72","19136348"
"JH378123","24801084","24801386","KQ053421v1","5610673","5610968","69","19190411"
"JH378123","24826342","24826653","KQ055352v1","6003171","6003466","74","18823171"
"JH378123","24832917","24833214","KQ055862v1","1305285","1305561","82","23527632"
"JH378123","25076613","25076920","KQ053421v1","5610673","5610968","85","19465940"
"JH378123","25129746","25130057","KQ055267v1","513773","514088","75","24615973"
"JH378123","25130770","25131074","KQ053421v1","5610673","5610968","77","19520097"
"JH378123","25155312","25155454","KQ053004v1","3064551","3064681","52","22090761"
"JH378123","25161308","25161618","KQ055352v1","6003171","6003466","70","19158137"
"JH378123","25168652","25168951","KQ053421v1","5610673","5610968","65","19557979"
"JH378123","25183062","25183368","KQ055352v1","6003171","6003466","75","19179891"
"JH378123","25228213","25228507","KQ053421v1","5610673","5610968","68","19617540"
"JH378123","25229561","25229860","KQ053421v1","5610673","5610968","74","19618888"
"JH378123","25269554","25269849","KQ053421v1","5610673","5610968","78","19658881"
"JH378123","25284753","25285045","KQ053421v1","5610673","5610968","77","19674080"
"JH378123","25512041","25512342","KQ053421v1","5610673","5610968","72","19901368"
"JH378123","25552958","25553244","KQ053421v1","5610673","5610968","86","19942285"
"JH378123","25798372","25798663","KQ053421v1","5610673","5610968","91","20187699"
"JH378123","25839454","25839742","KQ053421v1","5610673","5610968","84","20228781"
"JH378123","25868691","25868979","KQ053421v1","5610673","5610968","71","20258018"
"JH378123","25953116","25953410","KQ053421v1","5610673","5610968","81","20342443"
"JH378123","26019274","26019596","KQ055352v1","6003171","6003466","83","20016103"
"JH378123","26019994","26020302","KQ055267v1","513773","514088","84","25506221"
"JH378123","26349792","26350095","KQ053421v1","5610673","5610968","73","20739119"
"JH378123","26367090","26367393","KQ053421v1","5610673","5610968","70","20756417"
"JH378123","26376412","26376716","KQ053421v1","5610673","5610968","68","20765739"
"JH378123","26432020","26432333","KQ055352v1","6003171","6003466","75","20428849"
"JH378123","26579923","26580232","KQ053421v1","5610673","5610968","70","20969250"
"JH378123","26858611","26858889","KQ053421v1","5610673","5610968","88","21247938"
"JH378123","26866652","26866963","KQ055352v1","6003171","6003466","73","20863481"
"JH378123","27108511","27108816","KQ053421v1","5610673","5610968","77","21497838"
"JH378123","27116796","27117064","KQ057186v1","783828","784085","80","26332968"
"JH378123","27158450","27158771","KQ055267v1","513773","514088","92","26644677"
"JH378123","27196225","27196528","KQ053421v1","5610673","5610968","72","21585552"
"JH378123","27200631","27200955","KQ053421v1","5610673","5610968","101","21589958"
"JH378123","27221455","27221756","KQ053421v1","5610673","5610968","66","21610782"
"JH378123","27223386","27223682","KQ053421v1","5610673","5610968","68","21612713"
"JH378123","27225205","27225398","KQ058350v1","9514178","9514352","54","17711027"
"JH378123","27229817","27230032","KQ058274v1","300327","300497","76","26929490"
"JH378123","27230381","27230467","KQ058316v1","2226037","2226104","41","25004344"
"JH378123","27288893","27289060","KQ053718v1","2495418","2495575","44","24793475"
"JH378123","27320910","27321218","KQ055267v1","513773","514088","77","26807137"
"JH378123","27335395","27335704","KQ055352v1","6003171","6003466","75","21332224"
"JH378123","27384510","27384822","KQ053421v1","5610673","5610968","85","21773837"
"JH378123","27389964","27390263","KQ053421v1","5610673","5610968","68","21779291"
"JH378123","27407220","27407525","KQ053421v1","5610673","5610968","69","21796547"
"JH378123","27439161","27439466","KQ053421v1","5610673","5610968","72","21828488"
"JH378123","27456668","27456960","KQ053421v1","5610673","5610968","73","21845995"
"JH378123","27467463","27467776","KQ055267v1","513773","514088","78","26953690"
"JH378123","27484662","27484964","KQ055352v1","6003171","6003466","70","21481491"
"JH378123","27542492","27542784","KQ053421v1","5610673","5610968","84","21931819"
"JH378123","27604520","27604744","ABDC02053644v1","2226","2419","91","27602294"
"JH378123","27663500","27663795","KQ053421v1","5610673","5610968","83","22052827"
"JH378123","27674377","27674686","KQ053421v1","5610673","5610968","87","22063704"
"JH378123","27699244","27699468","KQ052982v1","2032903","2033097","65","25666341"
"JH378123","28183403","28183546","KQ057449v1","1214348","1214489","45","26969055"
"JH378123","28187019","28187330","KQ055352v1","6003171","6003466","74","22183848"
"JH378123","28418538","28418625","KQ058316v1","2226037","2226104","34","26192501"
"JH378123","28418626","28418784","KQ057821v1","3059321","3059481","35","25359305"
"JH378123","28508380","28508676","KQ053421v1","5610673","5610968","71","22897707"
"JH378123","28598345","28598494","KQ056920v1","183120","183261","45","28415225"
"JH378123","28864836","28865143","KQ055267v1","513773","514088","71","28351063"
"JH378123","28893683","28893958","KQ053421v1","5610673","5610968","95","23283010"
"JH378123","28935045","28935355","KQ055267v1","513773","514088","71","28421272"
"JH378123","28939896","28940208","KQ055352v1","6003171","6003466","72","22936725"
"JH378123","28952597","28952884","KQ054815v1","2215557","2215844","85","26737040"
"JH378123","28958530","28958841","KQ055352v1","6003171","6003466","76","22955359"
"JH378123","28971690","28971976","KQ053421v1","5610673","5610968","74","23361017"
"JH378123","29002535","29002853","KQ055267v1","513773","514088","85","28488762"
"JH378123","29013074","29013368","KQ053421v1","5610673","5610968","77","23402401"
"JH378123","29055938","29056232","KQ058427v1","6786866","6787134","85","22269072"
"JH378123","29068595","29068771","KQ053531v1","6571","6737","55","29062024"
"JH378123","29068872","29068973","KQ058316v1","2226037","2226104","50","26842835"
"JH378123","29078476","29078778","KQ053421v1","5610673","5610968","72","23467803"
"JH378123","29151452","29151757","KQ053421v1","5610673","5610968","79","23540779"
"JH378123","29162664","29162761","KQ056279v1","759081","759162","34","28403583"
"JH378123","29163899","29164199","KQ053421v1","5610673","5610968","78","23553226"
"JH378123","29182490","29182788","KQ053421v1","5610673","5610968","73","23571817"
"JH378123","29189824","29190004","KQ053993v1","1251070","1251235","48","27938754"
"JH378123","29214513","29214803","KQ053421v1","5610673","5610968","71","23603840"
"JH378123","29227479","29227780","KQ053421v1","5610673","5610968","83","23616806"
"JH378123","29255726","29256031","KQ055267v1","513773","514088","76","28741953"
"JH378123","29264805","29265085","KQ058242v1","595939","596205","89","28668866"
"JH378123","29267320","29267627","KQ055267v1","513773","514088","80","28753547"
"JH378123","29308423","29308701","KQ053421v1","5610673","5610968","88","23697750"
"JH378123","29347934","29348216","KQ058242v1","595939","596205","79","28751995"
"JH378123","29453363","29453655","KQ053421v1","5610673","5610968","80","23842690"
"JH378123","29465899","29465981","KQ053998v1","8863","8933","40","29457036"
"JH378123","29542125","29542429","KQ053421v1","5610673","5610968","75","23931452"
"JH378123","29553372","29553676","KQ053421v1","5610673","5610968","74","23942699"
"JH378123","29565351","29565633","KQ053421v1","5610673","5610968","81","23954678"
"JH378123","29577944","29578238","KQ053421v1","5610673","5610968","83","23967271"
"JH378123","29776220","29776273","KQ053234v1","1679807","1679838","32","28096413"
"JH378123","29826342","29826465","KQ053398v1","2623748","2623879","37","27202594"
"JH378124","16646009","16646306","KQ053421v1","5610673","5610968","73","11035336"
"JH378124","26865","27172","KQ055267v1","513773","514088","74","486908"
"JH378124","47563","47868","KQ053421v1","5610673","5610968","74","5563110"
"JH378124","62228","62507","KQ058339v1","4553625","4553889","83","4491397"
"JH378124","81392","81570","KQ058350v1","9514178","9514352","44","9432786"
"JH378124","193121","193406","KQ053421v1","5610673","5610968","82","5417552"
"JH378124","650238","650548","KQ053421v1","5610673","5610968","86","4960435"
"JH378124","822535","822784","KQ058242v1","595939","596205","83","226596"
"JH378124","1117533","1117833","KQ058427v1","7786546","7786853","83","6669013"
"JH378124","1239936","1240235","KQ053421v1","5610673","5610968","82","4370737"
"JH378124","1372989","1373283","KQ053421v1","5610673","5610968","69","4237684"
"JH378124","1500095","1500405","KQ053421v1","5610673","5610968","72","4110578"
"JH378124","1528179","1528425","KQ058242v1","595939","596205","83","932240"
"JH378124","1665100","1665393","KQ053421v1","5610673","5610968","74","3945573"
"JH378124","1794793","1795055","KQ058640v1","643463","643729","91","1151330"
"JH378124","2009801","2010085","KQ053421v1","5610673","5610968","87","3600872"
"JH378124","2014196","2014311","KQ053398v1","2623748","2623879","42","609552"
"JH378124","2071721","2072031","KQ053421v1","5610673","5610968","79","3538952"
"JH378124","2113519","2113827","KQ058427v1","7786546","7786853","86","5673027"
"JH378124","2261654","2261928","KQ053785v1","888769","889063","84","1372885"
"JH378124","2356959","2357246","KQ055862v1","1305285","1305561","78","1051674"
"JH378124","2379681","2379974","KQ058427v1","7786546","7786853","82","5406865"
"JH378124","2380420","2380659","KQ058509v1","24058","24271","73","2356362"
"JH378124","2399865","2399989","KQ053398v1","2623748","2623879","36","223883"
"JH378124","2505262","2505531","KQ057901v1","868884","869144","85","1636378"
"JH378124","2532268","2532569","KQ053421v1","5610673","5610968","68","3078405"
"JH378124","2895625","2895911","KQ053421v1","5610673","5610968","73","2715048"
"JH378124","3135555","3135828","KQ057901v1","868884","869144","83","2266671"
"JH378124","3163105","3163415","KQ055267v1","513773","514088","69","2649332"
"JH378124","3212831","3213130","KQ054815v1","2215557","2215844","90","997274"
"JH378124","3278368","3278558","KQ058350v1","9514178","9514352","46","6235810"
"JH378124","3278623","3278744","KQ053398v1","2627781","2627909","40","650842"
"JH378124","3502495","3502667","KQ054510v1","7582269","7582431","51","4079774"
"JH378124","3537151","3537465","KQ055267v1","513773","514088","83","3023378"
"JH378124","3632377","3632686","KQ055352v1","6003171","6003466","74","2370794"
"JH378124","3680917","3681218","KQ053421v1","5610673","5610968","72","1929756"
"JH378124","3694307","3694595","KQ053421v1","5610673","5610968","77","1916366"
"JH378124","4043502","4043699","KQ056064v1","326763","326940","66","3716739"
"JH378124","4260080","4260337","KQ058242v1","595939","596205","94","3664141"
"JH378124","4291846","4292145","KQ053421v1","5610673","5610968","71","1318827"
"JH378124","4408580","4408890","KQ055352v1","6003171","6003466","74","1594591"
"JH378124","4409125","4409422","KQ053421v1","5610673","5610968","72","1201548"
"JH378124","4422195","4422495","KQ053421v1","5610673","5610968","69","1188478"
"JH378124","4515847","4516127","KQ053421v1","5610673","5610968","90","1094826"
"JH378124","4523267","4523565","KQ053421v1","5610673","5610968","69","1087406"
"JH378124","4532704","4532967","KQ053421v1","5610673","5610968","90","1077969"
"JH378124","4553162","4553271","KQ053398v1","2623748","2623879","45","1929414"
"JH378124","4559954","4560255","KQ053421v1","5610673","5610968","80","1050719"
"JH378124","4595085","4595387","KQ053421v1","5610673","5610968","74","1015588"
"JH378124","4643501","4643634","KQ053398v1","2623748","2623879","34","2019753"
"JH378124","4652221","4652529","KQ058427v1","7786546","7786853","73","3134325"
"JH378124","4662495","4662792","KQ053421v1","5610673","5610968","68","948178"
"JH378124","4686126","4686422","KQ053421v1","5610673","5610968","86","924547"
"JH378124","4763831","4764101","KQ053421v1","5610673","5610968","84","846842"
"JH378124","4807105","4807389","KQ053421v1","5610673","5610968","91","803568"
"JH378124","4808137","4808425","KQ053421v1","5610673","5610968","77","802536"
"JH378124","4834125","4834428","KQ053421v1","5610673","5610968","87","776548"
"JH378124","4860255","4860547","KQ053421v1","5610673","5610968","79","750418"
"JH378124","4992880","4993180","KQ053421v1","5610673","5610968","68","617793"
"JH378124","5042756","5043085","KQ058427v1","7786546","7786853","116","2743790"
"JH378124","5049065","5049370","KQ055862v1","1305285","1305561","79","3743780"
"JH378124","5065995","5066306","KQ055352v1","6003171","6003466","74","937176"
"JH378124","5070677","5070963","KQ053421v1","5610673","5610968","78","539996"
"JH378124","5183023","5183249","KQ055662v1","1890465","1890674","80","3292558"
"JH378124","5212454","5212749","KQ053421v1","5610673","5610968","70","398219"
"JH378124","5265582","5265867","KQ053421v1","5610673","5610968","76","345091"
"JH378124","5324153","5324321","KQ054510v1","7582269","7582431","41","2258116"
"JH378124","5363655","5363934","KQ054815v1","2215557","2215844","74","3148098"
"JH378124","5367053","5367277","ABDC02053644v1","2226","2419","83","5364827"
"JH378124","5371418","5371736","KQ053135v1","5034940","5035266","98","336478"
"JH378124","5421812","5422123","KQ055352v1","6003171","6003466","73","581359"
"JH378124","5428597","5428888","KQ053421v1","5610673","5610968","69","182076"
"JH378124","5453983","5454149","KQ054510v1","7582269","7582431","41","2128286"
"JH378124","5474813","5475115","KQ053421v1","5610673","5610968","73","135860"
"JH378124","5496457","5496753","KQ053421v1","5610673","5610968","78","114216"
"JH378124","5531950","5532258","KQ055352v1","6003171","6003466","67","471221"
"JH378124","5559323","5559628","KQ053421v1","5610673","5610968","77","51350"
"JH378124","5625308","5625606","KQ053421v1","5610673","5610968","68","14635"
"JH378124","5649744","5650043","KQ053421v1","5610673","5610968","82","39071"
"JH378124","5655773","5656067","KQ053421v1","5610673","5610968","74","45100"
"JH378124","5661920","5662227","KQ055352v1","6003171","6003466","72","341251"
"JH378124","5663385","5663684","KQ053421v1","5610673","5610968","71","52712"
"JH378124","5699472","5699721","KQ058242v1","595939","596205","72","5103533"
"JH378124","5755490","5755792","KQ053421v1","5610673","5610968","69","144817"
"JH378124","5800266","5800578","KQ055352v1","6003171","6003466","73","202905"
"JH378124","5802532","5802841","KQ055267v1","513773","514088","73","5288759"
"JH378124","5850776","5851068","KQ053421v1","5610673","5610968","78","240103"
"JH378124","6005133","6005425","KQ058427v1","7786546","7786853","80","1781413"
"JH378124","6012771","6013082","KQ058427v1","7786546","7786853","74","1773775"
"JH378124","6014471","6014761","KQ053421v1","5610673","5610968","86","403798"
"JH378124","6049752","6050037","KQ053421v1","5610673","5610968","85","439079"
"JH378124","6051942","6052230","KQ053421v1","5610673","5610968","76","441269"
"JH378124","6103612","6103915","KQ053421v1","5610673","5610968","73","492939"
"JH378124","6142375","6142556","KQ058423v1","270754","270928","55","5871621"
"JH378124","6197503","6197808","KQ053421v1","5610673","5610968","80","586830"
"JH378124","6344654","6344960","KQ055267v1","513773","514088","73","5830881"
"JH378124","6354330","6354635","KQ053421v1","5610673","5610968","79","743657"
"JH378124","6369247","6369560","KQ053421v1","5610673","5610968","99","758574"
"JH378124","6403942","6404227","KQ053421v1","5610673","5610968","88","793269"
"JH378124","6461434","6461743","KQ055352v1","6003171","6003466","71","458263"
"JH378124","6471555","6471856","KQ053421v1","5610673","5610968","71","860882"
"JH378124","6490429","6490699","KQ053883v1","6938067","6938331","87","447638"
"JH378124","6498090","6498438","KQ053059v1","2548766","2549102","108","3949324"
"JH378124","6522201","6522512","KQ058427v1","7786546","7786853","77","1264345"
"JH378124","6526012","6526260","KQ058242v1","595939","596205","92","5930073"
"JH378124","6531126","6531418","KQ053421v1","5610673","5610968","76","920453"
"JH378124","6545476","6545816","KQ054815v1","2215557","2215844","160","4329919"
"JH378124","6569355","6569660","KQ053421v1","5610673","5610968","81","958682"
"JH378124","6591138","6591391","KQ056321v1","575951","576190","86","6015187"
"JH378124","6595887","6596188","KQ053421v1","5610673","5610968","84","985214"
"JH378124","6609562","6609717","KQ058274v1","300327","300497","58","6309235"
"JH378124","6714478","6714785","KQ055267v1","513773","514088","76","6200705"
"JH378124","6723131","6723360","KQ058274v1","300327","300497","88","6422804"
"JH378124","6733117","6733405","KQ053421v1","5610673","5610968","77","1122444"
"JH378124","6758363","6758613","KQ054068v1","3638075","3638299","88","3120288"
"JH378124","6766560","6766799","KQ058505v1","2207051","2207301","80","4559509"
"JH378124","6779896","6780214","KQ055267v1","513773","514088","86","6266123"
"JH378124","6801796","6802092","KQ053421v1","5610673","5610968","74","1191123"
"JH378124","6833487","6833656","KQ053993v1","1251070","1251235","40","5582417"
"JH378124","6882022","6882315","KQ053421v1","5610673","5610968","71","1271349"
"JH378124","6882596","6882893","KQ053421v1","5610673","5610968","82","1271923"
"JH378124","6926790","6927105","KQ058427v1","7786546","7786853","81","859756"
"JH378124","6941052","6941347","KQ053421v1","5610673","5610968","75","1330379"
"JH378124","6980276","6980575","KQ053421v1","5610673","5610968","69","1369603"
"JH378124","7035183","7035346","KQ054954v1","1680710","1680882","49","5354473"
"JH378124","7063163","7063289","KQ053398v1","2623748","2623879","36","4439415"
"JH378124","7142843","7143148","KQ053421v1","5610673","5610968","87","1532170"
"JH378124","7269421","7269731","KQ055267v1","513773","514088","72","6755648"
"JH378124","7472761","7473066","KQ055267v1","513773","514088","78","6958988"
"JH378124","7504033","7504332","KQ053421v1","5610673","5610968","70","1893360"
"JH378124","7533183","7533494","KQ055267v1","513773","514088","71","7019410"
"JH378124","7714525","7714815","KQ053421v1","5610673","5610968","85","2103852"
"JH378124","7754298","7754606","KQ055267v1","513773","514088","80","7240525"
"JH378124","7963939","7964239","KQ053421v1","5610673","5610968","70","2353266"
"JH378124","8041153","8041467","KQ055267v1","513773","514088","73","7527380"
"JH378124","8162983","8163293","KQ055267v1","513773","514088","77","7649210"
"JH378124","8192263","8192359","KQ056235v1","1266284","1266361","33","6925979"
"JH378124","8378102","8378426","KQ055267v1","513773","514088","87","7864329"
"JH378124","8388106","8388411","KQ053421v1","5610673","5610968","78","2777433"
"JH378124","8471618","8471951","KQ055267v1","513773","514088","93","7957845"
"JH378124","8600717","8601014","KQ053421v1","5610673","5610968","73","2990044"
"JH378124","8624553","8624863","KQ058427v1","7786546","7786853","75","838007"
"JH378124","8853253","8853524","KQ053421v1","5610673","5610968","81","3242580"
"JH378124","8868288","8868506","KQ058274v1","300327","300497","80","8567961"
"JH378124","8954157","8954459","KQ053421v1","5610673","5610968","71","3343484"
"JH378124","9036105","9036405","KQ053421v1","5610673","5610968","84","3425432"
"JH378124","9143260","9143528","KQ055862v1","1305285","1305561","79","7837975"
"JH378124","9433711","9434033","KQ055352v1","6003171","6003466","77","3430540"
"JH378124","9455366","9455671","KQ053421v1","5610673","5610968","80","3844693"
"JH378124","9476122","9476428","KQ055352v1","6003171","6003466","70","3472951"
"JH378124","9487431","9487734","KQ053421v1","5610673","5610968","70","3876758"
"JH378124","9542552","9542857","KQ053421v1","5610673","5610968","83","3931879"
"JH378124","9543331","9543660","KQ053135v1","5034940","5035266","216","4508391"
"JH378124","9560029","9560237","KQ057449v1","1214348","1214489","93","8345681"
"JH378124","9575339","9575650","KQ055352v1","6003171","6003466","85","3572168"
"JH378124","9667483","9667784","KQ053421v1","5610673","5610968","74","4056810"
"JH378124","9692133","9692436","KQ053421v1","5610673","5610968","71","4081460"
"JH378124","9694794","9695104","KQ055267v1","513773","514088","74","9181021"
"JH378124","9699687","9699996","KQ055352v1","6003171","6003466","75","3696516"
"JH378124","9709692","9709994","KQ053421v1","5610673","5610968","75","4099019"
"JH378124","9752944","9753245","KQ053421v1","5610673","5610968","70","4142271"
"JH378124","9762775","9763074","KQ053421v1","5610673","5610968","67","4152102"
"JH378124","9787371","9787678","KQ055352v1","6003171","6003466","73","3784200"
"JH378124","9801029","9801331","KQ053421v1","5610673","5610968","72","4190356"
"JH378124","9817780","9817887","KQ056493v1","2043382","2043488","38","7774398"
"JH378124","9817988","9818181","KQ054068v1","3638075","3638299","72","6179913"
"JH378124","9828198","9828494","KQ053421v1","5610673","5610968","81","4217525"
"JH378124","9910829","9910966","KQ054401v1","3363241","3363379","43","6547588"
"JH378124","9948107","9948414","KQ055267v1","513773","514088","73","9434334"
"JH378124","9979519","9979820","KQ053421v1","5610673","5610968","67","4368846"
"JH378124","10025405","10025634","KQ052982v1","2032903","2033097","79","7992502"
"JH378124","10090210","10090521","KQ055267v1","513773","514088","80","9576437"
"JH378124","10090610","10090913","KQ053421v1","5610673","5610968","70","4479937"
"JH378124","10112978","10113272","KQ053421v1","5610673","5610968","72","4502305"
"JH378124","10119559","10119856","KQ053421v1","5610673","5610968","77","4508886"
"JH378124","10130066","10130370","KQ053421v1","5610673","5610968","69","4519393"
"JH378124","10187128","10187422","KQ053421v1","5610673","5610968","66","4576455"
"JH378124","10234025","10234307","KQ053421v1","5610673","5610968","82","4623352"
"JH378124","10253967","10254259","KQ053421v1","5610673","5610968","70","4643294"
"JH378124","10263884","10264187","KQ053421v1","5610673","5610968","76","4653211"
"JH378124","10279885","10280183","KQ053421v1","5610673","5610968","66","4669212"
"JH378124","10304829","10305119","KQ055862v1","1305285","1305561","84","8999544"
"JH378124","10320727","10321035","KQ055352v1","6003171","6003466","74","4317556"
"JH378124","10356318","10356609","KQ053421v1","5610673","5610968","75","4745645"
"JH378124","10365172","10365451","KQ053421v1","5610673","5610968","83","4754499"
"JH378124","10395974","10396300","KQ053421v1","5610673","5610968","104","4785301"
"JH378124","10427021","10427316","KQ053421v1","5610673","5610968","80","4816348"
"JH378124","10439294","10439588","KQ053421v1","5610673","5610968","82","4828621"
"JH378124","10503158","10503469","KQ055267v1","513773","514088","85","9989385"
"JH378124","10512465","10512759","KQ053421v1","5610673","5610968","86","4901792"
"JH378124","10518180","10518470","KQ053421v1","5610673","5610968","76","4907507"
"JH378124","10527276","10527583","KQ055352v1","6003171","6003466","73","4524105"
"JH378124","10537924","10538116","KQ053234v1","1679581","1679757","66","8858343"
"JH378124","10665127","10665432","KQ055267v1","513773","514088","72","10151354"
"JH378124","10665761","10666059","KQ053421v1","5610673","5610968","75","5055088"
"JH378124","10746329","10746628","KQ053421v1","5610673","5610968","76","5135656"
"JH378124","10748333","10748631","KQ053421v1","5610673","5610968","80","5137660"
"JH378124","10760593","10760879","KQ053421v1","5610673","5610968","83","5149920"
"JH378124","10761319","10761604","KQ053421v1","5610673","5610968","73","5150646"
"JH378124","10773882","10774013","KQ053398v1","2627781","2627909","32","8146101"
"JH378124","10786868","10787167","KQ053421v1","5610673","5610968","74","5176195"
"JH378124","10816385","10816708","KQ055352v1","6003171","6003466","91","4813214"
"JH378124","10839312","10839618","KQ055352v1","6003171","6003466","73","4836141"
"JH378124","10847305","10847589","KQ053421v1","5610673","5610968","92","5236632"
"JH378124","10848556","10848838","KQ053421v1","5610673","5610968","84","5237883"
"JH378124","10861133","10861375","KQ058242v1","595939","596205","78","10265194"
"JH378124","10863427","10863735","KQ053421v1","5610673","5610968","73","5252754"
"JH378124","10900468","10900761","KQ055862v1","1305285","1305561","84","9595183"
"JH378124","10903356","10903638","KQ055862v1","1305285","1305561","94","9598071"
"JH378124","10913075","10913374","KQ055352v1","6003171","6003466","75","4909904"
"JH378124","10952393","10952567","KQ058423v1","270754","270928","46","10681639"
"JH378124","11176719","11177026","KQ053421v1","5610673","5610968","74","5566046"
"JH378124","11242521","11242826","KQ058427v1","7786546","7786853","76","3455975"
"JH378124","11829871","11830177","KQ055352v1","6003171","6003466","73","5826700"
"JH378124","11848702","11848986","KQ058242v1","595939","596205","83","11252763"
"JH378124","11918542","11918848","KQ053421v1","5610673","5610968","69","6307869"
"JH378124","11966989","11967279","KQ053421v1","5610673","5610968","80","6356316"
"JH378124","11982231","11982490","KQ058242v1","595939","596205","79","11386292"
"JH378124","12025413","12025666","KQ056321v1","575951","576190","92","11449462"
"JH378124","12026539","12026829","KQ053421v1","5610673","5610968","87","6415866"
"JH378124","12044461","12044762","KQ053421v1","5610673","5610968","79","6433788"
"JH378124","12049253","12049563","KQ058427v1","7786546","7786853","79","4262707"
"JH378124","12058280","12058491","KQ053234v1","1414405","1414609","59","10643875"
"JH378124","12078708","12079010","KQ055862v1","1305285","1305561","82","10773423"
"JH378124","12147351","12147652","KQ053421v1","5610673","5610968","71","6536678"
"JH378124","12150105","12150398","KQ053421v1","5610673","5610968","74","6539432"
"JH378124","12161432","12161721","KQ053421v1","5610673","5610968","78","6550759"
"JH378124","12186637","12186972","KQ053135v1","5034940","5035266","103","7151697"
"JH378124","12201382","12201679","KQ053421v1","5610673","5610968","75","6590709"
"JH378124","12240417","12240709","KQ053421v1","5610673","5610968","76","6629744"
"JH378124","12286741","12287061","KQ058427v1","7786546","7786853","84","4500195"
"JH378124","12315422","12315733","KQ055352v1","6003171","6003466","75","6312251"
"JH378124","12371884","12372211","KQ053059v1","2548766","2549102","87","9823118"
"JH378124","12462247","12462556","KQ055267v1","513773","514088","70","11948474"
"JH378124","12500001","12500101","KQ056235v1","1266284","1266361","37","11233717"
"JH378124","12503148","12503451","KQ053421v1","5610673","5610968","68","6892475"
"JH378124","12562034","12562345","KQ055267v1","513773","514088","74","12048261"
"JH378124","12605294","12605597","KQ053421v1","5610673","5610968","74","6994621"
"JH378124","12617492","12617789","KQ053421v1","5610673","5610968","71","7006819"
"JH378124","12646207","12646494","KQ053421v1","5610673","5610968","74","7035534"
"JH378124","12682917","12683210","KQ053421v1","5610673","5610968","83","7072244"
"JH378124","12688162","12688463","KQ053421v1","5610673","5610968","87","7077489"
"JH378124","12743103","12743411","KQ055267v1","513773","514088","77","12229330"
"JH378124","12941325","12941627","KQ053421v1","5610673","5610968","81","7330652"
"JH378124","13045849","13046116","KQ058505v1","2207051","2207301","89","10838798"
"JH378124","13052330","13052617","KQ053421v1","5610673","5610968","81","7441657"
"JH378124","13204125","13204392","KQ053883v1","6938067","6938331","84","6266058"
"JH378124","13231131","13231421","KQ053421v1","5610673","5610968","84","7620458"
"JH378124","13376915","13377223","KQ055352v1","6003171","6003466","72","7373744"
"JH378124","13439007","13439312","KQ053421v1","5610673","5610968","69","7828334"
"JH378124","13647045","13647339","KQ053421v1","5610673","5610968","72","8036372"
"JH378124","13982142","13982439","KQ053421v1","5610673","5610968","81","8371469"
"JH378124","14105638","14105932","KQ053421v1","5610673","5610968","76","8494965"
"JH378124","14425039","14425344","KQ053421v1","5610673","5610968","71","8814366"
"JH378124","14431074","14431369","KQ053421v1","5610673","5610968","89","8820401"
"JH378124","14435147","14435446","KQ055352v1","6003171","6003466","75","8431976"
"JH378124","14596797","14597093","KQ053421v1","5610673","5610968","78","8986124"
"JH378124","14906033","14906339","KQ055352v1","6003171","6003466","70","8902862"
"JH378124","15014751","15015052","KQ053421v1","5610673","5610968","83","9404078"
"JH378124","15018879","15019154","KQ058242v1","595939","596205","77","14422940"
"JH378124","15040406","15040694","KQ053421v1","5610673","5610968","72","9429733"
"JH378124","15051165","15051466","KQ053421v1","5610673","5610968","76","9440492"
"JH378124","15057540","15057851","KQ055267v1","513773","514088","73","14543767"
"JH378124","15084144","15084438","KQ053421v1","5610673","5610968","70","9473471"
"JH378124","15131130","15131419","KQ055352v1","6003171","6003466","85","9127959"
"JH378124","15219223","15219530","KQ053421v1","5610673","5610968","68","9608550"
"JH378124","15233951","15234202","KQ058242v1","595939","596205","88","14638012"
"JH378124","15244595","15244897","KQ053421v1","5610673","5610968","68","9633922"
"JH378124","15271956","15272242","KQ053421v1","5610673","5610968","77","9661283"
"JH378124","15296515","15296780","KQ055862v1","1305285","1305561","87","13991230"
"JH378124","15308311","15308621","KQ058427v1","7786546","7786853","71","7521765"
"JH378124","15309886","15310179","KQ053421v1","5610673","5610968","77","9699213"
"JH378124","15339987","15340271","KQ054815v1","2215557","2215844","76","13124430"
"JH378124","15420915","15421227","KQ058427v1","7786546","7786853","75","7634369"
"JH378124","15447035","15447343","KQ053421v1","5610673","5610968","73","9836362"
"JH378124","15448731","15449011","KQ057186v1","783828","784085","73","14664903"
"JH378124","15481228","15481516","KQ053421v1","5610673","5610968","82","9870555"
"JH378124","15483617","15483919","KQ055267v1","513773","514088","80","14969844"
"JH378124","15487894","15488172","KQ053421v1","5610673","5610968","87","9877221"
"JH378124","15518376","15518683","KQ055352v1","6003171","6003466","71","9515205"
"JH378124","15554039","15554347","KQ055352v1","6003171","6003466","73","9550868"
"JH378124","15605888","15606198","KQ055267v1","513773","514088","76","15092115"
"JH378124","15640822","15641129","KQ055352v1","6003171","6003466","76","9637651"
"JH378124","15642540","15642829","KQ053421v1","5610673","5610968","71","10031867"
"JH378124","15706453","15706743","KQ055267v1","513773","514088","83","15192680"
"JH378124","15732794","15733090","KQ053421v1","5610673","5610968","74","10122121"
"JH378124","15734266","15734547","KQ053421v1","5610673","5610968","79","10123593"
"JH378124","15743957","15744128","KQ053234v1","1679581","1679757","49","14064376"
"JH378124","15764078","15764386","KQ055352v1","6003171","6003466","72","9760907"
"JH378124","15790186","15790486","KQ053421v1","5610673","5610968","85","10179513"
"JH378124","15827638","15827932","KQ053421v1","5610673","5610968","73","10216965"
"JH378124","15841446","15841658","KQ056064v1","326763","326940","80","15514683"
"JH378124","15851918","15852224","KQ053421v1","5610673","5610968","71","10241245"
"JH378124","15980796","15981101","KQ053421v1","5610673","5610968","73","10370123"
"JH378124","16157717","16157928","KQ056064v1","326763","326940","78","15830954"
"JH378124","16209020","16209299","KQ053421v1","5610673","5610968","84","10598347"
"JH378124","16218585","16218767","KQ055978v1","4311984","4312161","43","11906601"
"JH378124","16257608","16257918","KQ053421v1","5610673","5610968","88","10646935"
"JH378124","16341805","16342099","KQ053421v1","5610673","5610968","74","10731132"
"JH378124","16392693","16392982","KQ053421v1","5610673","5610968","71","10782020"
"JH378124","16436695","16436915","KQ055662v1","1890465","1890674","76","14546230"
"JH378124","16486838","16487149","KQ055267v1","513773","514088","72","15973065"
"JH378124","16489057","16489368","KQ055352v1","6003171","6003466","77","10485886"
"JH378124","16493439","16493743","KQ053421v1","5610673","5610968","75","10882766"
"JH378124","16506121","16506432","KQ055352v1","6003171","6003466","73","10502950"
"JH378124","16541590","16541895","KQ053421v1","5610673","5610968","79","10930917"
"JH378124","16551216","16551521","KQ055267v1","513773","514088","77","16037443"
"JH378124","16561476","16561804","KQ055352v1","6003171","6003466","89","10558305"
"JH378124","16567871","16568183","KQ055352v1","6003171","6003466","76","10564700"
"JH378124","16588207","16588518","KQ055267v1","513773","514088","73","16074434"
"JH378124","16624764","16625015","KQ058242v1","595939","596205","88","16028825"
"JH378124","16626784","16627078","KQ053421v1","5610673","5610968","65","11016111"
"JH378124","16667219","16667491","KQ053785v1","888769","889063","86","15778450"
"JH378124","16683883","16684179","KQ053421v1","5610673","5610968","70","11073210"
"JH378124","16693099","16693401","KQ053421v1","5610673","5610968","75","11082426"
"JH378124","16700357","16700658","KQ053421v1","5610673","5610968","74","11089684"
"JH378124","16708165","16708463","KQ053421v1","5610673","5610968","93","11097492"
"JH378124","16723359","16723659","KQ053421v1","5610673","5610968","72","11112686"
"JH378124","16724471","16724753","KQ053421v1","5610673","5610968","81","11113798"
"JH378124","16724960","16725099","KQ053267v1","1313653","1313811","41","15411307"
"JH378124","16732919","16733210","KQ053421v1","5610673","5610968","81","11122246"
"JH378124","16765515","16765612","KQ058316v1","2226037","2226104","45","14539478"
"JH378124","16766274","16766466","KQ058274v1","300327","300497","55","16465947"
"JH378124","16773833","16774126","KQ053421v1","5610673","5610968","86","11163160"
"JH378124","16888152","16888405","KQ058505v1","2207051","2207301","79","14681101"
"JH378124","16894281","16894418","KQ053398v1","2623748","2623879","55","14270533"
"JH378124","17107338","17107646","KQ053421v1","5610673","5610968","74","11496665"
"JH378124","17131180","17131343","KQ058423v1","270754","270928","37","16860426"
"JH378124","17270665","17270958","KQ053421v1","5610673","5610968","71","11659992"
"JH378124","17381042","17381355","KQ058427v1","7786546","7786853","85","9594496"
"JH378124","17382346","17382644","KQ053421v1","5610673","5610968","68","11771673"
"JH378124","17405274","17405575","KQ053421v1","5610673","5610968","69","11794601"
"JH378124","17565679","17565976","KQ055267v1","513773","514088","71","17051906"
"JH378124","17574982","17575229","KQ056321v1","575951","576190","70","16999031"
"JH378124","17636023","17636330","KQ058427v1","7786546","7786853","81","9849477"
"JH378124","17637558","17637851","KQ053421v1","5610673","5610968","82","12026885"
"JH378124","17648286","17648588","KQ053421v1","5610673","5610968","80","12037613"
"JH378124","17678748","17679021","KQ057186v1","783828","784085","70","16894920"
"JH378124","17730892","17731184","KQ053421v1","5610673","5610968","87","12120219"
"JH378124","17869772","17870030","KQ058242v1","595939","596205","72","17273833"
"JH378124","17872039","17872358","KQ053421v1","5610673","5610968","82","12261366"
"JH378124","17902360","17902653","KQ053421v1","5610673","5610968","72","12291687"
"JH378124","17924030","17924331","KQ053421v1","5610673","5610968","78","12313357"
"JH378124","17982333","17982645","KQ053421v1","5610673","5610968","94","12371660"
"JH378124","18015946","18016087","KQ054401v1","3363241","3363379","41","14652705"
"JH378124","18037422","18037733","KQ058427v1","7786546","7786853","77","10250876"
"JH378124","18199226","18199532","KQ055267v1","513773","514088","70","17685453"
"JH378124","18230038","18230347","KQ053421v1","5610673","5610968","91","12619365"
"JH378124","18287670","18287958","KQ053421v1","5610673","5610968","85","12676997"
"JH378124","18310533","18310753","KQ053234v1","1414405","1414609","70","16896128"
"JH378124","18312823","18313116","KQ053421v1","5610673","5610968","73","12702150"
"JH378124","18366245","18366545","KQ053421v1","5610673","5610968","71","12755572"
"JH378124","18385303","18385607","KQ055352v1","6003171","6003466","72","12382132"
"JH378124","18459401","18459689","KQ058242v1","595939","596205","81","17863462"
"JH378124","18460008","18460284","KQ058339v1","4553625","4553889","88","13906383"
"JH378124","18613813","18614107","KQ058427v1","7786546","7786853","83","10827267"
"JH378124","18701484","18701780","KQ053421v1","5610673","5610968","68","13090811"
"JH378124","18732282","18732570","KQ053421v1","5610673","5610968","74","13121609"
"JH378124","18909025","18909253","KQ055662v1","1890465","1890674","71","17018560"
"JH378124","18978776","18978986","KQ058594v1","1033101","1033292","61","17945675"
"JH378124","19250869","19251170","KQ053421v1","5610673","5610968","72","13640196"
"JH378124","19275176","19275447","KQ053421v1","5610673","5610968","81","13664503"
"JH378124","19305289","19305586","KQ053421v1","5610673","5610968","68","13694616"
"JH378124","19315101","19315407","KQ053421v1","5610673","5610968","69","13704428"
"JH378124","19512177","19512483","KQ053421v1","5610673","5610968","78","13901504"
"JH378124","19544126","19544412","KQ053421v1","5610673","5610968","74","13933453"
"JH378124","19707504","19707814","KQ058427v1","7786546","7786853","77","11920958"
"JH378124","20061981","20062262","KQ053785v1","888769","889063","84","19173212"
"JH378124","20185881","20186167","KQ053421v1","5610673","5610968","75","14575208"
"JH378124","20540581","20540888","KQ053421v1","5610673","5610968","89","14929908"
"JH378124","20560342","20560643","KQ058427v1","7786546","7786853","85","12773796"
"JH378124","20605413","20605719","KQ055352v1","6003171","6003466","72","14602242"
"JH378124","20631243","20631540","KQ053421v1","5610673","5610968","70","15020570"
"JH378124","20765356","20765675","KQ055352v1","6003171","6003466","194","14762185"
"JH378124","20962035","20962301","KQ058242v1","595939","596205","73","20366096"
"JH378124","21038401","21038698","KQ053421v1","5610673","5610968","69","15427728"
"JH378124","21350908","21351185","KQ058242v1","595939","596205","79","20754969"
"JH378124","21416961","21417255","KQ053421v1","5610673","5610968","76","15806288"
"JH378124","21468235","21468502","KQ053421v1","5610673","5610968","91","15857562"
"JH378124","21491278","21491576","KQ053421v1","5610673","5610968","84","15880605"
"JH378124","21535874","21536136","KQ058505v1","2207051","2207301","82","19328823"
"JH378124","21562217","21562513","KQ053421v1","5610673","5610968","70","15951544"
"JH378124","21603292","21603603","KQ058427v1","7786546","7786853","71","13816746"
"JH378124","21616811","21617037","KQ058274v1","300327","300497","82","21316484"
"JH378124","21698517","21698801","KQ053421v1","5610673","5610968","83","16087844"
"JH378124","21720305","21720596","KQ053421v1","5610673","5610968","85","16109632"
"JH378124","21737524","21737805","KQ053421v1","5610673","5610968","77","16126851"
"JH378124","21742067","21742365","KQ053421v1","5610673","5610968","81","16131394"
"JH378124","21815673","21815994","KQ055352v1","6003171","6003466","83","15812502"
"JH378124","21908847","21909151","KQ053421v1","5610673","5610968","67","16298174"
"JH378124","21919916","21920083","KQ053398v1","2623748","2623879","61","19296168"
"JH378124","21960429","21960565","KQ054401v1","3363241","3363379","41","18597188"
"JH378124","21998255","21998563","KQ055352v1","6003171","6003466","72","15995084"
"JH378124","22220985","22221292","KQ055352v1","6003171","6003466","72","16217814"
"JH378124","22225525","22225827","KQ058427v1","7786546","7786853","76","14438979"
"JH378124","22238646","22238959","KQ058427v1","7786546","7786853","82","14452100"
"JH378124","22268940","22269236","KQ055267v1","513773","514088","80","21755167"
"JH378124","22315391","22315636","KQ058509v1","24058","24271","87","22291333"
"JH378124","22354020","22354305","KQ054815v1","2215557","2215844","80","20138463"
"JH378124","22382616","22382783","KQ058350v1","9514178","9514352","35","12868438"
"JH378124","22511540","22511851","KQ055352v1","6003171","6003466","72","16508369"
"JH378124","23141990","23142301","KQ055352v1","6003171","6003466","72","17138819"
"JH378124","23263695","23264001","KQ055267v1","513773","514088","67","22749922"
"JH378124","23327365","23327630","KQ058242v1","595939","596205","84","22731426"
"JH378124","23500092","23500394","KQ053421v1","5610673","5610968","77","17889419"
"JH378124","23572962","23573271","KQ055267v1","513773","514088","70","23059189"
"JH378124","23651531","23651780","KQ058242v1","595939","596205","80","23055592"
"JH378124","23731954","23732250","KQ053421v1","5610673","5610968","66","18121281"
"JH378124","24113011","24113321","KQ055352v1","6003171","6003466","147","18109840"
"JH378124","24117582","24117892","KQ055267v1","513773","514088","83","23603809"
"JH378124","24170515","24170814","KQ058427v1","7786546","7786853","76","16383969"
"JH378124","24287522","24287821","KQ053421v1","5610673","5610968","65","18676849"
"JH378124","24568371","24568601","KQ054068v1","3638075","3638299","75","20930296"
"JH378124","24727009","24727313","KQ055352v1","6003171","6003466","68","18723838"
"JH378124","24760545","24760844","KQ058427v1","7786546","7786853","74","16973999"
"JH378124","24897937","24898245","KQ055267v1","513773","514088","75","24384164"
"JH378124","24903857","24904151","KQ053421v1","5610673","5610968","82","19293184"
"JH378124","25164596","25164911","KQ053421v1","5610673","5610968","84","19553923"
"JH378124","25197079","25197369","KQ055267v1","513773","514088","92","24683306"
"JH378124","25202839","25202989","KQ057781v1","1047045","1047171","43","24155794"
"JH378124","25309501","25309812","KQ055352v1","6003171","6003466","78","19306330"
"JH378124","25329835","25330133","KQ053421v1","5610673","5610968","75","19719162"
"JH378124","25538745","25539032","KQ053421v1","5610673","5610968","82","19928072"
"JH378124","25705033","25705314","KQ053421v1","5610673","5610968","79","20094360"
"JH378124","25790951","25791235","KQ058640v1","643463","643729","81","25147488"
"JH378124","25798380","25798686","KQ053421v1","5610673","5610968","75","20187707"
"JH378124","25914976","25915273","KQ053421v1","5610673","5610968","66","20304303"
"JH378124","25959102","25959397","KQ053421v1","5610673","5610968","78","20348429"
"JH378124","25967868","25968168","KQ053421v1","5610673","5610968","81","20357195"
"JH378124","26117728","26118032","KQ053421v1","5610673","5610968","72","20507055"
"JH378124","26177988","26178274","KQ053421v1","5610673","5610968","81","20567315"
"JH378124","26204445","26204728","KQ053421v1","5610673","5610968","79","20593772"
"JH378124","26233050","26233340","KQ053421v1","5610673","5610968","72","20622377"
"JH378124","26245663","26245960","KQ053421v1","5610673","5610968","75","20634990"
"JH378124","26255810","26256121","KQ055352v1","6003171","6003466","74","20252639"
"JH378124","26311342","26311651","KQ053421v1","5610673","5610968","79","20700669"
"JH378124","26325483","26325723","KQ058242v1","595939","596205","94","25729544"
"JH378124","26370665","26370972","KQ055267v1","513773","514088","83","25856892"
"JH378124","26398626","26398905","KQ053785v1","888769","889063","73","25509857"
"JH378124","26419100","26419380","KQ053421v1","5610673","5610968","86","20808427"
"JH378124","26429292","26429574","KQ053421v1","5610673","5610968","81","20818619"
"JH378124","26443289","26443601","KQ055267v1","513773","514088","78","25929516"
"JH378124","26496326","26496637","KQ055267v1","513773","514088","76","25982553"
"JH378124","26634467","26634767","KQ053421v1","5610673","5610968","67","21023794"
"JH378124","26637689","26637982","KQ055862v1","1305285","1305561","80","25332404"
"JH378124","26663820","26664127","KQ053421v1","5610673","5610968","77","21053147"
"JH378124","26714470","26714673","KQ052982v1","2032903","2033097","59","24681567"
"JH378124","26723405","26723601","KQ058274v1","300327","300497","62","26423078"
"JH378124","26734188","26734483","KQ053421v1","5610673","5610968","83","21123515"
"JH378124","26743516","26743821","KQ053421v1","5610673","5610968","85","21132843"
"JH378124","26812018","26812323","KQ053421v1","5610673","5610968","77","21201345"
"JH378124","26862452","26862750","KQ053421v1","5610673","5610968","70","21251779"
"JH378124","26897346","26897650","KQ053421v1","5610673","5610968","76","21286673"
"JH378124","26906931","26907242","KQ053421v1","5610673","5610968","87","21296258"
"JH378124","26930664","26930749","KQ056235v1","1266284","1266361","24","25664380"
"JH378124","26966798","26967101","KQ053421v1","5610673","5610968","71","21356125"
"JH378124","27016029","27016331","KQ053421v1","5610673","5610968","68","21405356"
"JH378124","27042795","27043088","KQ053421v1","5610673","5610968","71","21432122"
"JH378124","27046281","27046524","KQ057901v1","868884","869144","84","26177397"
"JH378124","27090249","27090558","KQ055267v1","513773","514088","73","26576476"
"JH378124","27113082","27113391","KQ055267v1","513773","514088","77","26599309"
"JH378124","27202754","27203064","KQ055352v1","6003171","6003466","71","21199583"
"JH378124","27204256","27204424","KQ058423v1","270754","270928","37","26933502"
"JH378124","27207498","27207587","KQ056279v1","759081","759162","23","26448417"
"JH378124","27253626","27253920","KQ053421v1","5610673","5610968","81","21642953"
"JH378124","27255171","27255470","KQ053421v1","5610673","5610968","75","21644498"
"JH378124","27270106","27270413","KQ053421v1","5610673","5610968","76","21659433"
"JH378124","27282767","27283072","KQ053421v1","5610673","5610968","75","21672094"
"JH378124","27292246","27292556","KQ055267v1","513773","514088","74","26778473"
"JH378124","27315420","27315715","KQ053421v1","5610673","5610968","92","21704747"
"JH378124","27363058","27363288","KQ058509v1","24058","24271","60","27339000"
"JH378124","27437290","27437600","KQ058427v1","7786546","7786853","75","19650744"
"JH378124","27446025","27446330","KQ055352v1","6003171","6003466","69","21442854"
"JH378124","27452490","27452794","KQ053421v1","5610673","5610968","73","21841817"
"JH378124","27453267","27453570","KQ053421v1","5610673","5610968","75","21842594"
"JH378124","27468873","27469036","KQ053993v1","1251070","1251235","41","26217803"
"JH378124","27601727","27601857","KQ053398v1","2623748","2623879","32","24977979"
"JH378124","27604758","27605064","KQ053421v1","5610673","5610968","79","21994085"
"JH378124","27692904","27693208","KQ053421v1","5610673","5610968","84","22082231"
"JH378124","27698530","27698731","KQ058594v1","5950443","5950621","62","21748087"
"JH378124","27829399","27829499","KQ056493v1","2043382","2043488","43","25786017"
"JH378124","27831462","27831617","KQ054401v1","3363241","3363379","46","24468221"
"JH378124","27897260","27897571","KQ053421v1","5610673","5610968","86","22286587"
"JH378124","27920338","27920626","KQ053421v1","5610673","5610968","76","22309665"
"JH378124","27973509","27973803","KQ053421v1","5610673","5610968","68","22362836"
"JH378124","28120024","28120215","KQ053234v1","1679581","1679757","65","26440443"
"JH378124","28156498","28156798","KQ053421v1","5610673","5610968","74","22545825"
"JH378124","28206361","28206651","KQ053421v1","5610673","5610968","78","22595688"
"JH378124","28290482","28290783","KQ053421v1","5610673","5610968","76","22679809"
"JH378124","28351380","28351662","KQ053785v1","888769","889063","80","27462611"
"JH378124","28452542","28452766","KQ055662v1","1890465","1890674","77","26562077"
"JH378124","28468794","28469087","KQ053421v1","5610673","5610968","69","22858121"
"JH378124","28491534","28491829","KQ058427v1","7786546","7786853","85","20704988"
"JH378124","28534982","28535279","KQ053421v1","5610673","5610968","68","22924309"
"JH378124","28566192","28566502","KQ055352v1","6003171","6003466","74","22563021"
"JH378124","28588745","28589045","KQ053421v1","5610673","5610968","85","22978072"
"JH378124","28711120","28711412","KQ053421v1","5610673","5610968","74","23100447"
"JH378124","28747965","28748277","KQ055267v1","513773","514088","71","28234192"
"JH378125","13631464","13631744","KQ053421v1","5610673","5610968","86","8020791"
"JH378125","4980700","4980903","KQ056064v1","326763","326940","67","4653937"
"JH378125","22944","23242","KQ053421v1","5610673","5610968","69","5587729"
"JH378125","460526","460821","KQ053421v1","5610673","5610968","89","5150147"
"JH378125","677225","677532","KQ055352v1","6003171","6003466","70","5325946"
"JH378125","726098","726357","KQ053421v1","5610673","5610968","94","4884575"
"JH378125","750508","750662","KQ053398v1","2623748","2623879","52","1873240"
"JH378125","767460","767756","KQ053421v1","5610673","5610968","67","4843213"
"JH378125","774159","774468","KQ055267v1","513773","514088","71","260386"
"JH378125","797624","797919","KQ053421v1","5610673","5610968","73","4813049"
"JH378125","804604","804903","KQ053421v1","5610673","5610968","71","4806069"
"JH378125","830929","831230","KQ053421v1","5610673","5610968","70","4779744"
"JH378125","888257","888385","KQ053398v1","2623748","2623879","39","1735491"
"JH378125","944422","944725","KQ053421v1","5610673","5610968","72","4666251"
"JH378125","959990","960283","KQ053421v1","5610673","5610968","80","4650683"
"JH378125","974223","974516","KQ053421v1","5610673","5610968","72","4636450"
"JH378125","996610","996910","KQ053421v1","5610673","5610968","76","4614063"
"JH378125","1085191","1085479","KQ053421v1","5610673","5610968","75","4525482"
"JH378125","1199427","1199736","KQ053421v1","5610673","5610968","80","4411246"
"JH378125","1219666","1219957","KQ053421v1","5610673","5610968","66","4391007"
"JH378125","1652312","1652595","KQ058242v1","595939","596205","75","1056373"
"JH378125","2198287","2198607","KQ055352v1","6003171","6003466","83","3804884"
"JH378125","2220946","2221246","KQ053421v1","5610673","5610968","70","3389727"
"JH378125","2229601","2229903","KQ053421v1","5610673","5610968","74","3381072"
"JH378125","2236196","2236500","KQ055352v1","6003171","6003466","73","3766975"
"JH378125","2305842","2306142","KQ053421v1","5610673","5610968","74","3304831"
"JH378125","2317657","2317915","KQ058242v1","595939","596205","71","1721718"
"JH378125","2327977","2328284","KQ055352v1","6003171","6003466","70","3675194"
"JH378125","2335436","2335714","KQ053785v1","888769","889063","83","1446667"
"JH378125","2343087","2343398","KQ055267v1","513773","514088","80","1829314"
"JH378125","2351834","2352123","KQ053421v1","5610673","5610968","77","3258839"
"JH378125","2379606","2379863","KQ053883v1","6938067","6938331","86","4558461"
"JH378125","2474432","2474725","KQ053421v1","5610673","5610968","77","3136241"
"JH378125","2486245","2486544","KQ053421v1","5610673","5610968","62","3124428"
"JH378125","2582402","2582702","KQ053421v1","5610673","5610968","90","3028271"
"JH378125","2591798","2592109","KQ055267v1","513773","514088","73","2078025"
"JH378125","2687437","2687746","KQ053421v1","5610673","5610968","88","2923236"
"JH378125","2703040","2703349","KQ055267v1","513773","514088","75","2189267"
"JH378125","2754817","2755128","KQ055267v1","513773","514088","74","2241044"
"JH378125","2761165","2761427","KQ058427v1","6786866","6787134","94","4025701"
"JH378125","2868272","2868571","KQ053421v1","5610673","5610968","83","2742401"
"JH378125","2892906","2893203","KQ053421v1","5610673","5610968","69","2717767"
"JH378125","2910534","2910861","KQ053421v1","5610673","5610968","95","2700139"
"JH378125","3069163","3069268","KQ056279v1","759081","759162","39","2310082"
"JH378125","3077620","3077925","KQ053421v1","5610673","5610968","70","2533053"
"JH378125","3086939","3087234","KQ053421v1","5610673","5610968","69","2523734"
"JH378125","3087477","3087786","KQ055352v1","6003171","6003466","77","2915694"
"JH378125","3099438","3099739","KQ053421v1","5610673","5610968","78","2511235"
"JH378125","3149761","3150055","KQ053421v1","5610673","5610968","78","2460912"
"JH378125","3169845","3170139","KQ053421v1","5610673","5610968","76","2440828"
"JH378125","3213606","3213909","KQ053421v1","5610673","5610968","75","2397067"
"JH378125","3241267","3241473","KQ053234v1","1679581","1679757","65","1561686"
"JH378125","3253730","3253968","KQ058509v1","24058","24271","86","3229672"
"JH378125","3276079","3276221","KQ057781v1","1047045","1047171","39","2229034"
"JH378125","3335839","3336123","KQ058339v1","4553625","4553889","87","1217786"
"JH378125","3705603","3705886","KQ053421v1","5610673","5610968","73","1905070"
"JH378125","3734026","3734324","KQ053421v1","5610673","5610968","71","1876647"
"JH378125","3853613","3853909","KQ057901v1","868884","869144","92","2984729"
"JH378125","3866619","3866918","KQ053421v1","5610673","5610968","70","1744054"
"JH378125","3896990","3897281","KQ053421v1","5610673","5610968","79","1713683"
"JH378125","3908805","3909105","KQ053421v1","5610673","5610968","71","1701868"
"JH378125","3948391","3948701","KQ055267v1","513773","514088","72","3434618"
"JH378125","3988645","3988881","KQ053234v1","1414405","1414609","72","2574240"
"JH378125","4003672","4003935","KQ057901v1","868884","869144","84","3134788"
"JH378125","4021313","4021586","KQ053421v1","5610673","5610968","84","1589360"
"JH378125","4023950","4024260","KQ055352v1","6003171","6003466","71","1979221"
"JH378125","4116225","4116484","KQ053883v1","6938067","6938331","87","2821842"
"JH378125","4140423","4140646","KQ053234v1","1414405","1414609","61","2726018"
"JH378125","4143985","4144301","KQ058427v1","7786546","7786853","78","3642561"
"JH378125","4200489","4200789","KQ053421v1","5610673","5610968","68","1410184"
"JH378125","4210433","4210731","KQ053421v1","5610673","5610968","80","1400240"
"JH378125","4225611","4225911","KQ053421v1","5610673","5610968","75","1385062"
"JH378125","4300469","4300766","KQ053421v1","5610673","5610968","75","1310204"
"JH378125","4302397","4302697","KQ053421v1","5610673","5610968","67","1308276"
"JH378125","4310353","4310643","KQ053421v1","5610673","5610968","70","1300320"
"JH378125","4341643","4341918","KQ053883v1","6938067","6938331","82","2596424"
"JH378125","4343684","4343977","KQ053421v1","5610673","5610968","78","1266989"
"JH378125","4348153","4348438","KQ053421v1","5610673","5610968","78","1262520"
"JH378125","4547263","4547550","KQ053421v1","5610673","5610968","86","1063410"
"JH378125","4658452","4658757","KQ058427v1","7786546","7786853","84","3128094"
"JH378125","4680450","4680744","KQ053421v1","5610673","5610968","73","930223"
"JH378125","4752828","4753099","KQ053421v1","5610673","5610968","82","857845"
"JH378125","4760488","4760697","KQ058274v1","300327","300497","90","4460161"
"JH378125","4808055","4808364","KQ053421v1","5610673","5610968","84","802618"
"JH378125","4874891","4874997","KQ056279v1","759081","759162","37","4115810"
"JH378125","4892737","4893039","KQ053421v1","5610673","5610968","75","717936"
"JH378125","4900747","4901030","KQ053421v1","5610673","5610968","81","709926"
"JH378125","4946127","4946383","KQ053421v1","5610673","5610968","99","664546"
"JH378125","4949682","4949981","KQ053421v1","5610673","5610968","69","660991"
"JH378125","4953632","4953943","KQ055352v1","6003171","6003466","73","1049539"
"JH378125","4966253","4966554","KQ053421v1","5610673","5610968","70","644420"
"JH378125","4972349","4972664","KQ058427v1","7786546","7786853","82","2814197"
"JH378125","4973985","4974280","KQ053421v1","5610673","5610968","86","636688"
"JH378125","4992663","4993004","KQ053059v1","2548766","2549102","93","2443897"
"JH378125","5000515","5000808","KQ053421v1","5610673","5610968","79","610158"
"JH378125","5003715","5004002","KQ058242v1","595939","596205","84","4407776"
"JH378125","5008063","5008369","KQ053421v1","5610673","5610968","71","602610"
"JH378125","5009959","5010235","KQ058339v1","4553625","4553889","85","456334"
"JH378125","5018914","5019210","KQ053421v1","5610673","5610968","72","591759"
"JH378125","5032330","5032635","KQ053421v1","5610673","5610968","98","578343"
"JH378125","5040432","5040741","KQ055267v1","513773","514088","67","4526659"
"JH378125","5044404","5044529","KQ054401v1","3363241","3363379","43","1681163"
"JH378125","5065945","5066239","KQ053421v1","5610673","5610968","68","544728"
"JH378125","5116037","5116319","KQ053421v1","5610673","5610968","82","494636"
"JH378125","5127255","5127363","KQ056493v1","2043382","2043488","24","3083873"
"JH378125","5263427","5263709","KQ053421v1","5610673","5610968","85","347246"
"JH378125","5361952","5362248","KQ053421v1","5610673","5610968","74","248721"
"JH378125","5380960","5381259","KQ058427v1","6786866","6787134","90","1405906"
"JH378125","5471674","5471897","KQ055662v1","1890465","1890674","70","3581209"
"JH378125","5524433","5524741","KQ058427v1","7786546","7786853","92","2262113"
"JH378125","5549994","5550286","KQ053421v1","5610673","5610968","73","60679"
"JH378125","5569474","5569753","KQ053785v1","888769","889063","83","4680705"
"JH378125","5584854","5585143","KQ053421v1","5610673","5610968","78","25819"
"JH378125","5585144","5585367","KQ055662v1","1890465","1890674","61","3694679"
"JH378125","5632338","5632625","KQ053421v1","5610673","5610968","77","21665"
"JH378125","5660862","5661173","KQ053421v1","5610673","5610968","78","50189"
"JH378125","5683703","5683836","KQ054401v1","3363241","3363379","33","2320462"
"JH378125","5776334","5776535","KQ053234v1","1679581","1679757","62","4096753"
"JH378125","5777978","5778265","KQ053421v1","5610673","5610968","75","167305"
"JH378125","5783290","5783569","KQ053421v1","5610673","5610968","79","172617"
"JH378125","5852243","5852562","KQ053421v1","5610673","5610968","85","241570"
"JH378125","5878137","5878359","KQ055978v1","4311984","4312161","89","1566153"
"JH378125","5888503","5888793","KQ053421v1","5610673","5610968","77","277830"
"JH378125","5929962","5930105","KQ054401v1","3363241","3363379","45","2566721"
"JH378125","6036671","6036881","KQ057684v1","168025","168203","73","5868646"
"JH378125","6124380","6124670","KQ053421v1","5610673","5610968","83","513707"
"JH378125","6128331","6128622","KQ053421v1","5610673","5610968","85","517658"
"JH378125","6139770","6140079","KQ053421v1","5610673","5610968","73","529097"
"JH378125","6153694","6153923","KQ058274v1","300327","300497","84","5853367"
"JH378125","6218839","6219140","KQ053421v1","5610673","5610968","72","608166"
"JH378125","6258078","6258242","KQ053093v1","1668172","1668343","46","4589906"
"JH378125","6280504","6280814","KQ053421v1","5610673","5610968","92","669831"
"JH378125","6323145","6323302","KQ053267v1","1313653","1313811","33","5009492"
"JH378125","6352481","6352780","KQ053421v1","5610673","5610968","68","741808"
"JH378125","6381913","6382221","KQ058427v1","7786546","7786853","74","1404633"
"JH378125","6402721","6402998","KQ053421v1","5610673","5610968","83","792048"
"JH378125","6412212","6412514","KQ053421v1","5610673","5610968","71","801539"
"JH378125","6427777","6428062","KQ058640v1","643463","643729","84","5784314"
"JH378125","6444523","6444667","KQ053004v1","3064551","3064681","48","3379972"
"JH378125","6503946","6504253","KQ053421v1","5610673","5610968","68","893273"
"JH378125","6513579","6513878","KQ053421v1","5610673","5610968","71","902906"
"JH378125","6518368","6518662","KQ053421v1","5610673","5610968","84","907695"
"JH378125","6539232","6539526","KQ053421v1","5610673","5610968","71","928559"
"JH378125","6615017","6615324","KQ053421v1","5610673","5610968","73","1004344"
"JH378125","6706618","6706905","KQ053421v1","5610673","5610968","73","1095945"
"JH378125","6764522","6764814","KQ053421v1","5610673","5610968","74","1153849"
"JH378125","6822599","6822902","KQ053421v1","5610673","5610968","84","1211926"
"JH378125","6824713","6825011","KQ053421v1","5610673","5610968","74","1214040"
"JH378125","6840048","6840259","KQ056064v1","326763","326940","76","6513285"
"JH378125","6877955","6878247","KQ053421v1","5610673","5610968","81","1267282"
"JH378125","6901410","6901620","KQ053531v1","6571","6737","79","6894839"
"JH378125","6907241","6907554","KQ058427v1","7786546","7786853","68","879305"
"JH378125","6960210","6960340","KQ053398v1","2623748","2623879","32","4336462"
"JH378125","7029373","7029522","KQ053398v1","2623748","2623879","51","4405625"
"JH378125","7036610","7036891","KQ053421v1","5610673","5610968","81","1425937"
"JH378125","7042346","7042641","KQ053421v1","5610673","5610968","94","1431673"
"JH378125","7077292","7077571","KQ053421v1","5610673","5610968","80","1466619"
"JH378125","7081865","7081927","KQ058561v1","4800360","4800424","33","2281505"
"JH378125","7086622","7086902","KQ053785v1","888769","889063","75","6197853"
"JH378125","7105402","7105700","KQ053421v1","5610673","5610968","83","1494729"
"JH378125","7147983","7148191","KQ058594v1","5950443","5950621","84","1197540"
"JH378125","7228909","7229224","KQ053421v1","5610673","5610968","81","1618236"
"JH378125","7238586","7238806","KQ053752v1","8015097","8015288","67","776511"
"JH378125","7257609","7257695","KQ055394v1","3161316","3161387","41","4096293"
"JH378125","7257696","7257829","KQ053398v1","2623748","2623879","38","4633948"
"JH378125","7268346","7268574","KQ053234v1","1414405","1414609","70","5853941"
"JH378125","7305304","7305601","KQ053421v1","5610673","5610968","79","1694631"
"JH378125","7381568","7381877","KQ053421v1","5610673","5610968","73","1770895"
"JH378125","7416898","7417201","KQ053421v1","5610673","5610968","74","1806225"
"JH378125","7571144","7571398","KQ057901v1","868884","869144","77","6702260"
"JH378125","7657680","7657986","KQ058427v1","7786546","7786853","79","128866"
"JH378125","7662776","7663035","KQ058339v1","4553625","4553889","95","3109151"
"JH378125","7720455","7720745","KQ053421v1","5610673","5610968","75","2109782"
"JH378125","7721203","7721499","KQ053421v1","5610673","5610968","85","2110530"
"JH378125","7755167","7755439","KQ058242v1","595939","596205","75","7159228"
"JH378125","7764609","7764739","KQ053398v1","2623748","2623879","37","5140861"
"JH378125","7772657","7772956","KQ053421v1","5610673","5610968","86","2161984"
"JH378125","7775770","7776054","KQ058242v1","595939","596205","82","7179831"
"JH378125","7788816","7789112","KQ053421v1","5610673","5610968","70","2178143"
"JH378125","7863618","7863915","KQ055352v1","6003171","6003466","82","1860447"
"JH378125","7888300","7888589","KQ055352v1","6003171","6003466","85","1885129"
"JH378125","7891751","7891994","KQ055717v1","1610777","1611031","78","6280974"
"JH378125","7995039","7995334","KQ053421v1","5610673","5610968","84","2384366"
"JH378125","8044540","8044848","KQ053421v1","5610673","5610968","80","2433867"
"JH378125","8144065","8144363","KQ053421v1","5610673","5610968","81","2533392"
"JH378125","8185605","8185907","KQ053421v1","5610673","5610968","84","2574932"
"JH378125","8203145","8203446","KQ053421v1","5610673","5610968","75","2592472"
"JH378125","8336903","8337203","KQ053421v1","5610673","5610968","72","2726230"
"JH378125","8492409","8492691","KQ053421v1","5610673","5610968","83","2881736"
"JH378125","8585676","8586005","KQ058427v1","7786546","7786853","101","799130"
"JH378125","8725524","8725647","KQ056920v1","183120","183261","40","8542404"
"JH378125","8792264","8792555","KQ053421v1","5610673","5610968","81","3181591"
"JH378125","8799388","8799693","KQ055267v1","513773","514088","70","8285615"
"JH378125","8826499","8826798","KQ053141v1","2860","3159","92","8823639"
"JH378125","8864219","8864522","KQ055352v1","6003171","6003466","70","2861048"
"JH378125","8871010","8871321","KQ058427v1","7786546","7786853","73","1084464"
"JH378125","9278369","9278656","KQ053421v1","5610673","5610968","86","3667696"
"JH378125","9305517","9305803","KQ053421v1","5610673","5610968","78","3694844"
"JH378125","9340175","9340440","KQ055830v1","661716","661986","83","8678459"
"JH378125","9500032","9500331","KQ053421v1","5610673","5610968","73","3889359"
"JH378125","9545181","9545495","KQ055267v1","513773","514088","83","9031408"
"JH378125","9583019","9583352","KQ055267v1","513773","514088","90","9069246"
"JH378125","9593455","9593736","KQ053421v1","5610673","5610968","73","3982782"
"JH378125","9733057","9733356","KQ053421v1","5610673","5610968","76","4122384"
"JH378125","9754736","9755054","KQ055352v1","6003171","6003466","75","3751565"
"JH378125","9812308","9812611","KQ053421v1","5610673","5610968","78","4201635"
"JH378125","9845411","9845706","KQ053421v1","5610673","5610968","69","4234738"
"JH378125","9860803","9861115","KQ055352v1","6003171","6003466","75","3857632"
"JH378125","9918286","9918568","KQ054815v1","2215557","2215844","79","7702729"
"JH378125","9951387","9951694","KQ055267v1","513773","514088","74","9437614"
"JH378125","9964127","9964428","KQ053421v1","5610673","5610968","69","4353454"
"JH378125","10003761","10004039","KQ058242v1","595939","596205","74","9407822"
"JH378125","10060800","10061102","KQ053421v1","5610673","5610968","71","4450127"
"JH378125","10092980","10093285","KQ055352v1","6003171","6003466","67","4089809"
"JH378125","10107669","10107972","KQ053421v1","5610673","5610968","71","4496996"
"JH378125","10112501","10112605","KQ056493v1","2043382","2043488","44","8069119"
"JH378125","10254857","10255145","KQ053421v1","5610673","5610968","80","4644184"
"JH378125","10255752","10256059","KQ055267v1","513773","514088","68","9741979"
"JH378125","10333410","10333704","KQ053421v1","5610673","5610968","82","4722737"
"JH378125","10417580","10417891","KQ055352v1","6003171","6003466","74","4414409"
"JH378125","10435859","10436118","KQ055717v1","1610777","1611031","86","8825082"
"JH378125","10495637","10495951","KQ055352v1","6003171","6003466","75","4492466"
"JH378125","10546410","10546720","KQ055267v1","513773","514088","85","10032637"
"JH378125","10641967","10642122","KQ054510v1","7582269","7582431","50","3059698"
"JH378125","10772635","10772939","KQ053421v1","5610673","5610968","74","5161962"
"JH378125","10871247","10871549","KQ053421v1","5610673","5610968","74","5260574"
"JH378125","10888554","10888826","KQ054815v1","2215557","2215844","86","8672997"
"JH378125","10943663","10943966","KQ058427v1","7786546","7786853","83","3157117"
"JH378125","10961457","10961764","KQ058427v1","7786546","7786853","83","3174911"
"JH378125","10962344","10962682","KQ058427v1","7786546","7786853","100","3175798"
"JH378125","10974985","10975280","KQ053421v1","5610673","5610968","70","5364312"
"JH378125","10997099","10997408","KQ058427v1","7786546","7786853","91","3210553"
"JH378125","11003101","11003400","KQ053421v1","5610673","5610968","77","5392428"
"JH378125","11228559","11228685","KQ053398v1","2623748","2623879","33","8604811"
"JH378125","11229291","11229476","KQ054954v1","1680710","1680882","45","9548581"
"JH378125","11292943","11293223","KQ053785v1","888769","889063","79","10404174"
"JH378125","11296066","11296370","KQ053421v1","5610673","5610968","72","5685393"
"JH378125","11337127","11337432","KQ055352v1","6003171","6003466","74","5333956"
"JH378125","11346940","11347236","KQ053421v1","5610673","5610968","93","5736267"
"JH378125","11384120","11384372","KQ058339v1","4553625","4553889","81","6830495"
"JH378125","11418171","11418480","KQ053421v1","5610673","5610968","86","5807498"
"JH378125","11530612","11530905","KQ053421v1","5610673","5610968","77","5919939"
"JH378125","11623467","11623742","KQ054815v1","2215557","2215844","84","9407910"
"JH378125","11713818","11714122","KQ053421v1","5610673","5610968","77","6103145"
"JH378125","11764219","11764513","KQ053421v1","5610673","5610968","75","6153546"
"JH378125","11801449","11801744","KQ053421v1","5610673","5610968","66","6190776"
"JH378125","11810286","11810594","KQ058427v1","7786546","7786853","81","4023740"
"JH378125","11844872","11845166","KQ053421v1","5610673","5610968","74","6234199"
"JH378125","11861885","11862148","KQ058242v1","595939","596205","86","11265946"
"JH378125","11867116","11867414","KQ053421v1","5610673","5610968","67","6256443"
"JH378125","12165748","12166014","KQ058427v1","6786866","6787134","82","5378882"
"JH378125","12198039","12198336","KQ053421v1","5610673","5610968","74","6587366"
"JH378125","12206605","12206885","KQ053421v1","5610673","5610968","92","6595932"
"JH378125","12227561","12227870","KQ058427v1","7786546","7786853","80","4441015"
"JH378125","12258276","12258564","KQ055352v1","6003171","6003466","76","6255105"
"JH378125","12261632","12261990","KQ053135v1","5034940","5035266","123","7226692"
"JH378125","12289965","12290260","KQ053421v1","5610673","5610968","77","6679292"
"JH378125","12416272","12416581","KQ055352v1","6003171","6003466","73","6413101"
"JH378125","12494279","12494491","KQ058274v1","300327","300497","73","12193952"
"JH378125","12592236","12592567","KQ058394v1","9655127","9655422","105","2937109"
"JH378125","12607442","12607749","KQ055267v1","513773","514088","80","12093669"
"JH378125","12647224","12647494","KQ058339v1","4553625","4553889","86","8093599"
"JH378125","12658158","12658458","KQ058427v1","7786546","7786853","86","4871612"
"JH378125","12772243","12772522","KQ053421v1","5610673","5610968","87","7161570"
"JH378125","12773930","12774238","KQ055352v1","6003171","6003466","72","6770759"
"JH378125","12925435","12925721","KQ053421v1","5610673","5610968","76","7314762"
"JH378125","12967400","12967655","KQ058505v1","2207051","2207301","82","10760349"
"JH378125","13067955","13068264","KQ055267v1","513773","514088","75","12554182"
"JH378125","13078585","13078884","KQ053421v1","5610673","5610968","70","7467912"
"JH378125","13204509","13204803","KQ053421v1","5610673","5610968","70","7593836"
"JH378125","13273110","13273420","KQ055267v1","513773","514088","72","12759337"
"JH378125","13323300","13323606","KQ055352v1","6003171","6003466","71","7320129"
"JH378125","13355749","13356044","KQ053421v1","5610673","5610968","77","7745076"
"JH378125","13427595","13427914","KQ055267v1","513773","514088","82","12913822"
"JH378125","13441788","13442081","KQ053421v1","5610673","5610968","73","7831115"
"JH378125","13514686","13514983","KQ053421v1","5610673","5610968","70","7904013"
"JH378125","13529225","13529517","KQ053421v1","5610673","5610968","82","7918552"
"JH378125","13618459","13618569","KQ056493v1","2043382","2043488","31","11575077"
"JH378125","13627181","13627340","KQ054510v1","7582269","7582431","39","6044912"
"JH378125","13647557","13647855","KQ053421v1","5610673","5610968","75","8036884"
"JH378125","13664966","13665263","KQ053421v1","5610673","5610968","72","8054293"
"JH378125","13709687","13709980","KQ053421v1","5610673","5610968","64","8099014"
"JH378125","13740488","13740763","KQ055717v1","1610777","1611031","98","12129711"
"JH378125","13773264","13773563","KQ053141v1","2860","3159","88","13770404"
"JH378125","13803646","13803946","KQ053421v1","5610673","5610968","77","8192973"
"JH378125","13859059","13859369","KQ055267v1","513773","514088","74","13345286"
"JH378125","13899863","13900165","KQ053421v1","5610673","5610968","74","8289190"
"JH378125","13984051","13984338","KQ054815v1","2215557","2215844","83","11768494"
"JH378125","14042855","14043156","KQ053421v1","5610673","5610968","79","8432182"
"JH378125","14075725","14076030","KQ055267v1","513773","514088","92","13561952"
"JH378125","14083874","14084165","KQ053421v1","5610673","5610968","80","8473201"
"JH378125","14148023","14148317","KQ053421v1","5610673","5610968","71","8537350"
"JH378125","14162767","14163066","KQ058427v1","7786546","7786853","74","6376221"
"JH378125","14343960","14344269","KQ053421v1","5610673","5610968","70","8733287"
"JH378125","14363212","14363517","KQ055352v1","6003171","6003466","74","8360041"
"JH378125","14441698","14441979","KQ058339v1","4553625","4553889","84","9888073"
"JH378125","14519864","14520041","KQ054954v1","1680710","1680882","51","12839154"
"JH378125","14664325","14664601","KQ053421v1","5610673","5610968","85","9053652"
"JH378125","14909327","14909605","KQ053421v1","5610673","5610968","88","9298654"
"JH378125","14943932","14944222","KQ053421v1","5610673","5610968","78","9333259"
"JH378125","14961361","14961656","KQ058427v1","7786546","7786853","73","7174815"
"JH378125","14967815","14968121","KQ058427v1","7786546","7786853","85","7181269"
"JH378125","15012896","15013190","KQ053421v1","5610673","5610968","75","9402223"
"JH378125","15030579","15030858","KQ053421v1","5610673","5610968","83","9419906"
"JH378125","15058194","15058495","KQ053421v1","5610673","5610968","72","9447521"
"JH378125","15071877","15072158","KQ053421v1","5610673","5610968","74","9461204"
"JH378125","15110612","15110916","KQ055267v1","513773","514088","76","14596839"
"JH378125","15140571","15140853","KQ053421v1","5610673","5610968","81","9529898"
"JH378125","15167731","15168041","KQ055267v1","513773","514088","73","14653958"
"JH378125","15206456","15206766","KQ055267v1","513773","514088","70","14692683"
"JH378125","15238756","15239050","KQ053421v1","5610673","5610968","74","9628083"
"JH378125","15251632","15251943","KQ055352v1","6003171","6003466","73","9248461"
"JH378125","15269478","15269716","KQ055717v1","1610777","1611031","75","13658701"
"JH378125","15270814","15271125","KQ058427v1","7786546","7786853","86","7484268"
"JH378125","15271997","15272299","KQ053421v1","5610673","5610968","75","9661324"
"JH378125","15301629","15301926","KQ055352v1","6003171","6003466","74","9298458"
"JH378125","15325575","15325874","KQ053421v1","5610673","5610968","81","9714902"
"JH378125","15341450","15341756","KQ053421v1","5610673","5610968","72","9730777"
"JH378125","15383363","15383655","KQ058427v1","7786546","7786853","89","7596817"
"JH378125","15413313","15413620","KQ053421v1","5610673","5610968","75","9802640"
"JH378125","15429949","15430260","KQ053421v1","5610673","5610968","84","9819276"
"JH378125","15501641","15501937","KQ053421v1","5610673","5610968","81","9890968"
"JH378125","15512577","15512885","KQ058427v1","7786546","7786853","78","7726031"
"JH378125","15657866","15658135","KQ058505v1","2207051","2207301","91","13450815"
"JH378125","15847068","15847291","ABDC02053644v1","2226","2419","81","15844842"
"JH378125","15851642","15851947","KQ053421v1","5610673","5610968","80","10240969"
"JH378125","16004491","16004801","KQ055267v1","513773","514088","73","15490718"
"JH378125","16005059","16005350","KQ053421v1","5610673","5610968","83","10394386"
"JH378125","16028586","16028891","KQ055352v1","6003171","6003466","67","10025415"
"JH378125","16028989","16029284","KQ053421v1","5610673","5610968","81","10418316"
"JH378125","16045968","16046225","KQ058242v1","595939","596205","71","15450029"
"JH378125","16060094","16060385","KQ053421v1","5610673","5610968","87","10449421"
"JH378125","16083230","16083538","KQ055352v1","6003171","6003466","75","10080059"
"JH378125","16090642","16090926","KQ053421v1","5610673","5610968","74","10479969"
"JH378125","16106383","16106686","KQ055267v1","513773","514088","72","15592610"
"JH378125","16116111","16116418","KQ053421v1","5610673","5610968","73","10505438"
"JH378125","16144848","16145148","KQ053421v1","5610673","5610968","70","10534175"
"JH378125","16148208","16148540","KQ053421v1","5610673","5610968","107","10537535"
"JH378125","16158388","16158699","KQ055352v1","6003171","6003466","81","10155217"
"JH378125","16160398","16160707","KQ058427v1","7786546","7786853","83","8373852"
"JH378125","16167256","16167526","KQ055862v1","1305285","1305561","91","14861971"
"JH378125","16189767","16190042","KQ058394v1","9655127","9655422","93","6534640"
"JH378125","16241780","16241895","KQ056493v1","2043382","2043488","46","14198398"
"JH378125","16298594","16298841","KQ058242v1","595939","596205","87","15702655"
"JH378125","16458927","16459195","KQ058640v1","643463","643729","84","15815464"
"JH378125","16582094","16582393","KQ053421v1","5610673","5610968","68","10971421"
"JH378125","16646955","16647253","KQ053421v1","5610673","5610968","73","11036282"
"JH378125","16652864","16653163","KQ053421v1","5610673","5610968","68","11042191"
"JH378125","16676661","16676966","KQ053421v1","5610673","5610968","67","11065988"
"JH378125","16807675","16807974","KQ053421v1","5610673","5610968","67","11197002"
"JH378125","16870317","16870589","KQ058339v1","4553625","4553889","77","12316692"
"JH378125","16877873","16878181","KQ053421v1","5610673","5610968","81","11267200"
"JH378125","17187290","17187589","KQ053421v1","5610673","5610968","77","11576617"
"JH378125","17192792","17193069","KQ053421v1","5610673","5610968","89","11582119"
"JH378125","17219557","17219847","KQ053421v1","5610673","5610968","74","11608884"
"JH378125","17291622","17291928","KQ053421v1","5610673","5610968","75","11680949"
"JH378125","17301529","17301806","KQ058242v1","595939","596205","84","16705590"
"JH378125","17328043","17328334","KQ053421v1","5610673","5610968","83","11717370"
"JH378125","17373653","17373889","KQ058505v1","2207051","2207301","81","15166602"
"JH378125","17447726","17447905","KQ055978v1","4311984","4312161","51","13135742"
"JH378125","17467738","17468036","KQ053421v1","5610673","5610968","71","11857065"
"JH378125","17500763","17501068","KQ053421v1","5610673","5610968","68","11890090"
"JH378125","17524918","17525213","KQ053421v1","5610673","5610968","69","11914245"
"JH378125","17542615","17542909","KQ053421v1","5610673","5610968","73","11931942"
"JH378125","17562689","17562922","KQ058242v1","595939","596205","88","16966750"
"JH378125","17567312","17567583","KQ058427v1","6786866","6787134","91","10780446"
"JH378125","17587098","17587382","KQ053421v1","5610673","5610968","76","11976425"
"JH378125","17605241","17605433","KQ058350v1","9514178","9514352","55","8091063"
"JH378125","17606212","17606311","KQ056279v1","759081","759162","35","16847131"
"JH378125","17617997","17618286","KQ053421v1","5610673","5610968","86","12007324"
"JH378125","17640070","17640374","KQ055352v1","6003171","6003466","71","11636899"
"JH378125","17719106","17719383","KQ058242v1","595939","596205","80","17123167"
"JH378125","17758002","17758273","KQ053883v1","6938067","6938331","86","10819935"
"JH378125","18221453","18221750","KQ053421v1","5610673","5610968","70","12610780"
"JH378125","18585266","18585566","KQ053421v1","5610673","5610968","70","12974593"
"JH378125","18609327","18609626","KQ053421v1","5610673","5610968","79","12998654"
"JH378125","18684240","18684556","KQ055267v1","513773","514088","84","18170467"
"JH378125","18691560","18691869","KQ055267v1","513773","514088","81","18177787"
"JH378125","18718187","18718460","KQ053421v1","5610673","5610968","86","13107514"
"JH378125","18719494","18719777","KQ053421v1","5610673","5610968","77","13108821"
"JH378125","18729698","18730003","KQ053421v1","5610673","5610968","98","13119025"
"JH378125","18828082","18828233","KQ056920v1","183120","183261","39","18644962"
"JH378125","18875906","18876215","KQ055267v1","513773","514088","87","18362133"
"JH378125","18887222","18887525","KQ053421v1","5610673","5610968","74","13276549"
"JH378125","18955523","18955838","KQ055267v1","513773","514088","89","18441750"
"JH378125","18978968","18979198","KQ054068v1","3638075","3638299","63","15340893"
"JH378125","19003733","19003891","KQ053398v1","2623748","2623879","54","16379985"
"JH378125","19101670","19101979","KQ058427v1","7786546","7786853","68","11315124"
"JH378125","19199071","19199401","KQ058427v1","7786546","7786853","98","11412525"
"JH378125","19241888","19242200","KQ055267v1","513773","514088","85","18728115"
"JH378125","19340866","19341156","KQ053421v1","5610673","5610968","78","13730193"
"JH378125","19356572","19356876","KQ053421v1","5610673","5610968","81","13745899"
"JH378125","19359522","19359830","KQ055267v1","513773","514088","71","18845749"
"JH378125","19360810","19361114","KQ053421v1","5610673","5610968","75","13750137"
"JH378125","19432944","19433189","KQ058505v1","2207051","2207301","74","17225893"
"JH378125","19474973","19475269","KQ053421v1","5610673","5610968","86","13864300"
"JH378125","19573743","19574026","KQ055862v1","1305285","1305561","72","18268458"
"JH378125","19701562","19701850","KQ055862v1","1305285","1305561","80","18396277"
"JH378125","19717777","19718070","KQ053421v1","5610673","5610968","80","14107104"
"JH378125","19789847","19790156","KQ055352v1","6003171","6003466","71","13786676"
"JH378125","19802313","19802626","KQ058427v1","7786546","7786853","75","12015767"
"JH378125","20101275","20101580","KQ053421v1","5610673","5610968","88","14490602"
"JH378125","20265582","20265892","KQ055267v1","513773","514088","87","19751809"
"JH378125","20356150","20356454","KQ058427v1","7786546","7786853","79","12569604"
"JH378125","20427519","20427811","KQ053421v1","5610673","5610968","77","14816846"
"JH378125","20627599","20627933","KQ055352v1","6003171","6003466","96","14624428"
"JH378125","20779242","20779580","KQ053421v1","5610673","5610968","104","15168569"
"JH378125","20821918","20822162","KQ058509v1","24058","24271","83","20797860"
"JH378125","20874811","20875106","KQ053421v1","5610673","5610968","74","15264138"
"JH378125","20899108","20899404","KQ053421v1","5610673","5610968","72","15288435"
"JH378125","20920311","20920615","KQ053421v1","5610673","5610968","79","15309638"
"JH378125","21173895","21174145","KQ058242v1","595939","596205","76","20577956"
"JH378125","21260336","21260643","KQ055352v1","6003171","6003466","73","15257165"
"JH378125","21420063","21420371","KQ053421v1","5610673","5610968","107","15809390"
"JH378125","21492651","21492777","KQ056920v1","183120","183261","40","21309531"
"JH378125","21536436","21536736","KQ053421v1","5610673","5610968","79","15925763"
"JH378125","21547036","21547177","KQ054401v1","3363241","3363379","43","18183795"
"JH378125","21547186","21547491","KQ053421v1","5610673","5610968","71","15936513"
"JH378125","21619786","21620086","KQ053421v1","5610673","5610968","82","16009113"
"JH378125","21733589","21733888","KQ053421v1","5610673","5610968","69","16122916"
"JH378125","21981592","21981878","KQ058339v1","4553625","4553889","89","17427967"
"JH378125","22069894","22070188","KQ053421v1","5610673","5610968","79","16459221"
"JH378125","22120671","22120962","KQ053421v1","5610673","5610968","70","16509998"
"JH378125","22123292","22123544","KQ058509v1","24058","24271","83","22099234"
"JH378125","22186308","22186618","KQ055267v1","513773","514088","74","21672535"
"JH378125","22240811","22241098","KQ053421v1","5610673","5610968","85","16630138"
"JH378125","22375906","22376208","KQ053421v1","5610673","5610968","68","16765233"
"JH378125","22474439","22474741","KQ053421v1","5610673","5610968","71","16863766"
"JH378125","22504473","22504782","KQ055267v1","513773","514088","78","21990700"
"JH378125","22527362","22527654","KQ053421v1","5610673","5610968","81","16916689"
"JH378125","22670542","22670827","KQ053421v1","5610673","5610968","76","17059869"
"JH378125","22766298","22766581","KQ054815v1","2215557","2215844","74","20550741"
"JH378125","22790533","22790833","KQ053421v1","5610673","5610968","68","17179860"
"JH378125","22984495","22984714","KQ053234v1","1414405","1414609","61","21570090"
"JH378125","23188173","23188431","KQ057901v1","868884","869144","79","22319289"
"JH378125","23321713","23321819","KQ056235v1","1266284","1266361","43","22055429"
"JH378125","23333043","23333335","KQ053421v1","5610673","5610968","72","17722370"
"JH378125","23341797","23342095","KQ053421v1","5610673","5610968","77","17731124"
"JH378125","23350994","23351122","KQ053398v1","2623748","2623879","37","20727246"
"JH378125","23358996","23359301","KQ055267v1","513773","514088","76","22845223"
"JH378125","23371663","23371957","KQ053421v1","5610673","5610968","82","17760990"
"JH378125","23385001","23385070","KQ053004v1","5079579","5079652","25","18305422"
"JH378125","23385171","23385316","KQ053004v1","3064551","3064681","44","20320620"
"JH378125","23509148","23509441","KQ053421v1","5610673","5610968","72","17898475"
"JH378125","23512794","23513103","KQ055352v1","6003171","6003466","79","17509623"
"JH378125","23564494","23564789","KQ053421v1","5610673","5610968","72","17953821"
"JH378125","23578909","23579204","KQ053421v1","5610673","5610968","70","17968236"
"JH378125","23834174","23834438","KQ058427v1","6786866","6787134","88","17047308"
"JH378125","23852596","23852783","KQ053234v1","1679581","1679757","50","22173015"
"JH378125","23855809","23856021","KQ052982v1","2032903","2033097","62","21822906"
"JH378125","23979618","23979747","KQ056920v1","183120","183261","40","23796498"
"JH378125","24015907","24016218","KQ055267v1","513773","514088","90","23502134"
"JH378125","24018812","24019109","KQ053421v1","5610673","5610968","67","18408139"
"JH378125","24033582","24033880","KQ053421v1","5610673","5610968","67","18422909"
"JH378125","24076275","24076564","KQ058242v1","595939","596205","92","23480336"
"JH378125","24176047","24176357","KQ053421v1","5610673","5610968","75","18565374"
"JH378125","24202416","24202712","KQ053421v1","5610673","5610968","71","18591743"
"JH378125","24251597","24251911","KQ053421v1","5610673","5610968","79","18640924"
"JH378125","24307278","24307557","KQ055830v1","661716","661986","89","23645562"
"JH378125","24320109","24320411","KQ053421v1","5610673","5610968","71","18709436"
"JH378125","24574594","24574903","KQ055267v1","513773","514088","77","24060821"
"JH378125","24600955","24601261","KQ053421v1","5610673","5610968","76","18990282"
"JH378125","24714174","24714416","KQ058242v1","595939","596205","83","24118235"
"JH378125","24747511","24747676","KQ054510v1","7582269","7582431","37","17165242"
"JH378125","24969425","24969723","KQ053421v1","5610673","5610968","76","19358752"
"JH378125","25108456","25108580","KQ053398v1","2627781","2627909","41","22480675"
"JH378125","25207393","25207666","KQ053421v1","5610673","5610968","86","19596720"
"JH378125","25459230","25459524","KQ053421v1","5610673","5610968","72","19848557"
"JH378125","25504383","25504691","KQ055267v1","513773","514088","73","24990610"
"JH378125","25631093","25631397","KQ053421v1","5610673","5610968","83","20020420"
"JH378125","25671664","25671846","KQ058423v1","270754","270928","56","25400910"
"JH378125","25696430","25696719","KQ053421v1","5610673","5610968","86","20085757"
"JH378125","25737546","25737848","KQ053421v1","5610673","5610968","80","20126873"
"JH378125","25786403","25786632","KQ058242v1","595939","596205","91","25190464"
"JH378125","25815707","25816010","KQ053421v1","5610673","5610968","81","20205034"
"JH378125","25823447","25823736","KQ055862v1","1305285","1305561","76","24518162"
"JH378125","25887866","25888174","KQ055352v1","6003171","6003466","75","19884695"
"JH378125","25957387","25957509","KQ053398v1","2623748","2623879","43","23333639"
"JH378125","26080265","26080540","KQ055862v1","1305285","1305561","90","24774980"
"JH378125","26097919","26098225","KQ055352v1","6003171","6003466","73","20094748"
"JH378125","26175934","26176232","KQ053421v1","5610673","5610968","75","20565261"
"JH378125","26378867","26379169","KQ053421v1","5610673","5610968","74","20768194"
"JH378125","26541985","26542135","KQ057161v1","453350","453459","61","26088635"
"JH378125","26642128","26642437","KQ058427v1","7786546","7786853","86","18855582"
"JH378125","26677026","26677312","KQ054815v1","2215557","2215844","78","24461469"
"JH378125","26697364","26697669","KQ055352v1","6003171","6003466","69","20694193"
"JH378125","26828131","26828430","KQ053421v1","5610673","5610968","67","21217458"
"JH378125","26865535","26865846","KQ053421v1","5610673","5610968","96","21254862"
"JH378125","26917493","26917788","KQ053421v1","5610673","5610968","66","21306820"
"JH378125","26988842","26989134","KQ055352v1","6003171","6003466","80","20985671"
"JH378125","27071275","27071584","KQ055352v1","6003171","6003466","69","21068104"
"JH378125","27123050","27123349","KQ053421v1","5610673","5610968","63","21512377"
"JH378125","27148251","27148558","KQ055267v1","513773","514088","77","26634478"
"JH378125","27179622","27179930","KQ055352v1","6003171","6003466","73","21176451"
"JH378125","27190470","27190684","KQ057380v1","3344874","3345081","64","23845596"
"JH378125","27220102","27220384","KQ053421v1","5610673","5610968","84","21609429"
"JH378125","27386619","27386905","KQ053421v1","5610673","5610968","77","21775946"
"JH378125","27392427","27392727","KQ053421v1","5610673","5610968","68","21781754"
"JH378125","27421077","27421376","KQ053421v1","5610673","5610968","70","21810404"
"JH378125","27561788","27562083","KQ053421v1","5610673","5610968","68","21951115"
"JH378125","27579825","27580104","KQ054815v1","2215557","2215844","76","25364268"
"JH378126","9962","10271","KQ053421v1","5610673","5610968","92","5600711"
"JH378126","179589","179890","KQ058427v1","7786546","7786853","78","7606957"
"JH378126","200612","200918","KQ055352v1","6003171","6003466","84","5802559"
"JH378126","218435","218739","KQ053421v1","5610673","5610968","76","5392238"
"JH378126","228155","228464","KQ055352v1","6003171","6003466","72","5775016"
"JH378126","257514","257821","KQ055267v1","513773","514088","71","256259"
"JH378126","365964","366263","KQ053421v1","5610673","5610968","70","5244709"
"JH378126","497940","498236","KQ053421v1","5610673","5610968","77","5112733"
"JH378126","731941","732232","KQ053421v1","5610673","5610968","68","4878732"
"JH378126","848671","848978","KQ058427v1","7786546","7786853","86","6937875"
"JH378126","859437","859742","KQ055267v1","513773","514088","74","345664"
"JH378126","919426","919701","KQ053421v1","5610673","5610968","92","4691247"
"JH378126","934719","935007","KQ053421v1","5610673","5610968","73","4675954"
"JH378126","946411","946632","KQ052982v1","2032903","2033097","72","1086492"
"JH378126","962999","963284","KQ053421v1","5610673","5610968","81","4647674"
"JH378126","994510","994675","KQ054510v1","7582269","7582431","40","6587759"
"JH378126","1027939","1028203","KQ055830v1","661716","661986","88","366223"
"JH378126","1045197","1045497","KQ053421v1","5610673","5610968","71","4565476"
"JH378126","1080526","1080823","KQ053421v1","5610673","5610968","69","4530147"
"JH378126","1211438","1211737","KQ053421v1","5610673","5610968","75","4399235"
"JH378126","1374029","1374331","KQ053421v1","5610673","5610968","71","4236644"
"JH378126","1403387","1403680","KQ053421v1","5610673","5610968","76","4207286"
"JH378126","1452465","1452672","KQ053234v1","1679581","1679757","83","227116"
"JH378126","1455814","1456090","KQ053785v1","888769","889063","87","567045"
"JH378126","1460080","1460230","KQ053398v1","2623748","2623879","44","1163668"
"JH378126","1460331","1460461","KQ054401v1","3363241","3363379","42","1902910"
"JH378126","1462939","1463235","KQ053421v1","5610673","5610968","70","4147734"
"JH378126","1533675","1533977","KQ058427v1","7786546","7786853","78","6252871"
"JH378126","1577658","1577934","KQ058242v1","595939","596205","73","981719"
"JH378126","1602110","1602395","KQ055352v1","6003171","6003466","85","4401061"
"JH378126","1611456","1611740","KQ053421v1","5610673","5610968","78","3999217"
"JH378126","1632487","1632784","KQ053421v1","5610673","5610968","65","3978186"
"JH378126","1634177","1634447","KQ053883v1","6938067","6938331","91","5303890"
"JH378126","1657671","1657948","KQ053785v1","888769","889063","83","768902"
"JH378126","1688391","1688714","KQ055267v1","513773","514088","93","1174618"
"JH378126","1690575","1690874","KQ053421v1","5610673","5610968","74","3920098"
"JH378126","1699591","1699901","KQ053421v1","5610673","5610968","84","3911082"
"JH378126","1727667","1727974","KQ055352v1","6003171","6003466","82","4275504"
"JH378126","1739945","1740246","KQ053421v1","5610673","5610968","80","3870728"
"JH378126","1754068","1754375","KQ055352v1","6003171","6003466","74","4249103"
"JH378126","1769927","1770214","KQ053421v1","5610673","5610968","91","3840746"
"JH378126","2018163","2018467","KQ053421v1","5610673","5610968","73","3592510"
"JH378126","2055622","2055925","KQ053421v1","5610673","5610968","72","3555051"
"JH378126","2250847","2251143","KQ053421v1","5610673","5610968","70","3359826"
"JH378126","2395751","2396052","KQ053421v1","5610673","5610968","71","3214922"
"JH378126","2605303","2605472","KQ053993v1","1251070","1251235","43","1354233"
"JH378126","2607007","2607318","KQ055267v1","513773","514088","76","2093234"
"JH378126","2830004","2830310","KQ053421v1","5610673","5610968","83","2780669"
"JH378126","3037328","3037637","KQ055352v1","6003171","6003466","68","2965843"
"JH378126","3094504","3094808","KQ055352v1","6003171","6003466","72","2908667"
"JH378126","3101336","3101647","KQ055352v1","6003171","6003466","76","2901835"
"JH378126","3174112","3174401","KQ053421v1","5610673","5610968","85","2436561"
"JH378126","3207825","3208124","KQ053421v1","5610673","5610968","69","2402848"
"JH378126","3461891","3462176","KQ053421v1","5610673","5610968","79","2148782"
"JH378126","3468198","3468250","KQ053883v1","839309","839360","26","2628889"
"JH378126","3587656","3587957","KQ053421v1","5610673","5610968","66","2023017"
"JH378126","3604408","3604719","KQ055352v1","6003171","6003466","73","2398763"
"JH378126","3652632","3652929","KQ058427v1","7786546","7786853","90","4133914"
"JH378126","3807934","3808100","KQ057204v1","2930576","2930741","50","877358"
"JH378126","3878682","3878989","KQ055352v1","6003171","6003466","74","2124489"
"JH378126","3916142","3916308","KQ054510v1","7582269","7582431","43","3666127"
"JH378126","3917031","3917144","KQ056493v1","2043382","2043488","41","1873649"
"JH378126","3923846","3924146","KQ053421v1","5610673","5610968","76","1686827"
"JH378126","4007248","4007558","KQ058427v1","7786546","7786853","78","3779298"
"JH378126","4016425","4016511","KQ058316v1","2226037","2226104","30","1790388"
"JH378126","4032996","4033301","KQ055267v1","513773","514088","79","3519223"
"JH378126","4058467","4058763","KQ053421v1","5610673","5610968","68","1552206"
"JH378126","4072844","4073147","KQ053421v1","5610673","5610968","73","1537829"
"JH378126","4127251","4127550","KQ053421v1","5610673","5610968","70","1483422"
"JH378126","4214681","4214950","KQ058339v1","4553625","4553889","79","338944"
"JH378126","4319845","4319946","KQ056493v1","2043382","2043488","41","2276463"
"JH378126","4806835","4806993","KQ053310v1","1983228","1983391","57","2823607"
"JH378126","4932464","4932764","KQ053421v1","5610673","5610968","66","678209"
"JH378126","4967580","4967871","KQ053421v1","5610673","5610968","88","643093"
"JH378126","4969936","4970212","KQ055717v1","1610777","1611031","91","3359159"
"JH378126","5343696","5343799","KQ056235v1","1266284","1266361","38","4077412"
"JH378126","5347856","5348148","KQ053421v1","5610673","5610968","74","262817"
"JH378126","5378630","5378938","KQ055352v1","6003171","6003466","74","624541"
"JH378126","5384696","5384963","KQ058242v1","595939","596205","87","4788757"
"JH378126","5404878","5405167","KQ053421v1","5610673","5610968","73","205795"
"JH378126","5533231","5533531","KQ053421v1","5610673","5610968","66","77442"
"JH378126","5551947","5552259","KQ055352v1","6003171","6003466","72","451224"
"JH378126","5661535","5661837","KQ058427v1","7786546","7786853","87","2125011"
"JH378126","5688151","5688446","KQ053421v1","5610673","5610968","77","77478"
"JH378126","5738457","5738748","KQ053421v1","5610673","5610968","71","127784"
"JH378126","5740192","5740483","KQ053421v1","5610673","5610968","75","129519"
"JH378126","6038970","6039291","KQ053421v1","5610673","5610968","81","428297"
"JH378126","6076056","6076223","KQ057821v1","3059321","3059481","43","3016735"
"JH378126","6093721","6094008","KQ053421v1","5610673","5610968","72","483048"
"JH378126","6443315","6443625","KQ055267v1","513773","514088","77","5929542"
"JH378126","6461824","6462106","KQ053421v1","5610673","5610968","88","851151"
"JH378126","6503928","6504227","KQ053421v1","5610673","5610968","77","893255"
"JH378126","6752459","6752758","KQ053421v1","5610673","5610968","75","1141786"
"JH378126","6760875","6761186","KQ055267v1","513773","514088","70","6247102"
"JH378126","6787884","6788162","KQ058394v1","9655127","9655422","87","2867243"
"JH378126","6880078","6880378","KQ053421v1","5610673","5610968","71","1269405"
"JH378126","7396238","7396547","KQ055352v1","6003171","6003466","76","1393067"
"JH378126","7403686","7403989","KQ053421v1","5610673","5610968","67","1793013"
"JH378126","7526289","7526596","KQ053421v1","5610673","5610968","74","1915616"
"JH378126","7551199","7551476","KQ058242v1","595939","596205","90","6955260"
"JH378126","7598720","7599022","KQ053421v1","5610673","5610968","75","1988047"
"JH378126","7686286","7686590","KQ053421v1","5610673","5610968","74","2075613"
"JH378126","7704106","7704406","KQ053421v1","5610673","5610968","83","2093433"
"JH378126","7725299","7725616","KQ053421v1","5610673","5610968","107","2114626"
"JH378126","7818596","7818890","KQ053421v1","5610673","5610968","87","2207923"
"JH378126","7819453","7819748","KQ053421v1","5610673","5610968","76","2208780"
"JH378126","7904316","7904626","KQ053421v1","5610673","5610968","75","2293643"
"JH378126","7915830","7916130","KQ053421v1","5610673","5610968","76","2305157"
"JH378126","7967025","7967320","KQ053421v1","5610673","5610968","79","2356352"
"JH378126","8005242","8005337","KQ056235v1","1266284","1266361","30","6738958"
"JH378126","8005691","8005913","KQ053234v1","1414405","1414609","67","6591286"
"JH378126","8260894","8261196","KQ053421v1","5610673","5610968","76","2650221"
"JH378126","8341115","8341249","KQ054401v1","3363241","3363379","38","4977874"
"JH378126","8344230","8344525","KQ053421v1","5610673","5610968","74","2733557"
"JH378126","8367043","8367328","KQ053421v1","5610673","5610968","84","2756370"
"JH378126","8488614","8488924","KQ058427v1","7786546","7786853","75","702068"
"JH378126","8498047","8498347","KQ053421v1","5610673","5610968","70","2887374"
"JH378126","8500934","8501056","KQ056493v1","2043382","2043488","39","6457552"
"JH378126","8501933","8502110","KQ053993v1","1251070","1251235","51","7250863"
"JH378126","8505724","8505994","KQ058242v1","595939","596205","78","7909785"
"JH378126","8853350","8853659","KQ053421v1","5610673","5610968","76","3242677"
"JH378126","8891835","8892141","KQ055352v1","6003171","6003466","70","2888664"
"JH378126","8920977","8921278","KQ053421v1","5610673","5610968","75","3310304"
"JH378126","8927070","8927381","KQ055352v1","6003171","6003466","76","2923899"
"JH378126","8941911","8942199","KQ053421v1","5610673","5610968","73","3331238"
"JH378126","8997009","8997316","KQ055352v1","6003171","6003466","69","2993838"
"JH378126","9033511","9033865","KQ053059v1","2548766","2549102","126","6484745"
"JH378126","9149280","9149571","KQ053421v1","5610673","5610968","74","3538607"
"JH378126","9201544","9201841","KQ053421v1","5610673","5610968","68","3590871"
"JH378126","9202377","9202668","KQ053421v1","5610673","5610968","73","3591704"
"JH378126","9311882","9312180","KQ054815v1","2215557","2215844","87","7096325"
"JH378126","9452254","9452469","KQ058242v1","595939","596205","100","8856315"
"JH378126","9500169","9500473","KQ055267v1","513773","514088","81","8986396"
"JH378126","9610211","9610492","KQ058242v1","595939","596205","77","9014272"
"JH378126","9871463","9871704","KQ058509v1","24058","24271","71","9847405"
"JH378126","10083384","10083690","KQ055352v1","6003171","6003466","69","4080213"
"JH378126","10094285","10094565","KQ053421v1","5610673","5610968","88","4483612"
"JH378126","10144695","10144988","KQ053421v1","5610673","5610968","76","4534022"
"JH378126","10210854","10211163","KQ055352v1","6003171","6003466","73","4207683"
"JH378126","10223312","10223611","KQ053421v1","5610673","5610968","62","4612639"
"JH378126","10304905","10305178","KQ058339v1","4553625","4553889","95","5751280"
"JH378126","10380810","10381120","KQ055267v1","513773","514088","76","9867037"
"JH378126","10421911","10422206","KQ053421v1","5610673","5610968","73","4811238"
"JH378126","10588826","10589136","KQ058427v1","7786546","7786853","74","2802280"
"JH378126","10822538","10822847","KQ055267v1","513773","514088","74","10308765"
"JH378126","11092963","11093271","KQ058427v1","7786546","7786853","80","3306417"
"JH378126","11093344","11093669","KQ055267v1","513773","514088","84","10579571"
"JH378126","11121170","11121471","KQ053421v1","5610673","5610968","69","5510497"
"JH378126","11275705","11275993","KQ053421v1","5610673","5610968","79","5665032"
"JH378126","11399296","11399564","KQ053421v1","5610673","5610968","92","5788623"
"JH378126","11503943","11504240","KQ053421v1","5610673","5610968","71","5893270"
"JH378126","11516914","11517211","KQ055862v1","1305285","1305561","81","10211629"
"JH378126","11555070","11555374","KQ053421v1","5610673","5610968","67","5944397"
"JH378126","11570175","11570476","KQ053421v1","5610673","5610968","74","5959502"
"JH378126","11787160","11787457","KQ053421v1","5610673","5610968","70","6176487"
"JH378126","11807850","11807946","KQ056279v1","759081","759162","33","11048769"
"JH378126","11916514","11916806","KQ053421v1","5610673","5610968","73","6305841"
"JH378126","12053624","12053926","KQ053421v1","5610673","5610968","91","6442951"
"JH378126","12225079","12225373","KQ053421v1","5610673","5610968","76","6614406"
"JH378126","12444626","12444922","KQ053421v1","5610673","5610968","83","6833953"
"JH378126","12637500","12637806","KQ055267v1","513773","514088","68","12123727"
"JH378126","12717101","12717222","KQ054401v1","3363241","3363379","44","9353860"
"JH378126","12726789","12727099","KQ053421v1","5610673","5610968","70","7116116"
"JH378126","12767509","12767821","KQ058242v1","595939","596205","101","12171570"
"JH378126","12795948","12796260","KQ058242v1","595939","596205","98","12200009"
"JH378126","12824626","12824960","KQ055267v1","513773","514088","104","12310853"
"JH378126","12825065","12825382","KQ053421v1","5610673","5610968","92","7214392"
"JH378126","12834528","12834812","KQ053421v1","5610673","5610968","75","7223855"
"JH378126","13041634","13041947","KQ055267v1","513773","514088","86","12527861"
"JH378126","13062329","13062608","KQ058242v1","595939","596205","66","12466390"
"JH378126","13152105","13152355","KQ056321v1","575951","576190","71","12576154"
"JH378126","13177178","13177481","KQ053421v1","5610673","5610968","70","7566505"
"JH378126","13228112","13228419","KQ055267v1","513773","514088","72","12714339"
"JH378126","13243457","13243669","KQ052982v1","2032903","2033097","67","11210554"
"JH378126","13340648","13340903","KQ058242v1","595939","596205","74","12744709"
"JH378126","13433785","13434024","KQ054068v1","3638075","3638299","79","9795710"
"JH378126","13566908","13567213","KQ055352v1","6003171","6003466","71","7563737"
"JH378126","13704090","13704380","KQ053421v1","5610673","5610968","95","8093417"
"JH378126","13747631","13747941","KQ055267v1","513773","514088","74","13233858"
"JH378126","13754305","13754613","KQ055267v1","513773","514088","73","13240532"
"JH378126","13879239","13879547","KQ053421v1","5610673","5610968","81","8268566"
"JH378126","13879649","13879952","KQ055352v1","6003171","6003466","71","7876478"
"JH378126","13937705","13938014","KQ055352v1","6003171","6003466","74","7934534"
"JH378126","14038416","14038723","KQ058427v1","7786546","7786853","83","6251870"
"JH378126","14061948","14062243","KQ053421v1","5610673","5610968","66","8451275"
"JH378126","14164394","14164691","KQ053421v1","5610673","5610968","68","8553721"
"JH378126","14222478","14222788","KQ055267v1","513773","514088","72","13708705"
"JH378126","14284738","14285043","KQ053421v1","5610673","5610968","73","8674065"
"JH378126","14378491","14378793","KQ053421v1","5610673","5610968","67","8767818"
"JH378126","14458287","14458570","KQ053421v1","5610673","5610968","84","8847614"
"JH378126","14551136","14551444","KQ055352v1","6003171","6003466","72","8547965"
"JH378126","14780103","14780416","KQ055267v1","513773","514088","77","14266330"
"JH378126","14785413","14785720","KQ055352v1","6003171","6003466","73","8782242"
"JH378126","14787125","14787424","KQ053421v1","5610673","5610968","68","9176452"
"JH378126","14813926","14814150","KQ053234v1","1414405","1414609","75","13399521"
"JH378126","14843105","14843384","KQ053421v1","5610673","5610968","81","9232432"
"JH378126","14852985","14853286","KQ053421v1","5610673","5610968","68","9242312"
"JH378126","14856746","14857030","KQ058242v1","595939","596205","93","14260807"
"JH378126","14890325","14890624","KQ053421v1","5610673","5610968","72","9279652"
"JH378126","15072322","15072628","KQ053421v1","5610673","5610968","170","9461649"
"JH378126","15162202","15162497","KQ053421v1","5610673","5610968","70","9551529"
"JH378126","15210054","15210365","KQ055352v1","6003171","6003466","69","9206883"
"JH378126","15325121","15325383","KQ053421v1","5610673","5610968","91","9714448"
"JH378126","15575762","15576060","KQ053421v1","5610673","5610968","70","9965089"
"JH378126","15596858","15597152","KQ053421v1","5610673","5610968","72","9986185"
"JH378126","15681375","15681681","KQ055352v1","6003171","6003466","70","9678204"
"JH378126","15835436","15835566","KQ053398v1","2627781","2627909","35","13207655"
"JH378126","15909614","15909914","KQ055352v1","6003171","6003466","75","9906443"
"JH378126","15915314","15915617","KQ055352v1","6003171","6003466","67","9912143"
"JH378126","15966673","15966975","KQ053421v1","5610673","5610968","83","10356000"
"JH378126","16418249","16418559","KQ055267v1","513773","514088","76","15904476"
"JH378126","16428961","16429213","KQ058339v1","4553625","4553889","92","11875336"
"JH378126","16500320","16500623","KQ053421v1","5610673","5610968","70","10889647"
"JH378126","16522300","16522564","KQ053883v1","6938067","6938331","91","9584233"
"JH378126","16604231","16604542","KQ055352v1","6003171","6003466","74","10601060"
"JH378126","16607643","16607954","KQ055267v1","513773","514088","80","16093870"
"JH378126","16704045","16704235","KQ053081v1","1367902","1368071","63","15336143"
"JH378126","16717709","16717988","KQ053421v1","5610673","5610968","82","11107036"
"JH378126","16866852","16867127","KQ053421v1","5610673","5610968","87","11256179"
"JH378126","16983205","16983511","KQ055352v1","6003171","6003466","74","10980034"
"JH378126","17138085","17138396","KQ055267v1","513773","514088","72","16624312"
"JH378126","17640730","17640976","KQ058339v1","4553625","4553889","90","13087105"
"JH378126","17889409","17889700","KQ058242v1","595939","596205","79","17293470"
"JH378126","17942828","17943105","KQ053421v1","5610673","5610968","90","12332155"
"JH378126","18099161","18099463","KQ053421v1","5610673","5610968","78","12488488"
"JH378126","18216450","18216664","KQ055662v1","1890465","1890674","69","16325985"
"JH378126","18246835","18247138","KQ053421v1","5610673","5610968","88","12636162"
"JH378126","18437568","18437871","KQ053421v1","5610673","5610968","70","12826895"
"JH378126","18441085","18441373","KQ053421v1","5610673","5610968","78","12830412"
"JH378126","18493161","18493470","KQ055352v1","6003171","6003466","72","12489990"
"JH378126","18961275","18961576","KQ053421v1","5610673","5610968","72","13350602"
"JH378126","18964866","18965163","KQ053421v1","5610673","5610968","71","13354193"
"JH378126","19045001","19045238","KQ058242v1","595939","596205","84","18449062"
"JH378126","19141399","19141735","KQ055267v1","513773","514088","102","18627626"
"JH378126","19269689","19270000","KQ055352v1","6003171","6003466","71","13266518"
"JH378126","19295908","19296230","KQ058427v1","7786546","7786853","90","11509362"
"JH378126","19381521","19381832","KQ055267v1","513773","514088","76","18867748"
"JH378126","19487708","19487833","KQ053398v1","2623748","2623879","38","16863960"
"JH378126","19571372","19571682","KQ053421v1","5610673","5610968","92","13960699"
"JH378126","19763361","19763652","KQ053421v1","5610673","5610968","70","14152688"
"JH378126","19930631","19930935","KQ055267v1","513773","514088","72","19416858"
"JH378126","19996555","19996753","KQ058594v1","1033101","1033292","49","18963454"
"JH378126","20096404","20096673","KQ058242v1","595939","596205","84","19500465"
"JH378126","20214381","20214710","KQ058427v1","7786546","7786853","102","12427835"
"JH378126","20464729","20465034","KQ055267v1","513773","514088","94","19950956"
"JH378126","20504214","20504512","KQ055352v1","6003171","6003466","85","14501043"
"JH378126","20506986","20507288","KQ053421v1","5610673","5610968","73","14896313"
"JH378126","20733243","20733579","KQ055267v1","513773","514088","96","20219470"
"JH378126","20811229","20811494","KQ058339v1","4553625","4553889","73","16257604"
"JH378126","20999739","21000000","KQ058242v1","595939","596205","75","20403800"
"JH378126","21381694","21381974","KQ054815v1","2215557","2215844","75","19166137"
"JH378126","21423452","21423743","KQ053421v1","5610673","5610968","74","15812779"
"JH378126","21485498","21485794","KQ053421v1","5610673","5610968","89","15874825"
"JH378126","21588105","21588399","KQ058427v1","7786546","7786853","97","13801559"
"JH378126","21607127","21607385","KQ058242v1","595939","596205","67","21011188"
"JH378126","21665516","21665808","KQ053421v1","5610673","5610968","71","16054843"
"JH378126","21751203","21751380","KQ058423v1","270754","270928","43","21480449"
"JH378126","21920812","21921118","KQ058427v1","7786546","7786853","85","14134266"
"JH378126","21990262","21990540","KQ058242v1","595939","596205","86","21394323"
"JH378126","22012489","22012787","KQ053421v1","5610673","5610968","72","16401816"
"JH378126","22053423","22053694","KQ055862v1","1305285","1305561","70","20748138"
"JH378126","22103716","22104004","KQ053421v1","5610673","5610968","79","16493043"
"JH378126","22171239","22171507","KQ055862v1","1305285","1305561","76","20865954"
"JH378126","22216457","22216670","KQ052982v1","2032903","2033097","59","20183554"
"JH378126","22216715","22217006","KQ053421v1","5610673","5610968","89","16606042"
"JH378126","22220216","22220492","KQ054815v1","2215557","2215844","85","20004659"
"JH378126","22268118","22268414","KQ053421v1","5610673","5610968","79","16657445"
"JH378126","22454533","22454829","KQ053421v1","5610673","5610968","81","16843860"
"JH378126","22475754","22475885","KQ053398v1","2623748","2623879","30","19852006"
"JH378126","22477367","22477655","KQ053421v1","5610673","5610968","71","16866694"
"JH378126","22524309","22524543","KQ053234v1","1414405","1414609","74","21109904"
"JH378126","22534004","22534311","KQ053421v1","5610673","5610968","67","16923331"
"JH378126","22562009","22562298","KQ058339v1","4553625","4553889","80","18008384"
"JH378126","22569714","22570031","KQ055267v1","513773","514088","85","22055941"
"JH378126","22600549","22600639","KQ056279v1","759081","759162","33","21841468"
"JH378126","22632866","22633073","KQ058274v1","300327","300497","73","22332539"
"JH378126","22637986","22638279","KQ058339v1","4553625","4553889","81","18084361"
"JH378126","22642419","22642691","KQ053421v1","5610673","5610968","79","17031746"
"JH378126","22642725","22642994","KQ058242v1","595939","596205","75","22046786"
"JH378126","22660302","22660608","KQ058427v1","7786546","7786853","85","14873756"
"JH378126","22673273","22673536","KQ058242v1","595939","596205","69","22077334"
"JH378126","22687858","22688159","KQ053421v1","5610673","5610968","73","17077185"
"JH378126","22703910","22704234","KQ053421v1","5610673","5610968","89","17093237"
"JH378126","22718542","22718838","KQ053421v1","5610673","5610968","70","17107869"
"JH378126","22751192","22751467","KQ058242v1","595939","596205","81","22155253"
"JH378126","22821634","22821764","KQ057161v1","453350","453459","40","22368284"
"JH378126","22854878","22855189","KQ055267v1","513773","514088","78","22341105"
"JH378126","22894529","22894811","KQ058339v1","4553625","4553889","90","18340904"
"JH378126","22897511","22897727","KQ055662v1","1890465","1890674","91","21007046"
"JH378126","22898102","22898167","KQ055247v1","3278175","3278224","26","19619927"
"JH378126","22993266","22993576","KQ055267v1","513773","514088","71","22479493"
"JH378126","23024262","23024575","KQ058427v1","7786546","7786853","87","15237716"
"JH378126","23047000","23047281","KQ053421v1","5610673","5610968","72","17436327"
"JH378126","23074127","23074439","KQ058427v1","7786546","7786853","83","15287581"
"JH378126","23102419","23102720","KQ058427v1","7786546","7786853","75","15315873"
"JH378126","23254983","23255261","KQ053883v1","6938067","6938331","89","16316916"
"JH378126","23395860","23395990","KQ054401v1","3363241","3363379","36","20032619"
"JH378126","23407682","23407962","KQ053421v1","5610673","5610968","77","17797009"
"JH378126","23457586","23457879","KQ053421v1","5610673","5610968","77","17846913"
"JH378126","23458541","23458854","KQ053421v1","5610673","5610968","80","17847868"
"JH378126","23465548","23465830","KQ053421v1","5610673","5610968","80","17854875"
"JH378126","23495021","23495231","KQ058274v1","300327","300497","67","23194694"
"JH378126","23502967","23503250","KQ053421v1","5610673","5610968","82","17892294"
"JH378126","23505222","23505404","KQ053531v1","6571","6737","53","23498651"
"JH378126","23506200","23506285","KQ056235v1","1266284","1266361","43","22239916"
"JH378126","23602815","23603115","KQ058427v1","7786546","7786853","85","15816269"
"JH378126","23651393","23651664","KQ058242v1","595939","596205","72","23055454"
"JH378126","23695937","23696085","KQ053398v1","2623748","2623879","54","21072189"
"JH378126","23717699","23717990","KQ053421v1","5610673","5610968","73","18107026"
"JH378126","23818543","23818886","KQ055352v1","6003171","6003466","161","17815372"
"JH378126","23832867","23833136","KQ058242v1","595939","596205","84","23236928"
"JH378126","23858925","23859205","KQ054815v1","2215557","2215844","85","21643368"
"JH378126","23880055","23880361","KQ058427v1","7786546","7786853","84","16093509"
"JH378126","23927945","23928181","KQ058339v1","4553625","4553889","82","19374320"
"JH378126","23980839","23981134","KQ053421v1","5610673","5610968","95","18370166"
"JH378126","24016458","24016758","KQ053421v1","5610673","5610968","69","18405785"
"JH378126","24106510","24106795","KQ053421v1","5610673","5610968","85","18495837"
"JH378126","24174394","24174701","KQ055352v1","6003171","6003466","68","18171223"
"JH378126","24245939","24246243","KQ055267v1","513773","514088","75","23732166"
"JH378126","24258322","24258540","KQ056321v1","575951","576190","73","23682371"
"JH378126","24280372","24280732","KQ055267v1","513773","514088","130","23766599"
"JH378126","24386955","24387266","KQ055352v1","6003171","6003466","75","18383784"
"JH378126","24440033","24440320","KQ053421v1","5610673","5610968","72","18829360"
"JH378126","24471326","24471625","KQ053421v1","5610673","5610968","71","18860653"
"JH378126","24496889","24497187","KQ053421v1","5610673","5610968","68","18886216"
"JH378126","24633251","24633381","KQ054401v1","3363241","3363379","44","21270010"
"JH378126","24924428","24924717","KQ053421v1","5610673","5610968","85","19313755"
"JH378126","25297718","25298020","KQ053421v1","5610673","5610968","82","19687045"
"JH378126","25377982","25378274","KQ053421v1","5610673","5610968","76","19767309"
"JH378126","25438207","25438495","KQ053421v1","5610673","5610968","83","19827534"
"JH378126","25463817","25464128","KQ055267v1","513773","514088","74","24950044"
"JH378126","25512821","25513122","KQ053421v1","5610673","5610968","75","19902148"
"JH378126","25524342","25524617","KQ055862v1","1305285","1305561","87","24219057"
"JH378126","25566960","25567264","KQ055352v1","6003171","6003466","72","19563789"
"JH378126","25804485","25804767","KQ053421v1","5610673","5610968","85","20193812"
"JH378126","25934853","25935151","KQ053421v1","5610673","5610968","67","20324180"
"JH378126","26003652","26003942","KQ057901v1","868884","869144","103","25134768"
"JH378126","26267241","26267539","KQ053421v1","5610673","5610968","80","20656568"
"JH378126","26340173","26340391","KQ055662v1","1890465","1890674","67","24449708"
"JH378126","26410486","26410822","KQ055267v1","513773","514088","103","25896713"
"JH378126","26453500","26453807","KQ053421v1","5610673","5610968","89","20842827"
"JH378126","26619454","26619757","KQ053421v1","5610673","5610968","73","21008781"
"JH378126","26639498","26639763","KQ053421v1","5610673","5610968","91","21028825"
"JH378126","26744843","26745148","KQ053421v1","5610673","5610968","84","21134170"
"JH378126","26895726","26896005","KQ053785v1","888769","889063","86","26006957"
"JH378126","26948930","26949239","KQ055352v1","6003171","6003466","76","20945759"
"JH378126","26997007","26997304","KQ053421v1","5610673","5610968","74","21386334"
"JH378126","27008866","27009150","KQ053785v1","888769","889063","99","26120097"
"JH378126","27029282","27029591","KQ053421v1","5610673","5610968","75","21418609"
"JH378126","27084036","27084330","KQ055267v1","513773","514088","87","26570263"
"JH378126","27121851","27122135","KQ054815v1","2215557","2215844","83","24906294"
"JH378126","27153825","27154139","KQ055352v1","6003171","6003466","78","21150654"
"JH378127","55866","56163","KQ053421v1","5610673","5610968","73","5554807"
"JH378127","145978","146286","KQ053421v1","5610673","5610968","85","5464695"
"JH378127","146314","146615","KQ053421v1","5610673","5610968","76","5464359"
"JH378127","147964","148247","KQ058427v1","6786866","6787134","95","6638902"
"JH378127","171480","171763","KQ053421v1","5610673","5610968","79","5439193"
"JH378127","185246","185552","KQ055352v1","6003171","6003466","68","5817925"
"JH378127","237638","237928","KQ053421v1","5610673","5610968","76","5373035"
"JH378127","312330","312616","KQ053421v1","5610673","5610968","91","5298343"
"JH378127","335968","336260","KQ053421v1","5610673","5610968","79","5274705"
"JH378127","349305","349585","KQ053421v1","5610673","5610968","86","5261368"
"JH378127","363405","363714","KQ055352v1","6003171","6003466","74","5639766"
"JH378127","373859","374013","KQ054401v1","3363241","3363379","51","2989382"
"JH378127","418008","418297","KQ053421v1","5610673","5610968","75","5192665"
"JH378127","471800","472075","KQ058242v1","595939","596205","76","124139"
"JH378127","486778","486900","KQ053398v1","2627781","2627909","44","2141003"
"JH378127","500649","500963","KQ055267v1","513773","514088","101","13124"
"JH378127","551192","551465","KQ056321v1","575951","576190","97","24759"
"JH378127","596496","596796","KQ053421v1","5610673","5610968","70","5014177"
"JH378127","599804","600116","KQ055352v1","6003171","6003466","75","5403367"
"JH378127","649027","649309","KQ058339v1","4553625","4553889","110","3904598"
"JH378127","679001","679302","KQ055267v1","513773","514088","77","165228"
"JH378127","701497","701808","KQ055267v1","513773","514088","72","187724"
"JH378127","795658","795941","KQ053421v1","5610673","5610968","71","4815015"
"JH378127","797859","798160","KQ058427v1","7786546","7786853","85","6988687"
"JH378127","879021","879320","KQ053421v1","5610673","5610968","66","4731652"
"JH378127","909941","910240","KQ053421v1","5610673","5610968","67","4700732"
"JH378127","928318","928591","KQ057186v1","783828","784085","96","144490"
"JH378127","953338","953642","KQ055267v1","513773","514088","93","439565"
"JH378127","1070276","1070557","KQ053421v1","5610673","5610968","78","4540397"
"JH378127","1118103","1118410","KQ058427v1","7786546","7786853","70","6668443"
"JH378127","1199199","1199510","KQ055267v1","513773","514088","71","685426"
"JH378127","1233109","1233412","KQ053421v1","5610673","5610968","75","4377564"
"JH378127","1260309","1260577","KQ058242v1","595939","596205","78","664370"
"JH378127","1411564","1411865","KQ053421v1","5610673","5610968","76","4199109"
"JH378127","1412434","1412675","KQ058505v1","2207051","2207301","93","794617"
"JH378127","1419696","1420006","KQ058427v1","7786546","7786853","92","6366850"
"JH378127","1468656","1468962","KQ055352v1","6003171","6003466","72","4534515"
"JH378127","1589774","1589983","KQ058274v1","300327","300497","68","1289447"
"JH378127","1657262","1657545","KQ058339v1","4553625","4553889","87","2896363"
"JH378127","1695421","1695714","KQ053421v1","5610673","5610968","74","3915252"
"JH378127","1699333","1699631","KQ053421v1","5610673","5610968","73","3911340"
"JH378127","1708415","1708592","KQ053093v1","1668172","1668343","56","40243"
"JH378127","1788957","1789180","KQ052982v1","2032903","2033097","58","243946"
"JH378127","1801013","1801322","KQ055352v1","6003171","6003466","69","4202158"
"JH378127","1807511","1807803","KQ053421v1","5610673","5610968","82","3803162"
"JH378127","1854548","1854678","KQ053398v1","2623748","2623879","28","769200"
"JH378127","1854779","1854942","KQ057204v1","2930576","2930741","39","1075797"
"JH378127","1860784","1861085","KQ058427v1","7786546","7786853","71","5925762"
"JH378127","1863751","1864050","KQ053421v1","5610673","5610968","77","3746922"
"JH378127","1895552","1895848","KQ055862v1","1305285","1305561","89","590267"
"JH378127","1935748","1936063","KQ053421v1","5610673","5610968","95","3674925"
"JH378127","1982289","1982592","KQ053421v1","5610673","5610968","74","3628384"
"JH378127","2004424","2004744","KQ055267v1","513773","514088","92","1490651"
"JH378127","2047695","2047815","KQ053398v1","2623748","2623879","35","576053"
"JH378127","2074206","2074462","KQ058242v1","595939","596205","92","1478267"
"JH378127","2121012","2121303","KQ058242v1","595939","596205","82","1525073"
"JH378127","2167099","2167210","KQ056493v1","2043382","2043488","48","123717"
"JH378127","2170325","2170578","KQ057186v1","783828","784085","79","1386497"
"JH378127","2234357","2234668","KQ058427v1","7786546","7786853","82","5552189"
"JH378127","2235360","2235656","KQ053421v1","5610673","5610968","73","3375313"
"JH378127","2267542","2267850","KQ053421v1","5610673","5610968","76","3343131"
"JH378127","2382933","2383227","KQ053421v1","5610673","5610968","73","3227740"
"JH378127","2392576","2392887","KQ055352v1","6003171","6003466","74","3610595"
"JH378127","2411493","2411618","KQ053398v1","2627781","2627909","37","216288"
"JH378127","2471158","2471479","KQ053421v1","5610673","5610968","85","3139515"
"JH378127","2498520","2498826","KQ055352v1","6003171","6003466","80","3504651"
"JH378127","2617199","2617371","KQ053531v1","6571","6737","58","2610628"
"JH378127","2731487","2731733","KQ058242v1","595939","596205","95","2135548"
"JH378127","2746728","2747040","KQ053421v1","5610673","5610968","84","2863945"
"JH378127","2766148","2766455","KQ055352v1","6003171","6003466","71","3237023"
"JH378127","2791158","2791450","KQ053421v1","5610673","5610968","69","2819515"
"JH378127","2896531","2896824","KQ053421v1","5610673","5610968","77","2714142"
"JH378127","3034360","3034679","KQ058427v1","7786546","7786853","80","4752186"
"JH378127","3053013","3053259","KQ058509v1","24058","24271","75","3028955"
"JH378127","3102623","3102918","KQ053421v1","5610673","5610968","71","2508050"
"JH378127","3171729","3172026","KQ053421v1","5610673","5610968","81","2438944"
"JH378127","3173171","3173457","KQ055862v1","1305285","1305561","69","1867886"
"JH378127","3200163","3200467","KQ053421v1","5610673","5610968","86","2410510"
"JH378127","3261045","3261336","KQ053421v1","5610673","5610968","73","2349628"
"JH378127","3370978","3371276","KQ053421v1","5610673","5610968","70","2239695"
"JH378127","3565923","3566222","KQ055267v1","513773","514088","80","3052150"
"JH378127","3571951","3572208","KQ058505v1","2207051","2207301","81","1364900"
"JH378127","3618568","3618851","KQ053421v1","5610673","5610968","84","1992105"
"JH378127","3730255","3730570","KQ055267v1","513773","514088","84","3216482"
"JH378127","3744175","3744444","KQ055862v1","1305285","1305561","89","2438890"
"JH378127","3754424","3754727","KQ055352v1","6003171","6003466","72","2248747"
"JH378127","3781154","3781471","KQ058427v1","7786546","7786853","89","4005392"
"JH378127","3879590","3879899","KQ058427v1","7786546","7786853","78","3906956"
"JH378127","3914670","3914908","KQ055662v1","1890465","1890674","74","2024205"
"JH378127","4097250","4097560","KQ055352v1","6003171","6003466","69","1905921"
"JH378127","4118316","4118606","KQ053421v1","5610673","5610968","88","1492357"
"JH378127","4193799","4194063","KQ058505v1","2207051","2207301","85","1986748"
"JH378127","4232729","4233023","KQ053421v1","5610673","5610968","67","1377944"
"JH378127","4303412","4303696","KQ054815v1","2215557","2215844","73","2087855"
"JH378127","4355556","4355856","KQ053421v1","5610673","5610968","68","1255117"
"JH378127","4494471","4494773","KQ053421v1","5610673","5610968","66","1116202"
"JH378127","4599229","4599528","KQ053421v1","5610673","5610968","77","1011444"
"JH378127","4616135","4616351","KQ057684v1","168025","168203","87","4448110"
"JH378127","4619453","4619722","KQ058427v1","6786866","6787134","88","2167413"
"JH378127","4670266","4670556","KQ053141v1","2860","3159","85","4667406"
"JH378127","4721709","4722019","KQ053135v1","5034940","5035266","93","313231"
"JH378127","4754525","4754701","KQ053234v1","1679581","1679757","46","3074944"
"JH378127","4829939","4830197","KQ058242v1","595939","596205","73","4234000"
"JH378127","4847934","4848213","KQ058242v1","595939","596205","77","4251995"
"JH378127","4864819","4865104","KQ053421v1","5610673","5610968","78","745854"
"JH378127","4867720","4868034","KQ053421v1","5610673","5610968","83","742953"
"JH378127","4882480","4882647","KQ053398v1","2623748","2623879","68","2258732"
"JH378127","4891051","4891346","KQ053421v1","5610673","5610968","78","719622"
"JH378127","4908236","4908524","KQ053421v1","5610673","5610968","80","702437"
"JH378127","4913411","4913714","KQ053421v1","5610673","5610968","75","697262"
"JH378127","4920252","4920545","KQ053421v1","5610673","5610968","68","690421"
"JH378127","4930912","4931219","KQ058427v1","7786546","7786853","85","2855634"
"JH378127","4931836","4932117","KQ058242v1","595939","596205","96","4335897"
"JH378127","4946197","4946495","KQ053421v1","5610673","5610968","79","664476"
"JH378127","4994332","4994624","KQ053421v1","5610673","5610968","86","616341"
"JH378127","5023916","5024209","KQ055862v1","1305285","1305561","83","3718631"
"JH378127","5042739","5043046","KQ053421v1","5610673","5610968","76","567934"
"JH378127","5065458","5065761","KQ053421v1","5610673","5610968","80","545215"
"JH378127","5073132","5073355","KQ058274v1","300327","300497","89","4772805"
"JH378127","5113329","5113627","KQ053421v1","5610673","5610968","84","497344"
"JH378127","5146934","5147230","KQ055352v1","6003171","6003466","68","856237"
"JH378127","5167617","5167909","KQ053421v1","5610673","5610968","76","443056"
"JH378127","5195800","5196076","KQ053421v1","5610673","5610968","90","414873"
"JH378127","5229106","5229393","KQ053421v1","5610673","5610968","84","381567"
"JH378127","5237779","5238048","KQ058339v1","4553625","4553889","92","684154"
"JH378127","5270199","5270346","KQ054401v1","3363241","3363379","46","1906958"
"JH378127","5293958","5294262","KQ053421v1","5610673","5610968","87","316715"
"JH378127","5372567","5372842","KQ057186v1","783828","784085","84","4588739"
"JH378127","5396280","5396586","KQ055352v1","6003171","6003466","75","606891"
"JH378127","5452576","5452876","KQ053421v1","5610673","5610968","85","158097"
"JH378127","5485218","5485500","KQ053421v1","5610673","5610968","77","125455"
"JH378127","5501069","5501375","KQ055352v1","6003171","6003466","68","502102"
"JH378127","5570772","5571087","KQ055267v1","513773","514088","80","5056999"
"JH378127","5610242","5610527","KQ053421v1","5610673","5610968","81","431"
"JH378127","5673949","5674258","KQ055352v1","6003171","6003466","77","329222"
"JH378127","5699548","5699861","KQ055267v1","513773","514088","76","5185775"
"JH378127","5768119","5768408","KQ053421v1","5610673","5610968","88","157446"
"JH378127","5880826","5881140","KQ058427v1","7786546","7786853","77","1905720"
"JH378127","5891325","5891440","KQ054401v1","3363241","3363379","49","2528084"
"JH378127","5960543","5960827","KQ053421v1","5610673","5610968","87","349870"
"JH378127","5961544","5961843","KQ053421v1","5610673","5610968","75","350871"
"JH378127","6041194","6041499","KQ055267v1","513773","514088","79","5527421"
"JH378127","6084113","6084218","KQ056493v1","2043382","2043488","45","4040731"
"JH378127","6089454","6089755","KQ053421v1","5610673","5610968","79","478781"
"JH378127","6096728","6097001","KQ055352v1","6003171","6003466","95","93557"
"JH378127","6107216","6107524","KQ058242v1","595939","596205","97","5511277"
"JH378127","6107963","6108242","KQ053421v1","5610673","5610968","90","497290"
"JH378127","6115865","6116138","KQ053785v1","888769","889063","88","5227096"
"JH378127","6157468","6157792","KQ053421v1","5610673","5610968","79","546795"
"JH378127","6192385","6192642","KQ053421v1","5610673","5610968","88","581712"
"JH378127","6264532","6264815","KQ055352v1","6003171","6003466","90","261361"
"JH378127","6286351","6286670","KQ053421v1","5610673","5610968","94","675678"
"JH378127","6294873","6295177","KQ053421v1","5610673","5610968","75","684200"
"JH378127","6311826","6312130","KQ053421v1","5610673","5610968","68","701153"
"JH378127","6396100","6396380","KQ057901v1","868884","869144","104","5527216"
"JH378127","6958361","6958678","KQ055267v1","513773","514088","81","6444588"
"JH378127","6962674","6962974","KQ053421v1","5610673","5610968","69","1352001"
"JH378127","7000114","7000411","KQ053421v1","5610673","5610968","77","1389441"
"JH378127","7050762","7051058","KQ053421v1","5610673","5610968","72","1440089"
"JH378127","7051924","7052235","KQ058427v1","7786546","7786853","78","734622"
"JH378127","7068548","7068844","KQ053421v1","5610673","5610968","73","1457875"
"JH378127","7075984","7076270","KQ058640v1","643463","643729","81","6432521"
"JH378127","7158645","7158942","KQ053421v1","5610673","5610968","68","1547972"
"JH378127","7231795","7231923","KQ052968v1","13665640","13665790","56","6433845"
"JH378127","7232216","7232408","KQ058274v1","300327","300497","61","6931889"
"JH378127","7273056","7273360","KQ055267v1","513773","514088","84","6759283"
"JH378127","7312077","7312386","KQ055267v1","513773","514088","86","6798304"
"JH378127","7331803","7332065","KQ058242v1","595939","596205","71","6735864"
"JH378127","7364495","7364799","KQ053421v1","5610673","5610968","72","1753822"
"JH378127","7511230","7511535","KQ055352v1","6003171","6003466","77","1508059"
"JH378127","7565923","7566234","KQ055267v1","513773","514088","69","7052150"
"JH378127","7715195","7715407","KQ058274v1","300327","300497","76","7414868"
"JH378127","7715508","7715566","KQ053234v1","1679807","1679838","32","6035701"
"JH378127","7718927","7719210","KQ053421v1","5610673","5610968","76","2108254"
"JH378127","8031130","8031244","KQ053398v1","2623748","2623879","42","5407382"
"JH378127","8051043","8051351","KQ055352v1","6003171","6003466","67","2047872"
"JH378127","8059255","8059512","KQ058242v1","595939","596205","59","7463316"
"JH378127","8111845","8112141","KQ058427v1","7786546","7786853","84","325299"
"JH378127","8128334","8128637","KQ053421v1","5610673","5610968","70","2517661"
"JH378127","8217597","8217929","KQ055352v1","6003171","6003466","88","2214426"
"JH378127","8221179","8221479","KQ053421v1","5610673","5610968","74","2610506"
"JH378127","8231141","8231392","KQ058242v1","595939","596205","84","7635202"
"JH378127","8241073","8241369","KQ053421v1","5610673","5610968","63","2630400"
"JH378127","8269188","8269499","KQ058427v1","7786546","7786853","80","482642"
"JH378127","8272805","8273086","KQ054815v1","2215557","2215844","78","6057248"
"JH378127","8300073","8300366","KQ053421v1","5610673","5610968","80","2689400"
"JH378127","8312319","8312628","KQ055352v1","6003171","6003466","74","2309148"
"JH378127","8335964","8336267","KQ053421v1","5610673","5610968","77","2725291"
"JH378127","8394574","8394866","KQ053421v1","5610673","5610968","80","2783901"
"JH378127","8406785","8407067","KQ053421v1","5610673","5610968","81","2796112"
"JH378127","8437408","8437709","KQ053421v1","5610673","5610968","72","2826735"
"JH378127","8494334","8494528","KQ058274v1","300327","300497","56","8194007"
"JH378127","8494630","8494756","KQ052968v1","13665640","13665790","50","5171010"
"JH378127","8521725","8522036","KQ055352v1","6003171","6003466","73","2518554"
"JH378127","8530758","8531070","KQ055267v1","513773","514088","78","8016985"
"JH378127","8640809","8641117","KQ053421v1","5610673","5610968","84","3030136"
"JH378127","8738197","8738354","KQ054510v1","7582269","7582431","42","1155928"
"JH378127","8872345","8872653","KQ053135v1","5034940","5035266","90","3837405"
"JH378127","8900004","8900293","KQ058427v1","6786866","6787134","93","2113138"
"JH378127","8914425","8914711","KQ058242v1","595939","596205","84","8318486"
"JH378127","8918911","8919221","KQ055267v1","513773","514088","74","8405138"
"JH378127","8933807","8934025","KQ056064v1","326763","326940","78","8607044"
"JH378127","8953766","8954052","KQ053785v1","888769","889063","83","8064997"
"JH378127","8970533","8970832","KQ053421v1","5610673","5610968","69","3359860"
"JH378127","8998318","8998617","KQ053421v1","5610673","5610968","72","3387645"
"JH378127","9006527","9006829","KQ055267v1","513773","514088","70","8492754"
"JH378127","9094314","9094566","KQ057901v1","868884","869144","86","8225430"
"JH378127","9098100","9098411","KQ053135v1","5034940","5035266","101","4063160"
"JH378127","9101863","9102019","KQ054510v1","7582269","7582431","35","1519594"
"JH378127","9152346","9152655","KQ053421v1","5610673","5610968","78","3541673"
"JH378127","9168577","9168883","KQ053421v1","5610673","5610968","81","3557904"
"JH378127","9257711","9258019","KQ055267v1","513773","514088","74","8743938"
"JH378127","9328818","9329115","KQ053421v1","5610673","5610968","79","3718145"
"JH378127","9359145","9359427","KQ053421v1","5610673","5610968","78","3748472"
"JH378127","9363235","9363532","KQ053421v1","5610673","5610968","68","3752562"
"JH378127","9372820","9373114","KQ053421v1","5610673","5610968","82","3762147"
"JH378127","9490370","9490673","KQ053421v1","5610673","5610968","88","3879697"
"JH378127","9529157","9529462","KQ055352v1","6003171","6003466","70","3525986"
"JH378127","9550575","9550880","KQ055352v1","6003171","6003466","68","3547404"
"JH378127","9585642","9585933","KQ053421v1","5610673","5610968","71","3974969"
"JH378127","9620498","9620820","KQ055267v1","513773","514088","84","9106725"
"JH378127","9621198","9621506","KQ058427v1","7786546","7786853","85","1834652"
"JH378127","9692893","9693187","KQ053421v1","5610673","5610968","81","4082220"
"JH378127","9697308","9697605","KQ053421v1","5610673","5610968","66","4086635"
"JH378127","9801353","9801675","KQ055352v1","6003171","6003466","78","3798182"
"JH378127","9807500","9807788","KQ053421v1","5610673","5610968","98","4196827"
"JH378127","9841711","9842026","KQ058427v1","7786546","7786853","82","2055165"
"JH378127","9850065","9850188","KQ053398v1","2623748","2623879","40","7226317"
"JH378127","9888851","9889045","ABDC02053644v1","2226","2419","81","9886625"
"JH378127","9889166","9889238","KQ058316v1","2226037","2226104","35","7663129"
"JH378127","9896654","9896946","KQ053421v1","5610673","5610968","83","4285981"
"JH378127","9914264","9914493","KQ058242v1","595939","596205","89","9318325"
"JH378127","10050571","10050736","KQ057204v1","2930576","2930741","34","7119995"
"JH378127","10070109","10070406","KQ053421v1","5610673","5610968","69","4459436"
"JH378127","10076451","10076760","KQ053421v1","5610673","5610968","80","4465778"
"JH378127","10130167","10130296","KQ053398v1","2627781","2627909","34","7502386"
"JH378127","10254242","10254537","KQ053421v1","5610673","5610968","75","4643569"
"JH378127","10267069","10267374","KQ053421v1","5610673","5610968","79","4656396"
"JH378127","10361907","10362227","KQ055267v1","513773","514088","86","9848134"
"JH378127","10433770","10433929","KQ053267v1","1313653","1313811","37","9120117"
"JH378127","10435253","10435552","KQ053421v1","5610673","5610968","71","4824580"
"JH378127","10473997","10474166","KQ053093v1","1668172","1668343","40","8805825"
"JH378127","10618332","10618458","KQ053398v1","2623748","2623879","35","7994584"
"JH378127","10704572","10704849","KQ058242v1","595939","596205","73","10108633"
"JH378127","10709626","10709924","KQ053421v1","5610673","5610968","83","5098953"
"JH378127","10723031","10723306","KQ058242v1","595939","596205","80","10127092"
"JH378127","10775869","10776154","KQ053421v1","5610673","5610968","78","5165196"
"JH378127","10838113","10838408","KQ053421v1","5610673","5610968","71","5227440"
"JH378127","10853375","10853689","KQ053421v1","5610673","5610968","100","5242702"
"JH378127","10870885","10870972","KQ053004v1","5079579","5079652","31","5791306"
"JH378127","10871209","10871278","KQ056279v1","759081","759162","26","10112128"
"JH378127","10966417","10966713","KQ053421v1","5610673","5610968","68","5355744"
"JH378127","10985145","10985443","KQ053421v1","5610673","5610968","72","5374472"
"JH378127","10988631","10988926","KQ053421v1","5610673","5610968","82","5377958"
"JH378127","11082049","11082349","KQ053421v1","5610673","5610968","85","5471376"
"JH378127","11134491","11134727","KQ058242v1","595939","596205","98","10538552"
"JH378127","11138803","11139080","KQ057186v1","783828","784085","84","10354975"
"JH378127","11297461","11297742","KQ058242v1","595939","596205","80","10701522"
"JH378127","11309327","11309638","KQ053421v1","5610673","5610968","79","5698654"
"JH378127","11332923","11333235","KQ055267v1","513773","514088","88","10819150"
"JH378127","11368122","11368418","KQ053421v1","5610673","5610968","75","5757449"
"JH378127","11383930","11384094","KQ054179v1","3404435","3404595","45","7979495"
"JH378127","11396697","11396859","KQ053398v1","2627781","2627909","59","8768916"
"JH378127","11486777","11487053","KQ053421v1","5610673","5610968","82","5876104"
"JH378127","11491043","11491199","KQ053093v1","1668172","1668343","44","9822871"
"JH378127","11491961","11492076","KQ053398v1","2623748","2623879","46","8868213"
"JH378127","11518896","11519195","KQ053421v1","5610673","5610968","85","5908223"
"JH378127","11521149","11521246","KQ056279v1","759081","759162","32","10762068"
"JH378127","11521275","11521330","KQ056148v1","3118687","3118733","23","8402588"
"JH378127","11521947","11522102","KQ056920v1","183120","183261","42","11338827"
"JH378127","11529501","11529633","KQ053398v1","2623748","2623879","52","8905753"
"JH378127","11545574","11545870","KQ053421v1","5610673","5610968","70","5934901"
"JH378127","11584114","11584419","KQ055267v1","513773","514088","76","11070341"
"JH378127","11630702","11630998","KQ053421v1","5610673","5610968","69","6020029"
"JH378127","11632010","11632320","KQ055267v1","513773","514088","75","11118237"
"JH378127","11685843","11686133","KQ058640v1","643463","643729","82","11042380"
"JH378127","11773858","11774175","KQ053421v1","5610673","5610968","96","6163185"
"JH378127","11795861","11796140","KQ058242v1","595939","596205","74","11199922"
"JH378127","11965178","11965500","KQ055352v1","6003171","6003466","92","5962007"
"JH378127","12009406","12009707","KQ053421v1","5610673","5610968","72","6398733"
"JH378127","12165812","12165955","KQ053398v1","2623748","2623879","37","9542064"
"JH378127","12166056","12166201","KQ054401v1","3363241","3363379","39","8802815"
"JH378127","12214627","12214926","KQ053421v1","5610673","5610968","72","6603954"
"JH378127","12388363","12388664","KQ053421v1","5610673","5610968","69","6777690"
"JH378127","12506046","12506189","KQ054268v1","765831","765979","46","11740215"
"JH378127","12515449","12515757","KQ055267v1","513773","514088","75","12001676"
"JH378127","12589228","12589518","KQ053421v1","5610673","5610968","75","6978555"
"JH378127","12649155","12649459","KQ053421v1","5610673","5610968","76","7038482"
"JH378127","12672663","12672951","KQ057901v1","868884","869144","93","11803779"
"JH378127","12674996","12675294","KQ053421v1","5610673","5610968","97","7064323"
"JH378127","12702041","12702340","KQ053421v1","5610673","5610968","79","7091368"
"JH378127","12804555","12804862","KQ058427v1","7786546","7786853","74","5018009"
"JH378127","12834721","12835021","KQ058427v1","7786546","7786853","79","5048175"
"JH378127","12841679","12841971","KQ058427v1","7786546","7786853","92","5055133"
"JH378127","12843192","12843497","KQ053421v1","5610673","5610968","74","7232519"
"JH378127","12893723","12893930","KQ055662v1","1890465","1890674","76","11003258"
"JH378127","12911474","12911764","KQ053421v1","5610673","5610968","78","7300801"
"JH378127","12924182","12924493","KQ055352v1","6003171","6003466","70","6921011"
"JH378127","13078854","13079158","KQ055267v1","513773","514088","73","12565081"
"JH378127","13178738","13179033","KQ053421v1","5610673","5610968","83","7568065"
"JH378127","13238367","13238656","KQ055862v1","1305285","1305561","78","11933082"
"JH378127","13338108","13338405","KQ053421v1","5610673","5610968","73","7727435"
"JH378127","13338897","13339194","KQ053421v1","5610673","5610968","70","7728224"
"JH378127","13349299","13349591","KQ053421v1","5610673","5610968","71","7738626"
"JH378127","13370510","13370756","KQ055717v1","1610777","1611031","77","11759733"
"JH378127","13377510","13377807","KQ053421v1","5610673","5610968","72","7766837"
"JH378127","13471155","13471434","KQ055862v1","1305285","1305561","75","12165870"
"JH378127","13676426","13676736","KQ053421v1","5610673","5610968","86","8065753"
"JH378127","13771940","13772244","KQ055267v1","513773","514088","73","13258167"
"JH378127","13848534","13848835","KQ053421v1","5610673","5610968","66","8237861"
"JH378127","13890391","13890679","KQ053421v1","5610673","5610968","78","8279718"
"JH378127","13903224","13903521","KQ053421v1","5610673","5610968","81","8292551"
"JH378127","13927327","13927634","KQ055352v1","6003171","6003466","71","7924156"
"JH378127","13958082","13958380","KQ053421v1","5610673","5610968","69","8347409"
"JH378127","13996742","13997024","KQ054815v1","2215557","2215844","75","11781185"
"JH378127","14056181","14056472","KQ053421v1","5610673","5610968","71","8445508"
"JH378127","14085446","14085744","KQ053421v1","5610673","5610968","76","8474773"
"JH378127","14125643","14125946","KQ055862v1","1305285","1305561","79","12820358"
"JH378127","14170076","14170376","KQ053421v1","5610673","5610968","66","8559403"
"JH378127","14230028","14230317","KQ053785v1","888769","889063","73","13341259"
"JH378127","14323544","14323850","KQ053421v1","5610673","5610968","76","8712871"
"JH378127","14444324","14444538","KQ055662v1","1890465","1890674","56","12553859"
"JH378127","14477391","14477681","KQ053421v1","5610673","5610968","81","8866718"
"JH378127","14500830","14501136","KQ055267v1","513773","514088","73","13987057"
"JH378127","14564430","14564659","KQ058509v1","24058","24271","62","14540372"
"JH378127","14596801","14597111","KQ055267v1","513773","514088","77","14083028"
"JH378127","14639955","14640193","KQ058242v1","595939","596205","100","14044016"
"JH378127","14640201","14640361","KQ057821v1","3059321","3059481","48","11580880"
"JH378127","14655021","14655149","KQ053398v1","2623748","2623879","38","12031273"
"JH378127","14676886","14677182","KQ053421v1","5610673","5610968","69","9066213"
"JH378127","14730955","14731257","KQ053421v1","5610673","5610968","77","9120282"
"JH378127","14923550","14923851","KQ053421v1","5610673","5610968","76","9312877"
"JH378127","14934597","14934842","KQ058242v1","595939","596205","91","14338658"
"JH378127","14969342","14969636","KQ053421v1","5610673","5610968","74","9358669"
"JH378127","14998522","14998814","KQ053421v1","5610673","5610968","87","9387849"
"JH378127","15187047","15187355","KQ053421v1","5610673","5610968","79","9576374"
"JH378127","15218929","15219240","KQ053421v1","5610673","5610968","77","9608256"
"JH378127","15260010","15260309","KQ053421v1","5610673","5610968","69","9649337"
"JH378127","15275679","15275982","KQ058427v1","7786546","7786853","71","7489133"
"JH378127","15284345","15284632","KQ053421v1","5610673","5610968","75","9673672"
"JH378127","15347085","15347391","KQ055352v1","6003171","6003466","72","9343914"
"JH378127","15355408","15355701","KQ053421v1","5610673","5610968","80","9744735"
"JH378127","15367232","15367532","KQ053421v1","5610673","5610968","74","9756559"
"JH378127","15384889","15385190","KQ053421v1","5610673","5610968","69","9774216"
"JH378127","15415849","15416156","KQ053421v1","5610673","5610968","80","9805176"
"JH378127","15606629","15606973","KQ053421v1","5610673","5610968","181","9995956"
"JH378127","15609640","15609956","KQ053421v1","5610673","5610968","92","9998967"
"JH378127","15625304","15625597","KQ053421v1","5610673","5610968","64","10014631"
"JH378127","15627344","15627647","KQ053421v1","5610673","5610968","80","10016671"
"JH378127","15655099","15655229","KQ053398v1","2623748","2623879","24","13031351"
"JH378127","15736584","15736928","KQ055352v1","6003171","6003466","117","9733413"
"JH378127","15740001","15740312","KQ058427v1","7786546","7786853","79","7953455"
"JH378127","15743856","15744160","KQ053421v1","5610673","5610968","78","10133183"
"JH378127","15747525","15747640","KQ056493v1","2043382","2043488","36","13704143"
"JH378127","15786803","15787102","KQ058427v1","7786546","7786853","100","8000257"
"JH378127","15804995","15805298","KQ053421v1","5610673","5610968","77","10194322"
"JH378127","15915606","15915911","KQ053421v1","5610673","5610968","81","10304933"
"JH378127","15918668","15918753","KQ058316v1","2226037","2226104","35","13692631"
"JH378127","15973574","15973829","KQ058242v1","595939","596205","64","15377635"
"JH378127","15999821","16000000","KQ058350v1","9514178","9514352","42","6485643"
"JH378127","16034770","16035064","KQ053421v1","5610673","5610968","77","10424097"
"JH378127","16118527","16118846","KQ058427v1","7786546","7786853","105","8331981"
"JH378127","16236369","16236611","KQ056321v1","575951","576190","71","15660418"
"JH378127","16248941","16249255","KQ053421v1","5610673","5610968","83","10638268"
"JH378127","16347605","16347909","KQ058427v1","7786546","7786853","81","8561059"
"JH378127","16360604","16360893","KQ053421v1","5610673","5610968","86","10749931"
"JH378127","16371898","16372073","KQ057449v1","1214348","1214489","65","15157550"
"JH378127","16387719","16388027","KQ055267v1","513773","514088","73","15873946"
"JH378127","16666092","16666404","KQ053421v1","5610673","5610968","74","11055419"
"JH378127","16757654","16757938","KQ058394v1","9655127","9655422","82","7102527"
"JH378127","16781263","16781555","KQ053421v1","5610673","5610968","69","11170590"
"JH378127","16987828","16988133","KQ055267v1","513773","514088","82","16474055"
"JH378127","16994011","16994326","KQ053421v1","5610673","5610968","79","11383338"
"JH378127","17132496","17132805","KQ055352v1","6003171","6003466","73","11129325"
"JH378127","17138101","17138393","KQ053421v1","5610673","5610968","81","11527428"
"JH378127","17311015","17311311","KQ053421v1","5610673","5610968","80","11700342"
"JH378127","17362904","17363198","KQ053421v1","5610673","5610968","74","11752231"
"JH378127","17386750","17386862","KQ053398v1","2623748","2623879","44","14763002"
"JH378127","17668507","17668805","KQ053421v1","5610673","5610968","66","12057834"
"JH378127","17730032","17730310","KQ057186v1","783828","784085","79","16946204"
"JH378127","17751670","17751972","KQ053421v1","5610673","5610968","75","12140997"
"JH378127","17770596","17770907","KQ055267v1","513773","514088","73","17256823"
"JH378127","17896342","17896653","KQ055267v1","513773","514088","71","17382569"
"JH378127","17983649","17983935","KQ053421v1","5610673","5610968","89","12372976"
"JH378127","18090457","18090745","KQ053421v1","5610673","5610968","79","12479784"
"JH378127","18134101","18134404","KQ053421v1","5610673","5610968","86","12523428"
"JH378127","18147206","18147507","KQ053421v1","5610673","5610968","86","12536533"
"JH378127","18148884","18149195","KQ055352v1","6003171","6003466","73","12145713"
"JH378127","18193881","18194008","KQ053398v1","2623748","2623879","34","15570133"
"JH378127","18468953","18469271","KQ053421v1","5610673","5610968","80","12858280"
"JH378127","18481650","18481965","KQ055352v1","6003171","6003466","85","12478479"
"JH378127","18504935","18505231","KQ053421v1","5610673","5610968","69","12894262"
"JH378127","18596478","18596772","KQ053421v1","5610673","5610968","85","12985805"
"JH378127","18645954","18646260","KQ058427v1","7786546","7786853","73","10859408"
"JH378127","18692755","18692967","KQ058274v1","300327","300497","71","18392428"
"JH378127","18697563","18697860","KQ058427v1","7786546","7786853","84","10911017"
"JH378127","18698310","18698620","KQ055267v1","513773","514088","81","18184537"
"JH378127","18795377","18795686","KQ053421v1","5610673","5610968","72","13184704"
"JH378127","18821893","18822077","ABDC02053644v1","2226","2419","67","18819667"
"JH378127","18836344","18836653","KQ053421v1","5610673","5610968","97","13225671"
"JH378127","18878515","18878737","KQ058594v1","5950443","5950621","86","12928072"
"JH378127","18907406","18907676","KQ053421v1","5610673","5610968","88","13296733"
"JH378127","18932183","18932486","KQ053421v1","5610673","5610968","69","13321510"
"JH378127","18935101","18935249","KQ053398v1","2623748","2623879","46","16311353"
"JH378127","18947527","18947828","KQ053421v1","5610673","5610968","70","13336854"
"JH378127","18958374","18958670","KQ053421v1","5610673","5610968","84","13347701"
"JH378127","18984430","18984733","KQ053421v1","5610673","5610968","81","13373757"
"JH378127","19185305","19185590","KQ053421v1","5610673","5610968","83","13574632"
"JH378127","19217884","19218186","KQ053421v1","5610673","5610968","78","13607211"
"JH378127","19226597","19226897","KQ055352v1","6003171","6003466","82","13223426"
"JH378127","19247392","19247687","KQ055862v1","1305285","1305561","77","17942107"
"JH378127","19292440","19292667","KQ054068v1","3638075","3638299","78","15654365"
"JH378127","19327809","19328129","KQ053421v1","5610673","5610968","94","13717136"
"JH378127","19346812","19347108","KQ053421v1","5610673","5610968","74","13736139"
"JH378127","19347240","19347503","KQ053883v1","6938067","6938331","97","12409173"
"JH378127","19588387","19588695","KQ053421v1","5610673","5610968","68","13977714"
"JH378127","19627251","19627541","KQ053421v1","5610673","5610968","91","14016578"
"JH378127","19730323","19730610","KQ053421v1","5610673","5610968","81","14119650"
"JH378127","19753823","19754106","KQ054815v1","2215557","2215844","76","17538266"
"JH378127","20078224","20078519","KQ053421v1","5610673","5610968","71","14467551"
"JH378127","20199064","20199360","KQ053421v1","5610673","5610968","67","14588391"
"JH378127","20223473","20223785","KQ055267v1","513773","514088","74","19709700"
"JH378127","20277635","20277960","KQ055267v1","513773","514088","92","19763862"
"JH378127","20308980","20309284","KQ053421v1","5610673","5610968","79","14698307"
"JH378127","20355526","20355856","KQ055267v1","513773","514088","88","19841753"
"JH378127","20392590","20392820","KQ057380v1","3344874","3345081","73","17047716"
"JH378127","20419233","20419480","KQ055717v1","1610777","1611031","85","18808456"
"JH378127","20536408","20536717","KQ055352v1","6003171","6003466","75","14533237"
"JH378127","20564658","20564960","KQ053421v1","5610673","5610968","72","14953985"
"JH378127","20614916","20615212","KQ053421v1","5610673","5610968","70","15004243"
"JH378127","20644146","20644437","KQ053421v1","5610673","5610968","80","15033473"
"JH378127","20648839","20649117","KQ053421v1","5610673","5610968","78","15038166"
"JH378127","20651219","20651491","KQ058505v1","2207051","2207301","97","18444168"
"JH378127","20730179","20730304","KQ053398v1","2623748","2623879","35","18106431"
"JH378127","20739746","20740042","KQ053421v1","5610673","5610968","75","15129073"
"JH378127","20755070","20755372","KQ053785v1","888769","889063","100","19866301"
"JH378127","20765959","20766267","KQ055352v1","6003171","6003466","73","14762788"
"JH378127","20859951","20860261","KQ055267v1","513773","514088","71","20346178"
"JH378127","20876068","20876347","KQ054815v1","2215557","2215844","93","18660511"
"JH378127","20914872","20915186","KQ053421v1","5610673","5610968","99","15304199"
"JH378127","20951379","20951640","KQ058242v1","595939","596205","68","20355440"
"JH378127","20993595","20993882","KQ055862v1","1305285","1305561","79","19688310"
"JH378127","20993963","20994210","KQ057909v1","9290159","9290423","92","11703804"
"JH378127","21036906","21037105","KQ055914v1","670963","671119","71","20365943"
"JH378127","21115078","21115236","KQ053267v1","1313653","1313811","47","19801425"
"JH378127","21155269","21155577","KQ053421v1","5610673","5610968","75","15544596"
"JH378127","21162240","21162535","KQ053421v1","5610673","5610968","74","15551567"
"JH378127","21361687","21361981","KQ055267v1","513773","514088","95","20847914"
"JH378127","21394309","21394582","KQ058242v1","595939","596205","81","20798370"
"JH378127","21407315","21407603","KQ053421v1","5610673","5610968","88","15796642"
"JH378127","21436490","21436763","KQ058339v1","4553625","4553889","76","16882865"
"JH378127","21544292","21544632","KQ053059v1","2548766","2549102","99","18995526"
"JH378127","21795893","21796201","KQ055267v1","513773","514088","82","21282120"
"JH378127","21898873","21899169","KQ053421v1","5610673","5610968","85","16288200"
"JH378127","21933588","21933651","KQ055214v1","1493444","1493515","20","20440144"
"JH378127","21956600","21956745","KQ054401v1","3363241","3363379","37","18593359"
"JH378127","22065429","22065728","KQ053421v1","5610673","5610968","84","16454756"
"JH378127","22068079","22068353","KQ058242v1","595939","596205","83","21472140"
"JH378127","22148831","22149072","KQ058509v1","24058","24271","76","22124773"
"JH378127","22171734","22172040","KQ058427v1","7786546","7786853","85","14385188"
"JH378127","22175559","22175740","KQ053234v1","1679581","1679757","55","20495978"
"JH378127","22193733","22194037","KQ053421v1","5610673","5610968","75","16583060"
"JH378127","22216523","22216812","KQ053785v1","888769","889063","87","21327754"
"JH378127","22241658","22241960","KQ053421v1","5610673","5610968","83","16630985"
"JH378127","22268718","22269017","KQ053421v1","5610673","5610968","72","16658045"
"JH378127","22271847","22272142","KQ053421v1","5610673","5610968","72","16661174"
"JH378127","22294602","22294883","KQ053421v1","5610673","5610968","80","16683929"
"JH378127","22303016","22303303","KQ058427v1","7786546","7786853","83","14516470"
"JH378127","22336522","22336843","KQ058427v1","7786546","7786853","87","14549976"
"JH378127","22396148","22396359","KQ055662v1","1890465","1890674","57","20505683"
"JH378127","22501968","22502255","KQ053421v1","5610673","5610968","78","16891295"
"JH378127","22518998","22519325","KQ053059v1","2548766","2549102","93","19970232"
"JH378127","22534038","22534308","KQ053421v1","5610673","5610968","80","16923365"
"JH378127","22597721","22598048","KQ058427v1","7786546","7786853","90","14811175"
"JH378127","22764507","22764673","KQ058423v1","270754","270928","39","22493753"
"JH378127","22817468","22817752","KQ053421v1","5610673","5610968","83","17206795"
"JH378127","22824145","22824419","KQ055862v1","1305285","1305561","68","21518860"
"JH378127","22828276","22828591","KQ053059v1","2548766","2549102","94","20279510"
"JH378127","22879192","22879491","KQ054815v1","2215557","2215844","85","20663635"
"JH378127","22903269","22903363","KQ056279v1","759081","759162","26","22144188"
"JH378127","22953741","22953963","KQ053234v1","1414405","1414609","70","21539336"
"JH378127","22958647","22958953","KQ055267v1","513773","514088","74","22444874"
"JH378127","22976116","22976413","KQ053421v1","5610673","5610968","88","17365443"
"JH378127","22995165","22995462","KQ053421v1","5610673","5610968","88","17384492"
"JH378127","23063811","23064074","KQ058242v1","595939","596205","70","22467872"
"JH378127","23081115","23081354","KQ058242v1","595939","596205","86","22485176"
"JH378127","23161599","23161949","KQ053059v1","2548766","2549102","193","20612833"
"JH378127","23179812","23180023","KQ058274v1","300327","300497","69","22879485"
"JH378127","23201127","23201388","KQ058427v1","6786866","6787134","90","16414261"
"JH378127","23241720","23242061","KQ058427v1","7786546","7786853","109","15455174"
"JH378127","23291970","23292272","KQ053421v1","5610673","5610968","67","17681297"
"JH378127","23305813","23305942","KQ053398v1","2623748","2623879","33","20682065"
"JH378127","23728610","23728907","KQ053421v1","5610673","5610968","84","18117937"
"JH378127","23804931","23805246","KQ055352v1","6003171","6003466","81","17801760"
"JH378127","23819362","23819568","KQ053752v1","8015097","8015288","54","15804265"
"JH378127","23924033","23924333","KQ053421v1","5610673","5610968","72","18313360"
"JH378127","23937190","23937487","KQ053421v1","5610673","5610968","68","18326517"
"JH378127","23954255","23954556","KQ053421v1","5610673","5610968","66","18343582"
"JH378127","23974146","23974460","KQ055267v1","513773","514088","81","23460373"
"JH378127","23983788","23984093","KQ053421v1","5610673","5610968","83","18373115"
"JH378127","24161111","24161406","KQ058339v1","4553625","4553889","78","19607486"
"JH378127","24161877","24162070","KQ053234v1","1679581","1679757","68","22482296"
"JH378127","24189861","24190169","KQ053421v1","5610673","5610968","71","18579188"
"JH378127","24217863","24218179","KQ055352v1","6003171","6003466","82","18214692"
"JH378127","24357433","24357733","KQ053421v1","5610673","5610968","69","18746760"
"JH378127","24512829","24513079","KQ057901v1","868884","869144","73","23643945"
"JH378127","24713485","24713787","KQ055267v1","513773","514088","79","24199712"
"JH378127","24713895","24714184","KQ053421v1","5610673","5610968","74","19103222"
"JH378127","24715857","24716154","KQ053421v1","5610673","5610968","76","19105184"
"JH378127","24944293","24944558","KQ055352v1","6003171","6003466","95","18941122"
"JH378127","24994716","24995009","KQ053421v1","5610673","5610968","84","19384043"
"JH378127","25079627","25079916","KQ053421v1","5610673","5610968","89","19468954"
"JH378127","25091558","25091820","KQ058242v1","595939","596205","76","24495619"
"JH378127","25222082","25222370","KQ053421v1","5610673","5610968","77","19611409"
"JH378127","25259766","25260069","KQ058427v1","7786546","7786853","71","17473220"
"JH378127","25443198","25443518","KQ058427v1","7786546","7786853","87","17656652"
"JH378127","25640887","25641092","KQ055140v1","659740","659924","59","24981147"
"JH378127","25644363","25644779","KQ058427v1","7786546","7786853","169","17857817"
"JH378127","25822224","25822543","KQ055352v1","6003171","6003466","92","19819053"
"JH378127","25828592","25828862","KQ055830v1","661716","661986","93","25166876"
"JH378127","25973027","25973326","KQ053421v1","5610673","5610968","68","20362354"
"JH378127","26052613","26052917","KQ053421v1","5610673","5610968","81","20441940"
"JH378127","26064114","26064419","KQ053421v1","5610673","5610968","76","20453441"
"JH378127","26085644","26085880","KQ052982v1","2032903","2033097","84","24052741"
"JH378127","26318513","26318815","KQ053421v1","5610673","5610968","98","20707840"
"JH378128","11927452","11927724","KQ058242v1","595939","596205","79","11331513"
"JH378128","13922","14225","KQ053421v1","5610673","5610968","102","5596751"
"JH378128","20694","20991","KQ053421v1","5610673","5610968","75","5589979"
"JH378128","312287","312590","KQ058427v1","7786546","7786853","81","7474259"
"JH378128","428703","428979","KQ058339v1","4553625","4553889","81","4124922"
"JH378128","437248","437526","KQ055267v1","513773","514088","96","76525"
"JH378128","644171","644453","KQ053421v1","5610673","5610968","78","4966502"
"JH378128","772064","772360","KQ055267v1","513773","514088","81","258291"
"JH378128","838587","838881","KQ053421v1","5610673","5610968","69","4772086"
"JH378128","922179","922491","KQ055267v1","513773","514088","73","408406"
"JH378128","999063","999348","KQ053421v1","5610673","5610968","88","4611610"
"JH378128","1012393","1012721","KQ053059v1","2548766","2549102","90","1536373"
"JH378128","1033494","1033762","KQ053421v1","5610673","5610968","86","4577179"
"JH378128","1051329","1051609","KQ053421v1","5610673","5610968","78","4559344"
"JH378128","1225131","1225435","KQ055352v1","6003171","6003466","73","4778040"
"JH378128","1531694","1531995","KQ055352v1","6003171","6003466","68","4471477"
"JH378128","1552069","1552364","KQ053421v1","5610673","5610968","68","4058604"
"JH378128","1685251","1685558","KQ055352v1","6003171","6003466","71","4317920"
"JH378128","1704336","1704639","KQ053421v1","5610673","5610968","72","3906337"
"JH378128","1712507","1712809","KQ053421v1","5610673","5610968","77","3898166"
"JH378128","1737556","1737872","KQ055267v1","513773","514088","78","1223783"
"JH378128","2058235","2058535","KQ053421v1","5610673","5610968","90","3552438"
"JH378128","2115388","2115691","KQ053421v1","5610673","5610968","80","3495285"
"JH378128","2241511","2241823","KQ053421v1","5610673","5610968","82","3369162"
"JH378128","2269571","2269771","KQ058594v1","5950443","5950621","54","3680872"
"JH378128","2282286","2282524","KQ058509v1","24058","24271","80","2258228"
"JH378128","2297058","2297416","KQ058427v1","7786546","7786853","126","5489488"
"JH378128","2373967","2374274","KQ053421v1","5610673","5610968","83","3236706"
"JH378128","2442502","2442798","KQ053421v1","5610673","5610968","81","3168171"
"JH378128","2843662","2843858","KQ057449v1","1214348","1214489","89","1629314"
"JH378128","2908201","2908513","KQ055267v1","513773","514088","88","2394428"
"JH378128","2945704","2945990","KQ058242v1","595939","596205","84","2349765"
"JH378128","2956546","2956792","KQ058505v1","2207051","2207301","89","749495"
"JH378128","2960758","2960936","KQ053993v1","1251070","1251235","46","1709688"
"JH378128","2968345","2968648","KQ053421v1","5610673","5610968","70","2642328"
"JH378128","3028635","3028947","KQ058427v1","7786546","7786853","82","4757911"
"JH378128","3165411","3165717","KQ058427v1","7786546","7786853","81","4621135"
"JH378128","3241416","3241694","KQ056321v1","575951","576190","100","2665465"
"JH378128","3248507","3248718","KQ058509v1","24058","24271","79","3224449"
"JH378128","3454409","3454720","KQ055267v1","513773","514088","76","2940636"
"JH378128","3607960","3608276","KQ053421v1","5610673","5610968","91","2002713"
"JH378128","3634338","3634630","KQ053421v1","5610673","5610968","75","1976335"
"JH378128","3689456","3689766","KQ058427v1","7786546","7786853","81","4097090"
"JH378128","3764454","3764758","KQ058427v1","7786546","7786853","82","4022092"
"JH378128","3812756","3813057","KQ053421v1","5610673","5610968","66","1797917"
"JH378128","3820759","3821070","KQ055352v1","6003171","6003466","100","2182412"
"JH378128","3864469","3864742","KQ058242v1","595939","596205","82","3268530"
"JH378128","4057992","4058203","KQ056064v1","326763","326940","81","3731229"
"JH378128","4066300","4066604","KQ053421v1","5610673","5610968","81","1544373"
"JH378128","4104894","4105097","KQ055662v1","1890465","1890674","57","2214429"
"JH378128","4446905","4447110","ABDC02053644v1","2226","2419","87","4444679"
"JH378128","4476321","4476635","KQ053421v1","5610673","5610968","88","1134352"
"JH378128","4524465","4524763","KQ053421v1","5610673","5610968","78","1086208"
"JH378128","4551908","4552037","KQ053398v1","2623748","2623879","38","1928160"
"JH378128","4717098","4717271","KQ058274v1","300327","300497","56","4416771"
"JH378128","4983009","4983319","KQ053421v1","5610673","5610968","83","627664"
"JH378128","4998269","4998566","KQ053421v1","5610673","5610968","89","612404"
"JH378128","5119869","5119968","KQ056235v1","1266284","1266361","42","3853585"
"JH378128","5147472","5147778","KQ053421v1","5610673","5610968","79","463201"
"JH378128","5210939","5211250","KQ055352v1","6003171","6003466","72","792232"
"JH378128","5288919","5289191","KQ058242v1","595939","596205","82","4692980"
"JH378128","5351474","5351785","KQ055352v1","6003171","6003466","78","651697"
"JH378128","5384698","5384997","KQ053421v1","5610673","5610968","69","225975"
"JH378128","5400628","5400931","KQ053421v1","5610673","5610968","70","210045"
"JH378128","5512108","5512426","KQ053421v1","5610673","5610968","83","98565"
"JH378128","5534836","5535132","KQ053421v1","5610673","5610968","84","75837"
"JH378128","5599230","5599545","KQ053421v1","5610673","5610968","80","11443"
"JH378128","5617984","5618286","KQ053421v1","5610673","5610968","77","7311"
"JH378128","5631646","5631797","KQ058428v1","1396698","1396861","49","4234948"
"JH378128","5710830","5711125","KQ058427v1","7786546","7786853","85","2075716"
"JH378128","5725232","5725498","KQ053421v1","5610673","5610968","87","114559"
"JH378128","5830665","5830964","KQ053421v1","5610673","5610968","71","219992"
"JH378128","5882118","5882424","KQ055267v1","513773","514088","88","5368345"
"JH378128","5882910","5883203","KQ053421v1","5610673","5610968","74","272237"
"JH378128","6092365","6092698","KQ058427v1","7786546","7786853","100","1694181"
"JH378128","6212461","6212773","KQ055267v1","513773","514088","75","5698688"
"JH378128","6289984","6290295","KQ055267v1","513773","514088","73","5776211"
"JH378128","6302640","6302915","KQ055862v1","1305285","1305561","91","4997355"
"JH378128","6556395","6556679","KQ053421v1","5610673","5610968","83","945722"
"JH378128","6580832","6581142","KQ055267v1","513773","514088","70","6067059"
"JH378128","6651851","6652164","KQ058427v1","7786546","7786853","88","1134695"
"JH378128","6662551","6662850","KQ058427v1","7786546","7786853","82","1123995"
"JH378128","6668947","6669240","KQ053421v1","5610673","5610968","74","1058274"
"JH378128","6716591","6716888","KQ053421v1","5610673","5610968","78","1105918"
"JH378128","6747049","6747329","KQ053785v1","888769","889063","89","5858280"
"JH378128","6838154","6838451","KQ058427v1","7786546","7786853","88","948392"
"JH378128","6849269","6849572","KQ053421v1","5610673","5610968","77","1238596"
"JH378128","7001464","7001772","KQ055267v1","513773","514088","70","6487691"
"JH378128","7091226","7091501","KQ055862v1","1305285","1305561","81","5785941"
"JH378128","7166725","7167039","KQ053421v1","5610673","5610968","98","1556052"
"JH378128","7169393","7169694","KQ053421v1","5610673","5610968","80","1558720"
"JH378128","7207347","7207650","KQ053421v1","5610673","5610968","71","1596674"
"JH378128","7248728","7249023","KQ053421v1","5610673","5610968","77","1638055"
"JH378128","7301575","7301868","KQ053421v1","5610673","5610968","70","1690902"
"JH378128","7345136","7345438","KQ053421v1","5610673","5610968","83","1734463"
"JH378128","7364755","7365043","KQ053421v1","5610673","5610968","90","1754082"
"JH378128","7516682","7516953","KQ057901v1","868884","869144","89","6647798"
"JH378128","7816847","7816943","KQ055903v1","238545","238616","36","7578302"
"JH378128","7971378","7971595","KQ056064v1","326763","326940","82","7644615"
"JH378128","8064062","8064371","KQ055352v1","6003171","6003466","76","2060891"
"JH378128","8104679","8104974","KQ053421v1","5610673","5610968","83","2494006"
"JH378128","8253852","8254167","KQ058427v1","7786546","7786853","81","467306"
"JH378128","8254254","8254561","KQ058427v1","7786546","7786853","76","467708"
"JH378128","8367573","8367862","KQ053421v1","5610673","5610968","82","2756900"
"JH378128","8571526","8571794","KQ058640v1","643463","643729","94","7928063"
"JH378128","8599986","8600192","KQ055662v1","1890465","1890674","60","6709521"
"JH378128","8603211","8603500","KQ058427v1","7786546","7786853","88","816665"
"JH378128","8634467","8634754","KQ053421v1","5610673","5610968","77","3023794"
"JH378128","8695505","8695635","KQ053398v1","2623748","2623879","36","6071757"
"JH378128","8754181","8754460","KQ058242v1","595939","596205","91","8158242"
"JH378128","8777667","8777977","KQ055352v1","6003171","6003466","72","2774496"
"JH378128","8797226","8797520","KQ053421v1","5610673","5610968","87","3186553"
"JH378128","8980471","8980772","KQ053421v1","5610673","5610968","70","3369798"
"JH378128","9002228","9002531","KQ053421v1","5610673","5610968","69","3391555"
"JH378128","9093264","9093394","KQ053398v1","2623748","2623879","40","6469516"
"JH378128","9148247","9148555","KQ055267v1","513773","514088","72","8634474"
"JH378128","9264198","9264506","KQ055352v1","6003171","6003466","77","3261027"
"JH378128","9301803","9302054","KQ058509v1","24058","24271","82","9277745"
"JH378128","9370205","9370516","KQ055267v1","513773","514088","74","8856432"
"JH378128","9452057","9452367","KQ058427v1","7786546","7786853","93","1665511"
"JH378128","9517663","9517979","KQ053421v1","5610673","5610968","92","3906990"
"JH378128","9740151","9740432","KQ053421v1","5610673","5610968","75","4129478"
"JH378128","9769313","9769597","KQ058242v1","595939","596205","75","9173374"
"JH378128","9819545","9819830","KQ053421v1","5610673","5610968","95","4208872"
"JH378128","9910543","9910852","KQ055267v1","513773","514088","72","9396770"
"JH378128","9915032","9915324","KQ053421v1","5610673","5610968","78","4304359"
"JH378128","10005285","10005521","KQ055662v1","1890465","1890674","72","8114820"
"JH378128","10028315","10028638","KQ055267v1","513773","514088","84","9514542"
"JH378128","10030781","10031089","KQ055352v1","6003171","6003466","78","4027610"
"JH378128","10179116","10179398","KQ053421v1","5610673","5610968","73","4568443"
"JH378128","10218151","10218457","KQ053421v1","5610673","5610968","81","4607478"
"JH378128","10330497","10330682","KQ053234v1","1679581","1679757","47","8650916"
"JH378128","10374763","10375014","KQ058242v1","595939","596205","80","9778824"
"JH378128","10621130","10621397","KQ058242v1","595939","596205","78","10025191"
"JH378128","10684944","10685257","KQ058427v1","7786546","7786853","72","2898398"
"JH378128","10743013","10743335","KQ055267v1","513773","514088","93","10229240"
"JH378128","10753994","10754303","KQ055267v1","513773","514088","79","10240221"
"JH378128","10761525","10761821","KQ053421v1","5610673","5610968","92","5150852"
"JH378128","10860182","10860452","KQ058242v1","595939","596205","76","10264243"
"JH378128","10863168","10863469","KQ053421v1","5610673","5610968","75","5252495"
"JH378128","10910877","10911177","KQ053421v1","5610673","5610968","76","5300204"
"JH378128","11020473","11020807","KQ053421v1","5610673","5610968","106","5409800"
"JH378128","11114161","11114471","KQ058394v1","9655127","9655422","80","1459034"
"JH378128","11247452","11247742","KQ055267v1","513773","514088","87","10733679"
"JH378128","11381625","11381752","KQ053398v1","2627781","2627909","41","8753844"
"JH378128","11399013","11399317","KQ055267v1","513773","514088","70","10885240"
"JH378128","11414768","11415075","KQ055352v1","6003171","6003466","72","5411597"
"JH378128","11417332","11417636","KQ055352v1","6003171","6003466","71","5414161"
"JH378128","11517539","11517835","KQ058339v1","4553625","4553889","165","6963914"
"JH378128","11571357","11571663","KQ055352v1","6003171","6003466","71","5568186"
"JH378128","11591640","11591935","KQ053421v1","5610673","5610968","76","5980967"
"JH378128","11722552","11722821","KQ056321v1","575951","576190","89","11146601"
"JH378128","11778832","11779131","KQ053421v1","5610673","5610968","79","6168159"
"JH378128","11809728","11809837","KQ056493v1","2043382","2043488","47","9766346"
"JH378128","11893637","11893925","KQ058427v1","7786546","7786853","97","4107091"
"JH378128","11940932","11941213","KQ053421v1","5610673","5610968","74","6330259"
"JH378128","11968282","11968599","KQ058427v1","7786546","7786853","92","4181736"
"JH378128","11997219","11997532","KQ055267v1","513773","514088","69","11483446"
"JH378128","12024456","12024771","KQ053421v1","5610673","5610968","94","6413783"
"JH378128","12056995","12057303","KQ058427v1","7786546","7786853","71","4270449"
"JH378128","12090020","12090187","KQ053993v1","1251070","1251235","37","10838950"
"JH378128","12106195","12106483","KQ058427v1","7786546","7786853","85","4319649"
"JH378128","12125016","12125333","KQ058427v1","7786546","7786853","94","4338470"
"JH378128","12213653","12213931","KQ053421v1","5610673","5610968","94","6602980"
"JH378128","12279466","12279758","KQ058394v1","9655127","9655422","78","2624339"
"JH378128","12375958","12376247","KQ053421v1","5610673","5610968","76","6765285"
"JH378128","12378135","12378251","KQ058309v1","1090877","1091006","41","11287258"
"JH378128","12380286","12380594","KQ055267v1","513773","514088","77","11866513"
"JH378128","12382774","12383084","KQ055267v1","513773","514088","81","11869001"
"JH378128","12426688","12426983","KQ053421v1","5610673","5610968","72","6816015"
"JH378128","12479210","12479514","KQ058427v1","7786546","7786853","85","4692664"
"JH378128","12558564","12558849","KQ057186v1","783828","784085","104","11774736"
"JH378128","12593822","12594131","KQ055267v1","513773","514088","70","12080049"
"JH378128","12698530","12698821","KQ055862v1","1305285","1305561","80","11393245"
"JH378128","12735692","12735994","KQ053421v1","5610673","5610968","72","7125019"
"JH378128","12809849","12810161","KQ055267v1","513773","514088","76","12296076"
"JH378128","12843661","12843971","KQ058427v1","7786546","7786853","82","5057115"
"JH378128","12862168","12862480","KQ055352v1","6003171","6003466","73","6858997"
"JH378128","12958971","12959275","KQ053421v1","5610673","5610968","83","7348298"
"JH378128","12978297","12978601","KQ053421v1","5610673","5610968","73","7367624"
"JH378128","12990318","12990634","KQ058427v1","7786546","7786853","86","5203772"
"JH378128","13026021","13026330","KQ055267v1","513773","514088","77","12512248"
"JH378128","13101620","13101919","KQ053421v1","5610673","5610968","70","7490947"
"JH378128","13347070","13347373","KQ053421v1","5610673","5610968","82","7736397"
"JH378128","13391153","13391277","KQ056911v1","1421731","1421862","38","11969422"
"JH378128","13588050","13588294","KQ058242v1","595939","596205","86","12992111"
"JH378128","13643666","13643974","KQ055267v1","513773","514088","80","13129893"
"JH378128","13748969","13749263","KQ053421v1","5610673","5610968","84","8138296"
"JH378128","13751397","13751671","KQ055862v1","1305285","1305561","87","12446112"
"JH378128","13918091","13918381","KQ053421v1","5610673","5610968","83","8307418"
"JH378128","14064327","14064467","KQ054401v1","3363241","3363379","38","10701086"
"JH378128","14066173","14066464","KQ053421v1","5610673","5610968","86","8455500"
"JH378128","14083124","14083435","KQ055267v1","513773","514088","75","13569351"
"JH378128","14114236","14114521","KQ053421v1","5610673","5610968","84","8503563"
"JH378128","14117243","14117525","KQ058339v1","4553625","4553889","80","9563618"
"JH378128","14138233","14138526","KQ053421v1","5610673","5610968","75","8527560"
"JH378128","14178240","14178542","KQ055267v1","513773","514088","79","13664467"
"JH378128","14306588","14306862","KQ053421v1","5610673","5610968","79","8695915"
"JH378128","14438182","14438477","KQ053421v1","5610673","5610968","72","8827509"
"JH378128","14439228","14439533","KQ055267v1","513773","514088","75","13925455"
"JH378128","14536036","14536341","KQ053421v1","5610673","5610968","72","8925363"
"JH378128","14548669","14548979","KQ055352v1","6003171","6003466","75","8545498"
"JH378128","14558491","14558781","KQ053421v1","5610673","5610968","82","8947818"
"JH378128","14583968","14584115","KQ053398v1","2623748","2623879","48","11960220"
"JH378128","14701381","14701671","KQ053421v1","5610673","5610968","70","9090708"
"JH378128","14720474","14720774","KQ053421v1","5610673","5610968","68","9109801"
"JH378128","14910274","14910393","KQ055903v1","238545","238616","59","14671729"
"JH378128","14966135","14966445","KQ055352v1","6003171","6003466","68","8962964"
"JH378128","15034840","15035080","KQ058242v1","595939","596205","80","14438901"
"JH378128","15112085","15112379","KQ053421v1","5610673","5610968","69","9501412"
"JH378128","15152065","15152263","KQ056064v1","326763","326940","63","14825302"
"JH378128","15165432","15165710","KQ053421v1","5610673","5610968","88","9554759"
"JH378128","15210777","15211085","KQ055352v1","6003171","6003466","70","9207606"
"JH378128","15300703","15300991","KQ053421v1","5610673","5610968","82","9690030"
"JH378128","15513239","15513524","KQ053421v1","5610673","5610968","76","9902566"
"JH378128","15535813","15536065","KQ058505v1","2207051","2207301","81","13328762"
"JH378128","15580606","15580914","KQ058427v1","7786546","7786853","74","7794060"
"JH378128","15704454","15704765","KQ058427v1","7786546","7786853","80","7917908"
"JH378128","15852371","15852672","KQ055352v1","6003171","6003466","106","9849200"
"JH378128","15884635","15884928","KQ058427v1","7786546","7786853","86","8098089"
"JH378128","15991272","15991583","KQ055352v1","6003171","6003466","75","9988101"
"JH378128","16061273","16061572","KQ053421v1","5610673","5610968","91","10450600"
"JH378128","16158167","16158478","KQ055352v1","6003171","6003466","70","10154996"
"JH378128","16195995","16196091","KQ056279v1","759081","759162","35","15436914"
"JH378128","16219220","16219540","KQ055267v1","513773","514088","95","15705447"
"JH378128","16228424","16228622","KQ058594v1","5950443","5950621","68","10277981"
"JH378128","16236800","16237084","KQ053421v1","5610673","5610968","86","10626127"
"JH378128","16440615","16440920","KQ055352v1","6003171","6003466","72","10437444"
"JH378128","16614262","16614585","KQ058427v1","7786546","7786853","108","8827716"
"JH378128","16695678","16695843","KQ058428v1","1396698","1396861","53","15298980"
"JH378128","16857846","16858063","KQ052982v1","2032903","2033097","58","14824943"
"JH378128","17066643","17066861","KQ058274v1","300327","300497","82","16766316"
"JH378128","17145063","17145373","KQ053421v1","5610673","5610968","70","11534390"
"JH378128","17184493","17184812","KQ053421v1","5610673","5610968","88","11573820"
"JH378128","17328582","17328893","KQ053421v1","5610673","5610968","90","11717909"
"JH378128","17340975","17341269","KQ053421v1","5610673","5610968","81","11730302"
"JH378128","17454836","17455130","KQ053421v1","5610673","5610968","72","11844163"
"JH378128","17498406","17498692","KQ053421v1","5610673","5610968","71","11887733"
"JH378128","17539680","17539944","KQ058640v1","643463","643729","90","16896217"
"JH378128","17566451","17566764","KQ053421v1","5610673","5610968","92","11955778"
"JH378128","17572919","17573230","KQ053421v1","5610673","5610968","75","11962246"
"JH378128","17591439","17591722","KQ054815v1","2215557","2215844","80","15375882"
"JH378128","17631798","17632084","KQ053421v1","5610673","5610968","78","12021125"
"JH378128","17709420","17709737","KQ058427v1","7786546","7786853","94","9922874"
"JH378128","17793162","17793473","KQ055267v1","513773","514088","75","17279389"
"JH378128","17827920","17828068","KQ053398v1","2623748","2623879","51","15204172"
"JH378128","17872007","17872296","KQ053421v1","5610673","5610968","78","12261334"
"JH378128","17919068","17919350","KQ054815v1","2215557","2215844","78","15703511"
"JH378128","17955066","17955368","KQ053421v1","5610673","5610968","68","12344393"
"JH378128","18139489","18139793","KQ053421v1","5610673","5610968","77","12528816"
"JH378128","18207142","18207444","KQ053421v1","5610673","5610968","82","12596469"
"JH378128","18476699","18476992","KQ053421v1","5610673","5610968","84","12866026"
"JH378128","18501661","18501966","KQ055352v1","6003171","6003466","72","12498490"
"JH378128","18609302","18609641","KQ055352v1","6003171","6003466","103","12606131"
"JH378128","18665197","18665506","KQ055267v1","513773","514088","76","18151424"
"JH378128","18668944","18669251","KQ053421v1","5610673","5610968","86","13058271"
"JH378128","18689497","18689778","KQ055830v1","661716","661986","95","18027781"
"JH378128","18710646","18710952","KQ055352v1","6003171","6003466","70","12707475"
"JH378128","18770688","18770957","KQ056321v1","575951","576190","101","18194737"
"JH378128","18780982","18781238","KQ058242v1","595939","596205","80","18185043"
"JH378128","18844208","18844503","KQ053421v1","5610673","5610968","89","13233535"
"JH378128","18915069","18915347","KQ053421v1","5610673","5610968","80","13304396"
"JH378128","19001345","19001509","KQ053531v1","6571","6737","70","18994774"
"JH378128","19052787","19053099","KQ053421v1","5610673","5610968","88","13442114"
"JH378128","19131598","19131905","KQ053421v1","5610673","5610968","82","13520925"
"JH378128","19228722","19229027","KQ058427v1","7786546","7786853","75","11442176"
"JH378128","19254140","19254272","KQ054401v1","3363241","3363379","36","15890899"
"JH378128","19397151","19397421","KQ057901v1","868884","869144","95","18528267"
"JH378128","19722369","19722677","KQ055352v1","6003171","6003466","70","13719198"
"JH378128","19795465","19795623","KQ058428v1","1396698","1396861","58","18398767"
"JH378128","19997692","19997997","KQ055352v1","6003171","6003466","75","13994521"
"JH378128","20159354","20159663","KQ053421v1","5610673","5610968","71","14548681"
"JH378128","20233043","20233212","KQ058274v1","300327","300497","61","19932716"
"JH378128","20454145","20454438","KQ058339v1","4553625","4553889","86","15900520"
"JH378128","20464056","20464266","ABDC02053644v1","2226","2419","78","20461830"
"JH378128","20627784","20628074","KQ053421v1","5610673","5610968","73","15017111"
"JH378128","21190733","21191045","KQ055267v1","513773","514088","84","20676960"
"JH378128","21357641","21357951","KQ055267v1","513773","514088","74","20843868"
"JH378128","21374353","21374642","KQ053421v1","5610673","5610968","86","15763680"
"JH378128","21512612","21512889","KQ053421v1","5610673","5610968","85","15901939"
"JH378128","21538278","21538589","KQ055352v1","6003171","6003466","71","15535107"
"JH378128","21974130","21974437","KQ055267v1","513773","514088","80","21460357"
"JH378128","21992312","21992612","KQ053421v1","5610673","5610968","72","16381639"
"JH378128","22069613","22069907","KQ058427v1","7786546","7786853","81","14283067"
"JH378128","22162026","22162336","KQ055267v1","513773","514088","82","21648253"
"JH378128","22241102","22241386","KQ058242v1","595939","596205","92","21645163"
"JH378128","22253080","22253381","KQ055352v1","6003171","6003466","76","16249909"
"JH378128","22359311","22359612","KQ058427v1","7786546","7786853","77","14572765"
"JH378128","22509609","22509864","KQ057186v1","783828","784085","104","21725781"
"JH378128","22607952","22608260","KQ053421v1","5610673","5610968","75","16997279"
"JH378128","22639467","22639763","KQ053421v1","5610673","5610968","67","17028794"
"JH378128","22661723","22662035","KQ055267v1","513773","514088","87","22147950"
"JH378128","22673467","22673754","KQ054815v1","2215557","2215844","87","20457910"
"JH378128","22739094","22739398","KQ053421v1","5610673","5610968","89","17128421"
"JH378128","22831349","22831641","KQ053421v1","5610673","5610968","73","17220676"
"JH378128","23157355","23157646","KQ053421v1","5610673","5610968","80","17546682"
"JH378128","23274557","23274688","KQ053398v1","2627781","2627909","39","20646776"
"JH378128","23418617","23418977","KQ053135v1","5034940","5035266","113","18383677"
"JH378128","23479077","23479360","KQ058394v1","9655127","9655422","83","13823950"
"JH378128","23518540","23518643","KQ056279v1","759081","759162","36","22759459"
"JH378128","23770402","23770595","KQ058350v1","9514178","9514352","47","14256224"
"JH378128","23782392","23782689","KQ053421v1","5610673","5610968","68","18171719"
"JH378128","23784661","23784947","KQ053421v1","5610673","5610968","89","18173988"
"JH378128","23853315","23853621","KQ053421v1","5610673","5610968","81","18242642"
"JH378128","23865559","23865857","KQ053421v1","5610673","5610968","80","18254886"
"JH378128","23872041","23872352","KQ053421v1","5610673","5610968","84","18261368"
"JH378128","24045706","24046011","KQ053421v1","5610673","5610968","66","18435033"
"JH378128","24186977","24187298","KQ053421v1","5610673","5610968","86","18576304"
"JH378128","24236978","24237299","KQ053421v1","5610673","5610968","94","18626305"
"JH378128","24242178","24242506","KQ053059v1","2548766","2549102","85","21693412"
"JH378128","24297578","24297888","KQ055267v1","513773","514088","81","23783805"
"JH378128","24325473","24325782","KQ053135v1","5034940","5035266","92","19290533"
"JH378128","24354971","24355265","KQ053141v1","2860","3159","91","24352111"
"JH378128","24412307","24412617","KQ055267v1","513773","514088","78","23898534"
"JH378128","24544733","24545020","KQ053421v1","5610673","5610968","86","18934060"
"JH378128","24638940","24639228","KQ053421v1","5610673","5610968","81","19028267"
"JH378128","24648968","24649262","KQ053421v1","5610673","5610968","70","19038295"
"JH378128","24772139","24772421","KQ053421v1","5610673","5610968","91","19161466"
"JH378128","24776686","24776979","KQ053421v1","5610673","5610968","82","19166013"
"JH378128","24785863","24786187","KQ053421v1","5610673","5610968","93","19175190"
"JH378128","24851071","24851380","KQ053421v1","5610673","5610968","85","19240398"
"JH378128","24859076","24859369","KQ053421v1","5610673","5610968","85","19248403"
"JH378128","24905656","24905955","KQ053421v1","5610673","5610968","76","19294983"
"JH378128","24975774","24976055","KQ053421v1","5610673","5610968","87","19365101"
"JH378128","24985216","24985517","KQ053421v1","5610673","5610968","72","19374543"
"JH378128","25019113","25019417","KQ053421v1","5610673","5610968","77","19408440"
"JH378128","25056481","25056785","KQ055352v1","6003171","6003466","66","19053310"
"JH378128","25058496","25058789","KQ053421v1","5610673","5610968","70","19447823"
"JH378128","25102630","25102929","KQ055267v1","513773","514088","78","24588857"
"JH378128","25141601","25141912","KQ055267v1","513773","514088","75","24627828"
"JH378128","25167135","25167425","KQ053421v1","5610673","5610968","71","19556462"
"JH378128","25221464","25221769","KQ053421v1","5610673","5610968","76","19610791"
"JH378128","25263671","25263945","KQ053421v1","5610673","5610968","84","19652998"
"JH378128","25354981","25355287","KQ055267v1","513773","514088","74","24841208"
"JH378128","25424013","25424227","KQ052982v1","2032903","2033097","59","23391110"
"JH378128","25426048","25426356","KQ058394v1","9655127","9655422","100","15770921"
"JH378128","25432071","25432364","KQ053421v1","5610673","5610968","88","19821398"
"JH378128","25500132","25500431","KQ053421v1","5610673","5610968","70","19889459"
"JH378128","25508756","25508941","KQ058274v1","300327","300497","81","25208429"
"JH378129","429806","430061","KQ058427v1","6786866","6787134","99","6357060"
"JH378129","448117","448410","KQ053421v1","5610673","5610968","81","5162556"
"JH378129","481599","481921","KQ055267v1","513773","514088","95","32174"
"JH378129","507014","507319","KQ053421v1","5610673","5610968","78","5103659"
"JH378129","528391","528699","KQ055352v1","6003171","6003466","75","5474780"
"JH378129","702046","702340","KQ053421v1","5610673","5610968","80","4908627"
"JH378129","743807","743937","KQ053398v1","2623748","2623879","35","1879941"
"JH378129","839524","839788","KQ055862v1","1305285","1305561","90","465761"
"JH378129","995553","995682","KQ053398v1","2623748","2623879","33","1628195"
"JH378129","1009111","1009414","KQ053421v1","5610673","5610968","83","4601562"
"JH378129","1066090","1066387","KQ055267v1","513773","514088","80","552317"
"JH378129","1101379","1101677","KQ053421v1","5610673","5610968","71","4509294"
"JH378129","1205758","1206069","KQ055267v1","513773","514088","83","691985"
"JH378129","1226253","1226577","KQ055267v1","513773","514088","85","712480"
"JH378129","1311952","1312237","KQ053421v1","5610673","5610968","85","4298721"
"JH378129","1341891","1342152","KQ057186v1","783828","784085","84","558063"
"JH378129","1377720","1377895","KQ053093v1","1668172","1668343","50","290452"
"JH378129","1406783","1407089","KQ055267v1","513773","514088","73","893010"
"JH378129","1699543","1699792","KQ058242v1","595939","596205","71","1103604"
"JH378129","1827874","1828190","KQ053421v1","5610673","5610968","83","3782799"
"JH378129","1863612","1863922","KQ053421v1","5610673","5610968","82","3747061"
"JH378129","1892977","1893269","KQ053421v1","5610673","5610968","74","3717696"
"JH378129","1946761","1947089","KQ053421v1","5610673","5610968","89","3663912"
"JH378129","1964996","1965172","KQ058350v1","9514178","9514352","46","7549182"
"JH378129","1992807","1993090","KQ055352v1","6003171","6003466","82","4010364"
"JH378129","1998537","1998703","KQ058350v1","9514178","9514352","43","7515641"
"JH378129","2026019","2026295","KQ058339v1","4553625","4553889","76","2527606"
"JH378129","2048941","2049232","KQ053141v1","2860","3159","86","2046081"
"JH378129","2065700","2065991","KQ053421v1","5610673","5610968","77","3544973"
"JH378129","2114003","2114074","KQ056235v1","1266284","1266361","22","847719"
"JH378129","2119220","2119522","KQ058427v1","7786546","7786853","74","5667326"
"JH378129","2352809","2353132","KQ053421v1","5610673","5610968","93","3257864"
"JH378129","2379429","2379738","KQ055267v1","513773","514088","76","1865656"
"JH378129","2545170","2545463","KQ053421v1","5610673","5610968","71","3065503"
"JH378129","2768640","2768924","KQ053421v1","5610673","5610968","82","2842033"
"JH378129","2862127","2862420","KQ053421v1","5610673","5610968","75","2748546"
"JH378129","2936966","2937266","KQ053421v1","5610673","5610968","78","2673707"
"JH378129","2963184","2963488","KQ053421v1","5610673","5610968","73","2647489"
"JH378129","3095864","3096176","KQ053421v1","5610673","5610968","81","2514809"
"JH378129","3155414","3155714","KQ053421v1","5610673","5610968","75","2455259"
"JH378129","3169274","3169479","KQ052982v1","2032903","2033097","55","1136371"
"JH378129","3233823","3234135","KQ053421v1","5610673","5610968","84","2376850"
"JH378129","3257233","3257537","KQ053421v1","5610673","5610968","71","2353440"
"JH378129","3291913","3292200","KQ053421v1","5610673","5610968","85","2318760"
"JH378129","3443267","3443512","KQ056321v1","575951","576190","78","2867316"
"JH378129","3754941","3755243","KQ053421v1","5610673","5610968","73","1855732"
"JH378129","3881767","3882067","KQ053421v1","5610673","5610968","69","1728906"
"JH378129","3904606","3904909","KQ053421v1","5610673","5610968","72","1706067"
"JH378129","3999417","3999725","KQ053421v1","5610673","5610968","74","1611256"
"JH378129","4066920","4067232","KQ055267v1","513773","514088","79","3553147"
"JH378129","4079862","4079991","KQ053398v1","2623748","2623879","34","1456114"
"JH378129","4318284","4318545","KQ058242v1","595939","596205","77","3722345"
"JH378129","4367321","4367634","KQ053421v1","5610673","5610968","96","1243352"
"JH378129","4442399","4442690","KQ053421v1","5610673","5610968","82","1168274"
"JH378129","4488501","4488788","KQ053421v1","5610673","5610968","87","1122172"
"JH378129","4662614","4662918","KQ058427v1","7786546","7786853","83","3123932"
"JH378129","4797576","4797878","KQ053421v1","5610673","5610968","74","813097"
"JH378129","4812059","4812298","KQ058242v1","595939","596205","83","4216120"
"JH378129","4918682","4918974","KQ053421v1","5610673","5610968","75","691991"
"JH378129","5012070","5012366","KQ058242v1","595939","596205","83","4416131"
"JH378129","5015296","5015408","KQ054199v1","6267","6355","56","5009029"
"JH378129","5015926","5016098","KQ058274v1","300327","300497","59","4715599"
"JH378129","5037099","5037396","KQ053421v1","5610673","5610968","75","573574"
"JH378129","5049313","5049621","KQ055267v1","513773","514088","75","4535540"
"JH378129","5058484","5058784","KQ053421v1","5610673","5610968","73","552189"
"JH378129","5145704","5145997","KQ053421v1","5610673","5610968","78","464969"
"JH378129","5182422","5182745","KQ055352v1","6003171","6003466","79","820749"
"JH378129","5239180","5239482","KQ053421v1","5610673","5610968","83","371493"
"JH378129","5243743","5244048","KQ055267v1","513773","514088","71","4729970"
"JH378129","5244947","5245243","KQ053421v1","5610673","5610968","70","365726"
"JH378129","5358579","5358813","KQ058242v1","595939","596205","83","4762640"
"JH378129","5361201","5361504","KQ053421v1","5610673","5610968","75","249472"
"JH378129","5369068","5369349","KQ053421v1","5610673","5610968","75","241605"
"JH378129","5494294","5494590","KQ053421v1","5610673","5610968","71","116379"
"JH378129","5498340","5498436","KQ056235v1","1266284","1266361","32","4232056"
"JH378129","5639035","5639330","KQ053421v1","5610673","5610968","97","28362"
"JH378129","5639408","5639694","KQ053421v1","5610673","5610968","82","28735"
"JH378129","5789004","5789096","KQ056279v1","759081","759162","29","5029923"
"JH378129","5824356","5824650","KQ053421v1","5610673","5610968","67","213683"
"JH378129","5854285","5854581","KQ053421v1","5610673","5610968","84","243612"
"JH378129","6189644","6189801","KQ052968v1","13665640","13665790","55","7475996"
"JH378129","6297491","6297711","KQ053234v1","1414405","1414609","78","4883086"
"JH378129","6341067","6341376","KQ058427v1","7786546","7786853","79","1445479"
"JH378129","6502490","6502765","KQ058427v1","6786866","6787134","92","284376"
"JH378129","6780085","6780374","KQ055862v1","1305285","1305561","78","5474800"
"JH378129","6794737","6795044","KQ053421v1","5610673","5610968","75","1184064"
"JH378129","6902319","6902628","KQ055267v1","513773","514088","75","6388546"
"JH378129","6918000","6918292","KQ053421v1","5610673","5610968","67","1307327"
"JH378129","6931133","6931392","KQ055717v1","1610777","1611031","91","5320356"
"JH378129","7002352","7002660","KQ055352v1","6003171","6003466","74","999181"
"JH378129","7140376","7140672","KQ053421v1","5610673","5610968","78","1529703"
"JH378129","7161109","7161405","KQ053421v1","5610673","5610968","70","1550436"
"JH378129","7248916","7249218","KQ053421v1","5610673","5610968","71","1638243"
"JH378129","7264178","7264487","KQ055352v1","6003171","6003466","82","1261007"
"JH378129","7266450","7266713","KQ058242v1","595939","596205","66","6670511"
"JH378129","7326555","7326845","KQ053421v1","5610673","5610968","71","1715882"
"JH378129","7351558","7351776","KQ055662v1","1890465","1890674","63","5461093"
"JH378129","7367451","7367729","KQ054815v1","2215557","2215844","75","5151894"
"JH378129","7370757","7371051","KQ053421v1","5610673","5610968","72","1760084"
"JH378129","7377913","7378223","KQ058427v1","7786546","7786853","83","408633"
"JH378129","7397240","7397532","KQ053421v1","5610673","5610968","78","1786567"
"JH378129","7548646","7548956","KQ053421v1","5610673","5610968","77","1937973"
"JH378129","7550632","7550956","KQ053421v1","5610673","5610968","93","1939959"
"JH378129","7629424","7629709","KQ053421v1","5610673","5610968","83","2018751"
"JH378129","7641166","7641461","KQ053421v1","5610673","5610968","73","2030493"
"JH378129","7676320","7676579","KQ053883v1","6938067","6938331","83","738253"
"JH378129","7718793","7719094","KQ055267v1","513773","514088","85","7205020"
"JH378129","7800889","7801169","KQ058242v1","595939","596205","74","7204950"
"JH378129","7809156","7809446","KQ053421v1","5610673","5610968","83","2198483"
"JH378129","7823496","7823801","KQ053421v1","5610673","5610968","86","2212823"
"JH378129","7827207","7827405","KQ053234v1","1679581","1679757","56","6147626"
"JH378129","7848691","7848996","KQ058427v1","7786546","7786853","82","62145"
"JH378129","7876184","7876484","KQ053421v1","5610673","5610968","82","2265511"
"JH378129","7892775","7892856","KQ053004v1","5079579","5079652","32","2813196"
"JH378129","7892858","7892981","KQ056493v1","2043382","2043488","40","5849476"
"JH378129","7926557","7926860","KQ053421v1","5610673","5610968","73","2315884"
"JH378129","7929553","7929738","KQ057684v1","168025","168203","73","7761528"
"JH378129","7932114","7932392","KQ058242v1","595939","596205","80","7336175"
"JH378129","7937831","7938097","KQ055862v1","1305285","1305561","77","6632546"
"JH378129","7950659","7950835","KQ058350v1","9514178","9514352","50","1563519"
"JH378129","7952583","7952874","KQ053421v1","5610673","5610968","76","2341910"
"JH378129","7961290","7961577","KQ058427v1","7786546","7786853","83","174744"
"JH378129","7982284","7982591","KQ053421v1","5610673","5610968","90","2371611"
"JH378129","7983474","7983774","KQ053421v1","5610673","5610968","78","2372801"
"JH378129","7989643","7989949","KQ055267v1","513773","514088","80","7475870"
"JH378129","8022932","8023158","KQ058274v1","300327","300497","87","7722605"
"JH378129","8050017","8050306","KQ053421v1","5610673","5610968","83","2439344"
"JH378129","8060312","8060459","KQ058309v1","1090877","1091006","51","6969435"
"JH378129","8099045","8099186","KQ053398v1","2623748","2623879","42","5475297"
"JH378129","8328149","8328450","KQ053421v1","5610673","5610968","77","2717476"
"JH378129","8527479","8527792","KQ055352v1","6003171","6003466","75","2524308"
"JH378129","8976724","8977093","KQ058427v1","7786546","7786853","191","1190178"
"JH378129","9049080","9049375","KQ053421v1","5610673","5610968","78","3438407"
"JH378129","9164682","9164812","KQ053398v1","2623748","2623879","35","6540934"
"JH378129","9190901","9191205","KQ055352v1","6003171","6003466","82","3187730"
"JH378129","9490625","9490939","KQ055352v1","6003171","6003466","87","3487454"
"JH378129","10051673","10051947","KQ055862v1","1305285","1305561","86","8746388"
"JH378129","10058145","10058365","KQ055662v1","1890465","1890674","71","8167680"
"JH378129","10087618","10087924","KQ053421v1","5610673","5610968","77","4476945"
"JH378129","10090248","10090560","KQ055267v1","513773","514088","82","9576475"
"JH378129","10151470","10151766","KQ053421v1","5610673","5610968","79","4540797"
"JH378129","10197805","10198121","KQ053421v1","5610673","5610968","74","4587132"
"JH378129","10216643","10216943","KQ055267v1","513773","514088","84","9702870"
"JH378129","10326965","10327084","KQ056493v1","2043382","2043488","35","8283583"
"JH378129","10348943","10349240","KQ053421v1","5610673","5610968","76","4738270"
"JH378129","10367395","10367627","KQ058505v1","2207051","2207301","73","8160344"
"JH378129","10390517","10390770","KQ057186v1","783828","784085","75","9606689"
"JH378129","10403196","10403494","KQ053421v1","5610673","5610968","65","4792523"
"JH378129","10437941","10438208","KQ053883v1","6938067","6938331","84","3499874"
"JH378129","10443370","10443667","KQ053421v1","5610673","5610968","70","4832697"
"JH378129","10455067","10455278","KQ056064v1","326763","326940","83","10128304"
"JH378129","10467909","10468210","KQ058427v1","7786546","7786853","76","2681363"
"JH378129","10476312","10476603","KQ053421v1","5610673","5610968","69","4865639"
"JH378129","10481631","10481926","KQ053421v1","5610673","5610968","69","4870958"
"JH378129","10485899","10486196","KQ053421v1","5610673","5610968","68","4875226"
"JH378129","10517771","10518075","KQ055352v1","6003171","6003466","70","4514600"
"JH378129","10554216","10554508","KQ053421v1","5610673","5610968","81","4943543"
"JH378129","10591387","10591687","KQ053421v1","5610673","5610968","69","4980714"
"JH378129","10640898","10641205","KQ058427v1","7786546","7786853","100","2854352"
"JH378129","10658063","10658347","KQ054815v1","2215557","2215844","82","8442506"
"JH378129","10673931","10674152","KQ054068v1","3638075","3638299","66","7035856"
"JH378129","10741726","10742032","KQ053421v1","5610673","5610968","78","5131053"
"JH378129","10749745","10749958","KQ058594v1","1033101","1033292","60","9716644"
"JH378129","10839614","10839918","KQ053421v1","5610673","5610968","75","5228941"
"JH378129","10847702","10847997","KQ055267v1","513773","514088","87","10333929"
"JH378129","10857526","10857837","KQ055267v1","513773","514088","92","10343753"
"JH378129","10885140","10885442","KQ053421v1","5610673","5610968","71","5274467"
"JH378129","10950901","10951224","KQ055267v1","513773","514088","90","10437128"
"JH378129","11144250","11144555","KQ053421v1","5610673","5610968","71","5533577"
"JH378129","11174375","11174680","KQ055267v1","513773","514088","75","10660602"
"JH378129","11233098","11233393","KQ053421v1","5610673","5610968","88","5622425"
"JH378129","11236319","11236612","KQ053421v1","5610673","5610968","76","5625646"
"JH378129","11264029","11264330","KQ053421v1","5610673","5610968","72","5653356"
"JH378129","11337037","11337341","KQ055352v1","6003171","6003466","72","5333866"
"JH378129","11365353","11365651","KQ053421v1","5610673","5610968","78","5754680"
"JH378129","11380439","11380748","KQ055267v1","513773","514088","75","10866666"
"JH378129","11406376","11406681","KQ053421v1","5610673","5610968","72","5795703"
"JH378129","11423424","11423718","KQ053421v1","5610673","5610968","76","5812751"
"JH378129","11427585","11427807","KQ053234v1","1414405","1414609","58","10013180"
"JH378129","11518278","11518585","KQ058427v1","7786546","7786853","76","3731732"
"JH378129","11526108","11526409","KQ053421v1","5610673","5610968","72","5915435"
"JH378129","11534663","11534975","KQ058427v1","7786546","7786853","74","3748117"
"JH378129","11575989","11576283","KQ053421v1","5610673","5610968","72","5965316"
"JH378129","11619346","11619621","KQ055862v1","1305285","1305561","77","10314061"
"JH378129","11659924","11660130","KQ058594v1","1033101","1033292","47","10626823"
"JH378129","11801950","11802256","KQ055267v1","513773","514088","84","11288177"
"JH378129","11824519","11824813","KQ053421v1","5610673","5610968","84","6213846"
"JH378129","11928358","11928670","KQ058427v1","7786546","7786853","79","4141812"
"JH378129","11938983","11939229","KQ058640v1","643463","643729","84","11295520"
"JH378129","11945178","11945467","KQ053421v1","5610673","5610968","82","6334505"
"JH378129","11963285","11963558","KQ053883v1","6938067","6938331","86","5025218"
"JH378129","11983080","11983373","KQ053421v1","5610673","5610968","69","6372407"
"JH378129","11987783","11988118","KQ055267v1","513773","514088","100","11474010"
"JH378129","12045039","12045291","KQ058242v1","595939","596205","77","11449100"
"JH378129","12065835","12066134","KQ053421v1","5610673","5610968","66","6455162"
"JH378129","12128328","12128565","KQ058242v1","595939","596205","79","11532389"
"JH378129","12162157","12162444","KQ053421v1","5610673","5610968","91","6551484"
"JH378129","12177068","12177377","KQ055352v1","6003171","6003466","71","6173897"
"JH378129","12177630","12177936","KQ055267v1","513773","514088","77","11663857"
"JH378129","12184240","12184526","KQ055830v1","661716","661986","104","11522524"
"JH378129","12235899","12236187","KQ053421v1","5610673","5610968","86","6625226"
"JH378129","12262233","12262458","KQ058242v1","595939","596205","86","11666294"
"JH378129","12331864","12332155","KQ053421v1","5610673","5610968","78","6721191"
"JH378129","12337702","12338001","KQ053421v1","5610673","5610968","73","6727029"
"JH378129","12347652","12347965","KQ053421v1","5610673","5610968","81","6736979"
"JH378129","12359674","12359974","KQ053421v1","5610673","5610968","78","6749001"
"JH378129","12407582","12407830","KQ055662v1","1890465","1890674","80","10517117"
"JH378129","12450424","12450727","KQ058427v1","7786546","7786853","79","4663878"
"JH378129","12489281","12489571","KQ053421v1","5610673","5610968","87","6878608"
"JH378129","12502135","12502432","KQ053421v1","5610673","5610968","81","6891462"
"JH378129","12531692","12531973","KQ053421v1","5610673","5610968","79","6921019"
"JH378129","12564095","12564216","KQ053398v1","2623748","2623879","41","9940347"
"JH378129","12587944","12588242","KQ053421v1","5610673","5610968","78","6977271"
"JH378129","12593437","12593728","KQ053421v1","5610673","5610968","75","6982764"
"JH378129","12595002","12595288","KQ053421v1","5610673","5610968","82","6984329"
"JH378129","12628765","12629067","KQ053421v1","5610673","5610968","77","7018092"
"JH378129","12692459","12692767","KQ058427v1","7786546","7786853","75","4905913"
"JH378129","12733580","12733725","KQ054401v1","3363241","3363379","46","9370339"
"JH378129","12785467","12785767","KQ053421v1","5610673","5610968","76","7174794"
"JH378129","12803422","12803699","KQ053421v1","5610673","5610968","83","7192749"
"JH378129","12842599","12842911","KQ055267v1","513773","514088","81","12328826"
"JH378129","12852037","12852340","KQ055267v1","513773","514088","69","12338264"
"JH378129","12920656","12920961","KQ058427v1","7786546","7786853","84","5134110"
"JH378129","12949701","12949990","KQ054815v1","2215557","2215844","84","10734144"
"JH378129","12950007","12950283","KQ055352v1","6003171","6003466","95","6946836"
"JH378129","13068910","13069208","KQ058242v1","595939","596205","86","12472971"
"JH378129","13223934","13224236","KQ053421v1","5610673","5610968","79","7613261"
"JH378129","13386501","13386778","KQ055862v1","1305285","1305561","90","12081216"
"JH378129","13393043","13393348","KQ053421v1","5610673","5610968","70","7782370"
"JH378129","13469586","13469833","KQ058509v1","24058","24271","83","13445528"
"JH378129","13524526","13524816","KQ053421v1","5610673","5610968","73","7913853"
"JH378129","13637385","13637685","KQ053421v1","5610673","5610968","73","8026712"
"JH378129","13676689","13676960","KQ055862v1","1305285","1305561","81","12371404"
"JH378129","13760151","13760456","KQ055352v1","6003171","6003466","69","7756980"
"JH378129","13818258","13818464","KQ053234v1","1414405","1414609","50","12403853"
"JH378129","13931359","13931655","KQ053421v1","5610673","5610968","85","8320686"
"JH378129","14010945","14011245","KQ053421v1","5610673","5610968","76","8400272"
"JH378129","14151605","14151900","KQ053421v1","5610673","5610968","72","8540932"
"JH378129","14204783","14205093","KQ055352v1","6003171","6003466","72","8201612"
"JH378129","14258192","14258394","KQ055662v1","1890465","1890674","64","12367727"
"JH378129","14423004","14423304","KQ053421v1","5610673","5610968","76","8812331"
"JH378129","14451465","14451760","KQ053421v1","5610673","5610968","66","8840792"
"JH378129","14457057","14457368","KQ055352v1","6003171","6003466","73","8453886"
"JH378129","14497332","14497641","KQ055352v1","6003171","6003466","69","8494161"
"JH378129","14571022","14571337","KQ053421v1","5610673","5610968","96","8960349"
"JH378129","14597029","14597337","KQ055352v1","6003171","6003466","71","8593858"
"JH378129","14602289","14602488","KQ058509v1","24058","24271","68","14578231"
"JH378129","14619787","14620093","KQ055352v1","6003171","6003466","73","8616616"
"JH378129","14633125","14633420","KQ053421v1","5610673","5610968","68","9022452"
"JH378129","14688200","14688500","KQ053421v1","5610673","5610968","67","9077527"
"JH378129","14692358","14692667","KQ055267v1","513773","514088","70","14178585"
"JH378129","14721128","14721448","KQ053421v1","5610673","5610968","86","9110455"
"JH378129","14831344","14831644","KQ053421v1","5610673","5610968","71","9220671"
"JH378129","15085389","15085670","KQ055352v1","6003171","6003466","77","9082218"
"JH378129","15197465","15197789","KQ055352v1","6003171","6003466","81","9194294"
"JH378129","15198710","15199015","KQ055352v1","6003171","6003466","68","9195539"
"JH378129","15243884","15244174","KQ053421v1","5610673","5610968","80","9633211"
"JH378129","15249949","15250251","KQ053421v1","5610673","5610968","69","9639276"
"JH378129","15453766","15454052","KQ053421v1","5610673","5610968","92","9843093"
"JH378129","15523204","15523445","KQ058505v1","2207051","2207301","95","13316153"
"JH378129","15600745","15601054","KQ055267v1","513773","514088","73","15086972"
"JH378129","15638840","15639143","KQ053421v1","5610673","5610968","80","10028167"
"JH378129","15675663","15675975","KQ055267v1","513773","514088","70","15161890"
"JH378129","15719359","15719669","KQ055267v1","513773","514088","72","15205586"
"JH378129","15853876","15854176","KQ055862v1","1305285","1305561","84","14548591"
"JH378129","15938675","15938965","KQ053421v1","5610673","5610968","75","10328002"
"JH378129","15999093","15999305","KQ053234v1","1414405","1414609","67","14584688"
"JH378129","16057427","16057622","KQ058594v1","1033101","1033292","65","15024326"
"JH378129","16080509","16080819","KQ055352v1","6003171","6003466","77","10077338"
"JH378129","16093381","16093676","KQ053421v1","5610673","5610968","74","10482708"
"JH378129","16334925","16335216","KQ053421v1","5610673","5610968","78","10724252"
"JH378129","16766049","16766356","KQ055267v1","513773","514088","88","16252276"
"JH378129","17141098","17141392","KQ055862v1","1305285","1305561","81","15835813"
"JH378129","17436901","17437181","KQ053421v1","5610673","5610968","84","11826228"
"JH378129","17450799","17451109","KQ055352v1","6003171","6003466","71","11447628"
"JH378129","17574380","17574676","KQ053421v1","5610673","5610968","71","11963707"
"JH378129","17578293","17578561","KQ058339v1","4553625","4553889","90","13024668"
"JH378129","18021544","18021845","KQ053421v1","5610673","5610968","79","12410871"
"JH378129","18044595","18044901","KQ055352v1","6003171","6003466","69","12041424"
"JH378129","18072161","18072307","KQ056920v1","183120","183261","51","17889041"
"JH378129","18122534","18122814","KQ054815v1","2215557","2215844","82","15906977"
"JH378129","18343661","18343972","KQ055352v1","6003171","6003466","72","12340490"
"JH378129","18350583","18350878","KQ053421v1","5610673","5610968","71","12739910"
"JH378129","18415973","18416297","KQ058427v1","7786546","7786853","83","10629427"
"JH378129","18521843","18522155","KQ053421v1","5610673","5610968","79","12911170"
"JH378129","18602272","18602591","KQ055267v1","513773","514088","95","18088499"
"JH378129","18671622","18671914","KQ053421v1","5610673","5610968","72","13060949"
"JH378129","18747355","18747642","KQ053785v1","888769","889063","87","17858586"
"JH378129","18875088","18875339","KQ058242v1","595939","596205","78","18279149"
"JH378129","19042137","19042432","KQ053421v1","5610673","5610968","64","13431464"
"JH378129","19045237","19045545","KQ053421v1","5610673","5610968","75","13434564"
"JH378129","19230163","19230467","KQ055267v1","513773","514088","84","18716390"
"JH378129","19243040","19243344","KQ055352v1","6003171","6003466","71","13239869"
"JH378129","19409611","19409905","KQ055267v1","513773","514088","99","18895838"
"JH378129","19552510","19552790","KQ053421v1","5610673","5610968","86","13941837"
"JH378129","19601732","19602028","KQ053421v1","5610673","5610968","75","13991059"
"JH378129","19617045","19617353","KQ058427v1","7786546","7786853","76","11830499"
"JH378129","19998373","19998613","KQ058242v1","595939","596205","87","19402434"
"JH378129","20015929","20016224","KQ053421v1","5610673","5610968","70","14405256"
"JH378129","20077081","20077362","KQ054815v1","2215557","2215844","75","17861524"
"JH378129","20150180","20150475","KQ053421v1","5610673","5610968","90","14539507"
"JH378129","20204871","20205164","KQ053421v1","5610673","5610968","88","14594198"
"JH378129","20208439","20208737","KQ053421v1","5610673","5610968","74","14597766"
"JH378129","20310620","20310923","KQ053421v1","5610673","5610968","73","14699947"
"JH378129","20335427","20335736","KQ058427v1","7786546","7786853","92","12548881"
"JH378129","20422339","20422649","KQ053421v1","5610673","5610968","81","14811666"
"JH378129","20513682","20513976","KQ054815v1","2215557","2215844","94","18298125"
"JH378129","20521945","20522255","KQ055267v1","513773","514088","72","20008172"
"JH378129","20610262","20610559","KQ053421v1","5610673","5610968","74","14999589"
"JH378129","20785834","20786132","KQ053421v1","5610673","5610968","72","15175161"
"JH378129","20794619","20794927","KQ055352v1","6003171","6003466","68","14791448"
"JH378129","20815301","20815611","KQ055352v1","6003171","6003466","72","14812130"
"JH378129","20864125","20864260","KQ057161v1","453350","453459","39","20410775"
"JH378129","20912881","20913184","KQ055267v1","513773","514088","76","20399108"
"JH378129","21047153","21047324","KQ053993v1","1251070","1251235","40","19796083"
"JH378129","21410033","21410276","KQ058339v1","4553625","4553889","84","16856408"
"JH378129","21507654","21507949","KQ053421v1","5610673","5610968","71","15896981"
"JH378129","21512669","21512966","KQ053421v1","5610673","5610968","72","15901996"
"JH378129","21558594","21558889","KQ053421v1","5610673","5610968","65","15947921"
"JH378129","21607486","21607785","KQ058427v1","7786546","7786853","71","13820940"
"JH378129","21610009","21610322","KQ055267v1","513773","514088","82","21096236"
"JH378129","21659505","21659798","KQ053421v1","5610673","5610968","83","16048832"
"JH378129","21666845","21667143","KQ053421v1","5610673","5610968","82","16056172"
"JH378129","21687466","21687776","KQ053421v1","5610673","5610968","79","16076793"
"JH378129","21728931","21729241","KQ055267v1","513773","514088","73","21215158"
"JH378129","21772195","21772464","KQ058242v1","595939","596205","82","21176256"
"JH378129","21773064","21773359","KQ053421v1","5610673","5610968","76","16162391"
"JH378129","21804042","21804331","KQ053421v1","5610673","5610968","81","16193369"
"JH378129","21819037","21819342","KQ053421v1","5610673","5610968","73","16208364"
"JH378129","21823941","21824066","KQ053398v1","2623748","2623879","37","19200193"
"JH378129","21878677","21878960","KQ053421v1","5610673","5610968","90","16268004"
"JH378129","21944442","21944731","KQ058242v1","595939","596205","80","21348503"
"JH378129","21961094","21961401","KQ053421v1","5610673","5610968","68","16350421"
"JH378129","21974517","21974821","KQ053421v1","5610673","5610968","75","16363844"
"JH378129","21997600","21997899","KQ053421v1","5610673","5610968","69","16386927"
"JH378129","22122649","22122960","KQ055267v1","513773","514088","77","21608876"
"JH378129","22124324","22124621","KQ053421v1","5610673","5610968","77","16513651"
"JH378129","22158809","22159109","KQ053421v1","5610673","5610968","68","16548136"
"JH378129","22161748","22162045","KQ053421v1","5610673","5610968","74","16551075"
"JH378129","22174000","22174312","KQ055352v1","6003171","6003466","74","16170829"
"JH378129","22250593","22250872","KQ053421v1","5610673","5610968","78","16639920"
"JH378129","22264268","22264575","KQ055352v1","6003171","6003466","67","16261097"
"JH378129","22266141","22266268","KQ053398v1","2623748","2623879","34","19642393"
"JH378129","22317912","22318206","KQ053421v1","5610673","5610968","69","16707239"
"JH378129","22345044","22345352","KQ055352v1","6003171","6003466","76","16341873"
"JH378129","22375010","22375329","KQ053421v1","5610673","5610968","93","16764337"
"JH378129","22378510","22378806","KQ053421v1","5610673","5610968","66","16767837"
"JH378129","22405891","22406019","KQ058389v1","1027804","1027945","54","21378087"
"JH378129","22472236","22472550","KQ053421v1","5610673","5610968","81","16861563"
"JH378129","22508799","22509087","KQ053421v1","5610673","5610968","86","16898126"
"JH378129","22522484","22522557","KQ055394v1","3161316","3161387","27","19361168"
"JH378129","22522897","22523098","KQ058594v1","1033101","1033292","52","21489796"
"JH378129","22528098","22528377","KQ058640v1","643463","643729","74","21884635"
"JH378129","22532621","22532764","KQ053398v1","2623748","2623879","51","19908873"
"JH378129","22603633","22603930","KQ053421v1","5610673","5610968","68","16992960"
"JH378129","22605527","22605802","KQ053421v1","5610673","5610968","83","16994854"
"JH378129","22618648","22618951","KQ055267v1","513773","514088","87","22104875"
"JH378129","22682002","22682298","KQ053421v1","5610673","5610968","67","17071329"
"JH378129","22696818","22697081","KQ058640v1","643463","643729","90","22053355"
"JH378129","22711903","22712209","KQ055352v1","6003171","6003466","70","16708732"
"JH378129","22720719","22721028","KQ055352v1","6003171","6003466","73","16717548"
"JH378129","22748228","22748529","KQ053421v1","5610673","5610968","75","17137555"
"JH378129","22904615","22904907","KQ053421v1","5610673","5610968","75","17293942"
"JH378129","23023266","23023573","KQ053421v1","5610673","5610968","82","17412593"
"JH378129","23031296","23031604","KQ055352v1","6003171","6003466","71","17028125"
"JH378129","23062473","23062780","KQ053421v1","5610673","5610968","74","17451800"
"JH378129","23155769","23156080","KQ055267v1","513773","514088","74","22641996"
"JH378129","23181526","23181831","KQ053421v1","5610673","5610968","66","17570853"
"JH378129","23227483","23227770","KQ053421v1","5610673","5610968","74","17616810"
"JH378129","23235069","23235362","KQ053421v1","5610673","5610968","84","17624396"
"JH378129","23306298","23306591","KQ053421v1","5610673","5610968","72","17695625"
"JH378129","23350162","23350460","KQ053421v1","5610673","5610968","70","17739489"
"JH378129","23449044","23449353","KQ055352v1","6003171","6003466","74","17445873"
"JH378129","23602969","23603279","KQ055267v1","513773","514088","75","23089196"
"JH378129","23688952","23689233","KQ053785v1","888769","889063","86","22800183"
"JH378129","23722990","23723288","KQ053421v1","5610673","5610968","66","18112317"
"JH378129","23843175","23843456","KQ053421v1","5610673","5610968","79","18232502"
"JH378129","23979638","23979947","KQ053421v1","5610673","5610968","78","18368965"
"JH378129","24092270","24092567","KQ053421v1","5610673","5610968","78","18481597"
"JH378129","24106213","24106506","KQ053421v1","5610673","5610968","84","18495540"
"JH378129","24225600","24225901","KQ053421v1","5610673","5610968","75","18614927"
"JH378129","24465717","24465993","KQ053421v1","5610673","5610968","84","18855044"
"JH378129","24468146","24468274","KQ053398v1","2623748","2623879","33","21844398"
"JH378129","24531059","24531361","KQ053421v1","5610673","5610968","73","18920386"
"JH378129","24649235","24649546","KQ055267v1","513773","514088","72","24135462"
"JH378129","24699228","24699537","KQ055352v1","6003171","6003466","68","18696057"
"JH378129","24761660","24761960","KQ053421v1","5610673","5610968","67","19150987"
"JH378129","24844438","24844760","KQ055267v1","513773","514088","93","24330665"
"JH378129","24870941","24871243","KQ053421v1","5610673","5610968","81","19260268"
"JH378129","24952318","24952591","KQ057186v1","783828","784085","71","24168490"
"JH378129","24999550","24999830","KQ058242v1","595939","596205","83","24403611"
"JH378129","25079012","25079263","KQ058509v1","24058","24271","76","25054954"
"JH378129","25131748","25132040","KQ058427v1","7786546","7786853","92","17345202"
"JH378130","14094","14396","KQ053421v1","5610673","5610968","81","5596579"
"JH378130","133135","133435","KQ053421v1","5610673","5610968","86","5477538"
"JH378130","139020","139318","KQ053421v1","5610673","5610968","79","5471653"
"JH378130","183122","183187","KQ058316v1","2226037","2226104","31","2042915"
"JH378130","192453","192740","KQ053421v1","5610673","5610968","79","5418220"
"JH378130","298675","298807","KQ054401v1","3363241","3363379","40","3064566"
"JH378130","417224","417531","KQ058427v1","7786546","7786853","75","7369322"
"JH378130","461139","461437","KQ055352v1","6003171","6003466","92","5542032"
"JH378130","479368","479647","KQ053421v1","5610673","5610968","87","5131305"
"JH378130","493595","493892","KQ053421v1","5610673","5610968","71","5117078"
"JH378130","497607","497900","KQ053421v1","5610673","5610968","75","5113066"
"JH378130","502470","502633","KQ053993v1","1251070","1251235","42","748600"
"JH378130","535875","536180","KQ053421v1","5610673","5610968","83","5074798"
"JH378130","596540","596833","KQ053421v1","5610673","5610968","86","5014133"
"JH378130","598994","599203","KQ053234v1","1414405","1414609","59","815411"
"JH378130","916963","917252","KQ053421v1","5610673","5610968","80","4693710"
"JH378130","937791","938056","KQ058242v1","595939","596205","72","341852"
"JH378130","967394","967659","KQ053421v1","5610673","5610968","89","4643279"
"JH378130","1018404","1018696","KQ053421v1","5610673","5610968","84","4592269"
"JH378130","1045516","1045822","KQ053421v1","5610673","5610968","84","4565157"
"JH378130","1090952","1091256","KQ055352v1","6003171","6003466","86","4912219"
"JH378130","1095682","1095982","KQ053421v1","5610673","5610968","70","4514991"
"JH378130","1126234","1126554","KQ053421v1","5610673","5610968","163","4484439"
"JH378130","1130917","1131224","KQ055352v1","6003171","6003466","75","4872254"
"JH378130","1140669","1140980","KQ055267v1","513773","514088","69","626896"
"JH378130","1213434","1213676","KQ058242v1","595939","596205","87","617495"
"JH378130","1243591","1243901","KQ055267v1","513773","514088","78","729818"
"JH378130","1258196","1258499","KQ058427v1","7786546","7786853","85","6528350"
"JH378130","1298878","1299182","KQ053421v1","5610673","5610968","87","4311795"
"JH378130","1356276","1356567","KQ053421v1","5610673","5610968","74","4254397"
"JH378130","1357941","1358249","KQ055352v1","6003171","6003466","69","4645230"
"JH378130","1460092","1460401","KQ058427v1","7786546","7786853","69","6326454"
"JH378130","1523150","1523367","KQ055662v1","1890465","1890674","57","367315"
"JH378130","1527894","1528193","KQ053421v1","5610673","5610968","65","4082779"
"JH378130","1554734","1555041","KQ053421v1","5610673","5610968","71","4055939"
"JH378130","1587737","1588024","KQ053421v1","5610673","5610968","91","4022936"
"JH378130","1665244","1665471","KQ055662v1","1890465","1890674","76","225221"
"JH378130","1668487","1668787","KQ053421v1","5610673","5610968","61","3942186"
"JH378130","1706943","1707229","KQ053141v1","2860","3159","81","1704083"
"JH378130","1709871","1710166","KQ053421v1","5610673","5610968","70","3900802"
"JH378130","1792437","1792602","KQ055914v1","670963","671119","50","1121474"
"JH378130","1820082","1820210","KQ053398v1","2627781","2627909","41","807699"
"JH378130","1926945","1927239","KQ053421v1","5610673","5610968","73","3683728"
"JH378130","1938072","1938353","KQ053421v1","5610673","5610968","86","3672601"
"JH378130","1939929","1940227","KQ053421v1","5610673","5610968","70","3670744"
"JH378130","2069068","2069391","KQ055267v1","513773","514088","93","1555295"
"JH378130","2081084","2081376","KQ055267v1","513773","514088","85","1567311"
"JH378130","2188495","2188797","KQ053421v1","5610673","5610968","76","3422178"
"JH378130","2216685","2216813","KQ053398v1","2623748","2623879","41","407063"
"JH378130","2222337","2222615","KQ055862v1","1305285","1305561","89","917052"
"JH378130","2258953","2259260","KQ058427v1","7786546","7786853","73","5527593"
"JH378130","2299595","2299903","KQ053421v1","5610673","5610968","72","3311078"
"JH378130","2315092","2315397","KQ053421v1","5610673","5610968","78","3295581"
"JH378130","2333991","2334298","KQ053421v1","5610673","5610968","73","3276682"
"JH378130","2336728","2337008","KQ053421v1","5610673","5610968","75","3273945"
"JH378130","2348856","2349163","KQ055352v1","6003171","6003466","72","3654315"
"JH378130","2395890","2396187","KQ053421v1","5610673","5610968","69","3214783"
"JH378130","2459798","2460092","KQ053421v1","5610673","5610968","70","3150875"
"JH378130","2471586","2471744","KQ053718v1","2495418","2495575","39","23832"
"JH378130","2565774","2566065","KQ053421v1","5610673","5610968","75","3044899"
"JH378130","2572625","2572924","KQ053421v1","5610673","5610968","71","3038048"
"JH378130","2687068","2687366","KQ053421v1","5610673","5610968","74","2923605"
"JH378130","2807582","2807792","KQ052982v1","2032903","2033097","54","774679"
"JH378130","2894482","2894781","KQ053421v1","5610673","5610968","90","2716191"
"JH378130","3064766","3064970","KQ053234v1","1414405","1414609","56","1650361"
"JH378130","3090375","3090658","KQ054815v1","2215557","2215844","80","874818"
"JH378130","3267577","3267888","KQ055352v1","6003171","6003466","71","2735594"
"JH378130","3352237","3352527","KQ053421v1","5610673","5610968","74","2258436"
"JH378130","3366019","3366316","KQ053421v1","5610673","5610968","68","2244654"
"JH378130","3369849","3370156","KQ053421v1","5610673","5610968","73","2240824"
"JH378130","3398706","3398946","KQ058505v1","2207051","2207301","81","1191655"
"JH378130","3404224","3404535","KQ058427v1","7786546","7786853","77","4382322"
"JH378130","3517155","3517445","KQ053421v1","5610673","5610968","71","2093518"
"JH378130","3571192","3571477","KQ054815v1","2215557","2215844","73","1355635"
"JH378130","3580180","3580490","KQ055352v1","6003171","6003466","70","2422991"
"JH378130","3592091","3592400","KQ053421v1","5610673","5610968","80","2018582"
"JH378130","3594275","3594562","KQ053421v1","5610673","5610968","85","2016398"
"JH378130","3609553","3609823","KQ057186v1","783828","784085","76","2825725"
"JH378130","3651555","3651851","KQ055352v1","6003171","6003466","78","2351616"
"JH378130","3729157","3729453","KQ058427v1","7786546","7786853","77","4057389"
"JH378130","3847782","3847905","KQ056920v1","183120","183261","49","3664662"
"JH378130","3886637","3886947","KQ055267v1","513773","514088","72","3372864"
"JH378130","4155550","4155851","KQ053421v1","5610673","5610968","69","1455123"
"JH378130","4461944","4462242","KQ053421v1","5610673","5610968","69","1148729"
"JH378130","4486841","4487126","KQ053421v1","5610673","5610968","79","1123832"
"JH378130","4557936","4558235","KQ055352v1","6003171","6003466","84","1445235"
"JH378130","4573044","4573348","KQ058427v1","7786546","7786853","74","3213502"
"JH378130","4797125","4797403","KQ053421v1","5610673","5610968","92","813548"
"JH378130","5108735","5109027","KQ055267v1","513773","514088","98","4594962"
"JH378130","5139448","5139757","KQ058427v1","7786546","7786853","97","2647098"
"JH378130","5319499","5319608","KQ053398v1","2623748","2623879","48","2695751"
"JH378130","5754702","5755010","KQ055267v1","513773","514088","70","5240929"
"JH378130","5765966","5766259","KQ053421v1","5610673","5610968","70","155293"
"JH378130","5862886","5863195","KQ055352v1","6003171","6003466","73","140285"
"JH378130","5996977","5997299","KQ055267v1","513773","514088","97","5483204"
"JH378130","6013417","6013700","KQ058394v1","9655127","9655422","93","3641710"
"JH378130","6142823","6143121","KQ053421v1","5610673","5610968","74","532150"
"JH378130","6164225","6164524","KQ053421v1","5610673","5610968","83","553552"
"JH378130","6167789","6168086","KQ053421v1","5610673","5610968","67","557116"
"JH378130","6319231","6319524","KQ053421v1","5610673","5610968","64","708558"
"JH378130","6379294","6379598","KQ053421v1","5610673","5610968","70","768621"
"JH378130","6426151","6426459","KQ055267v1","513773","514088","77","5912378"
"JH378130","6427435","6427728","KQ055267v1","513773","514088","79","5913662"
"JH378130","6562471","6562770","KQ053421v1","5610673","5610968","70","951798"
"JH378130","6610497","6610807","KQ055267v1","513773","514088","70","6096724"
"JH378130","6742697","6743008","KQ055267v1","513773","514088","77","6228924"
"JH378130","6790793","6791086","KQ055267v1","513773","514088","87","6277020"
"JH378130","6791874","6792173","KQ053421v1","5610673","5610968","93","1181201"
"JH378130","6927238","6927539","KQ053421v1","5610673","5610968","79","1316565"
"JH378130","6966232","6966529","KQ053421v1","5610673","5610968","68","1355559"
"JH378130","6973771","6974041","KQ057186v1","783828","784085","86","6189943"
"JH378130","7109454","7109719","KQ053883v1","6938067","6938331","94","171387"
"JH378130","7201210","7201502","KQ053421v1","5610673","5610968","88","1590537"
"JH378130","7205407","7205711","KQ053421v1","5610673","5610968","71","1594734"
"JH378130","7212533","7212836","KQ053421v1","5610673","5610968","85","1601860"
"JH378130","7259348","7259656","KQ058427v1","7786546","7786853","84","527198"
"JH378130","7288646","7288792","KQ054401v1","3363241","3363379","47","3925405"
"JH378130","7325948","7326254","KQ055267v1","513773","514088","83","6812175"
"JH378130","7336574","7336881","KQ053421v1","5610673","5610968","69","1725901"
"JH378130","7349327","7349639","KQ055352v1","6003171","6003466","74","1346156"
"JH378130","7427076","7427376","KQ053421v1","5610673","5610968","73","1816403"
"JH378130","7578631","7578920","KQ058339v1","4553625","4553889","114","3025006"
"JH378130","7613433","7613713","KQ053421v1","5610673","5610968","87","2002760"
"JH378130","7624207","7624492","KQ058339v1","4553625","4553889","93","3070582"
"JH378130","7661449","7661748","KQ053421v1","5610673","5610968","75","2050776"
"JH378130","7834308","7834601","KQ053421v1","5610673","5610968","71","2223635"
"JH378130","7868011","7868321","KQ055352v1","6003171","6003466","77","1864840"
"JH378130","7874871","7875153","KQ058427v1","7786546","7786853","92","88325"
"JH378130","7894316","7894618","KQ053421v1","5610673","5610968","69","2283643"
"JH378130","7949655","7949974","KQ055352v1","6003171","6003466","79","1946484"
"JH378130","7988498","7988794","KQ053421v1","5610673","5610968","71","2377825"
"JH378130","7998025","7998321","KQ053421v1","5610673","5610968","68","2387352"
"JH378130","8002079","8002260","KQ055978v1","4311984","4312161","48","3690095"
"JH378130","8002536","8002659","KQ053398v1","2627781","2627909","33","5374755"
"JH378130","8015835","8016145","KQ053421v1","5610673","5610968","78","2405162"
"JH378130","8064459","8064764","KQ053421v1","5610673","5610968","70","2453786"
"JH378130","8068567","8068853","KQ058339v1","4553625","4553889","82","3514942"
"JH378130","8083840","8084143","KQ053421v1","5610673","5610968","78","2473167"
"JH378130","8110683","8110963","KQ055862v1","1305285","1305561","74","6805398"
"JH378130","8178869","8179174","KQ055352v1","6003171","6003466","71","2175698"
"JH378130","8219049","8219322","KQ055862v1","1305285","1305561","90","6913764"
"JH378130","8269639","8269940","KQ058427v1","7786546","7786853","91","483093"
"JH378130","8348152","8348454","KQ053421v1","5610673","5610968","68","2737479"
"JH378130","8413089","8413399","KQ058427v1","7786546","7786853","93","626543"
"JH378130","8686404","8686697","KQ053421v1","5610673","5610968","69","3075731"
"JH378130","8792626","8792859","KQ058242v1","595939","596205","96","8196687"
"JH378130","8929273","8929584","KQ055267v1","513773","514088","74","8415500"
"JH378130","8954737","8955047","KQ058427v1","7786546","7786853","90","1168191"
"JH378130","8993762","8994061","KQ053421v1","5610673","5610968","68","3383089"
"JH378130","9131256","9131567","KQ055267v1","513773","514088","74","8617483"
"JH378130","9196046","9196338","KQ053421v1","5610673","5610968","64","3585373"
"JH378130","9322624","9322950","KQ055267v1","513773","514088","93","8808851"
"JH378130","9491940","9492245","KQ053421v1","5610673","5610968","72","3881267"
"JH378130","9510698","9511003","KQ053421v1","5610673","5610968","82","3900025"
"JH378130","9620365","9620669","KQ055352v1","6003171","6003466","75","3617194"
"JH378130","9676141","9676442","KQ053421v1","5610673","5610968","73","4065468"
"JH378130","9895467","9895774","KQ055352v1","6003171","6003466","71","3892296"
"JH378130","9929282","9929567","KQ053421v1","5610673","5610968","84","4318609"
"JH378130","9938071","9938380","KQ055352v1","6003171","6003466","74","3934900"
"JH378130","10106729","10107002","KQ053421v1","5610673","5610968","96","4496056"
"JH378130","10120882","10121143","KQ057901v1","868884","869144","94","9251998"
"JH378130","10124581","10124714","KQ057161v1","453350","453459","48","9671231"
"JH378130","10136620","10136914","KQ053421v1","5610673","5610968","76","4525947"
"JH378130","10150061","10150343","KQ058427v1","7786546","7786853","89","2363515"
"JH378130","10150969","10151254","KQ053421v1","5610673","5610968","72","4540296"
"JH378130","10201737","10202043","KQ058427v1","7786546","7786853","84","2415191"
"JH378130","10278499","10278806","KQ055352v1","6003171","6003466","71","4275328"
"JH378130","10380750","10381050","KQ053421v1","5610673","5610968","70","4770077"
"JH378130","10552247","10552552","KQ053421v1","5610673","5610968","74","4941574"
"JH378130","10807196","10807492","KQ053421v1","5610673","5610968","70","5196523"
"JH378130","10820983","10821283","KQ053421v1","5610673","5610968","69","5210310"
"JH378130","10857487","10857783","KQ053421v1","5610673","5610968","82","5246814"
"JH378130","10975522","10975828","KQ053421v1","5610673","5610968","74","5364849"
"JH378130","10976266","10976566","KQ053421v1","5610673","5610968","68","5365593"
"JH378130","11003146","11003296","KQ053398v1","2623748","2623879","43","8379398"
"JH378130","11023029","11023306","KQ053421v1","5610673","5610968","82","5412356"
"JH378130","11043217","11043508","KQ053421v1","5610673","5610968","75","5432544"
"JH378130","11049428","11049741","KQ053421v1","5610673","5610968","83","5438755"
"JH378130","11080631","11080937","KQ055267v1","513773","514088","74","10566858"
"JH378130","11085904","11086207","KQ053421v1","5610673","5610968","70","5475231"
"JH378130","11104179","11104480","KQ053421v1","5610673","5610968","70","5493506"
"JH378130","11106579","11106888","KQ055352v1","6003171","6003466","71","5103408"
"JH378130","11130828","11131139","KQ055352v1","6003171","6003466","72","5127657"
"JH378130","11147248","11147568","KQ055352v1","6003171","6003466","77","5144077"
"JH378130","11150411","11150730","KQ055352v1","6003171","6003466","81","5147240"
"JH378130","11207738","11208029","KQ053421v1","5610673","5610968","79","5597065"
"JH378130","11291127","11291422","KQ053421v1","5610673","5610968","69","5680454"
"JH378130","11324601","11324896","KQ053421v1","5610673","5610968","71","5713928"
"JH378130","11364205","11364509","KQ055267v1","513773","514088","80","10850432"
"JH378130","11369170","11369349","KQ055978v1","4311984","4312161","46","7057186"
"JH378130","11522809","11523114","KQ055352v1","6003171","6003466","71","5519638"
"JH378130","11614543","11614853","KQ055267v1","513773","514088","74","11100770"
"JH378130","11622080","11622381","KQ053421v1","5610673","5610968","74","6011407"
"JH378130","11859560","11859851","KQ053421v1","5610673","5610968","74","6248887"
"JH378130","12095183","12095492","KQ055352v1","6003171","6003466","71","6092012"
"JH378130","12111679","12111979","KQ053421v1","5610673","5610968","68","6501006"
"JH378130","12143219","12143509","KQ053421v1","5610673","5610968","83","6532546"
"JH378130","12239071","12239379","KQ055352v1","6003171","6003466","73","6235900"
"JH378130","12264012","12264338","KQ055267v1","513773","514088","96","11750239"
"JH378130","12324208","12324463","KQ053421v1","5610673","5610968","96","6713535"
"JH378130","12337955","12338240","KQ058427v1","7786546","7786853","93","4551409"
"JH378130","12372351","12372647","KQ053421v1","5610673","5610968","84","6761678"
"JH378130","12391975","12392201","KQ053234v1","1414405","1414609","66","10977570"
"JH378130","12488661","12488958","KQ053421v1","5610673","5610968","75","6877988"
"JH378130","12587645","12587955","KQ058427v1","7786546","7786853","71","4801099"
"JH378130","12677500","12677813","KQ055352v1","6003171","6003466","74","6674329"
"JH378130","12751831","12752139","KQ055267v1","513773","514088","78","12238058"
"JH378130","13269265","13269565","KQ055352v1","6003171","6003466","74","7266094"
"JH378130","13452610","13452914","KQ055267v1","513773","514088","81","12938837"
"JH378130","13498417","13498712","KQ053421v1","5610673","5610968","76","7887744"
"JH378130","13532504","13532805","KQ053421v1","5610673","5610968","71","7921831"
"JH378130","13636750","13637056","KQ053421v1","5610673","5610968","80","8026077"
"JH378130","13927132","13927432","KQ055267v1","513773","514088","78","13413359"
"JH378130","13977278","13977402","KQ053398v1","2623748","2623879","36","11353530"
"JH378130","14021747","14022061","KQ053421v1","5610673","5610968","89","8411074"
"JH378130","14032912","14033195","KQ058242v1","595939","596205","79","13436973"
"JH378130","14094027","14094337","KQ055267v1","513773","514088","83","13580254"
"JH378130","14122629","14122837","KQ052982v1","2032903","2033097","67","12089726"
"JH378130","14125846","14126194","KQ055352v1","6003171","6003466","104","8122675"
"JH378130","14137497","14137794","KQ053421v1","5610673","5610968","70","8526824"
"JH378130","14204585","14204879","KQ053421v1","5610673","5610968","87","8593912"
"JH378130","14282295","14282578","KQ058242v1","595939","596205","75","13686356"
"JH378130","14368735","14369041","KQ055267v1","513773","514088","78","13854962"
"JH378130","14448700","14448994","KQ053421v1","5610673","5610968","70","8838027"
"JH378130","14625750","14626032","KQ053421v1","5610673","5610968","82","9015077"
"JH378130","14686633","14686942","KQ053421v1","5610673","5610968","71","9075960"
"JH378130","14709634","14709944","KQ055352v1","6003171","6003466","74","8706463"
"JH378130","14737588","14737888","KQ053421v1","5610673","5610968","68","9126915"
"JH378130","14857579","14857879","KQ053421v1","5610673","5610968","67","9246906"
"JH378130","15261406","15261709","KQ053421v1","5610673","5610968","72","9650733"
"JH378130","15518206","15518505","KQ053421v1","5610673","5610968","67","9907533"
"JH378130","15697786","15698072","KQ053421v1","5610673","5610968","75","10087113"
"JH378130","15853834","15854138","KQ055352v1","6003171","6003466","74","9850663"
"JH378130","15860655","15860966","KQ053421v1","5610673","5610968","75","10249982"
"JH378130","15864840","15865129","KQ053421v1","5610673","5610968","75","10254167"
"JH378130","15871548","15871843","KQ053421v1","5610673","5610968","70","10260875"
"JH378130","15972848","15973159","KQ058427v1","7786546","7786853","72","8186302"
"JH378130","15996691","15996998","KQ053421v1","5610673","5610968","71","10386018"
"JH378130","16003509","16003804","KQ053421v1","5610673","5610968","77","10392836"
"JH378130","16066398","16066693","KQ053421v1","5610673","5610968","68","10455725"
"JH378130","16084153","16084462","KQ055352v1","6003171","6003466","69","10080982"
"JH378130","16176935","16177236","KQ053421v1","5610673","5610968","70","10566262"
"JH378130","16179465","16179767","KQ053421v1","5610673","5610968","76","10568792"
"JH378130","16189676","16189983","KQ055352v1","6003171","6003466","70","10186505"
"JH378130","16223526","16223821","KQ053421v1","5610673","5610968","73","10612853"
"JH378130","16458801","16459112","KQ055352v1","6003171","6003466","69","10455630"
"JH378130","16589750","16590026","KQ053421v1","5610673","5610968","92","10979077"
"JH378130","16591473","16591781","KQ055267v1","513773","514088","80","16077700"
"JH378130","16619796","16620079","KQ053421v1","5610673","5610968","77","11009123"
"JH378130","16624052","16624362","KQ055267v1","513773","514088","73","16110279"
"JH378130","16765208","16765488","KQ055862v1","1305285","1305561","75","15459923"
"JH378130","16819770","16819968","KQ052982v1","2032903","2033097","61","14786867"
"JH378130","16848227","16848519","KQ053421v1","5610673","5610968","74","11237554"
"JH378130","16896759","16896924","KQ053093v1","1668172","1668343","51","15228587"
"JH378130","16898935","16899232","KQ053421v1","5610673","5610968","73","11288262"
"JH378130","17032140","17032421","KQ053421v1","5610673","5610968","87","11421467"
"JH378130","17383651","17383957","KQ055352v1","6003171","6003466","71","11380480"
"JH378130","17666979","17667272","KQ053421v1","5610673","5610968","70","12056306"
"JH378130","17726276","17726612","KQ055267v1","513773","514088","105","17212503"
"JH378130","17815423","17815720","KQ053421v1","5610673","5610968","69","12204750"
"JH378130","17890927","17891226","KQ053421v1","5610673","5610968","78","12280254"
"JH378130","17930726","17931023","KQ053421v1","5610673","5610968","80","12320053"
"JH378130","18051387","18051693","KQ055352v1","6003171","6003466","67","12048216"
"JH378130","18143306","18143608","KQ053421v1","5610673","5610968","72","12532633"
"JH378130","18163079","18163397","KQ055352v1","6003171","6003466","81","12159908"
"JH378130","18349320","18349643","KQ055267v1","513773","514088","81","17835547"
"JH378130","18441042","18441271","KQ057186v1","783828","784085","100","17657214"
"JH378130","18441388","18441465","KQ056235v1","1266284","1266361","23","17175104"
"JH378130","18480816","18481098","KQ053421v1","5610673","5610968","73","12870143"
"JH378130","18590914","18591209","KQ053421v1","5610673","5610968","71","12980241"
"JH378130","18608967","18609249","KQ053421v1","5610673","5610968","73","12998294"
"JH378130","18757805","18758096","KQ053421v1","5610673","5610968","67","13147132"
"JH378130","18951858","18952152","KQ055352v1","6003171","6003466","77","12948687"
"JH378130","18988827","18989135","KQ055352v1","6003171","6003466","76","12985656"
"JH378130","19229039","19229103","KQ053883v1","839309","839360","31","18389730"
"JH378130","19348020","19348318","KQ055352v1","6003171","6003466","73","13344849"
"JH378130","19516023","19516309","KQ053421v1","5610673","5610968","78","13905350"
"JH378130","19625745","19626034","KQ053421v1","5610673","5610968","80","14015072"
"JH378130","19712841","19713143","KQ053421v1","5610673","5610968","75","14102168"
"JH378130","19753178","19753482","KQ055352v1","6003171","6003466","69","13750007"
"JH378130","19776970","19777295","KQ053059v1","2548766","2549102","94","17228204"
"JH378130","19785529","19785814","KQ054815v1","2215557","2215844","74","17569972"
"JH378130","19814008","19814270","KQ058242v1","595939","596205","74","19218069"
"JH378130","19897482","19897782","KQ053421v1","5610673","5610968","93","14286809"
"JH378130","20030294","20030580","KQ053421v1","5610673","5610968","87","14419621"
"JH378130","20102925","20103226","KQ053421v1","5610673","5610968","71","14492252"
"JH378130","20258982","20259271","KQ053421v1","5610673","5610968","81","14648309"
"JH378130","20414330","20414641","KQ055267v1","513773","514088","69","19900557"
"JH378130","20422365","20422631","KQ053883v1","6938067","6938331","82","13484298"
"JH378130","20428281","20428580","KQ058427v1","7786546","7786853","75","12641735"
"JH378130","20429845","20430147","KQ053421v1","5610673","5610968","75","14819172"
"JH378130","20442801","20443112","KQ055352v1","6003171","6003466","73","14439630"
"JH378130","20481211","20481522","KQ053421v1","5610673","5610968","74","14870538"
"JH378130","20507112","20507410","KQ053421v1","5610673","5610968","66","14896439"
"JH378130","20534709","20535002","KQ053421v1","5610673","5610968","72","14924036"
"JH378130","20592884","20593159","KQ055830v1","661716","661986","87","19931168"
"JH378130","20620548","20620838","KQ053421v1","5610673","5610968","86","15009875"
"JH378130","20671664","20671943","KQ053421v1","5610673","5610968","75","15060991"
"JH378130","20807808","20808112","KQ053421v1","5610673","5610968","76","15197135"
"JH378130","21029496","21029778","KQ053421v1","5610673","5610968","77","15418823"
"JH378130","21139202","21139505","KQ053421v1","5610673","5610968","69","15528529"
"JH378130","21400691","21400991","KQ053421v1","5610673","5610968","72","15790018"
"JH378130","21508340","21508646","KQ055352v1","6003171","6003466","65","15505169"
"JH378130","21571599","21571918","KQ055352v1","6003171","6003466","82","15568428"
"JH378130","21776253","21776543","KQ058339v1","4553625","4553889","89","17222628"
"JH378130","21825351","21825658","KQ055352v1","6003171","6003466","73","15822180"
"JH378130","22039809","22040119","KQ055352v1","6003171","6003466","71","16036638"
"JH378130","22254354","22254526","KQ058490v1","418564","418731","53","21835790"
"JH378130","22318069","22318351","KQ053421v1","5610673","5610968","81","16707396"
"JH378130","22430678","22430746","KQ055014v1","2479230","2479281","32","19951448"
"JH378130","22584941","22585252","KQ055352v1","6003171","6003466","78","16581770"
"JH378130","22592839","22593153","KQ053785v1","888769","889063","96","21704070"
"JH378130","22652178","22652485","KQ055267v1","513773","514088","83","22138405"
"JH378130","23053940","23054252","KQ058427v1","7786546","7786853","76","15267394"
"JH378130","23067776","23067903","KQ053398v1","2623748","2623879","37","20444028"
"JH378130","23117895","23118201","KQ055267v1","513773","514088","83","22604122"
"JH378130","23169973","23170278","KQ053421v1","5610673","5610968","76","17559300"
"JH378130","23308036","23308191","KQ057449v1","1214348","1214489","50","22093688"
"JH378130","23328003","23328322","KQ058427v1","7786546","7786853","82","15541457"
"JH378130","23386062","23386368","KQ058427v1","7786546","7786853","83","15599516"
"JH378130","23449755","23450049","KQ053421v1","5610673","5610968","72","17839082"
"JH378130","23791424","23791718","KQ053421v1","5610673","5610968","83","18180751"
"JH378130","23792055","23792332","KQ057186v1","783828","784085","74","23008227"
"JH378130","23792810","23793118","KQ053421v1","5610673","5610968","94","18182137"
"JH378130","23837952","23838253","KQ053421v1","5610673","5610968","72","18227279"
"JH378130","23861032","23861327","KQ053421v1","5610673","5610968","74","18250359"
"JH378130","24005993","24006299","KQ055267v1","513773","514088","84","23492220"
"JH378130","24214210","24214502","KQ053421v1","5610673","5610968","83","18603537"
"JH378130","24249865","24250141","KQ053883v1","6938067","6938331","83","17311798"
"JH378130","24259373","24259657","KQ058339v1","4553625","4553889","81","19705748"
"JH378130","24270758","24271053","KQ053421v1","5610673","5610968","78","18660085"
"JH378130","24273744","24274038","KQ053421v1","5610673","5610968","90","18663071"
"JH378130","24356820","24357141","KQ053421v1","5610673","5610968","108","18746147"
"JH378130","24361285","24361586","KQ058427v1","7786546","7786853","85","16574739"
"JH378130","24393342","24393664","KQ053421v1","5610673","5610968","91","18782669"
"JH378131","1122","1415","KQ053421v1","5610673","5610968","71","5609551"
"JH378131","11989","12246","KQ058242v1","595939","596205","81","583950"
"JH378131","46030","46336","KQ053421v1","5610673","5610968","82","5564643"
"JH378131","46393","46640","KQ057186v1","783828","784085","82","737435"
"JH378131","67970","68239","KQ058339v1","4553625","4553889","72","4485655"
"JH378131","71181","71483","KQ053421v1","5610673","5610968","76","5539492"
"JH378131","117686","117997","KQ055352v1","6003171","6003466","71","5885485"
"JH378131","127756","128046","KQ053421v1","5610673","5610968","80","5482917"
"JH378131","132132","132414","KQ054815v1","2215557","2215844","71","2083425"
"JH378131","180765","180924","KQ053267v1","1313653","1313811","40","1132888"
"JH378131","183493","183807","KQ058427v1","7786546","7786853","83","7603053"
"JH378131","193511","193822","KQ055267v1","513773","514088","71","320262"
"JH378131","194436","194734","KQ053421v1","5610673","5610968","85","5416237"
"JH378131","205646","205938","KQ053421v1","5610673","5610968","92","5405027"
"JH378131","213178","213468","KQ053421v1","5610673","5610968","85","5397495"
"JH378131","232530","232685","KQ058423v1","270754","270928","48","38224"
"JH378131","240290","240610","KQ053421v1","5610673","5610968","88","5370383"
"JH378131","262552","262832","KQ053421v1","5610673","5610968","70","5348121"
"JH378131","265678","265968","KQ053141v1","2860","3159","82","262818"
"JH378131","307343","307618","KQ058242v1","595939","596205","83","288596"
"JH378131","341057","341395","KQ053135v1","5034940","5035266","112","4693883"
"JH378131","348389","348538","KQ053398v1","2623748","2623879","46","2275359"
"JH378131","360620","360933","KQ055267v1","513773","514088","89","153153"
"JH378131","389402","389699","KQ058339v1","4553625","4553889","89","4164223"
"JH378131","390297","390588","KQ053421v1","5610673","5610968","78","5220376"
"JH378131","390896","391187","KQ055862v1","1305285","1305561","82","914389"
"JH378131","416715","417019","KQ053421v1","5610673","5610968","68","5193958"
"JH378131","420009","420245","KQ058509v1","24058","24271","85","395951"
"JH378131","444794","444849","KQ058316v1","2226037","2226104","27","1781243"
"JH378131","471700","471995","KQ053421v1","5610673","5610968","80","5138973"
"JH378131","484744","484993","KQ058242v1","595939","596205","83","111195"
"JH378131","531338","531486","KQ053398v1","2623748","2623879","44","2092410"
"JH378131","536884","537139","KQ058242v1","595939","596205","77","59055"
"JH378131","549657","549792","KQ053398v1","2627781","2627909","43","2078124"
"JH378131","550228","550384","KQ057204v1","2930576","2930741","42","2380348"
"JH378131","580629","580945","KQ055267v1","513773","514088","77","66856"
"JH378131","667619","667837","KQ053234v1","1414405","1414609","62","746786"
"JH378131","667938","668017","KQ056235v1","1266284","1266361","24","598346"
"JH378131","722374","722681","KQ055267v1","513773","514088","81","208601"
"JH378131","837844","838013","KQ053531v1","6571","6737","67","831273"
"JH378131","877850","878139","KQ054815v1","2215557","2215844","83","1337707"
"JH378131","888650","888938","KQ055862v1","1305285","1305561","76","416635"
"JH378131","889340","889606","KQ058242v1","595939","596205","90","293401"
"JH378131","922617","922761","KQ053398v1","2623748","2623879","47","1701131"
"JH378131","922772","923073","KQ055267v1","513773","514088","73","408999"
"JH378131","969487","969614","KQ053398v1","2623748","2623879","33","1654261"
"JH378131","978442","978680","KQ058242v1","595939","596205","87","382503"
"JH378131","1015714","1015996","KQ053421v1","5610673","5610968","85","4594959"
"JH378131","1016301","1016600","KQ053421v1","5610673","5610968","75","4594372"
"JH378131","1018191","1018500","KQ053421v1","5610673","5610968","75","4592482"
"JH378131","1120840","1120979","KQ054401v1","3363241","3363379","36","2242401"
"JH378131","1127118","1127429","KQ053421v1","5610673","5610968","85","4483555"
"JH378131","1156192","1156501","KQ058427v1","7786546","7786853","81","6630354"
"JH378131","1163112","1163364","KQ058339v1","4553625","4553889","91","3390513"
"JH378131","1213075","1213299","KQ058274v1","300327","300497","85","912748"
"JH378131","1234218","1234377","KQ057449v1","1214348","1214489","57","19870"
"JH378131","1302808","1303013","ABDC02053644v1","2226","2419","66","1300582"
"JH378131","1341674","1341968","KQ053421v1","5610673","5610968","78","4268999"
"JH378131","1375370","1375669","KQ053421v1","5610673","5610968","72","4235303"
"JH378131","1566094","1566401","KQ053421v1","5610673","5610968","82","4044579"
"JH378131","1569764","1570064","KQ053421v1","5610673","5610968","78","4040909"
"JH378131","1570069","1570333","KQ053883v1","6938067","6938331","82","5367998"
"JH378131","1573555","1573876","KQ053421v1","5610673","5610968","79","4037118"
"JH378131","1575523","1575814","KQ058427v1","7786546","7786853","79","6211023"
"JH378131","1588535","1588829","KQ053421v1","5610673","5610968","84","4022138"
"JH378131","1589884","1590179","KQ053421v1","5610673","5610968","79","4020789"
"JH378131","1600082","1600322","KQ058242v1","595939","596205","90","1004143"
"JH378131","1617044","1617342","KQ053421v1","5610673","5610968","76","3993629"
"JH378131","1632990","1633288","KQ053421v1","5610673","5610968","75","3977683"
"JH378131","1658015","1658130","KQ052968v1","13665640","13665790","55","12007625"
"JH378131","1697978","1698171","KQ058427v1","11113103","11113283","52","9415125"
"JH378131","1706977","1707274","KQ053421v1","5610673","5610968","78","3903696"
"JH378131","1768776","1769065","KQ054815v1","2215557","2215844","75","446781"
"JH378131","1776260","1776484","KQ056064v1","326763","326940","82","1449497"
"JH378131","1805821","1806127","KQ053421v1","5610673","5610968","76","3804852"
"JH378131","1873766","1874058","KQ053421v1","5610673","5610968","77","3736907"
"JH378131","1883285","1883584","KQ053421v1","5610673","5610968","75","3727388"
"JH378131","1891232","1891540","KQ053421v1","5610673","5610968","88","3719441"
"JH378131","1894323","1894626","KQ053421v1","5610673","5610968","76","3716350"
"JH378131","1962078","1962389","KQ055352v1","6003171","6003466","71","4041093"
"JH378131","1971057","1971344","KQ053421v1","5610673","5610968","105","3639616"
"JH378131","1976302","1976605","KQ055352v1","6003171","6003466","74","4026869"
"JH378131","1983368","1983678","KQ055267v1","513773","514088","76","1469595"
"JH378131","1993189","1993496","KQ053421v1","5610673","5610968","74","3617484"
"JH378131","2006552","2006848","KQ053421v1","5610673","5610968","72","3604121"
"JH378131","2007328","2007616","KQ053421v1","5610673","5610968","75","3603345"
"JH378131","2045748","2046043","KQ053421v1","5610673","5610968","72","3564925"
"JH378131","2048672","2048976","KQ053421v1","5610673","5610968","74","3562001"
"JH378131","2069482","2069792","KQ055352v1","6003171","6003466","72","3933689"
"JH378131","2084084","2084375","KQ055267v1","513773","514088","82","1570311"
"JH378131","2095810","2096115","KQ055267v1","513773","514088","73","1582037"
"JH378131","2125301","2125599","KQ053421v1","5610673","5610968","74","3485372"
"JH378131","2155656","2155962","KQ055862v1","1305285","1305561","96","850371"
"JH378131","2165964","2166265","KQ053421v1","5610673","5610968","79","3444709"
"JH378131","2238720","2239017","KQ053421v1","5610673","5610968","82","3371953"
"JH378131","2261932","2262234","KQ053421v1","5610673","5610968","62","3348741"
"JH378131","2315617","2315899","KQ053421v1","5610673","5610968","84","3295056"
"JH378131","2330611","2330907","KQ053421v1","5610673","5610968","73","3280062"
"JH378131","2336887","2337206","KQ055352v1","6003171","6003466","93","3666284"
"JH378131","2346674","2346976","KQ053421v1","5610673","5610968","68","3263999"
"JH378131","2348427","2348670","KQ057901v1","868884","869144","80","1479543"
"JH378131","2360758","2361072","KQ053421v1","5610673","5610968","92","3249915"
"JH378131","2363340","2363490","KQ057161v1","453350","453459","62","1909990"
"JH378131","2371831","2372134","KQ053421v1","5610673","5610968","72","3238842"
"JH378131","2388413","2388698","KQ053421v1","5610673","5610968","87","3222260"
"JH378131","2396542","2396845","KQ053421v1","5610673","5610968","83","3214131"
"JH378131","2411934","2412178","KQ058242v1","595939","596205","66","1815995"
"JH378131","2417862","2418137","KQ053421v1","5610673","5610968","97","3192811"
"JH378131","2451113","2451413","KQ053421v1","5610673","5610968","78","3159560"
"JH378131","2562285","2562407","KQ053398v1","2623748","2623879","44","61463"
"JH378131","2802980","2803295","KQ058427v1","7786546","7786853","87","4983566"
"JH378131","2978992","2979302","KQ055267v1","513773","514088","70","2465219"
"JH378131","3008037","3008166","KQ053398v1","2623748","2623879","33","384289"
"JH378131","3083854","3084158","KQ053421v1","5610673","5610968","68","2526819"
"JH378131","3096447","3096748","KQ053421v1","5610673","5610968","74","2514226"
"JH378131","3107760","3107882","KQ053398v1","2623748","2623879","41","484012"
"JH378131","3116807","3117117","KQ055267v1","513773","514088","73","2603034"
"JH378131","3308671","3308972","KQ055267v1","513773","514088","85","2794898"
"JH378131","3336878","3337169","KQ053421v1","5610673","5610968","72","2273795"
"JH378131","3370818","3371110","KQ053421v1","5610673","5610968","71","2239855"
"JH378131","3491259","3491535","KQ057186v1","783828","784085","86","2707431"
"JH378131","3570768","3571061","KQ053421v1","5610673","5610968","65","2039905"
"JH378131","3671310","3671611","KQ053421v1","5610673","5610968","81","1939363"
"JH378131","3709714","3709996","KQ053421v1","5610673","5610968","88","1900959"
"JH378131","4045181","4045488","KQ058427v1","7786546","7786853","84","3741365"
"JH378131","4216394","4216686","KQ058242v1","595939","596205","82","3620455"
"JH378131","4246404","4246646","KQ058242v1","595939","596205","88","3650465"
"JH378131","4251172","4251469","KQ053421v1","5610673","5610968","83","1359501"
"JH378131","4360829","4361134","KQ055267v1","513773","514088","83","3847056"
"JH378131","4464796","4465105","KQ053421v1","5610673","5610968","87","1145877"
"JH378131","4474730","4474989","KQ058242v1","595939","596205","88","3878791"
"JH378131","4498960","4499263","KQ058427v1","7786546","7786853","79","3287586"
"JH378131","4500375","4500661","KQ053421v1","5610673","5610968","74","1110298"
"JH378131","4563146","4563258","KQ053398v1","2623748","2623879","44","1939398"
"JH378131","4574331","4574627","KQ053421v1","5610673","5610968","71","1036342"
"JH378131","4622645","4622956","KQ055352v1","6003171","6003466","76","1380526"
"JH378131","4631989","4632280","KQ058640v1","643463","643729","86","3988526"
"JH378131","4663411","4663725","KQ055267v1","513773","514088","91","4149638"
"JH378131","4683791","4684093","KQ053785v1","888769","889063","89","3795022"
"JH378131","4720043","4720330","KQ058427v1","6786866","6787134","103","2066823"
"JH378131","4738120","4738393","KQ055862v1","1305285","1305561","85","3432835"
"JH378131","4765092","4765381","KQ053421v1","5610673","5610968","71","845581"
"JH378131","4802697","4802998","KQ053421v1","5610673","5610968","68","807976"
"JH378131","4883060","4883361","KQ053421v1","5610673","5610968","69","727613"
"JH378131","4892741","4893045","KQ053421v1","5610673","5610968","69","717932"
"JH378131","4927112","4927421","KQ053421v1","5610673","5610968","75","683561"
"JH378131","4930183","4930481","KQ053421v1","5610673","5610968","71","680490"
"JH378131","5041272","5041561","KQ053421v1","5610673","5610968","85","569401"
"JH378131","5164273","5164413","KQ053398v1","2623748","2623879","38","2540525"
"JH378131","5165277","5165429","KQ055914v1","670963","671119","42","4494314"
"JH378131","5200172","5200512","KQ055267v1","513773","514088","103","4686399"
"JH378131","5277126","5277426","KQ053421v1","5610673","5610968","77","333547"
"JH378131","5298849","5299127","KQ058242v1","595939","596205","85","4702910"
"JH378131","5375086","5375393","KQ058427v1","7786546","7786853","82","2411460"
"JH378131","5398902","5399205","KQ053421v1","5610673","5610968","85","211771"
"JH378131","5431849","5432130","KQ053421v1","5610673","5610968","77","178824"
"JH378131","5463572","5463800","KQ058274v1","300327","300497","84","5163245"
"JH378131","5555707","5556016","KQ053421v1","5610673","5610968","82","54966"
"JH378131","5696154","5696449","KQ053421v1","5610673","5610968","72","85481"
"JH378131","5711736","5712046","KQ053421v1","5610673","5610968","84","101063"
"JH378131","5780627","5780936","KQ055267v1","513773","514088","76","5266854"
"JH378131","5838704","5839038","KQ058427v1","7786546","7786853","103","1947842"
"JH378131","5846215","5846495","KQ053421v1","5610673","5610968","77","235542"
"JH378131","5894676","5894954","KQ053785v1","888769","889063","84","5005907"
"JH378131","5901038","5901339","KQ053421v1","5610673","5610968","71","290365"
"JH378131","5987228","5987469","KQ056321v1","575951","576190","84","5411277"
"JH378131","6010609","6010683","KQ056235v1","1266284","1266361","29","4744325"
"JH378131","6044298","6044588","KQ053421v1","5610673","5610968","72","433625"
"JH378131","6182666","6182979","KQ055352v1","6003171","6003466","75","179495"
"JH378131","6215545","6215773","KQ058274v1","300327","300497","86","5915218"
"JH378131","6216064","6216136","KQ058316v1","2226037","2226104","32","3990027"
"JH378131","6287057","6287278","KQ052982v1","2032903","2033097","70","4254154"
"JH378131","6358075","6358384","KQ055267v1","513773","514088","72","5844302"
"JH378131","6370885","6371190","KQ055352v1","6003171","6003466","74","367714"
"JH378131","6406119","6406382","KQ058242v1","595939","596205","78","5810180"
"JH378131","6420469","6420771","KQ053421v1","5610673","5610968","72","809796"
"JH378131","6426748","6427050","KQ055352v1","6003171","6003466","67","423577"
"JH378131","6437131","6437348","ABDC02053644v1","2226","2419","78","6434905"
"JH378131","6460068","6460371","KQ053421v1","5610673","5610968","78","849395"
"JH378131","6634566","6634852","KQ053421v1","5610673","5610968","70","1023893"
"JH378131","6644980","6645290","KQ055352v1","6003171","6003466","75","641809"
"JH378131","6732026","6732311","KQ053785v1","888769","889063","83","5843257"
"JH378131","6812562","6812866","KQ055352v1","6003171","6003466","70","809391"
"JH378131","6848560","6848867","KQ055267v1","513773","514088","74","6334787"
"JH378131","6907744","6908051","KQ055267v1","513773","514088","77","6393971"
"JH378131","7005175","7005478","KQ055352v1","6003171","6003466","72","1002004"
"JH378131","7165136","7165437","KQ053421v1","5610673","5610968","69","1554463"
"JH378131","7189841","7190135","KQ053421v1","5610673","5610968","72","1579168"
"JH378131","7255740","7255848","KQ056279v1","759081","759162","44","6496659"
"JH378131","7257876","7258209","KQ058427v1","7786546","7786853","102","528670"
"JH378131","7279908","7280218","KQ053421v1","5610673","5610968","75","1669235"
"JH378131","7329566","7329875","KQ055352v1","6003171","6003466","76","1326395"
"JH378131","7435822","7436144","KQ055267v1","513773","514088","86","6922049"
"JH378131","7588847","7589150","KQ053421v1","5610673","5610968","86","1978174"
"JH378131","7748520","7748850","KQ053135v1","5034940","5035266","103","2713580"
"JH378131","7793853","7794164","KQ053421v1","5610673","5610968","76","2183180"
"JH378131","7816864","7817177","KQ058427v1","7786546","7786853","93","30318"
"JH378131","7852601","7852922","KQ055267v1","513773","514088","81","7338828"
"JH378131","7950132","7950428","KQ053421v1","5610673","5610968","81","2339459"
"JH378131","7994770","7994932","KQ058423v1","270754","270928","39","7724016"
"JH378131","8033354","8033636","KQ058640v1","643463","643729","76","7389891"
"JH378131","8070798","8071117","KQ055267v1","513773","514088","89","7557025"
"JH378131","8272253","8272564","KQ058427v1","7786546","7786853","87","485707"
"JH378131","8279713","8280010","KQ053421v1","5610673","5610968","67","2669040"
"JH378131","8428275","8428556","KQ055352v1","6003171","6003466","84","2425104"
"JH378131","8476651","8476963","KQ058427v1","7786546","7786853","73","690105"
"JH378131","8481507","8481805","KQ055267v1","513773","514088","90","7967734"
"JH378131","8519921","8520225","KQ053421v1","5610673","5610968","71","2909248"
"JH378131","8563094","8563367","KQ057186v1","783828","784085","82","7779266"
"JH378131","8572083","8572354","KQ053421v1","5610673","5610968","98","2961410"
"JH378131","8572362","8572612","KQ058242v1","595939","596205","103","7976423"
"JH378131","8637708","8637989","KQ053421v1","5610673","5610968","84","3027035"
"JH378131","8665304","8665608","KQ053421v1","5610673","5610968","68","3054631"
"JH378131","8715696","8715943","KQ058242v1","595939","596205","99","8119757"
"JH378131","8882802","8883106","KQ053421v1","5610673","5610968","69","3272129"
"JH378131","8908720","8908843","KQ053004v1","3064551","3064681","53","5844169"
"JH378131","8989300","8989609","KQ055352v1","6003171","6003466","69","2986129"
"JH378131","9018945","9019255","KQ055267v1","513773","514088","72","8505172"
"JH378131","9045192","9045511","KQ053421v1","5610673","5610968","99","3434519"
"JH378131","9094427","9094718","KQ053421v1","5610673","5610968","72","3483754"
"JH378131","9224308","9224610","KQ053421v1","5610673","5610968","72","3613635"
"JH378131","9225707","9225822","KQ053398v1","2627781","2627909","42","6597926"
"JH378131","9274877","9275184","KQ053421v1","5610673","5610968","90","3664204"
"JH378131","9284575","9284875","KQ053421v1","5610673","5610968","78","3673902"
"JH378131","9303945","9304240","KQ053421v1","5610673","5610968","69","3693272"
"JH378131","9385955","9386134","KQ054954v1","1680710","1680882","47","7705245"
"JH378131","9442544","9442807","KQ058242v1","595939","596205","68","8846605"
"JH378131","9471386","9471668","KQ058427v1","6786866","6787134","93","2684520"
"JH378131","9669739","9670043","KQ058427v1","7786546","7786853","85","1883193"
"JH378131","9723962","9724254","KQ053421v1","5610673","5610968","84","4113289"
"JH378131","9744462","9744770","KQ053421v1","5610673","5610968","72","4133789"
"JH378131","9798211","9798319","KQ055717v1","1610376","1610476","43","8187835"
"JH378131","9859188","9859468","KQ053421v1","5610673","5610968","75","4248515"
"JH378131","9912590","9912890","KQ053421v1","5610673","5610968","77","4301917"
"JH378131","9975216","9975522","KQ053421v1","5610673","5610968","68","4364543"
"JH378131","10003467","10003769","KQ055267v1","513773","514088","81","9489694"
"JH378131","10157105","10157405","KQ053421v1","5610673","5610968","79","4546432"
"JH378131","10171631","10171750","KQ053398v1","2623748","2623879","40","7547883"
"JH378131","10298943","10299163","KQ057186v1","783828","784085","91","9515115"
"JH378131","10322829","10323113","KQ053421v1","5610673","5610968","78","4712156"
"JH378131","10337012","10337283","KQ058242v1","595939","596205","85","9741073"
"JH378131","10392200","10392484","KQ053421v1","5610673","5610968","82","4781527"
"JH378131","10401661","10401960","KQ058427v1","7786546","7786853","75","2615115"
"JH378131","10446534","10446777","KQ055717v1","1610777","1611031","90","8835757"
"JH378131","10452531","10452834","KQ053421v1","5610673","5610968","75","4841858"
"JH378131","10486842","10487143","KQ053421v1","5610673","5610968","70","4876169"
"JH378131","10516793","10517106","KQ053421v1","5610673","5610968","93","4906120"
"JH378131","10519982","10520280","KQ053421v1","5610673","5610968","64","4909309"
"JH378131","10522432","10522738","KQ055267v1","513773","514088","78","10008659"
"JH378131","10607605","10607903","KQ053421v1","5610673","5610968","73","4996932"
"JH378131","10644735","10645036","KQ053421v1","5610673","5610968","94","5034062"
"JH378131","10700909","10701208","KQ053421v1","5610673","5610968","71","5090236"
"JH378131","10724159","10724454","KQ053421v1","5610673","5610968","78","5113486"
"JH378131","10737426","10737729","KQ058427v1","7786546","7786853","81","2950880"
"JH378131","10780171","10780434","KQ058242v1","595939","596205","79","10184232"
"JH378131","10781124","10781461","KQ058427v1","7786546","7786853","100","2994578"
"JH378131","10830954","10831254","KQ053421v1","5610673","5610968","78","5220281"
"JH378131","10866394","10866662","KQ058242v1","595939","596205","81","10270455"
"JH378131","10874833","10875133","KQ055267v1","513773","514088","83","10361060"
"JH378131","10900521","10900826","KQ055352v1","6003171","6003466","71","4897350"
"JH378131","10901562","10901861","KQ055267v1","513773","514088","82","10387789"
"JH378131","10905339","10905631","KQ053421v1","5610673","5610968","71","5294666"
"JH378131","10945028","10945177","KQ054510v1","7582269","7582431","48","3362759"
"JH378131","11016901","11017212","KQ055352v1","6003171","6003466","74","5013730"
"JH378131","11024691","11025000","KQ053421v1","5610673","5610968","73","5414018"
"JH378131","11041036","11041345","KQ055352v1","6003171","6003466","71","5037865"
"JH378131","11051471","11051768","KQ053421v1","5610673","5610968","72","5440798"
"JH378131","11060196","11060401","KQ058274v1","300327","300497","69","10759869"
"JH378131","11069328","11069624","KQ053421v1","5610673","5610968","71","5458655"
"JH378131","11109650","11109945","KQ053421v1","5610673","5610968","71","5498977"
"JH378131","11141140","11141444","KQ055352v1","6003171","6003466","70","5137969"
"JH378131","11150702","11150837","KQ054401v1","3363241","3363379","39","7787461"
"JH378131","11476794","11477064","KQ053421v1","5610673","5610968","87","5866121"
"JH378131","11559448","11559726","KQ053421v1","5610673","5610968","76","5948775"
"JH378131","11632729","11633025","KQ053421v1","5610673","5610968","68","6022056"
"JH378131","11778316","11778626","KQ053421v1","5610673","5610968","76","6167643"
"JH378131","11815753","11816063","KQ055352v1","6003171","6003466","81","5812582"
"JH378131","11861651","11861939","KQ053421v1","5610673","5610968","76","6250978"
"JH378131","11893160","11893465","KQ055267v1","513773","514088","71","11379387"
"JH378131","11944333","11944457","KQ053398v1","2623748","2623879","34","9320585"
"JH378131","12363618","12363909","KQ053421v1","5610673","5610968","78","6752945"
"JH378131","12444718","12445028","KQ055352v1","6003171","6003466","77","6441547"
"JH378131","12516687","12516978","KQ053421v1","5610673","5610968","77","6906014"
"JH378131","12548042","12548349","KQ055352v1","6003171","6003466","81","6544871"
"JH378131","12603137","12603411","KQ053421v1","5610673","5610968","85","6992464"
"JH378131","12617545","12617808","KQ058505v1","2207051","2207301","83","10410494"
"JH378131","12633628","12633935","KQ053421v1","5610673","5610968","83","7022955"
"JH378131","12661813","12662126","KQ055267v1","513773","514088","79","12148040"
"JH378131","12675949","12676252","KQ053421v1","5610673","5610968","72","7065276"
"JH378131","12782074","12782362","KQ058427v1","7786546","7786853","91","4995528"
"JH378131","12784052","12784156","KQ055717v1","1610376","1610476","36","11173676"
"JH378131","12812789","12813050","KQ058242v1","595939","596205","69","12216850"
"JH378131","12888782","12889083","KQ053421v1","5610673","5610968","86","7278109"
"JH378131","12890947","12891080","KQ053398v1","2627781","2627909","37","10263166"
"JH378131","12907296","12907586","KQ053421v1","5610673","5610968","75","7296623"
"JH378131","12933235","12933529","KQ053421v1","5610673","5610968","77","7322562"
"JH378131","12947184","12947482","KQ053421v1","5610673","5610968","97","7336511"
"JH378131","12966569","12966883","KQ055267v1","513773","514088","85","12452796"
"JH378131","12967476","12967644","KQ053267v1","1313653","1313811","53","11653823"
"JH378131","12976172","12976472","KQ053421v1","5610673","5610968","75","7365499"
"JH378131","13055292","13055583","KQ058427v1","7786546","7786853","83","5268746"
"JH378131","13065389","13065684","KQ053421v1","5610673","5610968","79","7454716"
"JH378131","13077991","13078284","KQ053421v1","5610673","5610968","70","7467318"
"JH378131","13098307","13098613","KQ055352v1","6003171","6003466","70","7095136"
"JH378131","13108661","13108947","KQ053421v1","5610673","5610968","73","7497988"
"JH378131","13172591","13172889","KQ058427v1","7786546","7786853","78","5386045"
"JH378131","13277413","13277724","KQ055267v1","513773","514088","74","12763640"
"JH378131","13303001","13303306","KQ053421v1","5610673","5610968","79","7692328"
"JH378131","13338196","13338447","KQ058242v1","595939","596205","89","12742257"
"JH378131","13367623","13367905","KQ058242v1","595939","596205","92","12771684"
"JH378131","13420862","13421142","KQ053421v1","5610673","5610968","88","7810189"
"JH378131","13474969","13475272","KQ053421v1","5610673","5610968","74","7864296"
"JH378131","13496728","13497035","KQ055352v1","6003171","6003466","75","7493557"
"JH378131","13562759","13563064","KQ053421v1","5610673","5610968","75","7952086"
"JH378131","13576220","13576524","KQ055352v1","6003171","6003466","69","7573049"
"JH378131","13577934","13578240","KQ053421v1","5610673","5610968","73","7967261"
"JH378131","13720099","13720390","KQ053421v1","5610673","5610968","88","8109426"
"JH378131","13727955","13728237","KQ055862v1","1305285","1305561","80","12422670"
"JH378131","13760045","13760340","KQ053421v1","5610673","5610968","90","8149372"
"JH378131","13892544","13892835","KQ053421v1","5610673","5610968","69","8281871"
"JH378131","13937713","13938010","KQ053421v1","5610673","5610968","72","8327040"
"JH378131","14100840","14101137","KQ053421v1","5610673","5610968","73","8490167"
"JH378131","14112873","14113168","KQ053421v1","5610673","5610968","66","8502200"
"JH378131","14148873","14149043","KQ058350v1","9514178","9514352","42","4634695"
"JH378131","14150726","14151020","KQ053421v1","5610673","5610968","80","8540053"
"JH378131","14213752","14214061","KQ055352v1","6003171","6003466","69","8210581"
"JH378131","14326106","14326412","KQ053421v1","5610673","5610968","79","8715433"
"JH378131","14327623","14327933","KQ055352v1","6003171","6003466","72","8324452"
"JH378131","14337843","14338152","KQ058427v1","7786546","7786853","71","6551297"
"JH378131","14425462","14425764","KQ053421v1","5610673","5610968","64","8814789"
"JH378131","14525255","14525562","KQ053421v1","5610673","5610968","95","8914582"
"JH378131","14741131","14741393","KQ053421v1","5610673","5610968","94","9130458"
"JH378131","14852603","14852910","KQ053421v1","5610673","5610968","66","9241930"
"JH378131","14866990","14867159","KQ056064v1","326763","326940","58","14540227"
"JH378131","14881704","14881814","KQ053398v1","2623748","2623879","49","12257956"
"JH378131","14951575","14951878","KQ053421v1","5610673","5610968","75","9340902"
"JH378131","14962254","14962537","KQ054815v1","2215557","2215844","82","12746697"
"JH378131","14977976","14978276","KQ053421v1","5610673","5610968","87","9367303"
"JH378131","15114657","15114953","KQ053421v1","5610673","5610968","64","9503984"
"JH378131","15391100","15391399","KQ053421v1","5610673","5610968","74","9780427"
"JH378131","15696218","15696522","KQ058427v1","7786546","7786853","78","7909672"
"JH378131","15786686","15787028","KQ053059v1","2548766","2549102","93","13237920"
"JH378131","15815149","15815445","KQ053421v1","5610673","5610968","78","10204476"
"JH378131","15885419","15885702","KQ053421v1","5610673","5610968","83","10274746"
"JH378131","15903157","15903418","KQ058242v1","595939","596205","70","15307218"
"JH378131","15961444","15961746","KQ053421v1","5610673","5610968","70","10350771"
"JH378131","15963738","15964042","KQ053135v1","5034940","5035266","87","10928798"
"JH378131","16042575","16042869","KQ053421v1","5610673","5610968","66","10431902"
"JH378131","16200334","16200644","KQ058427v1","7786546","7786853","78","8413788"
"JH378131","16204685","16204945","KQ055862v1","1305285","1305561","85","14899400"
"JH378131","16221314","16221606","KQ053421v1","5610673","5610968","81","10610641"
"JH378131","16234485","16234796","KQ055352v1","6003171","6003466","73","10231314"
"JH378131","16246002","16246295","KQ053421v1","5610673","5610968","71","10635329"
"JH378131","16277309","16277614","KQ055352v1","6003171","6003466","78","10274138"
"JH378131","16444614","16444856","KQ056321v1","575951","576190","89","15868663"
"JH378131","16548591","16548872","KQ053421v1","5610673","5610968","77","10937918"
"JH378131","16656594","16656890","KQ053421v1","5610673","5610968","77","11045921"
"JH378131","16740732","16741041","KQ055352v1","6003171","6003466","69","10737561"
"JH378131","16775873","16776236","KQ053059v1","2548766","2549102","126","14227107"
"JH378131","16776693","16776843","KQ053398v1","2623748","2623879","51","14152945"
"JH378131","16802060","16802365","KQ055352v1","6003171","6003466","70","10798889"
"JH378131","16903833","16904139","KQ053421v1","5610673","5610968","82","11293160"
"JH378131","16954301","16954584","KQ053421v1","5610673","5610968","89","11343628"
"JH378131","16966309","16966439","KQ053398v1","2623748","2623879","33","14342561"
"JH378131","17218036","17218328","KQ053421v1","5610673","5610968","79","11607363"
"JH378131","17256354","17256661","KQ055267v1","513773","514088","73","16742581"
"JH378131","17368589","17368897","KQ053421v1","5610673","5610968","86","11757916"
"JH378131","17441291","17441507","KQ055662v1","1890465","1890674","76","15550826"
"JH378131","17466550","17466854","KQ055352v1","6003171","6003466","68","11463379"
"JH378131","17527202","17527503","KQ053421v1","5610673","5610968","73","11916529"
"JH378131","17539291","17539587","KQ053421v1","5610673","5610968","65","11928618"
"JH378131","17659266","17659573","KQ055352v1","6003171","6003466","71","11656095"
"JH378131","17722772","17723077","KQ055352v1","6003171","6003466","68","11719601"
"JH378131","17751782","17751922","KQ054401v1","3363241","3363379","37","14388541"
"JH378131","17844239","17844528","KQ054815v1","2215557","2215844","74","15628682"
"JH378131","17901290","17901571","KQ053785v1","888769","889063","86","17012521"
"JH378131","17942780","17943093","KQ058427v1","7786546","7786853","81","10156234"
"JH378131","18052632","18052929","KQ055352v1","6003171","6003466","71","12049461"
"JH378131","18130189","18130497","KQ055267v1","513773","514088","72","17616416"
"JH378131","18156550","18156824","KQ058339v1","4553625","4553889","72","13602925"
"JH378131","18171159","18171464","KQ053421v1","5610673","5610968","79","12560486"
"JH378131","18318687","18318975","KQ053421v1","5610673","5610968","67","12708014"
"JH378131","18369944","18370235","KQ053421v1","5610673","5610968","76","12759271"
"JH378131","18390183","18390487","KQ053421v1","5610673","5610968","72","12779510"
"JH378131","18479873","18480185","KQ053421v1","5610673","5610968","85","12869200"
"JH378131","18499229","18499399","KQ058423v1","270754","270928","39","18228475"
"JH378131","18531628","18531912","KQ053421v1","5610673","5610968","81","12920955"
"JH378131","18601853","18601978","KQ053398v1","2623748","2623879","35","15978105"
"JH378131","18605547","18605843","KQ053421v1","5610673","5610968","74","12994874"
"JH378131","18634893","18635006","KQ053398v1","2623748","2623879","42","16011145"
"JH378131","18635282","18635585","KQ053421v1","5610673","5610968","70","13024609"
"JH378131","18636124","18636412","KQ053421v1","5610673","5610968","74","13025451"
"JH378131","18673743","18674053","KQ055267v1","513773","514088","75","18159970"
"JH378131","18690057","18690203","KQ056920v1","183120","183261","47","18506937"
"JH378131","18697505","18697806","KQ053421v1","5610673","5610968","68","13086832"
"JH378131","18725661","18725928","KQ057909v1","9290159","9290423","99","9435502"
"JH378131","18751216","18751519","KQ055267v1","513773","514088","79","18237443"
"JH378131","18797910","18798186","KQ058242v1","595939","596205","76","18201971"
"JH378131","18799086","18799394","KQ053421v1","5610673","5610968","71","13188413"
"JH378131","18963075","18963274","KQ053081v1","1367902","1368071","94","17595173"
"JH378131","19027189","19027500","KQ055267v1","513773","514088","78","18513416"
"JH378131","19070104","19070236","KQ054401v1","3363241","3363379","39","15706863"
"JH378131","19072813","19073112","KQ053421v1","5610673","5610968","70","13462140"
"JH378131","19294542","19294844","KQ053421v1","5610673","5610968","77","13683869"
"JH378131","19297215","19297525","KQ055267v1","513773","514088","72","18783442"
"JH378131","19324883","19325191","KQ055267v1","513773","514088","76","18811110"
"JH378131","19366112","19366416","KQ053421v1","5610673","5610968","70","13755439"
"JH378131","19493342","19493603","KQ058505v1","2207051","2207301","83","17286291"
"JH378131","19495436","19495720","KQ053421v1","5610673","5610968","78","13884763"
"JH378131","19595979","19596294","KQ055267v1","513773","514088","88","19082206"
"JH378131","19687583","19687878","KQ053421v1","5610673","5610968","67","14076910"
"JH378131","19747297","19747597","KQ053421v1","5610673","5610968","74","14136624"
"JH378131","19753565","19753865","KQ053421v1","5610673","5610968","63","14142892"
"JH378131","19770727","19771025","KQ053421v1","5610673","5610968","71","14160054"
"JH378131","19776083","19776373","KQ053421v1","5610673","5610968","73","14165410"
"JH378131","19829836","19830101","KQ055862v1","1305285","1305561","76","18524551"
"JH378131","19906040","19906351","KQ055352v1","6003171","6003466","72","13902869"
"JH378131","19913361","19913669","KQ058427v1","7786546","7786853","80","12126815"
"JH378131","19918836","19919141","KQ053421v1","5610673","5610968","74","14308163"
"JH378131","19930641","19930939","KQ053421v1","5610673","5610968","82","14319968"
"JH378131","19933833","19934142","KQ053421v1","5610673","5610968","74","14323160"
"JH378131","19955769","19956029","KQ057186v1","783828","784085","87","19171941"
"JH378131","19993959","19994242","KQ053421v1","5610673","5610968","94","14383286"
"JH378131","20044211","20044511","KQ053421v1","5610673","5610968","74","14433538"
"JH378131","20061793","20062069","KQ057186v1","783828","784085","76","19277965"
"JH378131","20097626","20097923","KQ053421v1","5610673","5610968","74","14486953"
"JH378131","20119317","20119622","KQ058427v1","7786546","7786853","76","12332771"
"JH378131","20142818","20143061","KQ056321v1","575951","576190","89","19566867"
"JH378131","20265875","20266141","KQ058640v1","643463","643729","82","19622412"
"JH378131","20317917","20318215","KQ053421v1","5610673","5610968","72","14707244"
"JH378131","20329538","20329835","KQ053421v1","5610673","5610968","84","14718865"
"JH378131","20337870","20338160","KQ053421v1","5610673","5610968","69","14727197"
"JH378131","20753598","20753897","KQ053421v1","5610673","5610968","83","15142925"
"JH378131","20766904","20767130","KQ055662v1","1890465","1890674","74","18876439"
"JH378131","20832431","20832715","KQ053421v1","5610673","5610968","85","15221758"
"JH378131","20927645","20927932","KQ058242v1","595939","596205","92","20331706"
"JH378131","21001401","21001628","KQ055140v1","659740","659924","85","20341661"
"JH378131","21078057","21078292","KQ053234v1","1414405","1414609","76","19663652"
"JH378131","21232699","21232735","KQ053234v1","1679807","1679838","20","19552892"
"JH378131","21232737","21233014","KQ058242v1","595939","596205","82","20636798"
"JH378131","21246367","21246666","KQ055267v1","513773","514088","87","20732594"
"JH378131","21432479","21432783","KQ053421v1","5610673","5610968","72","15821806"
"JH378131","21601446","21601758","KQ053421v1","5610673","5610968","86","15990773"
"JH378131","21705578","21705875","KQ053421v1","5610673","5610968","72","16094905"
"JH378131","21725767","21726021","KQ058242v1","595939","596205","84","21129828"
"JH378131","22239795","22240104","KQ053421v1","5610673","5610968","81","16629122"
"JH378131","22255815","22256115","KQ053421v1","5610673","5610968","71","16645142"
"JH378131","22303584","22303879","KQ053421v1","5610673","5610968","70","16692911"
"JH378131","22557997","22558297","KQ055352v1","6003171","6003466","73","16554826"
"JH378131","22578773","22578877","KQ056235v1","1266284","1266361","50","21312489"
"JH378131","22619723","22620015","KQ053421v1","5610673","5610968","77","17009050"
"JH378131","22745312","22745576","KQ053421v1","5610673","5610968","84","17134639"
"JH378131","22780995","22781299","KQ053421v1","5610673","5610968","76","17170322"
"JH378131","22840842","22841142","KQ053421v1","5610673","5610968","73","17230169"
"JH378131","22846373","22846594","KQ052982v1","2032903","2033097","64","20813470"
"JH378131","22991331","22991604","KQ053421v1","5610673","5610968","86","17380658"
"JH378131","23142960","23143242","KQ053421v1","5610673","5610968","86","17532287"
"JH378131","23193117","23193418","KQ053421v1","5610673","5610968","76","17582444"
"JH378131","23206719","23207017","KQ058427v1","7786546","7786853","91","15420173"
"JH378131","23218356","23218667","KQ055352v1","6003171","6003466","72","17215185"
"JH378131","23298670","23298959","KQ053421v1","5610673","5610968","77","17687997"
"JH378131","23311658","23311850","KQ054954v1","1680710","1680882","54","21630948"
"JH378131","23368447","23368738","KQ053421v1","5610673","5610968","89","17757774"
"JH378131","23504228","23504520","KQ053421v1","5610673","5610968","69","17893555"
"JH378131","23555586","23555866","KQ053421v1","5610673","5610968","79","17944913"
"JH378131","23598797","23599101","KQ053421v1","5610673","5610968","77","17988124"
"JH378131","23722121","23722422","KQ053421v1","5610673","5610968","77","18111448"
"JH378131","23785082","23785403","KQ055267v1","513773","514088","86","23271309"
"JH378131","23806696","23806983","KQ053421v1","5610673","5610968","78","18196023"
"JH378131","23964340","23964652","KQ055352v1","6003171","6003466","69","17961169"
"JH378131","24035203","24035499","KQ053421v1","5610673","5610968","68","18424530"
"JH378131","24037050","24037352","KQ053421v1","5610673","5610968","76","18426377"
"JH378131","24088572","24088884","KQ055352v1","6003171","6003466","76","18085401"
"JH378131","24088889","24089200","KQ055352v1","6003171","6003466","77","18085718"
"JH378132","15990602","15990903","KQ053421v1","5610673","5610968","65","10379929"
"JH378132","33877","34187","KQ053421v1","5610673","5610968","82","5576796"
"JH378132","78244","78536","KQ053421v1","5610673","5610968","79","5532429"
"JH378132","260522","260759","KQ053234v1","1414405","1414609","78","1153883"
"JH378132","360299","360571","KQ058427v1","6786866","6787134","81","6426567"
"JH378132","464374","464669","KQ053421v1","5610673","5610968","67","5146299"
"JH378132","610706","610848","KQ054401v1","3363241","3363379","42","2752535"
"JH378132","690745","691071","KQ053421v1","5610673","5610968","90","4919928"
"JH378132","712333","712596","KQ057901v1","868884","869144","90","156551"
"JH378132","806725","807037","KQ055267v1","513773","514088","80","292952"
"JH378132","875325","875452","KQ053398v1","2623748","2623879","32","1748423"
"JH378132","1035188","1035503","KQ055267v1","513773","514088","75","521415"
"JH378132","1212703","1213013","KQ055267v1","513773","514088","74","698930"
"JH378132","1364161","1364459","KQ053421v1","5610673","5610968","67","4246512"
"JH378132","1494195","1494458","KQ058242v1","595939","596205","68","898256"
"JH378132","1496944","1497254","KQ055352v1","6003171","6003466","74","4506227"
"JH378132","1517500","1517765","KQ055717v1","1610777","1611031","89","93277"
"JH378132","1559602","1559913","KQ053421v1","5610673","5610968","77","4051071"
"JH378132","1598046","1598196","KQ052968v1","13665640","13665790","49","12067594"
"JH378132","1622009","1622303","KQ053421v1","5610673","5610968","74","3988664"
"JH378132","1627213","1627529","KQ055267v1","513773","514088","74","1113440"
"JH378132","1654863","1655148","KQ053421v1","5610673","5610968","86","3955810"
"JH378132","1725850","1726128","KQ058242v1","595939","596205","76","1129911"
"JH378132","1946076","1946386","KQ055267v1","513773","514088","87","1432303"
"JH378132","2002804","2003112","KQ055267v1","513773","514088","71","1489031"
"JH378132","2044562","2044665","KQ056279v1","759081","759162","40","1285481"
"JH378132","2154321","2154628","KQ058427v1","7786546","7786853","75","5632225"
"JH378132","2200331","2200629","KQ053421v1","5610673","5610968","78","3410342"
"JH378132","2208179","2208512","KQ053421v1","5610673","5610968","94","3402494"
"JH378132","2215620","2215899","KQ053421v1","5610673","5610968","90","3395053"
"JH378132","2251490","2251786","KQ053421v1","5610673","5610968","83","3359183"
"JH378132","2263873","2264173","KQ053421v1","5610673","5610968","72","3346800"
"JH378132","2290243","2290551","KQ055352v1","6003171","6003466","74","3712928"
"JH378132","2314321","2314624","KQ053421v1","5610673","5610968","70","3296352"
"JH378132","2347526","2347826","KQ053421v1","5610673","5610968","72","3263147"
"JH378132","2364092","2364364","KQ053421v1","5610673","5610968","82","3246581"
"JH378132","2392861","2393157","KQ053421v1","5610673","5610968","83","3217812"
"JH378132","2418758","2419058","KQ053421v1","5610673","5610968","71","3191915"
"JH378132","2468236","2468527","KQ053421v1","5610673","5610968","66","3142437"
"JH378132","2507643","2507891","KQ058509v1","24058","24271","87","2483585"
"JH378132","2536836","2537146","KQ053421v1","5610673","5610968","84","3073837"
"JH378132","2567838","2568133","KQ053421v1","5610673","5610968","66","3042835"
"JH378132","2576315","2576621","KQ055352v1","6003171","6003466","74","3426856"
"JH378132","2599260","2599569","KQ058427v1","7786546","7786853","74","5187286"
"JH378132","2925636","2925926","KQ053421v1","5610673","5610968","67","2685037"
"JH378132","2991337","2991643","KQ058242v1","595939","596205","98","2395398"
"JH378132","3136311","3136603","KQ058427v1","7786546","7786853","85","4650235"
"JH378132","3160431","3160733","KQ053421v1","5610673","5610968","69","2450242"
"JH378132","3220773","3221073","KQ053421v1","5610673","5610968","86","2389900"
"JH378132","3231099","3231370","KQ055862v1","1305285","1305561","83","1925814"
"JH378132","3387393","3387647","KQ058242v1","595939","596205","90","2791454"
"JH378132","3484870","3485162","KQ053421v1","5610673","5610968","70","2125803"
"JH378132","3495286","3495578","KQ053421v1","5610673","5610968","69","2115387"
"JH378132","3499628","3499946","KQ053421v1","5610673","5610968","158","2111045"
"JH378132","3518410","3518715","KQ053421v1","5610673","5610968","73","2092263"
"JH378132","3597695","3598002","KQ055352v1","6003171","6003466","75","2405476"
"JH378132","3789761","3790089","KQ055267v1","513773","514088","89","3275988"
"JH378132","3800180","3800468","KQ053421v1","5610673","5610968","81","1810493"
"JH378132","3885433","3885715","KQ054815v1","2215557","2215844","82","1669876"
"JH378132","3893542","3893850","KQ058427v1","7786546","7786853","74","3893004"
"JH378132","3896958","3897269","KQ055267v1","513773","514088","78","3383185"
"JH378132","4043519","4043799","KQ053421v1","5610673","5610968","99","1567154"
"JH378132","4044939","4045248","KQ055352v1","6003171","6003466","77","1958232"
"JH378132","4223676","4223981","KQ058427v1","7786546","7786853","85","3562870"
"JH378132","4262221","4262471","KQ058242v1","595939","596205","83","3666282"
"JH378132","4328284","4328583","KQ053421v1","5610673","5610968","67","1282389"
"JH378132","4466785","4467084","KQ053421v1","5610673","5610968","70","1143888"
"JH378132","4474692","4474995","KQ053421v1","5610673","5610968","69","1135981"
"JH378132","4513873","4514170","KQ053421v1","5610673","5610968","71","1096800"
"JH378132","4657092","4657394","KQ053421v1","5610673","5610968","65","953581"
"JH378132","4907137","4907429","KQ053421v1","5610673","5610968","71","703536"
"JH378132","5072231","5072533","KQ053421v1","5610673","5610968","75","538442"
"JH378132","5116213","5116533","KQ055267v1","513773","514088","82","4602440"
"JH378132","5223325","5223625","KQ053421v1","5610673","5610968","67","387348"
"JH378132","5330396","5330696","KQ053421v1","5610673","5610968","70","280277"
"JH378132","5371942","5372245","KQ055352v1","6003171","6003466","71","631229"
"JH378132","5472150","5472458","KQ055267v1","513773","514088","71","4958377"
"JH378132","5616476","5616761","KQ053421v1","5610673","5610968","74","5803"
"JH378132","5717130","5717420","KQ053421v1","5610673","5610968","89","106457"
"JH378132","5728612","5728919","KQ058427v1","7786546","7786853","80","2057934"
"JH378132","6209803","6209965","KQ053993v1","1251070","1251235","45","4958733"
"JH378132","6218571","6218887","KQ053421v1","5610673","5610968","105","607898"
"JH378132","6255287","6255573","KQ053421v1","5610673","5610968","80","644614"
"JH378132","6298884","6299185","KQ055352v1","6003171","6003466","70","295713"
"JH378132","6321184","6321495","KQ058427v1","7786546","7786853","70","1465362"
"JH378132","6481804","6482102","KQ053421v1","5610673","5610968","61","871131"
"JH378132","6696373","6696681","KQ053421v1","5610673","5610968","72","1085700"
"JH378132","6785971","6786269","KQ053421v1","5610673","5610968","85","1175298"
"JH378132","7051382","7051681","KQ053421v1","5610673","5610968","69","1440709"
"JH378132","7147361","7147662","KQ055352v1","6003171","6003466","86","1144190"
"JH378132","7355782","7356090","KQ055352v1","6003171","6003466","66","1352611"
"JH378132","7529842","7530153","KQ058427v1","7786546","7786853","83","256704"
"JH378132","7662187","7662475","KQ053421v1","5610673","5610968","76","2051514"
"JH378132","7662915","7663256","KQ055267v1","513773","514088","100","7149142"
"JH378132","7780584","7780806","KQ055662v1","1890465","1890674","70","5890119"
"JH378132","7783617","7783919","KQ053421v1","5610673","5610968","71","2172944"
"JH378132","7801346","7801639","KQ053421v1","5610673","5610968","85","2190673"
"JH378132","7917368","7917668","KQ053421v1","5610673","5610968","74","2306695"
"JH378132","8084637","8084946","KQ055352v1","6003171","6003466","71","2081466"
"JH378132","8148519","8148814","KQ053421v1","5610673","5610968","65","2537846"
"JH378132","8164913","8165217","KQ053421v1","5610673","5610968","69","2554240"
"JH378132","8228349","8228496","KQ053398v1","2623748","2623879","51","5604601"
"JH378132","8233685","8233994","KQ053421v1","5610673","5610968","81","2623012"
"JH378132","8236241","8236448","KQ053234v1","1414405","1414609","54","6821836"
"JH378132","8263404","8263686","KQ053421v1","5610673","5610968","92","2652731"
"JH378132","8281572","8281841","KQ058242v1","595939","596205","95","7685633"
"JH378132","8292394","8292688","KQ053421v1","5610673","5610968","74","2681721"
"JH378132","8299780","8300062","KQ054815v1","2215557","2215844","78","6084223"
"JH378132","8384969","8385242","KQ057186v1","783828","784085","93","7601141"
"JH378132","8440315","8440602","KQ054815v1","2215557","2215844","80","6224758"
"JH378132","8451238","8451535","KQ053421v1","5610673","5610968","69","2840565"
"JH378132","8536338","8536640","KQ053421v1","5610673","5610968","78","2925665"
"JH378132","8584538","8584840","KQ058427v1","7786546","7786853","77","797992"
"JH378132","8623340","8623649","KQ055352v1","6003171","6003466","73","2620169"
"JH378132","8625235","8625545","KQ055352v1","6003171","6003466","74","2622064"
"JH378132","8653614","8653886","KQ056321v1","575951","576190","89","8077663"
"JH378132","8721583","8721877","KQ053421v1","5610673","5610968","77","3110910"
"JH378132","8738283","8738589","KQ055352v1","6003171","6003466","72","2735112"
"JH378132","8825802","8826104","KQ053421v1","5610673","5610968","69","3215129"
"JH378132","8985831","8986136","KQ053421v1","5610673","5610968","71","3375158"
"JH378132","8998555","8998850","KQ053785v1","888769","889063","101","8109786"
"JH378132","9082444","9082745","KQ053421v1","5610673","5610968","79","3471771"
"JH378132","9103868","9104163","KQ053421v1","5610673","5610968","72","3493195"
"JH378132","9115638","9115941","KQ055267v1","513773","514088","80","8601865"
"JH378132","9205283","9205597","KQ055352v1","6003171","6003466","77","3202112"
"JH378132","9233818","9234078","KQ057901v1","868884","869144","80","8364934"
"JH378132","9379113","9379346","KQ052982v1","2032903","2033097","77","7346210"
"JH378132","9460849","9461156","KQ055352v1","6003171","6003466","71","3457678"
"JH378132","9474557","9474853","KQ053421v1","5610673","5610968","69","3863884"
"JH378132","9525519","9525709","KQ056064v1","326763","326940","62","9198756"
"JH378132","9715867","9716158","KQ053421v1","5610673","5610968","76","4105194"
"JH378132","9926497","9926786","KQ053421v1","5610673","5610968","83","4315824"
"JH378132","9953840","9954151","KQ055352v1","6003171","6003466","75","3950669"
"JH378132","10186522","10186832","KQ058427v1","7786546","7786853","78","2399976"
"JH378132","10197887","10198103","KQ055717v1","1610777","1611031","95","8587110"
"JH378132","10200999","10201274","KQ053421v1","5610673","5610968","82","4590326"
"JH378132","10252330","10252616","KQ058242v1","595939","596205","85","9656391"
"JH378132","10268682","10268778","KQ056235v1","1266284","1266361","33","9002398"
"JH378132","10307287","10307611","KQ058427v1","7786546","7786853","96","2520741"
"JH378132","10307668","10307967","KQ053421v1","5610673","5610968","72","4696995"
"JH378132","10322636","10322935","KQ053421v1","5610673","5610968","69","4711963"
"JH378132","10351916","10352200","KQ058394v1","9655127","9655422","85","696789"
"JH378132","10366921","10367219","KQ053421v1","5610673","5610968","67","4756248"
"JH378132","10375236","10375533","KQ053421v1","5610673","5610968","70","4764563"
"JH378132","10422133","10422431","KQ053421v1","5610673","5610968","68","4811460"
"JH378132","10445966","10446254","KQ055862v1","1305285","1305561","85","9140681"
"JH378132","10457097","10457368","KQ055862v1","1305285","1305561","83","9151812"
"JH378132","10501164","10501464","KQ053421v1","5610673","5610968","72","4890491"
"JH378132","10506897","10507161","KQ057901v1","868884","869144","85","9638013"
"JH378132","10554142","10554445","KQ053421v1","5610673","5610968","88","4943469"
"JH378132","10569438","10569735","KQ053421v1","5610673","5610968","68","4958765"
"JH378132","10877611","10877933","KQ058427v1","7786546","7786853","88","3091065"
"JH378132","10881748","10881975","KQ053234v1","1414405","1414609","73","9467343"
"JH378132","10951354","10951568","KQ055662v1","1890465","1890674","79","9060889"
"JH378132","10956846","10957148","KQ058427v1","7786546","7786853","81","3170300"
"JH378132","11021242","11021532","KQ053421v1","5610673","5610968","78","5410569"
"JH378132","11041615","11041921","KQ058427v1","7786546","7786853","75","3255069"
"JH378132","11084113","11084416","KQ053421v1","5610673","5610968","71","5473440"
"JH378132","11116109","11116407","KQ053421v1","5610673","5610968","67","5505436"
"JH378132","11211262","11211553","KQ053421v1","5610673","5610968","73","5600589"
"JH378132","11343018","11343302","KQ058242v1","595939","596205","84","10747079"
"JH378132","11471656","11471921","KQ058242v1","595939","596205","73","10875717"
"JH378132","11573474","11573756","KQ058339v1","4553625","4553889","90","7019849"
"JH378132","11579221","11579497","KQ058242v1","595939","596205","86","10983282"
"JH378132","11666619","11666899","KQ058242v1","595939","596205","77","11070680"
"JH378132","11689632","11689920","KQ053421v1","5610673","5610968","68","6078959"
"JH378132","11742724","11743016","KQ058427v1","7786546","7786853","95","3956178"
"JH378132","11879586","11879891","KQ053421v1","5610673","5610968","77","6268913"
"JH378132","11938855","11939152","KQ053421v1","5610673","5610968","65","6328182"
"JH378132","11945306","11945603","KQ053421v1","5610673","5610968","79","6334633"
"JH378132","11951276","11951580","KQ053421v1","5610673","5610968","76","6340603"
"JH378132","11982909","11983222","KQ055352v1","6003171","6003466","89","5979738"
"JH378132","11991714","11992018","KQ053421v1","5610673","5610968","81","6381041"
"JH378132","12076526","12076815","KQ058242v1","595939","596205","77","11480587"
"JH378132","12278725","12279000","KQ058242v1","595939","596205","74","11682786"
"JH378132","12411863","12412173","KQ053421v1","5610673","5610968","74","6801190"
"JH378132","12469103","12469410","KQ055267v1","513773","514088","78","11955330"
"JH378132","12533439","12533753","KQ055267v1","513773","514088","78","12019666"
"JH378132","12573957","12574242","KQ053421v1","5610673","5610968","87","6963284"
"JH378132","12617457","12617800","KQ053059v1","2548766","2549102","102","10068691"
"JH378132","12618596","12618901","KQ058427v1","7786546","7786853","72","4832050"
"JH378132","12647651","12647945","KQ053421v1","5610673","5610968","88","7036978"
"JH378132","12728292","12728573","KQ053421v1","5610673","5610968","80","7117619"
"JH378132","12905270","12905561","KQ053421v1","5610673","5610968","85","7294597"
"JH378132","12923327","12923625","KQ053421v1","5610673","5610968","66","7312654"
"JH378132","12941405","12941713","KQ053421v1","5610673","5610968","82","7330732"
"JH378132","12948092","12948368","KQ058242v1","595939","596205","83","12352153"
"JH378132","12987231","12987539","KQ053421v1","5610673","5610968","68","7376558"
"JH378132","13008596","13008865","KQ055862v1","1305285","1305561","88","11703311"
"JH378132","13048528","13048836","KQ053421v1","5610673","5610968","78","7437855"
"JH378132","13086573","13086738","KQ058328v1","3002631","3002796","44","10083942"
"JH378132","13131637","13131743","KQ056235v1","1266284","1266361","40","11865353"
"JH378132","13192328","13192631","KQ055352v1","6003171","6003466","76","7189157"
"JH378132","13223477","13223583","KQ053004v1","3064551","3064681","45","10158926"
"JH378132","13487227","13487533","KQ053421v1","5610673","5610968","84","7876554"
"JH378132","13575517","13575820","KQ053421v1","5610673","5610968","77","7964844"
"JH378132","13810999","13811290","KQ053421v1","5610673","5610968","81","8200326"
"JH378132","13882381","13882692","KQ055352v1","6003171","6003466","71","7879210"
"JH378132","13890413","13890700","KQ053421v1","5610673","5610968","82","8279740"
"JH378132","13925986","13926295","KQ058427v1","7786546","7786853","73","6139440"
"JH378132","13932862","13933125","KQ053421v1","5610673","5610968","91","8322189"
"JH378132","13974195","13974424","KQ055662v1","1890465","1890674","74","12083730"
"JH378132","13974429","13974566","KQ053398v1","2623748","2623879","36","11350681"
"JH378132","14033897","14034025","KQ053398v1","2623748","2623879","34","11410149"
"JH378132","14066071","14066412","KQ055267v1","513773","514088","120","13552298"
"JH378132","14119664","14119971","KQ055267v1","513773","514088","80","13605891"
"JH378132","14192528","14192829","KQ053421v1","5610673","5610968","68","8581855"
"JH378132","14238269","14238571","KQ053421v1","5610673","5610968","74","8627596"
"JH378132","14263837","14264142","KQ053421v1","5610673","5610968","77","8653164"
"JH378132","14267301","14267577","KQ057186v1","783828","784085","82","13483473"
"JH378132","14281897","14282195","KQ053421v1","5610673","5610968","73","8671224"
"JH378132","14307837","14308148","KQ055267v1","513773","514088","72","13794064"
"JH378132","14322401","14322706","KQ053421v1","5610673","5610968","76","8711728"
"JH378132","14323826","14324121","KQ053421v1","5610673","5610968","72","8713153"
"JH378132","14372052","14372358","KQ053421v1","5610673","5610968","80","8761379"
"JH378132","14430560","14430854","KQ053421v1","5610673","5610968","75","8819887"
"JH378132","14515837","14516129","KQ053421v1","5610673","5610968","72","8905164"
"JH378132","14537711","14537973","KQ057901v1","868884","869144","90","13668827"
"JH378132","14570623","14570919","KQ053421v1","5610673","5610968","73","8959950"
"JH378132","14642959","14643267","KQ055267v1","513773","514088","71","14129186"
"JH378132","14660927","14661205","KQ058242v1","595939","596205","82","14064988"
"JH378132","14681523","14681632","KQ058316v1","2226037","2226104","54","12455486"
"JH378132","14682017","14682160","KQ053398v1","2623748","2623879","44","12058269"
"JH378132","14730097","14730401","KQ055267v1","513773","514088","73","14216324"
"JH378132","14766437","14766600","KQ058423v1","270754","270928","47","14495683"
"JH378132","14908775","14909085","KQ055352v1","6003171","6003466","74","8905604"
"JH378132","15036065","15036377","KQ058640v1","643463","643729","97","14392602"
"JH378132","15140412","15140720","KQ053421v1","5610673","5610968","74","9529739"
"JH378132","15173501","15173810","KQ055352v1","6003171","6003466","71","9170330"
"JH378132","15182991","15183293","KQ053421v1","5610673","5610968","80","9572318"
"JH378132","15249520","15249635","KQ053398v1","2623748","2623879","44","12625772"
"JH378132","15404152","15404460","KQ053421v1","5610673","5610968","92","9793479"
"JH378132","15681826","15682120","KQ053421v1","5610673","5610968","74","10071153"
"JH378132","15686759","15687055","KQ053421v1","5610673","5610968","83","10076086"
"JH378132","15776050","15776329","KQ053421v1","5610673","5610968","69","10165377"
"JH378132","15816014","15816325","KQ055267v1","513773","514088","74","15302241"
"JH378132","15817792","15818092","KQ053421v1","5610673","5610968","77","10207119"
"JH378132","15951509","15951697","KQ058350v1","9514178","9514352","51","6437331"
"JH378132","16042141","16042429","KQ053421v1","5610673","5610968","83","10431468"
"JH378132","16068042","16068337","KQ053421v1","5610673","5610968","69","10457369"
"JH378132","16073206","16073501","KQ055267v1","513773","514088","90","15559433"
"JH378132","16168447","16168762","KQ055352v1","6003171","6003466","71","10165276"
"JH378132","16184702","16184999","KQ053421v1","5610673","5610968","68","10574029"
"JH378132","16229820","16230117","KQ053421v1","5610673","5610968","67","10619147"
"JH378132","16341285","16341586","KQ053421v1","5610673","5610968","76","10730612"
"JH378132","16427851","16428159","KQ053421v1","5610673","5610968","73","10817178"
"JH378132","16438251","16438460","KQ055662v1","1890465","1890674","62","14547786"
"JH378132","16480123","16480314","KQ058594v1","5950443","5950621","57","10529680"
"JH378132","16553819","16554103","KQ054815v1","2215557","2215844","82","14338262"
"JH378132","16568139","16568458","KQ055267v1","513773","514088","81","16054366"
"JH378132","16582293","16582585","KQ053421v1","5610673","5610968","69","10971620"
"JH378132","16666931","16667189","KQ057901v1","868884","869144","84","15798047"
"JH378132","16789627","16789921","KQ053421v1","5610673","5610968","69","11178954"
"JH378132","16943044","16943319","KQ053421v1","5610673","5610968","82","11332371"
"JH378132","16957802","16958091","KQ053421v1","5610673","5610968","72","11347129"
"JH378132","17162699","17162985","KQ053421v1","5610673","5610968","84","11552026"
"JH378132","17262528","17262796","KQ053785v1","888769","889063","85","16373759"
"JH378132","17481509","17481808","KQ053421v1","5610673","5610968","72","11870836"
"JH378132","17619913","17620214","KQ053421v1","5610673","5610968","72","12009240"
"JH378132","17626065","17626364","KQ053421v1","5610673","5610968","94","12015392"
"JH378132","17684167","17684476","KQ053421v1","5610673","5610968","75","12073494"
"JH378132","17757707","17758028","KQ055267v1","513773","514088","79","17243934"
"JH378132","17776567","17776747","KQ054179v1","3404435","3404595","50","14372132"
"JH378132","17809702","17809992","KQ053421v1","5610673","5610968","73","12199029"
"JH378132","17810804","17811077","KQ057901v1","868884","869144","93","16941920"
"JH378132","17814198","17814506","KQ053421v1","5610673","5610968","76","12203525"
"JH378132","17981441","17981624","KQ054954v1","1680710","1680882","44","16300731"
"JH378132","17981725","17981831","KQ056493v1","2043382","2043488","38","15938343"
"JH378132","17985509","17985780","KQ058242v1","595939","596205","79","17389570"
"JH378132","17995486","17995789","KQ055352v1","6003171","6003466","72","11992315"
"JH378132","18029570","18029870","KQ053421v1","5610673","5610968","82","12418897"
"JH378132","18114970","18115278","KQ055352v1","6003171","6003466","74","12111799"
"JH378132","18327425","18327728","KQ053421v1","5610673","5610968","81","12716752"
"JH378132","18359628","18359889","KQ058339v1","4553625","4553889","78","13806003"
"JH378132","18395362","18395477","KQ053398v1","2627781","2627909","47","15767581"
"JH378132","18470933","18471238","KQ055352v1","6003171","6003466","74","12467762"
"JH378132","18600452","18600748","KQ053421v1","5610673","5610968","71","12989779"
"JH378132","18679528","18679811","KQ053421v1","5610673","5610968","82","13068855"
"JH378132","18700790","18700998","ABDC02053644v1","2226","2419","75","18698564"
"JH378132","18938910","18939207","KQ053421v1","5610673","5610968","84","13328237"
"JH378132","19056194","19056493","KQ053421v1","5610673","5610968","69","13445521"
"JH378132","19134514","19134741","KQ058274v1","300327","300497","83","18834187"
"JH378132","19419597","19419909","KQ055352v1","6003171","6003466","76","13416426"
"JH378132","19430164","19430464","KQ053421v1","5610673","5610968","64","13819491"
"JH378132","19495208","19495520","KQ058427v1","7786546","7786853","89","11708662"
"JH378132","19669904","19670197","KQ053421v1","5610673","5610968","75","14059231"
"JH378132","19833054","19833204","KQ054510v1","7582269","7582431","44","12250785"
"JH378132","20080422","20080721","KQ053421v1","5610673","5610968","71","14469749"
"JH378132","20097120","20097401","KQ058242v1","595939","596205","86","19501181"
"JH378132","20108108","20108400","KQ053421v1","5610673","5610968","83","14497435"
"JH378132","20198063","20198358","KQ053421v1","5610673","5610968","80","14587390"
"JH378132","20198566","20198828","KQ058505v1","2207051","2207301","85","17991515"
"JH378132","20215761","20216068","KQ053421v1","5610673","5610968","78","14605088"
"JH378132","20236256","20236556","KQ053421v1","5610673","5610968","81","14625583"
"JH378132","20297988","20298117","KQ053398v1","2623748","2623879","36","17674240"
"JH378132","20367198","20367500","KQ053421v1","5610673","5610968","70","14756525"
"JH378132","20417105","20417305","KQ053234v1","1679581","1679757","56","18737524"
"JH378132","20452470","20452770","KQ057901v1","868884","869144","94","19583586"
"JH378132","20532176","20532487","KQ055352v1","6003171","6003466","74","14529005"
"JH378132","20534406","20534702","KQ053421v1","5610673","5610968","66","14923733"
"JH378132","20651526","20651617","KQ058272v1","5283309","5283400","31","15368217"
"JH378132","20737297","20737595","KQ053421v1","5610673","5610968","65","15126624"
"JH378132","21334718","21335030","KQ055352v1","6003171","6003466","70","15331547"
"JH378132","21405145","21405453","KQ058427v1","7786546","7786853","82","13618599"
"JH378132","21681947","21682241","KQ053421v1","5610673","5610968","84","16071274"
"JH378132","21822475","21822701","KQ055662v1","1890465","1890674","67","19932010"
"JH378132","21980564","21980862","KQ053421v1","5610673","5610968","64","16369891"
"JH378132","21997194","21997499","KQ058427v1","7786546","7786853","79","14210648"
"JH378132","22017344","22017643","KQ053421v1","5610673","5610968","71","16406671"
"JH378132","22050634","22050915","KQ058339v1","4553625","4553889","89","17497009"
"JH378132","22059351","22059651","KQ053421v1","5610673","5610968","72","16448678"
"JH378132","22060287","22060579","KQ053421v1","5610673","5610968","79","16449614"
"JH378132","22195951","22196254","KQ053421v1","5610673","5610968","84","16585278"
"JH378132","22235676","22235969","KQ053421v1","5610673","5610968","73","16625003"
"JH378132","22241147","22241436","KQ053421v1","5610673","5610968","80","16630474"
"JH378132","22258973","22259266","KQ053421v1","5610673","5610968","69","16648300"
"JH378132","22268339","22268631","KQ053421v1","5610673","5610968","77","16657666"
"JH378132","22284862","22285177","KQ058427v1","7786546","7786853","89","14498316"
"JH378132","22287189","22287495","KQ055352v1","6003171","6003466","82","16284018"
"JH378132","22291840","22292135","KQ053421v1","5610673","5610968","67","16681167"
"JH378132","22355372","22355540","KQ053531v1","6571","6737","60","22348801"
"JH378132","22415078","22415363","KQ053421v1","5610673","5610968","80","16804405"
"JH378132","22429555","22429851","KQ053421v1","5610673","5610968","73","16818882"
"JH378132","22448756","22448920","KQ057204v1","2930576","2930741","42","19518180"
"JH378132","22487750","22488036","KQ053421v1","5610673","5610968","92","16877077"
"JH378132","22518066","22518317","KQ053883v1","6938067","6938331","84","15579999"
"JH378132","22529819","22529947","KQ053398v1","2623748","2623879","35","19906071"
"JH378132","22553682","22553936","KQ057186v1","783828","784085","82","21769854"
"JH378132","22618641","22618913","KQ058505v1","2207051","2207301","94","20411590"
"JH378132","22643270","22643569","KQ053421v1","5610673","5610968","85","17032597"
"JH378132","22700433","22700630","KQ058274v1","300327","300497","76","22400106"
"JH378132","22843237","22843531","KQ053421v1","5610673","5610968","74","17232564"
"JH378132","22918314","22918612","KQ053421v1","5610673","5610968","70","17307641"
"JH378132","22925836","22926134","KQ053421v1","5610673","5610968","64","17315163"
"JH378132","22983461","22983767","KQ055267v1","513773","514088","72","22469688"
"JH378132","23150773","23151063","KQ053421v1","5610673","5610968","76","17540100"
"JH378132","23251223","23251544","KQ055267v1","513773","514088","90","22737450"
"JH378132","23258249","23258555","KQ055352v1","6003171","6003466","70","17255078"
"JH378132","23285270","23285530","KQ058505v1","2207051","2207301","85","21078219"
"JH378132","23361716","23362013","KQ053421v1","5610673","5610968","77","17751043"
"JH378132","23380428","23380566","KQ054401v1","3363241","3363379","39","20017187"
"JH378132","23447403","23447697","KQ053421v1","5610673","5610968","75","17836730"
"JH378132","23553105","23553406","KQ053421v1","5610673","5610968","71","17942432"
"JH378132","23560561","23560830","KQ058339v1","4553625","4553889","89","19006936"
"JH378133","8388414","8388714","KQ053421v1","5610673","5610968","80","2777741"
"JH378133","1703748","1704037","KQ053421v1","5610673","5610968","75","3906925"
"JH378133","83828","84098","KQ058242v1","595939","596205","84","512111"
"JH378133","122572","122882","KQ055352v1","6003171","6003466","71","5880599"
"JH378133","166619","166914","KQ053421v1","5610673","5610968","71","5444054"
"JH378133","238780","239092","KQ058427v1","7786546","7786853","83","7547766"
"JH378133","258842","259132","KQ053421v1","5610673","5610968","77","5351831"
"JH378133","266686","266914","KQ058509v1","24058","24271","75","242628"
"JH378133","345075","345345","KQ054815v1","2215557","2215844","88","1870482"
"JH378133","485517","485823","KQ053421v1","5610673","5610968","97","5125156"
"JH378133","927343","927631","KQ053421v1","5610673","5610968","77","4683330"
"JH378133","944127","944465","KQ055267v1","513773","514088","98","430354"
"JH378133","993098","993409","KQ055352v1","6003171","6003466","73","5010073"
"JH378133","1042143","1042439","KQ053421v1","5610673","5610968","69","4568530"
"JH378133","1078219","1078514","KQ053421v1","5610673","5610968","71","4532454"
"JH378133","1167942","1168256","KQ053421v1","5610673","5610968","87","4442731"
"JH378133","1221314","1221602","KQ053421v1","5610673","5610968","70","4389359"
"JH378133","1259932","1260231","KQ053421v1","5610673","5610968","70","4350741"
"JH378133","1291447","1291758","KQ055352v1","6003171","6003466","76","4711724"
"JH378133","1372371","1372668","KQ053421v1","5610673","5610968","63","4238302"
"JH378133","1403298","1403556","KQ057901v1","868884","869144","77","534414"
"JH378133","1487086","1487395","KQ053421v1","5610673","5610968","87","4123587"
"JH378133","1531302","1531596","KQ058427v1","7786546","7786853","86","6255244"
"JH378133","1553363","1553666","KQ053421v1","5610673","5610968","67","4057310"
"JH378133","1599474","1599773","KQ053421v1","5610673","5610968","72","4011199"
"JH378133","1599972","1600290","KQ058427v1","7786546","7786853","85","6186574"
"JH378133","1629063","1629360","KQ053421v1","5610673","5610968","76","3981610"
"JH378133","1677981","1678283","KQ053421v1","5610673","5610968","77","3932692"
"JH378133","1712841","1713137","KQ053421v1","5610673","5610968","80","3897832"
"JH378133","1786162","1786463","KQ053421v1","5610673","5610968","77","3824511"
"JH378133","1879074","1879374","KQ053421v1","5610673","5610968","77","3731599"
"JH378133","2077963","2078246","KQ054815v1","2215557","2215844","79","137594"
"JH378133","2080868","2081179","KQ055267v1","513773","514088","90","1567095"
"JH378133","2121140","2121430","KQ053421v1","5610673","5610968","78","3489533"
"JH378133","2240706","2240878","KQ057204v1","2930576","2930741","40","689870"
"JH378133","2257188","2257484","KQ053421v1","5610673","5610968","80","3353485"
"JH378133","2339337","2339643","KQ053421v1","5610673","5610968","72","3271336"
"JH378133","2394347","2394661","KQ053421v1","5610673","5610968","79","3216326"
"JH378133","2396442","2396746","KQ053421v1","5610673","5610968","74","3214231"
"JH378133","2527235","2527380","KQ054401v1","3363241","3363379","47","836006"
"JH378133","2653795","2654107","KQ055267v1","513773","514088","78","2140022"
"JH378133","2711997","2712306","KQ055352v1","6003171","6003466","72","3291174"
"JH378133","2755831","2756136","KQ053421v1","5610673","5610968","87","2854842"
"JH378133","2956653","2956951","KQ053421v1","5610673","5610968","82","2654020"
"JH378133","2992639","2992938","KQ053421v1","5610673","5610968","66","2618034"
"JH378133","3029731","3030039","KQ055352v1","6003171","6003466","74","2973440"
"JH378133","3099773","3100078","KQ055352v1","6003171","6003466","68","2903398"
"JH378133","3309512","3309794","KQ053421v1","5610673","5610968","79","2301161"
"JH378133","3862870","3863179","KQ053421v1","5610673","5610968","74","1747803"
"JH378133","3909777","3910081","KQ055352v1","6003171","6003466","68","2093394"
"JH378133","4074383","4074680","KQ053421v1","5610673","5610968","79","1536290"
"JH378133","4206173","4206479","KQ055267v1","513773","514088","77","3692400"
"JH378133","4215289","4215596","KQ055352v1","6003171","6003466","76","1787882"
"JH378133","4247287","4247535","KQ058242v1","595939","596205","83","3651348"
"JH378133","4278547","4278842","KQ053421v1","5610673","5610968","64","1332126"
"JH378133","4288777","4289052","KQ053421v1","5610673","5610968","84","1321896"
"JH378133","4308108","4308414","KQ055352v1","6003171","6003466","71","1695063"
"JH378133","4338417","4338704","KQ055352v1","6003171","6003466","67","1664754"
"JH378133","4360355","4360653","KQ053421v1","5610673","5610968","76","1250318"
"JH378133","4428961","4429277","KQ053421v1","5610673","5610968","81","1181712"
"JH378133","4463439","4463751","KQ055352v1","6003171","6003466","72","1539732"
"JH378133","4495810","4496117","KQ058427v1","7786546","7786853","159","3290736"
"JH378133","4552507","4552785","KQ058640v1","643463","643729","89","3909044"
"JH378133","4813106","4813231","KQ053004v1","3064551","3064681","46","1748555"
"JH378133","4837796","4838104","KQ058427v1","7786546","7786853","78","2948750"
"JH378133","4952227","4952508","KQ053421v1","5610673","5610968","79","658446"
"JH378133","4954424","4954712","KQ053421v1","5610673","5610968","83","656249"
"JH378133","4955509","4955801","KQ053421v1","5610673","5610968","84","655164"
"JH378133","4987634","4987922","KQ053421v1","5610673","5610968","80","623039"
"JH378133","4996183","4996465","KQ053421v1","5610673","5610968","79","614490"
"JH378133","5001845","5002064","KQ053234v1","1414405","1414609","63","3587440"
"JH378133","5005919","5006023","KQ056279v1","759081","759162","38","4246838"
"JH378133","5014011","5014309","KQ053421v1","5610673","5610968","78","596662"
"JH378133","5029604","5029877","KQ058242v1","595939","596205","75","4433665"
"JH378133","5035473","5035770","KQ053421v1","5610673","5610968","79","575200"
"JH378133","5057778","5058081","KQ058427v1","7786546","7786853","71","2728768"
"JH378133","5072053","5072218","KQ054510v1","7582269","7582431","30","2510216"
"JH378133","5096488","5096798","KQ058427v1","7786546","7786853","79","2690058"
"JH378133","5156267","5156547","KQ053421v1","5610673","5610968","85","454406"
"JH378133","5211327","5211601","KQ058242v1","595939","596205","82","4615388"
"JH378133","5375480","5375781","KQ053421v1","5610673","5610968","71","235193"
"JH378133","5401972","5402260","KQ053421v1","5610673","5610968","78","208701"
"JH378133","5417111","5417395","KQ053421v1","5610673","5610968","87","193562"
"JH378133","5427426","5427713","KQ053421v1","5610673","5610968","77","183247"
"JH378133","5581771","5582076","KQ055352v1","6003171","6003466","86","421400"
"JH378133","5740605","5740907","KQ053421v1","5610673","5610968","75","129932"
"JH378133","5915814","5916116","KQ053421v1","5610673","5610968","75","305141"
"JH378133","5986091","5986399","KQ053421v1","5610673","5610968","77","375418"
"JH378133","6063500","6063799","KQ053421v1","5610673","5610968","81","452827"
"JH378133","6082996","6083281","KQ053421v1","5610673","5610968","74","472323"
"JH378133","6092817","6093125","KQ055352v1","6003171","6003466","69","89646"
"JH378133","6110748","6110991","KQ058509v1","24058","24271","68","6086690"
"JH378133","6135162","6135465","KQ053421v1","5610673","5610968","82","524489"
"JH378133","6196681","6196974","KQ053421v1","5610673","5610968","81","586008"
"JH378133","6289778","6290077","KQ053421v1","5610673","5610968","69","679105"
"JH378133","6484992","6485295","KQ053421v1","5610673","5610968","71","874319"
"JH378133","6551816","6552069","KQ058339v1","4553625","4553889","100","1998191"
"JH378133","6634559","6634860","KQ053421v1","5610673","5610968","72","1023886"
"JH378133","6647414","6647722","KQ055352v1","6003171","6003466","75","644243"
"JH378133","6692945","6693256","KQ058427v1","7786546","7786853","79","1093601"
"JH378133","6745422","6745729","KQ055352v1","6003171","6003466","70","742251"
"JH378133","6757290","6757599","KQ058427v1","7786546","7786853","88","1029256"
"JH378133","6845147","6845462","KQ055352v1","6003171","6003466","92","841976"
"JH378133","6855357","6855660","KQ053421v1","5610673","5610968","77","1244684"
"JH378133","6859383","6859677","KQ053421v1","5610673","5610968","72","1248710"
"JH378133","6865796","6866095","KQ053421v1","5610673","5610968","68","1255123"
"JH378133","6949868","6950170","KQ053421v1","5610673","5610968","65","1339195"
"JH378133","7011613","7011916","KQ053421v1","5610673","5610968","66","1400940"
"JH378133","7194468","7194776","KQ053421v1","5610673","5610968","67","1583795"
"JH378133","7214818","7215124","KQ053421v1","5610673","5610968","82","1604145"
"JH378133","7406176","7406486","KQ058427v1","7786546","7786853","87","380370"
"JH378133","7441174","7441509","KQ053059v1","2548766","2549102","105","4892408"
"JH378133","7442731","7443016","KQ058640v1","643463","643729","87","6799268"
"JH378133","7453751","7454083","KQ055267v1","513773","514088","94","6939978"
"JH378133","7491445","7491698","KQ057901v1","868884","869144","87","6622561"
"JH378133","7494522","7494811","KQ053421v1","5610673","5610968","81","1883849"
"JH378133","7509550","7509847","KQ053421v1","5610673","5610968","81","1898877"
"JH378133","7519582","7519701","KQ056493v1","2043382","2043488","34","5476200"
"JH378133","7519835","7520145","KQ055267v1","513773","514088","75","7006062"
"JH378133","7530970","7531263","KQ053421v1","5610673","5610968","70","1920297"
"JH378133","7717928","7718238","KQ058427v1","7786546","7786853","75","68618"
"JH378133","7737988","7738344","KQ058427v1","7786546","7786853","129","48558"
"JH378133","7787319","7787620","KQ053421v1","5610673","5610968","83","2176646"
"JH378133","7802387","7802693","KQ058427v1","7786546","7786853","81","15841"
"JH378133","7835544","7835629","KQ056235v1","1266284","1266361","23","6569260"
"JH378133","7862551","7862839","KQ053421v1","5610673","5610968","80","2251878"
"JH378133","7907946","7908256","KQ053421v1","5610673","5610968","82","2297273"
"JH378133","7933126","7933430","KQ058427v1","7786546","7786853","77","146580"
"JH378133","8000708","8000933","KQ053234v1","1414405","1414609","66","6586303"
"JH378133","8001574","8001640","KQ055247v1","3278175","3278224","27","4723399"
"JH378133","8027380","8027656","KQ058242v1","595939","596205","74","7431441"
"JH378133","8120657","8120889","KQ058242v1","595939","596205","89","7524718"
"JH378133","8172979","8173266","KQ053421v1","5610673","5610968","79","2562306"
"JH378133","8250313","8250619","KQ053421v1","5610673","5610968","78","2639640"
"JH378133","8301875","8302183","KQ055267v1","513773","514088","73","7788102"
"JH378133","8420271","8420566","KQ053421v1","5610673","5610968","74","2809598"
"JH378133","8534076","8534369","KQ053421v1","5610673","5610968","85","2923403"
"JH378133","8547044","8547341","KQ053421v1","5610673","5610968","71","2936371"
"JH378133","8573968","8574261","KQ053421v1","5610673","5610968","85","2963295"
"JH378133","8576849","8577140","KQ053421v1","5610673","5610968","92","2966176"
"JH378133","8686973","8687269","KQ053421v1","5610673","5610968","77","3076300"
"JH378133","8730940","8731219","KQ053421v1","5610673","5610968","70","3120267"
"JH378133","8734126","8734429","KQ058427v1","7786546","7786853","83","947580"
"JH378133","8740820","8741120","KQ053421v1","5610673","5610968","75","3130147"
"JH378133","8816519","8816823","KQ055352v1","6003171","6003466","72","2813348"
"JH378133","8869980","8870280","KQ053421v1","5610673","5610968","71","3259307"
"JH378133","8893114","8893279","KQ055978v1","4311984","4312161","50","4581130"
"JH378133","9039407","9039668","KQ058505v1","2207051","2207301","82","6832356"
"JH378133","9073824","9073964","KQ054401v1","3363241","3363379","43","5710583"
"JH378133","9143118","9143414","KQ053421v1","5610673","5610968","81","3532445"
"JH378133","9198034","9198342","KQ053421v1","5610673","5610968","87","3587361"
"JH378133","9206398","9206619","KQ058274v1","300327","300497","79","8906071"
"JH378133","9269674","9269979","KQ053421v1","5610673","5610968","69","3659001"
"JH378133","9371899","9372203","KQ053421v1","5610673","5610968","76","3761226"
"JH378133","9432466","9432760","KQ053421v1","5610673","5610968","78","3821793"
"JH378133","9439218","9439533","KQ053421v1","5610673","5610968","81","3828545"
"JH378133","9504790","9505097","KQ055267v1","513773","514088","82","8991017"
"JH378133","9524064","9524368","KQ058427v1","7786546","7786853","75","1737518"
"JH378133","9526056","9526338","KQ053421v1","5610673","5610968","80","3915383"
"JH378133","9534521","9534807","KQ053421v1","5610673","5610968","80","3923848"
"JH378133","9607438","9607745","KQ055267v1","513773","514088","72","9093665"
"JH378133","9623743","9624055","KQ055267v1","513773","514088","81","9109970"
"JH378133","9679206","9679529","KQ053135v1","5034940","5035266","93","4644266"
"JH378133","9683544","9683837","KQ053421v1","5610673","5610968","81","4072871"
"JH378133","9694458","9694764","KQ055267v1","513773","514088","77","9180685"
"JH378133","9725669","9725970","KQ053421v1","5610673","5610968","73","4114996"
"JH378133","9826221","9826521","KQ053421v1","5610673","5610968","68","4215548"
"JH378133","9917914","9918202","KQ053421v1","5610673","5610968","73","4307241"
"JH378133","9941370","9941619","KQ053234v1","1414405","1414609","86","8526965"
"JH378133","9983756","9984034","KQ053421v1","5610673","5610968","90","4373083"
"JH378133","10069847","10070137","KQ053421v1","5610673","5610968","77","4459174"
"JH378133","10150766","10151064","KQ053421v1","5610673","5610968","74","4540093"
"JH378133","10203068","10203366","KQ058339v1","4553625","4553889","84","5649443"
"JH378133","10213018","10213370","KQ053421v1","5610673","5610968","132","4602345"
"JH378133","10260212","10260509","KQ053421v1","5610673","5610968","92","4649539"
"JH378133","10282774","10282905","KQ053398v1","2623748","2623879","31","7659026"
"JH378133","10371209","10371521","KQ055352v1","6003171","6003466","74","4368038"
"JH378133","10435345","10435557","KQ052982v1","2032903","2033097","63","8402442"
"JH378133","10481235","10481540","KQ053421v1","5610673","5610968","97","4870562"
"JH378133","10741625","10741908","KQ055862v1","1305285","1305561","69","9436340"
"JH378133","10899351","10899437","KQ056235v1","1266284","1266361","25","9633067"
"JH378133","10998978","10999297","KQ055267v1","513773","514088","83","10485205"
"JH378133","11007791","11008095","KQ058427v1","7786546","7786853","79","3221245"
"JH378133","11100816","11101089","KQ053421v1","5610673","5610968","92","5490143"
"JH378133","11109342","11109646","KQ053421v1","5610673","5610968","71","5498669"
"JH378133","11112753","11113071","KQ053421v1","5610673","5610968","92","5502080"
"JH378133","11130876","11131176","KQ053421v1","5610673","5610968","68","5520203"
"JH378133","11176594","11176903","KQ055267v1","513773","514088","74","10662821"
"JH378133","11187764","11188046","KQ053421v1","5610673","5610968","84","5577091"
"JH378133","11226842","11227140","KQ053421v1","5610673","5610968","74","5616169"
"JH378133","11468002","11468299","KQ053421v1","5610673","5610968","82","5857329"
"JH378133","11654735","11655033","KQ053421v1","5610673","5610968","103","6044062"
"JH378133","11662000","11662295","KQ053421v1","5610673","5610968","72","6051327"
"JH378133","11846569","11846863","KQ053421v1","5610673","5610968","70","6235896"
"JH378133","12061718","12062000","KQ053421v1","5610673","5610968","88","6451045"
"JH378133","12076656","12076881","KQ052982v1","2032903","2033097","69","10043753"
"JH378133","12382572","12382878","KQ055267v1","513773","514088","81","11868799"
"JH378133","12416275","12416571","KQ053421v1","5610673","5610968","74","6805602"
"JH378133","12419417","12419691","KQ053421v1","5610673","5610968","79","6808744"
"JH378133","12468680","12468964","KQ053421v1","5610673","5610968","78","6858007"
"JH378133","12575313","12575622","KQ055267v1","513773","514088","81","12061540"
"JH378133","12611794","12612084","KQ053421v1","5610673","5610968","75","7001121"
"JH378133","12626723","12626949","KQ054068v1","3638075","3638299","71","8988648"
"JH378133","12693370","12693587","KQ055662v1","1890465","1890674","72","10802905"
"JH378133","12713420","12713714","KQ053421v1","5610673","5610968","86","7102747"
"JH378133","12742134","12742411","KQ057186v1","783828","784085","74","11958306"
"JH378133","12955852","12956163","KQ055267v1","513773","514088","93","12442079"
"JH378133","13134982","13135159","KQ055978v1","4311984","4312161","47","8822998"
"JH378133","13146119","13146417","KQ053421v1","5610673","5610968","69","7535446"
"JH378133","13359094","13359390","KQ053421v1","5610673","5610968","75","7748421"
"JH378133","13374409","13374714","KQ058427v1","7786546","7786853","86","5587863"
"JH378133","13655534","13655797","KQ058640v1","643463","643729","83","13012071"
"JH378133","13690305","13690598","KQ055352v1","6003171","6003466","87","7687134"
"JH378133","13908914","13909201","KQ058427v1","7786546","7786853","88","6122368"
"JH378133","13941278","13941573","KQ053421v1","5610673","5610968","68","8330605"
"JH378133","13942701","13942975","KQ055862v1","1305285","1305561","72","12637416"
"JH378133","14009244","14009535","KQ053421v1","5610673","5610968","80","8398571"
"JH378133","14033751","14034033","KQ058242v1","595939","596205","90","13437812"
"JH378133","14071257","14071544","KQ055267v1","513773","514088","84","13557484"
"JH378133","14136057","14136367","KQ055267v1","513773","514088","71","13622284"
"JH378133","14234171","14234480","KQ055352v1","6003171","6003466","72","8231000"
"JH378133","14431387","14431692","KQ055352v1","6003171","6003466","71","8428216"
"JH378133","14580110","14580303","KQ056064v1","326763","326940","61","14253347"
"JH378133","14602595","14602902","KQ053421v1","5610673","5610968","75","8991922"
"JH378133","14932980","14933270","KQ053421v1","5610673","5610968","87","9322307"
"JH378133","14975299","14975532","KQ058509v1","24058","24271","80","14951241"
"JH378133","15015706","15016017","KQ055267v1","513773","514088","70","14501933"
"JH378133","15034383","15034637","KQ058242v1","595939","596205","78","14438444"
"JH378133","15240429","15240739","KQ055267v1","513773","514088","71","14726656"
"JH378133","15286994","15287294","KQ053421v1","5610673","5610968","80","9676321"
"JH378133","15378531","15378809","KQ053421v1","5610673","5610968","87","9767858"
"JH378133","15417106","15417374","KQ058242v1","595939","596205","71","14821167"
"JH378133","15638665","15638975","KQ058427v1","7786546","7786853","76","7852119"
"JH378133","15668773","15669106","KQ053059v1","2548766","2549102","98","13120007"
"JH378133","15907238","15907541","KQ053421v1","5610673","5610968","76","10296565"
"JH378133","15919464","15919769","KQ055352v1","6003171","6003466","72","9916293"
"JH378133","16120764","16121062","KQ053421v1","5610673","5610968","72","10510091"
"JH378133","16140877","16141055","KQ058423v1","270754","270928","48","15870123"
"JH378133","16141756","16142077","KQ055267v1","513773","514088","75","15627983"
"JH378133","16205823","16206127","KQ058427v1","7786546","7786853","79","8419277"
"JH378133","16292523","16292745","KQ055662v1","1890465","1890674","77","14402058"
"JH378133","16541965","16542240","KQ058242v1","595939","596205","77","15946026"
"JH378133","16550792","16551077","KQ058640v1","643463","643729","77","15907329"
"JH378133","16609179","16609486","KQ053421v1","5610673","5610968","77","10998506"
"JH378133","16614832","16615123","KQ053785v1","888769","889063","90","15726063"
"JH378133","16658185","16658418","KQ058242v1","595939","596205","88","16062246"
"JH378133","16718659","16718952","KQ053421v1","5610673","5610968","78","11107986"
"JH378133","16726872","16727167","KQ053421v1","5610673","5610968","68","11116199"
"JH378133","16831995","16832297","KQ055352v1","6003171","6003466","70","10828824"
"JH378133","16840546","16840821","KQ057186v1","783828","784085","70","16056718"
"JH378133","16991234","16991508","KQ058242v1","595939","596205","81","16395295"
"JH378133","17139311","17139588","KQ053421v1","5610673","5610968","89","11528638"
"JH378133","17164264","17164574","KQ055267v1","513773","514088","74","16650491"
"JH378133","17178103","17178395","KQ053421v1","5610673","5610968","81","11567430"
"JH378133","17182273","17182520","KQ058242v1","595939","596205","84","16586334"
"JH378133","17409257","17409556","KQ055352v1","6003171","6003466","80","11406086"
"JH378133","17437975","17438286","KQ058427v1","7786546","7786853","78","9651429"
"JH378133","17548809","17549108","KQ053421v1","5610673","5610968","73","11938136"
"JH378133","17577859","17578082","KQ054068v1","3638075","3638299","65","13939784"
"JH378133","17931076","17931362","KQ054815v1","2215557","2215844","76","15715519"
"JH378133","18030863","18031158","KQ053785v1","888769","889063","86","17142094"
"JH378133","18051809","18052118","KQ055267v1","513773","514088","70","17538036"
"JH378133","18104004","18104169","KQ053993v1","1251070","1251235","46","16852934"
"JH378133","18122778","18123093","KQ058427v1","7786546","7786853","86","10336232"
"JH378133","18148811","18149122","KQ055352v1","6003171","6003466","71","12145640"
"JH378133","18180328","18180641","KQ055140v1","2807106","2807399","112","15373222"
"JH378133","18253011","18253333","KQ053421v1","5610673","5610968","102","12642338"
"JH378133","18260116","18260405","KQ053421v1","5610673","5610968","85","12649443"
"JH378133","18281545","18281854","KQ058427v1","7786546","7786853","82","10494999"
"JH378133","18328225","18328511","KQ053421v1","5610673","5610968","94","12717552"
"JH378133","18388462","18388770","KQ055352v1","6003171","6003466","72","12385291"
"JH378133","18457474","18457780","KQ053421v1","5610673","5610968","86","12846801"
"JH378133","18509895","18510204","KQ053421v1","5610673","5610968","87","12899222"
"JH378133","18533587","18533884","KQ053421v1","5610673","5610968","77","12922914"
"JH378133","18684457","18684722","KQ058242v1","595939","596205","89","18088518"
"JH378133","18694293","18694599","KQ058427v1","7786546","7786853","74","10907747"
"JH378133","19023130","19023399","KQ057909v1","9290159","9290423","95","9732971"
"JH378133","19238516","19238802","KQ053421v1","5610673","5610968","73","13627843"
"JH378133","19446453","19446746","KQ055267v1","513773","514088","89","18932680"
"JH378133","19727083","19727369","KQ053421v1","5610673","5610968","93","14116410"
"JH378133","19779537","19779837","KQ053421v1","5610673","5610968","75","14168864"
"JH378133","19797858","19798133","KQ057186v1","783828","784085","80","19014030"
"JH378133","19810185","19810481","KQ053421v1","5610673","5610968","72","14199512"
"JH378133","19814905","19815128","KQ055662v1","1890465","1890674","68","17924440"
"JH378133","19815504","19815592","KQ056235v1","1266284","1266361","27","18549220"
"JH378133","20195982","20196301","KQ053421v1","5610673","5610968","96","14585309"
"JH378133","20232457","20232740","KQ053421v1","5610673","5610968","67","14621784"
"JH378133","20308806","20309087","KQ057901v1","868884","869144","90","19439922"
"JH378133","20345898","20346085","KQ058594v1","1033101","1033292","53","19312797"
"JH378133","20618121","20618238","KQ056911v1","1421731","1421862","43","19196390"
"JH378133","20758154","20758436","KQ054815v1","2215557","2215844","80","18542597"
"JH378133","21019126","21019439","KQ055352v1","6003171","6003466","80","15015955"
"JH378133","21143161","21143325","KQ054954v1","1680710","1680882","51","19462451"
"JH378133","21555149","21555443","KQ053421v1","5610673","5610968","89","15944476"
"JH378133","21600759","21601068","KQ055352v1","6003171","6003466","70","15597588"
"JH378133","21610509","21610821","KQ055267v1","513773","514088","84","21096736"
"JH378133","22073190","22073339","KQ053398v1","2627781","2627909","62","19445409"
"JH378133","22161427","22161734","KQ058427v1","7786546","7786853","81","14374881"
"JH378133","22228614","22228788","KQ054510v1","7582269","7582431","47","14646345"
"JH378133","22231665","22231803","KQ057449v1","1214348","1214489","38","21017317"
"JH378133","22231941","22232049","KQ053398v1","2627781","2627909","47","19604160"
"JH378133","22314223","22314520","KQ053421v1","5610673","5610968","89","16703550"
"JH378133","22331992","22332300","KQ053421v1","5610673","5610968","75","16721319"
"JH378133","22365286","22365587","KQ053421v1","5610673","5610968","74","16754613"
"JH378133","22378770","22378905","KQ053398v1","2623748","2623879","56","19755022"
"JH378133","22411817","22412124","KQ055267v1","513773","514088","73","21898044"
"JH378133","22488312","22488421","KQ055717v1","1610376","1610476","42","20877936"
"JH378133","22488503","22488701","KQ052982v1","2032903","2033097","48","20455600"
"JH378133","22756524","22756818","KQ053421v1","5610673","5610968","85","17145851"
"JH378133","22828674","22828962","KQ053421v1","5610673","5610968","91","17218001"
"JH378133","22927935","22928229","KQ053421v1","5610673","5610968","82","17317262"
"JH378133","23006635","23006914","KQ054815v1","2215557","2215844","82","20791078"
"JH378133","23021716","23022017","KQ055352v1","6003171","6003466","77","17018545"
"JH378133","23030700","23030994","KQ058427v1","7786546","7786853","86","15244154"
"JH378133","23034604","23034893","KQ053421v1","5610673","5610968","76","17423931"
"JH378133","23062928","23063146","KQ053752v1","8015097","8015288","68","15047831"
"JH378134","3276749","3277050","KQ053421v1","5610673","5610968","68","2333924"
"JH378134","48286","48571","KQ053421v1","5610673","5610968","89","5562387"
"JH378134","120137","120424","KQ053421v1","5610673","5610968","92","5490536"
"JH378134","146985","147297","KQ055352v1","6003171","6003466","84","5856186"
"JH378134","254531","254844","KQ058427v1","7786546","7786853","81","7532015"
"JH378134","285420","285714","KQ053421v1","5610673","5610968","89","5325253"
"JH378134","294560","294841","KQ054815v1","2215557","2215844","80","1920997"
"JH378134","353828","354129","KQ053421v1","5610673","5610968","73","5256845"
"JH378134","399972","400284","KQ055267v1","513773","514088","80","113801"
"JH378134","439835","440151","KQ055352v1","6003171","6003466","74","5563336"
"JH378134","539121","539429","KQ055267v1","513773","514088","85","25348"
"JH378134","556870","556994","KQ057161v1","453350","453459","33","103520"
"JH378134","577907","578206","KQ053421v1","5610673","5610968","68","5032766"
"JH378134","627133","627437","KQ055352v1","6003171","6003466","71","5376038"
"JH378134","649140","649446","KQ053421v1","5610673","5610968","84","4961533"
"JH378134","740094","740406","KQ055352v1","6003171","6003466","71","5263077"
"JH378134","764077","764371","KQ053421v1","5610673","5610968","74","4846596"
"JH378134","775747","776047","KQ053421v1","5610673","5610968","70","4834926"
"JH378134","1058130","1058441","KQ055352v1","6003171","6003466","73","4945041"
"JH378134","1103933","1104229","KQ053421v1","5610673","5610968","72","4506740"
"JH378134","1276701","1277003","KQ053421v1","5610673","5610968","73","4333972"
"JH378134","1405490","1405800","KQ055267v1","513773","514088","75","891717"
"JH378134","1482259","1482570","KQ055352v1","6003171","6003466","76","4520912"
"JH378134","1595801","1596115","KQ058427v1","7786546","7786853","100","6190745"
"JH378134","1615536","1615835","KQ053421v1","5610673","5610968","68","3995137"
"JH378134","1674357","1674660","KQ055352v1","6003171","6003466","76","4328814"
"JH378134","1736743","1737017","KQ053421v1","5610673","5610968","99","3873930"
"JH378134","1764285","1764577","KQ053421v1","5610673","5610968","83","3846388"
"JH378134","1810652","1810961","KQ055267v1","513773","514088","75","1296879"
"JH378134","1813351","1813646","KQ053421v1","5610673","5610968","87","3797322"
"JH378134","1865727","1866036","KQ058427v1","7786546","7786853","84","5920819"
"JH378134","1916273","1916571","KQ053421v1","5610673","5610968","70","3694400"
"JH378134","1970507","1970815","KQ058427v1","7786546","7786853","79","5816039"
"JH378134","2202735","2203055","KQ055267v1","513773","514088","93","1688962"
"JH378134","2284837","2285131","KQ053421v1","5610673","5610968","75","3325836"
"JH378134","2382803","2383112","KQ055267v1","513773","514088","75","1869030"
"JH378134","2526442","2526743","KQ055352v1","6003171","6003466","75","3476729"
"JH378134","2585488","2585782","KQ053421v1","5610673","5610968","66","3025185"
"JH378134","2599237","2599539","KQ053421v1","5610673","5610968","70","3011436"
"JH378134","2654584","2654882","KQ053421v1","5610673","5610968","80","2956089"
"JH378134","2710061","2710363","KQ053421v1","5610673","5610968","92","2900612"
"JH378134","2716321","2716620","KQ053421v1","5610673","5610968","73","2894352"
"JH378134","2883672","2883966","KQ053141v1","2860","3159","92","2880812"
"JH378134","2884994","2885244","KQ057186v1","783828","784085","91","2101166"
"JH378134","2940797","2941104","KQ058427v1","7786546","7786853","74","4845749"
"JH378134","3139627","3139937","KQ055352v1","6003171","6003466","74","2863544"
"JH378134","3243445","3243735","KQ053421v1","5610673","5610968","87","2367228"
"JH378134","3271702","3271838","KQ053398v1","2627781","2627909","36","643921"
"JH378134","3417565","3417843","KQ057186v1","783828","784085","79","2633737"
"JH378134","3428950","3429159","KQ052982v1","2032903","2033097","65","1396047"
"JH378134","3442358","3442669","KQ053421v1","5610673","5610968","73","2168315"
"JH378134","3464647","3464955","KQ055267v1","513773","514088","73","2950874"
"JH378134","3614330","3614640","KQ053421v1","5610673","5610968","72","1996343"
"JH378134","3679958","3680259","KQ053421v1","5610673","5610968","68","1930715"
"JH378134","3761213","3761518","KQ055352v1","6003171","6003466","69","2241958"
"JH378134","3871009","3871308","KQ053421v1","5610673","5610968","85","1739664"
"JH378134","3982726","3983020","KQ053421v1","5610673","5610968","82","1627947"
"JH378134","4292969","4293259","KQ055352v1","6003171","6003466","75","1710202"
"JH378134","4400795","4401103","KQ055352v1","6003171","6003466","100","1602376"
"JH378134","4404284","4404593","KQ055352v1","6003171","6003466","76","1598887"
"JH378134","4546695","4547015","KQ055267v1","513773","514088","78","4032922"
"JH378134","4847728","4848064","KQ053059v1","2548766","2549102","97","2298962"
"JH378134","4967968","4968293","KQ055267v1","513773","514088","87","4454195"
"JH378134","5141351","5141653","KQ053421v1","5610673","5610968","66","469322"
"JH378134","5161311","5161594","KQ057901v1","868884","869144","89","4292427"
"JH378134","5278083","5278377","KQ053421v1","5610673","5610968","66","332590"
"JH378134","5282620","5282960","KQ055352v1","6003171","6003466","105","720551"
"JH378134","5304497","5304795","KQ055862v1","1305285","1305561","82","3999212"
"JH378134","5356076","5356376","KQ053421v1","5610673","5610968","68","254597"
"JH378134","5356410","5356683","KQ057186v1","783828","784085","81","4572582"
"JH378134","5401167","5401485","KQ055267v1","513773","514088","88","4887394"
"JH378134","5427387","5427681","KQ053421v1","5610673","5610968","90","183286"
"JH378134","5479300","5479646","KQ055267v1","513773","514088","106","4965527"
"JH378134","5590131","5590450","KQ055352v1","6003171","6003466","83","413040"
"JH378134","5609153","5609456","KQ053421v1","5610673","5610968","74","1520"
"JH378134","5706587","5706651","KQ058316v1","2226037","2226104","28","3480550"
"JH378134","5780946","5781248","KQ058427v1","7786546","7786853","86","2005600"
"JH378134","5835005","5835225","KQ058594v1","1033101","1033292","60","4801904"
"JH378134","5856920","5857221","KQ053421v1","5610673","5610968","76","246247"
"JH378134","5891064","5891371","KQ058339v1","4553625","4553889","100","1337439"
"JH378134","6201148","6201454","KQ055352v1","6003171","6003466","74","197977"
"JH378134","6212205","6212479","KQ058339v1","4553625","4553889","89","1658580"
"JH378134","6243580","6243855","KQ055862v1","1305285","1305561","87","4938295"
"JH378134","6262742","6263052","KQ055352v1","6003171","6003466","72","259571"
"JH378134","6449702","6449996","KQ053421v1","5610673","5610968","69","839029"
"JH378134","6648891","6649197","KQ055352v1","6003171","6003466","73","645720"
"JH378134","6993142","6993439","KQ053421v1","5610673","5610968","74","1382469"
"JH378134","7039966","7040087","KQ054401v1","3363241","3363379","47","3676725"
"JH378134","7040188","7040357","KQ058274v1","300327","300497","61","6739861"
"JH378134","7252101","7252429","KQ053059v1","2548766","2549102","99","4703335"
"JH378134","7265515","7265809","KQ053421v1","5610673","5610968","67","1654842"
"JH378134","7310420","7310695","KQ053421v1","5610673","5610968","82","1699747"
"JH378134","7400115","7400413","KQ053421v1","5610673","5610968","82","1789442"
"JH378134","7515650","7515953","KQ058427v1","7786546","7786853","82","270896"
"JH378134","7548311","7548603","KQ053421v1","5610673","5610968","80","1937638"
"JH378134","7549199","7549499","KQ053421v1","5610673","5610968","71","1938526"
"JH378134","7604341","7604654","KQ055352v1","6003171","6003466","71","1601170"
"JH378134","7619954","7620253","KQ053421v1","5610673","5610968","66","2009281"
"JH378134","7740283","7740588","KQ055830v1","661716","661986","124","7078567"
"JH378134","7802105","7802396","KQ053421v1","5610673","5610968","76","2191432"
"JH378134","7823549","7823814","KQ053785v1","888769","889063","93","6934780"
"JH378134","7881718","7882019","KQ053421v1","5610673","5610968","70","2271045"
"JH378134","7943526","7943816","KQ053421v1","5610673","5610968","74","2332853"
"JH378134","8005657","8005966","KQ055267v1","513773","514088","76","7491884"
"JH378134","8206027","8206328","KQ053421v1","5610673","5610968","81","2595354"
"JH378134","8395806","8396117","KQ055352v1","6003171","6003466","72","2392635"
"JH378134","8501244","8501365","KQ057161v1","453350","453459","34","8047894"
"JH378134","8501350","8501517","KQ058594v1","2771639","2771800","52","5729711"
"JH378134","8588449","8588740","KQ053421v1","5610673","5610968","85","2977776"
"JH378134","8589445","8589752","KQ055352v1","6003171","6003466","72","2586274"
"JH378134","8721071","8721363","KQ053421v1","5610673","5610968","74","3110398"
"JH378134","8746462","8746764","KQ053421v1","5610673","5610968","70","3135789"
"JH378134","8816903","8817206","KQ055267v1","513773","514088","76","8303130"
"JH378134","8897300","8897602","KQ053421v1","5610673","5610968","70","3286627"
"JH378134","8954502","8954680","KQ058423v1","270754","270928","48","8683748"
"JH378134","9079924","9080220","KQ053421v1","5610673","5610968","73","3469251"
"JH378134","9222834","9223120","KQ053421v1","5610673","5610968","84","3612161"
"JH378134","9296958","9297226","KQ058339v1","4553625","4553889","90","4743333"
"JH378134","9347606","9347827","KQ053234v1","1414405","1414609","58","7933201"
"JH378134","9352112","9352421","KQ053421v1","5610673","5610968","72","3741439"
"JH378134","9354380","9354676","KQ053421v1","5610673","5610968","63","3743707"
"JH378134","9366037","9366355","KQ058427v1","7786546","7786853","90","1579491"
"JH378134","9410564","9410869","KQ053421v1","5610673","5610968","69","3799891"
"JH378134","9416399","9416696","KQ053421v1","5610673","5610968","79","3805726"
"JH378134","9460484","9460782","KQ053421v1","5610673","5610968","73","3849811"
"JH378134","9497314","9497601","KQ053421v1","5610673","5610968","82","3886641"
"JH378134","9508663","9508795","KQ053398v1","2627781","2627909","40","6880882"
"JH378134","9518020","9518317","KQ053421v1","5610673","5610968","75","3907347"
"JH378134","9569462","9569773","KQ055352v1","6003171","6003466","74","3566291"
"JH378134","9570153","9570454","KQ053421v1","5610673","5610968","69","3959480"
"JH378134","9636167","9636472","KQ053421v1","5610673","5610968","71","4025494"
"JH378134","9656272","9656573","KQ055267v1","513773","514088","79","9142499"
"JH378134","9658745","9659056","KQ053421v1","5610673","5610968","88","4048072"
"JH378134","9681876","9682185","KQ055352v1","6003171","6003466","78","3678705"
"JH378134","9824901","9825203","KQ053421v1","5610673","5610968","70","4214228"
"JH378134","9979201","9979508","KQ055267v1","513773","514088","79","9465428"
"JH378134","9994834","9995144","KQ053421v1","5610673","5610968","73","4384161"
"JH378134","10017840","10018121","KQ053421v1","5610673","5610968","84","4407167"
"JH378134","10049415","10049715","KQ053421v1","5610673","5610968","70","4438742"
"JH378134","10156025","10156327","KQ053421v1","5610673","5610968","97","4545352"
"JH378134","10163939","10164237","KQ053421v1","5610673","5610968","75","4553266"
"JH378134","10181948","10182253","KQ055352v1","6003171","6003466","65","4178777"
"JH378134","10381837","10382144","KQ055352v1","6003171","6003466","69","4378666"
"JH378134","10441562","10441867","KQ055352v1","6003171","6003466","74","4438391"
"JH378134","10579514","10579824","KQ058427v1","7786546","7786853","107","2792968"
"JH378134","10638766","10638985","KQ055662v1","1890465","1890674","63","8748301"
"JH378134","10740272","10740564","KQ053421v1","5610673","5610968","78","5129599"
"JH378134","10802261","10802535","KQ058242v1","595939","596205","82","10206322"
"JH378134","10890639","10890897","KQ058242v1","595939","596205","79","10294700"
"JH378134","10896462","10896749","KQ058427v1","7786546","7786853","90","3109916"
"JH378134","10901588","10901768","KQ053234v1","1679581","1679757","53","9222007"
"JH378134","11068456","11068767","KQ055267v1","513773","514088","72","10554683"
"JH378134","11110338","11110641","KQ053421v1","5610673","5610968","83","5499665"
"JH378134","11199486","11199782","KQ053421v1","5610673","5610968","70","5588813"
"JH378134","11252921","11253218","KQ053421v1","5610673","5610968","73","5642248"
"JH378134","11323614","11323923","KQ055352v1","6003171","6003466","75","5320443"
"JH378134","11392338","11392636","KQ053421v1","5610673","5610968","69","5781665"
"JH378134","11431426","11431635","KQ056005v1","1024192","1024395","60","10407234"
"JH378134","11435110","11435418","KQ055352v1","6003171","6003466","70","5431939"
"JH378134","11453528","11453826","KQ053421v1","5610673","5610968","73","5842855"
"JH378134","11498526","11498807","KQ054815v1","2215557","2215844","75","9282969"
"JH378134","11539949","11540045","KQ055579v1","54828","54918","36","11485121"
"JH378134","11563472","11563777","KQ055267v1","513773","514088","77","11049699"
"JH378134","11572826","11573163","KQ055267v1","513773","514088","101","11059053"
"JH378134","11671967","11672168","KQ058594v1","1033101","1033292","42","10638866"
"JH378134","11696336","11696457","KQ053398v1","2623748","2623879","38","9072588"
"JH378134","11798538","11798825","KQ053421v1","5610673","5610968","79","6187865"
"JH378134","12073003","12073300","KQ053421v1","5610673","5610968","85","6462330"
"JH378134","12251421","12251686","KQ053421v1","5610673","5610968","93","6640748"
"JH378134","12336259","12336575","KQ055267v1","513773","514088","81","11822486"
"JH378134","12541731","12542032","KQ053421v1","5610673","5610968","67","6931058"
"JH378134","12546784","12547034","KQ058242v1","595939","596205","73","11950845"
"JH378134","12548320","12548620","KQ053421v1","5610673","5610968","67","6937647"
"JH378134","12774614","12774920","KQ055352v1","6003171","6003466","70","6771443"
"JH378134","12780907","12781217","KQ055267v1","513773","514088","73","12267134"
"JH378134","12790143","12790445","KQ053421v1","5610673","5610968","80","7179470"
"JH378134","12793604","12793903","KQ053421v1","5610673","5610968","72","7182931"
"JH378134","12842477","12842779","KQ053421v1","5610673","5610968","73","7231804"
"JH378134","12891263","12891559","KQ053421v1","5610673","5610968","68","7280590"
"JH378134","12952546","12952843","KQ053421v1","5610673","5610968","72","7341873"
"JH378134","13002001","13002297","KQ053421v1","5610673","5610968","73","7391328"
"JH378134","13031751","13032050","KQ053421v1","5610673","5610968","74","7421078"
"JH378134","13132559","13132870","KQ053421v1","5610673","5610968","80","7521886"
"JH378134","13359269","13359554","KQ053421v1","5610673","5610968","83","7748596"
"JH378134","13431576","13431876","KQ053421v1","5610673","5610968","78","7820903"
"JH378134","13517985","13518282","KQ053421v1","5610673","5610968","84","7907312"
"JH378134","13523579","13523868","KQ053421v1","5610673","5610968","80","7912906"
"JH378134","13531513","13531817","KQ055267v1","513773","514088","87","13017740"
"JH378134","13532111","13532311","KQ055140v1","659740","659924","62","12872371"
"JH378134","13551832","13552125","KQ053421v1","5610673","5610968","80","7941159"
"JH378134","13607446","13607737","KQ053421v1","5610673","5610968","77","7996773"
"JH378134","13687947","13688146","KQ053234v1","1679581","1679757","58","12008366"
"JH378134","13719541","13719706","KQ053398v1","2623748","2623879","59","11095793"
"JH378134","13751832","13751965","KQ053398v1","2627781","2627909","47","11124051"
"JH378134","13794843","13794963","KQ054199v1","6267","6355","65","13788576"
"JH378134","13832226","13832538","KQ055267v1","513773","514088","84","13318453"
"JH378134","13837150","13837446","KQ053421v1","5610673","5610968","90","8226477"
"JH378134","13853087","13853363","KQ058339v1","4553625","4553889","83","9299462"
"JH378134","13888716","13888997","KQ055862v1","1305285","1305561","80","12583431"
"JH378134","14215388","14215536","KQ053267v1","1313653","1313811","47","12901735"
"JH378134","14239351","14239600","KQ058242v1","595939","596205","94","13643412"
"JH378134","14313770","14313927","KQ058328v1","3002631","3002796","38","11311139"
"JH378134","14381512","14381742","KQ055662v1","1890465","1890674","67","12491047"
"JH378134","14391821","14392133","KQ055267v1","513773","514088","86","13878048"
"JH378134","14435082","14435397","KQ058427v1","7786546","7786853","80","6648536"
"JH378134","14598854","14599133","KQ058242v1","595939","596205","91","14002915"
"JH378134","14657141","14657441","KQ058427v1","7786546","7786853","99","6870595"
"JH378134","14667927","14668145","KQ055662v1","1890465","1890674","64","12777462"
"JH378134","14674571","14674701","KQ053004v1","3064551","3064681","49","11610020"
"JH378134","14675670","14675787","KQ053398v1","2623748","2623879","44","12051922"
"JH378134","14718159","14718481","KQ055352v1","6003171","6003466","91","8714988"
"JH378134","14771401","14771668","KQ058242v1","595939","596205","75","14175462"
"JH378134","14790832","14790993","KQ057204v1","2930576","2930741","45","11860256"
"JH378134","14838163","14838419","KQ058242v1","595939","596205","89","14242224"
"JH378134","14888212","14888465","KQ058505v1","2207051","2207301","92","12681161"
"JH378134","14928778","14929069","KQ053421v1","5610673","5610968","74","9318105"
"JH378134","14949977","14950251","KQ058242v1","595939","596205","76","14354038"
"JH378134","15030965","15031259","KQ053421v1","5610673","5610968","71","9420292"
"JH378134","15186896","15187188","KQ058427v1","7786546","7786853","83","7400350"
"JH378134","15229627","15229885","KQ058640v1","643463","643729","78","14586164"
"JH378134","15246741","15247038","KQ053421v1","5610673","5610968","70","9636068"
"JH378134","15261343","15261659","KQ053421v1","5610673","5610968","83","9650670"
"JH378134","15272252","15272401","KQ053398v1","2623748","2623879","48","12648504"
"JH378134","15273148","15273453","KQ055267v1","513773","514088","74","14759375"
"JH378134","15336332","15336605","KQ055862v1","1305285","1305561","81","14031047"
"JH378134","15370486","15370781","KQ055352v1","6003171","6003466","82","9367315"
"JH378134","15375037","15375167","KQ053398v1","2627781","2627909","33","12747256"
"JH378134","15405554","15405853","KQ053421v1","5610673","5610968","75","9794881"
"JH378134","15430872","15431173","KQ053421v1","5610673","5610968","68","9820199"
"JH378134","15445816","15446100","KQ053421v1","5610673","5610968","79","9835143"
"JH378134","15545594","15545889","KQ053421v1","5610673","5610968","78","9934921"
"JH378134","15571744","15571928","KQ058350v1","9514178","9514352","69","6057566"
"JH378134","15582882","15582939","KQ058561v1","4800360","4800424","21","10782522"
"JH378134","15595326","15595542","KQ052982v1","2032903","2033097","63","13562423"
"JH378134","15656384","15656649","KQ055862v1","1305285","1305561","71","14351099"
"JH378134","15675543","15675847","KQ058427v1","7786546","7786853","79","7888997"
"JH378134","15725223","15725341","KQ053398v1","2627781","2627909","48","13097442"
"JH378134","15734584","15734824","KQ055717v1","1610777","1611031","97","14123807"
"JH378134","15739815","15740072","KQ058505v1","2207051","2207301","84","13532764"
"JH378134","15741599","15741875","KQ058242v1","595939","596205","97","15145660"
"JH378134","15795786","15796059","KQ055830v1","661716","661986","89","15134070"
"JH378134","15796174","15796442","KQ058242v1","595939","596205","87","15200235"
"JH378134","15803754","15804067","KQ055267v1","513773","514088","73","15289981"
"JH378134","15959612","15959922","KQ055267v1","513773","514088","71","15445839"
"JH378134","15984955","15985183","KQ058242v1","595939","596205","86","15389016"
"JH378134","16072952","16073236","KQ058339v1","4553625","4553889","81","11519327"
"JH378134","16139613","16139910","KQ053421v1","5610673","5610968","68","10528940"
"JH378134","16149973","16150121","KQ053398v1","2623748","2623879","44","13526225"
"JH378134","16251998","16252212","KQ052982v1","2032903","2033097","57","14219095"
"JH378134","16451781","16452089","KQ055267v1","513773","514088","82","15938008"
"JH378134","16455613","16455897","KQ058242v1","595939","596205","81","15859674"
"JH378134","16468869","16469014","KQ053398v1","2627781","2627909","56","13841088"
"JH378134","16587015","16587142","KQ053004v1","3064551","3064681","49","13522464"
"JH378134","16587315","16587462","KQ053398v1","2627781","2627909","67","13959534"
"JH378134","16602130","16602443","KQ053421v1","5610673","5610968","86","10991457"
"JH378134","16611974","16612039","KQ053454v1","2034152","2034212","31","14577822"
"JH378134","16612710","16612792","KQ058561v1","4800360","4800424","35","11812350"
"JH378134","16731315","16731429","KQ055717v1","1610376","1610476","39","15120939"
"JH378134","16737524","16737747","ABDC02053644v1","2226","2419","90","16735298"
"JH378134","16740607","16740909","KQ053421v1","5610673","5610968","74","11129934"
"JH378134","16765990","16766269","KQ053421v1","5610673","5610968","71","11155317"
"JH378134","16779004","16779324","KQ058427v1","7786546","7786853","89","8992458"
"JH378134","16845575","16845859","KQ053421v1","5610673","5610968","85","11234902"
"JH378134","16889693","16889870","KQ056064v1","326763","326940","64","16562930"
"JH378134","16900806","16901061","KQ054068v1","3638075","3638299","90","13262731"
"JH378134","16925296","16925604","KQ055267v1","513773","514088","76","16411523"
"JH378134","16925889","16926160","KQ058242v1","595939","596205","92","16329950"
"JH378134","16954047","16954177","KQ053398v1","2623748","2623879","36","14330299"
"JH378134","17077810","17078103","KQ058339v1","4553625","4553889","83","12524185"
"JH378134","17094695","17094979","KQ053421v1","5610673","5610968","76","11484022"
"JH378134","17107509","17107676","KQ058423v1","270754","270928","37","16836755"
"JH378134","17122235","17122466","KQ058509v1","24058","24271","65","17098177"
"JH378134","17128558","17128654","KQ056279v1","759081","759162","33","16369477"
"JH378134","17134727","17134998","KQ058242v1","595939","596205","82","16538788"
"JH378134","17150813","17151104","KQ053421v1","5610673","5610968","83","11540140"
"JH378134","17190801","17191108","KQ053421v1","5610673","5610968","80","11580128"
"JH378134","17223841","17224055","KQ053234v1","1414405","1414609","63","15809436"
"JH378134","17240139","17240429","KQ053421v1","5610673","5610968","81","11629466"
"JH378134","17255419","17255712","KQ053421v1","5610673","5610968","79","11644746"
"JH378134","17309087","17309358","KQ053421v1","5610673","5610968","81","11698414"
"JH378134","17325387","17325661","KQ058339v1","4553625","4553889","81","12771762"
"JH378134","17326486","17326680","KQ058594v1","5950443","5950621","84","11376043"
"JH378134","17329185","17329483","KQ053421v1","5610673","5610968","81","11718512"
"JH378134","17332949","17333181","KQ058242v1","595939","596205","89","16737010"
"JH378134","17362673","17362947","KQ055352v1","6003171","6003466","85","11359502"
"JH378134","17366993","17367302","KQ053421v1","5610673","5610968","90","11756320"
"JH378134","17406927","17407220","KQ053421v1","5610673","5610968","85","11796254"
"JH378134","17454333","17454542","KQ058594v1","5950443","5950621","70","11503890"
"JH378134","17458141","17458451","KQ053421v1","5610673","5610968","87","11847468"
"JH378134","17552256","17552557","KQ058242v1","595939","596205","83","16956317"
"JH378134","17561918","17562127","KQ055140v1","659740","659924","66","16902178"
"JH378134","17562131","17562433","KQ053421v1","5610673","5610968","68","11951458"
"JH378134","17588283","17588438","KQ058428v1","1396698","1396861","51","16191585"
"JH378134","17608168","17608467","KQ053421v1","5610673","5610968","86","11997495"
"JH378134","17624303","17624465","KQ058428v1","1396698","1396861","47","16227605"
"JH378134","17633060","17633366","KQ055352v1","6003171","6003466","79","11629889"
"JH378134","17687336","17687436","KQ055903v1","238545","238616","41","17448791"
"JH378134","17687539","17687644","KQ055903v1","276365","276444","51","17411174"
"JH378134","17712511","17712750","KQ058242v1","595939","596205","78","17116572"
"JH378134","17715630","17715917","KQ053421v1","5610673","5610968","75","12104957"
"JH378134","17717686","17717987","KQ053421v1","5610673","5610968","79","12107013"
"JH378134","17728501","17728797","KQ055267v1","513773","514088","81","17214728"
"JH378134","17733204","17733495","KQ053421v1","5610673","5610968","79","12122531"
"JH378134","17740032","17740322","KQ055862v1","1305285","1305561","87","16434747"
"JH378134","17741201","17741436","KQ058242v1","595939","596205","82","17145262"
"JH378134","17745544","17745676","KQ053398v1","2623748","2623879","38","15121796"
"JH378134","17787070","17787201","KQ053398v1","2623748","2623879","30","15163322"
"JH378134","17808783","17809049","KQ058242v1","595939","596205","79","17212844"
"JH378134","17834466","17834761","KQ053421v1","5610673","5610968","86","12223793"
"JH378134","17862148","17862449","KQ053421v1","5610673","5610968","79","12251475"
"JH378134","17891010","17891306","KQ058427v1","7786546","7786853","87","10104464"
"JH378134","17925277","17925568","KQ053421v1","5610673","5610968","78","12314604"
"JH378134","17928081","17928374","KQ053421v1","5610673","5610968","72","12317408"
"JH378134","17933417","17933532","KQ056493v1","2043382","2043488","51","15890035"
"JH378134","17960426","17960741","KQ053421v1","5610673","5610968","92","12349753"
"JH378134","18027408","18027714","KQ058427v1","7786546","7786853","73","10240862"
"JH378134","18054487","18054609","KQ056493v1","2043382","2043488","41","16011105"
"JH378134","18100027","18100255","KQ055662v1","1890465","1890674","69","16209562"
"JH378134","18100771","18101049","KQ058242v1","595939","596205","99","17504832"
"JH378134","18143946","18144197","KQ057901v1","868884","869144","86","17275062"
"JH378134","18175949","18176249","KQ053421v1","5610673","5610968","79","12565276"
"JH378134","18202218","18202347","KQ053398v1","2623748","2623879","35","15578470"
"JH378134","18202677","18202979","KQ053421v1","5610673","5610968","72","12592004"
"JH378134","18216846","18217152","KQ053421v1","5610673","5610968","83","12606173"
"JH378134","18265675","18265934","KQ058242v1","595939","596205","72","17669736"
"JH378134","18266116","18266416","KQ053421v1","5610673","5610968","85","12655443"
"JH378134","18324201","18324396","KQ056064v1","326763","326940","65","17997438"
"JH378134","18399724","18400018","KQ053421v1","5610673","5610968","77","12789051"
"JH378134","18403417","18403698","KQ053785v1","888769","889063","89","17514648"
"JH378134","18444100","18444270","KQ054954v1","1680710","1680882","39","16763390"
"JH378134","18449068","18449371","KQ055352v1","6003171","6003466","83","12445897"
"JH378134","18560215","18560476","KQ055862v1","1305285","1305561","92","17254930"
"JH378134","18606429","18606720","KQ053421v1","5610673","5610968","83","12995756"
"JH378134","18653694","18654005","KQ053421v1","5610673","5610968","86","13043021"
"JH378134","18684110","18684400","KQ053421v1","5610673","5610968","78","13073437"
"JH378134","18713414","18713711","KQ053421v1","5610673","5610968","68","13102741"
"JH378134","18745550","18745804","KQ058505v1","2207051","2207301","91","16538499"
"JH378134","18752836","18753161","KQ058427v1","7786546","7786853","87","10966290"
"JH378134","18797685","18798002","KQ055267v1","513773","514088","83","18283912"
"JH378134","18824820","18825108","KQ053421v1","5610673","5610968","76","13214147"
"JH378134","18883886","18884126","KQ058242v1","595939","596205","86","18287947"
"JH378134","18887375","18887677","KQ058427v1","7786546","7786853","93","11100829"
"JH378134","19003690","19003908","KQ055662v1","1890465","1890674","68","17113225"
"JH378134","19029826","19030138","KQ055267v1","513773","514088","108","18516053"
"JH378134","19096473","19096813","KQ053059v1","2548766","2549102","104","16547707"
"JH378134","19158922","19159204","KQ053421v1","5610673","5610968","84","13548249"
"JH378134","19159306","19159488","KQ053234v1","1679581","1679757","54","17479725"
"JH378134","19276305","19276628","KQ055267v1","513773","514088","88","18762532"
"JH378134","19298802","19299116","KQ055267v1","513773","514088","102","18785029"
"JH378134","19557973","19558278","KQ053421v1","5610673","5610968","78","13947300"
"JH378134","19612541","19612842","KQ053421v1","5610673","5610968","70","14001868"
"JH378134","19681701","19682003","KQ053421v1","5610673","5610968","74","14071028"
"JH378134","19703620","19703921","KQ053421v1","5610673","5610968","72","14092947"
"JH378134","19752712","19753008","KQ053421v1","5610673","5610968","81","14142039"
"JH378134","19845193","19845485","KQ053421v1","5610673","5610968","74","14234520"
"JH378134","19846319","19846616","KQ053421v1","5610673","5610968","74","14235646"
"JH378134","19899351","19899661","KQ055352v1","6003171","6003466","69","13896180"
"JH378134","19970626","19970925","KQ053421v1","5610673","5610968","79","14359953"
"JH378134","20052945","20053226","KQ053785v1","888769","889063","88","19164176"
"JH378134","20071852","20072146","KQ053421v1","5610673","5610968","82","14461179"
"JH378134","20117098","20117407","KQ058427v1","7786546","7786853","77","12330552"
"JH378134","20250002","20250293","KQ053421v1","5610673","5610968","88","14639329"
"JH378134","20282166","20282457","KQ058427v1","7786546","7786853","83","12495620"
"JH378134","20285298","20285591","KQ053421v1","5610673","5610968","83","14674625"
"JH378134","20418376","20418490","KQ054199v1","6267","6355","60","20412109"
"JH378134","20431203","20431459","KQ053883v1","6938067","6938331","93","13493136"
"JH378134","20517294","20517606","KQ055352v1","6003171","6003466","87","14514123"
"JH378134","20539596","20539905","KQ055267v1","513773","514088","84","20025823"
"JH378134","20570350","20570669","KQ055352v1","6003171","6003466","88","14567179"
"JH378134","20603719","20604023","KQ055267v1","513773","514088","84","20089946"
"JH378134","20627156","20627426","KQ058242v1","595939","596205","81","20031217"
"JH378134","20628185","20628486","KQ053421v1","5610673","5610968","79","15017512"
"JH378134","20658014","20658321","KQ055352v1","6003171","6003466","66","14654843"
"JH378134","20715065","20715386","KQ053421v1","5610673","5610968","98","15104392"
"JH378134","20789749","20789967","KQ058274v1","300327","300497","84","20489422"
"JH378134","20792901","20793210","KQ055352v1","6003171","6003466","73","14789730"
"JH378134","20815912","20816223","KQ055267v1","513773","514088","81","20302139"
"JH378134","20882161","20882443","KQ058427v1","6786866","6787134","81","14095295"
"JH378134","20911268","20911579","KQ053421v1","5610673","5610968","80","15300595"
"JH378134","20949590","20949891","KQ053421v1","5610673","5610968","74","15338917"
"JH378134","21018951","21019257","KQ055267v1","513773","514088","84","20505178"
"JH378134","21144763","21145063","KQ053421v1","5610673","5610968","85","15534090"
"JH378134","21154028","21154331","KQ055267v1","513773","514088","81","20640255"
"JH378134","21163476","21163774","KQ053421v1","5610673","5610968","67","15552803"
"JH378134","21339892","21340213","KQ055267v1","513773","514088","86","20826119"
"JH378134","21353424","21353724","KQ053421v1","5610673","5610968","71","15742751"
"JH378134","21373393","21373612","KQ053234v1","1414405","1414609","75","19958988"
"JH378134","21399948","21400224","KQ054815v1","2215557","2215844","80","19184391"
"JH378134","21526216","21526516","KQ053421v1","5610673","5610968","82","15915543"
"JH378134","21686247","21686555","KQ058427v1","7786546","7786853","97","13899701"
"JH378134","21701991","21702287","KQ055862v1","1305285","1305561","86","20396706"
"JH378134","21728925","21729242","KQ053421v1","5610673","5610968","81","16118252"
"JH378134","21732087","21732398","KQ055352v1","6003171","6003466","96","15728916"
"JH378134","21932423","21932711","KQ058427v1","6786866","6787134","82","15145557"
"JH378134","22086296","22086604","KQ055267v1","513773","514088","80","21572523"
"JH378134","22088743","22089078","KQ053059v1","2548766","2549102","98","19539977"
"JH378134","22097005","22097166","KQ052968v1","13665640","13665790","50","8431365"
"JH378134","22190559","22190844","KQ053421v1","5610673","5610968","84","16579886"
"JH378134","22202538","22202758","KQ058509v1","24058","24271","76","22178480"
"JH378134","22279542","22279822","KQ055862v1","1305285","1305561","75","20974257"
"JH378134","22281089","22281270","KQ058350v1","9514178","9514352","47","12766911"
"JH378134","22290070","22290370","KQ055267v1","513773","514088","77","21776297"
"JH378134","22322631","22322918","KQ058339v1","4553625","4553889","83","17769006"
"JH378134","22331432","22331709","KQ053421v1","5610673","5610968","86","16720759"
"JH378134","22333972","22334271","KQ058427v1","7786546","7786853","85","14547426"
"JH378134","22350654","22350858","KQ055662v1","1890465","1890674","65","20460189"
"JH378134","22362456","22362750","KQ053421v1","5610673","5610968","84","16751783"
"JH378134","22380883","22381158","KQ055862v1","1305285","1305561","91","21075598"
"JH378134","22412293","22412568","KQ058242v1","595939","596205","81","21816354"
"JH378134","22463376","22463678","KQ053421v1","5610673","5610968","71","16852703"
"JH378134","22515277","22515464","KQ056147v1","2861940","2862121","50","19653337"
"JH378135","12713752","12714053","KQ053421v1","5610673","5610968","64","7103079"
"JH378135","20447020","20447318","KQ053421v1","5610673","5610968","75","14836347"
"JH378135","5021","5165","KQ052968v1","13665640","13665790","49","13660619"
"JH378135","22072","22196","KQ053398v1","2627781","2627909","40","2605709"
"JH378135","164250","164460","KQ058274v1","300327","300497","79","136077"
"JH378135","191347","191479","KQ053398v1","2627781","2627909","42","2436434"
"JH378135","227811","227967","KQ058638v1","1837830","1837985","50","1610019"
"JH378135","279782","280077","KQ053421v1","5610673","5610968","78","5330891"
"JH378135","280083","280393","KQ055352v1","6003171","6003466","72","5723088"
"JH378135","314770","314852","KQ056235v1","1266284","1266361","22","951514"
"JH378135","331895","332187","KQ053421v1","5610673","5610968","79","5278778"
"JH378135","346964","347253","KQ053421v1","5610673","5610968","72","5263709"
"JH378135","406591","406890","KQ053421v1","5610673","5610968","73","5204082"
"JH378135","456145","456257","KQ055717v1","1610376","1610476","45","1154231"
"JH378135","492430","492611","KQ058350v1","9514178","9514352","44","9021748"
"JH378135","560504","560805","KQ053421v1","5610673","5610968","68","5050169"
"JH378135","591340","591640","KQ053421v1","5610673","5610968","70","5019333"
"JH378135","682471","682656","KQ053234v1","1679581","1679757","50","997110"
"JH378135","750482","750711","KQ054068v1","3638075","3638299","68","2887593"
"JH378135","814556","814862","KQ055267v1","513773","514088","78","300783"
"JH378135","820796","821076","KQ053421v1","5610673","5610968","79","4789877"
"JH378135","830403","830715","KQ058427v1","7786546","7786853","99","6956143"
"JH378135","832416","832698","KQ053421v1","5610673","5610968","71","4778257"
"JH378135","850388","850691","KQ053421v1","5610673","5610968","73","4760285"
"JH378135","860765","861037","KQ057186v1","783828","784085","77","76937"
"JH378135","872902","873023","KQ053398v1","2623748","2623879","40","1750846"
"JH378135","927120","927397","KQ055862v1","1305285","1305561","85","378165"
"JH378135","1039814","1039907","KQ055903v1","238545","238616","34","801269"
"JH378135","1058187","1058474","KQ055862v1","1305285","1305561","88","247098"
"JH378135","1087973","1088177","KQ052982v1","2032903","2033097","49","944930"
"JH378135","1089854","1090131","KQ058242v1","595939","596205","81","493915"
"JH378135","1093013","1093302","KQ054815v1","2215557","2215844","85","1122544"
"JH378135","1095106","1095403","KQ053421v1","5610673","5610968","71","4515567"
"JH378135","1102951","1103242","KQ053421v1","5610673","5610968","74","4507722"
"JH378135","1134181","1134491","KQ055267v1","513773","514088","71","620408"
"JH378135","1137914","1138223","KQ055352v1","6003171","6003466","78","4865257"
"JH378135","1160048","1160346","KQ053421v1","5610673","5610968","66","4450625"
"JH378135","1163762","1164062","KQ053421v1","5610673","5610968","75","4446911"
"JH378135","1180383","1180682","KQ053421v1","5610673","5610968","80","4430290"
"JH378135","1180814","1181118","KQ053421v1","5610673","5610968","72","4429859"
"JH378135","1189272","1189566","KQ053421v1","5610673","5610968","86","4421401"
"JH378135","1230390","1230690","KQ053421v1","5610673","5610968","74","4380283"
"JH378135","1299513","1299798","KQ053421v1","5610673","5610968","84","4311160"
"JH378135","1311484","1311770","KQ053421v1","5610673","5610968","74","4299189"
"JH378135","1331742","1331877","KQ054401v1","3363241","3363379","30","2031499"
"JH378135","1363558","1363876","KQ055267v1","513773","514088","73","849785"
"JH378135","1405532","1405804","KQ057901v1","868884","869144","103","536648"
"JH378135","1408162","1408459","KQ058427v1","6786866","6787134","84","5378704"
"JH378135","1507441","1507602","KQ053398v1","2623748","2623879","57","1116307"
"JH378135","1511497","1511796","KQ053421v1","5610673","5610968","73","4099176"
"JH378135","1527379","1527589","KQ055662v1","1890465","1890674","65","363086"
"JH378135","1527590","1527690","KQ057781v1","1047045","1047171","45","480545"
"JH378135","1599091","1599250","KQ053398v1","2623748","2623879","53","1024657"
"JH378135","1599384","1599486","KQ058316v1","2226037","2226104","48","626653"
"JH378135","1636189","1636409","KQ055662v1","1890465","1890674","64","254276"
"JH378135","1712455","1712624","KQ056064v1","326763","326940","66","1385692"
"JH378135","1736034","1736324","KQ053421v1","5610673","5610968","88","3874639"
"JH378135","1742869","1743166","KQ053421v1","5610673","5610968","80","3867804"
"JH378135","1847780","1848068","KQ053421v1","5610673","5610968","77","3762893"
"JH378135","1860297","1860503","KQ055662v1","1890465","1890674","72","30168"
"JH378135","1895411","1895717","KQ058242v1","595939","596205","95","1299472"
"JH378135","1937936","1938158","KQ053234v1","1414405","1414609","71","523531"
"JH378135","1958440","1958749","KQ053421v1","5610673","5610968","78","3652233"
"JH378135","1988562","1988831","KQ058339v1","4553625","4553889","81","2565063"
"JH378135","1994709","1994994","KQ053421v1","5610673","5610968","76","3615964"
"JH378135","1997464","1997773","KQ058427v1","7786546","7786853","80","5789082"
"JH378135","2003579","2003885","KQ053421v1","5610673","5610968","85","3607094"
"JH378135","2027148","2027456","KQ058242v1","595939","596205","98","1431209"
"JH378135","2109864","2110155","KQ053421v1","5610673","5610968","68","3500809"
"JH378135","2236775","2236905","KQ053398v1","2623748","2623879","32","386973"
"JH378135","2425598","2425897","KQ053421v1","5610673","5610968","71","3185075"
"JH378135","2462158","2462416","KQ058505v1","2207051","2207301","83","255107"
"JH378135","2470044","2470384","KQ053059v1","2548766","2549102","105","78722"
"JH378135","2992266","2992560","KQ053421v1","5610673","5610968","75","2618407"
"JH378135","3041854","3042152","KQ053421v1","5610673","5610968","73","2568819"
"JH378135","3043431","3043718","KQ053421v1","5610673","5610968","84","2567242"
"JH378135","3204258","3204567","KQ058427v1","7786546","7786853","83","4582288"
"JH378135","3298023","3298328","KQ055352v1","6003171","6003466","68","2705148"
"JH378135","3343059","3343110","KQ053816v1","7360036","7360073","26","4016977"
"JH378135","3363952","3364227","KQ058242v1","595939","596205","80","2768013"
"JH378135","3365310","3365609","KQ053421v1","5610673","5610968","75","2245363"
"JH378135","3500379","3500512","KQ054401v1","3363241","3363379","35","137138"
"JH378135","3576683","3576978","KQ053421v1","5610673","5610968","68","2033990"
"JH378135","3637824","3638075","KQ058427v1","6786866","6787134","81","3149042"
"JH378135","3725878","3726167","KQ053421v1","5610673","5610968","89","1884795"
"JH378135","3751303","3751570","KQ058339v1","4553625","4553889","80","802322"
"JH378135","3805566","3805854","KQ058339v1","4553625","4553889","74","748059"
"JH378135","3830336","3830619","KQ055862v1","1305285","1305561","73","2525051"
"JH378135","3920135","3920444","KQ053421v1","5610673","5610968","75","1690538"
"JH378135","4164380","4164685","KQ058427v1","7786546","7786853","83","3622166"
"JH378135","4313809","4314122","KQ058427v1","7786546","7786853","74","3472737"
"JH378135","4370444","4370746","KQ053421v1","5610673","5610968","71","1240229"
"JH378135","4395900","4396137","KQ056064v1","326763","326940","97","4069137"
"JH378135","4410971","4411101","KQ053398v1","2623748","2623879","32","1787223"
"JH378135","4423710","4424003","KQ053421v1","5610673","5610968","82","1186963"
"JH378135","4474957","4475253","KQ053421v1","5610673","5610968","82","1135716"
"JH378135","4552756","4553054","KQ053421v1","5610673","5610968","77","1057917"
"JH378135","4615842","4616151","KQ055352v1","6003171","6003466","76","1387329"
"JH378135","4616155","4616465","KQ055267v1","513773","514088","74","4102382"
"JH378135","4688672","4688971","KQ055267v1","513773","514088","84","4174899"
"JH378135","4701101","4701389","KQ058242v1","595939","596205","80","4105162"
"JH378135","4729875","4730172","KQ053421v1","5610673","5610968","76","880798"
"JH378135","4746439","4746564","KQ053398v1","2623748","2623879","42","2122691"
"JH378135","4778714","4779008","KQ053421v1","5610673","5610968","70","831959"
"JH378135","4788045","4788351","KQ055352v1","6003171","6003466","72","1215126"
"JH378135","4789177","4789462","KQ053421v1","5610673","5610968","76","821496"
"JH378135","4810836","4811199","KQ053135v1","5034940","5035266","142","224104"
"JH378135","4815574","4815865","KQ053421v1","5610673","5610968","67","795099"
"JH378135","4825140","4825442","KQ053421v1","5610673","5610968","69","785533"
"JH378135","4893616","4893739","KQ053398v1","2623748","2623879","38","2269868"
"JH378135","4915263","4915568","KQ053421v1","5610673","5610968","76","695410"
"JH378135","4979678","4979955","KQ053785v1","888769","889063","80","4090909"
"JH378135","5014924","5015208","KQ053421v1","5610673","5610968","72","595749"
"JH378135","5019968","5020134","KQ053093v1","1668172","1668343","46","3351796"
"JH378135","5036183","5036330","KQ053398v1","2623748","2623879","45","2412435"
"JH378135","5067048","5067325","KQ053421v1","5610673","5610968","89","543625"
"JH378135","5069910","5070218","KQ055352v1","6003171","6003466","71","933261"
"JH378135","5080325","5080592","KQ058242v1","595939","596205","88","4484386"
"JH378135","5086964","5087265","KQ053421v1","5610673","5610968","68","523709"
"JH378135","5095754","5096054","KQ053421v1","5610673","5610968","69","514919"
"JH378135","5126942","5127146","KQ055662v1","1890465","1890674","68","3236477"
"JH378135","5129212","5129510","KQ053421v1","5610673","5610968","71","481461"
"JH378135","5136692","5137001","KQ055352v1","6003171","6003466","72","866479"
"JH378135","5139226","5139505","KQ058427v1","6786866","6787134","91","1647640"
"JH378135","5145735","5145922","KQ054179v1","3404435","3404595","48","1741300"
"JH378135","5146009","5146144","KQ053398v1","2623748","2623879","41","2522261"
"JH378135","5155309","5155620","KQ055267v1","513773","514088","72","4641536"
"JH378135","5173957","5174030","KQ056235v1","1266284","1266361","27","3907673"
"JH378135","5174907","5175125","KQ055662v1","1890465","1890674","66","3284442"
"JH378135","5183825","5184093","KQ053883v1","6938067","6938331","90","1754242"
"JH378135","5280455","5280752","KQ053421v1","5610673","5610968","85","330218"
"JH378135","5321356","5321658","KQ053421v1","5610673","5610968","70","289317"
"JH378135","5332003","5332197","KQ058594v1","5950443","5950621","69","618440"
"JH378135","5335450","5335747","KQ053421v1","5610673","5610968","71","275223"
"JH378135","5342148","5342441","KQ055352v1","6003171","6003466","90","661023"
"JH378135","5348078","5348374","KQ053421v1","5610673","5610968","72","262595"
"JH378135","5354770","5355075","KQ053421v1","5610673","5610968","78","255903"
"JH378135","5388574","5388871","KQ053421v1","5610673","5610968","67","222099"
"JH378135","5416425","5416695","KQ055862v1","1305285","1305561","86","4111140"
"JH378135","5419966","5420267","KQ053421v1","5610673","5610968","89","190707"
"JH378135","5434199","5434475","KQ058242v1","595939","596205","75","4838260"
"JH378135","5441238","5441537","KQ053421v1","5610673","5610968","82","169435"
"JH378135","5494833","5495145","KQ058427v1","7786546","7786853","73","2291713"
"JH378135","5680926","5681046","KQ053398v1","2627781","2627909","41","3053145"
"JH378135","5733597","5733898","KQ053421v1","5610673","5610968","68","122924"
"JH378135","5756551","5756861","KQ058427v1","7786546","7786853","86","2029995"
"JH378135","5777232","5777529","KQ053421v1","5610673","5610968","70","166559"
"JH378135","5784325","5784446","KQ053398v1","2623748","2623879","41","3160577"
"JH378135","5807195","5807499","KQ058427v1","7786546","7786853","79","1979351"
"JH378135","5819011","5819310","KQ055267v1","513773","514088","81","5305238"
"JH378135","5819370","5819579","KQ055662v1","1890465","1890674","81","3928905"
"JH378135","5844705","5844993","KQ053421v1","5610673","5610968","82","234032"
"JH378135","5886521","5886717","KQ056064v1","326763","326940","64","5559758"
"JH378135","5892855","5893123","KQ053883v1","6938067","6938331","83","1045212"
"JH378135","5906804","5906949","KQ053398v1","2623748","2623879","48","3283056"
"JH378135","5912523","5912831","KQ053421v1","5610673","5610968","81","301850"
"JH378135","5918960","5919248","KQ053883v1","6938067","6938331","104","1019107"
"JH378135","5930268","5930564","KQ053421v1","5610673","5610968","71","319595"
"JH378135","5965255","5965564","KQ055352v1","6003171","6003466","72","37916"
"JH378135","6001843","6001961","KQ053398v1","2627781","2627909","39","3374062"
"JH378135","6090101","6090376","KQ055830v1","661716","661986","91","5428385"
"JH378135","6098745","6099055","KQ055267v1","513773","514088","69","5584972"
"JH378135","6122190","6122505","KQ058427v1","7786546","7786853","83","1664356"
"JH378135","6187230","6187554","KQ053059v1","2548766","2549102","89","3638464"
"JH378135","6223816","6224090","KQ058640v1","643463","643729","75","5580353"
"JH378135","6287076","6287366","KQ058427v1","7786546","7786853","92","1499470"
"JH378135","6532488","6532795","KQ055267v1","513773","514088","76","6018715"
"JH378135","6623154","6623453","KQ053421v1","5610673","5610968","73","1012481"
"JH378135","6687423","6687698","KQ058242v1","595939","596205","85","6091484"
"JH378135","6691779","6692097","KQ055267v1","513773","514088","74","6178006"
"JH378135","6756127","6756417","KQ053421v1","5610673","5610968","80","1145454"
"JH378135","6877076","6877387","KQ058427v1","7786546","7786853","83","909470"
"JH378135","6930592","6930901","KQ055267v1","513773","514088","71","6416819"
"JH378135","6953958","6954238","KQ058339v1","4553625","4553889","90","2400333"
"JH378135","7094816","7095112","KQ053421v1","5610673","5610968","70","1484143"
"JH378135","7128233","7128531","KQ053421v1","5610673","5610968","74","1517560"
"JH378135","7265735","7266037","KQ053421v1","5610673","5610968","67","1655062"
"JH378135","7277317","7277540","KQ058509v1","24058","24271","74","7253259"
"JH378135","7297776","7298078","KQ053421v1","5610673","5610968","86","1687103"
"JH378135","7335211","7335502","KQ053421v1","5610673","5610968","82","1724538"
"JH378135","7349789","7350099","KQ053421v1","5610673","5610968","76","1739116"
"JH378135","7375395","7375696","KQ058427v1","7786546","7786853","108","411151"
"JH378135","7406996","7407285","KQ053421v1","5610673","5610968","82","1796323"
"JH378135","7444635","7444923","KQ053421v1","5610673","5610968","73","1833962"
"JH378135","7630278","7630477","KQ052982v1","2032903","2033097","54","5597375"
"JH378135","7669508","7669817","KQ055267v1","513773","514088","73","7155735"
"JH378135","7699973","7700282","KQ055352v1","6003171","6003466","76","1696802"
"JH378135","7779041","7779331","KQ053421v1","5610673","5610968","74","2168368"
"JH378135","7790870","7791165","KQ053421v1","5610673","5610968","69","2180197"
"JH378135","7805128","7805436","KQ055267v1","513773","514088","74","7291355"
"JH378135","7809720","7809812","KQ056235v1","1266284","1266361","32","6543436"
"JH378135","7919737","7920042","KQ053421v1","5610673","5610968","70","2309064"
"JH378135","7959133","7959433","KQ055267v1","513773","514088","84","7445360"
"JH378135","7975674","7975780","KQ056235v1","1266284","1266361","48","6709390"
"JH378135","8006467","8006765","KQ053421v1","5610673","5610968","63","2395794"
"JH378135","8186325","8186631","KQ058427v1","7786546","7786853","85","399779"
"JH378135","8237958","8238296","KQ055267v1","513773","514088","100","7724185"
"JH378135","8256434","8256705","KQ058242v1","595939","596205","67","7660495"
"JH378135","8302016","8302322","KQ058427v1","7786546","7786853","70","515470"
"JH378135","8381821","8382130","KQ055352v1","6003171","6003466","70","2378650"
"JH378135","8428001","8428246","KQ058509v1","24058","24271","81","8403943"
"JH378135","8439070","8439261","KQ054510v1","7582269","7582431","73","856801"
"JH378135","8447015","8447135","KQ053398v1","2623748","2623879","37","5823267"
"JH378135","8482884","8483176","KQ053421v1","5610673","5610968","74","2872211"
"JH378135","8496960","8497274","KQ053421v1","5610673","5610968","97","2886287"
"JH378135","8646863","8647169","KQ055267v1","513773","514088","71","8133090"
"JH378135","8650260","8650564","KQ053421v1","5610673","5610968","76","3039587"
"JH378135","8790332","8790635","KQ053421v1","5610673","5610968","75","3179659"
"JH378135","8955506","8955801","KQ053421v1","5610673","5610968","69","3344833"
"JH378135","9012627","9012920","KQ053421v1","5610673","5610968","70","3401954"
"JH378135","9058341","9058461","KQ053398v1","2627781","2627909","41","6430560"
"JH378135","9096542","9096843","KQ053421v1","5610673","5610968","69","3485869"
"JH378135","9143652","9143930","KQ053421v1","5610673","5610968","91","3532979"
"JH378135","9203900","9204211","KQ055267v1","513773","514088","72","8690127"
"JH378135","9317922","9318238","KQ055267v1","513773","514088","88","8804149"
"JH378135","9319591","9319896","KQ053421v1","5610673","5610968","81","3708918"
"JH378135","9363503","9363801","KQ055267v1","513773","514088","84","8849730"
"JH378135","9382333","9382639","KQ055267v1","513773","514088","75","8868560"
"JH378135","9439440","9439748","KQ055267v1","513773","514088","81","8925667"
"JH378135","9594521","9594793","KQ058242v1","595939","596205","74","8998582"
"JH378135","9731415","9731589","KQ053993v1","1251070","1251235","48","8480345"
"JH378135","9777023","9777297","KQ053421v1","5610673","5610968","86","4166350"
"JH378135","9800674","9800981","KQ055352v1","6003171","6003466","69","3797503"
"JH378135","9856177","9856486","KQ053421v1","5610673","5610968","82","4245504"
"JH378135","9867843","9868142","KQ053421v1","5610673","5610968","72","4257170"
"JH378135","9901092","9901395","KQ053421v1","5610673","5610968","71","4290419"
"JH378135","9921347","9921658","KQ055352v1","6003171","6003466","74","3918176"
"JH378135","9932019","9932317","KQ053421v1","5610673","5610968","62","4321346"
"JH378135","9933885","9934181","KQ053421v1","5610673","5610968","72","4323212"
"JH378135","9965978","9966233","KQ058242v1","595939","596205","76","9370039"
"JH378135","10023125","10023415","KQ053421v1","5610673","5610968","77","4412452"
"JH378135","10026812","10027119","KQ055352v1","6003171","6003466","68","4023641"
"JH378135","10043368","10043673","KQ055352v1","6003171","6003466","76","4040197"
"JH378135","10085246","10085546","KQ053421v1","5610673","5610968","65","4474573"
"JH378135","10132401","10132676","KQ057186v1","783828","784085","75","9348573"
"JH378135","10202341","10202637","KQ053421v1","5610673","5610968","85","4591668"
"JH378135","10208850","10209155","KQ055267v1","513773","514088","76","9695077"
"JH378135","10253548","10253843","KQ053421v1","5610673","5610968","71","4642875"
"JH378135","10288967","10289279","KQ055352v1","6003171","6003466","72","4285796"
"JH378135","10289382","10289679","KQ053421v1","5610673","5610968","69","4678709"
"JH378135","10298736","10298787","KQ055247v1","3278175","3278224","26","7020561"
"JH378135","10298893","10299064","KQ058490v1","418564","418731","41","9880329"
"JH378135","10306768","10307066","KQ053421v1","5610673","5610968","75","4696095"
"JH378135","10322668","10322967","KQ053421v1","5610673","5610968","82","4711995"
"JH378135","10328714","10329008","KQ055862v1","1305285","1305561","81","9023429"
"JH378135","10345022","10345318","KQ053421v1","5610673","5610968","69","4734349"
"JH378135","10346093","10346391","KQ053421v1","5610673","5610968","72","4735420"
"JH378135","10366635","10366896","KQ058242v1","595939","596205","85","9770696"
"JH378135","10379234","10379510","KQ053421v1","5610673","5610968","92","4768561"
"JH378135","10382070","10382371","KQ053421v1","5610673","5610968","70","4771397"
"JH378135","10432312","10432466","KQ054323v1","244554","244713","61","10187758"
"JH378135","10432764","10432819","KQ054191v1","1885658","1885707","17","8547106"
"JH378135","10466263","10466573","KQ058427v1","7786546","7786853","84","2679717"
"JH378135","10530937","10531234","KQ053421v1","5610673","5610968","69","4920264"
"JH378135","10604627","10604937","KQ055352v1","6003171","6003466","73","4601456"
"JH378135","10694638","10694948","KQ058394v1","9655127","9655422","72","1039511"
"JH378135","10704598","10704902","KQ053421v1","5610673","5610968","70","5093925"
"JH378135","10979654","10979959","KQ055352v1","6003171","6003466","70","4976483"
"JH378135","11071050","11071347","KQ053421v1","5610673","5610968","72","5460377"
"JH378135","11176607","11176913","KQ053421v1","5610673","5610968","80","5565934"
"JH378135","11291101","11291280","KQ058350v1","9514178","9514352","54","1776923"
"JH378135","11362278","11362588","KQ055267v1","513773","514088","86","10848505"
"JH378135","11429912","11430191","KQ053421v1","5610673","5610968","81","5819239"
"JH378135","11554051","11554337","KQ053421v1","5610673","5610968","85","5943378"
"JH378135","11594209","11594490","KQ053421v1","5610673","5610968","81","5983536"
"JH378135","11665601","11665886","KQ058640v1","643463","643729","76","11022138"
"JH378135","12108125","12108423","KQ058427v1","7786546","7786853","79","4321579"
"JH378135","12131997","12132292","KQ053421v1","5610673","5610968","67","6521324"
"JH378135","12300152","12300445","KQ053421v1","5610673","5610968","70","6689479"
"JH378135","12322241","12322545","KQ053421v1","5610673","5610968","68","6711568"
"JH378135","12431151","12431450","KQ053421v1","5610673","5610968","84","6820478"
"JH378135","12509086","12509351","KQ058242v1","595939","596205","79","11913147"
"JH378135","12596697","12597007","KQ055267v1","513773","514088","67","12082924"
"JH378135","12691119","12691432","KQ055267v1","513773","514088","80","12177346"
"JH378135","12761689","12761976","KQ058242v1","595939","596205","83","12165750"
"JH378135","12831131","12831346","KQ053234v1","1414405","1414609","57","11416726"
"JH378135","12871881","12872178","KQ053421v1","5610673","5610968","65","7261208"
"JH378135","12914163","12914448","KQ053421v1","5610673","5610968","79","7303490"
"JH378135","12983919","12984223","KQ058427v1","7786546","7786853","85","5197373"
"JH378135","13004451","13004751","KQ053421v1","5610673","5610968","67","7393778"
"JH378135","13039963","13040228","KQ058242v1","595939","596205","95","12444024"
"JH378135","13055510","13055789","KQ054815v1","2215557","2215844","79","10839953"
"JH378135","13172389","13172676","KQ053421v1","5610673","5610968","80","7561716"
"JH378135","13216144","13216454","KQ053421v1","5610673","5610968","79","7605471"
"JH378135","13267157","13267455","KQ053421v1","5610673","5610968","69","7656484"
"JH378135","13286632","13286927","KQ053421v1","5610673","5610968","84","7675959"
"JH378135","13320178","13320480","KQ053421v1","5610673","5610968","71","7709505"
"JH378135","13326384","13326669","KQ058339v1","4553625","4553889","81","8772759"
"JH378135","13428066","13428376","KQ055267v1","513773","514088","82","12914293"
"JH378135","13457411","13457705","KQ053421v1","5610673","5610968","76","7846738"
"JH378135","13490594","13490885","KQ053421v1","5610673","5610968","77","7879921"
"JH378135","13530098","13530416","KQ053421v1","5610673","5610968","78","7919425"
"JH378135","13566409","13566706","KQ053421v1","5610673","5610968","78","7955736"
"JH378135","13584363","13584690","KQ058427v1","7786546","7786853","85","5797817"
"JH378135","13589340","13589637","KQ053421v1","5610673","5610968","70","7978667"
"JH378135","13660562","13660859","KQ053421v1","5610673","5610968","66","8049889"
"JH378135","13669284","13669593","KQ055352v1","6003171","6003466","71","7666113"
"JH378135","13746813","13747118","KQ058427v1","7786546","7786853","85","5960267"
"JH378135","13757659","13757969","KQ055267v1","513773","514088","70","13243886"
"JH378135","13795048","13795353","KQ053421v1","5610673","5610968","68","8184375"
"JH378135","13865200","13865495","KQ053421v1","5610673","5610968","70","8254527"
"JH378135","13946422","13946718","KQ053421v1","5610673","5610968","68","8335749"
"JH378135","14039007","14039289","KQ055352v1","6003171","6003466","87","8035836"
"JH378135","14052382","14052659","KQ055830v1","661716","661986","89","13390666"
"JH378135","14089541","14089861","KQ053421v1","5610673","5610968","111","8478868"
"JH378135","14181513","14181811","KQ058427v1","7786546","7786853","81","6394967"
"JH378135","14205323","14205506","KQ054954v1","1680710","1680882","46","12524613"
"JH378135","14350753","14351064","KQ055352v1","6003171","6003466","70","8347582"
"JH378135","14457782","14458082","KQ053421v1","5610673","5610968","70","8847109"
"JH378135","14518528","14518816","KQ053421v1","5610673","5610968","71","8907855"
"JH378135","14542585","14542883","KQ053421v1","5610673","5610968","65","8931912"
"JH378135","14552051","14552348","KQ053421v1","5610673","5610968","67","8941378"
"JH378135","14584315","14584611","KQ053421v1","5610673","5610968","70","8973642"
"JH378135","14830556","14830836","KQ058339v1","4553625","4553889","89","10276931"
"JH378135","14840294","14840574","KQ053421v1","5610673","5610968","77","9229621"
"JH378135","14938722","14939032","KQ055267v1","513773","514088","78","14424949"
"JH378135","14988054","14988356","KQ055352v1","6003171","6003466","73","8984883"
"JH378135","14998370","14998681","KQ055267v1","513773","514088","74","14484597"
"JH378135","15031380","15031670","KQ053421v1","5610673","5610968","82","9420707"
"JH378135","15039064","15039318","KQ053785v1","888769","889063","91","14150295"
"JH378135","15046096","15046388","KQ053421v1","5610673","5610968","68","9435423"
"JH378135","15053961","15054271","KQ053421v1","5610673","5610968","78","9443288"
"JH378135","15112739","15113011","KQ058242v1","595939","596205","81","14516800"
"JH378135","15170446","15170735","KQ053421v1","5610673","5610968","73","9559773"
"JH378135","15180096","15180377","KQ053421v1","5610673","5610968","85","9569423"
"JH378135","15237931","15238241","KQ053421v1","5610673","5610968","72","9627258"
"JH378135","15255769","15256077","KQ053421v1","5610673","5610968","78","9645096"
"JH378135","15347720","15347816","KQ056279v1","759081","759162","39","14588639"
"JH378135","15410302","15410609","KQ055267v1","513773","514088","89","14896529"
"JH378135","15420106","15420168","KQ054400v1","3798579","3798624","28","11621527"
"JH378135","15466681","15466980","KQ053421v1","5610673","5610968","66","9856008"
"JH378135","15476137","15476436","KQ053421v1","5610673","5610968","76","9865464"
"JH378135","15492568","15492863","KQ053421v1","5610673","5610968","84","9881895"
"JH378135","15532601","15532895","KQ053421v1","5610673","5610968","74","9921928"
"JH378135","15543558","15543863","KQ055267v1","513773","514088","72","15029785"
"JH378135","15543925","15544239","KQ053421v1","5610673","5610968","94","9933252"
"JH378135","15545394","15545563","KQ053993v1","1251070","1251235","40","14294324"
"JH378135","15548157","15548453","KQ053421v1","5610673","5610968","79","9937484"
"JH378135","15566375","15566496","KQ057781v1","1047045","1047171","39","14519330"
"JH378135","15657065","15657372","KQ053421v1","5610673","5610968","76","10046392"
"JH378135","15661530","15661839","KQ053421v1","5610673","5610968","73","10050857"
"JH378135","15704888","15705098","KQ053234v1","1679581","1679757","69","14025307"
"JH378135","15850166","15850453","KQ053421v1","5610673","5610968","85","10239493"
"JH378135","15888632","15888917","KQ053421v1","5610673","5610968","85","10277959"
"JH378135","15937828","15938128","KQ053421v1","5610673","5610968","70","10327155"
"JH378135","15974399","15974709","KQ055267v1","513773","514088","72","15460626"
"JH378135","16101726","16102021","KQ053421v1","5610673","5610968","74","10491053"
"JH378135","16336051","16336302","KQ058242v1","595939","596205","95","15740112"
"JH378135","16349679","16349837","KQ054401v1","3363241","3363379","51","12986438"
"JH378135","16370394","16370617","KQ058274v1","300327","300497","86","16070067"
"JH378135","16489829","16489975","KQ054401v1","3363241","3363379","51","13126588"
"JH378135","16502281","16502586","KQ055267v1","513773","514088","87","15988508"
"JH378135","16503916","16504079","KQ055978v1","4311984","4312161","48","12191932"
"JH378135","16544810","16545130","KQ055267v1","513773","514088","91","16031037"
"JH378135","16551987","16552280","KQ055352v1","6003171","6003466","97","10548816"
"JH378135","16571014","16571326","KQ055267v1","513773","514088","91","16057241"
"JH378135","16587866","16588158","KQ053421v1","5610673","5610968","77","10977193"
"JH378135","16622319","16622623","KQ055267v1","513773","514088","85","16108546"
"JH378135","16704632","16704843","KQ056064v1","326763","326940","74","16377869"
"JH378135","16764861","16764983","KQ053398v1","2623748","2623879","43","14141113"
"JH378135","16798706","16799001","KQ053421v1","5610673","5610968","73","11188033"
"JH378135","16811146","16811444","KQ053421v1","5610673","5610968","77","11200473"
"JH378135","16901498","16901749","KQ058242v1","595939","596205","80","16305559"
"JH378135","16954650","16954941","KQ053421v1","5610673","5610968","73","11343977"
"JH378135","16960681","16960811","KQ053398v1","2623748","2623879","38","14336933"
"JH378135","16975532","16975832","KQ053421v1","5610673","5610968","89","11364859"
"JH378135","16977563","16977871","KQ055267v1","513773","514088","76","16463790"
"JH378135","16981249","16981351","KQ056493v1","2043382","2043488","44","14937867"
"JH378135","16983406","16983614","KQ055662v1","1890465","1890674","64","15092941"
"JH378135","17133699","17133990","KQ053421v1","5610673","5610968","79","11523026"
"JH378135","17222488","17222788","KQ053421v1","5610673","5610968","77","11611815"
"JH378135","17427983","17428274","KQ053421v1","5610673","5610968","75","11817310"
"JH378135","17492636","17492952","KQ053421v1","5610673","5610968","100","11881963"
"JH378135","17499204","17499501","KQ053421v1","5610673","5610968","68","11888531"
"JH378135","17530088","17530389","KQ053421v1","5610673","5610968","85","11919415"
"JH378135","17558081","17558370","KQ053421v1","5610673","5610968","84","11947408"
"JH378135","17577573","17577860","KQ055862v1","1305285","1305561","92","16272288"
"JH378135","17666727","17667034","KQ053421v1","5610673","5610968","82","12056054"
"JH378135","17681911","17682219","KQ055267v1","513773","514088","69","17168138"
"JH378135","17748704","17748857","KQ053993v1","1251070","1251235","48","16497634"
"JH378135","17842413","17842744","KQ055352v1","6003171","6003466","113","11839242"
"JH378135","17915118","17915434","KQ058427v1","7786546","7786853","82","10128572"
"JH378135","17938491","17938812","KQ058427v1","7786546","7786853","87","10151945"
"JH378135","18081324","18081630","KQ053421v1","5610673","5610968","87","12470651"
"JH378135","18109749","18110041","KQ053421v1","5610673","5610968","85","12499076"
"JH378135","18283920","18284178","KQ058242v1","595939","596205","76","17687981"
"JH378135","18371255","18371489","KQ058505v1","2207051","2207301","80","16164204"
"JH378135","18384431","18384729","KQ055267v1","513773","514088","79","17870658"
"JH378135","18398497","18398778","KQ054815v1","2215557","2215844","84","16182940"
"JH378135","18423898","18424209","KQ053421v1","5610673","5610968","73","12813225"
"JH378135","18503568","18503868","KQ053421v1","5610673","5610968","70","12892895"
"JH378135","18571133","18571427","KQ053421v1","5610673","5610968","76","12960460"
"JH378135","18600783","18601133","KQ055267v1","513773","514088","115","18087010"
"JH378135","18620302","18620595","KQ053421v1","5610673","5610968","80","13009629"
"JH378135","18636214","18636504","KQ053421v1","5610673","5610968","72","13025541"
"JH378135","18741322","18741634","KQ053421v1","5610673","5610968","79","13130649"
"JH378135","18750512","18750797","KQ053421v1","5610673","5610968","83","13139839"
"JH378135","18764801","18765118","KQ053421v1","5610673","5610968","96","13154128"
"JH378135","18778319","18778608","KQ053421v1","5610673","5610968","84","13167646"
"JH378135","18810965","18811273","KQ058427v1","7786546","7786853","79","11024419"
"JH378135","18837535","18837818","KQ053421v1","5610673","5610968","84","13226862"
"JH378135","18862289","18862588","KQ053421v1","5610673","5610968","81","13251616"
"JH378135","18907237","18907512","KQ058339v1","4553625","4553889","80","14353612"
"JH378135","18925709","18925938","KQ058509v1","24058","24271","65","18901651"
"JH378135","18954615","18954900","KQ058640v1","643463","643729","83","18311152"
"JH378135","19067879","19068171","KQ053421v1","5610673","5610968","77","13457206"
"JH378135","19075115","19075411","KQ055862v1","1305285","1305561","89","17769830"
"JH378135","19094154","19094429","KQ054713v1","1437239","1437526","94","17656915"
"JH378135","19099821","19100111","KQ053421v1","5610673","5610968","82","13489148"
"JH378135","19147718","19147860","KQ056920v1","183120","183261","43","18964598"
"JH378135","19242313","19242596","KQ053421v1","5610673","5610968","79","13631640"
"JH378135","19243549","19243849","KQ053421v1","5610673","5610968","85","13632876"
"JH378135","19258714","19259006","KQ053421v1","5610673","5610968","80","13648041"
"JH378135","19316538","19316833","KQ053421v1","5610673","5610968","82","13705865"
"JH378135","19520804","19521058","KQ058242v1","595939","596205","93","18924865"
"JH378135","19534503","19534732","KQ055662v1","1890465","1890674","70","17644038"
"JH378135","19576409","19576702","KQ053421v1","5610673","5610968","65","13965736"
"JH378135","19607858","19608041","KQ053234v1","1679581","1679757","73","17928277"
"JH378135","19618901","19619018","KQ056493v1","2043382","2043488","31","17575519"
"JH378135","19619116","19619284","KQ054510v1","7582269","7582431","41","12036847"
"JH378135","19702799","19703107","KQ053421v1","5610673","5610968","83","14092126"
"JH378135","19774372","19774653","KQ054815v1","2215557","2215844","85","17558815"
"JH378135","19812517","19812681","KQ053993v1","1251070","1251235","48","18561447"
"JH378135","19990759","19991023","KQ053421v1","5610673","5610968","86","14380086"
"JH378135","19995868","19996156","KQ058242v1","595939","596205","83","19399929"
"JH378135","20064723","20064944","KQ058274v1","300327","300497","85","19764396"
"JH378135","20065046","20065130","KQ058316v1","2226037","2226104","46","17839009"
"JH378135","20119805","20119999","KQ058350v1","9514178","9514352","51","10605627"
"JH378135","20268517","20268761","KQ055717v1","1610777","1611031","88","18657740"
"JH378135","20345163","20345415","KQ058339v1","4553625","4553889","84","15791538"
"JH378135","20390784","20391078","KQ053421v1","5610673","5610968","89","14780111"
"JH378135","20462419","20462720","KQ053421v1","5610673","5610968","89","14851746"
"JH378135","20463325","20463608","KQ058242v1","595939","596205","92","19867386"
"JH378135","20478393","20478682","KQ053421v1","5610673","5610968","84","14867720"
"JH378135","20617594","20617889","KQ053421v1","5610673","5610968","69","15006921"
"JH378135","20695726","20696034","KQ058427v1","7786546","7786853","75","12909180"
"JH378135","20750542","20750812","KQ057186v1","783828","784085","86","19966714"
"JH378135","20827071","20827378","KQ055267v1","513773","514088","87","20313298"
"JH378135","20829872","20830161","KQ053421v1","5610673","5610968","80","15219199"
"JH378135","20836309","20836617","KQ055267v1","513773","514088","86","20322536"
"JH378135","20925565","20925836","KQ058427v1","6786866","6787134","76","14138699"
"JH378135","20958735","20959017","KQ053883v1","6938067","6938331","95","14020668"
"JH378135","20989555","20989870","KQ055267v1","513773","514088","77","20475782"
"JH378135","20990949","20991223","KQ058427v1","6786866","6787134","82","14204083"
"JH378135","21040112","21040418","KQ055267v1","513773","514088","72","20526339"
"JH378135","21108734","21109026","KQ053421v1","5610673","5610968","84","15498061"
"JH378135","21149402","21149687","KQ053421v1","5610673","5610968","82","15538729"
"JH378135","21158141","21158372","KQ058242v1","595939","596205","94","20562202"
"JH378135","21163573","21163866","KQ053421v1","5610673","5610968","78","15552900"
"JH378135","21174743","21175036","KQ053421v1","5610673","5610968","84","15564070"
"JH378135","21187915","21188077","KQ053093v1","1668172","1668343","45","19519743"
"JH378135","21189651","21189963","KQ053421v1","5610673","5610968","82","15578978"
"JH378135","21218946","21219229","KQ053421v1","5610673","5610968","81","15608273"
"JH378135","21272133","21272358","KQ058274v1","300327","300497","89","20971806"
"JH378135","21301722","21302024","KQ055862v1","1305285","1305561","81","19996437"
"JH378135","21368902","21369196","KQ055862v1","1305285","1305561","95","20063617"
"JH378135","21391494","21391617","KQ053398v1","2623748","2623879","42","18767746"
"JH378135","21392111","21392397","KQ053421v1","5610673","5610968","83","15781438"
"JH378135","21401556","21401857","KQ053421v1","5610673","5610968","63","15790883"
"JH378135","21404477","21404792","KQ053421v1","5610673","5610968","86","15793804"
"JH378135","21436211","21436514","KQ053421v1","5610673","5610968","74","15825538"
"JH378135","21446535","21446798","KQ058242v1","595939","596205","75","20850596"
"JH378135","21450404","21450690","KQ053421v1","5610673","5610968","87","15839731"
"JH378135","21512257","21512549","KQ053421v1","5610673","5610968","80","15901584"
"JH378135","21516282","21516589","KQ055267v1","513773","514088","85","21002509"
"JH378135","21526573","21526873","KQ053421v1","5610673","5610968","79","15915900"
"JH378135","21527299","21527586","KQ053421v1","5610673","5610968","84","15916626"
"JH378135","21545261","21545568","KQ055267v1","513773","514088","83","21031488"
"JH378135","21559948","21560245","KQ053421v1","5610673","5610968","73","15949275"
"JH378135","21600807","21601103","KQ053421v1","5610673","5610968","70","15990134"
"JH378135","21659007","21659169","KQ058594v1","2771639","2771800","40","18887368"
"JH378135","21707009","21707245","KQ058242v1","595939","596205","83","21111070"
"JH378135","21713933","21714225","KQ053421v1","5610673","5610968","75","16103260"
"JH378135","21734146","21734445","KQ053421v1","5610673","5610968","70","16123473"
"JH378135","21821129","21821431","KQ053421v1","5610673","5610968","79","16210456"
"JH378135","21844838","21845079","KQ058242v1","595939","596205","86","21248899"
"JH378136","8650628","8650919","KQ053421v1","5610673","5610968","79","3039955"
"JH378136","72841","73144","KQ053421v1","5610673","5610968","85","5537832"
"JH378136","95254","95550","KQ053421v1","5610673","5610968","67","5515419"
"JH378136","99123","99248","KQ053398v1","2623748","2623879","38","2524625"
"JH378136","102594","102901","KQ058427v1","7786546","7786853","78","7683952"
"JH378136","147353","147462","KQ056493v1","2043382","2043488","32","1896029"
"JH378136","148079","148155","KQ058316v1","2226037","2226104","34","2077958"
"JH378136","154734","155029","KQ053421v1","5610673","5610968","70","5455939"
"JH378136","157449","157750","KQ053421v1","5610673","5610968","79","5453224"
"JH378136","193342","193641","KQ053421v1","5610673","5610968","75","5417331"
"JH378136","220184","220476","KQ053421v1","5610673","5610968","79","5390489"
"JH378136","252587","252881","KQ053421v1","5610673","5610968","68","5358086"
"JH378136","263058","263193","KQ054401v1","3363241","3363379","37","3100183"
"JH378136","312279","312592","KQ055352v1","6003171","6003466","77","5690892"
"JH378136","340719","341021","KQ053421v1","5610673","5610968","74","5269954"
"JH378136","420529","420798","KQ058242v1","595939","596205","80","175410"
"JH378136","481957","482252","KQ053421v1","5610673","5610968","69","5128716"
"JH378136","483128","483430","KQ053421v1","5610673","5610968","79","5127545"
"JH378136","543372","543670","KQ053421v1","5610673","5610968","73","5067301"
"JH378136","592837","593136","KQ053421v1","5610673","5610968","72","5017836"
"JH378136","988126","988408","KQ054815v1","2215557","2215844","80","1227431"
"JH378136","1097418","1097725","KQ055267v1","513773","514088","76","583645"
"JH378136","1100492","1100762","KQ058505v1","2207051","2207301","89","1106559"
"JH378136","1137032","1137333","KQ053421v1","5610673","5610968","76","4473641"
"JH378136","1269780","1270089","KQ058427v1","7786546","7786853","86","6516766"
"JH378136","1273358","1273668","KQ055352v1","6003171","6003466","72","4729813"
"JH378136","1415002","1415306","KQ053421v1","5610673","5610968","80","4195671"
"JH378136","1493757","1494016","KQ058242v1","595939","596205","98","897818"
"JH378136","1505381","1505678","KQ053421v1","5610673","5610968","67","4105292"
"JH378136","1613132","1613427","KQ053421v1","5610673","5610968","76","3997541"
"JH378136","1698036","1698132","KQ056235v1","1266284","1266361","31","431752"
"JH378136","1802917","1803224","KQ053421v1","5610673","5610968","81","3807756"
"JH378136","1816834","1817132","KQ053421v1","5610673","5610968","78","3793839"
"JH378136","1976506","1976796","KQ053421v1","5610673","5610968","89","3634167"
"JH378136","2041586","2041714","KQ053398v1","2623748","2623879","35","582162"
"JH378136","2185348","2185659","KQ055267v1","513773","514088","72","1671575"
"JH378136","2198811","2199120","KQ055267v1","513773","514088","83","1685038"
"JH378136","2440681","2440768","KQ056235v1","1266284","1266361","26","1174397"
"JH378136","2514422","2514714","KQ053421v1","5610673","5610968","75","3096251"
"JH378136","2540791","2541098","KQ053421v1","5610673","5610968","73","3069882"
"JH378136","2555959","2556249","KQ053421v1","5610673","5610968","68","3054714"
"JH378136","2656284","2656583","KQ053421v1","5610673","5610968","88","2954389"
"JH378136","2688200","2688430","KQ058274v1","300327","300497","90","2387873"
"JH378136","2711069","2711357","KQ053421v1","5610673","5610968","77","2899604"
"JH378136","2732332","2732614","KQ058242v1","595939","596205","84","2136393"
"JH378136","2780594","2780888","KQ053421v1","5610673","5610968","69","2830079"
"JH378136","2799996","2800211","KQ055662v1","1890465","1890674","68","909531"
"JH378136","2935579","2935858","KQ053785v1","888769","889063","81","2046810"
"JH378136","3005037","3005326","KQ053421v1","5610673","5610968","80","2605636"
"JH378136","3033750","3034028","KQ053421v1","5610673","5610968","83","2576923"
"JH378136","3041113","3041426","KQ058427v1","7786546","7786853","78","4745433"
"JH378136","3095788","3096092","KQ053421v1","5610673","5610968","73","2514885"
"JH378136","3269353","3269663","KQ058427v1","7786546","7786853","77","4517193"
"JH378136","3353835","3353961","KQ053398v1","2627781","2627909","38","726054"
"JH378136","3410402","3410703","KQ053421v1","5610673","5610968","85","2200271"
"JH378136","3624842","3625135","KQ053421v1","5610673","5610968","77","1985831"
"JH378136","3966769","3967082","KQ055267v1","513773","514088","76","3452996"
"JH378136","4185824","4185982","KQ056064v1","326763","326940","74","3859061"
"JH378136","4190023","4190328","KQ055267v1","513773","514088","80","3676250"
"JH378136","4355213","4355540","KQ055267v1","513773","514088","87","3841440"
"JH378136","4454082","4454382","KQ053421v1","5610673","5610968","81","1156591"
"JH378136","4578447","4578748","KQ055267v1","513773","514088","85","4064674"
"JH378136","4740037","4740202","KQ058274v1","300327","300497","58","4439710"
"JH378136","4756216","4756381","KQ054510v1","7582269","7582431","50","2826053"
"JH378136","4813319","4813641","KQ053421v1","5610673","5610968","104","797354"
"JH378136","5013829","5014075","KQ058242v1","595939","596205","82","4417890"
"JH378136","5387735","5388054","KQ055267v1","513773","514088","83","4873962"
"JH378136","5405491","5405794","KQ053421v1","5610673","5610968","77","205182"
"JH378136","5572866","5573158","KQ053421v1","5610673","5610968","73","37807"
"JH378136","5597405","5597711","KQ053421v1","5610673","5610968","81","13268"
"JH378136","5853541","5853850","KQ053421v1","5610673","5610968","97","242868"
"JH378136","5927069","5927333","KQ053421v1","5610673","5610968","93","316396"
"JH378136","6015594","6015885","KQ053421v1","5610673","5610968","84","404921"
"JH378136","6035797","6036094","KQ053421v1","5610673","5610968","71","425124"
"JH378136","6049535","6049822","KQ053421v1","5610673","5610968","85","438862"
"JH378136","6056775","6057080","KQ055267v1","513773","514088","83","5543002"
"JH378136","6068483","6068770","KQ055267v1","513773","514088","84","5554710"
"JH378136","6095268","6095372","KQ056493v1","2043382","2043488","41","4051886"
"JH378136","6269301","6269588","KQ053421v1","5610673","5610968","84","658628"
"JH378136","6282466","6282774","KQ053421v1","5610673","5610968","72","671793"
"JH378136","6286035","6286328","KQ053421v1","5610673","5610968","77","675362"
"JH378136","6295034","6295325","KQ053421v1","5610673","5610968","83","684361"
"JH378136","6330986","6331296","KQ055267v1","513773","514088","72","5817213"
"JH378136","6431744","6432047","KQ058427v1","7786546","7786853","67","1354802"
"JH378136","6673330","6673449","KQ053398v1","2627781","2627909","41","4045549"
"JH378136","6728103","6728274","KQ053993v1","1251070","1251235","39","5477033"
"JH378136","6840914","6841243","KQ053421v1","5610673","5610968","98","1230241"
"JH378136","6884639","6884938","KQ053421v1","5610673","5610968","65","1273966"
"JH378136","6945557","6945847","KQ053421v1","5610673","5610968","81","1334884"
"JH378136","6947961","6948268","KQ055352v1","6003171","6003466","74","944790"
"JH378136","6964776","6965077","KQ053421v1","5610673","5610968","73","1354103"
"JH378136","7032185","7032488","KQ053421v1","5610673","5610968","75","1421512"
"JH378136","7048322","7048627","KQ055352v1","6003171","6003466","79","1045151"
"JH378136","7055436","7055731","KQ055862v1","1305285","1305561","86","5750151"
"JH378136","7066112","7066241","KQ053398v1","2623748","2623879","35","4442364"
"JH378136","7181053","7181350","KQ053421v1","5610673","5610968","71","1570380"
"JH378136","7197005","7197137","KQ053398v1","2627781","2627909","39","4569224"
"JH378136","7198593","7198895","KQ053421v1","5610673","5610968","70","1587920"
"JH378136","7294783","7295105","KQ055352v1","6003171","6003466","82","1291612"
"JH378136","7302706","7302800","KQ054199v1","6267","6355","38","7296439"
"JH378136","7324255","7324540","KQ053421v1","5610673","5610968","87","1713582"
"JH378136","7389302","7389609","KQ055267v1","513773","514088","85","6875529"
"JH378136","7404264","7404539","KQ058242v1","595939","596205","79","6808325"
"JH378136","7412496","7412792","KQ053421v1","5610673","5610968","79","1801823"
"JH378136","7417762","7418004","KQ058242v1","595939","596205","77","6821823"
"JH378136","7421697","7422006","KQ055352v1","6003171","6003466","72","1418526"
"JH378136","7448737","7449011","KQ058242v1","595939","596205","75","6852798"
"JH378136","7456286","7456571","KQ053421v1","5610673","5610968","85","1845613"
"JH378136","7460418","7460542","KQ053398v1","2623748","2623879","35","4836670"
"JH378136","7465133","7465432","KQ053421v1","5610673","5610968","70","1854460"
"JH378136","7472782","7473092","KQ055267v1","513773","514088","75","6959009"
"JH378136","7502470","7502770","KQ055267v1","513773","514088","74","6988697"
"JH378136","7506521","7506797","KQ053421v1","5610673","5610968","90","1895848"
"JH378136","7506799","7507077","KQ053421v1","5610673","5610968","92","1896126"
"JH378136","7513229","7513539","KQ055267v1","513773","514088","72","6999456"
"JH378136","7516734","7516993","KQ055862v1","1305285","1305561","82","6211449"
"JH378136","7517765","7518076","KQ055267v1","513773","514088","74","7003992"
"JH378136","7539536","7539830","KQ053421v1","5610673","5610968","71","1928863"
"JH378136","7565355","7565640","KQ053421v1","5610673","5610968","87","1954682"
"JH378136","7573489","7573614","KQ053398v1","2623748","2623879","40","4949741"
"JH378136","7581157","7581290","KQ053398v1","2623748","2623879","45","4957409"
"JH378136","7584703","7584998","KQ058394v1","9655127","9655422","100","2070424"
"JH378136","7614218","7614380","KQ058594v1","2771639","2771800","40","4842579"
"JH378136","7644303","7644553","KQ053883v1","6938067","6938331","93","706236"
"JH378136","7654075","7654360","KQ053421v1","5610673","5610968","74","2043402"
"JH378136","7696232","7696393","KQ053993v1","1251070","1251235","37","6445162"
"JH378136","7724664","7724964","KQ053421v1","5610673","5610968","69","2113991"
"JH378136","7805799","7806097","KQ053421v1","5610673","5610968","70","2195126"
"JH378136","7830311","7830617","KQ055352v1","6003171","6003466","78","1827140"
"JH378136","7924752","7925061","KQ055267v1","513773","514088","76","7410979"
"JH378136","8054016","8054291","KQ058242v1","595939","596205","76","7458077"
"JH378136","8153467","8153778","KQ055267v1","513773","514088","70","7639694"
"JH378136","8181365","8181666","KQ055352v1","6003171","6003466","71","2178194"
"JH378136","8210213","8210506","KQ053421v1","5610673","5610968","77","2599540"
"JH378136","8459898","8460184","KQ053421v1","5610673","5610968","98","2849225"
"JH378136","8628982","8629278","KQ053421v1","5610673","5610968","81","3018309"
"JH378136","8659732","8660027","KQ053421v1","5610673","5610968","85","3049059"
"JH378136","8708664","8708968","KQ053421v1","5610673","5610968","68","3097991"
"JH378136","8753796","8754072","KQ054815v1","2215557","2215844","87","6538239"
"JH378136","8759033","8759337","KQ053421v1","5610673","5610968","72","3148360"
"JH378136","8843096","8843390","KQ053421v1","5610673","5610968","69","3232423"
"JH378136","8947538","8947733","KQ058274v1","300327","300497","59","8647211"
"JH378136","8957013","8957315","KQ053421v1","5610673","5610968","70","3346340"
"JH378136","8965820","8965914","KQ055903v1","238545","238616","34","8727275"
"JH378136","8988123","8988418","KQ053421v1","5610673","5610968","68","3377450"
"JH378136","9017503","9017800","KQ053421v1","5610673","5610968","77","3406830"
"JH378136","9021185","9021472","KQ053421v1","5610673","5610968","75","3410512"
"JH378136","9046647","9046959","KQ055352v1","6003171","6003466","77","3043476"
"JH378136","9297818","9298117","KQ053421v1","5610673","5610968","69","3687145"
"JH378136","9307269","9307549","KQ053421v1","5610673","5610968","76","3696596"
"JH378136","9483622","9483935","KQ053421v1","5610673","5610968","163","3872949"
"JH378136","9549642","9549935","KQ053421v1","5610673","5610968","73","3938969"
"JH378136","9550936","9551240","KQ053421v1","5610673","5610968","71","3940263"
"JH378136","9570717","9571031","KQ055352v1","6003171","6003466","77","3567546"
"JH378136","9584670","9584923","KQ058505v1","2207051","2207301","83","7377619"
"JH378136","9618658","9618965","KQ053421v1","5610673","5610968","77","4007985"
"JH378136","9715697","9716002","KQ053421v1","5610673","5610968","79","4105024"
"JH378136","9852684","9852992","KQ053421v1","5610673","5610968","72","4242011"
"JH378136","9880514","9880824","KQ055267v1","513773","514088","76","9366741"
"JH378136","10077682","10077990","KQ055352v1","6003171","6003466","72","4074511"
"JH378136","10121977","10122246","KQ053421v1","5610673","5610968","82","4511304"
"JH378136","10150541","10150814","KQ057901v1","868884","869144","84","9281657"
"JH378136","10236194","10236504","KQ055267v1","513773","514088","67","9722421"
"JH378136","10261350","10261662","KQ055267v1","513773","514088","75","9747577"
"JH378136","10388989","10389295","KQ053421v1","5610673","5610968","87","4778316"
"JH378136","10392541","10392824","KQ054815v1","2215557","2215844","74","8176984"
"JH378136","10571839","10572149","KQ055267v1","513773","514088","79","10058066"
"JH378136","10577011","10577304","KQ058427v1","7786546","7786853","94","2790465"
"JH378136","10657553","10657838","KQ053421v1","5610673","5610968","78","5046880"
"JH378136","10688936","10689223","KQ053421v1","5610673","5610968","84","5078263"
"JH378136","10717940","10718248","KQ055352v1","6003171","6003466","67","4714769"
"JH378136","10889331","10889631","KQ055352v1","6003171","6003466","76","4886160"
"JH378136","10994577","10994884","KQ053421v1","5610673","5610968","71","5383904"
"JH378136","11161454","11161581","KQ053398v1","2623748","2623879","39","8537706"
"JH378136","11252239","11252534","KQ053421v1","5610673","5610968","77","5641566"
"JH378136","11374032","11374328","KQ053421v1","5610673","5610968","62","5763359"
"JH378136","11375999","11376298","KQ053421v1","5610673","5610968","70","5765326"
"JH378136","11449190","11449498","KQ055267v1","513773","514088","88","10935417"
"JH378136","11549950","11550234","KQ058339v1","4553625","4553889","93","6996325"
"JH378136","11592133","11592415","KQ053421v1","5610673","5610968","76","5981460"
"JH378136","11598325","11598620","KQ053421v1","5610673","5610968","79","5987652"
"JH378136","11921097","11921403","KQ053421v1","5610673","5610968","71","6310424"
"JH378136","11962663","11962968","KQ053421v1","5610673","5610968","76","6351990"
"JH378136","12102906","12103198","KQ053421v1","5610673","5610968","87","6492233"
"JH378136","12137607","12137725","KQ053398v1","2623748","2623879","41","9513859"
"JH378136","12175007","12175288","KQ053421v1","5610673","5610968","84","6564334"
"JH378136","12202784","12203054","KQ058427v1","7786546","7786853","88","4416238"
"JH378136","12209012","12209307","KQ053421v1","5610673","5610968","82","6598339"
"JH378136","12271166","12271476","KQ053421v1","5610673","5610968","82","6660493"
"JH378136","12354044","12354344","KQ053421v1","5610673","5610968","84","6743371"
"JH378136","12418196","12418504","KQ058427v1","7786546","7786853","89","4631650"
"JH378136","12429086","12429384","KQ053421v1","5610673","5610968","68","6818413"
"JH378136","12446493","12446796","KQ053421v1","5610673","5610968","74","6835820"
"JH378136","12453370","12453653","KQ053421v1","5610673","5610968","84","6842697"
"JH378136","12459646","12459963","KQ055352v1","6003171","6003466","90","6456475"
"JH378136","12472379","12472665","KQ058640v1","643463","643729","79","11828916"
"JH378136","12477342","12477635","KQ053421v1","5610673","5610968","68","6866669"
"JH378136","12568971","12569286","KQ055352v1","6003171","6003466","76","6565800"
"JH378136","12576255","12576442","KQ056147v1","2861940","2862121","51","9714315"
"JH378136","12576463","12576496","KQ053234v1","1679807","1679838","19","10896656"
"JH378136","12580715","12580893","KQ057449v1","1214348","1214489","60","11366367"
"JH378136","12778405","12778671","KQ055862v1","1305285","1305561","88","11473120"
"JH378136","12827150","12827325","KQ058350v1","9514178","9514352","42","3312972"
"JH378136","12829097","12829407","KQ055352v1","6003171","6003466","76","6825926"
"JH378136","12831501","12831839","KQ055267v1","513773","514088","101","12317728"
"JH378136","12892202","12892423","KQ055662v1","1890465","1890674","64","11001737"
"JH378136","12900153","12900450","KQ053421v1","5610673","5610968","69","7289480"
"JH378136","12907761","12908052","KQ053421v1","5610673","5610968","79","7297088"
"JH378136","12932798","12932946","KQ056911v1","1421731","1421862","50","11511067"
"JH378136","12945893","12946204","KQ055352v1","6003171","6003466","74","6942722"
"JH378136","12969261","12969555","KQ053421v1","5610673","5610968","76","7358588"
"JH378136","13005712","13005923","KQ053234v1","1414405","1414609","67","11591307"
"JH378136","13023841","13024117","KQ055267v1","513773","514088","98","12510068"
"JH378136","13074644","13074939","KQ053421v1","5610673","5610968","72","7463971"
"JH378136","13077795","13078090","KQ053421v1","5610673","5610968","70","7467122"
"JH378136","13115475","13115749","KQ058242v1","595939","596205","79","12519536"
"JH378136","13125139","13125422","KQ058339v1","4553625","4553889","81","8571514"
"JH378136","13129640","13129954","KQ055267v1","513773","514088","82","12615867"
"JH378136","13135237","13135496","KQ058505v1","2207051","2207301","105","10928186"
"JH378136","13143927","13144205","KQ058242v1","595939","596205","79","12547988"
"JH378136","13147862","13148143","KQ054815v1","2215557","2215844","84","10932305"
"JH378136","13159113","13159417","KQ055352v1","6003171","6003466","87","7155942"
"JH378136","13208765","13209025","KQ058509v1","24058","24271","86","13184707"
"JH378136","13212465","13212702","KQ058242v1","595939","596205","79","12616526"
"JH378136","13213688","13213814","KQ053398v1","2623748","2623879","39","10589940"
"JH378136","13235030","13235324","KQ058394v1","9655127","9655422","80","3579903"
"JH378136","13248734","13249033","KQ053421v1","5610673","5610968","71","7638061"
"JH378136","13255740","13255929","KQ058594v1","5950443","5950621","73","7305297"
"JH378136","13255936","13256237","KQ055862v1","1305285","1305561","83","11950651"
"JH378136","13275115","13275419","KQ053421v1","5610673","5610968","80","7664442"
"JH378136","13276209","13276514","KQ053421v1","5610673","5610968","70","7665536"
"JH378136","13349521","13349748","KQ052982v1","2032903","2033097","70","11316618"
"JH378136","13372427","13372576","KQ054268v1","765831","765979","45","12606596"
"JH378136","13389341","13389637","KQ053421v1","5610673","5610968","76","7778668"
"JH378136","13431431","13431525","KQ056279v1","759081","759162","30","12672350"
"JH378136","13464561","13464877","KQ053421v1","5610673","5610968","79","7853888"
"JH378136","13468308","13468608","KQ053421v1","5610673","5610968","77","7857635"
"JH378136","13489206","13489511","KQ053421v1","5610673","5610968","73","7878533"
"JH378136","13503361","13503667","KQ055352v1","6003171","6003466","72","7500190"
"JH378136","13565550","13565817","KQ055830v1","661716","661986","88","12903834"
"JH378136","13661727","13662029","KQ053421v1","5610673","5610968","86","8051054"
"JH378136","13687023","13687301","KQ058339v1","4553625","4553889","80","9133398"
"JH378136","13729164","13729468","KQ053421v1","5610673","5610968","92","8118491"
"JH378136","13804158","13804288","KQ053398v1","2623748","2623879","37","11180410"
"JH378136","13823794","13823907","KQ055717v1","1610376","1610476","40","12213418"
"JH378136","13825531","13825812","KQ053421v1","5610673","5610968","91","8214858"
"JH378136","13831459","13831723","KQ053421v1","5610673","5610968","96","8220786"
"JH378136","13880306","13880596","KQ055862v1","1305285","1305561","82","12575021"
"JH378136","13897082","13897368","KQ053421v1","5610673","5610968","79","8286409"
"JH378136","13928731","13929042","KQ053421v1","5610673","5610968","75","8318058"
"JH378136","13936297","13936606","KQ053785v1","888769","889063","103","13047528"
"JH378136","13969795","13970089","KQ053421v1","5610673","5610968","74","8359122"
"JH378136","13999768","14000000","KQ055662v1","1890465","1890674","63","12109303"
"JH378136","14035985","14036274","KQ053421v1","5610673","5610968","69","8425312"
"JH378136","14043687","14043989","KQ053421v1","5610673","5610968","71","8433014"
"JH378136","14068367","14068666","KQ053421v1","5610673","5610968","78","8457694"
"JH378136","14069685","14069987","KQ053421v1","5610673","5610968","69","8459012"
"JH378136","14080498","14080803","KQ053421v1","5610673","5610968","74","8469825"
"JH378136","14099259","14099577","KQ055267v1","513773","514088","84","13585486"
"JH378136","14215113","14215413","KQ053421v1","5610673","5610968","70","8604440"
"JH378136","14359391","14359664","KQ053421v1","5610673","5610968","79","8748718"
"JH378136","14374731","14375009","KQ054815v1","2215557","2215844","75","12159174"
"JH378136","14461565","14461831","KQ058242v1","595939","596205","83","13865626"
"JH378136","14462603","14462899","KQ055267v1","513773","514088","80","13948830"
"JH378136","14475494","14475785","KQ058339v1","4553625","4553889","87","9921869"
"JH378136","14512658","14512958","KQ053421v1","5610673","5610968","71","8901985"
"JH378136","14527417","14527726","KQ053421v1","5610673","5610968","91","8916744"
"JH378136","14529361","14529601","KQ058242v1","595939","596205","87","13933422"
"JH378136","14530137","14530441","KQ053421v1","5610673","5610968","91","8919464"
"JH378136","14553328","14553618","KQ058242v1","595939","596205","87","13957389"
"JH378136","14580187","14580477","KQ053421v1","5610673","5610968","90","8969514"
"JH378136","14590623","14590925","KQ053421v1","5610673","5610968","75","8979950"
"JH378136","14609262","14609559","KQ058427v1","7786546","7786853","84","6822716"
"JH378136","14673625","14673934","KQ055352v1","6003171","6003466","81","8670454"
"JH378136","14675929","14676151","KQ055662v1","1890465","1890674","66","12785464"
"JH378136","14711505","14711802","KQ053421v1","5610673","5610968","64","9100832"
"JH378136","14742204","14742508","KQ055267v1","513773","514088","81","14228431"
"JH378136","14795549","14795847","KQ053421v1","5610673","5610968","78","9184876"
"JH378136","14813126","14813416","KQ053421v1","5610673","5610968","75","9202453"
"JH378136","14847101","14847398","KQ053421v1","5610673","5610968","76","9236428"
"JH378136","14927843","14928134","KQ053421v1","5610673","5610968","81","9317170"
"JH378136","14956947","14957238","KQ053421v1","5610673","5610968","73","9346274"
"JH378136","14963424","14963719","KQ053421v1","5610673","5610968","66","9352751"
"JH378136","14966960","14967261","KQ058427v1","7786546","7786853","100","7180414"
"JH378136","14978915","14979224","KQ053421v1","5610673","5610968","89","9368242"
"JH378136","14994417","14994718","KQ053421v1","5610673","5610968","68","9383744"
"JH378136","14994782","14995092","KQ055352v1","6003171","6003466","70","8991611"
"JH378136","15006849","15007034","KQ054179v1","3404435","3404595","52","11602414"
"JH378136","15007785","15007840","KQ054191v1","1885658","1885707","17","13122127"
"JH378136","15072756","15073057","KQ053421v1","5610673","5610968","74","9462083"
"JH378136","15194096","15194383","KQ053421v1","5610673","5610968","71","9583423"
"JH378136","15197186","15197495","KQ053421v1","5610673","5610968","79","9586513"
"JH378136","15203023","15203310","KQ053421v1","5610673","5610968","82","9592350"
"JH378136","15214122","15214405","KQ058242v1","595939","596205","69","14618183"
"JH378136","15245275","15245579","KQ053421v1","5610673","5610968","83","9634602"
"JH378136","15246604","15246866","KQ058242v1","595939","596205","72","14650665"
"JH378136","15266787","15267035","KQ057186v1","783828","784085","86","14482959"
"JH378136","15289057","15289363","KQ058427v1","7786546","7786853","71","7502511"
"JH378136","15309164","15309467","KQ053421v1","5610673","5610968","73","9698491"
"JH378136","15332574","15332884","KQ053421v1","5610673","5610968","72","9721901"
"JH378136","15396352","15396641","KQ053421v1","5610673","5610968","83","9785679"
"JH378136","15399366","15399660","KQ053421v1","5610673","5610968","72","9788693"
"JH378136","15441394","15441695","KQ053421v1","5610673","5610968","72","9830721"
"JH378136","15488052","15488315","KQ053883v1","6938067","6938331","91","8549985"
"JH378136","15497071","15497369","KQ053421v1","5610673","5610968","64","9886398"
"JH378136","15524475","15524773","KQ053421v1","5610673","5610968","70","9913802"
"JH378136","15533850","15534161","KQ055267v1","513773","514088","72","15020077"
"JH378136","15584852","15585156","KQ053421v1","5610673","5610968","72","9974179"
"JH378136","15593536","15593834","KQ053421v1","5610673","5610968","68","9982863"
"JH378136","15614855","15615159","KQ053421v1","5610673","5610968","77","10004182"
"JH378136","15635535","15635832","KQ053421v1","5610673","5610968","72","10024862"
"JH378136","15678331","15678626","KQ053421v1","5610673","5610968","66","10067658"
"JH378136","15869858","15870168","KQ055352v1","6003171","6003466","74","9866687"
"JH378136","15880364","15880566","KQ058129v1","100901","101077","93","15779463"
"JH378136","15902039","15902335","KQ053421v1","5610673","5610968","74","10291366"
"JH378136","15965737","15966030","KQ053421v1","5610673","5610968","82","10355064"
"JH378136","15991740","15992039","KQ053421v1","5610673","5610968","70","10381067"
"JH378136","15993057","15993355","KQ053421v1","5610673","5610968","73","10382384"
"JH378136","16005981","16006129","KQ053476v1","812335","812482","51","15193646"
"JH378136","16060227","16060515","KQ053421v1","5610673","5610968","79","10449554"
"JH378136","16109466","16109757","KQ053421v1","5610673","5610968","76","10498793"
"JH378136","16161635","16161936","KQ053421v1","5610673","5610968","69","10550962"
"JH378136","16176716","16177013","KQ053421v1","5610673","5610968","68","10566043"
"JH378136","16194907","16195206","KQ053421v1","5610673","5610968","71","10584234"
"JH378136","16213579","16213854","KQ058339v1","4553625","4553889","89","11659954"
"JH378136","16222103","16222392","KQ053421v1","5610673","5610968","80","10611430"
"JH378136","16241816","16242116","KQ053421v1","5610673","5610968","75","10631143"
"JH378136","16248713","16249022","KQ055267v1","513773","514088","76","15734940"
"JH378136","16250469","16250772","KQ053421v1","5610673","5610968","69","10639796"
"JH378136","16310161","16310462","KQ053421v1","5610673","5610968","73","10699488"
"JH378136","16312382","16312661","KQ053421v1","5610673","5610968","72","10701709"
"JH378136","16322145","16322416","KQ058242v1","595939","596205","75","15726206"
"JH378136","16345609","16345722","KQ056493v1","2043382","2043488","31","14302227"
"JH378136","16381563","16381869","KQ053421v1","5610673","5610968","77","10770890"
"JH378136","16384670","16384823","KQ057204v1","2930576","2930741","39","13454094"
"JH378136","16401036","16401337","KQ053421v1","5610673","5610968","68","10790363"
"JH378136","16653667","16653954","KQ053421v1","5610673","5610968","77","11042994"
"JH378136","16748181","16748476","KQ053421v1","5610673","5610968","79","11137508"
"JH378136","16804531","16804675","KQ053004v1","3064551","3064681","51","13739980"
"JH378136","16909307","16909602","KQ055267v1","513773","514088","82","16395534"
"JH378136","17037553","17037817","KQ056321v1","575951","576190","93","16461602"
"JH378136","17101119","17101431","KQ055352v1","6003171","6003466","77","11097948"
"JH378136","17143234","17143541","KQ055267v1","513773","514088","74","16629461"
"JH378136","17207858","17207926","KQ058272v1","5924923","5924994","32","11282935"
"JH378136","17616593","17616894","KQ053421v1","5610673","5610968","83","12005920"
"JH378136","17647435","17647732","KQ053421v1","5610673","5610968","66","12036762"
"JH378136","17740507","17740572","KQ055247v1","3278175","3278224","27","14462332"
"JH378136","17740850","17741073","KQ055662v1","1890465","1890674","62","15850385"
"JH378136","17745663","17745949","KQ053421v1","5610673","5610968","98","12134990"
"JH378136","17747205","17747503","KQ053421v1","5610673","5610968","92","12136532"
"JH378136","17750747","17751046","KQ053421v1","5610673","5610968","73","12140074"
"JH378136","17794564","17794868","KQ053421v1","5610673","5610968","83","12183891"
"JH378136","17814735","17814919","KQ057449v1","1214348","1214489","83","16600387"
"JH378136","17824282","17824547","KQ058242v1","595939","596205","75","17228343"
"JH378136","17842006","17842292","KQ053421v1","5610673","5610968","79","12231333"
"JH378136","17889410","17889736","KQ058427v1","7786546","7786853","95","10102864"
"JH378136","17911333","17911590","KQ053883v1","6938067","6938331","94","10973266"
"JH378136","17936381","17936540","KQ053398v1","2623748","2623879","54","15312633"
"JH378136","17947941","17948200","KQ058242v1","595939","596205","87","17352002"
"JH378136","17977271","17977561","KQ055862v1","1305285","1305561","91","16671986"
"JH378136","17991995","17992277","KQ054815v1","2215557","2215844","90","15776438"
"JH378136","18013575","18013882","KQ055352v1","6003171","6003466","72","12010404"
"JH378136","18046432","18046713","KQ053421v1","5610673","5610968","90","12435759"
"JH378136","18067897","18068201","KQ055352v1","6003171","6003466","66","12064726"
"JH378136","18074177","18074485","KQ055352v1","6003171","6003466","71","12071006"
"JH378136","18078314","18078620","KQ053421v1","5610673","5610968","74","12467641"
"JH378136","18079441","18079744","KQ053421v1","5610673","5610968","63","12468768"
"JH378136","18090237","18090548","KQ055352v1","6003171","6003466","70","12087066"
"JH378136","18096361","18096666","KQ055352v1","6003171","6003466","67","12093190"
"JH378136","18109932","18110222","KQ053421v1","5610673","5610968","74","12499259"
"JH378136","18112320","18112610","KQ055862v1","1305285","1305561","91","16807035"
"JH378136","18129324","18129629","KQ055352v1","6003171","6003466","71","12126153"
"JH378136","18189769","18190093","KQ055267v1","513773","514088","98","17675996"
"JH378136","18304925","18305218","KQ053421v1","5610673","5610968","76","12694252"
"JH378136","18394139","18394443","KQ053421v1","5610673","5610968","81","12783466"
"JH378136","18467070","18467216","KQ053398v1","2623748","2623879","54","15843322"
"JH378136","18467880","18468042","KQ057204v1","2930576","2930741","44","15537304"
"JH378136","18500001","18500219","KQ055540v1","1957628","1957875","100","16542373"
"JH378136","18514340","18514649","KQ055267v1","513773","514088","75","18000567"
"JH378136","18526023","18526116","KQ056235v1","1266284","1266361","31","17259739"
"JH378136","18550560","18550682","KQ053398v1","2623748","2623879","36","15926812"
"JH378136","18584516","18584818","KQ053421v1","5610673","5610968","67","12973843"
"JH378136","18586411","18586716","KQ055352v1","6003171","6003466","69","12583240"
"JH378136","18611775","18612077","KQ053421v1","5610673","5610968","80","13001102"
"JH378136","18631206","18631323","KQ056493v1","2043382","2043488","36","16587824"
"JH378136","18631350","18631480","KQ056911v1","1421731","1421862","34","17209619"
"JH378136","18658876","18659191","KQ053421v1","5610673","5610968","91","13048203"
"JH378136","18680570","18680850","KQ053421v1","5610673","5610968","81","13069897"
"JH378136","18770580","18770726","KQ053398v1","2623748","2623879","45","16146832"
"JH378136","18771253","18771559","KQ053421v1","5610673","5610968","76","13160580"
"JH378136","18782899","18783202","KQ053421v1","5610673","5610968","72","13172226"
"JH378136","18790156","18790454","KQ053421v1","5610673","5610968","80","13179483"
"JH378136","18799175","18799467","KQ053421v1","5610673","5610968","90","13188502"
"JH378136","18834469","18834778","KQ053421v1","5610673","5610968","81","13223796"
"JH378136","18929355","18929656","KQ055267v1","513773","514088","83","18415582"
"JH378136","18985076","18985381","KQ055267v1","513773","514088","78","18471303"
"JH378136","18994307","18994603","KQ053421v1","5610673","5610968","75","13383634"
"JH378136","19226019","19226303","KQ053421v1","5610673","5610968","76","13615346"
"JH378136","19250629","19250930","KQ053421v1","5610673","5610968","71","13639956"
"JH378136","19254568","19254843","KQ053421v1","5610673","5610968","84","13643895"
"JH378136","19321915","19322213","KQ053421v1","5610673","5610968","67","13711242"
"JH378136","19337652","19337962","KQ055267v1","513773","514088","69","18823879"
"JH378136","19339480","19339791","KQ055267v1","513773","514088","76","18825707"
"JH378136","19394237","19394493","KQ058505v1","2207051","2207301","83","17187186"
"JH378136","19575823","19576121","KQ053421v1","5610673","5610968","72","13965150"
"JH378136","19578279","19578585","KQ055352v1","6003171","6003466","70","13575108"
"JH378136","19586607","19586903","KQ053421v1","5610673","5610968","73","13975934"
"JH378136","19706604","19706906","KQ053421v1","5610673","5610968","73","14095931"
"JH378136","19834314","19834604","KQ053421v1","5610673","5610968","84","14223641"
"JH378136","20090260","20090517","KQ058242v1","595939","596205","78","19494321"
"JH378136","20217731","20217891","KQ053993v1","1251070","1251235","39","18966661"
"JH378136","20405804","20406102","KQ053421v1","5610673","5610968","73","14795131"
"JH378136","20412365","20412670","KQ055267v1","513773","514088","78","19898592"
"JH378136","20435827","20436136","KQ058427v1","7786546","7786853","83","12649281"
"JH378136","20453571","20453857","KQ053421v1","5610673","5610968","84","14842898"
"JH378136","20524852","20525149","KQ053421v1","5610673","5610968","75","14914179"
"JH378136","20547012","20547318","KQ053421v1","5610673","5610968","73","14936339"
"JH378136","20551657","20551953","KQ053421v1","5610673","5610968","82","14940984"
"JH378136","20759036","20759355","KQ055352v1","6003171","6003466","76","14755865"
"JH378136","20868855","20869153","KQ053421v1","5610673","5610968","74","15258182"
"JH378136","20922772","20923003","KQ058509v1","24058","24271","71","20898714"
"JH378136","21004733","21005040","KQ055267v1","513773","514088","87","20490960"
"JH378136","21092775","21092919","KQ054401v1","3363241","3363379","44","17729534"
"JH378136","21101926","21102236","KQ055352v1","6003171","6003466","75","15098755"
"JH378136","21169190","21169478","KQ053421v1","5610673","5610968","74","15558517"
"JH378136","21206714","21207009","KQ055862v1","1305285","1305561","90","19901429"
"JH378136","21266435","21266736","KQ053421v1","5610673","5610968","71","15655762"
"JH378137","11796355","11796663","KQ058427v1","7786546","7786853","76","4009809"
"JH378137","21102390","21102685","KQ053421v1","5610673","5610968","81","15491717"
"JH378137","28872","29087","KQ058274v1","300327","300497","81","271455"
"JH378137","173523","173829","KQ053421v1","5610673","5610968","74","5437150"
"JH378137","177523","177834","KQ053421v1","5610673","5610968","74","5433150"
"JH378137","319702","320021","KQ058427v1","7786546","7786853","86","7466844"
"JH378137","367075","367376","KQ053421v1","5610673","5610968","76","5243598"
"JH378137","407078","407381","KQ058427v1","7786546","7786853","86","7379468"
"JH378137","465257","465575","KQ053421v1","5610673","5610968","91","5145416"
"JH378137","468449","468721","KQ053421v1","5610673","5610968","81","5142224"
"JH378137","468799","468897","KQ058272v1","5283309","5283400","30","4814510"
"JH378137","589672","589948","KQ053421v1","5610673","5610968","83","5021001"
"JH378137","671531","671824","KQ053421v1","5610673","5610968","71","4939142"
"JH378137","699717","699818","KQ055717v1","1610376","1610476","35","910659"
"JH378137","710762","711058","KQ053421v1","5610673","5610968","72","4899911"
"JH378137","719653","719955","KQ053421v1","5610673","5610968","91","4891020"
"JH378137","867995","868306","KQ055267v1","513773","514088","73","354222"
"JH378137","890522","890825","KQ053421v1","5610673","5610968","74","4720151"
"JH378137","895705","896009","KQ053421v1","5610673","5610968","71","4714968"
"JH378137","927585","927880","KQ053421v1","5610673","5610968","65","4683088"
"JH378137","949561","949855","KQ053421v1","5610673","5610968","73","4661112"
"JH378137","974596","974881","KQ053421v1","5610673","5610968","75","4636077"
"JH378137","974885","975182","KQ053421v1","5610673","5610968","73","4635788"
"JH378137","977768","978051","KQ055862v1","1305285","1305561","84","327517"
"JH378137","980219","980528","KQ055267v1","513773","514088","78","466446"
"JH378137","984325","984620","KQ053421v1","5610673","5610968","69","4626348"
"JH378137","990718","991057","KQ053421v1","5610673","5610968","99","4619955"
"JH378137","1023864","1024107","KQ058242v1","595939","596205","86","427925"
"JH378137","1071713","1071888","KQ058274v1","300327","300497","61","771386"
"JH378137","1225255","1225608","KQ053059v1","2548766","2549102","99","1323511"
"JH378137","1233166","1233385","KQ058274v1","300327","300497","80","932839"
"JH378137","1247880","1248171","KQ053421v1","5610673","5610968","80","4362793"
"JH378137","1302244","1302544","KQ053421v1","5610673","5610968","69","4308429"
"JH378137","1338566","1338871","KQ055352v1","6003171","6003466","71","4664605"
"JH378137","1339948","1340255","KQ055352v1","6003171","6003466","71","4663223"
"JH378137","1379910","1380210","KQ053421v1","5610673","5610968","65","4230763"
"JH378137","1383950","1384257","KQ055352v1","6003171","6003466","73","4619221"
"JH378137","1397341","1397620","KQ058427v1","6786866","6787134","85","5389525"
"JH378137","1504938","1505238","KQ053421v1","5610673","5610968","65","4105735"
"JH378137","1532294","1532454","KQ053310v1","1983228","1983391","42","450934"
"JH378137","1559907","1560212","KQ055352v1","6003171","6003466","69","4443264"
"JH378137","1560949","1561260","KQ055352v1","6003171","6003466","74","4442222"
"JH378137","1564506","1564654","KQ054401v1","3363241","3363379","38","1798735"
"JH378137","1581518","1581841","KQ053059v1","2548766","2549102","97","967248"
"JH378137","1592887","1593190","KQ055352v1","6003171","6003466","72","4410284"
"JH378137","1698424","1698734","KQ055352v1","6003171","6003466","86","4304747"
"JH378137","1716223","1716520","KQ053421v1","5610673","5610968","75","3894450"
"JH378137","1788754","1789053","KQ055267v1","513773","514088","73","1274981"
"JH378137","1879299","1879601","KQ053421v1","5610673","5610968","69","3731374"
"JH378137","1924686","1924816","KQ053398v1","2623748","2623879","38","699062"
"JH378137","1985342","1985404","KQ055247v1","3278175","3278224","24","1292833"
"JH378137","1985746","1985992","KQ056321v1","575951","576190","88","1409795"
"JH378137","1987520","1987641","KQ053398v1","2627781","2627909","46","640261"
"JH378137","2007990","2008268","KQ054815v1","2215557","2215844","82","207567"
"JH378137","2027673","2027969","KQ053421v1","5610673","5610968","72","3583000"
"JH378137","2058771","2058986","KQ058274v1","300327","300497","74","1758444"
"JH378137","2060692","2060932","KQ058242v1","595939","596205","80","1464753"
"JH378137","2091305","2091616","KQ058427v1","7786546","7786853","91","5695241"
"JH378137","2122552","2122826","KQ058242v1","595939","596205","74","1526613"
"JH378137","2155818","2156110","KQ053421v1","5610673","5610968","77","3454855"
"JH378137","2188882","2189175","KQ053421v1","5610673","5610968","86","3421791"
"JH378137","2206992","2207297","KQ053421v1","5610673","5610968","71","3403681"
"JH378137","2216760","2217070","KQ055267v1","513773","514088","74","1702987"
"JH378137","2220466","2220784","KQ055352v1","6003171","6003466","86","3782705"
"JH378137","2225444","2225589","KQ057449v1","1214348","1214489","51","1011096"
"JH378137","2232342","2232648","KQ055352v1","6003171","6003466","72","3770829"
"JH378137","2236934","2237191","KQ055862v1","1305285","1305561","82","931649"
"JH378137","2244111","2244405","KQ053421v1","5610673","5610968","75","3366562"
"JH378137","2248553","2248854","KQ053421v1","5610673","5610968","64","3362120"
"JH378137","2303904","2304098","KQ058509v1","24058","24271","68","2279846"
"JH378137","2316394","2316689","KQ053421v1","5610673","5610968","75","3294279"
"JH378137","2318770","2318880","KQ055717v1","1610376","1610476","37","708394"
"JH378137","2328247","2328381","KQ053398v1","2623748","2623879","41","295501"
"JH378137","2462734","2463029","KQ053421v1","5610673","5610968","75","3147939"
"JH378137","2469373","2469497","KQ053398v1","2623748","2623879","33","154375"
"JH378137","2474218","2474517","KQ053421v1","5610673","5610968","72","3136455"
"JH378137","2478921","2479216","KQ053421v1","5610673","5610968","93","3131752"
"JH378137","2490561","2490858","KQ053421v1","5610673","5610968","70","3120112"
"JH378137","2501494","2501781","KQ053421v1","5610673","5610968","76","3109179"
"JH378137","2570250","2570376","KQ053398v1","2623748","2623879","30","53498"
"JH378137","2587349","2587646","KQ053421v1","5610673","5610968","71","3023324"
"JH378137","2588580","2588893","KQ058427v1","7786546","7786853","86","5197966"
"JH378137","2616080","2616383","KQ053421v1","5610673","5610968","78","2994593"
"JH378137","2618489","2618785","KQ053421v1","5610673","5610968","68","2992184"
"JH378137","2636729","2637032","KQ053421v1","5610673","5610968","84","2973944"
"JH378137","2641311","2641603","KQ053421v1","5610673","5610968","83","2969362"
"JH378137","2645061","2645352","KQ053421v1","5610673","5610968","86","2965612"
"JH378137","2661882","2662180","KQ053421v1","5610673","5610968","69","2948791"
"JH378137","2689317","2689637","KQ053421v1","5610673","5610968","70","2921356"
"JH378137","2700868","2701169","KQ053421v1","5610673","5610968","83","2909805"
"JH378137","2704914","2705220","KQ053421v1","5610673","5610968","76","2905759"
"JH378137","2709756","2710058","KQ053421v1","5610673","5610968","82","2900917"
"JH378137","2712484","2712770","KQ053421v1","5610673","5610968","76","2898189"
"JH378137","2736236","2736541","KQ058427v1","7786546","7786853","81","5050310"
"JH378137","2791071","2791336","KQ057901v1","868884","869144","83","1922187"
"JH378137","2886060","2886362","KQ053421v1","5610673","5610968","66","2724613"
"JH378137","2921515","2921821","KQ055352v1","6003171","6003466","70","3081656"
"JH378137","2969876","2970172","KQ053421v1","5610673","5610968","70","2640797"
"JH378137","3039461","3039757","KQ055267v1","513773","514088","85","2525688"
"JH378137","3106656","3106953","KQ053421v1","5610673","5610968","71","2504017"
"JH378137","3124172","3124462","KQ053421v1","5610673","5610968","78","2486501"
"JH378137","3172521","3172650","KQ053398v1","2623748","2623879","34","548773"
"JH378137","3321124","3321420","KQ053421v1","5610673","5610968","78","2289549"
"JH378137","3444603","3444904","KQ055267v1","513773","514088","66","2930830"
"JH378137","3472955","3473236","KQ053421v1","5610673","5610968","87","2137718"
"JH378137","3592116","3592426","KQ053421v1","5610673","5610968","74","2018557"
"JH378137","3703367","3703665","KQ053421v1","5610673","5610968","73","1907306"
"JH378137","3765164","3765448","KQ053421v1","5610673","5610968","88","1845509"
"JH378137","3778387","3778685","KQ053421v1","5610673","5610968","75","1832286"
"JH378137","3870418","3870704","KQ053421v1","5610673","5610968","76","1740255"
"JH378137","3874112","3874410","KQ053421v1","5610673","5610968","81","1736561"
"JH378137","3875430","3875734","KQ055352v1","6003171","6003466","75","2127741"
"JH378137","3880237","3880548","KQ053421v1","5610673","5610968","84","1730436"
"JH378137","3940667","3940962","KQ053421v1","5610673","5610968","71","1670006"
"JH378137","3952567","3952868","KQ053421v1","5610673","5610968","69","1658106"
"JH378137","4034901","4035216","KQ058427v1","7786546","7786853","89","3751645"
"JH378137","4037954","4038244","KQ053421v1","5610673","5610968","82","1572719"
"JH378137","4059881","4060007","KQ053398v1","2623748","2623879","36","1436133"
"JH378137","4066776","4067063","KQ058242v1","595939","596205","88","3470837"
"JH378137","4070378","4070675","KQ053421v1","5610673","5610968","77","1540295"
"JH378137","4079451","4079651","KQ058274v1","300327","300497","70","3779124"
"JH378137","4122486","4122792","KQ053421v1","5610673","5610968","79","1488187"
"JH378137","4173739","4174050","KQ055352v1","6003171","6003466","72","1829432"
"JH378137","4203373","4203661","KQ053421v1","5610673","5610968","82","1407300"
"JH378137","4205015","4205220","KQ058274v1","300327","300497","74","3904688"
"JH378137","4205321","4205359","KQ053234v1","1679807","1679838","16","2525514"
"JH378137","4226417","4226545","KQ053398v1","2623748","2623879","34","1602669"
"JH378137","4237632","4237904","KQ057186v1","783828","784085","84","3453804"
"JH378137","4260082","4260344","KQ058242v1","595939","596205","96","3664143"
"JH378137","4268544","4268771","KQ058242v1","595939","596205","88","3672605"
"JH378137","4283040","4283134","KQ056279v1","759081","759162","28","3523959"
"JH378137","4283498","4283669","KQ053234v1","1679581","1679757","41","2603917"
"JH378137","4286109","4286411","KQ058427v1","7786546","7786853","75","3500437"
"JH378137","4326446","4326704","KQ058339v1","4553625","4553889","82","227179"
"JH378137","4332812","4332926","KQ056493v1","2043382","2043488","23","2289430"
"JH378137","4337715","4337984","KQ055352v1","6003171","6003466","74","1665456"
"JH378137","4347300","4347432","KQ053398v1","2627781","2627909","33","1719519"
"JH378137","4356503","4356814","KQ055267v1","513773","514088","80","3842730"
"JH378137","4382421","4382723","KQ058427v1","7786546","7786853","79","3404125"
"JH378137","4386281","4386410","KQ053398v1","2623748","2623879","32","1762533"
"JH378137","4403720","4403974","KQ058242v1","595939","596205","78","3807781"
"JH378137","4423870","4424148","KQ053421v1","5610673","5610968","86","1186803"
"JH378137","4430110","4430235","KQ053398v1","2623748","2623879","34","1806362"
"JH378137","4430948","4431253","KQ053421v1","5610673","5610968","77","1179725"
"JH378137","4439175","4439297","KQ053398v1","2623748","2623879","33","1815427"
"JH378137","4442846","4443049","KQ057449v1","1214348","1214489","82","3228498"
"JH378137","4450268","4450534","KQ053421v1","5610673","5610968","82","1160405"
"JH378137","4452618","4452925","KQ055352v1","6003171","6003466","71","1550553"
"JH378137","4511029","4511301","KQ054815v1","2215557","2215844","83","2295472"
"JH378137","4531323","4531627","KQ053421v1","5610673","5610968","70","1079350"
"JH378137","4542565","4542829","KQ058242v1","595939","596205","93","3946626"
"JH378137","4566894","4567195","KQ053421v1","5610673","5610968","77","1043779"
"JH378137","4574759","4575051","KQ053421v1","5610673","5610968","74","1035914"
"JH378137","4586778","4587059","KQ053421v1","5610673","5610968","67","1023895"
"JH378137","4594499","4594797","KQ055267v1","513773","514088","73","4080726"
"JH378137","4612053","4612160","KQ056493v1","2043382","2043488","26","2568671"
"JH378137","4636550","4636680","KQ053398v1","2623748","2623879","29","2012802"
"JH378137","4681992","4682296","KQ055267v1","513773","514088","81","4168219"
"JH378137","4687266","4687517","KQ058242v1","595939","596205","85","4091327"
"JH378137","4689755","4690043","KQ053421v1","5610673","5610968","85","920918"
"JH378137","4711803","4712087","KQ053421v1","5610673","5610968","81","898870"
"JH378137","4807159","4807400","KQ056321v1","575951","576190","83","4231208"
"JH378137","4840482","4840779","KQ053421v1","5610673","5610968","83","770191"
"JH378137","4866458","4866716","KQ058339v1","4553625","4553889","89","312833"
"JH378137","4870218","4870491","KQ058242v1","595939","596205","81","4274279"
"JH378137","4875436","4875574","KQ056911v1","1421731","1421862","38","3453705"
"JH378137","4954610","4954779","KQ053993v1","1251070","1251235","41","3703540"
"JH378137","4969228","4969533","KQ055352v1","6003171","6003466","70","1033943"
"JH378137","5011326","5011629","KQ053421v1","5610673","5610968","69","599347"
"JH378137","5014774","5015080","KQ053421v1","5610673","5610968","74","595899"
"JH378137","5025910","5026170","KQ058242v1","595939","596205","76","4429971"
"JH378137","5029782","5030090","KQ055267v1","513773","514088","73","4516009"
"JH378137","5033502","5033798","KQ053421v1","5610673","5610968","66","577171"
"JH378137","5092365","5092668","KQ055352v1","6003171","6003466","69","910806"
"JH378137","5096078","5096389","KQ055267v1","513773","514088","73","4582305"
"JH378137","5111445","5111724","KQ053421v1","5610673","5610968","88","499228"
"JH378137","5118276","5118472","KQ056064v1","326763","326940","61","4791513"
"JH378137","5136330","5136630","KQ053421v1","5610673","5610968","73","474343"
"JH378137","5149721","5150007","KQ053785v1","888769","889063","81","4260952"
"JH378137","5152315","5152603","KQ053421v1","5610673","5610968","74","458358"
"JH378137","5173199","5173494","KQ053421v1","5610673","5610968","68","437474"
"JH378137","5178847","5178983","KQ053398v1","2623748","2623879","36","2555099"
"JH378137","5208712","5209001","KQ058427v1","7786546","7786853","84","2577834"
"JH378137","5229176","5229473","KQ053421v1","5610673","5610968","82","381497"
"JH378137","5251497","5251798","KQ053421v1","5610673","5610968","69","359176"
"JH378137","5264616","5264926","KQ055267v1","513773","514088","73","4750843"
"JH378137","5284147","5284441","KQ053421v1","5610673","5610968","83","326526"
"JH378137","5299606","5299902","KQ055862v1","1305285","1305561","78","3994321"
"JH378137","5306294","5306605","KQ055352v1","6003171","6003466","73","696877"
"JH378137","5324666","5324938","KQ054815v1","2215557","2215844","79","3109109"
"JH378137","5338705","5338993","KQ053421v1","5610673","5610968","80","271968"
"JH378137","5356691","5356890","KQ053752v1","8015097","8015288","49","2658406"
"JH378137","5356991","5357091","KQ056493v1","2043382","2043488","36","3313609"
"JH378137","5368463","5368749","KQ053421v1","5610673","5610968","84","242210"
"JH378137","5399770","5400072","KQ053421v1","5610673","5610968","69","210903"
"JH378137","5411630","5411927","KQ053421v1","5610673","5610968","80","199043"
"JH378137","5412667","5412867","KQ055662v1","1890465","1890674","63","3522202"
"JH378137","5419023","5419313","KQ053421v1","5610673","5610968","81","191650"
"JH378137","5419705","5420010","KQ055267v1","513773","514088","84","4905932"
"JH378137","5430238","5430554","KQ058427v1","7786546","7786853","90","2356308"
"JH378137","5444671","5444980","KQ055267v1","513773","514088","83","4930898"
"JH378137","5448215","5448452","KQ054068v1","3638075","3638299","79","1810140"
"JH378137","5448761","5448911","KQ057161v1","453350","453459","60","4995411"
"JH378137","5453570","5453902","KQ058427v1","7786546","7786853","98","2332976"
"JH378137","5455547","5455635","KQ058316v1","2226037","2226104","36","3229510"
"JH378137","5456128","5456333","KQ056064v1","326763","326940","72","5129365"
"JH378137","5477638","5477934","KQ055352v1","6003171","6003466","77","525533"
"JH378137","5478966","5479221","KQ058339v1","4553625","4553889","90","925341"
"JH378137","5485148","5485441","KQ053421v1","5610673","5610968","103","125525"
"JH378137","5489301","5489414","KQ056493v1","2043382","2043488","44","3445919"
"JH378137","5504692","5504983","KQ055352v1","6003171","6003466","87","498479"
"JH378137","5513710","5513876","KQ058423v1","270754","270928","42","5242956"
"JH378137","5539576","5539860","KQ054815v1","2215557","2215844","79","3324019"
"JH378137","5546761","5547053","KQ053421v1","5610673","5610968","96","63912"
"JH378137","5563524","5563825","KQ053421v1","5610673","5610968","76","47149"
"JH378137","5586424","5586696","KQ058242v1","595939","596205","78","4990485"
"JH378137","5646720","5647028","KQ055352v1","6003171","6003466","73","356451"
"JH378137","5653310","5653605","KQ058242v1","595939","596205","88","5057371"
"JH378137","5682469","5682775","KQ053421v1","5610673","5610968","76","71796"
"JH378137","5687273","5687518","KQ058505v1","2207051","2207301","80","3480222"
"JH378137","5690774","5691085","KQ055352v1","6003171","6003466","72","312397"
"JH378137","5693114","5693359","KQ055540v1","1957628","1957875","94","3735486"
"JH378137","5756119","5756413","KQ053421v1","5610673","5610968","77","145446"
"JH378137","5759162","5759423","KQ058242v1","595939","596205","59","5163223"
"JH378137","5768319","5768481","KQ053993v1","1251070","1251235","38","4517249"
"JH378137","5866109","5866415","KQ053421v1","5610673","5610968","80","255436"
"JH378137","5932120","5932366","KQ058509v1","24058","24271","82","5908062"
"JH378137","6153642","6153952","KQ053421v1","5610673","5610968","80","542969"
"JH378137","6338796","6339101","KQ055352v1","6003171","6003466","68","335625"
"JH378137","6389830","6390060","KQ058509v1","24058","24271","66","6365772"
"JH378137","6415272","6415567","KQ053421v1","5610673","5610968","77","804599"
"JH378137","6466327","6466529","KQ056064v1","326763","326940","83","6139564"
"JH378137","6529897","6530201","KQ058427v1","7786546","7786853","73","1256649"
"JH378137","6559764","6560042","KQ058242v1","595939","596205","80","5963825"
"JH378137","6569382","6569564","KQ053081v1","1367902","1368071","52","5201480"
"JH378137","6570364","6570447","KQ056235v1","1266284","1266361","23","5304080"
"JH378137","6651271","6651581","KQ055267v1","513773","514088","82","6137498"
"JH378137","6688667","6688869","KQ058274v1","300327","300497","65","6388340"
"JH378137","6749731","6750027","KQ053421v1","5610673","5610968","83","1139058"
"JH378137","6784067","6784382","KQ053421v1","5610673","5610968","92","1173394"
"JH378137","6792077","6792287","KQ055662v1","1890465","1890674","62","4901612"
"JH378137","6812429","6812666","KQ058509v1","24058","24271","77","6788371"
"JH378137","6813594","6813725","KQ053398v1","2623748","2623879","35","4189846"
"JH378137","6836244","6836349","KQ056235v1","1266284","1266361","39","5569960"
"JH378137","6884051","6884360","KQ053421v1","5610673","5610968","91","1273378"
"JH378137","6899705","6900013","KQ053421v1","5610673","5610968","84","1289032"
"JH378137","6911329","6911640","KQ055267v1","513773","514088","80","6397556"
"JH378137","6916648","6916888","KQ058242v1","595939","596205","84","6320709"
"JH378137","6957417","6957722","KQ055267v1","513773","514088","73","6443644"
"JH378137","6966412","6966541","KQ053398v1","2623748","2623879","31","4342664"
"JH378137","6987457","6987719","KQ058242v1","595939","596205","75","6391518"
"JH378137","6994570","6994842","KQ053421v1","5610673","5610968","79","1383897"
"JH378137","7045602","7045901","KQ053421v1","5610673","5610968","76","1434929"
"JH378137","7164460","7164736","KQ053421v1","5610673","5610968","88","1553787"
"JH378137","7169099","7169310","ABDC02053644v1","2226","2419","75","7166873"
"JH378137","7205683","7206068","KQ053059v1","2548766","2549102","136","4656917"
"JH378137","7220418","7220721","KQ058427v1","7786546","7786853","72","566128"
"JH378137","7264331","7264455","KQ053398v1","2623748","2623879","40","4640583"
"JH378137","7280378","7280675","KQ053421v1","5610673","5610968","91","1669705"
"JH378137","7376017","7376331","KQ053421v1","5610673","5610968","86","1765344"
"JH378137","7378933","7379094","KQ053993v1","1251070","1251235","38","6127863"
"JH378137","7400643","7400948","KQ053421v1","5610673","5610968","74","1789970"
"JH378137","7411386","7411485","KQ056279v1","759081","759162","34","6652305"
"JH378137","7452530","7452811","KQ058427v1","6786866","6787134","89","665664"
"JH378137","7458168","7458467","KQ053421v1","5610673","5610968","75","1847495"
"JH378137","7562340","7562496","KQ054510v1","7582269","7582431","51","19929"
"JH378137","7638891","7639193","KQ053421v1","5610673","5610968","76","2028218"
"JH378137","7655764","7656054","KQ053421v1","5610673","5610968","75","2045091"
"JH378137","7664282","7664506","KQ056064v1","326763","326940","95","7337519"
"JH378137","7676884","7676934","KQ053643v1","396067","396115","15","7280817"
"JH378137","7690526","7690844","KQ055267v1","513773","514088","87","7176753"
"JH378137","7691063","7691381","KQ053421v1","5610673","5610968","91","2080390"
"JH378137","7753474","7753780","KQ053421v1","5610673","5610968","82","2142801"
"JH378137","7755236","7755535","KQ053421v1","5610673","5610968","68","2144563"
"JH378137","7790157","7790443","KQ055352v1","6003171","6003466","82","1786986"
"JH378137","7836117","7836425","KQ053421v1","5610673","5610968","84","2225444"
"JH378137","7842721","7843011","KQ053421v1","5610673","5610968","77","2232048"
"JH378137","7925029","7925315","KQ053421v1","5610673","5610968","77","2314356"
"JH378137","7926281","7926588","KQ053421v1","5610673","5610968","75","2315608"
"JH378137","7928353","7928649","KQ053421v1","5610673","5610968","72","2317680"
"JH378137","7946467","7946742","KQ053421v1","5610673","5610968","93","2335794"
"JH378137","7948002","7948291","KQ053421v1","5610673","5610968","70","2337329"
"JH378137","8077235","8077541","KQ053421v1","5610673","5610968","78","2466562"
"JH378137","8089943","8090230","KQ053421v1","5610673","5610968","82","2479270"
"JH378137","8122356","8122661","KQ053421v1","5610673","5610968","74","2511683"
"JH378137","8242982","8243171","KQ052982v1","2032903","2033097","39","6210079"
"JH378137","8263189","8263492","KQ058427v1","7786546","7786853","79","476643"
"JH378137","8415957","8416260","KQ053421v1","5610673","5610968","70","2805284"
"JH378137","8451438","8451696","KQ055862v1","1305285","1305561","70","7146153"
"JH378137","8462818","8463114","KQ053421v1","5610673","5610968","80","2852145"
"JH378137","8535900","8536209","KQ055267v1","513773","514088","79","8022127"
"JH378137","8574807","8575095","KQ053421v1","5610673","5610968","72","2964134"
"JH378137","8586394","8586693","KQ053421v1","5610673","5610968","87","2975721"
"JH378137","8588129","8588440","KQ053421v1","5610673","5610968","82","2977456"
"JH378137","8588696","8588971","KQ058640v1","643463","643729","80","7945233"
"JH378137","8714809","8715118","KQ058427v1","7786546","7786853","95","928263"
"JH378137","8764112","8764376","KQ058427v1","6786866","6787134","100","1977246"
"JH378137","8789107","8789413","KQ053421v1","5610673","5610968","72","3178434"
"JH378137","8809773","8810078","KQ053421v1","5610673","5610968","78","3199100"
"JH378137","8853288","8853581","KQ053421v1","5610673","5610968","79","3242615"
"JH378137","8873772","8874081","KQ053421v1","5610673","5610968","78","3263099"
"JH378137","8875009","8875316","KQ053421v1","5610673","5610968","81","3264336"
"JH378137","8879845","8880147","KQ053421v1","5610673","5610968","74","3269172"
"JH378137","8891265","8891570","KQ053421v1","5610673","5610968","90","3280592"
"JH378137","8898208","8898515","KQ053421v1","5610673","5610968","78","3287535"
"JH378137","8902947","8903246","KQ055352v1","6003171","6003466","89","2899776"
"JH378137","8926480","8926769","KQ053421v1","5610673","5610968","80","3315807"
"JH378137","8952214","8952521","KQ058427v1","7786546","7786853","82","1165668"
"JH378137","8955652","8955951","KQ053421v1","5610673","5610968","78","3344979"
"JH378137","8974724","8975001","KQ058242v1","595939","596205","80","8378785"
"JH378137","8985778","8986082","KQ053421v1","5610673","5610968","74","3375105"
"JH378137","9018306","9018611","KQ053421v1","5610673","5610968","73","3407633"
"JH378137","9032196","9032496","KQ053421v1","5610673","5610968","77","3421523"
"JH378137","9059000","9059300","KQ053421v1","5610673","5610968","78","3448327"
"JH378137","9080515","9080713","KQ058594v1","1033101","1033292","61","8047414"
"JH378137","9082011","9082271","KQ057901v1","868884","869144","86","8213127"
"JH378137","9095633","9095759","KQ053398v1","2623748","2623879","32","6471885"
"JH378137","9176706","9176825","KQ054401v1","3363241","3363379","48","5813465"
"JH378137","9177026","9177146","KQ056493v1","2043382","2043488","39","7133644"
"JH378137","9186755","9186855","KQ056493v1","2043382","2043488","40","7143373"
"JH378137","9198404","9198711","KQ053421v1","5610673","5610968","86","3587731"
"JH378137","9288495","9288772","KQ054815v1","2215557","2215844","82","7072938"
"JH378137","9351625","9351934","KQ055267v1","513773","514088","77","8837852"
"JH378137","9420721","9420981","KQ058640v1","643463","643729","77","8777258"
"JH378137","9439755","9440072","KQ058427v1","7786546","7786853","89","1653209"
"JH378137","9523050","9523348","KQ053421v1","5610673","5610968","87","3912377"
"JH378137","9555329","9555632","KQ058427v1","7786546","7786853","66","1768783"
"JH378137","9573090","9573388","KQ053421v1","5610673","5610968","88","3962417"
"JH378137","9579497","9579784","KQ053421v1","5610673","5610968","91","3968824"
"JH378137","9583388","9583501","KQ055717v1","1610376","1610476","46","7973012"
"JH378137","9654451","9654529","KQ056235v1","1266284","1266361","21","8388167"
"JH378137","9680250","9680509","KQ058242v1","595939","596205","70","9084311"
"JH378137","9695857","9696155","KQ055267v1","513773","514088","79","9182084"
"JH378137","9697057","9697349","KQ053421v1","5610673","5610968","86","4086384"
"JH378137","9699942","9700248","KQ053421v1","5610673","5610968","82","4089269"
"JH378137","9901715","9902026","KQ058427v1","7786546","7786853","73","2115169"
"JH378137","9920135","9920396","KQ053421v1","5610673","5610968","92","4309462"
"JH378137","9942091","9942377","KQ053421v1","5610673","5610968","70","4331418"
"JH378137","9975553","9975854","KQ055267v1","513773","514088","85","9461780"
"JH378137","10053556","10053769","KQ052982v1","2032903","2033097","66","8020653"
"JH378137","10100526","10100843","KQ055352v1","6003171","6003466","82","4097355"
"JH378137","10107543","10107706","KQ053398v1","2623748","2623879","65","7483795"
"JH378137","10117568","10117863","KQ053421v1","5610673","5610968","83","4506895"
"JH378137","10210182","10210471","KQ053421v1","5610673","5610968","84","4599509"
"JH378137","10428023","10428324","KQ053421v1","5610673","5610968","79","4817350"
"JH378137","10491380","10491683","KQ053421v1","5610673","5610968","71","4880707"
"JH378137","10522698","10522984","KQ053421v1","5610673","5610968","76","4912025"
"JH378137","10757405","10757691","KQ053421v1","5610673","5610968","87","5146732"
"JH378137","10814180","10814473","KQ053421v1","5610673","5610968","65","5203507"
"JH378137","10828736","10829046","KQ053421v1","5610673","5610968","84","5218063"
"JH378137","10842929","10843216","KQ053421v1","5610673","5610968","79","5232256"
"JH378137","10960099","10960412","KQ055267v1","513773","514088","76","10446326"
"JH378137","11015795","11016094","KQ055267v1","513773","514088","79","10502022"
"JH378137","11097182","11097322","KQ054401v1","3363241","3363379","47","7733941"
"JH378137","11193064","11193370","KQ053421v1","5610673","5610968","76","5582391"
"JH378137","11250461","11250762","KQ053421v1","5610673","5610968","64","5639788"
"JH378137","11320410","11320707","KQ053421v1","5610673","5610968","79","5709737"
"JH378137","11354906","11355220","KQ055267v1","513773","514088","80","10841133"
"JH378137","11364417","11364713","KQ053421v1","5610673","5610968","72","5753744"
"JH378137","11371793","11372101","KQ055352v1","6003171","6003466","69","5368622"
"JH378137","11395378","11395671","KQ053421v1","5610673","5610968","73","5784705"
"JH378137","11496879","11497170","KQ053421v1","5610673","5610968","74","5886206"
"JH378137","11505924","11506203","KQ058339v1","4553625","4553889","78","6952299"
"JH378137","11532524","11532831","KQ053421v1","5610673","5610968","82","5921851"
"JH378137","11547992","11548286","KQ053421v1","5610673","5610968","70","5937319"
"JH378137","11562569","11562875","KQ055267v1","513773","514088","78","11048796"
"JH378137","11571510","11571799","KQ055267v1","513773","514088","98","11057737"
"JH378137","11617539","11617856","KQ058427v1","7786546","7786853","82","3830993"
"JH378137","11674435","11674736","KQ053421v1","5610673","5610968","77","6063762"
"JH378137","11674807","11675086","KQ057186v1","783828","784085","77","10890979"
"JH378137","11814699","11814981","KQ058242v1","595939","596205","78","11218760"
"JH378137","11851543","11851854","KQ055267v1","513773","514088","74","11337770"
"JH378137","11852225","11852543","KQ055267v1","513773","514088","87","11338452"
"JH378137","11893241","11893562","KQ053421v1","5610673","5610968","95","6282568"
"JH378137","12021308","12021618","KQ055267v1","513773","514088","77","11507535"
"JH378137","12054760","12055009","KQ058505v1","2207051","2207301","82","9847709"
"JH378137","12082658","12082970","KQ058394v1","9655127","9655422","86","2427531"
"JH378137","12121070","12121379","KQ055352v1","6003171","6003466","70","6117899"
"JH378137","12158130","12158439","KQ057909v1","9290159","9290423","178","2867971"
"JH378137","12159906","12160196","KQ053421v1","5610673","5610968","77","6549233"
"JH378137","12171953","12172261","KQ058427v1","7786546","7786853","87","4385407"
"JH378137","12212005","12212287","KQ053421v1","5610673","5610968","76","6601332"
"JH378137","12228177","12228402","KQ057186v1","783828","784085","92","11444349"
"JH378137","12243678","12243933","KQ058242v1","595939","596205","72","11647739"
"JH378137","12286406","12286703","KQ053421v1","5610673","5610968","72","6675733"
"JH378137","12296328","12296612","KQ053421v1","5610673","5610968","75","6685655"
"JH378137","12331410","12331730","KQ053421v1","5610673","5610968","89","6720737"
"JH378137","12355046","12355370","KQ055267v1","513773","514088","99","11841273"
"JH378137","12356733","12357035","KQ058427v1","7786546","7786853","83","4570187"
"JH378137","12540492","12540781","KQ055267v1","513773","514088","84","12026719"
"JH378137","12600524","12600835","KQ053421v1","5610673","5610968","97","6989851"
"JH378137","12644447","12644741","KQ053421v1","5610673","5610968","73","7033774"
"JH378137","12661609","12661909","KQ053421v1","5610673","5610968","71","7050936"
"JH378137","12679928","12680239","KQ058427v1","7786546","7786853","71","4893382"
"JH378137","12745591","12745901","KQ055267v1","513773","514088","79","12231818"
"JH378137","12781157","12781245","KQ053998v1","8863","8933","44","12772294"
"JH378137","12860292","12860546","KQ058242v1","595939","596205","76","12264353"
"JH378137","12891867","12892165","KQ053421v1","5610673","5610968","69","7281194"
"JH378137","12953762","12953858","KQ056279v1","759081","759162","37","12194681"
"JH378137","13002828","13003127","KQ053421v1","5610673","5610968","72","7392155"
"JH378137","13044573","13044691","KQ056493v1","2043382","2043488","36","11001191"
"JH378137","13183374","13183649","KQ058242v1","595939","596205","78","12587435"
"JH378137","13190813","13191099","KQ053421v1","5610673","5610968","77","7580140"
"JH378137","13260628","13260882","KQ053234v1","1414405","1414609","88","11846223"
"JH378137","13376269","13376544","KQ053421v1","5610673","5610968","96","7765596"
"JH378137","13428074","13428360","KQ053421v1","5610673","5610968","74","7817401"
"JH378137","13428807","13429097","KQ053421v1","5610673","5610968","85","7818134"
"JH378137","13527709","13528010","KQ055352v1","6003171","6003466","75","7524538"
"JH378137","13584190","13584527","KQ053059v1","2548766","2549102","103","11035424"
"JH378137","13608077","13608368","KQ053421v1","5610673","5610968","88","7997404"
"JH378137","13610022","13610310","KQ053421v1","5610673","5610968","74","7999349"
"JH378137","13657341","13657651","KQ053421v1","5610673","5610968","87","8046668"
"JH378137","13673445","13673756","KQ055352v1","6003171","6003466","77","7670274"
"JH378137","13712433","13712735","KQ053421v1","5610673","5610968","70","8101760"
"JH378137","13719718","13720028","KQ055267v1","513773","514088","74","13205945"
"JH378137","13796937","13797248","KQ053421v1","5610673","5610968","78","8186264"
"JH378137","13844416","13844613","KQ058423v1","270754","270928","63","13573662"
"JH378137","13875888","13876195","KQ055267v1","513773","514088","88","13362115"
"JH378137","13961505","13961667","KQ053398v1","2623748","2623879","70","11337757"
"JH378137","13961826","13961946","KQ054401v1","3363241","3363379","48","10598585"
"JH378137","14228485","14228785","KQ053421v1","5610673","5610968","67","8617812"
"JH378137","14247139","14247448","KQ058427v1","7786546","7786853","77","6460593"
"JH378137","14269155","14269326","KQ058423v1","270754","270928","40","13998401"
"JH378137","14269427","14269574","KQ053398v1","2623748","2623879","45","11645679"
"JH378137","14402688","14402998","KQ055352v1","6003171","6003466","72","8399517"
"JH378137","14665877","14666170","KQ053421v1","5610673","5610968","68","9055204"
"JH378137","14827884","14828194","KQ053421v1","5610673","5610968","74","9217211"
"JH378137","14948957","14949249","KQ053421v1","5610673","5610968","77","9338284"
"JH378137","14961944","14962237","KQ053421v1","5610673","5610968","70","9351271"
"JH378137","14964923","14965218","KQ053421v1","5610673","5610968","76","9354250"
"JH378137","14988690","14988987","KQ053421v1","5610673","5610968","66","9378017"
"JH378137","14996233","14996533","KQ053421v1","5610673","5610968","75","9385560"
"JH378137","15047267","15047568","KQ053421v1","5610673","5610968","83","9436594"
"JH378137","15052791","15053085","KQ053421v1","5610673","5610968","81","9442118"
"JH378137","15079258","15079560","KQ053421v1","5610673","5610968","77","9468585"
"JH378137","15080231","15080539","KQ053421v1","5610673","5610968","72","9469558"
"JH378137","15085628","15085929","KQ053421v1","5610673","5610968","89","9474955"
"JH378137","15113499","15113798","KQ053421v1","5610673","5610968","74","9502826"
"JH378137","15129209","15129511","KQ053421v1","5610673","5610968","69","9518536"
"JH378137","15132454","15132715","KQ058505v1","2207051","2207301","81","12925403"
"JH378137","15144764","15145056","KQ053421v1","5610673","5610968","85","9534091"
"JH378137","15187475","15187759","KQ055862v1","1305285","1305561","75","13882190"
"JH378137","15247617","15247913","KQ053421v1","5610673","5610968","84","9636944"
"JH378137","15259394","15259681","KQ053421v1","5610673","5610968","76","9648721"
"JH378137","15264858","15265155","KQ053421v1","5610673","5610968","72","9654185"
"JH378137","15282839","15282978","KQ058316v1","6194306","6194449","39","9088533"
"JH378137","15283228","15283454","KQ056064v1","326763","326940","88","14956465"
"JH378137","15283461","15283589","KQ053398v1","2623748","2623879","40","12659713"
"JH378137","15293561","15293856","KQ053421v1","5610673","5610968","70","9682888"
"JH378137","15295049","15295290","KQ057901v1","868884","869144","81","14426165"
"JH378137","15337940","15338237","KQ053421v1","5610673","5610968","80","9727267"
"JH378137","15353098","15353289","KQ058423v1","270754","270928","52","15082344"
"JH378137","15365758","15366030","KQ058242v1","595939","596205","72","14769819"
"JH378137","15370566","15370866","KQ055267v1","513773","514088","91","14856793"
"JH378137","15389504","15389798","KQ053421v1","5610673","5610968","90","9778831"
"JH378137","15402498","15402806","KQ055352v1","6003171","6003466","73","9399327"
"JH378137","15404521","15404836","KQ053421v1","5610673","5610968","85","9793848"
"JH378137","15446509","15446794","KQ053421v1","5610673","5610968","81","9835836"
"JH378137","15449030","15449113","KQ056235v1","1266284","1266361","22","14182746"
"JH378137","15502856","15503154","KQ053421v1","5610673","5610968","73","9892183"
"JH378137","15581329","15581631","KQ053421v1","5610673","5610968","74","9970656"
"JH378137","15619220","15619377","KQ058428v1","1396698","1396861","53","14222522"
"JH378137","15629962","15630116","KQ053267v1","1313653","1313811","39","14316309"
"JH378137","15669957","15670247","KQ053421v1","5610673","5610968","72","10059284"
"JH378137","15705403","15705661","KQ058242v1","595939","596205","70","15109464"
"JH378137","15756280","15756573","KQ053421v1","5610673","5610968","77","10145607"
"JH378137","15849151","15849437","KQ053421v1","5610673","5610968","73","10238478"
"JH378137","15875690","15875984","KQ053421v1","5610673","5610968","78","10265017"
"JH378137","15887293","15887527","KQ058242v1","595939","596205","87","15291354"
"JH378137","15892682","15892748","KQ055247v1","3278175","3278224","26","12614507"
"JH378137","15892867","15893071","KQ053234v1","1414405","1414609","53","14478462"
"JH378137","15968158","15968418","KQ057186v1","783828","784085","90","15184330"
"JH378137","15982820","15983081","KQ058640v1","643463","643729","89","15339357"
"JH378137","15985553","15985826","KQ058242v1","595939","596205","87","15389614"
"JH378137","15995138","15995440","KQ053421v1","5610673","5610968","80","10384465"
"JH378137","15996955","15997247","KQ053421v1","5610673","5610968","83","10386282"
"JH378137","16038114","16038348","KQ058242v1","595939","596205","84","15442175"
"JH378137","16135276","16135495","KQ056064v1","326763","326940","81","15808513"
"JH378137","16144360","16144491","KQ053004v1","3064551","3064681","31","13079809"
"JH378137","16189014","16189254","KQ058242v1","595939","596205","69","15593075"
"JH378137","16192190","16192478","KQ058427v1","7786546","7786853","84","8405644"
"JH378137","16303813","16304089","KQ054815v1","2215557","2215844","80","14088256"
"JH378137","16310024","16310272","KQ058242v1","595939","596205","76","15714085"
"JH378137","16355320","16355622","KQ053421v1","5610673","5610968","92","10744647"
"JH378137","16361902","16362206","KQ058427v1","7786546","7786853","80","8575356"
"JH378137","16505388","16505683","KQ053421v1","5610673","5610968","80","10894715"
"JH378137","16510673","16510978","KQ053421v1","5610673","5610968","85","10900000"
"JH378137","16686516","16686750","KQ057186v1","783828","784085","88","15902688"
"JH378137","16712531","16712838","KQ055267v1","513773","514088","72","16198758"
"JH378137","16755984","16756133","KQ052968v1","13665640","13665790","56","3090344"
"JH378137","16821152","16821451","KQ053421v1","5610673","5610968","66","11210479"
"JH378137","16854290","16854436","KQ053398v1","2623748","2623879","42","14230542"
"JH378137","16855932","16856298","KQ058427v1","7786546","7786853","144","9069386"
"JH378137","16858159","16858427","KQ058339v1","4553625","4553889","88","12304534"
"JH378137","16875086","16875347","KQ057186v1","783828","784085","84","16091258"
"JH378137","16877532","16877824","KQ053421v1","5610673","5610968","76","11266859"
"JH378137","16907450","16907745","KQ053421v1","5610673","5610968","77","11296777"
"JH378137","16945377","16945506","KQ053398v1","2623748","2623879","36","14321629"
"JH378137","16947626","16947976","KQ055352v1","6003171","6003466","101","10944455"
"JH378137","16968895","16969204","KQ055267v1","513773","514088","85","16455122"
"JH378137","16972281","16972586","KQ053421v1","5610673","5610968","83","11361608"
"JH378137","16975048","16975220","KQ053531v1","6571","6737","61","16968477"
"JH378137","16975321","16975477","KQ058428v1","1396698","1396861","45","15578623"
"JH378137","16985196","16985496","KQ053421v1","5610673","5610968","70","11374523"
"JH378137","16989285","16989396","KQ055717v1","1610376","1610476","44","15378909"
"JH378137","16991887","16992185","KQ053421v1","5610673","5610968","73","11381214"
"JH378137","16995854","16996131","KQ053785v1","888769","889063","86","16107085"
"JH378137","17010670","17010969","KQ053421v1","5610673","5610968","85","11399997"
"JH378137","17170507","17170783","KQ058427v1","6786866","6787134","85","10383641"
"JH378137","17334427","17334720","KQ053421v1","5610673","5610968","75","11723754"
"JH378137","17423288","17423581","KQ053421v1","5610673","5610968","77","11812615"
"JH378137","17452244","17452542","KQ053421v1","5610673","5610968","68","11841571"
"JH378137","17461734","17462008","KQ053421v1","5610673","5610968","104","11851061"
"JH378137","17584058","17584356","KQ053421v1","5610673","5610968","65","11973385"
"JH378137","17645125","17645422","KQ058427v1","7786546","7786853","82","9858579"
"JH378137","17650295","17650560","KQ053421v1","5610673","5610968","90","12039622"
"JH378137","17661418","17661731","KQ055267v1","513773","514088","90","17147645"
"JH378137","17678660","17678825","KQ057449v1","1214348","1214489","54","16464312"
"JH378137","17712473","17712770","KQ053421v1","5610673","5610968","75","12101800"
"JH378137","17736267","17736546","KQ053421v1","5610673","5610968","96","12125594"
"JH378137","17829133","17829432","KQ053421v1","5610673","5610968","82","12218460"
"JH378137","17851417","17851719","KQ053421v1","5610673","5610968","73","12240744"
"JH378137","17867079","17867374","KQ053421v1","5610673","5610968","74","12256406"
"JH378137","17869186","17869370","KQ056064v1","326763","326940","57","17542423"
"JH378137","17873893","17874105","KQ055662v1","1890465","1890674","62","15983428"
"JH378137","17886634","17886911","KQ053421v1","5610673","5610968","94","12275961"
"JH378137","17917849","17917986","KQ056911v1","1421731","1421862","37","16496118"
"JH378137","17929683","17929972","KQ055862v1","1305285","1305561","87","16624398"
"JH378137","17943913","17944192","KQ058640v1","643463","643729","85","17300450"
"JH378137","17979761","17980059","KQ053421v1","5610673","5610968","75","12369088"
"JH378137","17986672","17986789","KQ056493v1","2043382","2043488","36","15943290"
"JH378137","18133086","18133401","KQ053421v1","5610673","5610968","98","12522413"
"JH378137","18263028","18263329","KQ053421v1","5610673","5610968","71","12652355"
"JH378137","18301164","18301463","KQ053421v1","5610673","5610968","71","12690491"
"JH378137","18341555","18341827","KQ058640v1","643463","643729","86","17698092"
"JH378137","18613146","18613450","KQ055352v1","6003171","6003466","70","12609975"
"JH378137","18650622","18650747","KQ053398v1","2623748","2623879","39","16026874"
"JH378137","18657114","18657421","KQ055352v1","6003171","6003466","73","12653943"
"JH378137","18734728","18735037","KQ055352v1","6003171","6003466","73","12731557"
"JH378137","18746898","18747188","KQ053421v1","5610673","5610968","75","13136225"
"JH378137","18750983","18751272","KQ058427v1","7786546","7786853","83","10964437"
"JH378137","18858174","18858398","KQ057186v1","783828","784085","93","18074346"
"JH378137","18873879","18874174","KQ053421v1","5610673","5610968","86","13263206"
"JH378137","18912988","18913185","KQ053531v1","6571","6737","91","18906417"
"JH378137","18919618","18919930","KQ053421v1","5610673","5610968","76","13308945"
"JH378137","19028940","19029217","KQ053421v1","5610673","5610968","92","13418267"
"JH378137","19272824","19273127","KQ055267v1","513773","514088","71","18759051"
"JH378137","19581309","19581438","KQ053398v1","2627781","2627909","39","16953528"
"JH378137","19582742","19582912","KQ057204v1","2930576","2930741","44","16652166"
"JH378137","19598158","19598465","KQ058427v1","7786546","7786853","74","11811612"
"JH378137","19641666","19641956","KQ053421v1","5610673","5610968","86","14030993"
"JH378137","19657905","19658028","KQ053398v1","2623748","2623879","35","17034157"
"JH378137","19658509","19658661","KQ053267v1","1313653","1313811","41","18344856"
"JH378137","19704802","19705095","KQ053421v1","5610673","5610968","77","14094129"
"JH378137","19717617","19717928","KQ053421v1","5610673","5610968","76","14106944"
"JH378137","19785655","19785918","KQ058242v1","595939","596205","70","19189716"
"JH378137","19789178","19789310","KQ054401v1","3363241","3363379","32","16425937"
"JH378137","19835515","19835807","KQ053421v1","5610673","5610968","79","14224842"
"JH378137","19844948","19845259","KQ053421v1","5610673","5610968","72","14234275"
"JH378137","19875251","19875464","KQ058594v1","5950443","5950621","87","13924808"
"JH378137","19912377","19912526","KQ058638v1","1837830","1837985","40","18074547"
"JH378137","19925331","19925635","KQ053421v1","5610673","5610968","74","14314658"
"JH378137","19933597","19933900","KQ053421v1","5610673","5610968","87","14322924"
"JH378137","19934946","19935257","KQ053421v1","5610673","5610968","76","14324273"
"JH378137","20075767","20076075","KQ053421v1","5610673","5610968","86","14465094"
"JH378137","20138274","20138566","KQ053421v1","5610673","5610968","82","14527601"
"JH378137","20140258","20140521","KQ058242v1","595939","596205","73","19544319"
"JH378137","20184525","20184834","KQ055267v1","513773","514088","72","19670752"
"JH378137","20211996","20212307","KQ055267v1","513773","514088","74","19698223"
"JH378137","20224308","20224601","KQ053421v1","5610673","5610968","69","14613635"
"JH378137","20338858","20339013","KQ057204v1","2930576","2930741","41","17408282"
"JH378137","20419123","20419422","KQ053421v1","5610673","5610968","79","14808450"
"JH378137","20428507","20428810","KQ053421v1","5610673","5610968","73","14817834"
"JH378137","20430115","20430273","KQ054510v1","7582269","7582431","49","12847846"
"JH378137","20432437","20432716","KQ058640v1","643463","643729","83","19788974"
"JH378137","20436822","20437130","KQ053421v1","5610673","5610968","88","14826149"
"JH378137","20443499","20443797","KQ053421v1","5610673","5610968","81","14832826"
"JH378137","20444868","20445175","KQ055352v1","6003171","6003466","71","14441697"
"JH378137","20476423","20476556","KQ054401v1","3363241","3363379","65","17113182"
"JH378137","20477532","20477644","KQ054199v1","6267","6355","59","20471265"
"JH378137","20485368","20485636","KQ053785v1","888769","889063","85","19596599"
"JH378137","20492742","20493047","KQ055352v1","6003171","6003466","80","14489571"
"JH378137","20540910","20541133","KQ055662v1","1890465","1890674","62","18650445"
"JH378137","20560911","20561216","KQ053421v1","5610673","5610968","79","14950238"
"JH378137","20644986","20645251","KQ057901v1","868884","869144","80","19776102"
"JH378137","20686455","20686770","KQ058427v1","7786546","7786853","82","12899909"
"JH378137","20735152","20735447","KQ053421v1","5610673","5610968","85","15124479"
"JH378137","20768472","20768751","KQ055862v1","1305285","1305561","81","19463187"
"JH378137","20784899","20785017","KQ053398v1","2623748","2623879","40","18161151"
"JH378137","20795355","20795674","KQ053135v1","5034940","5035266","94","15760415"
"JH378137","20838050","20838236","KQ053234v1","1679581","1679757","63","19158469"
"JH378137","20892968","20893164","KQ053234v1","1679581","1679757","65","19213387"
"JH378137","20914367","20914636","KQ058242v1","595939","596205","63","20318428"
"JH378137","20952378","20952673","KQ053421v1","5610673","5610968","78","15341705"
"JH378137","21012930","21013240","KQ053421v1","5610673","5610968","76","15402257"
"JH378137","21054836","21054989","KQ057821v1","3059321","3059481","43","17995515"
"JH378137","21055632","21055800","KQ053993v1","1251070","1251235","42","19804562"
"JH378137","21069258","21069321","KQ058561v1","4800360","4800424","20","16268898"
"JH378137","21069594","21069633","KQ053827v1","2325611","2325650","16","18743983"
"JH378137","21069675","21069804","KQ054401v1","3363241","3363379","44","17706434"
"JH378138","219670","219968","KQ053421v1","5610673","5610968","77","5391003"
"JH378138","237157","237466","KQ055352v1","6003171","6003466","78","5766014"
"JH378138","256387","256691","KQ058427v1","7786546","7786853","82","7530159"
"JH378138","309944","310248","KQ055352v1","6003171","6003466","70","5693227"
"JH378138","340735","341036","KQ053059v1","2548766","2549102","99","2208031"
"JH378138","344944","345251","KQ055352v1","6003171","6003466","67","5658227"
"JH378138","552590","552882","KQ053421v1","5610673","5610968","75","5058083"
"JH378138","604762","605077","KQ055267v1","513773","514088","76","90989"
"JH378138","672148","672406","KQ058509v1","24058","24271","83","648090"
"JH378138","726913","727221","KQ055267v1","513773","514088","79","213140"
"JH378138","934578","934889","KQ055352v1","6003171","6003466","76","5068593"
"JH378138","1043093","1043393","KQ053421v1","5610673","5610968","66","4567580"
"JH378138","1043440","1043735","KQ053421v1","5610673","5610968","87","4567233"
"JH378138","1149937","1150230","KQ053421v1","5610673","5610968","80","4460736"
"JH378138","1252526","1252821","KQ053421v1","5610673","5610968","67","4358147"
"JH378138","1307497","1307778","KQ055352v1","6003171","6003466","88","4695674"
"JH378138","1334243","1334531","KQ058427v1","7786546","7786853","100","6452303"
"JH378138","1377411","1377555","KQ057161v1","453350","453459","49","924061"
"JH378138","1405132","1405291","KQ058428v1","1396698","1396861","50","8434"
"JH378138","1405803","1405925","KQ053398v1","2623748","2623879","41","1217945"
"JH378138","1407629","1407915","KQ054815v1","2215557","2215844","81","807928"
"JH378138","1484700","1485010","KQ058427v1","7786546","7786853","75","6301846"
"JH378138","1531930","1532225","KQ053421v1","5610673","5610968","88","4078743"
"JH378138","1541588","1541623","KQ056493v1","4309626","4309648","17","2768038"
"JH378138","1579730","1580032","KQ053421v1","5610673","5610968","74","4030943"
"JH378138","1595960","1596258","KQ053421v1","5610673","5610968","77","4014713"
"JH378138","1719976","1720271","KQ053421v1","5610673","5610968","75","3890697"
"JH378138","1805801","1806082","KQ057186v1","783828","784085","83","1021973"
"JH378138","1816279","1816457","KQ055978v1","4311984","4312161","44","2495705"
"JH378138","1928598","1928860","KQ058242v1","595939","596205","69","1332659"
"JH378138","2019904","2020177","KQ057186v1","783828","784085","76","1236076"
"JH378138","2035782","2036088","KQ053421v1","5610673","5610968","86","3574891"
"JH378138","2062583","2062886","KQ058427v1","7786546","7786853","73","5723963"
"JH378138","2263449","2263747","KQ053421v1","5610673","5610968","69","3347224"
"JH378138","2397386","2397672","KQ053421v1","5610673","5610968","87","3213287"
"JH378138","2545697","2545854","KQ058428v1","1396698","1396861","50","1148999"
"JH378138","2669652","2669923","KQ058394v1","9655127","9655422","84","6985475"
"JH378138","2672482","2672792","KQ055352v1","6003171","6003466","74","3330689"
"JH378138","2730102","2730412","KQ053421v1","5610673","5610968","89","2880571"
"JH378138","2741616","2741918","KQ053421v1","5610673","5610968","74","2869057"
"JH378138","2761514","2761825","KQ055352v1","6003171","6003466","72","3241657"
"JH378138","2763167","2763477","KQ055267v1","513773","514088","74","2249394"
"JH378138","2812001","2812309","KQ055267v1","513773","514088","71","2298228"
"JH378138","2818485","2818764","KQ053421v1","5610673","5610968","82","2792188"
"JH378138","2823027","2823323","KQ053421v1","5610673","5610968","80","2787646"
"JH378138","2879720","2880012","KQ053421v1","5610673","5610968","76","2730953"
"JH378138","2883104","2883339","KQ058242v1","595939","596205","80","2287165"
"JH378138","2917893","2918058","KQ054510v1","7582269","7582431","39","4664376"
"JH378138","2963350","2963644","KQ055267v1","513773","514088","92","2449577"
"JH378138","2967180","2967482","KQ053421v1","5610673","5610968","70","2643493"
"JH378138","2976475","2976680","KQ053234v1","1679581","1679757","71","1296894"
"JH378138","3002657","3002882","KQ058242v1","595939","596205","100","2406718"
"JH378138","3020969","3021170","KQ053752v1","8015097","8015288","61","4994128"
"JH378138","3082193","3082317","KQ053398v1","2623748","2623879","42","458445"
"JH378138","3230118","3230427","KQ058427v1","7786546","7786853","82","4556428"
"JH378138","3287582","3287893","KQ055352v1","6003171","6003466","73","2715589"
"JH378138","3288344","3288652","KQ055267v1","513773","514088","77","2774571"
"JH378138","3327026","3327295","KQ057901v1","868884","869144","90","2458142"
"JH378138","3348444","3348745","KQ053421v1","5610673","5610968","70","2262229"
"JH378138","3348889","3349189","KQ053421v1","5610673","5610968","90","2261784"
"JH378138","3415972","3416273","KQ053421v1","5610673","5610968","175","2194701"
"JH378138","3510473","3510782","KQ053421v1","5610673","5610968","92","2100200"
"JH378138","3576384","3576678","KQ053421v1","5610673","5610968","80","2034289"
"JH378138","3876852","3877157","KQ055352v1","6003171","6003466","71","2126319"
"JH378138","3950433","3950739","KQ055352v1","6003171","6003466","91","2052738"
"JH378138","4049061","4049307","KQ058640v1","643463","643729","80","3405598"
"JH378138","4270643","4270954","KQ055267v1","513773","514088","71","3756870"
"JH378138","4395067","4395375","KQ053421v1","5610673","5610968","75","1215606"
"JH378138","4499410","4499474","KQ058316v1","2226037","2226104","30","2273373"
"JH378138","4930970","4931281","KQ055352v1","6003171","6003466","73","1072201"
"JH378138","4976832","4977143","KQ055267v1","513773","514088","72","4463059"
"JH378138","5028337","5028632","KQ053421v1","5610673","5610968","75","582336"
"JH378138","5047365","5047465","KQ056235v1","1266284","1266361","39","3781081"
"JH378138","5078692","5079000","KQ055267v1","513773","514088","80","4564919"
"JH378138","5121744","5122048","KQ053421v1","5610673","5610968","72","488929"
"JH378138","5126427","5126727","KQ053421v1","5610673","5610968","68","484246"
"JH378138","5240176","5240487","KQ055352v1","6003171","6003466","70","762995"
"JH378138","5280407","5280517","KQ056493v1","2043382","2043488","27","3237025"
"JH378138","5285680","5285937","KQ053883v1","6938067","6938331","87","1652387"
"JH378138","5294794","5294924","KQ053398v1","2627781","2627909","33","2667013"
"JH378138","5336413","5336722","KQ055352v1","6003171","6003466","72","666758"
"JH378138","5341979","5342274","KQ053421v1","5610673","5610968","70","268694"
"JH378138","5348106","5348220","KQ053398v1","2623748","2623879","43","2724358"
"JH378138","5351951","5352253","KQ053421v1","5610673","5610968","79","258722"
"JH378138","5426645","5426960","KQ058427v1","7786546","7786853","80","2359901"
"JH378138","5450027","5450322","KQ053421v1","5610673","5610968","77","160646"
"JH378138","5462672","5462960","KQ055352v1","6003171","6003466","89","540499"
"JH378138","5476249","5476506","KQ058242v1","595939","596205","74","4880310"
"JH378138","5534303","5534551","KQ054068v1","3638075","3638299","77","1896228"
"JH378138","5546516","5546808","KQ053421v1","5610673","5610968","73","64157"
"JH378138","5576058","5576346","KQ053421v1","5610673","5610968","73","34615"
"JH378138","5601581","5601889","KQ055267v1","513773","514088","73","5087808"
"JH378138","5609216","5609522","KQ055267v1","513773","514088","71","5095443"
"JH378138","5643604","5643901","KQ053421v1","5610673","5610968","70","32931"
"JH378138","5674770","5675086","KQ055267v1","513773","514088","75","5160997"
"JH378138","5675152","5675453","KQ053421v1","5610673","5610968","72","64479"
"JH378138","5695018","5695318","KQ053421v1","5610673","5610968","72","84345"
"JH378138","5696915","5697220","KQ055267v1","513773","514088","74","5183142"
"JH378138","5701265","5701406","KQ053398v1","2623748","2623879","44","3077517"
"JH378138","5707335","5707640","KQ053421v1","5610673","5610968","71","96662"
"JH378138","5716061","5716370","KQ055267v1","513773","514088","70","5202288"
"JH378138","5748808","5749119","KQ055352v1","6003171","6003466","72","254363"
"JH378138","5759373","5759667","KQ053421v1","5610673","5610968","78","148700"
"JH378138","5768088","5768384","KQ053421v1","5610673","5610968","74","157415"
"JH378138","5770890","5771200","KQ055267v1","513773","514088","74","5257117"
"JH378138","5801250","5801442","KQ058274v1","300327","300497","53","5500923"
"JH378138","5801543","5801636","KQ058316v1","2226037","2226104","40","3575506"
"JH378138","5807048","5807230","KQ054510v1","7582269","7582431","49","1775221"
"JH378138","5840138","5840442","KQ055352v1","6003171","6003466","67","163033"
"JH378138","5843939","5844242","KQ053421v1","5610673","5610968","72","233266"
"JH378138","5866260","5866566","KQ055267v1","513773","514088","66","5352487"
"JH378138","5886773","5887079","KQ058427v1","7786546","7786853","86","1899773"
"JH378138","5901086","5901218","KQ053398v1","2623748","2623879","40","3277338"
"JH378138","5923344","5923646","KQ053421v1","5610673","5610968","70","312671"
"JH378138","5931141","5931440","KQ053421v1","5610673","5610968","70","320468"
"JH378138","5934027","5934328","KQ053421v1","5610673","5610968","68","323354"
"JH378138","5944013","5944312","KQ053421v1","5610673","5610968","69","333340"
"JH378138","5966078","5966381","KQ053421v1","5610673","5610968","79","355405"
"JH378138","5983755","5984064","KQ055267v1","513773","514088","69","5469982"
"JH378138","6009686","6009988","KQ053421v1","5610673","5610968","67","399013"
"JH378138","6017497","6017795","KQ053421v1","5610673","5610968","68","406824"
"JH378138","6029349","6029647","KQ053421v1","5610673","5610968","78","418676"
"JH378138","6051980","6052280","KQ053421v1","5610673","5610968","90","441307"
"JH378138","6081552","6081862","KQ055267v1","513773","514088","73","5567779"
"JH378138","6162542","6162817","KQ057901v1","868884","869144","96","5293658"
"JH378138","6284963","6285274","KQ055352v1","6003171","6003466","75","281792"
"JH378138","6337124","6337429","KQ053421v1","5610673","5610968","75","726451"
"JH378138","6478751","6479057","KQ053421v1","5610673","5610968","73","868078"
"JH378138","6495731","6496024","KQ053421v1","5610673","5610968","77","885058"
"JH378138","6499550","6499847","KQ053421v1","5610673","5610968","69","888877"
"JH378138","6549091","6549401","KQ058427v1","7786546","7786853","75","1237455"
"JH378138","6613598","6613904","KQ055352v1","6003171","6003466","71","610427"
"JH378138","6763396","6763690","KQ053421v1","5610673","5610968","77","1152723"
"JH378138","6771927","6772167","KQ058242v1","595939","596205","81","6175988"
"JH378138","6772268","6772353","KQ056493v1","2043382","2043488","44","4728886"
"JH378138","6801326","6801521","KQ053234v1","1679581","1679757","56","5121745"
"JH378138","6812328","6812634","KQ053421v1","5610673","5610968","72","1201655"
"JH378138","6814134","6814426","KQ053421v1","5610673","5610968","81","1203461"
"JH378138","6853508","6853801","KQ053421v1","5610673","5610968","69","1242835"
"JH378138","6897773","6898065","KQ053421v1","5610673","5610968","75","1287100"
"JH378138","6898723","6899008","KQ053421v1","5610673","5610968","78","1288050"
"JH378138","6917650","6917904","KQ058505v1","2207051","2207301","77","4710599"
"JH378138","6947990","6948181","KQ058350v1","9514178","9514352","54","2566188"
"JH378138","7180511","7180808","KQ053421v1","5610673","5610968","85","1569838"
"JH378138","7325662","7325954","KQ053421v1","5610673","5610968","69","1714989"
"JH378138","7343583","7343881","KQ055352v1","6003171","6003466","81","1340412"
"JH378138","7461513","7461832","KQ055267v1","513773","514088","82","6947740"
"JH378138","7494603","7494911","KQ053421v1","5610673","5610968","74","1883930"
"JH378138","7557004","7557302","KQ053421v1","5610673","5610968","88","1946331"
"JH378138","7660749","7661043","KQ053421v1","5610673","5610968","68","2050076"
"JH378138","7694396","7694695","KQ053421v1","5610673","5610968","69","2083723"
"JH378138","7825418","7825624","KQ055140v1","659740","659924","59","7165678"
"JH378138","8030940","8031246","KQ058427v1","7786546","7786853","82","244394"
"JH378138","8216755","8217058","KQ053421v1","5610673","5610968","70","2606082"
"JH378138","8278474","8278778","KQ053421v1","5610673","5610968","71","2667801"
"JH378138","8357481","8357784","KQ053421v1","5610673","5610968","70","2746808"
"JH378138","8666579","8666890","KQ055267v1","513773","514088","71","8152806"
"JH378138","9041179","9041476","KQ053421v1","5610673","5610968","72","3430506"
"JH378138","9111635","9111750","KQ053398v1","2623748","2623879","46","6487887"
"JH378138","9111754","9111906","KQ053267v1","1313653","1313811","38","7798101"
"JH378138","9118456","9118728","KQ053421v1","5610673","5610968","88","3507783"
"JH378138","9147429","9147729","KQ058427v1","7786546","7786853","81","1360883"
"JH378138","9373860","9374166","KQ058427v1","7786546","7786853","78","1587314"
"JH378138","9440201","9440517","KQ055267v1","513773","514088","84","8926428"
"JH378138","9475371","9475690","KQ055267v1","513773","514088","81","8961598"
"JH378138","9516571","9516880","KQ055267v1","513773","514088","76","9002798"
"JH378138","9537568","9537888","KQ055267v1","513773","514088","81","9023795"
"JH378138","9570708","9571029","KQ058427v1","7786546","7786853","85","1784162"
"JH378138","9598957","9599260","KQ053421v1","5610673","5610968","71","3988284"
"JH378138","9629945","9630220","KQ058339v1","4553625","4553889","99","5076320"
"JH378138","9844153","9844445","KQ053421v1","5610673","5610968","71","4233480"
"JH378138","9881812","9882123","KQ053421v1","5610673","5610968","73","4271139"
"JH378138","9966375","9966504","KQ053398v1","2627781","2627909","32","7338594"
"JH378138","9998664","9998931","KQ058242v1","595939","596205","77","9402725"
"JH378138","10017951","10018264","KQ055267v1","513773","514088","75","9504178"
"JH378138","10112566","10112833","KQ058242v1","595939","596205","75","9516627"
"JH378138","10189877","10190172","KQ053421v1","5610673","5610968","73","4579204"
"JH378138","10255919","10256222","KQ053421v1","5610673","5610968","70","4645246"
"JH378138","10294768","10295066","KQ053421v1","5610673","5610968","77","4684095"
"JH378138","10735454","10735762","KQ058427v1","7786546","7786853","97","2948908"
"JH378138","11027360","11027672","KQ053421v1","5610673","5610968","80","5416687"
"JH378138","11197569","11197856","KQ053421v1","5610673","5610968","76","5586896"
"JH378138","11489448","11489758","KQ053421v1","5610673","5610968","155","5878775"
"JH378138","11710382","11710706","KQ055267v1","513773","514088","87","11196609"
"JH378138","11795142","11795442","KQ053421v1","5610673","5610968","69","6184469"
"JH378138","11805147","11805432","KQ053421v1","5610673","5610968","75","6194474"
"JH378138","11829321","11829633","KQ055352v1","6003171","6003466","75","5826150"
"JH378138","11856140","11856444","KQ053421v1","5610673","5610968","71","6245467"
"JH378138","12107402","12107695","KQ053421v1","5610673","5610968","77","6496729"
"JH378138","12110224","12110519","KQ053421v1","5610673","5610968","67","6499551"
"JH378138","12134609","12134895","KQ053421v1","5610673","5610968","85","6523936"
"JH378138","12156281","12156583","KQ055862v1","1305285","1305561","87","10850996"
"JH378138","12218554","12218844","KQ053421v1","5610673","5610968","75","6607881"
"JH378138","12283934","12284222","KQ053421v1","5610673","5610968","84","6673261"
"JH378138","12285959","12286247","KQ053421v1","5610673","5610968","69","6675286"
"JH378138","12303967","12304276","KQ055267v1","513773","514088","65","11790194"
"JH378138","12305620","12305898","KQ058242v1","595939","596205","74","11709681"
"JH378138","12335488","12335779","KQ053421v1","5610673","5610968","94","6724815"
"JH378138","12368961","12369144","KQ057449v1","1214348","1214489","63","11154613"
"JH378138","12411151","12411447","KQ053421v1","5610673","5610968","69","6800478"
"JH378138","12593957","12594251","KQ053421v1","5610673","5610968","76","6983284"
"JH378138","12747788","12748096","KQ058427v1","7786546","7786853","74","4961242"
"JH378138","12790078","12790380","KQ053421v1","5610673","5610968","80","7179405"
"JH378138","12937798","12938105","KQ055267v1","513773","514088","73","12424025"
"JH378138","12958639","12958947","KQ058427v1","7786546","7786853","82","5172093"
"JH378138","13024343","13024635","KQ058242v1","595939","596205","81","12428404"
"JH378138","13284352","13284654","KQ055267v1","513773","514088","77","12770579"
"JH378138","13327931","13328224","KQ053421v1","5610673","5610968","72","7717258"
"JH378138","13360695","13360990","KQ053421v1","5610673","5610968","72","7750022"
"JH378138","13416553","13416840","KQ058242v1","595939","596205","82","12820614"
"JH378138","13474537","13474864","KQ058427v1","7786546","7786853","100","5687991"
"JH378138","13578080","13578371","KQ055862v1","1305285","1305561","81","12272795"
"JH378138","13628794","13629095","KQ053421v1","5610673","5610968","71","8018121"
"JH378138","13743469","13743711","KQ058505v1","2207051","2207301","78","11536418"
"JH378138","13968722","13969025","KQ053421v1","5610673","5610968","79","8358049"
"JH378138","14217566","14217867","KQ053421v1","5610673","5610968","70","8606893"
"JH378138","14243490","14243793","KQ055352v1","6003171","6003466","69","8240319"
"JH378138","14264916","14265221","KQ055267v1","513773","514088","73","13751143"
"JH378138","14315726","14316041","KQ055267v1","513773","514088","76","13801953"
"JH378138","14327979","14328282","KQ053421v1","5610673","5610968","67","8717306"
"JH378138","14366998","14367165","KQ053993v1","1251070","1251235","48","13115928"
"JH378138","14380129","14380319","KQ054510v1","9361519","9361683","67","5018610"
"JH378138","14381654","14381965","KQ055352v1","6003171","6003466","75","8378483"
"JH378138","14482150","14482448","KQ053421v1","5610673","5610968","70","8871477"
"JH378138","14608866","14609167","KQ055862v1","1305285","1305561","84","13303581"
"JH378138","14985384","14985582","KQ058274v1","300327","300497","60","14685057"
"JH378138","14985684","14985802","KQ056493v1","2043382","2043488","55","12942302"
"JH378138","14995123","14995432","KQ055267v1","513773","514088","66","14481350"
"JH378138","15013539","15013849","KQ053421v1","5610673","5610968","79","9402866"
"JH378138","15027032","15027332","KQ053421v1","5610673","5610968","72","9416359"
"JH378138","15056542","15056843","KQ053421v1","5610673","5610968","74","9445869"
"JH378138","15063527","15063745","KQ056064v1","326763","326940","83","14736764"
"JH378138","15066216","15066524","KQ055267v1","513773","514088","69","14552443"
"JH378138","15068792","15069097","KQ055267v1","513773","514088","75","14555019"
"JH378138","15097888","15098184","KQ053421v1","5610673","5610968","84","9487215"
"JH378138","15142463","15142755","KQ053421v1","5610673","5610968","73","9531790"
"JH378138","15177736","15178035","KQ053421v1","5610673","5610968","72","9567063"
"JH378138","15214240","15214538","KQ053421v1","5610673","5610968","83","9603567"
"JH378138","15281463","15281755","KQ053421v1","5610673","5610968","71","9670790"
"JH378138","15405397","15405701","KQ055352v1","6003171","6003466","70","9402226"
"JH378138","15769698","15770001","KQ055352v1","6003171","6003466","70","9766527"
"JH378138","15793124","15793314","KQ054179v1","3404435","3404595","57","12388689"
"JH378138","15806628","15806930","KQ053421v1","5610673","5610968","88","10195955"
"JH378138","15913750","15914046","KQ053421v1","5610673","5610968","70","10303077"
"JH378138","15948191","15948498","KQ053421v1","5610673","5610968","79","10337518"
"JH378138","15970627","15970900","KQ053421v1","5610673","5610968","83","10359954"
"JH378138","15975578","15975832","KQ058505v1","2207051","2207301","79","13768527"
"JH378138","16007472","16007771","KQ053421v1","5610673","5610968","77","10396799"
"JH378138","16016253","16016528","KQ058339v1","4553625","4553889","79","11462628"
"JH378138","16036927","16037229","KQ053421v1","5610673","5610968","72","10426254"
"JH378138","16063967","16064227","KQ058505v1","2207051","2207301","88","13856916"
"JH378138","16076431","16076551","KQ053398v1","2623748","2623879","40","13452683"
"JH378138","16124738","16125027","KQ053421v1","5610673","5610968","77","10514065"
"JH378138","16128911","16129207","KQ053421v1","5610673","5610968","70","10518238"
"JH378138","16137699","16138013","KQ058427v1","7786546","7786853","77","8351153"
"JH378138","16165419","16165718","KQ053421v1","5610673","5610968","75","10554746"
"JH378138","16175436","16175744","KQ055352v1","6003171","6003466","73","10172265"
"JH378138","16182000","16182301","KQ053421v1","5610673","5610968","80","10571327"
"JH378138","16199113","16199405","KQ053421v1","5610673","5610968","82","10588440"
"JH378138","16269308","16269618","KQ058427v1","7786546","7786853","82","8482762"
"JH378138","16498317","16498614","KQ053421v1","5610673","5610968","74","10887644"
"JH378138","16532545","16532847","KQ053421v1","5610673","5610968","71","10921872"
"JH378138","16540726","16540904","KQ058423v1","270754","270928","40","16269972"
"JH378138","16562939","16563233","KQ053421v1","5610673","5610968","72","10952266"
"JH378138","16572141","16572453","KQ053421v1","5610673","5610968","84","10961468"
"JH378138","16573658","16573954","KQ053421v1","5610673","5610968","69","10962985"
"JH378138","16600330","16600638","KQ055352v1","6003171","6003466","70","10597159"
"JH378138","16719206","16719510","KQ053421v1","5610673","5610968","77","11108533"
"JH378138","16775702","16776011","KQ055267v1","513773","514088","74","16261929"
"JH378138","16845242","16845548","KQ055352v1","6003171","6003466","70","10842071"
"JH378138","16848952","16849215","KQ058242v1","595939","596205","69","16253013"
"JH378138","16852879","16853178","KQ053421v1","5610673","5610968","73","11242206"
"JH378138","16876946","16877119","KQ053531v1","6571","6737","62","16870375"
"JH378138","16877220","16877449","KQ055662v1","1890465","1890674","71","14986755"
"JH378138","16889859","16890170","KQ055352v1","6003171","6003466","70","10886688"
"JH378138","16917621","16917926","KQ053421v1","5610673","5610968","71","11306948"
"JH378138","16993121","16993432","KQ055352v1","6003171","6003466","70","10989950"
"JH378138","16995074","16995378","KQ055352v1","6003171","6003466","75","10991903"
"JH378138","17049289","17049600","KQ055352v1","6003171","6003466","77","11046118"
"JH378138","17086001","17086316","KQ058427v1","7786546","7786853","81","9299455"
"JH378138","17109945","17110243","KQ053421v1","5610673","5610968","77","11499272"
"JH378138","17136599","17136909","KQ055267v1","513773","514088","76","16622826"
"JH378138","17158070","17158372","KQ053421v1","5610673","5610968","77","11547397"
"JH378138","17163145","17163464","KQ055267v1","513773","514088","95","16649372"
"JH378138","17187446","17187742","KQ053421v1","5610673","5610968","71","11576773"
"JH378138","17255994","17256298","KQ055352v1","6003171","6003466","71","11252823"
"JH378138","17393477","17393803","KQ058427v1","7786546","7786853","103","9606931"
"JH378138","17414626","17414926","KQ053421v1","5610673","5610968","72","11803953"
"JH378138","17483480","17483788","KQ055352v1","6003171","6003466","73","11480309"
"JH378138","17670403","17670701","KQ053421v1","5610673","5610968","73","12059730"
"JH378138","17863835","17864091","KQ053785v1","888769","889063","102","16975066"
"JH378138","17978022","17978324","KQ053421v1","5610673","5610968","73","12367349"
"JH378138","17995875","17996135","KQ057186v1","783828","784085","87","17212047"
"JH378138","18001447","18001744","KQ053421v1","5610673","5610968","71","12390774"
"JH378138","18015782","18016076","KQ053421v1","5610673","5610968","77","12405109"
"JH378138","18082679","18082998","KQ053421v1","5610673","5610968","94","12472006"
"JH378138","18197256","18197541","KQ053421v1","5610673","5610968","74","12586583"
"JH378138","18333361","18333660","KQ055830v1","661716","661986","105","17671645"
"JH378138","18425139","18425429","KQ053421v1","5610673","5610968","90","12814466"
"JH378138","18482549","18482848","KQ053421v1","5610673","5610968","82","12871876"
"JH378138","18486821","18487085","KQ053883v1","6938067","6938331","87","11548754"
"JH378138","18589764","18590060","KQ053421v1","5610673","5610968","70","12979091"
"JH378138","18773710","18774005","KQ053421v1","5610673","5610968","72","13163037"
"JH378138","19070726","19070973","KQ057901v1","868884","869144","90","18201842"
"JH378138","19212413","19212723","KQ055352v1","6003171","6003466","69","13209242"
"JH378138","19335359","19335650","KQ053421v1","5610673","5610968","83","13724686"
"JH378138","19361776","19362071","KQ053421v1","5610673","5610968","61","13751103"
"JH378138","19490584","19490886","KQ058427v1","7786546","7786853","78","11704038"
"JH378138","19604427","19604737","KQ055352v1","6003171","6003466","73","13601256"
"JH378138","19615926","19616149","KQ058274v1","300327","300497","84","19315599"
"JH378138","19723928","19724236","KQ055352v1","6003171","6003466","80","13720757"
"JH378138","19876349","19876728","KQ053135v1","5034940","5035266","128","14841409"
"JH378138","19897016","19897300","KQ053421v1","5610673","5610968","85","14286343"
"JH378138","19907152","19907459","KQ055267v1","513773","514088","78","19393379"
"JH378138","19910753","19911052","KQ053421v1","5610673","5610968","83","14300080"
"JH378138","19992342","19992640","KQ058427v1","7786546","7786853","83","12205796"
"JH378138","19993245","19993509","KQ055830v1","661716","661986","92","19331529"
"JH378138","20028099","20028400","KQ053421v1","5610673","5610968","67","14417426"
"JH378138","20041143","20041442","KQ053421v1","5610673","5610968","91","14430470"
"JH378138","20041618","20041913","KQ053421v1","5610673","5610968","72","14430945"
"JH378138","20074920","20075226","KQ055352v1","6003171","6003466","71","14071749"
"JH378138","20076224","20076530","KQ055267v1","513773","514088","85","19562451"
"JH378138","20113745","20114044","KQ055862v1","1305285","1305561","82","18808460"
"JH378138","20117246","20117553","KQ055352v1","6003171","6003466","67","14114075"
"JH378138","20128236","20128518","KQ054815v1","2215557","2215844","81","17912679"
"JH378138","20177800","20178087","KQ058339v1","4553625","4553889","77","15624175"
"JH378138","20189279","20189588","KQ055352v1","6003171","6003466","69","14186108"
"JH378138","20200902","20201143","KQ058509v1","24058","24271","75","20176844"
"JH378138","20205184","20205492","KQ058427v1","7786546","7786853","78","12418638"
"JH378138","20212510","20212811","KQ053421v1","5610673","5610968","76","14601837"
"JH378138","20215275","20215577","KQ053421v1","5610673","5610968","76","14604602"
"JH378138","20225432","20225736","KQ055267v1","513773","514088","78","19711659"
"JH378138","20237492","20237796","KQ053421v1","5610673","5610968","70","14626819"
"JH378138","20320968","20321263","KQ053421v1","5610673","5610968","74","14710295"
"JH378138","20333830","20334139","KQ055352v1","6003171","6003466","72","14330659"
"JH378138","20369516","20369819","KQ053421v1","5610673","5610968","77","14758843"
"JH378138","20371009","20371240","KQ058509v1","24058","24271","78","20346951"
"JH378138","20407423","20407732","KQ055352v1","6003171","6003466","71","14404252"
"JH378138","20444689","20444988","KQ053421v1","5610673","5610968","71","14834016"
"JH378138","20472985","20473287","KQ053421v1","5610673","5610968","72","14862312"
"JH378138","20607107","20607420","KQ055267v1","513773","514088","78","20093334"
"JH378138","20621901","20622195","KQ053421v1","5610673","5610968","69","15011228"
"JH378138","20649265","20649576","KQ055352v1","6003171","6003466","72","14646094"
"JH378139","13631192","13631491","KQ053421v1","5610673","5610968","89","8020519"
"JH378139","15030","15335","KQ055267v1","513773","514088","75","498743"
"JH378139","16173","16509","KQ053421v1","5610673","5610968","112","5594500"
"JH378139","34720","34849","KQ053398v1","2627781","2627909","32","2593061"
"JH378139","56554","56803","KQ058505v1","2207051","2207301","79","2150497"
"JH378139","92084","92135","KQ054191v1","1885658","1885707","14","1793574"
"JH378139","257245","257376","KQ053398v1","2623748","2623879","38","2366503"
"JH378139","257540","257693","KQ058594v1","2771639","2771800","41","2514099"
"JH378139","281445","281678","KQ058509v1","24058","24271","81","257387"
"JH378139","325773","326075","KQ053421v1","5610673","5610968","71","5284900"
"JH378139","330154","330445","KQ053421v1","5610673","5610968","79","5280519"
"JH378139","451629","451914","KQ053421v1","5610673","5610968","88","5159044"
"JH378139","485874","486089","KQ052982v1","2032903","2033097","67","1547029"
"JH378139","523944","524242","KQ053421v1","5610673","5610968","68","5086729"
"JH378139","576567","576850","KQ053883v1","6938067","6938331","96","6361500"
"JH378139","783849","784143","KQ053421v1","5610673","5610968","67","4826824"
"JH378139","859241","859555","KQ058427v1","7786546","7786853","89","6927305"
"JH378139","869034","869348","KQ058427v1","7786546","7786853","88","6917512"
"JH378139","871047","871358","KQ053421v1","5610673","5610968","74","4739626"
"JH378139","948491","948795","KQ053421v1","5610673","5610968","84","4662182"
"JH378139","960701","960841","KQ053398v1","2623748","2623879","38","1663047"
"JH378139","979970","980121","KQ055914v1","670963","671119","46","309007"
"JH378139","991321","991617","KQ053421v1","5610673","5610968","88","4619352"
"JH378139","1002017","1002171","KQ055777v1","2006014","2006163","38","1003997"
"JH378139","1038613","1038907","KQ053421v1","5610673","5610968","87","4572060"
"JH378139","1040033","1040337","KQ053421v1","5610673","5610968","86","4570640"
"JH378139","1055471","1055773","KQ058427v1","7786546","7786853","73","6731075"
"JH378139","1070731","1070992","KQ053421v1","5610673","5610968","92","4539942"
"JH378139","1093774","1094053","KQ057186v1","783828","784085","91","309946"
"JH378139","1182419","1182686","KQ053421v1","5610673","5610968","87","4428254"
"JH378139","1199857","1200104","KQ055717v1","1610777","1611031","87","410920"
"JH378139","1202028","1202305","KQ053421v1","5610673","5610968","83","4408645"
"JH378139","1254954","1255260","KQ055267v1","513773","514088","80","741181"
"JH378139","1284914","1285125","KQ052982v1","2032903","2033097","57","747989"
"JH378139","1326951","1327243","KQ053421v1","5610673","5610968","78","4283722"
"JH378139","1374814","1375030","KQ055662v1","1890465","1890674","65","515651"
"JH378139","1471272","1471546","KQ057186v1","783828","784085","83","687444"
"JH378139","1521207","1521515","KQ053421v1","5610673","5610968","81","4089466"
"JH378139","1546090","1546391","KQ055352v1","6003171","6003466","73","4457081"
"JH378139","1555531","1555782","KQ054068v1","3638075","3638299","87","2082544"
"JH378139","1577128","1577426","KQ053421v1","5610673","5610968","87","4033545"
"JH378139","1591019","1591159","KQ056911v1","1421731","1421862","36","169288"
"JH378139","1625287","1625590","KQ053421v1","5610673","5610968","83","3985386"
"JH378139","1630673","1630978","KQ055352v1","6003171","6003466","76","4372498"
"JH378139","1698924","1699236","KQ055267v1","513773","514088","72","1185151"
"JH378139","1708222","1708528","KQ053421v1","5610673","5610968","80","3902451"
"JH378139","1720650","1720922","KQ058242v1","595939","596205","78","1124711"
"JH378139","1724172","1724460","KQ053421v1","5610673","5610968","73","3886501"
"JH378139","1763175","1763478","KQ053421v1","5610673","5610968","66","3847498"
"JH378139","1794096","1794386","KQ053421v1","5610673","5610968","73","3816577"
"JH378139","1823845","1824142","KQ053421v1","5610673","5610968","65","3786828"
"JH378139","1869794","1870097","KQ053421v1","5610673","5610968","74","3740879"
"JH378139","1883539","1883834","KQ053421v1","5610673","5610968","70","3727134"
"JH378139","2010995","2011297","KQ053421v1","5610673","5610968","72","3599678"
"JH378139","2036449","2036736","KQ053421v1","5610673","5610968","78","3574224"
"JH378139","2040762","2041040","KQ053421v1","5610673","5610968","79","3569911"
"JH378139","2056602","2056899","KQ053421v1","5610673","5610968","78","3554071"
"JH378139","2104621","2104932","KQ053421v1","5610673","5610968","89","3506052"
"JH378139","2137645","2137938","KQ053421v1","5610673","5610968","80","3473028"
"JH378139","2159222","2159507","KQ053421v1","5610673","5610968","72","3451451"
"JH378139","2207474","2207781","KQ055267v1","513773","514088","77","1693701"
"JH378139","2217840","2218136","KQ053421v1","5610673","5610968","74","3392833"
"JH378139","2242137","2242383","KQ057901v1","868884","869144","86","1373253"
"JH378139","2291469","2291756","KQ053421v1","5610673","5610968","77","3319204"
"JH378139","2302762","2303067","KQ053421v1","5610673","5610968","69","3307911"
"JH378139","2332381","2332649","KQ058339v1","4553625","4553889","80","2221244"
"JH378139","2399853","2400163","KQ055267v1","513773","514088","73","1886080"
"JH378139","2442925","2443255","KQ055267v1","513773","514088","87","1929152"
"JH378139","2520293","2520591","KQ053421v1","5610673","5610968","71","3090380"
"JH378139","2640950","2641238","KQ053421v1","5610673","5610968","79","2969723"
"JH378139","2641249","2641548","KQ053421v1","5610673","5610968","81","2969424"
"JH378139","2655256","2655562","KQ053421v1","5610673","5610968","78","2955417"
"JH378139","2696380","2696678","KQ053421v1","5610673","5610968","76","2914293"
"JH378139","2700633","2700930","KQ053421v1","5610673","5610968","73","2910040"
"JH378139","2732301","2732599","KQ053421v1","5610673","5610968","82","2878372"
"JH378139","2786079","2786381","KQ053421v1","5610673","5610968","74","2824594"
"JH378139","2860275","2860577","KQ053421v1","5610673","5610968","76","2750398"
"JH378139","2877559","2877863","KQ055352v1","6003171","6003466","73","3125612"
"JH378139","2880867","2881177","KQ055267v1","513773","514088","69","2367094"
"JH378139","2899959","2900259","KQ053421v1","5610673","5610968","71","2710714"
"JH378139","2940059","2940368","KQ053421v1","5610673","5610968","73","2670614"
"JH378139","2949197","2949524","KQ058427v1","7786546","7786853","93","4837349"
"JH378139","2952449","2952716","KQ057909v1","9290159","9290423","98","6337710"
"JH378139","2954691","2954980","KQ053421v1","5610673","5610968","92","2655982"
"JH378139","2967428","2967733","KQ055267v1","513773","514088","79","2453655"
"JH378139","2998290","2998637","KQ053135v1","5034940","5035266","117","2036650"
"JH378139","3006739","3007039","KQ053421v1","5610673","5610968","72","2603934"
"JH378139","3009027","3009321","KQ053421v1","5610673","5610968","69","2601646"
"JH378139","3041303","3041590","KQ053421v1","5610673","5610968","71","2569370"
"JH378139","3081508","3081804","KQ053421v1","5610673","5610968","72","2529165"
"JH378139","3096735","3097065","KQ055267v1","513773","514088","94","2582962"
"JH378139","3112037","3112335","KQ053421v1","5610673","5610968","74","2498636"
"JH378139","3318544","3318756","KQ056064v1","326763","326940","76","2991781"
"JH378139","3388003","3388307","KQ053421v1","5610673","5610968","77","2222670"
"JH378139","3464434","3464745","KQ053421v1","5610673","5610968","89","2146239"
"JH378139","3572700","3572996","KQ053421v1","5610673","5610968","78","2037973"
"JH378139","3636097","3636392","KQ053421v1","5610673","5610968","77","1974576"
"JH378139","3656423","3656734","KQ053421v1","5610673","5610968","77","1954250"
"JH378139","3721720","3722030","KQ055352v1","6003171","6003466","73","2281451"
"JH378139","3977525","3977818","KQ053421v1","5610673","5610968","69","1633148"
"JH378139","4164738","4165040","KQ053421v1","5610673","5610968","87","1445935"
"JH378139","4188939","4189075","KQ054401v1","3363241","3363379","38","825698"
"JH378139","4291084","4291382","KQ053421v1","5610673","5610968","68","1319589"
"JH378139","4350426","4350724","KQ053421v1","5610673","5610968","77","1260247"
"JH378139","4412454","4412629","KQ052968v1","13665640","13665790","66","9253186"
"JH378139","4507997","4508306","KQ055352v1","6003171","6003466","75","1495174"
"JH378139","4668591","4668898","KQ053421v1","5610673","5610968","75","942082"
"JH378139","4814499","4814676","KQ055978v1","4311984","4312161","40","502515"
"JH378139","4898383","4898562","KQ054954v1","1680710","1680882","47","3217673"
"JH378139","4922516","4922798","KQ053421v1","5610673","5610968","69","688157"
"JH378139","4954933","4955239","KQ055352v1","6003171","6003466","71","1048238"
"JH378139","4964015","4964178","KQ058274v1","300327","300497","51","4663688"
"JH378139","4977628","4977896","KQ058427v1","6786866","6787134","88","1809238"
"JH378139","4989322","4989636","KQ058427v1","7786546","7786853","74","2797224"
"JH378139","4989732","4989955","KQ056321v1","575951","576190","74","4413781"
"JH378139","4995240","4995517","KQ058640v1","643463","643729","78","4351777"
"JH378139","5043806","5043942","KQ054401v1","3363241","3363379","39","1680565"
"JH378139","5075177","5075389","KQ058274v1","300327","300497","74","4774850"
"JH378139","5094415","5094723","KQ055352v1","6003171","6003466","73","908756"
"JH378139","5140378","5140672","KQ053421v1","5610673","5610968","70","470295"
"JH378139","5151517","5151819","KQ053421v1","5610673","5610968","70","459156"
"JH378139","5196093","5196347","KQ057186v1","783828","784085","70","4412265"
"JH378139","5219995","5220246","KQ058242v1","595939","596205","83","4624056"
"JH378139","5254834","5255149","KQ053421v1","5610673","5610968","86","355839"
"JH378139","5263793","5263991","KQ058594v1","5950443","5950621","78","686650"
"JH378139","5312762","5313071","KQ055352v1","6003171","6003466","69","690409"
"JH378139","5393233","5393492","KQ057186v1","783828","784085","83","4609405"
"JH378139","5425440","5425729","KQ053421v1","5610673","5610968","73","185233"
"JH378139","5428142","5428444","KQ053421v1","5610673","5610968","75","182531"
"JH378139","5705722","5706027","KQ053421v1","5610673","5610968","74","95049"
"JH378139","5726162","5726441","KQ053421v1","5610673","5610968","85","115489"
"JH378139","5751914","5752201","KQ053421v1","5610673","5610968","86","141241"
"JH378139","5759898","5760208","KQ055267v1","513773","514088","81","5246125"
"JH378139","6030323","6030620","KQ053421v1","5610673","5610968","70","419650"
"JH378139","6209186","6209479","KQ053421v1","5610673","5610968","80","598513"
"JH378139","6246349","6246635","KQ053421v1","5610673","5610968","79","635676"
"JH378139","6278764","6279066","KQ053421v1","5610673","5610968","71","668091"
"JH378139","6321532","6321827","KQ053421v1","5610673","5610968","62","710859"
"JH378139","6357901","6358216","KQ053421v1","5610673","5610968","85","747228"
"JH378139","6501841","6502144","KQ053421v1","5610673","5610968","71","891168"
"JH378139","6554768","6555072","KQ053421v1","5610673","5610968","74","944095"
"JH378139","6574615","6574907","KQ054815v1","2215557","2215844","73","4359058"
"JH378139","6601631","6601894","KQ056321v1","575951","576190","92","6025680"
"JH378139","6639148","6639456","KQ053421v1","5610673","5610968","74","1028475"
"JH378139","6682398","6682691","KQ053421v1","5610673","5610968","73","1071725"
"JH378139","6694872","6695167","KQ053421v1","5610673","5610968","71","1084199"
"JH378139","6809445","6809747","KQ053421v1","5610673","5610968","71","1198772"
"JH378139","6836863","6837166","KQ058427v1","7786546","7786853","84","949683"
"JH378139","6847614","6847707","KQ056235v1","1266284","1266361","28","5581330"
"JH378139","6955921","6956122","KQ058274v1","300327","300497","62","6655594"
"JH378139","6956717","6956797","KQ058316v1","2226037","2226104","44","4730680"
"JH378139","6980754","6981044","KQ053421v1","5610673","5610968","80","1370081"
"JH378139","7070293","7070569","KQ058242v1","595939","596205","74","6474354"
"JH378139","7332115","7332376","KQ058242v1","595939","596205","75","6736176"
"JH378139","7398767","7399072","KQ053421v1","5610673","5610968","95","1788094"
"JH378139","7413803","7414105","KQ058427v1","7786546","7786853","90","372743"
"JH378139","7457677","7457980","KQ055352v1","6003171","6003466","73","1454506"
"JH378139","7461121","7461406","KQ053421v1","5610673","5610968","75","1850448"
"JH378139","7582844","7583142","KQ053421v1","5610673","5610968","71","1972171"
"JH378139","7625219","7625520","KQ053421v1","5610673","5610968","76","2014546"
"JH378139","7710212","7710498","KQ053421v1","5610673","5610968","75","2099539"
"JH378139","7745812","7746066","KQ056321v1","575951","576190","86","7169861"
"JH378139","7746733","7747032","KQ053421v1","5610673","5610968","74","2136060"
"JH378139","7781589","7781899","KQ055267v1","513773","514088","72","7267816"
"JH378139","7785274","7785396","KQ056493v1","2043382","2043488","35","5741892"
"JH378139","7793569","7793860","KQ053421v1","5610673","5610968","86","2182896"
"JH378139","7821756","7822072","KQ055267v1","513773","514088","103","7307983"
"JH378139","7831007","7831278","KQ057186v1","783828","784085","74","7047179"
"JH378139","7870851","7871122","KQ056321v1","575951","576190","99","7294900"
"JH378139","7912674","7912979","KQ058427v1","7786546","7786853","79","126128"
"JH378139","7926509","7926640","KQ053398v1","2623748","2623879","40","5302761"
"JH378139","7929553","7929849","KQ053421v1","5610673","5610968","85","2318880"
"JH378139","7973322","7973601","KQ053883v1","6938067","6938331","98","1035255"
"JH378139","8009557","8009802","KQ058505v1","2207051","2207301","86","5802506"
"JH378139","8045362","8045645","KQ053421v1","5610673","5610968","79","2434689"
"JH378139","8064147","8064454","KQ058427v1","7786546","7786853","73","277601"
"JH378139","8141711","8142012","KQ053421v1","5610673","5610968","66","2531038"
"JH378139","8165478","8165771","KQ053421v1","5610673","5610968","70","2554805"
"JH378139","8170333","8170632","KQ053421v1","5610673","5610968","76","2559660"
"JH378139","8192990","8193230","KQ058242v1","595939","596205","77","7597051"
"JH378139","8206971","8207224","KQ058509v1","24058","24271","91","8182913"
"JH378139","8224932","8225242","KQ058427v1","7786546","7786853","82","438386"
"JH378139","8231094","8231393","KQ053421v1","5610673","5610968","70","2620421"
"JH378139","8232174","8232456","KQ054815v1","2215557","2215844","76","6016617"
"JH378139","8256682","8256989","KQ053421v1","5610673","5610968","81","2646009"
"JH378139","8290449","8290756","KQ058427v1","7786546","7786853","75","503903"
"JH378139","8293669","8293775","KQ056493v1","2043382","2043488","43","6250287"
"JH378139","8368023","8368322","KQ053421v1","5610673","5610968","71","2757350"
"JH378139","8398099","8398317","KQ056064v1","326763","326940","76","8071336"
"JH378139","8541066","8541363","KQ053421v1","5610673","5610968","80","2930393"
"JH378139","8601458","8601743","KQ053421v1","5610673","5610968","78","2990785"
"JH378139","8664822","8665098","KQ053421v1","5610673","5610968","81","3054149"
"JH378139","8737285","8737576","KQ053421v1","5610673","5610968","63","3126612"
"JH378139","8856334","8856639","KQ053421v1","5610673","5610968","80","3245661"
"JH378139","8939934","8940178","KQ058505v1","2207051","2207301","88","6732883"
"JH378139","8941521","8941720","KQ058594v1","5950443","5950621","73","2991078"
"JH378139","8948181","8948481","KQ053421v1","5610673","5610968","69","3337508"
"JH378139","8967048","8967303","KQ058242v1","595939","596205","82","8371109"
"JH378139","9059889","9060199","KQ055267v1","513773","514088","75","8546116"
"JH378139","9167967","9168260","KQ053421v1","5610673","5610968","86","3557294"
"JH378139","9281329","9281621","KQ053421v1","5610673","5610968","64","3670656"
"JH378139","9640479","9640795","KQ055267v1","513773","514088","73","9126706"
"JH378139","9684033","9684325","KQ053421v1","5610673","5610968","76","4073360"
"JH378139","9700591","9700864","KQ058339v1","4553625","4553889","88","5146966"
"JH378139","9791584","9791771","KQ058594v1","5950443","5950621","53","3841141"
"JH378139","10016580","10016814","KQ053234v1","1414405","1414609","70","8602175"
"JH378139","10046100","10046383","KQ053421v1","5610673","5610968","90","4435427"
"JH378139","10122218","10122518","KQ053421v1","5610673","5610968","77","4511545"
"JH378139","10193198","10193486","KQ053421v1","5610673","5610968","73","4582525"
"JH378139","10207130","10207432","KQ053421v1","5610673","5610968","73","4596457"
"JH378139","10276917","10277219","KQ055267v1","513773","514088","82","9763144"
"JH378139","10294631","10294926","KQ053421v1","5610673","5610968","71","4683958"
"JH378139","10314075","10314373","KQ053421v1","5610673","5610968","72","4703402"
"JH378139","10351601","10351907","KQ055352v1","6003171","6003466","73","4348430"
"JH378139","10378225","10378522","KQ053421v1","5610673","5610968","77","4767552"
"JH378139","10379016","10379291","KQ053421v1","5610673","5610968","88","4768343"
"JH378139","10404146","10404441","KQ053421v1","5610673","5610968","77","4793473"
"JH378139","10433997","10434295","KQ053421v1","5610673","5610968","71","4823324"
"JH378139","10449316","10449552","KQ058242v1","595939","596205","94","9853377"
"JH378139","10476871","10477161","KQ058427v1","7786546","7786853","85","2690325"
"JH378139","10477784","10478078","KQ053421v1","5610673","5610968","91","4867111"
"JH378139","10478760","10479135","KQ053059v1","2548766","2549102","131","7929994"
"JH378139","10485214","10485491","KQ055352v1","6003171","6003466","88","4482043"
"JH378139","10497481","10497754","KQ057186v1","783828","784085","78","9713653"
"JH378139","10543396","10543706","KQ055352v1","6003171","6003466","74","4540225"
"JH378139","10573376","10573667","KQ053421v1","5610673","5610968","72","4962703"
"JH378139","10627232","10627529","KQ053421v1","5610673","5610968","78","5016559"
"JH378139","10698473","10698763","KQ053421v1","5610673","5610968","77","5087800"
"JH378139","10782520","10782816","KQ058427v1","7786546","7786853","77","2995974"
"JH378139","11013117","11013425","KQ055352v1","6003171","6003466","75","5009946"
"JH378139","11052308","11052406","KQ056493v1","2043382","2043488","36","9008926"
"JH378139","11099740","11100086","KQ053421v1","5610673","5610968","118","5489067"
"JH378139","11132432","11132730","KQ053421v1","5610673","5610968","67","5521759"
"JH378139","11147469","11147765","KQ053421v1","5610673","5610968","70","5536796"
"JH378139","11192935","11193167","KQ055662v1","1890465","1890674","69","9302470"
"JH378139","11194812","11195109","KQ053421v1","5610673","5610968","76","5584139"
"JH378139","11289886","11290189","KQ053421v1","5610673","5610968","81","5679213"
"JH378139","11312695","11312991","KQ053421v1","5610673","5610968","72","5702022"
"JH378139","11325627","11325910","KQ053421v1","5610673","5610968","83","5714954"
"JH378139","11347493","11347798","KQ058427v1","7786546","7786853","84","3560947"
"JH378139","11369996","11370289","KQ053421v1","5610673","5610968","82","5759323"
"JH378139","11404564","11404855","KQ053421v1","5610673","5610968","71","5793891"
"JH378139","11594116","11594420","KQ053421v1","5610673","5610968","80","5983443"
"JH378139","11724808","11725126","KQ058427v1","7786546","7786853","85","3938262"
"JH378139","12011553","12011852","KQ053421v1","5610673","5610968","82","6400880"
"JH378139","12024775","12025061","KQ055862v1","1305285","1305561","81","10719490"
"JH378139","12085000","12085217","KQ058274v1","300327","300497","75","11784673"
"JH378139","12266774","12267012","KQ055662v1","1890465","1890674","78","10376309"
"JH378139","12455654","12455964","KQ055267v1","513773","514088","80","11941881"
"JH378139","12513180","12513469","KQ053421v1","5610673","5610968","83","6902507"
"JH378139","12515341","12515469","KQ053398v1","2623748","2623879","38","9891593"
"JH378139","12516343","12516657","KQ053421v1","5610673","5610968","84","6905670"
"JH378139","12581332","12581446","KQ053398v1","2623748","2623879","41","9957584"
"JH378139","12599721","12600010","KQ053421v1","5610673","5610968","75","6989048"
"JH378139","12643163","12643473","KQ055267v1","513773","514088","73","12129390"
"JH378139","12662309","12662618","KQ055267v1","513773","514088","79","12148536"
"JH378139","12705511","12705802","KQ053421v1","5610673","5610968","82","7094838"
"JH378139","12734477","12734784","KQ055352v1","6003171","6003466","76","6731306"
"JH378139","12806109","12806388","KQ053421v1","5610673","5610968","87","7195436"
"JH378139","12945194","12945491","KQ053421v1","5610673","5610968","70","7334521"
"JH378139","12958481","12958734","KQ053785v1","888769","889063","101","12069712"
"JH378139","13007445","13007754","KQ055352v1","6003171","6003466","68","7004274"
"JH378139","13066519","13066800","KQ054815v1","2215557","2215844","75","10850962"
"JH378139","13081183","13081484","KQ058427v1","7786546","7786853","79","5294637"
"JH378139","13166426","13166659","KQ056064v1","326763","326940","87","12839663"
"JH378139","13202879","13203159","KQ058242v1","595939","596205","91","12606940"
"JH378139","13223309","13223480","KQ053993v1","1251070","1251235","45","11972239"
"JH378139","13258303","13258597","KQ053421v1","5610673","5610968","72","7647630"
"JH378139","13344772","13345076","KQ053421v1","5610673","5610968","81","7734099"
"JH378139","13457159","13457460","KQ053421v1","5610673","5610968","75","7846486"
"JH378139","13499355","13499647","KQ053421v1","5610673","5610968","83","7888682"
"JH378139","13585671","13585964","KQ053421v1","5610673","5610968","72","7974998"
"JH378139","13599934","13600239","KQ053421v1","5610673","5610968","74","7989261"
"JH378139","13715780","13716089","KQ053421v1","5610673","5610968","78","8105107"
"JH378139","13737527","13737659","KQ053398v1","2623748","2623879","38","11113779"
"JH378139","13743249","13743370","KQ053398v1","2627781","2627909","41","11115468"
"JH378139","13782588","13782861","KQ058242v1","595939","596205","93","13186649"
"JH378139","13804752","13805078","KQ055267v1","513773","514088","85","13290979"
"JH378139","13816032","13816310","KQ058242v1","595939","596205","84","13220093"
"JH378139","13817839","13818142","KQ053421v1","5610673","5610968","70","8207166"
"JH378139","13820079","13820365","KQ053421v1","5610673","5610968","70","8209406"
"JH378139","13825155","13825453","KQ053421v1","5610673","5610968","66","8214482"
"JH378139","13839574","13839883","KQ053421v1","5610673","5610968","80","8228901"
"JH378139","13847971","13848256","KQ053421v1","5610673","5610968","71","8237298"
"JH378139","13865801","13866108","KQ055352v1","6003171","6003466","70","7862630"
"JH378139","13890718","13890909","KQ058274v1","300327","300497","58","13590391"
"JH378139","13922230","13922531","KQ053421v1","5610673","5610968","69","8311557"
"JH378139","13922839","13923144","KQ053421v1","5610673","5610968","78","8312166"
"JH378139","14011974","14012278","KQ053421v1","5610673","5610968","75","8401301"
"JH378139","14108785","14109071","KQ053421v1","5610673","5610968","78","8498112"
"JH378139","14206919","14207215","KQ053421v1","5610673","5610968","78","8596246"
"JH378139","14258040","14258349","KQ055352v1","6003171","6003466","68","8254869"
"JH378139","14261994","14262232","KQ058509v1","24058","24271","64","14237936"
"JH378139","14262696","14262773","KQ054199v1","6267","6355","26","14256429"
"JH378139","14272334","14272615","KQ053421v1","5610673","5610968","79","8661661"
"JH378139","14285291","14285584","KQ055352v1","6003171","6003466","76","8282120"
"JH378139","14292037","14292336","KQ053421v1","5610673","5610968","81","8681364"
"JH378139","14318561","14318855","KQ053421v1","5610673","5610968","76","8707888"
"JH378139","14338041","14338344","KQ055352v1","6003171","6003466","69","8334870"
"JH378139","14357398","14357695","KQ053421v1","5610673","5610968","73","8746725"
"JH378139","14359789","14360103","KQ053421v1","5610673","5610968","80","8749116"
"JH378139","14382236","14382552","KQ055267v1","513773","514088","74","13868463"
"JH378139","14461001","14461309","KQ055352v1","6003171","6003466","76","8457830"
"JH378139","14496198","14496504","KQ053421v1","5610673","5610968","82","8885525"
"JH378139","14501756","14502062","KQ053421v1","5610673","5610968","75","8891083"
"JH378139","14588146","14588436","KQ053421v1","5610673","5610968","83","8977473"
"JH378139","14606023","14606328","KQ053421v1","5610673","5610968","82","8995350"
"JH378139","14671276","14671554","KQ053421v1","5610673","5610968","84","9060603"
"JH378139","14735642","14735937","KQ053421v1","5610673","5610968","64","9124969"
"JH378139","14755215","14755525","KQ055267v1","513773","514088","73","14241442"
"JH378139","14793053","14793262","KQ052982v1","2032903","2033097","54","12760150"
"JH378139","14819791","14820088","KQ053421v1","5610673","5610968","72","9209118"
"JH378139","14875161","14875469","KQ055267v1","513773","514088","106","14361388"
"JH378139","14955929","14956227","KQ053421v1","5610673","5610968","78","9345256"
"JH378139","14964038","14964331","KQ053421v1","5610673","5610968","81","9353365"
"JH378139","14966994","14967257","KQ058505v1","2207051","2207301","92","12759943"
"JH378139","14990270","14990581","KQ053421v1","5610673","5610968","85","9379597"
"JH378139","15078809","15079113","KQ055267v1","513773","514088","85","14565036"
"JH378139","15086988","15087262","KQ057901v1","868884","869144","83","14218104"
"JH378139","15172143","15172426","KQ055862v1","1305285","1305561","86","13866858"
"JH378139","15197151","15197443","KQ053421v1","5610673","5610968","81","9586478"
"JH378139","15312917","15313221","KQ053421v1","5610673","5610968","72","9702244"
"JH378139","15411894","15412180","KQ053421v1","5610673","5610968","77","9801221"
"JH378139","15480913","15481200","KQ053421v1","5610673","5610968","88","9870240"
"JH378139","15484574","15484882","KQ053421v1","5610673","5610968","83","9873901"
"JH378139","15577029","15577337","KQ055352v1","6003171","6003466","65","9573858"
"JH378139","15598615","15598916","KQ053421v1","5610673","5610968","73","9987942"
"JH378139","15630135","15630432","KQ053421v1","5610673","5610968","68","10019462"
"JH378139","15661260","15661550","KQ053421v1","5610673","5610968","85","10050587"
"JH378139","15757773","15758084","KQ058427v1","7786546","7786853","78","7971227"
"JH378139","15826208","15826268","KQ056235v1","1266284","1266361","26","14559924"
"JH378139","15852291","15852587","KQ053421v1","5610673","5610968","73","10241618"
"JH378139","15941156","15941457","KQ053421v1","5610673","5610968","78","10330483"
"JH378139","16053899","16054212","KQ055267v1","513773","514088","83","15540126"
"JH378139","16078606","16078689","KQ056235v1","1266284","1266361","23","14812322"
"JH378139","16078908","16079074","KQ057449v1","1214348","1214489","54","14864560"
"JH378139","16121526","16121851","KQ058427v1","7786546","7786853","95","8334980"
"JH378139","16148710","16148992","KQ053421v1","5610673","5610968","82","10538037"
"JH378139","16166174","16166470","KQ053421v1","5610673","5610968","76","10555501"
"JH378139","16426072","16426359","KQ053421v1","5610673","5610968","78","10815399"
"JH378139","16443722","16444029","KQ053421v1","5610673","5610968","80","10833049"
"JH378139","16458512","16458806","KQ058339v1","4553625","4553889","91","11904887"
"JH378139","16470576","16470879","KQ055267v1","513773","514088","78","15956803"
"JH378139","16702199","16702504","KQ055267v1","513773","514088","79","16188426"
"JH378139","16878865","16879142","KQ058427v1","6786866","6787134","84","10091999"
"JH378139","16898448","16898734","KQ053421v1","5610673","5610968","82","11287775"
"JH378139","16979801","16980104","KQ055352v1","6003171","6003466","74","10976630"
"JH378139","17029349","17029505","KQ057821v1","3059321","3059481","50","13970028"
"JH378139","17068435","17068704","KQ054815v1","2215557","2215844","79","14852878"
"JH378139","17125936","17126240","KQ053421v1","5610673","5610968","67","11515263"
"JH378139","17186869","17187168","KQ053421v1","5610673","5610968","72","11576196"
"JH378139","17225753","17225933","KQ053234v1","1679581","1679757","45","15546172"
"JH378139","17225939","17226163","KQ053234v1","1414405","1414609","80","15811534"
"JH378139","17255124","17255289","KQ056911v1","1421731","1421862","70","15833393"
"JH378139","17281136","17281286","KQ053398v1","2623748","2623879","48","14657388"
"JH378139","17281389","17281559","KQ058423v1","270754","270928","43","17010635"
"JH378139","17341932","17342058","KQ053398v1","2623748","2623879","36","14718184"
"JH378139","17371379","17371680","KQ053421v1","5610673","5610968","85","11760706"
"JH378139","17373207","17373334","KQ053398v1","2627781","2627909","32","14745426"
"JH378139","17435640","17435924","KQ053421v1","5610673","5610968","77","11824967"
"JH378139","17452118","17452408","KQ053421v1","5610673","5610968","79","11841445"
"JH378139","17475895","17476089","KQ052982v1","2032903","2033097","59","15442992"
"JH378139","17594299","17594412","KQ056493v1","2043382","2043488","41","15550917"
"JH378139","17757075","17757374","KQ053421v1","5610673","5610968","83","12146402"
"JH378139","17820856","17821152","KQ053421v1","5610673","5610968","73","12210183"
"JH378139","17888569","17888890","KQ058427v1","7786546","7786853","89","10102023"
"JH378139","17904352","17904650","KQ053421v1","5610673","5610968","75","12293679"
"JH378139","17943783","17944069","KQ058339v1","4553625","4553889","81","13390158"
"JH378139","17993653","17993962","KQ053421v1","5610673","5610968","77","12382980"
"JH378139","17996532","17996751","KQ057186v1","783828","784085","87","17212704"
"JH378139","18007301","18007612","KQ055267v1","513773","514088","74","17493528"
"JH378139","18033598","18033914","KQ053059v1","2548766","2549102","90","15484832"
"JH378139","18080468","18080778","KQ058427v1","7786546","7786853","83","10293922"
"JH378139","18186593","18186723","KQ053398v1","2623748","2623879","30","15562845"
"JH378139","18230465","18230772","KQ053421v1","5610673","5610968","85","12619792"
"JH378139","18250837","18251133","KQ055862v1","1305285","1305561","75","16945552"
"JH378139","18366584","18366889","KQ053421v1","5610673","5610968","80","12755911"
"JH378139","18385131","18385459","KQ053059v1","2548766","2549102","96","15836365"
"JH378139","18403715","18404029","KQ055352v1","6003171","6003466","74","12400544"
"JH378139","18428510","18428803","KQ054713v1","1437239","1437526","81","16991271"
"JH378139","18440206","18440482","KQ053421v1","5610673","5610968","85","12829533"
"JH378139","18453742","18454053","KQ055267v1","513773","514088","68","17939969"
"JH378139","18477637","18477923","KQ057186v1","783828","784085","84","17693809"
"JH378139","18520910","18521217","KQ058427v1","7786546","7786853","78","10734364"
"JH378139","18590403","18590703","KQ053421v1","5610673","5610968","72","12979730"
"JH378139","18612802","18613103","KQ053421v1","5610673","5610968","65","13002129"
"JH378139","18617637","18617942","KQ055352v1","6003171","6003466","73","12614466"
"JH378139","18655915","18656214","KQ053421v1","5610673","5610968","69","13045242"
"JH378139","18666284","18666597","KQ058427v1","7786546","7786853","77","10879738"
"JH378139","18744895","18745090","KQ056064v1","326763","326940","59","18418132"
"JH378139","18820491","18820786","KQ053421v1","5610673","5610968","65","13209818"
"JH378139","18881162","18881456","KQ053421v1","5610673","5610968","71","13270489"
"JH378139","18891828","18892125","KQ053421v1","5610673","5610968","71","13281155"
"JH378139","18930030","18930340","KQ055267v1","513773","514088","90","18416257"
"JH378139","18988539","18988761","KQ058274v1","300327","300497","80","18688212"
"JH378139","18994813","18995106","KQ053421v1","5610673","5610968","75","13384140"
"JH378139","19031460","19031749","KQ053421v1","5610673","5610968","83","13420787"
"JH378139","19056264","19056565","KQ053421v1","5610673","5610968","78","13445591"
"JH378139","19092188","19092493","KQ058427v1","7786546","7786853","72","11305642"
"JH378139","19099461","19099762","KQ053421v1","5610673","5610968","82","13488788"
"JH378139","19103838","19104098","KQ058427v1","6786866","6787134","94","12316972"
"JH378139","19152628","19152912","KQ058242v1","595939","596205","81","18556689"
"JH378139","19166591","19166918","KQ058427v1","7786546","7786853","167","11380045"
"JH378139","19167055","19167365","KQ053421v1","5610673","5610968","74","13556382"
"JH378139","19174677","19174981","KQ053421v1","5610673","5610968","83","13564004"
"JH378139","19182283","19182548","KQ058242v1","595939","596205","76","18586344"
"JH378139","19261961","19262319","KQ053135v1","5034940","5035266","123","14227021"
"JH378139","19281930","19282233","KQ053421v1","5610673","5610968","75","13671257"
"JH378139","19305168","19305484","KQ058427v1","7786546","7786853","93","11518622"
"JH378139","19336020","19336317","KQ053421v1","5610673","5610968","76","13725347"
"JH378139","19337242","19337465","KQ056321v1","575951","576190","82","18761291"
"JH378139","19381935","19382191","KQ058242v1","595939","596205","82","18785996"
"JH378139","19428366","19428676","KQ055267v1","513773","514088","75","18914593"
"JH378139","19456993","19457307","KQ053135v1","5034940","5035266","94","14422053"
"JH378139","19461715","19462036","KQ055267v1","513773","514088","84","18947942"
"JH378139","19614898","19615207","KQ055352v1","6003171","6003466","67","13611727"
"JH378139","19617803","19618098","KQ055862v1","1305285","1305561","85","18312518"
"JH378139","19621630","19621923","KQ053421v1","5610673","5610968","87","14010957"
"JH378139","19623721","19623995","KQ058339v1","4553625","4553889","89","15070096"
"JH378139","19628797","19629104","KQ055267v1","513773","514088","84","19115024"
"JH378139","19658635","19658910","KQ053785v1","888769","889063","78","18769866"
"JH378139","19668698","19669006","KQ055352v1","6003171","6003466","66","13665527"
"JH378139","19686241","19686547","KQ053421v1","5610673","5610968","74","14075568"
"JH378139","19686631","19686921","KQ053421v1","5610673","5610968","81","14075958"
"JH378139","19688287","19688577","KQ053421v1","5610673","5610968","73","14077614"
"JH378139","19693278","19693568","KQ053421v1","5610673","5610968","90","14082605"
"JH378139","19695078","19695355","KQ053421v1","5610673","5610968","84","14084405"
"JH378139","19700020","19700298","KQ053785v1","888769","889063","87","18811251"
"JH378139","19716104","19716200","KQ055717v1","1610376","1610476","36","18105728"
"JH378139","19728106","19728372","KQ057186v1","783828","784085","82","18944278"
"JH378139","19808054","19808220","KQ054954v1","1680710","1680882","54","18127344"
"JH378139","19840564","19840851","KQ053421v1","5610673","5610968","83","14229891"
"JH378139","19855714","19856009","KQ053421v1","5610673","5610968","78","14245041"
"JH378140","5111743","5112047","KQ053421v1","5610673","5610968","83","498930"
"JH378140","7542","7820","KQ058242v1","595939","596205","79","588397"
"JH378140","94630","94824","KQ055140v1","659740","659924","58","565110"
"JH378140","249316","249624","KQ055267v1","513773","514088","72","264457"
"JH378140","420638","420941","KQ053421v1","5610673","5610968","70","5190035"
"JH378140","585286","585574","KQ053421v1","5610673","5610968","88","5025387"
"JH378140","777605","777915","KQ058427v1","7786546","7786853","77","7008941"
"JH378140","838844","839145","KQ053421v1","5610673","5610968","78","4771829"
"JH378140","856524","856829","KQ058427v1","7786546","7786853","79","6930022"
"JH378140","867782","868046","KQ058242v1","595939","596205","78","271843"
"JH378140","920337","920622","KQ058242v1","595939","596205","81","324398"
"JH378140","926326","926626","KQ053421v1","5610673","5610968","69","4684347"
"JH378140","1109160","1109479","KQ055267v1","513773","514088","103","595387"
"JH378140","1113022","1113279","KQ056321v1","575951","576190","87","537071"
"JH378140","1211862","1212151","KQ053421v1","5610673","5610968","75","4398811"
"JH378140","1219768","1220040","KQ053421v1","5610673","5610968","89","4390905"
"JH378140","1228165","1228477","KQ055267v1","513773","514088","88","714392"
"JH378140","1343085","1343391","KQ053421v1","5610673","5610968","84","4267588"
"JH378140","1543765","1544011","KQ057901v1","868884","869144","81","674881"
"JH378140","1642669","1642966","KQ053421v1","5610673","5610968","65","3968004"
"JH378140","1674578","1674872","KQ053421v1","5610673","5610968","84","3936095"
"JH378140","1722864","1723151","KQ058242v1","595939","596205","72","1126925"
"JH378140","1733112","1733431","KQ055267v1","513773","514088","84","1219339"
"JH378140","1786902","1787204","KQ053421v1","5610673","5610968","76","3823771"
"JH378140","1840664","1840958","KQ053421v1","5610673","5610968","76","3770009"
"JH378140","1849665","1849957","KQ053421v1","5610673","5610968","76","3761008"
"JH378140","1913074","1913376","KQ055267v1","513773","514088","71","1399301"
"JH378140","1945136","1945425","KQ053421v1","5610673","5610968","76","3665537"
"JH378140","2013197","2013491","KQ053421v1","5610673","5610968","86","3597476"
"JH378140","2158114","2158263","KQ057821v1","3059321","3059481","52","901207"
"JH378140","2162815","2163125","KQ055267v1","513773","514088","70","1649042"
"JH378140","2172298","2172575","KQ054815v1","2215557","2215844","82","43259"
"JH378140","2263104","2263413","KQ055352v1","6003171","6003466","72","3740067"
"JH378140","2398460","2398763","KQ055352v1","6003171","6003466","71","3604711"
"JH378140","2448424","2448711","KQ058242v1","595939","596205","92","1852485"
"JH378140","2456125","2456342","KQ053234v1","1414405","1414609","68","1041720"
"JH378140","2483988","2484293","KQ055352v1","6003171","6003466","69","3519183"
"JH378140","2513293","2513567","KQ057186v1","783828","784085","71","1729465"
"JH378140","2518460","2518770","KQ055352v1","6003171","6003466","72","3484711"
"JH378140","2522157","2522289","KQ053398v1","2623748","2623879","40","101591"
"JH378140","2654852","2655163","KQ055352v1","6003171","6003466","72","3348319"
"JH378140","2659272","2659573","KQ055862v1","1305285","1305561","74","1353987"
"JH378140","2687442","2687736","KQ053421v1","5610673","5610968","69","2923231"
"JH378140","2773164","2773458","KQ053421v1","5610673","5610968","73","2837509"
"JH378140","2805627","2805936","KQ053421v1","5610673","5610968","74","2805046"
"JH378140","2812031","2812334","KQ055352v1","6003171","6003466","72","3191140"
"JH378140","2890822","2891054","KQ058242v1","595939","596205","80","2294883"
"JH378140","3037752","3038041","KQ053421v1","5610673","5610968","84","2572921"
"JH378140","3096393","3096685","KQ053421v1","5610673","5610968","79","2514280"
"JH378140","3136883","3137182","KQ053421v1","5610673","5610968","78","2473790"
"JH378140","3266714","3267013","KQ053421v1","5610673","5610968","68","2343959"
"JH378140","3267045","3267179","KQ054401v1","3363241","3363379","33","96196"
"JH378140","3353850","3354135","KQ053421v1","5610673","5610968","80","2256823"
"JH378140","3371155","3371454","KQ053421v1","5610673","5610968","75","2239518"
"JH378140","3398641","3398948","KQ055267v1","513773","514088","72","2884868"
"JH378140","3440969","3441266","KQ053421v1","5610673","5610968","85","2169704"
"JH378140","3495161","3495466","KQ055352v1","6003171","6003466","71","2508010"
"JH378140","3566351","3566647","KQ053421v1","5610673","5610968","79","2044322"
"JH378140","3569931","3570140","KQ056064v1","326763","326940","90","3243168"
"JH378140","3791817","3792092","KQ058242v1","595939","596205","88","3195878"
"JH378140","3845505","3845670","KQ054510v1","7582269","7582431","42","3736764"
"JH378140","3915422","3915776","KQ053421v1","5610673","5610968","119","1695251"
"JH378140","3946290","3946609","KQ055267v1","513773","514088","85","3432517"
"JH378140","3949306","3949616","KQ053421v1","5610673","5610968","92","1661367"
"JH378140","3999660","3999947","KQ053421v1","5610673","5610968","80","1611013"
"JH378140","4043185","4043467","KQ058242v1","595939","596205","75","3447246"
"JH378140","4081862","4082164","KQ053421v1","5610673","5610968","73","1528811"
"JH378140","4122248","4122576","KQ055267v1","513773","514088","90","3608475"
"JH378140","4212005","4212309","KQ053421v1","5610673","5610968","72","1398668"
"JH378140","4256507","4256820","KQ055267v1","513773","514088","86","3742734"
"JH378140","4329473","4329780","KQ053421v1","5610673","5610968","75","1281200"
"JH378140","4354144","4354439","KQ053421v1","5610673","5610968","68","1256529"
"JH378140","4390895","4391189","KQ053421v1","5610673","5610968","80","1219778"
"JH378140","4419521","4419777","KQ058427v1","6786866","6787134","84","2367345"
"JH378140","4421905","4422224","KQ053421v1","5610673","5610968","85","1188768"
"JH378140","4441998","4442118","KQ053398v1","2623748","2623879","40","1818250"
"JH378140","4443209","4443519","KQ055352v1","6003171","6003466","75","1559962"
"JH378140","4497924","4498213","KQ053421v1","5610673","5610968","78","1112749"
"JH378140","4501539","4501841","KQ053421v1","5610673","5610968","68","1109134"
"JH378140","4532701","4532993","KQ053421v1","5610673","5610968","72","1077972"
"JH378140","4545914","4546188","KQ055862v1","1305285","1305561","91","3240629"
"JH378140","4565829","4565995","KQ052968v1","13665640","13665790","59","9099811"
"JH378140","4566591","4566756","KQ056064v1","326763","326940","62","4239828"
"JH378140","4677518","4677812","KQ055862v1","1305285","1305561","87","3372233"
"JH378140","4703099","4703401","KQ053421v1","5610673","5610968","72","907574"
"JH378140","4722725","4722915","KQ056064v1","326763","326940","56","4395962"
"JH378140","4835693","4835992","KQ054713v1","1437239","1437526","93","3398454"
"JH378140","4839582","4839859","KQ053421v1","5610673","5610968","79","771091"
"JH378140","4860939","4861216","KQ055267v1","513773","514088","94","4347166"
"JH378140","4866562","4866855","KQ053421v1","5610673","5610968","70","744111"
"JH378140","4875318","4875624","KQ053421v1","5610673","5610968","78","735355"
"JH378140","4900210","4900475","KQ053421v1","5610673","5610968","91","710463"
"JH378140","4919560","4919652","KQ056235v1","1266284","1266361","27","3653276"
"JH378140","4924382","4924592","KQ058274v1","300327","300497","78","4624055"
"JH378140","4932223","4932514","KQ058640v1","643463","643729","82","4288760"
"JH378140","4957240","4957546","KQ055352v1","6003171","6003466","73","1045931"
"JH378140","4962946","4963234","KQ053421v1","5610673","5610968","79","647727"
"JH378140","4965074","4965373","KQ053421v1","5610673","5610968","74","645599"
"JH378140","4987091","4987312","KQ057186v1","783828","784085","86","4203263"
"JH378140","5003114","5003422","KQ053421v1","5610673","5610968","92","607559"
"JH378140","5007398","5007705","KQ053421v1","5610673","5610968","74","603275"
"JH378140","5011076","5011364","KQ053421v1","5610673","5610968","81","599597"
"JH378140","5041213","5041433","KQ056005v1","1024192","1024395","72","4017021"
"JH378140","5043270","5043407","KQ053398v1","2623748","2623879","34","2419522"
"JH378140","5059200","5059322","KQ053398v1","2623748","2623879","38","2435452"
"JH378140","5077140","5077329","KQ056064v1","326763","326940","52","4750377"
"JH378140","5077681","5077966","KQ053421v1","5610673","5610968","96","532992"
"JH378140","5226369","5226667","KQ053421v1","5610673","5610968","87","384304"
"JH378140","5282851","5283090","KQ058242v1","595939","596205","76","4686912"
"JH378140","5322087","5322396","KQ055267v1","513773","514088","73","4808314"
"JH378140","5373964","5374218","KQ058242v1","595939","596205","70","4778025"
"JH378140","5382290","5382474","KQ053993v1","1251070","1251235","45","4131220"
"JH378140","5446440","5446730","KQ053421v1","5610673","5610968","71","164233"
"JH378140","5489336","5489646","KQ053421v1","5610673","5610968","72","121337"
"JH378140","5520527","5520744","KQ055662v1","1890465","1890674","54","3630062"
"JH378140","5520845","5520914","KQ056279v1","759081","759162","26","4761764"
"JH378140","5521711","5521925","KQ055717v1","1610777","1611031","91","3910934"
"JH378140","5578341","5578683","KQ053135v1","5034940","5035266","109","543401"
"JH378140","5673141","5673407","KQ058640v1","643463","643729","92","5029678"
"JH378140","5676722","5677025","KQ053421v1","5610673","5610968","80","66049"
"JH378140","5706233","5706542","KQ055352v1","6003171","6003466","70","296938"
"JH378140","5713623","5713910","KQ053421v1","5610673","5610968","74","102950"
"JH378140","5727981","5728235","KQ058339v1","4553625","4553889","73","1174356"
"JH378140","5739172","5739464","KQ053421v1","5610673","5610968","72","128499"
"JH378140","5764677","5764970","KQ055267v1","513773","514088","88","5250904"
"JH378140","5775693","5775991","KQ053421v1","5610673","5610968","81","165020"
"JH378140","5785293","5785595","KQ053421v1","5610673","5610968","78","174620"
"JH378140","5803440","5803545","KQ056493v1","2043382","2043488","34","3760058"
"JH378140","5809120","5809398","KQ058242v1","595939","596205","75","5213181"
"JH378140","5838103","5838415","KQ058427v1","7786546","7786853","76","1948443"
"JH378140","5919531","5919828","KQ055862v1","1305285","1305561","82","4614246"
"JH378140","5928506","5928859","KQ053135v1","5034940","5035266","116","893566"
"JH378140","6051392","6051683","KQ053421v1","5610673","5610968","77","440719"
"JH378140","6063913","6064203","KQ053421v1","5610673","5610968","81","453240"
"JH378140","6097613","6097975","KQ053059v1","2548766","2549102","180","3548847"
"JH378140","6107522","6107838","KQ053421v1","5610673","5610968","91","496849"
"JH378140","6124993","6125312","KQ058427v1","7786546","7786853","88","1661553"
"JH378140","6169544","6169847","KQ053421v1","5610673","5610968","77","558871"
"JH378140","6338679","6338826","KQ057449v1","1214348","1214489","48","5124331"
"JH378140","6350296","6350607","KQ055267v1","513773","514088","70","5836523"
"JH378140","6388797","6389091","KQ053421v1","5610673","5610968","82","778124"
"JH378140","6392983","6393288","KQ055352v1","6003171","6003466","87","389812"
"JH378140","6402614","6402910","KQ053421v1","5610673","5610968","66","791941"
"JH378140","6483677","6483943","KQ053421v1","5610673","5610968","86","873004"
"JH378140","6503108","6503415","KQ055267v1","513773","514088","77","5989335"
"JH378140","6513859","6514063","KQ056064v1","326763","326940","72","6187096"
"JH378140","6515718","6516006","KQ058640v1","643463","643729","71","5872255"
"JH378140","6527170","6527305","KQ056911v1","1421731","1421862","43","5105439"
"JH378140","6653556","6653844","KQ053421v1","5610673","5610968","79","1042883"
"JH378140","6740711","6741026","KQ055267v1","513773","514088","83","6226938"
"JH378140","6794018","6794273","KQ058242v1","595939","596205","74","6198079"
"JH378140","6799461","6799626","KQ057449v1","1214348","1214489","50","5585113"
"JH378140","6826883","6827172","KQ053421v1","5610673","5610968","71","1216210"
"JH378140","6862695","6862981","KQ053421v1","5610673","5610968","88","1252022"
"JH378140","6874789","6874852","KQ055247v1","3278175","3278224","26","3596614"
"JH378140","6875698","6875894","KQ058594v1","5950443","5950621","59","925255"
"JH378140","6878825","6879101","KQ053785v1","888769","889063","76","5990056"
"JH378140","6885354","6885671","KQ055267v1","513773","514088","86","6371581"
"JH378140","6902388","6902698","KQ053421v1","5610673","5610968","80","1291715"
"JH378140","6929084","6929404","KQ053421v1","5610673","5610968","89","1318411"
"JH378140","6934187","6934490","KQ053421v1","5610673","5610968","78","1323514"
"JH378140","6979829","6980059","KQ058242v1","595939","596205","88","6383890"
"JH378140","6996746","6997061","KQ053421v1","5610673","5610968","93","1386073"
"JH378140","7008304","7008609","KQ055352v1","6003171","6003466","70","1005133"
"JH378140","7019736","7020039","KQ053421v1","5610673","5610968","71","1409063"
"JH378140","7121716","7122008","KQ053421v1","5610673","5610968","80","1511043"
"JH378140","7138851","7139109","KQ058505v1","2207051","2207301","80","4931800"
"JH378140","7143278","7143581","KQ055352v1","6003171","6003466","69","1140107"
"JH378140","7190495","7190791","KQ053421v1","5610673","5610968","70","1579822"
"JH378140","7190969","7191272","KQ053421v1","5610673","5610968","74","1580296"
"JH378140","7324112","7324248","KQ053398v1","2623748","2623879","40","4700364"
"JH378140","7347157","7347460","KQ058427v1","7786546","7786853","69","439389"
"JH378140","7460654","7460971","KQ053421v1","5610673","5610968","87","1849981"
"JH378140","7544629","7544826","KQ055140v1","659740","659924","63","6884889"
"JH378140","7751807","7752105","KQ055352v1","6003171","6003466","79","1748636"
"JH378140","7770872","7771179","KQ053421v1","5610673","5610968","79","2160199"
"JH378140","7783526","7783841","KQ053421v1","5610673","5610968","89","2172853"
"JH378140","7795528","7795834","KQ058427v1","7786546","7786853","84","8982"
"JH378140","7798789","7799090","KQ053421v1","5610673","5610968","71","2188116"
"JH378140","7840153","7840462","KQ053421v1","5610673","5610968","72","2229480"
"JH378140","7841308","7841620","KQ058427v1","7786546","7786853","85","54762"
"JH378140","7846225","7846522","KQ053421v1","5610673","5610968","76","2235552"
"JH378140","7853357","7853662","KQ055352v1","6003171","6003466","69","1850186"
"JH378140","7861895","7862195","KQ053421v1","5610673","5610968","66","2251222"
"JH378140","7906701","7907008","KQ053421v1","5610673","5610968","80","2296028"
"JH378140","7916224","7916533","KQ055267v1","513773","514088","68","7402451"
"JH378140","7925095","7925393","KQ053421v1","5610673","5610968","70","2314422"
"JH378140","8019789","8020104","KQ053421v1","5610673","5610968","83","2409116"
"JH378140","8020423","8020718","KQ053421v1","5610673","5610968","73","2409750"
"JH378140","8040995","8041285","KQ053421v1","5610673","5610968","74","2430322"
"JH378140","8057311","8057610","KQ053421v1","5610673","5610968","79","2446638"
"JH378140","8105750","8105911","KQ053398v1","2623748","2623879","65","5482002"
"JH378140","8198365","8198664","KQ053421v1","5610673","5610968","75","2587692"
"JH378140","8293313","8293609","KQ053421v1","5610673","5610968","74","2682640"
"JH378140","8295624","8295924","KQ053421v1","5610673","5610968","82","2684951"
"JH378140","8353802","8353985","KQ055978v1","4311984","4312161","47","4041818"
"JH378140","8354263","8354395","KQ053398v1","2623748","2623879","32","5730515"
"JH378140","8494631","8494933","KQ058427v1","7786546","7786853","88","708085"
"JH378140","8528091","8528390","KQ058394v1","9655127","9655422","89","1127036"
"JH378140","8680333","8680636","KQ058427v1","7786546","7786853","74","893787"
"JH378140","8686036","8686344","KQ053421v1","5610673","5610968","77","3075363"
"JH378140","8711705","8711879","KQ058423v1","270754","270928","46","8440951"
"JH378140","8838453","8838746","KQ053421v1","5610673","5610968","80","3227780"
"JH378140","8861500","8861810","KQ053421v1","5610673","5610968","86","3250827"
"JH378140","9139425","9139586","KQ057161v1","453350","453459","73","8686075"
"JH378140","9170377","9170674","KQ053421v1","5610673","5610968","67","3559704"
"JH378140","9329458","9329546","KQ058316v1","2226037","2226104","38","7103421"
"JH378140","9329934","9330123","KQ058274v1","300327","300497","58","9029607"
"JH378140","9354893","9355202","KQ055267v1","513773","514088","79","8841120"
"JH378140","9359268","9359587","KQ055267v1","513773","514088","101","8845495"
"JH378140","9380269","9380450","KQ053993v1","1251070","1251235","47","8129199"
"JH378140","9445132","9445347","KQ055662v1","1890465","1890674","60","7554667"
"JH378140","9515311","9515633","KQ053059v1","2548766","2549102","103","6966545"
"JH378140","9573999","9574284","KQ053421v1","5610673","5610968","77","3963326"
"JH378140","9678762","9679065","KQ055267v1","513773","514088","94","9164989"
"JH378140","9692364","9692516","KQ054401v1","3363241","3363379","45","6329123"
"JH378140","9744959","9745260","KQ053421v1","5610673","5610968","61","4134286"
"JH378140","9756775","9757080","KQ053421v1","5610673","5610968","80","4146102"
"JH378140","9849299","9849601","KQ053421v1","5610673","5610968","87","4238626"
"JH378140","9950820","9951105","KQ053421v1","5610673","5610968","77","4340147"
"JH378140","10009285","10009588","KQ053421v1","5610673","5610968","75","4398612"
"JH378140","10091915","10092238","KQ053059v1","2548766","2549102","94","7543149"
"JH378140","10130841","10131104","KQ058242v1","595939","596205","65","9534902"
"JH378140","10219780","10220090","KQ055267v1","513773","514088","74","9706007"
"JH378140","10296025","10296325","KQ053421v1","5610673","5610968","78","4685352"
"JH378140","10366506","10366805","KQ053421v1","5610673","5610968","69","4755833"
"JH378140","10464456","10464768","KQ058427v1","7786546","7786853","83","2677910"
"JH378140","10491795","10492075","KQ057186v1","783828","784085","92","9707967"
"JH378140","10551563","10551860","KQ053421v1","5610673","5610968","82","4940890"
"JH378140","10734790","10735091","KQ053421v1","5610673","5610968","72","5124117"
"JH378140","10777161","10777455","KQ053421v1","5610673","5610968","79","5166488"
"JH378140","10830017","10830274","KQ058505v1","2207051","2207301","78","8622966"
"JH378140","10933337","10933630","KQ053421v1","5610673","5610968","70","5322664"
"JH378140","11023443","11023754","KQ053059v1","2548766","2549102","96","8474677"
"JH378140","11214159","11214458","KQ053421v1","5610673","5610968","66","5603486"
"JH378140","11286626","11286937","KQ055352v1","6003171","6003466","73","5283455"
"JH378140","11329238","11329547","KQ055352v1","6003171","6003466","74","5326067"
"JH378140","11343358","11343659","KQ055352v1","6003171","6003466","84","5340187"
"JH378140","11346952","11347257","KQ055267v1","513773","514088","77","10833179"
"JH378140","11462789","11463103","KQ058427v1","7786546","7786853","85","3676243"
"JH378140","11563565","11563874","KQ055267v1","513773","514088","77","11049792"
"JH378140","11590009","11590298","KQ053421v1","5610673","5610968","77","5979336"
"JH378140","11672739","11673049","KQ053421v1","5610673","5610968","75","6062066"
"JH378140","11722205","11722487","KQ053421v1","5610673","5610968","84","6111532"
"JH378140","11726558","11726821","KQ058242v1","595939","596205","80","11130619"
"JH378140","11883415","11883716","KQ053421v1","5610673","5610968","80","6272742"
"JH378140","11934573","11934879","KQ055352v1","6003171","6003466","69","5931402"
"JH378140","12085753","12086060","KQ055352v1","6003171","6003466","70","6082582"
"JH378140","12108387","12108688","KQ053421v1","5610673","5610968","79","6497714"
"JH378140","12250907","12251215","KQ055352v1","6003171","6003466","72","6247736"
"JH378140","12258316","12258625","KQ055267v1","513773","514088","69","11744543"
"JH378140","12394464","12394774","KQ055267v1","513773","514088","76","11880691"
"JH378140","12615441","12615740","KQ053421v1","5610673","5610968","75","7004768"
"JH378140","12690241","12690475","KQ058242v1","595939","596205","94","12094302"
"JH378140","12852862","12853159","KQ053421v1","5610673","5610968","85","7242189"
"JH378140","12871865","12872116","KQ058509v1","24058","24271","82","12847807"
"JH378140","12920394","12920689","KQ053421v1","5610673","5610968","70","7309721"
"JH378140","13197175","13197473","KQ053421v1","5610673","5610968","71","7586502"
"JH378140","13344755","13345064","KQ053421v1","5610673","5610968","70","7734082"
"JH378140","13377448","13377739","KQ053421v1","5610673","5610968","84","7766775"
"JH378140","13395575","13395862","KQ053421v1","5610673","5610968","75","7784902"
"JH378140","13444886","13445053","KQ053398v1","2627781","2627909","66","10817105"
"JH378140","13685817","13686123","KQ053421v1","5610673","5610968","73","8075144"
"JH378140","13770675","13770962","KQ054815v1","2215557","2215844","88","11555118"
"JH378140","13822362","13822641","KQ057186v1","783828","784085","84","13038534"
"JH378140","13865944","13866239","KQ053421v1","5610673","5610968","79","8255271"
"JH378140","13885831","13886128","KQ053421v1","5610673","5610968","75","8275158"
"JH378140","13896597","13896907","KQ053421v1","5610673","5610968","76","8285924"
"JH378140","13934488","13934779","KQ053421v1","5610673","5610968","82","8323815"
"JH378140","13943271","13943553","KQ053421v1","5610673","5610968","81","8332598"
"JH378140","13993027","13993325","KQ053421v1","5610673","5610968","71","8382354"
"JH378140","14102546","14102856","KQ055267v1","513773","514088","76","13588773"
"JH378140","14130748","14131048","KQ053421v1","5610673","5610968","75","8520075"
"JH378140","14217291","14217613","KQ055267v1","513773","514088","87","13703518"
"JH378140","14235453","14235582","KQ054401v1","3363241","3363379","46","10872212"
"JH378140","14249820","14250122","KQ053421v1","5610673","5610968","76","8639147"
"JH378140","14267660","14267962","KQ053421v1","5610673","5610968","67","8656987"
"JH378140","14336623","14336933","KQ055267v1","513773","514088","73","13822850"
"JH378140","14344511","14344820","KQ053421v1","5610673","5610968","80","8733838"
"JH378140","14351285","14351575","KQ053421v1","5610673","5610968","89","8740612"
"JH378140","14373558","14373863","KQ055352v1","6003171","6003466","75","8370387"
"JH378140","14384121","14384424","KQ055267v1","513773","514088","71","13870348"
"JH378140","14386103","14386388","KQ055862v1","1305285","1305561","83","13080818"
"JH378140","14396647","14396945","KQ053421v1","5610673","5610968","68","8785974"
"JH378140","14440831","14441125","KQ058394v1","9655127","9655422","83","4785704"
"JH378140","14481386","14481538","KQ058428v1","1396698","1396861","49","13084688"
"JH378140","14491940","14492244","KQ055352v1","6003171","6003466","69","8488769"
"JH378140","14515721","14516031","KQ055267v1","513773","514088","72","14001948"
"JH378140","14564502","14564797","KQ053421v1","5610673","5610968","83","8953829"
"JH378140","14665960","14666257","KQ053421v1","5610673","5610968","83","9055287"
"JH378140","14668744","14668971","KQ053234v1","1414405","1414609","74","13254339"
"JH378140","14672436","14672744","KQ055352v1","6003171","6003466","70","8669265"
"JH378140","14682145","14682371","ABDC02053644v1","2226","2419","88","14679919"
"JH378140","14753911","14754217","KQ058427v1","6786866","6787134","114","7967045"
"JH378140","14755267","14755538","KQ057186v1","783828","784085","76","13971439"
"JH378140","14906579","14906870","KQ053421v1","5610673","5610968","74","9295906"
"JH378140","15035618","15035915","KQ053421v1","5610673","5610968","69","9424945"
"JH378140","15503415","15503718","KQ053421v1","5610673","5610968","83","9892742"
"JH378140","15600569","15600879","KQ058427v1","7786546","7786853","72","7814023"
"JH378140","16281214","16281521","KQ055352v1","6003171","6003466","67","10278043"
"JH378140","16370915","16371031","KQ053398v1","2623748","2623879","44","13747167"
"JH378140","16425278","16425588","KQ058427v1","7786546","7786853","73","8638732"
"JH378140","16427282","16427537","KQ058339v1","4553625","4553889","82","11873657"
"JH378140","16470181","16470334","KQ058638v1","1837830","1837985","38","14632351"
"JH378140","16490344","16490636","KQ058394v1","9655127","9655422","79","6835217"
"JH378140","16756448","16756594","KQ053004v1","3064551","3064681","50","13691897"
"JH378140","16756744","16756875","KQ053398v1","2623748","2623879","37","14132996"
"JH378140","16777768","16778048","KQ053421v1","5610673","5610968","90","11167095"
"JH378140","16794962","16795278","KQ053421v1","5610673","5610968","89","11184289"
"JH378140","16804029","16804336","KQ055352v1","6003171","6003466","67","10800858"
"JH378140","16818027","16818318","KQ055862v1","1305285","1305561","89","15512742"
"JH378140","16826787","16826950","KQ054693v1","212570","212703","61","16614217"
"JH378140","16855617","16855925","KQ055352v1","6003171","6003466","72","10852446"
"JH378140","16879976","16880257","KQ058242v1","595939","596205","79","16284037"
"JH378140","16883958","16884216","KQ058505v1","2207051","2207301","86","14676907"
"JH378140","16992713","16992901","KQ058274v1","300327","300497","62","16692386"
"JH378140","17015706","17015823","KQ056493v1","2043382","2043488","44","14972324"
"JH378140","17029825","17030137","KQ058427v1","7786546","7786853","74","9243279"
"JH378140","17046541","17046791","KQ058640v1","643463","643729","93","16403078"
"JH378140","17048987","17049273","KQ058242v1","595939","596205","91","16453048"
"JH378140","17060898","17061175","KQ053421v1","5610673","5610968","92","11450225"
"JH378140","17082884","17083115","KQ058242v1","595939","596205","85","16486945"
"JH378140","17107371","17107665","KQ053421v1","5610673","5610968","86","11496698"
"JH378140","17150106","17150415","KQ055352v1","6003171","6003466","73","11146935"
"JH378140","17159385","17159694","KQ055267v1","513773","514088","77","16645612"
"JH378140","17161744","17162006","KQ058242v1","595939","596205","63","16565805"
"JH378140","17200455","17200738","KQ053421v1","5610673","5610968","79","11589782"
"JH378140","17204488","17204791","KQ055352v1","6003171","6003466","72","11201317"
"JH378140","17216076","17216386","KQ055267v1","513773","514088","73","16702303"
"JH378140","17231357","17231413","KQ054932v1","5044350","5044402","31","12187007"
"JH378140","17265832","17266118","KQ053421v1","5610673","5610968","82","11655159"
"JH378140","17287104","17287233","KQ053398v1","2627781","2627909","33","14659323"
"JH378140","17312124","17312298","KQ056064v1","326763","326940","68","16985361"
"JH378140","17312400","17312535","KQ054401v1","3363241","3363379","41","13949159"
"JH378140","17315870","17316173","KQ058427v1","7786546","7786853","84","9529324"
"JH378140","17335883","17336181","KQ055862v1","1305285","1305561","79","16030598"
"JH378140","17369810","17370088","KQ058242v1","595939","596205","73","16773871"
"JH378140","17380274","17380585","KQ058427v1","7786546","7786853","85","9593728"
"JH378140","17440056","17440376","KQ053421v1","5610673","5610968","99","11829383"
"JH378140","17447658","17447969","KQ055267v1","513773","514088","77","16933885"
"JH378140","17464307","17464620","KQ054815v1","2215557","2215844","99","15248750"
"JH378140","17485272","17485434","KQ057821v1","3059321","3059481","44","14425951"
"JH378140","17504160","17504447","KQ053421v1","5610673","5610968","88","11893487"
"JH378140","17507477","17507705","KQ052982v1","2032903","2033097","70","15474574"
"JH378140","17534823","17534950","KQ053398v1","2623748","2623879","36","14911075"
"JH378140","17581836","17582116","KQ058242v1","595939","596205","62","16985897"
"JH378140","17582726","17582886","KQ053267v1","1313653","1313811","38","16269073"
"JH378140","17599302","17599462","KQ053267v1","1313653","1313811","38","16285649"
"JH378140","17641577","17641861","KQ058242v1","595939","596205","81","17045638"
"JH378140","17769036","17769327","KQ053421v1","5610673","5610968","86","12158363"
"JH378140","17775541","17775833","KQ058427v1","7786546","7786853","90","9988995"
"JH378140","17916934","17917245","KQ055352v1","6003171","6003466","68","11913763"
"JH378140","17955542","17955845","KQ055267v1","513773","514088","78","17441769"
"JH378140","18037513","18037699","KQ058427v1","11113103","11113283","49","6924410"
"JH378140","18079338","18079635","KQ053421v1","5610673","5610968","67","12468665"
"JH378140","18223542","18223686","KQ056920v1","183120","183261","43","18040422"
"JH378140","18322624","18322940","KQ058640v1","643463","643729","96","17679161"
"JH378140","18446701","18447031","KQ053421v1","5610673","5610968","101","12836028"
"JH378140","18653535","18653838","KQ055352v1","6003171","6003466","89","12650364"
"JH378140","18686460","18686754","KQ053421v1","5610673","5610968","83","13075787"
"JH378140","18725795","18726106","KQ055267v1","513773","514088","84","18212022"
"JH378140","18736049","18736342","KQ053421v1","5610673","5610968","68","13125376"
"JH378140","18892016","18892306","KQ055862v1","1305285","1305561","86","17586731"
"JH378140","19165037","19165339","KQ055267v1","513773","514088","85","18651264"
"JH378140","19242233","19242505","KQ058339v1","4553625","4553889","79","14688608"
"JH378140","19322769","19323064","KQ053421v1","5610673","5610968","82","13712096"
"JH378140","19533212","19533261","KQ054964v1","503921","503962","24","19029291"
"JH378141","38239","38460","KQ052982v1","2032903","2033097","74","1994664"
"JH378141","319531","319826","KQ055267v1","513773","514088","95","194242"
"JH378141","324677","324987","KQ055352v1","6003171","6003466","86","5678494"
"JH378141","350655","350964","KQ053421v1","5610673","5610968","75","5260018"
"JH378141","384213","384509","KQ053421v1","5610673","5610968","71","5226460"
"JH378141","443137","443440","KQ053421v1","5610673","5610968","80","5167536"
"JH378141","464481","464783","KQ055267v1","513773","514088","71","49292"
"JH378141","477137","477439","KQ053421v1","5610673","5610968","71","5133536"
"JH378141","745246","745556","KQ055267v1","513773","514088","72","231473"
"JH378141","848304","848597","KQ058427v1","7786546","7786853","89","6938242"
"JH378141","1040546","1040853","KQ055267v1","513773","514088","70","526773"
"JH378141","1052344","1052650","KQ055352v1","6003171","6003466","71","4950827"
"JH378141","1423055","1423343","KQ058427v1","7786546","7786853","95","6363491"
"JH378141","1423811","1424118","KQ053421v1","5610673","5610968","70","4186862"
"JH378141","1428483","1428783","KQ053421v1","5610673","5610968","71","4182190"
"JH378141","1616652","1616962","KQ055352v1","6003171","6003466","71","4386519"
"JH378141","1647788","1648095","KQ055267v1","513773","514088","72","1134015"
"JH378141","1724935","1725227","KQ053421v1","5610673","5610968","85","3885738"
"JH378141","1799651","1799957","KQ053421v1","5610673","5610968","75","3811022"
"JH378141","1820372","1820670","KQ053421v1","5610673","5610968","79","3790301"
"JH378141","1909837","1910132","KQ053421v1","5610673","5610968","83","3700836"
"JH378141","2183927","2184239","KQ053421v1","5610673","5610968","96","3426746"
"JH378141","2231700","2232028","KQ053059v1","2548766","2549102","94","317066"
"JH378141","2294439","2294741","KQ058427v1","7786546","7786853","92","5492107"
"JH378141","2313327","2313577","KQ058242v1","595939","596205","77","1717388"
"JH378141","2348740","2348870","KQ053398v1","2623748","2623879","30","275008"
"JH378141","2381489","2381768","KQ057186v1","783828","784085","76","1597661"
"JH378141","2404930","2405216","KQ054815v1","2215557","2215844","82","189373"
"JH378141","2424043","2424351","KQ058427v1","7786546","7786853","80","5362503"
"JH378141","2424361","2424663","KQ053421v1","5610673","5610968","79","3186312"
"JH378141","2432033","2432134","KQ056613v1","139721","139816","51","2292312"
"JH378141","2435234","2435350","KQ056493v1","2043382","2043488","42","391852"
"JH378141","2479581","2479865","KQ053421v1","5610673","5610968","86","3131092"
"JH378141","2603995","2604161","KQ053398v1","2627781","2627909","72","23786"
"JH378141","2640517","2640779","KQ056321v1","575951","576190","81","2064566"
"JH378141","2819931","2820189","KQ058509v1","24058","24271","93","2795873"
"JH378141","2881321","2881534","KQ055662v1","1890465","1890674","63","990856"
"JH378141","2918426","2918728","KQ058394v1","9655127","9655422","78","6736701"
"JH378141","2935274","2935385","KQ056493v1","2043382","2043488","46","891892"
"JH378141","3051486","3051687","KQ056064v1","326763","326940","63","2724723"
"JH378141","3076170","3076467","KQ053421v1","5610673","5610968","71","2534503"
"JH378141","3093076","3093391","KQ053421v1","5610673","5610968","76","2517597"
"JH378141","3300023","3300316","KQ053421v1","5610673","5610968","82","2310650"
"JH378141","3535666","3535956","KQ058427v1","6786866","6787134","92","3251200"
"JH378141","4007895","4008189","KQ053421v1","5610673","5610968","75","1602778"
"JH378141","4151146","4151439","KQ053421v1","5610673","5610968","82","1459527"
"JH378141","4267067","4267348","KQ053421v1","5610673","5610968","76","1343606"
"JH378141","4387972","4388239","KQ053883v1","6938067","6938331","89","2550095"
"JH378141","4604960","4605260","KQ055267v1","513773","514088","87","4091187"
"JH378141","4750446","4750757","KQ055267v1","513773","514088","88","4236673"
"JH378141","5312398","5312706","KQ058427v1","7786546","7786853","71","2474148"
"JH378141","5500341","5500631","KQ053421v1","5610673","5610968","73","110332"
"JH378141","5524268","5524400","KQ053398v1","2627781","2627909","32","2896487"
"JH378141","5602592","5602935","KQ053059v1","2548766","2549102","103","3053826"
"JH378141","5604498","5604705","ABDC02053644v1","2226","2419","94","5602272"
"JH378141","5613177","5613475","KQ053421v1","5610673","5610968","88","2504"
"JH378141","5701001","5701286","KQ054815v1","2215557","2215844","73","3485444"
"JH378141","5738607","5738901","KQ053421v1","5610673","5610968","70","127934"
"JH378141","5965636","5965884","KQ058242v1","595939","596205","89","5369697"
"JH378141","6046056","6046356","KQ053421v1","5610673","5610968","71","435383"
"JH378141","6082712","6083035","KQ055267v1","513773","514088","91","5568939"
"JH378141","6083624","6083842","KQ056064v1","326763","326940","79","5756861"
"JH378141","6089567","6089850","KQ055267v1","513773","514088","96","5575794"
"JH378141","6123777","6124037","KQ058505v1","2207051","2207301","81","3916726"
"JH378141","6161252","6161533","KQ053421v1","5610673","5610968","76","550579"
"JH378141","6236379","6236690","KQ058427v1","7786546","7786853","84","1550167"
"JH378141","6603447","6603577","KQ053398v1","2623748","2623879","35","3979699"
"JH378141","6762205","6762432","KQ057380v1","3344874","3345081","65","3417331"
"JH378141","7139397","7139566","KQ056064v1","326763","326940","62","6812634"
"JH378141","7343878","7344179","KQ053421v1","5610673","5610968","72","1733205"
"JH378141","7417813","7418105","KQ055352v1","6003171","6003466","71","1414642"
"JH378141","7517469","7517745","KQ053421v1","5610673","5610968","82","1906796"
"JH378141","7629310","7629606","KQ055862v1","1305285","1305561","85","6324025"
"JH378141","7634060","7634262","KQ058594v1","5950443","5950621","85","1683617"
"JH378141","7719287","7719600","KQ055267v1","513773","514088","73","7205514"
"JH378141","7753492","7753788","KQ053421v1","5610673","5610968","77","2142819"
"JH378141","7812453","7812762","KQ055267v1","513773","514088","88","7298680"
"JH378141","7836173","7836475","KQ053421v1","5610673","5610968","80","2225500"
"JH378141","7871838","7871984","KQ053398v1","2623748","2623879","54","5248090"
"JH378141","7878121","7878313","KQ052982v1","2032903","2033097","49","5845218"
"JH378141","7884318","7884610","KQ053421v1","5610673","5610968","68","2273645"
"JH378141","7985353","7985650","KQ053421v1","5610673","5610968","82","2374680"
"JH378141","8076051","8076341","KQ053421v1","5610673","5610968","75","2465378"
"JH378141","8113592","8113885","KQ053421v1","5610673","5610968","70","2502919"
"JH378141","8342045","8342346","KQ053421v1","5610673","5610968","71","2731372"
"JH378141","8351943","8352084","KQ053398v1","2623748","2623879","36","5728195"
"JH378141","8455359","8455655","KQ053421v1","5610673","5610968","63","2844686"
"JH378141","8467434","8467732","KQ053421v1","5610673","5610968","76","2856761"
"JH378141","8503417","8503713","KQ053421v1","5610673","5610968","68","2892744"
"JH378141","8511402","8511712","KQ053421v1","5610673","5610968","78","2900729"
"JH378141","8548480","8548776","KQ053421v1","5610673","5610968","77","2937807"
"JH378141","8552841","8553122","KQ058427v1","6786866","6787134","86","1765975"
"JH378141","8600979","8601271","KQ058394v1","9655127","9655422","87","1054148"
"JH378141","8601272","8601567","KQ053421v1","5610673","5610968","72","2990599"
"JH378141","8622648","8622927","KQ054815v1","2215557","2215844","80","6407091"
"JH378141","8633611","8633888","KQ057186v1","783828","784085","80","7849783"
"JH378141","8688727","8689024","KQ053421v1","5610673","5610968","68","3078054"
"JH378141","8796194","8796400","KQ055662v1","1890465","1890674","65","6905729"
"JH378141","8864318","8864600","KQ053421v1","5610673","5610968","83","3253645"
"JH378141","8886749","8887047","KQ053421v1","5610673","5610968","83","3276076"
"JH378141","8940718","8940998","KQ053421v1","5610673","5610968","79","3330045"
"JH378141","9014942","9015115","KQ058423v1","270754","270928","36","8744188"
"JH378141","9085295","9085426","KQ053398v1","2623748","2623879","32","6461547"
"JH378141","9107596","9107906","KQ055267v1","513773","514088","85","8593823"
"JH378141","9198996","9199304","KQ058427v1","7786546","7786853","87","1412450"
"JH378141","9247496","9247811","KQ053421v1","5610673","5610968","84","3636823"
"JH378141","9252672","9252813","KQ057161v1","453350","453459","49","8799322"
"JH378141","9263458","9263765","KQ053421v1","5610673","5610968","86","3652785"
"JH378141","9264614","9264740","KQ053398v1","2623748","2623879","32","6640866"
"JH378141","9342618","9342900","KQ053421v1","5610673","5610968","79","3731945"
"JH378141","9344900","9345208","KQ053421v1","5610673","5610968","98","3734227"
"JH378141","9375585","9375884","KQ053421v1","5610673","5610968","73","3764912"
"JH378141","9395990","9396306","KQ053421v1","5610673","5610968","81","3785317"
"JH378141","9409809","9410097","KQ053421v1","5610673","5610968","88","3799136"
"JH378141","9471239","9471548","KQ055352v1","6003171","6003466","73","3468068"
"JH378141","9522374","9522556","KQ057449v1","1214348","1214489","69","8308026"
"JH378141","9546499","9546824","KQ053059v1","2548766","2549102","93","6997733"
"JH378141","9615806","9616105","KQ058427v1","7786546","7786853","86","1829260"
"JH378141","9627723","9627829","KQ056279v1","759081","759162","40","8868642"
"JH378141","9649078","9649366","KQ053421v1","5610673","5610968","77","4038405"
"JH378141","9677269","9677646","KQ053059v1","2548766","2549102","141","7128503"
"JH378141","9684384","9684628","KQ058242v1","595939","596205","77","9088445"
"JH378141","9738885","9739195","KQ055267v1","513773","514088","75","9225112"
"JH378141","9763438","9763678","KQ058242v1","595939","596205","74","9167499"
"JH378141","9764106","9764404","KQ053421v1","5610673","5610968","81","4153433"
"JH378141","9790203","9790461","KQ053883v1","6938067","6938331","81","2852136"
"JH378141","9791609","9791904","KQ053421v1","5610673","5610968","68","4180936"
"JH378141","9794602","9794899","KQ053421v1","5610673","5610968","77","4183929"
"JH378141","9868994","9869105","KQ055717v1","1610376","1610476","47","8258618"
"JH378141","9881330","9881471","KQ054401v1","3363241","3363379","38","6518089"
"JH378141","9893683","9893980","KQ053421v1","5610673","5610968","68","4283010"
"JH378141","9895440","9895748","KQ053785v1","888769","889063","99","9006671"
"JH378141","9902936","9903060","KQ053398v1","2623748","2623879","38","7279188"
"JH378141","9911299","9911460","KQ058423v1","270754","270928","49","9640545"
"JH378141","9933886","9934094","KQ053234v1","1679581","1679757","79","8254305"
"JH378141","9981262","9981566","KQ053421v1","5610673","5610968","84","4370589"
"JH378141","9997604","9997846","KQ057901v1","868884","869144","84","9128720"
"JH378141","10049770","10049898","KQ053398v1","2623748","2623879","38","7426022"
"JH378141","10084805","10085041","KQ055717v1","1610777","1611031","80","8474028"
"JH378141","10136532","10136834","KQ053421v1","5610673","5610968","72","4525859"
"JH378141","10142435","10142650","KQ055662v1","1890465","1890674","67","8251970"
"JH378141","10156607","10156791","KQ058274v1","300327","300497","55","9856280"
"JH378141","10157265","10157355","KQ058316v1","2226037","2226104","38","7931228"
"JH378141","10183744","10184041","KQ053421v1","5610673","5610968","71","4573071"
"JH378141","10224217","10224392","KQ058274v1","300327","300497","54","9923890"
"JH378141","10346065","10346366","KQ053421v1","5610673","5610968","81","4735392"
"JH378141","10366115","10366411","KQ053421v1","5610673","5610968","72","4755442"
"JH378141","10399898","10400193","KQ053421v1","5610673","5610968","74","4789225"
"JH378141","10442826","10443058","KQ058242v1","595939","596205","77","9846887"
"JH378141","10443131","10443203","KQ058561v1","4800360","4800424","36","5642771"
"JH378141","10505081","10505361","KQ058242v1","595939","596205","75","9909142"
"JH378141","10533394","10533632","KQ057901v1","868884","869144","72","9664510"
"JH378141","10585003","10585299","KQ053421v1","5610673","5610968","74","4974330"
"JH378141","10687584","10687908","KQ055267v1","513773","514088","91","10173811"
"JH378141","10706902","10707201","KQ053421v1","5610673","5610968","72","5096229"
"JH378141","10748308","10748607","KQ053421v1","5610673","5610968","80","5137635"
"JH378141","10791332","10791636","KQ055352v1","6003171","6003466","86","4788161"
"JH378141","10831964","10832249","KQ058242v1","595939","596205","77","10236025"
"JH378141","10840801","10840927","KQ053398v1","2623748","2623879","33","8217053"
"JH378141","10909303","10909346","KQ057381v1","863201","863243","11","10046102"
"JH378141","10911917","10912230","KQ058427v1","7786546","7786853","77","3125371"
"JH378141","11027699","11027995","KQ053421v1","5610673","5610968","79","5417026"
"JH378141","11135864","11136163","KQ053421v1","5610673","5610968","73","5525191"
"JH378141","11151846","11152137","KQ053421v1","5610673","5610968","75","5541173"
"JH378141","11165629","11165928","KQ053421v1","5610673","5610968","72","5554956"
"JH378141","11205830","11206134","KQ053421v1","5610673","5610968","69","5595157"
"JH378141","11209752","11210051","KQ055862v1","1305285","1305561","87","9904467"
"JH378141","11210473","11210768","KQ053421v1","5610673","5610968","66","5599800"
"JH378141","11284072","11284230","KQ055914v1","670963","671119","43","10613109"
"JH378141","11292751","11292954","KQ058594v1","5950443","5950621","86","5342308"
"JH378141","11299272","11299565","KQ055267v1","513773","514088","86","10785499"
"JH378141","11312204","11312508","KQ053421v1","5610673","5610968","78","5701531"
"JH378141","11434551","11434825","KQ053421v1","5610673","5610968","93","5823878"
"JH378141","11484508","11484594","KQ055214v1","1493444","1493515","41","9991064"
"JH378141","11584680","11584996","KQ058427v1","7786546","7786853","83","3798134"
"JH378141","11606682","11606976","KQ053421v1","5610673","5610968","79","5996009"
"JH378141","11803988","11804183","KQ058594v1","1033101","1033292","53","10770887"
"JH378141","11988420","11988722","KQ053421v1","5610673","5610968","67","6377747"
"JH378141","11994716","11995018","KQ053421v1","5610673","5610968","78","6384043"
"JH378141","12086638","12086945","KQ055267v1","513773","514088","83","11572865"
"JH378141","12141454","12141624","KQ053718v1","2495418","2495575","43","9646036"
"JH378141","12155806","12156078","KQ053421v1","5610673","5610968","83","6545133"
"JH378141","12190312","12190616","KQ053421v1","5610673","5610968","70","6579639"
"JH378141","12216710","12217008","KQ053421v1","5610673","5610968","71","6606037"
"JH378141","12223090","12223393","KQ053421v1","5610673","5610968","74","6612417"
"JH378141","12225689","12225979","KQ053421v1","5610673","5610968","82","6615016"
"JH378141","12254635","12254946","KQ055352v1","6003171","6003466","74","6251464"
"JH378141","12264196","12264519","KQ055267v1","513773","514088","85","11750423"
"JH378141","12295748","12296054","KQ055352v1","6003171","6003466","72","6292577"
"JH378141","12318106","12318411","KQ055352v1","6003171","6003466","69","6314935"
"JH378141","12365792","12365922","KQ053398v1","2623748","2623879","30","9742044"
"JH378141","12382036","12382305","KQ058242v1","595939","596205","67","11786097"
"JH378141","12389500","12389802","KQ053421v1","5610673","5610968","77","6778827"
"JH378141","12463838","12464138","KQ055267v1","513773","514088","77","11950065"
"JH378141","12475282","12475560","KQ058242v1","595939","596205","72","11879343"
"JH378141","12543904","12544206","KQ053421v1","5610673","5610968","84","6933231"
"JH378141","12545447","12545745","KQ055267v1","513773","514088","75","12031674"
"JH378141","12600611","12600910","KQ053421v1","5610673","5610968","83","6989938"
"JH378141","12617566","12617882","KQ053421v1","5610673","5610968","83","7006893"
"JH378141","12643664","12643962","KQ053421v1","5610673","5610968","68","7032991"
"JH378141","12711008","12711316","KQ055862v1","1305285","1305561","85","11405723"
"JH378141","12748830","12749129","KQ053421v1","5610673","5610968","70","7138157"
"JH378141","12749133","12749426","KQ053421v1","5610673","5610968","80","7138460"
"JH378141","12770665","12770954","KQ053421v1","5610673","5610968","84","7159992"
"JH378141","12868821","12869148","KQ053421v1","5610673","5610968","84","7258148"
"JH378141","12878869","12879164","KQ053421v1","5610673","5610968","69","7268196"
"JH378141","12892238","12892558","KQ058427v1","7786546","7786853","85","5105692"
"JH378141","12923436","12923737","KQ053421v1","5610673","5610968","69","7312763"
"JH378141","12924298","12924592","KQ053421v1","5610673","5610968","69","7313625"
"JH378141","13011959","13012256","KQ053421v1","5610673","5610968","74","7401286"
"JH378141","13079752","13080017","KQ058242v1","595939","596205","61","12483813"
"JH378141","13096157","13096448","KQ053421v1","5610673","5610968","79","7485484"
"JH378141","13099262","13099563","KQ053421v1","5610673","5610968","77","7488589"
"JH378141","13141744","13142031","KQ053421v1","5610673","5610968","82","7531071"
"JH378141","13167017","13167292","KQ058427v1","7786546","7786853","96","5380471"
"JH378141","13171010","13171139","KQ053398v1","2623748","2623879","33","10547262"
"JH378141","13184332","13184643","KQ055352v1","6003171","6003466","73","7181161"
"JH378141","13206457","13206747","KQ053421v1","5610673","5610968","78","7595784"
"JH378141","13233904","13234201","KQ053421v1","5610673","5610968","75","7623231"
"JH378141","13254407","13254697","KQ053421v1","5610673","5610968","85","7643734"
"JH378141","13275618","13275931","KQ053421v1","5610673","5610968","85","7664945"
"JH378141","13356221","13356532","KQ055352v1","6003171","6003466","70","7353050"
"JH378141","13369534","13369842","KQ053421v1","5610673","5610968","78","7758861"
"JH378141","13397183","13397317","KQ053004v1","3064551","3064681","37","10332632"
"JH378141","13409990","13410272","KQ053785v1","888769","889063","89","12521221"
"JH378141","13440307","13440603","KQ053421v1","5610673","5610968","79","7829634"
"JH378141","13456038","13456323","KQ054815v1","2215557","2215844","78","11240481"
"JH378141","13462465","13462750","KQ058339v1","4553625","4553889","77","8908840"
"JH378141","13518125","13518429","KQ053421v1","5610673","5610968","84","7907452"
"JH378141","13572466","13572516","KQ057909v1","13179999","13180035","23","392467"
"JH378141","13687053","13687362","KQ055352v1","6003171","6003466","68","7683882"
"JH378141","13858438","13858714","KQ058427v1","6786866","6787134","84","7071572"
"JH378141","13951773","13952107","KQ053421v1","5610673","5610968","170","8341100"
"JH378141","13953764","13954058","KQ053421v1","5610673","5610968","67","8343091"
"JH378141","14148830","14148877","KQ053827v1","2325611","2325650","26","11823219"
"JH378141","14149151","14149169","KQ053883v1","4947691","4947709","6","9201460"
"JH378141","14149237","14149358","KQ054401v1","3363241","3363379","44","10785996"
"JH378141","14169586","14169891","KQ055352v1","6003171","6003466","70","8166415"
"JH378141","14232074","14232370","KQ053421v1","5610673","5610968","66","8621401"
"JH378141","14251491","14251714","KQ052982v1","2032903","2033097","65","12218588"
"JH378141","14274370","14274669","KQ053421v1","5610673","5610968","80","8663697"
"JH378141","14317700","14317796","KQ056235v1","1266284","1266361","30","13051416"
"JH378141","14377369","14377655","KQ053421v1","5610673","5610968","82","8766696"
"JH378141","14414941","14415247","KQ053421v1","5610673","5610968","89","8804268"
"JH378141","14426338","14426669","KQ055267v1","513773","514088","96","13912565"
"JH378141","14448711","14448989","KQ053421v1","5610673","5610968","81","8838038"
"JH378141","14458821","14459117","KQ053421v1","5610673","5610968","81","8848148"
"JH378141","14494694","14495002","KQ053421v1","5610673","5610968","70","8884021"
"JH378141","14499279","14499578","KQ053421v1","5610673","5610968","75","8888606"
"JH378141","14509444","14509745","KQ053421v1","5610673","5610968","78","8898771"
"JH378141","14611072","14611363","KQ053421v1","5610673","5610968","79","9000399"
"JH378141","14652763","14653048","KQ053421v1","5610673","5610968","79","9042090"
"JH378141","14741702","14742010","KQ055352v1","6003171","6003466","73","8738531"
"JH378141","14804349","14804556","KQ055662v1","1890465","1890674","53","12913884"
"JH378141","14814822","14815119","KQ053421v1","5610673","5610968","78","9204149"
"JH378141","14966219","14966508","KQ053421v1","5610673","5610968","86","9355546"
"JH378141","14985678","14985918","KQ057901v1","868884","869144","82","14116794"
"JH378141","15032972","15033094","KQ053398v1","2623748","2623879","37","12409224"
"JH378141","15046884","15047185","KQ053421v1","5610673","5610968","84","9436211"
"JH378141","15089060","15089350","KQ053421v1","5610673","5610968","74","9478387"
"JH378141","15202201","15202493","KQ053421v1","5610673","5610968","87","9591528"
"JH378141","15307239","15307557","KQ053421v1","5610673","5610968","88","9696566"
"JH378141","15314804","15315093","KQ058394v1","9655127","9655422","75","5659677"
"JH378141","15352725","15353021","KQ053421v1","5610673","5610968","69","9742052"
"JH378141","15433842","15434092","KQ058242v1","595939","596205","78","14837903"
"JH378141","15447425","15447721","KQ053421v1","5610673","5610968","73","9836752"
"JH378141","15513756","15514013","KQ058339v1","4553625","4553889","85","10960131"
"JH378141","15522503","15522815","KQ053421v1","5610673","5610968","78","9911830"
"JH378141","15552535","15552804","KQ058242v1","595939","596205","68","14956596"
"JH378141","15562966","15563274","KQ053421v1","5610673","5610968","81","9952293"
"JH378141","15586731","15587016","KQ053421v1","5610673","5610968","81","9976058"
"JH378141","15629872","15630181","KQ055352v1","6003171","6003466","68","9626701"
"JH378141","15647074","15647358","KQ053421v1","5610673","5610968","74","10036401"
"JH378141","15712217","15712522","KQ055352v1","6003171","6003466","72","9709046"
"JH378141","15789442","15789701","KQ058242v1","595939","596205","67","15193503"
"JH378141","15823449","15823571","KQ053398v1","2623748","2623879","35","13199701"
"JH378141","15939762","15939907","KQ054401v1","3363241","3363379","42","12576521"
"JH378141","16043631","16043921","KQ053421v1","5610673","5610968","75","10432958"
"JH378141","16066767","16067042","KQ054815v1","2215557","2215844","83","13851210"
"JH378141","16081123","16081222","KQ056279v1","759081","759162","30","15322042"
"JH378141","16103762","16104028","KQ053421v1","5610673","5610968","81","10493089"
"JH378141","16137231","16137455","KQ056321v1","575951","576190","83","15561280"
"JH378141","16145968","16146241","KQ054815v1","2215557","2215844","77","13930411"
"JH378141","16237046","16237331","KQ053421v1","5610673","5610968","75","10626373"
"JH378141","16347081","16347365","KQ053421v1","5610673","5610968","81","10736408"
"JH378141","16385276","16385563","KQ053421v1","5610673","5610968","90","10774603"
"JH378141","16419215","16419516","KQ053421v1","5610673","5610968","80","10808542"
"JH378141","16463942","16464229","KQ053421v1","5610673","5610968","78","10853269"
"JH378141","16534118","16534427","KQ055267v1","513773","514088","73","16020345"
"JH378141","16599785","16600079","KQ053421v1","5610673","5610968","83","10989112"
"JH378141","16631567","16631875","KQ053421v1","5610673","5610968","72","11020894"
"JH378141","16676243","16676556","KQ058427v1","7786546","7786853","90","8889697"
"JH378141","16877760","16878070","KQ053421v1","5610673","5610968","81","11267087"
"JH378141","17041717","17042002","KQ053421v1","5610673","5610968","75","11431044"
"JH378141","17156743","17157057","KQ055267v1","513773","514088","74","16642970"
"JH378141","17245219","17245534","KQ058427v1","7786546","7786853","82","9458673"
"JH378141","17297672","17297968","KQ053421v1","5610673","5610968","74","11686999"
"JH378141","17342510","17342778","KQ053421v1","5610673","5610968","93","11731837"
"JH378141","17359198","17359507","KQ058427v1","7786546","7786853","84","9572652"
"JH378141","17395325","17395635","KQ055267v1","513773","514088","72","16881552"
"JH378141","17413908","17414225","KQ058427v1","7786546","7786853","98","9627362"
"JH378141","17448155","17448471","KQ053059v1","2548766","2549102","102","14899389"
"JH378141","17491734","17492029","KQ053421v1","5610673","5610968","79","11881061"
"JH378141","17527115","17527421","KQ053421v1","5610673","5610968","80","11916442"
"JH378141","17584811","17585004","KQ058594v1","5950443","5950621","53","11634368"
"JH378141","17628801","17629100","KQ053421v1","5610673","5610968","65","12018128"
"JH378141","17814253","17814395","KQ054401v1","3363241","3363379","47","14451012"
"JH378141","17942786","17943082","KQ053421v1","5610673","5610968","86","12332113"
"JH378141","17986909","17987110","KQ053234v1","1679581","1679757","68","16307328"
"JH378141","18172112","18172416","KQ058427v1","7786546","7786853","70","10385566"
"JH378141","18274318","18274613","KQ053421v1","5610673","5610968","71","12663645"
"JH378141","18278191","18278467","KQ053421v1","5610673","5610968","84","12667518"
"JH378141","18330967","18331140","KQ056064v1","326763","326940","65","18004204"
"JH378141","18345263","18345580","KQ055267v1","513773","514088","87","17831490"
"JH378141","18359771","18360062","KQ058640v1","643463","643729","94","17716308"
"JH378141","18389303","18389605","KQ053421v1","5610673","5610968","78","12778630"
"JH378141","18611210","18611495","KQ058427v1","7786546","7786853","85","10824664"
"JH378141","18616588","18616839","KQ058339v1","4553625","4553889","94","14062963"
"JH378141","18618682","18618993","KQ055267v1","513773","514088","76","18104909"
"JH378141","18716835","18717147","KQ058427v1","7786546","7786853","79","10930289"
"JH378141","18735491","18735722","KQ053234v1","1414405","1414609","66","17321086"
"JH378141","18803861","18804129","KQ058505v1","2207051","2207301","90","16596810"
"JH378141","18896548","18896856","KQ053421v1","5610673","5610968","76","13285875"
"JH378141","18924917","18925044","KQ053398v1","2623748","2623879","35","16301169"
"JH378141","18963511","18963615","KQ056279v1","759081","759162","39","18204430"
"JH378141","18983396","18983729","KQ055267v1","513773","514088","95","18469623"
"JH378141","18991165","18991441","KQ053421v1","5610673","5610968","91","13380492"
"JH378141","19097019","19097323","KQ053421v1","5610673","5610968","80","13486346"
"JH378141","19138711","19139017","KQ058427v1","7786546","7786853","83","11352165"
"JH378141","19156296","19156419","KQ053398v1","2623748","2623879","35","16532548"
"JH378141","19186658","19186961","KQ053421v1","5610673","5610968","71","13575985"
"JH378141","19194695","19195003","KQ058427v1","7786546","7786853","77","11408149"
"JH378141","19293427","19293669","KQ057901v1","868884","869144","90","18424543"
"JH378141","19295677","19295969","KQ055267v1","513773","514088","82","18781904"
"JH378141","19298367","19298667","KQ053421v1","5610673","5610968","71","13687694"
"JH378141","19325596","19325763","KQ057449v1","1214348","1214489","63","18111248"
"JH378142","6533","6834","KQ053421v1","5610673","5610968","66","5604140"
"JH378142","76660","76968","KQ055352v1","6003171","6003466","70","5926511"
"JH378142","113556","113867","KQ055267v1","513773","514088","78","400217"
"JH378142","137931","138238","KQ055267v1","513773","514088","70","375842"
"JH378142","166135","166429","KQ053421v1","5610673","5610968","72","5444538"
"JH378142","246701","246996","KQ053421v1","5610673","5610968","158","5363972"
"JH378142","364049","364336","KQ053421v1","5610673","5610968","89","5246624"
"JH378142","384258","384362","KQ056279v1","759081","759162","37","374823"
"JH378142","431193","431499","KQ053421v1","5610673","5610968","76","5179480"
"JH378142","452721","452997","KQ053785v1","888769","889063","79","436048"
"JH378142","573362","573670","KQ053421v1","5610673","5610968","73","5037311"
"JH378142","600898","601199","KQ053421v1","5610673","5610968","77","5009775"
"JH378142","601610","601900","KQ053421v1","5610673","5610968","78","5009063"
"JH378142","620418","620684","KQ057901v1","868884","869144","81","248466"
"JH378142","771261","771548","KQ053421v1","5610673","5610968","69","4839412"
"JH378142","820318","820541","KQ055662v1","1890465","1890674","71","1070147"
"JH378142","930552","930847","KQ053421v1","5610673","5610968","79","4680121"
"JH378142","1019428","1019748","KQ058427v1","7786546","7786853","92","6767118"
"JH378142","1027328","1027423","KQ056279v1","759081","759162","28","268247"
"JH378142","1102521","1102819","KQ053421v1","5610673","5610968","66","4508152"
"JH378142","1108057","1108361","KQ053421v1","5610673","5610968","74","4502616"
"JH378142","1131476","1131744","KQ058242v1","595939","596205","93","535537"
"JH378142","1255825","1256141","KQ055267v1","513773","514088","83","742052"
"JH378142","1300344","1300634","KQ053421v1","5610673","5610968","83","4310329"
"JH378142","1407791","1408084","KQ053421v1","5610673","5610968","72","4202882"
"JH378142","1644679","1645011","KQ053421v1","5610673","5610968","88","3965994"
"JH378142","1661643","1661942","KQ058427v1","7786546","7786853","81","6124903"
"JH378142","1674562","1674862","KQ053421v1","5610673","5610968","82","3936111"
"JH378142","1751889","1752192","KQ053421v1","5610673","5610968","73","3858784"
"JH378142","1800282","1800584","KQ053421v1","5610673","5610968","76","3810391"
"JH378142","1811709","1811987","KQ053421v1","5610673","5610968","88","3798964"
"JH378142","1813281","1813576","KQ053421v1","5610673","5610968","86","3797392"
"JH378142","1842334","1842616","KQ053421v1","5610673","5610968","83","3768339"
"JH378142","1858073","1858240","KQ053993v1","1251070","1251235","41","607003"
"JH378142","1908825","1909125","KQ053421v1","5610673","5610968","77","3701848"
"JH378142","1943430","1943729","KQ053421v1","5610673","5610968","69","3667243"
"JH378142","1970635","1970931","KQ053421v1","5610673","5610968","71","3640038"
"JH378142","1986663","1986964","KQ053421v1","5610673","5610968","72","3624010"
"JH378142","1995032","1995335","KQ053421v1","5610673","5610968","83","3615641"
"JH378142","2042044","2042305","KQ058242v1","595939","596205","61","1446105"
"JH378142","2105447","2105747","KQ053421v1","5610673","5610968","73","3505226"
"JH378142","2196731","2197024","KQ053421v1","5610673","5610968","70","3413942"
"JH378142","2241058","2241365","KQ053421v1","5610673","5610968","75","3369615"
"JH378142","2258275","2258580","KQ055352v1","6003171","6003466","70","3744896"
"JH378142","2262343","2262638","KQ053421v1","5610673","5610968","70","3348330"
"JH378142","2285352","2285648","KQ053421v1","5610673","5610968","74","3325321"
"JH378142","2295486","2295806","KQ055267v1","513773","514088","82","1781713"
"JH378142","2310798","2311101","KQ053421v1","5610673","5610968","69","3299875"
"JH378142","2573587","2573815","KQ058505v1","2207051","2207301","88","366536"
"JH378142","2726364","2726670","KQ053421v1","5610673","5610968","69","2884309"
"JH378142","2753557","2753868","KQ055267v1","513773","514088","72","2239784"
"JH378142","2768455","2768666","KQ056064v1","326763","326940","71","2441692"
"JH378142","2796216","2796521","KQ053421v1","5610673","5610968","66","2814457"
"JH378142","2824590","2824895","KQ053421v1","5610673","5610968","73","2786083"
"JH378142","2835028","2835318","KQ053421v1","5610673","5610968","85","2775645"
"JH378142","2851137","2851447","KQ055267v1","513773","514088","81","2337364"
"JH378142","2861927","2862222","KQ053421v1","5610673","5610968","78","2748746"
"JH378142","2891427","2891728","KQ053421v1","5610673","5610968","79","2719246"
"JH378142","2899293","2899593","KQ053421v1","5610673","5610968","69","2711380"
"JH378142","2979905","2980205","KQ053421v1","5610673","5610968","81","2630768"
"JH378142","2997995","2998159","KQ054510v1","7582269","7582431","49","4584274"
"JH378142","3022726","3023035","KQ055267v1","513773","514088","77","2508953"
"JH378142","3041768","3041957","KQ053234v1","1679581","1679757","69","1362187"
"JH378142","3043250","3043545","KQ053421v1","5610673","5610968","77","2567423"
"JH378142","3071867","3072149","KQ054815v1","2215557","2215844","76","856310"
"JH378142","3087374","3087671","KQ053421v1","5610673","5610968","73","2523299"
"JH378142","3143901","3144198","KQ053421v1","5610673","5610968","89","2466772"
"JH378142","3152344","3152635","KQ053421v1","5610673","5610968","72","2458329"
"JH378142","3204946","3205255","KQ055352v1","6003171","6003466","73","2798225"
"JH378142","3294517","3294825","KQ058427v1","7786546","7786853","86","4492029"
"JH378142","3313777","3314110","KQ053059v1","2548766","2549102","96","765011"
"JH378142","3319595","3319904","KQ055267v1","513773","514088","77","2805822"
"JH378142","3456158","3456459","KQ058427v1","7786546","7786853","81","4330388"
"JH378142","3548392","3548700","KQ053421v1","5610673","5610968","83","2062281"
"JH378142","3756537","3756846","KQ058427v1","7786546","7786853","73","4030009"
"JH378142","3765164","3765397","KQ054068v1","3638075","3638299","66","127089"
"JH378142","3800356","3800639","KQ053785v1","888769","889063","77","2911587"
"JH378142","3804673","3804968","KQ058394v1","9655127","9655422","75","5850454"
"JH378142","3811609","3811903","KQ055267v1","513773","514088","79","3297836"
"JH378142","3843861","3844063","KQ055662v1","1890465","1890674","63","1953396"
"JH378142","3989983","3990289","KQ055352v1","6003171","6003466","69","2013188"
"JH378142","4020282","4020534","KQ058242v1","595939","596205","82","3424343"
"JH378142","4045128","4045413","KQ053421v1","5610673","5610968","78","1565545"
"JH378142","4078584","4078869","KQ053421v1","5610673","5610968","68","1532089"
"JH378142","4095963","4096272","KQ055352v1","6003171","6003466","72","1907208"
"JH378142","4106663","4106968","KQ058427v1","7786546","7786853","91","3679883"
"JH378142","4143407","4143702","KQ053421v1","5610673","5610968","67","1467266"
"JH378142","4245790","4246056","KQ057186v1","783828","784085","72","3461962"
"JH378142","4258149","4258449","KQ053421v1","5610673","5610968","72","1352524"
"JH378142","4274295","4274595","KQ053421v1","5610673","5610968","75","1336378"
"JH378142","4298310","4298498","KQ058274v1","300327","300497","66","3997983"
"JH378142","4357848","4358133","KQ053421v1","5610673","5610968","74","1252825"
"JH378142","4387515","4387784","KQ057901v1","868884","869144","83","3518631"
"JH378142","4472743","4472912","KQ058423v1","270754","270928","49","4201989"
"JH378142","4645503","4645807","KQ058427v1","7786546","7786853","79","3141043"
"JH378142","4728866","4729153","KQ053421v1","5610673","5610968","78","881807"
"JH378142","5020502","5020795","KQ053421v1","5610673","5610968","79","590171"
"JH378142","5031086","5031379","KQ053421v1","5610673","5610968","75","579587"
"JH378142","5059029","5059144","KQ053398v1","2627781","2627909","45","2431248"
"JH378142","5216925","5217228","KQ055352v1","6003171","6003466","76","786246"
"JH378142","5445699","5446020","KQ053059v1","2548766","2549102","92","2896933"
"JH378142","5744451","5744770","KQ058427v1","7786546","7786853","87","2042095"
"JH378142","5899897","5900197","KQ053421v1","5610673","5610968","97","289224"
"JH378142","5909635","5909924","KQ058640v1","643463","643729","84","5266172"
"JH378142","5910799","5911104","KQ055352v1","6003171","6003466","68","92372"
"JH378142","6003857","6004155","KQ053421v1","5610673","5610968","73","393184"
"JH378142","6138710","6138930","KQ053234v1","1414405","1414609","78","4724305"
"JH378142","6144450","6144742","KQ053421v1","5610673","5610968","72","533777"
"JH378142","6172651","6172948","KQ053421v1","5610673","5610968","67","561978"
"JH378142","6177571","6177879","KQ055267v1","513773","514088","75","5663798"
"JH378142","6182005","6182305","KQ053421v1","5610673","5610968","70","571332"
"JH378142","6238649","6238950","KQ055352v1","6003171","6003466","78","235478"
"JH378142","6260773","6261076","KQ053421v1","5610673","5610968","69","650100"
"JH378142","6274820","6275107","KQ058339v1","4553625","4553889","90","1721195"
"JH378142","6296706","6297000","KQ053421v1","5610673","5610968","87","686033"
"JH378142","6313441","6313743","KQ053421v1","5610673","5610968","86","702768"
"JH378142","6327223","6327532","KQ053421v1","5610673","5610968","72","716550"
"JH378142","6330051","6330347","KQ053421v1","5610673","5610968","71","719378"
"JH378142","6361542","6361853","KQ053421v1","5610673","5610968","84","750869"
"JH378142","6368810","6369086","KQ058242v1","595939","596205","81","5772871"
"JH378142","6378297","6378589","KQ053421v1","5610673","5610968","69","767624"
"JH378142","6384595","6384832","KQ058242v1","595939","596205","89","5788656"
"JH378142","6396387","6396685","KQ053421v1","5610673","5610968","72","785714"
"JH378142","6419615","6419925","KQ055267v1","513773","514088","73","5905842"
"JH378142","6433363","6433668","KQ053421v1","5610673","5610968","91","822690"
"JH378142","6470098","6470378","KQ058640v1","643463","643729","98","5826635"
"JH378142","6498278","6498555","KQ053421v1","5610673","5610968","88","887605"
"JH378142","6548008","6548307","KQ053421v1","5610673","5610968","70","937335"
"JH378142","6653756","6654073","KQ055352v1","6003171","6003466","153","650585"
"JH378142","6678825","6679129","KQ055352v1","6003171","6003466","73","675654"
"JH378142","6784793","6785103","KQ055352v1","6003171","6003466","73","781622"
"JH378142","6789145","6789425","KQ053421v1","5610673","5610968","91","1178472"
"JH378142","6878866","6879176","KQ055352v1","6003171","6003466","75","875695"
"JH378142","6884848","6885148","KQ053421v1","5610673","5610968","71","1274175"
"JH378142","6922127","6922423","KQ053421v1","5610673","5610968","69","1311454"
"JH378142","7017545","7017871","KQ053059v1","2548766","2549102","100","4468779"
"JH378142","7107221","7107513","KQ053421v1","5610673","5610968","77","1496548"
"JH378142","7128753","7129064","KQ055267v1","513773","514088","69","6614980"
"JH378142","7145761","7146038","KQ053421v1","5610673","5610968","82","1535088"
"JH378142","7156821","7157124","KQ053421v1","5610673","5610968","72","1546148"
"JH378142","7189243","7189546","KQ053421v1","5610673","5610968","84","1578570"
"JH378142","7343591","7343844","KQ057186v1","783828","784085","100","6559763"
"JH378142","7526928","7527210","KQ054815v1","2215557","2215844","82","5311371"
"JH378142","7758430","7758742","KQ053421v1","5610673","5610968","75","2147757"
"JH378142","7762121","7762418","KQ053421v1","5610673","5610968","67","2151448"
"JH378142","7772462","7772632","KQ058350v1","9514178","9514352","37","1741716"
"JH378142","7962653","7962945","KQ053421v1","5610673","5610968","74","2351980"
"JH378142","7984662","7984882","KQ056064v1","326763","326940","82","7657899"
"JH378142","7992967","7993064","KQ056235v1","1266284","1266361","45","6726683"
"JH378142","8008640","8008924","KQ053421v1","5610673","5610968","89","2397967"
"JH378142","8027161","8027464","KQ055352v1","6003171","6003466","70","2023990"
"JH378142","8060080","8060389","KQ055267v1","513773","514088","71","7546307"
"JH378142","8339286","8339542","KQ058242v1","595939","596205","83","7743347"
"JH378142","8355888","8356195","KQ053421v1","5610673","5610968","74","2745215"
"JH378142","8382386","8382668","KQ053421v1","5610673","5610968","75","2771713"
"JH378142","8385142","8385440","KQ053421v1","5610673","5610968","72","2774469"
"JH378142","8394144","8394459","KQ055352v1","6003171","6003466","75","2390973"
"JH378142","8427597","8427888","KQ053421v1","5610673","5610968","79","2816924"
"JH378142","8458617","8458924","KQ058427v1","7786546","7786853","77","672071"
"JH378142","8467068","8467349","KQ053421v1","5610673","5610968","99","2856395"
"JH378142","8609591","8609893","KQ053421v1","5610673","5610968","72","2998918"
"JH378142","8656015","8656310","KQ053421v1","5610673","5610968","85","3045342"
"JH378142","8814926","8815196","KQ053883v1","6938067","6938331","90","1876859"
"JH378142","8925337","8925645","KQ055352v1","6003171","6003466","72","2922166"
"JH378142","9054686","9054984","KQ053421v1","5610673","5610968","65","3444013"
"JH378142","9363535","9363832","KQ053421v1","5610673","5610968","67","3752862"
"JH378142","9386077","9386388","KQ055352v1","6003171","6003466","73","3382906"
"JH378142","9486378","9486687","KQ055267v1","513773","514088","81","8972605"
"JH378142","9495943","9496245","KQ055267v1","513773","514088","81","8982170"
"JH378142","9550787","9551099","KQ053421v1","5610673","5610968","79","3940114"
"JH378142","9581300","9581597","KQ053421v1","5610673","5610968","85","3970627"
"JH378142","9795407","9795721","KQ053135v1","5034940","5035266","98","4760467"
"JH378142","9846246","9846546","KQ053421v1","5610673","5610968","86","4235573"
"JH378142","9856555","9856852","KQ053421v1","5610673","5610968","72","4245882"
"JH378142","10142204","10142515","KQ058427v1","7786546","7786853","84","2355658"
"JH378142","10242661","10242966","KQ053421v1","5610673","5610968","68","4631988"
"JH378142","10337731","10338038","KQ053421v1","5610673","5610968","73","4727058"
"JH378142","10416921","10417223","KQ053421v1","5610673","5610968","80","4806248"
"JH378142","10444976","10445288","KQ053421v1","5610673","5610968","78","4834303"
"JH378142","10462779","10463078","KQ053421v1","5610673","5610968","79","4852106"
"JH378142","10523444","10523704","KQ057901v1","868884","869144","82","9654560"
"JH378142","10578041","10578254","KQ052982v1","2032903","2033097","68","8545138"
"JH378142","10658732","10659039","KQ055352v1","6003171","6003466","73","4655561"
"JH378142","10684254","10684551","KQ053421v1","5610673","5610968","73","5073581"
"JH378142","10862950","10863248","KQ055267v1","513773","514088","93","10349177"
"JH378142","11066286","11066591","KQ055352v1","6003171","6003466","68","5063115"
"JH378142","11397837","11398148","KQ055352v1","6003171","6003466","72","5394666"
"JH378142","11399666","11399960","KQ053421v1","5610673","5610968","69","5788993"
"JH378142","11424916","11425216","KQ053421v1","5610673","5610968","71","5814243"
"JH378142","11428574","11428876","KQ055352v1","6003171","6003466","69","5425403"
"JH378142","11449160","11449463","KQ058427v1","7786546","7786853","78","3662614"
"JH378142","11452992","11453294","KQ053421v1","5610673","5610968","76","5842319"
"JH378142","11464535","11464836","KQ055352v1","6003171","6003466","70","5461364"
"JH378142","11500112","11500244","KQ053398v1","2623748","2623879","29","8876364"
"JH378142","11520878","11521176","KQ053421v1","5610673","5610968","68","5910205"
"JH378142","11546103","11546375","KQ058242v1","595939","596205","79","10950164"
"JH378142","11590147","11590460","KQ055267v1","513773","514088","79","11076374"
"JH378142","11701890","11702057","KQ057204v1","2930576","2930741","46","8771314"
"JH378142","11744179","11744477","KQ053421v1","5610673","5610968","78","6133506"
"JH378142","11761287","11761569","KQ053421v1","5610673","5610968","78","6150614"
"JH378142","11794104","11794410","KQ055267v1","513773","514088","75","11280331"
"JH378142","11812899","11813015","KQ055717v1","1610376","1610476","42","10202523"
"JH378142","11822768","11823076","KQ055267v1","513773","514088","75","11308995"
"JH378142","11877899","11878216","KQ055267v1","513773","514088","84","11364126"
"JH378142","11906850","11906971","KQ053398v1","2623748","2623879","40","9283102"
"JH378142","11963917","11964222","KQ053421v1","5610673","5610968","83","6353244"
"JH378142","11996327","11996627","KQ058427v1","7786546","7786853","82","4209781"
"JH378142","12066115","12066416","KQ053421v1","5610673","5610968","71","6455442"
"JH378142","12068212","12068468","KQ057186v1","783828","784085","90","11284384"
"JH378142","12105006","12105305","KQ053421v1","5610673","5610968","67","6494333"
"JH378142","12195518","12195813","KQ053421v1","5610673","5610968","84","6584845"
"JH378142","12482254","12482552","KQ053421v1","5610673","5610968","70","6871581"
"JH378142","12755298","12755587","KQ053421v1","5610673","5610968","73","7144625"
"JH378142","12796210","12796512","KQ053421v1","5610673","5610968","76","7185537"
"JH378142","12828683","12828892","KQ058350v1","9514178","9514352","60","3314505"
"JH378142","12835056","12835345","KQ053421v1","5610673","5610968","71","7224383"
"JH378142","12838213","12838483","KQ054815v1","2215557","2215844","83","10622656"
"JH378142","12920924","12921227","KQ053421v1","5610673","5610968","82","7310251"
"JH378142","12926811","12926936","KQ053398v1","2623748","2623879","42","10303063"
"JH378142","12935918","12936254","KQ055862v1","1305285","1305561","162","11630633"
"JH378142","12943298","12943599","KQ053421v1","5610673","5610968","71","7332625"
"JH378142","12973103","12973392","KQ053421v1","5610673","5610968","87","7362430"
"JH378142","12984268","12984551","KQ058242v1","595939","596205","81","12388329"
"JH378142","13020166","13020405","KQ056321v1","575951","576190","92","12444215"
"JH378142","13097092","13097370","KQ053883v1","6938067","6938331","90","6159025"
"JH378142","13104334","13104571","KQ058242v1","595939","596205","82","12508395"
"JH378142","13113495","13113782","KQ053421v1","5610673","5610968","79","7502822"
"JH378142","13133161","13133450","KQ053421v1","5610673","5610968","76","7522488"
"JH378142","13143393","13143685","KQ053421v1","5610673","5610968","76","7532720"
"JH378142","13231846","13232135","KQ053421v1","5610673","5610968","75","7621173"
"JH378142","13302574","13302857","KQ053421v1","5610673","5610968","82","7691901"
"JH378142","13401959","13402234","KQ058242v1","595939","596205","98","12806020"
"JH378142","13464263","13464569","KQ058427v1","7786546","7786853","85","5677717"
"JH378142","13616754","13617063","KQ055352v1","6003171","6003466","71","7613583"
"JH378142","13699487","13699803","KQ058394v1","9655127","9655422","114","4044360"
"JH378142","13713750","13714055","KQ055352v1","6003171","6003466","75","7710579"
"JH378142","13748664","13748940","KQ057186v1","783828","784085","75","12964836"
"JH378142","13778173","13778474","KQ053421v1","5610673","5610968","72","8167500"
"JH378142","13782251","13782544","KQ053421v1","5610673","5610968","83","8171578"
"JH378142","13787804","13788097","KQ053421v1","5610673","5610968","83","8177131"
"JH378142","13818467","13818727","KQ057901v1","868884","869144","82","12949583"
"JH378142","13819051","13819351","KQ053421v1","5610673","5610968","78","8208378"
"JH378142","13820269","13820566","KQ053421v1","5610673","5610968","76","8209596"
"JH378142","13821387","13821676","KQ055267v1","513773","514088","83","13307614"
"JH378142","13822966","13823269","KQ055267v1","513773","514088","75","13309193"
"JH378142","13826223","13826517","KQ053421v1","5610673","5610968","74","8215550"
"JH378142","13848288","13848583","KQ053421v1","5610673","5610968","64","8237615"
"JH378142","13887756","13888053","KQ053421v1","5610673","5610968","75","8277083"
"JH378142","13895925","13896234","KQ058427v1","7786546","7786853","76","6109379"
"JH378142","13946901","13947194","KQ053421v1","5610673","5610968","71","8336228"
"JH378142","14031388","14031726","KQ055267v1","513773","514088","100","13517615"
"JH378142","14044133","14044442","KQ055352v1","6003171","6003466","75","8040962"
"JH378142","14045260","14045564","KQ058427v1","7786546","7786853","80","6258714"
"JH378142","14050775","14051080","KQ055352v1","6003171","6003466","71","8047604"
"JH378142","14079953","14080245","KQ053421v1","5610673","5610968","79","8469280"
"JH378142","14145121","14145318","KQ058274v1","300327","300497","60","13844794"
"JH378142","14205700","14206014","KQ055352v1","6003171","6003466","75","8202529"
"JH378142","14208818","14209121","KQ053421v1","5610673","5610968","86","8598145"
"JH378142","14212558","14212855","KQ053421v1","5610673","5610968","72","8601885"
"JH378142","14223056","14223341","KQ053421v1","5610673","5610968","81","8612383"
"JH378142","14226597","14226909","KQ058427v1","7786546","7786853","87","6440051"
"JH378142","14285490","14285601","KQ053004v1","3064551","3064681","41","11220939"
"JH378142","14290092","14290403","KQ053421v1","5610673","5610968","88","8679419"
"JH378142","14307573","14307852","KQ053421v1","5610673","5610968","90","8696900"
"JH378142","14309597","14309912","KQ055267v1","513773","514088","81","13795824"
"JH378142","14493992","14494285","KQ053421v1","5610673","5610968","76","8883319"
"JH378142","14517781","14518088","KQ053421v1","5610673","5610968","80","8907108"
"JH378142","14642267","14642535","KQ058339v1","4553625","4553889","77","10088642"
"JH378142","14731550","14731843","KQ053421v1","5610673","5610968","79","9120877"
"JH378142","14797574","14797864","KQ053421v1","5610673","5610968","75","9186901"
"JH378142","15103386","15103680","KQ053421v1","5610673","5610968","81","9492713"
"JH378142","15305794","15306109","KQ053421v1","5610673","5610968","85","9695121"
"JH378142","15332054","15332364","KQ053421v1","5610673","5610968","88","9721381"
"JH378142","15417645","15417913","KQ055862v1","1305285","1305561","87","14112360"
"JH378142","15497946","15498242","KQ053421v1","5610673","5610968","80","9887273"
"JH378142","15530762","15531072","KQ053421v1","5610673","5610968","83","9920089"
"JH378142","15621574","15621877","KQ053421v1","5610673","5610968","70","10010901"
"JH378142","15696033","15696304","KQ055717v1","1610777","1611031","87","14085256"
"JH378142","15905511","15905823","KQ055267v1","513773","514088","78","15391738"
"JH378142","15933074","15933368","KQ053421v1","5610673","5610968","81","10322401"
"JH378142","16209097","16209387","KQ058242v1","595939","596205","76","15613158"
"JH378142","16331310","16331606","KQ053421v1","5610673","5610968","70","10720637"
"JH378142","16423847","16424157","KQ053135v1","5034940","5035266","92","11388907"
"JH378142","16445653","16445950","KQ053421v1","5610673","5610968","76","10834980"
"JH378142","16489372","16489658","KQ053421v1","5610673","5610968","74","10878699"
"JH378142","16490300","16490601","KQ053421v1","5610673","5610968","82","10879627"
"JH378142","16576797","16577090","KQ053421v1","5610673","5610968","79","10966124"
"JH378142","16577161","16577466","KQ055267v1","513773","514088","75","16063388"
"JH378142","16577469","16577616","KQ053267v1","1313653","1313811","39","15263816"
"JH378142","16647332","16647637","KQ053421v1","5610673","5610968","75","11036659"
"JH378142","16648627","16648946","KQ053421v1","5610673","5610968","93","11037954"
"JH378142","16708191","16708496","KQ053421v1","5610673","5610968","75","11097518"
"JH378142","16787978","16788270","KQ053421v1","5610673","5610968","77","11177305"
"JH378142","17012948","17013258","KQ058427v1","7786546","7786853","83","9226402"
"JH378142","17158065","17158330","KQ054815v1","2215557","2215844","80","14942508"
"JH378142","17219254","17219408","KQ053398v1","2623748","2623879","57","14595506"
"JH378142","17317390","17317652","KQ054815v1","2215557","2215844","93","15101833"
"JH378142","17639340","17639477","KQ053398v1","2623748","2623879","40","15015592"
"JH378142","17837870","17838162","KQ053421v1","5610673","5610968","73","12227197"
"JH378142","17897313","17897622","KQ053421v1","5610673","5610968","73","12286640"
"JH378142","18023587","18023894","KQ053421v1","5610673","5610968","69","12412914"
"JH378142","18075664","18075957","KQ053421v1","5610673","5610968","72","12464991"
"JH378142","18206388","18206690","KQ053421v1","5610673","5610968","69","12595715"
"JH378142","18497940","18498254","KQ053421v1","5610673","5610968","82","12887267"
"JH378142","18632144","18632271","KQ053398v1","2623748","2623879","30","16008396"
"JH378142","18648798","18649036","KQ057186v1","783828","784085","99","17864970"
"JH378142","18691263","18691512","KQ058509v1","24058","24271","78","18667205"
"JH378142","18778766","18779087","KQ053421v1","5610673","5610968","101","13168093"
"JH378142","18911014","18911289","KQ058242v1","595939","596205","77","18315075"
"JH378142","18914421","18914714","KQ053421v1","5610673","5610968","69","13303748"
"JH378142","19002923","19003219","KQ053421v1","5610673","5610968","78","13392250"
"JH378142","19024785","19025052","KQ058242v1","595939","596205","70","18428846"
"JH378142","19029792","19030093","KQ053421v1","5610673","5610968","68","13419119"
"JH378142","19032659","19032974","KQ053421v1","5610673","5610968","89","13421986"
"JH378142","19052689","19052969","KQ053421v1","5610673","5610968","86","13442016"
"JH378142","19056371","19056682","KQ055267v1","513773","514088","74","18542598"
"JH378142","19057562","19057855","KQ053421v1","5610673","5610968","85","13446889"
"JH378142","19060394","19060709","KQ053421v1","5610673","5610968","82","13449721"
"JH378142","19076277","19076546","KQ058242v1","595939","596205","82","18480338"
"JH378142","19078527","19078827","KQ053421v1","5610673","5610968","73","13467854"
"JH378142","19103932","19104242","KQ055267v1","513773","514088","73","18590159"
"JH378142","19119474","19119781","KQ053421v1","5610673","5610968","73","13508801"
"JH378142","19127447","19127760","KQ053421v1","5610673","5610968","79","13516774"
"JH378142","19146933","19147237","KQ053421v1","5610673","5610968","69","13536260"
"JH378143","19148","19384","KQ058242v1","595939","596205","88","576791"
"JH378143","32636","32897","KQ058242v1","595939","596205","87","563303"
"JH378143","192332","192631","KQ053421v1","5610673","5610968","72","5418341"
"JH378143","204301","204600","KQ053421v1","5610673","5610968","71","5406372"
"JH378143","207440","207653","KQ052982v1","2032903","2033097","72","1825463"
"JH378143","395971","396281","KQ055267v1","513773","514088","73","117802"
"JH378143","437738","438039","KQ053421v1","5610673","5610968","67","5172935"
"JH378143","469996","470294","KQ053421v1","5610673","5610968","67","5140677"
"JH378143","475505","475803","KQ053421v1","5610673","5610968","70","5135168"
"JH378143","495633","495929","KQ053421v1","5610673","5610968","72","5115040"
"JH378143","537828","538137","KQ055352v1","6003171","6003466","70","5465343"
"JH378143","599642","599732","KQ056235v1","1266284","1266361","26","666642"
"JH378143","609151","609462","KQ055267v1","513773","514088","74","95378"
"JH378143","635035","635327","KQ053421v1","5610673","5610968","82","4975638"
"JH378143","639668","639971","KQ053421v1","5610673","5610968","74","4971005"
"JH378143","648941","649092","KQ052970v1","4377515","4377664","42","3728574"
"JH378143","693350","693638","KQ054815v1","2215557","2215844","76","1522207"
"JH378143","797326","797509","KQ058274v1","300327","300497","52","496999"
"JH378143","797610","797737","KQ058316v1","6194306","6194449","51","5396696"
"JH378143","805801","806095","KQ053421v1","5610673","5610968","70","4804872"
"JH378143","822735","823046","KQ055352v1","6003171","6003466","71","5180436"
"JH378143","825918","826228","KQ055267v1","513773","514088","74","312145"
"JH378143","848740","849030","KQ053421v1","5610673","5610968","83","4761933"
"JH378143","852886","853176","KQ053421v1","5610673","5610968","76","4757787"
"JH378143","908981","909092","KQ056911v1","1421731","1421862","47","512750"
"JH378143","991818","992114","KQ053421v1","5610673","5610968","71","4618855"
"JH378143","1013650","1013943","KQ053421v1","5610673","5610968","77","4597023"
"JH378143","1122004","1122213","KQ052982v1","2032903","2033097","74","910899"
"JH378143","1210809","1211113","KQ053421v1","5610673","5610968","73","4399864"
"JH378143","1234769","1235072","KQ053421v1","5610673","5610968","74","4375904"
"JH378143","1265022","1265297","KQ055862v1","1305285","1305561","84","40263"
"JH378143","1401760","1402059","KQ053421v1","5610673","5610968","71","4208913"
"JH378143","1405368","1405669","KQ053421v1","5610673","5610968","72","4205305"
"JH378143","1419015","1419313","KQ053421v1","5610673","5610968","81","4191658"
"JH378143","1423819","1424122","KQ053421v1","5610673","5610968","71","4186854"
"JH378143","1501350","1501618","KQ058505v1","2207051","2207301","94","705701"
"JH378143","1564755","1565053","KQ053421v1","5610673","5610968","69","4045918"
"JH378143","1592885","1593148","KQ058242v1","595939","596205","71","996946"
"JH378143","1603039","1603348","KQ055267v1","513773","514088","74","1089266"
"JH378143","1636717","1637022","KQ055352v1","6003171","6003466","70","4366454"
"JH378143","1639620","1639939","KQ058427v1","7786546","7786853","88","6146926"
"JH378143","1651725","1652018","KQ053421v1","5610673","5610968","70","3958948"
"JH378143","1667498","1667746","KQ057186v1","783828","784085","83","883670"
"JH378143","1679951","1680259","KQ053421v1","5610673","5610968","74","3930722"
"JH378143","1700157","1700405","KQ058640v1","643463","643729","86","1056694"
"JH378143","1755876","1756177","KQ058427v1","7786546","7786853","85","6030670"
"JH378143","1790257","1790555","KQ053421v1","5610673","5610968","75","3820416"
"JH378143","1794510","1794816","KQ055352v1","6003171","6003466","70","4208661"
"JH378143","1853262","1853566","KQ053421v1","5610673","5610968","71","3757411"
"JH378143","1870074","1870370","KQ053421v1","5610673","5610968","71","3740599"
"JH378143","1940949","1941143","KQ053234v1","1679581","1679757","69","261368"
"JH378143","1981487","1981798","KQ055352v1","6003171","6003466","72","4021684"
"JH378143","2017455","2017717","KQ058505v1","2207051","2207301","84","189596"
"JH378143","2041432","2041739","KQ055352v1","6003171","6003466","70","3961739"
"JH378143","2051896","2052202","KQ055352v1","6003171","6003466","68","3951275"
"JH378143","2059641","2059932","KQ053421v1","5610673","5610968","70","3551032"
"JH378143","2067312","2067620","KQ055352v1","6003171","6003466","72","3935859"
"JH378143","2162990","2163262","KQ058339v1","4553625","4553889","94","2390635"
"JH378143","2184063","2184346","KQ054815v1","2215557","2215844","75","31494"
"JH378143","2246269","2246560","KQ058242v1","595939","596205","91","1650330"
"JH378143","2309387","2309693","KQ053421v1","5610673","5610968","84","3301286"
"JH378143","2318245","2318544","KQ055352v1","6003171","6003466","72","3684926"
"JH378143","2341079","2341369","KQ053421v1","5610673","5610968","90","3269594"
"JH378143","2369144","2369439","KQ053421v1","5610673","5610968","67","3241529"
"JH378143","2400953","2401228","KQ053421v1","5610673","5610968","90","3209720"
"JH378143","2445011","2445322","KQ055267v1","513773","514088","73","1931238"
"JH378143","2468540","2468822","KQ053421v1","5610673","5610968","81","3142133"
"JH378143","2550151","2550458","KQ053421v1","5610673","5610968","69","3060522"
"JH378143","2622866","2623156","KQ053421v1","5610673","5610968","73","2987807"
"JH378143","2629135","2629456","KQ058427v1","7786546","7786853","84","5157411"
"JH378143","2707370","2707641","KQ055862v1","1305285","1305561","89","1402085"
"JH378143","2769168","2769333","KQ057204v1","2930576","2930741","39","161408"
"JH378143","2882733","2883035","KQ053421v1","5610673","5610968","69","2727940"
"JH378143","2939088","2939397","KQ055352v1","6003171","6003466","70","3064083"
"JH378143","2985733","2986038","KQ053421v1","5610673","5610968","81","2624940"
"JH378143","3068174","3068471","KQ053421v1","5610673","5610968","69","2542499"
"JH378143","3106459","3106757","KQ053421v1","5610673","5610968","75","2504214"
"JH378143","3207612","3207908","KQ053421v1","5610673","5610968","67","2403061"
"JH378143","3296523","3296809","KQ053421v1","5610673","5610968","86","2314150"
"JH378143","3362483","3362784","KQ053421v1","5610673","5610968","73","2248190"
"JH378143","3402978","3403258","KQ058339v1","4553625","4553889","82","1150647"
"JH378143","3436296","3436589","KQ053421v1","5610673","5610968","71","2174377"
"JH378143","3474011","3474309","KQ053421v1","5610673","5610968","84","2136662"
"JH378143","3496565","3496874","KQ058427v1","7786546","7786853","81","4289981"
"JH378143","3498046","3498264","KQ058274v1","300327","300497","80","3197719"
"JH378143","3539193","3539491","KQ053421v1","5610673","5610968","75","2071480"
"JH378143","3548970","3549274","KQ053421v1","5610673","5610968","75","2061703"
"JH378143","3618350","3618643","KQ053421v1","5610673","5610968","80","1992323"
"JH378143","3657436","3657730","KQ058640v1","643463","643729","87","3013973"
"JH378143","3697929","3698102","KQ056064v1","326763","326940","60","3371166"
"JH378143","3707437","3707738","KQ053421v1","5610673","5610968","74","1903236"
"JH378143","3730016","3730132","KQ054401v1","3363241","3363379","39","366775"
"JH378143","3777437","3777726","KQ055352v1","6003171","6003466","83","2225734"
"JH378143","3805633","3805934","KQ053421v1","5610673","5610968","77","1805040"
"JH378143","3818312","3818646","KQ053421v1","5610673","5610968","106","1792361"
"JH378143","3872805","3873110","KQ053421v1","5610673","5610968","74","1737868"
"JH378143","3881695","3881987","KQ053421v1","5610673","5610968","78","1728978"
"JH378143","3889930","3890221","KQ053421v1","5610673","5610968","76","1720743"
"JH378143","3893192","3893507","KQ058427v1","7786546","7786853","83","3893354"
"JH378143","3908885","3909193","KQ055267v1","513773","514088","78","3395112"
"JH378143","3920130","3920420","KQ053421v1","5610673","5610968","80","1690543"
"JH378143","3960878","3961178","KQ053421v1","5610673","5610968","73","1649795"
"JH378143","3988562","3988854","KQ053421v1","5610673","5610968","72","1622111"
"JH378143","3999143","3999204","KQ053883v1","839309","839360","14","3159834"
"JH378143","4038887","4039028","KQ053398v1","2623748","2623879","40","1415139"
"JH378143","4067740","4067860","KQ053398v1","2623748","2623879","52","1443992"
"JH378143","4068343","4068515","KQ054954v1","1680710","1680882","38","2387633"
"JH378143","4078918","4079211","KQ053421v1","5610673","5610968","72","1531755"
"JH378143","4113145","4113434","KQ053421v1","5610673","5610968","73","1497528"
"JH378143","4123453","4123761","KQ055267v1","513773","514088","73","3609680"
"JH378143","4141169","4141481","KQ053421v1","5610673","5610968","85","1469504"
"JH378143","4182692","4182984","KQ053421v1","5610673","5610968","88","1427981"
"JH378143","4201333","4201637","KQ053421v1","5610673","5610968","79","1409340"
"JH378143","4248684","4248995","KQ055352v1","6003171","6003466","71","1754487"
"JH378143","4257429","4257726","KQ053421v1","5610673","5610968","62","1353244"
"JH378143","4434175","4434440","KQ053421v1","5610673","5610968","91","1176498"
"JH378143","4489702","4490014","KQ055267v1","513773","514088","86","3975929"
"JH378143","4500233","4500514","KQ053421v1","5610673","5610968","78","1110440"
"JH378143","4531593","4531781","KQ058594v1","1033101","1033292","46","3498492"
"JH378143","5053942","5054143","ABDC02053644v1","2226","2419","72","5051716"
"JH378143","5450837","5451132","KQ053421v1","5610673","5610968","78","159836"
"JH378143","5458270","5458570","KQ053421v1","5610673","5610968","67","152403"
"JH378143","5502193","5502504","KQ055267v1","513773","514088","75","4988420"
"JH378143","5566521","5566832","KQ055352v1","6003171","6003466","71","436650"
"JH378143","5660357","5660474","KQ053398v1","2627781","2627909","45","3032576"
"JH378143","5689544","5689841","KQ053421v1","5610673","5610968","73","78871"
"JH378143","5711499","5711791","KQ053421v1","5610673","5610968","81","100826"
"JH378143","5733043","5733344","KQ053421v1","5610673","5610968","75","122370"
"JH378143","5746165","5746468","KQ053421v1","5610673","5610968","74","135492"
"JH378143","5841990","5842308","KQ055267v1","513773","514088","82","5328217"
"JH378143","5867702","5867864","KQ058274v1","300327","300497","55","5567375"
"JH378143","6009818","6010122","KQ053421v1","5610673","5610968","79","399145"
"JH378143","6063419","6063715","KQ053421v1","5610673","5610968","73","452746"
"JH378143","6121847","6121976","KQ053398v1","2623748","2623879","33","3498099"
"JH378143","6137466","6137771","KQ053421v1","5610673","5610968","72","526793"
"JH378143","6166440","6166746","KQ053421v1","5610673","5610968","68","555767"
"JH378143","6185970","6186227","KQ058640v1","643463","643729","78","5542507"
"JH378143","6192648","6192947","KQ053421v1","5610673","5610968","89","581975"
"JH378143","6206651","6206938","KQ053421v1","5610673","5610968","80","595978"
"JH378143","6230635","6230921","KQ053421v1","5610673","5610968","82","619962"
"JH378143","6247969","6248084","KQ056493v1","2043382","2043488","47","4204587"
"JH378143","6252264","6252571","KQ053421v1","5610673","5610968","71","641591"
"JH378143","6275942","6276113","KQ056064v1","326763","326940","58","5949179"
"JH378143","6285381","6285688","KQ053421v1","5610673","5610968","74","674708"
"JH378143","6292699","6293003","KQ055267v1","513773","514088","71","5778926"
"JH378143","6311171","6311524","KQ053135v1","5034940","5035266","130","1276231"
"JH378143","6347387","6347679","KQ053421v1","5610673","5610968","69","736714"
"JH378143","6358634","6358929","KQ053421v1","5610673","5610968","68","747961"
"JH378143","6374754","6375056","KQ053421v1","5610673","5610968","72","764081"
"JH378143","6557005","6557302","KQ053421v1","5610673","5610968","71","946332"
"JH378143","6779500","6779782","KQ053421v1","5610673","5610968","86","1168827"
"JH378143","6833637","6833935","KQ053421v1","5610673","5610968","67","1222964"
"JH378143","6865163","6865424","KQ057901v1","868884","869144","84","5996279"
"JH378143","6868293","6868441","KQ054401v1","3363241","3363379","37","3505052"
"JH378143","6939536","6939839","KQ053421v1","5610673","5610968","79","1328863"
"JH378143","7047917","7048178","KQ058242v1","595939","596205","69","6451978"
"JH378143","7063750","7064035","KQ053421v1","5610673","5610968","76","1453077"
"JH378143","7101966","7102276","KQ055352v1","6003171","6003466","69","1098795"
"JH378143","7148427","7148718","KQ053421v1","5610673","5610968","86","1537754"
"JH378143","7196644","7196947","KQ053421v1","5610673","5610968","83","1585971"
"JH378143","7266265","7266564","KQ053421v1","5610673","5610968","69","1655592"
"JH378143","7334864","7335177","KQ058427v1","7786546","7786853","81","451682"
"JH378143","7484863","7485154","KQ053421v1","5610673","5610968","76","1874190"
"JH378143","7486273","7486567","KQ053421v1","5610673","5610968","92","1875600"
"JH378143","7518280","7518557","KQ057186v1","783828","784085","76","6734452"
"JH378143","7585164","7585449","KQ058242v1","595939","596205","72","6989225"
"JH378143","7605009","7605264","KQ058242v1","595939","596205","73","7009070"
"JH378143","7664867","7665161","KQ053421v1","5610673","5610968","72","2054194"
"JH378143","7678507","7678805","KQ053421v1","5610673","5610968","65","2067834"
"JH378143","7809092","7809373","KQ053421v1","5610673","5610968","78","2198419"
"JH378143","7896184","7896437","KQ058242v1","595939","596205","89","7300245"
"JH378143","7900827","7901036","KQ053234v1","1679581","1679757","78","6221246"
"JH378143","8035482","8035771","KQ055267v1","513773","514088","96","7521709"
"JH378143","8062427","8062587","KQ058428v1","1396698","1396861","50","6665729"
"JH378143","8064234","8064514","KQ058242v1","595939","596205","78","7468295"
"JH378143","8090113","8090408","KQ053421v1","5610673","5610968","75","2479440"
"JH378143","8135533","8135832","KQ053421v1","5610673","5610968","74","2524860"
"JH378143","8174483","8174785","KQ053421v1","5610673","5610968","71","2563810"
"JH378143","8209552","8209838","KQ053421v1","5610673","5610968","85","2598879"
"JH378143","8216935","8217146","KQ052982v1","2032903","2033097","59","6184032"
"JH378143","8245795","8246092","KQ053421v1","5610673","5610968","69","2635122"
"JH378143","8350933","8351235","KQ053421v1","5610673","5610968","82","2740260"
"JH378143","8366059","8366352","KQ053421v1","5610673","5610968","72","2755386"
"JH378143","8438678","8438970","KQ053421v1","5610673","5610968","77","2828005"
"JH378143","8464946","8465241","KQ053421v1","5610673","5610968","67","2854273"
"JH378143","8493772","8494062","KQ053421v1","5610673","5610968","87","2883099"
"JH378143","8506490","8506792","KQ053421v1","5610673","5610968","70","2895817"
"JH378143","8511185","8511299","KQ056493v1","2043382","2043488","43","6467803"
"JH378143","8569902","8570205","KQ053421v1","5610673","5610968","84","2959229"
"JH378143","8591114","8591425","KQ055267v1","513773","514088","73","8077341"
"JH378143","8598930","8599218","KQ053421v1","5610673","5610968","84","2988257"
"JH378143","8605863","8606158","KQ053421v1","5610673","5610968","68","2995190"
"JH378143","8680108","8680410","KQ053421v1","5610673","5610968","73","3069435"
"JH378143","8683387","8683667","KQ054815v1","2215557","2215844","76","6467830"
"JH378143","8683668","8683965","KQ053421v1","5610673","5610968","73","3072995"
"JH378143","8723495","8723794","KQ053421v1","5610673","5610968","74","3112822"
"JH378143","8755250","8755553","KQ055352v1","6003171","6003466","78","2752079"
"JH378143","8759768","8759982","KQ055662v1","1890465","1890674","65","6869303"
"JH378143","8772716","8773024","KQ055267v1","513773","514088","72","8258943"
"JH378143","8776025","8776318","KQ053421v1","5610673","5610968","89","3165352"
"JH378143","8796991","8797268","KQ058339v1","4553625","4553889","72","4243366"
"JH378143","8811155","8811465","KQ055352v1","6003171","6003466","73","2807984"
"JH378143","8825118","8825374","KQ058505v1","2207051","2207301","79","6618067"
"JH378143","8827962","8828102","KQ056911v1","1421731","1421862","44","7406231"
"JH378143","8842188","8842491","KQ053421v1","5610673","5610968","82","3231515"
"JH378143","8850256","8850564","KQ055352v1","6003171","6003466","74","2847085"
"JH378143","8855154","8855425","KQ057186v1","783828","784085","82","8071326"
"JH378143","8911253","8911532","KQ058242v1","595939","596205","81","8315314"
"JH378143","9024556","9024819","KQ055717v1","1610777","1611031","84","7413779"
"JH378143","9055586","9055884","KQ058427v1","7786546","7786853","92","1269040"
"JH378143","9056076","9056380","KQ053421v1","5610673","5610968","73","3445403"
"JH378143","9058235","9058525","KQ053421v1","5610673","5610968","74","3447562"
"JH378143","9095140","9095451","KQ053421v1","5610673","5610968","92","3484467"
"JH378143","9114836","9115138","KQ053421v1","5610673","5610968","71","3504163"
"JH378143","9116208","9116504","KQ053421v1","5610673","5610968","72","3505535"
"JH378143","9133229","9133501","KQ058242v1","595939","596205","84","8537290"
"JH378143","9140762","9141051","KQ053421v1","5610673","5610968","84","3530089"
"JH378143","9144871","9145175","KQ053421v1","5610673","5610968","67","3534198"
"JH378143","9161879","9162181","KQ053421v1","5610673","5610968","80","3551206"
"JH378143","9192180","9192474","KQ053421v1","5610673","5610968","70","3581507"
"JH378143","9195658","9195953","KQ053421v1","5610673","5610968","86","3584985"
"JH378143","9199192","9199494","KQ053421v1","5610673","5610968","74","3588519"
"JH378143","9220108","9220251","KQ056911v1","1421731","1421862","36","7798377"
"JH378143","9224857","9225162","KQ058427v1","7786546","7786853","87","1438311"
"JH378143","9238451","9238751","KQ053421v1","5610673","5610968","73","3627778"
"JH378143","9240359","9240643","KQ053883v1","6938067","6938331","86","2302292"
"JH378143","9242366","9242665","KQ053421v1","5610673","5610968","73","3631693"
"JH378143","9288099","9288376","KQ053421v1","5610673","5610968","101","3677426"
"JH378143","9299357","9299676","KQ053135v1","5034940","5035266","102","4264417"
"JH378143","9321212","9321502","KQ053421v1","5610673","5610968","74","3710539"
"JH378143","9338530","9338743","KQ055662v1","1890465","1890674","58","7448065"
"JH378143","9376960","9377270","KQ053421v1","5610673","5610968","78","3766287"
"JH378143","9377732","9377967","KQ056321v1","575951","576190","78","8801781"
"JH378143","9419227","9419529","KQ053421v1","5610673","5610968","76","3808554"
"JH378143","9424078","9424380","KQ055267v1","513773","514088","82","8910305"
"JH378143","9468231","9468524","KQ053421v1","5610673","5610968","86","3857558"
"JH378143","9479124","9479222","KQ056235v1","1266284","1266361","33","8212840"
"JH378143","9479639","9479748","KQ055579v1","54828","54918","55","9424811"
"JH378143","9542159","9542471","KQ058427v1","7786546","7786853","89","1755613"
"JH378143","9577132","9577430","KQ053421v1","5610673","5610968","71","3966459"
"JH378143","9592055","9592335","KQ053421v1","5610673","5610968","80","3981382"
"JH378143","9595886","9596191","KQ053421v1","5610673","5610968","71","3985213"
"JH378143","9902222","9902327","KQ056613v1","139721","139816","52","9762501"
"JH378143","10012741","10013050","KQ055352v1","6003171","6003466","69","4009570"
"JH378143","10165411","10165692","KQ053421v1","5610673","5610968","78","4554738"
"JH378143","10193931","10194223","KQ053421v1","5610673","5610968","89","4583258"
"JH378143","10250350","10250644","KQ053421v1","5610673","5610968","77","4639677"
"JH378143","10297412","10297714","KQ053421v1","5610673","5610968","77","4686739"
"JH378143","10305245","10305554","KQ055352v1","6003171","6003466","73","4302074"
"JH378143","10333313","10333618","KQ053421v1","5610673","5610968","73","4722640"
"JH378143","10419014","10419325","KQ055267v1","513773","514088","66","9905241"
"JH378143","10479062","10479365","KQ053421v1","5610673","5610968","79","4868389"
"JH378143","10537543","10537734","KQ058274v1","300327","300497","95","10237216"
"JH378143","10573886","10574188","KQ053421v1","5610673","5610968","71","4963213"
"JH378143","10778885","10779194","KQ053059v1","2548766","2549102","94","8230119"
"JH378143","11158863","11159173","KQ053421v1","5610673","5610968","71","5548190"
"JH378143","11180203","11180312","KQ055717v1","1610376","1610476","40","9569827"
"JH378143","11378581","11378878","KQ053421v1","5610673","5610968","69","5767908"
"JH378143","11392262","11392568","KQ055267v1","513773","514088","74","10878489"
"JH378143","11512735","11513023","KQ053421v1","5610673","5610968","80","5902062"
"JH378143","11589725","11590034","KQ055267v1","513773","514088","72","11075952"
"JH378143","11640486","11640793","KQ055352v1","6003171","6003466","66","5637315"
"JH378143","11682312","11682610","KQ053421v1","5610673","5610968","89","6071639"
"JH378143","11745145","11745368","KQ057186v1","783828","784085","88","10961317"
"JH378143","11807426","11807568","KQ052968v1","13665640","13665790","48","1858214"
"JH378143","12043233","12043526","KQ053421v1","5610673","5610968","72","6432560"
"JH378143","12300685","12300979","KQ055352v1","6003171","6003466","86","6297514"
"JH378143","12348701","12349007","KQ055352v1","6003171","6003466","72","6345530"
"JH378143","12372342","12372651","KQ055352v1","6003171","6003466","72","6369171"
"JH378143","12503750","12504061","KQ053421v1","5610673","5610968","78","6893077"
"JH378143","12536527","12536824","KQ053421v1","5610673","5610968","74","6925854"
"JH378143","12670660","12670968","KQ055267v1","513773","514088","76","12156887"
"JH378143","12714412","12714715","KQ053421v1","5610673","5610968","72","7103739"
"JH378143","12748863","12749162","KQ053421v1","5610673","5610968","70","7138190"
"JH378143","12859363","12859645","KQ058427v1","6786866","6787134","94","6072497"
"JH378143","13012195","13012474","KQ054815v1","2215557","2215844","79","10796638"
"JH378143","13053610","13053910","KQ053421v1","5610673","5610968","67","7442937"
"JH378143","13103912","13104190","KQ053883v1","6938067","6938331","93","6165845"
"JH378143","13121831","13122113","KQ057186v1","783828","784085","84","12338003"
"JH378143","13125297","13125598","KQ053421v1","5610673","5610968","69","7514624"
"JH378143","13140748","13141047","KQ053421v1","5610673","5610968","78","7530075"
"JH378143","13157610","13157892","KQ055862v1","1305285","1305561","84","11852325"
"JH378143","13186906","13187184","KQ057186v1","783828","784085","78","12403078"
"JH378143","13256558","13256851","KQ053421v1","5610673","5610968","71","7645885"
"JH378143","13359629","13359926","KQ053421v1","5610673","5610968","71","7748956"
"JH378143","13366484","13366784","KQ053421v1","5610673","5610968","67","7755811"
"JH378143","13408862","13409160","KQ053421v1","5610673","5610968","74","7798189"
"JH378143","13410136","13410438","KQ053421v1","5610673","5610968","67","7799463"
"JH378143","13440047","13440358","KQ055267v1","513773","514088","75","12926274"
"JH378143","13446054","13446390","KQ055352v1","6003171","6003466","163","7442883"
"JH378143","13451374","13451606","KQ058242v1","595939","596205","76","12855435"
"JH378143","13461432","13461740","KQ055352v1","6003171","6003466","70","7458261"
"JH378143","13476566","13476693","KQ053398v1","2623748","2623879","30","10852818"
"JH378143","13482387","13482697","KQ055352v1","6003171","6003466","74","7479216"
"JH378143","13484506","13484795","KQ053421v1","5610673","5610968","75","7873833"
"JH378143","13488480","13488716","KQ057186v1","783828","784085","95","12704652"
"JH378143","13500083","13500350","KQ058242v1","595939","596205","89","12904144"
"JH378143","13526019","13526301","KQ058242v1","595939","596205","80","12930080"
"JH378143","13561885","13562109","KQ053234v1","1414405","1414609","67","12147480"
"JH378143","13582540","13582841","KQ053421v1","5610673","5610968","72","7971867"
"JH378143","13584780","13585109","KQ053059v1","2548766","2549102","100","11036014"
"JH378143","13599174","13599416","KQ058509v1","24058","24271","78","13575116"
"JH378143","13693631","13693934","KQ053421v1","5610673","5610968","81","8082958"
"JH378143","13699249","13699548","KQ053421v1","5610673","5610968","68","8088576"
"JH378143","13700332","13700620","KQ053421v1","5610673","5610968","86","8089659"
"JH378143","13714033","13714315","KQ053421v1","5610673","5610968","85","8103360"
"JH378143","13715678","13715973","KQ053421v1","5610673","5610968","67","8105005"
"JH378143","13763088","13763393","KQ055352v1","6003171","6003466","75","7759917"
"JH378143","13768044","13768340","KQ053421v1","5610673","5610968","74","8157371"
"JH378143","13785675","13785957","KQ058339v1","4553625","4553889","83","9232050"
"JH378143","13809743","13810039","KQ053421v1","5610673","5610968","67","8199070"
"JH378143","13825205","13825488","KQ054815v1","2215557","2215844","85","11609648"
"JH378143","13833454","13833761","KQ055267v1","513773","514088","73","13319681"
"JH378143","13846560","13846849","KQ053421v1","5610673","5610968","77","8235887"
"JH378143","13856359","13856666","KQ055352v1","6003171","6003466","73","7853188"
"JH378143","13869037","13869316","KQ053785v1","888769","889063","86","12980268"
"JH378143","13915558","13915858","KQ053421v1","5610673","5610968","79","8304885"
"JH378143","14056039","14056162","KQ053398v1","2623748","2623879","37","11432291"
"JH378143","14125437","14125740","KQ053421v1","5610673","5610968","68","8514764"
"JH378143","14253566","14253874","KQ055267v1","513773","514088","69","13739793"
"JH378143","14483198","14483451","KQ058505v1","2207051","2207301","79","12276147"
"JH378143","14564270","14564537","KQ055717v1","1610777","1611031","100","12953493"
"JH378143","14600902","14601036","KQ053398v1","2623748","2623879","31","11977154"
"JH378143","14613223","14613349","KQ058309v1","1090877","1091006","32","13522346"
"JH378143","14666269","14666577","KQ058427v1","7786546","7786853","93","6879723"
"JH378143","14785735","14786034","KQ058427v1","7786546","7786853","83","6999189"
"JH378143","14903388","14903715","KQ055352v1","6003171","6003466","91","8900217"
"JH378143","14962230","14962490","KQ055862v1","1305285","1305561","84","13656945"
"JH378143","15073638","15073935","KQ053421v1","5610673","5610968","82","9462965"
"JH378143","15129767","15130071","KQ053421v1","5610673","5610968","73","9519094"
"JH378143","15289325","15289628","KQ055352v1","6003171","6003466","73","9286154"
"JH378143","15292955","15293243","KQ053421v1","5610673","5610968","82","9682282"
"JH378143","15517626","15517928","KQ053421v1","5610673","5610968","69","9906953"
"JH378143","15592650","15592948","KQ053421v1","5610673","5610968","74","9981977"
"JH378143","15646184","15646479","KQ058394v1","9655127","9655422","89","5991057"
"JH378143","15775069","15775375","KQ055352v1","6003171","6003466","72","9771898"
"JH378143","15905646","15905923","KQ055352v1","6003171","6003466","89","9902475"
"JH378143","15993122","15993417","KQ053421v1","5610673","5610968","69","10382449"
"JH378143","15996733","15997043","KQ058427v1","7786546","7786853","76","8210187"
"JH378143","16247655","16247939","KQ053421v1","5610673","5610968","80","10636982"
"JH378143","16373011","16373330","KQ055352v1","6003171","6003466","103","10369840"
"JH378143","16479626","16479934","KQ055267v1","513773","514088","71","15965853"
"JH378143","16580256","16580549","KQ053421v1","5610673","5610968","87","10969583"
"JH378143","16618313","16618434","KQ053398v1","2627781","2627909","41","13990532"
"JH378143","16676500","16676785","KQ053421v1","5610673","5610968","100","11065827"
"JH378143","16738134","16738443","KQ055267v1","513773","514088","76","16224361"
"JH378143","16823657","16823866","KQ053234v1","1679581","1679757","78","15144076"
"JH378143","17191046","17191349","KQ053421v1","5610673","5610968","82","11580373"
"JH378143","17261580","17261707","KQ054401v1","3363241","3363379","44","13898339"
"JH378143","17332042","17332327","KQ053421v1","5610673","5610968","83","11721369"
"JH378143","17415774","17416075","KQ053421v1","5610673","5610968","82","11805101"
"JH378143","17478797","17479112","KQ055267v1","513773","514088","84","16965024"
"JH378143","17679600","17679900","KQ053421v1","5610673","5610968","70","12068927"
"JH378143","17714986","17715293","KQ053421v1","5610673","5610968","79","12104313"
"JH378143","17900671","17901002","KQ053421v1","5610673","5610968","89","12289998"
"JH378143","18086302","18086595","KQ053421v1","5610673","5610968","67","12475629"
"JH378143","18181804","18182066","KQ055862v1","1305285","1305561","84","16876519"
"JH378143","18234190","18234464","KQ054815v1","2215557","2215844","78","16018633"
"JH378143","18451930","18452221","KQ053421v1","5610673","5610968","73","12841257"
"JH378143","18515073","18515391","KQ055267v1","513773","514088","77","18001300"
"JH378143","18562790","18562993","ABDC02053644v1","2226","2419","82","18560564"
"JH378143","18617526","18617837","KQ055267v1","513773","514088","72","18103753"
"JH378143","18640016","18640327","KQ053421v1","5610673","5610968","75","13029343"
"JH378143","18726177","18726475","KQ053421v1","5610673","5610968","78","13115504"
"JH378144","13500215","13500450","KQ058505v1","2207051","2207301","81","11293164"
"JH378144","170373","170661","KQ053421v1","5610673","5610968","78","5440300"
"JH378144","178539","178820","KQ053421v1","5610673","5610968","77","5432134"
"JH378144","231453","231791","KQ055267v1","513773","514088","108","282320"
"JH378144","238446","238764","KQ053421v1","5610673","5610968","89","5372227"
"JH378144","261726","262040","KQ053421v1","5610673","5610968","83","5348947"
"JH378144","294812","295109","KQ053421v1","5610673","5610968","82","5315861"
"JH378144","328470","328775","KQ053421v1","5610673","5610968","83","5282203"
"JH378144","347102","347389","KQ053421v1","5610673","5610968","84","5263571"
"JH378144","366981","367292","KQ055267v1","513773","514088","74","146792"
"JH378144","423644","423945","KQ053421v1","5610673","5610968","83","5187029"
"JH378144","449571","449884","KQ055267v1","513773","514088","78","64202"
"JH378144","450759","450890","KQ053398v1","2623748","2623879","30","2172989"
"JH378144","502659","502965","KQ053785v1","888769","889063","91","386110"
"JH378144","505073","505109","KQ057909v1","13179999","13180035","20","12674926"
"JH378144","562104","562332","KQ054068v1","3638075","3638299","68","3075971"
"JH378144","621621","621914","KQ053421v1","5610673","5610968","73","4989052"
"JH378144","625389","625639","KQ057909v1","9290159","9290423","98","8664770"
"JH378144","639474","639774","KQ053421v1","5610673","5610968","64","4971199"
"JH378144","643740","644047","KQ055352v1","6003171","6003466","72","5359431"
"JH378144","725557","725745","KQ056147v1","2861940","2862121","53","2136383"
"JH378144","824879","825070","KQ058274v1","300327","300497","65","524552"
"JH378144","830679","830982","KQ053421v1","5610673","5610968","71","4779994"
"JH378144","849468","849775","KQ058427v1","7786546","7786853","75","6937078"
"JH378144","852113","852409","KQ053421v1","5610673","5610968","74","4758560"
"JH378144","857568","857868","KQ053421v1","5610673","5610968","75","4753105"
"JH378144","866200","866495","KQ053421v1","5610673","5610968","78","4744473"
"JH378144","986363","986671","KQ053421v1","5610673","5610968","79","4624310"
"JH378144","998732","999027","KQ053421v1","5610673","5610968","70","4611941"
"JH378144","1008898","1009199","KQ053421v1","5610673","5610968","75","4601775"
"JH378144","1030560","1030843","KQ053421v1","5610673","5610968","92","4580113"
"JH378144","1049024","1049314","KQ053421v1","5610673","5610968","70","4561649"
"JH378144","1086537","1086757","KQ053234v1","1414405","1414609","68","327868"
"JH378144","1153280","1153582","KQ053421v1","5610673","5610968","75","4457393"
"JH378144","1160707","1161008","KQ053421v1","5610673","5610968","77","4449966"
"JH378144","1165666","1165951","KQ053421v1","5610673","5610968","68","4445007"
"JH378144","1183842","1184024","KQ054179v1","3404435","3404595","48","2220593"
"JH378144","1191775","1192059","KQ053421v1","5610673","5610968","75","4418898"
"JH378144","1214258","1214403","KQ053398v1","2627781","2627909","46","1413523"
"JH378144","1263877","1264168","KQ055862v1","1305285","1305561","85","41408"
"JH378144","1308534","1308843","KQ058427v1","7786546","7786853","82","6478012"
"JH378144","1402217","1402509","KQ053421v1","5610673","5610968","72","4208456"
"JH378144","1466298","1466606","KQ055352v1","6003171","6003466","74","4536873"
"JH378144","1495467","1495775","KQ053421v1","5610673","5610968","71","4115206"
"JH378144","1556724","1556947","KQ055662v1","1890465","1890674","72","333741"
"JH378144","1644676","1644984","KQ053421v1","5610673","5610968","90","3965997"
"JH378144","1663412","1663693","KQ053421v1","5610673","5610968","87","3947261"
"JH378144","1687893","1688184","KQ053421v1","5610673","5610968","72","3922780"
"JH378144","1921475","1921699","KQ052982v1","2032903","2033097","65","111428"
"JH378144","1922888","1923066","KQ053234v1","1679581","1679757","43","243307"
"JH378144","1969559","1969854","KQ053421v1","5610673","5610968","71","3641114"
"JH378144","1996062","1996336","KQ055830v1","661716","661986","90","1334346"
"JH378144","2163625","2163921","KQ053421v1","5610673","5610968","74","3447048"
"JH378144","2207881","2208186","KQ055352v1","6003171","6003466","70","3795290"
"JH378144","2402319","2402620","KQ053421v1","5610673","5610968","69","3208354"
"JH378144","2489592","2489893","KQ058427v1","7786546","7786853","75","5296954"
"JH378144","2527240","2527538","KQ053421v1","5610673","5610968","69","3083433"
"JH378144","2536053","2536356","KQ053421v1","5610673","5610968","79","3074620"
"JH378144","2562889","2563186","KQ053421v1","5610673","5610968","76","3047784"
"JH378144","2706093","2706403","KQ058427v1","7786546","7786853","86","5080453"
"JH378144","2898967","2899108","KQ053004v1","3064551","3064681","43","165584"
"JH378144","2977771","2978066","KQ055862v1","1305285","1305561","82","1672486"
"JH378144","3043428","3043735","KQ055352v1","6003171","6003466","77","2959743"
"JH378144","3065328","3065627","KQ053421v1","5610673","5610968","71","2545345"
"JH378144","3102336","3102648","KQ055267v1","513773","514088","77","2588563"
"JH378144","3169519","3169802","KQ053421v1","5610673","5610968","81","2441154"
"JH378144","3197875","3198151","KQ058242v1","595939","596205","94","2601936"
"JH378144","3246042","3246319","KQ053421v1","5610673","5610968","83","2364631"
"JH378144","3248439","3248716","KQ053421v1","5610673","5610968","83","2362234"
"JH378144","3457663","3457966","KQ053421v1","5610673","5610968","69","2153010"
"JH378144","3501056","3501359","KQ053421v1","5610673","5610968","70","2109617"
"JH378144","3518137","3518259","KQ053398v1","2627781","2627909","43","890356"
"JH378144","3913508","3913821","KQ055267v1","513773","514088","84","3399735"
"JH378144","4022174","4022466","KQ053421v1","5610673","5610968","66","1588499"
"JH378144","4082433","4082694","KQ058242v1","595939","596205","81","3486494"
"JH378144","4104236","4104544","KQ053421v1","5610673","5610968","99","1506437"
"JH378144","4112644","4112935","KQ053421v1","5610673","5610968","79","1498029"
"JH378144","4147408","4147716","KQ053421v1","5610673","5610968","71","1463265"
"JH378144","4174994","4175264","KQ058242v1","595939","596205","75","3579055"
"JH378144","4226229","4226324","KQ056279v1","759081","759162","34","3467148"
"JH378144","4285896","4286196","KQ055267v1","513773","514088","89","3772123"
"JH378144","4309505","4309637","KQ057684v1","164719","164807","60","4144786"
"JH378144","4335008","4335304","KQ053421v1","5610673","5610968","83","1275665"
"JH378144","4431443","4431721","KQ058242v1","595939","596205","84","3835504"
"JH378144","4484687","4484980","KQ053421v1","5610673","5610968","74","1125986"
"JH378144","4494165","4494472","KQ055267v1","513773","514088","71","3980392"
"JH378144","4502999","4503304","KQ055352v1","6003171","6003466","76","1500172"
"JH378144","4539714","4539999","KQ054815v1","2215557","2215844","80","2324157"
"JH378144","4541477","4541776","KQ053421v1","5610673","5610968","71","1069196"
"JH378144","4548221","4548519","KQ058242v1","595939","596205","91","3952282"
"JH378144","4550240","4550535","KQ053421v1","5610673","5610968","64","1060433"
"JH378144","4591914","4592225","KQ055352v1","6003171","6003466","69","1411257"
"JH378144","4616327","4616630","KQ053421v1","5610673","5610968","74","994346"
"JH378144","4640262","4640520","KQ058242v1","595939","596205","70","4044323"
"JH378144","4717866","4718200","KQ053059v1","2548766","2549102","92","2169100"
"JH378144","4758199","4758502","KQ053421v1","5610673","5610968","80","852474"
"JH378144","4780958","4781213","KQ058242v1","595939","596205","81","4185019"
"JH378144","4863772","4864004","KQ058242v1","595939","596205","90","4267833"
"JH378144","4870888","4871190","KQ053421v1","5610673","5610968","72","739785"
"JH378144","4957375","4957575","KQ058594v1","1033101","1033292","51","3924274"
"JH378144","4997644","4997934","KQ053421v1","5610673","5610968","76","613029"
"JH378144","5012806","5013086","KQ058242v1","595939","596205","83","4416867"
"JH378144","5109996","5110238","KQ053234v1","1414405","1414609","75","3695591"
"JH378144","5144761","5145037","KQ053421v1","5610673","5610968","77","465912"
"JH378144","5187590","5187881","KQ053421v1","5610673","5610968","76","423083"
"JH378144","5192516","5192818","KQ053421v1","5610673","5610968","68","418157"
"JH378144","5253970","5254273","KQ053421v1","5610673","5610968","80","356703"
"JH378144","5302734","5302852","KQ053398v1","2623748","2623879","45","2678986"
"JH378144","5313625","5313924","KQ053421v1","5610673","5610968","66","297048"
"JH378144","5346662","5346928","KQ058242v1","595939","596205","73","4750723"
"JH378144","5468215","5468515","KQ053421v1","5610673","5610968","72","142458"
"JH378144","5545022","5545314","KQ053421v1","5610673","5610968","79","65651"
"JH378144","5598927","5599176","KQ058505v1","2207051","2207301","77","3391876"
"JH378144","5701951","5702250","KQ053421v1","5610673","5610968","77","91278"
"JH378144","5709150","5709323","KQ053531v1","6571","6737","58","5702579"
"JH378144","5735503","5735753","KQ058509v1","24058","24271","80","5711445"
"JH378144","5741703","5742000","KQ053421v1","5610673","5610968","67","131030"
"JH378144","5742007","5742302","KQ058427v1","7786546","7786853","75","2044539"
"JH378144","5746876","5746978","KQ056279v1","759081","759162","36","4987795"
"JH378144","5750658","5750701","KQ053816v1","7360036","7360073","13","1609378"
"JH378144","5782076","5782371","KQ053421v1","5610673","5610968","71","171403"
"JH378144","5800594","5800880","KQ053421v1","5610673","5610968","71","189921"
"JH378144","5832556","5832868","KQ055267v1","513773","514088","74","5318783"
"JH378144","5934293","5934579","KQ055267v1","513773","514088","86","5420520"
"JH378144","6046617","6046916","KQ053421v1","5610673","5610968","81","435944"
"JH378144","6085791","6086061","KQ053421v1","5610673","5610968","101","475118"
"JH378144","6092481","6092786","KQ058427v1","7786546","7786853","77","1694065"
"JH378144","6143833","6144130","KQ058427v1","7786546","7786853","84","1642713"
"JH378144","6154161","6154466","KQ053421v1","5610673","5610968","83","543488"
"JH378144","6199870","6200021","KQ053004v1","3064551","3064681","46","3135319"
"JH378144","6224814","6225109","KQ053421v1","5610673","5610968","78","614141"
"JH378144","6537251","6537343","KQ056235v1","1266284","1266361","26","5270967"
"JH378144","6560746","6561024","KQ058242v1","595939","596205","88","5964807"
"JH378144","6757703","6758018","KQ055267v1","513773","514088","89","6243930"
"JH378144","6799893","6800106","KQ055978v1","4311984","4312161","81","2487909"
"JH378144","6851838","6852128","KQ053421v1","5610673","5610968","85","1241165"
"JH378144","6863972","6864275","KQ053421v1","5610673","5610968","82","1253299"
"JH378144","6902472","6902762","KQ053421v1","5610673","5610968","83","1291799"
"JH378144","6994654","6994958","KQ055267v1","513773","514088","80","6480881"
"JH378144","7119406","7119695","KQ057901v1","868884","869144","95","6250522"
"JH378144","7139944","7140241","KQ053421v1","5610673","5610968","74","1529271"
"JH378144","7151318","7151611","KQ053421v1","5610673","5610968","76","1540645"
"JH378144","7156111","7156420","KQ058427v1","7786546","7786853","76","630435"
"JH378144","7188282","7188527","KQ055717v1","1610777","1611031","82","5577505"
"JH378144","7211675","7211944","KQ055830v1","661716","661986","95","6549959"
"JH378144","7244648","7244856","KQ053234v1","1679581","1679757","69","5565067"
"JH378144","7283800","7284082","KQ058339v1","4553625","4553889","82","2730175"
"JH378144","7354873","7355075","KQ052982v1","2032903","2033097","62","5321970"
"JH378144","7368146","7368428","KQ053421v1","5610673","5610968","82","1757473"
"JH378144","7406903","7407197","KQ058339v1","4553625","4553889","94","2853278"
"JH378144","7427320","7427626","KQ058427v1","7786546","7786853","75","359226"
"JH378144","7430864","7431170","KQ058427v1","7786546","7786853","81","355682"
"JH378144","7434927","7435233","KQ058427v1","7786546","7786853","81","351619"
"JH378144","7452332","7452604","KQ053421v1","5610673","5610968","87","1841659"
"JH378144","7550916","7551222","KQ058427v1","7786546","7786853","88","235630"
"JH378144","7597385","7597663","KQ058339v1","4553625","4553889","74","3043760"
"JH378144","7622979","7623263","KQ053421v1","5610673","5610968","86","2012306"
"JH378144","7662026","7662330","KQ053421v1","5610673","5610968","66","2051353"
"JH378144","7747515","7747748","KQ058242v1","595939","596205","77","7151576"
"JH378144","7782420","7782721","KQ053421v1","5610673","5610968","66","2171747"
"JH378144","7831854","7832160","KQ055352v1","6003171","6003466","69","1828683"
"JH378144","7868267","7868550","KQ053421v1","5610673","5610968","79","2257594"
"JH378144","7877372","7877677","KQ055352v1","6003171","6003466","74","1874201"
"JH378144","7914817","7915117","KQ058427v1","7786546","7786853","86","128271"
"JH378144","7990609","7990918","KQ055352v1","6003171","6003466","76","1987438"
"JH378144","8025979","8026274","KQ053421v1","5610673","5610968","68","2415306"
"JH378144","8053659","8053942","KQ053421v1","5610673","5610968","78","2442986"
"JH378144","8136319","8136610","KQ053421v1","5610673","5610968","85","2525646"
"JH378144","8186165","8186474","KQ055352v1","6003171","6003466","69","2182994"
"JH378144","8544523","8544650","KQ053398v1","2623748","2623879","37","5920775"
"JH378144","8563708","8564024","KQ055352v1","6003171","6003466","88","2560537"
"JH378144","8618790","8618996","KQ055140v1","659740","659924","71","7959050"
"JH378144","8735427","8735712","KQ055352v1","6003171","6003466","66","2732256"
"JH378144","8750063","8750365","KQ053421v1","5610673","5610968","88","3139390"
"JH378144","8753287","8753575","KQ053421v1","5610673","5610968","72","3142614"
"JH378144","8790223","8790500","KQ058242v1","595939","596205","80","8194284"
"JH378144","8807728","8808048","KQ053421v1","5610673","5610968","83","3197055"
"JH378144","8839989","8840291","KQ053421v1","5610673","5610968","76","3229316"
"JH378144","8870926","8871211","KQ053421v1","5610673","5610968","79","3260253"
"JH378144","8916449","8916753","KQ053421v1","5610673","5610968","81","3305776"
"JH378144","8937486","8937722","KQ058242v1","595939","596205","85","8341547"
"JH378144","8940706","8941028","KQ058427v1","7786546","7786853","86","1154160"
"JH378144","8969773","8970050","KQ053421v1","5610673","5610968","88","3359100"
"JH378144","8986485","8986775","KQ053421v1","5610673","5610968","87","3375812"
"JH378144","8990869","8991178","KQ053421v1","5610673","5610968","84","3380196"
"JH378144","9005882","9006186","KQ055267v1","513773","514088","73","8492109"
"JH378144","9053282","9053620","KQ053059v1","2548766","2549102","97","6504516"
"JH378144","9115967","9116259","KQ053421v1","5610673","5610968","71","3505294"
"JH378144","9178612","9178920","KQ055352v1","6003171","6003466","68","3175441"
"JH378144","9190549","9190850","KQ053421v1","5610673","5610968","77","3579876"
"JH378144","9209110","9209271","KQ055914v1","670963","671119","38","8538147"
"JH378144","9241638","9241937","KQ053421v1","5610673","5610968","72","3630965"
"JH378144","9326141","9326432","KQ053421v1","5610673","5610968","87","3715468"
"JH378144","9362464","9362779","KQ053421v1","5610673","5610968","90","3751791"
"JH378144","9416014","9416270","KQ058505v1","2207051","2207301","85","7208963"
"JH378144","9482151","9482336","KQ057684v1","168025","168203","86","9314126"
"JH378144","9489947","9490260","KQ055267v1","513773","514088","74","8976174"
"JH378144","9563709","9563989","KQ054815v1","2215557","2215844","79","7348152"
"JH378144","9678149","9678447","KQ053421v1","5610673","5610968","64","4067476"
"JH378144","9779037","9779341","KQ053421v1","5610673","5610968","84","4168364"
"JH378144","9812872","9813148","KQ057186v1","783828","784085","79","9029044"
"JH378144","9852340","9852481","KQ054401v1","3363241","3363379","44","6489099"
"JH378144","9889118","9889421","KQ053421v1","5610673","5610968","76","4278445"
"JH378144","9915967","9916273","KQ053421v1","5610673","5610968","89","4305294"
"JH378144","9975898","9976175","KQ057909v1","9290159","9290423","92","685739"
"JH378144","10022628","10022923","KQ053421v1","5610673","5610968","80","4411955"
"JH378144","10062465","10062770","KQ055267v1","513773","514088","81","9548692"
"JH378144","10081134","10081441","KQ055267v1","513773","514088","72","9567361"
"JH378144","10083958","10084258","KQ053421v1","5610673","5610968","70","4473285"
"JH378144","10115571","10115856","KQ053421v1","5610673","5610968","75","4504898"
"JH378144","10117002","10117314","KQ055267v1","513773","514088","74","9603229"
"JH378144","10126737","10127056","KQ053135v1","5034940","5035266","89","5091797"
"JH378144","10224870","10225185","KQ058427v1","7786546","7786853","82","2438324"
"JH378144","10226380","10226680","KQ055267v1","513773","514088","79","9712607"
"JH378144","10239631","10239926","KQ053421v1","5610673","5610968","71","4628958"
"JH378144","10318549","10318682","KQ053398v1","2623748","2623879","39","7694801"
"JH378144","10400694","10400951","KQ058339v1","4553625","4553889","85","5847069"
"JH378144","10412885","10413182","KQ058242v1","595939","596205","88","9816946"
"JH378144","10413557","10413844","KQ058339v1","4553625","4553889","87","5859932"
"JH378144","10435846","10436125","KQ053421v1","5610673","5610968","79","4825173"
"JH378144","10439758","10440055","KQ053421v1","5610673","5610968","91","4829085"
"JH378144","10470239","10470475","KQ056321v1","575951","576190","80","9894288"
"JH378144","10553846","10554158","KQ058427v1","7786546","7786853","75","2767300"
"JH378144","10557514","10557813","KQ053421v1","5610673","5610968","80","4946841"
"JH378144","10560587","10560892","KQ055267v1","513773","514088","77","10046814"
"JH378144","10589763","10590052","KQ053421v1","5610673","5610968","76","4979090"
"JH378144","10593032","10593300","KQ058640v1","643463","643729","73","9949569"
"JH378144","10618309","10618598","KQ053421v1","5610673","5610968","77","5007636"
"JH378144","10661662","10661954","KQ053421v1","5610673","5610968","82","5050989"
"JH378144","10684848","10685155","KQ055267v1","513773","514088","74","10171075"
"JH378144","10687174","10687471","KQ053421v1","5610673","5610968","66","5076501"
"JH378144","10709484","10709793","KQ053421v1","5610673","5610968","71","5098811"
"JH378144","10720738","10721046","KQ055352v1","6003171","6003466","72","4717567"
"JH378144","10726278","10726581","KQ055267v1","513773","514088","72","10212505"
"JH378144","10732351","10732450","KQ056235v1","1266284","1266361","37","9466067"
"JH378144","10739482","10739792","KQ055267v1","513773","514088","71","10225709"
"JH378144","10751015","10751321","KQ053421v1","5610673","5610968","76","5140342"
"JH378144","10769264","10769555","KQ055352v1","6003171","6003466","90","4766093"
"JH378144","10843768","10844063","KQ053421v1","5610673","5610968","69","5233095"
"JH378144","10913134","10913248","KQ053398v1","2623748","2623879","47","8289386"
"JH378144","10913324","10913473","KQ052970v1","4377515","4377664","44","6535809"
"JH378144","11116843","11117149","KQ055352v1","6003171","6003466","73","5113672"
"JH378144","11201231","11201531","KQ053421v1","5610673","5610968","72","5590558"
"JH378144","11311884","11312222","KQ055267v1","513773","514088","97","10798111"
"JH378144","11344598","11344743","KQ053398v1","2623748","2623879","59","8720850"
"JH378144","11438002","11438318","KQ053421v1","5610673","5610968","101","5827329"
"JH378144","11462594","11462890","KQ053421v1","5610673","5610968","71","5851921"
"JH378144","11529535","11529807","KQ057186v1","783828","784085","88","10745707"
"JH378144","11607654","11607952","KQ053421v1","5610673","5610968","74","5996981"
"JH378144","11650089","11650235","KQ054510v1","7582269","7582431","54","4067820"
"JH378144","11723588","11723886","KQ053421v1","5610673","5610968","78","6112915"
"JH378144","11786079","11786187","KQ053037v1","816139","816250","39","10969940"
"JH378144","11815053","11815360","KQ053421v1","5610673","5610968","79","6204380"
"JH378144","11837800","11838104","KQ053421v1","5610673","5610968","72","6227127"
"JH378144","11859203","11859508","KQ058427v1","7786546","7786853","89","4072657"
"JH378144","11901985","11902292","KQ055352v1","6003171","6003466","73","5898814"
"JH378144","12055660","12055960","KQ053421v1","5610673","5610968","74","6444987"
"JH378144","12058144","12058442","KQ053421v1","5610673","5610968","72","6447471"
"JH378144","12084561","12084869","KQ055352v1","6003171","6003466","67","6081390"
"JH378144","12132793","12133099","KQ055352v1","6003171","6003466","71","6129622"
"JH378144","12162519","12162856","KQ055267v1","513773","514088","95","11648746"
"JH378144","12253478","12253791","KQ055267v1","513773","514088","72","11739705"
"JH378144","12364857","12365145","KQ053421v1","5610673","5610968","81","6754184"
"JH378144","12403988","12404270","KQ053421v1","5610673","5610968","86","6793315"
"JH378144","12609432","12609687","KQ058640v1","643463","643729","86","11965969"
"JH378144","12619967","12620275","KQ053421v1","5610673","5610968","76","7009294"
"JH378144","12668756","12669060","KQ053421v1","5610673","5610968","83","7058083"
"JH378144","12755760","12756055","KQ055352v1","6003171","6003466","90","6752589"
"JH378144","12825972","12826276","KQ055267v1","513773","514088","75","12312199"
"JH378144","12859230","12859518","KQ053421v1","5610673","5610968","80","7248557"
"JH378144","12899409","12899687","KQ055862v1","1305285","1305561","86","11594124"
"JH378144","12934205","12934542","KQ055352v1","6003171","6003466","100","6931034"
"JH378144","12979501","12979798","KQ053421v1","5610673","5610968","74","7368828"
"JH378144","12982856","12982950","KQ056235v1","1266284","1266361","29","11716572"
"JH378144","13010844","13011153","KQ055862v1","1305285","1305561","82","11705559"
"JH378144","13078243","13078557","KQ055267v1","513773","514088","76","12564470"
"JH378144","13124250","13124496","KQ058509v1","24058","24271","77","13100192"
"JH378144","13142054","13142335","KQ053421v1","5610673","5610968","78","7531381"
"JH378144","13218934","13219221","KQ053421v1","5610673","5610968","79","7608261"
"JH378144","13249337","13249625","KQ053421v1","5610673","5610968","72","7638664"
"JH378144","13298337","13298626","KQ053421v1","5610673","5610968","94","7687664"
"JH378144","13321109","13321418","KQ058427v1","7786546","7786853","82","5534563"
"JH378144","13351664","13351979","KQ055267v1","513773","514088","95","12837891"
"JH378144","13356112","13356413","KQ053421v1","5610673","5610968","79","7745439"
"JH378144","13356943","13357176","KQ053234v1","1414405","1414609","75","11942538"
"JH378144","13381568","13381716","KQ053476v1","812335","812482","42","12569233"
"JH378144","13389452","13389762","KQ055267v1","513773","514088","76","12875679"
"JH378144","13391073","13391367","KQ053421v1","5610673","5610968","68","7780400"
"JH378144","13399803","13400100","KQ053421v1","5610673","5610968","69","7789130"
"JH378144","13416188","13416478","KQ055352v1","6003171","6003466","79","7413017"
"JH378144","13444456","13444727","KQ058242v1","595939","596205","88","12848517"
"JH378144","13454887","13455011","KQ057161v1","453350","453459","33","13001537"
"JH378144","13458292","13458580","KQ053421v1","5610673","5610968","84","7847619"
"JH378144","13470454","13470788","KQ058427v1","7786546","7786853","95","5683908"
"JH378144","13498058","13498366","KQ055352v1","6003171","6003466","72","7494887"
"JH378144","13539461","13539747","KQ053421v1","5610673","5610968","83","7928788"
"JH378144","13575708","13575996","KQ053421v1","5610673","5610968","78","7965035"
"JH378144","13596184","13596349","KQ054510v1","7582269","7582431","36","6013915"
"JH378144","13600203","13600538","KQ055352v1","6003171","6003466","96","7597032"
"JH378144","13654233","13654529","KQ053421v1","5610673","5610968","75","8043560"
"JH378144","13657662","13657970","KQ055352v1","6003171","6003466","71","7654491"
"JH378144","13706985","13707283","KQ053421v1","5610673","5610968","74","8096312"
"JH378144","13722231","13722516","KQ053421v1","5610673","5610968","66","8111558"
"JH378144","13735356","13735641","KQ053421v1","5610673","5610968","86","8124683"
"JH378144","13755515","13755809","KQ053421v1","5610673","5610968","81","8144842"
"JH378144","13763702","13764006","KQ053421v1","5610673","5610968","70","8153029"
"JH378144","13791766","13792093","KQ055267v1","513773","514088","89","13277993"
"JH378144","13813532","13813830","KQ053421v1","5610673","5610968","78","8202859"
"JH378144","13918085","13918395","KQ053421v1","5610673","5610968","84","8307412"
"JH378144","13926527","13926817","KQ053421v1","5610673","5610968","86","8315854"
"JH378144","13956042","13956250","KQ058274v1","300327","300497","86","13655715"
"JH378144","13984808","13985103","KQ053421v1","5610673","5610968","69","8374135"
"JH378144","13987548","13987837","KQ056761v1","3147539","3147847","76","10840009"
"JH378144","14007704","14007999","KQ053421v1","5610673","5610968","68","8397031"
"JH378144","14035625","14035871","KQ053883v1","6938067","6938331","89","7097558"
"JH378144","14137641","14137942","KQ053421v1","5610673","5610968","69","8526968"
"JH378144","14142061","14142354","KQ053421v1","5610673","5610968","70","8531388"
"JH378144","14160807","14161116","KQ058427v1","7786546","7786853","72","6374261"
"JH378144","14304222","14304513","KQ053421v1","5610673","5610968","82","8693549"
"JH378144","14318069","14318390","KQ055267v1","513773","514088","85","13804296"
"JH378144","14401896","14402204","KQ058427v1","7786546","7786853","75","6615350"
"JH378144","14461027","14461313","KQ053421v1","5610673","5610968","75","8850354"
"JH378144","14494806","14495099","KQ053421v1","5610673","5610968","71","8884133"
"JH378144","14518912","14519234","KQ053135v1","5034940","5035266","98","9483972"
"JH378144","14558979","14559290","KQ055267v1","513773","514088","72","14045206"
"JH378144","14572790","14573082","KQ053421v1","5610673","5610968","70","8962117"
"JH378144","14632578","14632873","KQ053421v1","5610673","5610968","77","9021905"
"JH378144","14907431","14907739","KQ053421v1","5610673","5610968","75","9296758"
"JH378144","14989321","14989622","KQ055267v1","513773","514088","68","14475548"
"JH378144","15046853","15047167","KQ053421v1","5610673","5610968","91","9436180"
"JH378144","15117417","15117701","KQ054815v1","2215557","2215844","75","12901860"
"JH378144","15127570","15127854","KQ054815v1","2215557","2215844","86","12912013"
"JH378144","15130534","15130831","KQ053421v1","5610673","5610968","72","9519861"
"JH378144","15152810","15152936","KQ053398v1","2623748","2623879","32","12529062"
"JH378144","15283200","15283496","KQ053421v1","5610673","5610968","78","9672527"
"JH378144","15301431","15301536","KQ056493v1","2043382","2043488","40","13258049"
"JH378144","15589150","15589448","KQ055267v1","513773","514088","85","15075377"
"JH378144","15681505","15681806","KQ053421v1","5610673","5610968","67","10070832"
"JH378144","15684561","15684665","KQ053004v1","3064551","3064681","51","12620010"
"JH378144","15823721","15824007","KQ053421v1","5610673","5610968","76","10213048"
"JH378144","15832290","15832571","KQ058394v1","9655127","9655422","88","6177163"
"JH378144","15912850","15913145","KQ053421v1","5610673","5610968","69","10302177"
"JH378144","15946030","15946307","KQ058339v1","4553625","4553889","89","11392405"
"JH378144","16154419","16154715","KQ053421v1","5610673","5610968","89","10543746"
"JH378144","16276519","16276820","KQ055267v1","513773","514088","77","15762746"
"JH378144","16317707","16318004","KQ054815v1","2215557","2215844","92","14102150"
"JH378144","16361359","16361614","KQ058242v1","595939","596205","72","15765420"
"JH378144","16380452","16380684","KQ053234v1","1414405","1414609","84","14966047"
"JH378144","16381918","16382216","KQ053421v1","5610673","5610968","77","10771245"
"JH378144","16430398","16430607","KQ052982v1","2032903","2033097","59","14397495"
"JH378144","16430808","16430913","KQ056493v1","2043382","2043488","38","14387426"
"JH378144","16433973","16434293","KQ055267v1","513773","514088","97","15920200"
"JH378144","16513678","16513967","KQ055352v1","6003171","6003466","82","10510507"
"JH378144","16558286","16558556","KQ053785v1","888769","889063","83","15669517"
"JH378144","16569661","16569947","KQ053421v1","5610673","5610968","77","10958988"
"JH378144","16725053","16725357","KQ053421v1","5610673","5610968","67","11114380"
"JH378144","16729236","16729539","KQ055352v1","6003171","6003466","68","10726065"
"JH378144","16789031","16789336","KQ055352v1","6003171","6003466","70","10785860"
"JH378144","16819647","16819918","KQ054713v1","1437239","1437526","91","15382408"
"JH378144","16872834","16873133","KQ053421v1","5610673","5610968","74","11262161"
"JH378144","16888193","16888455","KQ058242v1","595939","596205","75","16292254"
"JH378144","16889827","16890119","KQ053421v1","5610673","5610968","67","11279154"
"JH378144","17036011","17036308","KQ053421v1","5610673","5610968","79","11425338"
"JH378144","17055929","17056220","KQ053421v1","5610673","5610968","68","11445256"
"JH378144","17087303","17087602","KQ053421v1","5610673","5610968","67","11476630"
"JH378144","17140296","17140595","KQ053421v1","5610673","5610968","65","11529623"
"JH378144","17183166","17183382","KQ055662v1","1890465","1890674","65","15292701"
"JH378144","17190917","17191221","KQ055352v1","6003171","6003466","80","11187746"
"JH378144","17278194","17278501","KQ055862v1","1305285","1305561","85","15972909"
"JH378144","17303966","17304258","KQ053421v1","5610673","5610968","71","11693293"
"JH378144","17323069","17323368","KQ053421v1","5610673","5610968","85","11712396"
"JH378144","17441538","17441665","KQ056920v1","183120","183261","42","17258418"
"JH378144","17608779","17609073","KQ053421v1","5610673","5610968","78","11998106"
"JH378144","17835676","17835994","KQ055267v1","513773","514088","84","17321903"
"JH378144","17878650","17878941","KQ053421v1","5610673","5610968","71","12267977"
"JH378144","17892746","17893066","KQ055267v1","513773","514088","82","17378973"
"JH378144","18029559","18029596","KQ053234v1","1679807","1679838","16","16349752"
"JH378144","18030254","18030463","KQ058274v1","300327","300497","69","17729927"
"JH378144","18040273","18040570","KQ053421v1","5610673","5610968","69","12429600"
"JH378144","18043062","18043358","KQ053421v1","5610673","5610968","65","12432389"
"JH378144","18047500","18047811","KQ055352v1","6003171","6003466","74","12044329"
"JH378144","18091672","18091971","KQ053421v1","5610673","5610968","66","12480999"
"JH378144","18122184","18122485","KQ055267v1","513773","514088","88","17608411"
"JH378144","18132089","18132391","KQ053421v1","5610673","5610968","88","12521416"
"JH378144","18135473","18135732","KQ058505v1","2207051","2207301","81","15928422"
"JH378144","18138683","18138986","KQ053421v1","5610673","5610968","71","12528010"
"JH378144","18141401","18141711","KQ055352v1","6003171","6003466","71","12138230"
"JH378144","18151973","18152279","KQ053421v1","5610673","5610968","84","12541300"
"JH378144","18153212","18153362","KQ053398v1","2623748","2623879","45","15529464"
"JH378144","18174107","18174407","KQ055862v1","1305285","1305561","84","16868822"
"JH378144","18196288","18196596","KQ053421v1","5610673","5610968","75","12585615"
"JH378144","18204839","18205138","KQ053421v1","5610673","5610968","66","12594166"
"JH378144","18210401","18210704","KQ055352v1","6003171","6003466","71","12207230"
"JH378144","18220094","18220379","KQ054713v1","1437239","1437526","79","16782855"
"JH378144","18253954","18254260","KQ055352v1","6003171","6003466","72","12250783"
"JH378144","18266815","18266980","KQ054510v1","7582269","7582431","41","10684546"
"JH378144","18422869","18423169","KQ053421v1","5610673","5610968","69","12812196"
"JH378145","10878910","10879221","KQ053421v1","5610673","5610968","77","5268237"
"JH378145","4232","4531","KQ053421v1","5610673","5610968","70","5606441"
"JH378145","32578","32864","KQ053421v1","5610673","5610968","77","5578095"
"JH378145","54578","54881","KQ055352v1","6003171","6003466","69","5948593"
"JH378145","55048","55340","KQ053421v1","5610673","5610968","81","5555625"
"JH378145","135230","135541","KQ055352v1","6003171","6003466","72","5867941"
"JH378145","159977","160279","KQ053421v1","5610673","5610968","72","5450696"
"JH378145","185849","186133","KQ053421v1","5610673","5610968","91","5424824"
"JH378145","214828","215139","KQ053421v1","5610673","5610968","84","5395845"
"JH378145","261509","261737","KQ053234v1","1414405","1414609","79","1152896"
"JH378145","263990","264282","KQ053421v1","5610673","5610968","78","5346683"
"JH378145","273801","274097","KQ053421v1","5610673","5610968","77","5336872"
"JH378145","280216","280515","KQ053421v1","5610673","5610968","77","5330457"
"JH378145","288332","288651","KQ053421v1","5610673","5610968","89","5322341"
"JH378145","309968","310260","KQ053421v1","5610673","5610968","72","5300705"
"JH378145","336399","336698","KQ053421v1","5610673","5610968","74","5274274"
"JH378145","353153","353455","KQ053421v1","5610673","5610968","74","5257520"
"JH378145","411651","411962","KQ055352v1","6003171","6003466","73","5591520"
"JH378145","442805","443059","KQ058242v1","595939","596205","82","153134"
"JH378145","508823","509127","KQ053421v1","5610673","5610968","71","5101850"
"JH378145","615178","615429","KQ056321v1","575951","576190","90","39227"
"JH378145","859380","859701","KQ058427v1","7786546","7786853","93","6927166"
"JH378145","940044","940344","KQ053421v1","5610673","5610968","76","4670629"
"JH378145","967097","967421","KQ053059v1","2548766","2549102","98","1581669"
"JH378145","1083432","1083640","KQ052982v1","2032903","2033097","54","949471"
"JH378145","1136764","1137061","KQ053421v1","5610673","5610968","82","4473909"
"JH378145","1273263","1273583","KQ053421v1","5610673","5610968","96","4337410"
"JH378145","1308796","1309097","KQ053421v1","5610673","5610968","87","4301877"
"JH378145","1338309","1338579","KQ058505v1","2207051","2207301","92","868742"
"JH378145","1388244","1388503","KQ055862v1","1305285","1305561","89","82959"
"JH378145","1409870","1410162","KQ053421v1","5610673","5610968","79","4200803"
"JH378145","1461162","1461472","KQ055352v1","6003171","6003466","73","4542009"
"JH378145","1540255","1540550","KQ053421v1","5610673","5610968","75","4070418"
"JH378145","1565296","1565591","KQ053421v1","5610673","5610968","79","4045377"
"JH378145","1792741","1793022","KQ053421v1","5610673","5610968","73","3817932"
"JH378145","1813450","1813748","KQ053421v1","5610673","5610968","81","3797223"
"JH378145","2051757","2052036","KQ054815v1","2215557","2215844","78","163800"
"JH378145","2090065","2090376","KQ055352v1","6003171","6003466","72","3913106"
"JH378145","2190282","2190596","KQ055267v1","513773","514088","71","1676509"
"JH378145","2213047","2213347","KQ053421v1","5610673","5610968","69","3397626"
"JH378145","2260744","2261054","KQ055267v1","513773","514088","72","1746971"
"JH378145","2399564","2399765","KQ053234v1","1679581","1679757","59","719983"
"JH378145","2585167","2585394","KQ054068v1","3638075","3638299","65","1052908"
"JH378145","2648074","2648378","KQ055267v1","513773","514088","78","2134301"
"JH378145","2670611","2670923","KQ053421v1","5610673","5610968","78","2940062"
"JH378145","2704103","2704401","KQ058427v1","7786546","7786853","93","5082443"
"JH378145","2719899","2720210","KQ055267v1","513773","514088","73","2206126"
"JH378145","2757202","2757502","KQ053421v1","5610673","5610968","75","2853471"
"JH378145","2771056","2771266","KQ055662v1","1890465","1890674","59","880591"
"JH378145","2798564","2798867","KQ055352v1","6003171","6003466","71","3204607"
"JH378145","2825823","2826121","KQ053421v1","5610673","5610968","74","2784850"
"JH378145","2898440","2898736","KQ053421v1","5610673","5610968","66","2712233"
"JH378145","2919465","2919769","KQ053421v1","5610673","5610968","91","2691208"
"JH378145","2934299","2934612","KQ055267v1","513773","514088","79","2420526"
"JH378145","2999877","2999999","KQ053398v1","2623748","2623879","41","376129"
"JH378145","3000002","3000185","KQ058490v1","418564","418731","45","2581438"
"JH378145","3224768","3225063","KQ053421v1","5610673","5610968","84","2385905"
"JH378145","3375266","3375546","KQ053421v1","5610673","5610968","84","2235407"
"JH378145","3462200","3462503","KQ058427v1","7786546","7786853","66","4324346"
"JH378145","3577320","3577633","KQ058427v1","7786546","7786853","84","4209226"
"JH378145","3641246","3641534","KQ053883v1","6938067","6938331","102","3296821"
"JH378145","3754603","3754822","ABDC02053644v1","2226","2419","88","3752377"
"JH378145","3878507","3878671","KQ054954v1","1680710","1680882","55","2197797"
"JH378145","3933574","3933870","KQ055267v1","513773","514088","76","3419801"
"JH378145","4010948","4011237","KQ053421v1","5610673","5610968","74","1599725"
"JH378145","4071209","4071512","KQ055352v1","6003171","6003466","74","1931962"
"JH378145","4121465","4121760","KQ053421v1","5610673","5610968","76","1489208"
"JH378145","4126686","4126983","KQ053421v1","5610673","5610968","76","1483987"
"JH378145","4397342","4397638","KQ053421v1","5610673","5610968","66","1213331"
"JH378145","4411568","4411850","KQ053421v1","5610673","5610968","82","1199105"
"JH378145","4601700","4602006","KQ053421v1","5610673","5610968","72","1008973"
"JH378145","4644046","4644356","KQ058427v1","7786546","7786853","69","3142500"
"JH378145","4717366","4717670","KQ055352v1","6003171","6003466","72","1285805"
"JH378145","4751885","4752191","KQ053421v1","5610673","5610968","98","858788"
"JH378145","4863679","4863990","KQ055352v1","6003171","6003466","71","1139492"
"JH378145","4892140","4892453","KQ055267v1","513773","514088","76","4378367"
"JH378145","4952588","4952888","KQ053421v1","5610673","5610968","79","658085"
"JH378145","4956031","4956327","KQ053421v1","5610673","5610968","73","654642"
"JH378145","4990729","4991003","KQ058242v1","595939","596205","77","4394790"
"JH378145","4994590","4994881","KQ053421v1","5610673","5610968","74","616083"
"JH378145","4999883","5000000","KQ053398v1","2627781","2627909","40","2372102"
"JH378145","5000001","5000187","KQ058350v1","9514178","9514352","45","4514177"
"JH378145","5016522","5016825","KQ053421v1","5610673","5610968","68","594151"
"JH378145","5138746","5139034","KQ053785v1","888769","889063","92","4249977"
"JH378145","5169411","5169715","KQ053421v1","5610673","5610968","72","441262"
"JH378145","5187513","5187799","KQ053421v1","5610673","5610968","89","423160"
"JH378145","5247851","5248144","KQ053421v1","5610673","5610968","70","362822"
"JH378145","5316750","5317072","KQ055267v1","513773","514088","86","4802977"
"JH378145","5329968","5330228","KQ057901v1","868884","869144","82","4461084"
"JH378145","5367875","5368002","KQ053398v1","2623748","2623879","38","2744127"
"JH378145","5454178","5454483","KQ053421v1","5610673","5610968","69","156495"
"JH378145","5568000","5568310","KQ055352v1","6003171","6003466","73","435171"
"JH378145","5764899","5765160","KQ053883v1","6938067","6938331","88","1173168"
"JH378145","5896356","5896614","KQ057901v1","868884","869144","83","5027472"
"JH378145","5966306","5966608","KQ053421v1","5610673","5610968","74","355633"
"JH378145","6000609","6000899","KQ053421v1","5610673","5610968","73","389936"
"JH378145","6012052","6012344","KQ053421v1","5610673","5610968","87","401379"
"JH378145","6053957","6054256","KQ053421v1","5610673","5610968","69","443284"
"JH378145","6155677","6155974","KQ058427v1","7786546","7786853","78","1630869"
"JH378145","6179663","6179974","KQ055352v1","6003171","6003466","72","176492"
"JH378145","6253399","6253688","KQ055862v1","1305285","1305561","80","4948114"
"JH378145","6280415","6280709","KQ053421v1","5610673","5610968","75","669742"
"JH378145","6287101","6287422","KQ055267v1","513773","514088","87","5773328"
"JH378145","6296458","6296751","KQ053421v1","5610673","5610968","70","685785"
"JH378145","6364555","6364863","KQ053421v1","5610673","5610968","88","753882"
"JH378145","6375779","6375899","KQ053398v1","2623748","2623879","40","3752031"
"JH378145","6425997","6426307","KQ055352v1","6003171","6003466","72","422826"
"JH378145","6428578","6428865","KQ053421v1","5610673","5610968","75","817905"
"JH378145","6430291","6430484","KQ056064v1","326763","326940","65","6103528"
"JH378145","6432530","6432794","KQ058339v1","4553625","4553889","84","1878905"
"JH378145","6440326","6440625","KQ053421v1","5610673","5610968","71","829653"
"JH378145","6469970","6470278","KQ055267v1","513773","514088","72","5956197"
"JH378145","6502345","6502621","KQ055862v1","1305285","1305561","81","5197060"
"JH378145","6504098","6504386","KQ058427v1","7786546","7786853","91","1282448"
"JH378145","6505176","6505420","KQ058509v1","24058","24271","82","6481118"
"JH378145","6518859","6519164","KQ055352v1","6003171","6003466","68","515688"
"JH378145","6555127","6555433","KQ055352v1","6003171","6003466","78","551956"
"JH378145","6564674","6564982","KQ053421v1","5610673","5610968","73","954001"
"JH378145","6569557","6569803","KQ058505v1","2207051","2207301","88","4362506"
"JH378145","6579263","6579577","KQ053421v1","5610673","5610968","89","968590"
"JH378145","6768565","6768864","KQ053421v1","5610673","5610968","67","1157892"
"JH378145","6792328","6792637","KQ055267v1","513773","514088","73","6278555"
"JH378145","6814546","6814836","KQ055267v1","513773","514088","93","6300773"
"JH378145","6960077","6960326","KQ058505v1","2207051","2207301","79","4753026"
"JH378145","6964560","6964864","KQ058427v1","7786546","7786853","72","821986"
"JH378145","7118926","7119224","KQ053421v1","5610673","5610968","67","1508253"
"JH378145","7199518","7199589","KQ053998v1","8863","8933","33","7190655"
"JH378145","7236238","7236524","KQ053421v1","5610673","5610968","78","1625565"
"JH378145","7324572","7324872","KQ053421v1","5610673","5610968","68","1713899"
"JH378145","7339500","7339798","KQ053421v1","5610673","5610968","71","1728827"
"JH378145","7565787","7566086","KQ053421v1","5610673","5610968","78","1955114"
"JH378145","7586668","7586903","KQ058509v1","24058","24271","73","7562610"
"JH378145","7822453","7822761","KQ055267v1","513773","514088","72","7308680"
"JH378145","7835151","7835458","KQ058427v1","7786546","7786853","88","48605"
"JH378145","7964945","7965254","KQ058427v1","7786546","7786853","81","178399"
"JH378145","7981704","7982008","KQ053421v1","5610673","5610968","70","2371031"
"JH378145","7986607","7986913","KQ058427v1","7786546","7786853","74","200061"
"JH378145","8002995","8003304","KQ055352v1","6003171","6003466","71","1999824"
"JH378145","8214694","8214952","KQ058242v1","595939","596205","73","7618755"
"JH378145","8231899","8232199","KQ053421v1","5610673","5610968","64","2621226"
"JH378145","8350028","8350339","KQ055267v1","513773","514088","87","7836255"
"JH378145","8420293","8420589","KQ058427v1","7786546","7786853","86","633747"
"JH378145","8458309","8458560","KQ058242v1","595939","596205","93","7862370"
"JH378145","8474806","8475112","KQ053421v1","5610673","5610968","68","2864133"
"JH378145","8575166","8575464","KQ053421v1","5610673","5610968","67","2964493"
"JH378145","8729852","8730158","KQ055267v1","513773","514088","79","8216079"
"JH378145","8780146","8780300","KQ056118v1","822027","822185","54","7958119"
"JH378145","8851366","8851555","KQ053234v1","1679581","1679757","47","7171785"
"JH378145","9002209","9002319","KQ056493v1","2043382","2043488","41","6958827"
"JH378145","9056508","9056804","KQ053421v1","5610673","5610968","76","3445835"
"JH378145","9086317","9086592","KQ054815v1","2215557","2215844","78","6870760"
"JH378145","9346075","9346381","KQ053421v1","5610673","5610968","79","3735402"
"JH378145","9361025","9361330","KQ055352v1","6003171","6003466","83","3357854"
"JH378145","9420092","9420404","KQ058427v1","7786546","7786853","73","1633546"
"JH378145","9446525","9446834","KQ055267v1","513773","514088","71","8932752"
"JH378145","9631675","9631981","KQ053421v1","5610673","5610968","86","4021002"
"JH378145","9662340","9662622","KQ053421v1","5610673","5610968","90","4051667"
"JH378145","9699350","9699642","KQ055267v1","513773","514088","76","9185577"
"JH378145","9702918","9703210","KQ053421v1","5610673","5610968","98","4092245"
"JH378145","9761693","9761976","KQ053421v1","5610673","5610968","78","4151020"
"JH378145","9769353","9769642","KQ053421v1","5610673","5610968","78","4158680"
"JH378145","9818621","9818913","KQ053421v1","5610673","5610968","67","4207948"
"JH378145","9858924","9859225","KQ058242v1","595939","596205","86","9262985"
"JH378145","9953910","9954209","KQ058242v1","595939","596205","90","9357971"
"JH378145","9973066","9973355","KQ053421v1","5610673","5610968","73","4362393"
"JH378145","10012711","10012842","KQ053398v1","2623748","2623879","34","7388963"
"JH378145","10029736","10030042","KQ055267v1","513773","514088","82","9515963"
"JH378145","10034369","10034672","KQ058427v1","7786546","7786853","73","2247823"
"JH378145","10152028","10152328","KQ053421v1","5610673","5610968","80","4541355"
"JH378145","10487699","10488016","KQ058427v1","7786546","7786853","73","2701153"
"JH378145","10531935","10532239","KQ053421v1","5610673","5610968","72","4921262"
"JH378145","10533179","10533484","KQ053421v1","5610673","5610968","81","4922506"
"JH378145","10591441","10591751","KQ058427v1","7786546","7786853","78","2804895"
"JH378145","10604033","10604340","KQ053421v1","5610673","5610968","80","4993360"
"JH378145","10658832","10658944","KQ053398v1","2623748","2623879","44","8035084"
"JH378145","10664815","10665115","KQ053421v1","5610673","5610968","71","5054142"
"JH378145","10672427","10672713","KQ053421v1","5610673","5610968","80","5061754"
"JH378145","10692808","10693088","KQ053883v1","6938067","6938331","98","3754741"
"JH378145","10696567","10696875","KQ053421v1","5610673","5610968","84","5085894"
"JH378145","10700916","10701211","KQ053421v1","5610673","5610968","75","5090243"
"JH378145","10730449","10730735","KQ055862v1","1305285","1305561","86","9425164"
"JH378145","10744851","10745148","KQ055352v1","6003171","6003466","66","4741680"
"JH378145","10745660","10745985","KQ058427v1","7786546","7786853","84","2959114"
"JH378145","10763452","10763594","KQ056911v1","1421731","1421862","44","9341721"
"JH378145","10827287","10827596","KQ053421v1","5610673","5610968","85","5216614"
"JH378145","10830507","10830799","KQ053421v1","5610673","5610968","81","5219834"
"JH378145","10842591","10842899","KQ053421v1","5610673","5610968","85","5231918"
"JH378145","10843286","10843602","KQ055352v1","6003171","6003466","76","4840115"
"JH378145","10852496","10852798","KQ053421v1","5610673","5610968","66","5241823"
"JH378145","10854655","10854770","KQ053398v1","2623748","2623879","43","8230907"
"JH378145","10870153","10870453","KQ053421v1","5610673","5610968","88","5259480"
"JH378145","10933342","10933655","KQ053421v1","5610673","5610968","90","5322669"
"JH378145","10944506","10944806","KQ053421v1","5610673","5610968","93","5333833"
"JH378145","10962832","10963133","KQ055267v1","513773","514088","80","10449059"
"JH378145","10967853","10968162","KQ058427v1","7786546","7786853","79","3181307"
"JH378145","11020868","11021182","KQ058427v1","7786546","7786853","79","3234322"
"JH378145","11069200","11069513","KQ053421v1","5610673","5610968","83","5458527"
"JH378145","11073020","11073318","KQ053421v1","5610673","5610968","80","5462347"
"JH378145","11147645","11147944","KQ053421v1","5610673","5610968","70","5536972"
"JH378145","11183727","11184017","KQ053421v1","5610673","5610968","87","5573054"
"JH378145","11212932","11213218","KQ054815v1","2215557","2215844","81","8997375"
"JH378145","11371654","11371812","KQ053093v1","1668172","1668343","56","9703482"
"JH378145","11402103","11402390","KQ053421v1","5610673","5610968","73","5791430"
"JH378145","11540038","11540245","KQ055662v1","1890465","1890674","51","9649573"
"JH378145","11836941","11837252","KQ055352v1","6003171","6003466","73","5833770"
"JH378145","11840731","11841035","KQ053421v1","5610673","5610968","90","6230058"
"JH378145","11965947","11966255","KQ053421v1","5610673","5610968","100","6355274"
"JH378145","11992037","11992348","KQ055267v1","513773","514088","73","11478264"
"JH378145","12042847","12043153","KQ055267v1","513773","514088","73","11529074"
"JH378145","12070973","12071232","KQ058505v1","2207051","2207301","85","9863922"
"JH378145","12089017","12089303","KQ058427v1","6786866","6787134","93","5302151"
"JH378145","12114730","12114981","KQ058640v1","643463","643729","79","11471267"
"JH378145","12161702","12162018","KQ058427v1","7786546","7786853","86","4375156"
"JH378145","12178557","12178784","KQ054068v1","3638075","3638299","67","8540482"
"JH378145","12463668","12464001","KQ053059v1","2548766","2549102","101","9914902"
"JH378145","12487846","12488145","KQ053421v1","5610673","5610968","79","6877173"
"JH378145","12508610","12508851","KQ057901v1","868884","869144","81","11639726"
"JH378145","12602013","12602164","KQ053398v1","2623748","2623879","45","9978265"
"JH378145","12683308","12683605","KQ053421v1","5610673","5610968","70","7072635"
"JH378145","12748195","12748489","KQ053421v1","5610673","5610968","74","7137522"
"JH378145","12762459","12762625","KQ053267v1","1313653","1313811","44","11448806"
"JH378145","12765953","12766265","KQ058427v1","7786546","7786853","72","4979407"
"JH378145","12767010","12767306","KQ053421v1","5610673","5610968","76","7156337"
"JH378145","12793274","12793565","KQ053421v1","5610673","5610968","74","7182601"
"JH378145","12801067","12801215","KQ053398v1","2623748","2623879","48","10177319"
"JH378145","12809526","12809701","KQ058423v1","270754","270928","40","12538772"
"JH378145","12812449","12812765","KQ053059v1","2548766","2549102","109","10263683"
"JH378145","12824829","12825125","KQ053421v1","5610673","5610968","80","7214156"
"JH378145","12849437","12849574","KQ052970v1","4377515","4377664","50","8471922"
"JH378145","12907243","12907555","KQ055267v1","513773","514088","86","12393470"
"JH378145","12935587","12935896","KQ058427v1","7786546","7786853","80","5149041"
"JH378145","13137390","13137688","KQ053421v1","5610673","5610968","68","7526717"
"JH378145","13200300","13200611","KQ055267v1","513773","514088","70","12686527"
"JH378145","13201884","13202194","KQ055352v1","6003171","6003466","77","7198713"
"JH378145","13248356","13248654","KQ053421v1","5610673","5610968","82","7637683"
"JH378145","13331060","13331360","KQ053421v1","5610673","5610968","71","7720387"
"JH378145","13334407","13334713","KQ055352v1","6003171","6003466","68","7331236"
"JH378145","13405983","13406284","KQ053421v1","5610673","5610968","70","7795310"
"JH378145","13413711","13414001","KQ055267v1","513773","514088","87","12899938"
"JH378145","13483856","13484148","KQ053421v1","5610673","5610968","75","7873183"
"JH378145","13532067","13532388","KQ055267v1","513773","514088","83","13018294"
"JH378145","13647561","13647855","KQ053421v1","5610673","5610968","74","8036888"
"JH378145","13720452","13720732","KQ053421v1","5610673","5610968","89","8109779"
"JH378145","13776289","13776559","KQ053421v1","5610673","5610968","92","8165616"
"JH378145","13902799","13903108","KQ055352v1","6003171","6003466","71","7899628"
"JH378145","13907234","13907543","KQ055352v1","6003171","6003466","78","7904063"
"JH378145","13920887","13921192","KQ055267v1","513773","514088","68","13407114"
"JH378145","14034760","14035046","KQ053421v1","5610673","5610968","78","8424087"
"JH378145","14147284","14147538","KQ058242v1","595939","596205","88","13551345"
"JH378145","14150576","14150880","KQ053421v1","5610673","5610968","87","8539903"
"JH378145","14262150","14262460","KQ055267v1","513773","514088","71","13748377"
"JH378145","14270398","14270678","KQ054815v1","2215557","2215844","82","12054841"
"JH378145","14343126","14343421","KQ053421v1","5610673","5610968","70","8732453"
"JH378145","14675134","14675400","KQ057186v1","783828","784085","87","13891306"
"JH378145","14871943","14872233","KQ053421v1","5610673","5610968","83","9261270"
"JH378145","14903510","14903821","KQ055267v1","513773","514088","75","14389737"
"JH378145","14919694","14919978","KQ053421v1","5610673","5610968","93","9309021"
"JH378145","14955698","14955968","KQ058242v1","595939","596205","80","14359759"
"JH378145","15007339","15007537","KQ056064v1","326763","326940","66","14680576"
"JH378145","15122712","15123015","KQ053421v1","5610673","5610968","67","9512039"
"JH378145","15317241","15317414","KQ058350v1","9514178","9514352","68","5803063"
"JH378145","15556067","15556375","KQ055267v1","513773","514088","85","15042294"
"JH378145","15636665","15636967","KQ053421v1","5610673","5610968","68","10025992"
"JH378145","15719082","15719241","KQ058428v1","1396698","1396861","44","14322384"
"JH378145","15837571","15837871","KQ055267v1","513773","514088","74","15323798"
"JH378145","15934194","15934492","KQ053421v1","5610673","5610968","68","10323521"
"JH378145","16043694","16043761","KQ054932v1","5044350","5044402","35","10999344"
"JH378145","16050613","16050822","ABDC02053644v1","2226","2419","94","16048387"
"JH378145","16056245","16056551","KQ055352v1","6003171","6003466","72","10053074"
"JH378145","16058376","16058532","KQ058428v1","1396698","1396861","49","14661678"
"JH378145","16064034","16064172","KQ053398v1","2623748","2623879","53","13440286"
"JH378145","16099516","16099787","KQ058242v1","595939","596205","82","15503577"
"JH378145","16104829","16105110","KQ055862v1","1305285","1305561","71","14799544"
"JH378145","16515798","16516093","KQ053421v1","5610673","5610968","73","10905125"
"JH378145","16535188","16535508","KQ053421v1","5610673","5610968","89","10924515"
"JH378145","16643516","16643827","KQ055267v1","513773","514088","75","16129743"
"JH378145","16869159","16869288","KQ053398v1","2623748","2623879","36","14245411"
"JH378145","16960232","16960527","KQ053421v1","5610673","5610968","84","11349559"
"JH378145","16990638","16990946","KQ058427v1","7786546","7786853","89","9204092"
"JH378145","16992649","16992946","KQ053421v1","5610673","5610968","71","11381976"
"JH378145","17056270","17056413","KQ054401v1","3363241","3363379","38","13693029"
"JH378145","17058064","17058374","KQ055352v1","6003171","6003466","73","11054893"
"JH378145","17167872","17168167","KQ053421v1","5610673","5610968","70","11557199"
"JH378145","17199579","17199865","KQ053421v1","5610673","5610968","84","11588906"
"JH378145","17206303","17206602","KQ055267v1","513773","514088","90","16692530"
"JH378145","17233726","17234038","KQ053421v1","5610673","5610968","73","11623053"
"JH378145","17283412","17283648","KQ058509v1","24058","24271","73","17259354"
"JH378145","17296928","17297260","KQ055352v1","6003171","6003466","184","11293757"
"JH378145","17339892","17340175","KQ058339v1","4553625","4553889","84","12786267"
"JH378145","17387615","17387926","KQ055267v1","513773","514088","88","16873842"
"JH378145","17407578","17407871","KQ053421v1","5610673","5610968","72","11796905"
"JH378145","17554319","17554617","KQ053421v1","5610673","5610968","67","11943646"
"JH378145","17572869","17573174","KQ055267v1","513773","514088","72","17059096"
"JH378145","17606602","17606892","KQ053421v1","5610673","5610968","80","11995929"
"JH378145","17667342","17667652","KQ055267v1","513773","514088","74","17153569"
"JH378145","17734389","17734695","KQ055352v1","6003171","6003466","70","11731218"
"JH378145","17746392","17746703","KQ058427v1","7786546","7786853","83","9959846"
"JH378145","18047439","18047750","KQ055267v1","513773","514088","77","17533666"
"JH378145","18051029","18051139","KQ058316v1","2226037","2226104","55","15824992"
"JH378145","18051241","18051435","KQ058274v1","300327","300497","54","17750914"
"JH378145","18068850","18069161","KQ058427v1","7786546","7786853","85","10282304"
"JH378145","18173403","18173689","KQ053421v1","5610673","5610968","75","12562730"
"JH378145","18237271","18237420","KQ053398v1","2623748","2623879","54","15613523"
"JH378145","18286366","18286670","KQ053421v1","5610673","5610968","70","12675693"
"JH378146","6422499","6422796","KQ055352v1","6003171","6003466","68","419328"
"JH378146","16252897","16253193","KQ053421v1","5610673","5610968","70","10642224"
"JH378146","11953","12245","KQ053421v1","5610673","5610968","73","5598720"
"JH378146","128004","128309","KQ053421v1","5610673","5610968","84","5482669"
"JH378146","202225","202527","KQ053421v1","5610673","5610968","72","5408448"
"JH378146","208044","208341","KQ053421v1","5610673","5610968","80","5402629"
"JH378146","209581","209876","KQ053421v1","5610673","5610968","71","5401092"
"JH378146","233287","233585","KQ053421v1","5610673","5610968","75","5377386"
"JH378146","244150","244382","KQ058509v1","24058","24271","83","220092"
"JH378146","248109","248406","KQ053421v1","5610673","5610968","66","5362564"
"JH378146","290696","290989","KQ053421v1","5610673","5610968","83","5319977"
"JH378146","291008","291301","KQ053421v1","5610673","5610968","71","5319665"
"JH378146","293882","294152","KQ053421v1","5610673","5610968","89","5316791"
"JH378146","294239","294510","KQ058242v1","595939","596205","80","301700"
"JH378146","299018","299156","KQ053398v1","2623748","2623879","44","2324730"
"JH378146","299391","299484","KQ058316v1","2226037","2226104","43","1926646"
"JH378146","300170","300350","KQ056064v1","326763","326940","53","26593"
"JH378146","402777","403003","KQ053234v1","1414405","1414609","72","1011628"
"JH378146","407747","408020","KQ053421v1","5610673","5610968","83","5202926"
"JH378146","443471","443754","KQ053421v1","5610673","5610968","87","5167202"
"JH378146","447324","447595","KQ055862v1","1305285","1305561","75","857961"
"JH378146","478583","478876","KQ053421v1","5610673","5610968","82","5132090"
"JH378146","504937","505234","KQ053421v1","5610673","5610968","68","5105736"
"JH378146","576299","576595","KQ053421v1","5610673","5610968","70","5034374"
"JH378146","635254","635555","KQ053421v1","5610673","5610968","80","4975419"
"JH378146","642288","642391","KQ056235v1","1266284","1266361","35","623996"
"JH378146","664177","664370","KQ053234v1","1679581","1679757","52","1015404"
"JH378146","673149","673340","KQ058594v1","5950443","5950621","70","5277294"
"JH378146","673745","673835","KQ056279v1","759081","759162","28","85336"
"JH378146","715653","715954","KQ053421v1","5610673","5610968","77","4895020"
"JH378146","774040","774350","KQ058427v1","7786546","7786853","77","7012506"
"JH378146","798008","798184","KQ058350v1","9514178","9514352","32","8716170"
"JH378146","798749","799038","KQ053421v1","5610673","5610968","84","4811924"
"JH378146","828950","829248","KQ053421v1","5610673","5610968","81","4781723"
"JH378146","829412","829716","KQ053421v1","5610673","5610968","74","4781261"
"JH378146","881899","882176","KQ058242v1","595939","596205","75","285960"
"JH378146","920498","920801","KQ058427v1","6786866","6787134","98","5866368"
"JH378146","938086","938386","KQ053421v1","5610673","5610968","76","4672587"
"JH378146","943733","943951","KQ053234v1","1414405","1414609","67","470672"
"JH378146","985694","986000","KQ053421v1","5610673","5610968","77","4624979"
"JH378146","1024923","1025226","KQ055352v1","6003171","6003466","71","4978248"
"JH378146","1152766","1153070","KQ053421v1","5610673","5610968","70","4457907"
"JH378146","1193373","1193652","KQ053785v1","888769","889063","81","304604"
"JH378146","1371426","1371723","KQ053421v1","5610673","5610968","68","4239247"
"JH378146","1443446","1443745","KQ055352v1","6003171","6003466","82","4559725"
"JH378146","1452867","1453170","KQ055267v1","513773","514088","67","939094"
"JH378146","1535255","1535563","KQ053421v1","5610673","5610968","86","4075418"
"JH378146","1631831","1631947","KQ056493v1","2043382","2043488","40","411551"
"JH378146","1733594","1733900","KQ053421v1","5610673","5610968","71","3877079"
"JH378146","1785128","1785414","KQ053421v1","5610673","5610968","80","3825545"
"JH378146","1839218","1839517","KQ053421v1","5610673","5610968","76","3771455"
"JH378146","1915623","1915926","KQ053421v1","5610673","5610968","83","3695050"
"JH378146","1928096","1928364","KQ057186v1","783828","784085","96","1144268"
"JH378146","1975087","1975388","KQ053421v1","5610673","5610968","75","3635586"
"JH378146","2094546","2094844","KQ053421v1","5610673","5610968","81","3516127"
"JH378146","2110572","2110864","KQ053421v1","5610673","5610968","72","3500101"
"JH378146","2187706","2187980","KQ053806v1","635655","635936","85","1552051"
"JH378146","2219366","2219668","KQ053421v1","5610673","5610968","78","3391307"
"JH378146","2309298","2309604","KQ058427v1","7786546","7786853","86","5477248"
"JH378146","2515613","2515920","KQ058427v1","7786546","7786853","75","5270933"
"JH378146","2763304","2763579","KQ058505v1","2207051","2207301","82","556253"
"JH378146","2771831","2772129","KQ053421v1","5610673","5610968","79","2838842"
"JH378146","2776542","2776841","KQ053421v1","5610673","5610968","71","2834131"
"JH378146","3110765","3111039","KQ054815v1","2215557","2215844","88","895208"
"JH378146","3139939","3140249","KQ053421v1","5610673","5610968","90","2470734"
"JH378146","3312928","3313204","KQ058242v1","595939","596205","78","2716989"
"JH378146","3364852","3365120","KQ053421v1","5610673","5610968","102","2245821"
"JH378146","3528577","3528873","KQ053421v1","5610673","5610968","68","2082096"
"JH378146","3630317","3630603","KQ053421v1","5610673","5610968","81","1980356"
"JH378146","3805793","3806101","KQ055267v1","513773","514088","71","3292020"
"JH378146","3990695","3990985","KQ053421v1","5610673","5610968","68","1619978"
"JH378146","4044899","4045180","KQ058242v1","595939","596205","83","3448960"
"JH378146","4079643","4079936","KQ053421v1","5610673","5610968","78","1531030"
"JH378146","4142077","4142201","KQ054401v1","3363241","3363379","38","778836"
"JH378146","4176896","4177025","KQ053398v1","2623748","2623879","37","1553148"
"JH378146","4183144","4183273","KQ053398v1","2623748","2623879","37","1559396"
"JH378146","4201223","4201499","KQ058242v1","595939","596205","72","3605284"
"JH378146","4204007","4204129","KQ056613v1","139721","139816","59","4064286"
"JH378146","4237147","4237457","KQ055352v1","6003171","6003466","73","1766024"
"JH378146","4384577","4384800","KQ056321v1","575951","576190","59","3808626"
"JH378146","4543354","4543651","KQ053421v1","5610673","5610968","97","1067319"
"JH378146","4571711","4571998","KQ053421v1","5610673","5610968","72","1038962"
"JH378146","4638461","4638766","KQ053421v1","5610673","5610968","67","972212"
"JH378146","4762122","4762423","KQ053421v1","5610673","5610968","80","848551"
"JH378146","4775240","4775538","KQ053421v1","5610673","5610968","73","835433"
"JH378146","4782812","4782979","KQ057449v1","1214348","1214489","48","3568464"
"JH378146","4893729","4894029","KQ055267v1","513773","514088","79","4379956"
"JH378146","4979467","4979781","KQ058427v1","7786546","7786853","87","2807079"
"JH378146","5004909","5005216","KQ053421v1","5610673","5610968","81","605764"
"JH378146","5258455","5258754","KQ053421v1","5610673","5610968","75","352218"
"JH378146","5356236","5356534","KQ053421v1","5610673","5610968","76","254437"
"JH378146","5454711","5454922","KQ055662v1","1890465","1890674","59","3564246"
"JH378146","5571010","5571331","KQ055352v1","6003171","6003466","80","432161"
"JH378146","5803067","5803334","KQ057901v1","868884","869144","77","4934183"
"JH378146","6137274","6137384","KQ057781v1","1047045","1047171","35","5090229"
"JH378146","6139259","6139538","KQ053421v1","5610673","5610968","82","528586"
"JH378146","6189755","6190055","KQ053421v1","5610673","5610968","78","579082"
"JH378146","6200797","6200964","KQ056064v1","326763","326940","60","5874034"
"JH378146","6280990","6281283","KQ053421v1","5610673","5610968","72","670317"
"JH378146","6291656","6291950","KQ053421v1","5610673","5610968","69","680983"
"JH378146","6367089","6367397","KQ055352v1","6003171","6003466","70","363918"
"JH378146","6388211","6388513","KQ055352v1","6003171","6003466","79","385040"
"JH378146","6402633","6402866","KQ058242v1","595939","596205","86","5806694"
"JH378146","6402872","6403124","KQ058242v1","595939","596205","84","5806933"
"JH378146","6519943","6520245","KQ058427v1","7786546","7786853","84","1266603"
"JH378146","6530894","6531189","KQ053421v1","5610673","5610968","74","920221"
"JH378146","6537626","6537846","KQ055662v1","1890465","1890674","70","4647161"
"JH378146","6539255","6539551","KQ053421v1","5610673","5610968","68","928582"
"JH378146","6570924","6571234","KQ053421v1","5610673","5610968","85","960251"
"JH378146","6621992","6622273","KQ055352v1","6003171","6003466","65","618821"
"JH378146","6708655","6708972","KQ053421v1","5610673","5610968","97","1097982"
"JH378146","6719455","6719706","KQ055717v1","1610777","1611031","82","5108678"
"JH378146","6919373","6919653","KQ058242v1","595939","596205","77","6323434"
"JH378146","7041107","7041408","KQ053421v1","5610673","5610968","71","1430434"
"JH378146","7071393","7071701","KQ053421v1","5610673","5610968","84","1460720"
"JH378146","7138807","7139109","KQ053421v1","5610673","5610968","73","1528134"
"JH378146","7353799","7354110","KQ055267v1","513773","514088","75","6840026"
"JH378146","7508214","7508508","KQ053421v1","5610673","5610968","68","1897541"
"JH378146","7556849","7557160","KQ055267v1","513773","514088","74","7043076"
"JH378146","7587640","7587913","KQ058242v1","595939","596205","77","6991701"
"JH378146","7846093","7846398","KQ053421v1","5610673","5610968","77","2235420"
"JH378146","8338610","8338918","KQ055352v1","6003171","6003466","76","2335439"
"JH378146","8436004","8436315","KQ055352v1","6003171","6003466","73","2432833"
"JH378146","8553994","8554063","KQ053004v1","5079579","5079652","27","3474415"
"JH378146","8554533","8554663","KQ053398v1","2623748","2623879","35","5930785"
"JH378146","8584510","8584833","KQ053059v1","2548766","2549102","92","6035744"
"JH378146","8699865","8700194","KQ053059v1","2548766","2549102","95","6151099"
"JH378146","8840258","8840528","KQ053421v1","5610673","5610968","84","3229585"
"JH378146","8845928","8846227","KQ053421v1","5610673","5610968","83","3235255"
"JH378146","8853301","8853591","KQ053421v1","5610673","5610968","76","3242628"
"JH378146","8954383","8954657","KQ053421v1","5610673","5610968","86","3343710"
"JH378146","8992667","8992974","KQ055352v1","6003171","6003466","73","2989496"
"JH378146","9052746","9053049","KQ053421v1","5610673","5610968","69","3442073"
"JH378146","9079665","9079975","KQ055352v1","6003171","6003466","77","3076494"
"JH378146","9106946","9107249","KQ053421v1","5610673","5610968","72","3496273"
"JH378146","9138150","9138441","KQ053421v1","5610673","5610968","74","3527477"
"JH378146","9295448","9295757","KQ055352v1","6003171","6003466","68","3292277"
"JH378146","9306340","9306632","KQ053421v1","5610673","5610968","78","3695667"
"JH378146","9353154","9353447","KQ053421v1","5610673","5610968","67","3742481"
"JH378146","9369381","9369692","KQ055267v1","513773","514088","73","8855608"
"JH378146","9430199","9430432","KQ058509v1","24058","24271","76","9406141"
"JH378146","9444099","9444402","KQ053421v1","5610673","5610968","68","3833426"
"JH378146","9484140","9484438","KQ053421v1","5610673","5610968","72","3873467"
"JH378146","9510354","9510655","KQ053421v1","5610673","5610968","67","3899681"
"JH378146","9530278","9530581","KQ053421v1","5610673","5610968","74","3919605"
"JH378146","9560086","9560380","KQ053421v1","5610673","5610968","70","3949413"
"JH378146","9570424","9570719","KQ053421v1","5610673","5610968","67","3959751"
"JH378146","9603053","9603361","KQ055267v1","513773","514088","73","9089280"
"JH378146","9614004","9614307","KQ053421v1","5610673","5610968","77","4003331"
"JH378146","9630819","9631119","KQ053421v1","5610673","5610968","68","4020146"
"JH378146","9639631","9639937","KQ055352v1","6003171","6003466","70","3636460"
"JH378146","9765654","9765794","KQ056911v1","1421731","1421862","44","8343923"
"JH378146","9951144","9951439","KQ055862v1","1305285","1305561","84","8645859"
"JH378146","9985453","9985734","KQ057186v1","783828","784085","76","9201625"
"JH378146","10034598","10034752","KQ055914v1","670963","671119","38","9363635"
"JH378146","10063750","10064060","KQ055352v1","6003171","6003466","74","4060579"
"JH378146","10101771","10102059","KQ053421v1","5610673","5610968","85","4491098"
"JH378146","10130401","10130698","KQ053421v1","5610673","5610968","80","4519728"
"JH378146","10131646","10131946","KQ053421v1","5610673","5610968","81","4520973"
"JH378146","10137392","10137701","KQ055352v1","6003171","6003466","75","4134221"
"JH378146","10139935","10140053","KQ053398v1","2627781","2627909","45","7512154"
"JH378146","10190209","10190349","KQ057781v1","1047045","1047171","44","9143164"
"JH378146","10222735","10222849","KQ053398v1","2623748","2623879","40","7598987"
"JH378146","10239927","10240216","KQ053421v1","5610673","5610968","73","4629254"
"JH378146","10249912","10250229","KQ055267v1","513773","514088","97","9736139"
"JH378146","10255514","10255810","KQ053421v1","5610673","5610968","83","4644841"
"JH378146","10342159","10342438","KQ053421v1","5610673","5610968","87","4731486"
"JH378146","10346862","10347156","KQ053421v1","5610673","5610968","80","4736189"
"JH378146","10350632","10350940","KQ058427v1","7786546","7786853","81","2564086"
"JH378146","10351150","10351453","KQ053421v1","5610673","5610968","70","4740477"
"JH378146","10352763","10353065","KQ055352v1","6003171","6003466","76","4349592"
"JH378146","10381180","10381349","KQ053398v1","2623748","2623879","64","7757432"
"JH378146","10391744","10392044","KQ053421v1","5610673","5610968","77","4781071"
"JH378146","10486868","10486976","KQ056493v1","2043382","2043488","38","8443486"
"JH378146","10521720","10522032","KQ055352v1","6003171","6003466","73","4518549"
"JH378146","10527086","10527193","KQ055717v1","1610376","1610476","37","8916710"
"JH378146","10541463","10541761","KQ058427v1","7786546","7786853","80","2754917"
"JH378146","10731403","10731704","KQ053421v1","5610673","5610968","67","5120730"
"JH378146","10751775","10752074","KQ053421v1","5610673","5610968","71","5141102"
"JH378146","10833836","10834114","KQ058640v1","643463","643729","87","10190373"
"JH378146","10846070","10846365","KQ053421v1","5610673","5610968","77","5235397"
"JH378146","10919543","10919832","KQ053421v1","5610673","5610968","79","5308870"
"JH378146","10932381","10932683","KQ053421v1","5610673","5610968","70","5321708"
"JH378146","11037412","11037491","KQ056235v1","1266284","1266361","25","9771128"
"JH378146","11222515","11222815","KQ053421v1","5610673","5610968","68","5611842"
"JH378146","11227248","11227549","KQ053421v1","5610673","5610968","85","5616575"
"JH378146","11338568","11338874","KQ055352v1","6003171","6003466","70","5335397"
"JH378146","11472684","11472974","KQ053421v1","5610673","5610968","80","5862011"
"JH378146","11529676","11529973","KQ053421v1","5610673","5610968","70","5919003"
"JH378146","11703773","11704076","KQ053421v1","5610673","5610968","73","6093100"
"JH378146","11808339","11808615","KQ058640v1","643463","643729","77","11164876"
"JH378146","11862362","11862655","KQ053421v1","5610673","5610968","82","6251689"
"JH378146","11887361","11887595","KQ058242v1","595939","596205","84","11291422"
"JH378146","12082945","12083241","KQ053421v1","5610673","5610968","77","6472272"
"JH378146","12206891","12207008","KQ053398v1","2627781","2627909","42","9579110"
"JH378146","12290400","12290694","KQ053421v1","5610673","5610968","72","6679727"
"JH378146","12367763","12368060","KQ053421v1","5610673","5610968","70","6757090"
"JH378146","12494557","12494835","KQ053421v1","5610673","5610968","91","6883884"
"JH378146","12653398","12653694","KQ053421v1","5610673","5610968","72","7042725"
"JH378146","12832170","12832302","KQ053398v1","2623748","2623879","55","10208422"
"JH378146","12904260","12904569","KQ055352v1","6003171","6003466","71","6901089"
"JH378146","12927856","12928150","KQ053421v1","5610673","5610968","72","7317183"
"JH378146","13009627","13009785","KQ057204v1","2930576","2930741","43","10079051"
"JH378146","13084460","13084760","KQ053421v1","5610673","5610968","73","7473787"
"JH378146","13121142","13121437","KQ053421v1","5610673","5610968","81","7510469"
"JH378146","13225448","13225715","KQ058427v1","6786866","6787134","89","6438582"
"JH378146","13237338","13237619","KQ054815v1","2215557","2215844","79","11021781"
"JH378146","13245734","13246039","KQ053421v1","5610673","5610968","81","7635061"
"JH378146","13269792","13270102","KQ055352v1","6003171","6003466","78","7266621"
"JH378146","13288221","13288527","KQ055352v1","6003171","6003466","73","7285050"
"JH378146","13353883","13354184","KQ053421v1","5610673","5610968","72","7743210"
"JH378146","13373356","13373667","KQ055352v1","6003171","6003466","70","7370185"
"JH378146","13413132","13413428","KQ053421v1","5610673","5610968","65","7802459"
"JH378146","13455182","13455475","KQ054713v1","1437239","1437526","94","12017943"
"JH378146","13622627","13622932","KQ053421v1","5610673","5610968","80","8011954"
"JH378146","13645311","13645548","KQ058509v1","24058","24271","70","13621253"
"JH378146","13699782","13700101","KQ055352v1","6003171","6003466","80","7696611"
"JH378146","13733484","13733771","KQ055862v1","1305285","1305561","89","12428199"
"JH378146","13802202","13802530","KQ055267v1","513773","514088","96","13288429"
"JH378146","13852186","13852479","KQ053421v1","5610673","5610968","80","8241513"
"JH378146","14039795","14040090","KQ053421v1","5610673","5610968","79","8429122"
"JH378146","14411850","14412138","KQ058339v1","4553625","4553889","79","9858225"
"JH378146","14432328","14432630","KQ058427v1","7786546","7786853","90","6645782"
"JH378146","14453133","14453442","KQ053421v1","5610673","5610968","82","8842460"
"JH378146","14536138","14536449","KQ055267v1","513773","514088","80","14022365"
"JH378146","14774459","14774760","KQ055352v1","6003171","6003466","75","8771288"
"JH378146","14944082","14944375","KQ053421v1","5610673","5610968","72","9333409"
"JH378146","14980173","14980458","KQ053421v1","5610673","5610968","82","9369500"
"JH378146","15049361","15049654","KQ058242v1","595939","596205","86","14453422"
"JH378146","15089279","15089580","KQ053421v1","5610673","5610968","66","9478606"
"JH378146","15151361","15151659","KQ053421v1","5610673","5610968","73","9540688"
"JH378146","15169125","15169436","KQ055352v1","6003171","6003466","79","9165954"
"JH378146","15202892","15203202","KQ055267v1","513773","514088","72","14689119"
"JH378146","15207906","15208215","KQ055352v1","6003171","6003466","70","9204735"
"JH378146","15212072","15212369","KQ053421v1","5610673","5610968","71","9601399"
"JH378146","15213815","15214061","KQ056321v1","575951","576190","84","14637864"
"JH378146","15237833","15238135","KQ053421v1","5610673","5610968","78","9627160"
"JH378146","15277488","15277782","KQ053421v1","5610673","5610968","70","9666815"
"JH378146","15351915","15352202","KQ053421v1","5610673","5610968","82","9741242"
"JH378146","15408317","15408623","KQ058394v1","9655127","9655422","85","5753190"
"JH378146","15418051","15418355","KQ053421v1","5610673","5610968","68","9807378"
"JH378146","15432798","15433098","KQ053421v1","5610673","5610968","74","9822125"
"JH378146","15486061","15486327","KQ057186v1","783828","784085","77","14702233"
"JH378146","15585522","15585836","KQ055352v1","6003171","6003466","101","9582351"
"JH378146","15633554","15633835","KQ058242v1","595939","596205","91","15037615"
"JH378146","15636958","15637243","KQ053421v1","5610673","5610968","93","10026285"
"JH378146","15644120","15644426","KQ058427v1","7786546","7786853","83","7857574"
"JH378146","15647720","15648012","KQ053421v1","5610673","5610968","73","10037047"
"JH378146","15654153","15654450","KQ053421v1","5610673","5610968","70","10043480"
"JH378146","15680970","15681284","KQ055352v1","6003171","6003466","81","9677799"
"JH378146","15727734","15727925","KQ052982v1","2032903","2033097","62","13694831"
"JH378146","15737717","15737982","KQ057186v1","783828","784085","82","14953889"
"JH378146","15739714","15740022","KQ055267v1","513773","514088","83","15225941"
"JH378146","15757402","15757694","KQ053421v1","5610673","5610968","82","10146729"
"JH378146","15773971","15774279","KQ055352v1","6003171","6003466","77","9770800"
"JH378146","15804196","15804503","KQ055352v1","6003171","6003466","71","9801025"
"JH378146","15839762","15840053","KQ053421v1","5610673","5610968","76","10229089"
"JH378146","15878831","15879136","KQ053421v1","5610673","5610968","66","10268158"
"JH378146","15910486","15910681","KQ058274v1","300327","300497","60","15610159"
"JH378146","15965335","15965629","KQ053421v1","5610673","5610968","68","10354662"
"JH378146","15978662","15978969","KQ055352v1","6003171","6003466","70","9975491"
"JH378146","16092170","16092465","KQ053421v1","5610673","5610968","72","10481497"
"JH378146","16176461","16176756","KQ053421v1","5610673","5610968","69","10565788"
"JH378146","16224780","16225100","KQ055352v1","6003171","6003466","80","10221609"
"JH378146","16230839","16231142","KQ055352v1","6003171","6003466","72","10227668"
"JH378146","16249261","16249571","KQ053421v1","5610673","5610968","78","10638588"
"JH378146","16442428","16442746","KQ053421v1","5610673","5610968","87","10831755"
"JH378146","16505752","16506056","KQ053421v1","5610673","5610968","74","10895079"
"JH378146","16805553","16805845","KQ053421v1","5610673","5610968","87","11194880"
"JH378146","16838162","16838469","KQ055352v1","6003171","6003466","70","10834991"
"JH378146","16844039","16844277","KQ053234v1","1414405","1414609","72","15429634"
"JH378146","16929687","16929963","KQ057186v1","783828","784085","89","16145859"
"JH378146","16936133","16936240","KQ055717v1","1610376","1610476","37","15325757"
"JH378146","17002619","17002915","KQ053421v1","5610673","5610968","73","11391946"
"JH378146","17020044","17020215","KQ054954v1","1680710","1680882","47","15339334"
"JH378146","17036913","17037227","KQ053421v1","5610673","5610968","91","11426240"
"JH378146","17041540","17041838","KQ053421v1","5610673","5610968","68","11430867"
"JH378146","17046238","17046541","KQ053421v1","5610673","5610968","69","11435565"
"JH378146","17057950","17058251","KQ053421v1","5610673","5610968","83","11447277"
"JH378146","17078894","17079204","KQ058427v1","7786546","7786853","84","9292348"
"JH378146","17105841","17106147","KQ055267v1","513773","514088","71","16592068"
"JH378146","17118619","17118914","KQ053421v1","5610673","5610968","73","11507946"
"JH378146","17294415","17294705","KQ053421v1","5610673","5610968","74","11683742"
"JH378146","17338488","17338790","KQ053421v1","5610673","5610968","69","11727815"
"JH378146","17376939","17377233","KQ055267v1","513773","514088","79","16863166"
"JH378146","17399181","17399498","KQ055267v1","513773","514088","80","16885408"
"JH378146","17408416","17408633","KQ053234v1","1414405","1414609","72","15994011"
"JH378146","17513736","17514029","KQ053421v1","5610673","5610968","74","11903063"
"JH378146","17552668","17552973","KQ053421v1","5610673","5610968","82","11941995"
"JH378146","17566984","17567291","KQ055352v1","6003171","6003466","71","11563813"
"JH378146","17569623","17569927","KQ053421v1","5610673","5610968","69","11958950"
"JH378146","17579844","17580039","KQ056064v1","326763","326940","64","17253081"
"JH378146","17606451","17606750","KQ053421v1","5610673","5610968","76","11995778"
"JH378146","17646951","17647227","KQ055862v1","1305285","1305561","76","16341666"
"JH378146","17647548","17647845","KQ053421v1","5610673","5610968","82","12036875"
"JH378146","17654870","17655153","KQ053883v1","6938067","6938331","84","10716803"
"JH378146","17680196","17680343","KQ053398v1","2623748","2623879","43","15056448"
"JH378146","17691081","17691353","KQ053421v1","5610673","5610968","88","12080408"
"JH378146","17694101","17694396","KQ053421v1","5610673","5610968","82","12083428"
"JH378146","17713210","17713339","KQ056613v1","139721","139816","57","17573489"
"JH378147","3800965","3801266","KQ053421v1","5610673","5610968","81","1809708"
"JH378147","208782","209076","KQ053421v1","5610673","5610968","73","5401891"
"JH378147","284240","284548","KQ055267v1","513773","514088","75","229533"
"JH378147","395077","395341","KQ057186v1","783828","784085","86","388751"
"JH378147","417399","417723","KQ058427v1","7786546","7786853","102","7369147"
"JH378147","465709","465987","KQ053421v1","5610673","5610968","78","5144964"
"JH378147","605498","605636","KQ054401v1","3363241","3363379","41","2757743"
"JH378147","614831","615122","KQ053421v1","5610673","5610968","65","4995842"
"JH378147","637488","637788","KQ053421v1","5610673","5610968","92","4973185"
"JH378147","734854","735076","KQ054068v1","3638075","3638299","65","2903221"
"JH378147","870416","870716","KQ053421v1","5610673","5610968","69","4740257"
"JH378147","892211","892510","KQ053421v1","5610673","5610968","71","4718462"
"JH378147","978187","978497","KQ055267v1","513773","514088","73","464414"
"JH378147","1269522","1269813","KQ053421v1","5610673","5610968","89","4341151"
"JH378147","1368307","1368602","KQ053421v1","5610673","5610968","72","4242366"
"JH378147","1539873","1540169","KQ053421v1","5610673","5610968","69","4070800"
"JH378147","1648807","1649000","KQ053234v1","1679581","1679757","60","30774"
"JH378147","1771643","1771846","KQ055662v1","1890465","1890674","65","118822"
"JH378147","2031955","2032257","KQ055267v1","513773","514088","76","1518182"
"JH378147","2134767","2135068","KQ053421v1","5610673","5610968","66","3475906"
"JH378147","2220256","2220555","KQ053421v1","5610673","5610968","80","3390417"
"JH378147","2322460","2322581","KQ053398v1","2623748","2623879","41","301288"
"JH378147","2392634","2392892","KQ058505v1","2207051","2207301","91","185583"
"JH378147","2440051","2440361","KQ055267v1","513773","514088","75","1926278"
"JH378147","2493801","2494098","KQ053421v1","5610673","5610968","65","3116872"
"JH378147","2503395","2503707","KQ053421v1","5610673","5610968","86","3107278"
"JH378147","2574502","2574794","KQ053421v1","5610673","5610968","81","3036171"
"JH378147","2593197","2593508","KQ055352v1","6003171","6003466","77","3409974"
"JH378147","2610303","2610606","KQ053421v1","5610673","5610968","75","3000370"
"JH378147","2631891","2632201","KQ053421v1","5610673","5610968","79","2978782"
"JH378147","2798284","2798597","KQ055352v1","6003171","6003466","74","3204887"
"JH378147","2827092","2827393","KQ053421v1","5610673","5610968","71","2783581"
"JH378147","3016608","3016917","KQ055352v1","6003171","6003466","71","2986563"
"JH378147","3067378","3067635","KQ053421v1","5610673","5610968","98","2543295"
"JH378147","3233957","3234240","KQ053421v1","5610673","5610968","84","2376716"
"JH378147","3245463","3245760","KQ053421v1","5610673","5610968","68","2365210"
"JH378147","3345648","3345941","KQ053421v1","5610673","5610968","79","2265025"
"JH378147","3361243","3361537","KQ053421v1","5610673","5610968","82","2249430"
"JH378147","3544160","3544455","KQ053421v1","5610673","5610968","70","2066513"
"JH378147","3728981","3729288","KQ058427v1","7786546","7786853","74","4057565"
"JH378147","3774019","3774322","KQ055267v1","513773","514088","84","3260246"
"JH378147","3839786","3840064","KQ054815v1","2215557","2215844","75","1624229"
"JH378147","3949417","3949721","KQ058427v1","7786546","7786853","73","3837129"
"JH378147","3956398","3956649","KQ058242v1","595939","596205","92","3360459"
"JH378147","3994925","3995214","KQ058427v1","7786546","7786853","88","3791621"
"JH378147","4128878","4129181","KQ055267v1","513773","514088","69","3615105"
"JH378147","4153447","4153748","KQ053421v1","5610673","5610968","77","1457226"
"JH378147","4177879","4178182","KQ053421v1","5610673","5610968","92","1432794"
"JH378147","4300143","4300423","KQ055267v1","513773","514088","96","3786370"
"JH378147","4440844","4441149","KQ053421v1","5610673","5610968","73","1169829"
"JH378147","4474881","4475188","KQ055352v1","6003171","6003466","69","1528290"
"JH378147","4502985","4503281","KQ053421v1","5610673","5610968","64","1107688"
"JH378147","4527828","4528133","KQ055267v1","513773","514088","68","4014055"
"JH378147","4628561","4628871","KQ055267v1","513773","514088","74","4114788"
"JH378147","4638894","4639192","KQ053421v1","5610673","5610968","72","971779"
"JH378147","4650698","4650967","KQ057901v1","868884","869144","88","3781814"
"JH378147","4676140","4676436","KQ053421v1","5610673","5610968","73","934533"
"JH378147","4807767","4808044","KQ057186v1","783828","784085","75","4023939"
"JH378147","4889648","4889950","KQ053421v1","5610673","5610968","69","721025"
"JH378147","5110213","5110520","KQ055352v1","6003171","6003466","71","892958"
"JH378147","5149672","5149976","KQ055352v1","6003171","6003466","72","853499"
"JH378147","5161658","5161954","KQ053421v1","5610673","5610968","78","449015"
"JH378147","5183300","5183610","KQ055862v1","1305285","1305561","91","3878015"
"JH378147","5248989","5249299","KQ053421v1","5610673","5610968","104","361684"
"JH378147","5343592","5343925","KQ053421v1","5610673","5610968","95","267081"
"JH378147","5469656","5469961","KQ055267v1","513773","514088","79","4955883"
"JH378147","5492540","5492843","KQ053421v1","5610673","5610968","72","118133"
"JH378147","5515862","5516165","KQ053421v1","5610673","5610968","75","94811"
"JH378147","5672123","5672431","KQ055352v1","6003171","6003466","67","331048"
"JH378147","5786085","5786393","KQ053421v1","5610673","5610968","76","175412"
"JH378147","5809718","5810022","KQ053421v1","5610673","5610968","67","199045"
"JH378147","5881499","5881823","KQ055267v1","513773","514088","85","5367726"
"JH378147","5911793","5912072","KQ053421v1","5610673","5610968","87","301120"
"JH378147","5945174","5945513","KQ053421v1","5610673","5610968","207","334501"
"JH378147","5971015","5971308","KQ053421v1","5610673","5610968","90","360342"
"JH378147","6023599","6023743","KQ053398v1","2623748","2623879","48","3399851"
"JH378147","6174669","6174966","KQ053421v1","5610673","5610968","78","563996"
"JH378147","6183480","6183785","KQ055352v1","6003171","6003466","70","180309"
"JH378147","6348443","6348744","KQ053421v1","5610673","5610968","69","737770"
"JH378147","6350355","6350631","KQ054815v1","2215557","2215844","91","4134798"
"JH378147","6459322","6459630","KQ055352v1","6003171","6003466","71","456151"
"JH378147","6622383","6622681","KQ053421v1","5610673","5610968","66","1011710"
"JH378147","6681856","6682170","KQ053421v1","5610673","5610968","78","1071183"
"JH378147","6798213","6798511","KQ053421v1","5610673","5610968","67","1187540"
"JH378147","6971923","6972229","KQ055352v1","6003171","6003466","72","968752"
"JH378147","7004430","7004724","KQ053421v1","5610673","5610968","82","1393757"
"JH378147","7101399","7101709","KQ055352v1","6003171","6003466","72","1098228"
"JH378147","7104866","7105175","KQ058427v1","7786546","7786853","78","681680"
"JH378147","7231702","7232013","KQ055352v1","6003171","6003466","74","1228531"
"JH378147","7249668","7249971","KQ053421v1","5610673","5610968","68","1638995"
"JH378147","7263057","7263363","KQ053421v1","5610673","5610968","77","1652384"
"JH378147","7297017","7297289","KQ055352v1","6003171","6003466","85","1293846"
"JH378147","7359699","7360007","KQ053421v1","5610673","5610968","71","1749026"
"JH378147","7375181","7375478","KQ053421v1","5610673","5610968","66","1764508"
"JH378147","7779907","7780221","KQ055352v1","6003171","6003466","79","1776736"
"JH378147","7867780","7868091","KQ053421v1","5610673","5610968","80","2257107"
"JH378147","8022374","8022676","KQ053421v1","5610673","5610968","71","2411701"
"JH378147","8023392","8023693","KQ053421v1","5610673","5610968","89","2412719"
"JH378147","8074369","8074665","KQ053421v1","5610673","5610968","74","2463696"
"JH378147","8104228","8104536","KQ053421v1","5610673","5610968","72","2493555"
"JH378147","8591112","8591453","KQ055352v1","6003171","6003466","99","2587941"
"JH378147","8651040","8651340","KQ058427v1","7786546","7786853","80","864494"
"JH378147","8653796","8653896","KQ056235v1","1266284","1266361","38","7387512"
"JH378147","8674257","8674565","KQ055352v1","6003171","6003466","75","2671086"
"JH378147","8719174","8719480","KQ053421v1","5610673","5610968","71","3108501"
"JH378147","8721928","8722222","KQ053421v1","5610673","5610968","72","3111255"
"JH378147","8739759","8740067","KQ053421v1","5610673","5610968","82","3129086"
"JH378147","8789872","8790156","KQ053421v1","5610673","5610968","86","3179199"
"JH378147","8821905","8822205","KQ053421v1","5610673","5610968","68","3211232"
"JH378147","8880346","8880647","KQ053421v1","5610673","5610968","79","3269673"
"JH378147","8914990","8915235","KQ058242v1","595939","596205","80","8319051"
"JH378147","8981657","8981963","KQ058427v1","7786546","7786853","84","1195111"
"JH378147","9018941","9019226","KQ053421v1","5610673","5610968","72","3408268"
"JH378147","9175952","9176230","KQ055862v1","1305285","1305561","94","7870667"
"JH378147","9178031","9178334","KQ053421v1","5610673","5610968","76","3567358"
"JH378147","9215418","9215729","KQ055267v1","513773","514088","76","8701645"
"JH378147","9313619","9313898","KQ058242v1","595939","596205","84","8717680"
"JH378147","9378024","9378330","KQ055267v1","513773","514088","70","8864251"
"JH378147","9443540","9443851","KQ055267v1","513773","514088","72","8929767"
"JH378147","9489706","9489803","KQ056235v1","1266284","1266361","33","8223422"
"JH378147","9510365","9510665","KQ053421v1","5610673","5610968","65","3899692"
"JH378147","9527445","9527733","KQ053421v1","5610673","5610968","73","3916772"
"JH378147","9539323","9539622","KQ053421v1","5610673","5610968","68","3928650"
"JH378147","9556451","9556761","KQ058427v1","7786546","7786853","74","1769905"
"JH378147","9615249","9615540","KQ055352v1","6003171","6003466","76","3612078"
"JH378147","9658004","9658307","KQ053421v1","5610673","5610968","71","4047331"
"JH378147","9668092","9668380","KQ053421v1","5610673","5610968","84","4057419"
"JH378147","9697434","9697690","KQ053785v1","888769","889063","96","8808665"
"JH378147","9758224","9758533","KQ055352v1","6003171","6003466","74","3755053"
"JH378147","9870916","9871202","KQ053421v1","5610673","5610968","74","4260243"
"JH378147","9978079","9978378","KQ053421v1","5610673","5610968","68","4367406"
"JH378147","10032724","10033024","KQ053421v1","5610673","5610968","81","4422051"
"JH378147","10058162","10058431","KQ055862v1","1305285","1305561","84","8752877"
"JH378147","10119974","10120275","KQ058427v1","7786546","7786853","91","2333428"
"JH378147","10153650","10153781","KQ053398v1","2627781","2627909","39","7525869"
"JH378147","10170613","10170896","KQ054815v1","2215557","2215844","77","7955056"
"JH378147","10217354","10217659","KQ053421v1","5610673","5610968","76","4606681"
"JH378147","10227434","10227717","KQ053421v1","5610673","5610968","81","4616761"
"JH378147","10325199","10325506","KQ055352v1","6003171","6003466","86","4322028"
"JH378147","10354152","10354452","KQ053421v1","5610673","5610968","65","4743479"
"JH378147","10656749","10657051","KQ053421v1","5610673","5610968","66","5046076"
"JH378147","10743392","10743709","KQ053421v1","5610673","5610968","73","5132719"
"JH378147","10829258","10829557","KQ053421v1","5610673","5610968","72","5218585"
"JH378147","10833478","10833772","KQ053421v1","5610673","5610968","68","5222805"
"JH378147","10935280","10935497","KQ055662v1","1890465","1890674","59","9044815"
"JH378147","10963973","10964270","KQ053421v1","5610673","5610968","65","5353300"
"JH378147","11063852","11064147","KQ053421v1","5610673","5610968","68","5453179"
"JH378147","11356371","11356670","KQ053421v1","5610673","5610968","77","5745698"
"JH378147","11458207","11458505","KQ053421v1","5610673","5610968","86","5847534"
"JH378147","11582999","11583310","KQ055267v1","513773","514088","74","11069226"
"JH378147","11655656","11655898","KQ058242v1","595939","596205","79","11059717"
"JH378147","11683667","11683978","KQ053421v1","5610673","5610968","74","6072994"
"JH378147","11690879","11691187","KQ055267v1","513773","514088","69","11177106"
"JH378147","11890021","11890267","KQ058509v1","24058","24271","84","11865963"
"JH378147","12166301","12166610","KQ055267v1","513773","514088","67","11652528"
"JH378147","12216251","12216542","KQ053421v1","5610673","5610968","73","6605578"
"JH378147","12264161","12264464","KQ053421v1","5610673","5610968","69","6653488"
"JH378147","12287659","12287960","KQ053421v1","5610673","5610968","74","6676986"
"JH378147","12395074","12395364","KQ055267v1","513773","514088","92","11881301"
"JH378147","12402516","12402813","KQ053421v1","5610673","5610968","70","6791843"
"JH378147","12423370","12423660","KQ053421v1","5610673","5610968","69","6812697"
"JH378147","12534620","12534916","KQ053421v1","5610673","5610968","85","6923947"
"JH378147","12571911","12572201","KQ053421v1","5610673","5610968","87","6961238"
"JH378147","12600049","12600346","KQ053421v1","5610673","5610968","67","6989376"
"JH378147","12881335","12881640","KQ055352v1","6003171","6003466","73","6878164"
"JH378147","12965067","12965382","KQ053421v1","5610673","5610968","88","7354394"
"JH378147","12982238","12982548","KQ055352v1","6003171","6003466","69","6979067"
"JH378147","13051763","13052065","KQ053421v1","5610673","5610968","67","7441090"
"JH378147","13064883","13065174","KQ053421v1","5610673","5610968","81","7454210"
"JH378147","13253219","13253514","KQ053421v1","5610673","5610968","74","7642546"
"JH378147","13337346","13337641","KQ053421v1","5610673","5610968","106","7726673"
"JH378147","13418387","13418688","KQ053421v1","5610673","5610968","68","7807714"
"JH378147","13546984","13547295","KQ055267v1","513773","514088","71","13033211"
"JH378147","13573968","13574223","KQ057186v1","783828","784085","95","12790140"
"JH378147","13588427","13588694","KQ055862v1","1305285","1305561","85","12283142"
"JH378147","13650031","13650331","KQ053421v1","5610673","5610968","72","8039358"
"JH378147","13706276","13706587","KQ055352v1","6003171","6003466","71","7703105"
"JH378147","13895532","13895827","KQ057901v1","868884","869144","107","13026648"
"JH378147","14050602","14050908","KQ055352v1","6003171","6003466","70","8047431"
"JH378147","14219239","14219519","KQ057186v1","783828","784085","78","13435411"
"JH378147","14349469","14349763","KQ053421v1","5610673","5610968","71","8738796"
"JH378147","14357551","14357846","KQ053421v1","5610673","5610968","75","8746878"
"JH378147","14543418","14543714","KQ053421v1","5610673","5610968","74","8932745"
"JH378147","14610816","14611117","KQ053421v1","5610673","5610968","71","9000143"
"JH378147","14728805","14729103","KQ053421v1","5610673","5610968","74","9118132"
"JH378147","14745200","14745508","KQ055267v1","513773","514088","73","14231427"
"JH378147","14769865","14770181","KQ053421v1","5610673","5610968","77","9159192"
"JH378147","14884684","14884994","KQ053421v1","5610673","5610968","78","9274011"
"JH378147","14894539","14894829","KQ053421v1","5610673","5610968","79","9283866"
"JH378147","14928484","14928772","KQ053421v1","5610673","5610968","78","9317811"
"JH378147","14934220","14934512","KQ053421v1","5610673","5610968","81","9323547"
"JH378147","15024403","15024702","KQ053421v1","5610673","5610968","72","9413730"
"JH378147","15045050","15045355","KQ053421v1","5610673","5610968","68","9434377"
"JH378147","15047805","15048102","KQ053421v1","5610673","5610968","71","9437132"
"JH378147","15079316","15079619","KQ055352v1","6003171","6003466","74","9076145"
"JH378147","15100757","15101056","KQ053421v1","5610673","5610968","69","9490084"
"JH378147","15258942","15259138","KQ054179v1","3404435","3404595","64","11854507"
"JH378147","15278365","15278661","KQ053421v1","5610673","5610968","76","9667692"
"JH378147","15320000","15320297","KQ058427v1","7786546","7786853","90","7533454"
"JH378147","15349048","15349343","KQ053421v1","5610673","5610968","74","9738375"
"JH378147","15442666","15442959","KQ053421v1","5610673","5610968","66","9831993"
"JH378147","15462067","15462358","KQ053421v1","5610673","5610968","79","9851394"
"JH378147","15476959","15477256","KQ053421v1","5610673","5610968","71","9866286"
"JH378147","15489877","15490082","KQ055662v1","1890465","1890674","61","13599412"
"JH378147","15521479","15521779","KQ053421v1","5610673","5610968","71","9910806"
"JH378147","15557802","15558078","KQ054815v1","2215557","2215844","79","13342245"
"JH378147","15567265","15567555","KQ053421v1","5610673","5610968","75","9956592"
"JH378147","15579499","15579797","KQ053421v1","5610673","5610968","73","9968826"
"JH378147","15592622","15592952","KQ055267v1","513773","514088","88","15078849"
"JH378147","15622965","15623189","KQ053234v1","1414405","1414609","73","14208560"
"JH378147","15674857","15675159","KQ053421v1","5610673","5610968","68","10064184"
"JH378147","15692735","15692919","KQ055978v1","4311984","4312161","50","11380751"
"JH378147","15705494","15705806","KQ053421v1","5610673","5610968","69","10094821"
"JH378147","15796874","15797191","KQ055352v1","6003171","6003466","80","9793703"
"JH378147","15803574","15803871","KQ053421v1","5610673","5610968","75","10192901"
"JH378147","15808378","15808676","KQ053421v1","5610673","5610968","64","10197705"
"JH378147","15821525","15821829","KQ053421v1","5610673","5610968","73","10210852"
"JH378147","15830154","15830458","KQ055352v1","6003171","6003466","67","9826983"
"JH378147","15861540","15861742","KQ055662v1","1890465","1890674","65","13971075"
"JH378147","15914517","15914820","KQ053421v1","5610673","5610968","82","10303844"
"JH378147","15958535","15958836","KQ058427v1","7786546","7786853","82","8171989"
"JH378147","16081449","16081743","KQ053421v1","5610673","5610968","68","10470776"
"JH378147","16105172","16105481","KQ055267v1","513773","514088","73","15591399"
"JH378147","16372739","16373038","KQ053421v1","5610673","5610968","71","10762066"
"JH378147","16481826","16482019","KQ058274v1","300327","300497","60","16181499"
"JH378147","16507568","16507889","KQ056321v1","575951","576190","186","15931617"
"JH378147","16790982","16791277","KQ053421v1","5610673","5610968","74","11180309"
"JH378147","16841763","16842070","KQ058427v1","7786546","7786853","75","9055217"
"JH378147","17000474","17000777","KQ053421v1","5610673","5610968","91","11389801"
"JH378147","17001196","17001496","KQ053421v1","5610673","5610968","70","11390523"
"JH378147","17137104","17137392","KQ053785v1","888769","889063","89","16248335"
"JH378147","17146060","17146367","KQ058427v1","7786546","7786853","90","9359514"
"JH378147","17181627","17181935","KQ055267v1","513773","514088","74","16667854"
"JH378147","17209555","17209845","KQ053421v1","5610673","5610968","75","11598882"
"JH378147","17234657","17234963","KQ053421v1","5610673","5610968","84","11623984"
"JH378147","17309795","17310096","KQ053421v1","5610673","5610968","78","11699122"
"JH378147","17439885","17440179","KQ053421v1","5610673","5610968","87","11829212"
"JH378147","17567312","17567606","KQ053421v1","5610673","5610968","82","11956639"
"JH378148","21606","21901","KQ053421v1","5610673","5610968","68","5589067"
"JH378148","243378","243670","KQ053421v1","5610673","5610968","75","5367295"
"JH378148","283673","283982","KQ055267v1","513773","514088","75","230100"
"JH378148","309334","309678","KQ053059v1","2548766","2549102","104","2239432"
"JH378148","448619","448924","KQ055352v1","6003171","6003466","68","5554552"
"JH378148","648817","649114","KQ053421v1","5610673","5610968","82","4961856"
"JH378148","724908","725220","KQ055352v1","6003171","6003466","73","5278263"
"JH378148","753572","753784","KQ052982v1","2032903","2033097","69","1279331"
"JH378148","850642","850883","KQ058242v1","595939","596205","80","254703"
"JH378148","934571","934857","KQ053421v1","5610673","5610968","76","4676102"
"JH378148","1049958","1050254","KQ053421v1","5610673","5610968","76","4560715"
"JH378148","1095663","1095931","KQ057186v1","783828","784085","70","311835"
"JH378148","1179795","1180079","KQ053421v1","5610673","5610968","78","4430878"
"JH378148","1370916","1371211","KQ053421v1","5610673","5610968","74","4239757"
"JH378148","1518531","1518841","KQ055352v1","6003171","6003466","70","4484640"
"JH378148","1587291","1587646","KQ058427v1","7786546","7786853","114","6199255"
"JH378148","1642599","1642733","KQ053398v1","2623748","2623879","35","981149"
"JH378148","1768491","1768778","KQ053421v1","5610673","5610968","73","3842182"
"JH378148","1830263","1830558","KQ053141v1","2860","3159","94","1827403"
"JH378148","1897914","1898205","KQ053421v1","5610673","5610968","72","3712759"
"JH378148","1926927","1927229","KQ058427v1","7786546","7786853","84","5859619"
"JH378148","1967542","1967686","KQ053398v1","2623748","2623879","47","656206"
"JH378148","1985923","1986135","KQ058274v1","300327","300497","76","1685596"
"JH378148","2097730","2098022","KQ055352v1","6003171","6003466","78","3905441"
"JH378148","2125889","2126195","KQ053421v1","5610673","5610968","82","3484784"
"JH378148","2174456","2174759","KQ053421v1","5610673","5610968","73","3436217"
"JH378148","2215379","2215678","KQ055267v1","513773","514088","78","1701606"
"JH378148","2226381","2226681","KQ055267v1","513773","514088","77","1712608"
"JH378148","2240672","2240975","KQ053421v1","5610673","5610968","69","3370001"
"JH378148","2334795","2335107","KQ055352v1","6003171","6003466","73","3668376"
"JH378148","2345233","2345395","KQ053993v1","1251070","1251235","41","1094163"
"JH378148","2405016","2405328","KQ058427v1","7786546","7786853","75","5381530"
"JH378148","2449051","2449358","KQ053421v1","5610673","5610968","84","3161622"
"JH378148","2545516","2545825","KQ053421v1","5610673","5610968","73","3065157"
"JH378148","2753864","2754031","KQ053993v1","1251070","1251235","34","1502794"
"JH378148","2803866","2804171","KQ053421v1","5610673","5610968","80","2806807"
"JH378148","2946672","2946980","KQ058427v1","7786546","7786853","77","4839874"
"JH378148","2964070","2964370","KQ053421v1","5610673","5610968","72","2646603"
"JH378148","2966237","2966547","KQ058427v1","7786546","7786853","74","4820309"
"JH378148","2976703","2976827","KQ053398v1","2627781","2627909","44","348922"
"JH378148","2986555","2986848","KQ053421v1","5610673","5610968","74","2624118"
"JH378148","2989243","2989461","KQ057186v1","783828","784085","86","2205415"
"JH378148","3037160","3037455","KQ054815v1","2215557","2215844","83","821603"
"JH378148","3041011","3041160","KQ054510v1","7582269","7582431","41","4541258"
"JH378148","3045856","3046130","KQ057186v1","783828","784085","71","2262028"
"JH378148","3072529","3072823","KQ053421v1","5610673","5610968","73","2538144"
"JH378148","3087821","3088103","KQ053785v1","888769","889063","82","2199052"
"JH378148","3107034","3107321","KQ053421v1","5610673","5610968","78","2503639"
"JH378148","3145318","3145508","ABDC02053644v1","2226","2419","81","3143092"
"JH378148","3175911","3176213","KQ053421v1","5610673","5610968","93","2434762"
"JH378148","3188168","3188467","KQ053421v1","5610673","5610968","69","2422505"
"JH378148","3211573","3211813","KQ053234v1","1414405","1414609","77","1797168"
"JH378148","3229689","3229982","KQ053421v1","5610673","5610968","73","2380984"
"JH378148","3256365","3256668","KQ053421v1","5610673","5610968","79","2354308"
"JH378148","3276896","3277187","KQ053421v1","5610673","5610968","77","2333777"
"JH378148","3293729","3294034","KQ055267v1","513773","514088","72","2779956"
"JH378148","3299955","3300227","KQ058339v1","4553625","4553889","77","1253670"
"JH378148","3304857","3304960","KQ056279v1","759081","759162","38","2545776"
"JH378148","3339253","3339476","KQ052982v1","2032903","2033097","67","1306350"
"JH378148","3353592","3353678","KQ053998v1","8863","8933","37","3344729"
"JH378148","3385361","3385662","KQ053421v1","5610673","5610968","84","2225312"
"JH378148","3388976","3389270","KQ053421v1","5610673","5610968","82","2221697"
"JH378148","3418938","3419232","KQ053421v1","5610673","5610968","72","2191735"
"JH378148","3430957","3431062","KQ055717v1","1610376","1610476","37","1820581"
"JH378148","3431420","3431589","KQ058350v1","9514178","9514352","37","6082758"
"JH378148","3444864","3444990","KQ056920v1","183120","183261","38","3261744"
"JH378148","3448249","3448388","KQ053398v1","2623748","2623879","33","824501"
"JH378148","3501534","3501744","KQ058274v1","300327","300497","75","3201207"
"JH378148","3523209","3523515","KQ053421v1","5610673","5610968","71","2087464"
"JH378148","3523689","3523972","KQ053421v1","5610673","5610968","81","2086984"
"JH378148","3746113","3746316","KQ056064v1","326763","326940","69","3419350"
"JH378148","3824804","3825061","KQ058242v1","595939","596205","77","3228865"
"JH378148","3859453","3859706","KQ057186v1","783828","784085","102","3075625"
"JH378148","3894435","3894726","KQ053421v1","5610673","5610968","82","1716238"
"JH378148","3904130","3904422","KQ053421v1","5610673","5610968","75","1706543"
"JH378148","3931593","3931885","KQ053421v1","5610673","5610968","71","1679080"
"JH378148","4032321","4032619","KQ053421v1","5610673","5610968","69","1578352"
"JH378148","4038523","4038856","KQ055267v1","513773","514088","91","3524750"
"JH378148","4040330","4040644","KQ058427v1","7786546","7786853","90","3746216"
"JH378148","4056319","4056617","KQ055267v1","513773","514088","82","3542546"
"JH378148","4068534","4068842","KQ055352v1","6003171","6003466","75","1934637"
"JH378148","4077983","4078241","KQ058242v1","595939","596205","74","3482044"
"JH378148","4139751","4140057","KQ055352v1","6003171","6003466","79","1863420"
"JH378148","4207239","4207527","KQ053421v1","5610673","5610968","82","1403434"
"JH378148","4249454","4249757","KQ053421v1","5610673","5610968","69","1361219"
"JH378148","4283773","4284081","KQ053421v1","5610673","5610968","82","1326900"
"JH378148","4293508","4293832","KQ058427v1","7786546","7786853","89","3493038"
"JH378148","4298724","4298821","KQ056235v1","1266284","1266361","32","3032440"
"JH378148","4398219","4398530","KQ055267v1","513773","514088","75","3884446"
"JH378148","4510297","4510597","KQ053421v1","5610673","5610968","82","1100376"
"JH378148","4676165","4676446","KQ053421v1","5610673","5610968","89","934508"
"JH378148","4769979","4770258","KQ058242v1","595939","596205","76","4174040"
"JH378148","4924767","4924918","KQ054510v1","7582269","7582431","42","2657502"
"JH378148","5099607","5099918","KQ055352v1","6003171","6003466","71","903564"
"JH378148","5346337","5346600","KQ058242v1","595939","596205","65","4750398"
"JH378148","5373052","5373363","KQ055352v1","6003171","6003466","76","630119"
"JH378148","5467640","5467932","KQ053421v1","5610673","5610968","77","143033"
"JH378148","5472842","5473153","KQ055352v1","6003171","6003466","71","530329"
"JH378148","5621911","5622214","KQ053421v1","5610673","5610968","75","11238"
"JH378148","5686639","5686937","KQ053421v1","5610673","5610968","88","75966"
"JH378148","5742195","5742494","KQ053421v1","5610673","5610968","71","131522"
"JH378148","5762959","5763269","KQ055267v1","513773","514088","74","5249186"
"JH378148","5924228","5924518","KQ058427v1","7786546","7786853","89","1862318"
"JH378148","6204600","6204905","KQ055352v1","6003171","6003466","70","201429"
"JH378148","6346465","6346600","KQ053398v1","2623748","2623879","36","3722717"
"JH378148","6350412","6350711","KQ053421v1","5610673","5610968","77","739739"
"JH378148","6469578","6469857","KQ053421v1","5610673","5610968","86","858905"
"JH378148","6518828","6519127","KQ053421v1","5610673","5610968","72","908155"
"JH378148","6535049","6535326","KQ057186v1","783828","784085","74","5751221"
"JH378148","6577219","6577447","KQ058242v1","595939","596205","86","5981280"
"JH378148","6613378","6613674","KQ053421v1","5610673","5610968","64","1002705"
"JH378148","6684209","6684506","KQ053421v1","5610673","5610968","63","1073536"
"JH378148","6713147","6713456","KQ055352v1","6003171","6003466","72","709976"
"JH378148","6731335","6731642","KQ058427v1","7786546","7786853","82","1055211"
"JH378148","6736747","6737052","KQ053421v1","5610673","5610968","70","1126074"
"JH378148","6781169","6781474","KQ053421v1","5610673","5610968","71","1170496"
"JH378148","6790818","6791086","KQ058427v1","6786866","6787134","89","3952"
"JH378148","6805005","6805309","KQ055352v1","6003171","6003466","70","801834"
"JH378148","6809147","6809457","KQ055267v1","513773","514088","69","6295374"
"JH378148","6821765","6821938","KQ058274v1","300327","300497","59","6521438"
"JH378148","6871402","6871708","KQ055267v1","513773","514088","73","6357629"
"JH378148","6874270","6874545","KQ058339v1","4553625","4553889","84","2320645"
"JH378148","6896010","6896313","KQ055267v1","513773","514088","82","6382237"
"JH378148","6898936","6899254","KQ053059v1","2548766","2549102","99","4350170"
"JH378148","6955296","6955603","KQ058427v1","7786546","7786853","81","831250"
"JH378148","6976700","6977010","KQ053421v1","5610673","5610968","94","1366027"
"JH378148","6996813","6997039","KQ058509v1","24058","24271","70","6972755"
"JH378148","7060812","7060953","KQ053398v1","2623748","2623879","41","4437064"
"JH378148","7072840","7073054","KQ056064v1","326763","326940","71","6746077"
"JH378148","7083656","7083748","KQ055903v1","238545","238616","33","6845111"
"JH378148","7112077","7112204","KQ053398v1","2623748","2623879","36","4488329"
"JH378148","7113913","7114204","KQ053421v1","5610673","5610968","76","1503240"
"JH378148","7122776","7123088","KQ055267v1","513773","514088","77","6609003"
"JH378148","7129041","7129339","KQ053421v1","5610673","5610968","69","1518368"
"JH378148","7133105","7133398","KQ055862v1","1305285","1305561","81","5827820"
"JH378148","7151977","7152285","KQ053421v1","5610673","5610968","73","1541304"
"JH378148","7155985","7156272","KQ053421v1","5610673","5610968","72","1545312"
"JH378148","7168821","7169104","KQ053421v1","5610673","5610968","83","1558148"
"JH378148","7175233","7175423","KQ053234v1","1679581","1679757","60","5495652"
"JH378148","7176884","7176997","KQ053398v1","2623748","2623879","41","4553136"
"JH378148","7184404","7184699","KQ053421v1","5610673","5610968","74","1573731"
"JH378148","7241076","7241377","KQ053421v1","5610673","5610968","65","1630403"
"JH378148","7302628","7302929","KQ053421v1","5610673","5610968","72","1691955"
"JH378148","7352956","7353256","KQ053421v1","5610673","5610968","63","1742283"
"JH378148","7365392","7365700","KQ055352v1","6003171","6003466","73","1362221"
"JH378148","7381936","7382246","KQ053421v1","5610673","5610968","75","1771263"
"JH378148","7398233","7398537","KQ053421v1","5610673","5610968","92","1787560"
"JH378148","7638450","7638747","KQ053421v1","5610673","5610968","66","2027777"
"JH378148","7786975","7787259","KQ058427v1","6786866","6787134","83","1000109"
"JH378148","7831962","7832260","KQ053421v1","5610673","5610968","66","2221289"
"JH378148","7912286","7912595","KQ055267v1","513773","514088","72","7398513"
"JH378148","8052040","8052330","KQ053421v1","5610673","5610968","71","2441367"
"JH378148","8077480","8077779","KQ053421v1","5610673","5610968","69","2466807"
"JH378148","8108238","8108545","KQ055267v1","513773","514088","78","7594465"
"JH378148","8342716","8343026","KQ055267v1","513773","514088","74","7828943"
"JH378148","8744610","8744914","KQ055267v1","513773","514088","77","8230837"
"JH378148","8758051","8758364","KQ055352v1","6003171","6003466","73","2754880"
"JH378148","8823926","8824236","KQ053421v1","5610673","5610968","85","3213253"
"JH378148","8947407","8947713","KQ055267v1","513773","514088","86","8433634"
"JH378148","8983162","8983464","KQ053421v1","5610673","5610968","76","3372489"
"JH378148","9171611","9171928","KQ053421v1","5610673","5610968","79","3560938"
"JH378148","9225879","9226163","KQ055267v1","513773","514088","93","8712106"
"JH378148","9469741","9470046","KQ055352v1","6003171","6003466","70","3466570"
"JH378148","9477826","9477929","KQ058316v1","2226037","2226104","47","7251789"
"JH378148","9515416","9515725","KQ055352v1","6003171","6003466","72","3512245"
"JH378148","9647274","9647576","KQ053421v1","5610673","5610968","69","4036601"
"JH378148","9683385","9683694","KQ055352v1","6003171","6003466","74","3680214"
"JH378148","9893863","9894155","KQ053421v1","5610673","5610968","77","4283190"
"JH378148","9996530","9996822","KQ058242v1","595939","596205","96","9400591"
"JH378148","10025511","10025670","KQ054510v1","7582269","7582431","46","2443242"
"JH378148","10191629","10191939","KQ055352v1","6003171","6003466","72","4188458"
"JH378148","10246393","10246702","KQ055267v1","513773","514088","70","9732620"
"JH378148","10284182","10284492","KQ053421v1","5610673","5610968","83","4673509"
"JH378148","10448239","10448531","KQ054815v1","2215557","2215844","79","8232682"
"JH378148","10457811","10458114","KQ053421v1","5610673","5610968","72","4847138"
"JH378148","10716280","10716591","KQ053421v1","5610673","5610968","75","5105607"
"JH378148","11056879","11057187","KQ055267v1","513773","514088","74","10543106"
"JH378148","11109244","11109533","KQ053421v1","5610673","5610968","73","5498571"
"JH378148","11477085","11477394","KQ053421v1","5610673","5610968","74","5866412"
"JH378148","11531336","11531648","KQ053421v1","5610673","5610968","85","5920663"
"JH378148","11544607","11544918","KQ058427v1","7786546","7786853","75","3758061"
"JH378148","11730500","11730797","KQ053421v1","5610673","5610968","68","6119827"
"JH378148","11832670","11832977","KQ055352v1","6003171","6003466","78","5829499"
"JH378148","11837764","11838072","KQ058427v1","7786546","7786853","83","4051218"
"JH378148","11845959","11846270","KQ055352v1","6003171","6003466","73","5842788"
"JH378148","11846449","11846757","KQ053421v1","5610673","5610968","72","6235776"
"JH378148","11851394","11851689","KQ053421v1","5610673","5610968","65","6240721"
"JH378148","11917927","11918216","KQ058640v1","643463","643729","82","11274464"
"JH378148","11941199","11941499","KQ053421v1","5610673","5610968","74","6330526"
"JH378148","11947443","11947743","KQ058394v1","9655127","9655422","77","2292316"
"JH378148","11959906","11960187","KQ058339v1","4553625","4553889","84","7406281"
"JH378148","11970909","11971208","KQ053421v1","5610673","5610968","71","6360236"
"JH378148","11979517","11979823","KQ055352v1","6003171","6003466","69","5976346"
"JH378148","12000772","12001074","KQ053421v1","5610673","5610968","75","6390099"
"JH378148","12064970","12065266","KQ053421v1","5610673","5610968","74","6454297"
"JH378148","12273979","12274258","KQ053785v1","888769","889063","80","11385210"
"JH378148","12274800","12275088","KQ053421v1","5610673","5610968","75","6664127"
"JH378148","12327468","12327749","KQ054815v1","2215557","2215844","78","10111911"
"JH378148","12339398","12339678","KQ053421v1","5610673","5610968","74","6728725"
"JH378148","12381420","12381707","KQ053421v1","5610673","5610968","79","6770747"
"JH378148","12422263","12422524","KQ055717v1","1610777","1611031","83","10811486"
"JH378148","12426932","12427126","KQ058350v1","9514178","9514352","55","2912754"
"JH378148","12453658","12453971","KQ055267v1","513773","514088","85","11939885"
"JH378148","12524330","12524536","KQ056064v1","326763","326940","72","12197567"
"JH378148","12581886","12582120","KQ054068v1","3638075","3638299","64","8943811"
"JH378148","12606205","12606461","KQ055862v1","1305285","1305561","83","11300920"
"JH378148","12699764","12700075","KQ055267v1","513773","514088","78","12185991"
"JH378148","12703599","12703931","KQ058427v1","7786546","7786853","103","4917053"
"JH378148","12713472","12713784","KQ055267v1","513773","514088","72","12199699"
"JH378148","12719432","12719733","KQ053421v1","5610673","5610968","69","7108759"
"JH378148","12769506","12769822","KQ053421v1","5610673","5610968","99","7158833"
"JH378148","12805569","12805866","KQ053421v1","5610673","5610968","71","7194896"
"JH378148","12910349","12910658","KQ055352v1","6003171","6003466","75","6907178"
"JH378148","13060105","13060384","KQ053421v1","5610673","5610968","81","7449432"
"JH378148","13075986","13076291","KQ053421v1","5610673","5610968","78","7465313"
"JH378148","13122623","13122907","KQ053421v1","5610673","5610968","79","7511950"
"JH378148","13207668","13207831","KQ053398v1","2623748","2623879","61","10583920"
"JH378148","13207932","13208047","KQ056493v1","2043382","2043488","51","11164550"
"JH378148","13271825","13271969","KQ054401v1","3363241","3363379","36","9908584"
"JH378148","13281870","13282181","KQ055267v1","513773","514088","71","12768097"
"JH378148","13708320","13708627","KQ055352v1","6003171","6003466","69","7705149"
"JH378148","13733176","13733483","KQ053421v1","5610673","5610968","76","8122503"
"JH378148","13912471","13912777","KQ055352v1","6003171","6003466","72","7909300"
"JH378148","13977428","13977737","KQ053421v1","5610673","5610968","74","8366755"
"JH378148","14009035","14009344","KQ055352v1","6003171","6003466","74","8005864"
"JH378148","14064502","14064796","KQ053421v1","5610673","5610968","69","8453829"
"JH378148","14065553","14065853","KQ053421v1","5610673","5610968","71","8454880"
"JH378148","14075633","14075932","KQ053421v1","5610673","5610968","67","8464960"
"JH378148","14078660","14078970","KQ055352v1","6003171","6003466","71","8075489"
"JH378148","14094019","14094304","KQ053421v1","5610673","5610968","84","8483346"
"JH378148","14098323","14098615","KQ053421v1","5610673","5610968","75","8487650"
"JH378148","14109700","14110005","KQ053421v1","5610673","5610968","72","8499027"
"JH378148","14122251","14122356","KQ056235v1","1266284","1266361","44","12855967"
"JH378148","14143213","14143410","KQ055662v1","1890465","1890674","67","12252748"
"JH378148","14171544","14171842","KQ053421v1","5610673","5610968","73","8560871"
"JH378148","14184342","14184686","KQ055352v1","6003171","6003466","104","8181171"
"JH378148","14204074","14204369","KQ053421v1","5610673","5610968","68","8593401"
"JH378148","14749211","14749510","KQ053421v1","5610673","5610968","64","9138538"
"JH378148","14834053","14834358","KQ055352v1","6003171","6003466","70","8830882"
"JH378148","14873988","14874298","KQ055267v1","513773","514088","73","14360215"
"JH378148","14889271","14889578","KQ055352v1","6003171","6003466","74","8886100"
"JH378148","14990228","14990527","KQ053421v1","5610673","5610968","74","9379555"
"JH378148","15032906","15033164","KQ056321v1","575951","576190","83","14456955"
"JH378148","15167345","15167640","KQ053421v1","5610673","5610968","68","9556672"
"JH378148","15200762","15201065","KQ053421v1","5610673","5610968","71","9590089"
"JH378148","15227111","15227415","KQ058427v1","7786546","7786853","86","7440565"
"JH378148","15243751","15243975","KQ053234v1","1414405","1414609","71","13829346"
"JH378148","15363924","15364246","KQ058427v1","7786546","7786853","88","7577378"
"JH378148","15411150","15411290","KQ053398v1","2623748","2623879","36","12787402"
"JH378148","15458636","15458947","KQ055352v1","6003171","6003466","79","9455465"
"JH378148","15459240","15459547","KQ058427v1","7786546","7786853","81","7672694"
"JH378148","15498338","15498648","KQ055352v1","6003171","6003466","71","9495167"
"JH378148","15564962","15565097","KQ053398v1","2623748","2623879","51","12941214"
"JH378148","15665299","15665619","KQ053421v1","5610673","5610968","89","10054626"
"JH378148","15735204","15735466","KQ058242v1","595939","596205","66","15139265"
"JH378148","15899877","15900187","KQ055352v1","6003171","6003466","71","9896706"
"JH378148","15915256","15915553","KQ053421v1","5610673","5610968","67","10304583"
"JH378148","15924268","15924581","KQ053421v1","5610673","5610968","84","10313595"
"JH378148","15935977","15936285","KQ055267v1","513773","514088","70","15422204"
"JH378148","16140141","16140455","KQ058427v1","7786546","7786853","81","8353595"
"JH378148","16181847","16182137","KQ053421v1","5610673","5610968","72","10571174"
"JH378148","16210631","16210942","KQ055352v1","6003171","6003466","71","10207460"
"JH378148","16213105","16213235","KQ053398v1","2623748","2623879","33","13589357"
"JH378148","16245428","16245742","KQ053421v1","5610673","5610968","80","10634755"
"JH378148","16258014","16258300","KQ053421v1","5610673","5610968","74","10647341"
"JH378148","16275702","16275887","KQ057449v1","1214348","1214489","69","15061354"
"JH378148","16276537","16276845","KQ055267v1","513773","514088","73","15762764"
"JH378148","16339521","16339821","KQ053421v1","5610673","5610968","69","10728848"
"JH378148","16364245","16364539","KQ053421v1","5610673","5610968","70","10753572"
"JH378148","16385717","16386002","KQ055352v1","6003171","6003466","72","10382546"
"JH378148","16386386","16386689","KQ053421v1","5610673","5610968","72","10775713"
"JH378148","16404897","16405202","KQ053421v1","5610673","5610968","75","10794224"
"JH378148","16405901","16406209","KQ055352v1","6003171","6003466","73","10402730"
"JH378148","16410699","16411008","KQ055352v1","6003171","6003466","70","10407528"
"JH378148","16413716","16414012","KQ053421v1","5610673","5610968","74","10803043"
"JH378148","16575190","16575493","KQ055352v1","6003171","6003466","70","10572019"
"JH378148","16663958","16664259","KQ053421v1","5610673","5610968","81","11053285"
"JH378148","16712470","16712779","KQ058427v1","7786546","7786853","74","8925924"
"JH378148","16716375","16716686","KQ058427v1","7786546","7786853","78","8929829"
"JH378148","16725050","16725339","KQ054815v1","2215557","2215844","78","14509493"
"JH378148","16729050","16729345","KQ053421v1","5610673","5610968","74","11118377"
"JH378148","16859660","16859972","KQ053421v1","5610673","5610968","71","11248987"
"JH378148","16903779","16904085","KQ053421v1","5610673","5610968","72","11293106"
"JH378148","16958883","16959125","KQ056321v1","575951","576190","85","16382932"
"JH378148","17010526","17010846","KQ055267v1","513773","514088","84","16496753"
"JH378148","17054423","17054714","KQ053421v1","5610673","5610968","77","11443750"
"JH378148","17056830","17057115","KQ058242v1","595939","596205","80","16460891"
"JH378148","17061969","17062269","KQ053421v1","5610673","5610968","88","11451296"
"JH378148","17073656","17073967","KQ055267v1","513773","514088","74","16559883"
"JH378148","17077130","17077436","KQ053421v1","5610673","5610968","76","11466457"
"JH378148","17109196","17109496","KQ053421v1","5610673","5610968","61","11498523"
"JH378148","17114486","17114766","KQ054815v1","2215557","2215844","82","14898929"
"JH378148","17115208","17115490","KQ054815v1","2215557","2215844","77","14899651"
"JH378148","17125742","17126012","KQ058242v1","595939","596205","79","16529803"
"JH378148","17152569","17152865","KQ053421v1","5610673","5610968","73","11541896"
"JH378148","17184156","17184248","KQ056235v1","1266284","1266361","30","15917872"
"JH378148","17184346","17184551","KQ055662v1","1890465","1890674","64","15293881"
"JH378148","17189938","17190225","KQ058427v1","7786546","7786853","89","9403392"
"JH378148","17217943","17218062","KQ053398v1","2627781","2627909","40","14590162"
"JH378148","17223152","17223453","KQ053421v1","5610673","5610968","91","11612479"
"JH378148","17293752","17294033","KQ053421v1","5610673","5610968","75","11683079"
"JH378148","17307970","17308222","KQ058242v1","595939","596205","74","16712031"
"JH378148","17454543","17454657","KQ056493v1","2043382","2043488","44","15411161"
"JH378148","17566103","17566394","KQ053421v1","5610673","5610968","87","11955430"
"JH378149","34","315","KQ054815v1","2215557","2215844","83","2215523"
"JH378149","2886","3181","KQ053421v1","5610673","5610968","78","5607787"
"JH378149","11687","11975","KQ053421v1","5610673","5610968","71","5598986"
"JH378149","68955","69232","KQ055862v1","1305285","1305561","72","1236330"
"JH378149","72480","72740","KQ058242v1","595939","596205","68","523459"
"JH378149","81358","81655","KQ053421v1","5610673","5610968","84","5529315"
"JH378149","114313","114598","KQ053421v1","5610673","5610968","87","5496360"
"JH378149","120337","120637","KQ053421v1","5610673","5610968","86","5490336"
"JH378149","143065","143357","KQ058640v1","643463","643729","86","500398"
"JH378149","169446","169737","KQ058242v1","595939","596205","119","426493"
"JH378149","204169","204481","KQ055267v1","513773","514088","79","309604"
"JH378149","206961","207184","KQ053234v1","1414405","1414609","62","1207444"
"JH378149","304865","305162","KQ053421v1","5610673","5610968","80","5305808"
"JH378149","358803","358934","KQ053004v1","3064551","3064681","54","2705748"
"JH378149","382162","382411","KQ057901v1","868884","869144","74","486722"
"JH378149","404488","404797","KQ053421v1","5610673","5610968","75","5206185"
"JH378149","469268","469566","KQ053421v1","5610673","5610968","82","5141405"
"JH378149","504041","504350","KQ055267v1","513773","514088","72","9732"
"JH378149","506827","506947","KQ053398v1","2623748","2623879","38","2116921"
"JH378149","530078","530313","KQ058242v1","595939","596205","79","65861"
"JH378149","540099","540190","KQ056235v1","1266284","1266361","31","726185"
"JH378149","546186","546492","KQ053421v1","5610673","5610968","91","5064487"
"JH378149","546510","546806","KQ058427v1","7786546","7786853","88","7240036"
"JH378149","547042","547260","KQ052982v1","2032903","2033097","72","1485861"
"JH378149","551128","551434","KQ053421v1","5610673","5610968","91","5059545"
"JH378149","560801","561158","KQ053421v1","5610673","5610968","130","5049872"
"JH378149","563058","563177","KQ056493v1","2043382","2043488","35","1480324"
"JH378149","576899","577043","KQ054401v1","3363241","3363379","42","2786342"
"JH378149","699635","699939","KQ053421v1","5610673","5610968","74","4911038"
"JH378149","719881","720015","KQ054401v1","3363241","3363379","36","2643360"
"JH378149","720371","720532","KQ053398v1","2627781","2627909","66","1907410"
"JH378149","764846","765154","KQ055352v1","6003171","6003466","71","5238325"
"JH378149","787441","787752","KQ055352v1","6003171","6003466","69","5215730"
"JH378149","832934","833232","KQ053421v1","5610673","5610968","69","4777739"
"JH378149","874904","875174","KQ058242v1","595939","596205","65","278965"
"JH378149","954716","955018","KQ053421v1","5610673","5610968","89","4655957"
"JH378149","980371","980680","KQ053421v1","5610673","5610968","84","4630302"
"JH378149","1002120","1002403","KQ053421v1","5610673","5610968","82","4608553"
"JH378149","1004553","1004779","KQ053234v1","1414405","1414609","67","409852"
"JH378149","1014448","1014751","KQ053421v1","5610673","5610968","75","4596225"
"JH378149","1048928","1049228","KQ053421v1","5610673","5610968","71","4561745"
"JH378149","1058778","1059066","KQ053421v1","5610673","5610968","81","4551895"
"JH378149","1120035","1120323","KQ053421v1","5610673","5610968","75","4490638"
"JH378149","1132570","1132872","KQ053421v1","5610673","5610968","75","4478103"
"JH378149","1135968","1136268","KQ053421v1","5610673","5610968","75","4474705"
"JH378149","1174101","1174399","KQ053421v1","5610673","5610968","86","4436572"
"JH378149","1193951","1194087","KQ053398v1","2623748","2623879","32","1429797"
"JH378149","1194999","1195318","KQ055267v1","513773","514088","97","681226"
"JH378149","1255154","1255454","KQ053421v1","5610673","5610968","77","4355519"
"JH378149","1294171","1294452","KQ055862v1","1305285","1305561","86","11114"
"JH378149","1327829","1328113","KQ053421v1","5610673","5610968","86","4282844"
"JH378149","1389559","1389857","KQ058427v1","7786546","7786853","83","6396987"
"JH378149","1396912","1397212","KQ053421v1","5610673","5610968","69","4213761"
"JH378149","1398556","1398812","KQ058242v1","595939","596205","76","802617"
"JH378149","1406288","1406585","KQ058427v1","7786546","7786853","89","6380258"
"JH378149","1408238","1408368","KQ057161v1","453350","453459","42","954888"
"JH378149","1461362","1461552","KQ058129v1","100901","101077","63","1360461"
"JH378149","1469351","1469655","KQ053421v1","5610673","5610968","93","4141322"
"JH378149","1548394","1548566","KQ058423v1","270754","270928","48","1277640"
"JH378149","1548756","1548886","KQ053398v1","2623748","2623879","35","1074992"
"JH378149","1627230","1627359","KQ053398v1","2623748","2623879","34","996518"
"JH378149","1643824","1643983","KQ054510v1","7582269","7582431","48","5938445"
"JH378149","1681730","1682002","KQ055862v1","1305285","1305561","89","376445"
"JH378149","1761344","1761623","KQ055862v1","1305285","1305561","74","456059"
"JH378149","1812865","1812958","KQ055903v1","238545","238616","46","1574320"
"JH378149","1846247","1846555","KQ055352v1","6003171","6003466","75","4156924"
"JH378149","1868211","1868444","KQ058242v1","595939","596205","87","1272272"
"JH378149","1869118","1869421","KQ053421v1","5610673","5610968","76","3741555"
"JH378149","1870140","1870437","KQ058427v1","7786546","7786853","74","5916406"
"JH378149","1878065","1878338","KQ053883v1","6938067","6938331","84","5060002"
"JH378149","1888672","1888960","KQ055352v1","6003171","6003466","84","4114499"
"JH378149","1907836","1907961","KQ053398v1","2627781","2627909","36","719945"
"JH378149","1919820","1920132","KQ055267v1","513773","514088","71","1406047"
"JH378149","1931815","1932132","KQ055352v1","6003171","6003466","91","4071356"
"JH378149","1952990","1953296","KQ053421v1","5610673","5610968","80","3657683"
"JH378149","1970423","1970790","KQ053135v1","5034940","5035266","138","3064517"
"JH378149","2033081","2033169","KQ056235v1","1266284","1266361","23","766797"
"JH378149","2059815","2060084","KQ055862v1","1305285","1305561","80","754530"
"JH378149","2090677","2090976","KQ053421v1","5610673","5610968","78","3519996"
"JH378149","2147518","2147822","KQ053421v1","5610673","5610968","78","3463155"
"JH378149","2156170","2156475","KQ053421v1","5610673","5610968","79","3454503"
"JH378149","2156697","2156806","KQ056493v1","2043382","2043488","34","113315"
"JH378149","2393342","2393648","KQ053421v1","5610673","5610968","81","3217331"
"JH378149","2449609","2449907","KQ053421v1","5610673","5610968","71","3161064"
"JH378149","2481920","2482044","KQ053398v1","2623748","2623879","37","141828"
"JH378149","2489518","2489797","KQ058242v1","595939","596205","84","1893579"
"JH378149","2513199","2513494","KQ053421v1","5610673","5610968","76","3097474"
"JH378149","2547479","2547762","KQ053421v1","5610673","5610968","76","3063194"
"JH378149","2561894","2562155","KQ058640v1","643463","643729","84","1918431"
"JH378149","2565711","2566024","KQ053421v1","5610673","5610968","84","3044962"
"JH378149","2625773","2625871","KQ056279v1","759081","759162","30","1866692"
"JH378149","2639164","2639464","KQ053421v1","5610673","5610968","82","2971509"
"JH378149","2660787","2661078","KQ053421v1","5610673","5610968","72","2949886"
"JH378149","2721237","2721309","KQ058316v1","2226037","2226104","27","495200"
"JH378149","2748310","2748585","KQ053421v1","5610673","5610968","82","2862363"
"JH378149","2769569","2769877","KQ055267v1","513773","514088","72","2255796"
"JH378149","2785118","2785407","KQ053421v1","5610673","5610968","83","2825555"
"JH378149","2828423","2828733","KQ053421v1","5610673","5610968","89","2782250"
"JH378149","2828747","2828967","KQ053234v1","1414405","1414609","72","1414342"
"JH378149","2829610","2829904","KQ053421v1","5610673","5610968","74","2781063"
"JH378149","2832929","2833100","KQ054510v1","7582269","7582431","45","4749340"
"JH378149","2849772","2850056","KQ057901v1","868884","869144","94","1980888"
"JH378149","2863860","2864167","KQ055267v1","513773","514088","77","2350087"
"JH378149","2894670","2894796","KQ056493v1","2043382","2043488","40","851288"
"JH378149","2937532","2937662","KQ053398v1","2623748","2623879","29","313784"
"JH378149","2957285","2957575","KQ053421v1","5610673","5610968","80","2653388"
"JH378149","2960927","2961225","KQ053421v1","5610673","5610968","68","2649746"
"JH378149","2967195","2967488","KQ053421v1","5610673","5610968","80","2643478"
"JH378149","2989233","2989537","KQ055352v1","6003171","6003466","73","3013938"
"JH378149","2991599","2991877","KQ053421v1","5610673","5610968","94","2619074"
"JH378149","3011824","3012120","KQ053421v1","5610673","5610968","78","2598849"
"JH378149","3013545","3013688","KQ054401v1","3363241","3363379","46","349696"
"JH378149","3013764","3014063","KQ053421v1","5610673","5610968","81","2596909"
"JH378149","3066210","3066401","KQ058350v1","9514178","9514352","55","6447968"
"JH378149","3083750","3083910","KQ053398v1","2623748","2623879","57","460002"
"JH378149","3160768","3161013","KQ058242v1","595939","596205","71","2564829"
"JH378149","3232866","3233179","KQ053421v1","5610673","5610968","192","2377807"
"JH378149","3234611","3234739","KQ053398v1","2623748","2623879","35","610863"
"JH378149","3241021","3241320","KQ053421v1","5610673","5610968","70","2369652"
"JH378149","3281843","3282151","KQ055352v1","6003171","6003466","71","2721328"
"JH378149","3319732","3320030","KQ053421v1","5610673","5610968","74","2290941"
"JH378149","3386314","3386617","KQ053421v1","5610673","5610968","76","2224359"
"JH378149","3395040","3395316","KQ058339v1","4553625","4553889","81","1158585"
"JH378149","3438102","3438400","KQ053421v1","5610673","5610968","72","2172571"
"JH378149","3439162","3439441","KQ053421v1","5610673","5610968","91","2171511"
"JH378149","3442415","3442721","KQ058427v1","7786546","7786853","89","4344131"
"JH378149","3483808","3484101","KQ053421v1","5610673","5610968","81","2126865"
"JH378149","3487754","3487880","KQ053398v1","2627781","2627909","41","859973"
"JH378149","3489122","3489420","KQ053421v1","5610673","5610968","81","2121551"
"JH378149","3507166","3507463","KQ053421v1","5610673","5610968","76","2103507"
"JH378149","3533654","3533960","KQ058427v1","7786546","7786853","78","4252892"
"JH378149","3577283","3577560","KQ058242v1","595939","596205","80","2981344"
"JH378149","3668607","3668736","KQ053398v1","2623748","2623879","34","1044859"
"JH378149","3700013","3700311","KQ053421v1","5610673","5610968","75","1910660"
"JH378149","3707953","3708046","KQ056493v1","2043382","2043488","42","1664571"
"JH378149","3710694","3710986","KQ055267v1","513773","514088","93","3196921"
"JH378149","3719394","3719704","KQ053421v1","5610673","5610968","88","1891279"
"JH378149","3740672","3740942","KQ058339v1","4553625","4553889","76","812953"
"JH378149","3743175","3743484","KQ058427v1","7786546","7786853","73","4043371"
"JH378149","3819495","3819801","KQ055352v1","6003171","6003466","71","2183676"
"JH378149","3948212","3948433","KQ058509v1","24058","24271","64","3924154"
"JH378149","3985637","3985924","KQ054815v1","2215557","2215844","78","1770080"
"JH378149","4017918","4018052","KQ053398v1","2627781","2627909","37","1390137"
"JH378149","4330684","4330931","KQ058242v1","595939","596205","73","3734745"
"JH378149","4425841","4426154","KQ053421v1","5610673","5610968","78","1184832"
"JH378149","4445614","4445901","KQ053421v1","5610673","5610968","77","1165059"
"JH378149","4450111","4450196","KQ058561v1","4800360","4800424","35","350249"
"JH378149","4460620","4460913","KQ053421v1","5610673","5610968","77","1150053"
"JH378149","4473864","4474153","KQ053421v1","5610673","5610968","87","1136809"
"JH378149","4488157","4488444","KQ053421v1","5610673","5610968","66","1122516"
"JH378149","4522649","4522854","KQ058594v1","5950443","5950621","67","1427794"
"JH378149","4555319","4555590","KQ053421v1","5610673","5610968","86","1055354"
"JH378149","4583175","4583459","KQ053421v1","5610673","5610968","84","1027498"
"JH378149","4596920","4597208","KQ054815v1","2215557","2215844","79","2381363"
"JH378149","4610315","4610619","KQ053421v1","5610673","5610968","73","1000358"
"JH378149","4658945","4659281","KQ053421v1","5610673","5610968","175","951728"
"JH378149","4679980","4680274","KQ053421v1","5610673","5610968","83","930693"
"JH378149","4701223","4701534","KQ058427v1","7786546","7786853","72","3085323"
"JH378149","4791276","4791403","KQ053398v1","2623748","2623879","32","2167528"
"JH378149","4798459","4798735","KQ053421v1","5610673","5610968","77","812214"
"JH378149","4808247","4808553","KQ053421v1","5610673","5610968","82","802426"
"JH378149","4811211","4811505","KQ053421v1","5610673","5610968","76","799462"
"JH378149","4837267","4837401","KQ053398v1","2623748","2623879","33","2213519"
"JH378149","4916993","4917293","KQ053421v1","5610673","5610968","69","693680"
"JH378149","4930515","4930805","KQ053421v1","5610673","5610968","76","680158"
"JH378149","4951992","4952301","KQ053421v1","5610673","5610968","77","658681"
"JH378149","5005789","5006091","KQ055267v1","513773","514088","74","4492016"
"JH378149","5147586","5147867","KQ053421v1","5610673","5610968","85","463087"
"JH378149","5321053","5321344","KQ053421v1","5610673","5610968","78","289620"
"JH378149","5536603","5536884","KQ053785v1","888769","889063","84","4647834"
"JH378149","5554464","5554764","KQ053421v1","5610673","5610968","69","56209"
"JH378149","5685761","5686058","KQ053421v1","5610673","5610968","73","75088"
"JH378149","5719254","5719404","KQ053398v1","2623748","2623879","49","3095506"
"JH378149","5729295","5729581","KQ053421v1","5610673","5610968","76","118622"
"JH378149","5876919","5877223","KQ055352v1","6003171","6003466","73","126252"
"JH378149","5913407","5913719","KQ055267v1","513773","514088","74","5399634"
"JH378149","5923994","5924273","KQ057186v1","783828","784085","78","5140166"
"JH378149","5989348","5989650","KQ053421v1","5610673","5610968","71","378675"
"JH378149","6100468","6100770","KQ054815v1","2215557","2215844","93","3884911"
"JH378149","6123935","6124212","KQ053421v1","5610673","5610968","78","513262"
"JH378149","6329983","6330298","KQ055267v1","513773","514088","88","5816210"
"JH378149","6372169","6372469","KQ053421v1","5610673","5610968","68","761496"
"JH378149","6411889","6412180","KQ055352v1","6003171","6003466","78","408718"
"JH378149","6412502","6412727","KQ058274v1","300327","300497","88","6112175"
"JH378149","6427605","6427903","KQ055352v1","6003171","6003466","74","424434"
"JH378149","6468366","6468674","KQ055352v1","6003171","6003466","73","465195"
"JH378149","6477933","6478231","KQ053421v1","5610673","5610968","76","867260"
"JH378149","6510800","6511092","KQ053421v1","5610673","5610968","77","900127"
"JH378149","6522971","6523281","KQ055267v1","513773","514088","77","6009198"
"JH378149","6583832","6584143","KQ053421v1","5610673","5610968","73","973159"
"JH378149","6641100","6641397","KQ053421v1","5610673","5610968","66","1030427"
"JH378149","6667277","6667583","KQ055352v1","6003171","6003466","73","664106"
"JH378149","6686126","6686431","KQ053421v1","5610673","5610968","72","1075453"
"JH378149","6691112","6691403","KQ053421v1","5610673","5610968","73","1080439"
"JH378149","6736889","6737191","KQ055267v1","513773","514088","75","6223116"
"JH378149","6808764","6809070","KQ055267v1","513773","514088","73","6294991"
"JH378149","6866647","6866948","KQ053421v1","5610673","5610968","67","1255974"
"JH378149","6871464","6871776","KQ055267v1","513773","514088","72","6357691"
"JH378149","7021754","7022057","KQ053421v1","5610673","5610968","72","1411081"
"JH378149","7142053","7142277","KQ055662v1","1890465","1890674","72","5251588"
"JH378149","7167986","7168283","KQ053421v1","5610673","5610968","90","1557313"
"JH378149","7256650","7256951","KQ055267v1","513773","514088","74","6742877"
"JH378149","7281209","7281509","KQ053421v1","5610673","5610968","64","1670536"
"JH378149","7329510","7329805","KQ053421v1","5610673","5610968","77","1718837"
"JH378149","7395405","7395709","KQ053421v1","5610673","5610968","69","1784732"
"JH378149","7402908","7403225","KQ053421v1","5610673","5610968","89","1792235"
"JH378149","7750079","7750432","KQ053421v1","5610673","5610968","188","2139406"
"JH378149","7866716","7867028","KQ055267v1","513773","514088","75","7352943"
"JH378149","8059358","8059655","KQ053421v1","5610673","5610968","67","2448685"
"JH378149","8161530","8161838","KQ053421v1","5610673","5610968","79","2550857"
"JH378149","8174764","8175076","KQ058427v1","7786546","7786853","83","388218"
"JH378149","8185489","8185807","KQ053421v1","5610673","5610968","77","2574816"
"JH378149","8243889","8244128","KQ058509v1","24058","24271","79","8219831"
"JH378149","8374412","8374710","KQ053421v1","5610673","5610968","65","2763739"
"JH378149","8459511","8459815","KQ058427v1","7786546","7786853","72","672965"
"JH378149","8603883","8604050","KQ053234v1","1679581","1679757","43","6924302"
"JH378149","8698503","8698812","KQ055267v1","513773","514088","79","8184730"
"JH378149","8734555","8734848","KQ053421v1","5610673","5610968","76","3123882"
"JH378149","8741306","8741625","KQ055267v1","513773","514088","89","8227533"
"JH378149","8758065","8758343","KQ054815v1","2215557","2215844","80","6542508"
"JH378149","8818463","8818749","KQ053421v1","5610673","5610968","105","3207790"
"JH378149","8824064","8824364","KQ053421v1","5610673","5610968","70","3213391"
"JH378149","8831256","8831565","KQ053421v1","5610673","5610968","75","3220583"
"JH378149","8857852","8858148","KQ053421v1","5610673","5610968","70","3247179"
"JH378149","8904682","8904985","KQ055862v1","1305285","1305561","90","7599397"
"JH378149","9015870","9016178","KQ053421v1","5610673","5610968","83","3405197"
"JH378149","9081577","9081886","KQ055267v1","513773","514088","70","8567804"
"JH378149","9100031","9100322","KQ055862v1","1305285","1305561","77","7794746"
"JH378149","9150110","9150411","KQ053421v1","5610673","5610968","69","3539437"
"JH378149","9363334","9363644","KQ055352v1","6003171","6003466","73","3360163"
"JH378149","9398385","9398661","KQ058242v1","595939","596205","84","8802446"
"JH378149","9521017","9521326","KQ058427v1","7786546","7786853","76","1734471"
"JH378149","9574708","9575019","KQ053421v1","5610673","5610968","67","3964035"
"JH378149","9635205","9635516","KQ055352v1","6003171","6003466","72","3632034"
"JH378149","9666463","9666731","KQ058505v1","2207051","2207301","79","7459412"
"JH378149","9757873","9758185","KQ058427v1","7786546","7786853","96","1971327"
"JH378149","9759390","9759681","KQ053421v1","5610673","5610968","75","4148717"
"JH378149","9836765","9837085","KQ058427v1","7786546","7786853","90","2050219"
"JH378149","9860988","9861298","KQ053421v1","5610673","5610968","81","4250315"
"JH378149","10034595","10034895","KQ053421v1","5610673","5610968","68","4423922"
"JH378149","10081989","10082268","KQ053421v1","5610673","5610968","92","4471316"
"JH378149","10201548","10201721","KQ053993v1","1251070","1251235","44","8950478"
"JH378149","10208839","10209149","KQ055267v1","513773","514088","78","9695066"
"JH378149","10508558","10508871","KQ058427v1","7786546","7786853","85","2722012"
"JH378149","10546209","10546514","KQ055267v1","513773","514088","80","10032436"
"JH378149","10639932","10640238","KQ055267v1","513773","514088","78","10126159"
"JH378149","10889438","10889729","KQ053421v1","5610673","5610968","83","5278765"
"JH378149","10991511","10991779","KQ053421v1","5610673","5610968","97","5380838"
"JH378149","11015649","11015965","KQ058427v1","7786546","7786853","83","3229103"
"JH378149","11024787","11025099","KQ055267v1","513773","514088","74","10511014"
"JH378149","11115710","11115945","KQ058242v1","595939","596205","79","10519771"
"JH378149","11162792","11163068","KQ058242v1","595939","596205","91","10566853"
"JH378149","11193168","11193464","KQ053421v1","5610673","5610968","78","5582495"
"JH378149","11211264","11211571","KQ053421v1","5610673","5610968","84","5600591"
"JH378149","11243129","11243441","KQ055352v1","6003171","6003466","71","5239958"
"JH378149","11379570","11379857","KQ053421v1","5610673","5610968","70","5768897"
"JH378149","11416633","11416842","KQ056064v1","326763","326940","73","11089870"
"JH378149","11417387","11417686","KQ053421v1","5610673","5610968","68","5806714"
"JH378149","11428087","11428321","KQ058242v1","595939","596205","82","10832148"
"JH378149","11450671","11450966","KQ053421v1","5610673","5610968","66","5839998"
"JH378149","11504925","11505216","KQ053421v1","5610673","5610968","79","5894252"
"JH378149","11537338","11537630","KQ053421v1","5610673","5610968","75","5926665"
"JH378149","11558173","11558348","KQ058274v1","300327","300497","72","11257846"
"JH378149","11635753","11636045","KQ055862v1","1305285","1305561","78","10330468"
"JH378149","11693523","11693810","KQ055267v1","513773","514088","86","11179750"
"JH378149","11779948","11780252","KQ053421v1","5610673","5610968","80","6169275"
"JH378149","11888762","11889075","KQ055267v1","513773","514088","81","11374989"
"JH378149","11894123","11894426","KQ055267v1","513773","514088","77","11380350"
"JH378149","11913885","11914190","KQ053421v1","5610673","5610968","77","6303212"
"JH378149","12049793","12050094","KQ053421v1","5610673","5610968","81","6439120"
"JH378149","12064564","12064830","KQ058242v1","595939","596205","64","11468625"
"JH378149","12157833","12158097","KQ058242v1","595939","596205","71","11561894"
"JH378149","12166917","12167222","KQ058427v1","7786546","7786853","84","4380371"
"JH378149","12230137","12230444","KQ055352v1","6003171","6003466","72","6226966"
"JH378149","12298743","12299061","KQ055267v1","513773","514088","84","11784970"
"JH378149","12306587","12306818","KQ055662v1","1890465","1890674","83","10416122"
"JH378149","12306854","12306924","KQ056235v1","1266284","1266361","24","11040570"
"JH378149","12342733","12343027","KQ055862v1","1305285","1305561","81","11037448"
"JH378149","12375498","12375822","KQ053421v1","5610673","5610968","91","6764825"
"JH378149","12376776","12377062","KQ053421v1","5610673","5610968","82","6766103"
"JH378149","12388906","12389197","KQ053421v1","5610673","5610968","83","6778233"
"JH378149","12422556","12422865","KQ053421v1","5610673","5610968","82","6811883"
"JH378149","12445550","12445843","KQ053421v1","5610673","5610968","80","6834877"
"JH378149","12546530","12546821","KQ053421v1","5610673","5610968","79","6935857"
"JH378149","12553719","12554022","KQ053421v1","5610673","5610968","72","6943046"
"JH378149","12599620","12599829","KQ053234v1","1414405","1414609","54","11185215"
"JH378149","12602399","12602665","KQ053421v1","5610673","5610968","85","6991726"
"JH378149","12603009","12603341","KQ053059v1","2548766","2549102","107","10054243"
"JH378149","12622256","12622523","KQ058640v1","643463","643729","76","11978793"
"JH378149","12640821","12641107","KQ053421v1","5610673","5610968","79","7030148"
"JH378149","12696893","12697190","KQ053421v1","5610673","5610968","79","7086220"
"JH378149","12760943","12761239","KQ053421v1","5610673","5610968","69","7150270"
"JH378149","12803214","12803519","KQ055352v1","6003171","6003466","70","6800043"
"JH378149","12817687","12817987","KQ053421v1","5610673","5610968","81","7207014"
"JH378149","12957883","12958171","KQ053421v1","5610673","5610968","79","7347210"
"JH378149","12989635","12989945","KQ055267v1","513773","514088","65","12475862"
"JH378149","12992003","12992296","KQ053421v1","5610673","5610968","73","7381330"
"JH378149","13006622","13006929","KQ058427v1","7786546","7786853","77","5220076"
"JH378149","13009512","13009568","KQ053234v1","1679807","1679838","31","11329705"
"JH378149","13010133","13010392","KQ058242v1","595939","596205","87","12414194"
"JH378149","13038579","13038760","KQ058423v1","270754","270928","42","12767825"
"JH378149","13049782","13050079","KQ053421v1","5610673","5610968","70","7439109"
"JH378149","13065423","13065702","KQ054815v1","2215557","2215844","84","10849866"
"JH378149","13070695","13070757","KQ058316v1","2226037","2226104","27","10844658"
"JH378149","13084326","13084412","KQ056235v1","1266284","1266361","26","11818042"
"JH378149","13108868","13109068","KQ052982v1","2032903","2033097","58","11075965"
"JH378149","13113370","13113683","KQ058427v1","7786546","7786853","75","5326824"
"JH378149","13128255","13128535","KQ053421v1","5610673","5610968","85","7517582"
"JH378149","13142742","13143054","KQ053421v1","5610673","5610968","74","7532069"
"JH378149","13169648","13169815","KQ056064v1","326763","326940","69","12842885"
"JH378149","13183652","13183888","KQ058509v1","24058","24271","73","13159594"
"JH378149","13260666","13260979","KQ055352v1","6003171","6003466","69","7257495"
"JH378149","13274378","13274688","KQ053421v1","5610673","5610968","82","7663705"
"JH378149","13279473","13279765","KQ055352v1","6003171","6003466","87","7276302"
"JH378149","13285211","13285569","KQ053135v1","5034940","5035266","128","8250271"
"JH378149","13410382","13410664","KQ053421v1","5610673","5610968","94","7799709"
"JH378149","13416328","13416571","KQ058242v1","595939","596205","80","12820389"
"JH378149","13416672","13416723","KQ058561v1","4800360","4800424","28","8616312"
"JH378149","13464454","13464763","KQ053421v1","5610673","5610968","89","7853781"
"JH378149","13474576","13474882","KQ058427v1","7786546","7786853","78","5688030"
"JH378149","13524830","13525139","KQ055352v1","6003171","6003466","70","7521659"
"JH378149","13659798","13660102","KQ053421v1","5610673","5610968","70","8049125"
"JH378149","13753468","13753779","KQ058427v1","7786546","7786853","80","5966922"
"JH378149","13754722","13755032","KQ058427v1","7786546","7786853","78","5968176"
"JH378149","13766846","13767138","KQ053421v1","5610673","5610968","83","8156173"
"JH378149","13784056","13784360","KQ053421v1","5610673","5610968","70","8173383"
"JH378149","13790533","13790760","KQ058274v1","300327","300497","86","13490206"
"JH378149","13843843","13844032","KQ055978v1","4311984","4312161","52","9531859"
"JH378149","13853652","13853958","KQ053421v1","5610673","5610968","73","8242979"
"JH378149","13948925","13949104","KQ058274v1","300327","300497","55","13648598"
"JH378149","14027907","14028136","KQ058509v1","24058","24271","67","14003849"
"JH378149","14046650","14046957","KQ055352v1","6003171","6003466","68","8043479"
"JH378149","14162772","14163063","KQ053421v1","5610673","5610968","77","8552099"
"JH378149","14166352","14166435","KQ056279v1","759081","759162","32","13407271"
"JH378149","14175016","14175313","KQ055862v1","1305285","1305561","89","12869731"
"JH378149","14182943","14183104","KQ054510v1","7582269","7582431","50","6600674"
"JH378149","14325634","14325946","KQ053421v1","5610673","5610968","72","8714961"
"JH378149","14407156","14407449","KQ053421v1","5610673","5610968","76","8796483"
"JH378149","14480057","14480358","KQ053421v1","5610673","5610968","69","8869384"
"JH378149","14503445","14503572","KQ053398v1","2623748","2623879","33","11879697"
"JH378149","14596421","14596704","KQ058242v1","595939","596205","78","14000482"
"JH378149","14682643","14682924","KQ058242v1","595939","596205","92","14086704"
"JH378149","14702218","14702521","KQ053421v1","5610673","5610968","72","9091545"
"JH378149","14774283","14774575","KQ053421v1","5610673","5610968","87","9163610"
"JH378149","14815251","14815561","KQ055267v1","513773","514088","80","14301478"
"JH378149","14914969","14915280","KQ055267v1","513773","514088","71","14401196"
"JH378149","14923478","14923772","KQ053141v1","2860","3159","88","14920618"
"JH378149","14927330","14927657","KQ053059v1","2548766","2549102","105","12378564"
"JH378149","14931618","14931920","KQ055862v1","1305285","1305561","77","13626333"
"JH378149","14980086","14980380","KQ053421v1","5610673","5610968","72","9369413"
"JH378149","15273265","15273561","KQ053421v1","5610673","5610968","77","9662592"
"JH378149","15348509","15348796","KQ055352v1","6003171","6003466","68","9345338"
"JH378149","15356946","15357244","KQ053421v1","5610673","5610968","71","9746273"
"JH378149","15372708","15373001","KQ053421v1","5610673","5610968","74","9762035"
"JH378149","15396225","15396503","KQ058242v1","595939","596205","81","14800286"
"JH378149","15399935","15400221","KQ053421v1","5610673","5610968","76","9789262"
"JH378149","15430926","15431237","KQ055267v1","513773","514088","74","14917153"
"JH378149","15451072","15451371","KQ053421v1","5610673","5610968","81","9840399"
"JH378149","15468197","15468460","KQ053421v1","5610673","5610968","93","9857524"
"JH378149","15472332","15472626","KQ053421v1","5610673","5610968","77","9861659"
"JH378149","15479746","15480005","KQ058505v1","2207051","2207301","85","13272695"
"JH378149","15482068","15482158","KQ056279v1","759081","759162","27","14722987"
"JH378149","15482462","15482683","KQ055662v1","1890465","1890674","59","13591997"
"JH378149","15483494","15483808","KQ053421v1","5610673","5610968","76","9872821"
"JH378149","15485330","15485587","KQ058505v1","2207051","2207301","86","13278279"
"JH378149","15523040","15523346","KQ055267v1","513773","514088","84","15009267"
"JH378149","15613736","15614060","KQ055267v1","513773","514088","81","15099963"
"JH378149","15621047","15621347","KQ053421v1","5610673","5610968","65","10010374"
"JH378149","15625541","15625833","KQ053421v1","5610673","5610968","69","10014868"
"JH378149","15643592","15643861","KQ053421v1","5610673","5610968","86","10032919"
"JH378149","15659320","15659511","KQ058274v1","300327","300497","59","15358993"
"JH378149","15661002","15661279","KQ053421v1","5610673","5610968","87","10050329"
"JH378149","15667932","15668226","KQ053421v1","5610673","5610968","72","10057259"
"JH378149","15670923","15671122","KQ055662v1","1890465","1890674","68","13780458"
"JH378149","15675448","15675597","KQ053398v1","2623748","2623879","43","13051700"
"JH378149","15690979","15691130","KQ053993v1","1251070","1251235","48","14439909"
"JH378149","15717501","15717712","KQ057380v1","3344874","3345081","54","12372627"
"JH378149","15731658","15731922","KQ058505v1","2207051","2207301","84","13524607"
"JH378149","15737521","15737819","KQ053421v1","5610673","5610968","70","10126848"
"JH378149","15753874","15754165","KQ053421v1","5610673","5610968","75","10143201"
"JH378149","15761886","15762149","KQ055862v1","1305285","1305561","92","14456601"
"JH378149","15764251","15764554","KQ058427v1","7786546","7786853","74","7977705"
"JH378149","15764945","15765233","KQ053421v1","5610673","5610968","79","10154272"
"JH378149","15774964","15775259","KQ053421v1","5610673","5610968","78","10164291"
"JH378149","15825358","15825656","KQ053421v1","5610673","5610968","74","10214685"
"JH378149","15949066","15949384","KQ053421v1","5610673","5610968","87","10338393"
"JH378149","15968469","15968767","KQ053421v1","5610673","5610968","68","10357796"
"JH378149","15974558","15974843","KQ058640v1","643463","643729","82","15331095"
"JH378149","16004481","16004774","KQ053421v1","5610673","5610968","70","10393808"
"JH378149","16015440","16015737","KQ053421v1","5610673","5610968","70","10404767"
"JH378149","16027004","16027314","KQ053421v1","5610673","5610968","75","10416331"
"JH378149","16042430","16042722","KQ057901v1","868884","869144","97","15173546"
"JH378149","16092350","16092658","KQ055352v1","6003171","6003466","68","10089179"
"JH378149","16099742","16100037","KQ053421v1","5610673","5610968","68","10489069"
"JH378149","16110324","16110619","KQ053421v1","5610673","5610968","70","10499651"
"JH378149","16116958","16117276","KQ053421v1","5610673","5610968","87","10506285"
"JH378149","16203468","16203695","KQ055662v1","1890465","1890674","78","14313003"
"JH378149","16357466","16357793","KQ053421v1","5610673","5610968","100","10746793"
"JH378149","16412286","16412518","KQ056321v1","575951","576190","70","15836335"
"JH378149","16433097","16433408","KQ055267v1","513773","514088","73","15919324"
"JH378149","16492413","16492720","KQ055352v1","6003171","6003466","69","10489242"
"JH378149","16502627","16502932","KQ055352v1","6003171","6003466","77","10499456"
"JH378149","16506453","16506758","KQ055352v1","6003171","6003466","73","10503282"
"JH378149","16519060","16519353","KQ053421v1","5610673","5610968","70","10908387"
"JH378149","16522223","16522456","KQ058509v1","24058","24271","72","16498165"
"JH378149","16529157","16529464","KQ053421v1","5610673","5610968","78","10918484"
"JH378149","16550382","16550692","KQ055352v1","6003171","6003466","77","10547211"
"JH378149","16550933","16551199","KQ058339v1","4553625","4553889","79","11997308"
"JH378149","16570875","16571128","KQ058505v1","2207051","2207301","91","14363824"
"JH378149","16629558","16629853","KQ053421v1","5610673","5610968","70","11018885"
"JH378149","16662139","16662438","KQ053421v1","5610673","5610968","72","11051466"
"JH378149","16682955","16683251","KQ053421v1","5610673","5610968","75","11072282"
"JH378149","16707006","16707280","KQ058242v1","595939","596205","70","16111067"
"JH378149","16772780","16773088","KQ055267v1","513773","514088","72","16259007"
"JH378149","16810027","16810330","KQ053421v1","5610673","5610968","79","11199354"
"JH378149","16813255","16813530","KQ053421v1","5610673","5610968","88","11202582"
"JH378149","16845537","16845838","KQ055267v1","513773","514088","83","16331764"
"JH378149","16855012","16855306","KQ053421v1","5610673","5610968","75","11244339"
"JH378149","16858436","16858737","KQ058427v1","7786546","7786853","77","9071890"
"JH378149","16870806","16871104","KQ058242v1","595939","596205","97","16274867"
"JH378149","16877994","16878241","KQ058242v1","595939","596205","78","16282055"
"JH378149","16880112","16880396","KQ053421v1","5610673","5610968","81","11269439"
"JH378149","16942018","16942191","KQ056064v1","326763","326940","62","16615255"
"JH378149","16995237","16995552","KQ053421v1","5610673","5610968","85","11384564"
"JH378149","17037410","17037612","KQ056005v1","1024192","1024395","67","16013218"
"JH378149","17042303","17042519","KQ058509v1","24058","24271","71","17018245"
"JH378149","17087390","17087699","KQ053421v1","5610673","5610968","97","11476717"
"JH378149","17166547","17166815","KQ053785v1","888769","889063","86","16277778"
"JH378149","17184538","17184832","KQ053421v1","5610673","5610968","69","11573865"
"JH378149","17194357","17194658","KQ058427v1","7786546","7786853","86","9407811"
"JH378149","17195288","17195453","KQ053993v1","1251070","1251235","36","15944218"
"JH378149","17196908","17197212","KQ053421v1","5610673","5610968","74","11586235"
"JH378149","17213661","17213942","KQ058339v1","4553625","4553889","80","12660036"
"JH378149","17245136","17245433","KQ053421v1","5610673","5610968","75","11634463"
"JH378149","17251930","17252233","KQ053421v1","5610673","5610968","78","11641257"
"JH378149","17296436","17296552","KQ056911v1","1421731","1421862","38","15874705"
"JH378149","17296952","17297096","KQ053398v1","2623748","2623879","38","14673204"
"JH378149","17301963","17302222","KQ057186v1","783828","784085","83","16518135"
"JH378149","17364113","17364375","KQ058339v1","4553625","4553889","84","12810488"
"JH378149","17379816","17380126","KQ053421v1","5610673","5610968","83","11769143"
"JH378149","17397397","17397639","KQ058242v1","595939","596205","91","16801458"
"JH378150","11402972","11403279","KQ055352v1","6003171","6003466","72","5399801"
"JH378150","43226","43528","KQ055352v1","6003171","6003466","72","5959945"
"JH378150","60231","60557","KQ055267v1","513773","514088","84","453542"
"JH378150","98126","98406","KQ053421v1","5610673","5610968","81","5512547"
"JH378150","357548","357670","KQ056493v1","2043382","2043488","57","1685834"
"JH378150","370833","371008","KQ055978v1","4311984","4312161","45","3941151"
"JH378150","554052","554382","KQ053059v1","2548766","2549102","100","1994714"
"JH378150","857753","858048","KQ053421v1","5610673","5610968","80","4752920"
"JH378150","899212","899508","KQ053421v1","5610673","5610968","68","4711461"
"JH378150","938452","938744","KQ053421v1","5610673","5610968","83","4672221"
"JH378150","1003582","1003877","KQ053421v1","5610673","5610968","67","4607091"
"JH378150","1008531","1008823","KQ053421v1","5610673","5610968","75","4602142"
"JH378150","1127235","1127441","KQ057186v1","783828","784085","88","343407"
"JH378150","1275621","1275932","KQ055267v1","513773","514088","76","761848"
"JH378150","1323176","1323473","KQ053421v1","5610673","5610968","84","4287497"
"JH378150","1433453","1433744","KQ053421v1","5610673","5610968","75","4177220"
"JH378150","1588551","1588832","KQ053421v1","5610673","5610968","75","4022122"
"JH378150","1699738","1700060","KQ055267v1","513773","514088","89","1185965"
"JH378150","2029614","2029924","KQ053421v1","5610673","5610968","79","3581059"
"JH378150","2102046","2102343","KQ053421v1","5610673","5610968","83","3508627"
"JH378150","2150655","2150953","KQ053421v1","5610673","5610968","75","3460018"
"JH378150","2179590","2179881","KQ053421v1","5610673","5610968","72","3431083"
"JH378150","2567066","2567365","KQ053421v1","5610673","5610968","62","3043607"
"JH378150","2622242","2622534","KQ058394v1","9655127","9655422","86","7032885"
"JH378150","2636241","2636504","KQ053421v1","5610673","5610968","88","2974432"
"JH378150","2636802","2637100","KQ055862v1","1305285","1305561","84","1331517"
"JH378150","2653751","2654055","KQ053421v1","5610673","5610968","73","2956922"
"JH378150","2654654","2654957","KQ053421v1","5610673","5610968","82","2956019"
"JH378150","2689501","2689728","KQ058274v1","300327","300497","92","2389174"
"JH378150","2713522","2713831","KQ055352v1","6003171","6003466","69","3289649"
"JH378150","2784632","2784928","KQ053421v1","5610673","5610968","74","2826041"
"JH378150","2786482","2786777","KQ053421v1","5610673","5610968","85","2824191"
"JH378150","2787377","2787657","KQ053421v1","5610673","5610968","78","2823296"
"JH378150","2790653","2790954","KQ053421v1","5610673","5610968","66","2820020"
"JH378150","2837353","2837665","KQ055352v1","6003171","6003466","75","3165818"
"JH378150","2870637","2870942","KQ055267v1","513773","514088","90","2356864"
"JH378150","2986298","2986596","KQ053421v1","5610673","5610968","70","2624375"
"JH378150","3008295","3008603","KQ053421v1","5610673","5610968","73","2602378"
"JH378150","3023680","3023976","KQ053421v1","5610673","5610968","71","2586993"
"JH378150","3040386","3040649","KQ058339v1","4553625","4553889","80","1513239"
"JH378150","3189627","3189938","KQ055352v1","6003171","6003466","76","2813544"
"JH378150","3528385","3528689","KQ053421v1","5610673","5610968","86","2082288"
"JH378150","3758796","3759086","KQ058394v1","9655127","9655422","96","5896331"
"JH378150","3760417","3760736","KQ053421v1","5610673","5610968","90","1850256"
"JH378150","3795685","3795981","KQ053421v1","5610673","5610968","70","1814988"
"JH378150","3862350","3862654","KQ053421v1","5610673","5610968","81","1748323"
"JH378150","4039395","4039689","KQ053421v1","5610673","5610968","75","1571278"
"JH378150","4086016","4086322","KQ053421v1","5610673","5610968","73","1524657"
"JH378150","4132196","4132510","KQ055267v1","513773","514088","78","3618423"
"JH378150","4134396","4134708","KQ055352v1","6003171","6003466","76","1868775"
"JH378150","4256079","4256378","KQ053421v1","5610673","5610968","97","1354594"
"JH378150","4439704","4440013","KQ053421v1","5610673","5610968","81","1170969"
"JH378150","4722877","4723181","KQ055352v1","6003171","6003466","72","1280294"
"JH378150","4731455","4731744","KQ058640v1","643463","643729","86","4087992"
"JH378150","4841289","4841572","KQ053421v1","5610673","5610968","98","769384"
"JH378150","4981639","4981935","KQ053421v1","5610673","5610968","64","629034"
"JH378150","5030938","5031252","KQ053421v1","5610673","5610968","99","579735"
"JH378150","5090413","5090700","KQ054815v1","2215557","2215844","73","2874856"
"JH378150","5202471","5202776","KQ055352v1","6003171","6003466","72","800700"
"JH378150","5425042","5425355","KQ058427v1","7786546","7786853","90","2361504"
"JH378150","5642116","5642412","KQ053421v1","5610673","5610968","71","31443"
"JH378150","5793990","5794297","KQ055352v1","6003171","6003466","73","209181"
"JH378150","5927136","5927432","KQ053421v1","5610673","5610968","73","316463"
"JH378150","6050365","6050677","KQ055352v1","6003171","6003466","81","47194"
"JH378150","6091182","6091490","KQ055267v1","513773","514088","80","5577409"
"JH378150","6120432","6120726","KQ053421v1","5610673","5610968","76","509759"
"JH378150","6232859","6233168","KQ055352v1","6003171","6003466","73","229688"
"JH378150","6274101","6274395","KQ053421v1","5610673","5610968","70","663428"
"JH378150","6329452","6329749","KQ053421v1","5610673","5610968","72","718779"
"JH378150","6402005","6402296","KQ053421v1","5610673","5610968","82","791332"
"JH378150","6414683","6414960","KQ053421v1","5610673","5610968","85","804010"
"JH378150","6465678","6465984","KQ055352v1","6003171","6003466","71","462507"
"JH378150","6473785","6474096","KQ055352v1","6003171","6003466","74","470614"
"JH378150","6480471","6480768","KQ053421v1","5610673","5610968","67","869798"
"JH378150","6608156","6608232","KQ058561v1","4800360","4800424","19","1807796"
"JH378150","6608645","6608736","KQ058316v1","2226037","2226104","43","4382608"
"JH378150","6613439","6613750","KQ055352v1","6003171","6003466","72","610268"
"JH378150","6694944","6695246","KQ053421v1","5610673","5610968","70","1084271"
"JH378150","6761074","6761369","KQ055267v1","513773","514088","77","6247301"
"JH378150","6973442","6973741","KQ053421v1","5610673","5610968","70","1362769"
"JH378150","7064735","7065046","KQ055267v1","513773","514088","78","6550962"
"JH378150","7188251","7188563","KQ053421v1","5610673","5610968","92","1577578"
"JH378150","7192594","7192878","KQ053421v1","5610673","5610968","76","1581921"
"JH378150","7233140","7233434","KQ053421v1","5610673","5610968","71","1622467"
"JH378150","7527655","7527762","KQ057781v1","1047045","1047171","45","6480610"
"JH378150","7531648","7531979","KQ053421v1","5610673","5610968","95","1920975"
"JH378150","7663201","7663497","KQ058427v1","7786546","7786853","85","123345"
"JH378150","7731398","7731601","KQ052982v1","2032903","2033097","73","5698495"
"JH378150","8020736","8021029","KQ053421v1","5610673","5610968","82","2410063"
"JH378150","8134835","8135118","KQ053421v1","5610673","5610968","76","2524162"
"JH378150","8135228","8135516","KQ053421v1","5610673","5610968","82","2524555"
"JH378150","8209072","8209239","KQ058350v1","9514178","9514352","44","1305106"
"JH378150","8279607","8279917","KQ055267v1","513773","514088","72","7765834"
"JH378150","8288403","8288731","KQ053059v1","2548766","2549102","97","5739637"
"JH378150","8305316","8305480","KQ053476v1","812335","812482","47","7492981"
"JH378150","8411999","8412291","KQ053421v1","5610673","5610968","88","2801326"
"JH378150","8475784","8476090","KQ055267v1","513773","514088","74","7962011"
"JH378150","8513737","8514052","KQ053421v1","5610673","5610968","74","2903064"
"JH378150","8536194","8536498","KQ053421v1","5610673","5610968","72","2925521"
"JH378150","8544564","8544657","KQ053752v1","406064","406136","48","8138500"
"JH378150","8549964","8550275","KQ055267v1","513773","514088","71","8036191"
"JH378150","8653449","8653743","KQ053421v1","5610673","5610968","76","3042776"
"JH378150","8660714","8660979","KQ058427v1","6786866","6787134","100","1873848"
"JH378150","8797229","8797516","KQ053421v1","5610673","5610968","87","3186556"
"JH378150","8900558","8900870","KQ058427v1","7786546","7786853","74","1114012"
"JH378150","8919696","8920000","KQ053421v1","5610673","5610968","88","3309023"
"JH378150","8920013","8920143","KQ053398v1","2623748","2623879","31","6296265"
"JH378150","8946085","8946388","KQ055267v1","513773","514088","78","8432312"
"JH378150","9121854","9122158","KQ058427v1","7786546","7786853","76","1335308"
"JH378150","9134119","9134386","KQ056321v1","575951","576190","89","8558168"
"JH378150","9328955","9329237","KQ054815v1","2215557","2215844","76","7113398"
"JH378150","9534525","9534833","KQ055267v1","513773","514088","78","9020752"
"JH378150","9551694","9551984","KQ053421v1","5610673","5610968","83","3941021"
"JH378150","9661505","9661806","KQ053421v1","5610673","5610968","74","4050832"
"JH378150","9665722","9666020","KQ053421v1","5610673","5610968","70","4055049"
"JH378150","9736256","9736557","KQ053421v1","5610673","5610968","77","4125583"
"JH378150","9794321","9794622","KQ053421v1","5610673","5610968","74","4183648"
"JH378150","9804984","9805292","KQ053421v1","5610673","5610968","79","4194311"
"JH378150","9945627","9945926","KQ053421v1","5610673","5610968","69","4334954"
"JH378150","9960637","9960931","KQ053421v1","5610673","5610968","70","4349964"
"JH378150","9971409","9971714","KQ058427v1","7786546","7786853","76","2184863"
"JH378150","9979064","9979362","KQ053421v1","5610673","5610968","71","4368391"
"JH378150","10033428","10033718","KQ053421v1","5610673","5610968","74","4422755"
"JH378150","10035211","10035495","KQ058427v1","7786546","7786853","96","2248665"
"JH378150","10035498","10035708","KQ055662v1","1890465","1890674","62","8145033"
"JH378150","10059424","10059712","KQ053421v1","5610673","5610968","80","4448751"
"JH378150","10071171","10071463","KQ053421v1","5610673","5610968","82","4460498"
"JH378150","10094549","10094840","KQ053421v1","5610673","5610968","74","4483876"
"JH378150","10097739","10097927","KQ058274v1","300327","300497","53","9797412"
"JH378150","10098028","10098137","KQ058316v1","2226037","2226104","56","7871991"
"JH378150","10104182","10104318","KQ053398v1","2623748","2623879","40","7480434"
"JH378150","10127010","10127302","KQ053421v1","5610673","5610968","71","4516337"
"JH378150","10136912","10137214","KQ053421v1","5610673","5610968","76","4526239"
"JH378150","10156766","10156895","KQ053398v1","2623748","2623879","33","7533018"
"JH378150","10179817","10180103","KQ053421v1","5610673","5610968","80","4569144"
"JH378150","10198666","10198968","KQ053421v1","5610673","5610968","85","4587993"
"JH378150","10202227","10202523","KQ053421v1","5610673","5610968","77","4591554"
"JH378150","10246483","10246757","KQ054815v1","2215557","2215844","79","8030926"
"JH378150","10271299","10271584","KQ053421v1","5610673","5610968","75","4660626"
"JH378150","10279400","10279715","KQ058427v1","7786546","7786853","96","2492854"
"JH378150","10474999","10475296","KQ053421v1","5610673","5610968","70","4864326"
"JH378150","10508143","10508416","KQ058339v1","4553625","4553889","86","5954518"
"JH378150","10726066","10726363","KQ053421v1","5610673","5610968","66","5115393"
"JH378150","10750192","10750490","KQ053421v1","5610673","5610968","74","5139519"
"JH378150","10833059","10833344","KQ053421v1","5610673","5610968","73","5222386"
"JH378150","11054625","11054952","KQ058427v1","7786546","7786853","92","3268079"
"JH378150","11084864","11085175","KQ058427v1","7786546","7786853","72","3298318"
"JH378150","11098065","11098369","KQ053421v1","5610673","5610968","73","5487392"
"JH378150","11125283","11125583","KQ053421v1","5610673","5610968","73","5514610"
"JH378150","11128977","11129279","KQ053421v1","5610673","5610968","80","5518304"
"JH378150","11131995","11132295","KQ053421v1","5610673","5610968","67","5521322"
"JH378150","11190375","11190489","KQ055717v1","1610376","1610476","44","9579999"
"JH378150","11268873","11269183","KQ055352v1","6003171","6003466","71","5265702"
"JH378150","11278150","11278448","KQ053421v1","5610673","5610968","68","5667477"
"JH378150","11362532","11362856","KQ055352v1","6003171","6003466","86","5359361"
"JH378150","11374618","11374924","KQ053421v1","5610673","5610968","74","5763945"
"JH378150","11470385","11470645","KQ057901v1","868884","869144","85","10601501"
"JH378150","11508404","11508713","KQ055267v1","513773","514088","75","10994631"
"JH378150","11622589","11622761","KQ056064v1","326763","326940","66","11295826"
"JH378150","11697782","11698090","KQ055267v1","513773","514088","78","11184009"
"JH378150","11716378","11716685","KQ055267v1","513773","514088","78","11202605"
"JH378150","11874221","11874528","KQ053421v1","5610673","5610968","85","6263548"
"JH378150","11954333","11954623","KQ053421v1","5610673","5610968","86","6343660"
"JH378150","11957620","11957931","KQ055267v1","513773","514088","74","11443847"
"JH378150","12162776","12163034","KQ057186v1","783828","784085","93","11378948"
"JH378150","12184357","12184663","KQ053421v1","5610673","5610968","91","6573684"
"JH378150","12202926","12203209","KQ054815v1","2215557","2215844","88","9987369"
"JH378150","12349556","12349866","KQ058427v1","7786546","7786853","73","4563010"
"JH378150","12383854","12384145","KQ053421v1","5610673","5610968","79","6773181"
"JH378150","12417564","12417887","KQ058427v1","7786546","7786853","88","4631018"
"JH378150","12505688","12505995","KQ058427v1","7786546","7786853","76","4719142"
"JH378150","12633688","12633996","KQ055267v1","513773","514088","78","12119915"
"JH378150","12689122","12689433","KQ055267v1","513773","514088","74","12175349"
"JH378150","12706379","12706689","KQ055267v1","513773","514088","74","12192606"
"JH378150","12867113","12867413","KQ053421v1","5610673","5610968","73","7256440"
"JH378150","12938914","12939222","KQ055352v1","6003171","6003466","78","6935743"
"JH378150","13053105","13053383","KQ055862v1","1305285","1305561","89","11747820"
"JH378150","13087352","13087639","KQ053421v1","5610673","5610968","85","7476679"
"JH378150","13285771","13286082","KQ055267v1","513773","514088","73","12771998"
"JH378150","13322189","13322521","KQ055267v1","513773","514088","101","12808416"
"JH378150","13366514","13366824","KQ053421v1","5610673","5610968","92","7755841"
"JH378150","13683225","13683473","KQ058509v1","24058","24271","75","13659167"
"JH378150","13733934","13734241","KQ055352v1","6003171","6003466","77","7730763"
"JH378150","13870562","13870876","KQ058427v1","7786546","7786853","95","6084016"
"JH378150","13874214","13874516","KQ053421v1","5610673","5610968","70","8263541"
"JH378150","13963643","13963951","KQ053421v1","5610673","5610968","79","8352970"
"JH378150","14000001","14000097","KQ053998v1","8863","8933","46","13991138"
"JH378150","14001165","14001471","KQ055352v1","6003171","6003466","74","7997994"
"JH378150","14037449","14037742","KQ053421v1","5610673","5610968","67","8426776"
"JH378150","14055423","14055717","KQ053421v1","5610673","5610968","76","8444750"
"JH378150","14120400","14120731","KQ055267v1","513773","514088","95","13606627"
"JH378150","14164630","14164873","KQ058339v1","4553625","4553889","90","9611005"
"JH378150","14185095","14185404","KQ055267v1","513773","514088","78","13671322"
"JH378150","14332079","14332371","KQ055352v1","6003171","6003466","70","8328908"
"JH378150","14476059","14476327","KQ055717v1","1610777","1611031","81","12865282"
"JH378150","14510197","14510493","KQ053421v1","5610673","5610968","71","8899524"
"JH378150","14526249","14526550","KQ053421v1","5610673","5610968","66","8915576"
"JH378150","14549486","14549791","KQ053421v1","5610673","5610968","89","8938813"
"JH378150","14550497","14550765","KQ058427v1","6786866","6787134","90","7763631"
"JH378150","14560290","14560591","KQ053421v1","5610673","5610968","71","8949617"
"JH378150","14655672","14655963","KQ053421v1","5610673","5610968","87","9044999"
"JH378150","14732612","14732915","KQ055267v1","513773","514088","75","14218839"
"JH378150","14767199","14767507","KQ055267v1","513773","514088","70","14253426"
"JH378150","14786017","14786316","KQ053421v1","5610673","5610968","84","9175344"
"JH378150","15209661","15209940","KQ053421v1","5610673","5610968","92","9598988"
"JH378150","15224356","15224688","KQ053059v1","2548766","2549102","85","12675590"
"JH378150","15230712","15231022","KQ053421v1","5610673","5610968","80","9620039"
"JH378150","15256012","15256298","KQ058339v1","4553625","4553889","85","10702387"
"JH378150","15259868","15260156","KQ053421v1","5610673","5610968","82","9649195"
"JH378150","15260925","15261074","KQ054401v1","3363241","3363379","42","11897684"
"JH378150","15401510","15401601","KQ058316v1","2226037","2226104","39","13175473"
"JH378150","15402534","15402645","KQ054199v1","6267","6355","58","15396267"
"JH378150","15406025","15406330","KQ053421v1","5610673","5610968","68","9795352"
"JH378150","15574498","15574693","KQ058427v1","11113103","11113283","60","4461395"
"JH378150","15667185","15667504","KQ058427v1","7786546","7786853","81","7880639"
"JH378150","15676972","15677274","KQ053421v1","5610673","5610968","67","10066299"
"JH378150","15685182","15685490","KQ055352v1","6003171","6003466","70","9682011"
"JH378150","15700065","15700351","KQ053421v1","5610673","5610968","78","10089392"
"JH378150","15858787","15859030","KQ058509v1","24058","24271","76","15834729"
"JH378150","15880604","15880912","KQ058427v1","7786546","7786853","77","8094058"
"JH378150","15929871","15929993","KQ053398v1","2623748","2623879","45","13306123"
"JH378150","15944137","15944436","KQ053421v1","5610673","5610968","78","10333464"
"JH378150","15949186","15949475","KQ053421v1","5610673","5610968","75","10338513"
"JH378150","15960746","15961035","KQ058427v1","7786546","7786853","94","8174200"
"JH378150","15964378","15964688","KQ055267v1","513773","514088","73","15450605"
"JH378150","15978981","15979273","KQ053421v1","5610673","5610968","70","10368308"
"JH378150","15984212","15984508","KQ053421v1","5610673","5610968","68","10373539"
"JH378150","15997391","15997537","KQ054091v1","622921","623075","55","15374470"
"JH378150","16119424","16119732","KQ053421v1","5610673","5610968","81","10508751"
"JH378150","16127458","16127767","KQ053421v1","5610673","5610968","98","10516785"
"JH378150","16174987","16175263","KQ058242v1","595939","596205","94","15579048"
"JH378150","16187163","16187378","KQ054921v1","3301402","3301592","98","12885761"
"JH378150","16267204","16267520","KQ058427v1","7786546","7786853","86","8480658"
"JH378150","16308210","16308499","KQ053421v1","5610673","5610968","79","10697537"
"JH378150","16351949","16352210","KQ058242v1","595939","596205","71","15756010"
"JH378150","16376719","16376987","KQ057186v1","783828","784085","76","15592891"
"JH378150","16423578","16423847","KQ058242v1","595939","596205","76","15827639"
"JH378150","16449623","16449933","KQ058427v1","7786546","7786853","80","8663077"
"JH378150","16457455","16457626","KQ053234v1","1679581","1679757","49","14777874"
"JH378150","16485536","16485822","KQ053421v1","5610673","5610968","71","10874863"
"JH378150","16611389","16611696","KQ053421v1","5610673","5610968","68","11000716"
"JH378150","16661032","16661324","KQ053421v1","5610673","5610968","78","11050359"
"JH378150","16713468","16713749","KQ054815v1","2215557","2215844","75","14497911"
"JH378150","16739227","16739519","KQ053421v1","5610673","5610968","81","11128554"
"JH378150","16739618","16739880","KQ058242v1","595939","596205","86","16143679"
"JH378150","16806386","16806693","KQ053421v1","5610673","5610968","71","11195713"
"JH378150","16965400","16965581","KQ056064v1","326763","326940","55","16638637"
"JH378150","17092726","17093000","KQ058242v1","595939","596205","85","16496787"
"JH378150","17106059","17106366","KQ055267v1","513773","514088","75","16592286"
"JH378150","17211582","17211898","KQ055267v1","513773","514088","79","16697809"
"JH378150","17225857","17226132","KQ058505v1","2207051","2207301","94","15018806"
"JH378151","9174884","9175175","KQ058427v1","7786546","7786853","89","1388338"
"JH378151","9841","10148","KQ053421v1","5610673","5610968","79","5600832"
"JH378151","328407","328701","KQ053421v1","5610673","5610968","71","5282266"
"JH378151","406879","407051","KQ053993v1","1251070","1251235","42","844191"
"JH378151","449176","449286","KQ056493v1","2043382","2043488","42","1594206"
"JH378151","487651","487950","KQ058427v1","7786546","7786853","77","7298895"
"JH378151","492272","492566","KQ053421v1","5610673","5610968","79","5118401"
"JH378151","505648","505949","KQ053421v1","5610673","5610968","72","5105025"
"JH378151","525216","525521","KQ053421v1","5610673","5610968","77","5085457"
"JH378151","542095","542407","KQ053421v1","5610673","5610968","77","5068578"
"JH378151","550305","550596","KQ053421v1","5610673","5610968","67","5060368"
"JH378151","551504","551805","KQ053421v1","5610673","5610968","83","5059169"
"JH378151","563893","564196","KQ053421v1","5610673","5610968","78","5046780"
"JH378151","586761","587060","KQ053421v1","5610673","5610968","89","5023912"
"JH378151","587811","588128","KQ058427v1","7786546","7786853","89","7198735"
"JH378151","638134","638431","KQ053421v1","5610673","5610968","81","4972539"
"JH378151","638822","639127","KQ053421v1","5610673","5610968","72","4971851"
"JH378151","648208","648512","KQ053421v1","5610673","5610968","89","4962465"
"JH378151","650876","651164","KQ053421v1","5610673","5610968","79","4959797"
"JH378151","659391","659566","KQ053993v1","1251070","1251235","40","591679"
"JH378151","716201","716318","KQ053398v1","2623748","2623879","42","1907547"
"JH378151","716742","717053","KQ058427v1","7786546","7786853","85","7069804"
"JH378151","815036","815323","KQ057186v1","783828","784085","84","31208"
"JH378151","827257","827560","KQ055267v1","513773","514088","70","313484"
"JH378151","1013296","1013557","KQ058242v1","595939","596205","86","417357"
"JH378151","1067859","1068165","KQ053421v1","5610673","5610968","98","4542814"
"JH378151","1071139","1071432","KQ053421v1","5610673","5610968","76","4539534"
"JH378151","1090905","1091209","KQ053421v1","5610673","5610968","84","4519768"
"JH378151","1107696","1107987","KQ053421v1","5610673","5610968","73","4502977"
"JH378151","1131835","1132130","KQ053421v1","5610673","5610968","85","4478838"
"JH378151","1138860","1139092","KQ058242v1","595939","596205","87","542921"
"JH378151","1176398","1176677","KQ053421v1","5610673","5610968","82","4434275"
"JH378151","1226248","1226537","KQ053421v1","5610673","5610968","85","4384425"
"JH378151","1245003","1245277","KQ053421v1","5610673","5610968","94","4365670"
"JH378151","1337161","1337409","KQ058242v1","595939","596205","90","741222"
"JH378151","1399324","1399613","KQ053421v1","5610673","5610968","81","4211349"
"JH378151","1446803","1447057","KQ058242v1","595939","596205","66","850864"
"JH378151","1489179","1489322","KQ053004v1","3064551","3064681","42","1575372"
"JH378151","1527717","1528027","KQ055352v1","6003171","6003466","82","4475454"
"JH378151","1558532","1558830","KQ053421v1","5610673","5610968","69","4052141"
"JH378151","1573062","1573370","KQ053421v1","5610673","5610968","92","4037611"
"JH378151","1626776","1627078","KQ053421v1","5610673","5610968","71","3983897"
"JH378151","1647357","1647632","KQ053421v1","5610673","5610968","86","3963316"
"JH378151","1648591","1648901","KQ058427v1","7786546","7786853","69","6137955"
"JH378151","1651030","1651177","KQ053398v1","2623748","2623879","43","972718"
"JH378151","1775295","1775425","KQ053398v1","2623748","2623879","36","848453"
"JH378151","1775899","1776026","KQ052968v1","13665640","13665790","50","11889741"
"JH378151","1788910","1789218","KQ053421v1","5610673","5610968","87","3821763"
"JH378151","1885338","1885633","KQ053421v1","5610673","5610968","85","3725335"
"JH378151","1904612","1904905","KQ055862v1","1305285","1305561","90","599327"
"JH378151","1937431","1937661","KQ055662v1","1890465","1890674","75","46966"
"JH378151","2102687","2102980","KQ053421v1","5610673","5610968","82","3507986"
"JH378151","2131934","2132230","KQ053421v1","5610673","5610968","69","3478739"
"JH378151","2138658","2138939","KQ053421v1","5610673","5610968","85","3472015"
"JH378151","2153038","2153345","KQ053421v1","5610673","5610968","78","3457635"
"JH378151","2300265","2300505","KQ055717v1","1610777","1611031","86","689488"
"JH378151","2337515","2337793","KQ053421v1","5610673","5610968","76","3273158"
"JH378151","2478975","2479249","KQ055862v1","1305285","1305561","82","1173690"
"JH378151","2486653","2486946","KQ058242v1","595939","596205","93","1890714"
"JH378151","2595325","2595618","KQ058394v1","9655127","9655422","86","7059802"
"JH378151","2738371","2738660","KQ053421v1","5610673","5610968","81","2872302"
"JH378151","2753247","2753524","KQ053785v1","888769","889063","86","1864478"
"JH378151","2795454","2795757","KQ053421v1","5610673","5610968","81","2815219"
"JH378151","2839993","2840297","KQ053421v1","5610673","5610968","69","2770680"
"JH378151","2850778","2851045","KQ057901v1","868884","869144","87","1981894"
"JH378151","2888119","2888429","KQ053421v1","5610673","5610968","80","2722554"
"JH378151","2894620","2894913","KQ055862v1","1305285","1305561","85","1589335"
"JH378151","2948530","2948807","KQ053883v1","6938067","6938331","101","3989537"
"JH378151","2953099","2953401","KQ053421v1","5610673","5610968","73","2657574"
"JH378151","2954404","2954711","KQ058427v1","7786546","7786853","75","4832142"
"JH378151","3032060","3032167","KQ056493v1","2043382","2043488","44","988678"
"JH378151","3064850","3065153","KQ058427v1","7786546","7786853","85","4721696"
"JH378151","3115931","3116157","KQ052982v1","2032903","2033097","64","1083028"
"JH378151","3206844","3207147","KQ053421v1","5610673","5610968","81","2403829"
"JH378151","3228406","3228702","KQ053421v1","5610673","5610968","82","2382267"
"JH378151","3249511","3249638","KQ053398v1","2623748","2623879","33","625763"
"JH378151","3457702","3458003","KQ053421v1","5610673","5610968","82","2152971"
"JH378151","3668843","3669151","KQ053421v1","5610673","5610968","75","1941830"
"JH378151","3823517","3823684","KQ054401v1","3363241","3363379","70","460276"
"JH378151","3832750","3832953","KQ058594v1","1033101","1033292","58","2799649"
"JH378151","4093520","4093815","KQ053421v1","5610673","5610968","67","1517153"
"JH378151","4129458","4129687","KQ058242v1","595939","596205","83","3533519"
"JH378151","4361805","4362091","KQ053421v1","5610673","5610968","78","1248868"
"JH378151","4486338","4486625","KQ053421v1","5610673","5610968","80","1124335"
"JH378151","4515920","4516280","KQ058427v1","7786546","7786853","122","3270626"
"JH378151","4536151","4536456","KQ055267v1","513773","514088","89","4022378"
"JH378151","4655649","4655979","KQ055267v1","513773","514088","84","4141876"
"JH378151","4677655","4677955","KQ058427v1","7786546","7786853","80","3108891"
"JH378151","4741129","4741425","KQ055862v1","1305285","1305561","78","3435844"
"JH378151","4791790","4792109","KQ055267v1","513773","514088","79","4278017"
"JH378151","4822678","4822802","KQ053398v1","2623748","2623879","35","2198930"
"JH378151","4823663","4823777","KQ052968v1","13665640","13665790","52","8841977"
"JH378151","4834796","4835094","KQ053421v1","5610673","5610968","74","775877"
"JH378151","4851620","4851844","KQ058509v1","24058","24271","69","4827562"
"JH378151","4916188","4916432","KQ058242v1","595939","596205","78","4320249"
"JH378151","5008570","5008858","KQ053421v1","5610673","5610968","86","602103"
"JH378151","5070629","5070926","KQ053421v1","5610673","5610968","71","540044"
"JH378151","5100303","5100584","KQ058339v1","4553625","4553889","90","546678"
"JH378151","5112028","5112240","KQ058594v1","1033101","1033292","69","4078927"
"JH378151","5114102","5114410","KQ055352v1","6003171","6003466","72","889069"
"JH378151","5172245","5172353","KQ055717v1","1610376","1610476","39","3561869"
"JH378151","5211921","5212217","KQ053421v1","5610673","5610968","75","398752"
"JH378151","5217565","5217841","KQ058339v1","4553625","4553889","75","663940"
"JH378151","5358065","5358313","KQ058242v1","595939","596205","87","4762126"
"JH378151","5425638","5425929","KQ055862v1","1305285","1305561","85","4120353"
"JH378151","5481196","5481498","KQ053421v1","5610673","5610968","78","129477"
"JH378151","5562179","5562488","KQ058427v1","7786546","7786853","85","2224367"
"JH378151","5606567","5606745","KQ058423v1","270754","270928","45","5335813"
"JH378151","5634471","5634575","KQ056493v1","2043382","2043488","42","3591089"
"JH378151","5665891","5666090","KQ055662v1","1890465","1890674","60","3775426"
"JH378151","5729752","5730062","KQ055267v1","513773","514088","77","5215979"
"JH378151","5761483","5761700","KQ058242v1","595939","596205","94","5165544"
"JH378151","5797288","5797583","KQ053421v1","5610673","5610968","69","186615"
"JH378151","5828922","5829070","KQ058316v1","6194306","6194449","46","365384"
"JH378151","5837437","5837748","KQ055267v1","513773","514088","70","5323664"
"JH378151","5869983","5870098","KQ053398v1","2627781","2627909","44","3242202"
"JH378151","5905639","5905915","KQ053421v1","5610673","5610968","83","294966"
"JH378151","5919494","5919798","KQ053421v1","5610673","5610968","74","308821"
"JH378151","5989852","5990143","KQ053421v1","5610673","5610968","80","379179"
"JH378151","5999380","5999663","KQ053421v1","5610673","5610968","75","388707"
"JH378151","6121306","6121598","KQ053421v1","5610673","5610968","69","510633"
"JH378151","6135639","6135933","KQ053421v1","5610673","5610968","71","524966"
"JH378151","6190235","6190513","KQ053421v1","5610673","5610968","90","579562"
"JH378151","6201364","6201679","KQ055352v1","6003171","6003466","98","198193"
"JH378151","6224477","6224768","KQ053421v1","5610673","5610968","73","613804"
"JH378151","6281582","6281872","KQ053421v1","5610673","5610968","73","670909"
"JH378151","6287465","6287755","KQ053421v1","5610673","5610968","70","676792"
"JH378151","6317148","6317364","KQ052982v1","2032903","2033097","53","4284245"
"JH378151","6328549","6328822","KQ058242v1","595939","596205","79","5732610"
"JH378151","6334022","6334179","KQ053476v1","812335","812482","42","5521687"
"JH378151","6387547","6387845","KQ053421v1","5610673","5610968","80","776874"
"JH378151","6389884","6390184","KQ053421v1","5610673","5610968","79","779211"
"JH378151","6424434","6424581","KQ054401v1","3363241","3363379","42","3061193"
"JH378151","6539997","6540273","KQ058242v1","595939","596205","75","5944058"
"JH378151","6570618","6570916","KQ053421v1","5610673","5610968","78","959945"
"JH378151","6576016","6576324","KQ053421v1","5610673","5610968","80","965343"
"JH378151","6609877","6610171","KQ053421v1","5610673","5610968","72","999204"
"JH378151","6670632","6670747","KQ057781v1","1047045","1047171","34","5623587"
"JH378151","6727303","6727652","KQ053135v1","5034940","5035266","108","1692363"
"JH378151","6752235","6752542","KQ055352v1","6003171","6003466","67","749064"
"JH378151","6801898","6802193","KQ058427v1","7786546","7786853","87","984648"
"JH378151","6832851","6833130","KQ058242v1","595939","596205","85","6236912"
"JH378151","6834123","6834427","KQ058427v1","7786546","7786853","83","952423"
"JH378151","6882262","6882551","KQ053421v1","5610673","5610968","78","1271589"
"JH378151","6981998","6982156","KQ058423v1","270754","270928","50","6711244"
"JH378151","6990598","6990890","KQ053421v1","5610673","5610968","77","1379925"
"JH378151","6995160","6995457","KQ053421v1","5610673","5610968","74","1384487"
"JH378151","7058218","7058464","KQ058509v1","24058","24271","80","7034160"
"JH378151","7086596","7086874","KQ055862v1","1305285","1305561","72","5781311"
"JH378151","7092431","7092693","KQ058427v1","6786866","6787134","86","305565"
"JH378151","7135025","7135313","KQ053421v1","5610673","5610968","73","1524352"
"JH378151","7150587","7150713","KQ052968v1","13665640","13665790","53","6515053"
"JH378151","7242912","7243202","KQ053421v1","5610673","5610968","83","1632239"
"JH378151","7252428","7252737","KQ055352v1","6003171","6003466","72","1249257"
"JH378151","7308650","7308769","KQ053398v1","2623748","2623879","42","4684902"
"JH378151","7320226","7320280","KQ054400v1","3798579","3798624","27","3521647"
"JH378151","7350092","7350372","KQ058640v1","643463","643729","87","6706629"
"JH378151","7380768","7381054","KQ055862v1","1305285","1305561","85","6075483"
"JH378151","7502574","7502837","KQ058242v1","595939","596205","75","6906635"
"JH378151","7503143","7503308","KQ053993v1","1251070","1251235","40","6252073"
"JH378151","7539348","7539456","KQ056493v1","2043382","2043488","39","5495966"
"JH378151","7542123","7542418","KQ053421v1","5610673","5610968","83","1931450"
"JH378151","7547092","7547312","KQ056064v1","326763","326940","80","7220329"
"JH378151","7555307","7555456","KQ053398v1","2623748","2623879","48","4931559"
"JH378151","7567370","7567642","KQ053421v1","5610673","5610968","84","1956697"
"JH378151","7574501","7574780","KQ053421v1","5610673","5610968","91","1963828"
"JH378151","7619767","7619941","KQ053993v1","1251070","1251235","44","6368697"
"JH378151","7624327","7624622","KQ053421v1","5610673","5610968","72","2013654"
"JH378151","7641023","7641324","KQ053421v1","5610673","5610968","75","2030350"
"JH378151","7688551","7688859","KQ055267v1","513773","514088","81","7174778"
"JH378151","7694426","7694677","KQ055717v1","1610777","1611031","82","6083649"
"JH378151","7697081","7697209","KQ056911v1","1421731","1421862","45","6275350"
"JH378151","7714605","7714819","KQ053234v1","1414405","1414609","73","6300200"
"JH378151","7742191","7742487","KQ053421v1","5610673","5610968","77","2131518"
"JH378151","7764081","7764350","KQ057186v1","783828","784085","72","6980253"
"JH378151","7791899","7792211","KQ055267v1","513773","514088","76","7278126"
"JH378151","7861290","7861401","KQ053037v1","816139","816250","44","7045151"
"JH378151","7866311","7866614","KQ053421v1","5610673","5610968","73","2255638"
"JH378151","7905261","7905560","KQ053421v1","5610673","5610968","85","2294588"
"JH378151","7939257","7939564","KQ053421v1","5610673","5610968","81","2328584"
"JH378151","7950105","7950380","KQ053421v1","5610673","5610968","75","2339432"
"JH378151","8033708","8034004","KQ058427v1","6786866","6787134","93","1246842"
"JH378151","8034517","8034787","KQ058339v1","4553625","4553889","75","3480892"
"JH378151","8132061","8132357","KQ053421v1","5610673","5610968","59","2521388"
"JH378151","8208368","8208657","KQ053421v1","5610673","5610968","82","2597695"
"JH378151","8234208","8234514","KQ053421v1","5610673","5610968","78","2623535"
"JH378151","8247810","8248107","KQ053421v1","5610673","5610968","91","2637137"
"JH378151","8339840","8340142","KQ053421v1","5610673","5610968","73","2729167"
"JH378151","8359465","8359768","KQ053421v1","5610673","5610968","76","2748792"
"JH378151","8380650","8380956","KQ053421v1","5610673","5610968","71","2769977"
"JH378151","8414573","8414877","KQ053421v1","5610673","5610968","92","2803900"
"JH378151","8419303","8419603","KQ055352v1","6003171","6003466","101","2416132"
"JH378151","8456931","8457064","KQ053398v1","2623748","2623879","26","5833183"
"JH378151","8582583","8582688","KQ056235v1","1266284","1266361","48","7316299"
"JH378151","8735780","8736074","KQ053421v1","5610673","5610968","68","3125107"
"JH378151","8832791","8833094","KQ053421v1","5610673","5610968","72","3222118"
"JH378151","8855354","8855636","KQ057186v1","783828","784085","76","8071526"
"JH378151","8989249","8989417","KQ056064v1","326763","326940","61","8662486"
"JH378151","9049610","9049911","KQ058427v1","7786546","7786853","84","1263064"
"JH378151","9432789","9433079","KQ053421v1","5610673","5610968","82","3822116"
"JH378151","9434784","9435068","KQ054815v1","2215557","2215844","83","7219227"
"JH378151","9448513","9448794","KQ055352v1","6003171","6003466","85","3445342"
"JH378151","9475656","9475786","KQ053398v1","2623748","2623879","31","6851908"
"JH378151","9495526","9495831","KQ053421v1","5610673","5610968","76","3884853"
"JH378151","9670142","9670419","KQ057186v1","783828","784085","88","8886314"
"JH378151","9673606","9673909","KQ053421v1","5610673","5610968","86","4062933"
"JH378151","9697849","9698156","KQ058427v1","7786546","7786853","83","1911303"
"JH378151","9846996","9847300","KQ053421v1","5610673","5610968","86","4236323"
"JH378151","9882180","9882471","KQ053421v1","5610673","5610968","85","4271507"
"JH378151","9899128","9899418","KQ053421v1","5610673","5610968","72","4288455"
"JH378151","9915391","9915700","KQ053421v1","5610673","5610968","80","4304718"
"JH378151","9939833","9940104","KQ058427v1","6786866","6787134","89","3152967"
"JH378151","10073461","10073766","KQ053421v1","5610673","5610968","67","4462788"
"JH378151","10097856","10098155","KQ053421v1","5610673","5610968","84","4487183"
"JH378151","10112675","10112973","KQ053421v1","5610673","5610968","76","4502002"
"JH378151","10141549","10141840","KQ053421v1","5610673","5610968","71","4530876"
"JH378151","10231025","10231315","KQ058427v1","6786866","6787134","85","3444159"
"JH378151","10250876","10251179","KQ053421v1","5610673","5610968","80","4640203"
"JH378151","10272991","10273120","KQ053398v1","2623748","2623879","32","7649243"
"JH378151","10296014","10296298","KQ053421v1","5610673","5610968","84","4685341"
"JH378151","10321559","10321845","KQ053421v1","5610673","5610968","71","4710886"
"JH378151","10339031","10339333","KQ053421v1","5610673","5610968","73","4728358"
"JH378151","10668961","10669248","KQ058242v1","595939","596205","83","10073022"
"JH378151","10682893","10683190","KQ053421v1","5610673","5610968","92","5072220"
"JH378151","10746683","10746975","KQ053421v1","5610673","5610968","80","5136010"
"JH378151","10923952","10924234","KQ053421v1","5610673","5610968","80","5313279"
"JH378151","10978839","10979157","KQ053421v1","5610673","5610968","100","5368166"
"JH378151","11039860","11040179","KQ053421v1","5610673","5610968","87","5429187"
"JH378151","11052947","11053256","KQ055267v1","513773","514088","78","10539174"
"JH378151","11057686","11057958","KQ053421v1","5610673","5610968","88","5447013"
"JH378151","11203025","11203331","KQ055352v1","6003171","6003466","73","5199854"
"JH378151","11296715","11297010","KQ053421v1","5610673","5610968","78","5686042"
"JH378151","11380290","11380601","KQ055267v1","513773","514088","70","10866517"
"JH378151","11420121","11420434","KQ055267v1","513773","514088","76","10906348"
"JH378151","11500522","11500804","KQ054815v1","2215557","2215844","74","9284965"
"JH378151","11674465","11674725","KQ058242v1","595939","596205","70","11078526"
"JH378151","11675002","11675285","KQ054815v1","2215557","2215844","76","9459445"
"JH378151","11766560","11766859","KQ053421v1","5610673","5610968","79","6155887"
"JH378151","11780407","11780714","KQ055267v1","513773","514088","70","11266634"
"JH378151","11849017","11849327","KQ055267v1","513773","514088","73","11335244"
"JH378151","11850179","11850477","KQ053421v1","5610673","5610968","70","6239506"
"JH378151","11875665","11875807","KQ054401v1","3363241","3363379","40","8512424"
"JH378151","11875810","11875899","KQ058316v1","2226037","2226104","37","9649773"
"JH378151","11878821","11879103","KQ054815v1","2215557","2215844","77","9663264"
"JH378151","11940459","11940756","KQ053421v1","5610673","5610968","81","6329786"
"JH378151","12226612","12226902","KQ053421v1","5610673","5610968","75","6615939"
"JH378151","12236767","12237071","KQ053421v1","5610673","5610968","70","6626094"
"JH378151","12246589","12246857","KQ053883v1","6938067","6938331","84","5308522"
"JH378151","12282212","12282523","KQ053421v1","5610673","5610968","87","6671539"
"JH378151","12388789","12389080","KQ053421v1","5610673","5610968","77","6778116"
"JH378151","12724144","12724441","KQ053421v1","5610673","5610968","76","7113471"
"JH378151","13088839","13089032","KQ058594v1","5950443","5950621","56","7138396"
"JH378151","13149865","13150133","KQ055862v1","1305285","1305561","77","11844580"
"JH378151","13168146","13168429","KQ053421v1","5610673","5610968","73","7557473"
"JH378151","13176554","13176840","KQ053421v1","5610673","5610968","80","7565881"
"JH378151","13239987","13240296","KQ055267v1","513773","514088","73","12726214"
"JH378151","13372925","13373246","KQ055352v1","6003171","6003466","89","7369754"
"JH378151","13378555","13378842","KQ055862v1","1305285","1305561","72","12073270"
"JH378151","13408674","13408967","KQ053421v1","5610673","5610968","66","7798001"
"JH378151","13424369","13424629","KQ058505v1","2207051","2207301","82","11217318"
"JH378151","13424786","13424977","KQ058594v1","5950443","5950621","63","7474343"
"JH378151","13521222","13521380","KQ054510v1","7582269","7582431","44","5938953"
"JH378151","13618932","13619218","KQ055267v1","513773","514088","82","13105159"
"JH378151","13631884","13632181","KQ053421v1","5610673","5610968","67","8021211"
"JH378151","13862708","13863011","KQ053421v1","5610673","5610968","74","8252035"
"JH378151","13898737","13898997","KQ058242v1","595939","596205","78","13302798"
"JH378151","13952192","13952503","KQ053421v1","5610673","5610968","75","8341519"
"JH378151","13956692","13956798","KQ056235v1","1266284","1266361","42","12690408"
"JH378151","14000696","14000997","KQ055352v1","6003171","6003466","81","7997525"
"JH378151","14034486","14034786","KQ058427v1","7786546","7786853","80","6247940"
"JH378151","14150461","14150747","KQ053421v1","5610673","5610968","80","8539788"
"JH378151","14172165","14172363","KQ058274v1","300327","300497","61","13871838"
"JH378151","14210103","14210392","KQ053421v1","5610673","5610968","80","8599430"
"JH378151","14248852","14249135","KQ058427v1","6786866","6787134","90","7461986"
"JH378151","14349529","14349745","KQ055662v1","1890465","1890674","68","12459064"
"JH378151","14374567","14374814","KQ058242v1","595939","596205","94","13778628"
"JH378151","14380064","14380372","KQ055352v1","6003171","6003466","70","8376893"
"JH378151","14401751","14402014","KQ057901v1","868884","869144","92","13532867"
"JH378151","14440603","14440905","KQ053421v1","5610673","5610968","68","8829930"
"JH378151","14443489","14443787","KQ053421v1","5610673","5610968","83","8832816"
"JH378151","14515862","14516170","KQ058427v1","7786546","7786853","108","6729316"
"JH378151","14523440","14523717","KQ053421v1","5610673","5610968","78","8912767"
"JH378151","14526451","14526752","KQ053421v1","5610673","5610968","78","8915778"
"JH378151","14689180","14689488","KQ058427v1","7786546","7786853","81","6902634"
"JH378151","14780526","14780850","KQ055267v1","513773","514088","94","14266753"
"JH378151","14825463","14825762","KQ053421v1","5610673","5610968","84","9214790"
"JH378151","14849353","14849664","KQ055267v1","513773","514088","73","14335580"
"JH378151","14920922","14921222","KQ053421v1","5610673","5610968","81","9310249"
"JH378151","14978244","14978434","KQ058274v1","300327","300497","60","14677917"
"JH378151","15111607","15111907","KQ053421v1","5610673","5610968","69","9500934"
"JH378151","15136748","15137054","KQ055267v1","513773","514088","73","14622975"
"JH378151","15273308","15273576","KQ053421v1","5610673","5610968","78","9662635"
"JH378151","15309207","15309369","KQ057654v1","509","671","49","15308698"
"JH378151","15358901","15359191","KQ053421v1","5610673","5610968","85","9748228"
"JH378151","15454355","15454648","KQ053421v1","5610673","5610968","93","9843682"
"JH378151","15470605","15470889","KQ053421v1","5610673","5610968","79","9859932"
"JH378151","15548684","15548976","KQ055352v1","6003171","6003466","86","9545513"
"JH378151","15684637","15684929","KQ053421v1","5610673","5610968","85","10073964"
"JH378151","15709032","15709346","KQ058427v1","7786546","7786853","77","7922486"
"JH378151","15759574","15759889","KQ055267v1","513773","514088","67","15245801"
"JH378151","15812905","15813210","KQ058427v1","7786546","7786853","81","8026359"
"JH378151","15859020","15859148","KQ053398v1","2623748","2623879","37","13235272"
"JH378151","15961637","15961938","KQ053421v1","5610673","5610968","78","10350964"
"JH378151","16020165","16020472","KQ053421v1","5610673","5610968","94","10409492"
"JH378151","16030543","16030847","KQ053421v1","5610673","5610968","67","10419870"
"JH378151","16086084","16086396","KQ058427v1","7786546","7786853","75","8299538"
"JH378151","16089980","16090288","KQ055267v1","513773","514088","85","15576207"
"JH378151","16093440","16093747","KQ055267v1","513773","514088","78","15579667"
"JH378151","16145068","16145363","KQ053421v1","5610673","5610968","80","10534395"
"JH378151","16361928","16362216","KQ053421v1","5610673","5610968","89","10751255"
"JH378151","16401921","16402234","KQ053421v1","5610673","5610968","101","10791248"
"JH378151","16416028","16416331","KQ055352v1","6003171","6003466","70","10412857"
"JH378151","16428426","16428725","KQ053421v1","5610673","5610968","73","10817753"
"JH378151","16437986","16438277","KQ053421v1","5610673","5610968","74","10827313"
"JH378151","16483266","16483576","KQ053421v1","5610673","5610968","72","10872593"
"JH378151","16490933","16491198","KQ058242v1","595939","596205","94","15894994"
"JH378151","16520187","16520347","KQ053993v1","1251070","1251235","38","15269117"
"JH378151","16563641","16563928","KQ053421v1","5610673","5610968","78","10952968"
"JH378151","16565741","16566032","KQ053421v1","5610673","5610968","76","10955068"
"JH378151","16595228","16595524","KQ053421v1","5610673","5610968","76","10984555"
"JH378151","16757241","16757408","KQ053531v1","6571","6737","61","16750670"
"JH378151","16783102","16783344","KQ058242v1","595939","596205","80","16187163"
"JH378151","16810946","16811237","KQ053421v1","5610673","5610968","86","11200273"
"JH378151","16816998","16817308","KQ058427v1","7786546","7786853","75","9030452"
"JH378151","16879299","16879429","KQ053398v1","2627781","2627909","29","14251518"
"JH378151","16896453","16896664","ABDC02053644v1","2226","2419","73","16894227"
"JH378151","16905013","16905302","KQ053421v1","5610673","5610968","77","11294340"
"JH378151","16912687","16912976","KQ053785v1","888769","889063","84","16023918"
"JH378151","16933541","16933853","KQ053421v1","5610673","5610968","82","11322868"
"JH378151","16978351","16978629","KQ058242v1","595939","596205","79","16382412"
"JH378151","16981738","16982041","KQ053421v1","5610673","5610968","71","11371065"
"JH378151","17036032","17036239","KQ057380v1","3344874","3345081","59","13691158"
"JH378152","8388362","8388665","KQ053421v1","5610673","5610968","73","2777689"
"JH378152","30534","30839","KQ053421v1","5610673","5610968","88","5580139"
"JH378152","322164","322481","KQ055267v1","513773","514088","79","191609"
"JH378152","569733","570047","KQ055267v1","513773","514088","92","55960"
"JH378152","691168","691392","KQ056005v1","1024192","1024395","65","333024"
"JH378152","745224","745487","KQ053883v1","6938067","6938331","91","6192843"
"JH378152","849748","849875","KQ056920v1","183120","183261","43","666628"
"JH378152","922272","922582","KQ053421v1","5610673","5610968","72","4688401"
"JH378152","927076","927236","KQ053993v1","1251070","1251235","41","323994"
"JH378152","956437","956604","KQ058350v1","9514178","9514352","46","8557741"
"JH378152","1096057","1096383","KQ055352v1","6003171","6003466","98","4907114"
"JH378152","1146919","1147017","KQ057781v1","1047045","1047171","42","99874"
"JH378152","1150976","1151286","KQ055352v1","6003171","6003466","74","4852195"
"JH378152","1166253","1166554","KQ053421v1","5610673","5610968","69","4444420"
"JH378152","1258232","1258532","KQ053421v1","5610673","5610968","64","4352441"
"JH378152","1295059","1295187","KQ054401v1","3363241","3363379","42","2068182"
"JH378152","1565327","1565636","KQ055352v1","6003171","6003466","73","4437844"
"JH378152","1741186","1741489","KQ055352v1","6003171","6003466","68","4261985"
"JH378152","1746152","1746433","KQ054815v1","2215557","2215844","77","469405"
"JH378152","2200858","2201182","KQ055267v1","513773","514088","83","1687085"
"JH378152","2286169","2286478","KQ055267v1","513773","514088","77","1772396"
"JH378152","2355895","2356180","KQ054815v1","2215557","2215844","71","140338"
"JH378152","2582204","2582506","KQ053421v1","5610673","5610968","99","3028469"
"JH378152","3214339","3214601","KQ058242v1","595939","596205","68","2618400"
"JH378152","3230550","3230846","KQ053421v1","5610673","5610968","79","2380123"
"JH378152","3437515","3437810","KQ055267v1","513773","514088","88","2923742"
"JH378152","3445059","3445367","KQ055352v1","6003171","6003466","69","2558112"
"JH378152","3657502","3657703","KQ055140v1","659740","659924","67","2997762"
"JH378152","3752288","3752580","KQ053421v1","5610673","5610968","78","1858385"
"JH378152","3907670","3907828","KQ057204v1","2930576","2930741","50","977094"
"JH378152","3976562","3976872","KQ055267v1","513773","514088","73","3462789"
"JH378152","4071253","4071553","KQ053421v1","5610673","5610968","70","1539420"
"JH378152","4072129","4072427","KQ053421v1","5610673","5610968","84","1538544"
"JH378152","4105872","4106162","KQ053421v1","5610673","5610968","74","1504801"
"JH378152","4177697","4177990","KQ053421v1","5610673","5610968","77","1432976"
"JH378152","4443407","4443664","KQ053883v1","6938067","6938331","84","2494660"
"JH378152","4539850","4540125","KQ057186v1","783828","784085","81","3756022"
"JH378152","4608390","4608697","KQ055352v1","6003171","6003466","180","1394781"
"JH378152","4640542","4640825","KQ053421v1","5610673","5610968","75","970131"
"JH378152","4648539","4648834","KQ053421v1","5610673","5610968","76","962134"
"JH378152","4687722","4687992","KQ055862v1","1305285","1305561","80","3382437"
"JH378152","4858507","4858806","KQ053421v1","5610673","5610968","69","752166"
"JH378152","4896842","4897146","KQ053421v1","5610673","5610968","76","713831"
"JH378152","5087866","5088163","KQ053421v1","5610673","5610968","68","522807"
"JH378152","5123709","5123877","KQ053993v1","1251070","1251235","44","3872639"
"JH378152","5287268","5287564","KQ058427v1","7786546","7786853","85","2499278"
"JH378152","5337834","5338145","KQ055352v1","6003171","6003466","71","665337"
"JH378152","5351404","5351705","KQ053421v1","5610673","5610968","68","259269"
"JH378152","5392284","5392580","KQ053421v1","5610673","5610968","74","218389"
"JH378152","5469582","5469890","KQ053421v1","5610673","5610968","79","141091"
"JH378152","5510198","5510507","KQ058427v1","7786546","7786853","85","2276348"
"JH378152","5904254","5904545","KQ053421v1","5610673","5610968","76","293581"
"JH378152","6027638","6027928","KQ053421v1","5610673","5610968","70","416965"
"JH378152","6055465","6055681","KQ056005v1","1024192","1024395","73","5031273"
"JH378152","6094871","6095179","KQ053421v1","5610673","5610968","77","484198"
"JH378152","6103806","6104088","KQ058242v1","595939","596205","71","5507867"
"JH378152","6114001","6114292","KQ053421v1","5610673","5610968","83","503328"
"JH378152","6115594","6115897","KQ053421v1","5610673","5610968","71","504921"
"JH378152","6132271","6132405","KQ053398v1","2623748","2623879","33","3508523"
"JH378152","6178906","6179205","KQ053421v1","5610673","5610968","70","568233"
"JH378152","6215963","6216244","KQ053421v1","5610673","5610968","72","605290"
"JH378152","6262413","6262568","KQ057161v1","453350","453459","64","5809063"
"JH378152","6277185","6277313","KQ053398v1","2623748","2623879","38","3653437"
"JH378152","6315863","6316175","KQ053421v1","5610673","5610968","79","705190"
"JH378152","6317480","6317766","KQ053421v1","5610673","5610968","77","706807"
"JH378152","6349321","6349630","KQ058427v1","7786546","7786853","80","1437225"
"JH378152","6374113","6374410","KQ053421v1","5610673","5610968","81","763440"
"JH378152","6400236","6400535","KQ058242v1","595939","596205","99","5804297"
"JH378152","6406166","6406459","KQ053421v1","5610673","5610968","73","795493"
"JH378152","6436059","6436380","KQ055267v1","513773","514088","82","5922286"
"JH378152","6457911","6458216","KQ055267v1","513773","514088","85","5944138"
"JH378152","6558832","6559127","KQ053421v1","5610673","5610968","73","948159"
"JH378152","6565685","6565996","KQ055267v1","513773","514088","74","6051912"
"JH378152","6575996","6576309","KQ055267v1","513773","514088","75","6062223"
"JH378152","6692645","6692950","KQ053421v1","5610673","5610968","70","1081972"
"JH378152","6713703","6714003","KQ053421v1","5610673","5610968","79","1103030"
"JH378152","7184998","7185316","KQ058427v1","7786546","7786853","84","601548"
"JH378152","7275894","7276166","KQ055352v1","6003171","6003466","85","1272723"
"JH378152","7310313","7310482","KQ055978v1","4311984","4312161","51","2998329"
"JH378152","7474963","7475244","KQ053421v1","5610673","5610968","74","1864290"
"JH378152","7542740","7543044","KQ053421v1","5610673","5610968","74","1932067"
"JH378152","7564898","7565197","KQ053421v1","5610673","5610968","63","1954225"
"JH378152","7579469","7579772","KQ053421v1","5610673","5610968","82","1968796"
"JH378152","7753827","7754135","KQ055267v1","513773","514088","74","7240054"
"JH378152","7767123","7767417","KQ053421v1","5610673","5610968","69","2156450"
"JH378152","7953012","7953316","KQ053421v1","5610673","5610968","70","2342339"
"JH378152","7994355","7994639","KQ058427v1","6786866","6787134","91","1207489"
"JH378152","8124334","8124626","KQ053421v1","5610673","5610968","86","2513661"
"JH378152","8210396","8210699","KQ053421v1","5610673","5610968","69","2599723"
"JH378152","8308955","8309259","KQ058427v1","7786546","7786853","85","522409"
"JH378152","8312534","8312858","KQ058427v1","7786546","7786853","85","525988"
"JH378152","8413014","8413222","KQ053587v1","1594956","1595153","78","6818058"
"JH378152","8448444","8448645","KQ058274v1","300327","300497","65","8148117"
"JH378152","8519293","8519582","KQ058427v1","7786546","7786853","84","732747"
"JH378152","8606440","8606739","KQ053421v1","5610673","5610968","68","2995767"
"JH378152","8614908","8615192","KQ053421v1","5610673","5610968","83","3004235"
"JH378152","8686626","8686939","KQ055267v1","513773","514088","80","8172853"
"JH378152","8770332","8770628","KQ053421v1","5610673","5610968","75","3159659"
"JH378152","8848757","8849007","KQ057909v1","9290159","9290423","91","441402"
"JH378152","9010971","9011202","KQ058509v1","24058","24271","76","8986913"
"JH378152","9298428","9298737","KQ053421v1","5610673","5610968","84","3687755"
"JH378152","9341392","9341686","KQ053421v1","5610673","5610968","111","3730719"
"JH378152","9567394","9567690","KQ053421v1","5610673","5610968","80","3956721"
"JH378152","9611057","9611385","KQ055352v1","6003171","6003466","95","3607886"
"JH378152","9656320","9656486","KQ054510v1","7582269","7582431","40","2074051"
"JH378152","9783588","9783934","KQ055352v1","6003171","6003466","113","3780417"
"JH378152","10007302","10007613","KQ055267v1","513773","514088","78","9493529"
"JH378152","10018687","10019007","KQ055267v1","513773","514088","77","9504914"
"JH378152","10050779","10051078","KQ053421v1","5610673","5610968","73","4440106"
"JH378152","10119551","10119854","KQ055352v1","6003171","6003466","74","4116380"
"JH378152","10122631","10122944","KQ058427v1","7786546","7786853","79","2336085"
"JH378152","10144732","10145040","KQ055352v1","6003171","6003466","77","4141561"
"JH378152","10315944","10316247","KQ053421v1","5610673","5610968","70","4705271"
"JH378152","10445097","10445408","KQ053421v1","5610673","5610968","75","4834424"
"JH378152","10499672","10499969","KQ053421v1","5610673","5610968","68","4888999"
"JH378152","10530842","10531147","KQ053421v1","5610673","5610968","69","4920169"
"JH378152","10574291","10574593","KQ053421v1","5610673","5610968","81","4963618"
"JH378152","10596375","10596685","KQ055352v1","6003171","6003466","73","4593204"
"JH378152","10600075","10600380","KQ053421v1","5610673","5610968","83","4989402"
"JH378152","10642153","10642449","KQ053421v1","5610673","5610968","62","5031480"
"JH378152","10647132","10647420","KQ053421v1","5610673","5610968","78","5036459"
"JH378152","10671452","10671715","KQ058242v1","595939","596205","83","10075513"
"JH378152","10704323","10704593","KQ057901v1","868884","869144","86","9835439"
"JH378152","10724955","10725232","KQ054815v1","2215557","2215844","89","8509398"
"JH378152","10813404","10813523","KQ056493v1","2043382","2043488","35","8770022"
"JH378152","10822086","10822358","KQ055830v1","661716","661986","94","10160370"
"JH378152","10854109","10854241","KQ053398v1","2623748","2623879","42","8230361"
"JH378152","10854728","10854897","KQ053093v1","1668172","1668343","49","9186556"
"JH378152","10861842","10862141","KQ053421v1","5610673","5610968","68","5251169"
"JH378152","10995691","10995998","KQ053421v1","5610673","5610968","71","5385018"
"JH378152","11063541","11063839","KQ055352v1","6003171","6003466","81","5060370"
"JH378152","11100713","11101009","KQ053421v1","5610673","5610968","70","5490040"
"JH378152","11225329","11225627","KQ053421v1","5610673","5610968","71","5614656"
"JH378152","11229575","11229887","KQ053421v1","5610673","5610968","81","5618902"
"JH378152","11230661","11230895","ABDC02053644v1","2226","2419","89","11228435"
"JH378152","11315638","11315923","KQ053421v1","5610673","5610968","81","5704965"
"JH378152","11337033","11337347","KQ055267v1","513773","514088","93","10823260"
"JH378152","11338799","11339122","KQ055267v1","513773","514088","89","10825026"
"JH378152","11342633","11342885","KQ053883v1","6938067","6938331","81","4404566"
"JH378152","11343684","11344018","KQ053135v1","5034940","5035266","120","6308744"
"JH378152","11364623","11364931","KQ055267v1","513773","514088","72","10850850"
"JH378152","11379510","11379802","KQ053421v1","5610673","5610968","83","5768837"
"JH378152","11379805","11380093","KQ053421v1","5610673","5610968","73","5769132"
"JH378152","11419266","11419554","KQ053421v1","5610673","5610968","76","5808593"
"JH378152","11430698","11430933","KQ058509v1","24058","24271","71","11406640"
"JH378152","11431498","11431796","KQ053421v1","5610673","5610968","81","5820825"
"JH378152","11448491","11448786","KQ053421v1","5610673","5610968","76","5837818"
"JH378152","11455498","11455782","KQ054815v1","2215557","2215844","77","9239941"
"JH378152","11497446","11497754","KQ053421v1","5610673","5610968","85","5886773"
"JH378152","11539200","11539487","KQ058339v1","4553625","4553889","86","6985575"
"JH378152","11592292","11592418","KQ053398v1","2623748","2623879","46","8968544"
"JH378152","11613747","11614056","KQ055267v1","513773","514088","79","11099974"
"JH378152","11624075","11624354","KQ053421v1","5610673","5610968","83","6013402"
"JH378152","11670354","11670650","KQ053421v1","5610673","5610968","77","6059681"
"JH378152","11768882","11769196","KQ055267v1","513773","514088","78","11255109"
"JH378152","11780155","11780263","KQ056493v1","2043382","2043488","39","9736773"
"JH378152","11780583","11780876","KQ053421v1","5610673","5610968","75","6169910"
"JH378152","11780900","11781083","KQ055140v1","659740","659924","60","11121160"
"JH378152","11784639","11784883","KQ058242v1","595939","596205","75","11188700"
"JH378152","11797961","11798265","KQ055267v1","513773","514088","87","11284188"
"JH378152","11875390","11875694","KQ055267v1","513773","514088","88","11361617"
"JH378152","11890913","11891129","KQ058594v1","5950443","5950621","75","5940470"
"JH378152","11934042","11934185","KQ054401v1","3363241","3363379","56","8570801"
"JH378152","11950479","11950780","KQ053421v1","5610673","5610968","68","6339806"
"JH378152","11950995","11951291","KQ053421v1","5610673","5610968","85","6340322"
"JH378152","12036757","12036951","KQ056064v1","326763","326940","67","11709994"
"JH378152","12041680","12041817","KQ053398v1","2623748","2623879","42","9417932"
"JH378152","12043273","12043584","KQ053421v1","5610673","5610968","81","6432600"
"JH378152","12215199","12215411","KQ055662v1","1890465","1890674","59","10324734"
"JH378152","12232982","12233262","KQ057186v1","783828","784085","81","11449154"
"JH378152","12253143","12253270","KQ053398v1","2627781","2627909","35","9625362"
"JH378152","12373990","12374113","KQ053398v1","2627781","2627909","37","9746209"
"JH378152","12525788","12526075","KQ057186v1","783828","784085","90","11741960"
"JH378152","12602442","12602764","KQ055267v1","513773","514088","101","12088669"
"JH378152","12604855","12605149","KQ053421v1","5610673","5610968","71","6994182"
"JH378152","12621358","12621631","KQ058242v1","595939","596205","76","12025419"
"JH378152","12632969","12633177","KQ055662v1","1890465","1890674","56","10742504"
"JH378152","12639653","12639962","KQ055267v1","513773","514088","74","12125880"
"JH378152","12643615","12643835","KQ057380v1","3344874","3345081","69","9298741"
"JH378152","12643844","12644141","KQ053421v1","5610673","5610968","99","7033171"
"JH378152","12652447","12652561","KQ053398v1","2623748","2623879","41","10028699"
"JH378152","12669216","12669511","KQ053421v1","5610673","5610968","87","7058543"
"JH378152","12677547","12677827","KQ053421v1","5610673","5610968","80","7066874"
"JH378152","12679427","12679696","KQ058242v1","595939","596205","62","12083488"
"JH378152","12688387","12688441","KQ054932v1","5044350","5044402","15","7644037"
"JH378152","12722722","12723011","KQ053421v1","5610673","5610968","77","7112049"
"JH378152","12729176","12729484","KQ053421v1","5610673","5610968","89","7118503"
"JH378152","12735429","12735734","KQ053421v1","5610673","5610968","79","7124756"
"JH378152","12735921","12736218","KQ053421v1","5610673","5610968","72","7125248"
"JH378152","12746953","12747264","KQ055267v1","513773","514088","73","12233180"
"JH378152","12754656","12754959","KQ053421v1","5610673","5610968","74","7143983"
"JH378152","12767708","12768008","KQ053421v1","5610673","5610968","64","7157035"
"JH378152","12804518","12804796","KQ055352v1","6003171","6003466","78","6801347"
"JH378152","12846922","12847217","KQ055267v1","513773","514088","87","12333149"
"JH378152","12847523","12847663","KQ053004v1","3064551","3064681","46","9782972"
"JH378152","12887909","12888076","KQ057204v1","2930576","2930741","43","9957333"
"JH378152","13008464","13008767","KQ053421v1","5610673","5610968","71","7397791"
"JH378152","13013767","13014075","KQ053421v1","5610673","5610968","85","7403094"
"JH378152","13026913","13027038","KQ053398v1","2627781","2627909","35","10399132"
"JH378152","13030923","13031230","KQ055352v1","6003171","6003466","70","7027752"
"JH378152","13038397","13038701","KQ053421v1","5610673","5610968","75","7427724"
"JH378152","13040073","13040376","KQ055352v1","6003171","6003466","82","7036902"
"JH378152","13046852","13047033","KQ058594v1","5950443","5950621","45","7096409"
"JH378152","13056336","13056595","KQ058242v1","595939","596205","73","12460397"
"JH378152","13061257","13061472","KQ056064v1","326763","326940","78","12734494"
"JH378152","13065523","13065690","KQ058350v1","9514178","9514352","43","3551345"
"JH378152","13088584","13088882","KQ055267v1","513773","514088","77","12574811"
"JH378152","13098679","13098990","KQ058427v1","7786546","7786853","91","5312133"
"JH378152","13114182","13114479","KQ053421v1","5610673","5610968","70","7503509"
"JH378152","13115507","13115803","KQ053421v1","5610673","5610968","65","7504834"
"JH378152","13153917","13154222","KQ053421v1","5610673","5610968","74","7543244"
"JH378152","13157317","13157629","KQ053421v1","5610673","5610968","76","7546644"
"JH378152","13269864","13270077","KQ052982v1","2032903","2033097","60","11236961"
"JH378152","13271307","13271589","KQ054815v1","2215557","2215844","82","11055750"
"JH378152","13288025","13288321","KQ053421v1","5610673","5610968","79","7677352"
"JH378152","13373351","13373647","KQ053421v1","5610673","5610968","75","7762678"
"JH378152","13393772","13394083","KQ058427v1","7786546","7786853","85","5607226"
"JH378152","13418892","13419182","KQ053421v1","5610673","5610968","73","7808219"
"JH378152","13456302","13456601","KQ053421v1","5610673","5610968","91","7845629"
"JH378152","13480543","13480847","KQ053421v1","5610673","5610968","75","7869870"
"JH378152","13569165","13569254","KQ056279v1","759081","759162","33","12810084"
"JH378152","13625728","13625843","KQ053398v1","2623748","2623879","41","11001980"
"JH378152","13688422","13688715","KQ055267v1","513773","514088","88","13174649"
"JH378152","13700273","13700578","KQ055267v1","513773","514088","72","13186500"
"JH378152","13733587","13733898","KQ055352v1","6003171","6003466","73","7730416"
"JH378152","13900332","13900542","KQ058274v1","300327","300497","69","13600005"
"JH378152","13972484","13972782","KQ053421v1","5610673","5610968","75","8361811"
"JH378152","13987502","13987783","KQ053421v1","5610673","5610968","88","8376829"
"JH378152","14003516","14003809","KQ053421v1","5610673","5610968","71","8392843"
"JH378152","14030101","14030397","KQ053421v1","5610673","5610968","67","8419428"
"JH378152","14054761","14054885","KQ053398v1","2623748","2623879","36","11431013"
"JH378152","14062788","14063068","KQ053421v1","5610673","5610968","82","8452115"
"JH378152","14113456","14113740","KQ053421v1","5610673","5610968","82","8502783"
"JH378152","14116409","14116706","KQ053421v1","5610673","5610968","87","8505736"
"JH378152","14122823","14123129","KQ053421v1","5610673","5610968","72","8512150"
"JH378152","14128423","14128553","KQ053398v1","2623748","2623879","32","11504675"
"JH378152","14170253","14170553","KQ055267v1","513773","514088","88","13656480"
"JH378152","14195366","14195665","KQ053421v1","5610673","5610968","72","8584693"
"JH378152","14215854","14216141","KQ058640v1","643463","643729","75","13572391"
"JH378152","14219363","14219542","KQ058350v1","9514178","9514352","45","4705185"
"JH378152","14235234","14235535","KQ053421v1","5610673","5610968","74","8624561"
"JH378152","14283209","14283500","KQ053421v1","5610673","5610968","84","8672536"
"JH378152","14347178","14347477","KQ055352v1","6003171","6003466","95","8344007"
"JH378152","14349801","14350092","KQ053421v1","5610673","5610968","76","8739128"
"JH378152","14456450","14456753","KQ053421v1","5610673","5610968","76","8845777"
"JH378152","14488992","14489302","KQ053421v1","5610673","5610968","78","8878319"
"JH378152","14493961","14494263","KQ055862v1","1305285","1305561","77","13188676"
"JH378152","14571402","14571714","KQ053421v1","5610673","5610968","79","8960729"
"JH378152","14576093","14576401","KQ053421v1","5610673","5610968","74","8965420"
"JH378152","14631008","14631313","KQ058427v1","7786546","7786853","90","6844462"
"JH378152","14639566","14639858","KQ058427v1","7786546","7786853","88","6853020"
"JH378152","14643161","14643328","KQ057449v1","1214348","1214489","55","13428813"
"JH378152","14645168","14645263","KQ053998v1","8863","8933","39","14636305"
"JH378152","14676693","14676898","KQ053234v1","1414405","1414609","59","13262288"
"JH378152","14716262","14716545","KQ058640v1","643463","643729","86","14072799"
"JH378152","14732737","14733032","KQ053421v1","5610673","5610968","88","9122064"
"JH378152","14750778","14750941","KQ057449v1","1214348","1214489","59","13536430"
"JH378152","14765400","14765695","KQ055862v1","1305285","1305561","75","13460115"
"JH378152","14766052","14766310","KQ053421v1","5610673","5610968","94","9155379"
"JH378152","14767400","14767717","KQ058427v1","7786546","7786853","94","6980854"
"JH378152","14785449","14785748","KQ053421v1","5610673","5610968","70","9174776"
"JH378152","14787120","14787418","KQ058427v1","7786546","7786853","79","7000574"
"JH378152","14795729","14796023","KQ053421v1","5610673","5610968","73","9185056"
"JH378152","14799663","14799916","KQ057901v1","868884","869144","80","13930779"
"JH378152","14809941","14810235","KQ053421v1","5610673","5610968","71","9199268"
"JH378152","14815104","14815440","KQ053421v1","5610673","5610968","113","9204431"
"JH378152","14820944","14821253","KQ053421v1","5610673","5610968","80","9210271"
"JH378152","14884853","14884916","KQ058316v1","2226037","2226104","32","12658816"
"JH378152","14892502","14892741","KQ058509v1","24058","24271","72","14868444"
"JH378152","14903660","14903973","KQ058427v1","7786546","7786853","91","7117114"
"JH378152","14939184","14939502","KQ053421v1","5610673","5610968","87","9328511"
"JH378152","14945460","14945773","KQ055267v1","513773","514088","85","14431687"
"JH378152","14950720","14950958","KQ058505v1","2207051","2207301","78","12743669"
"JH378152","14990973","14991277","KQ053421v1","5610673","5610968","80","9380300"
"JH378152","14991857","14992174","KQ053421v1","5610673","5610968","91","9381184"
"JH378152","15001430","15001739","KQ055267v1","513773","514088","84","14487657"
"JH378152","15023357","15023646","KQ053421v1","5610673","5610968","80","9412684"
"JH378152","15043934","15044210","KQ054815v1","2215557","2215844","79","12828377"
"JH378152","15067752","15068051","KQ053421v1","5610673","5610968","82","9457079"
"JH378152","15141414","15141719","KQ053421v1","5610673","5610968","83","9530741"
"JH378152","15275628","15275903","KQ057901v1","868884","869144","93","14406744"
"JH378152","15341362","15341669","KQ058427v1","7786546","7786853","81","7554816"
"JH378152","15367093","15367391","KQ053421v1","5610673","5610968","90","9756420"
"JH378152","15379887","15380189","KQ053421v1","5610673","5610968","76","9769214"
"JH378152","15386375","15386684","KQ055267v1","513773","514088","77","14872602"
"JH378152","15387825","15388131","KQ055267v1","513773","514088","95","14874052"
"JH378152","15416541","15416649","KQ056911v1","1421731","1421862","41","13994810"
"JH378152","15488380","15488666","KQ053421v1","5610673","5610968","83","9877707"
"JH378152","15514984","15515290","KQ053421v1","5610673","5610968","88","9904311"
"JH378152","15596936","15597134","KQ058423v1","270754","270928","51","15326182"
"JH378152","15662215","15662514","KQ053421v1","5610673","5610968","77","10051542"
"JH378152","15705001","15705293","KQ055352v1","6003171","6003466","72","9701830"
"JH378152","15777665","15777812","KQ053267v1","1313653","1313811","42","14464012"
"JH378152","15798547","15798851","KQ058394v1","9655127","9655422","78","6143420"
"JH378152","15855682","15855775","KQ058272v1","5283309","5283400","31","10572373"
"JH378152","15855800","15856011","KQ053234v1","1414405","1414609","50","14441395"
"JH378152","15871913","15872217","KQ053421v1","5610673","5610968","95","10261240"
"JH378152","15899487","15899778","KQ053421v1","5610673","5610968","82","10288814"
"JH378152","16047437","16047730","KQ053421v1","5610673","5610968","85","10436764"
"JH378152","16050554","16050831","KQ053421v1","5610673","5610968","79","10439881"
"JH378152","16162792","16162887","KQ058316v1","2226037","2226104","41","13936755"
"JH378152","16163825","16163949","KQ053398v1","2623748","2623879","34","13540077"
"JH378152","16223790","16223990","KQ055662v1","1890465","1890674","64","14333325"
"JH378152","16347482","16347770","KQ053421v1","5610673","5610968","76","10736809"
"JH378152","16362597","16362891","KQ058427v1","7786546","7786853","85","8576051"
"JH378152","16548570","16548845","KQ058242v1","595939","596205","83","15952631"
"JH378152","16549498","16549701","KQ053234v1","1679581","1679757","77","14869917"
"JH378152","16553394","16553681","KQ053421v1","5610673","5610968","85","10942721"
"JH378152","16609794","16610025","KQ053234v1","1414405","1414609","66","15195389"
"JH378152","16643505","16643671","KQ053993v1","1251070","1251235","32","15392435"
"JH378152","16647515","16647773","KQ058242v1","595939","596205","65","16051576"
"JH378152","16649093","16649393","KQ058394v1","9655127","9655422","84","6993966"
"JH378153","7733073","7733370","KQ053421v1","5610673","5610968","76","2122400"
"JH378153","8650647","8650946","KQ053421v1","5610673","5610968","70","3039974"
"JH378153","10354430","10354724","KQ055830v1","661716","661986","92","9692714"
"JH378153","12976021","12976332","KQ058427v1","7786546","7786853","82","5189475"
"JH378153","24511","24793","KQ053421v1","5610673","5610968","86","5586162"
"JH378153","52312","52450","KQ053531v1","6571","6737","58","45741"
"JH378153","82518","82776","KQ058427v1","6786866","6787134","85","6704348"
"JH378153","100613","100909","KQ053421v1","5610673","5610968","74","5510060"
"JH378153","117361","117627","KQ058242v1","595939","596205","73","478578"
"JH378153","125091","125395","KQ053421v1","5610673","5610968","79","5485582"
"JH378153","134231","134341","KQ056911v1","1421731","1421862","51","1287500"
"JH378153","165662","165959","KQ053421v1","5610673","5610968","75","5445011"
"JH378153","196093","196358","KQ058242v1","595939","596205","75","399846"
"JH378153","205094","205400","KQ058427v1","7786546","7786853","74","7581452"
"JH378153","206568","206874","KQ058427v1","7786546","7786853","77","7579978"
"JH378153","225686","225994","KQ058394v1","9655127","9655422","83","9429441"
"JH378153","226938","227239","KQ053421v1","5610673","5610968","80","5383735"
"JH378153","254662","254953","KQ053421v1","5610673","5610968","73","5356011"
"JH378153","267601","267900","KQ053421v1","5610673","5610968","73","5343072"
"JH378153","271815","271929","KQ055717v1","1610376","1610476","44","1338561"
"JH378153","284138","284298","KQ054510v1","7582269","7582431","45","7298131"
"JH378153","284681","284986","KQ053421v1","5610673","5610968","80","5325992"
"JH378153","375634","375942","KQ055267v1","513773","514088","77","138139"
"JH378153","404377","404693","KQ053421v1","5610673","5610968","92","5206296"
"JH378153","512536","512840","KQ053421v1","5610673","5610968","68","5098137"
"JH378153","521930","522148","KQ055662v1","1890465","1890674","63","1368535"
"JH378153","678735","679023","KQ058640v1","643463","643729","84","35272"
"JH378153","708115","708340","KQ057380v1","3344874","3345081","64","2636759"
"JH378153","708351","708469","KQ056911v1","1421731","1421862","36","713380"
"JH378153","719057","719355","KQ053421v1","5610673","5610968","74","4891616"
"JH378153","733323","733612","KQ053421v1","5610673","5610968","75","4877350"
"JH378153","734335","734639","KQ053421v1","5610673","5610968","78","4876338"
"JH378153","745304","745605","KQ053421v1","5610673","5610968","77","4865369"
"JH378153","775052","775345","KQ058427v1","6786866","6787134","78","6011814"
"JH378153","847111","847404","KQ053421v1","5610673","5610968","87","4763562"
"JH378153","855542","855842","KQ053421v1","5610673","5610968","73","4755131"
"JH378153","855941","856225","KQ053421v1","5610673","5610968","93","4754732"
"JH378153","868439","868741","KQ053421v1","5610673","5610968","84","4742234"
"JH378153","886761","886942","KQ053531v1","6571","6737","56","880190"
"JH378153","892516","892783","KQ058339v1","4553625","4553889","69","3661109"
"JH378153","916235","916519","KQ053421v1","5610673","5610968","96","4694438"
"JH378153","965277","965543","KQ053421v1","5610673","5610968","85","4645396"
"JH378153","967320","967613","KQ053421v1","5610673","5610968","79","4643353"
"JH378153","995825","996119","KQ053421v1","5610673","5610968","81","4614848"
"JH378153","1005616","1005913","KQ053421v1","5610673","5610968","68","4605057"
"JH378153","1112568","1112861","KQ053421v1","5610673","5610968","80","4498105"
"JH378153","1135346","1135639","KQ053421v1","5610673","5610968","80","4475327"
"JH378153","1136750","1137015","KQ057901v1","868884","869144","91","267866"
"JH378153","1152903","1153200","KQ053421v1","5610673","5610968","78","4457770"
"JH378153","1218474","1218783","KQ053421v1","5610673","5610968","89","4392199"
"JH378153","1329824","1330096","KQ058339v1","4553625","4553889","80","3223801"
"JH378153","1342537","1342830","KQ053421v1","5610673","5610968","82","4268136"
"JH378153","1439011","1439316","KQ053421v1","5610673","5610968","84","4171662"
"JH378153","1488238","1488543","KQ053421v1","5610673","5610968","73","4122435"
"JH378153","1556955","1557225","KQ058242v1","595939","596205","84","961016"
"JH378153","1559640","1559935","KQ053421v1","5610673","5610968","76","4051033"
"JH378153","1573308","1573595","KQ058339v1","4553625","4553889","83","2980317"
"JH378153","1665643","1665770","KQ053398v1","2623748","2623879","37","958105"
"JH378153","1722577","1722885","KQ053421v1","5610673","5610968","73","3888096"
"JH378153","1751102","1751406","KQ053421v1","5610673","5610968","83","3859571"
"JH378153","1781757","1782085","KQ055267v1","513773","514088","90","1267984"
"JH378153","1782484","1782774","KQ053421v1","5610673","5610968","82","3828189"
"JH378153","1825712","1825939","KQ058274v1","300327","300497","85","1525385"
"JH378153","1872859","1873168","KQ055267v1","513773","514088","78","1359086"
"JH378153","1893091","1893379","KQ053421v1","5610673","5610968","90","3717582"
"JH378153","1900972","1901231","KQ055862v1","1305285","1305561","82","595687"
"JH378153","1910704","1911023","KQ053421v1","5610673","5610968","84","3699969"
"JH378153","1913002","1913184","KQ054954v1","1680710","1680882","49","232292"
"JH378153","1942564","1942753","KQ053093v1","1668172","1668343","74","274392"
"JH378153","1947961","1948243","KQ053421v1","5610673","5610968","79","3662712"
"JH378153","1950111","1950240","KQ053398v1","2623748","2623879","36","673637"
"JH378153","2060850","2061159","KQ055352v1","6003171","6003466","74","3942321"
"JH378153","2072226","2072501","KQ058339v1","4553625","4553889","71","2481399"
"JH378153","2082271","2082384","KQ055717v1","1610376","1610476","43","471895"
"JH378153","2092530","2092778","KQ054068v1","3638075","3638299","89","1545545"
"JH378153","2119688","2119964","KQ053421v1","5610673","5610968","89","3490985"
"JH378153","2126777","2127075","KQ053421v1","5610673","5610968","72","3483896"
"JH378153","2129616","2129921","KQ055267v1","513773","514088","72","1615843"
"JH378153","2131969","2132094","KQ053398v1","2623748","2623879","30","491779"
"JH378153","2165656","2165941","KQ053421v1","5610673","5610968","81","3445017"
"JH378153","2192705","2192992","KQ053421v1","5610673","5610968","75","3417968"
"JH378153","2265295","2265569","KQ053421v1","5610673","5610968","92","3345378"
"JH378153","2276049","2276324","KQ053421v1","5610673","5610968","83","3334624"
"JH378153","2321106","2321413","KQ053421v1","5610673","5610968","73","3289567"
"JH378153","2327191","2327474","KQ053421v1","5610673","5610968","81","3283482"
"JH378153","2336858","2337163","KQ058427v1","7786546","7786853","69","5449688"
"JH378153","2434800","2434949","KQ052968v1","13665640","13665790","52","11230840"
"JH378153","2435931","2436041","KQ053398v1","2623748","2623879","47","187817"
"JH378153","2479485","2479788","KQ055352v1","6003171","6003466","74","3523686"
"JH378153","2553281","2553555","KQ054815v1","2215557","2215844","80","337724"
"JH378153","2556619","2556919","KQ053421v1","5610673","5610968","83","3054054"
"JH378153","2562311","2562615","KQ058427v1","7786546","7786853","77","5224235"
"JH378153","2604517","2604647","KQ053398v1","2623748","2623879","35","19231"
"JH378153","2610005","2610297","KQ053421v1","5610673","5610968","90","3000668"
"JH378153","2612355","2612651","KQ053421v1","5610673","5610968","66","2998318"
"JH378153","2641810","2642018","KQ055140v1","659740","659924","66","1982070"
"JH378153","2648365","2648657","KQ053421v1","5610673","5610968","74","2962308"
"JH378153","2766992","2767277","KQ058427v1","7786546","7786853","91","5019554"
"JH378153","2780250","2780552","KQ053421v1","5610673","5610968","77","2830423"
"JH378153","2787229","2787522","KQ053421v1","5610673","5610968","76","2823444"
"JH378153","2790796","2791095","KQ058427v1","7786546","7786853","84","4995750"
"JH378153","2791270","2791581","KQ058427v1","7786546","7786853","80","4995276"
"JH378153","2921061","2921356","KQ053421v1","5610673","5610968","75","2689612"
"JH378153","2942220","2942525","KQ053421v1","5610673","5610968","79","2668453"
"JH378153","2957762","2958035","KQ057186v1","783828","784085","85","2173934"
"JH378153","3034542","3034848","KQ053421v1","5610673","5610968","69","2576131"
"JH378153","3039556","3039852","KQ053421v1","5610673","5610968","76","2571117"
"JH378153","3046916","3047045","KQ053398v1","2623748","2623879","36","423168"
"JH378153","3051453","3051629","KQ058423v1","270754","270928","47","2780699"
"JH378153","3083331","3083622","KQ053421v1","5610673","5610968","85","2527342"
"JH378153","3103475","3103718","KQ055717v1","1610777","1611031","87","1492698"
"JH378153","3118806","3119056","KQ057186v1","783828","784085","75","2334978"
"JH378153","3129970","3130190","KQ053587v1","1594956","1595153","80","1535014"
"JH378153","3166809","3167049","KQ058505v1","2207051","2207301","76","959758"
"JH378153","3174000","3174248","KQ058242v1","595939","596205","81","2578061"
"JH378153","3219647","3219885","KQ054068v1","3638075","3638299","80","418428"
"JH378153","3255748","3256048","KQ053421v1","5610673","5610968","91","2354925"
"JH378153","3256266","3256581","KQ058427v1","7786546","7786853","72","4530280"
"JH378153","3269031","3269330","KQ058427v1","7786546","7786853","92","4517515"
"JH378153","3269375","3269464","KQ055214v1","1493444","1493515","45","1775931"
"JH378153","3272428","3272552","KQ056493v1","2043382","2043488","40","1229046"
"JH378153","3341950","3342252","KQ053421v1","5610673","5610968","71","2268723"
"JH378153","3369823","3370100","KQ053421v1","5610673","5610968","92","2240850"
"JH378153","3439885","3440180","KQ053421v1","5610673","5610968","63","2170788"
"JH378153","3462387","3462677","KQ053421v1","5610673","5610968","85","2148286"
"JH378153","3489188","3489485","KQ053421v1","5610673","5610968","63","2121485"
"JH378153","3511214","3511497","KQ058242v1","595939","596205","83","2915275"
"JH378153","3520858","3521151","KQ053421v1","5610673","5610968","78","2089815"
"JH378153","3531918","3532220","KQ053421v1","5610673","5610968","76","2078755"
"JH378153","3573439","3573730","KQ053421v1","5610673","5610968","79","2037234"
"JH378153","3586834","3587129","KQ053421v1","5610673","5610968","73","2023839"
"JH378153","3609124","3609435","KQ053421v1","5610673","5610968","77","2001549"
"JH378153","3651748","3652030","KQ058640v1","643463","643729","81","3008285"
"JH378153","3658585","3658893","KQ053421v1","5610673","5610968","86","1952088"
"JH378153","3660167","3660433","KQ057901v1","868884","869144","80","2791283"
"JH378153","3677058","3677299","KQ057186v1","783828","784085","73","2893230"
"JH378153","3678560","3678839","KQ053883v1","6938067","6938331","91","3259507"
"JH378153","3680369","3680477","KQ057161v1","453350","453459","29","3227019"
"JH378153","3716062","3716311","KQ055717v1","1610777","1611031","83","2105285"
"JH378153","3740039","3740348","KQ055267v1","513773","514088","77","3226266"
"JH378153","3771371","3771672","KQ053421v1","5610673","5610968","74","1839302"
"JH378153","3819211","3819523","KQ053421v1","5610673","5610968","76","1791462"
"JH378153","3840459","3840759","KQ053421v1","5610673","5610968","76","1770214"
"JH378153","3864118","3864406","KQ054815v1","2215557","2215844","82","1648561"
"JH378153","3877374","3877683","KQ053421v1","5610673","5610968","81","1733299"
"JH378153","3903597","3903906","KQ058427v1","7786546","7786853","71","3882949"
"JH378153","3928651","3928962","KQ055267v1","513773","514088","81","3414878"
"JH378153","4012230","4012496","KQ058242v1","595939","596205","78","3416291"
"JH378153","4038272","4038578","KQ053421v1","5610673","5610968","72","1572401"
"JH378153","4165071","4165373","KQ058427v1","7786546","7786853","72","3621475"
"JH378153","4220144","4220451","KQ055267v1","513773","514088","80","3706371"
"JH378153","4333845","4334080","KQ058242v1","595939","596205","87","3737906"
"JH378153","4490951","4491233","KQ058427v1","6786866","6787134","88","2295915"
"JH378153","4785958","4786255","KQ058427v1","7786546","7786853","81","3000588"
"JH378153","5025113","5025389","KQ053421v1","5610673","5610968","83","585560"
"JH378153","5053604","5053908","KQ055267v1","513773","514088","81","4539831"
"JH378153","5090879","5091158","KQ057901v1","868884","869144","89","4221995"
"JH378153","5209933","5210226","KQ053421v1","5610673","5610968","85","400740"
"JH378153","5221549","5221848","KQ053421v1","5610673","5610968","73","389124"
"JH378153","5328356","5328651","KQ053421v1","5610673","5610968","69","282317"
"JH378153","5339963","5340123","KQ055914v1","670963","671119","44","4669000"
"JH378153","5356521","5356803","KQ053421v1","5610673","5610968","72","254152"
"JH378153","5367413","5367536","KQ053398v1","2623748","2623879","36","2743665"
"JH378153","5368332","5368551","KQ058274v1","300327","300497","82","5068005"
"JH378153","5395622","5395922","KQ053421v1","5610673","5610968","78","215051"
"JH378153","5399737","5399886","KQ054510v1","7582269","7582431","43","2182532"
"JH378153","5401292","5401545","KQ058242v1","595939","596205","80","4805353"
"JH378153","5406965","5407254","KQ053421v1","5610673","5610968","75","203708"
"JH378153","5424454","5424764","KQ055267v1","513773","514088","72","4910681"
"JH378153","5433926","5434212","KQ053421v1","5610673","5610968","84","176747"
"JH378153","5573772","5574078","KQ053421v1","5610673","5610968","75","36901"
"JH378153","5590790","5591017","KQ053234v1","1414405","1414609","69","4176385"
"JH378153","5600057","5600352","KQ055862v1","1305285","1305561","81","4294772"
"JH378153","5601359","5601493","KQ054401v1","3363241","3363379","34","2238118"
"JH378153","5717035","5717336","KQ053421v1","5610673","5610968","70","106362"
"JH378153","5726588","5726886","KQ053421v1","5610673","5610968","72","115915"
"JH378153","5754849","5755154","KQ055352v1","6003171","6003466","81","248322"
"JH378153","5861333","5861619","KQ053421v1","5610673","5610968","81","250660"
"JH378153","5894662","5894935","KQ053421v1","5610673","5610968","90","283989"
"JH378153","5913118","5913418","KQ053421v1","5610673","5610968","71","302445"
"JH378153","6214619","6214885","KQ058242v1","595939","596205","74","5618680"
"JH378153","6219059","6219358","KQ053421v1","5610673","5610968","82","608386"
"JH378153","6385579","6385898","KQ055352v1","6003171","6003466","90","382408"
"JH378153","6393965","6394276","KQ053421v1","5610673","5610968","72","783292"
"JH378153","6397549","6397868","KQ055267v1","513773","514088","85","5883776"
"JH378153","6403393","6403686","KQ053421v1","5610673","5610968","84","792720"
"JH378153","6421543","6421848","KQ053421v1","5610673","5610968","71","810870"
"JH378153","6443369","6443489","KQ053398v1","2627781","2627909","37","3815588"
"JH378153","6444526","6444816","KQ053421v1","5610673","5610968","70","833853"
"JH378153","6479290","6479562","KQ057186v1","783828","784085","75","5695462"
"JH378153","6501282","6501584","KQ058427v1","7786546","7786853","88","1285264"
"JH378153","6522261","6522448","KQ058350v1","9514178","9514352","45","2991917"
"JH378153","6623116","6623223","KQ053998v1","8863","8933","52","6614253"
"JH378153","6715095","6715406","KQ058427v1","7786546","7786853","72","1071451"
"JH378153","6832167","6832477","KQ053421v1","5610673","5610968","76","1221494"
"JH378153","7178360","7178663","KQ053421v1","5610673","5610968","87","1567687"
"JH378153","7186535","7186827","KQ053421v1","5610673","5610968","88","1575862"
"JH378153","7202154","7202410","KQ058242v1","595939","596205","85","6606215"
"JH378153","7213568","7213843","KQ058242v1","595939","596205","80","6617629"
"JH378153","7236079","7236269","KQ054179v1","3404435","3404595","52","3831644"
"JH378153","7288143","7288295","KQ053267v1","1313653","1313811","43","5974490"
"JH378153","7311845","7312106","KQ055862v1","1305285","1305561","81","6006560"
"JH378153","7374382","7374681","KQ053421v1","5610673","5610968","78","1763709"
"JH378153","7399218","7399420","KQ055662v1","1890465","1890674","56","5508753"
"JH378153","7399523","7399606","KQ056235v1","1266284","1266361","19","6133239"
"JH378153","7423129","7423435","KQ055267v1","513773","514088","95","6909356"
"JH378153","7438202","7438454","KQ058509v1","24058","24271","100","7414144"
"JH378153","7455569","7455847","KQ053421v1","5610673","5610968","91","1844896"
"JH378153","7481668","7481973","KQ058427v1","7786546","7786853","74","304878"
"JH378153","7529428","7529718","KQ053421v1","5610673","5610968","76","1918755"
"JH378153","7619677","7619953","KQ058242v1","595939","596205","81","7023738"
"JH378153","7636311","7636617","KQ053421v1","5610673","5610968","81","2025638"
"JH378153","7650955","7651251","KQ053421v1","5610673","5610968","66","2040282"
"JH378153","7658596","7658890","KQ053421v1","5610673","5610968","69","2047923"
"JH378153","7980069","7980377","KQ053421v1","5610673","5610968","87","2369396"
"JH378153","8260762","8261071","KQ058427v1","7786546","7786853","75","474216"
"JH378153","8310604","8310898","KQ058427v1","7786546","7786853","71","524058"
"JH378153","8380970","8381286","KQ055352v1","6003171","6003466","87","2377799"
"JH378153","8649356","8649526","KQ058594v1","1033101","1033292","61","7616255"
"JH378153","8705487","8705769","KQ058427v1","6786866","6787134","87","1918621"
"JH378153","8899639","8899914","KQ053421v1","5610673","5610968","84","3288966"
"JH378153","8965951","8966263","KQ055352v1","6003171","6003466","90","2962780"
"JH378153","8972248","8972381","KQ053398v1","2623748","2623879","30","6348500"
"JH378153","8993688","8993841","KQ058428v1","1396698","1396861","57","7596990"
"JH378153","9057893","9058197","KQ053421v1","5610673","5610968","80","3447220"
"JH378153","9075067","9075363","KQ058242v1","595939","596205","89","8479128"
"JH378153","9183913","9184070","KQ054510v1","7582269","7582431","43","1601644"
"JH378153","9194490","9194790","KQ053421v1","5610673","5610968","86","3583817"
"JH378153","9881472","9881775","KQ053421v1","5610673","5610968","81","4270799"
"JH378153","9955029","9955322","KQ053421v1","5610673","5610968","78","4344356"
"JH378153","10019673","10019972","KQ053421v1","5610673","5610968","79","4409000"
"JH378153","10072682","10072984","KQ053421v1","5610673","5610968","83","4462009"
"JH378153","10191901","10192209","KQ053421v1","5610673","5610968","85","4581228"
"JH378153","10299976","10300281","KQ053421v1","5610673","5610968","77","4689303"
"JH378153","10300703","10300972","KQ058640v1","643463","643729","88","9657240"
"JH378153","10357046","10357309","KQ058242v1","595939","596205","68","9761107"
"JH378153","10381235","10381380","KQ054510v1","7582269","7582431","40","2798966"
"JH378153","10420516","10420815","KQ053421v1","5610673","5610968","74","4809843"
"JH378153","10521218","10521453","KQ054068v1","3638075","3638299","71","6883143"
"JH378153","10542853","10543082","KQ054068v1","3638075","3638299","70","6904778"
"JH378153","10639572","10639882","KQ053421v1","5610673","5610968","77","5028899"
"JH378153","10825447","10825749","KQ055267v1","513773","514088","83","10311674"
"JH378153","10893882","10894184","KQ053421v1","5610673","5610968","80","5283209"
"JH378153","10899178","10899482","KQ053421v1","5610673","5610968","82","5288505"
"JH378153","10930125","10930417","KQ053421v1","5610673","5610968","76","5319452"
"JH378153","11007092","11007213","KQ058272v1","5283309","5283400","56","5723783"
"JH378153","11007418","11007535","KQ056493v1","2043382","2043488","56","8964036"
"JH378153","11099023","11099314","KQ053421v1","5610673","5610968","80","5488350"
"JH378153","11174594","11174887","KQ053421v1","5610673","5610968","85","5563921"
"JH378153","11391731","11392010","KQ053421v1","5610673","5610968","82","5781058"
"JH378153","11416955","11417247","KQ058394v1","9655127","9655422","90","1761828"
"JH378153","11422855","11422962","KQ056911v1","1421731","1421862","42","10001124"
"JH378153","11454725","11454882","KQ057204v1","2930576","2930741","44","8524149"
"JH378153","11456066","11456367","KQ053421v1","5610673","5610968","70","5845393"
"JH378153","11459337","11459644","KQ055352v1","6003171","6003466","74","5456166"
"JH378153","11480113","11480408","KQ053421v1","5610673","5610968","76","5869440"
"JH378153","11489331","11489636","KQ053421v1","5610673","5610968","80","5878658"
"JH378153","11577982","11578284","KQ053421v1","5610673","5610968","75","5967309"
"JH378153","11660571","11660838","KQ057901v1","868884","869144","83","10791687"
"JH378153","11726055","11726349","KQ053421v1","5610673","5610968","79","6115382"
"JH378153","11747499","11747798","KQ053421v1","5610673","5610968","73","6136826"
"JH378153","11751485","11751782","KQ053421v1","5610673","5610968","71","6140812"
"JH378153","11832162","11832452","KQ053421v1","5610673","5610968","74","6221489"
"JH378153","11907951","11908241","KQ053421v1","5610673","5610968","73","6297278"
"JH378153","11940257","11940545","KQ053421v1","5610673","5610968","75","6329584"
"JH378153","11951754","11952061","KQ053421v1","5610673","5610968","78","6341081"
"JH378153","11956942","11957241","KQ055267v1","513773","514088","82","11443169"
"JH378153","11965442","11965705","KQ055862v1","1305285","1305561","88","10660157"
"JH378153","11974346","11974626","KQ053421v1","5610673","5610968","91","6363673"
"JH378153","11998930","11999224","KQ053421v1","5610673","5610968","66","6388257"
"JH378153","12013563","12013874","KQ055267v1","513773","514088","68","11499790"
"JH378153","12014836","12015129","KQ053421v1","5610673","5610968","79","6404163"
"JH378153","12048761","12049056","KQ053421v1","5610673","5610968","75","6438088"
"JH378153","12062010","12062325","KQ053421v1","5610673","5610968","83","6451337"
"JH378153","12082003","12082295","KQ053421v1","5610673","5610968","80","6471330"
"JH378153","12127036","12127327","KQ053421v1","5610673","5610968","72","6516363"
"JH378153","12133001","12133292","KQ053421v1","5610673","5610968","76","6522328"
"JH378153","12134513","12134663","KQ056235v1","950511","950669","45","11184002"
"JH378153","12212781","12213086","KQ053421v1","5610673","5610968","67","6602108"
"JH378153","12217353","12217617","KQ055862v1","1305285","1305561","90","10912068"
"JH378153","12237852","12238158","KQ055352v1","6003171","6003466","70","6234681"
"JH378153","12270726","12271036","KQ055352v1","6003171","6003466","74","6267555"
"JH378153","12275824","12276088","KQ058242v1","595939","596205","73","11679885"
"JH378153","12286502","12286794","KQ053421v1","5610673","5610968","68","6675829"
"JH378153","12290304","12290596","KQ053421v1","5610673","5610968","73","6679631"
"JH378153","12318247","12318557","KQ058427v1","7786546","7786853","75","4531701"
"JH378153","12348728","12348920","KQ058423v1","270754","270928","53","12077974"
"JH378153","12349402","12349532","KQ053398v1","2623748","2623879","33","9725654"
"JH378153","12418821","12418984","KQ053993v1","1251070","1251235","34","11167751"
"JH378153","12430944","12431246","KQ053421v1","5610673","5610968","60","6820271"
"JH378153","12472689","12472972","KQ058242v1","595939","596205","87","11876750"
"JH378153","12538948","12539252","KQ055267v1","513773","514088","86","12025175"
"JH378153","12573756","12574062","KQ055352v1","6003171","6003466","73","6570585"
"JH378153","12574064","12574364","KQ053421v1","5610673","5610968","76","6963391"
"JH378153","12662017","12662324","KQ055267v1","513773","514088","83","12148244"
"JH378153","12932177","12932339","KQ058594v1","2771639","2771800","43","10160538"
"JH378153","13007152","13007448","KQ058427v1","6786866","6787134","85","6220286"
"JH378153","13081992","13082290","KQ053421v1","5610673","5610968","82","7471319"
"JH378153","13083916","13084115","KQ058594v1","5950443","5950621","65","7133473"
"JH378153","13179585","13179733","KQ053531v1","6571","6737","65","13173014"
"JH378153","13225763","13226056","KQ053421v1","5610673","5610968","79","7615090"
"JH378153","13245827","13246101","KQ058339v1","4553625","4553889","78","8692202"
"JH378153","13252958","13253263","KQ055352v1","6003171","6003466","69","7249787"
"JH378153","13259887","13260031","KQ053004v1","3064551","3064681","42","10195336"
"JH378153","13274794","13275082","KQ053421v1","5610673","5610968","77","7664121"
"JH378153","13275294","13275407","KQ055717v1","1610376","1610476","42","11664918"
"JH378153","13295840","13296105","KQ058242v1","595939","596205","73","12699901"
"JH378153","13390590","13390868","KQ053421v1","5610673","5610968","92","7779917"
"JH378153","13405828","13406133","KQ053421v1","5610673","5610968","76","7795155"
"JH378153","13408144","13408293","KQ053398v1","2623748","2623879","44","10784396"
"JH378153","13491273","13491561","KQ055862v1","1305285","1305561","84","12185988"
"JH378153","13494572","13494878","KQ058427v1","7786546","7786853","83","5708026"
"JH378153","13553758","13554050","KQ053421v1","5610673","5610968","74","7943085"
"JH378153","13565427","13565738","KQ055267v1","513773","514088","71","13051654"
"JH378153","13581041","13581348","KQ053421v1","5610673","5610968","72","7970368"
"JH378153","13591951","13592254","KQ053421v1","5610673","5610968","70","7981278"
"JH378153","13625279","13625580","KQ053421v1","5610673","5610968","80","8014606"
"JH378153","13663858","13664160","KQ053421v1","5610673","5610968","70","8053185"
"JH378153","13666647","13666958","KQ053421v1","5610673","5610968","78","8055974"
"JH378153","13707417","13707570","KQ055914v1","670963","671119","42","13036454"
"JH378153","13710013","13710305","KQ053421v1","5610673","5610968","71","8099340"
"JH378153","13725873","13726165","KQ053421v1","5610673","5610968","71","8115200"
"JH378153","13743220","13743347","KQ053398v1","2627781","2627909","38","11115439"
"JH378153","13743550","13743758","KQ052982v1","2032903","2033097","68","11710647"
"JH378153","13801198","13801354","KQ055914v1","670963","671119","36","13130235"
"JH378153","13807573","13807885","KQ058427v1","7786546","7786853","75","6021027"
"JH378153","13837101","13837246","KQ053398v1","2623748","2623879","43","11213353"
"JH378153","13880426","13880633","KQ056064v1","326763","326940","73","13553663"
"JH378153","13907127","13907303","KQ053993v1","1251070","1251235","41","12656057"
"JH378153","13911848","13912151","KQ053421v1","5610673","5610968","82","8301175"
"JH378153","13949176","13949483","KQ058427v1","7786546","7786853","74","6162630"
"JH378153","13967402","13967629","KQ058274v1","300327","300497","82","13667075"
"JH378153","14041292","14041481","KQ058350v1","9514178","9514352","58","4527114"
"JH378153","14163918","14164067","KQ053398v1","2627781","2627909","49","11536137"
"JH378153","14273139","14273433","KQ053421v1","5610673","5610968","75","8662466"
"JH378153","14416507","14416797","KQ055862v1","1305285","1305561","75","13111222"
"JH378153","14438210","14438513","KQ053421v1","5610673","5610968","83","8827537"
"JH378153","14542655","14542951","KQ058394v1","9655127","9655422","77","4887528"
"JH378153","14624933","14625242","KQ053421v1","5610673","5610968","78","9014260"
"JH378153","14721614","14721912","KQ053421v1","5610673","5610968","76","9110941"
"JH378153","14753901","14754200","KQ053421v1","5610673","5610968","80","9143228"
"JH378153","14766443","14766752","KQ055267v1","513773","514088","71","14252670"
"JH378153","14778870","14779178","KQ055267v1","513773","514088","78","14265097"
"JH378153","14791302","14791613","KQ053421v1","5610673","5610968","82","9180629"
"JH378153","14795015","14795286","KQ054815v1","2215557","2215844","87","12579458"
"JH378153","14830444","14830736","KQ053421v1","5610673","5610968","78","9219771"
"JH378153","14838269","14838571","KQ055862v1","1305285","1305561","87","13532984"
"JH378153","14960253","14960437","KQ054954v1","1680710","1680882","50","13279543"
"JH378153","14962432","14962699","KQ057186v1","783828","784085","81","14178604"
"JH378153","14970745","14970955","KQ052982v1","2032903","2033097","57","12937842"
"JH378153","15030642","15030951","KQ055352v1","6003171","6003466","72","9027471"
"JH378153","15057659","15057971","KQ053421v1","5610673","5610968","88","9446986"
"JH378153","15063999","15064142","KQ053398v1","2623748","2623879","45","12440251"
"JH378153","15086549","15086833","KQ053421v1","5610673","5610968","72","9475876"
"JH378153","15115807","15116109","KQ053421v1","5610673","5610968","69","9505134"
"JH378153","15134178","15134471","KQ055862v1","1305285","1305561","83","13828893"
"JH378153","15155442","15155752","KQ058427v1","7786546","7786853","72","7368896"
"JH378153","15163609","15163909","KQ053421v1","5610673","5610968","81","9552936"
"JH378153","15273742","15273869","KQ053398v1","2623748","2623879","41","12649994"
"JH378153","15414406","15414704","KQ053421v1","5610673","5610968","84","9803733"
"JH378153","15640516","15640796","KQ053421v1","5610673","5610968","83","10029843"
"JH378153","15741291","15741579","KQ053421v1","5610673","5610968","78","10130618"
"JH378153","15789128","15789439","KQ055352v1","6003171","6003466","92","9785957"
"JH378153","15802630","15802936","KQ053421v1","5610673","5610968","79","10191957"
"JH378153","15918726","15918995","KQ053883v1","6938067","6938331","85","8980659"
"JH378153","15951493","15951787","KQ053421v1","5610673","5610968","83","10340820"
"JH378153","15959435","15959739","KQ053421v1","5610673","5610968","86","10348762"
"JH378153","16033131","16033262","KQ053398v1","2623748","2623879","37","13409383"
"JH378153","16033263","16033317","KQ058316v1","2226037","2226104","24","13807226"
"JH378153","16033331","16033629","KQ058427v1","7786546","7786853","71","8246785"
"JH378153","16043561","16043868","KQ053421v1","5610673","5610968","77","10432888"
"JH378153","16092066","16092366","KQ053421v1","5610673","5610968","65","10481393"
"JH378153","16098876","16099176","KQ058427v1","7786546","7786853","83","8312330"
"JH378153","16147939","16148238","KQ053421v1","5610673","5610968","82","10537266"
"JH378153","16160348","16160461","KQ056493v1","2043382","2043488","52","14116966"
"JH378153","16251484","16251725","KQ057186v1","783828","784085","94","15467656"
"JH378153","16296003","16296302","KQ055352v1","6003171","6003466","81","10292832"
"JH378153","16341978","16342280","KQ058427v1","7786546","7786853","82","8555432"
"JH378153","16471117","16471423","KQ053421v1","5610673","5610968","80","10860444"
"JH378153","16580118","16580283","KQ054954v1","1680710","1680882","44","14899408"
"JH378154","3407844","3408147","KQ053421v1","5610673","5610968","67","2202829"
"JH378154","74209","74505","KQ053421v1","5610673","5610968","77","5536464"
"JH378154","139945","140256","KQ055352v1","6003171","6003466","69","5863226"
"JH378154","140880","141149","KQ057186v1","783828","784085","81","642948"
"JH378154","234455","234744","KQ053421v1","5610673","5610968","75","5376218"
"JH378154","303352","303652","KQ053421v1","5610673","5610968","71","5307321"
"JH378154","408156","408461","KQ053421v1","5610673","5610968","69","5202517"
"JH378154","447263","447574","KQ055352v1","6003171","6003466","69","5555908"
"JH378154","557615","557921","KQ055352v1","6003171","6003466","69","5445556"
"JH378154","674984","675167","KQ053234v1","1679581","1679757","48","1004597"
"JH378154","687903","688201","KQ055862v1","1305285","1305561","72","617382"
"JH378154","819998","820313","KQ053421v1","5610673","5610968","81","4790675"
"JH378154","833514","833850","KQ055267v1","513773","514088","99","319741"
"JH378154","838037","838367","KQ055267v1","513773","514088","95","324264"
"JH378154","926784","927093","KQ055352v1","6003171","6003466","69","5076387"
"JH378154","1008999","1009290","KQ053421v1","5610673","5610968","70","4601674"
"JH378154","1057303","1057609","KQ053421v1","5610673","5610968","77","4553370"
"JH378154","1096951","1097257","KQ053421v1","5610673","5610968","70","4513722"
"JH378154","1102044","1102301","KQ058242v1","595939","596205","73","506105"
"JH378154","1135886","1136162","KQ057186v1","783828","784085","78","352058"
"JH378154","1142395","1142697","KQ053421v1","5610673","5610968","72","4468278"
"JH378154","1145315","1145621","KQ055352v1","6003171","6003466","74","4857856"
"JH378154","1168211","1168337","KQ053398v1","2623748","2623879","32","1455537"
"JH378154","1197693","1197804","KQ056493v1","2043382","2043488","47","845689"
"JH378154","1209486","1209788","KQ053421v1","5610673","5610968","69","4401187"
"JH378154","1221957","1222246","KQ053421v1","5610673","5610968","91","4388716"
"JH378154","1392875","1393171","KQ053421v1","5610673","5610968","68","4217798"
"JH378154","1496005","1496301","KQ053421v1","5610673","5610968","72","4114668"
"JH378154","1564887","1565183","KQ053421v1","5610673","5610968","70","4045786"
"JH378154","1644854","1645150","KQ053421v1","5610673","5610968","72","3965819"
"JH378154","1679761","1680062","KQ053421v1","5610673","5610968","66","3930912"
"JH378154","2009689","2010025","KQ053059v1","2548766","2549102","98","539077"
"JH378154","2116234","2116512","KQ053421v1","5610673","5610968","86","3494439"
"JH378154","2183480","2183785","KQ055352v1","6003171","6003466","72","3819691"
"JH378154","2190579","2190864","KQ053421v1","5610673","5610968","89","3420094"
"JH378154","2341846","2342148","KQ053421v1","5610673","5610968","68","3268827"
"JH378154","2348670","2348950","KQ054815v1","2215557","2215844","80","133113"
"JH378154","2357926","2358234","KQ055267v1","513773","514088","79","1844153"
"JH378154","2373124","2373433","KQ055352v1","6003171","6003466","77","3630047"
"JH378154","2431031","2431328","KQ053421v1","5610673","5610968","74","3179642"
"JH378154","2441930","2442235","KQ056761v1","3147539","3147847","81","705609"
"JH378154","2456140","2456436","KQ053421v1","5610673","5610968","69","3154533"
"JH378154","2460228","2460529","KQ053421v1","5610673","5610968","70","3150445"
"JH378154","2472539","2472838","KQ053421v1","5610673","5610968","70","3138134"
"JH378154","2483314","2483621","KQ055267v1","513773","514088","70","1969541"
"JH378154","2485262","2485562","KQ053421v1","5610673","5610968","72","3125411"
"JH378154","2491448","2491745","KQ053421v1","5610673","5610968","69","3119225"
"JH378154","2492940","2493248","KQ055352v1","6003171","6003466","72","3510231"
"JH378154","2558516","2558812","KQ053421v1","5610673","5610968","66","3052157"
"JH378154","3176639","3176944","KQ055267v1","513773","514088","72","2662866"
"JH378154","3236353","3236596","KQ058242v1","595939","596205","88","2640414"
"JH378154","3285467","3285765","KQ055267v1","513773","514088","81","2771694"
"JH378154","3329536","3329802","KQ053421v1","5610673","5610968","85","2281137"
"JH378154","3397573","3397884","KQ055352v1","6003171","6003466","75","2605598"
"JH378154","3437301","3437558","KQ057901v1","868884","869144","85","2568417"
"JH378154","3703520","3703830","KQ055352v1","6003171","6003466","73","2299651"
"JH378154","3782991","3783319","KQ055267v1","513773","514088","93","3269218"
"JH378154","3844280","3844590","KQ055267v1","513773","514088","82","3330507"
"JH378154","3966311","3966602","KQ055862v1","1305285","1305561","79","2661026"
"JH378154","3987812","3988068","KQ058242v1","595939","596205","96","3391873"
"JH378154","4101155","4101457","KQ053421v1","5610673","5610968","75","1509518"
"JH378154","4138777","4139072","KQ053421v1","5610673","5610968","70","1471896"
"JH378154","4238075","4238398","KQ053421v1","5610673","5610968","102","1372598"
"JH378154","4283360","4283591","KQ055662v1","1890465","1890674","74","2392895"
"JH378154","4393569","4393781","KQ058594v1","5950443","5950621","70","1556874"
"JH378154","4407337","4407652","KQ055352v1","6003171","6003466","84","1595834"
"JH378154","4690317","4690622","KQ055352v1","6003171","6003466","76","1312854"
"JH378154","4743052","4743340","KQ055352v1","6003171","6003466","86","1260119"
"JH378154","4864460","4864764","KQ053421v1","5610673","5610968","68","746213"
"JH378154","4967382","4967613","KQ056064v1","326763","326940","92","4640619"
"JH378154","5095331","5095634","KQ053421v1","5610673","5610968","69","515342"
"JH378154","5195988","5196292","KQ055352v1","6003171","6003466","69","807183"
"JH378154","5260548","5260853","KQ055352v1","6003171","6003466","67","742623"
"JH378154","5385429","5385550","KQ053398v1","2623748","2623879","33","2761681"
"JH378154","5401338","5401637","KQ053421v1","5610673","5610968","77","209335"
"JH378154","5428661","5428967","KQ053421v1","5610673","5610968","70","182012"
"JH378154","5433292","5433574","KQ053785v1","888769","889063","77","4544523"
"JH378154","5490373","5490670","KQ053421v1","5610673","5610968","84","120300"
"JH378154","5528454","5528753","KQ053421v1","5610673","5610968","67","82219"
"JH378154","5570913","5571212","KQ053421v1","5610673","5610968","69","39760"
"JH378154","5581988","5582270","KQ053421v1","5610673","5610968","89","28685"
"JH378154","5589568","5589862","KQ053421v1","5610673","5610968","83","21105"
"JH378154","5594091","5594389","KQ053421v1","5610673","5610968","73","16582"
"JH378154","5835128","5835425","KQ055140v1","2807106","2807399","186","3028022"
"JH378154","5856057","5856366","KQ055267v1","513773","514088","75","5342284"
"JH378154","5889573","5889867","KQ053421v1","5610673","5610968","74","278900"
"JH378154","6050289","6050625","KQ058427v1","7786546","7786853","100","1736257"
"JH378154","6094159","6094386","KQ053234v1","1414405","1414609","74","4679754"
"JH378154","6199307","6199590","KQ058427v1","7786546","7786853","89","1587239"
"JH378154","6240609","6240911","KQ053421v1","5610673","5610968","70","629936"
"JH378154","6249289","6249581","KQ055267v1","513773","514088","82","5735516"
"JH378154","6277963","6278234","KQ058242v1","595939","596205","85","5682024"
"JH378154","6279357","6279668","KQ055267v1","513773","514088","76","5765584"
"JH378154","6469854","6470159","KQ053421v1","5610673","5610968","66","859181"
"JH378154","6521658","6521946","KQ055352v1","6003171","6003466","86","518487"
"JH378154","6770689","6770989","KQ053421v1","5610673","5610968","68","1160016"
"JH378154","6828667","6828976","KQ055267v1","513773","514088","74","6314894"
"JH378154","6846666","6846957","KQ053421v1","5610673","5610968","79","1235993"
"JH378154","6851612","6851811","KQ058427v1","11113103","11113283","56","4261491"
"JH378154","6852767","6852888","KQ053398v1","2623748","2623879","43","4229019"
"JH378154","6853379","6853511","KQ053398v1","2623748","2623879","27","4229631"
"JH378154","6865915","6866131","KQ052982v1","2032903","2033097","67","4833012"
"JH378154","6921184","6921479","KQ053421v1","5610673","5610968","70","1310511"
"JH378154","6956068","6956366","KQ053421v1","5610673","5610968","72","1345395"
"JH378154","7229229","7229511","KQ053421v1","5610673","5610968","84","1618556"
"JH378154","7395077","7395367","KQ057901v1","868884","869144","93","6526193"
"JH378154","7396668","7396958","KQ054815v1","2215557","2215844","99","5181111"
"JH378154","7450607","7450914","KQ055352v1","6003171","6003466","74","1447436"
"JH378154","7478397","7478701","KQ053421v1","5610673","5610968","70","1867724"
"JH378154","7512089","7512400","KQ055267v1","513773","514088","72","6998316"
"JH378154","7516912","7517205","KQ053421v1","5610673","5610968","79","1906239"
"JH378154","7593488","7593745","KQ058640v1","643463","643729","104","6950025"
"JH378154","7661074","7661379","KQ055352v1","6003171","6003466","69","1657903"
"JH378154","7687091","7687398","KQ055352v1","6003171","6003466","68","1683920"
"JH378154","7702707","7703008","KQ053421v1","5610673","5610968","67","2092034"
"JH378154","7728186","7728486","KQ053421v1","5610673","5610968","71","2117513"
"JH378154","7774369","7774675","KQ053421v1","5610673","5610968","72","2163696"
"JH378154","7775211","7775523","KQ058427v1","7786546","7786853","92","11335"
"JH378154","7806580","7806886","KQ055267v1","513773","514088","74","7292807"
"JH378154","8155697","8155993","KQ053421v1","5610673","5610968","75","2545024"
"JH378154","8238800","8239111","KQ058427v1","7786546","7786853","79","452254"
"JH378154","8245925","8246221","KQ055862v1","1305285","1305561","78","6940640"
"JH378154","8329035","8329323","KQ053421v1","5610673","5610968","73","2718362"
"JH378154","8341949","8342288","KQ053421v1","5610673","5610968","113","2731276"
"JH378154","8425805","8425956","KQ052968v1","13665640","13665790","48","5239835"
"JH378154","8431622","8431918","KQ053421v1","5610673","5610968","74","2820949"
"JH378154","8481636","8481942","KQ055352v1","6003171","6003466","67","2478465"
"JH378154","8531414","8531736","KQ055267v1","513773","514088","87","8017641"
"JH378154","8542679","8542985","KQ055267v1","513773","514088","74","8028906"
"JH378154","8737885","8738150","KQ055862v1","1305285","1305561","91","7432600"
"JH378154","8799771","8800080","KQ055267v1","513773","514088","72","8285998"
"JH378154","8807762","8808063","KQ053421v1","5610673","5610968","79","3197089"
"JH378154","8902049","8902344","KQ055267v1","513773","514088","86","8388276"
"JH378154","8964521","8964831","KQ055352v1","6003171","6003466","76","2961350"
"JH378154","9037131","9037441","KQ055267v1","513773","514088","71","8523358"
"JH378154","9051951","9052254","KQ053421v1","5610673","5610968","78","3441278"
"JH378154","9059538","9059818","KQ054815v1","2215557","2215844","81","6843981"
"JH378154","9154811","9155121","KQ055267v1","513773","514088","71","8641038"
"JH378154","9214556","9214777","KQ055662v1","1890465","1890674","69","7324091"
"JH378154","9228382","9228693","KQ055352v1","6003171","6003466","74","3225211"
"JH378154","9283038","9283344","KQ053421v1","5610673","5610968","78","3672365"
"JH378154","9346128","9346358","KQ055662v1","1890465","1890674","71","7455663"
"JH378154","9529302","9529596","KQ053421v1","5610673","5610968","72","3918629"
"JH378154","9575892","9576192","KQ053421v1","5610673","5610968","78","3965219"
"JH378154","9582902","9583208","KQ053421v1","5610673","5610968","88","3972229"
"JH378154","9585688","9585980","KQ053421v1","5610673","5610968","78","3975015"
"JH378154","9739879","9740136","KQ058505v1","2207051","2207301","76","7532828"
"JH378154","9754228","9754361","KQ056911v1","1421731","1421862","37","8332497"
"JH378154","9808304","9808609","KQ053421v1","5610673","5610968","87","4197631"
"JH378154","10060260","10060541","KQ053421v1","5610673","5610968","78","4449587"
"JH378154","10132105","10132381","KQ058242v1","595939","596205","86","9536166"
"JH378154","10197022","10197293","KQ053421v1","5610673","5610968","83","4586349"
"JH378154","10296979","10297270","KQ053421v1","5610673","5610968","81","4686306"
"JH378154","10342428","10342735","KQ058427v1","7786546","7786853","79","2555882"
"JH378154","10358873","10359181","KQ055267v1","513773","514088","79","9845100"
"JH378154","10371352","10371662","KQ058427v1","7786546","7786853","77","2584806"
"JH378154","10408016","10408291","KQ053785v1","888769","889063","81","9519247"
"JH378154","10408310","10408598","KQ053421v1","5610673","5610968","79","4797637"
"JH378154","10441654","10441936","KQ053785v1","888769","889063","90","9552885"
"JH378154","10582010","10582312","KQ053421v1","5610673","5610968","70","4971337"
"JH378154","10589075","10589377","KQ055352v1","6003171","6003466","73","4585904"
"JH378154","10602322","10602615","KQ053421v1","5610673","5610968","73","4991649"
"JH378154","10673562","10673822","KQ058242v1","595939","596205","76","10077623"
"JH378154","10700891","10701143","KQ058427v1","6786866","6787134","97","3914025"
"JH378154","10780635","10780945","KQ055352v1","6003171","6003466","74","4777464"
"JH378154","11025676","11025840","KQ057821v1","3059321","3059481","45","7966355"
"JH378154","11130040","11130227","KQ054179v1","3404435","3404595","51","7725605"
"JH378154","11225228","11225529","KQ053421v1","5610673","5610968","67","5614555"
"JH378154","11225579","11225867","KQ053421v1","5610673","5610968","81","5614906"
"JH378154","11269747","11270050","KQ053421v1","5610673","5610968","85","5659074"
"JH378154","11432014","11432276","KQ053421v1","5610673","5610968","89","5821341"
"JH378154","11591691","11592002","KQ055352v1","6003171","6003466","77","5588520"
"JH378154","11770112","11770414","KQ053421v1","5610673","5610968","81","6159439"
"JH378154","11896279","11896584","KQ055352v1","6003171","6003466","70","5893108"
"JH378154","11901191","11901491","KQ053421v1","5610673","5610968","72","6290518"
"JH378154","11918044","11918350","KQ053421v1","5610673","5610968","73","6307371"
"JH378154","11981604","11981915","KQ055352v1","6003171","6003466","72","5978433"
"JH378154","12004151","12004450","KQ053421v1","5610673","5610968","78","6393478"
"JH378154","12053397","12053700","KQ053421v1","5610673","5610968","74","6442724"
"JH378154","12131995","12132286","KQ058640v1","643463","643729","84","11488532"
"JH378154","12142392","12142680","KQ053421v1","5610673","5610968","79","6531719"
"JH378154","12180429","12180709","KQ058339v1","4553625","4553889","80","7626804"
"JH378154","12232125","12232420","KQ053421v1","5610673","5610968","74","6621452"
"JH378154","12248742","12249050","KQ055267v1","513773","514088","80","11734969"
"JH378154","12269764","12270033","KQ053883v1","6938067","6938331","85","5331697"
"JH378154","12334577","12334872","KQ053421v1","5610673","5610968","83","6723904"
"JH378154","12651687","12651883","KQ052982v1","2032903","2033097","48","10618784"
"JH378154","12670493","12670688","KQ058594v1","5950443","5950621","65","6720050"
"JH378154","12718167","12718471","KQ053421v1","5610673","5610968","77","7107494"
"JH378154","12770395","12770656","KQ058242v1","595939","596205","68","12174456"
"JH378154","12832134","12832445","KQ058427v1","7786546","7786853","90","5045588"
"JH378154","12956676","12956979","KQ053421v1","5610673","5610968","81","7346003"
"JH378154","13110958","13111268","KQ055352v1","6003171","6003466","74","7107787"
"JH378154","13231614","13231921","KQ055352v1","6003171","6003466","76","7228443"
"JH378154","13266624","13266905","KQ058242v1","595939","596205","81","12670685"
"JH378154","13281902","13282114","KQ052982v1","2032903","2033097","62","11248999"
"JH378154","13324718","13324999","KQ053785v1","888769","889063","98","12435949"
"JH378154","13335090","13335372","KQ058339v1","4553625","4553889","80","8781465"
"JH378154","13453603","13453914","KQ058427v1","7786546","7786853","76","5667057"
"JH378154","13492456","13492750","KQ053421v1","5610673","5610968","68","7881783"
"JH378154","13518957","13519255","KQ055862v1","1305285","1305561","90","12213672"
"JH378154","13564172","13564483","KQ058427v1","7786546","7786853","84","5777626"
"JH378154","13613582","13613861","KQ057901v1","868884","869144","95","12744698"
"JH378154","13623607","13623914","KQ055352v1","6003171","6003466","70","7620436"
"JH378154","13648590","13648900","KQ058427v1","7786546","7786853","87","5862044"
"JH378154","13654343","13654565","KQ056321v1","575951","576190","90","13078392"
"JH378154","13697870","13698154","KQ057186v1","783828","784085","79","12914042"
"JH378154","13720512","13720804","KQ053421v1","5610673","5610968","75","8109839"
"JH378154","13767155","13767335","KQ058423v1","270754","270928","43","13496401"
"JH378154","13844974","13845271","KQ053421v1","5610673","5610968","85","8234301"
"JH378154","13891869","13892180","KQ055352v1","6003171","6003466","77","7888698"
"JH378154","13894587","13894895","KQ055352v1","6003171","6003466","69","7891416"
"JH378154","14051130","14051425","KQ053421v1","5610673","5610968","74","8440457"
"JH378154","14089547","14089716","KQ056064v1","326763","326940","65","13762784"
"JH378154","14090293","14090500","KQ052982v1","2032903","2033097","52","12057390"
"JH378154","14134556","14134801","KQ058242v1","595939","596205","83","13538617"
"JH378154","14191207","14191518","KQ053421v1","5610673","5610968","73","8580534"
"JH378154","14248140","14248424","KQ053421v1","5610673","5610968","92","8637467"
"JH378154","14249906","14250229","KQ058427v1","7786546","7786853","83","6463360"
"JH378154","14250611","14250913","KQ053421v1","5610673","5610968","79","8639938"
"JH378154","14268247","14268546","KQ053421v1","5610673","5610968","67","8657574"
"JH378154","14295500","14295641","KQ056920v1","183120","183261","47","14112380"
"JH378154","14458501","14458796","KQ053421v1","5610673","5610968","69","8847828"
"JH378154","14487709","14487988","KQ058640v1","643463","643729","90","13844246"
"JH378154","14490318","14490442","KQ053398v1","2623748","2623879","36","11866570"
"JH378154","14496870","14497185","KQ055267v1","513773","514088","74","13983097"
"JH378154","14524661","14524967","KQ055267v1","513773","514088","81","14010888"
"JH378154","14600743","14600948","KQ053234v1","1679581","1679757","64","12921162"
"JH378154","14652672","14652962","KQ053421v1","5610673","5610968","76","9041999"
"JH378154","14655711","14655808","KQ056235v1","1266284","1266361","40","13389427"
"JH378154","14655922","14656077","KQ055777v1","2006014","2006163","42","12649908"
"JH378154","14722368","14722660","KQ053421v1","5610673","5610968","74","9111695"
"JH378154","14736006","14736306","KQ053421v1","5610673","5610968","70","9125333"
"JH378154","14745331","14745642","KQ055352v1","6003171","6003466","73","8742160"
"JH378154","14786362","14786673","KQ053421v1","5610673","5610968","74","9175689"
"JH378154","14792772","14793084","KQ055267v1","513773","514088","84","14278999"
"JH378154","14888744","14889013","KQ055862v1","1305285","1305561","86","13583459"
"JH378154","14918418","14918724","KQ055352v1","6003171","6003466","72","8915247"
"JH378154","15166098","15166372","KQ053421v1","5610673","5610968","80","9555425"
"JH378154","15179805","15180116","KQ055267v1","513773","514088","79","14666032"
"JH378154","15221813","15222120","KQ055352v1","6003171","6003466","74","9218642"
"JH378154","15376008","15376296","KQ057901v1","868884","869144","90","14507124"
"JH378154","15751555","15751868","KQ053421v1","5610673","5610968","75","10140882"
"JH378154","15774094","15774388","KQ053421v1","5610673","5610968","68","10163421"
"JH378154","15832706","15832830","KQ053398v1","2623748","2623879","36","13208958"
"JH378154","15851387","15851682","KQ053421v1","5610673","5610968","69","10240714"
"JH378154","16033062","16033349","KQ053421v1","5610673","5610968","77","10422389"
"JH378154","16056887","16057158","KQ056321v1","575951","576190","84","15480936"
"JH378154","16089462","16089664","KQ055662v1","1890465","1890674","62","14198997"
"JH378154","16102412","16102701","KQ053421v1","5610673","5610968","84","10491739"
"JH378154","16146961","16147268","KQ053421v1","5610673","5610968","74","10536288"
"JH378154","16196512","16196807","KQ053421v1","5610673","5610968","68","10585839"
"JH378154","16235891","16235971","KQ056235v1","1266284","1266361","19","14969607"
"JH378154","16238943","16239286","KQ053059v1","2548766","2549102","114","13690177"
"JH378154","16326870","16327147","KQ054815v1","2215557","2215844","86","14111313"
"JH378154","16357399","16357677","KQ058242v1","595939","596205","84","15761460"
"JH378154","16440041","16440345","KQ055352v1","6003171","6003466","76","10436870"
"JH378155","2490368","2490676","KQ058427v1","7786546","7786853","171","5296178"
"JH378155","204500","204802","KQ058427v1","7786546","7786853","79","7582046"
"JH378155","261305","261609","KQ053421v1","5610673","5610968","74","5349368"
"JH378155","369835","370089","KQ058505v1","2207051","2207301","87","1837216"
"JH378155","384701","385012","KQ055352v1","6003171","6003466","72","5618470"
"JH378155","401482","401775","KQ053421v1","5610673","5610968","76","5209191"
"JH378155","538191","538501","KQ058427v1","7786546","7786853","76","7248355"
"JH378155","541661","541923","KQ053883v1","6938067","6938331","89","6396406"
"JH378155","549370","549675","KQ055352v1","6003171","6003466","73","5453801"
"JH378155","649551","649838","KQ053421v1","5610673","5610968","72","4961122"
"JH378155","717775","718080","KQ055352v1","6003171","6003466","78","5285396"
"JH378155","795661","795962","KQ053421v1","5610673","5610968","68","4815012"
"JH378155","887876","888175","KQ053421v1","5610673","5610968","69","4722797"
"JH378155","888396","888689","KQ055267v1","513773","514088","93","374623"
"JH378155","945225","945535","KQ053421v1","5610673","5610968","73","4665448"
"JH378155","1003362","1003651","KQ053421v1","5610673","5610968","83","4607311"
"JH378155","1060436","1060583","KQ054401v1","3363241","3363379","51","2302805"
"JH378155","1100637","1100951","KQ053421v1","5610673","5610968","95","4510036"
"JH378155","1180638","1180894","KQ058509v1","24058","24271","85","1156580"
"JH378155","1180895","1181055","KQ053398v1","2623748","2623879","66","1442853"
"JH378155","1272084","1272377","KQ053421v1","5610673","5610968","81","4338589"
"JH378155","1315864","1316018","KQ053093v1","1668172","1668343","49","352308"
"JH378155","1358826","1359135","KQ055267v1","513773","514088","81","845053"
"JH378155","1429306","1429453","KQ053267v1","1313653","1313811","42","115653"
"JH378155","1506429","1506684","KQ057186v1","783828","784085","89","722601"
"JH378155","1524469","1524738","KQ057909v1","9290159","9290423","93","7765690"
"JH378155","1688175","1688471","KQ053421v1","5610673","5610968","70","3922498"
"JH378155","1701911","1702202","KQ053421v1","5610673","5610968","82","3908762"
"JH378155","1721962","1722268","KQ055352v1","6003171","6003466","72","4281209"
"JH378155","1764374","1764678","KQ053421v1","5610673","5610968","73","3846299"
"JH378155","1777591","1777890","KQ058427v1","7786546","7786853","91","6008955"
"JH378155","1792535","1792763","KQ058242v1","595939","596205","88","1196596"
"JH378155","1818245","1818517","KQ058242v1","595939","596205","84","1222306"
"JH378155","2134628","2134938","KQ053421v1","5610673","5610968","81","3476045"
"JH378155","2138356","2138642","KQ053421v1","5610673","5610968","84","3472317"
"JH378155","2175070","2175348","KQ053421v1","5610673","5610968","76","3435603"
"JH378155","2273270","2273449","KQ053531v1","6571","6737","68","2266699"
"JH378155","2493179","2493471","KQ058242v1","595939","596205","99","1897240"
"JH378155","2519117","2519420","KQ053421v1","5610673","5610968","70","3091556"
"JH378155","2610062","2610385","KQ053421v1","5610673","5610968","92","3000611"
"JH378155","2620944","2621246","KQ058427v1","7786546","7786853","82","5165602"
"JH378155","2738863","2739170","KQ055352v1","6003171","6003466","74","3264308"
"JH378155","2798499","2798803","KQ053421v1","5610673","5610968","72","2812174"
"JH378155","2946642","2946941","KQ053421v1","5610673","5610968","77","2664031"
"JH378155","3191531","3191841","KQ055352v1","6003171","6003466","74","2811640"
"JH378155","3357588","3357898","KQ055352v1","6003171","6003466","77","2645583"
"JH378155","3630732","3631043","KQ055352v1","6003171","6003466","78","2372439"
"JH378155","3677739","3678037","KQ053421v1","5610673","5610968","69","1932934"
"JH378155","3823344","3823446","KQ056279v1","759081","759162","40","3064263"
"JH378155","3985524","3985800","KQ057186v1","783828","784085","73","3201696"
"JH378155","4065451","4065757","KQ055352v1","6003171","6003466","70","1937720"
"JH378155","4400922","4401216","KQ053421v1","5610673","5610968","80","1209751"
"JH378155","4422398","4422678","KQ058242v1","595939","596205","76","3826459"
"JH378155","4503052","4503350","KQ053421v1","5610673","5610968","77","1107621"
"JH378155","4526092","4526423","KQ055267v1","513773","514088","91","4012319"
"JH378155","4836368","4836674","KQ055267v1","513773","514088","76","4322595"
"JH378155","4919315","4919607","KQ053421v1","5610673","5610968","87","691358"
"JH378155","4951005","4951270","KQ055862v1","1305285","1305561","89","3645720"
"JH378155","4972555","4972852","KQ055267v1","513773","514088","96","4458782"
"JH378155","5002950","5003256","KQ055352v1","6003171","6003466","76","1000221"
"JH378155","5012423","5012724","KQ055267v1","513773","514088","84","4498650"
"JH378155","5016430","5016698","KQ058242v1","595939","596205","67","4420491"
"JH378155","5046033","5046207","KQ055978v1","4311984","4312161","51","734049"
"JH378155","5061173","5061485","KQ053421v1","5610673","5610968","82","549500"
"JH378155","5087618","5087904","KQ054815v1","2215557","2215844","81","2872061"
"JH378155","5097140","5097448","KQ055267v1","513773","514088","80","4583367"
"JH378155","5231507","5231794","KQ053421v1","5610673","5610968","81","379166"
"JH378155","5236598","5236824","KQ053234v1","1414405","1414609","58","3822193"
"JH378155","5252709","5253023","KQ055267v1","513773","514088","77","4738936"
"JH378155","5253131","5253442","KQ055267v1","513773","514088","70","4739358"
"JH378155","5291211","5291506","KQ053421v1","5610673","5610968","72","319462"
"JH378155","5297063","5297370","KQ058427v1","7786546","7786853","82","2489483"
"JH378155","5372337","5372647","KQ055352v1","6003171","6003466","79","630834"
"JH378155","5568141","5568338","KQ053234v1","1414405","1414609","47","4153736"
"JH378155","5739852","5740152","KQ053421v1","5610673","5610968","66","129179"
"JH378155","5901834","5902128","KQ053421v1","5610673","5610968","73","291161"
"JH378155","5914268","5914580","KQ053421v1","5610673","5610968","84","303595"
"JH378155","5931590","5931888","KQ053421v1","5610673","5610968","79","320917"
"JH378155","5942862","5943166","KQ055267v1","513773","514088","87","5429089"
"JH378155","6074820","6075116","KQ053421v1","5610673","5610968","71","464147"
"JH378155","6108826","6109144","KQ053421v1","5610673","5610968","88","498153"
"JH378155","6242085","6242380","KQ053421v1","5610673","5610968","69","631412"
"JH378155","6248853","6249069","KQ055662v1","1890465","1890674","61","4358388"
"JH378155","6269679","6269977","KQ058394v1","9655127","9655422","83","3385448"
"JH378155","6305891","6306191","KQ053421v1","5610673","5610968","71","695218"
"JH378155","6420774","6421044","KQ053421v1","5610673","5610968","67","810101"
"JH378155","6515736","6516035","KQ053421v1","5610673","5610968","76","905063"
"JH378155","6959894","6960201","KQ055352v1","6003171","6003466","72","956723"
"JH378155","7073148","7073447","KQ053421v1","5610673","5610968","62","1462475"
"JH378155","7365135","7365447","KQ055352v1","6003171","6003466","73","1361964"
"JH378155","7404062","7404372","KQ055267v1","513773","514088","87","6890289"
"JH378155","7430713","7431025","KQ058427v1","7786546","7786853","79","355833"
"JH378155","7456336","7456672","KQ055267v1","513773","514088","97","6942563"
"JH378155","7494319","7494620","KQ053421v1","5610673","5610968","73","1883646"
"JH378155","7713835","7714130","KQ053421v1","5610673","5610968","80","2103162"
"JH378155","8089485","8089795","KQ055267v1","513773","514088","72","7575712"
"JH378155","8510133","8510444","KQ053421v1","5610673","5610968","76","2899460"
"JH378155","8522262","8522573","KQ055352v1","6003171","6003466","76","2519091"
"JH378155","8737478","8737770","KQ053421v1","5610673","5610968","76","3126805"
"JH378155","8766827","8767021","KQ053234v1","1679581","1679757","64","7087246"
"JH378155","8771497","8771779","KQ058427v1","6786866","6787134","81","1984631"
"JH378155","8831021","8831319","KQ053421v1","5610673","5610968","80","3220348"
"JH378155","8848916","8849198","KQ058242v1","595939","596205","92","8252977"
"JH378155","8955817","8956127","KQ055267v1","513773","514088","79","8442044"
"JH378155","8983033","8983362","KQ055267v1","513773","514088","96","8469260"
"JH378155","9029260","9029567","KQ058427v1","7786546","7786853","76","1242714"
"JH378155","9434844","9435159","KQ055352v1","6003171","6003466","78","3431673"
"JH378155","9498826","9499127","KQ053421v1","5610673","5610968","73","3888153"
"JH378155","9747353","9747654","KQ055267v1","513773","514088","80","9233580"
"JH378155","9835313","9835620","KQ053421v1","5610673","5610968","71","4224640"
"JH378155","9995522","9995833","KQ058427v1","7786546","7786853","73","2208976"
"JH378155","10077395","10077702","KQ055267v1","513773","514088","86","9563622"
"JH378155","10142395","10142685","KQ053421v1","5610673","5610968","73","4531722"
"JH378155","10210802","10211095","KQ053421v1","5610673","5610968","77","4600129"
"JH378155","10288385","10288680","KQ053421v1","5610673","5610968","72","4677712"
"JH378155","10355076","10355380","KQ055352v1","6003171","6003466","70","4351905"
"JH378155","10511379","10511675","KQ053421v1","5610673","5610968","77","4900706"
"JH378155","10551474","10551645","KQ058423v1","270754","270928","47","10280720"
"JH378155","10619834","10620145","KQ055267v1","513773","514088","77","10106061"
"JH378155","10620669","10620957","KQ058427v1","6786866","6787134","84","3833803"
"JH378155","10732414","10732656","KQ053234v1","1414405","1414609","80","9318009"
"JH378155","10952327","10952460","KQ053398v1","2623748","2623879","30","8328579"
"JH378155","10996928","10997236","KQ055352v1","6003171","6003466","77","4993757"
"JH378155","11115408","11115721","KQ053421v1","5610673","5610968","88","5504735"
"JH378155","11370949","11371122","KQ054954v1","1680710","1680882","46","9690239"
"JH378155","12269982","12270295","KQ058427v1","7786546","7786853","86","4483436"
"JH378155","12378882","12379192","KQ055352v1","6003171","6003466","72","6375711"
"JH378155","12513757","12514030","KQ057186v1","783828","784085","83","11729929"
"JH378155","12655636","12655930","KQ053421v1","5610673","5610968","64","7044963"
"JH378155","12696655","12696958","KQ058427v1","7786546","7786853","86","4910109"
"JH378155","12728041","12728353","KQ053421v1","5610673","5610968","86","7117368"
"JH378155","13240406","13240696","KQ053421v1","5610673","5610968","91","7629733"
"JH378155","13507684","13507991","KQ053421v1","5610673","5610968","78","7897011"
"JH378155","13619461","13619763","KQ055267v1","513773","514088","83","13105688"
"JH378155","13622967","13623256","KQ053421v1","5610673","5610968","72","8012294"
"JH378155","13670249","13670548","KQ053421v1","5610673","5610968","77","8059576"
"JH378155","13819526","13819634","KQ053398v1","2623748","2623879","44","11195778"
"JH378155","14057661","14057945","KQ053421v1","5610673","5610968","80","8446988"
"JH378155","14105562","14105813","KQ058509v1","24058","24271","83","14081504"
"JH378155","14125154","14125451","KQ053421v1","5610673","5610968","88","8514481"
"JH378155","14479284","14479524","KQ058509v1","24058","24271","69","14455226"
"JH378155","14929130","14929442","KQ053421v1","5610673","5610968","75","9318457"
"JH378155","14997629","14997939","KQ055267v1","513773","514088","94","14483856"
"JH378155","16227338","16227521","KQ056147v1","2861940","2862121","61","13365398"
"JH378155","16241267","16241558","KQ053421v1","5610673","5610968","84","10630594"
"JH378155","16288373","16288673","KQ055352v1","6003171","6003466","83","10285202"
"JH378155","16344559","16344854","KQ053421v1","5610673","5610968","85","10733886"
"JH378156","15524","15840","KQ053421v1","5610673","5610968","84","5595149"
"JH378156","46309","46539","KQ052982v1","2032903","2033097","66","1986594"
"JH378156","59939","60236","KQ053421v1","5610673","5610968","83","5550734"
"JH378156","64807","65096","KQ053421v1","5610673","5610968","79","5545866"
"JH378156","73284","73577","KQ053421v1","5610673","5610968","83","5537389"
"JH378156","86517","86805","KQ057901v1","868884","869144","93","782367"
"JH378156","123329","123618","KQ053421v1","5610673","5610968","98","5487344"
"JH378156","125698","125820","KQ053398v1","2623748","2623879","37","2498050"
"JH378156","171546","171851","KQ053421v1","5610673","5610968","70","5439127"
"JH378156","190497","190801","KQ053421v1","5610673","5610968","71","5420176"
"JH378156","235589","235756","KQ053993v1","1251070","1251235","52","1015481"
"JH378156","240786","241083","KQ053421v1","5610673","5610968","90","5369887"
"JH378156","275673","275970","KQ053421v1","5610673","5610968","85","5335000"
"JH378156","294334","294652","KQ055352v1","6003171","6003466","80","5708837"
"JH378156","342606","342837","KQ055662v1","1890465","1890674","85","1547859"
"JH378156","428824","429124","KQ053421v1","5610673","5610968","76","5181849"
"JH378156","537205","537482","KQ056321v1","575951","576190","103","38746"
"JH378156","586445","586725","KQ053421v1","5610673","5610968","93","5024228"
"JH378156","818946","819170","KQ058509v1","24058","24271","72","794888"
"JH378156","844819","845129","KQ058427v1","7786546","7786853","76","6941727"
"JH378156","932565","932658","KQ058272v1","5283309","5283400","20","4350744"
"JH378156","1026987","1027283","KQ053421v1","5610673","5610968","71","4583686"
"JH378156","1066889","1067179","KQ053421v1","5610673","5610968","83","4543784"
"JH378156","1136659","1137006","KQ055352v1","6003171","6003466","123","4866512"
"JH378156","1373239","1373540","KQ053421v1","5610673","5610968","73","4237434"
"JH378156","1394958","1395274","KQ055267v1","513773","514088","83","881185"
"JH378156","1432604","1432916","KQ058427v1","7786546","7786853","78","6353942"
"JH378156","1480659","1480963","KQ053421v1","5610673","5610968","69","4130014"
"JH378156","1482571","1482868","KQ053421v1","5610673","5610968","79","4128102"
"JH378156","1483351","1483479","KQ053398v1","2627781","2627909","30","1144430"
"JH378156","1500573","1500904","KQ055267v1","513773","514088","90","986800"
"JH378156","1529056","1529354","KQ053421v1","5610673","5610968","68","4081617"
"JH378156","1535193","1535480","KQ058640v1","643463","643729","81","891730"
"JH378156","1537438","1537729","KQ053421v1","5610673","5610968","81","4073235"
"JH378156","1542410","1542700","KQ055862v1","1305285","1305561","79","237125"
"JH378156","1552310","1552613","KQ055352v1","6003171","6003466","72","4450861"
"JH378156","1639837","1640101","KQ058242v1","595939","596205","72","1043898"
"JH378156","1647093","1647383","KQ053421v1","5610673","5610968","82","3963580"
"JH378156","1651174","1651456","KQ053785v1","888769","889063","83","762405"
"JH378156","1669549","1669829","KQ053421v1","5610673","5610968","82","3941124"
"JH378156","1678731","1679034","KQ053421v1","5610673","5610968","76","3931942"
"JH378156","1682697","1682985","KQ053421v1","5610673","5610968","76","3927976"
"JH378156","1703386","1703684","KQ053421v1","5610673","5610968","74","3907287"
"JH378156","1704979","1705271","KQ053421v1","5610673","5610968","80","3905694"
"JH378156","1716270","1716563","KQ053785v1","888769","889063","82","827501"
"JH378156","1734016","1734315","KQ058427v1","7786546","7786853","84","6052530"
"JH378156","1747631","1747938","KQ055267v1","513773","514088","76","1233858"
"JH378156","1846400","1846690","KQ053421v1","5610673","5610968","86","3764273"
"JH378156","1984939","1985086","KQ057161v1","453350","453459","57","1531589"
"JH378156","1999788","1999975","KQ057449v1","1214348","1214489","82","785440"
"JH378156","2000005","2000267","KQ058242v1","595939","596205","70","1404066"
"JH378156","2048807","2049102","KQ053421v1","5610673","5610968","74","3561866"
"JH378156","2050880","2051190","KQ053421v1","5610673","5610968","85","3559793"
"JH378156","2099145","2099436","KQ053421v1","5610673","5610968","73","3511528"
"JH378156","2178002","2178294","KQ053421v1","5610673","5610968","82","3432671"
"JH378156","2181212","2181518","KQ053421v1","5610673","5610968","91","3429461"
"JH378156","2181533","2181841","KQ053421v1","5610673","5610968","80","3429140"
"JH378156","2200965","2201089","KQ053398v1","2623748","2623879","43","422783"
"JH378156","2207434","2207716","KQ053421v1","5610673","5610968","75","3403239"
"JH378156","2216287","2216577","KQ053421v1","5610673","5610968","86","3394386"
"JH378156","2223530","2223759","KQ058509v1","24058","24271","77","2199472"
"JH378156","2278278","2278570","KQ053421v1","5610673","5610968","78","3332395"
"JH378156","2408657","2408963","KQ053421v1","5610673","5610968","76","3202016"
"JH378156","2431724","2432036","KQ053421v1","5610673","5610968","86","3178949"
"JH378156","2435200","2435514","KQ058427v1","7786546","7786853","81","5351346"
"JH378156","2440835","2441123","KQ058242v1","595939","596205","76","1844896"
"JH378156","2456273","2456568","KQ053421v1","5610673","5610968","76","3154400"
"JH378156","2477674","2477993","KQ058427v1","7786546","7786853","83","5308872"
"JH378156","2481880","2482179","KQ053421v1","5610673","5610968","77","3128793"
"JH378156","2494167","2494489","KQ058427v1","7786546","7786853","88","5292379"
"JH378156","2495559","2495857","KQ053421v1","5610673","5610968","79","3115114"
"JH378156","2503210","2503411","KQ052982v1","2032903","2033097","55","470307"
"JH378156","2512097","2512390","KQ053421v1","5610673","5610968","84","3098576"
"JH378156","2580749","2580840","KQ056235v1","1266284","1266361","26","1314465"
"JH378156","2597748","2598032","KQ053785v1","888769","889063","84","1708979"
"JH378156","2614355","2614470","KQ056493v1","2043382","2043488","31","570973"
"JH378156","2816439","2816740","KQ053421v1","5610673","5610968","73","2794234"
"JH378156","2841351","2841651","KQ053421v1","5610673","5610968","87","2769322"
"JH378156","2909108","2909421","KQ055267v1","513773","514088","81","2395335"
"JH378156","2924452","2924727","KQ053421v1","5610673","5610968","75","2686221"
"JH378156","2936605","2936915","KQ053421v1","5610673","5610968","79","2674068"
"JH378156","2946571","2946699","KQ053398v1","2623748","2623879","32","322823"
"JH378156","3036007","3036299","KQ053421v1","5610673","5610968","86","2574666"
"JH378156","3066029","3066315","KQ058427v1","6786866","6787134","77","3720837"
"JH378156","3124969","3125278","KQ055267v1","513773","514088","79","2611196"
"JH378156","3149044","3149206","KQ055914v1","670963","671119","48","2478081"
"JH378156","3156302","3156599","KQ053421v1","5610673","5610968","82","2454371"
"JH378156","3160772","3161053","KQ053421v1","5610673","5610968","84","2449901"
"JH378156","3163175","3163480","KQ053421v1","5610673","5610968","78","2447498"
"JH378156","3164226","3164529","KQ053421v1","5610673","5610968","73","2446447"
"JH378156","3202075","3202363","KQ053421v1","5610673","5610968","68","2408598"
"JH378156","3221107","3221411","KQ053421v1","5610673","5610968","94","2389566"
"JH378156","3224133","3224400","KQ058339v1","4553625","4553889","83","1329492"
"JH378156","3240200","3240498","KQ053421v1","5610673","5610968","66","2370473"
"JH378156","3250079","3250387","KQ053421v1","5610673","5610968","87","2360594"
"JH378156","3264825","3264954","KQ053398v1","2623748","2623879","28","641077"
"JH378156","3291342","3291629","KQ053421v1","5610673","5610968","88","2319331"
"JH378156","3337369","3337672","KQ055352v1","6003171","6003466","72","2665802"
"JH378156","3364722","3365046","KQ053059v1","2548766","2549102","100","815956"
"JH378156","3792119","3792397","KQ053785v1","888769","889063","82","2903350"
"JH378156","3793192","3793481","KQ058640v1","643463","643729","81","3149729"
"JH378156","3997494","3997788","KQ053421v1","5610673","5610968","76","1613179"
"JH378156","4001520","4001827","KQ053421v1","5610673","5610968","75","1609153"
"JH378156","4039084","4039386","KQ053421v1","5610673","5610968","80","1571589"
"JH378156","4043845","4044162","KQ053421v1","5610673","5610968","87","1566828"
"JH378156","4050303","4050606","KQ055267v1","513773","514088","75","3536530"
"JH378156","4051549","4051734","KQ055978v1","4311984","4312161","51","260435"
"JH378156","4064080","4064370","KQ053421v1","5610673","5610968","67","1546593"
"JH378156","4114025","4114335","KQ055267v1","513773","514088","85","3600252"
"JH378156","4116690","4116980","KQ053421v1","5610673","5610968","85","1493983"
"JH378156","4164656","4164963","KQ053421v1","5610673","5610968","71","1446017"
"JH378156","4181285","4181563","KQ053883v1","6938067","6938331","91","2756782"
"JH378156","4215838","4216139","KQ053421v1","5610673","5610968","74","1394835"
"JH378156","4219732","4220042","KQ053421v1","5610673","5610968","86","1390941"
"JH378156","4289421","4289716","KQ053421v1","5610673","5610968","82","1321252"
"JH378156","4334230","4334454","KQ053234v1","1414405","1414609","63","2919825"
"JH378156","4356980","4357257","KQ058242v1","595939","596205","64","3761041"
"JH378156","4385284","4385554","KQ058640v1","643463","643729","91","3741821"
"JH378156","4385912","4386211","KQ053421v1","5610673","5610968","77","1224761"
"JH378156","4401880","4402106","KQ058274v1","300327","300497","86","4101553"
"JH378156","4424790","4424963","KQ058350v1","9514178","9514352","42","5089388"
"JH378156","4440449","4440760","KQ055352v1","6003171","6003466","70","1562722"
"JH378156","4445593","4445900","KQ053421v1","5610673","5610968","82","1165080"
"JH378156","4479232","4479364","KQ053398v1","2623748","2623879","33","1855484"
"JH378156","4509133","4509436","KQ053421v1","5610673","5610968","78","1101540"
"JH378156","4614687","4614984","KQ053421v1","5610673","5610968","74","995986"
"JH378156","4653460","4653756","KQ053421v1","5610673","5610968","71","957213"
"JH378156","4660899","4661180","KQ058242v1","595939","596205","78","4064960"
"JH378156","4729374","4729674","KQ058427v1","7786546","7786853","83","3057172"
"JH378156","4740562","4740870","KQ058427v1","7786546","7786853","81","3045984"
"JH378156","4775852","4776064","KQ057380v1","3344874","3345081","61","1430978"
"JH378156","4883117","4883427","KQ055267v1","513773","514088","78","4369344"
"JH378156","4952515","4952825","KQ055267v1","513773","514088","71","4438742"
"JH378156","5124412","5124663","KQ057186v1","783828","784085","99","4340584"
"JH378156","5164280","5164486","KQ057449v1","1214348","1214489","92","3949932"
"JH378156","5232999","5233293","KQ053421v1","5610673","5610968","68","377674"
"JH378156","5355623","5355906","KQ053421v1","5610673","5610968","85","255050"
"JH378156","5433174","5433375","KQ058594v1","5950443","5950621","59","517269"
"JH378156","5491846","5492121","KQ053883v1","6938067","6938331","82","1446221"
"JH378156","5502371","5502649","KQ053421v1","5610673","5610968","80","108302"
"JH378156","5518770","5519066","KQ053421v1","5610673","5610968","83","91903"
"JH378156","5686087","5686392","KQ053421v1","5610673","5610968","78","75414"
"JH378156","5774667","5774892","KQ055662v1","1890465","1890674","75","3884202"
"JH378156","5806245","5806537","KQ053421v1","5610673","5610968","80","195572"
"JH378156","5880859","5880964","KQ055717v1","1610376","1610476","38","4270483"
"JH378156","6000433","6000561","KQ053398v1","2623748","2623879","43","3376685"
"JH378156","6091988","6092288","KQ053421v1","5610673","5610968","86","481315"
"JH378156","6104549","6104861","KQ053421v1","5610673","5610968","76","493876"
"JH378156","6119851","6120150","KQ053421v1","5610673","5610968","73","509178"
"JH378156","6153281","6153577","KQ053785v1","888769","889063","95","5264512"
"JH378156","6172393","6172561","KQ054510v1","7582269","7582431","38","1409876"
"JH378156","6237378","6237657","KQ058242v1","595939","596205","80","5641439"
"JH378156","6274161","6274438","KQ053421v1","5610673","5610968","95","663488"
"JH378156","6331899","6332191","KQ053421v1","5610673","5610968","76","721226"
"JH378156","6357334","6357464","KQ053398v1","2623748","2623879","30","3733586"
"JH378156","6378744","6379056","KQ055267v1","513773","514088","83","5864971"
"JH378156","6546733","6547016","KQ054815v1","2215557","2215844","74","4331176"
"JH378156","6579369","6579639","KQ058242v1","595939","596205","69","5983430"
"JH378156","6612652","6612958","KQ055352v1","6003171","6003466","71","609481"
"JH378156","6689839","6690162","KQ058427v1","7786546","7786853","90","1096707"
"JH378156","6794375","6794662","KQ058339v1","4553625","4553889","77","2240750"
"JH378156","6868927","6869228","KQ053421v1","5610673","5610968","67","1258254"
"JH378156","6895210","6895483","KQ053421v1","5610673","5610968","86","1284537"
"JH378156","6908411","6908722","KQ053421v1","5610673","5610968","83","1297738"
"JH378156","6989774","6990069","KQ053421v1","5610673","5610968","76","1379101"
"JH378156","7013742","7014045","KQ053421v1","5610673","5610968","72","1403069"
"JH378156","7120020","7120319","KQ053421v1","5610673","5610968","67","1509347"
"JH378156","7269615","7269795","KQ058274v1","300327","300497","51","6969288"
"JH378156","7311663","7311972","KQ055267v1","513773","514088","73","6797890"
"JH378156","7364564","7364868","KQ053421v1","5610673","5610968","82","1753891"
"JH378156","7549383","7549689","KQ058427v1","7786546","7786853","83","237163"
"JH378156","7569847","7570083","KQ055662v1","1890465","1890674","76","5679382"
"JH378156","7581651","7581954","KQ058242v1","595939","596205","94","6985712"
"JH378156","7664707","7664921","KQ056064v1","326763","326940","73","7337944"
"JH378156","7680373","7680681","KQ055352v1","6003171","6003466","75","1677202"
"JH378156","7825291","7825594","KQ055267v1","513773","514088","75","7311518"
"JH378156","7850509","7850817","KQ055267v1","513773","514088","72","7336736"
"JH378156","8006138","8006395","KQ058505v1","2207051","2207301","81","5799087"
"JH378156","8017600","8017905","KQ053421v1","5610673","5610968","68","2406927"
"JH378156","8097517","8097811","KQ053421v1","5610673","5610968","88","2486844"
"JH378156","8188892","8189190","KQ053421v1","5610673","5610968","66","2578219"
"JH378156","8242117","8242414","KQ053421v1","5610673","5610968","70","2631444"
"JH378156","8308687","8308861","KQ053531v1","6571","6737","60","8302116"
"JH378156","8435808","8436101","KQ053421v1","5610673","5610968","84","2825135"
"JH378156","8539686","8539884","KQ053752v1","8015097","8015288","57","524589"
"JH378156","8899483","8899772","KQ053421v1","5610673","5610968","78","3288810"
"JH378156","9006743","9006872","KQ053398v1","2623748","2623879","33","6382995"
"JH378156","9023049","9023292","KQ058242v1","595939","596205","80","8427110"
"JH378156","9058101","9058391","KQ053421v1","5610673","5610968","78","3447428"
"JH378156","9063132","9063186","KQ053827v1","2325611","2325650","26","6737521"
"JH378156","9071876","9072182","KQ053421v1","5610673","5610968","81","3461203"
"JH378156","9074091","9074399","KQ055267v1","513773","514088","67","8560318"
"JH378156","9080593","9080723","KQ053398v1","2623748","2623879","35","6456845"
"JH378156","9116429","9116725","KQ056761v1","3147539","3147847","88","5968890"
"JH378156","9270217","9270333","KQ056493v1","2043382","2043488","34","7226835"
"JH378156","9338644","9338935","KQ053421v1","5610673","5610968","75","3727971"
"JH378156","9356151","9356407","KQ058242v1","595939","596205","71","8760212"
"JH378156","9498206","9498493","KQ053421v1","5610673","5610968","84","3887533"
"JH378156","9643189","9643393","KQ053234v1","1679581","1679757","73","7963608"
"JH378156","9704017","9704307","KQ053421v1","5610673","5610968","81","4093344"
"JH378156","9828926","9829235","KQ058427v1","7786546","7786853","92","2042380"
"JH378156","9851642","9851937","KQ053421v1","5610673","5610968","84","4240969"
"JH378156","9880605","9880887","KQ053421v1","5610673","5610968","88","4269932"
"JH378156","10194437","10194715","KQ054815v1","2215557","2215844","88","7978880"
"JH378156","10350877","10351204","KQ053059v1","2548766","2549102","93","7802111"
"JH378156","10370004","10370090","KQ058316v1","2226037","2226104","38","8143967"
"JH378156","10656872","10657183","KQ055352v1","6003171","6003466","73","4653701"
"JH378156","10717346","10717643","KQ053421v1","5610673","5610968","70","5106673"
"JH378156","10742238","10742545","KQ053421v1","5610673","5610968","71","5131565"
"JH378156","10743702","10743851","KQ053004v1","3064551","3064681","56","7679151"
"JH378156","10880830","10881113","KQ053141v1","2860","3159","85","10877970"
"JH378156","10904209","10904496","KQ053421v1","5610673","5610968","86","5293536"
"JH378156","10917061","10917377","KQ053421v1","5610673","5610968","90","5306388"
"JH378156","10998497","10998798","KQ053421v1","5610673","5610968","67","5387824"
"JH378156","11000877","11001188","KQ055267v1","513773","514088","81","10487104"
"JH378156","11016745","11017050","KQ058427v1","7786546","7786853","76","3230199"
"JH378156","11073761","11074041","KQ055862v1","1305285","1305561","81","9768476"
"JH378156","11223792","11224087","KQ053421v1","5610673","5610968","87","5613119"
"JH378156","11235148","11235433","KQ053785v1","888769","889063","78","10346379"
"JH378156","11279870","11280062","KQ054954v1","1680710","1680882","58","9599160"
"JH378156","11285271","11285451","KQ058423v1","270754","270928","39","11014517"
"JH378156","11338434","11338740","KQ055352v1","6003171","6003466","81","5335263"
"JH378156","11415746","11415936","KQ056064v1","326763","326940","53","11088983"
"JH378156","11558304","11558603","KQ053421v1","5610673","5610968","71","5947631"
"JH378156","11931161","11931450","KQ053421v1","5610673","5610968","87","6320488"
"JH378156","12105300","12105595","KQ053421v1","5610673","5610968","67","6494627"
"JH378156","12206979","12207128","KQ054401v1","3363241","3363379","44","8843738"
"JH378156","12231348","12231646","KQ053421v1","5610673","5610968","69","6620675"
"JH378156","12312136","12312351","KQ055140v1","659740","659924","71","11652396"
"JH378156","12545703","12545989","KQ053421v1","5610673","5610968","81","6935030"
"JH378156","12658735","12659048","KQ053421v1","5610673","5610968","97","7048062"
"JH378156","12751020","12751326","KQ055267v1","513773","514088","75","12237247"
"JH378156","13066002","13066303","KQ053421v1","5610673","5610968","75","7455329"
"JH378156","13098319","13098608","KQ053421v1","5610673","5610968","64","7487646"
"JH378156","13154135","13154258","KQ053398v1","2627781","2627909","35","10526354"
"JH378156","13250514","13250763","KQ057901v1","868884","869144","77","12381630"
"JH378156","13262981","13263284","KQ053421v1","5610673","5610968","79","7652308"
"JH378156","13264921","13265222","KQ053421v1","5610673","5610968","94","7654248"
"JH378156","13394281","13394564","KQ053421v1","5610673","5610968","74","7783608"
"JH378156","13516574","13516801","ABDC02053644v1","2226","2419","86","13514348"
"JH378156","13756702","13756990","KQ053421v1","5610673","5610968","73","8146029"
"JH378156","13823829","13824170","KQ058427v1","7786546","7786853","112","6037283"
"JH378156","14046046","14046217","KQ058350v1","9514178","9514352","47","4531868"
"JH378156","14166557","14166852","KQ053421v1","5610673","5610968","78","8555884"
"JH378156","14237489","14237767","KQ053421v1","5610673","5610968","86","8626816"
"JH378156","14262057","14262281","KQ056064v1","326763","326940","83","13935294"
"JH378156","14322055","14322344","KQ053421v1","5610673","5610968","94","8711382"
"JH378156","14342070","14342309","KQ058509v1","24058","24271","69","14318012"
"JH378156","14371237","14371357","KQ056493v1","2043382","2043488","41","12327855"
"JH378156","14792090","14792397","KQ053421v1","5610673","5610968","72","9181417"
"JH378156","14875138","14875267","KQ053398v1","2623748","2623879","34","12251390"
"JH378156","14884988","14885289","KQ053421v1","5610673","5610968","68","9274315"
"JH378156","14921543","14921824","KQ053421v1","5610673","5610968","84","9310870"
"JH378156","14973047","14973190","KQ054401v1","3363241","3363379","41","11609806"
"JH378156","15002451","15002750","KQ053421v1","5610673","5610968","80","9391778"
"JH378156","15042362","15042653","KQ053421v1","5610673","5610968","77","9431689"
"JH378156","15534555","15534748","KQ052982v1","2032903","2033097","64","13501652"
"JH378156","15617543","15617778","KQ055662v1","1890465","1890674","83","13727078"
"JH378156","15711424","15711729","KQ055267v1","513773","514088","78","15197651"
"JH378156","15716096","15716216","KQ053398v1","2623748","2623879","42","13092348"
"JH378156","15735428","15735730","KQ055267v1","513773","514088","84","15221655"
"JH378156","15736804","15737079","KQ058339v1","4553625","4553889","85","11183179"
"JH378156","15742118","15742414","KQ055862v1","1305285","1305561","75","14436833"
"JH378156","15743013","15743324","KQ055352v1","6003171","6003466","71","9739842"
"JH378156","15743630","15743937","KQ058427v1","7786546","7786853","77","7957084"
"JH378156","15747797","15748058","KQ057186v1","783828","784085","84","14963969"
"JH378156","15861188","15861455","KQ057901v1","868884","869144","81","14992304"
"JH378156","15881242","15881483","KQ058509v1","24058","24271","76","15857184"
"JH378156","15950704","15951009","KQ053421v1","5610673","5610968","96","10340031"
"JH378156","15952301","15952431","KQ053398v1","2623748","2623879","29","13328553"
"JH378156","16002990","16003119","KQ053398v1","2623748","2623879","37","13379242"
"JH378156","16052738","16053044","KQ058427v1","7786546","7786853","78","8266192"
"JH378156","16070240","16070425","KQ056064v1","326763","326940","52","15743477"
"JH378156","16086180","16086494","KQ055352v1","6003171","6003466","76","10083009"
"JH378156","16090125","16090365","KQ058242v1","595939","596205","80","15494186"
"JH378156","16091671","16091971","KQ053421v1","5610673","5610968","81","10480998"
"JH378157","15436","15578","KQ056911v1","1421731","1421862","44","1406295"
"JH378157","36637","36877","KQ058242v1","595939","596205","84","559302"
"JH378157","42093","42256","KQ058274v1","300327","300497","61","258234"
"JH378157","74730","74950","KQ056064v1","326763","326940","84","252033"
"JH378157","182872","183168","KQ053421v1","5610673","5610968","78","5427801"
"JH378157","189630","189898","KQ057186v1","783828","784085","86","594198"
"JH378157","209620","209912","KQ053421v1","5610673","5610968","76","5401053"
"JH378157","217584","217894","KQ058427v1","7786546","7786853","77","7568962"
"JH378157","218052","218367","KQ053421v1","5610673","5610968","87","5392621"
"JH378157","240399","240523","KQ053398v1","2623748","2623879","36","2383349"
"JH378157","241551","241840","KQ053421v1","5610673","5610968","81","5369122"
"JH378157","243659","243954","KQ053421v1","5610673","5610968","84","5367014"
"JH378157","266161","266429","KQ058427v1","6786866","6787134","90","6520705"
"JH378157","277727","277874","KQ054401v1","3363241","3363379","47","3085514"
"JH378157","278036","278329","KQ053421v1","5610673","5610968","87","5332637"
"JH378157","279625","279845","KQ055662v1","1890465","1890674","56","1610840"
"JH378157","289178","289373","KQ053752v1","8015097","8015288","53","7725919"
"JH378157","351177","351478","KQ053421v1","5610673","5610968","75","5259496"
"JH378157","588774","588990","KQ058594v1","1033101","1033292","71","444327"
"JH378157","664546","664713","KQ053234v1","1679581","1679757","48","1015035"
"JH378157","984636","984810","KQ054954v1","1680710","1680882","42","696074"
"JH378157","1086173","1086371","KQ053993v1","1251070","1251235","69","164897"
"JH378157","1092128","1092332","KQ052982v1","2032903","2033097","57","940775"
"JH378157","1178446","1178627","KQ054954v1","1680710","1680882","45","502264"
"JH378157","1357979","1358155","KQ053531v1","6571","6737","66","1351408"
"JH378157","1434743","1435050","KQ053421v1","5610673","5610968","81","4175930"
"JH378157","1671453","1671686","KQ058242v1","595939","596205","81","1075514"
"JH378157","1717015","1717375","KQ053135v1","5034940","5035266","136","3317925"
"JH378157","1755488","1755778","KQ053421v1","5610673","5610968","82","3855185"
"JH378157","1761393","1761686","KQ053421v1","5610673","5610968","77","3849280"
"JH378157","1786317","1786487","KQ058274v1","300327","300497","70","1485990"
"JH378157","1789457","1789758","KQ053421v1","5610673","5610968","80","3821216"
"JH378157","1806212","1806512","KQ055352v1","6003171","6003466","81","4196959"
"JH378157","1807359","1807648","KQ053421v1","5610673","5610968","77","3803314"
"JH378157","1926892","1927187","KQ058427v1","7786546","7786853","81","5859654"
"JH378157","1938331","1938587","KQ058242v1","595939","596205","70","1342392"
"JH378157","1975931","1976231","KQ053421v1","5610673","5610968","85","3634742"
"JH378157","1989853","1990151","KQ058427v1","7786546","7786853","73","5796693"
"JH378157","2010112","2010400","KQ053421v1","5610673","5610968","79","3600561"
"JH378157","2058881","2059183","KQ058427v1","7786546","7786853","84","5727665"
"JH378157","2067472","2067775","KQ055267v1","513773","514088","80","1553699"
"JH378157","2130192","2130471","KQ058242v1","595939","596205","83","1534253"
"JH378157","2223422","2223661","KQ058242v1","595939","596205","83","1627483"
"JH378157","2368188","2368495","KQ053421v1","5610673","5610968","74","3242485"
"JH378157","2378226","2378518","KQ058242v1","595939","596205","85","1782287"
"JH378157","2440169","2440426","KQ058242v1","595939","596205","73","1844230"
"JH378157","2446815","2447116","KQ053421v1","5610673","5610968","72","3163858"
"JH378157","2453500","2453798","KQ053421v1","5610673","5610968","82","3157173"
"JH378157","2467437","2467746","KQ055267v1","513773","514088","81","1953664"
"JH378157","2476073","2476340","KQ055862v1","1305285","1305561","77","1170788"
"JH378157","2506375","2506646","KQ054815v1","2215557","2215844","93","290818"
"JH378157","2542700","2543007","KQ053421v1","5610673","5610968","83","3067973"
"JH378157","2563454","2563578","KQ053398v1","2623748","2623879","36","60294"
"JH378157","2564240","2564361","KQ057449v1","1214348","1214489","38","1349892"
"JH378157","2573291","2573583","KQ053421v1","5610673","5610968","72","3037382"
"JH378157","2594932","2595055","KQ053004v1","3064551","3064681","48","469619"
"JH378157","2647188","2647481","KQ053421v1","5610673","5610968","77","2963485"
"JH378157","2663394","2663537","KQ053004v1","3064551","3064681","46","401157"
"JH378157","2672148","2672453","KQ053421v1","5610673","5610968","74","2938525"
"JH378157","2746183","2746491","KQ055267v1","513773","514088","70","2232410"
"JH378157","2782963","2783096","KQ053398v1","2623748","2623879","30","159215"
"JH378157","3043742","3044040","KQ053421v1","5610673","5610968","95","2566931"
"JH378157","3051534","3051843","KQ053421v1","5610673","5610968","88","2559139"
"JH378157","3064222","3064534","KQ053421v1","5610673","5610968","78","2546451"
"JH378157","3237385","3237696","KQ053421v1","5610673","5610968","89","2373288"
"JH378157","3267679","3267970","KQ053421v1","5610673","5610968","76","2342994"
"JH378157","3349314","3349619","KQ058427v1","7786546","7786853","76","4437232"
"JH378157","3364446","3364751","KQ055352v1","6003171","6003466","67","2638725"
"JH378157","3516385","3516643","KQ058242v1","595939","596205","69","2920446"
"JH378157","3541822","3542128","KQ058427v1","7786546","7786853","87","4244724"
"JH378157","3635321","3635632","KQ055267v1","513773","514088","82","3121548"
"JH378157","3938769","3939061","KQ053421v1","5610673","5610968","83","1671904"
"JH378157","3964028","3964338","KQ053421v1","5610673","5610968","75","1646645"
"JH378157","4274913","4275250","KQ055352v1","6003171","6003466","109","1728258"
"JH378157","4285222","4285505","KQ054815v1","2215557","2215844","76","2069665"
"JH378157","4325640","4325952","KQ058427v1","7786546","7786853","84","3460906"
"JH378157","4394586","4394894","KQ053421v1","5610673","5610968","82","1216087"
"JH378157","4408650","4408961","KQ053421v1","5610673","5610968","86","1202023"
"JH378157","4493604","4493913","KQ058427v1","7786546","7786853","81","3292942"
"JH378157","4607954","4608233","KQ054815v1","2215557","2215844","79","2392397"
"JH378157","4611442","4611737","KQ053421v1","5610673","5610968","84","999231"
"JH378157","4642613","4642701","KQ056235v1","1266284","1266361","23","3376329"
"JH378157","4643005","4643223","KQ053752v1","8015097","8015288","60","3372092"
"JH378157","4925532","4925836","KQ053421v1","5610673","5610968","77","685141"
"JH378157","4930289","4930589","KQ053421v1","5610673","5610968","74","680384"
"JH378157","5147555","5147854","KQ053421v1","5610673","5610968","77","463118"
"JH378157","5357595","5357914","KQ058427v1","7786546","7786853","93","2428951"
"JH378157","5384926","5385217","KQ053421v1","5610673","5610968","72","225747"
"JH378157","5418464","5418773","KQ058427v1","7786546","7786853","81","2368082"
"JH378157","5483644","5483940","KQ055267v1","513773","514088","93","4969871"
"JH378157","5832108","5832384","KQ053421v1","5610673","5610968","75","221435"
"JH378157","6082166","6082418","KQ058242v1","595939","596205","88","5486227"
"JH378157","6128875","6129150","KQ057186v1","783828","784085","83","5345047"
"JH378157","6132012","6132303","KQ053421v1","5610673","5610968","71","521339"
"JH378157","6177050","6177341","KQ053421v1","5610673","5610968","69","566377"
"JH378157","6342434","6342705","KQ053421v1","5610673","5610968","89","731761"
"JH378157","6356192","6356503","KQ058427v1","7786546","7786853","82","1430354"
"JH378157","6362548","6362867","KQ058427v1","7786546","7786853","94","1423998"
"JH378157","6386961","6387230","KQ058339v1","4553625","4553889","88","1833336"
"JH378157","6416014","6416311","KQ053421v1","5610673","5610968","75","805341"
"JH378157","6425824","6426109","KQ053421v1","5610673","5610968","93","815151"
"JH378157","6533553","6533854","KQ053421v1","5610673","5610968","69","922880"
"JH378157","6599568","6599862","KQ053421v1","5610673","5610968","80","988895"
"JH378157","6634213","6634532","KQ055352v1","6003171","6003466","88","631042"
"JH378157","6637129","6637432","KQ053421v1","5610673","5610968","82","1026456"
"JH378157","6640363","6640580","KQ053234v1","1414405","1414609","64","5225958"
"JH378157","6653831","6653916","KQ058316v1","2226037","2226104","31","4427794"
"JH378157","6668709","6669007","KQ053421v1","5610673","5610968","82","1058036"
"JH378157","6728294","6728425","KQ053398v1","2623748","2623879","41","4104546"
"JH378157","6860451","6860749","KQ053421v1","5610673","5610968","79","1249778"
"JH378157","6921295","6921608","KQ058427v1","7786546","7786853","79","865251"
"JH378157","6934258","6934544","KQ053421v1","5610673","5610968","83","1323585"
"JH378157","7035599","7035691","KQ058272v1","5924923","5924994","37","1110676"
"JH378157","7053632","7053931","KQ053421v1","5610673","5610968","79","1442959"
"JH378157","7112207","7112502","KQ053421v1","5610673","5610968","69","1501534"
"JH378157","7124859","7125155","KQ053421v1","5610673","5610968","83","1514186"
"JH378157","7203463","7203772","KQ055267v1","513773","514088","86","6689690"
"JH378157","7234757","7235052","KQ053421v1","5610673","5610968","86","1624084"
"JH378157","7240925","7241213","KQ053421v1","5610673","5610968","86","1630252"
"JH378157","7269080","7269286","KQ053531v1","6571","6737","80","7262509"
"JH378157","7337436","7337726","KQ053421v1","5610673","5610968","81","1726763"
"JH378157","7403258","7403559","KQ053135v1","5034940","5035266","113","2368318"
"JH378157","7427346","7427630","KQ053421v1","5610673","5610968","79","1816673"
"JH378157","7451589","7451882","KQ053421v1","5610673","5610968","81","1840916"
"JH378157","7483906","7484193","KQ053421v1","5610673","5610968","66","1873233"
"JH378157","7554218","7554514","KQ053421v1","5610673","5610968","74","1943545"
"JH378157","7605523","7605819","KQ053421v1","5610673","5610968","71","1994850"
"JH378157","7781042","7781343","KQ053421v1","5610673","5610968","104","2170369"
"JH378157","7838562","7838865","KQ053421v1","5610673","5610968","75","2227889"
"JH378157","7845863","7845968","KQ056493v1","2043382","2043488","25","5802481"
"JH378157","7906449","7906750","KQ053421v1","5610673","5610968","84","2295776"
"JH378157","7951694","7951973","KQ058394v1","9655127","9655422","99","1703433"
"JH378157","7956311","7956636","KQ053421v1","5610673","5610968","96","2345638"
"JH378157","7976108","7976246","KQ056920v1","183120","183261","47","7792988"
"JH378157","7994669","7994984","KQ053421v1","5610673","5610968","82","2383996"
"JH378157","8016437","8016690","KQ056321v1","575951","576190","82","7440486"
"JH378157","8020660","8020972","KQ055267v1","513773","514088","89","7506887"
"JH378157","8031350","8031652","KQ058427v1","7786546","7786853","75","244804"
"JH378157","8045026","8045235","KQ052982v1","2032903","2033097","52","6012123"
"JH378157","8046219","8046293","KQ053998v1","8863","8933","29","8037356"
"JH378157","8140348","8140578","KQ054068v1","3638075","3638299","72","4502273"
"JH378157","8189760","8190069","KQ058427v1","7786546","7786853","91","403214"
"JH378157","8215335","8215617","KQ053421v1","5610673","5610968","80","2604662"
"JH378157","8227673","8227899","KQ052982v1","2032903","2033097","72","6194770"
"JH378157","8233744","8233983","KQ053234v1","1414405","1414609","75","6819339"
"JH378157","8255271","8255556","KQ053421v1","5610673","5610968","84","2644598"
"JH378157","8255663","8255830","KQ058350v1","9514178","9514352","41","1258515"
"JH378157","8349747","8349979","KQ053234v1","1414405","1414609","70","6935342"
"JH378157","8390535","8390827","KQ053421v1","5610673","5610968","73","2779862"
"JH378157","8417033","8417335","KQ053421v1","5610673","5610968","85","2806360"
"JH378157","8445743","8446033","KQ058427v1","6786866","6787134","85","1658877"
"JH378157","8451074","8451366","KQ053421v1","5610673","5610968","78","2840401"
"JH378157","8474139","8474412","KQ053421v1","5610673","5610968","83","2863466"
"JH378157","8506843","8507023","KQ058594v1","5950443","5950621","53","2556400"
"JH378157","8514105","8514413","KQ053421v1","5610673","5610968","90","2903432"
"JH378157","8534146","8534324","KQ054954v1","1680710","1680882","47","6853436"
"JH378157","8543729","8544021","KQ053421v1","5610673","5610968","75","2933056"
"JH378157","8558297","8558588","KQ053421v1","5610673","5610968","78","2947624"
"JH378157","8563684","8563982","KQ055267v1","513773","514088","80","8049911"
"JH378157","8565605","8565787","ABDC02053644v1","2226","2419","74","8563379"
"JH378157","8582411","8582708","KQ055267v1","513773","514088","86","8068638"
"JH378157","8589749","8590065","KQ053421v1","5610673","5610968","84","2979076"
"JH378157","8611599","8611843","KQ058509v1","24058","24271","84","8587541"
"JH378157","8643470","8643587","KQ056911v1","1421731","1421862","41","7221739"
"JH378157","8672791","8673094","KQ053421v1","5610673","5610968","75","3062118"
"JH378157","8677369","8677651","KQ053421v1","5610673","5610968","77","3066696"
"JH378157","8750953","8751261","KQ053421v1","5610673","5610968","86","3140280"
"JH378157","8753899","8754192","KQ053421v1","5610673","5610968","83","3143226"
"JH378157","8780252","8780538","KQ055862v1","1305285","1305561","85","7474967"
"JH378157","8780856","8781164","KQ055267v1","513773","514088","69","8267083"
"JH378157","8863780","8863911","KQ053398v1","2623748","2623879","29","6240032"
"JH378157","8928726","8929013","KQ053421v1","5610673","5610968","79","3318053"
"JH378157","8936118","8936423","KQ053421v1","5610673","5610968","72","3325445"
"JH378157","8936919","8937047","KQ053398v1","2623748","2623879","30","6313171"
"JH378157","8973882","8974179","KQ058427v1","7786546","7786853","82","1187336"
"JH378157","9029371","9029585","KQ055662v1","1890465","1890674","75","7138906"
"JH378157","9032085","9032396","KQ053421v1","5610673","5610968","82","3421412"
"JH378157","9042213","9042517","KQ053421v1","5610673","5610968","75","3431540"
"JH378157","9054810","9055109","KQ053421v1","5610673","5610968","71","3444137"
"JH378157","9066012","9066315","KQ053421v1","5610673","5610968","67","3455339"
"JH378157","9076377","9076552","KQ058350v1","9514178","9514352","43","437801"
"JH378157","9078093","9078232","KQ054401v1","3363241","3363379","41","5714852"
"JH378157","9080144","9080452","KQ058427v1","7786546","7786853","81","1293598"
"JH378157","9099416","9099713","KQ053421v1","5610673","5610968","70","3488743"
"JH378157","9132195","9132474","KQ053421v1","5610673","5610968","100","3521522"
"JH378157","9133404","9133705","KQ053421v1","5610673","5610968","91","3522731"
"JH378157","9142127","9142394","KQ056321v1","575951","576190","89","8566176"
"JH378157","9239574","9239877","KQ053421v1","5610673","5610968","75","3628901"
"JH378157","9253344","9253535","KQ058594v1","1033101","1033292","59","8220243"
"JH378157","9294128","9294433","KQ055267v1","513773","514088","84","8780355"
"JH378157","9380341","9380636","KQ053421v1","5610673","5610968","80","3769668"
"JH378157","9387462","9387594","KQ053398v1","2623748","2623879","35","6763714"
"JH378157","9435257","9435552","KQ053421v1","5610673","5610968","71","3824584"
"JH378157","9447735","9448019","KQ053421v1","5610673","5610968","90","3837062"
"JH378157","9494279","9494561","KQ055862v1","1305285","1305561","86","8188994"
"JH378157","9611468","9611764","KQ053421v1","5610673","5610968","87","4000795"
"JH378157","9654810","9655119","KQ053421v1","5610673","5610968","75","4044137"
"JH378157","9785851","9786121","KQ055717v1","1610777","1611031","95","8175074"
"JH378157","9810978","9811287","KQ055267v1","513773","514088","75","9297205"
"JH378157","9824182","9824479","KQ055862v1","1305285","1305561","73","8518897"
"JH378157","9874702","9875005","KQ058427v1","7786546","7786853","77","2088156"
"JH378157","9891683","9891975","KQ053421v1","5610673","5610968","76","4281010"
"JH378157","9895344","9895586","KQ058242v1","595939","596205","87","9299405"
"JH378157","9911522","9911712","KQ058594v1","1033101","1033292","43","8878421"
"JH378157","10029788","10030035","KQ058242v1","595939","596205","81","9433849"
"JH378157","10030097","10030129","KQ058316v1","2226171","2226189","18","7803926"
"JH378157","10045222","10045444","KQ054068v1","3638075","3638299","63","6407147"
"JH378157","10129396","10129682","KQ058242v1","595939","596205","77","9533457"
"JH378157","10217949","10218079","KQ053398v1","2623748","2623879","37","7594201"
"JH378157","10219826","10219932","KQ056279v1","759081","759162","39","9460745"
"JH378157","10262651","10262941","KQ053421v1","5610673","5610968","89","4651978"
"JH378157","10263829","10264128","KQ053421v1","5610673","5610968","96","4653156"
"JH378157","10272914","10273214","KQ053421v1","5610673","5610968","84","4662241"
"JH378157","10273498","10273792","KQ053421v1","5610673","5610968","85","4662825"
"JH378157","10278690","10278984","KQ053421v1","5610673","5610968","79","4668017"
"JH378157","10320478","10320617","KQ054401v1","3363241","3363379","44","6957237"
"JH378157","10341382","10341688","KQ055267v1","513773","514088","80","9827609"
"JH378157","10383014","10383304","KQ053421v1","5610673","5610968","82","4772341"
"JH378157","10450324","10450577","KQ055830v1","661716","661986","92","9788608"
"JH378157","10479589","10479701","KQ056493v1","2043382","2043488","42","8436207"
"JH378157","10486345","10486642","KQ053421v1","5610673","5610968","77","4875672"
"JH378157","10525953","10526237","KQ053421v1","5610673","5610968","83","4915280"
"JH378157","10527791","10528085","KQ053421v1","5610673","5610968","73","4917118"
"JH378157","10543217","10543514","KQ053421v1","5610673","5610968","72","4932544"
"JH378157","10577919","10578031","KQ056493v1","2043382","2043488","39","8534537"
"JH378157","10580919","10581219","KQ055352v1","6003171","6003466","87","4577748"
"JH378157","10680522","10680788","KQ053421v1","5610673","5610968","77","5069849"
"JH378157","10737938","10738182","KQ058242v1","595939","596205","72","10141999"
"JH378157","10755648","10755944","KQ053421v1","5610673","5610968","76","5144975"
"JH378157","10802004","10802168","KQ053531v1","6571","6737","67","10795433"
"JH378157","10802374","10802509","KQ054401v1","3363241","3363379","45","7439133"
"JH378157","10818910","10819199","KQ053421v1","5610673","5610968","93","5208237"
"JH378157","10846962","10847244","KQ055862v1","1305285","1305561","91","9541677"
"JH378157","10854256","10854556","KQ053421v1","5610673","5610968","71","5243583"
"JH378157","10873806","10874101","KQ053421v1","5610673","5610968","79","5263133"
"JH378157","10883929","10884237","KQ053421v1","5610673","5610968","90","5273256"
"JH378157","10941092","10941389","KQ053421v1","5610673","5610968","73","5330419"
"JH378157","10953134","10953443","KQ055267v1","513773","514088","91","10439361"
"JH378157","10962739","10962980","KQ058242v1","595939","596205","75","10366800"
"JH378157","10980210","10980354","KQ053004v1","3064551","3064681","54","7915659"
"JH378157","11013033","11013191","KQ053398v1","2623748","2623879","59","8389285"
"JH378157","11052924","11053135","ABDC02053644v1","2226","2419","76","11050698"
"JH378157","11061617","11061702","KQ056235v1","1266284","1266361","28","9795333"
"JH378157","11078389","11078683","KQ058242v1","595939","596205","80","10482450"
"JH378157","11109884","11110174","KQ053421v1","5610673","5610968","84","5499211"
"JH378157","11111699","11111924","KQ053234v1","1414405","1414609","70","9697294"
"JH378157","11131981","11132174","KQ055140v1","659740","659924","56","10472241"
"JH378157","11133458","11133746","KQ053421v1","5610673","5610968","71","5522785"
"JH378157","11141746","11142041","KQ053421v1","5610673","5610968","79","5531073"
"JH378157","11172033","11172338","KQ053421v1","5610673","5610968","74","5561360"
"JH378157","11211251","11211545","KQ058427v1","7786546","7786853","80","3424705"
"JH378157","11221676","11221947","KQ053883v1","6938067","6938331","93","4283609"
"JH378157","11263938","11264237","KQ053421v1","5610673","5610968","78","5653265"
"JH378157","11266315","11266596","KQ055862v1","1305285","1305561","95","9961030"
"JH378157","11278953","11279258","KQ053421v1","5610673","5610968","85","5668280"
"JH378157","11315122","11315422","KQ055267v1","513773","514088","74","10801349"
"JH378157","11421441","11421695","KQ058242v1","595939","596205","76","10825502"
"JH378157","11473871","11474127","KQ058242v1","595939","596205","78","10877932"
"JH378157","11480216","11480514","KQ053421v1","5610673","5610968","85","5869543"
"JH378157","11508243","11508410","KQ052968v1","13665640","13665790","61","2157397"
"JH378157","11510212","11510514","KQ053421v1","5610673","5610968","78","5899539"
"JH378157","11547716","11548013","KQ053421v1","5610673","5610968","82","5937043"
"JH378157","11639193","11639341","KQ053398v1","2623748","2623879","55","9015445"
"JH378157","11661432","11661693","KQ058242v1","595939","596205","65","11065493"
"JH378157","11678949","11679247","KQ053421v1","5610673","5610968","73","6068276"
"JH378157","11714878","11715164","KQ053421v1","5610673","5610968","76","6104205"
"JH378157","11730269","11730549","KQ053421v1","5610673","5610968","82","6119596"
"JH378157","11793876","11794138","KQ055862v1","1305285","1305561","99","10488591"
"JH378157","11825732","11826029","KQ053421v1","5610673","5610968","74","6215059"
"JH378157","11861100","11861410","KQ058427v1","7786546","7786853","83","4074554"
"JH378157","11878338","11878656","KQ053421v1","5610673","5610968","180","6267665"
"JH378157","11928474","11928777","KQ055267v1","513773","514088","74","11414701"
"JH378157","11975390","11975686","KQ053421v1","5610673","5610968","73","6364717"
"JH378157","11980552","11980846","KQ053421v1","5610673","5610968","68","6369879"
"JH378157","12057712","12058029","KQ053421v1","5610673","5610968","90","6447039"
"JH378157","12058765","12059045","KQ053421v1","5610673","5610968","83","6448092"
"JH378157","12063792","12064076","KQ054815v1","2215557","2215844","81","9848235"
"JH378157","12065417","12065696","KQ053421v1","5610673","5610968","102","6454744"
"JH378157","12075093","12075385","KQ053421v1","5610673","5610968","78","6464420"
"JH378157","12081889","12082196","KQ055267v1","513773","514088","85","11568116"
"JH378157","12102074","12102316","KQ058242v1","595939","596205","83","11506135"
"JH378157","12151105","12151411","KQ055352v1","6003171","6003466","65","6147934"
"JH378157","12193926","12194229","KQ053421v1","5610673","5610968","92","6583253"
"JH378157","12224569","12224860","KQ053421v1","5610673","5610968","77","6613896"
"JH378157","12512922","12513230","KQ053421v1","5610673","5610968","86","6902249"
"JH378157","12574315","12574598","KQ055267v1","513773","514088","95","12060542"
"JH378157","12667032","12667339","KQ055267v1","513773","514088","75","12153259"
"JH378157","12699670","12699956","KQ053421v1","5610673","5610968","80","7088997"
"JH378157","12842011","12842284","KQ058242v1","595939","596205","74","12246072"
"JH378157","12844416","12844513","KQ056279v1","759081","759162","31","12085335"
"JH378157","12895647","12895940","KQ053421v1","5610673","5610968","75","7284974"
"JH378157","12952863","12953144","KQ053421v1","5610673","5610968","77","7342190"
"JH378157","12999650","12999947","KQ053421v1","5610673","5610968","77","7388977"
"JH378157","13017689","13017834","KQ052968v1","13665640","13665790","46","647951"
"JH378157","13017935","13018101","KQ053398v1","2623748","2623879","63","10394187"
"JH378157","13052580","13052874","KQ053421v1","5610673","5610968","73","7441907"
"JH378157","13054941","13055217","KQ053421v1","5610673","5610968","89","7444268"
"JH378157","13132733","13133044","KQ055267v1","513773","514088","69","12618960"
"JH378157","13245357","13245651","KQ053421v1","5610673","5610968","74","7634684"
"JH378157","13254734","13254862","KQ054401v1","3363241","3363379","44","9891493"
"JH378157","13255369","13255531","KQ053398v1","2623748","2623879","63","10631621"
"JH378157","13274491","13274786","KQ053421v1","5610673","5610968","77","7663818"
"JH378157","13294225","13294535","KQ055267v1","513773","514088","72","12780452"
"JH378157","13307453","13307705","KQ057186v1","783828","784085","77","12523625"
"JH378157","13339139","13339409","KQ053421v1","5610673","5610968","92","7728466"
"JH378157","13413085","13413390","KQ055352v1","6003171","6003466","69","7409914"
"JH378157","13516802","13517108","KQ055267v1","513773","514088","85","13003029"
"JH378157","13524724","13525034","KQ055267v1","513773","514088","77","13010951"
"JH378157","13541565","13541877","KQ053421v1","5610673","5610968","78","7930892"
"JH378157","13545500","13545795","KQ053421v1","5610673","5610968","76","7934827"
"JH378157","13636048","13636347","KQ053421v1","5610673","5610968","82","8025375"
"JH378157","13666045","13666340","KQ053421v1","5610673","5610968","77","8055372"
"JH378157","13670147","13670436","KQ053421v1","5610673","5610968","81","8059474"
"JH378157","13710835","13711141","KQ055352v1","6003171","6003466","74","7707664"
"JH378157","13722635","13722942","KQ058427v1","7786546","7786853","80","5936089"
"JH378157","13784433","13784759","KQ053421v1","5610673","5610968","89","8173760"
"JH378157","13846579","13846854","KQ053421v1","5610673","5610968","73","8235906"
"JH378157","14023990","14024247","KQ058242v1","595939","596205","71","13428051"
"JH378157","14033817","14034111","KQ053421v1","5610673","5610968","80","8423144"
"JH378157","14177495","14177815","KQ055267v1","513773","514088","92","13663722"
"JH378157","14250674","14250962","KQ058339v1","4553625","4553889","73","9697049"
"JH378157","14356351","14356574","KQ056064v1","326763","326940","84","14029588"
"JH378157","14367663","14367836","KQ054510v1","7582269","7582431","45","6785394"
"JH378157","14488364","14488655","KQ053421v1","5610673","5610968","87","8877691"
"JH378157","14499632","14499937","KQ053421v1","5610673","5610968","81","8888959"
"JH378157","14538178","14538493","KQ058427v1","7786546","7786853","95","6751632"
"JH378157","14567108","14567402","KQ053421v1","5610673","5610968","68","8956435"
"JH378157","14572500","14572810","KQ055352v1","6003171","6003466","76","8569329"
"JH378157","14622643","14622793","KQ058428v1","1396698","1396861","52","13225945"
"JH378157","14883512","14883776","KQ057901v1","868884","869144","85","14014628"
"JH378157","14935166","14935507","KQ055267v1","513773","514088","101","14421393"
"JH378157","15036570","15036875","KQ053421v1","5610673","5610968","81","9425897"
"JH378157","15044612","15044983","KQ053421v1","5610673","5610968","181","9433939"
"JH378157","15239426","15239712","KQ053421v1","5610673","5610968","96","9628753"
"JH378157","15242494","15242784","KQ053421v1","5610673","5610968","85","9631821"
"JH378157","15259479","15259785","KQ055352v1","6003171","6003466","71","9256308"
"JH378157","15372961","15373259","KQ055862v1","1305285","1305561","90","14067676"
"JH378157","15467389","15467675","KQ053421v1","5610673","5610968","92","9856716"
"JH378157","15500001","15500175","KQ053531v1","6571","6737","66","15493430"
"JH378157","15538515","15538797","KQ058640v1","643463","643729","95","14895052"
"JH378157","15647677","15647996","KQ053059v1","2548766","2549102","99","13098911"
"JH378157","15697029","15697325","KQ053421v1","5610673","5610968","78","10086356"
"JH378157","15768229","15768417","KQ056064v1","326763","326940","51","15441466"
"JH378157","15815051","15815359","KQ058427v1","7786546","7786853","84","8028505"
"JH378157","15923523","15923823","KQ053421v1","5610673","5610968","81","10312850"
"JH378157","15939180","15939459","KQ053421v1","5610673","5610968","82","10328507"
"JH378157","16029695","16029982","KQ053421v1","5610673","5610968","80","10419022"
"JH378157","16160202","16160477","KQ058640v1","643463","643729","80","15516739"
"JH378157","16210064","16210348","KQ054815v1","2215557","2215844","72","13994507"
"JH378157","16289235","16289534","KQ053421v1","5610673","5610968","76","10678562"
"JH378158","15704","15868","KQ054510v1","7582269","7582431","45","7566565"
"JH378158","43036","43320","KQ053421v1","5610673","5610968","77","5567637"
"JH378158","47221","47523","KQ055267v1","513773","514088","73","466552"
"JH378158","155863","156153","KQ053421v1","5610673","5610968","85","5454810"
"JH378158","221475","221787","KQ058427v1","7786546","7786853","89","7565071"
"JH378158","303535","303827","KQ053421v1","5610673","5610968","77","5307138"
"JH378158","347952","348244","KQ053421v1","5610673","5610968","73","5262721"
"JH378158","369744","370055","KQ053421v1","5610673","5610968","73","5240929"
"JH378158","380217","380517","KQ053421v1","5610673","5610968","79","5230456"
"JH378158","396250","396537","KQ053421v1","5610673","5610968","80","5214423"
"JH378158","398767","399061","KQ053421v1","5610673","5610968","83","5211906"
"JH378158","400487","400782","KQ053421v1","5610673","5610968","76","5210186"
"JH378158","407876","408037","KQ057821v1","3059321","3059481","43","2651445"
"JH378158","557522","557644","KQ053398v1","2627781","2627909","38","2070259"
"JH378158","569430","569724","KQ053421v1","5610673","5610968","79","5041243"
"JH378158","573701","573797","KQ056235v1","1266284","1266361","35","692583"
"JH378158","616481","616764","KQ053421v1","5610673","5610968","75","4994192"
"JH378158","624793","625089","KQ053421v1","5610673","5610968","67","4985880"
"JH378158","647427","647725","KQ053421v1","5610673","5610968","68","4963246"
"JH378158","682563","682870","KQ053421v1","5610673","5610968","79","4928110"
"JH378158","696874","697174","KQ053421v1","5610673","5610968","83","4913799"
"JH378158","729160","729456","KQ053421v1","5610673","5610968","76","4881513"
"JH378158","835682","835989","KQ055352v1","6003171","6003466","68","5167489"
"JH378158","856631","856955","KQ053421v1","5610673","5610968","95","4754042"
"JH378158","1419772","1420074","KQ053421v1","5610673","5610968","84","4190901"
"JH378158","1480326","1480621","KQ053421v1","5610673","5610968","83","4130347"
"JH378158","1548893","1549204","KQ055267v1","513773","514088","80","1035120"
"JH378158","1643519","1643809","KQ058242v1","595939","596205","83","1047580"
"JH378158","2167773","2168083","KQ058427v1","7786546","7786853","91","5618773"
"JH378158","2679048","2679336","KQ058339v1","4553625","4553889","79","1874577"
"JH378158","2833399","2833715","KQ053421v1","5610673","5610968","88","2777274"
"JH378158","2850538","2850820","KQ053421v1","5610673","5610968","95","2760135"
"JH378158","2943997","2944224","KQ053234v1","1414405","1414609","79","1529592"
"JH378158","2950103","2950264","KQ056064v1","326763","326940","62","2623340"
"JH378158","3022351","3022654","KQ053421v1","5610673","5610968","73","2588322"
"JH378158","3050292","3050596","KQ053421v1","5610673","5610968","84","2560381"
"JH378158","3096401","3096748","KQ055267v1","513773","514088","116","2582628"
"JH378158","3097089","3097387","KQ053421v1","5610673","5610968","85","2513584"
"JH378158","3114236","3114542","KQ058427v1","7786546","7786853","75","4672310"
"JH378158","3116739","3117059","KQ055267v1","513773","514088","80","2602966"
"JH378158","3155357","3155518","KQ054510v1","7582269","7582431","40","4426912"
"JH378158","3174803","3175003","KQ053752v1","8015097","8015288","55","4840294"
"JH378158","3182758","3183054","KQ055267v1","513773","514088","81","2668985"
                                                                                                                                                                                                                                                                                                                                                                                                                                                                                                                                                                                                                                                                                                                                                                                                                                                                                                                                                                                                                                                                                                                                                                                                                                                                                                                                                                                                                                                                                                                                                                                                                                                                                                                                                                                                                                                                                                                                                                                                                                                                                                                                                                                                                                                                                                                                                                                                                                                                                                                                                                                                                                                                                                                                                                                                                                                                                                                                                                                                                                                                                                                                                                                                                                                                                                                                                                                                                                                                                                                                                                                                                                                                                                                                                                                                                                                                                                                                                                                                                                                                                                                                 "JH378158","4674182","4674489","KQ053421v1","5610673","5610968","84","936491"
"JH378158","4697686","4697996","KQ055267v1","513773","514088","83","4183913"
"JH378158","4702895","4703126","KQ053234v1","1414405","1414609","69","3288490"
"JH378158","4726042","4726342","KQ053421v1","5610673","5610968","84","884631"
"JH378158","4759675","4759955","KQ053421v1","5610673","5610968","83","850998"
"JH378158","4766288","4766637","KQ053135v1","5034940","5035266","119","268652"
"JH378158","4826249","4826535","KQ053421v1","5610673","5610968","80","784424"
"JH378158","4828059","4828312","KQ058509v1","24058","24271","82","4804001"
"JH378158","4874950","4875258","KQ053421v1","5610673","5610968","76","735723"
"JH378158","4882391","4882698","KQ053421v1","5610673","5610968","87","728282"
"JH378158","4899998","4900262","KQ056321v1","575951","576190","86","4324047"
"JH378158","4905017","4905317","KQ053421v1","5610673","5610968","77","705656"
"JH378158","4943175","4943479","KQ058427v1","7786546","7786853","85","2843371"
"JH378158","4956187","4956487","KQ053421v1","5610673","5610968","75","654486"
"JH378158","4962159","4962449","KQ058427v1","7786546","7786853","88","2824387"
"JH378158","4992688","4992978","KQ053421v1","5610673","5610968","78","617985"
"JH378158","5025636","5025955","KQ055267v1","513773","514088","90","4511863"
"JH378158","5039176","5039403","KQ058242v1","595939","596205","85","4443237"
"JH378158","5055857","5056136","KQ055862v1","1305285","1305561","78","3750572"
"JH378158","5065668","5065921","KQ057186v1","783828","784085","87","4281840"
"JH378158","5154598","5154748","KQ054401v1","3363241","3363379","44","1791357"
"JH378158","5218650","5218961","KQ055267v1","513773","514088","73","4704877"
"JH378158","5235108","5235407","KQ053421v1","5610673","5610968","86","375565"
"JH378158","5274503","5274727","KQ056005v1","1024192","1024395","64","4250311"
"JH378158","5318945","5319206","KQ057901v1","868884","869144","76","4450061"
"JH378158","5332844","5333139","KQ053421v1","5610673","5610968","71","277829"
"JH378158","5354489","5354603","KQ055579v1","54828","54918","44","5299661"
"JH378158","5366395","5366705","KQ055267v1","513773","514088","70","4852622"
"JH378158","5391601","5391900","KQ053421v1","5610673","5610968","70","219072"
"JH378158","5413418","5413716","KQ053421v1","5610673","5610968","69","197255"
"JH378158","5476784","5476835","KQ053827v1","2325611","2325650","26","3151173"
"JH378158","5482962","5483299","KQ053135v1","5034940","5035266","120","448022"
"JH378158","5494814","5495111","KQ053421v1","5610673","5610968","76","115859"
"JH378158","5509316","5509602","KQ053785v1","888769","889063","78","4620547"
"JH378158","5562405","5562542","KQ054401v1","3363241","3363379","39","2199164"
"JH378158","5571761","5572069","KQ055352v1","6003171","6003466","72","431410"
"JH378158","5577827","5578122","KQ053421v1","5610673","5610968","75","32846"
"JH378158","5595709","5596014","KQ055352v1","6003171","6003466","73","407462"
"JH378158","5606290","5606583","KQ053421v1","5610673","5610968","74","4383"
"JH378158","5682010","5682301","KQ053421v1","5610673","5610968","84","71337"
"JH378158","5697740","5698075","KQ053059v1","2548766","2549102","92","3148974"
"JH378158","5744742","5745044","KQ058427v1","7786546","7786853","84","2041804"
"JH378158","5749319","5749625","KQ053421v1","5610673","5610968","81","138646"
"JH378158","5785505","5785792","KQ053421v1","5610673","5610968","80","174832"
"JH378158","5799826","5800120","KQ053421v1","5610673","5610968","82","189153"
"JH378158","5854298","5854603","KQ058427v1","7786546","7786853","80","1932248"
"JH378158","5859594","5859881","KQ053421v1","5610673","5610968","77","248921"
"JH378158","5882499","5882792","KQ053421v1","5610673","5610968","69","271826"
"JH378158","5892234","5892541","KQ058427v1","7786546","7786853","77","1894312"
"JH378158","5932598","5932716","KQ053398v1","2623748","2623879","43","3308850"
"JH378158","5988375","5988676","KQ055267v1","513773","514088","79","5474602"
"JH378158","6016117","6016189","KQ056235v1","1266284","1266361","18","4749833"
"JH378158","6026431","6026722","KQ055267v1","513773","514088","87","5512658"
"JH378158","6085220","6085522","KQ053421v1","5610673","5610968","83","474547"
"JH378158","6093180","6093353","KQ053267v1","1313653","1313811","46","4779527"
"JH378158","6121666","6121822","KQ052968v1","13665640","13665790","50","7543974"
"JH378158","6152117","6152414","KQ053421v1","5610673","5610968","74","541444"
"JH378158","6414223","6414517","KQ058427v1","7786546","7786853","94","1372323"
"JH378158","6478831","6479133","KQ055267v1","513773","514088","83","5965058"
"JH378158","6508861","6509148","KQ053421v1","5610673","5610968","75","898188"
"JH378158","6558760","6559056","KQ053421v1","5610673","5610968","65","948087"
"JH378158","6636738","6637032","KQ055267v1","513773","514088","84","6122965"
"JH378158","6718649","6718944","KQ053421v1","5610673","5610968","71","1107976"
"JH378158","6721269","6721573","KQ053421v1","5610673","5610968","83","1110596"
"JH378158","6737386","6737683","KQ053421v1","5610673","5610968","69","1126713"
"JH378158","6738046","6738362","KQ053421v1","5610673","5610968","84","1127373"
"JH378158","6742366","6742487","KQ053398v1","2623748","2623879","40","4118618"
"JH378158","6791177","6791460","KQ053421v1","5610673","5610968","76","1180504"
"JH378158","7016787","7017097","KQ055352v1","6003171","6003466","74","1013616"
"JH378158","7146325","7146643","KQ055267v1","513773","514088","79","6632552"
"JH378158","7262147","7262454","KQ058427v1","7786546","7786853","75","524399"
"JH378158","7266927","7267205","KQ054815v1","2215557","2215844","88","5051370"
"JH378158","7269170","7269465","KQ053421v1","5610673","5610968","75","1658497"
"JH378158","7353407","7353705","KQ053421v1","5610673","5610968","86","1742734"
"JH378158","7401441","7401741","KQ053421v1","5610673","5610968","73","1790768"
"JH378158","7440108","7440424","KQ055352v1","6003171","6003466","76","1436937"
"JH378158","7578112","7578414","KQ053421v1","5610673","5610968","84","1967439"
"JH378158","7578471","7578774","KQ055352v1","6003171","6003466","72","1575300"
"JH378158","7639431","7639741","KQ055267v1","513773","514088","73","7125658"
"JH378158","7648713","7648991","KQ058339v1","4553625","4553889","81","3095088"
"JH378158","7915335","7915628","KQ053421v1","5610673","5610968","66","2304662"
"JH378158","7946222","7946534","KQ058427v1","7786546","7786853","94","159676"
"JH378158","8164913","8165210","KQ053421v1","5610673","5610968","75","2554240"
"JH378158","8175323","8175618","KQ053421v1","5610673","5610968","80","2564650"
"JH378158","8183627","8183940","KQ053421v1","5610673","5610968","90","2572954"
"JH378158","8196682","8196986","KQ058427v1","7786546","7786853","84","410136"
"JH378158","8238901","8239198","KQ053421v1","5610673","5610968","71","2628228"
"JH378158","8333290","8333602","KQ055352v1","6003171","6003466","75","2330119"
"JH378158","8371844","8372151","KQ055352v1","6003171","6003466","75","2368673"
"JH378158","8423370","8423617","KQ058505v1","2207051","2207301","77","6216319"
"JH378158","8487940","8488203","KQ058242v1","595939","596205","78","7892001"
"JH378158","8565384","8565688","KQ053421v1","5610673","5610968","71","2954711"
"JH378158","8612227","8612536","KQ055267v1","513773","514088","73","8098454"
"JH378158","8622030","8622319","KQ053421v1","5610673","5610968","81","3011357"
"JH378158","8623068","8623203","KQ054693v1","212570","212703","55","8410498"
"JH378158","8642366","8642665","KQ053421v1","5610673","5610968","67","3031693"
"JH378158","8645988","8646288","KQ053421v1","5610673","5610968","66","3035315"
"JH378158","8652161","8652469","KQ058427v1","7786546","7786853","73","865615"
"JH378158","8673762","8674053","KQ053421v1","5610673","5610968","78","3063089"
"JH378158","8746734","8747034","KQ053421v1","5610673","5610968","91","3136061"
"JH378158","8756125","8756362","KQ053234v1","1414405","1414609","75","7341720"
"JH378158","8780244","8780545","KQ055352v1","6003171","6003466","88","2777073"
"JH378158","8788318","8788623","KQ055267v1","513773","514088","88","8274545"
"JH378158","8802011","8802217","KQ053752v1","8015097","8015288","62","786914"
"JH378158","8822513","8822822","KQ058427v1","7786546","7786853","73","1035967"
"JH378158","8848297","8848591","KQ053421v1","5610673","5610968","80","3237624"
"JH378158","8914602","8914909","KQ053421v1","5610673","5610968","80","3303929"
"JH378158","8956068","8956397","KQ053421v1","5610673","5610968","99","3345395"
"JH378158","8957724","8958016","KQ053421v1","5610673","5610968","74","3347051"
"JH378158","8987391","8987689","KQ053421v1","5610673","5610968","80","3376718"
"JH378158","9044952","9045245","KQ053421v1","5610673","5610968","80","3434279"
"JH378158","9053811","9054092","KQ058242v1","595939","596205","84","8457872"
"JH378158","9187899","9188210","KQ055267v1","513773","514088","72","8674126"
"JH378158","9206823","9207123","KQ053421v1","5610673","5610968","68","3596150"
"JH378158","9275572","9275862","KQ053421v1","5610673","5610968","85","3664899"
"JH378158","9533704","9534000","KQ053421v1","5610673","5610968","81","3923031"
"JH378158","9546104","9546235","KQ058309v1","1090877","1091006","46","8455227"
"JH378158","9551927","9552239","KQ058427v1","7786546","7786853","89","1765381"
"JH378158","9596539","9596825","KQ053421v1","5610673","5610968","82","3985866"
"JH378158","9691932","9692249","KQ058427v1","7786546","7786853","80","1905386"
"JH378158","9796893","9797154","KQ055862v1","1305285","1305561","83","8491608"
"JH378158","9825637","9825932","KQ053421v1","5610673","5610968","69","4214964"
"JH378158","9919505","9919803","KQ053421v1","5610673","5610968","72","4308832"
"JH378158","10019315","10019608","KQ053421v1","5610673","5610968","74","4408642"
"JH378158","10067215","10067503","KQ058339v1","4553625","4553889","83","5513590"
"JH378158","10089047","10089349","KQ055267v1","513773","514088","70","9575274"
"JH378158","10243736","10244041","KQ053421v1","5610673","5610968","85","4633063"
"JH378158","10349421","10349575","KQ054510v1","7582269","7582431","41","2767152"
"JH378158","10481910","10482200","KQ053421v1","5610673","5610968","74","4871237"
"JH378158","10524459","10524624","KQ053531v1","6571","6737","59","10517888"
"JH378158","10596753","10597065","KQ055267v1","513773","514088","76","10082980"
"JH378158","10717148","10717457","KQ055352v1","6003171","6003466","73","4713977"
"JH378158","10765202","10765505","KQ055267v1","513773","514088","84","10251429"
"JH378158","10836422","10836705","KQ053785v1","888769","889063","78","9947653"
"JH378158","10843348","10843649","KQ053421v1","5610673","5610968","74","5232675"
"JH378158","10872301","10872605","KQ058427v1","7786546","7786853","90","3085755"
"JH378158","10873307","10873604","KQ053421v1","5610673","5610968","82","5262634"
"JH378158","10945613","10945894","KQ053421v1","5610673","5610968","78","5334940"
"JH378158","10963556","10963857","KQ053421v1","5610673","5610968","72","5352883"
"JH378158","11109990","11110296","KQ055267v1","513773","514088","74","10596217"
"JH378158","11469027","11469320","KQ053421v1","5610673","5610968","71","5858354"
"JH378158","11851813","11852108","KQ053421v1","5610673","5610968","72","6241140"
"JH378158","11875020","11875314","KQ053421v1","5610673","5610968","75","6264347"
"JH378158","11875662","11875967","KQ053421v1","5610673","5610968","72","6264989"
"JH378158","11947145","11947377","KQ058242v1","595939","596205","87","11351206"
"JH378158","12123129","12123300","KQ058274v1","300327","300497","62","11822802"
"JH378158","12179581","12179873","KQ053421v1","5610673","5610968","76","6568908"
"JH378158","12234481","12234786","KQ055267v1","513773","514088","80","11720708"
"JH378158","12283792","12284128","KQ055267v1","513773","514088","93","11770019"
"JH378158","12361351","12361611","KQ058242v1","595939","596205","70","11765412"
"JH378158","12561767","12562065","KQ053421v1","5610673","5610968","67","6951094"
"JH378158","12579910","12580211","KQ053421v1","5610673","5610968","71","6969237"
"JH378158","12616617","12616912","KQ053421v1","5610673","5610968","66","7005944"
"JH378158","12620224","12620532","KQ053421v1","5610673","5610968","83","7009551"
"JH378158","12796867","12797175","KQ058427v1","7786546","7786853","82","5010321"
"JH378158","13075914","13076187","KQ055830v1","661716","661986","91","12414198"
"JH378158","13103625","13103928","KQ058242v1","595939","596205","100","12507686"
"JH378158","13129312","13129614","KQ053421v1","5610673","5610968","86","7518639"
"JH378158","13256466","13256768","KQ053421v1","5610673","5610968","71","7645793"
"JH378158","13259483","13259784","KQ053421v1","5610673","5610968","76","7648810"
"JH378158","13507883","13508194","KQ053421v1","5610673","5610968","75","7897210"
"JH378158","13632509","13632813","KQ058427v1","7786546","7786853","76","5845963"
"JH378158","13927970","13928254","KQ053421v1","5610673","5610968","76","8317297"
"JH378158","13944738","13945051","KQ055267v1","513773","514088","76","13430965"
"JH378158","13950067","13950380","KQ055352v1","6003171","6003466","72","7946896"
"JH378158","13982677","13982972","KQ053421v1","5610673","5610968","81","8372004"
"JH378158","14079703","14079970","KQ058242v1","595939","596205","76","13483764"
"JH378158","14229607","14229910","KQ053421v1","5610673","5610968","81","8618934"
"JH378158","14299816","14299995","KQ055140v1","659740","659924","48","13640076"
"JH378158","14344161","14344458","KQ053421v1","5610673","5610968","69","8733488"
"JH378158","14403685","14403943","KQ058242v1","595939","596205","71","13807746"
"JH378158","14766895","14767203","KQ053421v1","5610673","5610968","79","9156222"
"JH378158","14931040","14931346","KQ055352v1","6003171","6003466","75","8927869"
"JH378158","14968172","14968479","KQ053421v1","5610673","5610968","70","9357499"
"JH378158","15001251","15001589","KQ058427v1","7786546","7786853","117","7214705"
"JH378158","15090423","15090718","KQ053421v1","5610673","5610968","64","9479750"
"JH378158","15141053","15141360","KQ055352v1","6003171","6003466","70","9137882"
"JH378158","15152115","15152412","KQ058242v1","595939","596205","97","14556176"
"JH378158","15254845","15255142","KQ053421v1","5610673","5610968","65","9644172"
"JH378158","15658688","15658962","KQ058242v1","595939","596205","81","15062749"
"JH378158","15762574","15762868","KQ053421v1","5610673","5610968","72","10151901"
"JH378158","16029670","16029938","KQ057186v1","783828","784085","73","15245842"
"JH378159","2359279","2359577","KQ053421v1","5610673","5610968","70","3251394"
"JH378159","10092467","10092776","KQ055352v1","6003171","6003466","70","4089296"
"JH378159","11927389","11927679","KQ053421v1","5610673","5610968","76","6316716"
"JH378159","52783","53099","KQ053421v1","5610673","5610968","89","5557890"
"JH378159","143360","143658","KQ053421v1","5610673","5610968","59","5467313"
"JH378159","407297","407605","KQ055352v1","6003171","6003466","72","5595874"
"JH378159","411347","411651","KQ055352v1","6003171","6003466","77","5591824"
"JH378159","432791","433096","KQ053421v1","5610673","5610968","73","5177882"
"JH378159","539423","539714","KQ053421v1","5610673","5610968","74","5071250"
"JH378159","583399","583715","KQ058427v1","7786546","7786853","85","7203147"
"JH378159","618840","618955","KQ055579v1","54828","54918","46","564012"
"JH378159","880577","880886","KQ053421v1","5610673","5610968","111","4730096"
"JH378159","940376","940663","KQ057901v1","868884","869144","101","71492"
"JH378159","1068832","1069134","KQ053421v1","5610673","5610968","70","4541841"
"JH378159","1146146","1146443","KQ053421v1","5610673","5610968","68","4464527"
"JH378159","1235897","1236137","KQ058242v1","595939","596205","87","639958"
"JH378159","1383968","1384160","KQ058594v1","1033101","1033292","51","350867"
"JH378159","1590728","1591010","KQ058640v1","643463","643729","80","947265"
"JH378159","1745121","1745398","KQ055352v1","6003171","6003466","75","4258050"
"JH378159","1794459","1794724","KQ053421v1","5610673","5610968","93","3816214"
"JH378159","1802139","1802444","KQ055267v1","513773","514088","69","1288366"
"JH378159","1881023","1881354","KQ055267v1","513773","514088","98","1367250"
"JH378159","2041546","2041793","KQ058509v1","24058","24271","81","2017488"
"JH378159","2243648","2243949","KQ053421v1","5610673","5610968","75","3367025"
"JH378159","2272588","2272694","KQ056235v1","1266284","1266361","44","1006304"
"JH378159","2276203","2276502","KQ053421v1","5610673","5610968","66","3334470"
"JH378159","2316726","2317038","KQ055267v1","513773","514088","72","1802953"
"JH378159","2323924","2324195","KQ053883v1","6938067","6938331","90","4614143"
"JH378159","2368100","2368366","KQ055862v1","1305285","1305561","95","1062815"
"JH378159","2391862","2392195","KQ053421v1","5610673","5610968","102","3218811"
"JH378159","2395457","2395616","KQ058423v1","270754","270928","51","2124703"
"JH378159","2447415","2447720","KQ058427v1","7786546","7786853","76","5339131"
"JH378159","2462992","2463163","KQ053993v1","1251070","1251235","46","1211922"
"JH378159","2465827","2466053","KQ054068v1","3638075","3638299","66","1172248"
"JH378159","2516116","2516339","KQ055662v1","1890465","1890674","64","625651"
"JH378159","2519336","2519594","KQ058242v1","595939","596205","74","1923397"
"JH378159","2603133","2603446","KQ058427v1","7786546","7786853","94","5183413"
"JH378159","2645007","2645291","KQ053421v1","5610673","5610968","81","2965666"
"JH378159","2859576","2859857","KQ053421v1","5610673","5610968","95","2751097"
"JH378159","2902315","2902624","KQ058427v1","7786546","7786853","183","4884231"
"JH378159","3278159","3278465","KQ058427v1","7786546","7786853","80","4508387"
"JH378159","3369663","3369957","KQ055862v1","1305285","1305561","73","2064378"
"JH378159","3542724","3543027","KQ055352v1","6003171","6003466","70","2460447"
"JH378159","3733963","3734227","KQ058242v1","595939","596205","87","3138024"
"JH378159","3814529","3814796","KQ057186v1","783828","784085","86","3030701"
"JH378159","3830957","3831256","KQ053421v1","5610673","5610968","72","1779716"
"JH378159","3878754","3879006","KQ055662v1","1890465","1890674","88","1988289"
"JH378159","3883649","3883932","KQ053421v1","5610673","5610968","102","1727024"
"JH378159","3930047","3930339","KQ053421v1","5610673","5610968","67","1680626"
"JH378159","3941497","3941807","KQ055267v1","513773","514088","75","3427724"
"JH378159","3992370","3992708","KQ055267v1","513773","514088","112","3478597"
"JH378159","4075059","4075354","KQ058427v1","7786546","7786853","86","3711487"
"JH378159","4082544","4082848","KQ055352v1","6003171","6003466","73","1920627"
"JH378159","4103892","4104169","KQ058242v1","595939","596205","78","3507953"
"JH378159","4110910","4111024","KQ053398v1","2623748","2623879","39","1487162"
"JH378159","4121760","4122054","KQ053421v1","5610673","5610968","82","1488913"
"JH378159","4122843","4123086","KQ058509v1","24058","24271","77","4098785"
"JH378159","4151545","4151851","KQ053421v1","5610673","5610968","79","1459128"
"JH378159","4155890","4156197","KQ053421v1","5610673","5610968","78","1454783"
"JH378159","4175953","4176244","KQ053421v1","5610673","5610968","78","1434720"
"JH378159","4195558","4195868","KQ058427v1","7786546","7786853","72","3590988"
"JH378159","4200237","4200414","KQ053993v1","1251070","1251235","45","2949167"
"JH378159","4249584","4249851","KQ058339v1","4553625","4553889","94","304041"
"JH378159","4281403","4281706","KQ053421v1","5610673","5610968","73","1329270"
"JH378159","4589371","4589664","KQ053421v1","5610673","5610968","70","1021302"
"JH378159","4612059","4612348","KQ053421v1","5610673","5610968","82","998614"
"JH378159","4622974","4623279","KQ053421v1","5610673","5610968","79","987699"
"JH378159","4807449","4807746","KQ053421v1","5610673","5610968","76","803224"
"JH378159","4888438","4888710","KQ057901v1","868884","869144","83","4019554"
"JH378159","4897485","4897815","KQ055267v1","513773","514088","90","4383712"
"JH378159","4918296","4918596","KQ053421v1","5610673","5610968","80","692377"
"JH378159","5008445","5008753","KQ055352v1","6003171","6003466","69","994726"
"JH378159","5039777","5040084","KQ055352v1","6003171","6003466","73","963394"
"JH378159","5063813","5064114","KQ055267v1","513773","514088","73","4550040"
"JH378159","5106197","5106508","KQ053421v1","5610673","5610968","73","504476"
"JH378159","5141290","5141611","KQ053421v1","5610673","5610968","84","469383"
"JH378159","5189091","5189400","KQ055267v1","513773","514088","70","4675318"
"JH378159","5194817","5195129","KQ055267v1","513773","514088","74","4681044"
"JH378159","5314650","5314959","KQ055352v1","6003171","6003466","75","688521"
"JH378159","5326405","5326703","KQ053421v1","5610673","5610968","74","284268"
"JH378159","5398038","5398318","KQ058640v1","643463","643729","92","4754575"
"JH378159","5469358","5469669","KQ055267v1","513773","514088","74","4955585"
"JH378159","5527989","5528315","KQ058427v1","7786546","7786853","91","2258557"
"JH378159","5745869","5746164","KQ053421v1","5610673","5610968","71","135196"
"JH378159","5772241","5772523","KQ053421v1","5610673","5610968","89","161568"
"JH378159","5882367","5882442","KQ056235v1","1266284","1266361","23","4616083"
"JH378159","5906743","5907035","KQ053421v1","5610673","5610968","72","296070"
"JH378159","5922307","5922503","KQ058427v1","11113103","11113283","52","5190796"
"JH378159","6003730","6004027","KQ053421v1","5610673","5610968","75","393057"
"JH378159","6036380","6036673","KQ053421v1","5610673","5610968","74","425707"
"JH378159","6041498","6041674","KQ057449v1","1214348","1214489","64","4827150"
"JH378159","6071554","6071859","KQ053421v1","5610673","5610968","71","460881"
"JH378159","6098714","6099017","KQ053421v1","5610673","5610968","74","488041"
"JH378159","6192722","6192922","KQ056064v1","326763","326940","67","5865959"
"JH378159","6193131","6193220","KQ058316v1","2226037","2226104","39","3967094"
"JH378159","6206227","6206526","KQ053421v1","5610673","5610968","75","595554"
"JH378159","6224033","6224323","KQ053421v1","5610673","5610968","81","613360"
"JH378159","6229316","6229609","KQ053421v1","5610673","5610968","71","618643"
"JH378159","6483751","6483917","KQ058350v1","9514178","9514352","42","3030427"
"JH378159","6643866","6644166","KQ053421v1","5610673","5610968","74","1033193"
"JH378159","6699870","6700145","KQ058339v1","4553625","4553889","82","2146245"
"JH378159","6709291","6709595","KQ055267v1","513773","514088","72","6195518"
"JH378159","6772230","6772529","KQ053421v1","5610673","5610968","72","1161557"
"JH378159","6801920","6802227","KQ055267v1","513773","514088","76","6288147"
"JH378159","6838354","6838629","KQ053421v1","5610673","5610968","79","1227681"
"JH378159","6950117","6950305","KQ056064v1","326763","326940","55","6623354"
"JH378159","6983190","6983319","KQ057781v1","1047045","1047171","27","5936145"
"JH378159","7015346","7015655","KQ055267v1","513773","514088","79","6501573"
"JH378159","7018858","7019152","KQ053421v1","5610673","5610968","68","1408185"
"JH378159","7173106","7173416","KQ055352v1","6003171","6003466","74","1169935"
"JH378159","7237106","7237413","KQ055352v1","6003171","6003466","67","1233935"
"JH378159","7246110","7246408","KQ053421v1","5610673","5610968","71","1635437"
"JH378159","7370634","7370808","KQ053234v1","1679581","1679757","44","5691053"
"JH378159","7574758","7575071","KQ053421v1","5610673","5610968","77","1964085"
"JH378159","7639733","7639959","KQ055662v1","1890465","1890674","66","5749268"
"JH378159","7661111","7661384","KQ053421v1","5610673","5610968","90","2050438"
"JH378159","7721885","7722019","KQ053398v1","2623748","2623879","41","5098137"
"JH378159","7806358","7806667","KQ055352v1","6003171","6003466","71","1803187"
"JH378159","7851401","7851693","KQ053421v1","5610673","5610968","85","2240728"
"JH378159","7856594","7856812","KQ052982v1","2032903","2033097","65","5823691"
"JH378159","7883264","7883562","KQ053421v1","5610673","5610968","70","2272591"
"JH378159","7901608","7901737","KQ053398v1","2623748","2623879","33","5277860"
"JH378159","7991073","7991375","KQ053421v1","5610673","5610968","73","2380400"
"JH378159","8010326","8010569","KQ057901v1","868884","869144","88","7141442"
"JH378159","8045485","8045768","KQ053421v1","5610673","5610968","78","2434812"
"JH378159","8073747","8074055","KQ055267v1","513773","514088","76","7559974"
"JH378159","8134715","8135018","KQ053421v1","5610673","5610968","74","2524042"
"JH378159","8150969","8151279","KQ055352v1","6003171","6003466","74","2147798"
"JH378159","8265417","8265714","KQ053421v1","5610673","5610968","72","2654744"
"JH378159","8284524","8284827","KQ055352v1","6003171","6003466","74","2281353"
"JH378159","8292648","8292959","KQ055352v1","6003171","6003466","72","2289477"
"JH378159","8323262","8323568","KQ055267v1","513773","514088","76","7809489"
"JH378159","8337189","8337495","KQ053421v1","5610673","5610968","80","2726516"
"JH378159","8355410","8355707","KQ053421v1","5610673","5610968","86","2744737"
"JH378159","8387498","8387753","KQ053234v1","1414405","1414609","92","6973093"
"JH378159","8434746","8435033","KQ055862v1","1305285","1305561","81","7129461"
"JH378159","8495600","8495894","KQ053421v1","5610673","5610968","68","2884927"
"JH378159","8874232","8874535","KQ055267v1","513773","514088","72","8360459"
"JH378159","8984320","8984629","KQ053421v1","5610673","5610968","72","3373647"
"JH378159","9102006","9102310","KQ053421v1","5610673","5610968","69","3491333"
"JH378159","9129035","9129346","KQ055267v1","513773","514088","78","8615262"
"JH378159","9151395","9151707","KQ055352v1","6003171","6003466","72","3148224"
"JH378159","9178706","9178924","KQ058594v1","1033101","1033292","81","8145605"
"JH378159","9346972","9347278","KQ055352v1","6003171","6003466","70","3343801"
"JH378159","9417003","9417296","KQ053421v1","5610673","5610968","67","3806330"
"JH378159","9430112","9430420","KQ055267v1","513773","514088","88","8916339"
"JH378159","9534590","9534901","KQ055352v1","6003171","6003466","73","3531419"
"JH378159","9642965","9643274","KQ055352v1","6003171","6003466","74","3639794"
"JH378159","9707140","9707439","KQ053421v1","5610673","5610968","71","4096467"
"JH378159","9736959","9737263","KQ053421v1","5610673","5610968","69","4126286"
"JH378159","9742950","9743227","KQ054815v1","2215557","2215844","77","7527393"
"JH378159","9786900","9787204","KQ055352v1","6003171","6003466","71","3783729"
"JH378159","9827716","9828016","KQ053421v1","5610673","5610968","71","4217043"
"JH378159","9915657","9915961","KQ053421v1","5610673","5610968","68","4304984"
"JH378159","9944481","9944788","KQ053421v1","5610673","5610968","74","4333808"
"JH378159","10022052","10022347","KQ053421v1","5610673","5610968","68","4411379"
"JH378159","10133917","10134160","KQ058242v1","595939","596205","84","9537978"
"JH378159","10233042","10233209","KQ053310v1","1983228","1983391","41","8249814"
"JH378159","10437258","10437556","KQ053421v1","5610673","5610968","68","4826585"
"JH378159","10445370","10445664","KQ053421v1","5610673","5610968","65","4834697"
"JH378159","10524262","10524552","KQ053421v1","5610673","5610968","78","4913589"
"JH378159","10727674","10727984","KQ055352v1","6003171","6003466","72","4724503"
"JH378159","10764569","10764879","KQ055352v1","6003171","6003466","70","4761398"
"JH378159","10918853","10919101","KQ058509v1","24058","24271","80","10894795"
"JH378159","11027907","11028199","KQ053421v1","5610673","5610968","86","5417234"
"JH378159","11078063","11078372","KQ053421v1","5610673","5610968","75","5467390"
"JH378159","11096656","11096964","KQ055352v1","6003171","6003466","69","5093485"
"JH378159","11111112","11111421","KQ055267v1","513773","514088","71","10597339"
"JH378159","11233100","11233397","KQ053421v1","5610673","5610968","70","5622427"
"JH378159","11295439","11295695","KQ058242v1","595939","596205","76","10699500"
"JH378159","11301388","11301696","KQ058427v1","7786546","7786853","87","3514842"
"JH378159","11335852","11336152","KQ053421v1","5610673","5610968","70","5725179"
"JH378159","11428594","11428893","KQ053421v1","5610673","5610968","70","5817921"
"JH378159","11436401","11436706","KQ055352v1","6003171","6003466","72","5433230"
"JH378159","11438934","11439241","KQ058427v1","7786546","7786853","82","3652388"
"JH378159","11566288","11566592","KQ053421v1","5610673","5610968","70","5955615"
"JH378159","11706117","11706426","KQ055352v1","6003171","6003466","72","5702946"
"JH378159","11837290","11837586","KQ053421v1","5610673","5610968","79","6226617"
"JH378159","11966805","11966912","KQ056493v1","2043382","2043488","37","9923423"
"JH378159","12047406","12047709","KQ053421v1","5610673","5610968","71","6436733"
"JH378159","12195323","12195600","KQ055862v1","1305285","1305561","63","10890038"
"JH378159","12220147","12220344","KQ058274v1","300327","300497","74","11919820"
"JH378159","12264746","12265060","KQ055267v1","513773","514088","72","11750973"
"JH378159","12283992","12284295","KQ053421v1","5610673","5610968","76","6673319"
"JH378159","12286412","12286654","KQ058242v1","595939","596205","77","11690473"
"JH378159","12430262","12430547","KQ053421v1","5610673","5610968","86","6819589"
"JH378159","12498610","12498924","KQ058427v1","7786546","7786853","80","4712064"
"JH378159","12511816","12512123","KQ055267v1","513773","514088","80","11998043"
"JH378159","12542485","12542780","KQ053421v1","5610673","5610968","86","6931812"
"JH378159","12586750","12587067","KQ058427v1","7786546","7786853","80","4800204"
"JH378159","12651859","12652037","KQ053531v1","6571","6737","55","12645288"
"JH378159","12691070","12691332","KQ056321v1","575951","576190","95","12115119"
"JH378159","12706921","12707223","KQ053421v1","5610673","5610968","69","7096248"
"JH378159","12778088","12778393","KQ058427v1","7786546","7786853","78","4991542"
"JH378159","12791700","12791924","KQ055662v1","1890465","1890674","73","10901235"
"JH378159","12848830","12849141","KQ058427v1","7786546","7786853","92","5062284"
"JH378159","12963586","12963885","KQ053421v1","5610673","5610968","72","7352913"
"JH378159","13459770","13460082","KQ055267v1","513773","514088","79","12945997"
"JH378159","13592352","13592611","KQ057901v1","868884","869144","92","12723468"
"JH378159","13602232","13602522","KQ055267v1","513773","514088","89","13088459"
"JH378159","13776517","13776830","KQ055352v1","6003171","6003466","73","7773346"
"JH378159","13864916","13865215","KQ053421v1","5610673","5610968","72","8254243"
"JH378159","13915050","13915350","KQ053421v1","5610673","5610968","72","8304377"
"JH378159","14120185","14120492","KQ055267v1","513773","514088","72","13606412"
"JH378159","14125678","14125971","KQ053421v1","5610673","5610968","78","8515005"
"JH378159","14136814","14137123","KQ053421v1","5610673","5610968","75","8526141"
"JH378159","14295515","14295771","KQ058339v1","4553625","4553889","92","9741890"
"JH378159","14307249","14307552","KQ053421v1","5610673","5610968","69","8696576"
"JH378159","14318180","14318326","KQ054401v1","3363241","3363379","41","10954939"
"JH378159","14427275","14427563","KQ055267v1","513773","514088","91","13913502"
"JH378159","14461066","14461363","KQ053421v1","5610673","5610968","83","8850393"
"JH378159","14510770","14511074","KQ053421v1","5610673","5610968","83","8900097"
"JH378159","14521889","14522200","KQ053421v1","5610673","5610968","87","8911216"
"JH378159","14554008","14554306","KQ053421v1","5610673","5610968","71","8943335"
"JH378159","14556775","14557066","KQ053421v1","5610673","5610968","70","8946102"
"JH378159","14605838","14606123","KQ055862v1","1305285","1305561","92","13300553"
"JH378159","14778735","14779057","KQ053421v1","5610673","5610968","86","9168062"
"JH378159","14906000","14906294","KQ053421v1","5610673","5610968","70","9295327"
"JH378159","14913035","14913327","KQ053421v1","5610673","5610968","73","9302362"
"JH378159","14997032","14997335","KQ053421v1","5610673","5610968","74","9386359"
"JH378159","15008752","15009063","KQ055267v1","513773","514088","75","14494979"
"JH378159","15078148","15078450","KQ053421v1","5610673","5610968","70","9467475"
"JH378159","15164472","15164761","KQ053421v1","5610673","5610968","89","9553799"
"JH378159","15192134","15192438","KQ053421v1","5610673","5610968","73","9581461"
"JH378159","15256515","15256796","KQ054815v1","2215557","2215844","75","13040958"
"JH378159","15330612","15330918","KQ053421v1","5610673","5610968","75","9719939"
"JH378159","15368619","15368909","KQ053421v1","5610673","5610968","68","9757946"
"JH378159","15384813","15385114","KQ053421v1","5610673","5610968","80","9774140"
"JH378159","15407138","15407411","KQ053421v1","5610673","5610968","91","9796465"
"JH378159","15436078","15436319","KQ058242v1","595939","596205","82","14840139"
"JH378159","15484889","15485194","KQ053421v1","5610673","5610968","71","9874216"
"JH378159","15553917","15554205","KQ053421v1","5610673","5610968","81","9943244"
"JH378159","15631270","15631571","KQ053421v1","5610673","5610968","69","10020597"
"JH378159","15638386","15638696","KQ053421v1","5610673","5610968","89","10027713"
"JH378159","15639038","15639345","KQ053421v1","5610673","5610968","80","10028365"
"JH378159","15681866","15682156","KQ053421v1","5610673","5610968","86","10071193"
"JH378159","15686765","15687058","KQ058427v1","7786546","7786853","96","7900219"
"JH378159","15709524","15709821","KQ058427v1","7786546","7786853","78","7922978"
"JH378159","15731711","15731997","KQ055862v1","1305285","1305561","72","14426426"
"JH378159","15734775","15735077","KQ058427v1","7786546","7786853","76","7948229"
"JH378159","15788825","15789136","KQ053421v1","5610673","5610968","78","10178152"
"JH378159","15805787","15806070","KQ053421v1","5610673","5610968","76","10195114"
"JH378159","15821387","15821677","KQ053421v1","5610673","5610968","86","10210714"
"JH378159","15824193","15824399","KQ055662v1","1890465","1890674","62","13933728"
"JH378159","15872831","15872919","KQ053998v1","8863","8933","43","15863968"
"JH378159","15876941","15877194","KQ055862v1","1305285","1305561","77","14571656"
"JH378159","15958754","15959060","KQ053421v1","5610673","5610968","89","10348081"
"JH378159","16023230","16023522","KQ053421v1","5610673","5610968","67","10412557"
"JH378159","16033147","16033462","KQ053421v1","5610673","5610968","94","10422474"
"JH378159","16054388","16054461","KQ058316v1","2226037","2226104","34","13828351"
"JH378159","16054600","16054759","KQ053531v1","6571","6737","58","16048029"
"JH378159","16087683","16087973","KQ053421v1","5610673","5610968","76","10477010"
"JH378159","16177188","16177483","KQ053421v1","5610673","5610968","71","10566515"
"JH378159","16203996","16204273","KQ058242v1","595939","596205","93","15608057"
"JH378159","16220408","16220669","KQ058242v1","595939","596205","59","15624469"
"JH378160","414495","414789","KQ053421v1","5610673","5610968","76","5196178"
"JH378160","444696","444996","KQ053421v1","5610673","5610968","69","5165977"
"JH378160","610592","610891","KQ053421v1","5610673","5610968","71","5000081"
"JH378160","1068320","1068628","KQ055352v1","6003171","6003466","75","4934851"
"JH378160","1345894","1346182","KQ053421v1","5610673","5610968","84","4264779"
"JH378160","1403942","1404246","KQ053421v1","5610673","5610968","72","4206731"
"JH378160","1417372","1417678","KQ053135v1","5034940","5035266","106","3617568"
"JH378160","1443862","1444008","KQ056118v1","822027","822185","50","621835"
"JH378160","1632316","1632602","KQ054815v1","2215557","2215844","85","583241"
"JH378160","1647606","1647917","KQ055267v1","513773","514088","79","1133833"
"JH378160","1675317","1675618","KQ053421v1","5610673","5610968","82","3935356"
"JH378160","1676626","1676785","KQ056911v1","1421731","1421862","58","254895"
"JH378160","1677396","1677526","KQ053398v1","2623748","2623879","38","946352"
"JH378160","1771551","1771861","KQ058427v1","7786546","7786853","70","6014995"
"JH378160","1906953","1907235","KQ053421v1","5610673","5610968","83","3703720"
"JH378160","2054533","2054837","KQ053421v1","5610673","5610968","76","3556140"
"JH378160","2085518","2085837","KQ055267v1","513773","514088","87","1571745"
"JH378160","2120343","2120646","KQ055352v1","6003171","6003466","73","3882828"
"JH378160","2127309","2127611","KQ053421v1","5610673","5610968","72","3483364"
"JH378160","2150536","2150853","KQ055267v1","513773","514088","82","1636763"
"JH378160","2317973","2318200","KQ054068v1","3638075","3638299","79","1320102"
"JH378160","2678601","2678901","KQ055352v1","6003171","6003466","96","3324570"
"JH378160","2841254","2841541","KQ058394v1","9655127","9655422","93","6813873"
"JH378160","3193302","3193570","KQ058339v1","4553625","4553889","94","1360323"
"JH378160","3284807","3285052","KQ057186v1","783828","784085","93","2500979"
"JH378160","3357807","3358110","KQ055267v1","513773","514088","71","2844034"
"JH378160","3543849","3544158","KQ055352v1","6003171","6003466","75","2459322"
"JH378160","3624609","3624894","KQ053421v1","5610673","5610968","83","1986064"
"JH378160","3629683","3629984","KQ053421v1","5610673","5610968","83","1980990"
"JH378160","3631105","3631443","KQ055267v1","513773","514088","97","3117332"
"JH378160","3779044","3779349","KQ053421v1","5610673","5610968","82","1831629"
"JH378160","3831816","3832120","KQ053421v1","5610673","5610968","72","1778857"
"JH378160","3845184","3845457","KQ057901v1","868884","869144","92","2976300"
"JH378160","3874556","3874866","KQ055267v1","513773","514088","76","3360783"
"JH378160","3899545","3899854","KQ055352v1","6003171","6003466","70","2103626"
"JH378160","4346346","4346657","KQ055352v1","6003171","6003466","72","1656825"
"JH378160","4396720","4397015","KQ053421v1","5610673","5610968","82","1213953"
"JH378160","4399783","4400095","KQ053421v1","5610673","5610968","94","1210890"
"JH378160","4431320","4431630","KQ058427v1","7786546","7786853","81","3355226"
"JH378160","4547565","4547866","KQ053421v1","5610673","5610968","72","1063108"
"JH378160","4556560","4556924","KQ053059v1","2548766","2549102","127","2007794"
"JH378160","4686066","4686356","KQ053421v1","5610673","5610968","78","924607"
"JH378160","4722914","4723213","KQ053421v1","5610673","5610968","66","887759"
"JH378160","4767717","4768048","KQ053421v1","5610673","5610968","163","842956"
"JH378160","4846251","4846545","KQ053421v1","5610673","5610968","75","764422"
"JH378160","4862741","4863034","KQ053421v1","5610673","5610968","75","747932"
"JH378160","4897683","4897970","KQ053421v1","5610673","5610968","88","712990"
"JH378160","4907010","4907314","KQ053421v1","5610673","5610968","69","703663"
"JH378160","4941159","4941445","KQ053421v1","5610673","5610968","78","669514"
"JH378160","4943191","4943503","KQ055352v1","6003171","6003466","74","1059980"
"JH378160","4996648","4996925","KQ054815v1","2215557","2215844","78","2781091"
"JH378160","5012974","5013284","KQ055352v1","6003171","6003466","73","990197"
"JH378160","5039876","5040187","KQ055267v1","513773","514088","72","4526103"
"JH378160","5042189","5042453","KQ058242v1","595939","596205","69","4446250"
"JH378160","5049780","5050081","KQ053421v1","5610673","5610968","68","560893"
"JH378160","5326402","5326704","KQ055352v1","6003171","6003466","73","676769"
"JH378160","5409682","5409892","KQ055662v1","1890465","1890674","73","3519217"
"JH378160","5413294","5413607","KQ055267v1","513773","514088","82","4899521"
"JH378160","5423817","5424121","KQ053421v1","5610673","5610968","73","186856"
"JH378160","5435313","5435621","KQ055267v1","513773","514088","77","4921540"
"JH378160","5538568","5538877","KQ055267v1","513773","514088","75","5024795"
"JH378160","5540724","5540929","KQ058274v1","300327","300497","66","5240397"
"JH378160","5552586","5552888","KQ053421v1","5610673","5610968","68","58087"
"JH378160","5588929","5589223","KQ053421v1","5610673","5610968","71","21744"
"JH378160","5594103","5594391","KQ053421v1","5610673","5610968","72","16570"
"JH378160","5692409","5692700","KQ055267v1","513773","514088","88","5178636"
"JH378160","5764828","5765119","KQ053421v1","5610673","5610968","78","154155"
"JH378160","5768996","5769297","KQ053421v1","5610673","5610968","72","158323"
"JH378160","5777027","5777327","KQ053421v1","5610673","5610968","83","166354"
"JH378160","5801831","5802128","KQ053421v1","5610673","5610968","71","191158"
"JH378160","5820175","5820453","KQ058242v1","595939","596205","76","5224236"
"JH378160","5849773","5850049","KQ053421v1","5610673","5610968","88","239100"
"JH378160","5933693","5933920","KQ053234v1","1679581","1679757","91","4254112"
"JH378160","5977203","5977513","KQ055267v1","513773","514088","73","5463430"
"JH378160","5997243","5997526","KQ058640v1","643463","643729","92","5353780"
"JH378160","6045959","6046266","KQ053421v1","5610673","5610968","80","435286"
"JH378160","6146832","6147138","KQ055352v1","6003171","6003466","70","143661"
"JH378160","6195199","6195488","KQ053421v1","5610673","5610968","85","584526"
"JH378160","6351791","6352071","KQ053421v1","5610673","5610968","78","741118"
"JH378160","6355762","6356067","KQ055267v1","513773","514088","83","5841989"
"JH378160","6410362","6410486","KQ054401v1","3363241","3363379","43","3047121"
"JH378160","6410588","6410723","KQ054401v1","3363241","3363379","69","3047347"
"JH378160","6471042","6471331","KQ058242v1","595939","596205","88","5875103"
"JH378160","6481746","6482055","KQ055267v1","513773","514088","73","5967973"
"JH378160","6504330","6504637","KQ055267v1","513773","514088","70","5990557"
"JH378160","6576315","6576615","KQ053421v1","5610673","5610968","86","965642"
"JH378160","6785628","6785922","KQ053421v1","5610673","5610968","69","1174955"
"JH378160","7036312","7036592","KQ053421v1","5610673","5610968","88","1425639"
"JH378160","7120419","7120652","KQ057186v1","783828","784085","84","6336591"
"JH378160","7244143","7244464","KQ055352v1","6003171","6003466","85","1240972"
"JH378160","7247581","7247861","KQ054815v1","2215557","2215844","83","5032024"
"JH378160","7302307","7302598","KQ053421v1","5610673","5610968","86","1691634"
"JH378160","7350788","7351080","KQ053421v1","5610673","5610968","87","1740115"
"JH378160","7492557","7492849","KQ053421v1","5610673","5610968","79","1881884"
"JH378160","7499716","7500000","KQ053421v1","5610673","5610968","76","1889043"
"JH378160","7555588","7555899","KQ053421v1","5610673","5610968","78","1944915"
"JH378160","7834569","7834858","KQ053421v1","5610673","5610968","79","2223896"
"JH378160","7891451","7891668","KQ053234v1","1414405","1414609","71","6477046"
"JH378160","7896775","7897077","KQ053421v1","5610673","5610968","71","2286102"
"JH378160","7902759","7903068","KQ055267v1","513773","514088","78","7388986"
"JH378160","7913078","7913372","KQ053421v1","5610673","5610968","70","2302405"
"JH378160","8081229","8081509","KQ058242v1","595939","596205","79","7485290"
"JH378160","8102307","8102609","KQ053421v1","5610673","5610968","66","2491634"
"JH378160","8104493","8104668","KQ054954v1","1680710","1680882","40","6423783"
"JH378160","8134161","8134491","KQ058427v1","7786546","7786853","160","347615"
"JH378160","8394663","8394978","KQ055267v1","513773","514088","79","7880890"
"JH378160","8399568","8399874","KQ055267v1","513773","514088","79","7885795"
"JH378160","8586761","8587059","KQ053421v1","5610673","5610968","72","2976088"
"JH378160","8629146","8629438","KQ053421v1","5610673","5610968","71","3018473"
"JH378160","8704681","8704974","KQ058427v1","7786546","7786853","95","918135"
"JH378160","8914642","8914918","KQ055862v1","1305285","1305561","89","7609357"
"JH378160","8947669","8947971","KQ055352v1","6003171","6003466","73","2944498"
"JH378160","8971861","8972104","KQ058505v1","2207051","2207301","84","6764810"
"JH378160","8995710","8996008","KQ053421v1","5610673","5610968","71","3385037"
"JH378160","9021775","9022073","KQ053421v1","5610673","5610968","67","3411102"
"JH378160","9024810","9025117","KQ055352v1","6003171","6003466","68","3021639"
"JH378160","9095642","9095920","KQ057186v1","783828","784085","83","8311814"
"JH378160","9157542","9157735","KQ052982v1","2032903","2033097","49","7124639"
"JH378160","9188716","9189004","KQ055352v1","6003171","6003466","85","3185545"
"JH378160","9194562","9194868","KQ055267v1","513773","514088","88","8680789"
"JH378160","9206048","9206336","KQ053421v1","5610673","5610968","88","3595375"
"JH378160","9216452","9216746","KQ055862v1","1305285","1305561","77","7911167"
"JH378160","9223530","9223823","KQ058394v1","9655127","9655422","84","431597"
"JH378160","9283240","9283544","KQ053421v1","5610673","5610968","90","3672567"
"JH378160","9440585","9440882","KQ053421v1","5610673","5610968","80","3829912"
"JH378160","9468415","9468716","KQ053421v1","5610673","5610968","72","3857742"
"JH378160","9611756","9612058","KQ055352v1","6003171","6003466","69","3608585"
"JH378160","9657436","9657572","KQ053398v1","2623748","2623879","34","7033688"
"JH378160","9669764","9670062","KQ055352v1","6003171","6003466","74","3666593"
"JH378160","10037789","10038090","KQ053421v1","5610673","5610968","74","4427116"
"JH378160","10242173","10242471","KQ053421v1","5610673","5610968","67","4631500"
"JH378160","10261754","10261953","KQ053234v1","1679581","1679757","58","8582173"
"JH378160","10403542","10403833","KQ053421v1","5610673","5610968","82","4792869"
"JH378160","10410308","10410609","KQ053421v1","5610673","5610968","75","4799635"
"JH378160","10489156","10489377","KQ058594v1","5950443","5950621","89","4538713"
"JH378160","10489505","10489719","KQ057186v1","783828","784085","89","9705677"
"JH378160","10566255","10566553","KQ053421v1","5610673","5610968","73","4955582"
"JH378160","10568982","10569106","KQ053398v1","2623748","2623879","34","7945234"
"JH378160","10613830","10613888","KQ053587v1","1583613","1583661","19","9030217"
"JH378160","10626915","10627229","KQ055267v1","513773","514088","85","10113142"
"JH378160","10630194","10630462","KQ053883v1","6938067","6938331","91","3692127"
"JH378160","10631252","10631569","KQ058427v1","7786546","7786853","93","2844706"
"JH378160","10657184","10657476","KQ053421v1","5610673","5610968","78","5046511"
"JH378160","10680264","10680577","KQ055267v1","513773","514088","78","10166491"
"JH378160","10707068","10707364","KQ053421v1","5610673","5610968","74","5096395"
"JH378160","10739547","10739820","KQ053421v1","5610673","5610968","76","5128874"
"JH378160","10760107","10760327","ABDC02053644v1","2226","2419","82","10757881"
"JH378160","10852742","10852925","KQ058423v1","270754","270928","43","10581988"
"JH378160","10970567","10970881","KQ055267v1","513773","514088","96","10456794"
"JH378160","11140348","11140657","KQ055267v1","513773","514088","74","10626575"
"JH378160","11148566","11148869","KQ053421v1","5610673","5610968","72","5537893"
"JH378160","11153571","11153871","KQ053421v1","5610673","5610968","80","5542898"
"JH378160","11157206","11157512","KQ055352v1","6003171","6003466","70","5154035"
"JH378160","11163121","11163411","KQ053421v1","5610673","5610968","73","5552448"
"JH378160","11187072","11187331","KQ058242v1","595939","596205","79","10591133"
"JH378160","11227034","11227344","KQ055267v1","513773","514088","76","10713261"
"JH378160","11275090","11275369","KQ053806v1","635655","635936","91","10639435"
"JH378160","11280527","11280828","KQ055267v1","513773","514088","83","10766754"
"JH378160","11314821","11315120","KQ053421v1","5610673","5610968","76","5704148"
"JH378160","11334309","11334609","KQ053421v1","5610673","5610968","74","5723636"
"JH378160","11353195","11353466","KQ055862v1","1305285","1305561","89","10047910"
"JH378160","11511716","11511993","KQ058242v1","595939","596205","69","10915777"
"JH378160","11569659","11569951","KQ053421v1","5610673","5610968","70","5958986"
"JH378160","11748334","11748632","KQ053421v1","5610673","5610968","75","6137661"
"JH378160","11778690","11778988","KQ055352v1","6003171","6003466","76","5775519"
"JH378160","11829723","11830025","KQ053421v1","5610673","5610968","75","6219050"
"JH378160","11832272","11832572","KQ053421v1","5610673","5610968","71","6221599"
"JH378160","11838327","11838635","KQ058427v1","7786546","7786853","78","4051781"
"JH378160","11842221","11842521","KQ055267v1","513773","514088","89","11328448"
"JH378160","11845540","11845811","KQ053421v1","5610673","5610968","90","6234867"
"JH378160","11908569","11908863","KQ053421v1","5610673","5610968","83","6297896"
"JH378160","11942367","11942683","KQ055267v1","513773","514088","87","11428594"
"JH378160","11954332","11954627","KQ053421v1","5610673","5610968","72","6343659"
"JH378160","11955353","11955577","KQ055662v1","1890465","1890674","83","10064888"
"JH378160","11978572","11978856","KQ054815v1","2215557","2215844","73","9763015"
"JH378160","11980030","11980325","KQ053421v1","5610673","5610968","74","6369357"
"JH378160","11997297","11997356","KQ058316v1","2226037","2226104","25","9771260"
"JH378160","11997958","11998248","KQ053421v1","5610673","5610968","77","6387285"
"JH378160","12017965","12018259","KQ053421v1","5610673","5610968","71","6407292"
"JH378160","12026346","12026644","KQ053421v1","5610673","5610968","71","6415673"
"JH378160","12034249","12034462","KQ055662v1","1890465","1890674","59","10143784"
"JH378160","12037990","12038298","KQ055352v1","6003171","6003466","74","6034819"
"JH378160","12183633","12183944","KQ055352v1","6003171","6003466","76","6180462"
"JH378160","12216071","12216357","KQ058339v1","4553625","4553889","85","7662446"
"JH378160","12240200","12240503","KQ055352v1","6003171","6003466","74","6237029"
"JH378160","12338638","12338935","KQ053421v1","5610673","5610968","74","6727965"
"JH378160","12345614","12345894","KQ053421v1","5610673","5610968","78","6734941"
"JH378160","12370475","12370776","KQ053421v1","5610673","5610968","70","6759802"
"JH378160","12391201","12391480","KQ058339v1","4553625","4553889","79","7837576"
"JH378160","12448698","12448807","KQ055717v1","1610376","1610476","42","10838322"
"JH378160","12513722","12514019","KQ053421v1","5610673","5610968","68","6903049"
"JH378160","12555049","12555279","KQ057380v1","3344874","3345081","67","9210175"
"JH378160","12568004","12568301","KQ053421v1","5610673","5610968","66","6957331"
"JH378160","12599284","12599578","KQ053421v1","5610673","5610968","89","6988611"
"JH378160","12608614","12608914","KQ053421v1","5610673","5610968","75","6997941"
"JH378160","12613202","12613499","KQ053421v1","5610673","5610968","71","7002529"
"JH378160","12622197","12622507","KQ055352v1","6003171","6003466","76","6619026"
"JH378160","12648035","12648152","KQ053398v1","2623748","2623879","41","10024287"
"JH378160","12649386","12649670","KQ055862v1","1305285","1305561","89","11344101"
"JH378160","12653059","12653368","KQ055352v1","6003171","6003466","71","6649888"
"JH378160","12699430","12699744","KQ053421v1","5610673","5610968","87","7088757"
"JH378160","12712034","12712337","KQ053421v1","5610673","5610968","69","7101361"
"JH378160","12740184","12740475","KQ053421v1","5610673","5610968","74","7129511"
"JH378160","12763423","12763732","KQ055352v1","6003171","6003466","67","6760252"
"JH378160","12775130","12775433","KQ055352v1","6003171","6003466","70","6771959"
"JH378160","12818553","12818860","KQ053421v1","5610673","5610968","91","7207880"
"JH378160","12841866","12842173","KQ053421v1","5610673","5610968","78","7231193"
"JH378160","12923372","12923493","KQ053398v1","2627781","2627909","33","10295591"
"JH378160","12931179","12931473","KQ053421v1","5610673","5610968","75","7320506"
"JH378160","12955655","12955919","KQ058427v1","6786866","6787134","79","6168789"
"JH378160","12960229","12960533","KQ053421v1","5610673","5610968","89","7349556"
"JH378160","12991085","12991375","KQ053421v1","5610673","5610968","74","7380412"
"JH378160","13013240","13013539","KQ053421v1","5610673","5610968","70","7402567"
"JH378160","13033701","13034003","KQ053421v1","5610673","5610968","71","7423028"
"JH378160","13099179","13099377","KQ058274v1","300327","300497","63","12798852"
"JH378160","13099478","13099596","KQ052968v1","13665640","13665790","55","566162"
"JH378160","13123281","13123584","KQ053421v1","5610673","5610968","71","7512608"
"JH378160","13129295","13129575","KQ053421v1","5610673","5610968","82","7518622"
"JH378160","13132762","13133069","KQ055352v1","6003171","6003466","67","7129591"
"JH378160","13137590","13137834","KQ056321v1","575951","576190","67","12561639"
"JH378160","13224346","13224529","KQ058594v1","1033101","1033292","61","12191245"
"JH378160","13263318","13263615","KQ053421v1","5610673","5610968","71","7652645"
"JH378160","13294045","13294352","KQ053421v1","5610673","5610968","73","7683372"
"JH378160","13295079","13295233","KQ053993v1","1251070","1251235","40","12044009"
"JH378160","13311745","13312046","KQ053421v1","5610673","5610968","69","7701072"
"JH378160","13318939","13319248","KQ055267v1","513773","514088","73","12805166"
"JH378160","13335033","13335337","KQ053421v1","5610673","5610968","72","7724360"
"JH378160","13348449","13348726","KQ053421v1","5610673","5610968","82","7737776"
"JH378160","13423393","13423690","KQ053421v1","5610673","5610968","79","7812720"
"JH378160","13425235","13425501","KQ058242v1","595939","596205","109","12829296"
"JH378160","13440768","13441055","KQ053421v1","5610673","5610968","87","7830095"
"JH378160","13494067","13494366","KQ053421v1","5610673","5610968","72","7883394"
"JH378160","13610661","13610942","KQ053421v1","5610673","5610968","78","7999988"
"JH378160","13647772","13648078","KQ058427v1","7786546","7786853","79","5861226"
"JH378160","13660398","13660739","KQ058427v1","7786546","7786853","104","5873852"
"JH378160","13723965","13724260","KQ053421v1","5610673","5610968","73","8113292"
"JH378160","13792732","13793035","KQ053421v1","5610673","5610968","78","8182059"
"JH378160","13845294","13845604","KQ058427v1","7786546","7786853","73","6058748"
"JH378160","13969053","13969185","KQ054401v1","3363241","3363379","42","10605812"
"JH378160","14035988","14036295","KQ055267v1","513773","514088","72","13522215"
"JH378160","14063383","14063669","KQ053421v1","5610673","5610968","72","8452710"
"JH378160","14099577","14099877","KQ053421v1","5610673","5610968","66","8488904"
"JH378160","14200427","14200689","KQ058640v1","643463","643729","76","13556964"
"JH378160","14282867","14282969","KQ056279v1","759081","759162","35","13523786"
"JH378160","14298763","14299054","KQ053421v1","5610673","5610968","83","8688090"
"JH378160","14314644","14314886","KQ058509v1","24058","24271","76","14290586"
"JH378160","14374224","14374548","KQ053421v1","5610673","5610968","88","8763551"
"JH378160","14449652","14449976","KQ055352v1","6003171","6003466","89","8446481"
"JH378160","14460855","14460910","KQ054191v1","1885658","1885707","19","12575197"
"JH378160","14461011","14461226","KQ055662v1","1890465","1890674","62","12570546"
"JH378160","14468853","14469162","KQ055352v1","6003171","6003466","75","8465682"
"JH378160","14472163","14472448","KQ055352v1","6003171","6003466","78","8468992"
"JH378160","14488613","14488906","KQ053421v1","5610673","5610968","72","8877940"
"JH378160","14547360","14547591","KQ053234v1","1414405","1414609","65","13132955"
"JH378160","14548207","14548332","KQ053398v1","2623748","2623879","36","11924459"
"JH378160","14572127","14572433","KQ053421v1","5610673","5610968","101","8961454"
"JH378160","14655242","14655543","KQ053421v1","5610673","5610968","75","9044569"
"JH378160","14857337","14857686","KQ055267v1","513773","514088","107","14343564"
"JH378160","14975888","14976190","KQ053421v1","5610673","5610968","68","9365215"
"JH378160","15305540","15305794","KQ058505v1","2207051","2207301","82","13098489"
"JH378160","15348235","15348404","KQ058350v1","9514178","9514352","42","5834057"
"JH378160","15447158","15447460","KQ053421v1","5610673","5610968","70","9836485"
"JH378160","15452536","15452849","KQ053421v1","5610673","5610968","151","9841863"
"JH378160","15462218","15462522","KQ055352v1","6003171","6003466","69","9459047"
"JH378160","15465438","15465748","KQ055352v1","6003171","6003466","73","9462267"
"JH378161","10354621","10354910","KQ053421v1","5610673","5610968","82","4743948"
"JH378161","133596","133870","KQ053421v1","5610673","5610968","84","5477077"
"JH378161","224843","224918","KQ056235v1","1266284","1266361","28","1041441"
"JH378161","239245","239514","KQ058339v1","4553625","4553889","64","4314380"
"JH378161","281637","281945","KQ053421v1","5610673","5610968","90","5329036"
"JH378161","370061","370346","KQ058394v1","9655127","9655422","87","9285066"
"JH378161","538678","538967","KQ053421v1","5610673","5610968","82","5071995"
"JH378161","688866","689165","KQ053421v1","5610673","5610968","151","4921807"
"JH378161","689227","689537","KQ058427v1","7786546","7786853","86","7097319"
"JH378161","698093","698405","KQ055267v1","513773","514088","87","184320"
"JH378161","855956","856255","KQ055352v1","6003171","6003466","84","5147215"
"JH378161","910062","910365","KQ053421v1","5610673","5610968","81","4700611"
"JH378161","1266658","1266988","KQ055267v1","513773","514088","102","752885"
"JH378161","1347197","1347494","KQ055352v1","6003171","6003466","90","4655974"
"JH378161","1415999","1416290","KQ053421v1","5610673","5610968","79","4194674"
"JH378161","1516627","1516955","KQ055267v1","513773","514088","96","1002854"
"JH378161","1526407","1526711","KQ053421v1","5610673","5610968","82","4084266"
"JH378161","1638152","1638413","KQ053421v1","5610673","5610968","90","3972521"
"JH378161","1665842","1666094","KQ058339v1","4553625","4553889","83","2887783"
"JH378161","1727394","1727702","KQ058427v1","7786546","7786853","75","6059152"
"JH378161","1770355","1770635","KQ056321v1","575951","576190","86","1194404"
"JH378161","1808002","1808315","KQ053059v1","2548766","2549102","88","740764"
"JH378161","1828599","1828895","KQ053421v1","5610673","5610968","67","3782074"
"JH378161","1829157","1829496","KQ055352v1","6003171","6003466","101","4174014"
"JH378161","1837890","1838140","KQ058339v1","4553625","4553889","71","2715735"
"JH378161","1854614","1854919","KQ053421v1","5610673","5610968","77","3756059"
"JH378161","1860134","1860430","KQ053421v1","5610673","5610968","76","3750539"
"JH378161","1877099","1877395","KQ053421v1","5610673","5610968","78","3733574"
"JH378161","1879331","1879640","KQ053421v1","5610673","5610968","89","3731342"
"JH378161","1908289","1908559","KQ057186v1","783828","784085","77","1124461"
"JH378161","1963343","1963645","KQ053421v1","5610673","5610968","75","3647330"
"JH378161","1997280","1997587","KQ053421v1","5610673","5610968","78","3613393"
"JH378161","2014277","2014576","KQ053421v1","5610673","5610968","73","3596396"
"JH378161","2021155","2021466","KQ055267v1","513773","514088","74","1507382"
"JH378161","2025993","2026221","KQ053234v1","1414405","1414609","80","611588"
"JH378161","2041040","2041195","KQ058428v1","1396698","1396861","51","644342"
"JH378161","2054598","2054887","KQ058339v1","4553625","4553889","82","2499027"
"JH378161","2077761","2078049","KQ053421v1","5610673","5610968","84","3532912"
"JH378161","2079555","2079840","KQ053421v1","5610673","5610968","70","3531118"
"JH378161","2110834","2111122","KQ053421v1","5610673","5610968","72","3499839"
"JH378161","2194738","2195028","KQ053421v1","5610673","5610968","75","3415935"
"JH378161","2195466","2195756","KQ053421v1","5610673","5610968","85","3415207"
"JH378161","2223598","2223813","KQ058594v1","5950443","5950621","76","3726845"
"JH378161","2233272","2233576","KQ055352v1","6003171","6003466","70","3769899"
"JH378161","2253356","2253498","KQ054401v1","3363241","3363379","46","1109885"
"JH378161","2253871","2253945","KQ056279v1","759081","759162","26","1494790"
"JH378161","2284196","2284491","KQ053421v1","5610673","5610968","73","3326477"
"JH378161","2292041","2292331","KQ058427v1","7786546","7786853","100","5494505"
"JH378161","2345751","2345864","KQ053398v1","2627781","2627909","46","282030"
"JH378161","2347900","2348185","KQ053421v1","5610673","5610968","79","3262773"
"JH378161","2351876","2352137","KQ058427v1","6786866","6787134","85","4434990"
"JH378161","2564888","2565177","KQ053421v1","5610673","5610968","76","3045785"
"JH378161","2598074","2598383","KQ055267v1","513773","514088","82","2084301"
"JH378161","2645422","2645715","KQ053421v1","5610673","5610968","67","2965251"
"JH378161","2758438","2758738","KQ053421v1","5610673","5610968","75","2852235"
"JH378161","2821084","2821345","KQ053883v1","6938067","6938331","86","4116983"
"JH378161","2841291","2841581","KQ053421v1","5610673","5610968","82","2769382"
"JH378161","2878222","2878526","KQ053421v1","5610673","5610968","73","2732451"
"JH378161","2910370","2910588","KQ055662v1","1890465","1890674","70","1019905"
"JH378161","2935545","2935867","KQ055267v1","513773","514088","84","2421772"
"JH378161","2946896","2946979","KQ056235v1","1266284","1266361","21","1680612"
"JH378161","2970874","2970985","KQ056493v1","2043382","2043488","43","927492"
"JH378161","3003079","3003388","KQ053421v1","5610673","5610968","92","2607594"
"JH378161","3064358","3064663","KQ055267v1","513773","514088","78","2550585"
"JH378161","3094503","3094768","KQ056321v1","575951","576190","82","2518552"
"JH378161","3097784","3098061","KQ053421v1","5610673","5610968","84","2512889"
"JH378161","3169949","3170231","KQ053421v1","5610673","5610968","88","2440724"
"JH378161","3231724","3232034","KQ053421v1","5610673","5610968","80","2378949"
"JH378161","3238245","3238497","KQ057901v1","868884","869144","80","2369361"
"JH378161","3245593","3245870","KQ053421v1","5610673","5610968","89","2365080"
"JH378161","3259672","3259970","KQ053421v1","5610673","5610968","71","2351001"
"JH378161","3270364","3270647","KQ058640v1","643463","643729","79","2626901"
"JH378161","3272030","3272347","KQ053421v1","5610673","5610968","92","2338643"
"JH378161","3282558","3282851","KQ053421v1","5610673","5610968","71","2328115"
"JH378161","3291890","3292192","KQ053421v1","5610673","5610968","72","2318783"
"JH378161","3295476","3295781","KQ055267v1","513773","514088","81","2781703"
"JH378161","3300155","3300445","KQ053421v1","5610673","5610968","79","2310518"
"JH378161","3340220","3340507","KQ053421v1","5610673","5610968","83","2270453"
"JH378161","3365961","3366262","KQ053421v1","5610673","5610968","76","2244712"
"JH378161","3422417","3422684","KQ057901v1","868884","869144","88","2553533"
"JH378161","3460866","3461161","KQ053421v1","5610673","5610968","74","2149807"
"JH378161","3620831","3621128","KQ053421v1","5610673","5610968","70","1989842"
"JH378161","3627714","3627999","KQ053421v1","5610673","5610968","74","1982959"
"JH378161","3730933","3731244","KQ053421v1","5610673","5610968","68","1879740"
"JH378161","3874826","3875125","KQ053421v1","5610673","5610968","66","1735847"
"JH378161","4055810","4056111","KQ053421v1","5610673","5610968","69","1554863"
"JH378161","4068191","4068496","KQ053421v1","5610673","5610968","75","1542482"
"JH378161","4110974","4111273","KQ053421v1","5610673","5610968","68","1499699"
"JH378161","4132461","4132772","KQ055267v1","513773","514088","76","3618688"
"JH378161","4248868","4249107","KQ055662v1","1890465","1890674","77","2358403"
"JH378161","4319736","4320054","KQ055352v1","6003171","6003466","88","1683435"
"JH378161","4466105","4466397","KQ058339v1","4553625","4553889","91","87520"
"JH378161","4467921","4468050","KQ053398v1","2627781","2627909","39","1840140"
"JH378161","4492966","4493277","KQ055352v1","6003171","6003466","75","1510205"
"JH378161","4584639","4584791","KQ058428v1","1396698","1396861","44","3187941"
"JH378161","4588648","4588908","KQ058505v1","2207051","2207301","87","2381597"
"JH378161","4667212","4667510","KQ053421v1","5610673","5610968","68","943461"
"JH378161","4708846","4708995","KQ053398v1","2623748","2623879","45","2085098"
"JH378161","4789504","4789717","KQ053234v1","1414405","1414609","53","3375099"
"JH378161","4840065","4840358","KQ053421v1","5610673","5610968","72","770608"
"JH378161","4888350","4888661","KQ058427v1","7786546","7786853","78","2898196"
"JH378161","4990884","4991036","KQ057204v1","2930576","2930741","44","2060308"
"JH378161","5007522","5007819","KQ053421v1","5610673","5610968","72","603151"
"JH378161","5090720","5091032","KQ053421v1","5610673","5610968","83","519953"
"JH378161","5133457","5133519","KQ054932v1","5044350","5044402","32","89107"
"JH378161","5134515","5134723","KQ058274v1","300327","300497","66","4834188"
"JH378161","5136074","5136384","KQ055267v1","513773","514088","71","4622301"
"JH378161","5138084","5138399","KQ055267v1","513773","514088","86","4624311"
"JH378161","5151105","5151409","KQ055352v1","6003171","6003466","70","852066"
"JH378161","5155949","5156242","KQ053421v1","5610673","5610968","72","454724"
"JH378161","5168518","5168699","KQ057654v1","509","671","66","5168009"
"JH378161","5174430","5174727","KQ053421v1","5610673","5610968","78","436243"
"JH378161","5189139","5189400","KQ053883v1","6938067","6938331","94","1748928"
"JH378161","5246998","5247312","KQ053421v1","5610673","5610968","73","363675"
"JH378161","5251445","5251744","KQ053421v1","5610673","5610968","68","359228"
"JH378161","5263293","5263549","KQ053421v1","5610673","5610968","93","347380"
"JH378161","5267468","5267771","KQ055352v1","6003171","6003466","68","735703"
"JH378161","5325299","5325601","KQ053421v1","5610673","5610968","74","285374"
"JH378161","5330610","5330904","KQ053421v1","5610673","5610968","78","280063"
"JH378161","5335917","5336224","KQ058427v1","7786546","7786853","78","2450629"
"JH378161","5342606","5342885","KQ053421v1","5610673","5610968","74","268067"
"JH378161","5425296","5425606","KQ058427v1","7786546","7786853","68","2361250"
"JH378161","5429787","5430009","KQ058594v1","1033101","1033292","62","4396686"
"JH378161","5603396","5603710","KQ058427v1","7786546","7786853","86","2183150"
"JH378161","5611059","5611291","KQ058242v1","595939","596205","82","5015120"
"JH378161","5635095","5635394","KQ053421v1","5610673","5610968","89","24422"
"JH378161","5692134","5692436","KQ053421v1","5610673","5610968","71","81461"
"JH378161","5720379","5720508","KQ053398v1","2623748","2623879","36","3096631"
"JH378161","5819115","5819346","KQ057186v1","783828","784085","92","5035287"
"JH378161","5833554","5833845","KQ053421v1","5610673","5610968","77","222881"
"JH378161","5840263","5840352","KQ056235v1","1266284","1266361","25","4573979"
"JH378161","5840882","5841138","KQ053421v1","5610673","5610968","92","230209"
"JH378161","5981050","5981354","KQ053421v1","5610673","5610968","79","370377"
"JH378161","5993966","5994281","KQ058427v1","7786546","7786853","82","1792580"
"JH378161","6082211","6082507","KQ058242v1","595939","596205","86","5486272"
"JH378161","6438961","6439125","KQ057204v1","2930576","2930741","42","3508385"
"JH378161","6544153","6544292","KQ054401v1","3363241","3363379","43","3180912"
"JH378161","6570187","6570495","KQ053421v1","5610673","5610968","78","959514"
"JH378161","6587722","6588013","KQ053421v1","5610673","5610968","71","977049"
"JH378161","6613309","6613529","KQ058274v1","300327","300497","80","6312982"
"JH378161","6777647","6777932","KQ058427v1","6786866","6787134","78","9219"
"JH378161","6792244","6792532","KQ053421v1","5610673","5610968","87","1181571"
"JH378161","6956320","6956621","KQ053421v1","5610673","5610968","69","1345647"
"JH378161","7074148","7074448","KQ053421v1","5610673","5610968","73","1463475"
"JH378161","7176356","7176649","KQ053421v1","5610673","5610968","73","1565683"
"JH378161","7211090","7211384","KQ053421v1","5610673","5610968","81","1600417"
"JH378161","7278082","7278213","KQ053398v1","2627781","2627909","38","4650301"
"JH378161","7445903","7446228","KQ053421v1","5610673","5610968","82","1835230"
"JH378161","7522601","7522925","KQ053135v1","5034940","5035266","97","2487661"
"JH378161","7581914","7582211","KQ053421v1","5610673","5610968","83","1971241"
"JH378161","7585996","7586315","KQ055352v1","6003171","6003466","79","1582825"
"JH378161","7614212","7614511","KQ053421v1","5610673","5610968","64","2003539"
"JH378161","7621575","7621877","KQ053421v1","5610673","5610968","73","2010902"
"JH378161","7632284","7632585","KQ053421v1","5610673","5610968","71","2021611"
"JH378161","7692595","7692894","KQ053421v1","5610673","5610968","67","2081922"
"JH378161","7736447","7736756","KQ055352v1","6003171","6003466","89","1733276"
"JH378161","7876837","7877130","KQ053421v1","5610673","5610968","77","2266164"
"JH378161","8107936","8108225","KQ053421v1","5610673","5610968","84","2497263"
"JH378161","8382311","8382563","KQ058505v1","2207051","2207301","67","6175260"
"JH378161","8411754","8412045","KQ053421v1","5610673","5610968","77","2801081"
"JH378161","8545318","8545626","KQ055267v1","513773","514088","69","8031545"
"JH378161","8553788","8554103","KQ055352v1","6003171","6003466","79","2550617"
"JH378161","8570839","8571174","KQ055352v1","6003171","6003466","96","2567668"
"JH378161","8586991","8587298","KQ055267v1","513773","514088","68","8073218"
"JH378161","8596607","8596876","KQ057901v1","868884","869144","91","7727723"
"JH378161","8605835","8606138","KQ053421v1","5610673","5610968","67","2995162"
"JH378161","8638062","8638374","KQ055352v1","6003171","6003466","78","2634891"
"JH378161","8657281","8657591","KQ053421v1","5610673","5610968","80","3046608"
"JH378161","8691211","8691432","KQ058242v1","595939","596205","99","8095272"
"JH378161","8704351","8704640","KQ053421v1","5610673","5610968","80","3093678"
"JH378161","8732537","8732844","KQ055267v1","513773","514088","81","8218764"
"JH378161","8733194","8733480","KQ053421v1","5610673","5610968","70","3122521"
"JH378161","8786560","8786846","KQ053421v1","5610673","5610968","82","3175887"
"JH378161","8820253","8820559","KQ053421v1","5610673","5610968","91","3209580"
"JH378161","8824316","8824635","KQ058427v1","7786546","7786853","88","1037770"
"JH378161","8894463","8894592","KQ053398v1","2627781","2627909","36","6266682"
"JH378161","8946066","8946370","KQ053421v1","5610673","5610968","77","3335393"
"JH378161","8954066","8954273","KQ053234v1","1679581","1679757","72","7274485"
"JH378161","9028700","9028998","KQ053421v1","5610673","5610968","66","3418027"
"JH378161","9036000","9036307","KQ058427v1","7786546","7786853","85","1249454"
"JH378161","9051109","9051202","KQ056279v1","759081","759162","26","8292028"
"JH378161","9054190","9054534","KQ053059v1","2548766","2549102","113","6505424"
"JH378161","9076325","9076450","KQ058316v1","6194306","6194449","48","2882019"
"JH378161","9076642","9076793","KQ058274v1","300327","300497","55","8776315"
"JH378161","9077761","9078060","KQ053421v1","5610673","5610968","71","3467088"
"JH378161","9090681","9090938","KQ058242v1","595939","596205","80","8494742"
"JH378161","9103504","9103810","KQ053421v1","5610673","5610968","87","3492831"
"JH378161","9110271","9110569","KQ055862v1","1305285","1305561","80","7804986"
"JH378161","9126019","9126311","KQ053421v1","5610673","5610968","83","3515346"
"JH378161","9185240","9185536","KQ053421v1","5610673","5610968","71","3574567"
"JH378161","9207472","9207744","KQ057909v1","9290159","9290423","89","82687"
"JH378161","9208959","9209089","KQ053398v1","2623748","2623879","35","6585211"
"JH378161","9376446","9376757","KQ055267v1","513773","514088","76","8862673"
"JH378161","9407327","9407625","KQ053421v1","5610673","5610968","67","3796654"
"JH378161","9478948","9479251","KQ053421v1","5610673","5610968","70","3868275"
"JH378161","9537636","9537935","KQ053421v1","5610673","5610968","68","3926963"
"JH378161","9646812","9647109","KQ053421v1","5610673","5610968","73","4036139"
"JH378161","9730452","9730735","KQ053421v1","5610673","5610968","89","4119779"
"JH378161","9773443","9773746","KQ055352v1","6003171","6003466","75","3770272"
"JH378161","9777399","9777710","KQ055267v1","513773","514088","79","9263626"
"JH378161","9778405","9778700","KQ053421v1","5610673","5610968","72","4167732"
"JH378161","9789443","9789732","KQ053421v1","5610673","5610968","68","4178770"
"JH378161","9818786","9818897","KQ056493v1","2043382","2043488","53","7775404"
"JH378161","9819229","9819378","KQ053398v1","2623748","2623879","55","7195481"
"JH378161","9844347","9844565","KQ055662v1","1890465","1890674","58","7953882"
"JH378161","9847147","9847450","KQ054815v1","2215557","2215844","95","7631590"
"JH378161","9924534","9924820","KQ053421v1","5610673","5610968","71","4313861"
"JH378161","9928013","9928272","KQ058505v1","2207051","2207301","87","7720962"
"JH378161","10040274","10040570","KQ058242v1","595939","596205","90","9444335"
"JH378161","10051209","10051470","KQ058242v1","595939","596205","80","9455270"
"JH378161","10291398","10291694","KQ053421v1","5610673","5610968","69","4680725"
"JH378161","10415771","10416060","KQ058242v1","595939","596205","91","9819832"
"JH378161","10424120","10424410","KQ053421v1","5610673","5610968","70","4813447"
"JH378161","10439339","10439635","KQ053421v1","5610673","5610968","69","4828666"
"JH378161","10465588","10465851","KQ058339v1","4553625","4553889","76","5911963"
"JH378161","10502871","10503168","KQ053421v1","5610673","5610968","73","4892198"
"JH378161","10515699","10515795","KQ056235v1","1266284","1266361","32","9249415"
"JH378161","10530726","10531033","KQ053421v1","5610673","5610968","76","4920053"
"JH378161","10543516","10543806","KQ053421v1","5610673","5610968","83","4932843"
"JH378161","10549020","10549324","KQ053421v1","5610673","5610968","70","4938347"
"JH378161","10551954","10552101","KQ053398v1","2623748","2623879","48","7928206"
"JH378161","10585394","10585694","KQ058427v1","7786546","7786853","79","2798848"
"JH378161","10585725","10586039","KQ055267v1","513773","514088","75","10071952"
"JH378161","10777808","10778116","KQ055352v1","6003171","6003466","71","4774637"
"JH378161","10798043","10798353","KQ055352v1","6003171","6003466","74","4794872"
"JH378161","10860620","10860931","KQ055352v1","6003171","6003466","71","4857449"
"JH378161","10916950","10917185","KQ058242v1","595939","596205","85","10321011"
"JH378161","11002565","11002678","KQ053398v1","2623748","2623879","36","8378817"
"JH378161","11068718","11069024","KQ055352v1","6003171","6003466","66","5065547"
"JH378161","11155004","11155281","KQ054815v1","2215557","2215844","78","8939447"
"JH378161","11292264","11292561","KQ053421v1","5610673","5610968","65","5681591"
"JH378161","11327472","11327773","KQ053421v1","5610673","5610968","75","5716799"
"JH378161","11328219","11328315","KQ056279v1","759081","759162","31","10569138"
"JH378161","11730362","11730651","KQ053421v1","5610673","5610968","68","6119689"
"JH378161","11762748","11763045","KQ053421v1","5610673","5610968","67","6152075"
"JH378161","11784767","11785057","KQ058640v1","643463","643729","92","11141304"
"JH378161","11834447","11834757","KQ055267v1","513773","514088","82","11320674"
"JH378161","11874337","11874635","KQ053421v1","5610673","5610968","71","6263664"
"JH378161","11889394","11889690","KQ053421v1","5610673","5610968","89","6278721"
"JH378161","11919115","11919417","KQ053421v1","5610673","5610968","76","6308442"
"JH378161","12009676","12009933","KQ058242v1","595939","596205","77","11413737"
"JH378161","12053744","12054060","KQ058427v1","7786546","7786853","75","4267198"
"JH378161","12110545","12110806","KQ057186v1","783828","784085","64","11326717"
"JH378161","12179101","12179373","KQ057186v1","783828","784085","72","11395273"
"JH378161","12319505","12319787","KQ054815v1","2215557","2215844","76","10103948"
"JH378161","12434318","12434545","KQ058274v1","300327","300497","90","12133991"
"JH378161","12529389","12529680","KQ053421v1","5610673","5610968","85","6918716"
"JH378161","12549048","12549338","KQ053421v1","5610673","5610968","72","6938375"
"JH378161","12601172","12601459","KQ058427v1","7786546","7786853","92","4814626"
"JH378161","12601590","12601869","KQ053421v1","5610673","5610968","77","6990917"
"JH378161","12636073","12636374","KQ058427v1","7786546","7786853","73","4849527"
"JH378161","12739645","12739898","KQ058505v1","2207051","2207301","81","10532594"
"JH378161","12818759","12819024","KQ058242v1","595939","596205","63","12222820"
"JH378161","12970570","12970812","KQ058505v1","2207051","2207301","88","10763519"
"JH378161","12987155","12987466","KQ055267v1","513773","514088","72","12473382"
"JH378161","13029144","13029452","KQ055267v1","513773","514088","82","12515371"
"JH378161","13073222","13073518","KQ055267v1","513773","514088","86","12559449"
"JH378161","13099817","13100123","KQ055267v1","513773","514088","72","12586044"
"JH378161","13190884","13191181","KQ053421v1","5610673","5610968","70","7580211"
"JH378161","13230082","13230399","KQ055267v1","513773","514088","88","12716309"
"JH378161","13246166","13246477","KQ055267v1","513773","514088","74","12732393"
"JH378161","13251979","13252277","KQ053421v1","5610673","5610968","81","7641306"
"JH378161","13290303","13290600","KQ055352v1","6003171","6003466","86","7287132"
"JH378161","13332668","13332968","KQ053421v1","5610673","5610968","77","7721995"
"JH378161","13361413","13361703","KQ053421v1","5610673","5610968","74","7750740"
"JH378161","13732327","13732634","KQ055352v1","6003171","6003466","71","7729156"
"JH378161","13737056","13737356","KQ053421v1","5610673","5610968","80","8126383"
"JH378161","13796776","13797077","KQ053421v1","5610673","5610968","67","8186103"
"JH378161","13866964","13867262","KQ053421v1","5610673","5610968","69","8256291"
"JH378161","13909751","13909848","KQ056279v1","759081","759162","32","13150670"
"JH378161","13938087","13938352","KQ057901v1","868884","869144","91","13069203"
"JH378161","14055338","14055466","KQ053398v1","2623748","2623879","28","11431590"
"JH378161","14085366","14085621","KQ057901v1","868884","869144","83","13216482"
"JH378161","14112403","14112705","KQ053421v1","5610673","5610968","78","8501730"
"JH378161","14141347","14141653","KQ055352v1","6003171","6003466","68","8138176"
"JH378161","14157961","14158253","KQ053421v1","5610673","5610968","78","8547288"
"JH378161","14163075","14163375","KQ053421v1","5610673","5610968","69","8552402"
"JH378161","14224214","14224525","KQ053421v1","5610673","5610968","76","8613541"
"JH378161","14234497","14234779","KQ054815v1","2215557","2215844","71","12018940"
"JH378161","14253313","14253619","KQ055267v1","513773","514088","78","13739540"
"JH378161","14266011","14266314","KQ053421v1","5610673","5610968","71","8655338"
"JH378161","14346436","14346729","KQ053421v1","5610673","5610968","69","8735763"
"JH378161","14348588","14348898","KQ055352v1","6003171","6003466","75","8345417"
"JH378161","14363512","14363809","KQ053421v1","5610673","5610968","70","8752839"
"JH378161","14397710","14397996","KQ053421v1","5610673","5610968","83","8787037"
"JH378161","14474222","14474538","KQ055267v1","513773","514088","76","13960449"
"JH378161","14505953","14506263","KQ055352v1","6003171","6003466","76","8502782"
"JH378161","14519185","14519486","KQ053421v1","5610673","5610968","71","8908512"
"JH378161","14544353","14544653","KQ053421v1","5610673","5610968","74","8933680"
"JH378161","14544654","14544834","KQ058423v1","270754","270928","50","14273900"
"JH378161","14686594","14686900","KQ055352v1","6003171","6003466","72","8683423"
"JH378161","14819575","14819890","KQ055267v1","513773","514088","76","14305802"
"JH378161","14922417","14922708","KQ053421v1","5610673","5610968","70","9311744"
"JH378161","14943031","14943318","KQ053421v1","5610673","5610968","83","9332358"
"JH378161","15020453","15020751","KQ053421v1","5610673","5610968","64","9409780"
"JH378162","58125","58427","KQ053421v1","5610673","5610968","94","5552548"
"JH378162","82211","82500","KQ053421v1","5610673","5610968","81","5528462"
"JH378162","210929","211232","KQ053421v1","5610673","5610968","80","5399744"
"JH378162","229442","229736","KQ055267v1","513773","514088","93","284331"
"JH378162","287525","287833","KQ055352v1","6003171","6003466","71","5715646"
"JH378162","413372","413681","KQ055267v1","513773","514088","75","100401"
"JH378162","483005","483302","KQ053421v1","5610673","5610968","66","5127668"
"JH378162","698233","698526","KQ053421v1","5610673","5610968","71","4912440"
"JH378162","813603","813911","KQ055352v1","6003171","6003466","68","5189568"
"JH378162","842316","842469","KQ052968v1","13665640","13665790","54","12823324"
"JH378162","941712","942020","KQ055352v1","6003171","6003466","70","5061459"
"JH378162","1173568","1173875","KQ055352v1","6003171","6003466","87","4829603"
"JH378162","1175678","1175911","KQ058242v1","595939","596205","92","579739"
"JH378162","1193499","1193685","KQ053993v1","1251070","1251235","69","57571"
"JH378162","1285543","1285857","KQ058427v1","7786546","7786853","83","6501003"
"JH378162","1702306","1702627","KQ055352v1","6003171","6003466","81","4300865"
"JH378162","1765570","1765873","KQ058427v1","7786546","7786853","79","6020976"
"JH378162","2086912","2087204","KQ053421v1","5610673","5610968","92","3523761"
"JH378162","2194763","2195060","KQ053421v1","5610673","5610968","66","3415910"
"JH378162","2361847","2362153","KQ055267v1","513773","514088","75","1848074"
"JH378162","2439473","2439809","KQ055267v1","513773","514088","101","1925700"
"JH378162","2476081","2476368","KQ053421v1","5610673","5610968","86","3134592"
"JH378162","2480229","2480443","KQ058274v1","300327","300497","84","2179902"
"JH378162","2482380","2482677","KQ053421v1","5610673","5610968","72","3128293"
"JH378162","2595051","2595300","KQ053234v1","1414405","1414609","93","1180646"
"JH378162","2617875","2618197","KQ055352v1","6003171","6003466","83","3385296"
"JH378162","2655014","2655302","KQ055862v1","1305285","1305561","95","1349729"
"JH378162","2902029","2902343","KQ055352v1","6003171","6003466","75","3101142"
"JH378162","2928821","2929122","KQ053421v1","5610673","5610968","87","2681852"
"JH378162","2948504","2948810","KQ053421v1","5610673","5610968","79","2662169"
"JH378162","3227469","3227787","KQ055352v1","6003171","6003466","77","2775702"
"JH378162","3432672","3432976","KQ053421v1","5610673","5610968","71","2178001"
"JH378162","3578321","3578450","KQ053398v1","2623748","2623879","37","954573"
"JH378162","4006831","4007123","KQ053421v1","5610673","5610968","86","1603842"
"JH378162","4056588","4056892","KQ053421v1","5610673","5610968","101","1554085"
"JH378162","4109111","4109414","KQ053421v1","5610673","5610968","70","1501562"
"JH378162","4114504","4114781","KQ058242v1","595939","596205","81","3518565"
"JH378162","4200576","4200888","KQ055267v1","513773","514088","73","3686803"
"JH378162","4352811","4353091","KQ055352v1","6003171","6003466","99","1650360"
"JH378162","4436840","4437152","KQ053421v1","5610673","5610968","99","1173833"
"JH378162","4650980","4651102","KQ053398v1","2623748","2623879","39","2027232"
"JH378162","4697632","4697937","KQ053421v1","5610673","5610968","70","913041"
"JH378162","4699096","4699394","KQ053421v1","5610673","5610968","67","911577"
"JH378162","4737952","4738251","KQ053421v1","5610673","5610968","81","872721"
"JH378162","4787619","4787928","KQ055352v1","6003171","6003466","72","1215552"
"JH378162","4835036","4835330","KQ053421v1","5610673","5610968","69","775637"
"JH378162","5115821","5116131","KQ055267v1","513773","514088","71","4602048"
"JH378162","5184761","5185052","KQ058427v1","7786546","7786853","97","2601785"
"JH378162","5230266","5230569","KQ053421v1","5610673","5610968","73","380407"
"JH378162","5246846","5247145","KQ053421v1","5610673","5610968","69","363827"
"JH378162","5310418","5310729","KQ055267v1","513773","514088","71","4796645"
"JH378162","5329293","5329555","KQ058242v1","595939","596205","71","4733354"
"JH378162","5336307","5336527","KQ052982v1","2032903","2033097","71","3303404"
"JH378162","5594244","5594392","KQ054510v1","7582269","7582431","50","1988025"
"JH378162","5650145","5650412","KQ057901v1","868884","869144","88","4781261"
"JH378162","5659033","5659307","KQ058242v1","595939","596205","82","5063094"
"JH378162","5702566","5702860","KQ053421v1","5610673","5610968","65","91893"
"JH378162","5709057","5709354","KQ053421v1","5610673","5610968","80","98384"
"JH378162","5751196","5751526","KQ058427v1","7786546","7786853","109","2035350"
"JH378162","5769332","5769625","KQ058640v1","643463","643729","80","5125869"
"JH378162","5796724","5796923","KQ058594v1","1033101","1033292","56","4763623"
"JH378162","5807710","5807985","KQ053421v1","5610673","5610968","86","197037"
"JH378162","5973182","5973327","KQ053398v1","2623748","2623879","48","3349434"
"JH378162","5982435","5982728","KQ053421v1","5610673","5610968","86","371762"
"JH378162","6019462","6019759","KQ053421v1","5610673","5610968","79","408789"
"JH378162","6095118","6095417","KQ053421v1","5610673","5610968","75","484445"
"JH378162","6116331","6116502","KQ053531v1","6571","6737","58","6109760"
"JH378162","6158979","6159275","KQ053421v1","5610673","5610968","81","548306"
"JH378162","6190555","6190845","KQ055830v1","661716","661986","99","5528839"
"JH378162","6217470","6217778","KQ053421v1","5610673","5610968","79","606797"
"JH378162","6237221","6237515","KQ053421v1","5610673","5610968","71","626548"
"JH378162","6260105","6260393","KQ053421v1","5610673","5610968","82","649432"
"JH378162","6265882","6266180","KQ053421v1","5610673","5610968","70","655209"
"JH378162","6275784","6276086","KQ053421v1","5610673","5610968","72","665111"
"JH378162","6446452","6446750","KQ053421v1","5610673","5610968","75","835779"
"JH378162","6492095","6492378","KQ053421v1","5610673","5610968","77","881422"
"JH378162","6530849","6531154","KQ055352v1","6003171","6003466","75","527678"
"JH378162","6618885","6619194","KQ055352v1","6003171","6003466","74","615714"
"JH378162","6637958","6638263","KQ055352v1","6003171","6003466","70","634787"
"JH378162","6675984","6676290","KQ053421v1","5610673","5610968","83","1065311"
"JH378162","6699020","6699301","KQ053421v1","5610673","5610968","94","1088347"
"JH378162","6760626","6760935","KQ055267v1","513773","514088","72","6246853"
"JH378162","6766044","6766346","KQ055352v1","6003171","6003466","71","762873"
"JH378162","6795840","6796015","KQ058350v1","9514178","9514352","38","2718338"
"JH378162","6834361","6834671","KQ055267v1","513773","514088","74","6320588"
"JH378162","6859827","6860127","KQ053421v1","5610673","5610968","63","1249154"
"JH378162","6878632","6878900","KQ053785v1","888769","889063","85","5989863"
"JH378162","6886719","6886931","KQ057449v1","1214348","1214489","104","5672371"
"JH378162","6982438","6982749","KQ055352v1","6003171","6003466","74","979267"
"JH378162","7042442","7042745","KQ053421v1","5610673","5610968","75","1431769"
"JH378162","7058874","7059174","KQ053421v1","5610673","5610968","71","1448201"
"JH378162","7107699","7108003","KQ053421v1","5610673","5610968","72","1497026"
"JH378162","7124770","7125084","KQ055267v1","513773","514088","79","6610997"
"JH378162","7221286","7221577","KQ053421v1","5610673","5610968","66","1610613"
"JH378162","7235915","7236223","KQ055267v1","513773","514088","74","6722142"
"JH378162","7302585","7302890","KQ053421v1","5610673","5610968","75","1691912"
"JH378162","7330294","7330590","KQ053421v1","5610673","5610968","73","1719621"
"JH378162","7338830","7338930","KQ058316v1","2226037","2226104","47","5112793"
"JH378162","7339871","7340011","KQ053398v1","2623748","2623879","37","4716123"
"JH378162","7342328","7342635","KQ053421v1","5610673","5610968","78","1731655"
"JH378162","7396187","7396321","KQ053398v1","2623748","2623879","30","4772439"
"JH378162","7417082","7417392","KQ055352v1","6003171","6003466","73","1413911"
"JH378162","7546021","7546319","KQ058427v1","7786546","7786853","78","240525"
"JH378162","7702265","7702552","KQ053421v1","5610673","5610968","84","2091592"
"JH378162","7706297","7706593","KQ053421v1","5610673","5610968","69","2095624"
"JH378162","7741887","7742191","KQ053421v1","5610673","5610968","82","2131214"
"JH378162","7794174","7794479","KQ053421v1","5610673","5610968","73","2183501"
"JH378162","7800471","7800781","KQ055267v1","513773","514088","77","7286698"
"JH378162","7857214","7857497","KQ053421v1","5610673","5610968","105","2246541"
"JH378162","7958059","7958372","KQ053421v1","5610673","5610968","77","2347386"
"JH378162","8038935","8039235","KQ053421v1","5610673","5610968","67","2428262"
"JH378162","8041587","8041879","KQ058427v1","7786546","7786853","87","255041"
"JH378162","8057467","8057770","KQ053421v1","5610673","5610968","75","2446794"
"JH378162","8068776","8069066","KQ053421v1","5610673","5610968","77","2458103"
"JH378162","8276450","8276751","KQ055267v1","513773","514088","80","7762677"
"JH378162","8384235","8384541","KQ058427v1","7786546","7786853","77","597689"
"JH378162","8391866","8392183","KQ053421v1","5610673","5610968","87","2781193"
"JH378162","8409365","8409671","KQ053421v1","5610673","5610968","75","2798692"
"JH378162","8421687","8421979","KQ053421v1","5610673","5610968","80","2811014"
"JH378162","8443486","8443773","KQ053421v1","5610673","5610968","75","2832813"
"JH378162","8465208","8465376","KQ057684v1","168025","168203","59","8297183"
"JH378162","8512570","8512691","KQ053398v1","2623748","2623879","36","5888822"
"JH378162","8518995","8519248","KQ058242v1","595939","596205","85","7923056"
"JH378162","8535095","8535386","KQ053421v1","5610673","5610968","79","2924422"
"JH378162","8547681","8547966","KQ053421v1","5610673","5610968","79","2937008"
"JH378162","8598448","8598626","KQ057821v1","3059321","3059481","78","5539127"
"JH378162","8607304","8607599","KQ053421v1","5610673","5610968","77","2996631"
"JH378162","8629507","8629813","KQ055267v1","513773","514088","68","8115734"
"JH378162","8697542","8697822","KQ055862v1","1305285","1305561","65","7392257"
"JH378162","8699345","8699649","KQ055352v1","6003171","6003466","74","2696174"
"JH378162","8737843","8738124","KQ053421v1","5610673","5610968","83","3127170"
"JH378162","8739227","8739532","KQ053421v1","5610673","5610968","82","3128554"
"JH378162","8753936","8754231","KQ053421v1","5610673","5610968","77","3143263"
"JH378162","8766360","8766664","KQ053421v1","5610673","5610968","70","3155687"
"JH378162","8775483","8775740","KQ057186v1","783828","784085","72","7991655"
"JH378162","9027693","9027993","KQ053421v1","5610673","5610968","85","3417020"
"JH378162","9102257","9102559","KQ053421v1","5610673","5610968","79","3491584"
"JH378162","9115835","9116064","KQ058242v1","595939","596205","92","8519896"
"JH378162","9217336","9217629","KQ053421v1","5610673","5610968","80","3606663"
"JH378162","9241128","9241417","KQ055267v1","513773","514088","89","8727355"
"JH378162","9274921","9275230","KQ058427v1","7786546","7786853","148","1488375"
"JH378162","9320336","9320466","KQ053398v1","2623748","2623879","33","6696588"
"JH378162","9375956","9376268","KQ055352v1","6003171","6003466","79","3372785"
"JH378162","9782162","9782446","KQ053421v1","5610673","5610968","72","4171489"
"JH378162","9790203","9790411","KQ058274v1","300327","300497","74","9489876"
"JH378162","9868802","9869098","KQ053421v1","5610673","5610968","79","4258129"
"JH378162","9996856","9997023","KQ053234v1","1679581","1679757","50","8317275"
"JH378162","10000574","10000885","KQ055267v1","513773","514088","71","9486801"
"JH378162","10059091","10059388","KQ053421v1","5610673","5610968","84","4448418"
"JH378162","10069026","10069276","KQ058509v1","24058","24271","77","10044968"
"JH378162","10121009","10121312","KQ053421v1","5610673","5610968","83","4510336"
"JH378162","10208216","10208504","KQ053421v1","5610673","5610968","70","4597543"
"JH378162","10346591","10346893","KQ053421v1","5610673","5610968","71","4735918"
"JH378162","10357071","10357391","KQ058427v1","7786546","7786853","84","2570525"
"JH378162","10429934","10430229","KQ053421v1","5610673","5610968","71","4819261"
"JH378162","10481696","10481944","KQ058339v1","4553625","4553889","94","5928071"
"JH378162","10500136","10500445","KQ058427v1","7786546","7786853","88","2713590"
"JH378162","10528758","10529066","KQ055352v1","6003171","6003466","69","4525587"
"JH378162","10774621","10774865","KQ058242v1","595939","596205","74","10178682"
"JH378162","10818431","10818746","KQ058427v1","7786546","7786853","81","3031885"
"JH378162","10847204","10847501","KQ053421v1","5610673","5610968","65","5236531"
"JH378162","10870379","10870672","KQ053421v1","5610673","5610968","70","5259706"
"JH378162","10874468","10874775","KQ053421v1","5610673","5610968","72","5263795"
"JH378162","10891079","10891376","KQ053421v1","5610673","5610968","72","5280406"
"JH378162","10910596","10910898","KQ053421v1","5610673","5610968","76","5299923"
"JH378162","10962442","10962750","KQ055267v1","513773","514088","71","10448669"
"JH378162","10969439","10969725","KQ053421v1","5610673","5610968","78","5358766"
"JH378162","10984015","10984315","KQ053421v1","5610673","5610968","65","5373342"
"JH378162","11005133","11005424","KQ053421v1","5610673","5610968","71","5394460"
"JH378162","11049924","11050242","KQ058427v1","7786546","7786853","97","3263378"
"JH378162","11059720","11060027","KQ055352v1","6003171","6003466","70","5056549"
"JH378162","11063459","11063767","KQ055267v1","513773","514088","72","10549686"
"JH378162","11245767","11246078","KQ055267v1","513773","514088","71","10731994"
"JH378162","11300249","11300531","KQ053785v1","888769","889063","75","10411480"
"JH378162","11355389","11355699","KQ055267v1","513773","514088","73","10841616"
"JH378162","11382007","11382310","KQ053421v1","5610673","5610968","76","5771334"
"JH378162","11393232","11393531","KQ053421v1","5610673","5610968","69","5782559"
"JH378162","11426924","11427229","KQ055352v1","6003171","6003466","68","5423753"
"JH378162","11431066","11431342","KQ053421v1","5610673","5610968","83","5820393"
"JH378162","11452178","11452403","KQ058509v1","24058","24271","64","11428120"
"JH378162","11492886","11493174","KQ053421v1","5610673","5610968","73","5882213"
"JH378162","11500024","11500329","KQ055352v1","6003171","6003466","69","5496853"
"JH378162","11505112","11505406","KQ053421v1","5610673","5610968","77","5894439"
"JH378162","11509023","11509327","KQ055352v1","6003171","6003466","72","5505852"
"JH378162","11741243","11741565","KQ055267v1","513773","514088","88","11227470"
"JH378162","11950189","11950496","KQ055267v1","513773","514088","88","11436416"
"JH378162","12004286","12004589","KQ058427v1","7786546","7786853","84","4217740"
"JH378162","12100214","12100437","KQ056321v1","575951","576190","63","11524263"
"JH378162","12100801","12101092","KQ053421v1","5610673","5610968","88","6490128"
"JH378162","12151818","12152118","KQ053421v1","5610673","5610968","69","6541145"
"JH378162","12227721","12227986","KQ055862v1","1305285","1305561","83","10922436"
"JH378162","12230370","12230693","KQ053421v1","5610673","5610968","81","6619697"
"JH378162","12408577","12408874","KQ053421v1","5610673","5610968","70","6797904"
"JH378162","12551171","12551464","KQ053421v1","5610673","5610968","83","6940498"
"JH378162","12625162","12625466","KQ053421v1","5610673","5610968","74","7014489"
"JH378162","12688563","12688856","KQ053421v1","5610673","5610968","80","7077890"
"JH378162","12725697","12726012","KQ055267v1","513773","514088","82","12211924"
"JH378162","12828946","12829242","KQ053421v1","5610673","5610968","82","7218273"
"JH378162","12834779","12835081","KQ053421v1","5610673","5610968","70","7224106"
"JH378162","12927756","12928052","KQ053421v1","5610673","5610968","78","7317083"
"JH378162","12942117","12942420","KQ055352v1","6003171","6003466","77","6938946"
"JH378162","13162156","13162434","KQ055862v1","1305285","1305561","91","11856871"
"JH378162","13305016","13305325","KQ055267v1","513773","514088","74","12791243"
"JH378162","13392012","13392316","KQ053421v1","5610673","5610968","71","7781339"
"JH378162","13617489","13617752","KQ053421v1","5610673","5610968","102","8006816"
"JH378162","13760771","13761047","KQ057909v1","9290159","9290423","96","4470612"
"JH378162","13901159","13901456","KQ053421v1","5610673","5610968","84","8290486"
"JH378162","13970294","13970559","KQ058242v1","595939","596205","73","13374355"
"JH378162","14105755","14106062","KQ055267v1","513773","514088","79","13591982"
"JH378162","14111995","14112337","KQ058427v1","7786546","7786853","101","6325449"
"JH378162","14121758","14122069","KQ053135v1","5034940","5035266","105","9086818"
"JH378162","14163358","14163657","KQ055267v1","513773","514088","79","13649585"
"JH378162","14602510","14602802","KQ055862v1","1305285","1305561","90","13297225"
"JH378162","14621140","14621447","KQ055352v1","6003171","6003466","72","8617969"
"JH378162","14631726","14632023","KQ053421v1","5610673","5610968","84","9021053"
"JH378162","14806060","14806378","KQ055267v1","513773","514088","79","14292287"
"JH378162","14907202","14907500","KQ053421v1","5610673","5610968","68","9296529"
"JH378162","14911903","14912193","KQ053421v1","5610673","5610968","77","9301230"
"JH378162","15063638","15063911","KQ053421v1","5610673","5610968","80","9452965"
"JH378162","15117505","15117811","KQ055352v1","6003171","6003466","69","9114334"
"JH378163","341","631","KQ055862v1","1305285","1305561","78","1304944"
"JH378163","9620","9928","KQ055267v1","513773","514088","79","504153"
"JH378163","165551","165729","KQ057204v1","2930576","2930741","40","2765025"
"JH378163","169501","169779","KQ057186v1","783828","784085","76","614327"
"JH378163","256389","256700","KQ058427v1","7786546","7786853","83","7530157"
"JH378163","404306","404460","KQ058428v1","1396698","1396861","51","992392"
"JH378163","606916","607215","KQ053421v1","5610673","5610968","56","5003757"
"JH378163","781664","781855","KQ053234v1","1679581","1679757","48","897917"
"JH378163","839416","839726","KQ055267v1","513773","514088","88","325643"
"JH378163","855070","855364","KQ058242v1","595939","596205","87","259131"
"JH378163","917037","917348","KQ055267v1","513773","514088","74","403264"
"JH378163","990744","991028","KQ058242v1","595939","596205","86","394805"
"JH378163","1027082","1027387","KQ053421v1","5610673","5610968","75","4583591"
"JH378163","1185027","1185233","KQ053752v1","8015097","8015288","61","6830070"
"JH378163","1188926","1189238","KQ055267v1","513773","514088","74","675153"
"JH378163","1194509","1194776","KQ058427v1","6786866","6787134","86","5592357"
"JH378163","1219400","1219704","KQ055352v1","6003171","6003466","70","4783771"
"JH378163","1307034","1307344","KQ055267v1","513773","514088","70","793261"
"JH378163","1597680","1597934","KQ058242v1","595939","596205","80","1001741"
"JH378163","1643107","1643411","KQ053421v1","5610673","5610968","75","3967566"
"JH378163","1767172","1767477","KQ053421v1","5610673","5610968","74","3843501"
"JH378163","1925570","1925870","KQ053421v1","5610673","5610968","67","3685103"
"JH378163","2029416","2029572","KQ053267v1","1313653","1313811","43","715763"
"JH378163","2042908","2043195","KQ053421v1","5610673","5610968","78","3567765"
"JH378163","2244794","2245099","KQ058427v1","7786546","7786853","74","5541752"
"JH378163","2275426","2275711","KQ053421v1","5610673","5610968","87","3335247"
"JH378163","2430612","2430892","KQ053421v1","5610673","5610968","80","3180061"
"JH378163","2468118","2468402","KQ053421v1","5610673","5610968","84","3142555"
"JH378163","2495765","2496071","KQ058427v1","7786546","7786853","89","5290781"
"JH378163","2566671","2566965","KQ053421v1","5610673","5610968","90","3044002"
"JH378163","2746587","2746826","KQ055662v1","1890465","1890674","76","856122"
"JH378163","2788507","2788800","KQ053421v1","5610673","5610968","83","2822166"
"JH378163","2988364","2988655","KQ055862v1","1305285","1305561","85","1683079"
"JH378163","3113204","3113508","KQ055267v1","513773","514088","70","2599431"
"JH378163","3254872","3255210","KQ053421v1","5610673","5610968","115","2355801"
"JH378163","3267827","3268035","KQ052982v1","2032903","2033097","64","1234924"
"JH378163","3311904","3312207","KQ053421v1","5610673","5610968","74","2298769"
"JH378163","3501745","3502043","KQ053421v1","5610673","5610968","84","2108928"
"JH378163","3694158","3694467","KQ058427v1","7786546","7786853","80","4092388"
"JH378163","3898352","3898650","KQ053421v1","5610673","5610968","69","1712321"
"JH378163","3926303","3926614","KQ053421v1","5610673","5610968","87","1684370"
"JH378163","3928668","3928968","KQ053421v1","5610673","5610968","77","1682005"
"JH378163","3934589","3934847","KQ053785v1","888769","889063","94","3045820"
"JH378163","4020545","4020821","KQ058242v1","595939","596205","88","3424606"
"JH378163","4046047","4046352","KQ055352v1","6003171","6003466","67","1957124"
"JH378163","4234359","4234643","KQ058242v1","595939","596205","91","3638420"
"JH378163","4528429","4528504","KQ056279v1","759081","759162","27","3769348"
"JH378163","4549853","4550134","KQ057186v1","783828","784085","83","3766025"
"JH378163","4605813","4606126","KQ053421v1","5610673","5610968","86","1004860"
"JH378163","5054481","5054785","KQ055267v1","513773","514088","84","4540708"
"JH378163","5061461","5061771","KQ058427v1","7786546","7786853","80","2725085"
"JH378163","5070481","5070777","KQ053421v1","5610673","5610968","80","540192"
"JH378163","5133611","5133914","KQ058427v1","7786546","7786853","82","2652935"
"JH378163","5215484","5215799","KQ055267v1","513773","514088","85","4701711"
"JH378163","5310738","5311023","KQ058339v1","4553625","4553889","81","757113"
"JH378163","5317523","5317733","KQ054068v1","3638075","3638299","67","1679448"
"JH378163","5326842","5327150","KQ053421v1","5610673","5610968","82","283831"
"JH378163","5715691","5715994","KQ053421v1","5610673","5610968","72","105018"
"JH378163","5748397","5748693","KQ053421v1","5610673","5610968","69","137724"
"JH378163","5889491","5889795","KQ053421v1","5610673","5610968","73","278818"
"JH378163","6183455","6183767","KQ055267v1","513773","514088","78","5669682"
"JH378163","6229317","6229614","KQ053421v1","5610673","5610968","70","618644"
"JH378163","6479106","6479403","KQ053421v1","5610673","5610968","78","868433"
"JH378163","6534791","6535101","KQ055352v1","6003171","6003466","72","531620"
"JH378163","6588102","6588399","KQ053421v1","5610673","5610968","70","977429"
"JH378163","6611253","6611549","KQ053421v1","5610673","5610968","65","1000580"
"JH378163","6624691","6624999","KQ055352v1","6003171","6003466","70","621520"
"JH378163","6629085","6629392","KQ055352v1","6003171","6003466","72","625914"
"JH378163","6880547","6880872","KQ055267v1","513773","514088","84","6366774"
"JH378163","6969841","6970152","KQ055352v1","6003171","6003466","80","966670"
"JH378163","7004839","7005134","KQ053421v1","5610673","5610968","64","1394166"
"JH378163","7006331","7006447","KQ053398v1","2623748","2623879","41","4382583"
"JH378163","7343523","7343818","KQ053141v1","2860","3159","87","7340663"
"JH378163","7451165","7451471","KQ058427v1","7786546","7786853","80","335381"
"JH378163","7452344","7452637","KQ053421v1","5610673","5610968","72","1841671"
"JH378163","7563993","7564284","KQ054713v1","1437239","1437526","84","6126754"
"JH378163","7574733","7575042","KQ053883v1","6938067","6938331","106","636666"
"JH378163","7628345","7628627","KQ053421v1","5610673","5610968","86","2017672"
"JH378163","7681760","7681938","KQ057449v1","1214348","1214489","67","6467412"
"JH378163","7813222","7813499","KQ058640v1","643463","643729","76","7169759"
"JH378163","7859766","7860017","KQ058242v1","595939","596205","71","7263827"
"JH378163","7884092","7884245","KQ057161v1","453350","453459","63","7430742"
"JH378163","7884396","7884507","KQ056493v1","2043382","2043488","56","5841014"
"JH378163","7901576","7901882","KQ055267v1","513773","514088","70","7387803"
"JH378163","7986490","7986774","KQ053785v1","888769","889063","85","7097721"
"JH378163","8065386","8065717","KQ055267v1","513773","514088","92","7551613"
"JH378163","8190416","8190710","KQ053421v1","5610673","5610968","81","2579743"
"JH378163","8194369","8194667","KQ053421v1","5610673","5610968","70","2583696"
"JH378163","8201816","8202117","KQ053421v1","5610673","5610968","73","2591143"
"JH378163","8212293","8212586","KQ053421v1","5610673","5610968","95","2601620"
"JH378163","8273813","8274115","KQ053421v1","5610673","5610968","87","2663140"
"JH378163","8337345","8337650","KQ058427v1","7786546","7786853","74","550799"
"JH378163","8371386","8371550","KQ058594v1","2771639","2771800","42","5599747"
"JH378163","8412502","8412709","KQ052982v1","2032903","2033097","60","6379599"
"JH378163","8418050","8418307","KQ056321v1","575951","576190","69","7842099"
"JH378163","8430947","8431245","KQ053421v1","5610673","5610968","74","2820274"
"JH378163","8453036","8453347","KQ058427v1","7786546","7786853","79","666490"
"JH378163","8460743","8461045","KQ055267v1","513773","514088","79","7946970"
"JH378163","8463002","8463335","KQ055267v1","513773","514088","85","7949229"
"JH378163","8467219","8467517","KQ053421v1","5610673","5610968","71","2856546"
"JH378163","8499104","8499262","KQ053267v1","1313653","1313811","41","7185451"
"JH378163","8520673","8520871","KQ058274v1","300327","300497","68","8220346"
"JH378163","8560646","8560944","KQ053421v1","5610673","5610968","81","2949973"
"JH378163","8761380","8761667","KQ053421v1","5610673","5610968","78","3150707"
"JH378163","8946364","8946536","KQ054179v1","3404435","3404595","47","5541929"
"JH378163","9242870","9243153","KQ058242v1","595939","596205","84","8646931"
"JH378163","9318548","9318850","KQ053421v1","5610673","5610968","77","3707875"
"JH378163","9523800","9524111","KQ055267v1","513773","514088","78","9010027"
"JH378163","9529800","9530077","KQ054815v1","2215557","2215844","84","7314243"
"JH378163","9548821","9549114","KQ053421v1","5610673","5610968","70","3938148"
"JH378163","9847534","9847824","KQ053421v1","5610673","5610968","72","4236861"
"JH378163","9884545","9884829","KQ058339v1","4553625","4553889","84","5330920"
"JH378163","9980639","9980944","KQ053421v1","5610673","5610968","73","4369966"
"JH378163","10006434","10006733","KQ053421v1","5610673","5610968","64","4395761"
"JH378163","10148879","10149182","KQ053421v1","5610673","5610968","80","4538206"
"JH378163","10158490","10158782","KQ053421v1","5610673","5610968","86","4547817"
"JH378163","10223041","10223310","KQ053883v1","6938067","6938331","80","3284974"
"JH378163","10241347","10241670","KQ053421v1","5610673","5610968","97","4630674"
"JH378163","10253984","10254114","KQ053398v1","2623748","2623879","30","7630236"
"JH378163","10258271","10258456","KQ058423v1","270754","270928","46","9987517"
"JH378163","10269527","10269830","KQ053421v1","5610673","5610968","84","4658854"
"JH378163","10319395","10319678","KQ053421v1","5610673","5610968","78","4708722"
"JH378163","10350572","10350862","KQ058427v1","6786866","6787134","87","3563706"
"JH378163","10351357","10351653","KQ053421v1","5610673","5610968","83","4740684"
"JH378163","10371584","10371860","KQ058242v1","595939","596205","93","9775645"
"JH378163","10414454","10414748","KQ053421v1","5610673","5610968","76","4803781"
"JH378163","10473813","10474104","KQ053421v1","5610673","5610968","75","4863140"
"JH378163","10514782","10514979","KQ058274v1","300327","300497","77","10214455"
"JH378163","10539047","10539355","KQ053421v1","5610673","5610968","82","4928374"
"JH378163","10553897","10554195","KQ053421v1","5610673","5610968","77","4943224"
"JH378163","10605987","10606305","KQ053059v1","2548766","2549102","96","8057221"
"JH378163","10671282","10671586","KQ058427v1","7786546","7786853","80","2884736"
"JH378163","10673814","10674113","KQ053421v1","5610673","5610968","82","5063141"
"JH378163","10745004","10745314","KQ053421v1","5610673","5610968","86","5134331"
"JH378163","10798753","10798911","KQ053993v1","1251070","1251235","43","9547683"
"JH378163","10803412","10803713","KQ053421v1","5610673","5610968","71","5192739"
"JH378163","10856591","10856720","KQ053398v1","2627781","2627909","33","8228810"
"JH378163","10902255","10902570","KQ055267v1","513773","514088","91","10388482"
"JH378163","11017004","11017319","KQ053421v1","5610673","5610968","93","5406331"
"JH378163","11035315","11035646","KQ055352v1","6003171","6003466","103","5032144"
"JH378163","11137210","11137506","KQ053421v1","5610673","5610968","93","5526537"
"JH378163","11151216","11151515","KQ055267v1","513773","514088","90","10637443"
"JH378163","11288827","11289112","KQ053421v1","5610673","5610968","96","5678154"
"JH378163","11361708","11361887","KQ056064v1","326763","326940","57","11034945"
"JH378163","11362007","11362209","KQ052982v1","2032903","2033097","44","9329104"
"JH378163","11473752","11474061","KQ055352v1","6003171","6003466","73","5470581"
"JH378163","11599909","11600194","KQ053421v1","5610673","5610968","86","5989236"
"JH378163","11654412","11654713","KQ053421v1","5610673","5610968","73","6043739"
"JH378163","11655524","11655808","KQ058640v1","643463","643729","80","11012061"
"JH378163","11755432","11755734","KQ058640v1","643463","643729","108","11111969"
"JH378163","11840191","11840465","KQ057186v1","783828","784085","86","11056363"
"JH378163","11964980","11965274","KQ058242v1","595939","596205","97","11369041"
"JH378163","11972813","11973112","KQ053421v1","5610673","5610968","85","6362140"
"JH378163","11979360","11979674","KQ053421v1","5610673","5610968","84","6368687"
"JH378163","12105917","12106136","KQ056064v1","326763","326940","80","11779154"
"JH378163","12415006","12415302","KQ053421v1","5610673","5610968","66","6804333"
"JH378163","12499803","12500000","KQ053234v1","1679581","1679757","62","10820222"
"JH378163","12509528","12509825","KQ053421v1","5610673","5610968","71","6898855"
"JH378163","12546897","12547055","KQ052968v1","13665640","13665790","47","1118743"
"JH378163","12624780","12625049","KQ055830v1","661716","661986","82","11963064"
"JH378163","12640313","12640555","KQ057901v1","868884","869144","76","11771429"
"JH378163","12642792","12643084","KQ053421v1","5610673","5610968","80","7032119"
"JH378163","12648538","12648737","KQ056064v1","326763","326940","68","12321775"
"JH378163","12648838","12648962","KQ052968v1","13665640","13665790","50","1016802"
"JH378163","12681597","12681900","KQ053421v1","5610673","5610968","75","7070924"
"JH378163","12698814","12698958","KQ056911v1","1421731","1421862","38","11277083"
"JH378163","12701977","12702274","KQ053421v1","5610673","5610968","73","7091304"
"JH378163","12728725","12729029","KQ055267v1","513773","514088","90","12214952"
"JH378163","12739339","12739635","KQ053421v1","5610673","5610968","80","7128666"
"JH378163","12745111","12745220","KQ053398v1","2623748","2623879","44","10121363"
"JH378163","12773949","12774257","KQ055267v1","513773","514088","73","12260176"
"JH378163","12776363","12776584","KQ054068v1","3638075","3638299","72","9138288"
"JH378163","12789285","12789396","KQ056493v1","2043382","2043488","42","10745903"
"JH378163","12817028","12817332","KQ055267v1","513773","514088","70","12303255"
"JH378163","12841623","12841896","KQ058339v1","4553625","4553889","82","8287998"
"JH378163","12853209","12853503","KQ055267v1","513773","514088","81","12339436"
"JH378163","12927659","12927945","KQ055862v1","1305285","1305561","83","11622374"
"JH378163","12929043","12929338","KQ053421v1","5610673","5610968","74","7318370"
"JH378163","12973255","12973542","KQ058242v1","595939","596205","72","12377316"
"JH378163","12982686","12982969","KQ053421v1","5610673","5610968","81","7372013"
"JH378163","13024084","13024225","KQ054401v1","3363241","3363379","39","9660843"
"JH378163","13038086","13038188","KQ056279v1","759081","759162","38","12279005"
"JH378163","13043790","13044090","KQ053421v1","5610673","5610968","72","7433117"
"JH378163","13047369","13047668","KQ055352v1","6003171","6003466","85","7044198"
"JH378163","13062879","13063153","KQ053421v1","5610673","5610968","92","7452206"
"JH378163","13103053","13103360","KQ053421v1","5610673","5610968","69","7492380"
"JH378163","13111260","13111494","KQ057186v1","783828","784085","89","12327432"
"JH378163","13136663","13136989","KQ053059v1","2548766","2549102","100","10587897"
"JH378163","13162311","13162604","KQ053421v1","5610673","5610968","77","7551638"
"JH378163","13280950","13281249","KQ053421v1","5610673","5610968","75","7670277"
"JH378163","13362069","13362354","KQ053421v1","5610673","5610968","84","7751396"
"JH378163","13388473","13388760","KQ058242v1","595939","596205","77","12792534"
"JH378163","13389234","13389520","KQ053421v1","5610673","5610968","85","7778561"
"JH378163","13454199","13454499","KQ053421v1","5610673","5610968","84","7843526"
"JH378163","13473434","13473697","KQ058242v1","595939","596205","65","12877495"
"JH378163","13550828","13550924","KQ056235v1","1266284","1266361","37","12284544"
"JH378163","13587095","13587386","KQ053421v1","5610673","5610968","77","7976422"
"JH378163","13618505","13618803","KQ053421v1","5610673","5610968","69","8007832"
"JH378163","13645824","13646125","KQ053421v1","5610673","5610968","70","8035151"
"JH378163","13664719","13665018","KQ053421v1","5610673","5610968","86","8054046"
"JH378163","13720977","13721266","KQ053421v1","5610673","5610968","83","8110304"
"JH378163","13746392","13746654","KQ058242v1","595939","596205","80","13150453"
"JH378163","13747062","13747370","KQ055352v1","6003171","6003466","70","7743891"
"JH378163","13749802","13750114","KQ055267v1","513773","514088","79","13236029"
"JH378163","13751164","13751467","KQ053421v1","5610673","5610968","72","8140491"
"JH378163","13752986","13753276","KQ053421v1","5610673","5610968","83","8142313"
"JH378163","13767967","13768254","KQ053421v1","5610673","5610968","79","8157294"
"JH378163","13777444","13777753","KQ058427v1","7786546","7786853","81","5990898"
"JH378163","13784181","13784480","KQ055862v1","1305285","1305561","72","12478896"
"JH378163","13803925","13804132","KQ052982v1","2032903","2033097","47","11771022"
"JH378163","13832844","13833143","KQ053421v1","5610673","5610968","91","8222171"
"JH378163","14052628","14052933","KQ055352v1","6003171","6003466","68","8049457"
"JH378163","14265170","14265498","KQ053059v1","2548766","2549102","104","11716404"
"JH378163","14305150","14305451","KQ053421v1","5610673","5610968","78","8694477"
"JH378163","14355655","14355937","KQ053785v1","888769","889063","84","13466886"
"JH378163","14489757","14490054","KQ053421v1","5610673","5610968","85","8879084"
"JH378163","14495298","14495595","KQ053421v1","5610673","5610968","79","8884625"
"JH378163","14509517","14509813","KQ053421v1","5610673","5610968","90","8898844"
"JH378164","83221","83515","KQ053421v1","5610673","5610968","71","5527452"
"JH378164","161693","161963","KQ053421v1","5610673","5610968","85","5448980"
"JH378164","189922","190222","KQ053421v1","5610673","5610968","83","5420751"
"JH378164","191876","192156","KQ054815v1","2215557","2215844","84","2023681"
"JH378164","215333","215629","KQ053421v1","5610673","5610968","75","5395340"
"JH378164","219978","220274","KQ053421v1","5610673","5610968","67","5390695"
"JH378164","243698","243907","KQ053234v1","1679581","1679757","66","1435883"
"JH378164","257035","257322","KQ058427v1","6786866","6787134","91","6529831"
"JH378164","271540","271826","KQ053421v1","5610673","5610968","82","5339133"
"JH378164","304116","304426","KQ053421v1","5610673","5610968","165","5306557"
"JH378164","306497","306787","KQ053421v1","5610673","5610968","83","5304176"
"JH378164","310368","310673","KQ053421v1","5610673","5610968","70","5300305"
"JH378164","312993","313301","KQ055352v1","6003171","6003466","71","5690178"
"JH378164","349948","350256","KQ055352v1","6003171","6003466","71","5653223"
"JH378164","400888","401196","KQ055267v1","513773","514088","78","112885"
"JH378164","401250","401555","KQ053421v1","5610673","5610968","82","5209423"
"JH378164","447636","447937","KQ058427v1","7786546","7786853","85","7338910"
"JH378164","468405","468692","KQ053421v1","5610673","5610968","92","5142268"
"JH378164","546453","546751","KQ053421v1","5610673","5610968","82","5064220"
"JH378164","638566","638840","KQ058242v1","595939","596205","74","42627"
"JH378164","840531","840817","KQ053421v1","5610673","5610968","86","4770142"
"JH378164","956650","956960","KQ055352v1","6003171","6003466","73","5046521"
"JH378164","957773","958068","KQ053421v1","5610673","5610968","77","4652900"
"JH378164","976817","977082","KQ055862v1","1305285","1305561","79","328468"
"JH378164","994516","994822","KQ055352v1","6003171","6003466","70","5008655"
"JH378164","1008554","1008860","KQ055267v1","513773","514088","72","494781"
"JH378164","1041899","1042188","KQ053421v1","5610673","5610968","73","4568774"
"JH378164","1078359","1078671","KQ055267v1","513773","514088","87","564586"
"JH378164","1179742","1180050","KQ055352v1","6003171","6003466","73","4823429"
"JH378164","1251220","1251501","KQ053421v1","5610673","5610968","83","4359453"
"JH378164","1252604","1252902","KQ053421v1","5610673","5610968","69","4358069"
"JH378164","1267742","1268025","KQ054815v1","2215557","2215844","76","947815"
"JH378164","1276530","1276819","KQ055862v1","1305285","1305561","82","28755"
"JH378164","1313277","1313572","KQ053421v1","5610673","5610968","68","4297396"
"JH378164","1350982","1351292","KQ053421v1","5610673","5610968","96","4259691"
"JH378164","1601945","1602247","KQ053421v1","5610673","5610968","72","4008728"
"JH378164","1616524","1616835","KQ055267v1","513773","514088","75","1102751"
"JH378164","1866443","1866733","KQ055862v1","1305285","1305561","81","561158"
"JH378164","1967368","1967690","KQ055267v1","513773","514088","87","1453595"
"JH378164","2056336","2056646","KQ058427v1","7786546","7786853","80","5730210"
"JH378164","2208283","2208514","KQ058505v1","2207051","2207301","85","1232"
"JH378164","2226932","2227230","KQ053421v1","5610673","5610968","65","3383741"
"JH378164","2228326","2228605","KQ058242v1","595939","596205","84","1632387"
"JH378164","2228638","2228805","KQ055914v1","670963","671119","45","1557675"
"JH378164","2252597","2252862","KQ057186v1","783828","784085","84","1468769"
"JH378164","2306141","2306256","KQ053398v1","2623748","2623879","46","317607"
"JH378164","2341662","2341942","KQ053785v1","888769","889063","77","1452893"
"JH378164","2344265","2344570","KQ053421v1","5610673","5610968","76","3266408"
"JH378164","2394386","2394688","KQ053421v1","5610673","5610968","86","3216287"
"JH378164","2402743","2402989","KQ053234v1","1414405","1414609","79","988338"
"JH378164","2406365","2406667","KQ055267v1","513773","514088","96","1892592"
"JH378164","2425221","2425518","KQ053421v1","5610673","5610968","72","3185452"
"JH378164","2437979","2438278","KQ053421v1","5610673","5610968","79","3172694"
"JH378164","2462686","2462883","KQ058427v1","11113103","11113283","55","8650417"
"JH378164","2495224","2495534","KQ058427v1","7786546","7786853","86","5291322"
"JH378164","2513934","2514238","KQ053421v1","5610673","5610968","73","3096739"
"JH378164","2526995","2527167","KQ054510v1","7582269","7582431","49","5055274"
"JH378164","2543518","2543664","KQ053718v1","2495418","2495575","48","48100"
"JH378164","2554884","2555179","KQ053421v1","5610673","5610968","68","3055789"
"JH378164","2590372","2590673","KQ053421v1","5610673","5610968","85","3020301"
"JH378164","2593089","2593400","KQ058427v1","7786546","7786853","82","5193457"
"JH378164","2687183","2687485","KQ053421v1","5610673","5610968","76","2923490"
"JH378164","2699739","2699885","KQ054401v1","3363241","3363379","38","663502"
"JH378164","2704408","2704684","KQ057186v1","783828","784085","73","1920580"
"JH378164","2710803","2711101","KQ053421v1","5610673","5610968","67","2899870"
"JH378164","2745083","2745394","KQ053421v1","5610673","5610968","73","2865590"
"JH378164","2756020","2756325","KQ053421v1","5610673","5610968","78","2854653"
"JH378164","2761582","2761875","KQ053421v1","5610673","5610968","87","2849091"
"JH378164","2796132","2796431","KQ053421v1","5610673","5610968","71","2814541"
"JH378164","2807624","2807903","KQ053421v1","5610673","5610968","89","2803049"
"JH378164","2812423","2812643","KQ053234v1","1414405","1414609","63","1398018"
"JH378164","2815399","2815649","KQ058242v1","595939","596205","71","2219460"
"JH378164","2824708","2824986","KQ054815v1","2215557","2215844","74","609151"
"JH378164","2878750","2879054","KQ053421v1","5610673","5610968","88","2731923"
"JH378164","2971459","2971766","KQ055267v1","513773","514088","78","2457686"
"JH378164","2979642","2979915","KQ053421v1","5610673","5610968","83","2631031"
"JH378164","3019882","3020193","KQ058427v1","7786546","7786853","73","4766664"
"JH378164","3113130","3113385","KQ058427v1","6786866","6787134","94","3673736"
"JH378164","3218406","3218714","KQ055267v1","513773","514088","72","2704633"
"JH378164","3257975","3258194","KQ055662v1","1890465","1890674","64","1367510"
"JH378164","3293804","3294117","KQ053421v1","5610673","5610968","81","2316869"
"JH378164","3579901","3580196","KQ058394v1","9655127","9655422","81","6075226"
"JH378164","3601356","3601657","KQ053421v1","5610673","5610968","71","2009317"
"JH378164","3692452","3692755","KQ055267v1","513773","514088","70","3178679"
"JH378164","3724041","3724320","KQ058242v1","595939","596205","81","3128102"
"JH378164","3728327","3728635","KQ055267v1","513773","514088","75","3214554"
"JH378164","3902341","3902621","KQ053421v1","5610673","5610968","77","1708332"
"JH378164","4017075","4017373","KQ058427v1","7786546","7786853","75","3769471"
"JH378164","4044963","4045251","KQ053421v1","5610673","5610968","82","1565710"
"JH378164","4071326","4071603","KQ053421v1","5610673","5610968","80","1539347"
"JH378164","4088903","4089204","KQ053421v1","5610673","5610968","77","1521770"
"JH378164","4108216","4108547","KQ055352v1","6003171","6003466","112","1894955"
"JH378164","4276073","4276300","KQ052982v1","2032903","2033097","69","2243170"
"JH378164","4277054","4277350","KQ053421v1","5610673","5610968","69","1333619"
"JH378164","4415477","4415784","KQ053421v1","5610673","5610968","72","1195196"
"JH378164","4446086","4446383","KQ053421v1","5610673","5610968","81","1164587"
"JH378164","4512943","4513146","KQ055662v1","1890465","1890674","64","2622478"
"JH378164","4584394","4584689","KQ053421v1","5610673","5610968","69","1026279"
"JH378164","4614786","4615079","KQ053421v1","5610673","5610968","71","995887"
"JH378164","4623080","4623367","KQ053421v1","5610673","5610968","83","987593"
"JH378164","4633720","4634003","KQ054815v1","2215557","2215844","86","2418163"
"JH378164","4655064","4655315","KQ058242v1","595939","596205","74","4059125"
"JH378164","4675860","4676160","KQ053421v1","5610673","5610968","69","934813"
"JH378164","4695493","4695784","KQ053421v1","5610673","5610968","75","915180"
"JH378164","4743858","4744147","KQ058339v1","4553625","4553889","89","190233"
"JH378164","4851756","4852038","KQ053421v1","5610673","5610968","79","758917"
"JH378164","4857970","4858218","KQ057186v1","783828","784085","81","4074142"
"JH378164","4965454","4965624","KQ053234v1","1679581","1679757","64","3285873"
"JH378164","4993703","4993932","KQ053234v1","1414405","1414609","66","3579298"
"JH378164","5066389","5066676","KQ055862v1","1305285","1305561","81","3761104"
"JH378164","5079858","5080128","KQ058640v1","643463","643729","93","4436395"
"JH378164","5192207","5192459","KQ055717v1","1610777","1611031","76","3581430"
"JH378164","5294629","5294939","KQ058427v1","7786546","7786853","81","2491917"
"JH378164","5423097","5423403","KQ053421v1","5610673","5610968","73","187576"
"JH378164","5564465","5564732","KQ057901v1","868884","869144","93","4695581"
"JH378164","5609384","5609541","KQ053993v1","1251070","1251235","41","4358314"
"JH378164","5676449","5676736","KQ058339v1","4553625","4553889","87","1122824"
"JH378164","5702829","5703046","ABDC02053644v1","2226","2419","78","5700603"
"JH378164","5777454","5777764","KQ055267v1","513773","514088","75","5263681"
"JH378164","5941273","5941571","KQ053421v1","5610673","5610968","67","330600"
"JH378164","6085530","6085605","KQ058316v1","2226037","2226104","29","3859493"
"JH378164","6102504","6102660","KQ054510v1","7582269","7582431","44","1479765"
"JH378164","6116468","6116598","KQ053398v1","2623748","2623879","35","3492720"
"JH378164","6138486","6138775","KQ053421v1","5610673","5610968","100","527813"
"JH378164","6153345","6153475","KQ053004v1","3064551","3064681","41","3088794"
"JH378164","6158717","6159010","KQ053421v1","5610673","5610968","78","548044"
"JH378164","6187071","6187369","KQ053421v1","5610673","5610968","69","576398"
"JH378164","6191200","6191518","KQ058427v1","7786546","7786853","90","1595346"
"JH378164","6281450","6281744","KQ053421v1","5610673","5610968","73","670777"
"JH378164","6302837","6303145","KQ055267v1","513773","514088","76","5789064"
"JH378164","6375818","6376127","KQ055352v1","6003171","6003466","74","372647"
"JH378164","6393537","6393861","KQ058242v1","595939","596205","118","5797598"
"JH378164","6409721","6410015","KQ053421v1","5610673","5610968","74","799048"
"JH378164","6458706","6459010","KQ053421v1","5610673","5610968","91","848033"
"JH378164","6550421","6550759","KQ053059v1","2548766","2549102","101","4001655"
"JH378164","6740551","6740840","KQ053421v1","5610673","5610968","73","1129878"
"JH378164","6836188","6836489","KQ055267v1","513773","514088","78","6322415"
"JH378164","6888407","6888729","KQ053421v1","5610673","5610968","89","1277734"
"JH378164","6951525","6951818","KQ053421v1","5610673","5610968","80","1340852"
"JH378164","6968349","6968637","KQ053421v1","5610673","5610968","73","1357676"
"JH378164","6984778","6985087","KQ055352v1","6003171","6003466","88","981607"
"JH378164","6994557","6994858","KQ058427v1","7786546","7786853","82","791989"
"JH378164","7170235","7170522","KQ053421v1","5610673","5610968","77","1559562"
"JH378164","7523067","7523361","KQ053421v1","5610673","5610968","79","1912394"
"JH378164","7558821","7559025","KQ053234v1","1679581","1679757","68","5879240"
"JH378164","7561278","7561478","KQ058594v1","1033101","1033292","67","6528177"
"JH378164","7563848","7563968","KQ057161v1","453350","453459","42","7110498"
"JH378164","7574287","7574602","KQ058427v1","7786546","7786853","86","212259"
"JH378164","7586149","7586441","KQ053421v1","5610673","5610968","70","1975476"
"JH378164","7610932","7611261","KQ058427v1","7786546","7786853","101","175614"
"JH378164","7647551","7647862","KQ058427v1","7786546","7786853","94","138995"
"JH378164","7662771","7663069","KQ053421v1","5610673","5610968","68","2052098"
"JH378164","7761031","7761334","KQ055352v1","6003171","6003466","71","1757860"
"JH378164","7795558","7795855","KQ053421v1","5610673","5610968","73","2184885"
"JH378164","7890680","7890791","KQ056493v1","2043382","2043488","37","5847298"
"JH378164","7906875","7907173","KQ053421v1","5610673","5610968","80","2296202"
"JH378164","8079254","8079565","KQ055352v1","6003171","6003466","71","2076083"
"JH378164","8088371","8088649","KQ058242v1","595939","596205","74","7492432"
"JH378164","8221240","8221539","KQ053421v1","5610673","5610968","76","2610567"
"JH378164","8278613","8278894","KQ054815v1","2215557","2215844","72","6063056"
"JH378164","8333659","8333963","KQ053421v1","5610673","5610968","76","2722986"
"JH378164","8493660","8493935","KQ053421v1","5610673","5610968","89","2882987"
"JH378164","8746592","8746889","KQ053421v1","5610673","5610968","82","3135919"
"JH378164","8748061","8748292","ABDC02053644v1","2226","2419","90","8745835"
"JH378164","8748633","8748701","KQ058316v1","2226037","2226104","35","6522596"
"JH378164","8776772","8777100","KQ055267v1","513773","514088","93","8262999"
"JH378164","8803443","8803747","KQ058427v1","7786546","7786853","78","1016897"
"JH378164","8831535","8831753","KQ052982v1","2032903","2033097","68","6798632"
"JH378164","8861444","8861728","KQ053421v1","5610673","5610968","87","3250771"
"JH378164","8902248","8902549","KQ053421v1","5610673","5610968","75","3291575"
"JH378164","9100332","9100637","KQ058427v1","7786546","7786853","84","1313786"
"JH378164","9102081","9102385","KQ053421v1","5610673","5610968","79","3491408"
"JH378164","9212757","9213047","KQ053421v1","5610673","5610968","75","3602084"
"JH378164","9275931","9276159","KQ058509v1","24058","24271","64","9251873"
"JH378164","9310538","9310790","KQ057901v1","868884","869144","85","8441654"
"JH378164","9468743","9469036","KQ055267v1","513773","514088","82","8954970"
"JH378164","9490118","9490424","KQ053421v1","5610673","5610968","79","3879445"
"JH378164","9497839","9498120","KQ053421v1","5610673","5610968","83","3887166"
"JH378164","9620119","9620411","KQ053421v1","5610673","5610968","80","4009446"
"JH378164","9700863","9701175","KQ055352v1","6003171","6003466","76","3697692"
"JH378164","10042103","10042392","KQ053421v1","5610673","5610968","85","4431430"
"JH378164","10137344","10137651","KQ053421v1","5610673","5610968","70","4526671"
"JH378164","10292893","10293015","KQ053398v1","2623748","2623879","39","7669145"
"JH378164","10296768","10297041","KQ058640v1","643463","643729","84","9653305"
"JH378164","10317094","10317407","KQ053421v1","5610673","5610968","89","4706421"
"JH378164","10386075","10386373","KQ053421v1","5610673","5610968","71","4775402"
"JH378164","10391320","10391612","KQ053421v1","5610673","5610968","85","4780647"
"JH378164","10401453","10401732","KQ053785v1","888769","889063","79","9512684"
"JH378164","10451413","10451714","KQ053421v1","5610673","5610968","81","4840740"
"JH378164","10476801","10477095","KQ053421v1","5610673","5610968","89","4866128"
"JH378164","10598017","10598271","KQ054068v1","3638075","3638299","91","6959942"
"JH378164","10932909","10933032","KQ053398v1","2623748","2623879","36","8309161"
"JH378164","10952654","10952970","KQ055267v1","513773","514088","85","10438881"
"JH378164","11012872","11013166","KQ055862v1","1305285","1305561","83","9707587"
"JH378164","11037710","11037998","KQ053421v1","5610673","5610968","74","5427037"
"JH378164","11041330","11041619","KQ053421v1","5610673","5610968","84","5430657"
"JH378164","11184263","11184525","KQ057186v1","783828","784085","76","10400435"
"JH378164","11441518","11441821","KQ053421v1","5610673","5610968","72","5830845"
"JH378164","11543186","11543477","KQ053421v1","5610673","5610968","81","5932513"
"JH378164","11625845","11626109","KQ058242v1","595939","596205","70","11029906"
"JH378164","11676077","11676377","KQ053421v1","5610673","5610968","72","6065404"
"JH378164","11682217","11682527","KQ055352v1","6003171","6003466","72","5679046"
"JH378164","12033808","12034118","KQ055267v1","513773","514088","79","11520035"
"JH378164","12136333","12136641","KQ055352v1","6003171","6003466","69","6133162"
"JH378164","12144107","12144415","KQ055267v1","513773","514088","74","11630334"
"JH378164","12186495","12186807","KQ053421v1","5610673","5610968","76","6575822"
"JH378164","12189170","12189459","KQ053421v1","5610673","5610968","76","6578497"
"JH378164","12216647","12216870","KQ055662v1","1890465","1890674","70","10326182"
"JH378164","12301963","12302230","KQ055862v1","1305285","1305561","88","10996678"
"JH378164","12391762","12392050","KQ053421v1","5610673","5610968","79","6781089"
"JH378164","12416485","12416789","KQ053421v1","5610673","5610968","73","6805812"
"JH378164","12608165","12608452","KQ053421v1","5610673","5610968","76","6997492"
"JH378164","12748080","12748390","KQ055267v1","513773","514088","68","12234307"
"JH378164","12955464","12955755","KQ053421v1","5610673","5610968","80","7344791"
"JH378164","12958449","12958725","KQ058242v1","595939","596205","81","12362510"
"JH378164","13024767","13025075","KQ055267v1","513773","514088","80","12510994"
"JH378164","13159510","13159789","KQ053785v1","888769","889063","82","12270741"
"JH378164","13353052","13353362","KQ055267v1","513773","514088","78","12839279"
"JH378164","13469396","13469538","KQ054401v1","3363241","3363379","44","10106155"
"JH378164","13680657","13680962","KQ053421v1","5610673","5610968","80","8069984"
"JH378164","13775385","13775654","KQ058427v1","6786866","6787134","90","6988519"
"JH378164","13894586","13894899","KQ053421v1","5610673","5610968","89","8283913"
"JH378164","13914904","13915191","KQ054815v1","2215557","2215844","78","11699347"
"JH378164","14373749","14373896","KQ054401v1","3363241","3363379","39","11010508"
"JH378164","14392210","14392340","KQ053398v1","2623748","2623879","35","11768462"
"JH378164","14476657","14476959","KQ053421v1","5610673","5610968","79","8865984"
"JH378164","14662158","14662329","KQ053310v1","1983228","1983391","50","12678930"
"JH378165","1052","1139","KQ056235v1","1266284","1266361","44","1265232"
"JH378165","1929","2040","KQ058316v1","2226037","2226104","54","2224108"
"JH378165","74032","74320","KQ053421v1","5610673","5610968","77","5536641"
"JH378165","77245","77498","KQ057901v1","868884","869144","74","791639"
"JH378165","86387","86630","KQ056321v1","575951","576190","94","489564"
"JH378165","128745","129054","KQ055352v1","6003171","6003466","70","5874426"
"JH378165","377478","377759","KQ057901v1","868884","869144","89","491406"
"JH378165","533267","533560","KQ053421v1","5610673","5610968","72","5077406"
"JH378165","643855","644068","KQ053234v1","1414405","1414609","59","770550"
"JH378165","712215","712486","KQ058640v1","643463","643729","94","68752"
"JH378165","814709","815007","KQ055267v1","513773","514088","83","300936"
"JH378165","826326","826632","KQ058427v1","7786546","7786853","76","6960220"
"JH378165","1029280","1029452","KQ053993v1","1251070","1251235","38","221790"
"JH378165","1147124","1147237","KQ056493v1","2043382","2043488","37","896258"
"JH378165","1149489","1149754","KQ057186v1","783828","784085","80","365661"
"JH378165","1198639","1198930","KQ053421v1","5610673","5610968","83","4412034"
"JH378165","1201620","1201926","KQ055267v1","513773","514088","84","687847"
"JH378165","1274104","1274405","KQ053135v1","5034940","5035266","85","3760836"
"JH378165","1285985","1286280","KQ053421v1","5610673","5610968","69","4324688"
"JH378165","1295775","1296067","KQ055267v1","513773","514088","82","782002"
"JH378165","1305793","1306078","KQ058339v1","4553625","4553889","83","3247832"
"JH378165","1307078","1307349","KQ058242v1","595939","596205","73","711139"
"JH378165","1310945","1311258","KQ053421v1","5610673","5610968","84","4299728"
"JH378165","1321566","1321875","KQ055267v1","513773","514088","73","807793"
"JH378165","1328974","1329236","KQ055717v1","1610777","1611031","90","281803"
"JH378165","1374716","1375007","KQ058427v1","7786546","7786853","82","6411830"
"JH378165","1376117","1376394","KQ058242v1","595939","596205","78","780178"
"JH378165","1405123","1405419","KQ053421v1","5610673","5610968","80","4205550"
"JH378165","1417768","1417897","KQ053398v1","2623748","2623879","36","1205980"
"JH378165","1419309","1419612","KQ053421v1","5610673","5610968","73","4191364"
"JH378165","1430445","1430741","KQ053421v1","5610673","5610968","81","4180228"
"JH378165","1464692","1464989","KQ053421v1","5610673","5610968","81","4145981"
"JH378165","1487763","1488058","KQ053421v1","5610673","5610968","69","4122910"
"JH378165","1530874","1531212","KQ055352v1","6003171","6003466","163","4472297"
"JH378165","1534328","1534639","KQ053421v1","5610673","5610968","83","4076345"
"JH378165","1579487","1579756","KQ058505v1","2207051","2207301","90","627564"
"JH378165","1655466","1655700","KQ056005v1","1024192","1024395","79","631274"
"JH378165","1657341","1657631","KQ053421v1","5610673","5610968","75","3953332"
"JH378165","1685881","1686172","KQ053421v1","5610673","5610968","71","3924792"
"JH378165","1745625","1745934","KQ058242v1","595939","596205","96","1149686"
"JH378165","1852223","1852528","KQ053421v1","5610673","5610968","66","3758450"
"JH378165","1886327","1886637","KQ055352v1","6003171","6003466","73","4116844"
"JH378165","1944957","1945195","KQ057186v1","783828","784085","91","1161129"
"JH378165","2148396","2148698","KQ053421v1","5610673","5610968","88","3462277"
"JH378165","2311097","2311401","KQ055352v1","6003171","6003466","75","3692074"
"JH378165","2390170","2390481","KQ055267v1","513773","514088","76","1876397"
"JH378165","2465527","2465820","KQ053421v1","5610673","5610968","68","3145146"
"JH378165","2528295","2528594","KQ053421v1","5610673","5610968","69","3082378"
"JH378165","2685908","2686201","KQ053421v1","5610673","5610968","80","2924765"
"JH378165","2699923","2700216","KQ053421v1","5610673","5610968","87","2910750"
"JH378165","2704856","2705157","KQ058427v1","7786546","7786853","80","5081690"
"JH378165","2789849","2790140","KQ053421v1","5610673","5610968","85","2820824"
"JH378165","2796028","2796324","KQ053141v1","2860","3159","86","2793168"
"JH378165","2935965","2936038","KQ056235v1","1266284","1266361","17","1669681"
"JH378165","2938550","2938737","KQ058350v1","9514178","9514352","47","6575628"
"JH378165","2953289","2953542","KQ058242v1","595939","596205","90","2357350"
"JH378165","2954861","2955161","KQ053421v1","5610673","5610968","74","2655812"
"JH378165","3071653","3071954","KQ058427v1","7786546","7786853","84","4714893"
"JH378165","3142859","3143162","KQ055352v1","6003171","6003466","78","2860312"
"JH378165","3149324","3149634","KQ055352v1","6003171","6003466","82","2853847"
"JH378165","3165961","3166046","KQ058272v1","5924923","5924994","43","2758962"
"JH378165","3356237","3356547","KQ055267v1","513773","514088","71","2842464"
"JH378165","3434659","3434960","KQ053421v1","5610673","5610968","66","2176014"
"JH378165","3502707","3503013","KQ055267v1","513773","514088","70","2988934"
"JH378165","3514206","3514433","KQ053234v1","1414405","1414609","67","2099801"
"JH378165","3704630","3704912","KQ053421v1","5610673","5610968","90","1906043"
"JH378165","3723063","3723356","KQ053421v1","5610673","5610968","75","1887610"
"JH378165","3740152","3740444","KQ053421v1","5610673","5610968","67","1870521"
"JH378165","3747292","3747571","KQ054815v1","2215557","2215844","81","1531735"
"JH378165","3793227","3793504","KQ053421v1","5610673","5610968","79","1817446"
"JH378165","3836888","3837161","KQ055862v1","1305285","1305561","84","2531603"
"JH378165","3888990","3889295","KQ053421v1","5610673","5610968","71","1721683"
"JH378165","3926794","3927087","KQ053421v1","5610673","5610968","79","1683879"
"JH378165","3952660","3952886","KQ058509v1","24058","24271","65","3928602"
"JH378165","4000162","4000440","KQ055862v1","1305285","1305561","71","2694877"
"JH378165","4131280","4131581","KQ053421v1","5610673","5610968","80","1479393"
"JH378165","4175186","4175489","KQ053421v1","5610673","5610968","81","1435487"
"JH378165","4214652","4214940","KQ053421v1","5610673","5610968","81","1396021"
"JH378165","4283867","4284170","KQ058427v1","7786546","7786853","75","3502679"
"JH378165","4397163","4397388","KQ054068v1","3638075","3638299","64","759088"
"JH378165","4411548","4411858","KQ055352v1","6003171","6003466","82","1591623"
"JH378165","4412487","4412792","KQ055267v1","513773","514088","81","3898714"
"JH378165","4416616","4416721","KQ055717v1","1610376","1610476","41","2806240"
"JH378165","4418820","4419126","KQ055352v1","6003171","6003466","67","1584351"
"JH378165","4420651","4420959","KQ053421v1","5610673","5610968","75","1190022"
"JH378165","4473805","4474109","KQ053421v1","5610673","5610968","78","1136868"
"JH378165","4491999","4492299","KQ053421v1","5610673","5610968","84","1118674"
"JH378165","4581565","4581858","KQ053421v1","5610673","5610968","78","1029108"
"JH378165","4588071","4588313","KQ058242v1","595939","596205","80","3992132"
"JH378165","4733557","4733846","KQ058427v1","7786546","7786853","79","3052989"
"JH378165","4811488","4811802","KQ053421v1","5610673","5610968","84","799185"
"JH378165","5066407","5066665","KQ058505v1","2207051","2207301","86","2859356"
"JH378165","5120504","5120816","KQ053421v1","5610673","5610968","88","490169"
"JH378165","5127230","5127530","KQ053421v1","5610673","5610968","79","483443"
"JH378165","5145867","5146168","KQ055267v1","513773","514088","91","4632094"
"JH378165","5210200","5210505","KQ053421v1","5610673","5610968","68","400473"
"JH378165","5263273","5263569","KQ055352v1","6003171","6003466","101","739898"
"JH378165","5337856","5338149","KQ053421v1","5610673","5610968","77","272817"
"JH378165","5352168","5352475","KQ058427v1","7786546","7786853","75","2434378"
"JH378165","5381920","5382233","KQ053421v1","5610673","5610968","76","228753"
"JH378165","5428476","5428770","KQ053421v1","5610673","5610968","74","182197"
"JH378165","5431972","5432262","KQ053421v1","5610673","5610968","82","178701"
"JH378165","5457035","5457331","KQ053421v1","5610673","5610968","75","153638"
"JH378165","5459026","5459117","KQ056235v1","1266284","1266361","42","4192742"
"JH378165","5461064","5461362","KQ053421v1","5610673","5610968","84","149609"
"JH378165","5480341","5480631","KQ053421v1","5610673","5610968","79","130332"
"JH378165","5501971","5502260","KQ058339v1","4553625","4553889","81","948346"
"JH378165","5503980","5504275","KQ053421v1","5610673","5610968","76","106693"
"JH378165","5515887","5516189","KQ053421v1","5610673","5610968","76","94786"
"JH378165","5536937","5537250","KQ058427v1","7786546","7786853","84","2249609"
"JH378165","5618394","5618665","KQ053421v1","5610673","5610968","79","7721"
"JH378165","5619297","5619425","KQ053398v1","2623748","2623879","34","2995549"
"JH378165","5645832","5646169","KQ053059v1","2548766","2549102","105","3097066"
"JH378165","5654143","5654445","KQ053421v1","5610673","5610968","89","43470"
"JH378165","5661597","5661887","KQ053421v1","5610673","5610968","88","50924"
"JH378165","5765407","5765711","KQ055352v1","6003171","6003466","69","237764"
"JH378165","5833974","5834264","KQ053421v1","5610673","5610968","75","223301"
"JH378165","5856109","5856398","KQ053421v1","5610673","5610968","69","245436"
"JH378165","5859867","5860151","KQ053421v1","5610673","5610968","79","249194"
"JH378165","5892076","5892372","KQ053421v1","5610673","5610968","76","281403"
"JH378165","5924831","5925132","KQ053421v1","5610673","5610968","81","314158"
"JH378165","5926362","5926657","KQ053421v1","5610673","5610968","68","315689"
"JH378165","5946905","5947162","KQ058242v1","595939","596205","68","5350966"
"JH378165","5960994","5961298","KQ055267v1","513773","514088","80","5447221"
"JH378165","5977831","5978135","KQ053421v1","5610673","5610968","85","367158"
"JH378165","6029015","6029296","KQ058242v1","595939","596205","79","5433076"
"JH378165","6249299","6249608","KQ058427v1","7786546","7786853","77","1537247"
"JH378165","6271374","6271662","KQ053421v1","5610673","5610968","89","660701"
"JH378165","6306153","6306459","KQ058427v1","7786546","7786853","74","1480393"
"JH378165","6308604","6308900","KQ058427v1","7786546","7786853","91","1477942"
"JH378165","6373310","6373571","KQ058640v1","643463","643729","80","5729847"
"JH378165","6387415","6387672","KQ053883v1","6938067","6938331","88","550652"
"JH378165","6420170","6420452","KQ055862v1","1305285","1305561","89","5114885"
"JH378165","6526391","6526697","KQ053421v1","5610673","5610968","90","915718"
"JH378165","6531518","6531812","KQ053421v1","5610673","5610968","79","920845"
"JH378165","6544326","6544614","KQ058640v1","643463","643729","90","5900863"
"JH378165","6558492","6558790","KQ053421v1","5610673","5610968","76","947819"
"JH378165","6589934","6590238","KQ055267v1","513773","514088","81","6076161"
"JH378165","6599704","6600000","KQ053421v1","5610673","5610968","75","989031"
"JH378165","6652304","6652590","KQ053421v1","5610673","5610968","86","1041631"
"JH378165","6672148","6672459","KQ055267v1","513773","514088","73","6158375"
"JH378165","6822788","6823107","KQ058427v1","7786546","7786853","80","963758"
"JH378165","6825343","6825640","KQ053421v1","5610673","5610968","74","1214670"
"JH378165","6960230","6960518","KQ055717v1","1610777","1611031","106","5349453"
"JH378165","7003425","7003721","KQ053421v1","5610673","5610968","77","1392752"
"JH378165","7014055","7014364","KQ055267v1","513773","514088","74","6500282"
"JH378165","7066568","7066697","KQ053398v1","2623748","2623879","39","4442820"
"JH378165","7147359","7147492","KQ056920v1","183120","183261","40","6964239"
"JH378165","7155514","7155816","KQ053421v1","5610673","5610968","72","1544841"
"JH378165","7158202","7158519","KQ055352v1","6003171","6003466","79","1155031"
"JH378165","7186539","7186843","KQ055352v1","6003171","6003466","73","1183368"
"JH378165","7222650","7222907","KQ058242v1","595939","596205","76","6626711"
"JH378165","7280262","7280567","KQ053421v1","5610673","5610968","70","1669589"
"JH378165","7427848","7428128","KQ058427v1","7786546","7786853","85","358698"
"JH378165","7481414","7481712","KQ053421v1","5610673","5610968","74","1870741"
"JH378165","7643565","7643907","KQ055267v1","513773","514088","170","7129792"
"JH378165","7684805","7685061","KQ058505v1","2207051","2207301","88","5477754"
"JH378165","7774628","7774906","KQ053421v1","5610673","5610968","84","2163955"
"JH378165","7791849","7792136","KQ053421v1","5610673","5610968","91","2181176"
"JH378165","7941118","7941245","KQ057161v1","453350","453459","41","7487768"
"JH378165","8483814","8484114","KQ055352v1","6003171","6003466","149","2480643"
"JH378165","8530075","8530376","KQ053421v1","5610673","5610968","79","2919402"
"JH378165","8536135","8536441","KQ055352v1","6003171","6003466","68","2532964"
"JH378165","8553068","8553374","KQ055352v1","6003171","6003466","71","2549897"
"JH378165","8663089","8663394","KQ055352v1","6003171","6003466","70","2659918"
"JH378165","8670938","8671251","KQ053421v1","5610673","5610968","90","3060265"
"JH378165","8713882","8714192","KQ055352v1","6003171","6003466","72","2710711"
"JH378165","8772029","8772337","KQ055352v1","6003171","6003466","73","2768858"
"JH378165","8794102","8794372","KQ054815v1","2215557","2215844","79","6578545"
"JH378165","8804057","8804356","KQ053421v1","5610673","5610968","69","3193384"
"JH378165","8823550","8823861","KQ055352v1","6003171","6003466","71","2820379"
"JH378165","9134529","9134817","KQ053421v1","5610673","5610968","87","3523856"
"JH378165","9216560","9216865","KQ053421v1","5610673","5610968","73","3605887"
"JH378165","9337675","9337961","KQ053421v1","5610673","5610968","85","3727002"
"JH378165","9349735","9349988","KQ058242v1","595939","596205","82","8753796"
"JH378165","9404212","9404523","KQ055352v1","6003171","6003466","75","3401041"
"JH378165","9406106","9406417","KQ055352v1","6003171","6003466","73","3402935"
"JH378165","9469040","9469299","KQ058640v1","643463","643729","82","8825577"
"JH378165","9503717","9504030","KQ055267v1","513773","514088","80","8989944"
"JH378165","9587910","9588214","KQ053421v1","5610673","5610968","69","3977237"
"JH378165","9622967","9623277","KQ053421v1","5610673","5610968","75","4012294"
"JH378165","9689082","9689384","KQ053421v1","5610673","5610968","72","4078409"
"JH378165","9797008","9797163","KQ056235v1","950511","950669","45","8846497"
"JH378165","9802625","9802960","KQ053059v1","2548766","2549102","112","7253859"
"JH378165","9978568","9978798","KQ058242v1","595939","596205","81","9382629"
"JH378165","9979940","9980146","KQ058274v1","300327","300497","72","9679613"
"JH378165","10024917","10025199","KQ058339v1","4553625","4553889","77","5471292"
"JH378165","10051396","10051662","KQ057901v1","868884","869144","85","9182512"
"JH378165","10082779","10083084","KQ053421v1","5610673","5610968","75","4472106"
"JH378165","10117485","10117764","KQ053421v1","5610673","5610968","80","4506812"
"JH378165","10184245","10184535","KQ053785v1","888769","889063","81","9295476"
"JH378165","10200423","10200703","KQ054815v1","2215557","2215844","87","7984866"
"JH378165","10313441","10313733","KQ053421v1","5610673","5610968","75","4702768"
"JH378165","10349796","10349940","KQ054401v1","3363241","3363379","49","6986555"
"JH378165","10449648","10449942","KQ053421v1","5610673","5610968","67","4838975"
"JH378165","10475550","10475860","KQ055267v1","513773","514088","73","9961777"
"JH378165","10481898","10482143","KQ053883v1","6938067","6938331","101","3543831"
"JH378165","10584197","10584484","KQ055267v1","513773","514088","92","10070424"
"JH378165","10592678","10592992","KQ058427v1","7786546","7786853","84","2806132"
"JH378165","10630093","10630411","KQ053421v1","5610673","5610968","93","5019420"
"JH378165","10764965","10765273","KQ053421v1","5610673","5610968","92","5154292"
"JH378165","10783930","10784229","KQ053421v1","5610673","5610968","72","5173257"
"JH378165","10832129","10832434","KQ058427v1","7786546","7786853","88","3045583"
"JH378165","10862103","10862405","KQ053421v1","5610673","5610968","72","5251430"
"JH378165","10917915","10918163","KQ058505v1","2207051","2207301","80","8710864"
"JH378165","11297419","11297719","KQ053421v1","5610673","5610968","76","5686746"
"JH378165","11417591","11417844","KQ055717v1","1610777","1611031","83","9806814"
"JH378165","11501384","11501653","KQ057901v1","868884","869144","88","10632500"
"JH378165","11510930","11511218","KQ053421v1","5610673","5610968","81","5900257"
"JH378165","11520474","11520782","KQ055267v1","513773","514088","76","11006701"
"JH378165","11536596","11536907","KQ055267v1","513773","514088","76","11022823"
"JH378165","11541750","11542054","KQ058427v1","7786546","7786853","81","3755204"
"JH378165","11550158","11550463","KQ055267v1","513773","514088","79","11036385"
"JH378165","11585917","11586229","KQ058427v1","7786546","7786853","84","3799371"
"JH378165","11595100","11595379","KQ058242v1","595939","596205","75","10999161"
"JH378165","11618632","11618927","KQ053421v1","5610673","5610968","73","6007959"
"JH378165","11619241","11619549","KQ055352v1","6003171","6003466","70","5616070"
"JH378165","11735262","11735573","KQ053421v1","5610673","5610968","91","6124589"
"JH378165","11753208","11753500","KQ053421v1","5610673","5610968","85","6142535"
"JH378165","11771680","11771988","KQ058427v1","7786546","7786853","79","3985134"
"JH378165","11797485","11797794","KQ058427v1","7786546","7786853","82","4010939"
"JH378165","11838976","11839227","KQ055717v1","1610777","1611031","88","10228199"
"JH378165","11916498","11916770","KQ053421v1","5610673","5610968","87","6305825"
"JH378165","12242338","12242649","KQ055352v1","6003171","6003466","85","6239167"
"JH378165","12274798","12275109","KQ055352v1","6003171","6003466","77","6271627"
"JH378165","12316441","12316723","KQ054815v1","2215557","2215844","76","10100884"
"JH378165","12402580","12402906","KQ055267v1","513773","514088","89","11888807"
"JH378165","12456453","12456744","KQ053421v1","5610673","5610968","86","6845780"
"JH378165","12480273","12480563","KQ055352v1","6003171","6003466","78","6477102"
"JH378165","12509721","12510059","KQ053059v1","2548766","2549102","103","9960955"
"JH378165","12519805","12520079","KQ058394v1","9655127","9655422","91","2864678"
"JH378165","12592240","12592545","KQ055267v1","513773","514088","82","12078467"
"JH378165","12604960","12605244","KQ058427v1","6786866","6787134","91","5818094"
"JH378165","12629547","12629825","KQ053421v1","5610673","5610968","82","7018874"
"JH378165","12631876","12632134","KQ058427v1","6786866","6787134","94","5845010"
"JH378165","12659221","12659537","KQ058427v1","7786546","7786853","79","4872675"
"JH378165","12662653","12662964","KQ055267v1","513773","514088","75","12148880"
"JH378165","12684180","12684486","KQ055352v1","6003171","6003466","69","6681009"
"JH378165","12735706","12735990","KQ053421v1","5610673","5610968","80","7125033"
"JH378165","12763967","12764253","KQ053421v1","5610673","5610968","77","7153294"
"JH378165","12796238","12796543","KQ053421v1","5610673","5610968","85","7185565"
"JH378165","12814098","12814406","KQ055352v1","6003171","6003466","70","6810927"
"JH378165","12887373","12887678","KQ055352v1","6003171","6003466","70","6884202"
"JH378165","12932271","12932412","KQ058389v1","1027804","1027945","44","11904467"
"JH378165","13093391","13093683","KQ053421v1","5610673","5610968","83","7482718"
"JH378165","13114588","13114837","KQ054068v1","3638075","3638299","86","9476513"
"JH378165","13155987","13156277","KQ053421v1","5610673","5610968","82","7545314"
"JH378165","13244035","13244328","KQ053421v1","5610673","5610968","68","7633362"
"JH378165","13299683","13299953","KQ053421v1","5610673","5610968","94","7689010"
"JH378165","13368094","13368249","KQ058428v1","1396698","1396861","48","11971396"
"JH378165","13417966","13418236","KQ058505v1","2207051","2207301","90","11210915"
"JH378165","13477863","13478155","KQ053421v1","5610673","5610968","72","7867190"
"JH378165","13484132","13484442","KQ058427v1","7786546","7786853","75","5697586"
"JH378165","13561062","13561366","KQ053421v1","5610673","5610968","75","7950389"
"JH378165","13614670","13614961","KQ053421v1","5610673","5610968","80","8003997"
"JH378165","13619156","13619460","KQ053421v1","5610673","5610968","75","8008483"
"JH378165","13790241","13790538","KQ053421v1","5610673","5610968","75","8179568"
"JH378165","13874032","13874343","KQ055352v1","6003171","6003466","76","7870861"
"JH378165","13954603","13954908","KQ055352v1","6003171","6003466","67","7951432"
"JH378165","14022615","14022924","KQ053421v1","5610673","5610968","76","8411942"
"JH378165","14058934","14059229","KQ053421v1","5610673","5610968","82","8448261"
"JH378165","14125924","14126233","KQ055267v1","513773","514088","72","13612151"
"JH378166","30208","30519","KQ055352v1","6003171","6003466","90","5972963"
"JH378166","152395","152685","KQ053421v1","5610673","5610968","73","5458278"
"JH378166","186282","186576","KQ053421v1","5610673","5610968","77","5424391"
"JH378166","214195","214487","KQ053421v1","5610673","5610968","71","5396478"
"JH378166","244297","244608","KQ055267v1","513773","514088","76","269476"
"JH378166","259590","259889","KQ053421v1","5610673","5610968","72","5351083"
"JH378166","266171","266467","KQ053421v1","5610673","5610968","68","5344502"
"JH378166","268587","268875","KQ053421v1","5610673","5610968","76","5342086"
"JH378166","270040","270329","KQ053421v1","5610673","5610968","75","5340633"
"JH378166","281673","281942","KQ058505v1","2207051","2207301","92","1925378"
"JH378166","294029","294338","KQ055267v1","513773","514088","72","219744"
"JH378166","296343","296630","KQ053421v1","5610673","5610968","88","5314330"
"JH378166","297634","297918","KQ053421v1","5610673","5610968","88","5313039"
"JH378166","302447","302758","KQ055352v1","6003171","6003466","73","5700724"
"JH378166","427766","428057","KQ053421v1","5610673","5610968","83","5182907"
"JH378166","442108","442390","KQ053785v1","888769","889063","84","446661"
"JH378166","481772","482058","KQ053421v1","5610673","5610968","84","5128901"
"JH378166","529360","529617","KQ055352v1","6003171","6003466","92","5473811"
"JH378166","542656","542962","KQ055352v1","6003171","6003466","65","5460515"
"JH378166","547621","547927","KQ055267v1","513773","514088","73","33848"
"JH378166","633900","634202","KQ053421v1","5610673","5610968","68","4976773"
"JH378166","637285","637406","KQ053398v1","2623748","2623879","37","1986463"
"JH378166","665321","665522","KQ053234v1","1679581","1679757","62","1014260"
"JH378166","947295","947533","KQ054068v1","3638075","3638299","70","2690780"
"JH378166","983903","984095","KQ058423v1","270754","270928","49","713149"
"JH378166","991508","991799","KQ053421v1","5610673","5610968","82","4619165"
"JH378166","1051421","1051724","KQ053421v1","5610673","5610968","69","4559252"
"JH378166","1079088","1079365","KQ058427v1","6786866","6787134","82","5707778"
"JH378166","1120604","1120898","KQ053421v1","5610673","5610968","70","4490069"
"JH378166","1139390","1139664","KQ053421v1","5610673","5610968","78","4471283"
"JH378166","1165073","1165210","KQ053398v1","2623748","2623879","36","1458675"
"JH378166","1223930","1224235","KQ055352v1","6003171","6003466","73","4779241"
"JH378166","1249290","1249560","KQ053421v1","5610673","5610968","88","4361383"
"JH378166","1291715","1292014","KQ058242v1","595939","596205","158","695776"
"JH378166","1393819","1394122","KQ053421v1","5610673","5610968","82","4216854"
"JH378166","1399535","1399805","KQ053421v1","5610673","5610968","90","4211138"
"JH378166","1418126","1418392","KQ058242v1","595939","596205","91","822187"
"JH378166","1426136","1426427","KQ053421v1","5610673","5610968","69","4184537"
"JH378166","1459535","1459818","KQ053421v1","5610673","5610968","74","4151138"
"JH378166","1466672","1466970","KQ053421v1","5610673","5610968","82","4144001"
"JH378166","1492821","1493115","KQ058427v1","7786546","7786853","74","6293725"
"JH378166","1498905","1499199","KQ053421v1","5610673","5610968","66","4111768"
"JH378166","1509763","1510058","KQ053421v1","5610673","5610968","77","4100910"
"JH378166","1572915","1573206","KQ058427v1","7786546","7786853","89","6213631"
"JH378166","1597729","1598021","KQ058427v1","7786546","7786853","78","6188817"
"JH378166","1622056","1622270","ABDC02053644v1","2226","2419","78","1619830"
"JH378166","1643942","1644053","KQ053398v1","2623748","2623879","40","979806"
"JH378166","1782847","1782989","KQ054401v1","3363241","3363379","42","1580394"
"JH378166","1847003","1847310","KQ053421v1","5610673","5610968","84","3763670"
"JH378166","1898059","1898354","KQ053421v1","5610673","5610968","71","3712614"
"JH378166","1939405","1939693","KQ053421v1","5610673","5610968","74","3671268"
"JH378166","1979694","1979989","KQ053421v1","5610673","5610968","93","3630979"
"JH378166","2022789","2022924","KQ053398v1","2623748","2623879","39","600959"
"JH378166","2042808","2043116","KQ055267v1","513773","514088","82","1529035"
"JH378166","2059147","2059459","KQ053421v1","5610673","5610968","74","3551526"
"JH378166","2095173","2095458","KQ058427v1","6786866","6787134","84","4691693"
"JH378166","2167479","2167757","KQ053421v1","5610673","5610968","82","3443194"
"JH378166","2194992","2195262","KQ053421v1","5610673","5610968","82","3415681"
"JH378166","2267466","2267596","KQ053398v1","2623748","2623879","30","356282"
"JH378166","2304516","2304728","KQ058594v1","5950443","5950621","76","3645927"
"JH378166","2333078","2333377","KQ053421v1","5610673","5610968","79","3277595"
"JH378166","2357968","2358278","KQ053421v1","5610673","5610968","73","3252705"
"JH378166","2432340","2432649","KQ055267v1","513773","514088","85","1918567"
"JH378166","2443859","2444005","KQ058316v1","6194306","6194449","48","3750447"
"JH378166","2511493","2511569","KQ056235v1","1266284","1266361","24","1245209"
"JH378166","2522157","2522308","KQ058638v1","1837830","1837985","41","684327"
"JH378166","2526620","2526906","KQ053421v1","5610673","5610968","87","3084053"
"JH378166","2563626","2563902","KQ055862v1","1305285","1305561","73","1258341"
"JH378166","2566919","2567211","KQ053421v1","5610673","5610968","73","3043754"
"JH378166","2596557","2596853","KQ053421v1","5610673","5610968","93","3014116"
"JH378166","2632731","2632857","KQ053398v1","2623748","2623879","37","8983"
"JH378166","2633203","2633365","KQ054510v1","7582269","7582431","47","4949066"
"JH378166","2634627","2634933","KQ058427v1","7786546","7786853","86","5151919"
"JH378166","2649924","2650230","KQ053421v1","5610673","5610968","86","2960749"
"JH378166","2668855","2669152","KQ055352v1","6003171","6003466","75","3334316"
"JH378166","2699912","2700062","KQ053398v1","2623748","2623879","50","76164"
"JH378166","2729357","2729652","KQ053421v1","5610673","5610968","84","2881316"
"JH378166","2759580","2759907","KQ053421v1","5610673","5610968","87","2851093"
"JH378166","2772674","2772970","KQ053421v1","5610673","5610968","72","2837999"
"JH378166","2787525","2787819","KQ053421v1","5610673","5610968","65","2823148"
"JH378166","2793047","2793352","KQ055352v1","6003171","6003466","67","3210124"
"JH378166","2796047","2796329","KQ053421v1","5610673","5610968","74","2814626"
"JH378166","2838486","2838787","KQ053421v1","5610673","5610968","65","2772187"
"JH378166","2851814","2852117","KQ055267v1","513773","514088","71","2338041"
"JH378166","2859182","2859495","KQ055352v1","6003171","6003466","74","3143989"
"JH378166","2859525","2859832","KQ053421v1","5610673","5610968","72","2751148"
"JH378166","2864232","2864528","KQ053421v1","5610673","5610968","70","2746441"
"JH378166","2864603","2864917","KQ055352v1","6003171","6003466","75","3138568"
"JH378166","2986759","2987069","KQ053421v1","5610673","5610968","92","2623914"
"JH378166","2990229","2990528","KQ053421v1","5610673","5610968","82","2620444"
"JH378166","3258967","3259266","KQ058394v1","9655127","9655422","86","6396160"
"JH378166","4388391","4388500","KQ056493v1","2043382","2043488","55","2345009"
"JH378166","4471566","4471851","KQ053421v1","5610673","5610968","78","1139107"
"JH378166","4570880","4571176","KQ053421v1","5610673","5610968","74","1039793"
"JH378166","4608292","4608600","KQ053421v1","5610673","5610968","70","1002381"
"JH378166","4610766","4611053","KQ055267v1","513773","514088","88","4096993"
"JH378166","4803018","4803306","KQ053421v1","5610673","5610968","82","807655"
"JH378166","4819111","4819389","KQ057186v1","783828","784085","79","4035283"
"JH378166","4874828","4875123","KQ053421v1","5610673","5610968","89","735845"
"JH378166","4875396","4875525","KQ053398v1","2627781","2627909","39","2247615"
"JH378166","4882575","4882886","KQ055352v1","6003171","6003466","71","1120596"
"JH378166","4886200","4886375","KQ054954v1","1680710","1680882","45","3205490"
"JH378166","4900939","4901146","KQ055662v1","1890465","1890674","65","3010474"
"JH378166","4923434","4923715","KQ053421v1","5610673","5610968","96","687239"
"JH378166","4923716","4923849","KQ053398v1","2623748","2623879","30","2299968"
"JH378166","4947726","4948004","KQ058339v1","4553625","4553889","79","394101"
"JH378166","4977855","4978163","KQ058427v1","7786546","7786853","79","2808691"
"JH378166","4986875","4987162","KQ053421v1","5610673","5610968","91","623798"
"JH378166","4998098","4998393","KQ053421v1","5610673","5610968","70","612575"
"JH378166","5100696","5100994","KQ053421v1","5610673","5610968","67","509977"
"JH378166","5109152","5109453","KQ053421v1","5610673","5610968","77","501521"
"JH378166","5118670","5118841","KQ058490v1","418564","418731","41","4700106"
"JH378166","5165443","5165747","KQ053421v1","5610673","5610968","92","445230"
"JH378166","5241026","5241340","KQ053421v1","5610673","5610968","84","369647"
"JH378166","5369266","5369551","KQ053421v1","5610673","5610968","78","241407"
"JH378166","5375080","5375388","KQ058427v1","7786546","7786853","90","2411466"
"JH378166","5476949","5477253","KQ053421v1","5610673","5610968","79","133724"
"JH378166","5628135","5628443","KQ055267v1","513773","514088","71","5114362"
"JH378166","5716185","5716432","KQ058509v1","24058","24271","72","5692127"
"JH378166","5947588","5947850","KQ058339v1","4553625","4553889","91","1393963"
"JH378166","5960258","5960365","KQ053004v1","3064551","3064681","50","2895707"
"JH378166","6079509","6079811","KQ058427v1","7786546","7786853","79","1707037"
"JH378166","6084467","6084777","KQ055267v1","513773","514088","75","5570694"
"JH378166","6170529","6170826","KQ053421v1","5610673","5610968","73","559856"
"JH378166","6318980","6319092","KQ056493v1","2043382","2043488","43","4275598"
"JH378166","6323204","6323510","KQ053421v1","5610673","5610968","89","712531"
"JH378166","6335442","6335752","KQ055352v1","6003171","6003466","78","332271"
"JH378166","6374545","6374845","KQ053421v1","5610673","5610968","69","763872"
"JH378166","6389774","6390060","KQ053421v1","5610673","5610968","68","779101"
"JH378166","6397490","6397789","KQ053421v1","5610673","5610968","71","786817"
"JH378166","6414214","6414524","KQ055267v1","513773","514088","71","5900441"
"JH378166","6483164","6483465","KQ053421v1","5610673","5610968","71","872491"
"JH378166","6488769","6489042","KQ058339v1","4553625","4553889","90","1935144"
"JH378166","6552400","6552704","KQ055267v1","513773","514088","74","6038627"
"JH378166","6606177","6606477","KQ053421v1","5610673","5610968","74","995504"
"JH378166","6677851","6678144","KQ053421v1","5610673","5610968","69","1067178"
"JH378166","6753244","6753548","KQ053421v1","5610673","5610968","71","1142571"
"JH378166","6846239","6846489","KQ058242v1","595939","596205","81","6250300"
"JH378166","7020274","7020585","KQ053421v1","5610673","5610968","95","1409601"
"JH378166","7077047","7077196","KQ053398v1","2623748","2623879","50","4453299"
"JH378166","7078685","7078963","KQ053421v1","5610673","5610968","85","1468012"
"JH378166","7107815","7108124","KQ055352v1","6003171","6003466","70","1104644"
"JH378166","7281881","7282181","KQ053421v1","5610673","5610968","68","1671208"
"JH378166","7349156","7349468","KQ053421v1","5610673","5610968","94","1738483"
"JH378166","7451193","7451499","KQ055352v1","6003171","6003466","71","1448022"
"JH378166","7507773","7508069","KQ053421v1","5610673","5610968","82","1897100"
"JH378166","7642889","7643184","KQ053421v1","5610673","5610968","79","2032216"
"JH378166","7664773","7665073","KQ053421v1","5610673","5610968","70","2054100"
"JH378166","7680096","7680398","KQ053421v1","5610673","5610968","82","2069423"
"JH378166","7780525","7780830","KQ055267v1","513773","514088","83","7266752"
"JH378166","7943938","7944248","KQ055267v1","513773","514088","76","7430165"
"JH378166","7945928","7946038","KQ056279v1","759081","759162","42","7186847"
"JH378166","7955673","7955882","ABDC02053644v1","2226","2419","68","7953447"
"JH378166","7970571","7970864","KQ053421v1","5610673","5610968","82","2359898"
"JH378166","8125310","8125607","KQ053421v1","5610673","5610968","77","2514637"
"JH378166","8148328","8148616","KQ053421v1","5610673","5610968","80","2537655"
"JH378166","8203760","8203880","KQ053398v1","2623748","2623879","41","5580012"
"JH378166","8212646","8212949","KQ053421v1","5610673","5610968","78","2601973"
"JH378166","8290484","8290597","KQ053398v1","2623748","2623879","43","5666736"
"JH378166","8328730","8329030","KQ053421v1","5610673","5610968","68","2718057"
"JH378166","8334825","8335129","KQ053421v1","5610673","5610968","87","2724152"
"JH378166","8450698","8450990","KQ058242v1","595939","596205","84","7854759"
"JH378166","8459488","8459793","KQ053421v1","5610673","5610968","80","2848815"
"JH378166","8561170","8561374","KQ056064v1","326763","326940","67","8234407"
"JH378166","8603478","8603791","KQ053421v1","5610673","5610968","89","2992805"
"JH378166","8719893","8720186","KQ053421v1","5610673","5610968","70","3109220"
"JH378166","8779357","8779666","KQ053421v1","5610673","5610968","83","3168684"
"JH378166","8967807","8968089","KQ055862v1","1305285","1305561","71","7662522"
"JH378166","9038790","9039048","KQ057901v1","868884","869144","81","8169906"
"JH378166","9134254","9134554","KQ053421v1","5610673","5610968","90","3523581"
"JH378166","9138060","9138357","KQ053421v1","5610673","5610968","67","3527387"
"JH378166","9176156","9176263","KQ055717v1","1610376","1610476","37","7565780"
"JH378166","9227588","9227885","KQ053421v1","5610673","5610968","81","3616915"
"JH378166","9269499","9269704","KQ053234v1","1679581","1679757","67","7589918"
"JH378166","9295000","9295281","KQ053421v1","5610673","5610968","105","3684327"
"JH378166","9299478","9299784","KQ055352v1","6003171","6003466","75","3296307"
"JH378166","9327744","9328048","KQ055267v1","513773","514088","90","8813971"
"JH378166","9329915","9330019","KQ056279v1","759081","759162","35","8570834"
"JH378166","9407353","9407664","KQ055267v1","513773","514088","71","8893580"
"JH378166","9450886","9451185","KQ053421v1","5610673","5610968","84","3840213"
"JH378166","9452462","9452763","KQ055267v1","513773","514088","81","8938689"
"JH378166","9462551","9462823","KQ053421v1","5610673","5610968","81","3851878"
"JH378166","9516182","9516481","KQ053421v1","5610673","5610968","67","3905509"
"JH378166","9652705","9652990","KQ055862v1","1305285","1305561","85","8347420"
"JH378166","9654974","9655230","KQ053785v1","888769","889063","93","8766205"
"JH378166","9671392","9671674","KQ053421v1","5610673","5610968","78","4060719"
"JH378166","9704134","9704443","KQ058427v1","7786546","7786853","73","1917588"
"JH378166","9715071","9715359","KQ053421v1","5610673","5610968","76","4104398"
"JH378166","9803852","9804143","KQ053421v1","5610673","5610968","75","4193179"
"JH378166","9874144","9874408","KQ055830v1","661716","661986","90","9212428"
"JH378166","9884740","9885040","KQ055352v1","6003171","6003466","70","3881569"
"JH378166","9918687","9918990","KQ053421v1","5610673","5610968","85","4308014"
"JH378166","10013523","10013824","KQ055267v1","513773","514088","79","9499750"
"JH378166","10037016","10037326","KQ058427v1","7786546","7786853","83","2250470"
"JH378166","10104073","10104395","KQ058394v1","9655127","9655422","89","448946"
"JH378166","10289184","10289439","KQ058427v1","6786866","6787134","82","3502318"
"JH378166","10315923","10316025","KQ056235v1","1266284","1266361","36","9049639"
"JH378166","10325391","10325626","KQ058509v1","24058","24271","71","10301333"
"JH378166","10335829","10336131","KQ053421v1","5610673","5610968","81","4725156"
"JH378166","10647129","10647389","KQ058242v1","595939","596205","82","10051190"
"JH378166","10734693","10734989","KQ053421v1","5610673","5610968","76","5124020"
"JH378166","10765294","10765602","KQ055267v1","513773","514088","83","10251521"
"JH378166","10770092","10770380","KQ058640v1","643463","643729","88","10126629"
"JH378166","10784437","10784728","KQ053421v1","5610673","5610968","74","5173764"
"JH378166","10784768","10784839","KQ056235v1","1266284","1266361","27","9518484"
"JH378166","10789678","10789772","KQ056235v1","1266284","1266361","29","9523394"
"JH378166","10789875","10790089","KQ058594v1","1033101","1033292","60","9756774"
"JH378166","10809235","10809500","KQ058505v1","2207051","2207301","90","8602184"
"JH378166","10826486","10826785","KQ053421v1","5610673","5610968","80","5215813"
"JH378166","10829522","10829821","KQ053421v1","5610673","5610968","80","5218849"
"JH378166","10994679","10994981","KQ053421v1","5610673","5610968","67","5384006"
"JH378166","11027014","11027304","KQ053421v1","5610673","5610968","77","5416341"
"JH378166","11123090","11123400","KQ058427v1","7786546","7786853","75","3336544"
"JH378166","11402276","11402580","KQ053421v1","5610673","5610968","68","5791603"
"JH378166","11495466","11495758","KQ053421v1","5610673","5610968","80","5884793"
"JH378166","11505352","11505586","KQ057186v1","783828","784085","99","10721524"
"JH378166","11518017","11518324","KQ058427v1","7786546","7786853","85","3731471"
"JH378166","11579032","11579300","KQ053421v1","5610673","5610968","93","5968359"
"JH378166","11680110","11680399","KQ053421v1","5610673","5610968","75","6069437"
"JH378166","11741215","11741522","KQ055267v1","513773","514088","69","11227442"
"JH378166","11848575","11848860","KQ058242v1","595939","596205","81","11252636"
"JH378166","11853364","11853671","KQ055352v1","6003171","6003466","72","5850193"
"JH378166","11919110","11919386","KQ057186v1","783828","784085","71","11135282"
"JH378166","11944891","11945202","KQ055267v1","513773","514088","74","11431118"
"JH378166","11971212","11971518","KQ053421v1","5610673","5610968","73","6360539"
"JH378166","12116033","12116330","KQ053421v1","5610673","5610968","73","6505360"
"JH378166","12191385","12191669","KQ053421v1","5610673","5610968","81","6580712"
"JH378166","12191933","12192232","KQ053421v1","5610673","5610968","88","6581260"
"JH378166","12247804","12248105","KQ053421v1","5610673","5610968","81","6637131"
"JH378166","12291407","12291710","KQ055862v1","1305285","1305561","94","10986122"
"JH378166","12408225","12408517","KQ053421v1","5610673","5610968","68","6797552"
"JH378166","12690493","12690780","KQ053421v1","5610673","5610968","88","7079820"
"JH378166","12880158","12880469","KQ055267v1","513773","514088","87","12366385"
"JH378166","12897921","12898209","KQ055862v1","1305285","1305561","88","11592636"
"JH378166","12925680","12925968","KQ053421v1","5610673","5610968","69","7315007"
"JH378166","13177315","13177594","KQ058394v1","9655127","9655422","86","3522188"
"JH378166","13327382","13327666","KQ053421v1","5610673","5610968","78","7716709"
"JH378166","13382658","13382977","KQ055352v1","6003171","6003466","80","7379487"
"JH378166","13414756","13415053","KQ053421v1","5610673","5610968","77","7804083"
"JH378166","13691483","13691792","KQ053421v1","5610673","5610968","73","8080810"
"JH378166","13698267","13698574","KQ053421v1","5610673","5610968","82","8087594"
"JH378166","13713335","13713550","KQ056064v1","326763","326940","79","13386572"
"JH378166","13760025","13760322","KQ053421v1","5610673","5610968","72","8149352"
"JH378166","13766063","13766355","KQ055862v1","1305285","1305561","92","12460778"
"JH378166","13777982","13778285","KQ053421v1","5610673","5610968","78","8167309"
"JH378166","13788719","13789028","KQ058427v1","7786546","7786853","70","6002173"
"JH378166","13789714","13790025","KQ058427v1","7786546","7786853","79","6003168"
"JH378166","13838714","13839006","KQ053421v1","5610673","5610968","81","8228041"
"JH378166","13844564","13844861","KQ053421v1","5610673","5610968","72","8233891"
"JH378166","13848042","13848336","KQ053421v1","5610673","5610968","71","8237369"
"JH378166","13897646","13897931","KQ053421v1","5610673","5610968","80","8286973"
"JH378166","13906209","13906327","KQ056493v1","2043382","2043488","45","11862827"
"JH378166","13976631","13976896","KQ058242v1","595939","596205","74","13380692"
"JH378166","14025330","14025644","KQ053421v1","5610673","5610968","71","8414657"
"JH378166","14111141","14111423","KQ058394v1","9655127","9655422","94","4456014"
"JH378167","5635882","5636198","KQ053421v1","5610673","5610968","92","25209"
"JH378167","13106986","13107292","KQ053421v1","5610673","5610968","76","7496313"
"JH378167","28814","29112","KQ053421v1","5610673","5610968","91","5581859"
"JH378167","35598","35881","KQ058242v1","595939","596205","85","560341"
"JH378167","97877","98171","KQ053421v1","5610673","5610968","71","5512796"
"JH378167","149693","149990","KQ053421v1","5610673","5610968","78","5460980"
"JH378167","152063","152370","KQ053421v1","5610673","5610968","92","5458610"
"JH378167","194572","194845","KQ058242v1","595939","596205","90","401367"
"JH378167","218279","218526","KQ058242v1","595939","596205","75","377660"
"JH378167","241290","241606","KQ055267v1","513773","514088","86","272483"
"JH378167","262187","262330","KQ054401v1","3363241","3363379","44","3101054"
"JH378167","278033","278328","KQ053421v1","5610673","5610968","73","5332640"
"JH378167","290435","290707","KQ057186v1","783828","784085","87","493393"
"JH378167","346573","346878","KQ053421v1","5610673","5610968","79","5264100"
"JH378167","386813","387109","KQ053421v1","5610673","5610968","86","5223860"
"JH378167","473680","473970","KQ053421v1","5610673","5610968","81","5136993"
"JH378167","475118","475402","KQ053421v1","5610673","5610968","76","5135555"
"JH378167","490977","491268","KQ053421v1","5610673","5610968","89","5119696"
"JH378167","522937","523226","KQ058242v1","595939","596205","83","73002"
"JH378167","540239","540548","KQ053421v1","5610673","5610968","81","5070434"
"JH378167","546612","546742","KQ053398v1","2623748","2623879","31","2077136"
"JH378167","557683","557966","KQ053785v1","888769","889063","86","331086"
"JH378167","615520","615783","KQ057186v1","783828","784085","81","168308"
"JH378167","655990","656278","KQ053421v1","5610673","5610968","82","4954683"
"JH378167","688528","688838","KQ058427v1","7786546","7786853","76","7098018"
"JH378167","702705","703000","KQ058427v1","7786546","7786853","82","7083841"
"JH378167","757232","757331","KQ053998v1","8863","8933","48","748369"
"JH378167","760063","760164","KQ053998v1","8863","8933","46","751200"
"JH378167","760835","761042","KQ052982v1","2032903","2033097","56","1272068"
"JH378167","777394","777671","KQ053421v1","5610673","5610968","82","4833279"
"JH378167","787664","787957","KQ053421v1","5610673","5610968","88","4823009"
"JH378167","916160","916373","KQ058594v1","1033101","1033292","67","116941"
"JH378167","945562","945868","KQ058427v1","7786546","7786853","91","6840984"
"JH378167","1286441","1286728","KQ057901v1","868884","869144","97","417557"
"JH378167","1322403","1322723","KQ053059v1","2548766","2549102","94","1226363"
"JH378167","1333109","1333389","KQ053421v1","5610673","5610968","81","4277564"
"JH378167","1350998","1351306","KQ053421v1","5610673","5610968","82","4259675"
"JH378167","1351605","1351900","KQ053421v1","5610673","5610968","82","4259068"
"JH378167","1373366","1373679","KQ053421v1","5610673","5610968","83","4237307"
"JH378167","1400940","1401218","KQ058242v1","595939","596205","74","805001"
"JH378167","1404508","1404796","KQ053421v1","5610673","5610968","77","4206165"
"JH378167","1422383","1422606","KQ058274v1","300327","300497","83","1122056"
"JH378167","1453159","1453281","KQ053398v1","2623748","2623879","40","1170589"
"JH378167","1496278","1496547","KQ058242v1","595939","596205","88","900339"
"JH378167","1517808","1518101","KQ053421v1","5610673","5610968","77","4092865"
"JH378167","1543664","1543957","KQ053421v1","5610673","5610968","78","4067009"
"JH378167","1557762","1558048","KQ053421v1","5610673","5610968","80","4052911"
"JH378167","1599953","1600251","KQ058427v1","7786546","7786853","81","6186593"
"JH378167","1726394","1726691","KQ053421v1","5610673","5610968","79","3884279"
"JH378167","1738543","1738835","KQ053421v1","5610673","5610968","72","3872130"
"JH378167","1797414","1797698","KQ053421v1","5610673","5610968","80","3813259"
"JH378167","1841541","1841812","KQ058640v1","643463","643729","82","1198078"
"JH378167","1869804","1870099","KQ053421v1","5610673","5610968","72","3740869"
"JH378167","1870968","1871267","KQ053421v1","5610673","5610968","83","3739705"
"JH378167","1888051","1888353","KQ053421v1","5610673","5610968","79","3722622"
"JH378167","1889734","1890038","KQ055352v1","6003171","6003466","69","4113437"
"JH378167","1918295","1918585","KQ053421v1","5610673","5610968","83","3692378"
"JH378167","1934098","1934299","KQ053234v1","1679581","1679757","55","254517"
"JH378167","1957400","1957699","KQ053421v1","5610673","5610968","78","3653273"
"JH378167","1972454","1972752","KQ053421v1","5610673","5610968","71","3638219"
"JH378167","2054840","2055146","KQ055352v1","6003171","6003466","75","3948331"
"JH378167","2077907","2078205","KQ053421v1","5610673","5610968","69","3532766"
"JH378167","2088114","2088419","KQ053421v1","5610673","5610968","72","3522559"
"JH378167","2137726","2137930","KQ058274v1","300327","300497","93","1837399"
"JH378167","2206751","2207044","KQ053421v1","5610673","5610968","81","3403922"
"JH378167","2207372","2207675","KQ053421v1","5610673","5610968","69","3403301"
"JH378167","2255836","2256126","KQ053421v1","5610673","5610968","86","3354837"
"JH378167","2312851","2313142","KQ053421v1","5610673","5610968","84","3297822"
"JH378167","2335538","2335833","KQ053421v1","5610673","5610968","73","3275135"
"JH378167","2372942","2373248","KQ053421v1","5610673","5610968","75","3237731"
"JH378167","2444021","2444312","KQ053421v1","5610673","5610968","75","3166652"
"JH378167","2470717","2471003","KQ055862v1","1305285","1305561","81","1165432"
"JH378167","2519806","2520109","KQ053421v1","5610673","5610968","73","3090867"
"JH378167","2591797","2591939","KQ053398v1","2623748","2623879","50","31951"
"JH378167","2623096","2623398","KQ053421v1","5610673","5610968","73","2987577"
"JH378167","2751825","2752052","KQ055662v1","1890465","1890674","68","861360"
"JH378167","2764014","2764306","KQ053421v1","5610673","5610968","71","2846659"
"JH378167","2791054","2791357","KQ053421v1","5610673","5610968","66","2819619"
"JH378167","2810429","2810732","KQ053421v1","5610673","5610968","84","2800244"
"JH378167","2814886","2815191","KQ055267v1","513773","514088","69","2301113"
"JH378167","2886062","2886365","KQ053421v1","5610673","5610968","68","2724611"
"JH378167","2900923","2901226","KQ053421v1","5610673","5610968","79","2709750"
"JH378167","2978244","2978522","KQ055862v1","1305285","1305561","95","1672959"
"JH378167","3010386","3010685","KQ053421v1","5610673","5610968","70","2600287"
"JH378167","3023723","3024020","KQ053421v1","5610673","5610968","71","2586950"
"JH378167","3030820","3031123","KQ055862v1","1305285","1305561","87","1725535"
"JH378167","3129902","3130200","KQ053421v1","5610673","5610968","71","2480771"
"JH378167","3134149","3134449","KQ053421v1","5610673","5610968","67","2476524"
"JH378167","3185349","3185657","KQ055352v1","6003171","6003466","69","2817822"
"JH378167","3232038","3232341","KQ053421v1","5610673","5610968","71","2378635"
"JH378167","3364708","3364991","KQ053421v1","5610673","5610968","83","2245965"
"JH378167","3378689","3378985","KQ053421v1","5610673","5610968","64","2231984"
"JH378167","3399729","3400010","KQ053421v1","5610673","5610968","83","2210944"
"JH378167","3402083","3402260","KQ055978v1","4311984","4312161","45","909901"
"JH378167","3464738","3464998","KQ058242v1","595939","596205","77","2868799"
"JH378167","3540181","3540476","KQ053421v1","5610673","5610968","77","2070492"
"JH378167","3544968","3545266","KQ053421v1","5610673","5610968","65","2065705"
"JH378167","3602766","3603054","KQ053421v1","5610673","5610968","79","2007907"
"JH378167","3674641","3674936","KQ053421v1","5610673","5610968","83","1936032"
"JH378167","3736112","3736414","KQ053421v1","5610673","5610968","82","1874561"
"JH378167","3896485","3896743","KQ053234v1","1414405","1414609","90","2482080"
"JH378167","3930742","3931034","KQ053421v1","5610673","5610968","86","1679931"
"JH378167","3948508","3948804","KQ053421v1","5610673","5610968","74","1662165"
"JH378167","4030704","4031007","KQ053421v1","5610673","5610968","90","1579969"
"JH378167","4108363","4108667","KQ053421v1","5610673","5610968","77","1502310"
"JH378167","4118748","4119041","KQ053421v1","5610673","5610968","98","1491925"
"JH378167","4199665","4199961","KQ053421v1","5610673","5610968","77","1411008"
"JH378167","4216779","4217087","KQ058427v1","7786546","7786853","83","3569767"
"JH378167","4302267","4302560","KQ053421v1","5610673","5610968","81","1308406"
"JH378167","4326518","4326813","KQ053421v1","5610673","5610968","77","1284155"
"JH378167","4367616","4367913","KQ058427v1","7786546","7786853","83","3418930"
"JH378167","4376447","4376730","KQ055267v1","513773","514088","99","3862674"
"JH378167","4399485","4399755","KQ058242v1","595939","596205","79","3803546"
"JH378167","4431432","4431721","KQ053421v1","5610673","5610968","71","1179241"
"JH378167","4492618","4492911","KQ053421v1","5610673","5610968","78","1118055"
"JH378167","4626670","4626957","KQ055862v1","1305285","1305561","95","3321385"
"JH378167","4669977","4670279","KQ058427v1","7786546","7786853","79","3116569"
"JH378167","4683668","4683888","KQ055662v1","1890465","1890674","70","2793203"
"JH378167","4694021","4694208","KQ056064v1","326763","326940","62","4367258"
"JH378167","4697057","4697338","KQ053421v1","5610673","5610968","89","913616"
"JH378167","4768997","4769205","KQ055662v1","1890465","1890674","66","2878532"
"JH378167","4882643","4882948","KQ053421v1","5610673","5610968","68","728030"
"JH378167","4890466","4890731","KQ058242v1","595939","596205","78","4294527"
"JH378167","5174747","5175032","KQ053421v1","5610673","5610968","83","435926"
"JH378167","5213811","5214033","KQ058242v1","595939","596205","85","4617872"
"JH378167","5233255","5233489","KQ058242v1","595939","596205","75","4637316"
"JH378167","5245150","5245365","KQ053234v1","1414405","1414609","80","3830745"
"JH378167","5268426","5268668","KQ058242v1","595939","596205","81","4672487"
"JH378167","5299210","5299299","KQ056235v1","1266284","1266361","24","4032926"
"JH378167","5315075","5315293","KQ058242v1","595939","596205","103","4719136"
"JH378167","5320516","5320765","KQ053234v1","1414405","1414609","76","3906111"
"JH378167","5336701","5336998","KQ053421v1","5610673","5610968","83","273972"
"JH378167","5398537","5398695","KQ053398v1","2623748","2623879","55","2774789"
"JH378167","5402220","5402444","KQ055662v1","1890465","1890674","69","3511755"
"JH378167","5408922","5409194","KQ053421v1","5610673","5610968","89","201751"
"JH378167","5476977","5477205","KQ057380v1","3344874","3345081","71","2132103"
"JH378167","5477207","5477301","KQ055214v1","1493444","1493515","35","3983763"
"JH378167","5512440","5512734","KQ053421v1","5610673","5610968","75","98233"
"JH378167","5528594","5528876","KQ053785v1","888769","889063","79","4639825"
"JH378167","5597406","5597690","KQ055862v1","1305285","1305561","87","4292121"
"JH378167","5612330","5612641","KQ053421v1","5610673","5610968","103","1657"
"JH378167","5617124","5617351","KQ058274v1","300327","300497","86","5316797"
"JH378167","5622932","5623243","KQ053421v1","5610673","5610968","88","12259"
"JH378167","5647973","5648280","KQ053421v1","5610673","5610968","71","37300"
"JH378167","5664244","5664552","KQ053421v1","5610673","5610968","86","53571"
"JH378167","5689881","5690169","KQ053421v1","5610673","5610968","69","79208"
"JH378167","5710242","5710534","KQ053421v1","5610673","5610968","72","99569"
"JH378167","5724645","5724933","KQ053421v1","5610673","5610968","78","113972"
"JH378167","5731220","5731523","KQ053421v1","5610673","5610968","75","120547"
"JH378167","5734559","5734883","KQ053135v1","5034940","5035266","88","699619"
"JH378167","5739797","5740087","KQ053421v1","5610673","5610968","92","129124"
"JH378167","5745146","5745460","KQ053421v1","5610673","5610968","84","134473"
"JH378167","5817665","5817978","KQ055267v1","513773","514088","90","5303892"
"JH378167","5889698","5890007","KQ053421v1","5610673","5610968","84","279025"
"JH378167","5922459","5922748","KQ053421v1","5610673","5610968","73","311786"
"JH378167","5933473","5933742","KQ053421v1","5610673","5610968","93","322800"
"JH378167","5937983","5938272","KQ053421v1","5610673","5610968","77","327310"
"JH378167","6016463","6016745","KQ058339v1","4553625","4553889","78","1462838"
"JH378167","6024619","6024909","KQ055352v1","6003171","6003466","76","21448"
"JH378167","6034608","6034795","KQ053093v1","1668172","1668343","71","4366436"
"JH378167","6045948","6046255","KQ055352v1","6003171","6003466","70","42777"
"JH378167","6067058","6067393","KQ053421v1","5610673","5610968","115","456385"
"JH378167","6079325","6079489","KQ053398v1","2623748","2623879","64","3455577"
"JH378167","6082164","6082493","KQ055267v1","513773","514088","92","5568391"
"JH378167","6126417","6126716","KQ053141v1","2860","3159","89","6123557"
"JH378167","6133893","6134189","KQ055862v1","1305285","1305561","74","4828608"
"JH378167","6135932","6136206","KQ053421v1","5610673","5610968","75","525259"
"JH378167","6148527","6148824","KQ053421v1","5610673","5610968","66","537854"
"JH378167","6249221","6249509","KQ053421v1","5610673","5610968","82","638548"
"JH378167","6263721","6263997","KQ053421v1","5610673","5610968","81","653048"
"JH378167","6285925","6286203","KQ053785v1","888769","889063","81","5397156"
"JH378167","6302808","6303110","KQ055267v1","513773","514088","105","5789035"
"JH378167","6351288","6351593","KQ053059v1","2548766","2549102","103","3802522"
"JH378167","6362877","6363169","KQ053421v1","5610673","5610968","82","752204"
"JH378167","6364293","6364581","KQ053421v1","5610673","5610968","83","753620"
"JH378167","6415969","6416192","ABDC02053644v1","2226","2419","87","6413743"
"JH378167","6438932","6439239","KQ053421v1","5610673","5610968","83","828259"
"JH378167","6452786","6453062","KQ055352v1","6003171","6003466","89","449615"
"JH378167","6455359","6455676","KQ058427v1","7786546","7786853","87","1331187"
"JH378167","6474925","6475226","KQ053421v1","5610673","5610968","73","864252"
"JH378167","6475227","6475536","KQ055352v1","6003171","6003466","72","472056"
"JH378167","6499103","6499367","KQ058242v1","595939","596205","101","5903164"
"JH378167","6512842","6512956","KQ053398v1","2623748","2623879","44","3889094"
"JH378167","6548408","6548706","KQ053421v1","5610673","5610968","74","937735"
"JH378167","6549795","6550088","KQ053421v1","5610673","5610968","72","939122"
"JH378167","6557456","6557757","KQ053421v1","5610673","5610968","91","946783"
"JH378167","6560951","6561259","KQ053421v1","5610673","5610968","79","950278"
"JH378167","6561296","6561431","KQ054401v1","3363241","3363379","37","3198055"
"JH378167","6613778","6614121","KQ053135v1","5034940","5035266","121","1578838"
"JH378167","6616673","6616972","KQ053421v1","5610673","5610968","72","1006000"
"JH378167","6636413","6636684","KQ057186v1","783828","784085","84","5852585"
"JH378167","6696186","6696487","KQ053421v1","5610673","5610968","85","1085513"
"JH378167","6743932","6744203","KQ053421v1","5610673","5610968","87","1133259"
"JH378167","6852092","6852381","KQ053421v1","5610673","5610968","69","1241419"
"JH378167","6949979","6950029","KQ053741v1","1688800","1688853","12","5261179"
"JH378167","6976027","6976319","KQ053421v1","5610673","5610968","70","1365354"
"JH378167","6976828","6977134","KQ058427v1","7786546","7786853","79","809718"
"JH378167","6993121","6993393","KQ053421v1","5610673","5610968","92","1382448"
"JH378167","7070023","7070323","KQ053421v1","5610673","5610968","68","1459350"
"JH378167","7073311","7073612","KQ053421v1","5610673","5610968","83","1462638"
"JH378167","7088579","7088883","KQ055267v1","513773","514088","79","6574806"
"JH378167","7110075","7110346","KQ058242v1","595939","596205","81","6514136"
"JH378167","7167616","7167883","KQ053421v1","5610673","5610968","89","1556943"
"JH378167","7196793","7197081","KQ053421v1","5610673","5610968","73","1586120"
"JH378167","7202301","7202599","KQ053421v1","5610673","5610968","93","1591628"
"JH378167","7231553","7231781","KQ055662v1","1890465","1890674","77","5341088"
"JH378167","7298848","7299159","KQ053421v1","5610673","5610968","99","1688175"
"JH378167","7369246","7369537","KQ053421v1","5610673","5610968","77","1758573"
"JH378167","7415248","7415530","KQ053421v1","5610673","5610968","79","1804575"
"JH378167","7422751","7423057","KQ053421v1","5610673","5610968","72","1812078"
"JH378167","7437897","7438203","KQ053421v1","5610673","5610968","75","1827224"
"JH378167","7443131","7443441","KQ053421v1","5610673","5610968","77","1832458"
"JH378167","7498510","7498810","KQ056321v1","575951","576190","167","6922559"
"JH378167","7541947","7542081","KQ053398v1","2623748","2623879","35","4918199"
"JH378167","7554431","7554734","KQ053421v1","5610673","5610968","84","1943758"
"JH378167","7585316","7585618","KQ055267v1","513773","514088","81","7071543"
"JH378167","7597139","7597441","KQ053421v1","5610673","5610968","70","1986466"
"JH378167","7602993","7603267","KQ055862v1","1305285","1305561","78","6297708"
"JH378167","7610161","7610456","KQ053421v1","5610673","5610968","95","1999488"
"JH378167","7700609","7700896","KQ055352v1","6003171","6003466","78","1697438"
"JH378167","7727887","7728155","KQ058242v1","595939","596205","67","7131948"
"JH378167","7739034","7739343","KQ055267v1","513773","514088","83","7225261"
"JH378167","7860753","7861059","KQ053421v1","5610673","5610968","76","2250080"
"JH378167","7880347","7880438","KQ056279v1","759081","759162","27","7121266"
"JH378167","7904660","7904857","KQ053752v1","8015097","8015288","45","110437"
"JH378167","7921530","7921834","KQ053421v1","5610673","5610968","76","2310857"
"JH378167","7991949","7992225","KQ057186v1","783828","784085","81","7208121"
"JH378167","8029247","8029553","KQ055267v1","513773","514088","74","7515474"
"JH378167","8079057","8079333","KQ053421v1","5610673","5610968","102","2468384"
"JH378167","8096647","8096780","KQ054401v1","3363241","3363379","34","4733406"
"JH378167","8175048","8175170","KQ053398v1","2623748","2623879","42","5551300"
"JH378167","8189504","8189808","KQ053421v1","5610673","5610968","71","2578831"
"JH378167","8197967","8198271","KQ055352v1","6003171","6003466","70","2194796"
"JH378167","8201856","8202157","KQ053421v1","5610673","5610968","65","2591183"
"JH378167","8246775","8247073","KQ053421v1","5610673","5610968","86","2636102"
"JH378167","8315825","8316120","KQ053421v1","5610673","5610968","82","2705152"
"JH378167","8322200","8322513","KQ055267v1","513773","514088","82","7808427"
"JH378167","8401293","8401606","KQ053421v1","5610673","5610968","76","2790620"
"JH378167","8406223","8406531","KQ053421v1","5610673","5610968","73","2795550"
"JH378167","8407067","8407279","KQ058274v1","300327","300497","79","8106740"
"JH378167","8470799","8471103","KQ053421v1","5610673","5610968","76","2860126"
"JH378167","8524096","8524313","KQ058274v1","300327","300497","81","8223769"
"JH378167","8545903","8546209","KQ053421v1","5610673","5610968","78","2935230"
"JH378167","8556484","8556783","KQ058427v1","7786546","7786853","86","769938"
"JH378167","8560310","8560594","KQ053421v1","5610673","5610968","88","2949637"
"JH378167","8581710","8581836","KQ053398v1","2623748","2623879","36","5957962"
"JH378167","8614277","8614463","KQ056147v1","2861940","2862121","60","5752337"
"JH378167","8633614","8633717","KQ056493v1","2043382","2043488","37","6590232"
"JH378167","8684812","8685070","KQ058505v1","2207051","2207301","86","6477761"
"JH378167","8770223","8770409","KQ055140v1","659740","659924","43","8110483"
"JH378167","8777615","8777856","KQ055717v1","1610777","1611031","80","7166838"
"JH378167","8783468","8783763","KQ053421v1","5610673","5610968","70","3172795"
"JH378167","8794480","8794769","KQ053421v1","5610673","5610968","78","3183807"
"JH378167","8812860","8813100","KQ054068v1","3638075","3638299","73","5174785"
"JH378167","8865338","8865588","KQ058242v1","595939","596205","73","8269399"
"JH378167","8883010","8883303","KQ053421v1","5610673","5610968","79","3272337"
"JH378167","8934850","8935099","KQ057186v1","783828","784085","90","8151022"
"JH378167","8965771","8966087","KQ058427v1","7786546","7786853","82","1179225"
"JH378167","9085350","9085584","KQ058242v1","595939","596205","87","8489411"
"JH378167","9098140","9098262","KQ053398v1","2623748","2623879","43","6474392"
"JH378167","9161626","9161913","KQ053421v1","5610673","5610968","77","3550953"
"JH378167","9164624","9164918","KQ053421v1","5610673","5610968","81","3553951"
"JH378167","9247953","9248210","KQ055862v1","1305285","1305561","75","7942668"
"JH378167","9293863","9294143","KQ058427v1","6786866","6787134","83","2506997"
"JH378167","9313549","9313854","KQ058427v1","7786546","7786853","79","1527003"
"JH378167","9322518","9322821","KQ053421v1","5610673","5610968","75","3711845"
"JH378167","9322989","9323170","KQ058350v1","9514178","9514352","43","191189"
"JH378167","9327346","9327645","KQ053421v1","5610673","5610968","79","3716673"
"JH378167","9366366","9366648","KQ053785v1","888769","889063","83","8477597"
"JH378167","9412421","9412726","KQ058427v1","7786546","7786853","85","1625875"
"JH378167","9415335","9415524","KQ057449v1","1214348","1214489","79","8200987"
"JH378167","9417756","9418067","KQ058427v1","7786546","7786853","91","1631210"
"JH378167","9429746","9430067","KQ058427v1","7786546","7786853","87","1643200"
"JH378167","9448750","9449048","KQ055267v1","513773","514088","81","8934977"
"JH378167","9463599","9463882","KQ053421v1","5610673","5610968","94","3852926"
"JH378167","9468086","9468339","KQ058242v1","595939","596205","80","8872147"
"JH378167","9525666","9525957","KQ053421v1","5610673","5610968","74","3914993"
"JH378167","9528304","9528584","KQ053421v1","5610673","5610968","78","3917631"
"JH378167","9546325","9546505","KQ057449v1","1214348","1214489","70","8331977"
"JH378167","9546536","9546638","KQ056279v1","759081","759162","35","8787455"
"JH378167","9588228","9588435","KQ055662v1","1890465","1890674","62","7697763"
"JH378167","9621714","9621773","KQ053587v1","1583613","1583661","31","8038101"
"JH378167","9664176","9664485","KQ058427v1","7786546","7786853","83","1877630"
"JH378167","9675548","9675807","KQ058242v1","595939","596205","78","9079609"
"JH378167","9696286","9696335","KQ053343v1","1624718","1624766","25","8071568"
"JH378167","9696517","9696590","KQ056235v1","1266284","1266361","26","8430233"
"JH378167","9756134","9756442","KQ055267v1","513773","514088","84","9242361"
"JH378167","9800958","9801252","KQ055862v1","1305285","1305561","87","8495673"
"JH378167","9815934","9816105","KQ058350v1","9514178","9514352","43","301756"
"JH378167","9816110","9816387","KQ055352v1","6003171","6003466","92","3812939"
"JH378167","9837710","9838004","KQ053421v1","5610673","5610968","82","4227037"
"JH378167","9842403","9842716","KQ058427v1","7786546","7786853","85","2055857"
"JH378167","9877663","9877927","KQ057901v1","868884","869144","78","9008779"
"JH378167","9881178","9881476","KQ053421v1","5610673","5610968","76","4270505"
"JH378167","9883912","9884220","KQ053421v1","5610673","5610968","78","4273239"
"JH378167","9888854","9889141","KQ053421v1","5610673","5610968","82","4278181"
"JH378167","9897836","9898121","KQ053421v1","5610673","5610968","74","4287163"
"JH378167","9919383","9919574","KQ058594v1","5950443","5950621","76","3968940"
"JH378167","9923688","9923983","KQ053421v1","5610673","5610968","73","4313015"
"JH378167","9929007","9929295","KQ053421v1","5610673","5610968","76","4318334"
"JH378167","9974713","9975011","KQ053421v1","5610673","5610968","73","4364040"
"JH378167","9978341","9978606","KQ058242v1","595939","596205","76","9382402"
"JH378167","9983849","9984165","KQ053421v1","5610673","5610968","81","4373176"
"JH378167","10015770","10015900","KQ053398v1","2623748","2623879","34","7392022"
"JH378167","10036550","10036849","KQ053141v1","2860","3159","86","10033690"
"JH378167","10056368","10056671","KQ053421v1","5610673","5610968","72","4445695"
"JH378167","10083709","10084015","KQ055352v1","6003171","6003466","66","4080538"
"JH378167","10100983","10101301","KQ058427v1","7786546","7786853","89","2314437"
"JH378167","10117979","10118297","KQ055267v1","513773","514088","75","9604206"
"JH378167","10135022","10135318","KQ054815v1","2215557","2215844","80","7919465"
"JH378167","10142660","10142971","KQ055352v1","6003171","6003466","72","4139489"
"JH378167","10285485","10285784","KQ053421v1","5610673","5610968","76","4674812"
"JH378167","10353099","10353399","KQ053421v1","5610673","5610968","67","4742426"
"JH378167","10390748","10390838","KQ053998v1","8863","8933","43","10381885"
"JH378167","10391010","10391204","KQ052982v1","2032903","2033097","59","8358107"
"JH378167","10433562","10433868","KQ053421v1","5610673","5610968","80","4822889"
"JH378167","10435974","10436087","KQ055717v1","1610376","1610476","42","8825598"
"JH378167","10450182","10450455","KQ058242v1","595939","596205","82","9854243"
"JH378167","10451417","10451696","KQ058339v1","4553625","4553889","83","5897792"
"JH378167","10480672","10480982","KQ053135v1","5034940","5035266","97","5445732"
"JH378167","10510961","10511107","KQ054401v1","3363241","3363379","39","7147720"
"JH378167","10528745","10529035","KQ058242v1","595939","596205","93","9932806"
"JH378167","10556004","10556301","KQ053421v1","5610673","5610968","85","4945331"
"JH378167","10628180","10628475","KQ053421v1","5610673","5610968","77","5017507"
"JH378167","10658009","10658314","KQ055352v1","6003171","6003466","72","4654838"
"JH378167","10660412","10660693","KQ055352v1","6003171","6003466","84","4657241"
"JH378167","10663991","10664266","KQ058242v1","595939","596205","79","10068052"
"JH378167","10685037","10685343","KQ055267v1","513773","514088","73","10171264"
"JH378167","10720425","10720563","KQ053398v1","2623748","2623879","38","8096677"
"JH378167","10783128","10783445","KQ055352v1","6003171","6003466","79","4779957"
"JH378167","10792912","10793189","KQ058339v1","4553625","4553889","89","6239287"
"JH378167","10827908","10828215","KQ055352v1","6003171","6003466","71","4824737"
"JH378167","10830162","10830491","KQ053059v1","2548766","2549102","98","8281396"
"JH378167","10842933","10843213","KQ057901v1","868884","869144","92","9974049"
"JH378167","10956564","10956850","KQ058640v1","643463","643729","87","10313101"
"JH378167","11014458","11014768","KQ053421v1","5610673","5610968","79","5403785"
"JH378167","11025671","11025921","KQ057901v1","868884","869144","88","10156787"
"JH378167","11046650","11046945","KQ053421v1","5610673","5610968","77","5435977"
"JH378167","11093338","11093668","KQ053059v1","2548766","2549102","106","8544572"
"JH378167","11120242","11120526","KQ053421v1","5610673","5610968","77","5509569"
"JH378167","11139873","11140168","KQ053421v1","5610673","5610968","74","5529200"
"JH378167","11140908","11141016","KQ056279v1","759081","759162","39","10381827"
"JH378167","11195435","11195662","KQ058274v1","300327","300497","85","10895108"
"JH378167","11221298","11221602","KQ053421v1","5610673","5610968","73","5610625"
"JH378167","11332205","11332499","KQ053421v1","5610673","5610968","76","5721532"
"JH378167","11389192","11389364","KQ053993v1","1251070","1251235","46","10138122"
"JH378167","11391807","11392092","KQ053421v1","5610673","5610968","86","5781134"
"JH378167","11408881","11409230","KQ053421v1","5610673","5610968","115","5798208"
"JH378167","11412455","11412541","KQ056235v1","1266284","1266361","23","10146171"
"JH378167","11429252","11429599","KQ053059v1","2548766","2549102","101","8880486"
"JH378167","11435558","11435610","KQ053234v1","1679807","1679838","26","9755751"
"JH378167","11435758","11435901","KQ056493v1","2043382","2043488","60","9392376"
"JH378167","11462771","11463075","KQ053421v1","5610673","5610968","86","5852098"
"JH378167","11464547","11464760","KQ052982v1","2032903","2033097","59","9431644"
"JH378167","11471732","11472036","KQ055352v1","6003171","6003466","70","5468561"
"JH378167","11493079","11493354","KQ053421v1","5610673","5610968","82","5882406"
"JH378167","11601055","11601324","KQ058242v1","595939","596205","69","11005116"
"JH378167","11609150","11609340","KQ052982v1","2032903","2033097","50","9576247"
"JH378167","11775579","11775697","KQ053398v1","2623748","2623879","46","9151831"
"JH378167","11797303","11797582","KQ053421v1","5610673","5610968","95","6186630"
"JH378167","11883850","11884156","KQ053421v1","5610673","5610968","77","6273177"
"JH378167","11904686","11904968","KQ053421v1","5610673","5610968","82","6294013"
"JH378167","11947880","11948177","KQ053421v1","5610673","5610968","89","6337207"
"JH378167","11970279","11970587","KQ053421v1","5610673","5610968","80","6359606"
"JH378167","12002477","12002787","KQ058427v1","7786546","7786853","85","4215931"
"JH378167","12011513","12011814","KQ053421v1","5610673","5610968","80","6400840"
"JH378167","12033707","12033831","KQ053398v1","2623748","2623879","37","9409959"
"JH378167","12043009","12043306","KQ053421v1","5610673","5610968","73","6432336"
"JH378167","12069863","12070185","KQ053421v1","5610673","5610968","94","6459190"
"JH378167","12072857","12072981","KQ058272v1","5283309","5283400","47","6789548"
"JH378167","12127807","12128114","KQ058427v1","7786546","7786853","81","4341261"
"JH378167","12132579","12132780","KQ055662v1","1890465","1890674","61","10242114"
"JH378167","12135789","12136087","KQ053421v1","5610673","5610968","78","6525116"
"JH378167","12167244","12167442","KQ053234v1","1414405","1414609","51","10752839"
"JH378167","12207639","12207931","KQ053421v1","5610673","5610968","77","6596966"
"JH378167","12220720","12220906","KQ058350v1","9514178","9514352","53","2706542"
"JH378167","12245339","12245644","KQ058427v1","7786546","7786853","84","4458793"
"JH378167","12276108","12276412","KQ055267v1","513773","514088","73","11762335"
"JH378167","12295952","12296251","KQ053421v1","5610673","5610968","79","6685279"
"JH378167","12346959","12347164","KQ052982v1","2032903","2033097","54","10314056"
"JH378167","12347539","12347623","KQ056235v1","1266284","1266361","17","11081255"
"JH378167","12351881","12352165","KQ058339v1","4553625","4553889","80","7798256"
"JH378167","12371016","12371316","KQ053421v1","5610673","5610968","70","6760343"
"JH378167","12408656","12408776","KQ053398v1","2627781","2627909","43","9780875"
"JH378167","12422853","12423187","KQ053135v1","5034940","5035266","100","7387913"
"JH378167","12423740","12423899","KQ053093v1","1668172","1668343","51","10755568"
"JH378167","12423990","12424032","KQ057909v1","13179999","13180035","20","756009"
"JH378167","12428264","12428547","KQ053883v1","6938067","6938331","95","5490197"
"JH378167","12433979","12434284","KQ055267v1","513773","514088","75","11920206"
"JH378167","12453962","12454247","KQ053421v1","5610673","5610968","89","6843289"
"JH378167","12456048","12456347","KQ053421v1","5610673","5610968","82","6845375"
"JH378167","12460972","12461263","KQ053421v1","5610673","5610968","78","6850299"
"JH378167","12506553","12506839","KQ053421v1","5610673","5610968","78","6895880"
"JH378167","12521640","12521735","KQ057161v1","453350","453459","29","12068290"
"JH378167","12527150","12527422","KQ058242v1","595939","596205","67","11931211"
"JH378167","12529130","12529399","KQ053421v1","5610673","5610968","85","6918457"
"JH378167","12541622","12541918","KQ053421v1","5610673","5610968","75","6930949"
"JH378167","12555157","12555473","KQ055267v1","513773","514088","81","12041384"
"JH378167","12580666","12580811","KQ054401v1","3363241","3363379","45","9217425"
"JH378167","12581057","12581352","KQ053421v1","5610673","5610968","73","6970384"
"JH378167","12630123","12630415","KQ053421v1","5610673","5610968","80","7019450"
"JH378167","12655937","12656171","KQ058242v1","595939","596205","75","12059998"
"JH378167","12699946","12700266","KQ055267v1","513773","514088","83","12186173"
"JH378167","12755507","12755782","KQ058242v1","595939","596205","88","12159568"
"JH378167","12767214","12767506","KQ053421v1","5610673","5610968","73","7156541"
"JH378167","12785150","12785462","KQ053421v1","5610673","5610968","77","7174477"
"JH378167","12829914","12830118","KQ053234v1","1679581","1679757","67","11150333"
"JH378167","12867313","12867588","KQ058242v1","595939","596205","84","12271374"
"JH378167","13079199","13079417","KQ056064v1","326763","326940","82","12752436"
"JH378167","13108206","13108480","KQ058242v1","595939","596205","74","12512267"
"JH378167","13126755","13127063","KQ053421v1","5610673","5610968","92","7516082"
"JH378168","11796364","11796669","KQ055352v1","6003171","6003466","72","5793193"
"JH378168","210180","210303","KQ053398v1","2623748","2623879","37","2413568"
"JH378168","318499","318811","KQ058427v1","7786546","7786853","75","7468047"
"JH378168","569101","569398","KQ053421v1","5610673","5610968","92","5041572"
"JH378168","621399","621703","KQ055267v1","513773","514088","70","107626"
"JH378168","769176","769494","KQ055267v1","513773","514088","75","255403"
"JH378168","769993","770294","KQ053421v1","5610673","5610968","67","4840680"
"JH378168","822203","822512","KQ055352v1","6003171","6003466","75","5180968"
"JH378168","946427","946733","KQ055352v1","6003171","6003466","71","5056744"
"JH378168","1000313","1000609","KQ053421v1","5610673","5610968","72","4610360"
"JH378168","1030302","1030479","KQ053531v1","6571","6737","58","1023731"
"JH378168","1163545","1163834","KQ053421v1","5610673","5610968","83","4447128"
"JH378168","1220975","1221286","KQ055352v1","6003171","6003466","74","4782196"
"JH378168","1238794","1239101","KQ055352v1","6003171","6003466","72","4764377"
"JH378168","1487674","1487968","KQ053421v1","5610673","5610968","83","4122999"
"JH378168","1520391","1520702","KQ055352v1","6003171","6003466","73","4482780"
"JH378168","1614557","1614847","KQ053421v1","5610673","5610968","83","3996116"
"JH378168","1642232","1642532","KQ053421v1","5610673","5610968","75","3968441"
"JH378168","1667536","1667827","KQ053421v1","5610673","5610968","78","3943137"
"JH378168","1704542","1704826","KQ053421v1","5610673","5610968","94","3906131"
"JH378168","1732020","1732318","KQ053421v1","5610673","5610968","74","3878653"
"JH378168","2376350","2376655","KQ055352v1","6003171","6003466","70","3626821"
"JH378168","2441271","2441572","KQ053421v1","5610673","5610968","85","3169402"
"JH378168","2546225","2546536","KQ053421v1","5610673","5610968","67","3064448"
"JH378168","2622681","2622990","KQ055352v1","6003171","6003466","71","3380490"
"JH378168","2654394","2654680","KQ053421v1","5610673","5610968","89","2956279"
"JH378168","2793600","2793900","KQ053421v1","5610673","5610968","85","2817073"
"JH378168","2841811","2842117","KQ053421v1","5610673","5610968","69","2768862"
"JH378168","2914578","2914853","KQ058640v1","643463","643729","94","2271115"
"JH378168","3007647","3007949","KQ053421v1","5610673","5610968","73","2603026"
"JH378168","3163635","3163931","KQ053421v1","5610673","5610968","64","2447038"
"JH378168","3183110","3183411","KQ053421v1","5610673","5610968","68","2427563"
"JH378168","3227218","3227525","KQ055267v1","513773","514088","78","2713445"
"JH378168","3307506","3307802","KQ053421v1","5610673","5610968","78","2303167"
"JH378168","3316648","3316840","KQ053081v1","1367902","1368071","71","1948746"
"JH378168","3617855","3618147","KQ053421v1","5610673","5610968","70","1992818"
"JH378168","3683597","3683890","KQ053421v1","5610673","5610968","88","1927076"
"JH378168","3720688","3720968","KQ053421v1","5610673","5610968","77","1889985"
"JH378168","3746118","3746423","KQ055862v1","1305285","1305561","90","2440833"
"JH378168","3771735","3772027","KQ053421v1","5610673","5610968","79","1838938"
"JH378168","3813210","3813385","KQ058423v1","270754","270928","44","3542456"
"JH378168","3920740","3920883","KQ054401v1","3363241","3363379","45","557499"
"JH378168","3945083","3945392","KQ055352v1","6003171","6003466","73","2058088"
"JH378168","4423793","4424094","KQ053421v1","5610673","5610968","67","1186880"
"JH378168","4720400","4720618","ABDC02053644v1","2226","2419","83","4718174"
"JH378168","5120756","5121050","KQ053421v1","5610673","5610968","73","489917"
"JH378168","5156080","5156372","KQ053421v1","5610673","5610968","79","454593"
"JH378168","5192679","5192977","KQ053421v1","5610673","5610968","74","417994"
"JH378168","5194543","5194871","KQ055267v1","513773","514088","94","4680770"
"JH378168","5198688","5198998","KQ058427v1","7786546","7786853","73","2587858"
"JH378168","5237867","5238016","KQ057204v1","2930576","2930741","40","2307291"
"JH378168","5269783","5270094","KQ055352v1","6003171","6003466","74","733388"
"JH378168","5272666","5273009","KQ053059v1","2548766","2549102","92","2723900"
"JH378168","5285202","5285502","KQ053421v1","5610673","5610968","76","325471"
"JH378168","5290261","5290383","KQ053398v1","2623748","2623879","38","2666513"
"JH378168","5301238","5301364","KQ053398v1","2623748","2623879","36","2677490"
"JH378168","5310995","5311298","KQ053421v1","5610673","5610968","75","299678"
"JH378168","5322268","5322372","KQ055717v1","1610376","1610476","38","3711892"
"JH378168","5335426","5335730","KQ053421v1","5610673","5610968","75","275247"
"JH378168","5379987","5380295","KQ055267v1","513773","514088","86","4866214"
"JH378168","5389861","5390161","KQ053421v1","5610673","5610968","70","220812"
"JH378168","5390961","5391277","KQ058427v1","7786546","7786853","95","2395585"
"JH378168","5432428","5432735","KQ055267v1","513773","514088","75","4918655"
"JH378168","5433826","5434130","KQ053421v1","5610673","5610968","71","176847"
"JH378168","5510347","5510643","KQ053421v1","5610673","5610968","67","100326"
"JH378168","5541888","5542191","KQ055352v1","6003171","6003466","73","461283"
"JH378168","5641040","5641343","KQ055267v1","513773","514088","77","5127267"
"JH378168","5771082","5771381","KQ058427v1","7786546","7786853","85","2015464"
"JH378168","5779651","5779957","KQ053421v1","5610673","5610968","74","168978"
"JH378168","5846640","5846935","KQ058427v1","7786546","7786853","81","1939906"
"JH378168","5866064","5866398","KQ055267v1","513773","514088","99","5352291"
"JH378168","5886055","5886355","KQ053421v1","5610673","5610968","75","275382"
"JH378168","5894953","5895254","KQ053421v1","5610673","5610968","72","284280"
"JH378168","6119429","6119736","KQ055352v1","6003171","6003466","71","116258"
"JH378168","6251308","6251602","KQ053421v1","5610673","5610968","73","640635"
"JH378168","6443041","6443299","KQ058242v1","595939","596205","79","5847102"
"JH378168","6563490","6563731","KQ058509v1","24058","24271","80","6539432"
"JH378168","6628675","6628836","KQ057654v1","509","671","42","6628166"
"JH378168","6631599","6631908","KQ055267v1","513773","514088","91","6117826"
"JH378168","6665038","6665263","KQ058274v1","300327","300497","87","6364711"
"JH378168","6763277","6763588","KQ055352v1","6003171","6003466","71","760106"
"JH378168","6897561","6897865","KQ053421v1","5610673","5610968","76","1286888"
"JH378168","7003614","7003919","KQ055267v1","513773","514088","74","6489841"
"JH378168","7043348","7043673","KQ055267v1","513773","514088","100","6529575"
"JH378168","7113448","7113774","KQ058427v1","7786546","7786853","99","673098"
"JH378168","7183365","7183642","KQ055830v1","661716","661986","94","6521649"
"JH378168","7280019","7280325","KQ053421v1","5610673","5610968","87","1669346"
"JH378168","7315199","7315494","KQ053421v1","5610673","5610968","70","1704526"
"JH378168","7406220","7406505","KQ058242v1","595939","596205","79","6810281"
"JH378168","7504678","7504933","KQ058242v1","595939","596205","93","6908739"
"JH378168","7528751","7529021","KQ058339v1","4553625","4553889","86","2975126"
"JH378168","7581504","7581810","KQ053421v1","5610673","5610968","85","1970831"
"JH378168","7878700","7879005","KQ055352v1","6003171","6003466","71","1875529"
"JH378168","8340356","8340648","KQ053421v1","5610673","5610968","73","2729683"
"JH378168","8341508","8341615","KQ056493v1","2043382","2043488","33","6298126"
"JH378168","8368665","8368947","KQ054815v1","2215557","2215844","76","6153108"
"JH378168","8479320","8479629","KQ058427v1","7786546","7786853","101","692774"
"JH378168","8623346","8623646","KQ053421v1","5610673","5610968","71","3012673"
"JH378168","8762986","8763201","KQ055662v1","1890465","1890674","70","6872521"
"JH378168","8789498","8789786","KQ058242v1","595939","596205","95","8193559"
"JH378168","8839524","8839836","KQ053421v1","5610673","5610968","79","3228851"
"JH378168","8958522","8958785","KQ057901v1","868884","869144","87","8089638"
"JH378168","9005643","9005767","KQ053398v1","2623748","2623879","38","6381895"
"JH378168","9036245","9036546","KQ053421v1","5610673","5610968","68","3425572"
"JH378168","9079784","9080066","KQ053421v1","5610673","5610968","80","3469111"
"JH378168","9229138","9229445","KQ058427v1","7786546","7786853","81","1442592"
"JH378168","9316570","9316735","KQ056235v1","950511","950669","45","8366059"
"JH378168","9356740","9357046","KQ053421v1","5610673","5610968","72","3746067"
"JH378168","9370257","9370554","KQ053421v1","5610673","5610968","79","3759584"
"JH378168","9396548","9396827","KQ053421v1","5610673","5610968","85","3785875"
"JH378168","9582955","9583227","KQ058242v1","595939","596205","75","8987016"
"JH378168","9585944","9586228","KQ053421v1","5610673","5610968","91","3975271"
"JH378168","9741163","9741449","KQ058640v1","643463","643729","74","9097700"
"JH378168","10049919","10050223","KQ055352v1","6003171","6003466","72","4046748"
"JH378168","10071014","10071321","KQ055352v1","6003171","6003466","71","4067843"
"JH378168","10414338","10414638","KQ053421v1","5610673","5610968","71","4803665"
"JH378168","10572044","10572245","KQ055978v1","4311984","4312161","71","6260060"
"JH378168","10638602","10638840","KQ055662v1","1890465","1890674","74","8748137"
"JH378168","10672028","10672315","KQ053421v1","5610673","5610968","76","5061355"
"JH378168","10708234","10708532","KQ053421v1","5610673","5610968","75","5097561"
"JH378168","10748458","10748741","KQ053421v1","5610673","5610968","80","5137785"
"JH378168","10849662","10849966","KQ055267v1","513773","514088","73","10335889"
"JH378168","10908358","10908668","KQ055267v1","513773","514088","75","10394585"
"JH378168","10958054","10958354","KQ053421v1","5610673","5610968","69","5347381"
"JH378168","10970214","10970515","KQ053421v1","5610673","5610968","73","5359541"
"JH378168","11029685","11029972","KQ053421v1","5610673","5610968","71","5419012"
"JH378168","11035618","11035941","KQ053421v1","5610673","5610968","86","5424945"
"JH378168","11086901","11087191","KQ053421v1","5610673","5610968","74","5476228"
"JH378168","11177542","11177836","KQ053421v1","5610673","5610968","75","5566869"
"JH378168","11195482","11195796","KQ055267v1","513773","514088","82","10681709"
"JH378168","11280126","11280422","KQ053421v1","5610673","5610968","71","5669453"
"JH378168","11286786","11287098","KQ053421v1","5610673","5610968","71","5676113"
"JH378168","11301603","11301897","KQ053421v1","5610673","5610968","70","5690930"
"JH378168","11336773","11337077","KQ053421v1","5610673","5610968","90","5726100"
"JH378168","11373066","11373365","KQ053421v1","5610673","5610968","69","5762393"
"JH378168","11390708","11390996","KQ053421v1","5610673","5610968","84","5780035"
"JH378168","11391620","11391899","KQ054815v1","2215557","2215844","86","9176063"
"JH378168","11427581","11427813","KQ057186v1","783828","784085","89","10643753"
"JH378168","11433916","11434211","KQ053421v1","5610673","5610968","79","5823243"
"JH378168","11442582","11442891","KQ053421v1","5610673","5610968","73","5831909"
"JH378168","11459068","11459300","KQ058242v1","595939","596205","92","10863129"
"JH378168","11577758","11578042","KQ053421v1","5610673","5610968","80","5967085"
"JH378168","11649099","11649391","KQ053421v1","5610673","5610968","77","6038426"
"JH378168","11694804","11695091","KQ053421v1","5610673","5610968","81","6084131"
"JH378168","11714029","11714323","KQ053421v1","5610673","5610968","76","6103356"
"JH378168","11854528","11854832","KQ058427v1","7786546","7786853","80","4067982"
"JH378168","11869494","11869796","KQ053421v1","5610673","5610968","67","6258821"
"JH378168","12033982","12034286","KQ053421v1","5610673","5610968","76","6423309"
"JH378168","12057167","12057336","KQ057204v1","2930576","2930741","42","9126591"
"JH378168","12228017","12228319","KQ053421v1","5610673","5610968","69","6617344"
"JH378168","12241941","12242239","KQ055352v1","6003171","6003466","77","6238770"
"JH378168","12260629","12260919","KQ053421v1","5610673","5610968","82","6649956"
"JH378168","12263427","12263734","KQ055267v1","513773","514088","81","11749654"
"JH378168","12289011","12289319","KQ055267v1","513773","514088","72","11775238"
"JH378168","12292071","12292379","KQ055352v1","6003171","6003466","75","6288900"
"JH378168","12331197","12331500","KQ055352v1","6003171","6003466","71","6328026"
"JH378168","12346409","12346717","KQ055352v1","6003171","6003466","91","6343238"
"JH378168","12516316","12516621","KQ055352v1","6003171","6003466","66","6513145"
"JH378168","12517067","12517360","KQ058427v1","7786546","7786853","80","4730521"
"JH378168","12643142","12643438","KQ053421v1","5610673","5610968","100","7032469"
"JH378168","12703808","12704119","KQ053421v1","5610673","5610968","76","7093135"
"JH378168","12796002","12796313","KQ058427v1","7786546","7786853","86","5009456"
"JH378168","12800279","12800589","KQ055352v1","6003171","6003466","74","6797108"
"JH378168","12946154","12946463","KQ055352v1","6003171","6003466","68","6942983"
"JH378168","13048083","13048381","KQ053421v1","5610673","5610968","64","7437410"
"JH378168","13063393","13063695","KQ053421v1","5610673","5610968","69","7452720"
"JH378169","917359","917640","KQ053421v1","5610673","5610968","93","4693314"
"JH378169","11271956","11272267","KQ055352v1","6003171","6003466","75","5268785"
"JH378169","33522","33619","KQ056279v1","759081","759162","33","725559"
"JH378169","43736","44039","KQ053421v1","5610673","5610968","72","5566937"
"JH378169","86081","86376","KQ053421v1","5610673","5610968","76","5524592"
"JH378169","88081","88373","KQ058339v1","4553625","4553889","83","4465544"
"JH378169","90446","90532","KQ058316v1","2226037","2226104","37","2135591"
"JH378169","90532","90638","KQ053398v1","2623748","2623879","47","2533216"
"JH378169","99353","99646","KQ053421v1","5610673","5610968","76","5511320"
"JH378169","103872","104154","KQ053421v1","5610673","5610968","78","5506801"
"JH378169","210765","211059","KQ053421v1","5610673","5610968","77","5399908"
"JH378169","216510","216823","KQ053421v1","5610673","5610968","91","5394163"
"JH378169","234093","234402","KQ055352v1","6003171","6003466","66","5769078"
"JH378169","292088","292401","KQ055267v1","513773","514088","95","221685"
"JH378169","305595","305906","KQ055267v1","513773","514088","75","208178"
"JH378169","357452","357739","KQ058339v1","4553625","4553889","94","4196173"
"JH378169","513188","513485","KQ053421v1","5610673","5610968","73","5097485"
"JH378169","597333","597475","KQ054401v1","3363241","3363379","40","2765908"
"JH378169","881407","881712","KQ055352v1","6003171","6003466","74","5121764"
"JH378169","892484","892770","KQ053421v1","5610673","5610968","79","4718189"
"JH378169","908036","908281","KQ058505v1","2207051","2207301","76","1299015"
"JH378169","1023939","1024230","KQ053421v1","5610673","5610968","82","4586734"
"JH378169","1037199","1037386","KQ058274v1","300327","300497","58","736872"
"JH378169","1055668","1055977","KQ055267v1","513773","514088","73","541895"
"JH378169","1061147","1061437","KQ053421v1","5610673","5610968","75","4549526"
"JH378169","1099397","1099695","KQ053421v1","5610673","5610968","72","4511276"
"JH378169","1114019","1114293","KQ058505v1","2207051","2207301","95","1093032"
"JH378169","1132556","1132860","KQ053421v1","5610673","5610968","77","4478117"
"JH378169","1199979","1200267","KQ053421v1","5610673","5610968","77","4410694"
"JH378169","1209624","1209931","KQ058427v1","7786546","7786853","73","6576922"
"JH378169","1293320","1293648","KQ053421v1","5610673","5610968","110","4317353"
"JH378169","1316101","1316410","KQ053421v1","5610673","5610968","79","4294572"
"JH378169","1345365","1345668","KQ053421v1","5610673","5610968","69","4265308"
"JH378169","1388093","1388390","KQ053421v1","5610673","5610968","91","4222580"
"JH378169","1391344","1391645","KQ053421v1","5610673","5610968","70","4219329"
"JH378169","1410556","1410859","KQ053421v1","5610673","5610968","71","4200117"
"JH378169","1460790","1461109","KQ053421v1","5610673","5610968","107","4149883"
"JH378169","1488923","1489243","KQ058427v1","7786546","7786853","91","6297623"
"JH378169","1493814","1494117","KQ055267v1","513773","514088","102","980041"
"JH378169","1514543","1514832","KQ053421v1","5610673","5610968","75","4096130"
"JH378169","1515825","1516065","KQ058242v1","595939","596205","84","919886"
"JH378169","1580847","1581149","KQ053421v1","5610673","5610968","87","4029826"
"JH378169","1647007","1647206","KQ058274v1","300327","300497","70","1346680"
"JH378169","1679736","1679868","KQ053398v1","2627781","2627909","41","948045"
"JH378169","1695743","1696045","KQ053421v1","5610673","5610968","81","3914930"
"JH378169","1699293","1699590","KQ053421v1","5610673","5610968","63","3911380"
"JH378169","1702061","1702370","KQ055352v1","6003171","6003466","69","4301110"
"JH378169","1719575","1719894","KQ055352v1","6003171","6003466","89","4283596"
"JH378169","1737516","1737799","KQ054815v1","2215557","2215844","76","478041"
"JH378169","1743806","1744115","KQ055352v1","6003171","6003466","73","4259365"
"JH378169","1755313","1755487","KQ053993v1","1251070","1251235","40","504243"
"JH378169","1908052","1908362","KQ055267v1","513773","514088","70","1394279"
"JH378169","2095212","2095523","KQ055267v1","513773","514088","74","1581439"
"JH378169","2100560","2100741","KQ058423v1","270754","270928","46","1829806"
"JH378169","2110979","2111288","KQ055352v1","6003171","6003466","73","3892192"
"JH378169","2356668","2356958","KQ053421v1","5610673","5610968","83","3254005"
"JH378169","2470141","2470433","KQ053421v1","5610673","5610968","74","3140532"
"JH378169","2638307","2638618","KQ053421v1","5610673","5610968","79","2972366"
"JH378169","2741455","2741767","KQ053421v1","5610673","5610968","84","2869218"
"JH378169","2916591","2916897","KQ055267v1","513773","514088","71","2402818"
"JH378169","2925475","2925791","KQ058427v1","7786546","7786853","94","4861071"
"JH378169","3067682","3067942","KQ058339v1","4553625","4553889","91","1485943"
"JH378169","3068640","3068941","KQ053421v1","5610673","5610968","75","2542033"
"JH378169","3201007","3201169","KQ052970v1","4377515","4377664","55","1176508"
"JH378169","3220331","3220634","KQ055267v1","513773","514088","70","2706558"
"JH378169","3227631","3227935","KQ055267v1","513773","514088","71","2713858"
"JH378169","3254410","3254714","KQ055267v1","513773","514088","71","2740637"
"JH378169","3300779","3301091","KQ058427v1","7786546","7786853","80","4485767"
"JH378169","3386412","3386580","KQ054510v1","9361519","9361683","58","5975107"
"JH378169","3699616","3699922","KQ055352v1","6003171","6003466","77","2303555"
"JH378169","3783288","3783590","KQ053421v1","5610673","5610968","69","1827385"
"JH378169","3803494","3803787","KQ053421v1","5610673","5610968","77","1807179"
"JH378169","3807157","3807469","KQ053421v1","5610673","5610968","92","1803516"
"JH378169","3898568","3898880","KQ055267v1","513773","514088","82","3384795"
"JH378169","4045130","4045432","KQ055267v1","513773","514088","77","3531357"
"JH378169","4363870","4364138","KQ057186v1","783828","784085","71","3580042"
"JH378169","4379531","4379836","KQ055352v1","6003171","6003466","84","1623640"
"JH378169","4420269","4420440","KQ057449v1","1214348","1214489","57","3205921"
"JH378169","4421209","4421517","KQ058427v1","7786546","7786853","77","3365337"
"JH378169","4423638","4423931","KQ053421v1","5610673","5610968","83","1187035"
"JH378169","4502225","4502538","KQ053421v1","5610673","5610968","77","1108448"
"JH378169","4808425","4808723","KQ053421v1","5610673","5610968","67","802248"
"JH378169","4809241","4809534","KQ053421v1","5610673","5610968","70","801432"
"JH378169","4845930","4846218","KQ053421v1","5610673","5610968","76","764743"
"JH378169","4875036","4875347","KQ055352v1","6003171","6003466","71","1128135"
"JH378169","4931037","4931340","KQ055352v1","6003171","6003466","70","1072134"
"JH378169","4939369","4939682","KQ055267v1","513773","514088","81","4425596"
"JH378169","4958404","4958702","KQ053421v1","5610673","5610968","70","652269"
"JH378169","4986024","4986302","KQ055862v1","1305285","1305561","90","3680739"
"JH378169","4993517","4993820","KQ053421v1","5610673","5610968","73","617156"
"JH378169","5008601","5008910","KQ055352v1","6003171","6003466","73","994570"
"JH378169","5020039","5020341","KQ053421v1","5610673","5610968","76","590634"
"JH378169","5020572","5020872","KQ053421v1","5610673","5610968","67","590101"
"JH378169","5054384","5054693","KQ055352v1","6003171","6003466","69","948787"
"JH378169","5089173","5089456","KQ053421v1","5610673","5610968","81","521500"
"JH378169","5112442","5112755","KQ055352v1","6003171","6003466","74","890729"
"JH378169","5122024","5122319","KQ055862v1","1305285","1305561","80","3816739"
"JH378169","5141838","5142147","KQ055267v1","513773","514088","77","4628065"
"JH378169","5148817","5149125","KQ053421v1","5610673","5610968","70","461856"
"JH378169","5153316","5153428","KQ056493v1","2043382","2043488","43","3109934"
"JH378169","5178883","5179160","KQ053421v1","5610673","5610968","84","431790"
"JH378169","5182707","5183013","KQ055352v1","6003171","6003466","68","820464"
"JH378169","5206530","5206831","KQ053421v1","5610673","5610968","75","404143"
"JH378169","5214329","5214621","KQ053421v1","5610673","5610968","77","396344"
"JH378169","5240019","5240332","KQ058427v1","7786546","7786853","79","2546527"
"JH378169","5245930","5246236","KQ055267v1","513773","514088","71","4732157"
"JH378169","5271063","5271359","KQ053421v1","5610673","5610968","78","339610"
"JH378169","5322806","5323101","KQ058394v1","9655127","9655422","85","4332321"
"JH378169","5342293","5342610","KQ056321v1","575951","576190","158","4766342"
"JH378169","5435472","5435770","KQ053421v1","5610673","5610968","70","175201"
"JH378169","5539681","5539902","KQ055662v1","1890465","1890674","59","3649216"
"JH378169","5556513","5556831","KQ055267v1","513773","514088","89","5042740"
"JH378169","5619692","5619997","KQ058427v1","7786546","7786853","85","2166854"
"JH378169","5820307","5820623","KQ058427v1","7786546","7786853","89","1966239"
"JH378169","5992829","5993133","KQ053421v1","5610673","5610968","74","382156"
"JH378169","6018742","6019049","KQ053421v1","5610673","5610968","78","408069"
"JH378169","6026194","6026494","KQ053421v1","5610673","5610968","66","415521"
"JH378169","6072191","6072393","KQ058594v1","1033101","1033292","57","5039090"
"JH378169","6087235","6087510","KQ053421v1","5610673","5610968","86","476562"
"JH378169","6102369","6102679","KQ055352v1","6003171","6003466","75","99198"
"JH378169","6134890","6135169","KQ055352v1","6003171","6003466","75","131719"
"JH378169","6144008","6144318","KQ058427v1","7786546","7786853","83","1642538"
"JH378169","6153368","6153663","KQ053421v1","5610673","5610968","70","542695"
"JH378169","6259017","6259324","KQ055352v1","6003171","6003466","67","255846"
"JH378169","6277149","6277442","KQ053421v1","5610673","5610968","77","666476"
"JH378169","6399314","6399615","KQ053421v1","5610673","5610968","72","788641"
"JH378169","6552298","6552608","KQ055352v1","6003171","6003466","71","549127"
"JH378169","6557421","6557725","KQ053421v1","5610673","5610968","75","946748"
"JH378169","6573332","6573643","KQ058427v1","7786546","7786853","73","1213214"
"JH378169","6599637","6599946","KQ055352v1","6003171","6003466","69","596466"
"JH378169","6621389","6621697","KQ055352v1","6003171","6003466","69","618218"
"JH378169","6638540","6638831","KQ054815v1","2215557","2215844","97","4422983"
"JH378169","6673143","6673447","KQ053421v1","5610673","5610968","77","1062470"
"JH378169","6719175","6719478","KQ053421v1","5610673","5610968","72","1108502"
"JH378169","6813661","6813971","KQ055267v1","513773","514088","71","6299888"
"JH378169","6820469","6820602","KQ053398v1","2623748","2623879","45","4196721"
"JH378169","6881445","6881653","KQ052982v1","2032903","2033097","66","4848542"
"JH378169","7012025","7012324","KQ053421v1","5610673","5610968","70","1401352"
"JH378169","7053860","7054143","KQ054815v1","2215557","2215844","77","4838303"
"JH378169","7081014","7081292","KQ054815v1","2215557","2215844","76","4865457"
"JH378169","7135167","7135481","KQ055352v1","6003171","6003466","81","1131996"
"JH378169","7347697","7348005","KQ058427v1","7786546","7786853","79","438849"
"JH378169","7398208","7398514","KQ055352v1","6003171","6003466","70","1395037"
"JH378169","7399367","7399602","KQ058509v1","24058","24271","132","7375309"
"JH378169","7457771","7457930","KQ053398v1","2623748","2623879","55","4834023"
"JH378169","7499207","7499505","KQ053421v1","5610673","5610968","71","1888534"
"JH378169","7559182","7559493","KQ055267v1","513773","514088","85","7045409"
"JH378169","7906468","7906610","KQ056911v1","1421731","1421862","42","6484737"
"JH378169","8029222","8029527","KQ053421v1","5610673","5610968","95","2418549"
"JH378169","8114948","8115244","KQ053421v1","5610673","5610968","73","2504275"
"JH378169","8314318","8314616","KQ053421v1","5610673","5610968","68","2703645"
"JH378169","8320669","8320961","KQ053421v1","5610673","5610968","71","2709996"
"JH378169","8403069","8403368","KQ053421v1","5610673","5610968","69","2792396"
"JH378169","8424552","8424856","KQ055352v1","6003171","6003466","72","2421381"
"JH378169","8454058","8454363","KQ055352v1","6003171","6003466","72","2450887"
"JH378169","8552970","8553279","KQ055267v1","513773","514088","82","8039197"
"JH378169","8554023","8554331","KQ053421v1","5610673","5610968","81","2943350"
"JH378169","8635719","8636010","KQ053421v1","5610673","5610968","70","3025046"
"JH378169","8700918","8701177","KQ058339v1","4553625","4553889","86","4147293"
"JH378169","8727363","8727650","KQ053421v1","5610673","5610968","80","3116690"
"JH378169","8746319","8746599","KQ053421v1","5610673","5610968","76","3135646"
"JH378169","8753659","8753947","KQ053421v1","5610673","5610968","82","3142986"
"JH378169","8778353","8778628","KQ058242v1","595939","596205","78","8182414"
"JH378169","8785282","8785528","KQ058505v1","2207051","2207301","90","6578231"
"JH378169","8785534","8785767","KQ054068v1","3638075","3638299","71","5147459"
"JH378169","8785770","8785889","KQ053398v1","2627781","2627909","39","6157989"
"JH378169","8911440","8911735","KQ058242v1","595939","596205","97","8315501"
"JH378169","8956713","8957004","KQ055352v1","6003171","6003466","85","2953542"
"JH378169","8993662","8993965","KQ053421v1","5610673","5610968","63","3382989"
"JH378169","9007474","9007767","KQ053421v1","5610673","5610968","71","3396801"
"JH378169","9242332","9242671","KQ055267v1","513773","514088","99","8728559"
"JH378169","9243742","9243909","KQ058350v1","9514178","9514352","49","270436"
"JH378169","9305125","9305402","KQ053421v1","5610673","5610968","81","3694452"
"JH378169","9350969","9351274","KQ053421v1","5610673","5610968","83","3740296"
"JH378169","9395450","9395736","KQ055267v1","513773","514088","90","8881677"
"JH378169","9541809","9542100","KQ053421v1","5610673","5610968","81","3931136"
"JH378169","9553622","9553913","KQ053785v1","888769","889063","94","8664853"
"JH378169","9573213","9573518","KQ055267v1","513773","514088","74","9059440"
"JH378169","9586424","9586725","KQ053421v1","5610673","5610968","73","3975751"
"JH378169","9705468","9705641","KQ058350v1","9514178","9514352","47","191290"
"JH378169","9831652","9831952","KQ053421v1","5610673","5610968","84","4220979"
"JH378169","9968753","9969063","KQ055267v1","513773","514088","69","9454980"
"JH378169","10060705","10060992","KQ053421v1","5610673","5610968","77","4450032"
"JH378169","10123140","10123442","KQ055352v1","6003171","6003466","74","4119969"
"JH378169","10211471","10211602","KQ053398v1","2623748","2623879","46","7587723"
"JH378169","10211608","10211765","KQ054510v1","7582269","7582431","44","2629339"
"JH378169","10312118","10312418","KQ053421v1","5610673","5610968","86","4701445"
"JH378169","10379291","10379590","KQ053421v1","5610673","5610968","78","4768618"
"JH378169","10381601","10381902","KQ053421v1","5610673","5610968","90","4770928"
"JH378169","10443552","10443809","KQ058339v1","4553625","4553889","91","5889927"
"JH378169","10464931","10465226","KQ053421v1","5610673","5610968","77","4854258"
"JH378169","10495722","10496009","KQ053421v1","5610673","5610968","88","4885049"
"JH378169","10625451","10625772","KQ055267v1","513773","514088","80","10111678"
"JH378169","10639467","10639566","KQ056279v1","759081","759162","30","9880386"
"JH378169","10808906","10809011","KQ055717v1","1610376","1610476","44","9198530"
"JH378169","11099766","11100063","KQ053421v1","5610673","5610968","69","5489093"
"JH378169","11442166","11442473","KQ055267v1","513773","514088","70","10928393"
"JH378169","11469009","11469320","KQ055352v1","6003171","6003466","72","5465838"
"JH378169","11554389","11554693","KQ053421v1","5610673","5610968","69","5943716"
"JH378169","11621210","11621524","KQ055352v1","6003171","6003466","76","5618039"
"JH378169","11641442","11641741","KQ058427v1","7786546","7786853","79","3854896"
"JH378169","11683358","11683637","KQ053421v1","5610673","5610968","85","6072685"
"JH378169","11695538","11695833","KQ053421v1","5610673","5610968","74","6084865"
"JH378169","11759031","11759333","KQ058427v1","7786546","7786853","86","3972485"
"JH378169","11769269","11769562","KQ053421v1","5610673","5610968","66","6158596"
"JH378169","11791267","11791564","KQ053421v1","5610673","5610968","76","6180594"
"JH378169","11791686","11792000","KQ055267v1","513773","514088","81","11277913"
"JH378169","11820169","11820472","KQ058427v1","7786546","7786853","75","4033623"
"JH378169","11863934","11864237","KQ053421v1","5610673","5610968","97","6253261"
"JH378169","12000629","12000935","KQ053421v1","5610673","5610968","77","6389956"
"JH378169","12016989","12017290","KQ053421v1","5610673","5610968","68","6406316"
"JH378169","12029643","12029947","KQ055352v1","6003171","6003466","71","6026472"
"JH378169","12383660","12383968","KQ055352v1","6003171","6003466","68","6380489"
"JH378169","12487575","12487732","KQ053267v1","1313653","1313811","42","11173922"
"JH378169","12499004","12499278","KQ057186v1","783828","784085","80","11715176"
"JH378169","12676679","12676991","KQ053421v1","5610673","5610968","91","7066006"
"JH378169","12697154","12697456","KQ053421v1","5610673","5610968","72","7086481"
"JH378169","12703016","12703320","KQ055352v1","6003171","6003466","71","6699845"
"JH378169","12718209","12718507","KQ053421v1","5610673","5610968","65","7107536"
"JH378169","12784262","12784564","KQ055267v1","513773","514088","73","12270489"
"JH378169","12793790","12794105","KQ053421v1","5610673","5610968","80","7183117"
"JH378169","12819706","12819992","KQ053421v1","5610673","5610968","78","7209033"
"JH378169","12825232","12825528","KQ053421v1","5610673","5610968","76","7214559"
"JH378169","12835386","12835686","KQ053421v1","5610673","5610968","74","7224713"
"JH378169","12860345","12860638","KQ053421v1","5610673","5610968","71","7249672"
"JH378169","12878411","12878689","KQ058640v1","643463","643729","86","12234948"
"JH378169","12888701","12889027","KQ058427v1","7786546","7786853","90","5102155"
"JH378169","12915699","12915992","KQ053421v1","5610673","5610968","72","7305026"
"JH378170","178844","179143","KQ053421v1","5610673","5610968","69","5431829"
"JH378170","281532","281824","KQ053421v1","5610673","5610968","78","5329141"
"JH378170","290447","290727","KQ053421v1","5610673","5610968","78","5320226"
"JH378170","302388","302702","KQ053421v1","5610673","5610968","87","5308285"
"JH378170","319780","320068","KQ053421v1","5610673","5610968","77","5290893"
"JH378170","338731","339047","KQ053421v1","5610673","5610968","113","5271942"
"JH378170","378164","378459","KQ053421v1","5610673","5610968","69","5232509"
"JH378170","406210","406516","KQ053421v1","5610673","5610968","83","5204463"
"JH378170","455498","455778","KQ053421v1","5610673","5610968","88","5155175"
"JH378170","486746","487047","KQ053421v1","5610673","5610968","81","5123927"
"JH378170","492942","493059","KQ053398v1","2623748","2623879","39","2130806"
"JH378170","546165","546293","KQ053398v1","2623748","2623879","44","2077583"
"JH378170","552571","552835","KQ057186v1","783828","784085","82","231257"
"JH378170","591624","591774","KQ053267v1","1313653","1313811","48","722029"
"JH378170","623331","623454","KQ053398v1","2623748","2623879","43","2000417"
"JH378170","710439","710720","KQ053785v1","888769","889063","81","178330"
"JH378170","711539","711699","KQ057449v1","1214348","1214489","53","502809"
"JH378170","748368","748703","KQ058427v1","7786546","7786853","99","7038178"
"JH378170","782714","783017","KQ058427v1","7786546","7786853","78","7003832"
"JH378170","884820","884932","KQ056493v1","2043382","2043488","43","1158562"
"JH378170","890812","890958","KQ053398v1","2623748","2623879","55","1732936"
"JH378170","891101","891395","KQ053421v1","5610673","5610968","83","4719572"
"JH378170","939209","939517","KQ055267v1","513773","514088","104","425436"
"JH378170","940561","940846","KQ058640v1","643463","643729","88","297098"
"JH378170","946292","946612","KQ055267v1","513773","514088","94","432519"
"JH378170","964248","964368","KQ053398v1","2623748","2623879","43","1659500"
"JH378170","1018408","1018700","KQ053421v1","5610673","5610968","87","4592265"
"JH378170","1020080","1020390","KQ055267v1","513773","514088","76","506307"
"JH378170","1035708","1036019","KQ055267v1","513773","514088","73","521935"
"JH378170","1102181","1102484","KQ053421v1","5610673","5610968","72","4508492"
"JH378170","1140801","1141110","KQ055352v1","6003171","6003466","75","4862370"
"JH378170","1148352","1148655","KQ053421v1","5610673","5610968","67","4462321"
"JH378170","1219279","1219583","KQ055352v1","6003171","6003466","71","4783892"
"JH378170","1269311","1269614","KQ053421v1","5610673","5610968","73","4341362"
"JH378170","1336313","1336640","KQ058427v1","7786546","7786853","95","6450233"
"JH378170","1449128","1449412","KQ055862v1","1305285","1305561","82","143843"
"JH378170","1482887","1483191","KQ055352v1","6003171","6003466","75","4520284"
"JH378170","1525160","1525460","KQ053421v1","5610673","5610968","85","4085513"
"JH378170","1547682","1547904","KQ055140v1","659740","659924","78","887942"
"JH378170","1616607","1616794","KQ056005v1","1024192","1024395","60","592415"
"JH378170","1669054","1669362","KQ055267v1","513773","514088","80","1155281"
"JH378170","1743474","1743781","KQ058427v1","7786546","7786853","78","6043072"
"JH378170","1901425","1901705","KQ055862v1","1305285","1305561","76","596140"
"JH378170","1969484","1969784","KQ053421v1","5610673","5610968","76","3641189"
"JH378170","1982898","1983185","KQ053421v1","5610673","5610968","73","3627775"
"JH378170","1983811","1984114","KQ055352v1","6003171","6003466","68","4019360"
"JH378170","2016301","2016598","KQ058427v1","7786546","7786853","76","5770245"
"JH378170","2076908","2077219","KQ055267v1","513773","514088","76","1563135"
"JH378170","2562554","2562851","KQ053421v1","5610673","5610968","75","3048119"
"JH378170","2819379","2819685","KQ058427v1","7786546","7786853","74","4967167"
"JH378170","2822588","2822899","KQ055352v1","6003171","6003466","75","3180583"
"JH378170","2848193","2848486","KQ053421v1","5610673","5610968","71","2762480"
"JH378170","2877413","2877707","KQ053421v1","5610673","5610968","72","2733260"
"JH378170","3034660","3034781","KQ056911v1","1421731","1421862","33","1612929"
"JH378170","3035060","3035371","KQ055352v1","6003171","6003466","69","2968111"
"JH378170","3045068","3045372","KQ055352v1","6003171","6003466","74","2958103"
"JH378170","3058589","3058707","KQ053398v1","2627781","2627909","42","430808"
"JH378170","3074676","3074905","KQ055662v1","1890465","1890674","77","1184211"
"JH378170","3110378","3110686","KQ058427v1","7786546","7786853","75","4676168"
"JH378170","3116985","3117113","KQ053398v1","2627781","2627909","36","489204"
"JH378170","3117448","3117582","KQ053398v1","2623748","2623879","36","493700"
"JH378170","3121015","3121320","KQ058427v1","7786546","7786853","77","4665531"
"JH378170","3177461","3177585","KQ053398v1","2623748","2623879","36","553713"
"JH378170","3186000","3186286","KQ053421v1","5610673","5610968","80","2424673"
"JH378170","3241938","3242249","KQ055352v1","6003171","6003466","70","2761233"
"JH378170","3379194","3379504","KQ055352v1","6003171","6003466","72","2623977"
"JH378170","3421243","3421447","KQ053234v1","1679581","1679757","68","1741662"
"JH378170","3518939","3519231","KQ053421v1","5610673","5610968","72","2091734"
"JH378170","3575324","3575597","KQ058242v1","595939","596205","81","2979385"
"JH378170","3608450","3608749","KQ053421v1","5610673","5610968","85","2002223"
"JH378170","3773699","3773998","KQ053421v1","5610673","5610968","68","1836974"
"JH378170","3812597","3812886","KQ053421v1","5610673","5610968","88","1798076"
"JH378170","3823769","3824066","KQ053421v1","5610673","5610968","70","1786904"
"JH378170","3880765","3881071","KQ053421v1","5610673","5610968","81","1729908"
"JH378170","3908173","3908494","KQ058427v1","7786546","7786853","85","3878373"
"JH378170","3919383","3919595","KQ055662v1","1890465","1890674","75","2028918"
"JH378170","3942824","3943101","KQ053421v1","5610673","5610968","76","1667849"
"JH378170","3943309","3943618","KQ055352v1","6003171","6003466","70","2059862"
"JH378170","3975452","3975764","KQ058427v1","7786546","7786853","83","3811094"
"JH378170","4037111","4037409","KQ053421v1","5610673","5610968","70","1573562"
"JH378170","4162446","4162747","KQ055267v1","513773","514088","79","3648673"
"JH378170","4382620","4382889","KQ053421v1","5610673","5610968","82","1228053"
"JH378170","4388933","4389034","KQ053998v1","8863","8933","44","4380070"
"JH378170","4460578","4460782","KQ055662v1","1890465","1890674","60","2570113"
"JH378170","4471322","4471631","KQ055267v1","513773","514088","67","3957549"
"JH378170","4487250","4487537","KQ053421v1","5610673","5610968","85","1123423"
"JH378170","4496606","4496767","KQ053093v1","1668172","1668343","53","2828434"
"JH378170","4496882","4497188","KQ053421v1","5610673","5610968","67","1113791"
"JH378170","4501149","4501451","KQ053421v1","5610673","5610968","73","1109524"
"JH378170","4523684","4523815","KQ053398v1","2623748","2623879","38","1899936"
"JH378170","4523816","4523920","KQ058272v1","5924923","5924994","45","1401107"
"JH378170","4547983","4548051","KQ056279v1","759081","759162","25","3788902"
"JH378170","4548441","4548672","KQ058509v1","24058","24271","66","4524383"
"JH378170","4560850","4561105","KQ058242v1","595939","596205","72","3964911"
"JH378170","4599970","4600204","KQ058242v1","595939","596205","78","4004031"
"JH378170","4609739","4610034","KQ053421v1","5610673","5610968","69","1000934"
"JH378170","4623864","4624187","KQ058427v1","7786546","7786853","89","3162682"
"JH378170","4624741","4625044","KQ053421v1","5610673","5610968","68","985932"
"JH378170","4629312","4629614","KQ053421v1","5610673","5610968","71","981361"
"JH378170","4632936","4633236","KQ053421v1","5610673","5610968","71","977737"
"JH378170","4653583","4653677","KQ055717v1","1610376","1610476","38","3043207"
"JH378170","4662764","4662905","KQ053398v1","2623748","2623879","39","2039016"
"JH378170","4678886","4679187","KQ058427v1","7786546","7786853","77","3107660"
"JH378170","4712688","4712996","KQ053421v1","5610673","5610968","80","897985"
"JH378170","4735319","4735607","KQ053421v1","5610673","5610968","80","875354"
"JH378170","4744077","4744384","KQ055352v1","6003171","6003466","73","1259094"
"JH378170","4773356","4773681","KQ055267v1","513773","514088","90","4259583"
"JH378170","4845989","4846273","KQ053421v1","5610673","5610968","82","764684"
"JH378170","4853481","4853776","KQ053421v1","5610673","5610968","80","757192"
"JH378170","4875432","4875731","KQ058242v1","595939","596205","92","4279493"
"JH378170","4949182","4949480","KQ053421v1","5610673","5610968","82","661491"
"JH378170","4981150","4981459","KQ053421v1","5610673","5610968","81","629523"
"JH378170","4984444","4984598","KQ057449v1","1214348","1214489","56","3770096"
"JH378170","5000828","5001122","KQ053421v1","5610673","5610968","69","609845"
"JH378170","5071420","5071546","KQ053398v1","2623748","2623879","38","2447672"
"JH378170","5091416","5091720","KQ053421v1","5610673","5610968","82","519257"
"JH378170","5168498","5168805","KQ053421v1","5610673","5610968","76","442175"
"JH378170","5198851","5199189","KQ053421v1","5610673","5610968","93","411822"
"JH378170","5205424","5205640","KQ053234v1","1414405","1414609","61","3791019"
"JH378170","5259777","5260076","KQ058427v1","7786546","7786853","80","2526769"
"JH378170","5270277","5270586","KQ053421v1","5610673","5610968","85","340396"
"JH378170","5282632","5282919","KQ053421v1","5610673","5610968","76","328041"
"JH378170","5303738","5303897","KQ054510v1","7582269","7582431","42","2278531"
"JH378170","5382649","5382771","KQ053398v1","2623748","2623879","42","2758901"
"JH378170","5399224","5399504","KQ058427v1","7786546","7786853","92","2387322"
"JH378170","5461065","5461326","KQ058242v1","595939","596205","74","4865126"
"JH378170","5503916","5504218","KQ053421v1","5610673","5610968","80","106757"
"JH378170","5520811","5520910","KQ055717v1","1610376","1610476","44","3910435"
"JH378170","5548371","5548681","KQ055267v1","513773","514088","75","5034598"
"JH378170","5698767","5699002","KQ058242v1","595939","596205","75","5102828"
"JH378170","5823646","5823796","KQ052968v1","13665640","13665790","47","7841994"
"JH378170","6007584","6007895","KQ055267v1","513773","514088","75","5493811"
"JH378170","6037395","6037679","KQ053421v1","5610673","5610968","81","426722"
"JH378170","6084034","6084344","KQ055352v1","6003171","6003466","72","80863"
"JH378170","6252204","6252500","KQ053421v1","5610673","5610968","65","641531"
"JH378170","6435972","6436258","KQ053421v1","5610673","5610968","73","825299"
"JH378170","6447191","6447490","KQ053421v1","5610673","5610968","69","836518"
"JH378170","6468698","6468997","KQ055862v1","1305285","1305561","87","5163413"
"JH378170","6513564","6513864","KQ053421v1","5610673","5610968","69","902891"
"JH378170","6524952","6525235","KQ053421v1","5610673","5610968","83","914279"
"JH378170","6549708","6549934","KQ058274v1","300327","300497","86","6249381"
"JH378170","6564157","6564469","KQ055267v1","513773","514088","74","6050384"
"JH378170","6575580","6575742","KQ057204v1","2930576","2930741","39","3645004"
"JH378170","6607080","6607294","KQ058274v1","300327","300497","77","6306753"
"JH378170","6650619","6650884","KQ058242v1","595939","596205","93","6054680"
"JH378170","6660574","6660848","KQ058242v1","595939","596205","72","6064635"
"JH378170","6683960","6684259","KQ053421v1","5610673","5610968","91","1073287"
"JH378170","6740247","6740543","KQ053421v1","5610673","5610968","72","1129574"
"JH378170","6741419","6741683","KQ058242v1","595939","596205","70","6145480"
"JH378170","6743847","6744144","KQ053421v1","5610673","5610968","69","1133174"
"JH378170","6780150","6780458","KQ053421v1","5610673","5610968","74","1169477"
"JH378170","6822921","6823213","KQ053421v1","5610673","5610968","79","1212248"
"JH378170","6844762","6845063","KQ053421v1","5610673","5610968","80","1234089"
"JH378170","6897171","6897481","KQ055267v1","513773","514088","71","6383398"
"JH378170","6900206","6900476","KQ053421v1","5610673","5610968","89","1289533"
"JH378170","6941322","6941631","KQ055352v1","6003171","6003466","78","938151"
"JH378170","6983237","6983527","KQ058339v1","4553625","4553889","80","2429612"
"JH378170","6986390","6986699","KQ055352v1","6003171","6003466","73","983219"
"JH378170","7015597","7015908","KQ053421v1","5610673","5610968","75","1404924"
"JH378170","7084960","7085272","KQ055267v1","513773","514088","77","6571187"
"JH378170","7141328","7141638","KQ055267v1","513773","514088","76","6627555"
"JH378170","7168747","7169052","KQ055352v1","6003171","6003466","71","1165576"
"JH378170","7183557","7183852","KQ053421v1","5610673","5610968","76","1572884"
"JH378170","7250957","7251239","KQ053421v1","5610673","5610968","90","1640284"
"JH378170","7284359","7284592","KQ058242v1","595939","596205","85","6688420"
"JH378170","7307374","7307678","KQ053421v1","5610673","5610968","83","1696701"
"JH378170","7357941","7358252","KQ055267v1","513773","514088","72","6844168"
"JH378170","7373058","7373366","KQ055267v1","513773","514088","67","6859285"
"JH378170","7602978","7603228","KQ056321v1","575951","576190","75","7027027"
"JH378170","7716055","7716365","KQ055352v1","6003171","6003466","73","1712884"
"JH378170","7790725","7791033","KQ058427v1","7786546","7786853","70","4179"
"JH378170","7817349","7817659","KQ055267v1","513773","514088","74","7303576"
"JH378170","7863028","7863338","KQ058427v1","7786546","7786853","73","76482"
"JH378170","7890986","7891223","KQ053234v1","1414405","1414609","83","6476581"
"JH378170","7916713","7917017","KQ055267v1","513773","514088","72","7402940"
"JH378170","8020851","8021154","KQ053421v1","5610673","5610968","78","2410178"
"JH378170","8108031","8108329","KQ053421v1","5610673","5610968","69","2497358"
"JH378170","8187545","8187827","KQ054815v1","2215557","2215844","80","5971988"
"JH378170","8189125","8189434","KQ055267v1","513773","514088","77","7675352"
"JH378170","8211225","8211526","KQ055352v1","6003171","6003466","76","2208054"
"JH378170","8264724","8265034","KQ055267v1","513773","514088","69","7750951"
"JH378170","8371374","8371672","KQ053421v1","5610673","5610968","73","2760701"
"JH378170","8375473","8375776","KQ055352v1","6003171","6003466","68","2372302"
"JH378170","8388050","8388343","KQ053421v1","5610673","5610968","94","2777377"
"JH378170","8561126","8561416","KQ053421v1","5610673","5610968","77","2950453"
"JH378170","8587298","8587608","KQ055352v1","6003171","6003466","79","2584127"
"JH378170","8704679","8704978","KQ053421v1","5610673","5610968","71","3094006"
"JH378170","8821769","8822066","KQ055862v1","1305285","1305561","81","7516484"
"JH378170","8847558","8847857","KQ053421v1","5610673","5610968","70","3236885"
"JH378170","8918501","8918811","KQ055267v1","513773","514088","73","8404728"
"JH378170","9000296","9000600","KQ055352v1","6003171","6003466","72","2997125"
"JH378170","9214939","9215089","KQ052968v1","13665640","13665790","55","4450701"
"JH378170","9261050","9261345","KQ053421v1","5610673","5610968","72","3650377"
"JH378170","9336441","9336740","KQ055267v1","513773","514088","90","8822668"
"JH378170","9369134","9369422","KQ053421v1","5610673","5610968","80","3758461"
"JH378170","9529337","9529631","KQ053421v1","5610673","5610968","68","3918664"
"JH378170","9549227","9549537","KQ055352v1","6003171","6003466","73","3546056"
"JH378170","9725237","9725532","KQ053421v1","5610673","5610968","81","4114564"
"JH378170","9907346","9907628","KQ053421v1","5610673","5610968","84","4296673"
"JH378170","9954341","9954671","KQ058427v1","7786546","7786853","104","2167795"
"JH378170","10010521","10010832","KQ055267v1","513773","514088","73","9496748"
"JH378170","10016117","10016396","KQ057186v1","783828","784085","88","9232289"
"JH378170","10027954","10028261","KQ055352v1","6003171","6003466","72","4024783"
"JH378170","10196606","10196896","KQ053421v1","5610673","5610968","74","4585933"
"JH378170","10306388","10306673","KQ053421v1","5610673","5610968","90","4695715"
"JH378170","10358426","10358731","KQ053421v1","5610673","5610968","83","4747753"
"JH378170","10421543","10421824","KQ057186v1","783828","784085","74","9637715"
"JH378170","10501665","10501967","KQ058427v1","7786546","7786853","79","2715119"
"JH378170","10717127","10717434","KQ053421v1","5610673","5610968","76","5106454"
"JH378170","10746722","10747014","KQ053421v1","5610673","5610968","82","5136049"
"JH378170","10823742","10824033","KQ053421v1","5610673","5610968","73","5213069"
"JH378170","10865353","10865652","KQ058427v1","7786546","7786853","93","3078807"
"JH378170","10892656","10892963","KQ053421v1","5610673","5610968","75","5281983"
"JH378170","10914744","10915044","KQ053421v1","5610673","5610968","70","5304071"
"JH378170","10916270","10916577","KQ053421v1","5610673","5610968","72","5305597"
"JH378170","10921176","10921481","KQ053421v1","5610673","5610968","73","5310503"
"JH378170","10930126","10930414","KQ053421v1","5610673","5610968","84","5319453"
"JH378170","10940170","10940485","KQ055267v1","513773","514088","77","10426397"
"JH378170","10947531","10947764","KQ058242v1","595939","596205","88","10351592"
"JH378170","10950358","10950666","KQ055352v1","6003171","6003466","77","4947187"
"JH378170","10959888","10960170","KQ054815v1","2215557","2215844","74","8744331"
"JH378170","10968805","10969103","KQ053421v1","5610673","5610968","68","5358132"
"JH378170","10992134","10992430","KQ053421v1","5610673","5610968","73","5381461"
"JH378170","11002817","11003116","KQ055352v1","6003171","6003466","81","4999646"
"JH378170","11016398","11016686","KQ053421v1","5610673","5610968","81","5405725"
"JH378170","11066880","11067171","KQ053421v1","5610673","5610968","72","5456207"
"JH378170","11089671","11089972","KQ053421v1","5610673","5610968","70","5478998"
"JH378170","11109892","11110191","KQ053421v1","5610673","5610968","71","5499219"
"JH378170","11144671","11144965","KQ053421v1","5610673","5610968","77","5533998"
"JH378170","11152694","11153001","KQ053421v1","5610673","5610968","80","5542021"
"JH378170","11165305","11165608","KQ058427v1","7786546","7786853","77","3378759"
"JH378170","11185994","11186305","KQ055352v1","6003171","6003466","73","5182823"
"JH378170","11192347","11192641","KQ053421v1","5610673","5610968","71","5581674"
"JH378170","11194181","11194490","KQ055352v1","6003171","6003466","69","5191010"
"JH378170","11196644","11196951","KQ053421v1","5610673","5610968","73","5585971"
"JH378170","11197012","11197316","KQ055267v1","513773","514088","70","10683239"
"JH378170","11197771","11198085","KQ055267v1","513773","514088","73","10683998"
"JH378170","11206088","11206403","KQ055267v1","513773","514088","79","10692315"
"JH378170","11213580","11213850","KQ053421v1","5610673","5610968","85","5602907"
"JH378170","11243285","11243443","KQ053267v1","1313653","1313811","43","9929632"
"JH378170","11300885","11301013","KQ053398v1","2623748","2623879","33","8677137"
"JH378170","11340674","11340964","KQ053421v1","5610673","5610968","80","5730001"
"JH378170","11355314","11355640","KQ058427v1","7786546","7786853","106","3568768"
"JH378170","11404238","11404555","KQ053421v1","5610673","5610968","89","5793565"
"JH378170","11421167","11421475","KQ053421v1","5610673","5610968","76","5810494"
"JH378170","11493470","11493782","KQ055352v1","6003171","6003466","75","5490299"
"JH378170","11529135","11529437","KQ055267v1","513773","514088","74","11015362"
"JH378170","11530777","11531071","KQ053421v1","5610673","5610968","72","5920104"
"JH378170","11542149","11542441","KQ053421v1","5610673","5610968","89","5931476"
"JH378170","11598541","11598836","KQ053421v1","5610673","5610968","74","5987868"
"JH378170","11701768","11702072","KQ053421v1","5610673","5610968","92","6091095"
"JH378170","11883514","11883815","KQ053421v1","5610673","5610968","73","6272841"
"JH378170","11909173","11909469","KQ058427v1","7786546","7786853","84","4122627"
"JH378170","12023960","12024106","KQ053398v1","2623748","2623879","50","9400212"
"JH378170","12087717","12088014","KQ053421v1","5610673","5610968","69","6477044"
"JH378170","12133913","12134203","KQ053421v1","5610673","5610968","71","6523240"
"JH378170","12236037","12236334","KQ053421v1","5610673","5610968","67","6625364"
"JH378170","12251548","12251844","KQ053421v1","5610673","5610968","95","6640875"
"JH378170","12268144","12268446","KQ053421v1","5610673","5610968","72","6657471"
"JH378170","12322367","12322667","KQ053421v1","5610673","5610968","74","6711694"
"JH378170","12394075","12394383","KQ053421v1","5610673","5610968","84","6783402"
"JH378170","12397510","12397821","KQ055352v1","6003171","6003466","74","6394339"
"JH378170","12406746","12407052","KQ055267v1","513773","514088","80","11892973"
"JH378170","12446988","12447298","KQ055267v1","513773","514088","71","11933215"
"JH378170","12476750","12477050","KQ053421v1","5610673","5610968","70","6866077"
"JH378170","12477112","12477420","KQ055352v1","6003171","6003466","69","6473941"
"JH378170","12500178","12500479","KQ053421v1","5610673","5610968","73","6889505"
"JH378170","12512037","12512316","KQ054815v1","2215557","2215844","80","10296480"
"JH378170","12517324","12517611","KQ053421v1","5610673","5610968","71","6906651"
"JH378170","12524927","12525231","KQ053421v1","5610673","5610968","79","6914254"
"JH378170","12581303","12581601","KQ053421v1","5610673","5610968","76","6970630"
"JH378170","12587013","12587321","KQ055352v1","6003171","6003466","68","6583842"
"JH378170","12629002","12629313","KQ055352v1","6003171","6003466","72","6625831"
"JH378170","12633831","12634125","KQ053421v1","5610673","5610968","68","7023158"
"JH378170","12651406","12651710","KQ058427v1","7786546","7786853","87","4864860"
"JH378170","12658921","12659031","KQ056493v1","2043382","2043488","32","10615539"
"JH378170","12737490","12737750","KQ057901v1","868884","869144","84","11868606"
"JH378170","12809911","12810193","KQ054815v1","2215557","2215844","74","10594354"
"JH378171","1963","2271","KQ055352v1","6003171","6003466","71","6001208"
"JH378171","47531","47828","KQ053421v1","5610673","5610968","70","5563142"
"JH378171","72147","72296","KQ053398v1","2623748","2623879","54","2551601"
"JH378171","112262","112371","KQ056493v1","2043382","2043488","44","1931120"
"JH378171","127787","127935","KQ054401v1","3363241","3363379","40","3235454"
"JH378171","131871","132004","KQ053398v1","2623748","2623879","36","2491877"
"JH378171","160263","160411","KQ053398v1","2623748","2623879","47","2463485"
"JH378171","211796","212085","KQ053421v1","5610673","5610968","72","5398877"
"JH378171","267694","267969","KQ053883v1","6938067","6938331","94","6670373"
"JH378171","314283","314575","KQ053421v1","5610673","5610968","96","5296390"
"JH378171","452469","452767","KQ053421v1","5610673","5610968","71","5158204"
"JH378171","614207","614472","KQ058242v1","595939","596205","69","18268"
"JH378171","696336","696662","KQ053059v1","2548766","2549102","93","1852430"
"JH378171","745130","745439","KQ053421v1","5610673","5610968","79","4865543"
"JH378171","931331","931623","KQ058427v1","7786546","7786853","86","6855215"
"JH378171","1256802","1257083","KQ058242v1","595939","596205","72","660863"
"JH378171","1310771","1310883","KQ055717v1","1610376","1610476","40","299605"
"JH378171","1310950","1311069","KQ053398v1","2627781","2627909","38","1316831"
"JH378171","1343295","1343531","KQ054068v1","3638075","3638299","78","2294780"
"JH378171","1448086","1448349","KQ058505v1","2207051","2207301","90","758965"
"JH378171","1498426","1498641","KQ055662v1","1890465","1890674","61","392039"
"JH378171","1550545","1550740","KQ058274v1","300327","300497","83","1250218"
"JH378171","1551244","1551549","KQ053059v1","2548766","2549102","113","997522"
"JH378171","1575176","1575469","KQ053421v1","5610673","5610968","64","4035497"
"JH378171","1594392","1594623","KQ055662v1","1890465","1890674","75","296073"
"JH378171","1653031","1653162","KQ053398v1","2623748","2623879","37","970717"
"JH378171","1670166","1670456","KQ053421v1","5610673","5610968","80","3940507"
"JH378171","1702132","1702424","KQ053785v1","888769","889063","97","813363"
"JH378171","1781257","1781552","KQ053421v1","5610673","5610968","85","3829416"
"JH378171","1836755","1836994","KQ058242v1","595939","596205","103","1240816"
"JH378171","1928691","1928996","KQ053421v1","5610673","5610968","81","3681982"
"JH378171","1998180","1998477","KQ053421v1","5610673","5610968","70","3612493"
"JH378171","2052359","2052589","KQ058505v1","2207051","2207301","87","154692"
"JH378171","2087063","2087347","KQ053421v1","5610673","5610968","85","3523610"
"JH378171","2124359","2124462","KQ055717v1","1610376","1610476","35","513983"
"JH378171","2129712","2129979","KQ058242v1","595939","596205","75","1533773"
"JH378171","2139477","2139775","KQ053421v1","5610673","5610968","77","3471196"
"JH378171","2144803","2145103","KQ053421v1","5610673","5610968","91","3465870"
"JH378171","2170870","2171116","KQ058242v1","595939","596205","87","1574931"
"JH378171","2171148","2171444","KQ053421v1","5610673","5610968","71","3439525"
"JH378171","2200800","2201076","KQ058640v1","643463","643729","83","1557337"
"JH378171","2306650","2306807","KQ058339v1","1789579","1789738","47","517071"
"JH378171","2344082","2344360","KQ055862v1","1305285","1305561","65","1038797"
"JH378171","2374175","2374458","KQ053421v1","5610673","5610968","78","3236498"
"JH378171","2389207","2389487","KQ053421v1","5610673","5610968","89","3221466"
"JH378171","2439363","2439619","KQ058509v1","24058","24271","83","2415305"
"JH378171","2494545","2494825","KQ053421v1","5610673","5610968","78","3116128"
"JH378171","2512388","2512706","KQ053421v1","5610673","5610968","88","3098285"
"JH378171","2518098","2518277","KQ055978v1","4311984","4312161","45","1793886"
"JH378171","2623777","2624071","KQ053421v1","5610673","5610968","69","2986896"
"JH378171","2624884","2625160","KQ053421v1","5610673","5610968","88","2985789"
"JH378171","2640825","2641134","KQ055267v1","513773","514088","69","2127052"
"JH378171","2686908","2687197","KQ053421v1","5610673","5610968","81","2923765"
"JH378171","2705567","2705690","KQ053398v1","2623748","2623879","35","81819"
"JH378171","2743849","2744124","KQ053421v1","5610673","5610968","95","2866824"
"JH378171","2850374","2850670","KQ053421v1","5610673","5610968","73","2760299"
"JH378171","3114975","3115275","KQ053421v1","5610673","5610968","86","2495698"
"JH378171","3158218","3158377","KQ053267v1","1313653","1313811","47","1844565"
"JH378171","3158981","3159107","KQ053398v1","2623748","2623879","34","535233"
"JH378171","3220550","3220815","KQ058242v1","595939","596205","81","2624611"
"JH378171","3626682","3626960","KQ058242v1","595939","596205","77","3030743"
"JH378171","3850181","3850491","KQ058427v1","7786546","7786853","78","3936365"
"JH378171","3980264","3980567","KQ053421v1","5610673","5610968","94","1630409"
"JH378171","4027845","4028092","KQ058242v1","595939","596205","81","3431906"
"JH378171","4543883","4544152","KQ058640v1","643463","643729","88","3900420"
"JH378171","4585666","4585735","KQ058316v1","2226037","2226104","30","2359629"
"JH378171","4757792","4758103","KQ055352v1","6003171","6003466","71","1245379"
"JH378171","4935125","4935422","KQ053421v1","5610673","5610968","72","675548"
"JH378171","5031096","5031407","KQ053421v1","5610673","5610968","78","579577"
"JH378171","5073898","5074205","KQ053421v1","5610673","5610968","77","536775"
"JH378171","5250714","5251001","KQ053421v1","5610673","5610968","78","359959"
"JH378171","5268511","5268801","KQ053421v1","5610673","5610968","75","342162"
"JH378171","5282277","5282463","KQ055140v1","659740","659924","56","4622537"
"JH378171","5339410","5339717","KQ058427v1","7786546","7786853","83","2447136"
"JH378171","5341383","5341599","ABDC02053644v1","2226","2419","89","5339157"
"JH378171","5356706","5356989","KQ053421v1","5610673","5610968","81","253967"
"JH378171","5364208","5364470","KQ058242v1","595939","596205","79","4768269"
"JH378171","5365472","5365724","KQ055662v1","1890465","1890674","90","3475007"
"JH378171","5455091","5455388","KQ053421v1","5610673","5610968","78","155582"
"JH378171","5490196","5490459","KQ053883v1","6938067","6938331","93","1447871"
"JH378171","5557231","5557379","KQ058638v1","1837830","1837985","37","3719401"
"JH378171","5583293","5583585","KQ053421v1","5610673","5610968","88","27380"
"JH378171","5621554","5621844","KQ053421v1","5610673","5610968","81","10881"
"JH378171","5671629","5671918","KQ053421v1","5610673","5610968","85","60956"
"JH378171","5758654","5758955","KQ053421v1","5610673","5610968","73","147981"
"JH378171","5768431","5768734","KQ053421v1","5610673","5610968","68","157758"
"JH378171","6081206","6081495","KQ053421v1","5610673","5610968","75","470533"
"JH378171","6163425","6163638","KQ058274v1","300327","300497","86","5863098"
"JH378171","6175846","6176077","KQ056321v1","575951","576190","100","5599895"
"JH378171","6412746","6413057","KQ058427v1","7786546","7786853","75","1373800"
"JH378171","6472684","6472979","KQ053421v1","5610673","5610968","74","862011"
"JH378171","6556564","6556846","KQ053421v1","5610673","5610968","81","945891"
"JH378171","6597192","6597503","KQ053135v1","5034940","5035266","92","1562252"
"JH378171","6626155","6626362","KQ056064v1","326763","326940","80","6299392"
"JH378171","6630000","6630299","KQ053421v1","5610673","5610968","82","1019327"
"JH378171","6694650","6694872","KQ058242v1","595939","596205","87","6098711"
"JH378171","6773805","6774110","KQ058427v1","7786546","7786853","88","1012741"
"JH378171","6841212","6841421","KQ052982v1","2032903","2033097","55","4808309"
"JH378171","6923457","6923758","KQ053421v1","5610673","5610968","81","1312784"
"JH378171","6986879","6987178","KQ053421v1","5610673","5610968","74","1376206"
"JH378171","7129644","7129950","KQ053421v1","5610673","5610968","71","1518971"
"JH378171","7132751","7132904","KQ057161v1","453350","453459","60","6679401"
"JH378171","7266192","7266490","KQ053421v1","5610673","5610968","81","1655519"
"JH378171","7335814","7336108","KQ053421v1","5610673","5610968","75","1725141"
"JH378171","7615775","7616077","KQ053421v1","5610673","5610968","71","2005102"
"JH378171","7691388","7691671","KQ055862v1","1305285","1305561","77","6386103"
"JH378171","7802082","7802368","KQ053421v1","5610673","5610968","75","2191409"
"JH378171","7851016","7851187","KQ054954v1","1680710","1680882","37","6170306"
"JH378171","7852980","7853036","KQ054400v1","3798579","3798624","28","4054401"
"JH378171","7860360","7860654","KQ053421v1","5610673","5610968","79","2249687"
"JH378171","7904941","7905220","KQ053421v1","5610673","5610968","78","2294268"
"JH378171","8016347","8016658","KQ055267v1","513773","514088","82","7502574"
"JH378171","8054134","8054415","KQ053785v1","888769","889063","80","7165365"
"JH378171","8084399","8084707","KQ053421v1","5610673","5610968","74","2473726"
"JH378171","8129000","8129307","KQ058427v1","7786546","7786853","74","342454"
"JH378171","8152721","8153019","KQ053421v1","5610673","5610968","72","2542048"
"JH378171","8215928","8216155","KQ055662v1","1890465","1890674","68","6325463"
"JH378171","8260884","8261176","KQ053421v1","5610673","5610968","88","2650211"
"JH378171","8340812","8341117","KQ053421v1","5610673","5610968","77","2730139"
"JH378171","8420239","8420537","KQ053421v1","5610673","5610968","90","2809566"
"JH378171","8566971","8567260","KQ053421v1","5610673","5610968","72","2956298"
"JH378171","8576746","8577068","KQ055267v1","513773","514088","78","8062973"
"JH378171","8889231","8889531","KQ053421v1","5610673","5610968","69","3278558"
"JH378171","8957177","8957502","KQ058427v1","7786546","7786853","99","1170631"
"JH378171","8958153","8958434","KQ053421v1","5610673","5610968","88","3347480"
"JH378171","8975658","8975950","KQ053421v1","5610673","5610968","71","3364985"
"JH378171","8976875","8977052","KQ056064v1","326763","326940","54","8650112"
"JH378171","8977598","8977717","KQ058316v1","6194306","6194449","53","2783292"
"JH378171","9138563","9138853","KQ053421v1","5610673","5610968","73","3527890"
"JH378171","9247926","9248230","KQ057901v1","868884","869144","110","8379042"
"JH378171","9492836","9493136","KQ053421v1","5610673","5610968","77","3882163"
"JH378171","9623982","9624285","KQ053421v1","5610673","5610968","81","4013309"
"JH378171","9676925","9677264","KQ058427v1","7786546","7786853","106","1890379"
"JH378171","9707793","9708101","KQ055267v1","513773","514088","68","9194020"
"JH378171","9800265","9800573","KQ053421v1","5610673","5610968","73","4189592"
"JH378171","9910676","9911016","KQ053135v1","5034940","5035266","110","4875736"
"JH378171","9982923","9983154","KQ058242v1","595939","596205","81","9386984"
"JH378171","10006392","10006695","KQ053421v1","5610673","5610968","76","4395719"
"JH378171","10039002","10039297","KQ054815v1","2215557","2215844","80","7823445"
"JH378171","10071744","10072031","KQ053421v1","5610673","5610968","83","4461071"
"JH378171","10116056","10116368","KQ055267v1","513773","514088","79","9602283"
"JH378171","10256464","10256777","KQ055267v1","513773","514088","87","9742691"
"JH378171","10759647","10759927","KQ053421v1","5610673","5610968","87","5148974"
"JH378171","10966004","10966313","KQ053421v1","5610673","5610968","85","5355331"
"JH378171","10967612","10967876","KQ055862v1","1305285","1305561","88","9662327"
"JH378171","10988912","10989211","KQ053421v1","5610673","5610968","70","5378239"
"JH378171","11068296","11068587","KQ054815v1","2215557","2215844","90","8852739"
"JH378171","11318773","11319070","KQ053421v1","5610673","5610968","98","5708100"
"JH378171","11328891","11329150","KQ058242v1","595939","596205","68","10732952"
"JH378171","11482838","11483064","KQ052982v1","2032903","2033097","69","9449935"
"JH378171","11804394","11804648","KQ057901v1","868884","869144","83","10935510"
"JH378171","11906769","11907064","KQ053421v1","5610673","5610968","77","6296096"
"JH378171","12022836","12023141","KQ053421v1","5610673","5610968","73","6412163"
"JH378171","12029034","12029342","KQ055267v1","513773","514088","93","11515261"
"JH378171","12033258","12033573","KQ055267v1","513773","514088","73","11519485"
"JH378171","12143376","12143673","KQ055267v1","513773","514088","86","11629603"
"JH378171","12156805","12157116","KQ055267v1","513773","514088","80","11643032"
"JH378171","12198316","12198618","KQ053421v1","5610673","5610968","75","6587643"
"JH378171","12373077","12373366","KQ053421v1","5610673","5610968","80","6762404"
"JH378172","21317","21624","KQ055352v1","6003171","6003466","74","5981854"
"JH378172","35325","35618","KQ058242v1","595939","596205","89","560614"
"JH378172","36271","36391","KQ053398v1","2623748","2623879","47","2587477"
"JH378172","71666","71972","KQ053421v1","5610673","5610968","73","5539007"
"JH378172","93853","94159","KQ058427v1","7786546","7786853","85","7692693"
"JH378172","146555","146866","KQ055352v1","6003171","6003466","75","5856616"
"JH378172","201423","201728","KQ055352v1","6003171","6003466","71","5801748"
"JH378172","296180","296491","KQ055352v1","6003171","6003466","75","5706991"
"JH378172","388731","389041","KQ055352v1","6003171","6003466","75","5614440"
"JH378172","525524","525836","KQ055352v1","6003171","6003466","75","5477647"
"JH378172","539646","539956","KQ058427v1","7786546","7786853","87","7246900"
"JH378172","1010739","1010975","KQ057186v1","783828","784085","98","226911"
"JH378172","1041202","1041490","KQ055352v1","6003171","6003466","85","4961969"
"JH378172","1210168","1210427","KQ056321v1","575951","576190","85","634217"
"JH378172","1232046","1232330","KQ053421v1","5610673","5610968","72","4378627"
"JH378172","1239154","1239442","KQ058427v1","6786866","6787134","79","5547712"
"JH378172","1244936","1245260","KQ055352v1","6003171","6003466","89","4758235"
"JH378172","1245897","1246192","KQ053421v1","5610673","5610968","77","4364776"
"JH378172","1271344","1271602","KQ058242v1","595939","596205","85","675405"
"JH378172","1304330","1304638","KQ058427v1","7786546","7786853","80","6482216"
"JH378172","1447092","1447420","KQ053059v1","2548766","2549102","96","1101674"
"JH378172","1483917","1484160","KQ058242v1","595939","596205","84","887978"
"JH378172","1494788","1495069","KQ058427v1","7786546","7786853","92","6291758"
"JH378172","1503134","1503326","KQ054724v1","2672013","2672173","94","1168879"
"JH378172","1618985","1619278","KQ055862v1","1305285","1305561","82","313700"
"JH378172","1642294","1642602","KQ055267v1","513773","514088","76","1128521"
"JH378172","1654225","1654529","KQ055267v1","513773","514088","74","1140452"
"JH378172","1754391","1754686","KQ053421v1","5610673","5610968","73","3856282"
"JH378172","1763597","1763915","KQ058427v1","7786546","7786853","82","6022949"
"JH378172","1807905","1808191","KQ053421v1","5610673","5610968","89","3802768"
"JH378172","2022944","2023237","KQ053421v1","5610673","5610968","95","3587729"
"JH378172","2074286","2074400","KQ053398v1","2627781","2627909","45","553495"
"JH378172","2081588","2081887","KQ053421v1","5610673","5610968","87","3529085"
"JH378172","2246405","2246711","KQ058427v1","7786546","7786853","82","5540141"
"JH378172","2282769","2283059","KQ053785v1","888769","889063","85","1394000"
"JH378172","2289235","2289544","KQ055267v1","513773","514088","71","1775462"
"JH378172","2323567","2323847","KQ053421v1","5610673","5610968","89","3287106"
"JH378172","2509919","2510218","KQ053421v1","5610673","5610968","76","3100754"
"JH378172","2518368","2518598","KQ054068v1","3638075","3638299","70","1119707"
"JH378172","2592893","2593149","KQ058242v1","595939","596205","69","1996954"
"JH378172","2674496","2674697","KQ053234v1","1679581","1679757","67","994915"
"JH378172","2696534","2696813","KQ053785v1","888769","889063","87","1807765"
"JH378172","2763223","2763528","KQ055862v1","1305285","1305561","89","1457938"
"JH378172","2819310","2819647","KQ055352v1","6003171","6003466","97","3183861"
"JH378172","3045823","3046124","KQ055267v1","513773","514088","79","2532050"
"JH378172","3175510","3175806","KQ058394v1","9655127","9655422","94","6479617"
"JH378172","3191785","3192064","KQ053421v1","5610673","5610968","71","2418888"
"JH378172","3289694","3289864","KQ057821v1","3059321","3059481","37","230373"
"JH378172","3398552","3398852","KQ053421v1","5610673","5610968","70","2212121"
"JH378172","3474519","3474823","KQ053421v1","5610673","5610968","90","2136154"
"JH378172","3489724","3490020","KQ053421v1","5610673","5610968","66","2120949"
"JH378172","3671595","3671908","KQ055267v1","513773","514088","71","3157822"
"JH378172","3711291","3711573","KQ055267v1","513773","514088","89","3197518"
"JH378172","3767332","3767635","KQ053421v1","5610673","5610968","72","1843341"
"JH378172","3790367","3790664","KQ053421v1","5610673","5610968","71","1820306"
"JH378172","3846609","3846914","KQ055352v1","6003171","6003466","70","2156562"
"JH378172","3964132","3964435","KQ055352v1","6003171","6003466","73","2039039"
"JH378172","4042336","4042640","KQ055267v1","513773","514088","74","3528563"
"JH378172","4051546","4051835","KQ053421v1","5610673","5610968","79","1559127"
"JH378172","4163178","4163373","KQ055140v1","659740","659924","55","3503438"
"JH378172","4289366","4289675","KQ055352v1","6003171","6003466","76","1713805"
"JH378172","4351874","4352150","KQ053421v1","5610673","5610968","88","1258799"
"JH378172","4415369","4415619","KQ053520v1","3602424","3602668","93","812945"
"JH378172","4487908","4488201","KQ053421v1","5610673","5610968","77","1122765"
"JH378172","4489441","4489618","KQ058350v1","9514178","9514352","56","5024737"
"JH378172","4512288","4512590","KQ053421v1","5610673","5610968","72","1098385"
"JH378172","4532920","4533229","KQ055267v1","513773","514088","67","4019147"
"JH378172","4554819","4555084","KQ053421v1","5610673","5610968","89","1055854"
"JH378172","4623457","4623729","KQ057186v1","783828","784085","84","3839629"
"JH378172","4678135","4678435","KQ053421v1","5610673","5610968","65","932538"
"JH378172","4703055","4703344","KQ053421v1","5610673","5610968","75","907618"
"JH378172","4752711","4752860","KQ054401v1","3363241","3363379","48","1389470"
"JH378172","4958801","4959106","KQ055267v1","513773","514088","69","4445028"
"JH378172","4988856","4989140","KQ053421v1","5610673","5610968","80","621817"
"JH378172","5199608","5199870","KQ057186v1","783828","784085","88","4415780"
"JH378172","5373406","5373721","KQ055267v1","513773","514088","76","4859633"
"JH378172","5383756","5384060","KQ053421v1","5610673","5610968","77","226917"
"JH378172","5384064","5384362","KQ053421v1","5610673","5610968","65","226609"
"JH378172","5565425","5565734","KQ055352v1","6003171","6003466","79","437746"
"JH378172","5641712","5642021","KQ055352v1","6003171","6003466","69","361459"
"JH378172","5679986","5680288","KQ053421v1","5610673","5610968","77","69313"
"JH378172","5741918","5742058","KQ056920v1","183120","183261","48","5558798"
"JH378172","5761768","5762089","KQ055267v1","513773","514088","80","5247995"
"JH378172","5814819","5815116","KQ053421v1","5610673","5610968","69","204146"
"JH378172","5826422","5826728","KQ055352v1","6003171","6003466","72","176749"
"JH378172","5981718","5982028","KQ053421v1","5610673","5610968","82","371045"
"JH378172","6035115","6035406","KQ053421v1","5610673","5610968","80","424442"
"JH378172","6062645","6062806","KQ053993v1","1251070","1251235","39","4811575"
"JH378172","6089210","6089512","KQ053421v1","5610673","5610968","65","478537"
"JH378172","6134833","6135120","KQ053421v1","5610673","5610968","88","524160"
"JH378172","6245119","6245378","KQ055862v1","1305285","1305561","83","4939834"
"JH378172","6250374","6250531","KQ058638v1","1837830","1837985","42","4412544"
"JH378172","6269424","6269535","KQ055717v1","1610376","1610476","42","4659048"
"JH378172","6489758","6489955","KQ058594v1","5950443","5950621","70","539315"
"JH378172","6519824","6520013","KQ056064v1","326763","326940","50","6193061"
"JH378172","6585537","6585840","KQ053421v1","5610673","5610968","73","974864"
"JH378172","6595634","6595892","KQ058242v1","595939","596205","75","5999695"
"JH378172","6683400","6683711","KQ053421v1","5610673","5610968","78","1072727"
"JH378172","6688886","6689183","KQ053421v1","5610673","5610968","81","1078213"
"JH378172","6817339","6817634","KQ053421v1","5610673","5610968","71","1206666"
"JH378172","6928805","6929106","KQ058427v1","7786546","7786853","81","857741"
"JH378172","6971092","6971386","KQ053421v1","5610673","5610968","77","1360419"
"JH378172","7001208","7001294","KQ056235v1","1266284","1266361","25","5734924"
"JH378172","7035460","7035763","KQ053421v1","5610673","5610968","84","1424787"
"JH378172","7118500","7118671","KQ056064v1","326763","326940","60","6791737"
"JH378172","7207145","7207444","KQ053421v1","5610673","5610968","82","1596472"
"JH378172","7222621","7222924","KQ055267v1","513773","514088","84","6708848"
"JH378172","7308651","7308765","KQ053398v1","2623748","2623879","42","4684903"
"JH378172","7320911","7321208","KQ053421v1","5610673","5610968","71","1710238"
"JH378172","7322612","7322921","KQ053421v1","5610673","5610968","70","1711939"
"JH378172","7341835","7342161","KQ053421v1","5610673","5610968","91","1731162"
"JH378172","7363656","7363833","KQ058350v1","9514178","9514352","37","2150522"
"JH378172","7367764","7367978","KQ058274v1","300327","300497","76","7067437"
"JH378172","7383305","7383586","KQ054815v1","2215557","2215844","83","5167748"
"JH378172","7404325","7404599","KQ057901v1","868884","869144","83","6535441"
"JH378172","7600374","7600675","KQ053421v1","5610673","5610968","72","1989701"
"JH378172","7623793","7623892","KQ056235v1","1266284","1266361","36","6357509"
"JH378172","7672836","7673135","KQ053421v1","5610673","5610968","70","2062163"
"JH378172","7696284","7696569","KQ058339v1","4553625","4553889","84","3142659"
"JH378172","7931265","7931571","KQ055267v1","513773","514088","73","7417492"
"JH378172","7939966","7940252","KQ058640v1","643463","643729","75","7296503"
"JH378172","8011652","8011962","KQ055352v1","6003171","6003466","77","2008481"
"JH378172","8136132","8136424","KQ053421v1","5610673","5610968","74","2525459"
"JH378172","8141821","8142129","KQ055352v1","6003171","6003466","76","2138650"
"JH378172","8171969","8172260","KQ053421v1","5610673","5610968","80","2561296"
"JH378172","8216855","8217155","KQ053421v1","5610673","5610968","71","2606182"
"JH378172","8271251","8271556","KQ055352v1","6003171","6003466","68","2268080"
"JH378172","8316380","8316674","KQ053421v1","5610673","5610968","73","2705707"
"JH378172","8348014","8348304","KQ053421v1","5610673","5610968","81","2737341"
"JH378172","8508294","8508444","KQ052970v1","4377515","4377664","50","4130779"
"JH378172","8529048","8529207","KQ058423v1","270754","270928","34","8258294"
"JH378172","8530393","8530705","KQ055267v1","513773","514088","90","8016620"
"JH378172","8594116","8594417","KQ053421v1","5610673","5610968","66","2983443"
"JH378172","8634620","8634960","KQ053059v1","2548766","2549102","107","6085854"
"JH378172","8677066","8677365","KQ053421v1","5610673","5610968","87","3066393"
"JH378172","9153784","9154071","KQ053421v1","5610673","5610968","84","3543111"
"JH378172","9165482","9165592","KQ055717v1","1610376","1610476","44","7555106"
"JH378172","9312435","9312737","KQ053421v1","5610673","5610968","72","3701762"
"JH378172","9335174","9335473","KQ053421v1","5610673","5610968","71","3724501"
"JH378172","9400159","9400435","KQ053421v1","5610673","5610968","95","3789486"
"JH378172","9434054","9434219","KQ057821v1","3059321","3059481","43","6374733"
"JH378172","9438079","9438251","KQ053993v1","1251070","1251235","48","8187009"
"JH378172","9446582","9446785","KQ058274v1","300327","300497","91","9146255"
"JH378172","9483446","9483746","KQ053421v1","5610673","5610968","83","3872773"
"JH378172","9526039","9526340","KQ053421v1","5610673","5610968","71","3915366"
"JH378172","9549537","9549842","KQ055267v1","513773","514088","84","9035764"
"JH378172","9555069","9555363","KQ053421v1","5610673","5610968","74","3944396"
"JH378172","9561021","9561121","KQ055214v1","1493444","1493515","49","8067577"
"JH378172","9561226","9561358","KQ053398v1","2623748","2623879","32","6937478"
"JH378172","9609758","9610053","KQ053421v1","5610673","5610968","88","3999085"
"JH378172","9610575","9610859","KQ053421v1","5610673","5610968","84","3999902"
"JH378172","9853308","9853584","KQ058242v1","595939","596205","76","9257369"
"JH378172","9926847","9927153","KQ053421v1","5610673","5610968","95","4316174"
"JH378172","10016899","10017236","KQ055267v1","513773","514088","98","9503126"
"JH378172","10038878","10039179","KQ053421v1","5610673","5610968","89","4428205"
"JH378172","10063242","10063548","KQ053421v1","5610673","5610968","79","4452569"
"JH378172","10217431","10217561","KQ053398v1","2623748","2623879","29","7593683"
"JH378172","10218700","10218973","KQ058242v1","595939","596205","77","9622761"
"JH378172","10232726","10232946","KQ056064v1","326763","326940","77","9905963"
"JH378172","10325977","10326262","KQ054815v1","2215557","2215844","77","8110420"
"JH378172","10334189","10334498","KQ053421v1","5610673","5610968","80","4723516"
"JH378172","10468265","10468586","KQ058427v1","7786546","7786853","87","2681719"
"JH378172","10506280","10506590","KQ058427v1","7786546","7786853","77","2719734"
"JH378172","10541202","10541323","KQ053398v1","2623748","2623879","42","7917454"
"JH378172","10572129","10572363","KQ058242v1","595939","596205","89","9976190"
"JH378172","10624212","10624515","KQ053421v1","5610673","5610968","79","5013539"
"JH378172","10698238","10698552","KQ055352v1","6003171","6003466","85","4695067"
"JH378172","10831086","10831384","KQ053421v1","5610673","5610968","80","5220413"
"JH378172","10854731","10854918","KQ058350v1","9514178","9514352","51","1340553"
"JH378172","10863470","10863590","KQ053398v1","2623748","2623879","38","8239722"
"JH378172","10877471","10877767","KQ053421v1","5610673","5610968","80","5266798"
"JH378172","10880490","10880788","KQ053421v1","5610673","5610968","81","5269817"
"JH378172","10889877","10890175","KQ053421v1","5610673","5610968","90","5279204"
"JH378172","10916933","10917242","KQ058427v1","7786546","7786853","70","3130387"
"JH378172","10952895","10953204","KQ055352v1","6003171","6003466","77","4949724"
"JH378172","11051723","11052021","KQ053421v1","5610673","5610968","79","5441050"
"JH378172","11052745","11053045","KQ053421v1","5610673","5610968","71","5442072"
"JH378172","11095436","11095716","KQ053421v1","5610673","5610968","79","5484763"
"JH378172","11199516","11199824","KQ053421v1","5610673","5610968","67","5588843"
"JH378172","11262767","11262990","KQ058509v1","24058","24271","60","11238709"
"JH378172","11349949","11350230","KQ053883v1","6938067","6938331","98","4411882"
"JH378172","11375186","11375480","KQ053421v1","5610673","5610968","72","5764513"
"JH378172","11434375","11434684","KQ058427v1","7786546","7786853","80","3647829"
"JH378172","11495228","11495514","KQ055352v1","6003171","6003466","70","5492057"
"JH378172","11545895","11546220","KQ053421v1","5610673","5610968","106","5935222"
"JH378172","11623208","11623504","KQ053421v1","5610673","5610968","73","6012535"
"JH378172","11650795","11651098","KQ055267v1","513773","514088","80","11137022"
"JH378172","11665671","11665963","KQ053421v1","5610673","5610968","71","6054998"
"JH378172","11722776","11723067","KQ053421v1","5610673","5610968","85","6112103"
"JH378172","11832026","11832333","KQ058427v1","7786546","7786853","64","4045480"
"JH378172","11879263","11879578","KQ055267v1","513773","514088","88","11365490"
"JH378172","11887027","11887152","KQ057161v1","453350","453459","43","11433677"
"JH378172","12069158","12069434","KQ058242v1","595939","596205","86","11473219"
"JH378172","12080389","12080624","KQ053234v1","1414405","1414609","82","10665984"
"JH378172","12095200","12095500","KQ053421v1","5610673","5610968","77","6484527"
"JH378172","12099475","12099778","KQ053421v1","5610673","5610968","78","6488802"
"JH378172","12106627","12106926","KQ053785v1","888769","889063","88","11217858"
"JH378172","12121273","12121544","KQ058242v1","595939","596205","86","11525334"
"JH378172","12342028","12342334","KQ053421v1","5610673","5610968","83","6731355"
"JH378172","12405411","12405709","KQ053421v1","5610673","5610968","83","6794738"
"JH378172","12445238","12445529","KQ053421v1","5610673","5610968","79","6834565"
"JH378172","12470550","12470859","KQ055267v1","513773","514088","82","11956777"
"JH378172","12479780","12479940","KQ058428v1","1396698","1396861","53","11083082"
"JH378172","12490663","12490890","KQ058274v1","300327","300497","87","12190336"
"JH378172","12517798","12518084","KQ053421v1","5610673","5610968","83","6907125"
"JH378172","12521266","12521558","KQ053421v1","5610673","5610968","89","6910593"
"JH378172","12529353","12529611","KQ056321v1","575951","576190","89","11953402"
"JH378172","12589628","12589930","KQ058427v1","7786546","7786853","84","4803082"
"JH378172","12590775","12591046","KQ057186v1","783828","784085","90","11806947"
"JH378172","12611128","12611436","KQ058427v1","7786546","7786853","94","4824582"
"JH378172","12621133","12621254","KQ053398v1","2623748","2623879","37","9997385"
"JH378172","12688510","12688804","KQ053421v1","5610673","5610968","85","7077837"
"JH378172","12725225","12725499","KQ058339v1","4553625","4553889","97","8171600"
"JH378172","12732264","12732536","KQ053421v1","5610673","5610968","86","7121591"
"JH378172","12748840","12749115","KQ053421v1","5610673","5610968","90","7138167"
"JH378173","262090","262389","KQ053421v1","5610673","5610968","91","5348583"
"JH378173","786272","786580","KQ055267v1","513773","514088","74","272499"
"JH378173","3704","3973","KQ058339v1","4553625","4553889","76","4549921"
"JH378173","109879","110167","KQ053421v1","5610673","5610968","76","5500794"
"JH378173","116345","116646","KQ053421v1","5610673","5610968","75","5494328"
"JH378173","199702","200002","KQ058242v1","595939","596205","95","396237"
"JH378173","210129","210303","KQ055978v1","4311984","4312161","44","4101855"
"JH378173","230372","230669","KQ053421v1","5610673","5610968","70","5380301"
"JH378173","231945","232172","KQ058274v1","300327","300497","85","68382"
"JH378173","348170","348465","KQ053421v1","5610673","5610968","86","5262503"
"JH378173","367593","367900","KQ058427v1","7786546","7786853","83","7418953"
"JH378173","395163","395460","KQ053421v1","5610673","5610968","75","5215510"
"JH378173","494616","494907","KQ053421v1","5610673","5610968","79","5116057"
"JH378173","498606","498914","KQ055267v1","513773","514088","83","15167"
"JH378173","508881","509184","KQ053421v1","5610673","5610968","68","5101792"
"JH378173","516794","517080","KQ058640v1","643463","643729","85","126669"
"JH378173","531185","531480","KQ053421v1","5610673","5610968","71","5079488"
"JH378173","546901","547213","KQ053421v1","5610673","5610968","95","5063772"
"JH378173","553332","553599","KQ058242v1","595939","596205","82","42607"
"JH378173","640083","640174","KQ056493v1","2043382","2043488","35","1403299"
"JH378173","678755","678856","KQ056493v1","2043382","2043488","34","1364627"
"JH378173","751494","751804","KQ058427v1","7786546","7786853","75","7035052"
"JH378173","771059","771370","KQ053421v1","5610673","5610968","81","4839614"
"JH378173","797516","797820","KQ053421v1","5610673","5610968","87","4813157"
"JH378173","831835","832129","KQ053421v1","5610673","5610968","81","4778838"
"JH378173","833655","833965","KQ055267v1","513773","514088","81","319882"
"JH378173","1023319","1023601","KQ053421v1","5610673","5610968","90","4587354"
"JH378173","1041901","1042149","KQ058242v1","595939","596205","81","445962"
"JH378173","1071306","1071608","KQ053421v1","5610673","5610968","71","4539367"
"JH378173","1116842","1117146","KQ053421v1","5610673","5610968","78","4493831"
"JH378173","1207164","1207455","KQ053421v1","5610673","5610968","76","4403509"
"JH378173","1235673","1235973","KQ058242v1","595939","596205","95","639734"
"JH378173","1279118","1279425","KQ055267v1","513773","514088","78","765345"
"JH378173","1296890","1297185","KQ053421v1","5610673","5610968","68","4313783"
"JH378173","1303220","1303529","KQ053421v1","5610673","5610968","77","4307453"
"JH378173","1307370","1307670","KQ053421v1","5610673","5610968","73","4303303"
"JH378173","1329265","1329540","KQ058242v1","595939","596205","83","733326"
"JH378173","1363862","1364099","KQ058509v1","24058","24271","73","1339804"
"JH378173","1399333","1399646","KQ053421v1","5610673","5610968","78","4211340"
"JH378173","1400437","1400663","KQ058274v1","300327","300497","87","1100110"
"JH378173","1403169","1403456","KQ053421v1","5610673","5610968","71","4207504"
"JH378173","1416648","1416768","KQ053398v1","2623748","2623879","36","1207100"
"JH378173","1424611","1424814","KQ056064v1","326763","326940","72","1097848"
"JH378173","1471091","1471389","KQ053421v1","5610673","5610968","82","4139582"
"JH378173","1485344","1485652","KQ058427v1","7786546","7786853","78","6301202"
"JH378173","1550177","1550480","KQ055862v1","1305285","1305561","88","244892"
"JH378173","1560902","1561213","KQ053421v1","5610673","5610968","73","4049771"
"JH378173","1563819","1564126","KQ053421v1","5610673","5610968","88","4046854"
"JH378173","1573218","1573530","KQ058427v1","7786546","7786853","84","6213328"
"JH378173","1621177","1621308","KQ053398v1","2627781","2627909","35","1006604"
"JH378173","1637865","1638160","KQ053421v1","5610673","5610968","79","3972808"
"JH378173","1703643","1703932","KQ053421v1","5610673","5610968","84","3907030"
"JH378173","1841716","1842013","KQ053421v1","5610673","5610968","71","3768957"
"JH378173","1854362","1854646","KQ054815v1","2215557","2215844","88","361195"
"JH378173","1892784","1892973","KQ058274v1","300327","300497","53","1592457"
"JH378173","1913696","1913988","KQ053421v1","5610673","5610968","75","3696977"
"JH378173","1933059","1933188","KQ053398v1","2623748","2623879","33","690689"
"JH378173","1948912","1949222","KQ058427v1","7786546","7786853","88","5837634"
"JH378173","1952733","1953029","KQ053421v1","5610673","5610968","87","3657940"
"JH378173","1977267","1977545","KQ057901v1","868884","869144","97","1108383"
"JH378173","2020015","2020310","KQ053421v1","5610673","5610968","82","3590658"
"JH378173","2022657","2022938","KQ053421v1","5610673","5610968","82","3588016"
"JH378173","2030709","2030992","KQ053421v1","5610673","5610968","82","3579964"
"JH378173","2051172","2051444","KQ054815v1","2215557","2215844","104","164385"
"JH378173","2080850","2081097","KQ058339v1","4553625","4553889","93","2472775"
"JH378173","2095396","2095665","KQ058640v1","643463","643729","77","1451933"
"JH378173","2126917","2127214","KQ053421v1","5610673","5610968","79","3483756"
"JH378173","2178213","2178512","KQ053421v1","5610673","5610968","77","3432460"
"JH378173","2205596","2205849","KQ053883v1","6938067","6938331","93","4732471"
"JH378173","2228724","2229049","KQ053059v1","2548766","2549102","107","320042"
"JH378173","2263727","2264036","KQ055267v1","513773","514088","72","1749954"
"JH378173","2283247","2283568","KQ055267v1","513773","514088","85","1769474"
"JH378173","2300831","2301145","KQ058427v1","7786546","7786853","80","5485715"
"JH378173","2447133","2447329","KQ058594v1","1033101","1033292","48","1414032"
"JH378173","2478333","2478648","KQ055267v1","513773","514088","91","1964560"
"JH378173","2521850","2522142","KQ053421v1","5610673","5610968","75","3088823"
"JH378173","2539889","2540167","KQ054815v1","2215557","2215844","85","324332"
"JH378173","2625576","2625875","KQ053421v1","5610673","5610968","79","2985097"
"JH378173","2656815","2657129","KQ053421v1","5610673","5610968","84","2953858"
"JH378173","2697715","2698006","KQ053421v1","5610673","5610968","87","2912958"
"JH378173","2727292","2727573","KQ053421v1","5610673","5610968","87","2883381"
"JH378173","2754809","2755082","KQ058339v1","4553625","4553889","75","1798816"
"JH378173","2756931","2757223","KQ053421v1","5610673","5610968","69","2853742"
"JH378173","2770747","2771021","KQ053421v1","5610673","5610968","86","2839926"
"JH378173","2777204","2777517","KQ058427v1","7786546","7786853","87","5009342"
"JH378173","2822110","2822163","KQ053740v1","1987294","1987347","27","834816"
"JH378173","2894294","2894411","KQ053004v1","3064551","3064681","46","170257"
"JH378173","2905884","2906076","KQ056064v1","326763","326940","51","2579121"
"JH378173","2927878","2927990","KQ053398v1","2623748","2623879","45","304130"
"JH378173","2959310","2959619","KQ055267v1","513773","514088","79","2445537"
"JH378173","3001398","3001492","KQ056235v1","1266284","1266361","36","1735114"
"JH378173","3023603","3023743","KQ058309v1","1090877","1091006","43","1932726"
"JH378173","3031434","3031724","KQ053421v1","5610673","5610968","78","2579239"
"JH378173","3055403","3055690","KQ053421v1","5610673","5610968","71","2555270"
"JH378173","3137949","3138243","KQ053421v1","5610673","5610968","80","2472724"
"JH378173","3162798","3163099","KQ058427v1","7786546","7786853","76","4623748"
"JH378173","3188925","3189210","KQ053421v1","5610673","5610968","75","2421748"
"JH378173","3317831","3318133","KQ053421v1","5610673","5610968","81","2292842"
"JH378173","3335567","3335869","KQ053421v1","5610673","5610968","71","2275106"
"JH378173","3352398","3352693","KQ053421v1","5610673","5610968","75","2258275"
"JH378173","3371708","3371984","KQ053785v1","888769","889063","92","2482939"
"JH378173","3396068","3396352","KQ053421v1","5610673","5610968","73","2214605"
"JH378173","3413695","3413875","KQ053234v1","1679581","1679757","58","1734114"
"JH378173","3459175","3459434","KQ058242v1","595939","596205","72","2863236"
"JH378173","3499072","3499212","KQ057449v1","1214348","1214489","36","2284724"
"JH378173","3515885","3516190","KQ058427v1","7786546","7786853","85","4270661"
"JH378173","3553552","3553862","KQ055267v1","513773","514088","71","3039779"
"JH378173","3647440","3647570","KQ053398v1","2623748","2623879","32","1023692"
"JH378173","3651915","3652199","KQ058427v1","6786866","6787134","90","3134951"
"JH378173","3666263","3666564","KQ053421v1","5610673","5610968","74","1944410"
"JH378173","3682668","3682973","KQ053421v1","5610673","5610968","87","1928005"
"JH378173","3693624","3693801","KQ056064v1","326763","326940","50","3366861"
"JH378173","3706468","3706737","KQ058640v1","643463","643729","86","3063005"
"JH378173","3749643","3749964","KQ053421v1","5610673","5610968","85","1861030"
"JH378173","3754575","3754700","KQ053398v1","2623748","2623879","40","1130827"
"JH378173","3891152","3891457","KQ058427v1","7786546","7786853","81","3895394"
"JH378173","3908989","3909290","KQ053421v1","5610673","5610968","69","1701684"
"JH378173","3992073","3992231","KQ056235v1","950511","950669","64","3041562"
"JH378173","4009738","4010039","KQ055267v1","513773","514088","99","3495965"
"JH378173","4013693","4013820","KQ053398v1","2627781","2627909","37","1385912"
"JH378173","4073083","4073403","KQ053421v1","5610673","5610968","94","1537590"
"JH378173","4190918","4191219","KQ053421v1","5610673","5610968","68","1419755"
"JH378173","4200219","4200451","KQ055662v1","1890465","1890674","77","2309754"
"JH378173","4241302","4241604","KQ053421v1","5610673","5610968","75","1369371"
"JH378173","4321985","4322207","KQ054068v1","3638075","3638299","74","683910"
"JH378173","4371685","4371835","KQ057204v1","2930576","2930741","41","1441109"
"JH378173","4376561","4376696","KQ053398v1","2623748","2623879","28","1752813"
"JH378173","4376857","4377154","KQ053421v1","5610673","5610968","76","1233816"
"JH378173","4389126","4389410","KQ058242v1","595939","596205","91","3793187"
"JH378173","4472949","4473162","KQ052982v1","2032903","2033097","62","2440046"
"JH378173","4498291","4498573","KQ053421v1","5610673","5610968","82","1112382"
"JH378173","4575946","4576238","KQ053421v1","5610673","5610968","81","1034727"
"JH378173","4589508","4589777","KQ055862v1","1305285","1305561","77","3284223"
"JH378173","4638445","4638653","KQ053234v1","1414405","1414609","58","3224040"
"JH378173","4652970","4653266","KQ053421v1","5610673","5610968","82","957703"
"JH378173","4671421","4671726","KQ055267v1","513773","514088","82","4157648"
"JH378173","4701462","4701744","KQ053421v1","5610673","5610968","96","909211"
"JH378173","4708769","4709053","KQ054815v1","2215557","2215844","78","2493212"
"JH378173","4755500","4755803","KQ058427v1","7786546","7786853","78","3031046"
"JH378173","4759928","4760231","KQ053421v1","5610673","5610968","78","850745"
"JH378173","4797500","4797793","KQ053421v1","5610673","5610968","69","813173"
"JH378173","4814753","4814902","KQ053398v1","2623748","2623879","45","2191005"
"JH378173","4878255","4878554","KQ053421v1","5610673","5610968","74","732418"
"JH378173","4880757","4881065","KQ055267v1","513773","514088","81","4366984"
"JH378173","4881408","4881694","KQ053421v1","5610673","5610968","79","729265"
"JH378173","4915577","4915864","KQ053421v1","5610673","5610968","91","695096"
"JH378173","4917454","4917744","KQ053421v1","5610673","5610968","78","693219"
"JH378173","4920113","4920238","KQ053398v1","2623748","2623879","38","2296365"
"JH378173","4921433","4921733","KQ053421v1","5610673","5610968","64","689240"
"JH378173","4949501","4949808","KQ055352v1","6003171","6003466","84","1053670"
"JH378173","4964968","4965260","KQ055267v1","513773","514088","88","4451195"
"JH378173","4982487","4982782","KQ053421v1","5610673","5610968","86","628186"
"JH378173","5092046","5092344","KQ053421v1","5610673","5610968","75","518627"
"JH378173","5102682","5102800","KQ053398v1","2623748","2623879","43","2478934"
"JH378173","5118292","5118592","KQ053421v1","5610673","5610968","73","492381"
"JH378173","5252622","5252948","KQ055267v1","513773","514088","89","4738849"
"JH378173","5274627","5274905","KQ057901v1","868884","869144","81","4405743"
"JH378173","5344032","5344174","KQ056920v1","183120","183261","35","5160912"
"JH378173","5366346","5366628","KQ053421v1","5610673","5610968","73","244327"
"JH378173","5382173","5382481","KQ053421v1","5610673","5610968","79","228500"
"JH378173","5464576","5464870","KQ053421v1","5610673","5610968","85","146097"
"JH378173","5466209","5466526","KQ053421v1","5610673","5610968","84","144464"
"JH378173","5467132","5467432","KQ053421v1","5610673","5610968","76","143541"
"JH378173","5469413","5469683","KQ058427v1","6786866","6787134","91","1317453"
"JH378173","5478983","5479122","KQ056920v1","183120","183261","52","5295863"
"JH378173","5491343","5491649","KQ058427v1","7786546","7786853","74","2295203"
"JH378173","5553202","5553468","KQ058242v1","595939","596205","80","4957263"
"JH378173","5555838","5556145","KQ055267v1","513773","514088","72","5042065"
"JH378173","5574066","5574373","KQ058427v1","7786546","7786853","83","2212480"
"JH378173","5593104","5593408","KQ058427v1","7786546","7786853","86","2193442"
"JH378173","5612125","5612426","KQ053421v1","5610673","5610968","85","1452"
"JH378173","5633299","5633584","KQ053421v1","5610673","5610968","77","22626"
"JH378173","5683487","5683773","KQ053421v1","5610673","5610968","80","72814"
"JH378173","5705351","5705645","KQ055267v1","513773","514088","81","5191578"
"JH378173","5734756","5735052","KQ053421v1","5610673","5610968","71","124083"
"JH378173","5766263","5766561","KQ053421v1","5610673","5610968","68","155590"
"JH378173","5793016","5793305","KQ053421v1","5610673","5610968","77","182343"
"JH378173","5794596","5794757","KQ057821v1","3059321","3059481","45","2735275"
"JH378173","5797465","5797770","KQ053421v1","5610673","5610968","71","186792"
"JH378173","5812239","5812483","KQ058242v1","595939","596205","74","5216300"
"JH378173","5829461","5829762","KQ053421v1","5610673","5610968","77","218788"
"JH378173","5835715","5835950","KQ055717v1","1610777","1611031","90","4224938"
"JH378173","5877104","5877360","KQ058339v1","4553625","4553889","84","1323479"
"JH378173","5934795","5935099","KQ055267v1","513773","514088","76","5421022"
"JH378173","5989701","5990010","KQ053421v1","5610673","5610968","78","379028"
"JH378173","6016442","6016755","KQ055267v1","513773","514088","82","5502669"
"JH378173","6035279","6035542","KQ053883v1","6938067","6938331","102","902788"
"JH378173","6064967","6065273","KQ053421v1","5610673","5610968","79","454294"
"JH378173","6174736","6175080","KQ053135v1","5034940","5035266","112","1139796"
"JH378173","6294141","6294437","KQ055862v1","1305285","1305561","81","4988856"
"JH378173","6418203","6418495","KQ053421v1","5610673","5610968","78","807530"
"JH378173","6493821","6494115","KQ053421v1","5610673","5610968","84","883148"
"JH378173","6523565","6523858","KQ053421v1","5610673","5610968","76","912892"
"JH378173","6527221","6527450","KQ058242v1","595939","596205","74","5931282"
"JH378173","6579226","6579518","KQ053421v1","5610673","5610968","71","968553"
"JH378173","6658798","6658952","KQ053531v1","6571","6737","68","6652227"
"JH378173","6682743","6682869","KQ053398v1","2623748","2623879","32","4058995"
"JH378173","6694785","6695082","KQ053421v1","5610673","5610968","75","1084112"
"JH378173","6719358","6719644","KQ053421v1","5610673","5610968","82","1108685"
"JH378173","6725235","6725513","KQ054815v1","2215557","2215844","75","4509678"
"JH378173","6765846","6766144","KQ058427v1","7786546","7786853","75","1020700"
"JH378173","6845868","6846152","KQ058242v1","595939","596205","77","6249929"
"JH378173","6866055","6866346","KQ053421v1","5610673","5610968","86","1255382"
"JH378173","6894784","6895091","KQ058427v1","7786546","7786853","68","891762"
"JH378173","6946126","6946379","KQ058509v1","24058","24271","81","6922068"
"JH378173","6954327","6954599","KQ055862v1","1305285","1305561","84","5649042"
"JH378173","7026522","7026798","KQ055862v1","1305285","1305561","84","5721237"
"JH378173","7052835","7053147","KQ053421v1","5610673","5610968","72","1442162"
"JH378173","7085311","7085583","KQ058242v1","595939","596205","79","6489372"
"JH378173","7086371","7086482","KQ056493v1","2043382","2043488","45","5042989"
"JH378173","7143595","7143883","KQ053421v1","5610673","5610968","81","1532922"
"JH378173","7167817","7168096","KQ058242v1","595939","596205","77","6571878"
"JH378173","7280285","7280599","KQ053421v1","5610673","5610968","88","1669612"
"JH378173","7326271","7326535","KQ053421v1","5610673","5610968","90","1715598"
"JH378173","7368873","7369003","KQ053398v1","2623748","2623879","35","4745125"
"JH378173","7503328","7503633","KQ053421v1","5610673","5610968","78","1892655"
"JH378173","7528813","7529033","ABDC02053644v1","2226","2419","90","7526587"
"JH378173","7591177","7591416","KQ055717v1","1610777","1611031","83","5980400"
"JH378173","7620300","7620596","KQ053421v1","5610673","5610968","92","2009627"
"JH378173","7782342","7782647","KQ053421v1","5610673","5610968","71","2171669"
"JH378173","7790670","7790918","KQ053883v1","6938067","6938331","82","852603"
"JH378173","8161483","8161785","KQ053421v1","5610673","5610968","71","2550810"
"JH378173","8484767","8485066","KQ053421v1","5610673","5610968","92","2874094"
"JH378173","8535409","8535664","KQ058242v1","595939","596205","76","7939470"
"JH378173","8711906","8712203","KQ053421v1","5610673","5610968","72","3101233"
"JH378173","8890768","8891075","KQ053421v1","5610673","5610968","71","3280095"
"JH378173","8981753","8982039","KQ058339v1","4553625","4553889","86","4428128"
"JH378173","9059519","9059815","KQ053135v1","5034940","5035266","104","4024579"
"JH378173","9071100","9071323","KQ053234v1","1414405","1414609","62","7656695"
"JH378173","9075238","9075525","KQ053421v1","5610673","5610968","81","3464565"
"JH378173","9085904","9086125","ABDC02053644v1","2226","2419","88","9083678"
"JH378173","9096139","9096254","KQ053398v1","2627781","2627909","41","6468358"
"JH378173","9103044","9103353","KQ055352v1","6003171","6003466","69","3099873"
"JH378173","9103980","9104280","KQ053421v1","5610673","5610968","87","3493307"
"JH378173","9184566","9184869","KQ055267v1","513773","514088","83","8670793"
"JH378173","9370713","9371021","KQ055352v1","6003171","6003466","71","3367542"
"JH378173","9401552","9401855","KQ058427v1","7786546","7786853","77","1615006"
"JH378173","9403978","9404280","KQ055352v1","6003171","6003466","72","3400807"
"JH378173","9458031","9458325","KQ053421v1","5610673","5610968","82","3847358"
"JH378173","9486227","9486491","KQ058242v1","595939","596205","75","8890288"
"JH378173","9518932","9519065","KQ054401v1","3363241","3363379","33","6155691"
"JH378173","9530513","9530807","KQ053421v1","5610673","5610968","79","3919840"
"JH378173","9545758","9545922","KQ057449v1","1214348","1214489","67","8331410"
"JH378173","9610277","9610550","KQ058427v1","6786866","6787134","78","2823411"
"JH378173","9655721","9656017","KQ053421v1","5610673","5610968","71","4045048"
"JH378173","9677493","9677803","KQ055267v1","513773","514088","76","9163720"
"JH378173","9680940","9681229","KQ053421v1","5610673","5610968","86","4070267"
"JH378173","9748990","9749217","KQ052982v1","2032903","2033097","73","7716087"
"JH378173","9753573","9753883","KQ058427v1","7786546","7786853","76","1967027"
"JH378173","9757444","9757758","KQ058427v1","7786546","7786853","94","1970898"
"JH378173","9805367","9805644","KQ053421v1","5610673","5610968","82","4194694"
"JH378173","9824455","9824621","KQ057204v1","2930576","2930741","47","6893879"
"JH378173","9830092","9830244","KQ053398v1","2627781","2627909","51","7202311"
"JH378173","9832682","9832992","KQ058427v1","7786546","7786853","82","2046136"
"JH378173","9855042","9855330","KQ053421v1","5610673","5610968","83","4244369"
"JH378173","9857095","9857406","KQ058242v1","595939","596205","123","9261156"
"JH378173","9861844","9862150","KQ053421v1","5610673","5610968","75","4251171"
"JH378173","9875314","9875622","KQ058427v1","7786546","7786853","75","2088768"
"JH378173","9944474","9944779","KQ055267v1","513773","514088","86","9430701"
"JH378173","10064931","10065235","KQ053421v1","5610673","5610968","80","4454258"
"JH378173","10126790","10127096","KQ053421v1","5610673","5610968","80","4516117"
"JH378173","10148498","10148787","KQ053421v1","5610673","5610968","71","4537825"
"JH378173","10161064","10161341","KQ058339v1","4553625","4553889","71","5607439"
"JH378173","10166812","10167105","KQ053421v1","5610673","5610968","69","4556139"
"JH378173","10211447","10211745","KQ053421v1","5610673","5610968","77","4600774"
"JH378173","10231668","10231979","KQ053421v1","5610673","5610968","73","4620995"
"JH378173","10246983","10247284","KQ053421v1","5610673","5610968","68","4636310"
"JH378173","10265209","10265509","KQ053421v1","5610673","5610968","72","4654536"
"JH378173","10269813","10270126","KQ058427v1","7786546","7786853","80","2483267"
"JH378173","10315322","10315622","KQ053421v1","5610673","5610968","78","4704649"
"JH378173","10320826","10321134","KQ053421v1","5610673","5610968","80","4710153"
"JH378173","10357066","10357297","KQ058242v1","595939","596205","81","9761127"
"JH378173","10361589","10361728","KQ053398v1","2623748","2623879","37","7737841"
"JH378173","10397765","10398056","KQ053421v1","5610673","5610968","82","4787092"
"JH378173","10444177","10444458","KQ053421v1","5610673","5610968","82","4833504"
"JH378173","10459341","10459447","KQ056493v1","2043382","2043488","52","8415959"
"JH378173","10474941","10475155","KQ053234v1","1414405","1414609","59","9060536"
"JH378173","10487072","10487351","KQ058242v1","595939","596205","101","9891133"
"JH378173","10617531","10617838","KQ053421v1","5610673","5610968","78","5006858"
"JH378173","10644473","10644771","KQ053421v1","5610673","5610968","73","5033800"
"JH378173","10647299","10647584","KQ053785v1","888769","889063","78","9758530"
"JH378173","10678890","10679189","KQ053421v1","5610673","5610968","79","5068217"
"JH378173","10842018","10842330","KQ055267v1","513773","514088","78","10328245"
"JH378173","10887233","10887536","KQ053421v1","5610673","5610968","76","5276560"
"JH378173","10949214","10949461","KQ058242v1","595939","596205","75","10353275"
"JH378173","10970740","10971051","KQ055267v1","513773","514088","80","10456967"
"JH378173","11003182","11003463","KQ054815v1","2215557","2215844","76","8787625"
"JH378173","11193849","11194146","KQ053421v1","5610673","5610968","73","5583176"
"JH378173","11345282","11345571","KQ053421v1","5610673","5610968","98","5734609"
"JH378173","11358641","11358906","KQ054068v1","3638075","3638299","100","7720566"
"JH378173","11379591","11379884","KQ053421v1","5610673","5610968","71","5768918"
"JH378173","11423980","11424274","KQ053421v1","5610673","5610968","82","5813307"
"JH378173","11600811","11601094","KQ053421v1","5610673","5610968","107","5990138"
"JH378173","11723585","11723721","KQ057161v1","453350","453459","61","11270235"
"JH378173","11730164","11730337","KQ056064v1","326763","326940","56","11403401"
"JH378173","11867484","11867763","KQ055862v1","1305285","1305561","97","10562199"
"JH378173","11943305","11943597","KQ053421v1","5610673","5610968","73","6332632"
"JH378173","12178737","12178919","KQ058350v1","9514178","9514352","48","2664559"
"JH378173","12188782","12189092","KQ053421v1","5610673","5610968","91","6578109"
"JH378173","12396636","12396941","KQ053421v1","5610673","5610968","71","6785963"
"JH378173","12425845","12426150","KQ053421v1","5610673","5610968","82","6815172"
"JH378173","12466698","12466998","KQ053421v1","5610673","5610968","78","6856025"
"JH378173","12536123","12536434","KQ053421v1","5610673","5610968","72","6925450"
"JH378173","12541009","12541283","KQ054815v1","2215557","2215844","84","10325452"
"JH378173","12568734","12568858","KQ053398v1","2623748","2623879","40","9944986"
"JH378173","12580795","12581086","KQ053421v1","5610673","5610968","77","6970122"
"JH378173","12606846","12607158","KQ055267v1","513773","514088","78","12093073"
"JH378173","12610616","12610917","KQ053421v1","5610673","5610968","72","6999943"
"JH378173","12612997","12613306","KQ053421v1","5610673","5610968","74","7002324"
"JH378173","12643562","12643864","KQ053421v1","5610673","5610968","64","7032889"
"JH378173","12663616","12663921","KQ053421v1","5610673","5610968","82","7052943"
"JH378173","12664874","12665167","KQ053421v1","5610673","5610968","66","7054201"
"JH378173","12688351","12688659","KQ058427v1","7786546","7786853","77","4901805"
"JH378173","12697396","12697683","KQ053421v1","5610673","5610968","85","7086723"
"JH378173","12704645","12704953","KQ053421v1","5610673","5610968","75","7093972"
"JH378173","12707782","12707947","KQ053993v1","1251070","1251235","48","11456712"
"JH378174","28773","29034","KQ058242v1","595939","596205","92","567166"
"JH378174","37425","37705","KQ058242v1","595939","596205","86","558514"
"JH378174","92620","92924","KQ053421v1","5610673","5610968","77","5518053"
"JH378174","105599","105891","KQ053421v1","5610673","5610968","77","5505074"
"JH378174","176055","176355","KQ058427v1","7786546","7786853","93","7610491"
"JH378174","202599","202901","KQ053421v1","5610673","5610968","70","5408074"
"JH378174","217403","217692","KQ053421v1","5610673","5610968","75","5393270"
"JH378174","230025","230309","KQ053421v1","5610673","5610968","68","5380648"
"JH378174","240733","241032","KQ055352v1","6003171","6003466","75","5762438"
"JH378174","247652","247948","KQ053421v1","5610673","5610968","68","5363021"
"JH378174","271991","272259","KQ055862v1","1305285","1305561","72","1033294"
"JH378174","284150","284269","KQ053398v1","2627781","2627909","38","2343631"
"JH378174","308777","309071","KQ053421v1","5610673","5610968","86","5301896"
"JH378174","323262","323394","KQ053398v1","2623748","2623879","47","2300486"
"JH378174","323606","323897","KQ054815v1","2215557","2215844","77","1891951"
"JH378174","357159","357456","KQ053421v1","5610673","5610968","76","5253514"
"JH378174","420817","421112","KQ053421v1","5610673","5610968","81","5189856"
"JH378174","439524","439828","KQ053421v1","5610673","5610968","77","5171149"
"JH378174","444658","444956","KQ053421v1","5610673","5610968","73","5166015"
"JH378174","447074","447305","KQ056321v1","575951","576190","94","128877"
"JH378174","477209","477503","KQ053421v1","5610673","5610968","72","5133464"
"JH378174","499814","499960","KQ053398v1","2623748","2623879","41","2123934"
"JH378174","501593","501740","KQ053398v1","2623748","2623879","42","2122155"
"JH378174","505943","506245","KQ053421v1","5610673","5610968","69","5104730"
"JH378174","510442","510552","KQ056493v1","2043382","2043488","26","1532940"
"JH378174","518466","518597","KQ053398v1","2627781","2627909","36","2109315"
"JH378174","518732","518895","KQ053093v1","1668172","1668343","45","1149440"
"JH378174","544213","544481","KQ058242v1","595939","596205","73","51726"
"JH378174","569918","570146","ABDC02053644v1","2226","2419","93","567692"
"JH378174","582248","582369","KQ053398v1","2627781","2627909","39","2045533"
"JH378174","658358","658653","KQ053421v1","5610673","5610968","80","4952315"
"JH378174","661275","661566","KQ053421v1","5610673","5610968","79","4949398"
"JH378174","683129","683403","KQ054815v1","2215557","2215844","80","1532428"
"JH378174","687549","687835","KQ053421v1","5610673","5610968","69","4923124"
"JH378174","731989","732291","KQ053421v1","5610673","5610968","77","4878684"
"JH378174","840544","840854","KQ055352v1","6003171","6003466","78","5162627"
"JH378174","906813","907114","KQ053421v1","5610673","5610968","72","4703860"
"JH378174","923924","924232","KQ055352v1","6003171","6003466","69","5079247"
"JH378174","931131","931433","KQ053421v1","5610673","5610968","70","4679542"
"JH378174","969936","970229","KQ053421v1","5610673","5610968","71","4640737"
"JH378174","1001244","1001554","KQ058427v1","7786546","7786853","72","6785302"
"JH378174","1004558","1004850","KQ053421v1","5610673","5610968","79","4606115"
"JH378174","1032499","1032807","KQ055352v1","6003171","6003466","72","4970672"
"JH378174","1066608","1066896","KQ053421v1","5610673","5610968","76","4544065"
"JH378174","1075305","1075600","KQ053421v1","5610673","5610968","70","4535368"
"JH378174","1251419","1251680","KQ058339v1","4553625","4553889","91","3302206"
"JH378174","1433315","1433592","KQ058427v1","7786546","7786853","91","6353231"
"JH378174","1447309","1447610","KQ053421v1","5610673","5610968","71","4163364"
"JH378174","1481053","1481258","KQ055662v1","1890465","1890674","70","409412"
"JH378174","1488268","1488560","KQ055862v1","1305285","1305561","72","182983"
"JH378174","1613560","1613766","KQ055662v1","1890465","1890674","76","276905"
"JH378174","1800917","1801047","KQ053398v1","2627781","2627909","31","826864"
"JH378174","1846023","1846330","KQ053421v1","5610673","5610968","76","3764650"
"JH378174","1980030","1980324","KQ053421v1","5610673","5610968","74","3630643"
"JH378174","2036344","2036631","KQ053421v1","5610673","5610968","71","3574329"
"JH378174","2105147","2105479","KQ055267v1","513773","514088","95","1591374"
"JH378174","2178536","2178838","KQ053421v1","5610673","5610968","78","3432137"
"JH378174","2224047","2224344","KQ053421v1","5610673","5610968","69","3386626"
"JH378174","2496623","2496928","KQ055352v1","6003171","6003466","69","3506548"
"JH378174","2795664","2795919","KQ058509v1","24058","24271","81","2771606"
"JH378174","2939100","2939398","KQ053421v1","5610673","5610968","70","2671573"
"JH378174","3024288","3024590","KQ053421v1","5610673","5610968","75","2586385"
"JH378174","3037806","3037949","KQ053398v1","2623748","2623879","50","414058"
"JH378174","3096445","3096731","KQ053421v1","5610673","5610968","98","2514228"
"JH378174","3098075","3098373","KQ053421v1","5610673","5610968","78","2512598"
"JH378174","3190447","3190753","KQ055352v1","6003171","6003466","71","2812724"
"JH378174","3473004","3473272","KQ053883v1","6938067","6938331","93","3465063"
"JH378174","3531372","3531636","KQ058242v1","595939","596205","83","2935433"
"JH378174","3535434","3535740","KQ055352v1","6003171","6003466","65","2467737"
"JH378174","3618435","3618698","KQ053421v1","5610673","5610968","99","1992238"
"JH378174","3631676","3631965","KQ053421v1","5610673","5610968","78","1978997"
"JH378174","3800152","3800457","KQ055267v1","513773","514088","79","3286379"
"JH378174","3988727","3989035","KQ058427v1","7786546","7786853","85","3797819"
"JH378174","4042907","4043093","KQ058274v1","300327","300497","51","3742580"
"JH378174","4162720","4163026","KQ053421v1","5610673","5610968","77","1447953"
"JH378174","4223009","4223313","KQ055352v1","6003171","6003466","71","1780162"
"JH378174","4312211","4312497","KQ058242v1","595939","596205","81","3716272"
"JH378174","4383303","4383602","KQ053421v1","5610673","5610968","70","1227370"
"JH378174","4422191","4422501","KQ055352v1","6003171","6003466","73","1580980"
"JH378174","4486712","4487016","KQ053421v1","5610673","5610968","80","1123961"
"JH378174","4631323","4631609","KQ053421v1","5610673","5610968","80","979350"
"JH378174","4703497","4703779","KQ053421v1","5610673","5610968","79","907176"
"JH378174","4800052","4800347","KQ053421v1","5610673","5610968","73","810621"
"JH378174","4837923","4838224","KQ053421v1","5610673","5610968","69","772750"
"JH378174","4842715","4843026","KQ055352v1","6003171","6003466","71","1160456"
"JH378174","4869851","4870063","KQ056064v1","326763","326940","70","4543088"
"JH378174","4877170","4877466","KQ053421v1","5610673","5610968","71","733503"
"JH378174","4906785","4907089","KQ055352v1","6003171","6003466","70","1096386"
"JH378174","4976337","4976645","KQ055352v1","6003171","6003466","68","1026834"
"JH378174","5343520","5343824","KQ053421v1","5610673","5610968","71","267153"
"JH378174","5391030","5391336","KQ053421v1","5610673","5610968","78","219643"
"JH378174","5401543","5401764","KQ053234v1","1679581","1679757","79","3721962"
"JH378174","5419799","5420110","KQ055352v1","6003171","6003466","77","583372"
"JH378174","5425546","5425854","KQ055267v1","513773","514088","72","4911773"
"JH378174","5447687","5447934","KQ058505v1","2207051","2207301","82","3240636"
"JH378174","5476930","5477230","KQ053421v1","5610673","5610968","70","133743"
"JH378174","5499837","5499997","KQ054401v1","3363241","3363379","52","2136596"
"JH378174","5500938","5501232","KQ053421v1","5610673","5610968","69","109735"
"JH378174","5519427","5519725","KQ053421v1","5610673","5610968","73","91246"
"JH378174","5523338","5523567","KQ055662v1","1890465","1890674","79","3632873"
"JH378174","5527609","5527735","KQ053398v1","2623748","2623879","33","2903861"
"JH378174","5530706","5531008","KQ053421v1","5610673","5610968","73","79967"
"JH378174","5541361","5541660","KQ053421v1","5610673","5610968","73","69312"
"JH378174","5581170","5581461","KQ053421v1","5610673","5610968","79","29503"
"JH378174","5656816","5657088","KQ055862v1","1305285","1305561","88","4351531"
"JH378174","5668106","5668411","KQ055352v1","6003171","6003466","70","335065"
"JH378174","5679428","5679713","KQ053421v1","5610673","5610968","89","68755"
"JH378174","5705826","5706118","KQ053421v1","5610673","5610968","66","95153"
"JH378174","5749571","5749861","KQ053421v1","5610673","5610968","79","138898"
"JH378174","5794971","5795267","KQ053421v1","5610673","5610968","75","184298"
"JH378174","5809678","5809972","KQ053421v1","5610673","5610968","66","199005"
"JH378174","5810570","5810876","KQ055352v1","6003171","6003466","69","192601"
"JH378174","5868129","5868429","KQ053421v1","5610673","5610968","65","257456"
"JH378174","5896052","5896333","KQ053421v1","5610673","5610968","83","285379"
"JH378174","5971053","5971342","KQ053421v1","5610673","5610968","83","360380"
"JH378174","6007099","6007404","KQ055352v1","6003171","6003466","71","3928"
"JH378174","6008007","6008311","KQ053421v1","5610673","5610968","85","397334"
"JH378174","6018046","6018379","KQ055267v1","513773","514088","93","5504273"
"JH378174","6027788","6028109","KQ053059v1","2548766","2549102","112","3479022"
"JH378174","6060039","6060337","KQ053421v1","5610673","5610968","70","449366"
"JH378174","6099249","6099550","KQ053421v1","5610673","5610968","66","488576"
"JH378174","6128201","6128506","KQ055352v1","6003171","6003466","69","125030"
"JH378174","6137596","6137879","KQ053421v1","5610673","5610968","82","526923"
"JH378174","6144501","6144793","KQ053421v1","5610673","5610968","80","533828"
"JH378174","6148955","6149254","KQ053421v1","5610673","5610968","82","538282"
"JH378174","6208255","6208538","KQ053421v1","5610673","5610968","80","597582"
"JH378174","6225092","6225396","KQ053421v1","5610673","5610968","72","614419"
"JH378174","6231125","6231412","KQ053421v1","5610673","5610968","81","620452"
"JH378174","6263188","6263489","KQ053421v1","5610673","5610968","67","652515"
"JH378174","6306655","6306940","KQ054815v1","2215557","2215844","75","4091098"
"JH378174","6327324","6327617","KQ053421v1","5610673","5610968","77","716651"
"JH378174","6505281","6505580","KQ053421v1","5610673","5610968","72","894608"
"JH378174","6551752","6551936","KQ058423v1","270754","270928","49","6280998"
"JH378174","6674510","6674802","KQ054815v1","2215557","2215844","96","4458953"
"JH378174","6703570","6703622","KQ054932v1","5044350","5044402","22","1659220"
"JH378174","6703647","6703726","KQ058316v1","2226037","2226104","34","4477610"
"JH378174","6747310","6747614","KQ058427v1","7786546","7786853","84","1039236"
"JH378174","6804859","6805170","KQ055267v1","513773","514088","78","6291086"
"JH378174","6826943","6827243","KQ053421v1","5610673","5610968","71","1216270"
"JH378174","6860240","6860524","KQ053421v1","5610673","5610968","83","1249567"
"JH378174","6962533","6962828","KQ055352v1","6003171","6003466","77","959362"
"JH378174","6964390","6964530","KQ053398v1","2623748","2623879","38","4340642"
"JH378174","6964631","6964815","KQ058423v1","270754","270928","42","6693877"
"JH378174","7029779","7030080","KQ053421v1","5610673","5610968","78","1419106"
"JH378174","7076098","7076401","KQ053421v1","5610673","5610968","70","1465425"
"JH378174","7081763","7082057","KQ053421v1","5610673","5610968","66","1471090"
"JH378174","7279118","7279390","KQ058339v1","4553625","4553889","86","2725493"
"JH378174","7408722","7409021","KQ053421v1","5610673","5610968","63","1798049"
"JH378174","7515565","7515772","KQ053531v1","6571","6737","76","7508994"
"JH378174","7854701","7854993","KQ053421v1","5610673","5610968","67","2244028"
"JH378174","7922256","7922562","KQ053421v1","5610673","5610968","89","2311583"
"JH378174","7929126","7929422","KQ053421v1","5610673","5610968","90","2318453"
"JH378174","7953736","7954047","KQ055267v1","513773","514088","68","7439963"
"JH378174","7963140","7963434","KQ053421v1","5610673","5610968","71","2352467"
"JH378174","7981114","7981424","KQ055352v1","6003171","6003466","70","1977943"
"JH378174","8204596","8204889","KQ053421v1","5610673","5610968","73","2593923"
"JH378174","8242140","8242448","KQ055352v1","6003171","6003466","72","2238969"
"JH378174","8262366","8262525","KQ053004v1","3064551","3064681","51","5197815"
"JH378174","8305903","8306212","KQ053421v1","5610673","5610968","78","2695230"
"JH378174","8389727","8390021","KQ053421v1","5610673","5610968","68","2779054"
"JH378174","8393300","8393596","KQ053421v1","5610673","5610968","84","2782627"
"JH378174","8421577","8421873","KQ053421v1","5610673","5610968","73","2810904"
"JH378174","8431597","8431876","KQ053421v1","5610673","5610968","80","2820924"
"JH378174","8461977","8462252","KQ053421v1","5610673","5610968","79","2851304"
"JH378174","8492236","8492531","KQ053421v1","5610673","5610968","71","2881563"
"JH378174","8510042","8510337","KQ053421v1","5610673","5610968","82","2899369"
"JH378174","8603205","8603373","KQ057204v1","2930576","2930741","40","5672629"
"JH378174","8620848","8621154","KQ053421v1","5610673","5610968","75","3010175"
"JH378174","8630019","8630314","KQ053421v1","5610673","5610968","62","3019346"
"JH378174","8649619","8649748","KQ053398v1","2623748","2623879","34","6025871"
"JH378174","8655776","8656075","KQ053421v1","5610673","5610968","71","3045103"
"JH378174","8666253","8666372","KQ053398v1","2623748","2623879","44","6042505"
"JH378174","8681956","8682267","KQ055267v1","513773","514088","73","8168183"
"JH378174","8687194","8687495","KQ053421v1","5610673","5610968","69","3076521"
"JH378174","8703797","8703939","KQ053398v1","2623748","2623879","40","6080049"
"JH378174","8704952","8705244","KQ053421v1","5610673","5610968","69","3094279"
"JH378174","8732257","8732568","KQ055352v1","6003171","6003466","71","2729086"
"JH378174","8743515","8743816","KQ053421v1","5610673","5610968","72","3132842"
"JH378174","8749237","8749552","KQ055267v1","513773","514088","77","8235464"
"JH378174","9070533","9070796","KQ053883v1","6938067","6938331","88","2132466"
"JH378174","9269209","9269323","KQ053398v1","2627781","2627909","44","6641428"
"JH378174","9277979","9278100","KQ056493v1","2043382","2043488","57","7234597"
"JH378174","9278120","9278422","KQ058427v1","7786546","7786853","90","1491574"
"JH378174","9285410","9285697","KQ053421v1","5610673","5610968","76","3674737"
"JH378174","9297903","9298049","KQ056920v1","183120","183261","39","9114783"
"JH378174","9298895","9299171","KQ058427v1","7786546","7786853","101","1512349"
"JH378174","9333397","9333695","KQ053421v1","5610673","5610968","73","3722724"
"JH378174","9352286","9352572","KQ054815v1","2215557","2215844","83","7136729"
"JH378174","9360728","9361009","KQ053785v1","888769","889063","87","8471959"
"JH378174","9415740","9416051","KQ055267v1","513773","514088","71","8901967"
"JH378174","9442438","9442714","KQ058339v1","4553625","4553889","81","4888813"
"JH378174","9519620","9519918","KQ053421v1","5610673","5610968","71","3908947"
"JH378174","9553618","9553903","KQ053785v1","888769","889063","87","8664849"
"JH378174","9558232","9558527","KQ053421v1","5610673","5610968","71","3947559"
"JH378174","9773758","9774065","KQ055352v1","6003171","6003466","76","3770587"
"JH378174","9799193","9799499","KQ055352v1","6003171","6003466","70","3796022"
"JH378174","9835461","9835599","KQ056920v1","183120","183261","30","9652341"
"JH378174","10017261","10017551","KQ053421v1","5610673","5610968","86","4406588"
"JH378174","10108079","10108378","KQ053421v1","5610673","5610968","69","4497406"
"JH378174","10315670","10315976","KQ055352v1","6003171","6003466","68","4312499"
"JH378174","10443053","10443356","KQ053421v1","5610673","5610968","74","4832380"
"JH378174","10517684","10517999","KQ055267v1","513773","514088","77","10003911"
"JH378174","10561049","10561104","KQ058561v1","4800360","4800424","28","5760689"
"JH378174","10617903","10618172","KQ058339v1","4553625","4553889","80","6064278"
"JH378174","10681365","10681665","KQ055267v1","513773","514088","74","10167592"
"JH378174","10895654","10895906","KQ058505v1","2207051","2207301","81","8688603"
"JH378174","11116646","11116923","KQ053421v1","5610673","5610968","80","5505973"
"JH378174","11242325","11242626","KQ053421v1","5610673","5610968","68","5631652"
"JH378174","11246116","11246410","KQ053421v1","5610673","5610968","69","5635443"
"JH378174","11410663","11410959","KQ053421v1","5610673","5610968","70","5799990"
"JH378174","11530149","11530457","KQ058427v1","7786546","7786853","76","3743603"
"JH378174","11706618","11706922","KQ055267v1","513773","514088","70","11192845"
"JH378174","11723560","11723873","KQ055267v1","513773","514088","90","11209787"
"JH378175","17083","17389","KQ053421v1","5610673","5610968","82","5593590"
"JH378175","73815","74104","KQ058640v1","643463","643729","79","569648"
"JH378175","89166","89476","KQ055352v1","6003171","6003466","71","5914005"
"JH378175","140109","140417","KQ058427v1","7786546","7786853","74","7646437"
"JH378175","156159","156448","KQ053421v1","5610673","5610968","80","5454514"
"JH378175","185704","186015","KQ055352v1","6003171","6003466","75","5817467"
"JH378175","195243","195552","KQ055352v1","6003171","6003466","69","5807928"
"JH378175","242660","242954","KQ053421v1","5610673","5610968","74","5368013"
"JH378175","253147","253454","KQ055352v1","6003171","6003466","70","5750024"
"JH378175","270681","270974","KQ053421v1","5610673","5610968","70","5339992"
"JH378175","272503","272744","KQ058242v1","595939","596205","76","323436"
"JH378175","307793","308085","KQ053421v1","5610673","5610968","73","5302880"
"JH378175","313151","313445","KQ053421v1","5610673","5610968","76","5297522"
"JH378175","314151","314287","KQ053398v1","2623748","2623879","44","2309597"
"JH378175","390844","391138","KQ053421v1","5610673","5610968","78","5219829"
"JH378175","394673","394972","KQ053421v1","5610673","5610968","70","5216000"
"JH378175","412812","413116","KQ053421v1","5610673","5610968","74","5197861"
"JH378175","439573","439874","KQ055267v1","513773","514088","76","74200"
"JH378175","448237","448347","KQ055717v1","1610376","1610476","45","1162139"
"JH378175","499245","499554","KQ053421v1","5610673","5610968","83","5111428"
"JH378175","574878","575174","KQ058427v1","7786546","7786853","81","7211668"
"JH378175","611430","611721","KQ053421v1","5610673","5610968","73","4999243"
"JH378175","619902","620184","KQ053421v1","5610673","5610968","85","4990771"
"JH378175","621424","621731","KQ058427v1","7786546","7786853","76","7165122"
"JH378175","693401","693691","KQ058339v1","4553625","4553889","79","3860224"
"JH378175","717776","718063","KQ053421v1","5610673","5610968","80","4892897"
"JH378175","720654","720956","KQ053421v1","5610673","5610968","69","4890019"
"JH378175","739764","740068","KQ053421v1","5610673","5610968","78","4870909"
"JH378175","789875","790171","KQ053421v1","5610673","5610968","70","4820798"
"JH378175","814387","814671","KQ053421v1","5610673","5610968","88","4796286"
"JH378175","848508","848708","KQ052982v1","2032903","2033097","51","1184395"
"JH378175","849258","849384","KQ053398v1","2623748","2623879","31","1774490"
"JH378175","906275","906585","KQ055267v1","513773","514088","77","392502"
"JH378175","910647","910941","KQ053421v1","5610673","5610968","72","4700026"
"JH378175","923946","924253","KQ053421v1","5610673","5610968","81","4686727"
"JH378175","930316","930609","KQ053421v1","5610673","5610968","83","4680357"
"JH378175","942547","942853","KQ053421v1","5610673","5610968","87","4668126"
"JH378175","950653","950959","KQ055267v1","513773","514088","71","436880"
"JH378175","957686","957997","KQ055352v1","6003171","6003466","73","5045485"
"JH378175","978089","978345","KQ053883v1","6938067","6938331","83","5959978"
"JH378175","1033519","1033661","KQ053398v1","2623748","2623879","41","1590229"
"JH378175","1145223","1145528","KQ055352v1","6003171","6003466","70","4857948"
"JH378175","1220020","1220319","KQ053421v1","5610673","5610968","67","4390653"
"JH378175","1354012","1354273","KQ058242v1","595939","596205","61","758073"
"JH378175","1394373","1394667","KQ053421v1","5610673","5610968","62","4216300"
"JH378175","1417393","1417697","KQ055352v1","6003171","6003466","72","4585778"
"JH378175","1434284","1434579","KQ053421v1","5610673","5610968","71","4176389"
"JH378175","1450353","1450655","KQ055352v1","6003171","6003466","70","4552818"
"JH378175","1593707","1593980","KQ053421v1","5610673","5610968","92","4016966"
"JH378175","1678574","1678889","KQ058427v1","7786546","7786853","85","6107972"
"JH378175","1680431","1680733","KQ053421v1","5610673","5610968","81","3930242"
"JH378175","1707833","1708181","KQ053059v1","2548766","2549102","111","840933"
"JH378175","1825363","1825659","KQ058427v1","6786866","6787134","83","4961503"
"JH378175","1827896","1828188","KQ053421v1","5610673","5610968","79","3782777"
"JH378175","1886963","1887275","KQ053421v1","5610673","5610968","78","3723710"
"JH378175","1942672","1942983","KQ055352v1","6003171","6003466","78","4060499"
"JH378175","1943225","1943528","KQ055352v1","6003171","6003466","75","4059946"
"JH378175","1987430","1987734","KQ053421v1","5610673","5610968","76","3623243"
"JH378175","1989635","1989853","KQ052982v1","2032903","2033097","61","43268"
"JH378175","2200154","2200465","KQ055352v1","6003171","6003466","72","3803017"
"JH378175","2250995","2251282","KQ053421v1","5610673","5610968","74","3359678"
"JH378175","2311706","2311914","KQ052982v1","2032903","2033097","54","278803"
"JH378175","2346999","2347271","KQ055717v1","1610777","1611031","93","736222"
"JH378175","2364880","2365190","KQ055267v1","513773","514088","74","1851107"
"JH378175","2384342","2384633","KQ053421v1","5610673","5610968","86","3226331"
"JH378175","2420148","2420431","KQ053421v1","5610673","5610968","80","3190525"
"JH378175","2424990","2425299","KQ053421v1","5610673","5610968","79","3185683"
"JH378175","2455070","2455380","KQ053421v1","5610673","5610968","81","3155603"
"JH378175","2455418","2455566","KQ053398v1","2623748","2623879","54","168330"
"JH378175","2456074","2456224","KQ054401v1","3363241","3363379","44","907167"
"JH378175","2502862","2503151","KQ053421v1","5610673","5610968","69","3107811"
"JH378175","2518641","2518830","KQ055978v1","4311984","4312161","47","1793343"
"JH378175","2521553","2521843","KQ053421v1","5610673","5610968","78","3089120"
"JH378175","2539038","2539335","KQ053421v1","5610673","5610968","71","3071635"
"JH378175","2544193","2544498","KQ053421v1","5610673","5610968","75","3066480"
"JH378175","2547352","2547652","KQ053421v1","5610673","5610968","68","3063321"
"JH378175","2564436","2564747","KQ055352v1","6003171","6003466","81","3438735"
"JH378175","2660045","2660356","KQ055352v1","6003171","6003466","70","3343126"
"JH378175","2729334","2729564","KQ054068v1","3638075","3638299","77","908741"
"JH378175","2752200","2752495","KQ053421v1","5610673","5610968","70","2858473"
"JH378175","2756828","2757125","KQ053421v1","5610673","5610968","68","2853845"
"JH378175","2770403","2770714","KQ058394v1","9655127","9655422","88","6884724"
"JH378175","2852126","2852373","KQ058509v1","24058","24271","74","2828068"
"JH378175","2889640","2889822","KQ058274v1","300327","300497","63","2589313"
"JH378175","2889827","2889906","KQ055394v1","3161316","3161387","39","271489"
"JH378175","2890574","2890715","KQ054401v1","3363241","3363379","41","472667"
"JH378175","2894592","2894895","KQ053421v1","5610673","5610968","85","2716081"
"JH378175","2918715","2919020","KQ058427v1","7786546","7786853","84","4867831"
"JH378175","2988368","2988671","KQ055862v1","1305285","1305561","83","1683083"
"JH378175","3071008","3071280","KQ057186v1","783828","784085","80","2287180"
"JH378175","3121446","3121747","KQ053421v1","5610673","5610968","79","2489227"
"JH378175","3130332","3130536","KQ052982v1","2032903","2033097","49","1097429"
"JH378175","3185729","3186039","KQ055267v1","513773","514088","72","2671956"
"JH378175","3229036","3229311","KQ053421v1","5610673","5610968","84","2381637"
"JH378175","3268359","3268608","KQ058242v1","595939","596205","82","2672420"
"JH378175","3284628","3284916","KQ058242v1","595939","596205","81","2688689"
"JH378175","3289060","3289182","KQ053398v1","2627781","2627909","40","661279"
"JH378175","3307544","3307825","KQ058242v1","595939","596205","104","2711605"
"JH378175","3311506","3311778","KQ057901v1","868884","869144","90","2442622"
"JH378175","3323457","3323753","KQ053421v1","5610673","5610968","84","2287216"
"JH378175","3323943","3324251","KQ055352v1","6003171","6003466","92","2679228"
"JH378175","3393496","3393785","KQ053421v1","5610673","5610968","84","2217177"
"JH378175","3708889","3709205","KQ055352v1","6003171","6003466","77","2294282"
"JH378175","3729069","3729353","KQ053421v1","5610673","5610968","81","1881604"
"JH378175","3753173","3753479","KQ055352v1","6003171","6003466","71","2249998"
"JH378175","3981142","3981447","KQ053421v1","5610673","5610968","79","1629531"
"JH378175","4016429","4016761","KQ053421v1","5610673","5610968","106","1594244"
"JH378175","4023045","4023175","KQ053398v1","2623748","2623879","35","1399297"
"JH378175","4068736","4069040","KQ055352v1","6003171","6003466","70","1934435"
"JH378175","4088221","4088520","KQ053421v1","5610673","5610968","83","1522452"
"JH378175","4120972","4121276","KQ058427v1","7786546","7786853","77","3665574"
"JH378175","4155254","4155388","KQ054401v1","3363241","3363379","34","792013"
"JH378175","4191533","4191826","KQ053421v1","5610673","5610968","80","1419140"
"JH378175","4210187","4210479","KQ058427v1","7786546","7786853","76","3576359"
"JH378175","4327628","4327858","KQ057186v1","783828","784085","87","3543800"
"JH378175","4473111","4473420","KQ055352v1","6003171","6003466","71","1530060"
"JH378175","4541516","4541824","KQ055267v1","513773","514088","67","4027743"
"JH378175","4565499","4565801","KQ055267v1","513773","514088","85","4051726"
"JH378175","4585728","4586029","KQ053421v1","5610673","5610968","69","1024945"
"JH378175","4603595","4603889","KQ053421v1","5610673","5610968","70","1007078"
"JH378175","4641208","4641504","KQ053421v1","5610673","5610968","71","969465"
"JH378175","4664513","4664814","KQ053421v1","5610673","5610968","76","946160"
"JH378175","4687449","4687756","KQ053421v1","5610673","5610968","76","923224"
"JH378175","4712928","4713131","KQ055662v1","1890465","1890674","56","2822463"
"JH378175","4713860","4713942","KQ056235v1","1266284","1266361","21","3447576"
"JH378175","4714032","4714284","KQ058242v1","595939","596205","80","4118093"
"JH378175","4769301","4769614","KQ053421v1","5610673","5610968","82","841372"
"JH378175","4901976","4902288","KQ058427v1","7786546","7786853","73","2884570"
"JH378175","4943993","4944294","KQ053421v1","5610673","5610968","66","666680"
"JH378175","4947074","4947358","KQ053421v1","5610673","5610968","87","663599"
"JH378175","4965009","4965313","KQ053421v1","5610673","5610968","71","645664"
"JH378175","5352922","5353227","KQ053421v1","5610673","5610968","92","257751"
"JH378175","5415554","5415845","KQ053421v1","5610673","5610968","87","195119"
"JH378175","5601813","5602106","KQ053421v1","5610673","5610968","76","8860"
"JH378175","5650870","5651086","KQ055662v1","1890465","1890674","71","3760405"
"JH378175","5662277","5662573","KQ053421v1","5610673","5610968","78","51604"
"JH378175","5671843","5672116","KQ053421v1","5610673","5610968","81","61170"
"JH378175","5732434","5732710","KQ058339v1","4553625","4553889","84","1178809"
"JH378175","5748657","5748970","KQ055267v1","513773","514088","81","5234884"
"JH378175","5776314","5776521","KQ055662v1","1890465","1890674","59","3885849"
"JH378175","5784021","5784328","KQ055352v1","6003171","6003466","70","219150"
"JH378175","5785343","5785380","KQ057781v1","1046874","1046906","19","4738469"
"JH378175","5805360","5805651","KQ053421v1","5610673","5610968","83","194687"
"JH378175","5807934","5808268","KQ055267v1","513773","514088","97","5294161"
"JH378175","5845535","5845824","KQ053421v1","5610673","5610968","65","234862"
"JH378175","5850753","5851056","KQ055352v1","6003171","6003466","74","152418"
"JH378175","5886193","5886486","KQ053421v1","5610673","5610968","85","275520"
"JH378175","6088902","6089214","KQ053135v1","5034940","5035266","92","1053962"
"JH378175","6124681","6124898","KQ055662v1","1890465","1890674","65","4234216"
"JH378175","6340712","6340999","KQ053421v1","5610673","5610968","82","730039"
"JH378175","6380763","6381070","KQ053421v1","5610673","5610968","78","770090"
"JH378175","6395559","6395861","KQ053421v1","5610673","5610968","74","784886"
"JH378175","6408303","6408608","KQ053421v1","5610673","5610968","68","797630"
"JH378175","6411625","6411745","KQ053398v1","2623748","2623879","41","3787877"
"JH378175","6469771","6470077","KQ055267v1","513773","514088","86","5955998"
"JH378175","6472203","6472511","KQ055352v1","6003171","6003466","74","469032"
"JH378175","6496618","6496740","KQ053398v1","2623748","2623879","37","3872870"
"JH378175","6499357","6499682","KQ053135v1","5034940","5035266","90","1464417"
"JH378175","6528035","6528321","KQ053421v1","5610673","5610968","77","917362"
"JH378175","6688971","6689133","KQ053993v1","1251070","1251235","35","5437901"
"JH378175","6718540","6718837","KQ053421v1","5610673","5610968","75","1107867"
"JH378175","6726771","6727070","KQ053421v1","5610673","5610968","67","1116098"
"JH378175","6743485","6743794","KQ053421v1","5610673","5610968","72","1132812"
"JH378175","6763507","6763810","KQ055267v1","513773","514088","76","6249734"
"JH378175","6769052","6769311","KQ057909v1","9290159","9290423","89","2521107"
"JH378175","6924518","6924810","KQ053421v1","5610673","5610968","83","1313845"
"JH378175","6990112","6990415","KQ053421v1","5610673","5610968","82","1379439"
"JH378175","7033628","7033938","KQ055267v1","513773","514088","74","6519855"
"JH378175","7035011","7035304","KQ053421v1","5610673","5610968","76","1424338"
"JH378175","7073216","7073516","KQ053421v1","5610673","5610968","69","1462543"
"JH378175","7120625","7120769","KQ056911v1","1421731","1421862","44","5698894"
"JH378175","7168332","7168633","KQ053421v1","5610673","5610968","67","1557659"
"JH378175","7217569","7217864","KQ053421v1","5610673","5610968","68","1606896"
"JH378175","7228391","7228692","KQ053421v1","5610673","5610968","80","1617718"
"JH378175","7301115","7301415","KQ053421v1","5610673","5610968","80","1690442"
"JH378175","7323107","7323405","KQ053421v1","5610673","5610968","78","1712434"
"JH378175","7338301","7338601","KQ053421v1","5610673","5610968","74","1727628"
"JH378175","7364251","7364544","KQ053421v1","5610673","5610968","79","1753578"
"JH378175","7402708","7402987","KQ053421v1","5610673","5610968","80","1792035"
"JH378175","7403450","7403749","KQ053421v1","5610673","5610968","73","1792777"
"JH378175","7403958","7404165","KQ055662v1","1890465","1890674","66","5513493"
"JH378175","7407648","7407925","KQ053421v1","5610673","5610968","87","1796975"
"JH378175","7453047","7453357","KQ055352v1","6003171","6003466","73","1449876"
"JH378175","7460585","7460793","KQ058274v1","300327","300497","78","7160258"
"JH378175","7541030","7541333","KQ053421v1","5610673","5610968","78","1930357"
"JH378175","7648281","7648584","KQ053421v1","5610673","5610968","68","2037608"
"JH378175","7687217","7687510","KQ055267v1","513773","514088","81","7173444"
"JH378175","7813097","7813395","KQ053421v1","5610673","5610968","67","2202424"
"JH378175","7848271","7848577","KQ055352v1","6003171","6003466","72","1845100"
"JH378175","7936195","7936492","KQ053421v1","5610673","5610968","68","2325522"
"JH378175","7949399","7949664","KQ058242v1","595939","596205","79","7353460"
"JH378175","8119660","8119954","KQ057901v1","868884","869144","88","7250776"
"JH378175","8173420","8173708","KQ053421v1","5610673","5610968","67","2562747"
"JH378175","8289015","8289321","KQ053421v1","5610673","5610968","86","2678342"
"JH378175","8471671","8471957","KQ053421v1","5610673","5610968","67","2860998"
"JH378175","8782436","8782719","KQ053421v1","5610673","5610968","85","3171763"
"JH378175","8788539","8788842","KQ053421v1","5610673","5610968","93","3177866"
"JH378175","8829243","8829544","KQ053421v1","5610673","5610968","75","3218570"
"JH378175","8897559","8897861","KQ053421v1","5610673","5610968","83","3286886"
"JH378175","8944072","8944371","KQ053421v1","5610673","5610968","73","3333399"
"JH378175","8985002","8985292","KQ053421v1","5610673","5610968","76","3374329"
"JH378175","9065154","9065458","KQ055352v1","6003171","6003466","69","3061983"
"JH378175","9129102","9129405","KQ055352v1","6003171","6003466","72","3125931"
"JH378175","9150981","9151280","KQ053421v1","5610673","5610968","69","3540308"
"JH378175","9172779","9173001","KQ056064v1","326763","326940","84","8846016"
"JH378175","9292895","9293203","KQ055267v1","513773","514088","74","8779122"
"JH378175","9303055","9303286","KQ055717v1","1610777","1611031","93","7692278"
"JH378175","9316873","9317156","KQ058339v1","4553625","4553889","81","4763248"
"JH378175","9347693","9347918","KQ058274v1","300327","300497","79","9047366"
"JH378175","9382828","9383125","KQ053421v1","5610673","5610968","73","3772155"
"JH378175","9429581","9429886","KQ053421v1","5610673","5610968","77","3818908"
"JH378175","9453020","9453314","KQ058394v1","9655127","9655422","79","202107"
"JH378175","9505167","9505477","KQ058427v1","7786546","7786853","75","1718621"
"JH378175","9612181","9612479","KQ053421v1","5610673","5610968","68","4001508"
"JH378175","9673259","9673559","KQ053421v1","5610673","5610968","72","4062586"
"JH378175","9703828","9704121","KQ053421v1","5610673","5610968","82","4093155"
"JH378175","9748721","9749015","KQ053421v1","5610673","5610968","82","4138048"
"JH378175","9836757","9837057","KQ053421v1","5610673","5610968","83","4226084"
"JH378175","9881264","9881558","KQ053421v1","5610673","5610968","78","4270591"
"JH378175","9947478","9947789","KQ058427v1","7786546","7786853","84","2160932"
"JH378175","10560120","10560413","KQ053421v1","5610673","5610968","78","4949447"
"JH378175","10606118","10606426","KQ058427v1","7786546","7786853","78","2819572"
"JH378175","10635537","10635596","KQ056173v1","291119","291185","23","10344418"
"JH378175","10666188","10666497","KQ058427v1","7786546","7786853","74","2879642"
"JH378175","10692996","10693290","KQ053421v1","5610673","5610968","69","5082323"
"JH378175","10793201","10793331","KQ053398v1","2623748","2623879","38","8169453"
"JH378175","10875305","10875587","KQ053421v1","5610673","5610968","84","5264632"
"JH378175","10912190","10912492","KQ053421v1","5610673","5610968","71","5301517"
"JH378175","10962782","10963087","KQ058427v1","7786546","7786853","77","3176236"
"JH378175","10980036","10980333","KQ053421v1","5610673","5610968","65","5369363"
"JH378175","11024174","11024477","KQ053421v1","5610673","5610968","72","5413501"
"JH378175","11119143","11119461","KQ053421v1","5610673","5610968","97","5508470"
"JH378175","11194434","11194727","KQ053421v1","5610673","5610968","84","5583761"
"JH378175","11549941","11550236","KQ055862v1","1305285","1305561","80","10244656"
"JH378176","35937","36244","KQ055352v1","6003171","6003466","70","5967234"
"JH378176","65274","65570","KQ053421v1","5610673","5610968","78","5545399"
"JH378176","280267","280557","KQ053421v1","5610673","5610968","72","5330406"
"JH378176","578335","578630","KQ053421v1","5610673","5610968","68","5032338"
"JH378176","623299","623593","KQ053421v1","5610673","5610968","71","4987374"
"JH378176","634180","634476","KQ053421v1","5610673","5610968","72","4976493"
"JH378176","678405","678714","KQ058427v1","7786546","7786853","77","7108141"
"JH378176","753417","753688","KQ058242v1","595939","596205","75","157478"
"JH378176","820304","820612","KQ058427v1","7786546","7786853","77","6966242"
"JH378176","887617","887706","KQ053004v1","5079579","5079652","41","4191962"
"JH378176","1066619","1066921","KQ053421v1","5610673","5610968","84","4544054"
"JH378176","1131313","1131617","KQ053421v1","5610673","5610968","73","4479360"
"JH378176","1214326","1214628","KQ053421v1","5610673","5610968","77","4396347"
"JH378176","1364713","1364999","KQ053421v1","5610673","5610968","101","4245960"
"JH378176","1664478","1664748","KQ056321v1","575951","576190","103","1088527"
"JH378176","1739815","1740117","KQ053421v1","5610673","5610968","70","3870858"
"JH378176","2080487","2080767","KQ058640v1","643463","643729","90","1437024"
"JH378176","2153636","2153924","KQ053421v1","5610673","5610968","77","3457037"
"JH378176","2356730","2357037","KQ053421v1","5610673","5610968","81","3253943"
"JH378176","2446788","2447087","KQ053421v1","5610673","5610968","69","3163885"
"JH378176","2457082","2457385","KQ055352v1","6003171","6003466","73","3546089"
"JH378176","2665779","2666075","KQ053421v1","5610673","5610968","68","2944894"
"JH378176","2677363","2677539","KQ057204v1","2930576","2930741","53","253213"
"JH378176","2712166","2712448","KQ055862v1","1305285","1305561","86","1406881"
"JH378176","2737696","2737993","KQ053421v1","5610673","5610968","74","2872977"
"JH378176","2897124","2897434","KQ053421v1","5610673","5610968","83","2713549"
"JH378176","3019802","3019967","KQ054510v1","7582269","7582431","45","4562467"
"JH378176","3125651","3125933","KQ057186v1","783828","784085","77","2341823"
"JH378176","3131968","3132267","KQ053421v1","5610673","5610968","70","2478705"
"JH378176","3289550","3289834","KQ053421v1","5610673","5610968","80","2321123"
"JH378176","3342801","3343114","KQ055267v1","513773","514088","78","2829028"
"JH378176","3513115","3513409","KQ053421v1","5610673","5610968","71","2097558"
"JH378176","3522676","3522961","KQ053421v1","5610673","5610968","82","2087997"
"JH378176","3535061","3535383","KQ055352v1","6003171","6003466","97","2468110"
"JH378176","3535831","3536124","KQ053421v1","5610673","5610968","69","2074842"
"JH378176","4349336","4349557","KQ058594v1","5950443","5950621","87","1601107"
"JH378176","4843161","4843463","KQ058427v1","7786546","7786853","69","2943385"
"JH378176","4876625","4876934","KQ055267v1","513773","514088","75","4362852"
"JH378176","4884644","4884937","KQ053421v1","5610673","5610968","70","726029"
"JH378176","4892534","4892827","KQ053421v1","5610673","5610968","70","718139"
"JH378176","4971319","4971664","KQ055267v1","513773","514088","114","4457546"
"JH378176","5198034","5198156","KQ053398v1","2623748","2623879","40","2574286"
"JH378176","5226223","5226512","KQ053421v1","5610673","5610968","75","384450"
"JH378176","5227180","5227466","KQ053421v1","5610673","5610968","97","383493"
"JH378176","5237730","5238040","KQ055352v1","6003171","6003466","81","765441"
"JH378176","5239390","5239686","KQ053421v1","5610673","5610968","70","371283"
"JH378176","5260112","5260408","KQ058242v1","595939","596205","87","4664173"
"JH378176","5261117","5261416","KQ053421v1","5610673","5610968","72","349556"
"JH378176","5266274","5266568","KQ053421v1","5610673","5610968","72","344399"
"JH378176","5268648","5268806","KQ058274v1","300327","300497","65","4968321"
"JH378176","5337928","5338222","KQ058427v1","7786546","7786853","92","2448618"
"JH378176","5459785","5460083","KQ053421v1","5610673","5610968","71","150888"
"JH378176","5520925","5521230","KQ058427v1","7786546","7786853","84","2265621"
"JH378176","5594242","5594538","KQ053421v1","5610673","5610968","80","16431"
"JH378176","5845216","5845517","KQ053421v1","5610673","5610968","68","234543"
"JH378176","5992842","5993126","KQ058242v1","595939","596205","75","5396903"
"JH378176","6005859","6006151","KQ053421v1","5610673","5610968","84","395186"
"JH378176","6399555","6399845","KQ058242v1","595939","596205","82","5803616"
"JH378176","6691034","6691330","KQ053421v1","5610673","5610968","70","1080361"
"JH378176","6950112","6950408","KQ053421v1","5610673","5610968","71","1339439"
"JH378176","6975891","6976124","KQ058509v1","24058","24271","73","6951833"
"JH378176","7072543","7072826","KQ058242v1","595939","596205","97","6476604"
"JH378176","7092740","7092981","KQ058242v1","595939","596205","82","6496801"
"JH378176","7131426","7131639","KQ053234v1","1679581","1679757","72","5451845"
"JH378176","7137414","7137730","KQ055267v1","513773","514088","74","6623641"
"JH378176","7139428","7139739","KQ055352v1","6003171","6003466","74","1136257"
"JH378176","7152681","7152992","KQ055267v1","513773","514088","72","6638908"
"JH378176","7294419","7294692","KQ055830v1","661716","661986","86","6632703"
"JH378176","7337627","7337920","KQ055862v1","1305285","1305561","100","6032342"
"JH378176","7434584","7434877","KQ053421v1","5610673","5610968","84","1823911"
"JH378176","7685401","7685709","KQ053421v1","5610673","5610968","86","2074728"
"JH378176","7738139","7738443","KQ053421v1","5610673","5610968","67","2127466"
"JH378176","7906014","7906308","KQ054815v1","2215557","2215844","87","5690457"
"JH378176","8042570","8042873","KQ053421v1","5610673","5610968","78","2431897"
"JH378176","8178590","8178898","KQ053421v1","5610673","5610968","75","2567917"
"JH378176","8223776","8224071","KQ055352v1","6003171","6003466","68","2220605"
"JH378176","8442312","8442594","KQ053785v1","888769","889063","83","7553543"
"JH378176","8853635","8853933","KQ053421v1","5610673","5610968","79","3242962"
"JH378176","8857632","8857903","KQ053421v1","5610673","5610968","85","3246959"
"JH378176","8866440","8866717","KQ058242v1","595939","596205","71","8270501"
"JH378176","8872120","8872398","KQ053785v1","888769","889063","77","7983351"
"JH378176","8885790","8886100","KQ053421v1","5610673","5610968","78","3275117"
"JH378176","8904043","8904355","KQ055352v1","6003171","6003466","75","2900872"
"JH378176","8909227","8909552","KQ053421v1","5610673","5610968","94","3298554"
"JH378176","8934245","8934539","KQ053421v1","5610673","5610968","73","3323572"
"JH378176","8938965","8939248","KQ053421v1","5610673","5610968","80","3328292"
"JH378176","9000001","9000091","KQ056235v1","1266284","1266361","29","7733717"
"JH378176","9023921","9024144","KQ052982v1","2032903","2033097","74","6991018"
"JH378176","9072055","9072371","KQ053785v1","888769","889063","101","8183286"
"JH378176","9080788","9081062","KQ055862v1","1305285","1305561","78","7775503"
"JH378176","9244993","9245277","KQ053421v1","5610673","5610968","89","3634320"
"JH378176","9292546","9292854","KQ055352v1","6003171","6003466","77","3289375"
"JH378176","9297028","9297286","KQ055717v1","1610777","1611031","83","7686251"
"JH378176","9309175","9309452","KQ057186v1","783828","784085","79","8525347"
"JH378176","9331241","9331556","KQ053421v1","5610673","5610968","88","3720568"
"JH378176","9397991","9398078","KQ056235v1","1266284","1266361","28","8131707"
"JH378176","9408745","9409047","KQ058427v1","7786546","7786853","82","1622199"
"JH378176","9445894","9446189","KQ053421v1","5610673","5610968","71","3835221"
"JH378176","9506054","9506350","KQ053421v1","5610673","5610968","75","3895381"
"JH378176","9654641","9654951","KQ053421v1","5610673","5610968","76","4043968"
"JH378176","9661229","9661525","KQ053421v1","5610673","5610968","68","4050556"
"JH378176","9690812","9691112","KQ053421v1","5610673","5610968","77","4080139"
"JH378176","9701599","9701894","KQ053421v1","5610673","5610968","71","4090926"
"JH378176","9778379","9778683","KQ055352v1","6003171","6003466","68","3775208"
"JH378176","9797851","9798133","KQ053785v1","888769","889063","82","8909082"
"JH378176","9848600","9848875","KQ058427v1","7786546","7786853","95","2062054"
"JH378176","9883088","9883331","KQ058242v1","595939","596205","84","9287149"
"JH378176","9901729","9901851","KQ053398v1","2623748","2623879","38","7277981"
"JH378176","9902572","9902685","KQ055717v1","1610376","1610476","46","8292196"
"JH378176","9962845","9963081","KQ058509v1","24058","24271","72","9938787"
"JH378176","10001021","10001111","KQ056235v1","1266284","1266361","25","8734737"
"JH378176","10001305","10001458","KQ053004v1","3064551","3064681","47","6936754"
"JH378176","10004172","10004353","KQ058350v1","9514178","9514352","36","489994"
"JH378176","10008938","10009045","KQ056235v1","1266284","1266361","41","8742654"
"JH378176","10105856","10106045","KQ052982v1","2032903","2033097","47","8072953"
"JH378176","10112235","10112535","KQ053421v1","5610673","5610968","78","4501562"
"JH378176","10213239","10213548","KQ053421v1","5610673","5610968","88","4602566"
"JH378176","10242069","10242390","KQ053421v1","5610673","5610968","91","4631396"
"JH378176","10251496","10251713","KQ053234v1","1414405","1414609","62","8837091"
"JH378176","10254035","10254316","KQ053421v1","5610673","5610968","86","4643362"
"JH378176","10262204","10262514","KQ058427v1","7786546","7786853","91","2475658"
"JH378176","10292812","10293103","KQ055267v1","513773","514088","89","9779039"
"JH378176","10410673","10410970","KQ053785v1","888769","889063","90","9521904"
"JH378176","10493692","10493954","KQ057186v1","783828","784085","77","9709864"
"JH378176","10513991","10514292","KQ053421v1","5610673","5610968","69","4903318"
"JH378176","10571114","10571411","KQ053421v1","5610673","5610968","69","4960441"
"JH378176","10589164","10589464","KQ053421v1","5610673","5610968","71","4978491"
"JH378176","10596239","10596369","KQ053398v1","2623748","2623879","30","7972491"
"JH378176","10690813","10691121","KQ053421v1","5610673","5610968","87","5080140"
"JH378176","10694999","10695045","KQ058561v1","4800360","4800424","24","5894639"
"JH378176","10717438","10717762","KQ055352v1","6003171","6003466","155","4714267"
"JH378176","10765932","10766223","KQ053421v1","5610673","5610968","73","5155259"
"JH378176","10775559","10775677","KQ053398v1","2627781","2627909","49","8147778"
"JH378176","10775857","10775995","KQ056920v1","183120","183261","44","10592737"
"JH378176","10783659","10783959","KQ053421v1","5610673","5610968","76","5172986"
"JH378176","10789389","10789686","KQ058242v1","595939","596205","89","10193450"
"JH378176","10880818","10881120","KQ053421v1","5610673","5610968","66","5270145"
"JH378176","10884624","10884897","KQ058640v1","643463","643729","91","10241161"
"JH378176","10912955","10913103","KQ057161v1","453350","453459","62","10459605"
"JH378176","10916115","10916418","KQ053421v1","5610673","5610968","71","5305442"
"JH378176","10924589","10924884","KQ053421v1","5610673","5610968","79","5313916"
"JH378176","11004952","11005266","KQ055267v1","513773","514088","88","10491179"
"JH378176","11021240","11021545","KQ053421v1","5610673","5610968","77","5410567"
"JH378176","11064042","11064341","KQ053421v1","5610673","5610968","67","5453369"
"JH378176","11092138","11092438","KQ053421v1","5610673","5610968","72","5481465"
"JH378176","11120784","11121077","KQ058427v1","7786546","7786853","88","3334238"
"JH378176","11166092","11166400","KQ053421v1","5610673","5610968","80","5555419"
"JH378176","11168764","11169042","KQ058242v1","595939","596205","79","10572825"
"JH378176","11216658","11216967","KQ053421v1","5610673","5610968","73","5605985"
"JH378176","11290439","11290750","KQ055352v1","6003171","6003466","78","5287268"
"JH378177","50104","50399","KQ053421v1","5610673","5610968","78","5560569"
"JH378177","173882","174163","KQ058242v1","595939","596205","94","422057"
"JH378177","226737","227034","KQ053421v1","5610673","5610968","68","5383936"
"JH378177","229372","229652","KQ058339v1","4553625","4553889","83","4324253"
"JH378177","281070","281329","KQ058505v1","2207051","2207301","79","1925981"
"JH378177","289866","290166","KQ053421v1","5610673","5610968","77","5320807"
"JH378177","387059","387347","KQ053421v1","5610673","5610968","82","5223614"
"JH378177","406243","406539","KQ055267v1","513773","514088","82","107530"
"JH378177","414477","414650","KQ057570v1","12878","13054","65","401599"
"JH378177","443616","443904","KQ053421v1","5610673","5610968","78","5167057"
"JH378177","459010","459237","KQ054954v1","1680710","1680882","80","1221700"
"JH378177","459817","459948","KQ053398v1","2623748","2623879","30","2163931"
"JH378177","488160","488431","KQ053421v1","5610673","5610968","98","5122513"
"JH378177","520202","520490","KQ053421v1","5610673","5610968","80","5090471"
"JH378177","534043","534347","KQ055267v1","513773","514088","94","20270"
"JH378177","534395","534677","KQ053421v1","5610673","5610968","87","5076278"
"JH378177","627889","628104","KQ056005v1","1024192","1024395","52","396303"
"JH378177","628151","628247","KQ056235v1","1266284","1266361","30","638133"
"JH378177","639599","639867","KQ053421v1","5610673","5610968","86","4971074"
"JH378177","712304","712580","KQ053785v1","888769","889063","82","176465"
"JH378177","764936","765235","KQ053421v1","5610673","5610968","76","4845737"
"JH378177","767376","767683","KQ055267v1","513773","514088","73","253603"
"JH378177","805405","805534","KQ053398v1","2623748","2623879","30","1818343"
"JH378177","806080","806354","KQ053421v1","5610673","5610968","84","4804593"
"JH378177","909582","909873","KQ053421v1","5610673","5610968","80","4701091"
"JH378177","922858","923171","KQ055267v1","513773","514088","82","409085"
"JH378177","1133946","1134119","KQ058350v1","9514178","9514352","41","8380232"
"JH378177","1171056","1171367","KQ058427v1","7786546","7786853","81","6615490"
"JH378177","1176159","1176430","KQ058640v1","643463","643729","81","532696"
"JH378177","1201197","1201274","KQ056235v1","1266284","1266361","18","65087"
"JH378177","1216428","1216736","KQ053421v1","5610673","5610968","79","4394245"
"JH378177","1233674","1233982","KQ058427v1","7786546","7786853","74","6552872"
"JH378177","1251664","1251970","KQ055352v1","6003171","6003466","65","4751507"
"JH378177","1258145","1258450","KQ053421v1","5610673","5610968","81","4352528"
"JH378177","1276808","1277100","KQ053421v1","5610673","5610968","69","4333865"
"JH378177","1514924","1515238","KQ053421v1","5610673","5610968","78","4095749"
"JH378177","1520948","1521210","KQ058339v1","4553625","4553889","78","3032677"
"JH378177","1538529","1538829","KQ053421v1","5610673","5610968","72","4072144"
"JH378177","1540763","1541076","KQ053421v1","5610673","5610968","71","4069910"
"JH378177","1547295","1547591","KQ053421v1","5610673","5610968","72","4063378"
"JH378177","1549132","1549425","KQ053421v1","5610673","5610968","72","4061541"
"JH378177","1567347","1567552","KQ056064v1","326763","326940","72","1240584"
"JH378177","1597716","1597962","KQ058509v1","24058","24271","96","1573658"
"JH378177","1612920","1613069","KQ054401v1","3363241","3363379","46","1750321"
"JH378177","1660277","1660574","KQ053421v1","5610673","5610968","73","3950396"
"JH378177","1689732","1690012","KQ058242v1","595939","596205","79","1093793"
"JH378177","1706596","1706897","KQ053421v1","5610673","5610968","74","3904077"
"JH378177","1745445","1745744","KQ053421v1","5610673","5610968","74","3865228"
"JH378177","1756224","1756521","KQ053421v1","5610673","5610968","66","3854449"
"JH378177","1811322","1811623","KQ053421v1","5610673","5610968","66","3799351"
"JH378177","1861471","1861779","KQ055352v1","6003171","6003466","80","4141700"
"JH378177","1881268","1881560","KQ053421v1","5610673","5610968","69","3729405"
"JH378177","1892852","1893153","KQ053421v1","5610673","5610968","71","3717821"
"JH378177","1900481","1900778","KQ053421v1","5610673","5610968","75","3710192"
"JH378177","1929975","1930257","KQ058242v1","595939","596205","89","1334036"
"JH378177","1935096","1935397","KQ053421v1","5610673","5610968","67","3675577"
"JH378177","2011383","2011654","KQ058242v1","595939","596205","74","1415444"
"JH378177","2136627","2136842","KQ055662v1","1890465","1890674","75","246162"
"JH378177","2367056","2367350","KQ053421v1","5610673","5610968","72","3243617"
"JH378177","2373555","2373849","KQ053421v1","5610673","5610968","84","3237118"
"JH378177","2423175","2423499","KQ053421v1","5610673","5610968","92","3187498"
"JH378177","2431139","2431461","KQ055352v1","6003171","6003466","95","3572032"
"JH378177","2469142","2469268","KQ056613v1","139721","139816","60","2329421"
"JH378177","2479312","2479604","KQ053421v1","5610673","5610968","83","3131361"
"JH378177","2482390","2482700","KQ053421v1","5610673","5610968","83","3128283"
"JH378177","2560261","2560570","KQ058427v1","7786546","7786853","80","5226285"
"JH378177","2573181","2573472","KQ053421v1","5610673","5610968","81","3037492"
"JH378177","2597886","2598179","KQ053421v1","5610673","5610968","74","3012787"
"JH378177","2604343","2604659","KQ053421v1","5610673","5610968","93","3006330"
"JH378177","2649260","2649574","KQ055267v1","513773","514088","81","2135487"
"JH378177","2705126","2705443","KQ055267v1","513773","514088","80","2191353"
"JH378177","2709637","2709756","KQ058316v1","6194306","6194449","49","3484669"
"JH378177","2732481","2732781","KQ053421v1","5610673","5610968","75","2878192"
"JH378177","2737088","2737355","KQ058339v1","4553625","4553889","94","1816537"
"JH378177","2787729","2787860","KQ053398v1","2623748","2623879","32","163981"
"JH378177","2877273","2877581","KQ053421v1","5610673","5610968","76","2733400"
"JH378177","2888906","2889201","KQ053421v1","5610673","5610968","88","2721767"
"JH378177","2911461","2911586","KQ053398v1","2623748","2623879","35","287713"
"JH378177","2924770","2925053","KQ058242v1","595939","596205","87","2328831"
"JH378177","2948720","2949018","KQ053421v1","5610673","5610968","71","2661953"
"JH378177","2954248","2954594","KQ053059v1","2548766","2549102","118","405482"
"JH378177","2966250","2966515","KQ058242v1","595939","596205","63","2370311"
"JH378177","3018298","3018588","KQ053421v1","5610673","5610968","82","2592375"
"JH378177","3034981","3035270","KQ053421v1","5610673","5610968","79","2575692"
"JH378177","3044584","3044806","KQ058274v1","300327","300497","84","2744257"
"JH378177","3064522","3064806","KQ053421v1","5610673","5610968","79","2546151"
"JH378177","3077362","3077476","KQ055717v1","1610376","1610476","42","1466986"
"JH378177","3227421","3227722","KQ053421v1","5610673","5610968","77","2383252"
"JH378177","3238066","3238371","KQ055352v1","6003171","6003466","67","2765105"
"JH378177","3243768","3244060","KQ053421v1","5610673","5610968","74","2366905"
"JH378177","3293747","3293897","KQ053398v1","2627781","2627909","53","665966"
"JH378177","3314044","3314326","KQ058427v1","7786546","7786853","89","4472502"
"JH378177","3315133","3315442","KQ055352v1","6003171","6003466","73","2688038"
"JH378177","3340061","3340356","KQ053421v1","5610673","5610968","67","2270612"
"JH378177","3342975","3343277","KQ053421v1","5610673","5610968","70","2267698"
"JH378177","3396330","3396641","KQ055352v1","6003171","6003466","73","2606841"
"JH378177","3397847","3398144","KQ053421v1","5610673","5610968","70","2212826"
"JH378177","3464270","3464591","KQ058427v1","7786546","7786853","94","4322276"
"JH378177","3528927","3529227","KQ053421v1","5610673","5610968","70","2081746"
"JH378177","3592122","3592388","KQ058242v1","595939","596205","78","2996183"
"JH378177","3621793","3622094","KQ053421v1","5610673","5610968","77","1988880"
"JH378177","3638758","3639071","KQ055352v1","6003171","6003466","92","2364413"
"JH378177","3661440","3661743","KQ053421v1","5610673","5610968","71","1949233"
"JH378177","3730830","3731094","KQ057901v1","868884","869144","82","2861946"
"JH378177","3979078","3979378","KQ053421v1","5610673","5610968","84","1631595"
"JH378177","4033720","4034027","KQ055267v1","513773","514088","74","3519947"
"JH378177","4050633","4050926","KQ053421v1","5610673","5610968","68","1560040"
"JH378177","4057559","4057861","KQ053421v1","5610673","5610968","72","1553114"
"JH378177","4060660","4060965","KQ055352v1","6003171","6003466","67","1942511"
"JH378177","4175837","4176132","KQ053421v1","5610673","5610968","74","1434836"
"JH378177","4178886","4179190","KQ055352v1","6003171","6003466","67","1824285"
"JH378177","4206789","4207085","KQ053421v1","5610673","5610968","85","1403884"
"JH378177","4240519","4240810","KQ053421v1","5610673","5610968","71","1370154"
"JH378177","4321063","4321364","KQ053421v1","5610673","5610968","91","1289610"
"JH378177","4443983","4444290","KQ053421v1","5610673","5610968","76","1166690"
"JH378177","4445504","4445798","KQ053421v1","5610673","5610968","74","1165169"
"JH378177","4552204","4552465","KQ057901v1","868884","869144","83","3683320"
"JH378177","4623784","4624079","KQ053421v1","5610673","5610968","80","986889"
"JH378177","4624838","4625139","KQ053421v1","5610673","5610968","76","985835"
"JH378177","4628848","4629159","KQ058427v1","7786546","7786853","83","3157698"
"JH378177","4632612","4632914","KQ053421v1","5610673","5610968","72","978061"
"JH378177","4642936","4643234","KQ053421v1","5610673","5610968","66","967737"
"JH378177","4650196","4650495","KQ053421v1","5610673","5610968","73","960477"
"JH378177","4660376","4660672","KQ053421v1","5610673","5610968","73","950297"
"JH378177","4673352","4673651","KQ053421v1","5610673","5610968","71","937321"
"JH378177","4718799","4719086","KQ058640v1","643463","643729","84","4075336"
"JH378177","4760288","4760389","KQ056279v1","759081","759162","38","4001207"
"JH378177","4776197","4776498","KQ053421v1","5610673","5610968","66","834476"
"JH378177","4797280","4797597","KQ055267v1","513773","514088","92","4283507"
"JH378177","4822579","4822881","KQ053421v1","5610673","5610968","77","788094"
"JH378177","4860644","4860935","KQ053421v1","5610673","5610968","79","750029"
"JH378177","4866623","4866923","KQ053421v1","5610673","5610968","75","744050"
"JH378177","4887511","4887792","KQ058242v1","595939","596205","67","4291572"
"JH378177","5009438","5009736","KQ053421v1","5610673","5610968","81","601235"
"JH378177","5085105","5085400","KQ058242v1","595939","596205","92","4489166"
"JH378177","5090553","5090866","KQ053421v1","5610673","5610968","90","520120"
"JH378177","5266110","5266424","KQ055352v1","6003171","6003466","73","737061"
"JH378177","5379636","5379946","KQ055267v1","513773","514088","75","4865863"
"JH378177","5452953","5453245","KQ053421v1","5610673","5610968","84","157720"
"JH378177","5516129","5516373","KQ058509v1","24058","24271","75","5492071"
"JH378177","5527675","5527985","KQ055267v1","513773","514088","72","5013902"
"JH378177","5553187","5553487","KQ053421v1","5610673","5610968","68","57486"
"JH378177","5578739","5579015","KQ053883v1","6938067","6938331","89","1359328"
"JH378177","5625390","5625694","KQ058427v1","7786546","7786853","87","2161156"
"JH378177","5633360","5633654","KQ053421v1","5610673","5610968","73","22687"
"JH378177","5647617","5647924","KQ058427v1","7786546","7786853","84","2138929"
"JH378177","5746041","5746328","KQ053421v1","5610673","5610968","88","135368"
"JH378177","5775494","5775803","KQ055352v1","6003171","6003466","74","227677"
"JH378177","5813159","5813471","KQ055267v1","513773","514088","69","5299386"
"JH378177","5892530","5892841","KQ055352v1","6003171","6003466","73","110641"
"JH378177","5942706","5943002","KQ053421v1","5610673","5610968","70","332033"
"JH378177","5947958","5948258","KQ053421v1","5610673","5610968","74","337285"
"JH378177","6020266","6020563","KQ053421v1","5610673","5610968","71","409593"
"JH378177","6055760","6056043","KQ053421v1","5610673","5610968","79","445087"
"JH378177","6081799","6082109","KQ055267v1","513773","514088","72","5568026"
"JH378177","6119657","6119955","KQ053421v1","5610673","5610968","82","508984"
"JH378177","6266666","6266971","KQ055352v1","6003171","6003466","67","263495"
"JH378177","6314409","6314531","KQ053398v1","2623748","2623879","37","3690661"
"JH378177","6338708","6338993","KQ053421v1","5610673","5610968","83","728035"
"JH378177","6423240","6423518","KQ053785v1","888769","889063","85","5534471"
"JH378177","6431955","6432275","KQ053421v1","5610673","5610968","84","821282"
"JH378177","6440892","6441176","KQ053421v1","5610673","5610968","76","830219"
"JH378177","6454189","6454475","KQ053421v1","5610673","5610968","79","843516"
"JH378177","6525776","6526069","KQ053421v1","5610673","5610968","69","915103"
"JH378177","6529733","6530024","KQ053421v1","5610673","5610968","78","919060"
"JH378177","6531053","6531353","KQ053421v1","5610673","5610968","75","920380"
"JH378177","6539943","6540252","KQ058427v1","7786546","7786853","77","1246603"
"JH378177","6542099","6542396","KQ053421v1","5610673","5610968","68","931426"
"JH378177","6561541","6561707","KQ057449v1","1214348","1214489","65","5347193"
"JH378177","6579803","6580102","KQ053421v1","5610673","5610968","86","969130"
"JH378177","6583821","6584101","KQ058242v1","595939","596205","84","5987882"
"JH378177","6610587","6610765","KQ056064v1","326763","326940","59","6283824"
"JH378177","6610915","6611030","KQ058316v1","2226037","2226104","58","4384878"
"JH378177","6621525","6621809","KQ053421v1","5610673","5610968","83","1010852"
"JH378177","6643113","6643407","KQ053421v1","5610673","5610968","90","1032440"
"JH378177","6687918","6688226","KQ053421v1","5610673","5610968","73","1077245"
"JH378177","6702027","6702319","KQ053421v1","5610673","5610968","64","1091354"
"JH378177","6704457","6704753","KQ058242v1","595939","596205","85","6108518"
"JH378177","6722070","6722363","KQ053421v1","5610673","5610968","88","1111397"
"JH378177","6732096","6732397","KQ053785v1","888769","889063","93","5843327"
"JH378177","6785233","6785454","KQ055662v1","1890465","1890674","58","4894768"
"JH378177","6801275","6801589","KQ055267v1","513773","514088","80","6287502"
"JH378177","6848607","6848918","KQ053421v1","5610673","5610968","82","1237934"
"JH378177","6862917","6863045","KQ053398v1","2623748","2623879","27","4239169"
"JH378177","6912272","6912576","KQ055267v1","513773","514088","76","6398499"
"JH378177","6936876","6937167","KQ053421v1","5610673","5610968","80","1326203"
"JH378177","6968126","6968441","KQ053421v1","5610673","5610968","80","1357453"
"JH378177","6973708","6974019","KQ055267v1","513773","514088","82","6459935"
"JH378177","6981565","6981667","KQ056279v1","759081","759162","39","6222484"
"JH378177","6981899","6982193","KQ053421v1","5610673","5610968","78","1371226"
"JH378177","6997748","6998020","KQ053421v1","5610673","5610968","85","1387075"
"JH378177","7002529","7002840","KQ053421v1","5610673","5610968","77","1391856"
"JH378177","7028991","7029295","KQ055352v1","6003171","6003466","83","1025820"
"JH378177","7057549","7057797","KQ054068v1","3638075","3638299","86","3419474"
"JH378177","7174294","7174596","KQ053421v1","5610673","5610968","73","1563621"
"JH378177","7199883","7200152","KQ058242v1","595939","596205","69","6603944"
"JH378177","7249669","7249967","KQ053421v1","5610673","5610968","91","1638996"
"JH378177","7256720","7256994","KQ058640v1","643463","643729","81","6613257"
"JH378177","7278047","7278152","KQ056235v1","1266284","1266361","38","6011763"
"JH378177","7288318","7288628","KQ055267v1","513773","514088","73","6774545"
"JH378177","7313938","7314246","KQ058427v1","7786546","7786853","74","472608"
"JH378177","7333388","7333698","KQ055352v1","6003171","6003466","74","1330217"
"JH378177","7344842","7345154","KQ053421v1","5610673","5610968","82","1734169"
"JH378177","7354979","7355075","KQ056235v1","1266284","1266361","35","6088695"
"JH378177","7380871","7381178","KQ053421v1","5610673","5610968","72","1770198"
"JH378177","7441101","7441401","KQ053421v1","5610673","5610968","81","1830428"
"JH378177","7482624","7482913","KQ053421v1","5610673","5610968","71","1871951"
"JH378177","7567426","7567696","KQ053421v1","5610673","5610968","82","1956753"
"JH378177","7604847","7605141","KQ053421v1","5610673","5610968","75","1994174"
"JH378177","7643963","7644265","KQ053421v1","5610673","5610968","79","2033290"
"JH378177","7656946","7657259","KQ053421v1","5610673","5610968","82","2046273"
"JH378177","8067798","8068109","KQ055352v1","6003171","6003466","73","2064627"
"JH378177","8088839","8089143","KQ053421v1","5610673","5610968","73","2478166"
"JH378177","8152581","8152890","KQ055267v1","513773","514088","71","7638808"
"JH378177","8169882","8170180","KQ053421v1","5610673","5610968","68","2559209"
"JH378177","8257982","8258269","KQ053421v1","5610673","5610968","81","2647309"
"JH378177","8301607","8301761","KQ058594v1","2771639","2771800","45","5529968"
"JH378177","8302419","8302726","KQ055352v1","6003171","6003466","70","2299248"
"JH378177","8309728","8310036","KQ055352v1","6003171","6003466","66","2306557"
"JH378177","8378233","8378534","KQ053421v1","5610673","5610968","70","2767560"
"JH378177","8379102","8379418","KQ055267v1","513773","514088","79","7865329"
"JH378177","8394599","8394874","KQ055862v1","1305285","1305561","85","7089314"
"JH378177","8543169","8543417","KQ058242v1","595939","596205","78","7947230"
"JH378177","8549352","8549656","KQ055352v1","6003171","6003466","75","2546181"
"JH378177","8638064","8638377","KQ058427v1","7786546","7786853","87","851518"
"JH378177","8741478","8741788","KQ055267v1","513773","514088","68","8227705"
"JH378177","8758284","8758584","KQ053421v1","5610673","5610968","84","3147611"
"JH378177","8774847","8775151","KQ055352v1","6003171","6003466","70","2771676"
"JH378177","8871943","8872244","KQ053421v1","5610673","5610968","72","3261270"
"JH378177","8890008","8890123","KQ056493v1","2043382","2043488","46","6846626"
"JH378177","8948317","8948614","KQ053421v1","5610673","5610968","83","3337644"
"JH378177","8966393","8966613","KQ058274v1","300327","300497","80","8666066"
"JH378177","8969692","8969825","KQ053004v1","3064551","3064681","45","5905141"
"JH378177","8972333","8972639","KQ053421v1","5610673","5610968","72","3361660"
"JH378177","8976659","8976875","KQ056064v1","326763","326940","85","8649896"
"JH378177","9044231","9044514","KQ053421v1","5610673","5610968","86","3433558"
"JH378177","9053847","9054154","KQ053421v1","5610673","5610968","72","3443174"
"JH378177","9159612","9159856","KQ058242v1","595939","596205","92","8563673"
"JH378177","9169035","9169329","KQ053421v1","5610673","5610968","82","3558362"
"JH378177","9178141","9178439","KQ053421v1","5610673","5610968","70","3567468"
"JH378177","9183651","9183825","KQ058423v1","270754","270928","47","8912897"
"JH378177","9189640","9189948","KQ053421v1","5610673","5610968","78","3578967"
"JH378177","9214730","9215013","KQ053421v1","5610673","5610968","78","3604057"
"JH378177","9302007","9302325","KQ055352v1","6003171","6003466","80","3298836"
"JH378177","9351586","9351877","KQ053421v1","5610673","5610968","77","3740913"
"JH378177","9467799","9468094","KQ053421v1","5610673","5610968","66","3857126"
"JH378177","9519928","9520226","KQ053421v1","5610673","5610968","71","3909255"
"JH378177","9539933","9540238","KQ058427v1","7786546","7786853","81","1753387"
"JH378177","9598588","9598937","KQ058427v1","7786546","7786853","110","1812042"
"JH378177","9712412","9712720","KQ058427v1","7786546","7786853","80","1925866"
"JH378177","9777036","9777377","KQ053059v1","2548766","2549102","108","7228270"
"JH378177","9798061","9798358","KQ053421v1","5610673","5610968","75","4187388"
"JH378177","9798727","9799031","KQ058427v1","7786546","7786853","79","2012181"
"JH378177","9862323","9862430","KQ056235v1","1266284","1266361","40","8596039"
"JH378177","9991348","9991656","KQ055352v1","6003171","6003466","76","3988177"
"JH378177","10087230","10087536","KQ053135v1","5034940","5035266","90","5052290"
"JH378177","10128010","10128311","KQ053421v1","5610673","5610968","83","4517337"
"JH378177","10155736","10155987","KQ058242v1","595939","596205","68","9559797"
"JH378177","10254314","10254536","KQ055662v1","1890465","1890674","78","8363849"
"JH378177","10277141","10277442","KQ055267v1","513773","514088","73","9763368"
"JH378177","10357368","10357628","KQ058640v1","643463","643729","85","9713905"
"JH378177","10362777","10363053","KQ057901v1","868884","869144","82","9493893"
"JH378177","10415644","10415948","KQ055352v1","6003171","6003466","68","4412473"
"JH378177","10419141","10419442","KQ053421v1","5610673","5610968","71","4808468"
"JH378177","10434102","10434396","KQ053421v1","5610673","5610968","71","4823429"
"JH378177","10481060","10481344","KQ058242v1","595939","596205","86","9885121"
"JH378177","10532016","10532314","KQ053421v1","5610673","5610968","77","4921343"
"JH378177","10541093","10541397","KQ053421v1","5610673","5610968","72","4930420"
"JH378177","10568493","10568792","KQ053785v1","888769","889063","91","9679724"
"JH378177","10576380","10576545","KQ053993v1","1251070","1251235","31","9325310"
"JH378177","10623796","10624091","KQ053421v1","5610673","5610968","69","5013123"
"JH378177","10683300","10683572","KQ058427v1","7786546","7786853","95","2896754"
"JH378177","10739320","10739535","KQ055662v1","1890465","1890674","71","8848855"
"JH378177","10967562","10967683","KQ053398v1","2627781","2627909","44","8339781"
"JH378177","10989234","10989523","KQ053421v1","5610673","5610968","70","5378561"
"JH378177","11005385","11005689","KQ053421v1","5610673","5610968","89","5394712"
"JH378177","11018181","11018444","KQ053421v1","5610673","5610968","88","5407508"
"JH378177","11022391","11022466","KQ055903v1","238545","238616","20","10783846"
"JH378177","11023637","11023758","KQ053398v1","2623748","2623879","38","8399889"
"JH378177","11024363","11024601","KQ053234v1","1414405","1414609","74","9609958"
"JH378177","11025825","11025862","KQ057781v1","1046874","1046906","20","9978951"
"JH378177","11026570","11026663","KQ055214v1","1493444","1493515","36","9533126"
"JH378177","11058786","11059095","KQ055352v1","6003171","6003466","73","5055615"
"JH378177","11070673","11070946","KQ053421v1","5610673","5610968","87","5460000"
"JH378177","11092548","11092862","KQ053421v1","5610673","5610968","77","5481875"
"JH378177","11128160","11128376","KQ055662v1","1890465","1890674","57","9237695"
"JH378178","3191","3458","KQ053421v1","5610673","5610968","91","5607482"
"JH378178","10300","10578","KQ053421v1","5610673","5610968","91","5600373"
"JH378178","37265","37471","KQ058274v1","300327","300497","97","263062"
"JH378178","436048","436339","KQ053421v1","5610673","5610968","72","5174625"
"JH378178","456603","456890","KQ058394v1","9655127","9655422","99","9198524"
"JH378178","458005","458313","KQ055352v1","6003171","6003466","70","5545166"
"JH378178","495016","495314","KQ054815v1","2215557","2215844","89","1720541"
"JH378178","502189","502509","KQ055267v1","513773","514088","97","11584"
"JH378178","708126","708428","KQ053421v1","5610673","5610968","73","4902547"
"JH378178","743201","743507","KQ053421v1","5610673","5610968","73","4867472"
"JH378178","900213","900508","KQ058640v1","643463","643729","95","256750"
"JH378178","933394","933704","KQ055267v1","513773","514088","74","419621"
"JH378178","945167","945458","KQ053421v1","5610673","5610968","68","4665506"
"JH378178","948744","949054","KQ055352v1","6003171","6003466","74","5054427"
"JH378178","964281","964589","KQ053421v1","5610673","5610968","77","4646392"
"JH378178","974709","975014","KQ055267v1","513773","514088","74","460936"
"JH378178","976909","977201","KQ053421v1","5610673","5610968","72","4633764"
"JH378178","1044295","1044537","KQ058640v1","643463","643729","93","400832"
"JH378178","1055009","1055262","KQ058242v1","595939","596205","84","459070"
"JH378178","1194325","1194617","KQ053421v1","5610673","5610968","76","4416348"
"JH378178","1275236","1275530","KQ053421v1","5610673","5610968","77","4335437"
"JH378178","1282686","1282984","KQ053421v1","5610673","5610968","95","4327987"
"JH378178","1322640","1322800","KQ058274v1","300327","300497","71","1022313"
"JH378178","1463573","1463877","KQ053421v1","5610673","5610968","71","4147100"
"JH378178","1632943","1633238","KQ053421v1","5610673","5610968","71","3977730"
"JH378178","1636940","1637236","KQ053421v1","5610673","5610968","76","3973733"
"JH378178","1648830","1649127","KQ053421v1","5610673","5610968","73","3961843"
"JH378178","1660073","1660362","KQ053421v1","5610673","5610968","74","3950600"
"JH378178","1662438","1662755","KQ055352v1","6003171","6003466","75","4340733"
"JH378178","1663084","1663397","KQ058427v1","7786546","7786853","78","6123462"
"JH378178","1672381","1672678","KQ058427v1","7786546","7786853","91","6114165"
"JH378178","1696324","1696625","KQ053421v1","5610673","5610968","68","3914349"
"JH378178","1728354","1728643","KQ053421v1","5610673","5610968","71","3882319"
"JH378178","1735666","1735961","KQ053421v1","5610673","5610968","84","3875007"
"JH378178","1739138","1739442","KQ055267v1","513773","514088","87","1225365"
"JH378178","1747058","1747346","KQ053421v1","5610673","5610968","90","3863615"
"JH378178","1756201","1756511","KQ055267v1","513773","514088","73","1242428"
"JH378178","1845955","1846262","KQ055267v1","513773","514088","77","1332182"
"JH378178","1872762","1873053","KQ053421v1","5610673","5610968","77","3737911"
"JH378178","1915703","1916004","KQ055267v1","513773","514088","79","1401930"
"JH378178","1935763","1936052","KQ053421v1","5610673","5610968","74","3674910"
"JH378178","2039036","2039338","KQ053421v1","5610673","5610968","74","3571637"
"JH378178","2148292","2148606","KQ053421v1","5610673","5610968","94","3462381"
"JH378178","2165931","2166240","KQ055267v1","513773","514088","77","1652158"
"JH378178","2388849","2389147","KQ053421v1","5610673","5610968","74","3221824"
"JH378178","2450951","2451248","KQ053421v1","5610673","5610968","70","3159722"
"JH378178","2479993","2480267","KQ058242v1","595939","596205","80","1884054"
"JH378178","2480380","2480577","KQ058274v1","300327","300497","55","2180053"
"JH378178","2526188","2526481","KQ053421v1","5610673","5610968","81","3084485"
"JH378178","2593409","2593718","KQ058427v1","7786546","7786853","83","5193137"
"JH378178","2604368","2604603","KQ056321v1","575951","576190","78","2028417"
"JH378178","2658994","2659285","KQ053421v1","5610673","5610968","75","2951679"
"JH378178","2661650","2661783","KQ054401v1","3363241","3363379","32","701591"
"JH378178","2967138","2967445","KQ053421v1","5610673","5610968","76","2643535"
"JH378178","2999873","2999986","KQ053398v1","2623748","2623879","42","376125"
"JH378178","3157579","3157862","KQ054815v1","2215557","2215844","87","942022"
"JH378178","3182842","3183147","KQ055352v1","6003171","6003466","74","2820329"
"JH378178","3208447","3208764","KQ055267v1","513773","514088","78","2694674"
"JH378178","3376487","3376801","KQ053421v1","5610673","5610968","85","2234186"
"JH378178","3397897","3398198","KQ053421v1","5610673","5610968","89","2212776"
"JH378178","3461878","3462189","KQ058427v1","7786546","7786853","79","4324668"
"JH378178","3519828","3520118","KQ055352v1","6003171","6003466","73","2483343"
"JH378178","3668026","3668329","KQ055352v1","6003171","6003466","72","2335145"
"JH378178","3676442","3676748","KQ055267v1","513773","514088","77","3162669"
"JH378178","3764382","3764678","KQ053421v1","5610673","5610968","71","1846291"
"JH378178","3842270","3842575","KQ055352v1","6003171","6003466","68","2160901"
"JH378178","3928307","3928503","KQ058594v1","1033101","1033292","55","2895206"
"JH378178","3960647","3960936","KQ053421v1","5610673","5610968","71","1650026"
"JH378178","3984256","3984560","KQ053421v1","5610673","5610968","88","1626417"
"JH378178","4127889","4128047","KQ053531v1","6571","6737","55","4121318"
"JH378178","4317501","4317788","KQ053421v1","5610673","5610968","90","1293172"
"JH378178","4339527","4339810","KQ055862v1","1305285","1305561","88","3034242"
"JH378178","4516137","4516443","KQ053421v1","5610673","5610968","75","1094536"
"JH378178","4689359","4689668","KQ058427v1","7786546","7786853","75","3097187"
"JH378178","4739767","4740049","KQ057186v1","783828","784085","78","3955939"
"JH378178","4774686","4774998","KQ055267v1","513773","514088","71","4260913"
"JH378178","4837778","4838060","KQ054815v1","2215557","2215844","92","2622221"
"JH378178","4995643","4995914","KQ058242v1","595939","596205","73","4399704"
"JH378178","5116260","5116557","KQ055267v1","513773","514088","81","4602487"
"JH378178","5182838","5183105","KQ058505v1","2207051","2207301","87","2975787"
"JH378178","5381991","5382283","KQ053421v1","5610673","5610968","72","228682"
"JH378178","5388896","5389199","KQ053421v1","5610673","5610968","75","221777"
"JH378178","5416751","5417047","KQ053421v1","5610673","5610968","89","193922"
"JH378178","5482751","5483060","KQ055352v1","6003171","6003466","68","520420"
"JH378178","5601860","5602160","KQ053421v1","5610673","5610968","84","8813"
"JH378178","5610288","5610602","KQ058427v1","7786546","7786853","90","2176258"
"JH378178","5627934","5628200","KQ058242v1","595939","596205","81","5031995"
"JH378178","5675223","5675515","KQ053421v1","5610673","5610968","76","64550"
"JH378178","5691370","5691586","KQ056005v1","1024192","1024395","61","4667178"
"JH378178","5725525","5725832","KQ055267v1","513773","514088","70","5211752"
"JH378178","5862500","5862800","KQ055267v1","513773","514088","76","5348727"
"JH378178","5906162","5906368","KQ058594v1","1033101","1033292","56","4873061"
"JH378178","6008043","6008294","KQ058242v1","595939","596205","82","5412104"
"JH378178","6187618","6187912","KQ053421v1","5610673","5610968","69","576945"
"JH378178","6216309","6216615","KQ055352v1","6003171","6003466","70","213138"
"JH378178","6228234","6228532","KQ053421v1","5610673","5610968","70","617561"
"JH378178","6262550","6262708","KQ053398v1","2623748","2623879","54","3638802"
"JH378178","6263138","6263253","KQ054401v1","3363241","3363379","50","2899897"
"JH378178","6307699","6307999","KQ053421v1","5610673","5610968","73","697026"
"JH378178","6339315","6339591","KQ054815v1","2215557","2215844","83","4123758"
"JH378178","6407531","6407830","KQ053421v1","5610673","5610968","73","796858"
"JH378178","6555086","6555412","KQ055267v1","513773","514088","91","6041313"
"JH378178","6651985","6652120","KQ053398v1","2623748","2623879","33","4028237"
"JH378178","6677549","6677845","KQ053421v1","5610673","5610968","74","1066876"
"JH378178","6734849","6735162","KQ055352v1","6003171","6003466","73","731678"
"JH378178","6767973","6768264","KQ053421v1","5610673","5610968","77","1157300"
"JH378178","6874858","6875154","KQ053421v1","5610673","5610968","68","1264185"
"JH378178","6894245","6894552","KQ053421v1","5610673","5610968","73","1283572"
"JH378178","6917098","6917395","KQ053421v1","5610673","5610968","77","1306425"
"JH378178","6964945","6965229","KQ053421v1","5610673","5610968","75","1354272"
"JH378178","6987659","6987962","KQ053421v1","5610673","5610968","93","1376986"
"JH378178","6998037","6998304","KQ058242v1","595939","596205","75","6402098"
"JH378178","7014423","7014695","KQ055862v1","1305285","1305561","86","5709138"
"JH378178","7051933","7052213","KQ053785v1","888769","889063","82","6163164"
"JH378178","7068555","7068869","KQ053421v1","5610673","5610968","87","1457882"
"JH378178","7070116","7070349","KQ058242v1","595939","596205","74","6474177"
"JH378178","7070759","7071058","KQ053421v1","5610673","5610968","80","1460086"
"JH378178","7079558","7079831","KQ058242v1","595939","596205","88","6483619"
"JH378178","7082096","7082314","KQ052982v1","2032903","2033097","64","5049193"
"JH378178","7086681","7086982","KQ053421v1","5610673","5610968","76","1476008"
"JH378178","7094390","7094675","KQ053421v1","5610673","5610968","80","1483717"
"JH378178","7124116","7124382","KQ058505v1","2207051","2207301","83","4917065"
"JH378178","7137254","7137558","KQ055267v1","513773","514088","71","6623481"
"JH378178","7154306","7154600","KQ053421v1","5610673","5610968","75","1543633"
"JH378178","7156653","7156763","KQ056493v1","2043382","2043488","36","5113271"
"JH378178","7175822","7176129","KQ055352v1","6003171","6003466","69","1172651"
"JH378178","7206382","7206657","KQ053421v1","5610673","5610968","85","1595709"
"JH378178","7232624","7232917","KQ053421v1","5610673","5610968","70","1621951"
"JH378178","7328156","7328447","KQ053421v1","5610673","5610968","74","1717483"
"JH378178","7342166","7342451","KQ053421v1","5610673","5610968","72","1731493"
"JH378178","7541436","7541735","KQ053421v1","5610673","5610968","72","1930763"
"JH378178","7656162","7656461","KQ053421v1","5610673","5610968","67","2045489"
"JH378178","7706998","7707302","KQ058427v1","7786546","7786853","82","79548"
"JH378178","7809589","7809900","KQ055352v1","6003171","6003466","74","1806418"
"JH378178","7940433","7940663","KQ053234v1","1414405","1414609","72","6526028"
"JH378178","7956486","7956786","KQ053421v1","5610673","5610968","73","2345813"
"JH378178","7984110","7984413","KQ055352v1","6003171","6003466","72","1980939"
"JH378178","8057297","8057605","KQ055267v1","513773","514088","72","7543524"
"JH378178","8076327","8076629","KQ053421v1","5610673","5610968","70","2465654"
"JH378178","8104872","8105034","KQ053993v1","1251070","1251235","43","6853802"
"JH378178","8128334","8128635","KQ053421v1","5610673","5610968","70","2517661"
"JH378178","8203178","8203477","KQ053421v1","5610673","5610968","66","2592505"
"JH378178","8204540","8204840","KQ053421v1","5610673","5610968","68","2593867"
"JH378178","8242583","8242898","KQ053421v1","5610673","5610968","82","2631910"
"JH378178","8262683","8262958","KQ055862v1","1305285","1305561","89","6957398"
"JH378178","8359896","8360186","KQ053421v1","5610673","5610968","73","2749223"
"JH378178","8368826","8368948","KQ054401v1","3363241","3363379","42","5005585"
"JH378178","8396772","8397077","KQ053421v1","5610673","5610968","75","2786099"
"JH378178","8462329","8462636","KQ055352v1","6003171","6003466","73","2459158"
"JH378178","8646287","8646586","KQ053421v1","5610673","5610968","78","3035614"
"JH378178","8669524","8669824","KQ053421v1","5610673","5610968","72","3058851"
"JH378178","8785831","8786130","KQ053421v1","5610673","5610968","102","3175158"
"JH378178","8809720","8810019","KQ053421v1","5610673","5610968","71","3199047"
"JH378178","8831242","8831537","KQ053421v1","5610673","5610968","72","3220569"
"JH378178","9079441","9079758","KQ055352v1","6003171","6003466","78","3076270"
"JH378178","9104501","9104804","KQ053421v1","5610673","5610968","68","3493828"
"JH378178","9125581","9125891","KQ055352v1","6003171","6003466","70","3122410"
"JH378178","9137810","9138100","KQ053421v1","5610673","5610968","76","3527137"
"JH378178","9468753","9468926","KQ057204v1","2930576","2930741","38","6538177"
"JH378178","9470062","9470338","KQ054815v1","2215557","2215844","87","7254505"
"JH378178","9770316","9770617","KQ055352v1","6003171","6003466","77","3767145"
"JH378178","9832508","9832794","KQ053421v1","5610673","5610968","66","4221835"
"JH378178","9993806","9994098","KQ053421v1","5610673","5610968","73","4383133"
"JH378178","10046815","10047118","KQ053421v1","5610673","5610968","75","4436142"
"JH378178","10073710","10074015","KQ055352v1","6003171","6003466","70","4070539"
"JH378178","10144450","10144748","KQ053421v1","5610673","5610968","67","4533777"
"JH378178","10225440","10225555","KQ056493v1","2043382","2043488","30","8182058"
"JH378178","10228820","10229096","KQ053785v1","888769","889063","86","9340051"
"JH378178","10269384","10269693","KQ055267v1","513773","514088","74","9755611"
"JH378178","10307357","10307664","KQ055352v1","6003171","6003466","72","4304186"
"JH378178","10352257","10352562","KQ055352v1","6003171","6003466","70","4349086"
"JH378178","10488685","10488990","KQ053421v1","5610673","5610968","78","4878012"
"JH378178","10555911","10556219","KQ055352v1","6003171","6003466","70","4552740"
"JH378178","10580650","10580946","KQ053421v1","5610673","5610968","87","4969977"
"JH378178","10634911","10635221","KQ053421v1","5610673","5610968","76","5024238"
"JH378178","10645488","10645770","KQ053421v1","5610673","5610968","81","5034815"
"JH378178","10695889","10696192","KQ053421v1","5610673","5610968","75","5085216"
"JH378178","10896996","10897299","KQ055352v1","6003171","6003466","72","4893825"
"JH378178","10929704","10929997","KQ053421v1","5610673","5610968","78","5319031"
"JH378179","42743","43041","KQ055352v1","6003171","6003466","79","5960428"
"JH378179","53805","54083","KQ058339v1","4553625","4553889","83","4499820"
"JH378179","70999","71282","KQ055267v1","513773","514088","89","442774"
"JH378179","155927","156230","KQ053421v1","5610673","5610968","77","5454746"
"JH378179","231400","231698","KQ054815v1","2215557","2215844","90","1984157"
"JH378179","355484","355795","KQ055352v1","6003171","6003466","72","5647687"
"JH378179","425898","426198","KQ053421v1","5610673","5610968","69","5184775"
"JH378179","429813","430108","KQ053421v1","5610673","5610968","82","5180860"
"JH378179","511052","511354","KQ055352v1","6003171","6003466","71","5492119"
"JH378179","650404","650703","KQ053421v1","5610673","5610968","75","4960269"
"JH378179","1344488","1344799","KQ055267v1","513773","514088","73","830715"
"JH378179","1366184","1366446","KQ058242v1","595939","596205","72","770245"
"JH378179","1413013","1413306","KQ053421v1","5610673","5610968","75","4197660"
"JH378179","1477721","1478016","KQ053421v1","5610673","5610968","74","4132952"
"JH378179","1522411","1522653","KQ058339v1","4553625","4553889","76","3031214"
"JH378179","1530675","1530961","KQ053421v1","5610673","5610968","84","4079998"
"JH378179","1542615","1542709","KQ058316v1","2226037","2226104","38","683422"
"JH378179","1549588","1549877","KQ053421v1","5610673","5610968","78","4061085"
"JH378179","1552650","1552879","KQ058509v1","24058","24271","74","1528592"
"JH378179","1558878","1559190","KQ053421v1","5610673","5610968","93","4051795"
"JH378179","1559728","1560071","KQ055352v1","6003171","6003466","162","4443443"
"JH378179","1646893","1647147","KQ058509v1","24058","24271","86","1622835"
"JH378179","1667064","1667194","KQ053398v1","2623748","2623879","32","956684"
"JH378179","1668197","1668442","KQ058509v1","24058","24271","82","1644139"
"JH378179","1692491","1692793","KQ053421v1","5610673","5610968","80","3918182"
"JH378179","1705542","1705849","KQ053421v1","5610673","5610968","76","3905131"
"JH378179","1712083","1712260","KQ056064v1","326763","326940","62","1385320"
"JH378179","1784722","1784861","KQ053398v1","2623748","2623879","35","839026"
"JH378179","1796656","1796967","KQ055352v1","6003171","6003466","71","4206515"
"JH378179","1814190","1814358","KQ058423v1","270754","270928","39","1543436"
"JH378179","1822209","1822513","KQ053421v1","5610673","5610968","81","3788464"
"JH378179","1827775","1828077","KQ053421v1","5610673","5610968","71","3782898"
"JH378179","1855822","1856125","KQ053421v1","5610673","5610968","74","3754851"
"JH378179","2060792","2061057","KQ055862v1","1305285","1305561","75","755507"
"JH378179","2134976","2135272","KQ053421v1","5610673","5610968","77","3475697"
"JH378179","2386212","2386519","KQ053421v1","5610673","5610968","72","3224461"
"JH378179","2512107","2512409","KQ053421v1","5610673","5610968","71","3098566"
"JH378179","2544024","2544317","KQ054815v1","2215557","2215844","82","328467"
"JH378179","2659730","2659996","KQ058640v1","643463","643729","88","2016267"
"JH378179","2697512","2697643","KQ054401v1","3363241","3363379","43","665729"
"JH378179","2785752","2785970","KQ058274v1","300327","300497","97","2485425"
"JH378179","2802678","2802963","KQ054815v1","2215557","2215844","79","587121"
"JH378179","3010048","3010248","KQ053234v1","1679581","1679757","57","1330467"
"JH378179","3048284","3048549","KQ058505v1","2207051","2207301","86","841233"
"JH378179","3237847","3238138","KQ053421v1","5610673","5610968","82","2372826"
"JH378179","3344259","3344571","KQ055267v1","513773","514088","73","2830486"
"JH378179","3578663","3578975","KQ055267v1","513773","514088","77","3064890"
"JH378179","3606442","3606754","KQ055267v1","513773","514088","72","3092669"
"JH378179","3608241","3608526","KQ053421v1","5610673","5610968","81","2002432"
"JH378179","3625488","3625588","KQ056493v1","2043382","2043488","37","1582106"
"JH378179","3641832","3642133","KQ053421v1","5610673","5610968","74","1968841"
"JH378179","3654290","3654590","KQ053421v1","5610673","5610968","66","1956383"
"JH378179","3670039","3670319","KQ058242v1","595939","596205","90","3074100"
"JH378179","3673529","3673654","KQ056911v1","1421731","1421862","45","2251798"
"JH378179","3745891","3746188","KQ053421v1","5610673","5610968","72","1864782"
"JH378179","3747588","3747886","KQ053421v1","5610673","5610968","76","1863085"
"JH378179","3759674","3759973","KQ053421v1","5610673","5610968","74","1850999"
"JH378179","3782639","3782847","KQ053752v1","8015097","8015288","58","4232458"
"JH378179","3839032","3839316","KQ058427v1","7786546","7786853","87","3947514"
"JH378179","3914154","3914467","KQ055352v1","6003171","6003466","79","2089017"
"JH378179","3964600","3964911","KQ055352v1","6003171","6003466","74","2038571"
"JH378179","4018558","4018844","KQ053421v1","5610673","5610968","77","1592115"
"JH378179","4054111","4054341","KQ058242v1","595939","596205","85","3458172"
"JH378179","4175776","4175887","KQ056493v1","2043382","2043488","44","2132394"
"JH378179","4192441","4192750","KQ055352v1","6003171","6003466","78","1810730"
"JH378179","4230341","4230646","KQ055267v1","513773","514088","74","3716568"
"JH378179","4296470","4296754","KQ053421v1","5610673","5610968","89","1314203"
"JH378179","4353649","4353924","KQ055862v1","1305285","1305561","91","3048364"
"JH378179","4381315","4381599","KQ053421v1","5610673","5610968","82","1229358"
"JH378179","4402574","4402848","KQ058242v1","595939","596205","82","3806635"
"JH378179","4415062","4415371","KQ055267v1","513773","514088","72","3901289"
"JH378179","4487717","4488016","KQ053421v1","5610673","5610968","72","1122956"
"JH378179","4524495","4524796","KQ053421v1","5610673","5610968","79","1086178"
"JH378179","4617944","4618145","KQ058594v1","1033101","1033292","56","3584843"
"JH378179","4641064","4641374","KQ055267v1","513773","514088","75","4127291"
"JH378179","4805279","4805556","KQ058242v1","595939","596205","96","4209340"
"JH378179","4830227","4830525","KQ053421v1","5610673","5610968","76","780446"
"JH378179","4887305","4887614","KQ055267v1","513773","514088","70","4373532"
"JH378179","4956937","4957232","KQ053421v1","5610673","5610968","74","653736"
"JH378179","5112121","5112420","KQ053421v1","5610673","5610968","69","498552"
"JH378179","5161473","5161784","KQ055352v1","6003171","6003466","69","841698"
"JH378179","5167481","5167791","KQ055267v1","513773","514088","75","4653708"
"JH378179","5288622","5288827","KQ053752v1","8015097","8015288","61","2726475"
"JH378179","5297052","5297363","KQ058427v1","7786546","7786853","78","2489494"
"JH378179","5302820","5303119","KQ055267v1","513773","514088","79","4789047"
"JH378179","5316595","5316927","KQ053135v1","5034940","5035266","102","281655"
"JH378179","5333401","5333709","KQ053421v1","5610673","5610968","70","277272"
"JH378179","5336833","5337140","KQ055267v1","513773","514088","73","4823060"
"JH378179","5385756","5386138","KQ053059v1","2548766","2549102","134","2836990"
"JH378179","5524212","5524507","KQ053421v1","5610673","5610968","69","86461"
"JH378179","5542213","5542510","KQ053421v1","5610673","5610968","75","68460"
"JH378179","5571573","5571874","KQ053421v1","5610673","5610968","70","39100"
"JH378179","5572191","5572492","KQ053421v1","5610673","5610968","76","38482"
"JH378179","5606738","5607030","KQ053421v1","5610673","5610968","77","3935"
"JH378179","5611517","5611834","KQ055352v1","6003171","6003466","85","391654"
"JH378179","5612007","5612326","KQ055267v1","513773","514088","87","5098234"
"JH378179","5645199","5645514","KQ053421v1","5610673","5610968","89","34526"
"JH378179","5656360","5656669","KQ055267v1","513773","514088","74","5142587"
"JH378179","5680877","5680991","KQ056493v1","2043382","2043488","46","3637495"
"JH378179","5753278","5753582","KQ058427v1","7786546","7786853","72","2033268"
"JH378179","5799503","5799807","KQ053421v1","5610673","5610968","106","188830"
"JH378179","5859531","5859826","KQ053421v1","5610673","5610968","80","248858"
"JH378179","5905497","5905707","KQ058274v1","300327","300497","79","5605170"
"JH378179","6039501","6039810","KQ058427v1","7786546","7786853","76","1747045"
"JH378179","6158823","6159107","KQ053421v1","5610673","5610968","70","548150"
"JH378179","6170153","6170458","KQ053421v1","5610673","5610968","75","559480"
"JH378179","6427104","6427407","KQ058427v1","7786546","7786853","78","1359442"
"JH378179","6440083","6440357","KQ057186v1","783828","784085","72","5656255"
"JH378179","6470405","6470699","KQ053421v1","5610673","5610968","67","859732"
"JH378179","6486592","6486899","KQ053421v1","5610673","5610968","72","875919"
"JH378179","6515112","6515421","KQ058427v1","7786546","7786853","79","1271434"
"JH378179","6680055","6680335","KQ057186v1","783828","784085","74","5896227"
"JH378179","6734025","6734329","KQ053421v1","5610673","5610968","73","1123352"
"JH378179","6795909","6796213","KQ055352v1","6003171","6003466","69","792738"
"JH378179","6932422","6932716","KQ053421v1","5610673","5610968","71","1321749"
"JH378179","6956999","6957307","KQ055352v1","6003171","6003466","72","953828"
"JH378179","7078224","7078513","KQ053421v1","5610673","5610968","76","1467551"
"JH378179","7128637","7128934","KQ053421v1","5610673","5610968","71","1517964"
"JH378179","7291164","7291468","KQ055352v1","6003171","6003466","75","1287993"
"JH378179","7314099","7314405","KQ053421v1","5610673","5610968","72","1703426"
"JH378179","7319343","7319654","KQ055267v1","513773","514088","76","6805570"
"JH378179","7420781","7421064","KQ054815v1","2215557","2215844","76","5205224"
"JH378179","7585309","7585603","KQ053421v1","5610673","5610968","67","1974636"
"JH378179","7648403","7648702","KQ053421v1","5610673","5610968","71","2037730"
"JH378179","7762418","7762728","KQ055267v1","513773","514088","85","7248645"
"JH378179","7776661","7776966","KQ055352v1","6003171","6003466","69","1773490"
"JH378179","7812386","7812643","KQ058242v1","595939","596205","74","7216447"
"JH378179","7876802","7877086","KQ053421v1","5610673","5610968","96","2266129"
"JH378179","7906447","7906745","KQ055352v1","6003171","6003466","64","1903276"
"JH378179","7913542","7913851","KQ055267v1","513773","514088","71","7399769"
"JH378179","7920598","7920895","KQ053421v1","5610673","5610968","67","2309925"
"JH378179","7931544","7931774","KQ058242v1","595939","596205","87","7335605"
"JH378179","8031316","8031625","KQ055267v1","513773","514088","73","7517543"
"JH378179","8053886","8054195","KQ055352v1","6003171","6003466","83","2050715"
"JH378179","8214403","8214714","KQ055352v1","6003171","6003466","70","2211232"
"JH378179","8252720","8253031","KQ055352v1","6003171","6003466","77","2249549"
"JH378179","8286586","8286891","KQ055267v1","513773","514088","70","7772813"
"JH378179","8591143","8591407","KQ058242v1","595939","596205","66","7995204"
"JH378179","8631172","8631465","KQ053421v1","5610673","5610968","67","3020499"
"JH378179","8647489","8647800","KQ058427v1","7786546","7786853","75","860943"
"JH378179","8652137","8652399","KQ058242v1","595939","596205","66","8056198"
"JH378179","8842984","8843285","KQ053421v1","5610673","5610968","69","3232311"
"JH378179","9012489","9012801","KQ055267v1","513773","514088","76","8498716"
"JH378179","9015742","9016064","KQ055267v1","513773","514088","95","8501969"
"JH378179","9046701","9047031","KQ055267v1","513773","514088","85","8532928"
"JH378179","9197107","9197408","KQ055267v1","513773","514088","72","8683334"
"JH378179","9198705","9199014","KQ055352v1","6003171","6003466","70","3195534"
"JH378179","9213168","9213489","KQ058394v1","9655127","9655422","105","441959"
"JH378179","9361700","9362003","KQ053421v1","5610673","5610968","67","3751027"
"JH378179","9626904","9627018","KQ055717v1","1610376","1610476","50","8016528"
"JH378179","9627895","9627998","KQ058316v1","2226037","2226104","51","7401858"
"JH378179","9694598","9694896","KQ053421v1","5610673","5610968","69","4083925"
"JH378179","9842520","9842830","KQ055267v1","513773","514088","77","9328747"
"JH378179","10009950","10010251","KQ053421v1","5610673","5610968","76","4399277"
"JH378179","10013169","10013475","KQ055352v1","6003171","6003466","67","4009998"
"JH378179","10072826","10073136","KQ053421v1","5610673","5610968","73","4462153"
"JH378179","10109234","10109530","KQ053421v1","5610673","5610968","88","4498561"
"JH378179","10119701","10120001","KQ055862v1","1305285","1305561","89","8814416"
"JH378179","10138459","10138757","KQ053421v1","5610673","5610968","72","4527786"
"JH378179","10153393","10153595","KQ055140v1","659740","659924","66","9493653"
"JH378179","10204179","10204486","KQ055267v1","513773","514088","78","9690406"
"JH378179","10210314","10210586","KQ055352v1","6003171","6003466","93","4207143"
"JH378179","10227868","10228178","KQ058427v1","7786546","7786853","82","2441322"
"JH378179","10241497","10241777","KQ057901v1","868884","869144","88","9372613"
"JH378179","10269358","10269662","KQ055352v1","6003171","6003466","70","4266187"
"JH378179","10278210","10278530","KQ055352v1","6003171","6003466","88","4275039"
"JH378179","10339466","10339770","KQ053421v1","5610673","5610968","76","4728793"
"JH378179","10438724","10439014","KQ053421v1","5610673","5610968","89","4828051"
"JH378179","10450515","10450827","KQ055267v1","513773","514088","79","9936742"
"JH378179","10460452","10460755","KQ055267v1","513773","514088","76","9946679"
"JH378179","10554786","10555094","KQ058427v1","7786546","7786853","83","2768240"
"JH378179","10589760","10590066","KQ055267v1","513773","514088","76","10075987"
"JH378179","10796400","10796695","KQ053421v1","5610673","5610968","73","5185727"
"JH378179","10825403","10825707","KQ055352v1","6003171","6003466","72","4822232"
"JH378179","10842595","10842902","KQ058427v1","7786546","7786853","77","3056049"
"JH378180","42725","43001","KQ053883v1","6938067","6938331","82","6895342"
"JH378180","78679","78983","KQ053421v1","5610673","5610968","81","5531994"
"JH378180","79209","79463","KQ056321v1","575951","576190","88","496742"
"JH378180","178419","178714","KQ053421v1","5610673","5610968","83","5432254"
"JH378180","239260","239545","KQ053421v1","5610673","5610968","83","5371413"
"JH378180","391399","391699","KQ053421v1","5610673","5610968","84","5219274"
"JH378180","411289","411584","KQ053421v1","5610673","5610968","71","5199384"
"JH378180","433148","433438","KQ053421v1","5610673","5610968","72","5177525"
"JH378180","445777","446067","KQ055352v1","6003171","6003466","79","5557394"
"JH378180","488697","489006","KQ055267v1","513773","514088","73","25076"
"JH378180","571413","571713","KQ053421v1","5610673","5610968","67","5039260"
"JH378180","636933","637201","KQ058339v1","4553625","4553889","90","3916692"
"JH378180","703818","704115","KQ053421v1","5610673","5610968","70","4906855"
"JH378180","719648","719961","KQ053421v1","5610673","5610968","96","4891025"
"JH378180","728211","728509","KQ053421v1","5610673","5610968","73","4882462"
"JH378180","732464","732775","KQ058394v1","9655127","9655422","83","8922663"
"JH378180","764941","765238","KQ055862v1","1305285","1305561","82","540344"
"JH378180","773401","773654","KQ053883v1","6938067","6938331","86","6164666"
"JH378180","798575","798881","KQ055352v1","6003171","6003466","75","5204596"
"JH378180","809312","809588","KQ054815v1","2215557","2215844","78","1406245"
"JH378180","818617","818916","KQ058427v1","7786546","7786853","84","6967929"
"JH378180","870535","870822","KQ057909v1","9290159","9290423","93","8419624"
"JH378180","873558","873866","KQ055352v1","6003171","6003466","71","5129613"
"JH378180","883962","884258","KQ053421v1","5610673","5610968","67","4726711"
"JH378180","921388","921683","KQ058427v1","7786546","7786853","85","6865158"
"JH378180","927947","927987","KQ053827v1","2325611","2325650","18","1397664"
"JH378180","928036","928164","KQ053398v1","2623748","2623879","39","1695712"
"JH378180","950416","950727","KQ058427v1","7786546","7786853","85","6836130"
"JH378180","1093277","1093514","KQ058242v1","595939","596205","76","497338"
"JH378180","1131394","1131707","KQ055267v1","513773","514088","73","617621"
"JH378180","1234176","1234453","KQ057186v1","783828","784085","80","450348"
"JH378180","1351694","1351997","KQ055267v1","513773","514088","71","837921"
"JH378180","1419686","1419984","KQ053421v1","5610673","5610968","72","4190987"
"JH378180","1513534","1513812","KQ058242v1","595939","596205","90","917595"
"JH378180","1630556","1630872","KQ053421v1","5610673","5610968","78","3980117"
"JH378180","1789482","1789644","KQ053531v1","6571","6737","56","1782911"
"JH378180","1933507","1933813","KQ055352v1","6003171","6003466","73","4069664"
"JH378180","2002683","2002967","KQ053421v1","5610673","5610968","93","3607990"
"JH378180","2188859","2189169","KQ055352v1","6003171","6003466","75","3814312"
"JH378180","2234803","2235124","KQ055352v1","6003171","6003466","82","3768368"
"JH378180","2437152","2437437","KQ053421v1","5610673","5610968","86","3173521"
"JH378180","2537941","2538252","KQ055267v1","513773","514088","78","2024168"
"JH378180","2609553","2609843","KQ053421v1","5610673","5610968","89","3001120"
"JH378180","2646876","2647185","KQ058427v1","7786546","7786853","84","5139670"
"JH378180","2697477","2697776","KQ058427v1","7786546","7786853","82","5089069"
"JH378180","2724950","2725199","KQ058427v1","6786866","6787134","89","4061916"
"JH378180","2740243","2740532","KQ053421v1","5610673","5610968","89","2870430"
"JH378180","2741511","2741711","KQ058594v1","5950443","5950621","64","3208932"
"JH378180","2742332","2742648","KQ055267v1","513773","514088","79","2228559"
"JH378180","2839802","2840112","KQ058427v1","7786546","7786853","83","4946744"
"JH378180","2857396","2857686","KQ053421v1","5610673","5610968","79","2753277"
"JH378180","2950479","2950789","KQ055267v1","513773","514088","83","2436706"
"JH378180","3136212","3136511","KQ053421v1","5610673","5610968","75","2474461"
"JH378180","3142469","3142784","KQ055352v1","6003171","6003466","76","2860702"
"JH378180","3210319","3210597","KQ053421v1","5610673","5610968","78","2400354"
"JH378180","3239988","3240298","KQ055352v1","6003171","6003466","74","2763183"
"JH378180","3327187","3327482","KQ053421v1","5610673","5610968","74","2283486"
"JH378180","3362693","3362998","KQ053421v1","5610673","5610968","87","2247980"
"JH378180","3394916","3395212","KQ053421v1","5610673","5610968","69","2215757"
"JH378180","3545763","3546044","KQ058242v1","595939","596205","78","2949824"
"JH378180","3662286","3662598","KQ058427v1","7786546","7786853","89","4124260"
"JH378180","3706718","3706998","KQ053421v1","5610673","5610968","88","1903955"
"JH378180","3799305","3799528","KQ055662v1","1890465","1890674","80","1908840"
"JH378180","3870865","3871172","KQ053421v1","5610673","5610968","75","1739808"
"JH378180","4063240","4063519","KQ053421v1","5610673","5610968","85","1547433"
"JH378180","4230283","4230543","KQ058505v1","2207051","2207301","82","2023232"
"JH378180","4266069","4266351","KQ053785v1","888769","889063","80","3377300"
"JH378180","4366514","4366825","KQ055267v1","513773","514088","73","3852741"
"JH378180","4446129","4446399","KQ057901v1","868884","869144","88","3577245"
"JH378180","4517331","4517629","KQ053421v1","5610673","5610968","82","1093342"
"JH378180","4624517","4624820","KQ053421v1","5610673","5610968","71","986156"
"JH378180","4658014","4658318","KQ055352v1","6003171","6003466","71","1345157"
"JH378180","4688256","4688548","KQ055267v1","513773","514088","89","4174483"
"JH378180","4786841","4787133","KQ053421v1","5610673","5610968","76","823832"
"JH378180","4879175","4879496","KQ055267v1","513773","514088","96","4365402"
"JH378180","4885373","4885673","KQ053421v1","5610673","5610968","68","725300"
"JH378180","4930007","4930216","KQ055662v1","1890465","1890674","53","3039542"
"JH378180","4983960","4984254","KQ053421v1","5610673","5610968","72","626713"
"JH378180","5078391","5078655","KQ055862v1","1305285","1305561","85","3773106"
"JH378180","5172655","5172782","KQ053398v1","2623748","2623879","39","2548907"
"JH378180","5189650","5189959","KQ055267v1","513773","514088","74","4675877"
"JH378180","5217819","5218128","KQ055352v1","6003171","6003466","70","785352"
"JH378180","5224140","5224427","KQ053421v1","5610673","5610968","85","386533"
"JH378180","5285949","5286259","KQ055267v1","513773","514088","72","4772176"
"JH378180","5393478","5393732","KQ058339v1","4553625","4553889","87","839853"
"JH378180","5436949","5437253","KQ053421v1","5610673","5610968","70","173724"
"JH378180","5444196","5444493","KQ053421v1","5610673","5610968","73","166477"
"JH378180","5502113","5502402","KQ053421v1","5610673","5610968","71","108560"
"JH378180","5503365","5503657","KQ053421v1","5610673","5610968","84","107308"
"JH378180","5520710","5521007","KQ053421v1","5610673","5610968","69","89963"
"JH378180","5557667","5557949","KQ053421v1","5610673","5610968","80","53006"
"JH378180","5633350","5633642","KQ053421v1","5610673","5610968","81","22677"
"JH378180","5658579","5658874","KQ053421v1","5610673","5610968","70","47906"
"JH378180","5717620","5717922","KQ053421v1","5610673","5610968","69","106947"
"JH378180","5725779","5726078","KQ053421v1","5610673","5610968","70","115106"
"JH378180","5755379","5755688","KQ058427v1","7786546","7786853","85","2031167"
"JH378180","5758429","5758736","KQ055352v1","6003171","6003466","73","244742"
"JH378180","5950650","5950942","KQ053421v1","5610673","5610968","70","339977"
"JH378180","6002210","6002524","KQ053421v1","5610673","5610968","85","391537"
"JH378180","6027364","6027594","KQ058509v1","24058","24271","73","6003306"
"JH378180","6043079","6043381","KQ053421v1","5610673","5610968","71","432406"
"JH378180","6226206","6226490","KQ053421v1","5610673","5610968","84","615533"
"JH378180","6288632","6288938","KQ055267v1","513773","514088","72","5774859"
"JH378180","6314634","6314937","KQ053421v1","5610673","5610968","68","703961"
"JH378180","6465347","6465640","KQ053421v1","5610673","5610968","72","854674"
"JH378180","6618216","6618474","KQ058509v1","24058","24271","84","6594158"
"JH378180","6648814","6649115","KQ053421v1","5610673","5610968","73","1038141"
"JH378180","6868819","6869089","KQ057186v1","783828","784085","79","6084991"
"JH378180","6904933","6905237","KQ053421v1","5610673","5610968","84","1294260"
"JH378180","6933104","6933432","KQ058427v1","7786546","7786853","87","853442"
"JH378180","7161414","7161701","KQ053785v1","888769","889063","86","6272645"
"JH378180","7350321","7350631","KQ058427v1","7786546","7786853","75","436225"
"JH378180","7473295","7473591","KQ055267v1","513773","514088","92","6959522"
"JH378180","7576431","7576733","KQ053421v1","5610673","5610968","75","1965758"
"JH378180","7590294","7590416","KQ053398v1","2623748","2623879","41","4966546"
"JH378180","7646126","7646401","KQ055830v1","661716","661986","95","6984410"
"JH378180","7728176","7728486","KQ055352v1","6003171","6003466","71","1725005"
"JH378180","7751868","7752155","KQ058242v1","595939","596205","88","7155929"
"JH378180","7823393","7823685","KQ053421v1","5610673","5610968","81","2212720"
"JH378180","7913883","7914134","KQ058242v1","595939","596205","76","7317944"
"JH378180","7972736","7972994","KQ058242v1","595939","596205","82","7376797"
"JH378180","7999539","7999841","KQ053421v1","5610673","5610968","91","2388866"
"JH378180","8032761","8033049","KQ053421v1","5610673","5610968","83","2422088"
"JH378180","8058781","8059096","KQ053421v1","5610673","5610968","92","2448108"
"JH378180","8080838","8081137","KQ053421v1","5610673","5610968","86","2470165"
"JH378180","8124926","8125211","KQ058242v1","595939","596205","88","7528987"
"JH378180","8284174","8284468","KQ053421v1","5610673","5610968","78","2673501"
"JH378180","8320165","8320461","KQ053421v1","5610673","5610968","74","2709492"
"JH378180","8666061","8666362","KQ053421v1","5610673","5610968","71","3055388"
"JH378180","8955644","8955942","KQ053421v1","5610673","5610968","66","3344971"
"JH378180","8965380","8965592","ABDC02053644v1","2226","2419","73","8963154"
"JH378180","8965693","8965793","KQ058316v1","2226037","2226104","44","6739656"
"JH378180","9357858","9358192","KQ053059v1","2548766","2549102","95","6809092"
"JH378180","9376963","9377270","KQ053421v1","5610673","5610968","70","3766290"
"JH378180","9458254","9458551","KQ053421v1","5610673","5610968","67","3847581"
"JH378180","9532067","9532373","KQ055267v1","513773","514088","68","9018294"
"JH378180","9533426","9533733","KQ055352v1","6003171","6003466","71","3530255"
"JH378180","9557205","9557527","KQ058427v1","7786546","7786853","93","1770659"
"JH378180","9605470","9605788","KQ055267v1","513773","514088","109","9091697"
"JH378180","9628980","9629275","KQ053421v1","5610673","5610968","67","4018307"
"JH378180","9630343","9630644","KQ055862v1","1305285","1305561","85","8325058"
"JH378180","9632331","9632631","KQ053421v1","5610673","5610968","66","4021658"
"JH378180","9681896","9682195","KQ053421v1","5610673","5610968","69","4071223"
"JH378180","9699940","9700221","KQ053785v1","888769","889063","91","8811171"
"JH378180","9711420","9711721","KQ053421v1","5610673","5610968","70","4100747"
"JH378180","9755969","9756210","KQ056321v1","575951","576190","83","9180018"
"JH378180","9762709","9762828","KQ053398v1","2623748","2623879","37","7138961"
"JH378180","9765228","9765536","KQ055352v1","6003171","6003466","74","3762057"
"JH378180","9765978","9766283","KQ053421v1","5610673","5610968","79","4155305"
"JH378180","9776160","9776459","KQ053421v1","5610673","5610968","75","4165487"
"JH378180","9782008","9782242","ABDC02053644v1","2226","2419","93","9779782"
"JH378180","9787849","9788012","KQ053993v1","1251070","1251235","38","8536779"
"JH378180","9803557","9803813","KQ058242v1","595939","596205","75","9207618"
"JH378180","9805146","9805434","KQ053421v1","5610673","5610968","81","4194473"
"JH378180","9817777","9817879","KQ056279v1","759081","759162","33","9058696"
"JH378180","9855062","9855330","KQ058427v1","6786866","6787134","88","3068196"
"JH378180","9856985","9857215","KQ055662v1","1890465","1890674","72","7966520"
"JH378180","9882299","9882597","KQ053421v1","5610673","5610968","75","4271626"
"JH378180","9900661","9900950","KQ053421v1","5610673","5610968","71","4289988"
"JH378180","9906701","9906988","KQ053421v1","5610673","5610968","80","4296028"
"JH378180","9934979","9935275","KQ053421v1","5610673","5610968","67","4324306"
"JH378180","9945579","9945850","KQ058339v1","4553625","4553889","93","5391954"
"JH378180","9956214","9956527","KQ055352v1","6003171","6003466","81","3953043"
"JH378180","9970505","9970813","KQ058427v1","7786546","7786853","71","2183959"
"JH378180","9972930","9973231","KQ053421v1","5610673","5610968","75","4362257"
"JH378180","9976404","9976707","KQ053421v1","5610673","5610968","67","4365731"
"JH378180","9986038","9986361","KQ055267v1","513773","514088","90","9472265"
"JH378180","9991680","9991988","KQ055267v1","513773","514088","71","9477907"
"JH378180","10011022","10011311","KQ053421v1","5610673","5610968","71","4400349"
"JH378180","10035956","10036238","KQ053421v1","5610673","5610968","85","4425283"
"JH378180","10052862","10053166","KQ058427v1","7786546","7786853","78","2266316"
"JH378180","10074242","10074544","KQ053421v1","5610673","5610968","68","4463569"
"JH378180","10081832","10082139","KQ055267v1","513773","514088","68","9568059"
"JH378180","10087585","10087751","KQ056064v1","326763","326940","62","9760822"
"JH378180","10206446","10206739","KQ053421v1","5610673","5610968","74","4595773"
"JH378180","10210388","10210699","KQ053421v1","5610673","5610968","78","4599715"
"JH378180","10255558","10255859","KQ053421v1","5610673","5610968","68","4644885"
"JH378180","10379801","10380098","KQ053421v1","5610673","5610968","64","4769128"
"JH378180","10380228","10380507","KQ053421v1","5610673","5610968","82","4769555"
"JH378180","10555312","10555609","KQ053421v1","5610673","5610968","73","4944639"
"JH378180","10578018","10578328","KQ055267v1","513773","514088","73","10064245"
"JH378180","10710379","10710628","KQ058505v1","2207051","2207301","78","8503328"
"JH378181","204708","205012","KQ053421v1","5610673","5610968","74","5405965"
"JH378181","271250","271531","KQ054815v1","2215557","2215844","79","1944307"
"JH378181","335747","336051","KQ055267v1","513773","514088","72","178026"
"JH378181","349077","349396","KQ055267v1","513773","514088","85","164696"
"JH378181","424667","424978","KQ053421v1","5610673","5610968","81","5186006"
"JH378181","540192","540480","KQ053421v1","5610673","5610968","95","5070481"
"JH378181","665589","665893","KQ058427v1","7786546","7786853","80","7120957"
"JH378181","683963","684261","KQ053421v1","5610673","5610968","73","4926710"
"JH378181","865517","865845","KQ053421v1","5610673","5610968","102","4745156"
"JH378181","885250","885539","KQ053421v1","5610673","5610968","70","4725423"
"JH378181","936450","936756","KQ055352v1","6003171","6003466","74","5066721"
"JH378181","1166501","1166809","KQ058427v1","7786546","7786853","84","6620045"
"JH378181","1252313","1252621","KQ055352v1","6003171","6003466","72","4750858"
"JH378181","1278125","1278421","KQ053421v1","5610673","5610968","64","4332548"
"JH378181","1325909","1326203","KQ053421v1","5610673","5610968","69","4284764"
"JH378181","1354314","1354621","KQ055267v1","513773","514088","82","840541"
"JH378181","1357200","1357512","KQ058427v1","7786546","7786853","84","6429346"
"JH378181","1498281","1498585","KQ055352v1","6003171","6003466","72","4504890"
"JH378181","1513833","1514124","KQ053421v1","5610673","5610968","68","4096840"
"JH378181","1542060","1542343","KQ058242v1","595939","596205","89","946121"
"JH378181","1564266","1564567","KQ053421v1","5610673","5610968","72","4046407"
"JH378181","1626786","1627088","KQ053421v1","5610673","5610968","79","3983887"
"JH378181","1781582","1781820","KQ058505v1","2207051","2207301","74","425469"
"JH378181","1831231","1831532","KQ053421v1","5610673","5610968","86","3779442"
"JH378181","1892883","1893191","KQ055352v1","6003171","6003466","70","4110288"
"JH378181","1899612","1899907","KQ053421v1","5610673","5610968","64","3711061"
"JH378181","1914316","1914590","KQ057186v1","783828","784085","74","1130488"
"JH378181","1921304","1921588","KQ053421v1","5610673","5610968","89","3689369"
"JH378181","1977538","1977854","KQ058427v1","7786546","7786853","83","5809008"
"JH378181","2035021","2035318","KQ053421v1","5610673","5610968","84","3575652"
"JH378181","2035476","2035767","KQ053421v1","5610673","5610968","73","3575197"
"JH378181","2072601","2072883","KQ053421v1","5610673","5610968","80","3538072"
"JH378181","2102333","2102628","KQ053421v1","5610673","5610968","65","3508340"
"JH378181","2159115","2159403","KQ053421v1","5610673","5610968","83","3451558"
"JH378181","2166142","2166445","KQ058427v1","7786546","7786853","85","5620404"
"JH378181","2173739","2174021","KQ054815v1","2215557","2215844","77","41818"
"JH378181","2200883","2201177","KQ053421v1","5610673","5610968","74","3409790"
"JH378181","2217106","2217411","KQ053421v1","5610673","5610968","73","3393567"
"JH378181","2226154","2226462","KQ055352v1","6003171","6003466","70","3777017"
"JH378181","2244090","2244386","KQ053421v1","5610673","5610968","72","3366583"
"JH378181","2266744","2267048","KQ053421v1","5610673","5610968","73","3343929"
"JH378181","2323238","2323549","KQ058427v1","7786546","7786853","83","5463308"
"JH378181","2334496","2334598","KQ055717v1","1610376","1610476","41","724120"
"JH378181","2350252","2350559","KQ053421v1","5610673","5610968","71","3260421"
"JH378181","2366991","2367290","KQ053421v1","5610673","5610968","80","3243682"
"JH378181","2413038","2413344","KQ053421v1","5610673","5610968","75","3197635"
"JH378181","2439451","2439742","KQ053421v1","5610673","5610968","70","3171222"
"JH378181","2448492","2448794","KQ055352v1","6003171","6003466","72","3554679"
"JH378181","2470588","2470901","KQ053421v1","5610673","5610968","85","3140085"
"JH378181","2480293","2480588","KQ053421v1","5610673","5610968","71","3130380"
"JH378181","2503295","2503558","KQ058242v1","595939","596205","86","1907356"
"JH378181","2557474","2557777","KQ053421v1","5610673","5610968","77","3053199"
"JH378181","2610971","2611273","KQ053421v1","5610673","5610968","71","2999702"
"JH378181","2673342","2673666","KQ053421v1","5610673","5610968","86","2937331"
"JH378181","2676657","2676975","KQ055352v1","6003171","6003466","82","3326514"
"JH378181","2694932","2695224","KQ053421v1","5610673","5610968","77","2915741"
"JH378181","2747464","2747639","KQ058423v1","270754","270928","43","2476710"
"JH378181","2865391","2865689","KQ053421v1","5610673","5610968","88","2745282"
"JH378181","2870364","2870675","KQ055352v1","6003171","6003466","75","3132807"
"JH378181","2940045","2940367","KQ058427v1","7786546","7786853","86","4846501"
"JH378181","2961778","2962091","KQ053421v1","5610673","5610968","82","2648895"
"JH378181","3050537","3050841","KQ055267v1","513773","514088","85","2536764"
"JH378181","3100066","3100362","KQ055267v1","513773","514088","92","2586293"
"JH378181","3241765","3242071","KQ055352v1","6003171","6003466","72","2761406"
"JH378181","3303553","3303864","KQ055352v1","6003171","6003466","77","2699618"
"JH378181","3332539","3332819","KQ053421v1","5610673","5610968","90","2278134"
"JH378181","3339861","3340170","KQ055352v1","6003171","6003466","75","2663310"
"JH378181","3460223","3460511","KQ053421v1","5610673","5610968","77","2150450"
"JH378181","3649610","3649912","KQ053421v1","5610673","5610968","79","1961063"
"JH378181","3820675","3821019","KQ055267v1","513773","514088","115","3306902"
"JH378181","3825858","3826148","KQ053421v1","5610673","5610968","79","1784815"
"JH378181","3867286","3867572","KQ054815v1","2215557","2215844","88","1651729"
"JH378181","3870243","3870461","KQ058274v1","300327","300497","75","3569916"
"JH378181","3981377","3981677","KQ053421v1","5610673","5610968","84","1629296"
"JH378181","4001410","4001718","KQ055352v1","6003171","6003466","71","2001761"
"JH378181","4100290","4100591","KQ053421v1","5610673","5610968","77","1510383"
"JH378181","4162644","4162943","KQ053421v1","5610673","5610968","72","1448029"
"JH378181","4175350","4175664","KQ053421v1","5610673","5610968","83","1435323"
"JH378181","4541271","4541583","KQ058427v1","7786546","7786853","78","3245275"
"JH378181","4548702","4549001","KQ053421v1","5610673","5610968","73","1061971"
"JH378181","4569440","4569738","KQ053421v1","5610673","5610968","69","1041233"
"JH378181","4601588","4601875","KQ053785v1","888769","889063","90","3712819"
"JH378181","4610611","4610920","KQ055352v1","6003171","6003466","75","1392560"
"JH378181","4641618","4641844","KQ056005v1","1024192","1024395","66","3617426"
"JH378181","4723914","4724202","KQ053421v1","5610673","5610968","74","886759"
"JH378181","4739157","4739454","KQ053421v1","5610673","5610968","68","871516"
"JH378181","4834150","4834456","KQ053421v1","5610673","5610968","73","776523"
"JH378181","4878332","4878638","KQ053421v1","5610673","5610968","76","732341"
"JH378181","4983356","4983666","KQ053421v1","5610673","5610968","83","627317"
"JH378181","4989827","4990052","KQ058509v1","24058","24271","64","4965769"
"JH378181","4990761","4990823","KQ055247v1","3278175","3278224","25","1712586"
"JH378181","5004530","5004807","KQ053421v1","5610673","5610968","76","606143"
"JH378181","5067623","5067931","KQ053421v1","5610673","5610968","70","543050"
"JH378181","5068327","5068570","KQ056321v1","575951","576190","88","4492376"
"JH378181","5069606","5069888","KQ058242v1","595939","596205","74","4473667"
"JH378181","5108504","5108810","KQ053421v1","5610673","5610968","73","502169"
"JH378181","5156268","5156365","KQ053998v1","8863","8933","41","5147405"
"JH378181","5199367","5199540","KQ053093v1","1668172","1668343","47","3531195"
"JH378181","5352170","5352480","KQ055267v1","513773","514088","79","4838397"
"JH378181","5355675","5355960","KQ053421v1","5610673","5610968","83","254998"
"JH378181","5359459","5359652","KQ056147v1","2861940","2862121","55","2497519"
"JH378181","5410600","5410910","KQ058427v1","7786546","7786853","79","2375946"
"JH378181","5665032","5665326","KQ053421v1","5610673","5610968","74","54359"
"JH378181","5671077","5671361","KQ053421v1","5610673","5610968","77","60404"
"JH378181","5713777","5714058","KQ053421v1","5610673","5610968","91","103104"
"JH378181","5719703","5719958","KQ058242v1","595939","596205","72","5123764"
"JH378181","5761589","5761859","KQ055830v1","661716","661986","89","5099873"
"JH378181","5784369","5784680","KQ055352v1","6003171","6003466","76","218802"
"JH378181","5877048","5877356","KQ053421v1","5610673","5610968","87","266375"
"JH378181","5885244","5885547","KQ053421v1","5610673","5610968","75","274571"
"JH378181","5901191","5901485","KQ053421v1","5610673","5610968","78","290518"
"JH378181","5935728","5936037","KQ053421v1","5610673","5610968","82","325055"
"JH378181","6054093","6054397","KQ055352v1","6003171","6003466","70","50922"
"JH378181","6067055","6067365","KQ055267v1","513773","514088","71","5553282"
"JH378181","6099771","6100072","KQ053421v1","5610673","5610968","73","489098"
"JH378181","6154808","6155105","KQ053421v1","5610673","5610968","79","544135"
"JH378181","6216893","6217192","KQ053421v1","5610673","5610968","70","606220"
"JH378181","6345288","6345582","KQ053421v1","5610673","5610968","71","734615"
"JH378181","6366010","6366319","KQ055352v1","6003171","6003466","67","362839"
"JH378181","6385977","6386280","KQ055352v1","6003171","6003466","68","382806"
"JH378181","6415403","6415671","KQ058242v1","595939","596205","89","5819464"
"JH378181","6423372","6423606","KQ058242v1","595939","596205","88","5827433"
"JH378181","6426387","6426714","KQ055267v1","513773","514088","84","5912614"
"JH378181","6462687","6462992","KQ055352v1","6003171","6003466","68","459516"
"JH378181","6495638","6495934","KQ053421v1","5610673","5610968","71","884965"
"JH378181","6559469","6559757","KQ053421v1","5610673","5610968","78","948796"
"JH378181","6621890","6622139","KQ058242v1","595939","596205","94","6025951"
"JH378181","6650819","6651132","KQ055267v1","513773","514088","90","6137046"
"JH378181","6657844","6658127","KQ053421v1","5610673","5610968","77","1047171"
"JH378181","6750777","6751074","KQ053141v1","2860","3159","101","6747917"
"JH378181","6756586","6756880","KQ053421v1","5610673","5610968","90","1145913"
"JH378181","6812554","6812857","KQ058427v1","7786546","7786853","77","973992"
"JH378181","7026548","7026848","KQ053421v1","5610673","5610968","69","1415875"
"JH378181","7027110","7027419","KQ055267v1","513773","514088","74","6513337"
"JH378181","7096722","7097012","KQ053421v1","5610673","5610968","82","1486049"
"JH378181","7106565","7106859","KQ053421v1","5610673","5610968","65","1495892"
"JH378181","7580613","7580921","KQ053421v1","5610673","5610968","68","1969940"
"JH378181","7633746","7633988","KQ056321v1","575951","576190","83","7057795"
"JH378181","7751653","7751782","KQ054401v1","3363241","3363379","34","4388412"
"JH378181","7811042","7811346","KQ053421v1","5610673","5610968","73","2200369"
"JH378181","7815111","7815420","KQ055352v1","6003171","6003466","76","1811940"
"JH378181","7865930","7866210","KQ058242v1","595939","596205","76","7269991"
"JH378181","7884527","7884783","KQ058505v1","2207051","2207301","80","5677476"
"JH378181","7918688","7918995","KQ053421v1","5610673","5610968","84","2308015"
"JH378181","7928427","7928716","KQ053421v1","5610673","5610968","80","2317754"
"JH378181","7979668","7979845","KQ053531v1","6571","6737","69","7973097"
"JH378181","7995842","7995963","KQ053398v1","2623748","2623879","39","5372094"
"JH378181","8016107","8016387","KQ058242v1","595939","596205","77","7420168"
"JH378181","8062766","8062940","KQ058561v1","5509651","5509809","74","2553115"
"JH378181","8171061","8171372","KQ055352v1","6003171","6003466","73","2167890"
"JH378181","8178590","8178880","KQ053421v1","5610673","5610968","77","2567917"
"JH378181","8229298","8229575","KQ058339v1","4553625","4553889","82","3675673"
"JH378181","8300885","8301190","KQ053421v1","5610673","5610968","76","2690212"
"JH378181","8348278","8348569","KQ053421v1","5610673","5610968","82","2737605"
"JH378181","8539413","8539713","KQ053421v1","5610673","5610968","68","2928740"
"JH378181","8563650","8563938","KQ053421v1","5610673","5610968","84","2952977"
"JH378181","8565637","8565918","KQ053421v1","5610673","5610968","83","2954964"
"JH378181","8572681","8572976","KQ053421v1","5610673","5610968","74","2962008"
"JH378181","8610582","8610882","KQ053421v1","5610673","5610968","73","2999909"
"JH378181","8630137","8630449","KQ055267v1","513773","514088","74","8116364"
"JH378181","8719422","8719729","KQ055267v1","513773","514088","73","8205649"
"JH378181","8743725","8744030","KQ053421v1","5610673","5610968","72","3133052"
"JH378181","8850412","8850708","KQ053421v1","5610673","5610968","71","3239739"
"JH378181","8904126","8904372","KQ058339v1","4553625","4553889","93","4350501"
"JH378181","8948573","8948864","KQ053421v1","5610673","5610968","80","3337900"
"JH378181","8958541","8958804","KQ058505v1","2207051","2207301","83","6751490"
"JH378181","8972515","8972822","KQ055267v1","513773","514088","74","8458742"
"JH378181","8973332","8973641","KQ055267v1","513773","514088","74","8459559"
"JH378181","9208217","9208513","KQ053421v1","5610673","5610968","76","3597544"
"JH378181","9289500","9289802","KQ053421v1","5610673","5610968","64","3678827"
"JH378181","9349802","9349865","KQ058527v1","2766831","2766880","35","6582971"
"JH378181","9349966","9350178","KQ058274v1","300327","300497","72","9049639"
"JH378181","9388400","9388689","KQ058339v1","4553625","4553889","85","4834775"
"JH378181","9407478","9407788","KQ055352v1","6003171","6003466","74","3404307"
"JH378181","9408251","9408547","KQ058427v1","7786546","7786853","91","1621705"
"JH378181","9590641","9590947","KQ055267v1","513773","514088","74","9076868"
"JH378181","9630558","9630836","KQ058427v1","6786866","6787134","81","2843692"
"JH378181","9910035","9910334","KQ053421v1","5610673","5610968","71","4299362"
"JH378181","10035016","10035307","KQ053421v1","5610673","5610968","86","4424343"
"JH378181","10270034","10270328","KQ053421v1","5610673","5610968","73","4659361"
"JH378181","10305138","10305449","KQ058427v1","7786546","7786853","88","2518592"
"JH378181","10314838","10315131","KQ053421v1","5610673","5610968","83","4704165"
"JH378181","10356112","10356400","KQ053421v1","5610673","5610968","75","4745439"
"JH378181","10357029","10357323","KQ053421v1","5610673","5610968","75","4746356"
"JH378181","10385633","10385934","KQ053421v1","5610673","5610968","85","4774960"
"JH378181","10386635","10386945","KQ055267v1","513773","514088","72","9872862"
"JH378181","10435913","10436005","KQ054301v1","913068","913128","47","9522845"
"JH378181","10500198","10500506","KQ055352v1","6003171","6003466","71","4497027"
"JH378181","10521790","10522088","KQ053421v1","5610673","5610968","76","4911117"
"JH378181","10558236","10558536","KQ053421v1","5610673","5610968","80","4947563"
"JH378181","10563341","10563540","KQ058274v1","300327","300497","65","10263014"
"JH378181","10573172","10573477","KQ055267v1","513773","514088","77","10059399"
"JH378181","10589382","10589666","KQ058242v1","595939","596205","84","9993443"
"JH378181","10607039","10607316","KQ053421v1","5610673","5610968","81","4996366"
"JH378182","5504842","5505148","KQ055352v1","6003171","6003466","70","498329"
"JH378182","48736","48955","ABDC02053644v1","2226","2419","82","46510"
"JH378182","100335","100621","KQ053421v1","5610673","5610968","74","5510338"
"JH378182","114636","114820","KQ053234v1","1679581","1679757","52","1564945"
"JH378182","166777","167060","KQ053421v1","5610673","5610968","86","5443896"
"JH378182","229003","229240","KQ058509v1","24058","24271","69","204945"
"JH378182","229579","229633","KQ054191v1","1885658","1885707","17","1656079"
"JH378182","286044","286361","KQ058427v1","7786546","7786853","82","7500502"
"JH378182","385458","385709","KQ056321v1","575951","576190","94","190493"
"JH378182","431401","431695","KQ053421v1","5610673","5610968","74","5179272"
"JH378182","438193","438485","KQ053421v1","5610673","5610968","71","5172480"
"JH378182","444607","444894","KQ058242v1","595939","596205","103","151332"
"JH378182","456768","457066","KQ054815v1","2215557","2215844","92","1758789"
"JH378182","457503","457812","KQ055267v1","513773","514088","75","56270"
"JH378182","476358","476664","KQ055352v1","6003171","6003466","71","5526813"
"JH378182","476689","476975","KQ053421v1","5610673","5610968","78","5133984"
"JH378182","481380","481496","KQ053398v1","2623748","2623879","43","2142368"
"JH378182","497289","497588","KQ055267v1","513773","514088","83","16484"
"JH378182","515449","515735","KQ053421v1","5610673","5610968","87","5095224"
"JH378182","523317","523508","KQ058274v1","300327","300497","56","222990"
"JH378182","526282","526564","KQ053421v1","5610673","5610968","83","5084391"
"JH378182","546280","546391","KQ055717v1","1610376","1610476","43","1064096"
"JH378182","546683","546834","KQ054401v1","3363241","3363379","44","2816558"
"JH378182","571680","571984","KQ055267v1","513773","514088","92","57907"
"JH378182","577090","577391","KQ053421v1","5610673","5610968","95","5033583"
"JH378182","580499","580625","KQ053398v1","2623748","2623879","41","2043249"
"JH378182","602604","602920","KQ053421v1","5610673","5610968","84","5008069"
"JH378182","611823","612122","KQ053421v1","5610673","5610968","76","4998850"
"JH378182","621142","621438","KQ053421v1","5610673","5610968","80","4989531"
"JH378182","646840","647128","KQ053421v1","5610673","5610968","85","4963833"
"JH378182","660464","660753","KQ058242v1","595939","596205","87","64525"
"JH378182","663378","663667","KQ053421v1","5610673","5610968","90","4947295"
"JH378182","693390","693702","KQ058427v1","7786546","7786853","88","7093156"
"JH378182","694115","694412","KQ053421v1","5610673","5610968","79","4916558"
"JH378182","694651","694952","KQ058427v1","7786546","7786853","72","7091895"
"JH378182","697299","697589","KQ053421v1","5610673","5610968","86","4913374"
"JH378182","697908","698198","KQ053421v1","5610673","5610968","92","4912765"
"JH378182","734100","734383","KQ053421v1","5610673","5610968","84","4876573"
"JH378182","772708","772978","KQ058339v1","4553625","4553889","84","3780917"
"JH378182","777829","778121","KQ053421v1","5610673","5610968","89","4832844"
"JH378182","878705","878943","KQ058339v1","4553625","4553889","85","3674920"
"JH378182","883004","883295","KQ053421v1","5610673","5610968","72","4727669"
"JH378182","893684","893815","KQ053398v1","2623748","2623879","29","1730064"
"JH378182","895946","896247","KQ053421v1","5610673","5610968","71","4714727"
"JH378182","901687","901980","KQ058339v1","4553625","4553889","84","3651938"
"JH378182","905491","905811","KQ053421v1","5610673","5610968","85","4705182"
"JH378182","922456","922752","KQ053421v1","5610673","5610968","76","4688217"
"JH378182","925072","925385","KQ055352v1","6003171","6003466","77","5078099"
"JH378182","950227","950489","KQ058339v1","4553625","4553889","88","3603398"
"JH378182","951497","951800","KQ058242v1","595939","596205","107","355558"
"JH378182","974336","974637","KQ053421v1","5610673","5610968","66","4636337"
"JH378182","1012000","1012295","KQ053421v1","5610673","5610968","98","4598673"
"JH378182","1018683","1018955","KQ054815v1","2215557","2215844","90","1196874"
"JH378182","1032939","1033228","KQ053421v1","5610673","5610968","82","4577734"
"JH378182","1096794","1097061","KQ057901v1","868884","869144","87","227910"
"JH378182","1132423","1132721","KQ053421v1","5610673","5610968","70","4478250"
"JH378182","1134581","1134872","KQ053421v1","5610673","5610968","75","4476092"
"JH378182","1163102","1163412","KQ058427v1","7786546","7786853","77","6623444"
"JH378182","1302618","1302927","KQ058427v1","7786546","7786853","80","6483928"
"JH378182","1365671","1365977","KQ058427v1","7786546","7786853","83","6420875"
"JH378182","1440707","1440915","KQ053234v1","1679581","1679757","77","238874"
"JH378182","1453501","1453810","KQ055352v1","6003171","6003466","77","4549670"
"JH378182","1478218","1478504","KQ053421v1","5610673","5610968","80","4132455"
"JH378182","1536694","1536871","KQ053531v1","6571","6737","54","1530123"
"JH378182","1581635","1581931","KQ053421v1","5610673","5610968","84","4029038"
"JH378182","1615708","1615995","KQ053421v1","5610673","5610968","81","3994965"
"JH378182","1622734","1623030","KQ053421v1","5610673","5610968","67","3987939"
"JH378182","1639157","1639465","KQ055862v1","1305285","1305561","90","333872"
"JH378182","1677839","1678110","KQ058242v1","595939","596205","87","1081900"
"JH378182","1723793","1723941","KQ053398v1","2623748","2623879","47","899955"
"JH378182","1734756","1735063","KQ053421v1","5610673","5610968","76","3875917"
"JH378182","1810545","1810850","KQ053421v1","5610673","5610968","84","3800128"
"JH378182","1857375","1857677","KQ053421v1","5610673","5610968","69","3753298"
"JH378182","1936237","1936547","KQ055352v1","6003171","6003466","70","4066934"
"JH378182","2043152","2043455","KQ053421v1","5610673","5610968","81","3567521"
"JH378182","2242720","2243031","KQ055352v1","6003171","6003466","75","3760451"
"JH378182","2370905","2371197","KQ053421v1","5610673","5610968","80","3239768"
"JH378182","2405778","2406081","KQ053421v1","5610673","5610968","74","3204895"
"JH378182","2419765","2420075","KQ055267v1","513773","514088","75","1905992"
"JH378182","2420351","2420660","KQ055267v1","513773","514088","74","1906578"
"JH378182","2441928","2442237","KQ055352v1","6003171","6003466","77","3561243"
"JH378182","2444706","2444988","KQ054815v1","2215557","2215844","78","229149"
"JH378182","2447302","2447583","KQ058339v1","4553625","4553889","68","2106323"
"JH378182","2451460","2451762","KQ053421v1","5610673","5610968","69","3159213"
"JH378182","2496448","2496760","KQ053421v1","5610673","5610968","78","3114225"
"JH378182","2508854","2509162","KQ055267v1","513773","514088","72","1995081"
"JH378182","2561950","2562259","KQ055352v1","6003171","6003466","68","3441221"
"JH378182","2721846","2722136","KQ053421v1","5610673","5610968","72","2888827"
"JH378182","2726541","2726839","KQ053421v1","5610673","5610968","84","2884132"
"JH378182","2788309","2788616","KQ058427v1","7786546","7786853","77","4998237"
"JH378182","2989048","2989350","KQ053421v1","5610673","5610968","67","2621625"
"JH378182","3146920","3147230","KQ055352v1","6003171","6003466","72","2856251"
"JH378182","3147846","3148104","KQ058505v1","2207051","2207301","77","940795"
"JH378182","3234610","3234905","KQ053421v1","5610673","5610968","68","2376063"
"JH378182","3315739","3316000","KQ058505v1","2207051","2207301","84","1108688"
"JH378182","3477658","3477967","KQ055352v1","6003171","6003466","70","2525513"
"JH378182","3540427","3540736","KQ055352v1","6003171","6003466","76","2462744"
"JH378182","3592916","3593202","KQ053421v1","5610673","5610968","87","2017757"
"JH378182","3821415","3821627","KQ058274v1","300327","300497","77","3521088"
"JH378182","3821632","3821682","KQ053343v1","1624718","1624766","24","2196914"
"JH378182","3848110","3848341","KQ058509v1","24058","24271","75","3824052"
"JH378182","4014368","4014668","KQ053421v1","5610673","5610968","69","1596305"
"JH378182","4021396","4021589","KQ056005v1","1024192","1024395","50","2997204"
"JH378182","4051541","4051846","KQ055267v1","513773","514088","72","3537768"
"JH378182","4069811","4070121","KQ058427v1","7786546","7786853","76","3716735"
"JH378182","4146197","4146506","KQ055352v1","6003171","6003466","70","1856974"
"JH378182","4206525","4206833","KQ055352v1","6003171","6003466","71","1796646"
"JH378182","4233690","4233988","KQ053421v1","5610673","5610968","74","1376983"
"JH378182","4430264","4430572","KQ055352v1","6003171","6003466","68","1572907"
"JH378182","4493222","4493501","KQ053421v1","5610673","5610968","80","1117451"
"JH378182","4540202","4540417","KQ053234v1","1679581","1679757","74","2860621"
"JH378182","4620683","4620984","KQ053421v1","5610673","5610968","73","989990"
"JH378182","4743349","4743645","KQ053421v1","5610673","5610968","77","867324"
"JH378182","4787332","4787631","KQ053421v1","5610673","5610968","75","823341"
"JH378182","5109626","5109937","KQ055267v1","513773","514088","75","4595853"
"JH378182","5123893","5124202","KQ055267v1","513773","514088","71","4610120"
"JH378182","5133683","5133994","KQ053421v1","5610673","5610968","77","476990"
"JH378182","5143644","5143945","KQ053421v1","5610673","5610968","73","467029"
"JH378182","5155042","5155342","KQ053421v1","5610673","5610968","65","455631"
"JH378182","5171599","5171915","KQ055267v1","513773","514088","80","4657826"
"JH378182","5273907","5274067","KQ053398v1","2623748","2623879","58","2650159"
"JH378182","5359301","5359603","KQ053421v1","5610673","5610968","71","251372"
"JH378182","5365104","5365365","KQ053421v1","5610673","5610968","93","245569"
"JH378182","5379325","5379630","KQ053421v1","5610673","5610968","69","231348"
"JH378182","5419075","5419222","KQ053398v1","2623748","2623879","47","2795327"
"JH378182","5497722","5498038","KQ055267v1","513773","514088","73","4983949"
"JH378182","5522698","5523003","KQ058427v1","7786546","7786853","72","2263848"
"JH378182","5544185","5544486","KQ055267v1","513773","514088","74","5030412"
"JH378182","5555281","5555568","KQ053421v1","5610673","5610968","69","55392"
"JH378182","5580467","5580772","KQ053421v1","5610673","5610968","73","30206"
"JH378182","5656683","5656992","KQ053421v1","5610673","5610968","81","46010"
"JH378182","5668470","5668768","KQ053421v1","5610673","5610968","72","57797"
"JH378182","5756876","5757130","KQ056321v1","575951","576190","85","5180925"
"JH378182","5800631","5800932","KQ053421v1","5610673","5610968","72","189958"
"JH378182","5805947","5806253","KQ053421v1","5610673","5610968","71","195274"
"JH378182","5808467","5808775","KQ053421v1","5610673","5610968","69","197794"
"JH378182","5971151","5971443","KQ053421v1","5610673","5610968","82","360478"
"JH378182","6047970","6048281","KQ055352v1","6003171","6003466","70","44799"
"JH378182","6111045","6111205","KQ058423v1","270754","270928","56","5840291"
"JH378182","6299794","6300083","KQ053421v1","5610673","5610968","76","689121"
"JH378182","6383608","6383903","KQ053421v1","5610673","5610968","75","772935"
"JH378182","6471298","6471598","KQ053421v1","5610673","5610968","72","860625"
"JH378182","6619269","6619565","KQ053421v1","5610673","5610968","65","1008596"
"JH378182","6631899","6632199","KQ053421v1","5610673","5610968","72","1021226"
"JH378182","6773168","6773465","KQ053421v1","5610673","5610968","73","1162495"
"JH378182","6835210","6835508","KQ053421v1","5610673","5610968","78","1224537"
"JH378182","6957161","6957466","KQ053421v1","5610673","5610968","67","1346488"
"JH378182","7131201","7131499","KQ053421v1","5610673","5610968","76","1520528"
"JH378182","7134359","7134660","KQ053421v1","5610673","5610968","65","1523686"
"JH378182","7146988","7147242","KQ058242v1","595939","596205","76","6551049"
"JH378182","7192328","7192637","KQ055352v1","6003171","6003466","69","1189157"
"JH378182","7201959","7202264","KQ055267v1","513773","514088","71","6688186"
"JH378182","7207591","7207883","KQ053421v1","5610673","5610968","72","1596918"
"JH378182","7209073","7209373","KQ053421v1","5610673","5610968","68","1598400"
"JH378182","7244183","7244481","KQ053421v1","5610673","5610968","68","1633510"
"JH378182","7265854","7266166","KQ058427v1","7786546","7786853","93","520692"
"JH378182","7288008","7288265","KQ058339v1","4553625","4553889","88","2734383"
"JH378182","7296205","7296271","KQ056279v1","759081","759162","24","6537124"
"JH378182","7297026","7297080","KQ054444v1","39690","39742","30","7257336"
"JH378182","7302528","7302643","KQ056493v1","2043382","2043488","28","5259146"
"JH378182","7331660","7331963","KQ058427v1","7786546","7786853","71","454886"
"JH378182","7358712","7359013","KQ053421v1","5610673","5610968","70","1748039"
"JH378182","7359647","7359924","KQ055862v1","1305285","1305561","85","6054362"
"JH378182","7379046","7379354","KQ053421v1","5610673","5610968","72","1768373"
"JH378182","7379966","7380271","KQ053421v1","5610673","5610968","72","1769293"
"JH378182","7401997","7402285","KQ053421v1","5610673","5610968","75","1791324"
"JH378182","7415278","7415588","KQ055267v1","513773","514088","82","6901505"
"JH378182","7415986","7416257","KQ055862v1","1305285","1305561","88","6110701"
"JH378182","7421183","7421486","KQ053421v1","5610673","5610968","73","1810510"
"JH378182","7442203","7442493","KQ053421v1","5610673","5610968","76","1831530"
"JH378182","7451282","7451571","KQ053421v1","5610673","5610968","73","1840609"
"JH378182","7472132","7472439","KQ055352v1","6003171","6003466","71","1468961"
"JH378182","7501915","7502214","KQ053421v1","5610673","5610968","78","1891242"
"JH378182","7609934","7610224","KQ058242v1","595939","596205","78","7013995"
"JH378182","7697893","7698154","KQ058505v1","2207051","2207301","81","5490842"
"JH378182","7765406","7765705","KQ053421v1","5610673","5610968","68","2154733"
"JH378182","7916999","7917295","KQ053421v1","5610673","5610968","70","2306326"
"JH378182","7954373","7954529","KQ058428v1","1396698","1396861","49","6557675"
"JH378182","7994475","7994775","KQ053421v1","5610673","5610968","82","2383802"
"JH378182","8313608","8313901","KQ053421v1","5610673","5610968","74","2702935"
"JH378182","8405267","8405562","KQ053421v1","5610673","5610968","68","2794594"
"JH378182","8483106","8483403","KQ053421v1","5610673","5610968","78","2872433"
"JH378182","8662162","8662472","KQ055267v1","513773","514088","72","8148389"
"JH378182","8790929","8791222","KQ053421v1","5610673","5610968","85","3180256"
"JH378182","8883697","8883964","KQ056321v1","575951","576190","92","8307746"
"JH378182","8946381","8946711","KQ058427v1","7786546","7786853","98","1159835"
"JH378182","8976896","8977192","KQ053421v1","5610673","5610968","83","3366223"
"JH378182","9044833","9045128","KQ055352v1","6003171","6003466","81","3041662"
"JH378182","9165764","9166062","KQ053421v1","5610673","5610968","67","3555091"
"JH378182","9196756","9197060","KQ053421v1","5610673","5610968","85","3586083"
"JH378182","9197126","9197445","KQ053421v1","5610673","5610968","88","3586453"
"JH378182","9223543","9223833","KQ053421v1","5610673","5610968","71","3612870"
"JH378182","9262413","9262716","KQ055352v1","6003171","6003466","88","3259242"
"JH378182","9266150","9266445","KQ053421v1","5610673","5610968","67","3655477"
"JH378182","9275236","9275368","KQ057161v1","453350","453459","48","8821886"
"JH378182","9275720","9275803","KQ056235v1","1266284","1266361","20","8009436"
"JH378182","9330250","9330544","KQ053421v1","5610673","5610968","77","3719577"
"JH378182","9354725","9355019","KQ053421v1","5610673","5610968","73","3744052"
"JH378182","9410845","9411148","KQ053421v1","5610673","5610968","74","3800172"
"JH378182","9443914","9444211","KQ053421v1","5610673","5610968","81","3833241"
"JH378182","9451694","9451997","KQ058427v1","7786546","7786853","78","1665148"
"JH378182","9474026","9474321","KQ053421v1","5610673","5610968","80","3863353"
"JH378182","9640396","9640703","KQ055267v1","513773","514088","79","9126623"
"JH378182","9725559","9725832","KQ058242v1","595939","596205","79","9129620"
"JH378182","9748015","9748350","KQ055352v1","6003171","6003466","101","3744844"
"JH378182","9866093","9866394","KQ053421v1","5610673","5610968","68","4255420"
"JH378182","10078688","10078993","KQ053421v1","5610673","5610968","71","4468015"
"JH378182","10102779","10103088","KQ055352v1","6003171","6003466","72","4099608"
"JH378182","10149502","10149798","KQ053421v1","5610673","5610968","69","4538829"
"JH378182","10163153","10163447","KQ053421v1","5610673","5610968","85","4552480"
"JH378182","10168382","10168676","KQ053421v1","5610673","5610968","85","4557709"
"JH378182","10335108","10335404","KQ055267v1","513773","514088","87","9821335"
"JH378182","10342278","10342578","KQ053421v1","5610673","5610968","72","4731605"
"JH378182","10360754","10361060","KQ053421v1","5610673","5610968","79","4750081"
"JH378182","10364565","10364859","KQ053421v1","5610673","5610968","73","4753892"
"JH378182","10375073","10375115","KQ057909v1","13179999","13180035","21","2804926"
"JH378182","10375220","10375403","KQ053531v1","6571","6737","53","10368649"
"JH378183","33437","33726","KQ058640v1","643463","643729","86","610026"
"JH378183","34294","34597","KQ058427v1","7786546","7786853","82","7752252"
"JH378183","62023","62315","KQ058242v1","595939","596205","87","533916"
"JH378183","104171","104477","KQ053421v1","5610673","5610968","74","5506502"
"JH378183","116142","116439","KQ053421v1","5610673","5610968","73","5494531"
"JH378183","123980","124274","KQ053421v1","5610673","5610968","68","5486693"
"JH378183","147739","148039","KQ053421v1","5610673","5610968","72","5462934"
"JH378183","159410","159718","KQ055267v1","513773","514088","78","354363"
"JH378183","215748","215927","KQ053081v1","1367902","1368071","70","1152154"
"JH378183","234199","234507","KQ055352v1","6003171","6003466","70","5768972"
"JH378183","355976","356277","KQ053421v1","5610673","5610968","69","5254697"
"JH378183","409878","410204","KQ055267v1","513773","514088","84","103895"
"JH378183","467549","467869","KQ058427v1","7786546","7786853","90","7318997"
"JH378183","472170","472481","KQ055267v1","513773","514088","73","41603"
"JH378183","736953","737241","KQ053421v1","5610673","5610968","83","4873720"
"JH378183","744595","744902","KQ055352v1","6003171","6003466","70","5258576"
"JH378183","858257","858528","KQ057186v1","783828","784085","84","74429"
"JH378183","870529","870791","KQ058640v1","643463","643729","84","227066"
"JH378183","918725","919028","KQ055267v1","513773","514088","68","404952"
"JH378183","965715","966018","KQ053421v1","5610673","5610968","71","4644958"
"JH378183","1013498","1013778","KQ058242v1","595939","596205","78","417559"
"JH378183","1114047","1114354","KQ055267v1","513773","514088","87","600274"
"JH378183","1129497","1129798","KQ058427v1","7786546","7786853","78","6657049"
"JH378183","1352766","1353033","KQ058242v1","595939","596205","78","756827"
"JH378183","1362984","1363288","KQ053421v1","5610673","5610968","84","4247689"
"JH378183","1421619","1421904","KQ053421v1","5610673","5610968","84","4189054"
"JH378183","1423062","1423192","KQ053398v1","2623748","2623879","34","1200686"
"JH378183","1423202","1423276","KQ053004v1","5079579","5079652","23","3656377"
"JH378183","1514426","1514736","KQ058427v1","7786546","7786853","82","6272120"
"JH378183","1530228","1530539","KQ055267v1","513773","514088","74","1016455"
"JH378183","1603908","1604219","KQ055352v1","6003171","6003466","73","4399263"
"JH378183","1716297","1716611","KQ053421v1","5610673","5610968","85","3894376"
"JH378183","1922304","1922588","KQ053421v1","5610673","5610968","73","3688369"
"JH378183","1926455","1926785","KQ053059v1","2548766","2549102","91","622311"
"JH378183","2009586","2009899","KQ055352v1","6003171","6003466","75","3993585"
"JH378183","2174601","2174804","KQ052982v1","2032903","2033097","62","141698"
"JH378183","2217987","2218106","KQ053398v1","2623748","2623879","41","405761"
"JH378183","2250005","2250111","KQ055717v1","1610376","1610476","38","639629"
"JH378183","2338039","2338349","KQ058427v1","7786546","7786853","70","5448507"
"JH378183","2344465","2344773","KQ055267v1","513773","514088","83","1830692"
"JH378183","2449795","2450088","KQ053421v1","5610673","5610968","75","3160878"
"JH378183","2484785","2485084","KQ053421v1","5610673","5610968","74","3125888"
"JH378183","2492379","2492686","KQ053421v1","5610673","5610968","77","3118294"
"JH378183","2500964","2501269","KQ055352v1","6003171","6003466","76","3502207"
"JH378183","2513434","2513743","KQ055352v1","6003171","6003466","73","3489737"
"JH378183","2527948","2528227","KQ058242v1","595939","596205","80","1932009"
"JH378183","2530070","2530358","KQ053421v1","5610673","5610968","80","3080603"
"JH378183","2578207","2578517","KQ055267v1","513773","514088","73","2064434"
"JH378183","2582196","2582502","KQ053421v1","5610673","5610968","80","3028477"
"JH378183","3000495","3000713","KQ055662v1","1890465","1890674","68","1110030"
"JH378183","3281994","3282291","KQ053421v1","5610673","5610968","69","2328679"
"JH378183","3306076","3306379","KQ053421v1","5610673","5610968","71","2304597"
"JH378183","3391352","3391653","KQ053421v1","5610673","5610968","72","2219321"
"JH378183","3402556","3402863","KQ055352v1","6003171","6003466","73","2600615"
"JH378183","3535541","3535842","KQ053421v1","5610673","5610968","71","2075132"
"JH378183","3556791","3557094","KQ053421v1","5610673","5610968","72","2053882"
"JH378183","3649801","3650103","KQ053421v1","5610673","5610968","75","1960872"
"JH378183","3657852","3658152","KQ053421v1","5610673","5610968","70","1952821"
"JH378183","3723444","3723741","KQ053421v1","5610673","5610968","72","1887229"
"JH378183","3863919","3864231","KQ055352v1","6003171","6003466","76","2139252"
"JH378183","4095757","4096051","KQ053421v1","5610673","5610968","68","1514916"
"JH378183","4296827","4297134","KQ055267v1","513773","514088","69","3783054"
"JH378183","4496959","4497260","KQ053421v1","5610673","5610968","78","1113714"
"JH378183","4556576","4556873","KQ053421v1","5610673","5610968","68","1054097"
"JH378183","4574874","4575167","KQ053421v1","5610673","5610968","71","1035799"
"JH378183","4587614","4587909","KQ053421v1","5610673","5610968","66","1023059"
"JH378183","4859580","4859897","KQ055267v1","513773","514088","83","4345807"
"JH378183","4884916","4885229","KQ058427v1","7786546","7786853","77","2901630"
"JH378183","5033798","5034080","KQ054815v1","2215557","2215844","79","2818241"
"JH378183","5056127","5056418","KQ057901v1","868884","869144","94","4187243"
"JH378183","5074093","5074398","KQ055352v1","6003171","6003466","70","929078"
"JH378183","5094193","5094484","KQ053421v1","5610673","5610968","69","516480"
"JH378183","5161184","5161493","KQ055352v1","6003171","6003466","73","841987"
"JH378183","5324505","5324800","KQ053421v1","5610673","5610968","68","286168"
"JH378183","5439332","5439640","KQ055352v1","6003171","6003466","70","563839"
"JH378183","5444977","5445145","KQ053993v1","1251070","1251235","44","4193907"
"JH378183","5493010","5493312","KQ058427v1","7786546","7786853","76","2293536"
"JH378183","5499030","5499337","KQ055267v1","513773","514088","72","4985257"
"JH378183","5579159","5579445","KQ054815v1","2215557","2215844","81","3363602"
"JH378183","5787813","5788107","KQ053421v1","5610673","5610968","72","177140"
"JH378183","5870092","5870412","KQ055352v1","6003171","6003466","76","133079"
"JH378183","5926373","5926676","KQ053421v1","5610673","5610968","74","315700"
"JH378183","6049305","6049601","KQ053421v1","5610673","5610968","66","438632"
"JH378183","6174398","6174695","KQ053421v1","5610673","5610968","73","563725"
"JH378183","6185824","6186123","KQ053421v1","5610673","5610968","65","575151"
"JH378183","6240832","6240927","KQ058316v1","2226037","2226104","42","4014795"
"JH378183","6240987","6241208","KQ052982v1","2032903","2033097","62","4208084"
"JH378183","6285738","6286052","KQ055352v1","6003171","6003466","71","282567"
"JH378183","6296924","6297226","KQ053421v1","5610673","5610968","65","686251"
"JH378183","6311259","6311419","KQ057161v1","453350","453459","64","5857909"
"JH378183","6372084","6372413","KQ053059v1","2548766","2549102","90","3823318"
"JH378183","6396846","6397141","KQ053421v1","5610673","5610968","69","786173"
"JH378183","6420096","6420385","KQ053421v1","5610673","5610968","76","809423"
"JH378183","6469194","6469511","KQ053421v1","5610673","5610968","78","858521"
"JH378183","6608330","6608623","KQ053421v1","5610673","5610968","73","997657"
"JH378183","6760952","6761257","KQ053421v1","5610673","5610968","74","1150279"
"JH378183","6826067","6826232","KQ054510v1","7582269","7582431","50","756202"
"JH378183","6860779","6861072","KQ058427v1","7786546","7786853","79","925767"
"JH378183","6951795","6952085","KQ053421v1","5610673","5610968","72","1341122"
"JH378183","7045011","7045296","KQ053421v1","5610673","5610968","86","1434338"
"JH378183","7193814","7193957","KQ053398v1","2623748","2623879","41","4570066"
"JH378183","7278829","7279128","KQ053421v1","5610673","5610968","80","1668156"
"JH378183","7314537","7314841","KQ055267v1","513773","514088","76","6800764"
"JH378183","7448065","7448376","KQ055352v1","6003171","6003466","72","1444894"
"JH378183","7465470","7465796","KQ058427v1","7786546","7786853","87","321076"
"JH378183","7655099","7655401","KQ055267v1","513773","514088","76","7141326"
"JH378183","7754506","7754801","KQ053421v1","5610673","5610968","67","2143833"
"JH378183","7794133","7794435","KQ053421v1","5610673","5610968","71","2183460"
"JH378183","7812983","7813273","KQ053421v1","5610673","5610968","73","2202310"
"JH378183","7956839","7957072","KQ053234v1","1414405","1414609","62","6542434"
"JH378183","8083410","8083715","KQ055352v1","6003171","6003466","69","2080239"
"JH378183","8137161","8137298","KQ056920v1","183120","183261","40","7954041"
"JH378183","8149413","8149710","KQ053421v1","5610673","5610968","68","2538740"
"JH378183","8187081","8187383","KQ053421v1","5610673","5610968","87","2576408"
"JH378183","8229811","8230116","KQ053421v1","5610673","5610968","73","2619138"
"JH378183","8431240","8431540","KQ053421v1","5610673","5610968","70","2820567"
"JH378183","8592169","8592480","KQ055267v1","513773","514088","76","8078396"
"JH378183","8865665","8865981","KQ053421v1","5610673","5610968","92","3254992"
"JH378183","9112136","9112447","KQ055267v1","513773","514088","73","8598363"
"JH378183","9148481","9148777","KQ055352v1","6003171","6003466","82","3145310"
"JH378183","9165824","9166118","KQ053421v1","5610673","5610968","87","3555151"
"JH378183","9199778","9200075","KQ053421v1","5610673","5610968","70","3589105"
"JH378183","9486315","9486613","KQ053421v1","5610673","5610968","72","3875642"
"JH378183","9662416","9662708","KQ053421v1","5610673","5610968","80","4051743"
"JH378183","9665664","9665946","KQ058640v1","643463","643729","78","9022201"
"JH378183","10097248","10097551","KQ053421v1","5610673","5610968","73","4486575"
"JH378183","10263288","10263583","KQ053421v1","5610673","5610968","87","4652615"
"JH378183","10296287","10296584","KQ053421v1","5610673","5610968","69","4685614"
"JH378183","10359101","10359350","KQ058339v1","4553625","4553889","88","5805476"
"JH378184","174620","174896","KQ058242v1","595939","596205","80","421319"
"JH378184","186999","187234","KQ058509v1","24058","24271","71","162941"
"JH378184","204763","205035","KQ055830v1","661716","661986","88","456953"
"JH378184","206297","206571","KQ058242v1","595939","596205","85","389642"
"JH378184","219462","219762","KQ053421v1","5610673","5610968","71","5391211"
"JH378184","298392","298681","KQ053421v1","5610673","5610968","69","5312281"
"JH378184","301912","302221","KQ058427v1","7786546","7786853","75","7484634"
"JH378184","341805","341935","KQ053398v1","2623748","2623879","31","2281943"
"JH378184","396852","397159","KQ055352v1","6003171","6003466","69","5606319"
"JH378184","476365","476641","KQ055862v1","1305285","1305561","72","828920"
"JH378184","710725","711034","KQ053421v1","5610673","5610968","77","4899948"
"JH378184","744710","744811","KQ055717v1","1610376","1610476","40","865666"
"JH378184","818543","818870","KQ053059v1","2548766","2549102","94","1730223"
"JH378184","819266","819501","KQ058509v1","24058","24271","74","795208"
"JH378184","858718","859016","KQ053421v1","5610673","5610968","80","4751955"
"JH378184","871128","871392","KQ058242v1","595939","596205","69","275189"
"JH378184","928176","928441","KQ058242v1","595939","596205","77","332237"
"JH378184","938858","939143","KQ053785v1","888769","889063","80","50089"
"JH378184","961585","961885","KQ053421v1","5610673","5610968","73","4649088"
"JH378184","973185","973483","KQ053421v1","5610673","5610968","62","4637488"
"JH378184","998148","998433","KQ053421v1","5610673","5610968","81","4612525"
"JH378184","999921","1000000","KQ056235v1","1266284","1266361","32","266363"
"JH378184","1000001","1000216","KQ055662v1","1890465","1890674","61","890464"
"JH378184","1047850","1048155","KQ053421v1","5610673","5610968","102","4562823"
"JH378184","1050621","1050902","KQ053421v1","5610673","5610968","81","4560052"
"JH378184","1080497","1080801","KQ058427v1","7786546","7786853","80","6706049"
"JH378184","1124016","1124298","KQ058242v1","595939","596205","82","528077"
"JH378184","1262588","1262898","KQ055352v1","6003171","6003466","74","4740583"
"JH378184","1336680","1336801","KQ056493v1","2043382","2043488","50","706702"
"JH378184","1498870","1499170","KQ053421v1","5610673","5610968","72","4111803"
"JH378184","1533128","1533427","KQ055267v1","513773","514088","87","1019355"
"JH378184","1553035","1553340","KQ055267v1","513773","514088","70","1039262"
"JH378184","1555571","1555899","KQ058427v1","7786546","7786853","98","6230975"
"JH378184","1577526","1577831","KQ055352v1","6003171","6003466","69","4425645"
"JH378184","1755313","1755607","KQ053421v1","5610673","5610968","75","3855360"
"JH378184","2079151","2079430","KQ057901v1","868884","869144","86","1210267"
"JH378184","2217975","2218279","KQ053421v1","5610673","5610968","72","3392698"
"JH378184","2394024","2394314","KQ053421v1","5610673","5610968","69","3216649"
"JH378184","2556121","2556410","KQ058394v1","9655127","9655422","80","7099006"
"JH378184","2592869","2593172","KQ053421v1","5610673","5610968","72","3017804"
"JH378184","2815711","2816023","KQ055352v1","6003171","6003466","74","3187460"
"JH378184","2954935","2955236","KQ053421v1","5610673","5610968","78","2655738"
"JH378184","2967634","2967959","KQ058427v1","7786546","7786853","85","4818912"
"JH378184","2991647","2991927","KQ053421v1","5610673","5610968","81","2619026"
"JH378184","3000345","3000643","KQ053421v1","5610673","5610968","74","2610328"
"JH378184","3013859","3014127","KQ057186v1","783828","784085","71","2230031"
"JH378184","3021457","3021724","KQ055862v1","1305285","1305561","92","1716172"
"JH378184","3032491","3032800","KQ055267v1","513773","514088","69","2518718"
"JH378184","3039689","3039953","KQ057186v1","783828","784085","79","2255861"
"JH378184","3050783","3051080","KQ053421v1","5610673","5610968","73","2559890"
"JH378184","3079862","3080165","KQ055352v1","6003171","6003466","77","2923309"
"JH378184","3133699","3134010","KQ055352v1","6003171","6003466","74","2869472"
"JH378184","3152551","3152849","KQ053421v1","5610673","5610968","69","2458122"
"JH378184","3167018","3167304","KQ053421v1","5610673","5610968","84","2443655"
"JH378184","3168101","3168254","KQ053398v1","2623748","2623879","61","544353"
"JH378184","3185597","3185874","KQ053421v1","5610673","5610968","87","2425076"
"JH378184","3203762","3204055","KQ053421v1","5610673","5610968","72","2406911"
"JH378184","3207315","3207615","KQ053421v1","5610673","5610968","67","2403358"
"JH378184","3257414","3257715","KQ053421v1","5610673","5610968","73","2353259"
"JH378184","3350920","3351225","KQ055352v1","6003171","6003466","73","2652251"
"JH378184","3450052","3450339","KQ058242v1","595939","596205","83","2854113"
"JH378184","3479259","3479564","KQ053421v1","5610673","5610968","75","2131414"
"JH378184","3483829","3484126","KQ053421v1","5610673","5610968","68","2126844"
"JH378184","3500732","3501043","KQ053421v1","5610673","5610968","72","2109941"
"JH378184","3513718","3514000","KQ053421v1","5610673","5610968","77","2096955"
"JH378184","3560810","3561108","KQ053421v1","5610673","5610968","66","2049863"
"JH378184","3569082","3569387","KQ053421v1","5610673","5610968","74","2041591"
"JH378184","3584992","3585259","KQ058242v1","595939","596205","73","2989053"
"JH378184","3657140","3657452","KQ053421v1","5610673","5610968","85","1953533"
"JH378184","3771717","3772027","KQ055267v1","513773","514088","69","3257944"
"JH378184","3830171","3830475","KQ055352v1","6003171","6003466","74","2173000"
"JH378184","3860630","3860947","KQ055352v1","6003171","6003466","79","2142541"
"JH378184","3870720","3871011","KQ053421v1","5610673","5610968","69","1739953"
"JH378184","3992889","3993195","KQ053421v1","5610673","5610968","80","1617784"
"JH378184","4245721","4245881","KQ053267v1","1313653","1313811","40","2932068"
"JH378184","4291256","4291566","KQ055352v1","6003171","6003466","70","1711915"
"JH378184","4298292","4298573","KQ053421v1","5610673","5610968","76","1312381"
"JH378184","4317588","4317853","KQ057186v1","783828","784085","81","3533760"
"JH378184","4366000","4366273","KQ053421v1","5610673","5610968","80","1244673"
"JH378184","4374115","4374418","KQ053421v1","5610673","5610968","72","1236558"
"JH378184","4577890","4578185","KQ053421v1","5610673","5610968","70","1032783"
"JH378184","4716078","4716381","KQ053421v1","5610673","5610968","83","894595"
"JH378184","4735425","4735699","KQ053421v1","5610673","5610968","91","875248"
"JH378184","4821075","4821344","KQ054815v1","2215557","2215844","99","2605518"
"JH378184","4849300","4849582","KQ058242v1","595939","596205","79","4253361"
"JH378184","4927083","4927394","KQ055267v1","513773","514088","76","4413310"
"JH378184","5000626","5000920","KQ053421v1","5610673","5610968","77","610047"
"JH378184","5047414","5047718","KQ053421v1","5610673","5610968","80","563259"
"JH378184","5074949","5075242","KQ053421v1","5610673","5610968","72","535724"
"JH378184","5110002","5110309","KQ053421v1","5610673","5610968","75","500671"
"JH378184","5112649","5112939","KQ053141v1","2860","3159","89","5109789"
"JH378184","5124226","5124380","KQ057654v1","509","671","42","5123717"
"JH378184","5131868","5132027","KQ054510v1","7582269","7582431","36","2450401"
"JH378184","5132028","5132327","KQ053421v1","5610673","5610968","76","478645"
"JH378184","5136307","5136579","KQ058242v1","595939","596205","69","4540368"
"JH378184","5190958","5191221","KQ058242v1","595939","596205","70","4595019"
"JH378184","5194931","5195070","KQ053398v1","2623748","2623879","43","2571183"
"JH378184","5213028","5213240","KQ052982v1","2032903","2033097","59","3180125"
"JH378184","5237882","5238037","KQ057204v1","2930576","2930741","38","2307306"
"JH378184","5255826","5256123","KQ053421v1","5610673","5610968","72","354847"
"JH378184","5264267","5264564","KQ053421v1","5610673","5610968","79","346406"
"JH378184","5314533","5314843","KQ055267v1","513773","514088","73","4800760"
"JH378184","5326992","5327291","KQ053421v1","5610673","5610968","66","283681"
"JH378184","5330825","5331136","KQ055352v1","6003171","6003466","69","672346"
"JH378184","5377770","5377858","KQ056279v1","759081","759162","30","4618689"
"JH378184","5397417","5397729","KQ055352v1","6003171","6003466","86","605754"
"JH378184","5414662","5414908","KQ057186v1","783828","784085","92","4630834"
"JH378184","5422661","5422968","KQ053421v1","5610673","5610968","73","188012"
"JH378184","5440454","5440759","KQ058427v1","7786546","7786853","74","2346092"
"JH378184","5466046","5466341","KQ053421v1","5610673","5610968","68","144627"
"JH378184","5495294","5495571","KQ053421v1","5610673","5610968","81","115379"
"JH378184","5502816","5503111","KQ053421v1","5610673","5610968","69","107857"
"JH378184","5535613","5535924","KQ055352v1","6003171","6003466","73","467558"
"JH378184","5585396","5585657","KQ058505v1","2207051","2207301","81","3378345"
"JH378184","5586130","5586438","KQ053421v1","5610673","5610968","79","24543"
"JH378184","5588592","5588895","KQ053421v1","5610673","5610968","73","22081"
"JH378184","5713522","5713810","KQ053421v1","5610673","5610968","77","102849"
"JH378184","5757792","5758068","KQ055862v1","1305285","1305561","78","4452507"
"JH378184","5914057","5914213","KQ053993v1","1251070","1251235","50","4662987"
"JH378184","5920751","5921045","KQ053421v1","5610673","5610968","76","310078"
"JH378184","6035824","6036105","KQ053421v1","5610673","5610968","87","425151"
"JH378184","6048095","6048397","KQ053421v1","5610673","5610968","69","437422"
"JH378184","6147701","6148004","KQ055352v1","6003171","6003466","68","144530"
"JH378184","6149194","6149531","KQ055352v1","6003171","6003466","98","146023"
"JH378184","6262840","6263121","KQ058242v1","595939","596205","89","5666901"
"JH378184","6264707","6264999","KQ053421v1","5610673","5610968","78","654034"
"JH378184","6283179","6283325","KQ053398v1","2623748","2623879","46","3659431"
"JH378184","6304095","6304373","KQ053785v1","888769","889063","82","5415326"
"JH378184","6381496","6381785","KQ053421v1","5610673","5610968","72","770823"
"JH378184","6427830","6428125","KQ053421v1","5610673","5610968","69","817157"
"JH378184","6442999","6443310","KQ055267v1","513773","514088","73","5929226"
"JH378184","6458823","6459116","KQ053421v1","5610673","5610968","70","848150"
"JH378184","6459373","6459672","KQ053421v1","5610673","5610968","64","848700"
"JH378184","6462822","6463129","KQ055352v1","6003171","6003466","75","459651"
"JH378184","6520879","6521180","KQ053421v1","5610673","5610968","70","910206"
"JH378184","6551556","6551833","KQ058640v1","643463","643729","86","5908093"
"JH378184","6552253","6552562","KQ055352v1","6003171","6003466","70","549082"
"JH378184","6625616","6625917","KQ053421v1","5610673","5610968","69","1014943"
"JH378184","6688925","6689221","KQ053421v1","5610673","5610968","87","1078252"
"JH378184","6826290","6826516","KQ053234v1","1679581","1679757","84","5146709"
"JH378184","6882602","6882933","KQ055267v1","513773","514088","94","6368829"
"JH378184","6928041","6928347","KQ055862v1","1305285","1305561","113","5622756"
"JH378184","6944684","6944998","KQ055352v1","6003171","6003466","90","941513"
"JH378184","6979516","6979813","KQ053421v1","5610673","5610968","65","1368843"
"JH378184","7005267","7005575","KQ055352v1","6003171","6003466","72","1002096"
"JH378184","7016503","7016779","KQ053421v1","5610673","5610968","87","1405830"
"JH378184","7055692","7056006","KQ058427v1","7786546","7786853","104","730854"
"JH378184","7064015","7064320","KQ058427v1","7786546","7786853","70","722531"
"JH378184","7106106","7106417","KQ055267v1","513773","514088","77","6592333"
"JH378184","7110785","7111087","KQ053421v1","5610673","5610968","68","1500112"
"JH378184","7167886","7168167","KQ053421v1","5610673","5610968","78","1557213"
"JH378184","7221460","7221758","KQ053421v1","5610673","5610968","84","1610787"
"JH378184","7275323","7275625","KQ055352v1","6003171","6003466","80","1272152"
"JH378184","7311929","7312220","KQ053421v1","5610673","5610968","72","1701256"
"JH378184","7312223","7312430","KQ055140v1","659740","659924","67","6652483"
"JH378184","7338169","7338463","KQ053421v1","5610673","5610968","83","1727496"
"JH378184","7440691","7440978","KQ053421v1","5610673","5610968","86","1830018"
"JH378184","7464868","7465152","KQ053421v1","5610673","5610968","78","1854195"
"JH378184","7480494","7480776","KQ055862v1","1305285","1305561","94","6175209"
"JH378184","7522401","7522585","KQ057449v1","1214348","1214489","64","6308053"
"JH378184","7619530","7619642","KQ055717v1","1610376","1610476","41","6009154"
"JH378184","7739995","7740285","KQ053421v1","5610673","5610968","75","2129322"
"JH378184","7764617","7764923","KQ053421v1","5610673","5610968","75","2153944"
"JH378184","7839811","7840127","KQ053421v1","5610673","5610968","93","2229138"
"JH378184","8084726","8084971","KQ057186v1","783828","784085","82","7300898"
"JH378184","8112892","8113198","KQ055352v1","6003171","6003466","68","2109721"
"JH378184","8120273","8120573","KQ053421v1","5610673","5610968","74","2509600"
"JH378184","8219006","8219302","KQ053421v1","5610673","5610968","79","2608333"
"JH378184","8230472","8230768","KQ053421v1","5610673","5610968","72","2619799"
"JH378184","8262640","8262937","KQ053421v1","5610673","5610968","64","2651967"
"JH378184","8279559","8279858","KQ053421v1","5610673","5610968","72","2668886"
"JH378184","8320873","8321169","KQ053421v1","5610673","5610968","74","2710200"
"JH378184","8325525","8325839","KQ055267v1","513773","514088","80","7811752"
"JH378184","8356957","8357248","KQ053421v1","5610673","5610968","72","2746284"
"JH378184","8425509","8425681","KQ058350v1","9514178","9514352","40","1088669"
"JH378184","8591091","8591393","KQ053421v1","5610673","5610968","81","2980418"
"JH378184","8626062","8626373","KQ055352v1","6003171","6003466","72","2622891"
"JH378184","8645502","8645808","KQ053421v1","5610673","5610968","72","3034829"
"JH378184","8692570","8692859","KQ053421v1","5610673","5610968","71","3081897"
"JH378184","8713492","8713794","KQ053421v1","5610673","5610968","68","3102819"
"JH378184","8717748","8718055","KQ055267v1","513773","514088","72","8203975"
"JH378184","8728565","8728824","KQ058242v1","595939","596205","66","8132626"
"JH378184","8729849","8730124","KQ058242v1","595939","596205","82","8133910"
"JH378184","8787169","8787433","KQ055862v1","1305285","1305561","72","7481884"
"JH378184","8809915","8810203","KQ053421v1","5610673","5610968","77","3199242"
"JH378184","8811045","8811242","KQ056064v1","326763","326940","62","8484282"
"JH378184","8837248","8837538","KQ055862v1","1305285","1305561","87","7531963"
"JH378184","8842202","8842508","KQ053421v1","5610673","5610968","83","3231529"
"JH378184","8884181","8884447","KQ056321v1","575951","576190","89","8308230"
"JH378184","8981194","8981471","KQ053421v1","5610673","5610968","84","3370521"
"JH378184","9004318","9004575","KQ058242v1","595939","596205","67","8408379"
"JH378184","9006178","9006477","KQ058427v1","6786866","6787134","101","2219312"
"JH378184","9031653","9031949","KQ053421v1","5610673","5610968","75","3420980"
"JH378184","9037279","9037524","KQ053234v1","1414405","1414609","85","7622874"
"JH378184","9040313","9040571","KQ058242v1","595939","596205","67","8444374"
"JH378184","9059502","9059808","KQ055267v1","513773","514088","81","8545729"
"JH378184","9130725","9131029","KQ053421v1","5610673","5610968","69","3520052"
"JH378184","9144873","9145177","KQ055267v1","513773","514088","79","8631100"
"JH378184","9207383","9207688","KQ055267v1","513773","514088","77","8693610"
"JH378184","9263289","9263572","KQ053421v1","5610673","5610968","70","3652616"
"JH378184","9376528","9376828","KQ053421v1","5610673","5610968","72","3765855"
"JH378184","9378890","9379159","KQ053421v1","5610673","5610968","90","3768217"
"JH378184","9414447","9414748","KQ053421v1","5610673","5610968","73","3803774"
"JH378184","9443371","9443676","KQ053421v1","5610673","5610968","72","3832698"
"JH378184","9461235","9461537","KQ053421v1","5610673","5610968","81","3850562"
"JH378184","9464980","9465270","KQ058242v1","595939","596205","96","8869041"
"JH378184","9489140","9489426","KQ053421v1","5610673","5610968","75","3878467"
"JH378184","9520283","9520580","KQ053421v1","5610673","5610968","68","3909610"
"JH378184","9940510","9940782","KQ053883v1","6938067","6938331","90","3002443"
"JH378184","10049390","10049696","KQ053421v1","5610673","5610968","71","4438717"
"JH378184","10078011","10078306","KQ058242v1","595939","596205","91","9482072"
"JH378184","10086258","10086533","KQ053421v1","5610673","5610968","86","4475585"
"JH378184","10087131","10087441","KQ055267v1","513773","514088","72","9573358"
"JH378184","10163003","10163313","KQ055352v1","6003171","6003466","71","4159832"
"JH378184","10299393","10299667","KQ058242v1","595939","596205","67","9703454"
"JH378184","10322158","10322450","KQ053421v1","5610673","5610968","65","4711485"
"JH378184","10354055","10354419","KQ053421v1","5610673","5610968","174","4743382"
"JH378185","7733129","7733457","KQ053059v1","2548766","2549102","101","5184363"
"JH378185","10774","11080","KQ053421v1","5610673","5610968","75","5599899"
"JH378185","13557","13826","KQ058242v1","595939","596205","91","582382"
"JH378185","27437","27737","KQ053421v1","5610673","5610968","77","5583236"
"JH378185","81912","82216","KQ055267v1","513773","514088","78","431861"
"JH378185","109919","110213","KQ053421v1","5610673","5610968","78","5500754"
"JH378185","111318","111634","KQ058427v1","7786546","7786853","87","7675228"
"JH378185","173589","173905","KQ055267v1","513773","514088","89","340184"
"JH378185","182455","182738","KQ053785v1","888769","889063","81","706314"
"JH378185","210656","210955","KQ053421v1","5610673","5610968","78","5400017"
"JH378185","302985","303287","KQ053421v1","5610673","5610968","82","5307688"
"JH378185","364397","364699","KQ053421v1","5610673","5610968","73","5246276"
"JH378185","467884","468171","KQ053421v1","5610673","5610968","73","5142789"
"JH378185","491396","491704","KQ055267v1","513773","514088","73","22377"
"JH378185","502353","502625","KQ055862v1","1305285","1305561","79","802932"
"JH378185","503678","503984","KQ053421v1","5610673","5610968","68","5106995"
"JH378185","630514","630682","KQ053093v1","1668172","1668343","46","1037658"
"JH378185","637453","637661","KQ055662v1","1890465","1890674","61","1253012"
"JH378185","665209","665501","KQ058242v1","595939","596205","88","69270"
"JH378185","666984","667291","KQ055267v1","513773","514088","71","153211"
"JH378185","691191","691493","KQ055267v1","513773","514088","76","177418"
"JH378185","716802","717092","KQ053421v1","5610673","5610968","81","4893871"
"JH378185","778167","778452","KQ053421v1","5610673","5610968","91","4832506"
"JH378185","825868","826171","KQ053421v1","5610673","5610968","72","4784805"
"JH378185","837377","837672","KQ053421v1","5610673","5610968","77","4773296"
"JH378185","862966","863183","KQ053234v1","1414405","1414609","75","551439"
"JH378185","869228","869438","KQ053234v1","1679581","1679757","79","810353"
"JH378185","883797","883926","KQ053398v1","2623748","2623879","28","1739951"
"JH378185","1096561","1096865","KQ053421v1","5610673","5610968","76","4514112"
"JH378185","1103834","1104118","KQ053421v1","5610673","5610968","75","4506839"
"JH378185","1105549","1105740","KQ058274v1","300327","300497","55","805222"
"JH378185","1132781","1133089","KQ053421v1","5610673","5610968","75","4477892"
"JH378185","1244025","1244340","KQ053421v1","5610673","5610968","90","4366648"
"JH378185","1361861","1362171","KQ053421v1","5610673","5610968","77","4248812"
"JH378185","1490390","1490679","KQ053421v1","5610673","5610968","87","4120283"
"JH378185","1518873","1519185","KQ058427v1","7786546","7786853","78","6267673"
"JH378185","1557544","1557854","KQ053421v1","5610673","5610968","103","4053129"
"JH378185","1587799","1588098","KQ058427v1","7786546","7786853","85","6198747"
"JH378185","1588711","1588994","KQ053421v1","5610673","5610968","95","4021962"
"JH378185","1620649","1620963","KQ058427v1","7786546","7786853","81","6165897"
"JH378185","1642641","1642931","KQ053421v1","5610673","5610968","78","3968032"
"JH378185","1644722","1645009","KQ053421v1","5610673","5610968","73","3965951"
"JH378185","1650997","1651274","KQ053421v1","5610673","5610968","85","3959676"
"JH378185","1699292","1699545","KQ058339v1","4553625","4553889","100","2854333"
"JH378185","1739501","1739805","KQ055352v1","6003171","6003466","74","4263670"
"JH378185","1822233","1822504","KQ058242v1","595939","596205","80","1226294"
"JH378185","1838080","1838339","KQ058242v1","595939","596205","83","1242141"
"JH378185","1858442","1858596","KQ058428v1","1396698","1396861","48","461744"
"JH378185","1871308","1871603","KQ053421v1","5610673","5610968","75","3739365"
"JH378185","1895185","1895489","KQ053421v1","5610673","5610968","82","3715488"
"JH378185","1908465","1908761","KQ053421v1","5610673","5610968","70","3702208"
"JH378185","1945918","1946242","KQ055267v1","513773","514088","93","1432145"
"JH378185","1971554","1971743","KQ058274v1","300327","300497","65","1671227"
"JH378185","1972859","1973150","KQ053421v1","5610673","5610968","81","3637814"
"JH378185","2043620","2043911","KQ053421v1","5610673","5610968","71","3567053"
"JH378185","2060444","2060747","KQ055267v1","513773","514088","73","1546671"
"JH378185","2066796","2067105","KQ055267v1","513773","514088","78","1553023"
"JH378185","2100939","2101184","KQ058509v1","24058","24271","79","2076881"
"JH378185","2304359","2304669","KQ053421v1","5610673","5610968","81","3306314"
"JH378185","2329238","2329541","KQ053421v1","5610673","5610968","75","3281435"
"JH378185","2347812","2348020","KQ057449v1","1214348","1214489","93","1133464"
"JH378185","2434370","2434683","KQ053421v1","5610673","5610968","90","3176303"
"JH378185","2450650","2450947","KQ053421v1","5610673","5610968","80","3160023"
"JH378185","2586067","2586372","KQ055352v1","6003171","6003466","71","3417104"
"JH378185","2835992","2836281","KQ053421v1","5610673","5610968","85","2774681"
"JH378185","2907019","2907314","KQ053421v1","5610673","5610968","67","2703654"
"JH378185","2920347","2920643","KQ053421v1","5610673","5610968","71","2690326"
"JH378185","2972157","2972453","KQ053421v1","5610673","5610968","72","2638516"
"JH378185","3055860","3056166","KQ055352v1","6003171","6003466","75","2947311"
"JH378185","3109365","3109650","KQ054815v1","2215557","2215844","82","893808"
"JH378185","3135025","3135314","KQ053421v1","5610673","5610968","77","2475648"
"JH378185","3189250","3189330","KQ053998v1","8863","8933","33","3180387"
"JH378185","3231051","3231336","KQ053421v1","5610673","5610968","74","2379622"
"JH378185","3362340","3362644","KQ055352v1","6003171","6003466","74","2640831"
"JH378185","3387123","3387423","KQ053421v1","5610673","5610968","68","2223550"
"JH378185","3451322","3451424","KQ056493v1","2043382","2043488","38","1407940"
"JH378185","3476078","3476375","KQ053421v1","5610673","5610968","81","2134595"
"JH378185","3487738","3488043","KQ055267v1","513773","514088","69","2973965"
"JH378185","3537462","3537766","KQ053421v1","5610673","5610968","73","2073211"
"JH378185","3541614","3541905","KQ053421v1","5610673","5610968","74","2069059"
"JH378185","3611186","3611489","KQ053421v1","5610673","5610968","77","1999487"
"JH378185","3834427","3834724","KQ058427v1","7786546","7786853","84","3952119"
"JH378185","3834726","3835027","KQ053421v1","5610673","5610968","70","1775947"
"JH378185","3841178","3841459","KQ053421v1","5610673","5610968","81","1769495"
"JH378185","3882111","3882422","KQ055267v1","513773","514088","75","3368338"
"JH378185","3957729","3957817","KQ055903v1","238545","238616","27","3719184"
"JH378185","3993479","3993766","KQ053785v1","888769","889063","88","3104710"
"JH378185","4012597","4012909","KQ055267v1","513773","514088","87","3498824"
"JH378185","4016720","4017021","KQ053421v1","5610673","5610968","73","1593953"
"JH378185","4034526","4034829","KQ053421v1","5610673","5610968","75","1576147"
"JH378185","4097219","4097328","KQ055717v1","1610376","1610476","43","2486843"
"JH378185","4117244","4117485","KQ058242v1","595939","596205","83","3521305"
"JH378185","4177445","4177747","KQ053421v1","5610673","5610968","76","1433228"
"JH378185","4185777","4186090","KQ053421v1","5610673","5610968","89","1424896"
"JH378185","4198051","4198361","KQ055267v1","513773","514088","79","3684278"
"JH378185","4231270","4231568","KQ055267v1","513773","514088","80","3717497"
"JH378185","4333259","4333570","KQ055267v1","513773","514088","76","3819486"
"JH378185","4348948","4349035","KQ053998v1","8863","8933","33","4340085"
"JH378185","4366898","4367188","KQ054713v1","1437239","1437526","91","2929659"
"JH378185","4374857","4375149","KQ053421v1","5610673","5610968","83","1235816"
"JH378185","4383171","4383445","KQ053421v1","5610673","5610968","82","1227502"
"JH378185","4478356","4478649","KQ053421v1","5610673","5610968","78","1132317"
"JH378185","4663368","4663464","KQ056279v1","759081","759162","35","3904287"
"JH378185","4713611","4713952","KQ053059v1","2548766","2549102","93","2164845"
"JH378185","4827536","4827842","KQ055352v1","6003171","6003466","72","1175635"
"JH378185","4910624","4910928","KQ053421v1","5610673","5610968","70","700049"
"JH378185","4930004","4930314","KQ055352v1","6003171","6003466","69","1073167"
"JH378185","5033754","5034046","KQ053421v1","5610673","5610968","74","576919"
"JH378185","5323686","5323985","KQ053421v1","5610673","5610968","72","286987"
"JH378185","5452346","5452619","KQ055352v1","6003171","6003466","94","550825"
"JH378185","5463380","5463479","KQ056279v1","759081","759162","46","4704299"
"JH378185","5476840","5477138","KQ053421v1","5610673","5610968","72","133833"
"JH378185","5503331","5503634","KQ053421v1","5610673","5610968","78","107342"
"JH378185","5613105","5613393","KQ053421v1","5610673","5610968","90","2432"
"JH378185","5621837","5622136","KQ053421v1","5610673","5610968","71","11164"
"JH378185","5659703","5659985","KQ054815v1","2215557","2215844","82","3444146"
"JH378185","5686142","5686380","KQ058242v1","595939","596205","90","5090203"
"JH378185","5692350","5692464","KQ053398v1","2627781","2627909","43","3064569"
"JH378185","5727369","5727437","KQ053587v1","1583613","1583661","34","4143756"
"JH378185","5731956","5732127","KQ053993v1","1251070","1251235","43","4480886"
"JH378185","5747069","5747145","KQ056235v1","1266284","1266361","27","4480785"
"JH378185","5814416","5814749","KQ058427v1","7786546","7786853","94","1972130"
"JH378185","5819217","5819495","KQ058640v1","643463","643729","87","5175754"
"JH378185","5821103","5821449","KQ058427v1","7786546","7786853","100","1965443"
"JH378185","5821479","5821777","KQ053421v1","5610673","5610968","80","210806"
"JH378185","5863586","5863925","KQ058242v1","595939","596205","117","5267647"
"JH378185","5873212","5873539","KQ053135v1","5034940","5035266","94","838272"
"JH378185","5936154","5936350","KQ053234v1","1679581","1679757","64","4256573"
"JH378185","5944939","5945244","KQ053421v1","5610673","5610968","72","334266"
"JH378185","5956353","5956685","KQ053421v1","5610673","5610968","102","345680"
"JH378185","5971938","5972228","KQ053421v1","5610673","5610968","71","361265"
"JH378185","6039375","6039680","KQ053421v1","5610673","5610968","78","428702"
"JH378185","6053846","6054140","KQ055862v1","1305285","1305561","82","4748561"
"JH378185","6083253","6083524","KQ053421v1","5610673","5610968","85","472580"
"JH378185","6091063","6091366","KQ053421v1","5610673","5610968","82","480390"
"JH378185","6091569","6091880","KQ055352v1","6003171","6003466","72","88398"
"JH378185","6152310","6152613","KQ055267v1","513773","514088","83","5638537"
"JH378185","6229266","6229570","KQ053421v1","5610673","5610968","73","618593"
"JH378185","6247051","6247361","KQ058427v1","7786546","7786853","75","1539495"
"JH378185","6276683","6276978","KQ053421v1","5610673","5610968","77","666010"
"JH378185","6287553","6287833","KQ058339v1","4553625","4553889","88","1733928"
"JH378185","6378138","6378438","KQ053421v1","5610673","5610968","67","767465"
"JH378185","6398288","6398587","KQ058427v1","7786546","7786853","81","1388258"
"JH378185","6502642","6502953","KQ053421v1","5610673","5610968","75","891969"
"JH378185","6696041","6696346","KQ053421v1","5610673","5610968","79","1085368"
"JH378185","6703396","6703702","KQ055267v1","513773","514088","74","6189623"
"JH378185","6810988","6811216","ABDC02053644v1","2226","2419","83","6808762"
"JH378185","6974220","6974489","KQ055862v1","1305285","1305561","85","5668935"
"JH378185","7337432","7337738","KQ055352v1","6003171","6003466","74","1334261"
"JH378185","7339245","7339542","KQ053421v1","5610673","5610968","82","1728572"
"JH378185","7377367","7377666","KQ053421v1","5610673","5610968","84","1766694"
"JH378185","7469346","7469637","KQ053421v1","5610673","5610968","79","1858673"
"JH378185","7479506","7479809","KQ053421v1","5610673","5610968","87","1868833"
"JH378185","7639571","7639870","KQ055267v1","513773","514088","76","7125798"
"JH378185","7672131","7672422","KQ053421v1","5610673","5610968","87","2061458"
"JH378185","7786760","7787050","KQ053421v1","5610673","5610968","76","2176087"
"JH378185","7803216","7803521","KQ055267v1","513773","514088","74","7289443"
"JH378185","7824703","7825006","KQ053421v1","5610673","5610968","72","2214030"
"JH378185","7882892","7883194","KQ053421v1","5610673","5610968","70","2272219"
"JH378185","7955696","7956007","KQ055267v1","513773","514088","80","7441923"
"JH378185","8178711","8179022","KQ055267v1","513773","514088","74","7664938"
"JH378185","8189598","8189893","KQ053421v1","5610673","5610968","76","2578925"
"JH378185","8370885","8371213","KQ055267v1","513773","514088","98","7857112"
"JH378185","8444137","8444225","KQ053998v1","8863","8933","40","8435274"
"JH378185","8598345","8598622","KQ054815v1","2215557","2215844","78","6382788"
"JH378185","8643548","8643842","KQ053421v1","5610673","5610968","72","3032875"
"JH378185","8651399","8651709","KQ055352v1","6003171","6003466","77","2648228"
"JH378185","8698484","8698604","KQ053398v1","2623748","2623879","40","6074736"
"JH378185","8796616","8796916","KQ053421v1","5610673","5610968","69","3185943"
"JH378185","8881426","8881669","KQ058339v1","4553625","4553889","86","4327801"
"JH378185","8918699","8918983","KQ054815v1","2215557","2215844","78","6703142"
"JH378185","9001902","9002197","KQ053421v1","5610673","5610968","72","3391229"
"JH378185","9292424","9292698","KQ053785v1","888769","889063","84","8403655"
"JH378185","9421356","9421655","KQ058427v1","7786546","7786853","82","1634810"
"JH378185","9432262","9432522","KQ057909v1","9290159","9290423","94","142103"
"JH378185","9456039","9456340","KQ053421v1","5610673","5610968","72","3845366"
"JH378185","9597429","9597734","KQ055352v1","6003171","6003466","73","3594258"
"JH378185","9667106","9667381","KQ056321v1","575951","576190","98","9091155"
"JH378185","9763183","9763484","KQ053421v1","5610673","5610968","84","4152510"
"JH378185","9763524","9763804","KQ058242v1","595939","596205","76","9167585"
"JH378185","9838797","9839107","KQ058427v1","7786546","7786853","84","2052251"
"JH378185","9882848","9883120","KQ058427v1","6786866","6787134","82","3095982"
"JH378185","9894479","9894773","KQ053421v1","5610673","5610968","78","4283806"
"JH378185","10001550","10001799","KQ058242v1","595939","596205","74","9405611"
"JH378185","10054787","10055067","KQ053421v1","5610673","5610968","80","4444114"
"JH378186","6135","6419","KQ053785v1","888769","889063","89","882634"
"JH378186","50545","50706","KQ054510v1","7582269","7582431","41","7531724"
"JH378186","120163","120228","KQ058561v1","4800360","4800424","16","4680197"
"JH378186","121020","121311","KQ055267v1","513773","514088","86","392753"
"JH378186","183725","184038","KQ053421v1","5610673","5610968","181","5426948"
"JH378186","237106","237402","KQ053421v1","5610673","5610968","86","5373567"
"JH378186","278537","278814","KQ058339v1","4553625","4553889","94","4275088"
"JH378186","280315","280604","KQ053421v1","5610673","5610968","73","5330358"
"JH378186","411347","411657","KQ055267v1","513773","514088","74","102426"
"JH378186","559912","560115","KQ052982v1","2032903","2033097","50","1472991"
"JH378186","564247","564529","KQ058640v1","643463","643729","75","79216"
"JH378186","634886","635173","KQ053421v1","5610673","5610968","77","4975787"
"JH378186","752577","752886","KQ053421v1","5610673","5610968","97","4858096"
"JH378186","833855","834142","KQ053421v1","5610673","5610968","79","4776818"
"JH378186","893006","893292","KQ053421v1","5610673","5610968","85","4717667"
"JH378186","958267","958579","KQ058427v1","7786546","7786853","94","6828279"
"JH378186","1006340","1006614","KQ058242v1","595939","596205","79","410401"
"JH378186","1046289","1046588","KQ053421v1","5610673","5610968","79","4564384"
"JH378186","1066262","1066385","KQ053398v1","2623748","2623879","41","1557486"
"JH378186","1084741","1085036","KQ055352v1","6003171","6003466","67","4918430"
"JH378186","1099845","1100096","KQ058505v1","2207051","2207301","79","1107206"
"JH378186","1113536","1113843","KQ055267v1","513773","514088","80","599763"
"JH378186","1137349","1137645","KQ055352v1","6003171","6003466","79","4865822"
"JH378186","1155499","1155739","KQ055717v1","1610777","1611031","98","455278"
"JH378186","1169384","1169683","KQ055267v1","513773","514088","78","655611"
"JH378186","1176039","1176339","KQ053421v1","5610673","5610968","79","4434634"
"JH378186","1177187","1177478","KQ053421v1","5610673","5610968","80","4433486"
"JH378186","1183726","1184042","KQ055352v1","6003171","6003466","85","4819445"
"JH378186","1187817","1188111","KQ053421v1","5610673","5610968","80","4422856"
"JH378186","1194756","1195029","KQ053785v1","888769","889063","83","305987"
"JH378186","1221163","1221424","KQ057186v1","783828","784085","80","437335"
"JH378186","1235106","1235378","KQ057901v1","868884","869144","93","366222"
"JH378186","1252313","1252625","KQ053421v1","5610673","5610968","72","4358360"
"JH378186","1257660","1257950","KQ053421v1","5610673","5610968","74","4353013"
"JH378186","1260641","1260938","KQ053421v1","5610673","5610968","64","4350032"
"JH378186","1266068","1266363","KQ053421v1","5610673","5610968","77","4344605"
"JH378186","1275840","1276136","KQ053421v1","5610673","5610968","68","4334833"
"JH378186","1291704","1291982","KQ055862v1","1305285","1305561","84","13581"
"JH378186","1304831","1305134","KQ053421v1","5610673","5610968","75","4305842"
"JH378186","1309020","1309309","KQ053421v1","5610673","5610968","86","4301653"
"JH378186","1309523","1309802","KQ058640v1","643463","643729","83","666060"
"JH378186","1332038","1332334","KQ053421v1","5610673","5610968","92","4278635"
"JH378186","1333398","1333701","KQ053421v1","5610673","5610968","85","4277275"
"JH378186","1348845","1349143","KQ053421v1","5610673","5610968","79","4261828"
"JH378186","1353232","1353530","KQ053421v1","5610673","5610968","66","4257441"
"JH378186","1374759","1375053","KQ054713v1","1437239","1437526","108","62480"
"JH378186","1698643","1698944","KQ053421v1","5610673","5610968","77","3912030"
"JH378186","1815579","1815875","KQ053421v1","5610673","5610968","88","3795094"
"JH378186","1821138","1821277","KQ053476v1","812335","812482","39","1008803"
"JH378186","1827529","1827839","KQ053421v1","5610673","5610968","90","3783144"
"JH378186","1923520","1923786","KQ058242v1","595939","596205","94","1327581"
"JH378186","2090781","2091097","KQ055267v1","513773","514088","95","1577008"
"JH378186","2116648","2116932","KQ054815v1","2215557","2215844","79","98909"
"JH378186","2135089","2135283","KQ058594v1","5950443","5950621","60","3815354"
"JH378186","2170358","2170566","KQ055662v1","1890465","1890674","64","279893"
"JH378186","2198709","2198992","KQ058394v1","9655127","9655422","96","7456418"
"JH378186","2309314","2309625","KQ053421v1","5610673","5610968","73","3301359"
"JH378186","2361120","2361420","KQ055267v1","513773","514088","77","1847347"
"JH378186","2481828","2482122","KQ053421v1","5610673","5610968","76","3128845"
"JH378186","2573724","2573957","KQ058242v1","595939","596205","83","1977785"
"JH378186","2668262","2668549","KQ053421v1","5610673","5610968","76","2942411"
"JH378186","2975758","2976054","KQ053421v1","5610673","5610968","68","2634915"
"JH378186","3141251","3141554","KQ053421v1","5610673","5610968","70","2469422"
"JH378186","3151919","3152163","KQ056321v1","575951","576190","70","2575968"
"JH378186","3165405","3165760","KQ053135v1","5034940","5035266","123","1869535"
"JH378186","3223508","3223805","KQ053421v1","5610673","5610968","89","2387165"
"JH378186","3290646","3290970","KQ055267v1","513773","514088","96","2776873"
"JH378186","3445515","3445676","KQ057204v1","2930576","2930741","39","514939"
"JH378186","3446912","3447169","KQ055717v1","1610777","1611031","80","1836135"
"JH378186","3822596","3822872","KQ053421v1","5610673","5610968","84","1788077"
"JH378186","3929418","3929593","KQ056064v1","326763","326940","62","3602655"
"JH378186","4607541","4607869","KQ055267v1","513773","514088","89","4093768"
"JH378186","4649393","4649687","KQ053421v1","5610673","5610968","86","961280"
"JH378186","4665135","4665439","KQ055352v1","6003171","6003466","79","1338036"
"JH378186","4667714","4668022","KQ055352v1","6003171","6003466","74","1335457"
"JH378186","4694963","4695250","KQ053421v1","5610673","5610968","76","915710"
"JH378186","4737914","4738212","KQ053421v1","5610673","5610968","78","872759"
"JH378186","4791088","4791399","KQ053421v1","5610673","5610968","87","819585"
"JH378186","4804225","4804324","KQ056493v1","2043382","2043488","36","2760843"
"JH378186","4823085","4823405","KQ053421v1","5610673","5610968","96","787588"
"JH378186","4911510","4911804","KQ053421v1","5610673","5610968","79","699163"
"JH378186","4975466","4975782","KQ058427v1","7786546","7786853","81","2811080"
"JH378186","4982903","4983194","KQ053421v1","5610673","5610968","79","627770"
"JH378186","5105395","5105666","KQ055862v1","1305285","1305561","88","3800110"
"JH378186","5143326","5143602","KQ053421v1","5610673","5610968","75","467347"
"JH378186","5157479","5157744","KQ058242v1","595939","596205","97","4561540"
"JH378186","5200223","5200455","KQ058242v1","595939","596205","83","4604284"
"JH378186","5228979","5229245","KQ058242v1","595939","596205","67","4633040"
"JH378186","5390818","5391137","KQ058427v1","7786546","7786853","84","2395728"
"JH378186","5427784","5428062","KQ057186v1","783828","784085","80","4643956"
"JH378186","5440167","5440455","KQ058339v1","4553625","4553889","89","886542"
"JH378186","5441281","5441591","KQ053421v1","5610673","5610968","73","169392"
"JH378186","5453066","5453362","KQ053421v1","5610673","5610968","73","157607"
"JH378186","5474938","5475039","KQ058316v1","2226037","2226104","48","3248901"
"JH378186","5475552","5475736","KQ053531v1","6571","6737","53","5468981"
"JH378186","5524346","5524638","KQ053421v1","5610673","5610968","74","86327"
"JH378186","5543519","5543681","KQ053476v1","812335","812482","72","4731184"
"JH378186","5577116","5577394","KQ058242v1","595939","596205","73","4981177"
"JH378186","5757962","5758259","KQ053421v1","5610673","5610968","71","147289"
"JH378186","5799546","5799679","KQ053398v1","2623748","2623879","37","3175798"
"JH378186","5933875","5934002","KQ054401v1","3363241","3363379","36","2570634"
"JH378186","5935953","5936261","KQ058427v1","7786546","7786853","76","1850593"
"JH378186","5997344","5997646","KQ053421v1","5610673","5610968","82","386671"
"JH378186","6107865","6108175","KQ053421v1","5610673","5610968","85","497192"
"JH378186","6156517","6156827","KQ058427v1","7786546","7786853","74","1630029"
"JH378186","6177155","6177309","KQ056911v1","1421731","1421862","52","4755424"
"JH378186","6207997","6208090","KQ058316v1","2226037","2226104","42","3981960"
"JH378186","6208651","6208826","KQ058274v1","300327","300497","39","5908324"
"JH378186","6210296","6210391","KQ056235v1","1266284","1266361","34","4944012"
"JH378186","6228489","6228545","KQ053883v1","4947532","4947574","29","1280957"
"JH378186","6229144","6229194","KQ053827v1","2325611","2325650","25","3903533"
"JH378186","6246713","6247015","KQ055352v1","6003171","6003466","83","243542"
"JH378186","6279444","6279715","KQ057186v1","783828","784085","76","5495616"
"JH378186","6290789","6291071","KQ053421v1","5610673","5610968","74","680116"
"JH378186","6292682","6292841","KQ058328v1","3002631","3002796","39","3290051"
"JH378186","6294364","6294693","KQ053059v1","2548766","2549102","90","3745598"
"JH378186","6357991","6358298","KQ053421v1","5610673","5610968","83","747318"
"JH378186","6446744","6447064","KQ055267v1","513773","514088","80","5932971"
"JH378186","6458305","6458558","KQ055717v1","1610777","1611031","88","4847528"
"JH378186","6471997","6472300","KQ058427v1","7786546","7786853","84","1314549"
"JH378186","6477045","6477342","KQ055862v1","1305285","1305561","84","5171760"
"JH378186","6484540","6484851","KQ055352v1","6003171","6003466","73","481369"
"JH378186","6546292","6546591","KQ053421v1","5610673","5610968","71","935619"
"JH378186","6663784","6664065","KQ053421v1","5610673","5610968","95","1053111"
"JH378186","6700261","6700560","KQ053421v1","5610673","5610968","78","1089588"
"JH378186","6813483","6813788","KQ053421v1","5610673","5610968","77","1202810"
"JH378186","7190856","7191165","KQ053421v1","5610673","5610968","82","1580183"
"JH378186","7217534","7217714","KQ057204v1","2930576","2930741","52","4286958"
"JH378186","7590108","7590396","KQ053421v1","5610673","5610968","86","1979435"
"JH378186","8061732","8062032","KQ053421v1","5610673","5610968","69","2451059"
"JH378186","8082165","8082475","KQ058427v1","7786546","7786853","78","295619"
"JH378186","8088820","8089115","KQ053421v1","5610673","5610968","79","2478147"
"JH378186","8260495","8260658","KQ058328v1","3002631","3002796","41","5257864"
"JH378186","8359107","8359389","KQ058427v1","6786866","6787134","89","1572241"
"JH378186","8497134","8497370","KQ057186v1","783828","784085","100","7713306"
"JH378186","8559063","8559380","KQ058427v1","7786546","7786853","84","772517"
"JH378186","8566378","8566662","KQ054815v1","2215557","2215844","75","6350821"
"JH378186","8671108","8671404","KQ053421v1","5610673","5610968","75","3060435"
"JH378186","8790669","8790974","KQ055352v1","6003171","6003466","69","2787498"
"JH378186","8824480","8824727","KQ058242v1","595939","596205","76","8228541"
"JH378186","8835739","8836056","KQ055267v1","513773","514088","83","8321966"
"JH378186","8846269","8846558","KQ053421v1","5610673","5610968","72","3235596"
"JH378186","8866843","8867150","KQ055267v1","513773","514088","74","8353070"
"JH378186","8906516","8906649","KQ053398v1","2623748","2623879","36","6282768"
"JH378186","8916623","8916841","KQ058274v1","300327","300497","75","8616296"
"JH378186","8962786","8963089","KQ053421v1","5610673","5610968","79","3352113"
"JH378186","8975548","8975832","KQ053421v1","5610673","5610968","74","3364875"
"JH378186","9015185","9015471","KQ053421v1","5610673","5610968","77","3404512"
"JH378186","9070923","9071085","KQ053531v1","6571","6737","64","9064352"
"JH378186","9084694","9084999","KQ053421v1","5610673","5610968","79","3474021"
"JH378186","9089604","9089669","KQ054301v1","913068","913128","37","8176536"
"JH378186","9089700","9089763","KQ055014v1","2479230","2479281","34","6610470"
"JH378186","9119603","9119907","KQ053421v1","5610673","5610968","77","3508930"
"JH378186","9149195","9149498","KQ053421v1","5610673","5610968","76","3538522"
"JH378186","9150104","9150366","KQ058509v1","24058","24271","89","9126046"
"JH378186","9172974","9173271","KQ053421v1","5610673","5610968","82","3562301"
"JH378186","9215795","9216085","KQ053421v1","5610673","5610968","85","3605122"
"JH378186","9459126","9459439","KQ058427v1","7786546","7786853","90","1672580"
"JH378186","9522760","9523064","KQ055352v1","6003171","6003466","73","3519589"
"JH378186","9584338","9584646","KQ053421v1","5610673","5610968","77","3973665"
"JH378186","9643986","9644266","KQ054815v1","2215557","2215844","93","7428429"
"JH378186","9765825","9766123","KQ058427v1","7786546","7786853","84","1979279"
"JH378186","10045747","10046047","KQ053421v1","5610673","5610968","86","4435074"
"JH378187","105318","105598","KQ058640v1","643463","643729","87","538145"
"JH378187","162054","162344","KQ053421v1","5610673","5610968","73","5448619"
"JH378187","192617","192914","KQ053421v1","5610673","5610968","66","5418056"
"JH378187","193906","194215","KQ055352v1","6003171","6003466","72","5809265"
"JH378187","251686","251996","KQ055352v1","6003171","6003466","72","5751485"
"JH378187","308946","309246","KQ053421v1","5610673","5610968","74","5301727"
"JH378187","325401","325712","KQ055352v1","6003171","6003466","72","5677770"
"JH378187","415511","415773","KQ057186v1","783828","784085","83","368317"
"JH378187","547198","547487","KQ055267v1","513773","514088","90","33425"
"JH378187","644600","644865","KQ058242v1","595939","596205","82","48661"
"JH378187","975556","975857","KQ053421v1","5610673","5610968","78","4635117"
"JH378187","1060888","1061178","KQ053421v1","5610673","5610968","75","4549785"
"JH378187","1069432","1069729","KQ053421v1","5610673","5610968","68","4541241"
"JH378187","1226361","1226680","KQ055267v1","513773","514088","86","712588"
"JH378187","1560495","1560623","KQ053398v1","2627781","2627909","34","1067286"
"JH378187","1648186","1648475","KQ053421v1","5610673","5610968","71","3962487"
"JH378187","1792534","1792837","KQ055352v1","6003171","6003466","71","4210637"
"JH378187","2010835","2011133","KQ058394v1","9655127","9655422","83","7644292"
"JH378187","2016781","2017089","KQ055352v1","6003171","6003466","72","3986390"
"JH378187","2304780","2305066","KQ053421v1","5610673","5610968","75","3305893"
"JH378187","2352740","2353032","KQ053421v1","5610673","5610968","82","3257933"
"JH378187","2357891","2358183","KQ053421v1","5610673","5610968","86","3252782"
"JH378187","2379940","2380238","KQ053421v1","5610673","5610968","75","3230733"
"JH378187","2402145","2402451","KQ055352v1","6003171","6003466","70","3601026"
"JH378187","2482527","2482780","KQ058242v1","595939","596205","81","1886588"
"JH378187","2491795","2492096","KQ053421v1","5610673","5610968","75","3118878"
"JH378187","2506614","2506737","KQ053398v1","2623748","2623879","40","117134"
"JH378187","2600884","2601177","KQ058427v1","7786546","7786853","84","5185662"
"JH378187","2617422","2617711","KQ053421v1","5610673","5610968","79","2993251"
"JH378187","2640713","2641019","KQ058427v1","7786546","7786853","72","5145833"
"JH378187","2645492","2645790","KQ058427v1","7786546","7786853","85","5141054"
"JH378187","2651114","2651448","KQ058427v1","7786546","7786853","94","5135432"
"JH378187","2663764","2664057","KQ053421v1","5610673","5610968","71","2946909"
"JH378187","2671695","2671972","KQ053421v1","5610673","5610968","84","2938978"
"JH378187","2714535","2714833","KQ053421v1","5610673","5610968","84","2896138"
"JH378187","2726623","2726931","KQ058427v1","7786546","7786853","73","5059923"
"JH378187","2763937","2764241","KQ053421v1","5610673","5610968","78","2846736"
"JH378187","2764242","2764530","KQ053421v1","5610673","5610968","78","2846431"
"JH378187","2801610","2801883","KQ053421v1","5610673","5610968","82","2809063"
"JH378187","2803745","2804055","KQ055267v1","513773","514088","86","2289972"
"JH378187","2830775","2830924","KQ053398v1","2623748","2623879","54","207027"
"JH378187","2835686","2835991","KQ058427v1","7786546","7786853","66","4950860"
"JH378187","2845721","2845949","KQ053234v1","1414405","1414609","64","1431316"
"JH378187","2857459","2857700","KQ055717v1","1610777","1611031","90","1246682"
"JH378187","2871970","2872262","KQ058242v1","595939","596205","91","2276031"
"JH378187","2901050","2901339","KQ053421v1","5610673","5610968","82","2709623"
"JH378187","2930689","2930994","KQ053421v1","5610673","5610968","80","2679984"
"JH378187","2957540","2957829","KQ053421v1","5610673","5610968","85","2653133"
"JH378187","2978611","2978943","KQ053135v1","5034940","5035266","95","2056329"
"JH378187","2985750","2986044","KQ053421v1","5610673","5610968","76","2624923"
"JH378187","3010060","3010366","KQ055267v1","513773","514088","81","2496287"
"JH378187","3030754","3031032","KQ058242v1","595939","596205","83","2434815"
"JH378187","3031518","3031827","KQ058427v1","7786546","7786853","83","4755028"
"JH378187","3054490","3054788","KQ053421v1","5610673","5610968","68","2556183"
"JH378187","3067196","3067500","KQ053421v1","5610673","5610968","84","2543477"
"JH378187","3082798","3083082","KQ058339v1","4553625","4553889","84","1470827"
"JH378187","3108331","3108639","KQ053421v1","5610673","5610968","75","2502342"
"JH378187","3222169","3222478","KQ053421v1","5610673","5610968","78","2388504"
"JH378187","3232921","3233231","KQ053421v1","5610673","5610968","81","2377752"
"JH378187","3246019","3246328","KQ058427v1","7786546","7786853","74","4540527"
"JH378187","3313258","3313565","KQ053421v1","5610673","5610968","81","2297415"
"JH378187","3344732","3345027","KQ053421v1","5610673","5610968","65","2265941"
"JH378187","3392190","3392489","KQ053421v1","5610673","5610968","84","2218483"
"JH378187","3400119","3400371","KQ058242v1","595939","596205","92","2804180"
"JH378187","3400438","3400655","KQ055662v1","1890465","1890674","68","1509973"
"JH378187","3405639","3405933","KQ053421v1","5610673","5610968","76","2205034"
"JH378187","3479974","3480263","KQ053421v1","5610673","5610968","75","2130699"
"JH378187","3576468","3576776","KQ055267v1","513773","514088","96","3062695"
"JH378187","3601621","3601927","KQ058427v1","7786546","7786853","80","4184925"
"JH378187","3607346","3607647","KQ055352v1","6003171","6003466","72","2395825"
"JH378187","3734152","3734445","KQ053421v1","5610673","5610968","79","1876521"
"JH378187","3750636","3750927","KQ053421v1","5610673","5610968","79","1860037"
"JH378187","3935244","3935581","KQ055267v1","513773","514088","102","3421471"
"JH378187","4004259","4004565","KQ058427v1","7786546","7786853","78","3782287"
"JH378187","4069867","4070160","KQ053421v1","5610673","5610968","76","1540806"
"JH378187","4136761","4137055","KQ053421v1","5610673","5610968","69","1473912"
"JH378187","4145629","4145931","KQ053421v1","5610673","5610968","71","1465044"
"JH378187","4209485","4209786","KQ058427v1","7786546","7786853","84","3577061"
"JH378187","4248367","4248449","KQ056235v1","1266284","1266361","23","2982083"
"JH378187","4292255","4292516","KQ053421v1","5610673","5610968","86","1318418"
"JH378187","4346644","4346908","KQ058242v1","595939","596205","86","3750705"
"JH378187","4353975","4354279","KQ053421v1","5610673","5610968","74","1256698"
"JH378187","4423254","4423506","KQ058339v1","4553625","4553889","91","130371"
"JH378187","4427013","4427311","KQ053421v1","5610673","5610968","68","1183660"
"JH378187","4477443","4477737","KQ053421v1","5610673","5610968","82","1133230"
"JH378187","4676430","4676726","KQ053421v1","5610673","5610968","73","934243"
"JH378187","4679204","4679430","KQ054068v1","3638075","3638299","67","1041129"
"JH378187","4733444","4733730","KQ053785v1","888769","889063","80","3844675"
"JH378187","4804450","4804743","KQ053421v1","5610673","5610968","66","806223"
"JH378187","4936539","4936850","KQ055267v1","513773","514088","71","4422766"
"JH378187","4968886","4969191","KQ053421v1","5610673","5610968","78","641787"
"JH378187","4998603","4998914","KQ055352v1","6003171","6003466","72","1004568"
"JH378187","4999427","4999727","KQ053421v1","5610673","5610968","77","611246"
"JH378187","5013414","5013557","KQ053398v1","2623748","2623879","43","2389666"
"JH378187","5134434","5134730","KQ053421v1","5610673","5610968","80","476239"
"JH378187","5161590","5161901","KQ055267v1","513773","514088","75","4647817"
"JH378187","5171710","5172023","KQ058427v1","7786546","7786853","72","2614836"
"JH378187","5182512","5182790","KQ058242v1","595939","596205","79","4586573"
"JH378187","5280740","5281052","KQ055267v1","513773","514088","70","4766967"
"JH378187","5351459","5351762","KQ055352v1","6003171","6003466","74","651712"
"JH378187","5363279","5363590","KQ058427v1","7786546","7786853","75","2423267"
"JH378187","5504733","5504979","KQ058242v1","595939","596205","89","4908794"
"JH378187","5647504","5647815","KQ055352v1","6003171","6003466","73","355667"
"JH378187","5658708","5658995","KQ058242v1","595939","596205","78","5062769"
"JH378187","5661696","5661988","KQ053421v1","5610673","5610968","75","51023"
"JH378187","5725005","5725304","KQ053421v1","5610673","5610968","75","114332"
"JH378187","5744918","5745225","KQ053421v1","5610673","5610968","85","134245"
"JH378187","5751606","5751903","KQ053421v1","5610673","5610968","69","140933"
"JH378187","5949085","5949378","KQ053421v1","5610673","5610968","75","338412"
"JH378187","5980917","5981216","KQ053421v1","5610673","5610968","84","370244"
"JH378187","5992430","5992726","KQ053421v1","5610673","5610968","68","381757"
"JH378187","6002822","6002981","KQ057449v1","1214348","1214489","57","4788474"
"JH378187","6003032","6003129","KQ056235v1","1266284","1266361","34","4736748"
"JH378187","6233149","6233451","KQ053421v1","5610673","5610968","76","622476"
"JH378187","6337432","6337736","KQ055267v1","513773","514088","84","5823659"
"JH378187","6389925","6390209","KQ054815v1","2215557","2215844","72","4174368"
"JH378187","6416386","6416689","KQ055352v1","6003171","6003466","72","413215"
"JH378187","6450037","6450332","KQ053421v1","5610673","5610968","66","839364"
"JH378187","6569877","6570184","KQ055352v1","6003171","6003466","74","566706"
"JH378187","6633585","6633892","KQ055352v1","6003171","6003466","72","630414"
"JH378187","6656947","6657255","KQ053421v1","5610673","5610968","83","1046274"
"JH378187","6657700","6657988","KQ053421v1","5610673","5610968","88","1047027"
"JH378187","6678646","6678946","KQ053421v1","5610673","5610968","77","1067973"
"JH378187","6691611","6691923","KQ055267v1","513773","514088","75","6177838"
"JH378187","6771883","6772182","KQ053421v1","5610673","5610968","68","1161210"
"JH378187","6864194","6864498","KQ053421v1","5610673","5610968","78","1253521"
"JH378187","6937707","6938017","KQ055267v1","513773","514088","70","6423934"
"JH378187","7085221","7085508","KQ055267v1","513773","514088","85","6571448"
"JH378187","7138157","7138407","KQ057901v1","868884","869144","76","6269273"
"JH378187","7166729","7167036","KQ053421v1","5610673","5610968","79","1556056"
"JH378187","7180872","7181171","KQ053421v1","5610673","5610968","75","1570199"
"JH378187","7203295","7203599","KQ053421v1","5610673","5610968","74","1592622"
"JH378187","7264448","7264723","KQ055267v1","513773","514088","90","6750675"
"JH378187","7401741","7402052","KQ053421v1","5610673","5610968","75","1791068"
"JH378187","7628676","7628974","KQ053421v1","5610673","5610968","75","2018003"
"JH378187","7630685","7630981","KQ053421v1","5610673","5610968","66","2020012"
"JH378187","7644585","7644887","KQ053421v1","5610673","5610968","71","2033912"
"JH378187","7645865","7646163","KQ053421v1","5610673","5610968","67","2035192"
"JH378187","7675744","7675923","ABDC02053644v1","2226","2419","66","7673518"
"JH378187","7699030","7699347","KQ053421v1","5610673","5610968","92","2088357"
"JH378187","7702348","7702638","KQ053421v1","5610673","5610968","72","2091675"
"JH378187","7702827","7703118","KQ053421v1","5610673","5610968","85","2092154"
"JH378187","7750757","7751045","KQ053421v1","5610673","5610968","80","2140084"
"JH378187","7755838","7756144","KQ055352v1","6003171","6003466","73","1752667"
"JH378187","7770150","7770449","KQ053421v1","5610673","5610968","66","2159477"
"JH378187","7808876","7809105","KQ058509v1","24058","24271","70","7784818"
"JH378187","7846136","7846371","KQ058242v1","595939","596205","78","7250197"
"JH378187","7847231","7847537","KQ053421v1","5610673","5610968","81","2236558"
"JH378187","7876226","7876525","KQ053421v1","5610673","5610968","70","2265553"
"JH378187","7908272","7908491","KQ053234v1","1414405","1414609","60","6493867"
"JH378187","7914336","7914640","KQ053421v1","5610673","5610968","78","2303663"
"JH378187","7997098","7997405","KQ055352v1","6003171","6003466","72","1993927"
"JH378187","8019781","8020090","KQ055267v1","513773","514088","87","7506008"
"JH378187","8021279","8021566","KQ053421v1","5610673","5610968","72","2410606"
"JH378187","8236815","8237134","KQ055267v1","513773","514088","87","7723042"
"JH378187","8264543","8264852","KQ055267v1","513773","514088","81","7750770"
"JH378187","8267673","8267986","KQ055352v1","6003171","6003466","77","2264502"
"JH378187","8269833","8270143","KQ058427v1","7786546","7786853","77","483287"
"JH378187","8282930","8283215","KQ053421v1","5610673","5610968","81","2672257"
"JH378187","8304757","8305047","KQ054815v1","2215557","2215844","88","6089200"
"JH378187","8313030","8313330","KQ053421v1","5610673","5610968","76","2702357"
"JH378187","8317134","8317432","KQ053421v1","5610673","5610968","67","2706461"
"JH378187","8326272","8326561","KQ053421v1","5610673","5610968","99","2715599"
"JH378187","8382993","8383290","KQ053421v1","5610673","5610968","80","2772320"
"JH378187","8426049","8426357","KQ055267v1","513773","514088","75","7912276"
"JH378187","8455002","8455299","KQ053421v1","5610673","5610968","68","2844329"
"JH378187","8480681","8480950","KQ057901v1","868884","869144","81","7611797"
"JH378187","8564525","8564844","KQ053421v1","5610673","5610968","92","2953852"
"JH378187","8600082","8600387","KQ055352v1","6003171","6003466","69","2596911"
"JH378187","8669300","8669611","KQ055352v1","6003171","6003466","75","2666129"
"JH378187","8767954","8768261","KQ055267v1","513773","514088","83","8254181"
"JH378187","9012905","9013208","KQ053421v1","5610673","5610968","70","3402232"
"JH378187","9015592","9015894","KQ053421v1","5610673","5610968","68","3404919"
"JH378187","9083519","9083824","KQ053421v1","5610673","5610968","74","3472846"
"JH378187","9188714","9189023","KQ055267v1","513773","514088","75","8674941"
"JH378187","9193766","9194083","KQ055267v1","513773","514088","79","8679993"
"JH378187","9224889","9225187","KQ053421v1","5610673","5610968","68","3614216"
"JH378187","9270782","9271101","KQ053421v1","5610673","5610968","90","3660109"
"JH378187","9286295","9286606","KQ055352v1","6003171","6003466","75","3283124"
"JH378187","9475954","9476258","KQ053421v1","5610673","5610968","69","3865281"
"JH378187","9525258","9525537","KQ054815v1","2215557","2215844","88","7309701"
"JH378187","9672372","9672647","KQ058427v1","6786866","6787134","179","2885506"
"JH378187","9691284","9691377","KQ056235v1","1266284","1266361","28","8425000"
"JH378187","9722853","9723152","KQ053421v1","5610673","5610968","69","4112180"
"JH378188","19017","19290","KQ057186v1","783828","784085","67","764811"
"JH378188","31130","31368","KQ058339v1","4553625","4553889","97","4522495"
"JH378188","32940","33238","KQ053421v1","5610673","5610968","74","5577733"
"JH378188","170501","170806","KQ053421v1","5610673","5610968","78","5440172"
"JH378188","192446","192756","KQ055267v1","513773","514088","79","321327"
"JH378188","195279","195508","KQ052982v1","2032903","2033097","76","1837624"
"JH378188","290120","290425","KQ055267v1","513773","514088","88","223653"
"JH378188","338491","338760","KQ057186v1","783828","784085","70","445337"
"JH378188","357593","357885","KQ053421v1","5610673","5610968","86","5253080"
"JH378188","439570","439870","KQ053421v1","5610673","5610968","68","5171103"
"JH378188","539964","540236","KQ057186v1","783828","784085","88","243864"
"JH378188","604209","604533","KQ058427v1","7786546","7786853","90","7182337"
"JH378188","606650","606955","KQ053421v1","5610673","5610968","76","5004023"
"JH378188","780841","781151","KQ055352v1","6003171","6003466","74","5222330"
"JH378188","971006","971318","KQ055267v1","513773","514088","74","457233"
"JH378188","1136018","1136278","KQ053421v1","5610673","5610968","91","4474655"
"JH378188","1141029","1141336","KQ055267v1","513773","514088","72","627256"
"JH378188","1213377","1213679","KQ055862v1","1305285","1305561","89","91908"
"JH378188","1314614","1314901","KQ058394v1","9655127","9655422","97","8340513"
"JH378188","1363199","1363510","KQ055352v1","6003171","6003466","74","4639972"
"JH378188","1378051","1378343","KQ053421v1","5610673","5610968","75","4232622"
"JH378188","1396254","1396530","KQ058242v1","595939","596205","84","800315"
"JH378188","1481428","1481727","KQ053421v1","5610673","5610968","66","4129245"
"JH378188","1493541","1493852","KQ055352v1","6003171","6003466","74","4509630"
"JH378188","1625221","1625520","KQ053421v1","5610673","5610968","67","3985452"
"JH378188","1791381","1791459","KQ056235v1","1266284","1266361","24","525097"
"JH378188","1824661","1824959","KQ053421v1","5610673","5610968","70","3786012"
"JH378188","1832590","1832890","KQ053421v1","5610673","5610968","70","3778083"
"JH378188","1841393","1841698","KQ058427v1","7786546","7786853","79","5945153"
"JH378188","1883821","1884117","KQ053421v1","5610673","5610968","70","3726852"
"JH378188","1931173","1931349","KQ054954v1","1680710","1680882","59","250463"
"JH378188","1967623","1967927","KQ055267v1","513773","514088","89","1453850"
"JH378188","1969518","1969794","KQ053421v1","5610673","5610968","81","3641155"
"JH378188","2108365","2108436","KQ058316v1","2226037","2226104","32","117672"
"JH378188","2108483","2108701","KQ058274v1","300327","300497","97","1808156"
"JH378188","2167299","2167600","KQ053421v1","5610673","5610968","77","3443374"
"JH378188","2568894","2569204","KQ058427v1","7786546","7786853","73","5217652"
"JH378188","2618762","2619058","KQ053421v1","5610673","5610968","64","2991911"
"JH378188","2813726","2814037","KQ055352v1","6003171","6003466","69","3189445"
"JH378188","2997405","2997699","KQ053421v1","5610673","5610968","69","2613268"
"JH378188","3017506","3017767","KQ058509v1","24058","24271","100","2993448"
"JH378188","3031807","3032131","KQ055267v1","513773","514088","89","2518034"
"JH378188","3136895","3137059","KQ053398v1","2627781","2627909","64","509114"
"JH378188","3137349","3137581","KQ056005v1","1024192","1024395","73","2113157"
"JH378188","3208649","3208967","KQ053421v1","5610673","5610968","80","2402024"
"JH378188","3226615","3226911","KQ053421v1","5610673","5610968","65","2384058"
"JH378188","3389108","3389429","KQ055267v1","513773","514088","93","2875335"
"JH378188","3427452","3427761","KQ055267v1","513773","514088","91","2913679"
"JH378188","3439252","3439514","KQ058339v1","4553625","4553889","76","1114373"
"JH378188","3507716","3507997","KQ057186v1","783828","784085","80","2723888"
"JH378188","3580244","3580554","KQ055352v1","6003171","6003466","72","2422927"
"JH378188","3632390","3632695","KQ055862v1","1305285","1305561","81","2327105"
"JH378188","3724224","3724535","KQ055352v1","6003171","6003466","74","2278947"
"JH378188","3793320","3793625","KQ055352v1","6003171","6003466","100","2209851"
"JH378188","3909804","3910129","KQ055267v1","513773","514088","88","3396031"
"JH378188","3927356","3927671","KQ053421v1","5610673","5610968","73","1683317"
"JH378188","3964710","3965017","KQ053421v1","5610673","5610968","65","1645963"
"JH378188","4080005","4080313","KQ055267v1","513773","514088","73","3566232"
"JH378188","4102325","4102632","KQ058427v1","7786546","7786853","86","3684221"
"JH378188","4204247","4204540","KQ053421v1","5610673","5610968","84","1406426"
"JH378188","4283835","4284142","KQ053421v1","5610673","5610968","76","1326838"
"JH378188","4385004","4385309","KQ055352v1","6003171","6003466","73","1618167"
"JH378188","4419536","4419835","KQ053421v1","5610673","5610968","95","1191137"
"JH378188","4472726","4473005","KQ058640v1","643463","643729","76","3829263"
"JH378188","4649759","4650051","KQ053421v1","5610673","5610968","76","960914"
"JH378188","4652067","4652354","KQ053421v1","5610673","5610968","79","958606"
"JH378188","4826919","4827214","KQ053421v1","5610673","5610968","82","783754"
"JH378188","4862839","4863112","KQ057186v1","783828","784085","88","4079011"
"JH378188","5013579","5013885","KQ055352v1","6003171","6003466","68","989592"
"JH378188","5117427","5117728","KQ053421v1","5610673","5610968","95","493246"
"JH378188","5125164","5125447","KQ053421v1","5610673","5610968","88","485509"
"JH378188","5345405","5345580","KQ053993v1","1251070","1251235","48","4094335"
"JH378188","5481088","5481406","KQ058427v1","7786546","7786853","88","2305458"
"JH378188","5552605","5552912","KQ053421v1","5610673","5610968","89","58068"
"JH378188","5657013","5657333","KQ055267v1","513773","514088","87","5143240"
"JH378188","5661126","5661422","KQ053421v1","5610673","5610968","79","50453"
"JH378188","5667236","5667515","KQ053785v1","888769","889063","84","4778467"
"JH378188","5678195","5678302","KQ055717v1","1610376","1610476","42","4067819"
"JH378188","6338222","6338520","KQ053421v1","5610673","5610968","79","727549"
"JH378188","6375882","6376173","KQ058427v1","7786546","7786853","88","1410664"
"JH378188","6408430","6408688","KQ058242v1","595939","596205","64","5812491"
"JH378188","6547581","6547884","KQ053421v1","5610673","5610968","79","936908"
"JH378188","6690802","6690917","KQ056493v1","2043382","2043488","31","4647420"
"JH378188","6877871","6878182","KQ055267v1","513773","514088","78","6364098"
"JH378188","6934668","6934971","KQ053421v1","5610673","5610968","81","1323995"
"JH378188","7091812","7092108","KQ058427v1","6786866","6787134","87","304946"
"JH378188","7240726","7240855","KQ053398v1","2627781","2627909","31","4612945"
"JH378188","7263824","7264110","KQ053421v1","5610673","5610968","83","1653151"
"JH378188","7276829","7277002","KQ056064v1","326763","326940","64","6950066"
"JH378188","7277038","7277199","KQ053993v1","1251070","1251235","39","6025968"
"JH378188","7341178","7341291","KQ053398v1","2623748","2623879","45","4717430"
"JH378188","7346180","7346403","KQ058594v1","5950443","5950621","81","1395737"
"JH378188","7422676","7422951","KQ055862v1","1305285","1305561","90","6117391"
"JH378188","7445418","7445579","KQ057161v1","453350","453459","69","6992068"
"JH378188","7479374","7479632","KQ058242v1","595939","596205","68","6883435"
"JH378188","7499193","7499485","KQ053421v1","5610673","5610968","88","1888520"
"JH378188","7536552","7536743","KQ058274v1","300327","300497","55","7236225"
"JH378188","7538343","7538636","KQ053421v1","5610673","5610968","75","1927670"
"JH378188","7557905","7558189","KQ053421v1","5610673","5610968","90","1947232"
"JH378188","7573208","7573517","KQ055267v1","513773","514088","89","7059435"
"JH378188","7630877","7631178","KQ058427v1","7786546","7786853","87","155669"
"JH378188","7634832","7635141","KQ053421v1","5610673","5610968","70","2024159"
"JH378188","7651228","7651514","KQ053421v1","5610673","5610968","87","2040555"
"JH378188","7656906","7657150","KQ058509v1","24058","24271","80","7632848"
"JH378188","7708390","7708711","KQ053421v1","5610673","5610968","95","2097717"
"JH378188","7735127","7735453","KQ057901v1","868884","869144","120","6866243"
"JH378188","7780412","7780697","KQ055862v1","1305285","1305561","78","6475127"
"JH378188","7801354","7801661","KQ053421v1","5610673","5610968","69","2190681"
"JH378188","7804102","7804382","KQ055862v1","1305285","1305561","85","6498817"
"JH378188","7812837","7813120","KQ053421v1","5610673","5610968","83","2202164"
"JH378188","7818861","7819153","KQ053421v1","5610673","5610968","75","2208188"
"JH378188","7838563","7838871","KQ055352v1","6003171","6003466","73","1835392"
"JH378188","7856325","7856626","KQ055352v1","6003171","6003466","81","1853154"
"JH378188","7866749","7867060","KQ055352v1","6003171","6003466","73","1863578"
"JH378188","7881471","7881766","KQ055352v1","6003171","6003466","78","1878300"
"JH378188","7891465","7891767","KQ053421v1","5610673","5610968","87","2280792"
"JH378188","8047914","8048223","KQ053421v1","5610673","5610968","76","2437241"
"JH378188","8049290","8049591","KQ053421v1","5610673","5610968","67","2438617"
"JH378188","8100046","8100349","KQ053421v1","5610673","5610968","85","2489373"
"JH378188","8131091","8131394","KQ053421v1","5610673","5610968","68","2520418"
"JH378188","8134788","8135093","KQ058427v1","7786546","7786853","77","348242"
"JH378188","8151652","8151980","KQ055267v1","513773","514088","92","7637879"
"JH378188","8279348","8279564","KQ056064v1","326763","326940","79","7952585"
"JH378188","8281164","8281474","KQ053421v1","5610673","5610968","73","2670491"
"JH378188","8282260","8282420","KQ054510v1","7582269","7582431","41","699991"
"JH378188","8377889","8378176","KQ053421v1","5610673","5610968","87","2767216"
"JH378188","8383593","8383867","KQ053883v1","6938067","6938331","91","1445526"
"JH378188","8394276","8394489","KQ055662v1","1890465","1890674","62","6503811"
"JH378188","8403678","8403900","KQ058242v1","595939","596205","90","7807739"
"JH378188","8433131","8433419","KQ054815v1","2215557","2215844","89","6217574"
"JH378188","8495976","8496093","KQ053398v1","2623748","2623879","42","5872228"
"JH378188","8525942","8526231","KQ053785v1","888769","889063","87","7637173"
"JH378188","8589184","8589439","KQ058242v1","595939","596205","89","7993245"
"JH378188","8619480","8619753","KQ058242v1","595939","596205","82","8023541"
"JH378188","8633995","8634272","KQ058242v1","595939","596205","84","8038056"
"JH378188","8668987","8669254","KQ053421v1","5610673","5610968","90","3058314"
"JH378188","8689750","8690096","KQ053135v1","5034940","5035266","108","3654810"
"JH378188","8694535","8694817","KQ053421v1","5610673","5610968","85","3083862"
"JH378188","8702386","8702694","KQ053421v1","5610673","5610968","85","3091713"
"JH378188","8791059","8791122","KQ054191v1","1885658","1885707","26","6905401"
"JH378188","8791713","8791931","KQ058594v1","5950443","5950621","71","2841270"
"JH378188","8824478","8824776","KQ058427v1","7786546","7786853","86","1037932"
"JH378188","8835088","8835383","KQ054815v1","2215557","2215844","86","6619531"
"JH378188","8847127","8847253","KQ053398v1","2623748","2623879","33","6223379"
"JH378188","8856960","8857152","KQ054954v1","1680710","1680882","62","7176250"
"JH378188","8872334","8872626","KQ053421v1","5610673","5610968","80","3261661"
"JH378188","8883460","8883754","KQ053421v1","5610673","5610968","75","3272787"
"JH378188","8948711","8948961","KQ058242v1","595939","596205","105","8352772"
"JH378188","8953158","8953375","KQ056005v1","1024192","1024395","62","7928966"
"JH378188","8977696","8977955","KQ058242v1","595939","596205","67","8381757"
"JH378188","9001913","9002180","KQ058640v1","643463","643729","87","8358450"
"JH378188","9025804","9026095","KQ053421v1","5610673","5610968","83","3415131"
"JH378188","9085787","9086081","KQ053421v1","5610673","5610968","87","3475114"
"JH378188","9089196","9089502","KQ058427v1","7786546","7786853","76","1302650"
"JH378188","9119165","9119464","KQ053421v1","5610673","5610968","79","3508492"
"JH378188","9126733","9127011","KQ058427v1","7786546","7786853","92","1340187"
"JH378188","9128558","9128862","KQ058427v1","7786546","7786853","70","1342012"
"JH378188","9166233","9166348","KQ056911v1","1421731","1421862","35","7744502"
"JH378188","9202094","9202386","KQ053421v1","5610673","5610968","64","3591421"
"JH378188","9211248","9211544","KQ053421v1","5610673","5610968","71","3600575"
"JH378188","9428400","9428609","KQ052982v1","2032903","2033097","55","7395497"
"JH378188","9431048","9431346","KQ053421v1","5610673","5610968","77","3820375"
"JH378188","9444988","9445285","KQ053421v1","5610673","5610968","78","3834315"
"JH378188","9457117","9457423","KQ053421v1","5610673","5610968","78","3846444"
"JH378188","9493011","9493286","KQ058427v1","6786866","6787134","92","2706145"
"JH378188","9532759","9533026","KQ058339v1","4553625","4553889","85","4979134"
"JH378188","9568534","9568835","KQ053421v1","5610673","5610968","71","3957861"
"JH378188","9594935","9595227","KQ053421v1","5610673","5610968","84","3984262"
"JH378188","9610219","9610518","KQ053421v1","5610673","5610968","95","3999546"
"JH378188","9669361","9669675","KQ053421v1","5610673","5610968","84","4058688"
"JH378188","9772782","9773084","KQ053421v1","5610673","5610968","94","4162109"
"JH378188","9788334","9788628","KQ053421v1","5610673","5610968","86","4177661"
"JH378189","73689","73950","KQ053883v1","6938067","6938331","81","6864378"
"JH378189","99919","100223","KQ058427v1","7786546","7786853","84","7686627"
"JH378189","241170","241324","KQ053093v1","1668172","1668343","51","1427002"
"JH378189","241986","242105","KQ053398v1","2627781","2627909","36","2385795"
"JH378189","246453","246764","KQ053421v1","5610673","5610968","80","5364220"
"JH378189","259740","260037","KQ053421v1","5610673","5610968","76","5350933"
"JH378189","389865","390160","KQ053421v1","5610673","5610968","64","5220808"
"JH378189","393687","393953","KQ058242v1","595939","596205","76","202252"
"JH378189","400211","400498","KQ058242v1","595939","596205","92","195728"
"JH378189","697337","697641","KQ058427v1","7786546","7786853","78","7089209"
"JH378189","755803","756084","KQ055352v1","6003171","6003466","69","5247368"
"JH378189","932311","932610","KQ055267v1","513773","514088","82","418538"
"JH378189","957124","957461","KQ058427v1","7786546","7786853","104","6829422"
"JH378189","977241","977523","KQ058242v1","595939","596205","85","381302"
"JH378189","978566","978879","KQ053421v1","5610673","5610968","78","4632107"
"JH378189","1266094","1266391","KQ053421v1","5610673","5610968","68","4344579"
"JH378189","1352655","1352959","KQ055267v1","513773","514088","75","838882"
"JH378189","1452369","1452486","KQ053398v1","2623748","2623879","47","1171379"
"JH378189","1490456","1490673","KQ055662v1","1890465","1890674","61","400009"
"JH378189","1499525","1499818","KQ053421v1","5610673","5610968","83","4111148"
"JH378189","1620009","1620323","KQ058427v1","7786546","7786853","81","6166537"
"JH378189","1626995","1627253","KQ058427v1","6786866","6787134","85","5159871"
"JH378189","1669661","1669961","KQ053421v1","5610673","5610968","88","3941012"
"JH378189","1672877","1673170","KQ053421v1","5610673","5610968","73","3937796"
"JH378189","1674085","1674382","KQ058427v1","7786546","7786853","77","6112461"
"JH378189","1691283","1691572","KQ053421v1","5610673","5610968","71","3919390"
"JH378189","1715882","1716170","KQ053421v1","5610673","5610968","81","3894791"
"JH378189","1717755","1718015","KQ058505v1","2207051","2207301","81","489296"
"JH378189","1753752","1754024","KQ058242v1","595939","596205","77","1157813"
"JH378189","1760982","1761233","KQ058242v1","595939","596205","74","1165043"
"JH378189","2018701","2018994","KQ053421v1","5610673","5610968","73","3591972"
"JH378189","2246060","2246371","KQ055267v1","513773","514088","72","1732287"
"JH378189","2254986","2255162","KQ058594v1","5950443","5950621","49","3695457"
"JH378189","2271115","2271425","KQ055267v1","513773","514088","73","1757342"
"JH378189","2394704","2395011","KQ053421v1","5610673","5610968","81","3215969"
"JH378189","2514842","2515143","KQ053421v1","5610673","5610968","66","3095831"
"JH378189","2532933","2533234","KQ053421v1","5610673","5610968","69","3077740"
"JH378189","2683738","2684054","KQ058427v1","7786546","7786853","94","5102808"
"JH378189","3070922","3071227","KQ053421v1","5610673","5610968","68","2539751"
"JH378189","3149569","3149869","KQ058427v1","7786546","7786853","75","4636977"
"JH378189","3240250","3240558","KQ058427v1","7786546","7786853","79","4546296"
"JH378189","3263877","3264135","KQ058640v1","643463","643729","88","2620414"
"JH378189","3477227","3477527","KQ053421v1","5610673","5610968","80","2133446"
"JH378189","3514279","3514574","KQ053421v1","5610673","5610968","66","2096394"
"JH378189","3559709","3560014","KQ053421v1","5610673","5610968","77","2050964"
"JH378189","3576298","3576509","KQ055662v1","1890465","1890674","60","1685833"
"JH378189","3587848","3588158","KQ053421v1","5610673","5610968","79","2022825"
"JH378189","3595947","3596158","KQ056064v1","326763","326940","70","3269184"
"JH378189","3628410","3628715","KQ055267v1","513773","514088","76","3114637"
"JH378189","3634451","3634735","KQ058242v1","595939","596205","93","3038512"
"JH378189","3646112","3646409","KQ053421v1","5610673","5610968","75","1964561"
"JH378189","3655684","3655978","KQ053421v1","5610673","5610968","76","1954989"
"JH378189","3760338","3760646","KQ053421v1","5610673","5610968","83","1850335"
"JH378189","3795875","3796181","KQ055352v1","6003171","6003466","69","2207296"
"JH378189","3839698","3840006","KQ055352v1","6003171","6003466","70","2163473"
"JH378189","3862214","3862471","KQ057901v1","868884","869144","85","2993330"
"JH378189","3895348","3895630","KQ053421v1","5610673","5610968","99","1715325"
"JH378189","3913148","3913431","KQ053421v1","5610673","5610968","75","1697525"
"JH378189","3933651","3933950","KQ053421v1","5610673","5610968","78","1677022"
"JH378189","3958169","3958341","KQ058274v1","300327","300497","55","3657842"
"JH378189","3973240","3973574","KQ053421v1","5610673","5610968","105","1637433"
"JH378189","4303693","4303977","KQ053785v1","888769","889063","72","3414924"
"JH378189","4405654","4405833","KQ058350v1","9514178","9514352","43","5108524"
"JH378189","4460378","4460623","KQ058427v1","6786866","6787134","87","2326488"
"JH378189","4518834","4519096","KQ058242v1","595939","596205","72","3922895"
"JH378189","4644473","4644734","KQ057901v1","868884","869144","83","3775589"
"JH378189","4645543","4645756","KQ052982v1","2032903","2033097","57","2612640"
"JH378189","4739756","4740052","KQ053421v1","5610673","5610968","83","870917"
"JH378189","4805876","4806147","KQ058427v1","6786866","6787134","84","1980990"
"JH378189","4959943","4960243","KQ053421v1","5610673","5610968","70","650730"
"JH378189","5137187","5137484","KQ053421v1","5610673","5610968","68","473486"
"JH378189","5287505","5287808","KQ053421v1","5610673","5610968","77","323168"
"JH378189","5295363","5295648","KQ058427v1","6786866","6787134","91","1491503"
"JH378189","5486320","5486619","KQ053421v1","5610673","5610968","73","124353"
"JH378189","5637028","5637302","KQ058242v1","595939","596205","77","5041089"
"JH378189","5700482","5700791","KQ058427v1","7786546","7786853","80","2086064"
"JH378189","5702264","5702560","KQ053421v1","5610673","5610968","80","91591"
"JH378189","5740196","5740497","KQ053421v1","5610673","5610968","86","129523"
"JH378189","5871571","5871883","KQ058427v1","7786546","7786853","78","1914975"
"JH378189","5941168","5941469","KQ053421v1","5610673","5610968","70","330495"
"JH378189","5985556","5985837","KQ053421v1","5610673","5610968","80","374883"
"JH378189","6018896","6019190","KQ053421v1","5610673","5610968","71","408223"
"JH378189","6021509","6021701","KQ053234v1","1679581","1679757","75","4341928"
"JH378189","6027804","6028072","KQ058427v1","6786866","6787134","88","759062"
"JH378189","6065590","6065849","KQ057901v1","868884","869144","84","5196706"
"JH378189","6068297","6068593","KQ053421v1","5610673","5610968","68","457624"
"JH378189","6070732","6070996","KQ057901v1","868884","869144","85","5201848"
"JH378189","6103239","6103523","KQ053421v1","5610673","5610968","80","492566"
"JH378189","6157099","6157389","KQ053421v1","5610673","5610968","76","546426"
"JH378189","6178841","6179017","KQ058638v1","1837830","1837985","50","4341011"
"JH378189","6182032","6182317","KQ053421v1","5610673","5610968","91","571359"
"JH378189","6189012","6189237","KQ058274v1","300327","300497","86","5888685"
"JH378189","6190457","6190743","KQ053421v1","5610673","5610968","78","579784"
"JH378189","6203331","6203428","KQ056493v1","2043382","2043488","43","4159949"
"JH378189","6204026","6204318","KQ053421v1","5610673","5610968","79","593353"
"JH378189","6232364","6232510","KQ058316v1","6194306","6194449","49","38058"
"JH378189","6235468","6235771","KQ058427v1","7786546","7786853","83","1551078"
"JH378189","6238942","6239154","KQ052982v1","2032903","2033097","53","4206039"
"JH378189","6239156","6239271","KQ057781v1","1047045","1047171","43","5192111"
"JH378189","6365434","6365549","KQ055579v1","54828","54918","43","6310606"
"JH378189","6598036","6598212","KQ053081v1","1367902","1368071","49","5230134"
"JH378189","6610056","6610333","KQ053785v1","888769","889063","82","5721287"
"JH378189","6701308","6701619","KQ053421v1","5610673","5610968","81","1090635"
"JH378189","6734674","6734884","KQ053234v1","1414405","1414609","49","5320269"
"JH378189","6765668","6765942","KQ053421v1","5610673","5610968","87","1154995"
"JH378189","6795726","6795894","KQ056064v1","326763","326940","65","6468963"
"JH378189","6805698","6805974","KQ058242v1","595939","596205","105","6209759"
"JH378189","6849404","6849702","KQ055862v1","1305285","1305561","90","5544119"
"JH378189","6863780","6864070","KQ053421v1","5610673","5610968","82","1253107"
"JH378189","6888281","6888558","KQ053421v1","5610673","5610968","86","1277608"
"JH378189","6943853","6944148","KQ053421v1","5610673","5610968","80","1333180"
"JH378189","6963891","6964186","KQ053421v1","5610673","5610968","76","1353218"
"JH378189","7073126","7073429","KQ058427v1","7786546","7786853","79","713420"
"JH378189","7161951","7162242","KQ053421v1","5610673","5610968","77","1551278"
"JH378189","7184642","7184943","KQ058427v1","7786546","7786853","84","601904"
"JH378189","7386757","7387052","KQ053421v1","5610673","5610968","83","1776084"
"JH378189","7438018","7438284","KQ055862v1","1305285","1305561","94","6132733"
"JH378189","7503473","7503774","KQ055862v1","1305285","1305561","83","6198188"
"JH378189","7702247","7702546","KQ053421v1","5610673","5610968","65","2091574"
"JH378189","7866936","7867234","KQ053421v1","5610673","5610968","74","2256263"
"JH378189","7954187","7954476","KQ053421v1","5610673","5610968","71","2343514"
"JH378189","7958181","7958471","KQ053421v1","5610673","5610968","75","2347508"
"JH378189","8121946","8122071","KQ053398v1","2623748","2623879","32","5498198"
"JH378189","8128953","8129088","KQ053398v1","2623748","2623879","35","5505205"
"JH378189","8136045","8136348","KQ058242v1","595939","596205","99","7540106"
"JH378189","8163935","8164242","KQ053421v1","5610673","5610968","87","2553262"
"JH378189","8187336","8187619","KQ053421v1","5610673","5610968","85","2576663"
"JH378189","8190606","8190911","KQ053421v1","5610673","5610968","72","2579933"
"JH378189","8196767","8196886","KQ053398v1","2623748","2623879","40","5573019"
"JH378189","8197268","8197540","KQ055862v1","1305285","1305561","72","6891983"
"JH378189","8239854","8240153","KQ055267v1","513773","514088","82","7726081"
"JH378189","8276340","8276618","KQ058242v1","595939","596205","100","7680401"
"JH378189","8470574","8470873","KQ053421v1","5610673","5610968","84","2859901"
"JH378189","8484215","8484388","KQ058423v1","270754","270928","37","8213461"
"JH378189","8496280","8496567","KQ053421v1","5610673","5610968","82","2885607"
"JH378189","8656091","8656294","KQ052982v1","2032903","2033097","59","6623188"
"JH378189","8656395","8656455","KQ053343v1","1624718","1624766","23","7031677"
"JH378189","8657194","8657385","KQ054179v1","3404435","3404595","56","5252759"
"JH378189","8766862","8767136","KQ054815v1","2215557","2215844","79","6551305"
"JH378189","8828039","8828197","KQ058638v1","1837830","1837985","37","6990209"
"JH378189","8834706","8834999","KQ058242v1","595939","596205","87","8238767"
"JH378189","8907752","8908047","KQ058427v1","7786546","7786853","84","1121206"
"JH378189","8918585","8918890","KQ055352v1","6003171","6003466","74","2915414"
"JH378189","9036506","9036815","KQ055267v1","513773","514088","92","8522733"
"JH378189","9045898","9046209","KQ055267v1","513773","514088","77","8532125"
"JH378189","9077668","9077953","KQ053421v1","5610673","5610968","76","3466995"
"JH378189","9124367","9124658","KQ053421v1","5610673","5610968","71","3513694"
"JH378189","9149334","9149478","KQ054401v1","3363241","3363379","42","5786093"
"JH378189","9212891","9213175","KQ053421v1","5610673","5610968","88","3602218"
"JH378189","9368832","9369141","KQ055267v1","513773","514088","77","8855059"
"JH378189","9458341","9458448","KQ055717v1","1610376","1610476","36","7847965"
"JH378189","9510585","9510854","KQ058242v1","595939","596205","83","8914646"
"JH378189","9563533","9563796","KQ053421v1","5610673","5610968","86","3952860"
"JH378189","9573552","9573826","KQ058242v1","595939","596205","75","8977613"
"JH378189","9596339","9596553","KQ055662v1","1890465","1890674","59","7705874"
"JH378189","9609211","9609512","KQ053421v1","5610673","5610968","74","3998538"
"JH378189","9616119","9616418","KQ053421v1","5610673","5610968","69","4005446"
"JH378189","9621246","9621299","KQ053587v1","1583613","1583661","29","8037633"
"JH378189","9671969","9672269","KQ053421v1","5610673","5610968","75","4061296"
"JH378190","57612","57830","KQ056321v1","575951","576190","79","518339"
"JH378190","87466","87778","KQ055352v1","6003171","6003466","70","5915705"
"JH378190","129449","129737","KQ053421v1","5610673","5610968","84","5481224"
"JH378190","163054","163178","KQ052968v1","13665640","13665790","55","13502586"
"JH378190","186572","186863","KQ053421v1","5610673","5610968","80","5424101"
"JH378190","207865","208138","KQ058339v1","4553625","4553889","86","4345760"
"JH378190","312415","312692","KQ055830v1","661716","661986","93","349301"
"JH378190","388798","389104","KQ053421v1","5610673","5610968","80","5221875"
"JH378190","442636","442935","KQ053421v1","5610673","5610968","69","5168037"
"JH378190","443542","443853","KQ058427v1","7786546","7786853","98","7343004"
"JH378190","444799","444912","KQ055717v1","1610376","1610476","46","1165577"
"JH378190","449543","449818","KQ058242v1","595939","596205","83","146396"
"JH378190","500177","500489","KQ055267v1","513773","514088","79","13596"
"JH378190","569083","569386","KQ053421v1","5610673","5610968","75","5041590"
"JH378190","571267","571574","KQ053421v1","5610673","5610968","84","5039406"
"JH378190","573958","574234","KQ058427v1","6786866","6787134","88","6212908"
"JH378190","596356","596660","KQ055267v1","513773","514088","90","82583"
"JH378190","601777","602083","KQ053421v1","5610673","5610968","84","5008896"
"JH378190","612309","612569","KQ053421v1","5610673","5610968","101","4998364"
"JH378190","638822","639116","KQ053421v1","5610673","5610968","71","4971851"
"JH378190","650871","651179","KQ055352v1","6003171","6003466","74","5352300"
"JH378190","659553","659848","KQ053421v1","5610673","5610968","72","4951120"
"JH378190","662572","662796","KQ053234v1","1414405","1414609","70","751833"
"JH378190","670660","670970","KQ055267v1","513773","514088","71","156887"
"JH378190","680462","680771","KQ055352v1","6003171","6003466","71","5322709"
"JH378190","723516","723790","KQ058242v1","595939","596205","78","127577"
"JH378190","735326","735599","KQ055862v1","1305285","1305561","87","569959"
"JH378190","742441","742737","KQ053421v1","5610673","5610968","77","4868232"
"JH378190","748143","748422","KQ053421v1","5610673","5610968","78","4862530"
"JH378190","863950","864236","KQ055862v1","1305285","1305561","78","441335"
"JH378190","884797","885081","KQ058640v1","643463","643729","75","241334"
"JH378190","887866","888150","KQ053421v1","5610673","5610968","83","4722807"
"JH378190","908833","908960","KQ053398v1","2623748","2623879","29","1714915"
"JH378190","915320","915619","KQ055267v1","513773","514088","80","401547"
"JH378190","979175","979382","KQ056064v1","326763","326940","74","652412"
"JH378190","994736","994988","KQ058339v1","4553625","4553889","72","3558889"
"JH378190","1010015","1010332","KQ055267v1","513773","514088","76","496242"
"JH378190","1086707","1086968","KQ053421v1","5610673","5610968","89","4523966"
"JH378190","1093664","1093787","KQ053398v1","2623748","2623879","40","1530084"
"JH378190","1169016","1169325","KQ055352v1","6003171","6003466","73","4834155"
"JH378190","1189493","1189784","KQ053421v1","5610673","5610968","69","4421180"
"JH378190","1217877","1218141","KQ058242v1","595939","596205","71","621938"
"JH378190","1221759","1222055","KQ053421v1","5610673","5610968","77","4388914"
"JH378190","1223053","1223352","KQ053421v1","5610673","5610968","73","4387620"
"JH378190","1239788","1240012","KQ058274v1","300327","300497","85","939461"
"JH378190","1264039","1264317","KQ055862v1","1305285","1305561","67","41246"
"JH378190","1290010","1290232","KQ058509v1","24058","24271","70","1265952"
"JH378190","1306569","1306862","KQ058242v1","595939","596205","76","710630"
"JH378190","1339965","1340284","KQ055267v1","513773","514088","82","826192"
"JH378190","1374593","1374835","KQ058242v1","595939","596205","76","778654"
"JH378190","1396163","1396327","KQ054510v1","7582269","7582431","40","6186106"
"JH378190","1434350","1434622","KQ058242v1","595939","596205","70","838411"
"JH378190","1452859","1453157","KQ053421v1","5610673","5610968","77","4157814"
"JH378190","1485753","1486025","KQ058242v1","595939","596205","74","889814"
"JH378190","1524687","1524975","KQ053421v1","5610673","5610968","75","4085986"
"JH378190","1574703","1574851","KQ053398v1","2623748","2623879","45","1049045"
"JH378190","1678676","1678970","KQ053421v1","5610673","5610968","76","3931997"
"JH378190","1715467","1715761","KQ053421v1","5610673","5610968","67","3895206"
"JH378190","1726321","1726619","KQ053421v1","5610673","5610968","67","3884352"
"JH378190","1726789","1727084","KQ053421v1","5610673","5610968","67","3883884"
"JH378190","1788570","1788866","KQ053421v1","5610673","5610968","69","3822103"
"JH378190","1795084","1795378","KQ053421v1","5610673","5610968","76","3815589"
"JH378190","1820184","1820496","KQ055267v1","513773","514088","72","1306411"
"JH378190","1953264","1953563","KQ053421v1","5610673","5610968","73","3657409"
"JH378190","2008798","2009108","KQ055267v1","513773","514088","73","1495025"
"JH378190","2049575","2049870","KQ053421v1","5610673","5610968","80","3561098"
"JH378190","2192878","2193173","KQ053421v1","5610673","5610968","70","3417795"
"JH378190","2776829","2776936","KQ053004v1","3064551","3064681","47","287722"
"JH378190","2817072","2817376","KQ053421v1","5610673","5610968","80","2793601"
"JH378190","2899910","2900086","KQ058350v1","9514178","9514352","47","6614268"
"JH378190","2956332","2956584","KQ058242v1","595939","596205","67","2360393"
"JH378190","3203455","3203758","KQ053421v1","5610673","5610968","71","2407218"
"JH378190","3313372","3313671","KQ053421v1","5610673","5610968","85","2297301"
"JH378190","3578315","3578596","KQ058427v1","6786866","6787134","91","3208551"
"JH378190","3595273","3595576","KQ055352v1","6003171","6003466","74","2407898"
"JH378190","3641222","3641429","KQ055662v1","1890465","1890674","61","1750757"
"JH378190","3665149","3665442","KQ053421v1","5610673","5610968","81","1945524"
"JH378190","3937492","3937643","KQ056911v1","1421731","1421862","56","2515761"
"JH378190","3952487","3952783","KQ053421v1","5610673","5610968","82","1658186"
"JH378190","4152288","4152593","KQ053421v1","5610673","5610968","81","1458385"
"JH378190","4414080","4414366","KQ053421v1","5610673","5610968","71","1196593"
"JH378190","4668220","4668444","KQ058274v1","300327","300497","86","4367893"
"JH378190","4795786","4796039","KQ058242v1","595939","596205","70","4199847"
"JH378190","4846995","4847296","KQ053421v1","5610673","5610968","81","763678"
"JH378190","4868112","4868262","KQ054401v1","3363241","3363379","46","1504871"
"JH378190","4873383","4873654","KQ053421v1","5610673","5610968","85","737290"
"JH378190","4912795","4913103","KQ053421v1","5610673","5610968","81","697878"
"JH378190","4995123","4995243","KQ053398v1","2623748","2623879","41","2371375"
"JH378190","5004965","5005271","KQ055267v1","513773","514088","85","4491192"
"JH378190","5027719","5027813","KQ056235v1","1266284","1266361","37","3761435"
"JH378190","5046208","5046492","KQ053421v1","5610673","5610968","80","564465"
"JH378190","5050523","5050826","KQ053421v1","5610673","5610968","70","560150"
"JH378190","5076270","5076568","KQ053421v1","5610673","5610968","77","534403"
"JH378190","5111809","5112095","KQ055862v1","1305285","1305561","71","3806524"
"JH378190","5149668","5149972","KQ053421v1","5610673","5610968","76","461005"
"JH378190","5165301","5165606","KQ053421v1","5610673","5610968","77","445372"
"JH378190","5172938","5173245","KQ053421v1","5610673","5610968","70","437735"
"JH378190","5275369","5275661","KQ053421v1","5610673","5610968","74","335304"
"JH378190","5293002","5293311","KQ055352v1","6003171","6003466","69","710169"
"JH378190","5302395","5302688","KQ053421v1","5610673","5610968","76","308278"
"JH378190","5310183","5310471","KQ058394v1","9655127","9655422","90","4344944"
"JH378190","5318858","5319171","KQ053421v1","5610673","5610968","85","291815"
"JH378190","5346132","5346417","KQ053421v1","5610673","5610968","73","264541"
"JH378190","5354935","5355227","KQ053421v1","5610673","5610968","86","255738"
"JH378190","5382399","5382690","KQ053421v1","5610673","5610968","72","228274"
"JH378190","5523274","5523572","KQ053421v1","5610673","5610968","90","87399"
"JH378190","5579168","5579468","KQ053421v1","5610673","5610968","78","31505"
"JH378190","5606310","5606606","KQ055267v1","513773","514088","84","5092537"
"JH378190","5624543","5624790","KQ058242v1","595939","596205","85","5028604"
"JH378190","5643366","5643674","KQ055267v1","513773","514088","73","5129593"
"JH378190","5682239","5682542","KQ053421v1","5610673","5610968","73","71566"
"JH378190","5683942","5684227","KQ053421v1","5610673","5610968","93","73269"
"JH378190","5684884","5685169","KQ058339v1","4553625","4553889","89","1131259"
"JH378190","5688751","5688919","KQ056147v1","2861940","2862121","54","2826811"
"JH378190","5691968","5692177","KQ058274v1","300327","300497","77","5391641"
"JH378190","5704982","5705271","KQ058640v1","643463","643729","84","5061519"
"JH378190","5705890","5706202","KQ058427v1","7786546","7786853","74","2080656"
"JH378190","5707803","5708102","KQ053421v1","5610673","5610968","67","97130"
"JH378190","5741098","5741399","KQ053421v1","5610673","5610968","65","130425"
"JH378190","5748512","5748795","KQ058427v1","7786546","7786853","92","2038034"
"JH378190","5790864","5791163","KQ053421v1","5610673","5610968","75","180191"
"JH378190","6009238","6009532","KQ058242v1","595939","596205","85","5413299"
"JH378190","6059095","6059223","KQ053398v1","2623748","2623879","35","3435347"
"JH378190","6265479","6265790","KQ055267v1","513773","514088","69","5751706"
"JH378190","6273103","6273414","KQ058427v1","7786546","7786853","78","1513443"
"JH378190","6389769","6390052","KQ053421v1","5610673","5610968","75","779096"
"JH378190","6390258","6390423","KQ058594v1","2771639","2771800","40","3618619"
"JH378190","6444098","6444251","KQ053398v1","2627781","2627909","54","3816317"
"JH378190","6639652","6639944","KQ053421v1","5610673","5610968","73","1028979"
"JH378190","6666879","6667170","KQ053421v1","5610673","5610968","72","1056206"
"JH378190","6744637","6744770","KQ053398v1","2623748","2623879","40","4120889"
"JH378190","6744771","6744832","KQ054444v1","39690","39742","19","6705081"
"JH378190","6752564","6752867","KQ053421v1","5610673","5610968","83","1141891"
"JH378190","6769280","6769471","KQ058594v1","5950443","5950621","55","818837"
"JH378190","6782455","6782750","KQ053421v1","5610673","5610968","75","1171782"
"JH378190","6821343","6821525","KQ056147v1","2861940","2862121","43","3959403"
"JH378190","6867482","6867800","KQ053421v1","5610673","5610968","87","1256809"
"JH378190","6880120","6880420","KQ053421v1","5610673","5610968","77","1269447"
"JH378190","6892248","6892546","KQ053421v1","5610673","5610968","72","1281575"
"JH378190","6940521","6940812","KQ053421v1","5610673","5610968","84","1329848"
"JH378190","6973352","6973685","KQ055267v1","513773","514088","96","6459579"
"JH378190","6992437","6992754","KQ053421v1","5610673","5610968","104","1381764"
"JH378190","7011318","7011623","KQ053421v1","5610673","5610968","70","1400645"
"JH378190","7088899","7089156","KQ058242v1","595939","596205","94","6492960"
"JH378190","7098615","7098912","KQ053421v1","5610673","5610968","72","1487942"
"JH378190","7388447","7388745","KQ053421v1","5610673","5610968","69","1777774"
"JH378190","7448153","7448454","KQ053421v1","5610673","5610968","73","1837480"
"JH378190","7533167","7533450","KQ055862v1","1305285","1305561","80","6227882"
"JH378190","8105867","8106174","KQ053421v1","5610673","5610968","84","2495194"
"JH378190","8163012","8163142","KQ053398v1","2627781","2627909","45","5535231"
"JH378190","8171087","8171391","KQ053421v1","5610673","5610968","71","2560414"
"JH378190","8192885","8193180","KQ053421v1","5610673","5610968","72","2582212"
"JH378190","8200873","8201185","KQ058427v1","7786546","7786853","73","414327"
"JH378190","8214430","8214703","KQ057901v1","868884","869144","81","7345546"
"JH378190","8215795","8216073","KQ053785v1","888769","889063","83","7327026"
"JH378190","8218933","8219230","KQ053421v1","5610673","5610968","75","2608260"
"JH378190","8304957","8305189","KQ053234v1","1414405","1414609","77","6890552"
"JH378190","8320800","8320950","KQ053398v1","2623748","2623879","47","5697052"
"JH378190","8331105","8331323","KQ058274v1","300327","300497","80","8030778"
"JH378190","8333379","8333611","KQ058242v1","595939","596205","78","7737440"
"JH378190","8338856","8339144","KQ053421v1","5610673","5610968","70","2728183"
"JH378190","8354257","8354551","KQ053421v1","5610673","5610968","76","2743584"
"JH378190","8519709","8519996","KQ053421v1","5610673","5610968","77","2909036"
"JH378190","8737799","8738045","KQ058242v1","595939","596205","84","8141860"
"JH378190","8750771","8751004","KQ058242v1","595939","596205","89","8154832"
"JH378190","8835275","8835552","KQ057186v1","783828","784085","80","8051447"
"JH378190","8860930","8861065","KQ057161v1","453350","453459","43","8407580"
"JH378190","8916374","8916649","KQ058640v1","643463","643729","90","8272911"
"JH378190","8959776","8960042","KQ057901v1","868884","869144","88","8090892"
"JH378190","8998409","8998717","KQ055267v1","513773","514088","80","8484636"
"JH378190","9051923","9052226","KQ058427v1","7786546","7786853","76","1265377"
"JH378190","9055030","9055231","KQ056064v1","326763","326940","79","8728267"
"JH378190","9057422","9057702","KQ053421v1","5610673","5610968","83","3446749"
"JH378190","9059585","9059716","KQ053398v1","2623748","2623879","33","6435837"
"JH378190","9075027","9075121","KQ056279v1","759081","759162","27","8315946"
"JH378190","9081361","9081659","KQ058427v1","7786546","7786853","78","1294815"
"JH378190","9085639","9085924","KQ058394v1","9655127","9655422","85","569488"
"JH378190","9099673","9099991","KQ053135v1","5034940","5035266","97","4064733"
"JH378190","9102905","9103107","KQ055140v1","659740","659924","66","8443165"
"JH378190","9103110","9103401","KQ053421v1","5610673","5610968","75","3492437"
"JH378190","9146288","9146424","KQ058316v1","6194306","6194449","48","2951982"
"JH378190","9205671","9205855","KQ058274v1","300327","300497","58","8905344"
"JH378190","9212350","9212599","KQ056321v1","575951","576190","79","8636399"
"JH378190","9223679","9223729","KQ053827v1","2325611","2325650","25","6898068"
"JH378190","9232778","9233058","KQ055862v1","1305285","1305561","88","7927493"
"JH378190","9235356","9235652","KQ053421v1","5610673","5610968","86","3624683"
"JH378190","9254720","9254765","KQ057909v1","13179999","13180035","20","3925279"
"JH378190","9254833","9254924","KQ056235v1","1266284","1266361","41","7988549"
"JH378190","9257932","9258193","KQ058242v1","595939","596205","85","8661993"
"JH378190","9279484","9279809","KQ055352v1","6003171","6003466","89","3276313"
"JH378190","9302985","9303283","KQ055267v1","513773","514088","78","8789212"
"JH378190","9343833","9344019","KQ058594v1","5950443","5950621","54","3393390"
"JH378190","9420942","9421188","KQ056321v1","575951","576190","72","8844991"
"JH378190","9433833","9434033","KQ055662v1","1890465","1890674","65","7543368"
"JH378190","9461928","9462223","KQ053421v1","5610673","5610968","79","3851255"
"JH378190","9470757","9470957","KQ057449v1","1214348","1214489","83","8256409"
"JH378190","9485693","9486006","KQ053421v1","5610673","5610968","84","3875020"
"JH378190","9517538","9517675","KQ054401v1","3363241","3363379","40","6154297"
"JH378191","12460","12738","KQ057186v1","783828","784085","86","771368"
"JH378191","28530","28800","KQ053421v1","5610673","5610968","87","5582143"
"JH378191","37293","37565","KQ058242v1","595939","596205","80","558646"
"JH378191","38943","39163","KQ058274v1","300327","300497","86","261384"
"JH378191","116161","116449","KQ053421v1","5610673","5610968","73","5494512"
"JH378191","206089","206365","KQ053421v1","5610673","5610968","89","5404584"
"JH378191","221211","221507","KQ053421v1","5610673","5610968","68","5389462"
"JH378191","262906","263202","KQ053421v1","5610673","5610968","69","5347767"
"JH378191","382641","382941","KQ053135v1","5034940","5035266","96","4652299"
"JH378191","520029","520278","KQ058242v1","595939","596205","79","75910"
"JH378191","644771","645085","KQ055267v1","513773","514088","74","130998"
"JH378191","655570","655870","KQ053421v1","5610673","5610968","65","4955103"
"JH378191","712327","712627","KQ058427v1","7786546","7786853","84","7074219"
"JH378191","725536","725845","KQ058427v1","7786546","7786853","76","7061010"
"JH378191","727041","727328","KQ055352v1","6003171","6003466","79","5276130"
"JH378191","737199","737501","KQ053421v1","5610673","5610968","79","4873474"
"JH378191","740248","740558","KQ058427v1","7786546","7786853","75","7046298"
"JH378191","762054","762339","KQ058242v1","595939","596205","78","166115"
"JH378191","763289","763510","KQ055662v1","1890465","1890674","77","1127176"
"JH378191","768109","768399","KQ053421v1","5610673","5610968","79","4842564"
"JH378191","782011","782285","KQ058242v1","595939","596205","76","186072"
"JH378191","790423","790725","KQ053421v1","5610673","5610968","85","4820250"
"JH378191","805949","806255","KQ055352v1","6003171","6003466","71","5197222"
"JH378191","809504","809636","KQ053398v1","2623748","2623879","35","1814244"
"JH378191","817778","818067","KQ053421v1","5610673","5610968","81","4792895"
"JH378191","933063","933351","KQ053421v1","5610673","5610968","74","4677610"
"JH378191","1131203","1131483","KQ053785v1","888769","889063","71","242434"
"JH378191","1148231","1148527","KQ055862v1","1305285","1305561","81","157054"
"JH378191","1189214","1189518","KQ053421v1","5610673","5610968","76","4421459"
"JH378191","1196363","1196574","KQ052982v1","2032903","2033097","66","836540"
"JH378191","1241817","1242082","KQ057186v1","783828","784085","75","457989"
"JH378191","1352474","1352791","KQ055267v1","513773","514088","87","838701"
"JH378191","1404798","1405018","KQ058274v1","300327","300497","80","1104471"
"JH378191","1431852","1432159","KQ053421v1","5610673","5610968","76","4178821"
"JH378191","1457461","1457661","KQ056005v1","1024192","1024395","54","433269"
"JH378191","1534152","1534427","KQ053785v1","888769","889063","86","645383"
"JH378191","1548908","1549220","KQ053421v1","5610673","5610968","84","4061765"
"JH378191","1560923","1561233","KQ053421v1","5610673","5610968","76","4049750"
"JH378191","1584080","1584278","KQ058594v1","5950443","5950621","75","4366363"
"JH378191","1602734","1603034","KQ053421v1","5610673","5610968","77","4007939"
"JH378191","1846101","1846406","KQ055267v1","513773","514088","79","1332328"
"JH378191","1939524","1939814","KQ053421v1","5610673","5610968","90","3671149"
"JH378191","2055792","2056012","KQ058594v1","5950443","5950621","74","3894651"
"JH378191","2057522","2057642","KQ053398v1","2623748","2623879","43","566226"
"JH378191","2077415","2077688","KQ053421v1","5610673","5610968","89","3533258"
"JH378191","2086152","2086450","KQ053421v1","5610673","5610968","77","3524521"
"JH378191","2129384","2129681","KQ058427v1","7786546","7786853","95","5657162"
"JH378191","2159212","2159503","KQ058339v1","4553625","4553889","78","2394413"
"JH378191","2164679","2164979","KQ053421v1","5610673","5610968","94","3445994"
"JH378191","2179564","2179859","KQ053421v1","5610673","5610968","71","3431109"
"JH378191","2192117","2192415","KQ055267v1","513773","514088","79","1678344"
"JH378191","2245131","2245301","KQ058423v1","270754","270928","57","1974377"
"JH378191","2266459","2266550","KQ056235v1","1266284","1266361","33","1000175"
"JH378191","2309501","2309790","KQ053421v1","5610673","5610968","79","3301172"
"JH378191","2336652","2336791","KQ054401v1","3363241","3363379","47","1026589"
"JH378191","2387065","2387342","KQ055352v1","6003171","6003466","95","3616106"
"JH378191","2527748","2527950","ABDC02053644v1","2226","2419","73","2525522"
"JH378191","2567185","2567486","KQ053421v1","5610673","5610968","91","3043488"
"JH378191","2741856","2742171","KQ053421v1","5610673","5610968","80","2868817"
"JH378191","2806762","2807070","KQ055267v1","513773","514088","85","2292989"
"JH378191","2924024","2924335","KQ053421v1","5610673","5610968","79","2686649"
"JH378191","2996587","2996849","KQ058242v1","595939","596205","89","2400648"
"JH378191","3196983","3197306","KQ053135v1","5034940","5035266","104","1837957"
"JH378191","3274590","3274903","KQ058427v1","7786546","7786853","81","4511956"
"JH378191","3567065","3567343","KQ055862v1","1305285","1305561","73","2261780"
"JH378191","3581154","3581378","KQ058274v1","300327","300497","87","3280827"
"JH378191","3588666","3588945","KQ053421v1","5610673","5610968","87","2022007"
"JH378191","3602997","3603269","KQ058339v1","4553625","4553889","75","950628"
"JH378191","3662821","3663068","KQ058242v1","595939","596205","79","3066882"
"JH378191","3684526","3684812","KQ055862v1","1305285","1305561","85","2379241"
"JH378191","3836275","3836585","KQ058427v1","7786546","7786853","79","3950271"
"JH378191","3874639","3874927","KQ053421v1","5610673","5610968","79","1736034"
"JH378191","3902439","3902702","KQ055862v1","1305285","1305561","85","2597154"
"JH378191","3946222","3946521","KQ053421v1","5610673","5610968","76","1664451"
"JH378191","3947905","3948179","KQ053421v1","5610673","5610968","95","1662768"
"JH378191","3979135","3979280","KQ053267v1","1313653","1313811","42","2665482"
"JH378191","4043522","4043803","KQ053421v1","5610673","5610968","77","1567151"
"JH378191","4145548","4145846","KQ053421v1","5610673","5610968","78","1465125"
"JH378191","4161323","4161645","KQ055267v1","513773","514088","92","3647550"
"JH378191","4196779","4197059","KQ058242v1","595939","596205","73","3600840"
"JH378191","4201582","4201908","KQ053421v1","5610673","5610968","98","1409091"
"JH378191","4678475","4678776","KQ058427v1","7786546","7786853","83","3108071"
"JH378191","4865060","4865294","KQ058242v1","595939","596205","83","4269121"
"JH378191","5016570","5016886","KQ055267v1","513773","514088","106","4502797"
"JH378191","5018199","5018504","KQ055352v1","6003171","6003466","66","984972"
"JH378191","5349752","5350044","KQ053421v1","5610673","5610968","77","260921"
"JH378191","5547729","5548046","KQ053421v1","5610673","5610968","91","62944"
"JH378191","5572836","5573065","KQ056064v1","326763","326940","84","5246073"
"JH378191","5610042","5610338","KQ058427v1","7786546","7786853","84","2176504"
"JH378191","5696553","5696849","KQ053421v1","5610673","5610968","65","85880"
"JH378191","5721991","5722266","KQ055862v1","1305285","1305561","87","4416706"
"JH378191","5758798","5759084","KQ058640v1","643463","643729","72","5115335"
"JH378191","5821637","5821923","KQ058242v1","595939","596205","102","5225698"
"JH378191","5953494","5953792","KQ053421v1","5610673","5610968","70","342821"
"JH378191","5959207","5959505","KQ053421v1","5610673","5610968","91","348534"
"JH378191","5980595","5980899","KQ053421v1","5610673","5610968","71","369922"
"JH378191","6059577","6059884","KQ053421v1","5610673","5610968","82","448904"
"JH378191","6134925","6135211","KQ058339v1","4553625","4553889","86","1581300"
"JH378191","6278277","6278568","KQ053421v1","5610673","5610968","79","667604"
"JH378191","6348122","6348434","KQ058427v1","7786546","7786853","79","1438424"
"JH378191","6659985","6660078","KQ055214v1","1493444","1493515","45","5166541"
"JH378191","6660120","6660195","KQ055903v1","238545","238616","23","6421575"
"JH378191","6694391","6694709","KQ055267v1","513773","514088","83","6180618"
"JH378191","6774788","6775119","KQ053059v1","2548766","2549102","105","4226022"
"JH378191","7104080","7104385","KQ053421v1","5610673","5610968","92","1493407"
"JH378191","7376976","7377286","KQ058427v1","7786546","7786853","77","409570"
"JH378191","7377600","7377914","KQ058427v1","7786546","7786853","86","408946"
"JH378191","7425891","7426182","KQ053421v1","5610673","5610968","74","1815218"
"JH378191","7479242","7479562","KQ053421v1","5610673","5610968","86","1868569"
"JH378191","7735346","7735632","KQ053421v1","5610673","5610968","86","2124673"
"JH378191","8469533","8469840","KQ053421v1","5610673","5610968","74","2858860"
"JH378191","8635339","8635658","KQ053421v1","5610673","5610968","95","3024666"
"JH378191","8687473","8687792","KQ055267v1","513773","514088","83","8173700"
"JH378191","8800495","8800793","KQ053421v1","5610673","5610968","84","3189822"
"JH378191","8883014","8883203","KQ054954v1","1680710","1680882","55","7202304"
"JH378191","8983265","8983558","KQ053421v1","5610673","5610968","85","3372592"
"JH378191","9004722","9004938","KQ055662v1","1890465","1890674","65","7114257"
"JH378191","9135053","9135345","KQ053421v1","5610673","5610968","71","3524380"
"JH378191","9157949","9158257","KQ053421v1","5610673","5610968","69","3547276"
"JH378191","9190127","9190397","KQ058339v1","4553625","4553889","85","4636502"
"JH378191","9237707","9237863","KQ054179v1","3404435","3404595","43","5833272"
"JH378191","9315142","9315441","KQ055267v1","513773","514088","81","8801369"
"JH378192","558259","558570","KQ055267v1","513773","514088","71","44486"
"JH378192","899210","899517","KQ055267v1","513773","514088","76","385437"
"JH378192","944898","945199","KQ055352v1","6003171","6003466","68","5058273"
"JH378192","1096341","1096650","KQ055352v1","6003171","6003466","76","4906830"
"JH378192","1127670","1127943","KQ053421v1","5610673","5610968","95","4483003"
"JH378192","1219041","1219309","KQ058242v1","595939","596205","70","623102"
"JH378192","1424957","1425266","KQ053421v1","5610673","5610968","69","4185716"
"JH378192","1445035","1445325","KQ058242v1","595939","596205","102","849096"
"JH378192","1556668","1556967","KQ053421v1","5610673","5610968","68","4054005"
"JH378192","1570108","1570417","KQ053421v1","5610673","5610968","86","4040565"
"JH378192","1712064","1712375","KQ055352v1","6003171","6003466","73","4291107"
"JH378192","2093876","2094112","KQ058242v1","595939","596205","83","1497937"
"JH378192","2119788","2120099","KQ055352v1","6003171","6003466","74","3883383"
"JH378192","2149334","2149618","KQ053421v1","5610673","5610968","79","3461339"
"JH378192","2215458","2215769","KQ055267v1","513773","514088","74","1701685"
"JH378192","2217129","2217440","KQ055352v1","6003171","6003466","74","3786042"
"JH378192","2269740","2270051","KQ055352v1","6003171","6003466","70","3733431"
"JH378192","2625944","2626255","KQ055352v1","6003171","6003466","71","3377227"
"JH378192","2786767","2787076","KQ055352v1","6003171","6003466","69","3216404"
"JH378192","2800736","2801042","KQ053421v1","5610673","5610968","76","2809937"
"JH378192","2809990","2810318","KQ053421v1","5610673","5610968","99","2800683"
"JH378192","2830471","2830809","KQ055267v1","513773","514088","95","2316698"
"JH378192","2953350","2953655","KQ053421v1","5610673","5610968","72","2657323"
"JH378192","3175684","3175993","KQ055267v1","513773","514088","73","2661911"
"JH378192","3194727","3195016","KQ053421v1","5610673","5610968","72","2415946"
"JH378192","3279502","3279802","KQ053421v1","5610673","5610968","75","2331171"
"JH378192","3280141","3280439","KQ053421v1","5610673","5610968","71","2330532"
"JH378192","3300595","3300641","KQ053234v1","1679807","1679838","24","1620788"
"JH378192","3333507","3333721","KQ052982v1","2032903","2033097","73","1300604"
"JH378192","3346642","3346936","KQ053421v1","5610673","5610968","74","2264031"
"JH378192","3359661","3359971","KQ058427v1","7786546","7786853","75","4426885"
"JH378192","3368693","3368991","KQ055267v1","513773","514088","85","2854920"
"JH378192","3398488","3398793","KQ055352v1","6003171","6003466","69","2604683"
"JH378192","3409721","3410009","KQ053421v1","5610673","5610968","86","2200952"
"JH378192","3610250","3610565","KQ055352v1","6003171","6003466","93","2392921"
"JH378192","3692028","3692331","KQ053421v1","5610673","5610968","72","1918645"
"JH378192","3787668","3787966","KQ053421v1","5610673","5610968","68","1823005"
"JH378192","3843570","3843867","KQ053421v1","5610673","5610968","70","1767103"
"JH378192","3979458","3979753","KQ053421v1","5610673","5610968","99","1631215"
"JH378192","4190299","4190599","KQ053421v1","5610673","5610968","71","1420374"
"JH378192","4196204","4196517","KQ055352v1","6003171","6003466","73","1806967"
"JH378192","4260966","4261249","KQ057901v1","868884","869144","95","3392082"
"JH378192","4342374","4342615","KQ058640v1","643463","643729","94","3698911"
"JH378192","4704836","4705124","KQ055862v1","1305285","1305561","81","3399551"
"JH378192","4720397","4720705","KQ055267v1","513773","514088","73","4206624"
"JH378192","5212532","5212829","KQ053421v1","5610673","5610968","69","398141"
"JH378192","5247037","5247341","KQ058427v1","7786546","7786853","79","2539509"
"JH378192","5279126","5279430","KQ053421v1","5610673","5610968","73","331547"
"JH378192","5290893","5291194","KQ058427v1","7786546","7786853","76","2495653"
"JH378192","5308346","5308656","KQ055267v1","513773","514088","72","4794573"
"JH378192","5326796","5327053","KQ058242v1","595939","596205","82","4730857"
"JH378192","5330309","5330593","KQ053421v1","5610673","5610968","78","280364"
"JH378192","5365610","5365903","KQ055862v1","1305285","1305561","81","4060325"
"JH378192","5386770","5386900","KQ053398v1","2623748","2623879","33","2763022"
"JH378192","5401182","5401474","KQ053421v1","5610673","5610968","69","209491"
"JH378192","5407894","5408182","KQ053421v1","5610673","5610968","66","202779"
"JH378192","5432994","5433234","KQ058242v1","595939","596205","86","4837055"
"JH378192","5488584","5488877","KQ053421v1","5610673","5610968","79","122089"
"JH378192","5488956","5489256","KQ053421v1","5610673","5610968","68","121717"
"JH378192","5493273","5493578","KQ055352v1","6003171","6003466","77","509898"
"JH378192","5515014","5515317","KQ055352v1","6003171","6003466","73","488157"
"JH378192","5623672","5623823","KQ057821v1","3059321","3059481","43","2564351"
"JH378192","5791723","5792030","KQ053421v1","5610673","5610968","73","181050"
"JH378192","5802853","5803179","KQ053059v1","2548766","2549102","91","3254087"
"JH378192","5875688","5875991","KQ053421v1","5610673","5610968","79","265015"
"JH378192","5930435","5930747","KQ055267v1","513773","514088","95","5416662"
"JH378192","5955383","5955538","KQ053093v1","1668172","1668343","49","4287211"
"JH378192","5955781","5955911","KQ053398v1","2623748","2623879","36","3332033"
"JH378192","6450687","6450997","KQ053421v1","5610673","5610968","77","840014"
"JH378192","6999790","7000000","KQ058509v1","24058","24271","72","6975732"
"JH378192","7416784","7417067","KQ053785v1","888769","889063","86","6528015"
"JH378192","7461369","7461668","KQ053421v1","5610673","5610968","91","1850696"
"JH378192","7696379","7696691","KQ055267v1","513773","514088","74","7182606"
"JH378192","7700808","7700980","KQ053993v1","1251070","1251235","54","6449738"
"JH378192","7764086","7764323","KQ058242v1","595939","596205","90","7168147"
"JH378192","7809167","7809422","KQ058427v1","6786866","6787134","89","1022301"
"JH378192","7809581","7809881","KQ053421v1","5610673","5610968","73","2198908"
"JH378192","7816216","7816520","KQ053421v1","5610673","5610968","89","2205543"
"JH378192","8001141","8001446","KQ055352v1","6003171","6003466","67","1997970"
"JH378192","8034175","8034486","KQ053421v1","5610673","5610968","75","2423502"
"JH378192","8047732","8048043","KQ055267v1","513773","514088","72","7533959"
"JH378192","8072913","8073211","KQ055267v1","513773","514088","91","7559140"
"JH378192","8147073","8147371","KQ053421v1","5610673","5610968","71","2536400"
"JH378192","8204070","8204207","KQ053398v1","2623748","2623879","56","5580322"
"JH378192","8214081","8214388","KQ055352v1","6003171","6003466","71","2210910"
"JH378192","8221753","8221856","KQ053998v1","8863","8933","47","8212890"
"JH378192","8275455","8275655","KQ053234v1","1414405","1414609","44","6861050"
"JH378192","8276228","8276338","KQ055717v1","1610376","1610476","42","6665852"
"JH378192","8316127","8316419","KQ053421v1","5610673","5610968","72","2705454"
"JH378192","8344965","8345287","KQ053059v1","2548766","2549102","91","5796199"
"JH378192","8438468","8438771","KQ053421v1","5610673","5610968","81","2827795"
"JH378192","8441391","8441671","KQ053421v1","5610673","5610968","82","2830718"
"JH378192","8459646","8459945","KQ053421v1","5610673","5610968","70","2848973"
"JH378192","8464147","8464448","KQ053421v1","5610673","5610968","70","2853474"
"JH378192","8467955","8468250","KQ053421v1","5610673","5610968","78","2857282"
"JH378192","8500997","8501301","KQ058242v1","595939","596205","91","7905058"
"JH378192","8510994","8511278","KQ053421v1","5610673","5610968","83","2900321"
"JH378192","8514903","8515204","KQ053421v1","5610673","5610968","70","2904230"
"JH378192","8579042","8579366","KQ055352v1","6003171","6003466","84","2575871"
"JH378192","8609704","8610002","KQ053421v1","5610673","5610968","65","2999031"
"JH378192","8620340","8620625","KQ053421v1","5610673","5610968","81","3009667"
"JH378192","8623700","8624009","KQ055352v1","6003171","6003466","76","2620529"
"JH378192","8662535","8662831","KQ053421v1","5610673","5610968","70","3051862"
"JH378192","8676615","8676917","KQ053421v1","5610673","5610968","66","3065942"
"JH378192","8709562","8709864","KQ053421v1","5610673","5610968","69","3098889"
"JH378192","8714193","8714493","KQ053421v1","5610673","5610968","72","3103520"
"JH378192","8715802","8716082","KQ058339v1","4553625","4553889","80","4162177"
"JH378192","8774401","8774711","KQ053421v1","5610673","5610968","75","3163728"
"JH378192","8786061","8786339","KQ058242v1","595939","596205","87","8190122"
"JH378192","8807719","8808026","KQ053421v1","5610673","5610968","73","3197046"
"JH378192","8815401","8815491","KQ056235v1","1266284","1266361","25","7549117"
"JH378192","8838973","8839161","KQ058594v1","5950443","5950621","65","2888530"
"JH378192","8851304","8851588","KQ053421v1","5610673","5610968","76","3240631"
"JH378192","8868660","8868976","KQ058427v1","7786546","7786853","88","1082114"
"JH378192","8913231","8913549","KQ055352v1","6003171","6003466","97","2910060"
"JH378192","8987810","8988111","KQ053421v1","5610673","5610968","72","3377137"
"JH378192","9227615","9227753","KQ054401v1","3363241","3363379","35","5864374"
"JH378192","9240878","9241172","KQ053421v1","5610673","5610968","73","3630205"
"JH378193","786212","786510","KQ053421v1","5610673","5610968","71","4824461"
"JH378193","1703691","1704000","KQ053421v1","5610673","5610968","74","3906982"
"JH378193","273833","274122","KQ055352v1","6003171","6003466","106","5729338"
"JH378193","366105","366401","KQ053421v1","5610673","5610968","74","5244568"
"JH378193","373591","373717","KQ053398v1","2623748","2623879","33","2250157"
"JH378193","484022","484310","KQ055352v1","6003171","6003466","83","5519149"
"JH378193","531119","531197","KQ056235v1","1266284","1266361","26","735165"
"JH378193","531197","531295","KQ056493v1","2043382","2043488","43","1512185"
"JH378193","540083","540336","KQ058242v1","595939","596205","84","55856"
"JH378193","555342","555641","KQ053421v1","5610673","5610968","76","5055331"
"JH378193","561653","561819","KQ058350v1","9514178","9514352","31","8952525"
"JH378193","572455","572750","KQ053421v1","5610673","5610968","81","5038218"
"JH378193","580721","581062","KQ053059v1","2548766","2549102","114","1968045"
"JH378193","582064","582358","KQ053421v1","5610673","5610968","79","5028609"
"JH378193","611886","612104","KQ055662v1","1890465","1890674","61","1278579"
"JH378193","651367","651598","KQ058509v1","24058","24271","77","627309"
"JH378193","656342","656649","KQ055267v1","513773","514088","75","142569"
"JH378193","671259","671487","KQ055662v1","1890465","1890674","71","1219206"
"JH378193","757269","757566","KQ053421v1","5610673","5610968","82","4853404"
"JH378193","771128","771302","KQ058423v1","270754","270928","39","500374"
"JH378193","802963","803275","KQ053421v1","5610673","5610968","84","4807710"
"JH378193","823366","823661","KQ053421v1","5610673","5610968","87","4787307"
"JH378193","975668","975967","KQ053421v1","5610673","5610968","66","4635005"
"JH378193","1073273","1073570","KQ053421v1","5610673","5610968","78","4537400"
"JH378193","1086646","1086959","KQ055352v1","6003171","6003466","80","4916525"
"JH378193","1114250","1114543","KQ053141v1","2860","3159","105","1111390"
"JH378193","1173227","1173520","KQ053421v1","5610673","5610968","84","4437446"
"JH378193","1205707","1206011","KQ058427v1","7786546","7786853","72","6580839"
"JH378193","1263957","1264257","KQ053421v1","5610673","5610968","71","4346716"
"JH378193","1285617","1285880","KQ058427v1","6786866","6787134","83","5501249"
"JH378193","1309695","1309991","KQ053421v1","5610673","5610968","75","4300978"
"JH378193","1350849","1351149","KQ053421v1","5610673","5610968","81","4259824"
"JH378193","1362559","1362856","KQ053421v1","5610673","5610968","75","4248114"
"JH378193","1400272","1400574","KQ053421v1","5610673","5610968","91","4210401"
"JH378193","1413323","1413613","KQ055862v1","1305285","1305561","83","108038"
"JH378193","1428259","1428538","KQ053421v1","5610673","5610968","88","4182414"
"JH378193","1431029","1431328","KQ055267v1","513773","514088","91","917256"
"JH378193","1461765","1462061","KQ053421v1","5610673","5610968","83","4148908"
"JH378193","1485512","1485808","KQ053421v1","5610673","5610968","76","4125161"
"JH378193","1487382","1487680","KQ053421v1","5610673","5610968","88","4123291"
"JH378193","1492596","1492898","KQ053421v1","5610673","5610968","70","4118077"
"JH378193","1529152","1529462","KQ055267v1","513773","514088","75","1015379"
"JH378193","1531961","1532143","ABDC02053644v1","2226","2419","67","1529735"
"JH378193","1532529","1532648","KQ052968v1","13665640","13665790","50","12133111"
"JH378193","1550512","1550642","KQ053398v1","2623748","2623879","31","1073236"
"JH378193","1550879","1550979","KQ058316v1","2226037","2226104","49","675158"
"JH378193","1553318","1553612","KQ053421v1","5610673","5610968","77","4057355"
"JH378193","1570185","1570347","KQ053718v1","2495418","2495575","43","925233"
"JH378193","1581377","1581677","KQ053421v1","5610673","5610968","76","4029296"
"JH378193","1604520","1604794","KQ058242v1","595939","596205","72","1008581"
"JH378193","1679050","1679286","KQ058509v1","24058","24271","70","1654992"
"JH378193","1684584","1684874","KQ053421v1","5610673","5610968","81","3926089"
"JH378193","1701515","1701810","KQ053421v1","5610673","5610968","67","3909158"
"JH378193","1719104","1719405","KQ053421v1","5610673","5610968","70","3891569"
"JH378193","1729871","1730041","KQ053993v1","1251070","1251235","43","478801"
"JH378193","1734530","1734826","KQ055352v1","6003171","6003466","84","4268641"
"JH378193","1741095","1741388","KQ053421v1","5610673","5610968","69","3869578"
"JH378193","1822150","1822448","KQ053421v1","5610673","5610968","69","3788523"
"JH378193","1831212","1831542","KQ058427v1","7786546","7786853","92","5955334"
"JH378193","1911285","1911584","KQ053421v1","5610673","5610968","65","3699388"
"JH378193","1936462","1936768","KQ055352v1","6003171","6003466","74","4066709"
"JH378193","1956148","1956440","KQ053421v1","5610673","5610968","81","3654525"
"JH378193","1973861","1974158","KQ053421v1","5610673","5610968","83","3636812"
"JH378193","2019743","2019997","KQ055717v1","1610777","1611031","84","408966"
"JH378193","2051357","2051682","KQ058427v1","7786546","7786853","95","5735189"
"JH378193","2111372","2111475","KQ056279v1","759081","759162","36","1352291"
"JH378193","2115145","2115284","KQ056911v1","1421731","1421862","33","693414"
"JH378193","2153122","2153419","KQ053421v1","5610673","5610968","75","3457551"
"JH378193","2182024","2182329","KQ053421v1","5610673","5610968","73","3428649"
"JH378193","2217078","2217348","KQ055352v1","6003171","6003466","92","3786093"
"JH378193","2403591","2403790","KQ058274v1","300327","300497","69","2103264"
"JH378193","2408655","2408967","KQ053421v1","5610673","5610968","80","3202018"
"JH378193","2695793","2696027","KQ056321v1","575951","576190","80","2119842"
"JH378193","2702476","2702608","KQ053398v1","2623748","2623879","44","78728"
"JH378193","2724176","2724269","KQ058561v1","4800360","4800424","44","2076184"
"JH378193","2752767","2753051","KQ054815v1","2215557","2215844","77","537210"
"JH378193","2834815","2834939","KQ053398v1","2623748","2623879","40","211067"
"JH378193","2837932","2838222","KQ055862v1","1305285","1305561","75","1532647"
"JH378193","2841500","2841773","KQ058242v1","595939","596205","102","2245561"
"JH378193","2867941","2868221","KQ058339v1","4553625","4553889","76","1685684"
"JH378193","2889038","2889349","KQ053421v1","5610673","5610968","93","2721635"
"JH378193","2918281","2918575","KQ058242v1","595939","596205","88","2322342"
"JH378193","2921802","2922106","KQ053421v1","5610673","5610968","65","2688871"
"JH378193","2982939","2983252","KQ055267v1","513773","514088","77","2469166"
"JH378193","3017623","3017922","KQ053421v1","5610673","5610968","77","2593050"
"JH378193","3037126","3037432","KQ053421v1","5610673","5610968","79","2573547"
"JH378193","3091638","3091860","KQ056321v1","575951","576190","85","2515687"
"JH378193","3115754","3116048","KQ053421v1","5610673","5610968","80","2494919"
"JH378193","3141486","3141775","KQ055862v1","1305285","1305561","92","1836201"
"JH378193","3174682","3174847","KQ058423v1","270754","270928","40","2903928"
"JH378193","3192626","3192840","KQ056064v1","326763","326940","71","2865863"
"JH378193","3193550","3193850","KQ057901v1","868884","869144","102","2324666"
"JH378193","3202056","3202355","KQ053421v1","5610673","5610968","77","2408617"
"JH378193","3208905","3209190","KQ058242v1","595939","596205","79","2612966"
"JH378193","3251355","3251662","KQ053141v1","2860","3159","99","3248495"
"JH378193","3434046","3434334","KQ054713v1","1437239","1437526","83","1996807"
"JH378193","3448399","3448692","KQ053421v1","5610673","5610968","78","2162274"
"JH378193","3619240","3619544","KQ053421v1","5610673","5610968","76","1991433"
"JH378193","3661316","3661594","KQ058640v1","643463","643729","72","3017853"
"JH378193","3673627","3673932","KQ055352v1","6003171","6003466","80","2329544"
"JH378193","3874238","3874532","KQ053421v1","5610673","5610968","83","1736435"
"JH378193","3909733","3909858","KQ053398v1","2623748","2623879","37","1285985"
"JH378193","3942375","3942646","KQ053883v1","6938067","6938331","82","2995692"
"JH378193","4089211","4089502","KQ053421v1","5610673","5610968","67","1521462"
"JH378193","4096584","4096869","KQ055862v1","1305285","1305561","82","2791299"
"JH378193","4102507","4102808","KQ053421v1","5610673","5610968","83","1508166"
"JH378193","4180216","4180486","KQ058242v1","595939","596205","85","3584277"
"JH378193","4219784","4220080","KQ053421v1","5610673","5610968","73","1390889"
"JH378193","4228520","4228831","KQ055267v1","513773","514088","75","3714747"
"JH378193","4235734","4235873","KQ053398v1","2623748","2623879","34","1611986"
"JH378193","4260350","4260650","KQ053421v1","5610673","5610968","60","1350323"
"JH378193","4265787","4266118","KQ053059v1","2548766","2549102","109","1717021"
"JH378193","4266838","4267142","KQ053421v1","5610673","5610968","71","1343835"
"JH378193","4282835","4283144","KQ055267v1","513773","514088","69","3769062"
"JH378193","4284828","4285140","KQ053421v1","5610673","5610968","82","1325845"
"JH378193","4292765","4293061","KQ053421v1","5610673","5610968","70","1317908"
"JH378193","4299945","4300235","KQ053421v1","5610673","5610968","75","1310728"
"JH378193","4315023","4315331","KQ058427v1","7786546","7786853","83","3471523"
"JH378193","4334221","4334520","KQ053421v1","5610673","5610968","68","1276452"
"JH378193","4355690","4355993","KQ055352v1","6003171","6003466","72","1647481"
"JH378193","4393364","4393640","KQ053421v1","5610673","5610968","87","1217309"
"JH378193","4394367","4394659","KQ053421v1","5610673","5610968","70","1216306"
"JH378193","4449308","4449405","KQ055579v1","54828","54918","39","4394480"
"JH378193","4507490","4507789","KQ058427v1","7786546","7786853","83","3279056"
"JH378193","4531247","4531540","KQ053421v1","5610673","5610968","84","1079426"
"JH378193","4547488","4547784","KQ053421v1","5610673","5610968","75","1063185"
"JH378193","4558489","4558773","KQ053421v1","5610673","5610968","85","1052184"
"JH378193","4606130","4606438","KQ055267v1","513773","514088","76","4092357"
"JH378193","4619075","4619361","KQ053421v1","5610673","5610968","72","991598"
"JH378193","4638691","4638980","KQ053421v1","5610673","5610968","69","971982"
"JH378193","4688661","4688941","KQ058242v1","595939","596205","76","4092722"
"JH378193","4693435","4693731","KQ053421v1","5610673","5610968","75","917238"
"JH378193","4736840","4736949","KQ055717v1","1610376","1610476","40","3126464"
"JH378193","4999070","4999374","KQ053421v1","5610673","5610968","71","611603"
"JH378193","5110822","5110924","KQ056493v1","2043382","2043488","47","3067440"
"JH378193","5282804","5283105","KQ053421v1","5610673","5610968","63","327869"
"JH378193","5538886","5539179","KQ058427v1","7786546","7786853","84","2247660"
"JH378193","5651704","5652006","KQ053421v1","5610673","5610968","76","41031"
"JH378193","5763354","5763657","KQ053421v1","5610673","5610968","76","152681"
"JH378193","5772575","5772859","KQ053421v1","5610673","5610968","72","161902"
"JH378193","5776157","5776447","KQ053421v1","5610673","5610968","77","165484"
"JH378193","5779782","5780091","KQ055267v1","513773","514088","84","5266009"
"JH378193","5935778","5936092","KQ055267v1","513773","514088","87","5422005"
"JH378193","5979954","5980236","KQ053421v1","5610673","5610968","75","369281"
"JH378193","6001382","6001677","KQ053421v1","5610673","5610968","87","390709"
"JH378193","6188769","6189060","KQ053421v1","5610673","5610968","76","578096"
"JH378193","6223619","6223915","KQ055267v1","513773","514088","78","5709846"
"JH378193","6295187","6295498","KQ055267v1","513773","514088","80","5781414"
"JH378193","6336841","6337123","KQ054815v1","2215557","2215844","74","4121284"
"JH378193","6337753","6337957","KQ052982v1","2032903","2033097","55","4304850"
"JH378193","6345026","6345318","KQ053421v1","5610673","5610968","75","734353"
"JH378193","6381672","6381979","KQ055267v1","513773","514088","75","5867899"
"JH378193","6423058","6423351","KQ053421v1","5610673","5610968","84","812385"
"JH378193","6466652","6466877","KQ052982v1","2032903","2033097","66","4433749"
"JH378193","6488074","6488308","KQ058242v1","595939","596205","77","5892135"
"JH378193","6518206","6518516","KQ058427v1","7786546","7786853","70","1268340"
"JH378193","6541736","6542046","KQ055267v1","513773","514088","73","6027963"
"JH378193","6598423","6598713","KQ053421v1","5610673","5610968","74","987750"
"JH378193","6626701","6627006","KQ053421v1","5610673","5610968","69","1016028"
"JH378193","6635234","6635435","KQ058594v1","1033101","1033292","44","5602133"
"JH378193","6643495","6643796","KQ053421v1","5610673","5610968","84","1032822"
"JH378193","6659571","6659877","KQ055352v1","6003171","6003466","69","656400"
"JH378193","6665754","6666064","KQ055267v1","513773","514088","75","6151981"
"JH378193","6666776","6667084","KQ055352v1","6003171","6003466","71","663605"
"JH378193","6671504","6671791","KQ053421v1","5610673","5610968","80","1060831"
"JH378193","6679266","6679515","KQ057186v1","783828","784085","68","5895438"
"JH378193","6688258","6688563","KQ055352v1","6003171","6003466","73","685087"
"JH378193","6694097","6694348","KQ058242v1","595939","596205","76","6098158"
"JH378193","6714584","6714713","KQ053398v1","2623748","2623879","34","4090836"
"JH378193","6717517","6717825","KQ055267v1","513773","514088","77","6203744"
"JH378193","6751364","6751511","KQ053398v1","2623748","2623879","43","4127616"
"JH378193","6776156","6776450","KQ053421v1","5610673","5610968","68","1165483"
"JH378193","6846051","6846212","KQ057821v1","3059321","3059481","43","3786730"
"JH378193","6921449","6921681","KQ058242v1","595939","596205","87","6325510"
"JH378193","6951751","6952055","KQ053421v1","5610673","5610968","84","1341078"
"JH378193","7008322","7008649","KQ053421v1","5610673","5610968","97","1397649"
"JH378193","7017193","7017479","KQ053421v1","5610673","5610968","77","1406520"
"JH378193","7052349","7052653","KQ058427v1","7786546","7786853","84","734197"
"JH378193","7170410","7170710","KQ055267v1","513773","514088","74","6656637"
"JH378193","7198586","7198715","KQ053398v1","2623748","2623879","35","4574838"
"JH378193","7199959","7200272","KQ053421v1","5610673","5610968","84","1589286"
"JH378193","7242390","7242677","KQ054815v1","2215557","2215844","85","5026833"
"JH378193","7267982","7268271","KQ053421v1","5610673","5610968","86","1657309"
"JH378193","7271000","7271293","KQ053421v1","5610673","5610968","76","1660327"
"JH378193","7274309","7274605","KQ053421v1","5610673","5610968","69","1663636"
"JH378193","7277950","7278249","KQ055267v1","513773","514088","77","6764177"
"JH378193","7289283","7289584","KQ055352v1","6003171","6003466","73","1286112"
"JH378193","7294813","7295060","KQ058242v1","595939","596205","82","6698874"
"JH378193","7319727","7320043","KQ053421v1","5610673","5610968","86","1709054"
"JH378193","7320046","7320340","KQ053421v1","5610673","5610968","72","1709373"
"JH378193","7329461","7329755","KQ053421v1","5610673","5610968","70","1718788"
"JH378193","7403794","7404095","KQ053421v1","5610673","5610968","68","1793121"
"JH378193","7417249","7417570","KQ058427v1","7786546","7786853","87","369297"
"JH378193","7451664","7451976","KQ058427v1","7786546","7786853","75","334882"
"JH378193","7494281","7494575","KQ053421v1","5610673","5610968","74","1883608"
"JH378193","7510435","7510728","KQ053421v1","5610673","5610968","72","1899762"
"JH378193","7526531","7526838","KQ055352v1","6003171","6003466","69","1523360"
"JH378193","7540117","7540428","KQ053421v1","5610673","5610968","80","1929444"
"JH378193","7545568","7545701","KQ053398v1","2627781","2627909","42","4917787"
"JH378193","7550163","7550462","KQ058242v1","595939","596205","85","6954224"
"JH378193","7568123","7568405","KQ053421v1","5610673","5610968","86","1957450"
"JH378193","7571206","7571437","KQ058274v1","300327","300497","92","7270879"
"JH378193","7577462","7577591","KQ053398v1","2623748","2623879","32","4953714"
"JH378193","7627053","7627355","KQ053421v1","5610673","5610968","66","2016380"
"JH378193","7632584","7632871","KQ053421v1","5610673","5610968","80","2021911"
"JH378193","7677646","7677948","KQ058427v1","7786546","7786853","91","108900"
"JH378193","7804006","7804262","KQ058242v1","595939","596205","77","7208067"
"JH378193","7805755","7806057","KQ058427v1","7786546","7786853","82","19209"
"JH378193","7812979","7813286","KQ053421v1","5610673","5610968","65","2202306"
"JH378193","7825952","7826221","KQ053421v1","5610673","5610968","94","2215279"
"JH378193","7828582","7828881","KQ053421v1","5610673","5610968","98","2217909"
"JH378193","7831289","7831626","KQ055352v1","6003171","6003466","158","1828118"
"JH378193","7847253","7847404","KQ053398v1","2623748","2623879","50","5223505"
"JH378193","7847963","7848103","KQ054401v1","3363241","3363379","36","4484722"
"JH378193","7900325","7900614","KQ058427v1","7786546","7786853","84","113779"
"JH378193","7938366","7938663","KQ053421v1","5610673","5610968","67","2327693"
"JH378193","7951491","7951828","KQ055267v1","513773","514088","106","7437718"
"JH378193","7964112","7964239","KQ055579v1","54828","54918","58","7909284"
"JH378193","8044960","8045236","KQ055862v1","1305285","1305561","88","6739675"
"JH378193","8063177","8063511","KQ058427v1","7786546","7786853","90","276631"
"JH378193","8110965","8111242","KQ058242v1","595939","596205","78","7515026"
"JH378193","8155245","8155538","KQ053421v1","5610673","5610968","74","2544572"
"JH378193","8182124","8182429","KQ053421v1","5610673","5610968","74","2571451"
"JH378193","8194359","8194654","KQ053421v1","5610673","5610968","77","2583686"
"JH378193","8225232","8225508","KQ055862v1","1305285","1305561","83","6919947"
"JH378193","8275886","8276166","KQ053785v1","888769","889063","78","7387117"
"JH378193","8320484","8320783","KQ053421v1","5610673","5610968","78","2709811"
"JH378193","8420714","8421009","KQ053421v1","5610673","5610968","77","2810041"
"JH378193","8423142","8423417","KQ058339v1","4553625","4553889","73","3869517"
"JH378193","8745210","8745501","KQ053421v1","5610673","5610968","75","3134537"
"JH378193","8767691","8768007","KQ055267v1","513773","514088","96","8253918"
"JH378193","8836381","8836669","KQ053421v1","5610673","5610968","79","3225708"
"JH378193","8858926","8859231","KQ053421v1","5610673","5610968","72","3248253"
"JH378193","8865817","8866114","KQ058427v1","7786546","7786853","83","1079271"
"JH378193","8895941","8896226","KQ053421v1","5610673","5610968","89","3285268"
"JH378193","8897998","8898276","KQ055352v1","6003171","6003466","81","2894827"
"JH378193","8906572","8906862","KQ053421v1","5610673","5610968","83","3295899"
"JH378193","8918369","8918638","KQ058242v1","595939","596205","75","8322430"
"JH378193","8920346","8920639","KQ053421v1","5610673","5610968","76","3309673"
"JH378193","8938049","8938352","KQ053421v1","5610673","5610968","71","3327376"
"JH378193","8940596","8940910","KQ053421v1","5610673","5610968","85","3329923"
"JH378193","8941229","8941539","KQ055267v1","513773","514088","82","8427456"
"JH378193","8949767","8950030","KQ057901v1","868884","869144","86","8080883"
"JH378193","8966858","8967036","KQ058427v1","11113103","11113283","59","2146245"
"JH378193","8986016","8986318","KQ053421v1","5610673","5610968","79","3375343"
"JH378193","9005186","9005484","KQ053421v1","5610673","5610968","68","3394513"
"JH378193","9089029","9089319","KQ053421v1","5610673","5610968","72","3478356"
"JH378193","9106306","9106452","KQ057449v1","1214348","1214489","42","7891958"
"JH378193","9188913","9189191","KQ053421v1","5610673","5610968","82","3578240"
"JH378193","9299039","9299346","KQ053421v1","5610673","5610968","79","3688366"
"JH378194","11578","11784","KQ058274v1","300327","300497","69","288749"
"JH378194","12736","12851","KQ056493v1","2043382","2043488","58","2030646"
"JH378194","45664","45972","KQ053421v1","5610673","5610968","85","5565009"
"JH378194","125497","125794","KQ053421v1","5610673","5610968","97","5485176"
"JH378194","135678","135964","KQ055862v1","1305285","1305561","86","1169607"
"JH378194","139466","139742","KQ058242v1","595939","596205","85","456473"
"JH378194","153780","154041","KQ058242v1","595939","596205","81","442159"
"JH378194","198852","199158","KQ058427v1","7786546","7786853","74","7587694"
"JH378194","211002","211275","KQ053785v1","888769","889063","85","677767"
"JH378194","215012","215304","KQ053421v1","5610673","5610968","70","5395661"
"JH378194","224875","225179","KQ058427v1","7786546","7786853","74","7561671"
"JH378194","238194","238503","KQ055267v1","513773","514088","82","275579"
"JH378194","240876","241169","KQ053421v1","5610673","5610968","75","5369797"
"JH378194","281203","281508","KQ053421v1","5610673","5610968","85","5329470"
"JH378194","297790","298103","KQ058427v1","7786546","7786853","75","7488756"
"JH378194","333257","333456","KQ056064v1","326763","326940","61","6494"
"JH378194","357308","357614","KQ055352v1","6003171","6003466","86","5645863"
"JH378194","366428","366735","KQ053421v1","5610673","5610968","79","5244245"
"JH378194","398800","399089","KQ054713v1","1437239","1437526","95","1038439"
"JH378194","427565","427763","KQ058274v1","300327","300497","65","127238"
"JH378194","447387","447640","KQ058242v1","595939","596205","98","148552"
"JH378194","454788","455036","KQ055717v1","1610777","1611031","79","1155989"
"JH378194","468232","468515","KQ058427v1","7786546","7786853","92","7318314"
"JH378194","475085","475364","KQ054815v1","2215557","2215844","76","1740472"
"JH378194","478772","479056","KQ053421v1","5610673","5610968","73","5131901"
"JH378194","482316","482605","KQ053421v1","5610673","5610968","72","5128357"
"JH378194","483899","484199","KQ053421v1","5610673","5610968","86","5126774"
"JH378194","506638","506941","KQ053421v1","5610673","5610968","74","5104035"
"JH378194","511144","511406","KQ058242v1","595939","596205","67","84795"
"JH378194","581217","581503","KQ053421v1","5610673","5610968","88","5029456"
"JH378194","650766","651066","KQ053421v1","5610673","5610968","63","4959907"
"JH378194","997689","997951","KQ057901v1","868884","869144","83","128805"
"JH378194","1139430","1139735","KQ053421v1","5610673","5610968","78","4471243"
"JH378194","1160020","1160320","KQ053421v1","5610673","5610968","64","4450653"
"JH378194","1171516","1171804","KQ053421v1","5610673","5610968","82","4439157"
"JH378194","1185157","1185322","KQ057449v1","1214348","1214489","53","29191"
"JH378194","1226010","1226308","KQ053421v1","5610673","5610968","84","4384663"
"JH378194","1227929","1228061","KQ053398v1","2623748","2623879","38","1395819"
"JH378194","1232066","1232363","KQ053421v1","5610673","5610968","72","4378607"
"JH378194","1261433","1261721","KQ053421v1","5610673","5610968","80","4349240"
"JH378194","1368341","1368651","KQ053421v1","5610673","5610968","75","4242332"
"JH378194","1457820","1458129","KQ053421v1","5610673","5610968","94","4152853"
"JH378194","1467670","1467927","KQ058242v1","595939","596205","84","871731"
"JH378194","1679903","1680198","KQ055352v1","6003171","6003466","66","4323268"
"JH378194","1986448","1986735","KQ053421v1","5610673","5610968","85","3624225"
"JH378194","2146624","2146886","KQ058242v1","595939","596205","86","1550685"
"JH378194","2185469","2185771","KQ053421v1","5610673","5610968","78","3425204"
"JH378194","2215999","2216220","KQ055662v1","1890465","1890674","63","325534"
"JH378194","2309844","2310142","KQ053421v1","5610673","5610968","67","3300829"
"JH378194","2323589","2323892","KQ053421v1","5610673","5610968","83","3287084"
"JH378194","2410047","2410231","KQ058350v1","9514178","9514352","49","7104131"
"JH378194","2596073","2596384","KQ058427v1","7786546","7786853","72","5190473"
"JH378194","2801746","2802048","KQ053421v1","5610673","5610968","70","2808927"
"JH378194","3060548","3060839","KQ053421v1","5610673","5610968","76","2550125"
"JH378194","3374454","3374754","KQ053421v1","5610673","5610968","102","2236219"
"JH378194","3834019","3834305","KQ055352v1","6003171","6003466","90","2169152"
"JH378194","3875604","3875896","KQ053421v1","5610673","5610968","84","1735069"
"JH378194","3952738","3953048","KQ055267v1","513773","514088","79","3438965"
"JH378194","3973707","3974003","KQ053421v1","5610673","5610968","88","1636966"
"JH378194","4009141","4009433","KQ053421v1","5610673","5610968","70","1601532"
"JH378194","4099230","4099477","KQ057901v1","868884","869144","78","3230346"
"JH378194","4102664","4102966","KQ053421v1","5610673","5610968","70","1508009"
"JH378194","4152028","4152191","KQ058638v1","1837830","1837985","43","2314198"
"JH378194","4593963","4594260","KQ055352v1","6003171","6003466","71","1409208"
"JH378194","4646837","4647105","KQ058242v1","595939","596205","83","4050898"
"JH378194","4779447","4779589","KQ053398v1","2623748","2623879","51","2155699"
"JH378194","5689119","5689417","KQ053421v1","5610673","5610968","83","78446"
"JH378194","5696102","5696398","KQ053421v1","5610673","5610968","72","85429"
"JH378194","5724517","5724837","KQ055352v1","6003171","6003466","74","278654"
"JH378194","5779810","5780083","KQ053421v1","5610673","5610968","87","169137"
"JH378194","6040592","6040722","KQ053398v1","2623748","2623879","39","3416844"
"JH378194","6065262","6065566","KQ058427v1","7786546","7786853","80","1721284"
"JH378194","6074805","6075111","KQ053421v1","5610673","5610968","71","464132"
"JH378194","6085737","6086039","KQ053421v1","5610673","5610968","71","475064"
"JH378194","6173534","6173831","KQ053421v1","5610673","5610968","69","562861"
"JH378194","6189131","6189432","KQ053421v1","5610673","5610968","94","578458"
"JH378194","6327600","6327894","KQ053421v1","5610673","5610968","86","716927"
"JH378194","6332119","6332417","KQ055862v1","1305285","1305561","80","5026834"
"JH378194","6567838","6568135","KQ053421v1","5610673","5610968","68","957165"
"JH378194","6706221","6706529","KQ055352v1","6003171","6003466","75","703050"
"JH378194","6851830","6852149","KQ053059v1","2548766","2549102","92","4303064"
"JH378194","6864570","6864864","KQ053421v1","5610673","5610968","73","1253897"
"JH378194","6870136","6870395","KQ057901v1","868884","869144","92","6001252"
"JH378194","6888495","6888796","KQ053421v1","5610673","5610968","73","1277822"
"JH378194","6892911","6893188","KQ053785v1","888769","889063","81","6004142"
"JH378194","6899985","6900255","KQ058640v1","643463","643729","84","6256522"
"JH378194","6991950","6992244","KQ053421v1","5610673","5610968","71","1381277"
"JH378194","7083290","7083603","KQ053421v1","5610673","5610968","82","1472617"
"JH378194","7130226","7130532","KQ053421v1","5610673","5610968","77","1519553"
"JH378194","7440430","7440739","KQ053421v1","5610673","5610968","87","1829757"
"JH378194","7462215","7462516","KQ053421v1","5610673","5610968","67","1851542"
"JH378194","7593029","7593320","KQ053421v1","5610673","5610968","91","1982356"
"JH378194","7628489","7628773","KQ053421v1","5610673","5610968","77","2017816"
"JH378194","7660476","7660786","KQ058427v1","7786546","7786853","72","126070"
"JH378194","7682823","7682971","KQ053398v1","2623748","2623879","47","5059075"
"JH378194","7687637","7687941","KQ053421v1","5610673","5610968","84","2076964"
"JH378194","7691226","7691528","KQ053421v1","5610673","5610968","83","2080553"
"JH378194","7702147","7702452","KQ053421v1","5610673","5610968","75","2091474"
"JH378194","7754479","7754787","KQ055267v1","513773","514088","80","7240706"
"JH378194","7796677","7796981","KQ053421v1","5610673","5610968","94","2186004"
"JH378194","7799044","7799180","KQ054401v1","3363241","3363379","35","4435803"
"JH378194","7852075","7852385","KQ055267v1","513773","514088","82","7338302"
"JH378194","7854767","7855070","KQ053421v1","5610673","5610968","78","2244094"
"JH378194","7880939","7881186","KQ058509v1","24058","24271","80","7856881"
"JH378194","7946410","7946546","KQ053004v1","3064551","3064681","40","4881859"
"JH378194","8214763","8215074","KQ053421v1","5610673","5610968","80","2604090"
"JH378194","8409547","8409837","KQ053421v1","5610673","5610968","70","2798874"
"JH378194","8416520","8416634","KQ053398v1","2623748","2623879","43","5792772"
"JH378194","8495252","8495551","KQ055267v1","513773","514088","80","7981479"
"JH378194","8515314","8515618","KQ058427v1","7786546","7786853","75","728768"
"JH378194","8534287","8534458","KQ058423v1","270754","270928","39","8263533"
"JH378194","8535108","8535307","KQ056279v1","710401","710590","66","7824707"
"JH378194","8551706","8551995","KQ053421v1","5610673","5610968","86","2941033"
"JH378194","8563684","8563958","KQ058242v1","595939","596205","76","7967745"
"JH378194","8611661","8611993","KQ053059v1","2548766","2549102","97","6062895"
"JH378194","8689343","8689633","KQ053421v1","5610673","5610968","66","3078670"
"JH378194","8784459","8784734","KQ053421v1","5610673","5610968","87","3173786"
"JH378194","8808453","8808757","KQ053421v1","5610673","5610968","70","3197780"
"JH378194","8848538","8848816","KQ057186v1","783828","784085","76","8064710"
"JH378194","8866371","8866659","KQ053421v1","5610673","5610968","77","3255698"
"JH378194","8879385","8879668","KQ054815v1","2215557","2215844","84","6663828"
"JH378194","8887072","8887379","KQ053421v1","5610673","5610968","90","3276399"
"JH378194","8916887","8917184","KQ055862v1","1305285","1305561","75","7611602"
"JH378194","9009191","9009452","KQ058242v1","595939","596205","80","8413252"
"JH378194","9027580","9027874","KQ053421v1","5610673","5610968","74","3416907"
"JH378194","9123217","9123510","KQ053421v1","5610673","5610968","88","3512544"
"JH378194","9138362","9138666","KQ053421v1","5610673","5610968","73","3527689"
"JH378194","9156915","9157212","KQ053421v1","5610673","5610968","78","3546242"
"JH378194","9169606","9169900","KQ053421v1","5610673","5610968","74","3558933"
"JH378194","9184743","9185011","KQ057909v1","9290159","9290423","96","105416"
"JH378195","6329","6628","KQ053421v1","5610673","5610968","70","5604344"
"JH378195","13695","13992","KQ053421v1","5610673","5610968","75","5596978"
"JH378195","84882","85151","KQ053785v1","888769","889063","77","803887"
"JH378195","187586","187854","KQ058242v1","595939","596205","72","408353"
"JH378195","386662","386959","KQ053421v1","5610673","5610968","79","5224011"
"JH378195","593390","593700","KQ055267v1","513773","514088","78","79617"
"JH378195","655618","655940","KQ053421v1","5610673","5610968","96","4955055"
"JH378195","845592","845906","KQ055267v1","513773","514088","87","331819"
"JH378195","994877","995214","KQ053135v1","5034940","5035266","127","4040063"
"JH378195","1187235","1187549","KQ053421v1","5610673","5610968","102","4423438"
"JH378195","1241663","1241973","KQ058427v1","7786546","7786853","81","6544883"
"JH378195","1278252","1278552","KQ053421v1","5610673","5610968","74","4332421"
"JH378195","1281528","1281824","KQ058394v1","9655127","9655422","84","8373599"
"JH378195","1296443","1296569","KQ054401v1","3363241","3363379","39","2066798"
"JH378195","1297324","1297476","KQ053398v1","2623748","2623879","64","1326424"
"JH378195","1380074","1380368","KQ053421v1","5610673","5610968","69","4230599"
"JH378195","1397955","1398204","KQ058242v1","595939","596205","71","802016"
"JH378195","1431046","1431184","KQ054401v1","3363241","3363379","42","1932195"
"JH378195","1449014","1449316","KQ058427v1","7786546","7786853","80","6337532"
"JH378195","1458589","1458895","KQ053421v1","5610673","5610968","77","4152084"
"JH378195","1464856","1465141","KQ053421v1","5610673","5610968","86","4145817"
"JH378195","1535911","1536117","KQ058350v1","9514178","9514352","68","7978267"
"JH378195","1652255","1652545","KQ053421v1","5610673","5610968","84","3958418"
"JH378195","1716295","1716592","KQ053421v1","5610673","5610968","79","3894378"
"JH378195","1737761","1738023","KQ058505v1","2207051","2207301","88","469290"
"JH378195","1743512","1743766","KQ055717v1","1610777","1611031","82","132735"
"JH378195","1840769","1841064","KQ053421v1","5610673","5610968","66","3769904"
"JH378195","1855454","1855745","KQ053421v1","5610673","5610968","89","3755219"
"JH378195","1862325","1862610","KQ053421v1","5610673","5610968","83","3748348"
"JH378195","1879127","1879413","KQ053421v1","5610673","5610968","81","3731546"
"JH378195","1910210","1910514","KQ058427v1","7786546","7786853","71","5876336"
"JH378195","1963919","1964252","KQ053135v1","5034940","5035266","98","3071021"
"JH378195","2191596","2191875","KQ058242v1","595939","596205","75","1595657"
"JH378195","2323294","2323608","KQ058427v1","7786546","7786853","87","5463252"
"JH378195","2327919","2328151","KQ058509v1","24058","24271","68","2303861"
"JH378195","2394753","2395071","KQ055267v1","513773","514088","89","1880980"
"JH378195","2444891","2445179","KQ058640v1","643463","643729","81","1801428"
"JH378195","2587043","2587329","KQ053421v1","5610673","5610968","92","3023630"
"JH378195","2589914","2590216","KQ058427v1","7786546","7786853","85","5196632"
"JH378195","2620288","2620575","KQ053421v1","5610673","5610968","84","2990385"
"JH378195","2627465","2627767","KQ053421v1","5610673","5610968","78","2983208"
"JH378195","2717143","2717308","KQ053718v1","2495418","2495575","42","221725"
"JH378195","2753299","2753609","KQ053421v1","5610673","5610968","76","2857374"
"JH378195","2759365","2759655","KQ055267v1","513773","514088","86","2245592"
"JH378195","2789958","2790247","KQ053421v1","5610673","5610968","73","2820715"
"JH378195","2861590","2861884","KQ053421v1","5610673","5610968","73","2749083"
"JH378195","2948917","2949203","KQ058427v1","7786546","7786853","90","4837629"
"JH378195","3125396","3125676","KQ058242v1","595939","596205","78","2529457"
"JH378195","3219472","3219779","KQ055267v1","513773","514088","84","2705699"
"JH378195","3277701","3278001","KQ053421v1","5610673","5610968","84","2332972"
"JH378195","3330462","3330750","KQ053785v1","888769","889063","84","2441693"
"JH378195","3350953","3351267","KQ055267v1","513773","514088","75","2837180"
"JH378195","3396682","3396982","KQ053421v1","5610673","5610968","67","2213991"
"JH378195","3451816","3452140","KQ055267v1","513773","514088","81","2938043"
"JH378195","3457958","3458184","KQ054068v1","3638075","3638299","67","180117"
"JH378195","3510390","3510686","KQ053421v1","5610673","5610968","72","2100283"
"JH378195","3558958","3559253","KQ053421v1","5610673","5610968","71","2051715"
"JH378195","3655756","3656058","KQ053421v1","5610673","5610968","69","1954917"
"JH378195","3995385","3995558","KQ054954v1","1680710","1680882","44","2314675"
"JH378195","3995810","3995884","KQ056235v1","1266284","1266361","25","2729526"
"JH378195","3997892","3998173","KQ055140v1","2807106","2807399","107","1190786"
"JH378195","4188403","4188633","KQ058509v1","24058","24271","69","4164345"
"JH378195","4207133","4207436","KQ053421v1","5610673","5610968","76","1403540"
"JH378195","4267341","4267640","KQ053421v1","5610673","5610968","95","1343332"
"JH378195","4286066","4286373","KQ053421v1","5610673","5610968","83","1324607"
"JH378195","4300986","4301296","KQ053421v1","5610673","5610968","77","1309687"
"JH378195","4369270","4369571","KQ053421v1","5610673","5610968","70","1241403"
"JH378195","4399686","4399990","KQ058427v1","7786546","7786853","87","3386860"
"JH378195","4404118","4404401","KQ054815v1","2215557","2215844","91","2188561"
"JH378195","4405631","4405760","KQ053398v1","2623748","2623879","30","1781883"
"JH378195","4460970","4461323","KQ053785v1","888769","889063","131","3572201"
"JH378195","4509203","4509513","KQ055352v1","6003171","6003466","72","1493968"
"JH378195","4584514","4584688","KQ058274v1","300327","300497","57","4284187"
"JH378195","4586942","4587259","KQ058427v1","7786546","7786853","82","3199604"
"JH378195","4643235","4643485","KQ058509v1","24058","24271","78","4619177"
"JH378195","4662489","4662770","KQ053421v1","5610673","5610968","79","948184"
"JH378195","4682699","4683037","KQ053059v1","2548766","2549102","95","2133933"
"JH378195","4702177","4702471","KQ053421v1","5610673","5610968","85","908496"
"JH378195","4711472","4711699","KQ056064v1","326763","326940","88","4384709"
"JH378195","4714004","4714302","KQ053421v1","5610673","5610968","79","896669"
"JH378195","4764257","4764554","KQ053421v1","5610673","5610968","84","846416"
"JH378195","4766246","4766554","KQ053421v1","5610673","5610968","73","844427"
"JH378195","4774067","4774231","KQ053993v1","1251070","1251235","35","3522997"
"JH378195","4780044","4780280","KQ058505v1","2207051","2207301","79","2572993"
"JH378195","4857160","4857450","KQ053421v1","5610673","5610968","81","753513"
"JH378195","4861253","4861557","KQ053421v1","5610673","5610968","74","749420"
"JH378195","4973555","4973866","KQ053421v1","5610673","5610968","80","637118"
"JH378195","4998325","4998628","KQ053421v1","5610673","5610968","92","612348"
"JH378195","5023718","5023991","KQ058242v1","595939","596205","82","4427779"
"JH378195","5102109","5102365","KQ058505v1","2207051","2207301","86","2895058"
"JH378195","5214342","5214639","KQ053421v1","5610673","5610968","71","396331"
"JH378195","5265838","5266122","KQ053421v1","5610673","5610968","83","344835"
"JH378195","5562214","5562497","KQ053421v1","5610673","5610968","79","48459"
"JH378195","5616536","5616815","KQ053421v1","5610673","5610968","84","5863"
"JH378195","5628806","5629104","KQ053421v1","5610673","5610968","74","18133"
"JH378195","5657538","5657795","KQ058242v1","595939","596205","81","5061599"
"JH378195","5706100","5706414","KQ055267v1","513773","514088","77","5192327"
"JH378195","5707033","5707325","KQ053421v1","5610673","5610968","84","96360"
"JH378195","5719779","5719897","KQ053398v1","2627781","2627909","39","3091998"
"JH378195","5801431","5801713","KQ053785v1","888769","889063","82","4912662"
"JH378195","5827281","5827558","KQ055862v1","1305285","1305561","87","4521996"
"JH378195","5889119","5889430","KQ055267v1","513773","514088","72","5375346"
"JH378195","5900980","5901281","KQ053421v1","5610673","5610968","79","290307"
"JH378195","5904163","5904423","KQ058242v1","595939","596205","78","5308224"
"JH378195","5921098","5921409","KQ058427v1","7786546","7786853","86","1865448"
"JH378195","5937006","5937297","KQ053421v1","5610673","5610968","82","326333"
"JH378195","6015628","6015917","KQ053421v1","5610673","5610968","82","404955"
"JH378195","6085107","6085401","KQ053421v1","5610673","5610968","80","474434"
"JH378195","6163496","6163776","KQ053785v1","888769","889063","79","5274727"
"JH378195","6360029","6360336","KQ055267v1","513773","514088","75","5846256"
"JH378195","6473865","6474175","KQ053421v1","5610673","5610968","91","863192"
"JH378195","6554949","6555236","KQ058242v1","595939","596205","80","5959010"
"JH378195","6638527","6638829","KQ053421v1","5610673","5610968","76","1027854"
"JH378195","6804656","6804961","KQ053421v1","5610673","5610968","75","1193983"
"JH378195","6940298","6940606","KQ055352v1","6003171","6003466","74","937127"
"JH378195","7067539","7067811","KQ053421v1","5610673","5610968","80","1456866"
"JH378195","7146486","7146797","KQ055352v1","6003171","6003466","72","1143315"
"JH378195","7230131","7230431","KQ053421v1","5610673","5610968","73","1619458"
"JH378195","7308932","7309229","KQ053421v1","5610673","5610968","71","1698259"
"JH378195","7322845","7323156","KQ055352v1","6003171","6003466","76","1319674"
"JH378195","7323541","7323849","KQ055267v1","513773","514088","74","6809768"
"JH378195","7479928","7480209","KQ053421v1","5610673","5610968","90","1869255"
"JH378195","7517803","7518102","KQ053421v1","5610673","5610968","90","1907130"
"JH378195","7548494","7548782","KQ055862v1","1305285","1305561","80","6243209"
"JH378195","7566330","7566497","KQ054954v1","1680710","1680882","54","5885620"
"JH378195","7603498","7603797","KQ053421v1","5610673","5610968","78","1992825"
"JH378195","7608139","7608445","KQ058427v1","7786546","7786853","73","178407"
"JH378195","7663000","7663295","KQ053421v1","5610673","5610968","76","2052327"
"JH378195","7685571","7685870","KQ053421v1","5610673","5610968","70","2074898"
"JH378195","7721194","7721480","KQ053421v1","5610673","5610968","83","2110521"
"JH378195","7727073","7727249","KQ054179v1","3404435","3404595","55","4322638"
"JH378195","7728286","7728595","KQ055267v1","513773","514088","73","7214513"
"JH378195","7764694","7764878","KQ056147v1","2861940","2862121","51","4902754"
"JH378195","7770807","7771117","KQ055352v1","6003171","6003466","69","1767636"
"JH378195","7806985","7807265","KQ053421v1","5610673","5610968","68","2196312"
"JH378195","7815308","7815592","KQ053421v1","5610673","5610968","80","2204635"
"JH378195","7856078","7856338","KQ058242v1","595939","596205","74","7260139"
"JH378195","7889440","7889735","KQ053421v1","5610673","5610968","70","2278767"
"JH378195","7914952","7915247","KQ055862v1","1305285","1305561","80","6609667"
"JH378195","7950654","7950944","KQ055862v1","1305285","1305561","79","6645369"
"JH378195","8029694","8030003","KQ055267v1","513773","514088","69","7515921"
"JH378195","8045162","8045446","KQ053421v1","5610673","5610968","76","2434489"
"JH378195","8058363","8058638","KQ058339v1","4553625","4553889","88","3504738"
"JH378195","8078404","8078713","KQ055352v1","6003171","6003466","73","2075233"
"JH378195","8084735","8085036","KQ053421v1","5610673","5610968","69","2474062"
"JH378195","8148263","8148562","KQ053421v1","5610673","5610968","69","2537590"
"JH378195","8172023","8172324","KQ053421v1","5610673","5610968","73","2561350"
"JH378195","8600502","8600800","KQ053421v1","5610673","5610968","86","2989829"
"JH378195","8626238","8626530","KQ053421v1","5610673","5610968","77","3015565"
"JH378195","8707867","8708177","KQ055267v1","513773","514088","74","8194094"
"JH378195","8713637","8713940","KQ053421v1","5610673","5610968","74","3102964"
"JH378195","8743638","8743901","KQ054815v1","2215557","2215844","96","6528081"
"JH378195","9047813","9048111","KQ053421v1","5610673","5610968","71","3437140"
"JH378195","9097287","9097500","KQ052982v1","2032903","2033097","70","7064384"
"JH378195","9110153","9110251","KQ055903v1","238545","238616","36","8871608"
"JH378195","9110352","9110444","KQ058316v1","2226037","2226104","40","6884315"
"JH378195","9135103","9135287","ABDC02053644v1","2226","2419","76","9132877"
"JH378196","28924","29229","KQ053421v1","5610673","5610968","74","5581749"
"JH378196","40281","40394","KQ056493v1","2043382","2043488","36","2003101"
"JH378196","62370","62603","KQ058505v1","2207051","2207301","84","2144681"
"JH378196","63061","63366","KQ055352v1","6003171","6003466","72","5940110"
"JH378196","69193","69484","KQ053421v1","5610673","5610968","76","5541480"
"JH378196","73720","74070","KQ053059v1","2548766","2549102","119","2475046"
"JH378196","95128","95420","KQ053421v1","5610673","5610968","82","5515545"
"JH378196","174644","174943","KQ055862v1","1305285","1305561","76","1130641"
"JH378196","186365","186644","KQ053421v1","5610673","5610968","87","5424308"
"JH378196","248586","248876","KQ053421v1","5610673","5610968","79","5362087"
"JH378196","252191","252447","KQ058242v1","595939","596205","67","343748"
"JH378196","258726","258966","KQ057186v1","783828","784085","95","525102"
"JH378196","260547","260848","KQ053421v1","5610673","5610968","72","5350126"
"JH378196","351012","351105","KQ056493v1","2043382","2043488","32","1692370"
"JH378196","369146","369348","ABDC02053644v1","2226","2419","73","366920"
"JH378196","370285","370371","KQ058316v1","2226037","2226104","35","1855752"
"JH378196","400073","400371","KQ053421v1","5610673","5610968","70","5210600"
"JH378196","402452","402752","KQ053421v1","5610673","5610968","71","5208221"
"JH378196","446526","446656","KQ053398v1","2627781","2627909","31","2181255"
"JH378196","450935","451024","KQ058272v1","5924923","5924994","31","5473988"
"JH378196","483232","483544","KQ053421v1","5610673","5610968","71","5127441"
"JH378196","495589","495888","KQ058427v1","7786546","7786853","79","7290957"
"JH378196","532618","532923","KQ053421v1","5610673","5610968","73","5078055"
"JH378196","581827","582111","KQ054815v1","2215557","2215844","77","1633730"
"JH378196","625568","625870","KQ053421v1","5610673","5610968","75","4985105"
"JH378196","635406","635711","KQ055352v1","6003171","6003466","72","5367765"
"JH378196","675549","675753","KQ053234v1","1679581","1679757","68","1004032"
"JH378196","678061","678372","KQ055267v1","513773","514088","69","164288"
"JH378196","698189","698484","KQ053421v1","5610673","5610968","77","4912484"
"JH378196","718106","718397","KQ053421v1","5610673","5610968","70","4892567"
"JH378196","743138","743447","KQ055267v1","513773","514088","87","229365"
"JH378196","763157","763474","KQ058427v1","7786546","7786853","83","7023389"
"JH378196","782150","782453","KQ053421v1","5610673","5610968","75","4828523"
"JH378196","874337","874495","KQ054401v1","3363241","3363379","49","2488904"
"JH378196","891135","891420","KQ053421v1","5610673","5610968","84","4719538"
"JH378196","908430","908737","KQ053421v1","5610673","5610968","73","4702243"
"JH378196","945537","945849","KQ053421v1","5610673","5610968","85","4665136"
"JH378196","1003070","1003374","KQ058242v1","595939","596205","95","407131"
"JH378196","1033715","1033937","KQ055662v1","1890465","1890674","71","856750"
"JH378196","1155855","1156102","KQ056321v1","575951","576190","81","579904"
"JH378196","1156103","1156246","KQ053398v1","2623748","2623879","45","1467645"
"JH378196","1595217","1595512","KQ053421v1","5610673","5610968","75","4015456"
"JH378196","1639898","1640204","KQ053421v1","5610673","5610968","74","3970775"
"JH378196","1661421","1661724","KQ053421v1","5610673","5610968","67","3949252"
"JH378196","1693276","1693566","KQ053421v1","5610673","5610968","71","3917397"
"JH378196","1713530","1713841","KQ055352v1","6003171","6003466","71","4289641"
"JH378196","1748792","1749062","KQ058640v1","643463","643729","88","1105329"
"JH378196","1773567","1773868","KQ053421v1","5610673","5610968","68","3837106"
"JH378196","1830100","1830404","KQ053421v1","5610673","5610968","77","3780573"
"JH378196","1888077","1888222","KQ054401v1","3363241","3363379","41","1475164"
"JH378196","1963990","1964296","KQ053421v1","5610673","5610968","71","3646683"
"JH378196","1972285","1972574","KQ053421v1","5610673","5610968","79","3638388"
"JH378196","2324107","2324418","KQ053421v1","5610673","5610968","80","3286566"
"JH378196","2591900","2592190","KQ053421v1","5610673","5610968","82","3018773"
"JH378196","2631915","2632228","KQ058427v1","7786546","7786853","84","5154631"
"JH378196","2828692","2828821","KQ053398v1","2623748","2623879","41","204944"
"JH378196","2837599","2837778","KQ058350v1","9514178","9514352","37","6676579"
"JH378196","3111330","3111622","KQ053421v1","5610673","5610968","77","2499343"
"JH378196","3249667","3249972","KQ053421v1","5610673","5610968","82","2361006"
"JH378196","3256631","3256910","KQ058242v1","595939","596205","76","2660692"
"JH378196","3328824","3329133","KQ053421v1","5610673","5610968","86","2281849"
"JH378196","3405640","3405838","KQ052982v1","2032903","2033097","53","1372737"
"JH378196","3405959","3406029","KQ058316v1","2226037","2226104","22","1179922"
"JH378196","3454039","3454166","KQ053398v1","2623748","2623879","31","830291"
"JH378196","3512008","3512223","KQ058594v1","5950443","5950621","77","2438435"
"JH378196","3582108","3582402","KQ053421v1","5610673","5610968","74","2028565"
"JH378196","3799348","3799665","KQ055352v1","6003171","6003466","77","2203823"
"JH378196","3822143","3822422","KQ055862v1","1305285","1305561","87","2516858"
"JH378196","3896577","3896898","KQ055267v1","513773","514088","82","3382804"
"JH378196","4087199","4087510","KQ055352v1","6003171","6003466","74","1915972"
"JH378196","4248523","4248813","KQ053421v1","5610673","5610968","85","1362150"
"JH378196","4358881","4359170","KQ053421v1","5610673","5610968","80","1251792"
"JH378196","4962348","4962647","KQ053421v1","5610673","5610968","74","648325"
"JH378196","5031480","5031765","KQ058242v1","595939","596205","84","4435541"
"JH378196","5319938","5320228","KQ053421v1","5610673","5610968","73","290735"
"JH378196","5351484","5351785","KQ058427v1","7786546","7786853","85","2435062"
"JH378196","5516970","5517257","KQ053421v1","5610673","5610968","82","93703"
"JH378196","5591712","5591984","KQ058242v1","595939","596205","80","4995773"
"JH378196","5782230","5782471","KQ058242v1","595939","596205","89","5186291"
"JH378196","6003849","6004148","KQ053421v1","5610673","5610968","74","393176"
"JH378196","6163656","6163956","KQ055267v1","513773","514088","76","5649883"
"JH378196","6164456","6164748","KQ053421v1","5610673","5610968","70","553783"
"JH378196","6448754","6449053","KQ053421v1","5610673","5610968","72","838081"
"JH378196","6587865","6588058","KQ058274v1","300327","300497","55","6287538"
"JH378196","6623477","6623786","KQ055267v1","513773","514088","72","6109704"
"JH378196","6646577","6646781","KQ055662v1","1890465","1890674","72","4756112"
"JH378196","6717886","6718181","KQ053421v1","5610673","5610968","75","1107213"
"JH378196","6734918","6735220","KQ053421v1","5610673","5610968","71","1124245"
"JH378196","6838038","6838332","KQ053421v1","5610673","5610968","82","1227365"
"JH378196","6841120","6841428","KQ055352v1","6003171","6003466","71","837949"
"JH378196","6841440","6841760","KQ055352v1","6003171","6003466","84","838269"
"JH378196","6867885","6868178","KQ053421v1","5610673","5610968","70","1257212"
"JH378196","6886886","6887175","KQ053421v1","5610673","5610968","90","1276213"
"JH378196","6941827","6942120","KQ053421v1","5610673","5610968","80","1331154"
"JH378196","6977235","6977530","KQ053421v1","5610673","5610968","71","1366562"
"JH378196","7100483","7100775","KQ053421v1","5610673","5610968","79","1489810"
"JH378196","7143276","7143574","KQ053421v1","5610673","5610968","74","1532603"
"JH378196","7152945","7153234","KQ053421v1","5610673","5610968","83","1542272"
"JH378196","7188766","7189072","KQ053421v1","5610673","5610968","86","1578093"
"JH378196","7263350","7263650","KQ053421v1","5610673","5610968","68","1652677"
"JH378196","7272291","7272589","KQ053421v1","5610673","5610968","79","1661618"
"JH378196","7285993","7286283","KQ053421v1","5610673","5610968","80","1675320"
"JH378196","7367484","7367760","KQ053421v1","5610673","5610968","93","1756811"
"JH378196","7440038","7440360","KQ055267v1","513773","514088","82","6926265"
"JH378196","7453735","7454028","KQ053421v1","5610673","5610968","80","1843062"
"JH378196","7458528","7458745","KQ052982v1","2032903","2033097","62","5425625"
"JH378196","7459180","7459464","KQ053421v1","5610673","5610968","88","1848507"
"JH378196","7594397","7594691","KQ053421v1","5610673","5610968","89","1983724"
"JH378196","7665709","7665834","KQ053398v1","2623748","2623879","34","5041961"
"JH378196","7853443","7853658","KQ053752v1","8015097","8015288","74","161654"
"JH378196","7880732","7881034","KQ053421v1","5610673","5610968","74","2270059"
"JH378196","7920650","7920954","KQ055267v1","513773","514088","79","7406877"
"JH378196","7965637","7965902","KQ058242v1","595939","596205","71","7369698"
"JH378196","8154326","8154625","KQ053421v1","5610673","5610968","71","2543653"
"JH378196","8203844","8204154","KQ055352v1","6003171","6003466","67","2200673"
"JH378196","8263687","8263990","KQ055352v1","6003171","6003466","73","2260516"
"JH378196","8381749","8382040","KQ053421v1","5610673","5610968","77","2771076"
"JH378196","8521010","8521297","KQ053421v1","5610673","5610968","88","2910337"
"JH378196","8586402","8586713","KQ053421v1","5610673","5610968","80","2975729"
"JH378196","8681619","8681922","KQ058427v1","7786546","7786853","72","895073"
"JH378196","8798331","8798625","KQ053421v1","5610673","5610968","90","3187658"
"JH378196","8892605","8892907","KQ053421v1","5610673","5610968","70","3281932"
"JH378196","8954935","8955244","KQ055352v1","6003171","6003466","84","2951764"
"JH378196","9001490","9001793","KQ058427v1","7786546","7786853","77","1214944"
"JH378197","989","1297","KQ053421v1","5610673","5610968","74","5609684"
"JH378197","22062","22382","KQ055267v1","513773","514088","77","491711"
"JH378197","55191","55496","KQ055352v1","6003171","6003466","71","5947980"
"JH378197","79102","79265","KQ057204v1","2930576","2930741","35","2851474"
"JH378197","89183","89492","KQ053421v1","5610673","5610968","92","5521490"
"JH378197","104247","104347","KQ056279v1","759081","759162","35","654834"
"JH378197","115035","115353","KQ053421v1","5610673","5610968","84","5495638"
"JH378197","123168","123465","KQ053421v1","5610673","5610968","67","5487505"
"JH378197","127947","128244","KQ053421v1","5610673","5610968","74","5482726"
"JH378197","137131","137432","KQ053421v1","5610673","5610968","77","5473542"
"JH378197","197835","197975","KQ054401v1","3363241","3363379","40","3165406"
"JH378197","288738","289029","KQ053421v1","5610673","5610968","73","5321935"
"JH378197","314150","314417","KQ058242v1","595939","596205","77","281789"
"JH378197","390181","390461","KQ053421v1","5610673","5610968","77","5220492"
"JH378197","696569","696835","KQ058339v1","4553625","4553889","89","3857056"
"JH378197","786433","786746","KQ058427v1","7786546","7786853","79","7000113"
"JH378197","806327","806469","KQ057161v1","453350","453459","56","352977"
"JH378197","814018","814311","KQ053421v1","5610673","5610968","85","4796655"
"JH378197","954815","955109","KQ053421v1","5610673","5610968","81","4655858"
"JH378197","1164505","1164781","KQ058242v1","595939","596205","83","568566"
"JH378197","1328247","1328564","KQ058427v1","7786546","7786853","88","6458299"
"JH378197","1388681","1388834","KQ053267v1","1313653","1313811","41","75028"
"JH378197","1404538","1404763","KQ055662v1","1890465","1890674","71","485927"
"JH378197","1407555","1407867","KQ055267v1","513773","514088","81","893782"
"JH378197","1458897","1459191","KQ053421v1","5610673","5610968","76","4151776"
"JH378197","1555972","1556199","KQ055662v1","1890465","1890674","79","334493"
"JH378197","1558674","1558975","KQ053421v1","5610673","5610968","85","4051999"
"JH378197","1575785","1576086","KQ055267v1","513773","514088","75","1062012"
"JH378197","1644006","1644295","KQ053421v1","5610673","5610968","78","3966667"
"JH378197","1657886","1658167","KQ054815v1","2215557","2215844","77","557671"
"JH378197","1741004","1741314","KQ055267v1","513773","514088","83","1227231"
"JH378197","1760456","1760756","KQ053421v1","5610673","5610968","80","3850217"
"JH378197","1806001","1806230","KQ054068v1","3638075","3638299","66","1832074"
"JH378197","1941496","1941796","KQ053421v1","5610673","5610968","79","3669177"
"JH378197","1988691","1988812","KQ053398v1","2623748","2623879","36","635057"
"JH378197","2025538","2025845","KQ055267v1","513773","514088","85","1511765"
"JH378197","2098473","2098658","KQ053234v1","1679581","1679757","48","418892"
"JH378197","2204153","2204477","KQ055267v1","513773","514088","88","1690380"
"JH378197","2507606","2507918","KQ055267v1","513773","514088","80","1993833"
"JH378197","2588713","2588997","KQ058640v1","643463","643729","81","1945250"
"JH378197","2676606","2676917","KQ058427v1","7786546","7786853","84","5109940"
"JH378197","2941643","2941950","KQ053421v1","5610673","5610968","77","2669030"
"JH378197","2949099","2949398","KQ053421v1","5610673","5610968","88","2661574"
"JH378197","3060846","3061139","KQ054815v1","2215557","2215844","94","845289"
"JH378197","3088143","3088446","KQ058427v1","7786546","7786853","89","4698403"
"JH378197","3139184","3139422","KQ058242v1","595939","596205","89","2543245"
"JH378197","3711403","3711711","KQ055267v1","513773","514088","82","3197630"
"JH378197","3740730","3741026","KQ053421v1","5610673","5610968","83","1869943"
"JH378197","3797374","3797664","KQ053421v1","5610673","5610968","72","1813299"
"JH378197","3834587","3834901","KQ055267v1","513773","514088","73","3320814"
"JH378197","3929690","3930008","KQ053421v1","5610673","5610968","88","1680983"
"JH378197","3990716","3991007","KQ053421v1","5610673","5610968","71","1619957"
"JH378197","4047015","4047310","KQ053421v1","5610673","5610968","70","1563658"
"JH378197","4166994","4167301","KQ053421v1","5610673","5610968","71","1443679"
"JH378197","4238040","4238346","KQ053421v1","5610673","5610968","81","1372633"
"JH378197","4315355","4315665","KQ053421v1","5610673","5610968","77","1295318"
"JH378197","4376041","4376134","KQ056235v1","1266284","1266361","34","3109757"
"JH378197","4380311","4380493","KQ058594v1","1033101","1033292","62","3347210"
"JH378197","4399721","4399989","KQ058242v1","595939","596205","68","3803782"
"JH378197","4404558","4404834","KQ053421v1","5610673","5610968","76","1206115"
"JH378197","4405945","4406248","KQ053421v1","5610673","5610968","75","1204728"
"JH378197","4436751","4436981","KQ056064v1","326763","326940","88","4109988"
"JH378197","4753554","4753831","KQ053421v1","5610673","5610968","81","857119"
"JH378197","4878928","4879093","KQ053993v1","1251070","1251235","46","3627858"
"JH378197","4879405","4879554","KQ053398v1","2623748","2623879","46","2255657"
"JH378197","4893572","4893876","KQ053421v1","5610673","5610968","83","717101"
"JH378197","4903528","4903835","KQ053421v1","5610673","5610968","80","707145"
"JH378197","4927525","4927820","KQ053421v1","5610673","5610968","81","683148"
"JH378197","4968401","4968718","KQ055267v1","513773","514088","94","4454628"
"JH378197","5073221","5073371","KQ054510v1","7582269","7582431","47","2509048"
"JH378197","5074563","5074788","KQ054068v1","3638075","3638299","65","1436488"
"JH378197","5086560","5086795","KQ055717v1","1610777","1611031","81","3475783"
"JH378197","5233749","5234074","KQ055267v1","513773","514088","90","4719976"
"JH378197","5257142","5257458","KQ055267v1","513773","514088","89","4743369"
"JH378197","5269463","5269742","KQ058640v1","643463","643729","85","4626000"
"JH378197","5298188","5298480","KQ053421v1","5610673","5610968","77","312485"
"JH378197","5310802","5311087","KQ053785v1","888769","889063","82","4422033"
"JH378197","5337317","5337619","KQ053421v1","5610673","5610968","69","273356"
"JH378197","5378601","5378904","KQ055267v1","513773","514088","75","4864828"
"JH378197","5396906","5397020","KQ055717v1","1610376","1610476","41","3786530"
"JH378197","5414130","5414417","KQ053421v1","5610673","5610968","79","196543"
"JH378197","5419199","5419389","KQ055978v1","4311984","4312161","52","1107215"
"JH378197","5420451","5420647","ABDC02053644v1","2226","2419","84","5418225"
"JH378197","5454034","5454281","KQ055717v1","1610777","1611031","92","3843257"
"JH378197","5468938","5469238","KQ053421v1","5610673","5610968","77","141735"
"JH378197","5534714","5534839","KQ053398v1","2623748","2623879","43","2910966"
"JH378197","5535168","5535324","KQ058428v1","1396698","1396861","48","4138470"
"JH378197","5614757","5614931","KQ058423v1","270754","270928","44","5344003"
"JH378197","5615412","5615502","KQ056235v1","1266284","1266361","30","4349128"
"JH378197","5630054","5630316","KQ058242v1","595939","596205","84","5034115"
"JH378197","5653871","5654155","KQ054815v1","2215557","2215844","79","3438314"
"JH378197","5666659","5666947","KQ058339v1","4553625","4553889","91","1113034"
"JH378197","5674537","5674701","KQ057449v1","1214348","1214489","47","4460189"
"JH378197","5713727","5714012","KQ058640v1","643463","643729","90","5070264"
"JH378197","5732811","5733036","KQ053234v1","1414405","1414609","63","4318406"
"JH378197","5738050","5738339","KQ053421v1","5610673","5610968","77","127377"
"JH378197","5862391","5862686","KQ053421v1","5610673","5610968","72","251718"
"JH378197","5946108","5946431","KQ053421v1","5610673","5610968","93","335435"
"JH378197","6009947","6010239","KQ053421v1","5610673","5610968","81","399274"
"JH378197","6016816","6017101","KQ053421v1","5610673","5610968","83","406143"
"JH378197","6129226","6129433","KQ055662v1","1890465","1890674","51","4238761"
"JH378197","6131891","6132219","KQ053421v1","5610673","5610968","98","521218"
"JH378197","6141813","6142118","KQ058427v1","7786546","7786853","76","1644733"
"JH378197","6262858","6263157","KQ053421v1","5610673","5610968","82","652185"
"JH378197","6281862","6282166","KQ058427v1","7786546","7786853","83","1504684"
"JH378197","6307084","6307395","KQ053421v1","5610673","5610968","80","696411"
"JH378197","6444142","6444364","KQ055662v1","1890465","1890674","66","4553677"
"JH378197","6444654","6444744","KQ056235v1","1266284","1266361","28","5178370"
"JH378197","6461260","6461565","KQ055352v1","6003171","6003466","70","458089"
"JH378197","6473093","6473237","KQ053398v1","2623748","2623879","43","3849345"
"JH378197","6481052","6481352","KQ058242v1","595939","596205","81","5885113"
"JH378197","6517267","6517555","KQ053421v1","5610673","5610968","69","906594"
"JH378197","6520727","6521038","KQ058427v1","7786546","7786853","77","1265819"
"JH378197","6561787","6562089","KQ053421v1","5610673","5610968","87","951114"
"JH378197","6575242","6575361","KQ053398v1","2623748","2623879","40","3951494"
"JH378197","6687321","6687502","KQ054954v1","1680710","1680882","44","5006611"
"JH378197","6690857","6691088","ABDC02053644v1","2226","2419","90","6688631"
"JH378197","6720448","6720584","KQ052968v1","13665640","13665790","53","6945192"
"JH378197","6721163","6721452","KQ053421v1","5610673","5610968","73","1110490"
"JH378197","6723292","6723557","KQ058242v1","595939","596205","73","6127353"
"JH378197","6788944","6789254","KQ055267v1","513773","514088","84","6275171"
"JH378197","6848517","6848582","KQ055247v1","3278175","3278224","25","3570342"
"JH378197","6849529","6849684","KQ054510v1","7582269","7582431","40","732740"
"JH378197","6898584","6898869","KQ053421v1","5610673","5610968","76","1287911"
"JH378197","6926475","6926729","KQ055862v1","1305285","1305561","91","5621190"
"JH378197","6973569","6973697","KQ053398v1","2623748","2623879","39","4349821"
"JH378197","6974284","6974474","KQ054954v1","1680710","1680882","49","5293574"
"JH378197","6998507","6998736","KQ058242v1","595939","596205","88","6402568"
"JH378197","7005508","7005809","KQ053421v1","5610673","5610968","70","1394835"
"JH378197","7011385","7011700","KQ055267v1","513773","514088","72","6497612"
"JH378197","7045827","7046126","KQ053421v1","5610673","5610968","72","1435154"
"JH378197","7053532","7053842","KQ055267v1","513773","514088","67","6539759"
"JH378197","7070482","7070782","KQ053421v1","5610673","5610968","71","1459809"
"JH378197","7140926","7141215","KQ055862v1","1305285","1305561","78","5835641"
"JH378197","7250206","7250512","KQ053421v1","5610673","5610968","66","1639533"
"JH378197","7264664","7264963","KQ053421v1","5610673","5610968","75","1653991"
"JH378197","7268066","7268373","KQ055267v1","513773","514088","69","6754293"
"JH378197","7269890","7270170","KQ058339v1","4553625","4553889","77","2716265"
"JH378197","7287983","7288174","KQ053993v1","1251070","1251235","59","6036913"
"JH378197","7312728","7313005","KQ053421v1","5610673","5610968","83","1702055"
"JH378197","7323675","7323961","KQ053421v1","5610673","5610968","75","1713002"
"JH378197","7351716","7351976","KQ058242v1","595939","596205","66","6755777"
"JH378197","7363083","7363390","KQ053421v1","5610673","5610968","74","1752410"
"JH378197","7379788","7380083","KQ053421v1","5610673","5610968","75","1769115"
"JH378197","7418349","7418480","KQ053398v1","2623748","2623879","30","4794601"
"JH378197","7430650","7430949","KQ053421v1","5610673","5610968","77","1819977"
"JH378197","7440297","7440614","KQ053421v1","5610673","5610968","88","1829624"
"JH378197","7458375","7458686","KQ055352v1","6003171","6003466","76","1455204"
"JH378197","7462065","7462184","KQ053398v1","2627781","2627909","41","4834284"
"JH378197","7529152","7529454","KQ053421v1","5610673","5610968","68","1918479"
"JH378197","7541323","7541627","KQ053421v1","5610673","5610968","78","1930650"
"JH378197","7567907","7568198","KQ053421v1","5610673","5610968","73","1957234"
"JH378197","7619411","7619709","KQ054815v1","2215557","2215844","104","5403854"
"JH378197","7769978","7770287","KQ053421v1","5610673","5610968","74","2159305"
"JH378197","7811983","7812098","KQ057161v1","453350","453459","29","7358633"
"JH378197","7841600","7841759","KQ053531v1","6571","6737","57","7835029"
"JH378197","7852805","7853110","KQ053421v1","5610673","5610968","85","2242132"
"JH378197","7897863","7898180","KQ053421v1","5610673","5610968","80","2287190"
"JH378197","7918423","7918724","KQ053421v1","5610673","5610968","69","2307750"
"JH378197","7926111","7926423","KQ053421v1","5610673","5610968","76","2315438"
"JH378197","7926424","7926727","KQ053421v1","5610673","5610968","70","2315751"
"JH378197","7944974","7945173","KQ053081v1","1367902","1368071","61","6577072"
"JH378197","8073800","8074107","KQ055267v1","513773","514088","77","7560027"
"JH378197","8083220","8083513","KQ058427v1","6786866","6787134","87","1296354"
"JH378197","8093742","8093968","KQ056064v1","326763","326940","101","7766979"
"JH378197","8108264","8108544","KQ053421v1","5610673","5610968","77","2497591"
"JH378197","8127875","8128154","KQ058242v1","595939","596205","78","7531936"
"JH378197","8269297","8269594","KQ053421v1","5610673","5610968","81","2658624"
"JH378197","8272966","8273164","KQ057449v1","1214348","1214489","83","7058618"
"JH378197","8283292","8283582","KQ058242v1","595939","596205","82","7687353"
"JH378197","8288614","8288875","KQ055862v1","1305285","1305561","88","6983329"
"JH378197","8397636","8397948","KQ055267v1","513773","514088","83","7883863"
"JH378197","8400770","8401084","KQ053421v1","5610673","5610968","87","2790097"
"JH378197","8417516","8417795","KQ055267v1","513773","514088","92","7903743"
"JH378197","8425593","8425842","KQ056321v1","575951","576190","81","7849642"
"JH378197","8441707","8441925","KQ058274v1","300327","300497","79","8141380"
"JH378197","8456843","8457105","KQ058242v1","595939","596205","71","7860904"
"JH378197","8463903","8464098","KQ058509v1","24058","24271","69","8439845"
"JH378197","8517000","8517240","KQ058242v1","595939","596205","90","7921061"
"JH378197","8518867","8519019","KQ054268v1","765831","765979","42","7753036"
"JH378197","8544790","8545082","KQ053421v1","5610673","5610968","80","2934117"
"JH378197","8572606","8572905","KQ053421v1","5610673","5610968","71","2961933"
"JH378197","8584443","8584737","KQ053421v1","5610673","5610968","76","2973770"
"JH378197","8588208","8588522","KQ055267v1","513773","514088","84","8074435"
"JH378197","8595830","8595959","KQ053398v1","2623748","2623879","34","5972082"
"JH378197","8702694","8703001","KQ055352v1","6003171","6003466","72","2699523"
"JH378197","8708775","8709080","KQ055267v1","513773","514088","82","8195002"
"JH378197","8729319","8729630","KQ055267v1","513773","514088","85","8215546"
"JH378197","8751683","8751937","KQ058242v1","595939","596205","75","8155744"
"JH378197","8763066","8763359","KQ053421v1","5610673","5610968","89","3152393"
"JH378197","8783010","8783138","KQ053398v1","2623748","2623879","36","6159262"
"JH378197","8783569","8783684","KQ054401v1","3363241","3363379","53","5420328"
"JH378197","8784722","8784993","KQ053421v1","5610673","5610968","89","3174049"
"JH378197","8792800","8793083","KQ053421v1","5610673","5610968","82","3182127"
"JH378197","8839202","8839309","KQ056493v1","2043382","2043488","32","6795820"
"JH378198","54815","55100","KQ053421v1","5610673","5610968","86","5555858"
"JH378198","61831","62015","KQ058350v1","9514178","9514352","48","9452347"
"JH378198","77127","77410","KQ058242v1","595939","596205","83","518812"
"JH378198","567646","567952","KQ053421v1","5610673","5610968","85","5043027"
"JH378198","746464","746604","KQ053398v1","2623748","2623879","39","1877284"
"JH378198","746971","747136","KQ058423v1","270754","270928","46","476217"
"JH378198","878255","878549","KQ053421v1","5610673","5610968","78","4732418"
"JH378198","1053346","1053476","KQ053398v1","2623748","2623879","33","1570402"
"JH378198","1064574","1064881","KQ055352v1","6003171","6003466","75","4938597"
"JH378198","1070265","1070566","KQ053421v1","5610673","5610968","74","4540408"
"JH378198","1172213","1172510","KQ053421v1","5610673","5610968","78","4438460"
"JH378198","1205192","1205487","KQ053421v1","5610673","5610968","80","4405481"
"JH378198","1206459","1206755","KQ053421v1","5610673","5610968","76","4404214"
"JH378198","1207061","1207355","KQ053421v1","5610673","5610968","85","4403612"
"JH378198","1234589","1234839","KQ055862v1","1305285","1305561","81","70696"
"JH378198","1244349","1244648","KQ053421v1","5610673","5610968","84","4366324"
"JH378198","1253253","1253382","KQ053398v1","2627781","2627909","33","1374528"
"JH378198","1254221","1254496","KQ058242v1","595939","596205","73","658282"
"JH378198","1258884","1259055","KQ058274v1","300327","300497","76","958557"
"JH378198","1259065","1259222","KQ058428v1","1396698","1396861","52","137633"
"JH378198","1270258","1270487","KQ053234v1","1414405","1414609","75","144147"
"JH378198","1314895","1315191","KQ053421v1","5610673","5610968","75","4295778"
"JH378198","1345968","1346242","KQ058339v1","4553625","4553889","73","3207657"
"JH378198","1364821","1365114","KQ053421v1","5610673","5610968","78","4245852"
"JH378198","1401379","1401674","KQ053421v1","5610673","5610968","67","4209294"
"JH378198","1483135","1483432","KQ053421v1","5610673","5610968","72","4127538"
"JH378198","1504606","1504915","KQ055267v1","513773","514088","74","990833"
"JH378198","1520119","1520427","KQ055267v1","513773","514088","74","1006346"
"JH378198","1549053","1549358","KQ055352v1","6003171","6003466","70","4454118"
"JH378198","1554295","1554594","KQ053421v1","5610673","5610968","93","4056378"
"JH378198","1643703","1644011","KQ053421v1","5610673","5610968","75","3966970"
"JH378198","1677599","1677903","KQ053421v1","5610673","5610968","74","3933074"
"JH378198","1723979","1724274","KQ053421v1","5610673","5610968","80","3886694"
"JH378198","1820066","1820318","KQ055662v1","1890465","1890674","81","70399"
"JH378198","1975984","1976285","KQ053421v1","5610673","5610968","70","3634689"
"JH378198","2059824","2060015","KQ056064v1","326763","326940","53","1733061"
"JH378198","2125320","2125618","KQ053421v1","5610673","5610968","72","3485353"
"JH378198","2178992","2179293","KQ053421v1","5610673","5610968","65","3431681"
"JH378198","2187581","2187878","KQ053421v1","5610673","5610968","81","3423092"
"JH378198","2193944","2194234","KQ053421v1","5610673","5610968","80","3416729"
"JH378198","2198080","2198384","KQ053421v1","5610673","5610968","70","3412593"
"JH378198","2208540","2208850","KQ053421v1","5610673","5610968","76","3402133"
"JH378198","2211763","2212067","KQ053421v1","5610673","5610968","84","3398910"
"JH378198","2219961","2220260","KQ053421v1","5610673","5610968","68","3390712"
"JH378198","2284196","2284429","KQ053234v1","1414405","1414609","71","869791"
"JH378198","2304051","2304343","KQ053421v1","5610673","5610968","84","3306622"
"JH378198","2338908","2339226","KQ055267v1","513773","514088","85","1825135"
"JH378198","2363749","2364040","KQ055862v1","1305285","1305561","90","1058464"
"JH378198","2423329","2423636","KQ053421v1","5610673","5610968","76","3187344"
"JH378198","2436122","2436408","KQ058394v1","9655127","9655422","82","7219005"
"JH378198","2477478","2477784","KQ053421v1","5610673","5610968","74","3133195"
"JH378198","2477823","2478129","KQ053421v1","5610673","5610968","68","3132850"
"JH378198","2479946","2480246","KQ053421v1","5610673","5610968","78","3130727"
"JH378198","2495718","2496019","KQ058427v1","7786546","7786853","81","5290828"
"JH378198","2526482","2526780","KQ053421v1","5610673","5610968","64","3084191"
"JH378198","2527972","2528109","KQ056911v1","1421731","1421862","50","1106241"
"JH378198","2556043","2556328","KQ053421v1","5610673","5610968","80","3054630"
"JH378198","2753972","2754153","KQ058350v1","9514178","9514352","50","6760206"
"JH378198","2831740","2831968","KQ058274v1","300327","300497","86","2531413"
"JH378198","2943297","2943588","KQ053421v1","5610673","5610968","65","2667376"
"JH378198","3531884","3532166","KQ055862v1","1305285","1305561","90","2226599"
"JH378198","3778081","3778375","KQ053421v1","5610673","5610968","69","1832592"
"JH378198","3919542","3919840","KQ055862v1","1305285","1305561","82","2614257"
"JH378198","4144515","4144758","KQ058339v1","4553625","4553889","87","409110"
"JH378198","4224294","4224460","KQ053398v1","2627781","2627909","62","1596513"
"JH378198","4283013","4283341","KQ053421v1","5610673","5610968","115","1327660"
"JH378198","4294936","4295276","KQ053135v1","5034940","5035266","112","740004"
"JH378198","4297669","4297965","KQ053421v1","5610673","5610968","72","1313004"
"JH378198","4309249","4309495","KQ058509v1","24058","24271","76","4285191"
"JH378198","4394509","4394764","KQ053883v1","6938067","6938331","85","2543558"
"JH378198","4417003","4417304","KQ053421v1","5610673","5610968","76","1193670"
"JH378198","4425321","4425606","KQ054815v1","2215557","2215844","78","2209764"
"JH378198","4460740","4461003","KQ058242v1","595939","596205","77","3864801"
"JH378198","4508485","4508615","KQ053398v1","2623748","2623879","31","1884737"
"JH378198","4527537","4527829","KQ053421v1","5610673","5610968","78","1083136"
"JH378198","4530680","4530977","KQ053421v1","5610673","5610968","76","1079993"
"JH378198","4544736","4545066","KQ053059v1","2548766","2549102","94","1995970"
"JH378198","4560253","4560405","KQ053476v1","812335","812482","39","3747918"
"JH378198","4620245","4620502","KQ058427v1","6786866","6787134","82","2166621"
"JH378198","4698623","4698902","KQ053421v1","5610673","5610968","85","912050"
"JH378198","4705664","4705960","KQ053421v1","5610673","5610968","91","905009"
"JH378198","4737761","4738002","KQ058339v1","4553625","4553889","78","184136"
"JH378198","4790030","4790279","KQ057901v1","868884","869144","78","3921146"
"JH378198","4791647","4791932","KQ053421v1","5610673","5610968","86","819026"
"JH378198","4803961","4804242","KQ053421v1","5610673","5610968","77","806712"
"JH378198","4847743","4847981","KQ055662v1","1890465","1890674","83","2957278"
"JH378198","4891419","4891657","KQ058242v1","595939","596205","83","4295480"
"JH378198","4929920","4930220","KQ058427v1","7786546","7786853","87","2856626"
"JH378198","4940126","4940410","KQ053421v1","5610673","5610968","79","670547"
"JH378198","4979434","4979721","KQ053141v1","2860","3159","92","4976574"
"JH378198","4984898","4985223","KQ053421v1","5610673","5610968","91","625775"
"JH378198","5051583","5051889","KQ053421v1","5610673","5610968","87","559090"
"JH378198","5059044","5059350","KQ055267v1","513773","514088","73","4545271"
"JH378198","5075251","5075421","KQ058423v1","270754","270928","36","4804497"
"JH378198","5083855","5084029","KQ057449v1","1214348","1214489","58","3869507"
"JH378198","5111837","5112116","KQ058339v1","4553625","4553889","72","558212"
"JH378198","5167416","5167727","KQ055352v1","6003171","6003466","75","835755"
"JH378198","5298034","5298381","KQ055352v1","6003171","6003466","101","705137"
"JH378198","5307532","5307643","KQ056493v1","2043382","2043488","31","3264150"
"JH378198","5323695","5323994","KQ053421v1","5610673","5610968","78","286978"
"JH378198","5383318","5383506","KQ058274v1","300327","300497","49","5082991"
"JH378198","5499216","5499558","KQ058427v1","7786546","7786853","154","2287330"
"JH378198","5556318","5556624","KQ055267v1","513773","514088","74","5042545"
"JH378198","5571668","5571797","KQ053398v1","2623748","2623879","40","2947920"
"JH378198","5591296","5591541","KQ058242v1","595939","596205","83","4995357"
"JH378198","5609975","5610262","KQ053421v1","5610673","5610968","88","698"
"JH378198","5627002","5627267","KQ058339v1","4553625","4553889","84","1073377"
"JH378198","5650490","5650788","KQ053421v1","5610673","5610968","79","39817"
"JH378198","5662486","5662652","KQ053093v1","1668172","1668343","59","3994314"
"JH378198","5694983","5695291","KQ053421v1","5610673","5610968","80","84310"
"JH378198","5700794","5701067","KQ057186v1","783828","784085","74","4916966"
"JH378198","5882264","5882563","KQ055267v1","513773","514088","84","5368491"
"JH378198","5925920","5926215","KQ053421v1","5610673","5610968","70","315247"
"JH378198","5927242","5927433","KQ058427v1","11113103","11113283","58","5185861"
"JH378198","5960259","5960549","KQ053421v1","5610673","5610968","69","349586"
"JH378198","5994760","5995049","KQ053421v1","5610673","5610968","78","384087"
"JH378198","6039136","6039235","KQ056235v1","1266284","1266361","39","4772852"
"JH378198","6151826","6152134","KQ055267v1","513773","514088","81","5638053"
"JH378198","6152758","6152950","KQ058427v1","11113103","11113283","48","4960345"
"JH378198","6240274","6240575","KQ053421v1","5610673","5610968","77","629601"
"JH378198","6335942","6336248","KQ053421v1","5610673","5610968","94","725269"
"JH378198","6354823","6354985","KQ058350v1","9514178","9514352","34","3159355"
"JH378198","6384062","6384337","KQ058242v1","595939","596205","76","5788123"
"JH378198","6394320","6394617","KQ058427v1","7786546","7786853","85","1392226"
"JH378198","6396653","6396957","KQ055352v1","6003171","6003466","79","393482"
"JH378198","6438446","6438744","KQ053421v1","5610673","5610968","80","827773"
"JH378198","6472111","6472397","KQ053421v1","5610673","5610968","73","861438"
"JH378198","6503180","6503549","KQ053059v1","2548766","2549102","126","3954414"
"JH378198","6516655","6516937","KQ053421v1","5610673","5610968","80","905982"
"JH378198","6542270","6542601","KQ053059v1","2548766","2549102","86","3993504"
"JH378198","6549457","6549755","KQ055267v1","513773","514088","85","6035684"
"JH378198","6587945","6588249","KQ055352v1","6003171","6003466","71","584774"
"JH378198","6629638","6629904","KQ058242v1","595939","596205","79","6033699"
"JH378198","6773652","6773924","KQ058242v1","595939","596205","75","6177713"
"JH378198","6889280","6889575","KQ053421v1","5610673","5610968","81","1278607"
"JH378198","7058770","7058876","KQ056279v1","759081","759162","40","6299689"
"JH378198","7200789","7201057","KQ053883v1","6938067","6938331","94","262722"
"JH378198","7681838","7682098","KQ057901v1","868884","869144","81","6812954"
"JH378198","7694470","7694763","KQ058339v1","4553625","4553889","89","3140845"
"JH378198","7991233","7991489","KQ055717v1","1610777","1611031","86","6380456"
"JH378198","8065205","8065479","KQ058242v1","595939","596205","70","7469266"
"JH378198","8172490","8172596","KQ055579v1","54828","54918","43","8117662"
"JH378198","8229193","8229391","KQ053752v1","8015097","8015288","61","214096"
"JH378198","8304823","8304960","KQ054401v1","3363241","3363379","39","4941582"
"JH378198","8378087","8378320","KQ058274v1","300327","300497","92","8077760"
"JH378198","8387524","8387817","KQ058242v1","595939","596205","88","7791585"
"JH378198","8412311","8412604","KQ055862v1","1305285","1305561","93","7107026"
"JH378198","8418571","8418869","KQ053421v1","5610673","5610968","73","2807898"
"JH378198","8425460","8425766","KQ053421v1","5610673","5610968","77","2814787"
"JH378198","8426061","8426246","KQ058350v1","9514178","9514352","53","1088117"
"JH378198","8453986","8454280","KQ053421v1","5610673","5610968","72","2843313"
"JH378198","8464952","8465242","KQ055862v1","1305285","1305561","78","7159667"
"JH378198","8481610","8481915","KQ053421v1","5610673","5610968","73","2870937"
"JH378198","8483451","8483760","KQ053421v1","5610673","5610968","74","2872778"
"JH378198","8491511","8491709","ABDC02053644v1","2226","2419","64","8489285"
"JH378198","8495741","8496018","KQ053421v1","5610673","5610968","90","2885068"
"JH378198","8516919","8517207","KQ053785v1","888769","889063","88","7628150"
"JH378198","8542858","8543161","KQ053421v1","5610673","5610968","73","2932185"
"JH378198","8544975","8545273","KQ053421v1","5610673","5610968","62","2934302"
"JH378198","8576515","8576817","KQ053421v1","5610673","5610968","95","2965842"
"JH378198","8620198","8620256","KQ054444v1","39690","39742","30","8580508"
"JH378198","8620681","8620911","KQ058242v1","595939","596205","86","8024742"
"JH378198","8622044","8622297","KQ058242v1","595939","596205","72","8026105"
"JH378198","8637349","8637657","KQ055267v1","513773","514088","92","8123576"
"JH378198","8654619","8654898","KQ053421v1","5610673","5610968","80","3043946"
"JH378198","8695646","8695948","KQ053421v1","5610673","5610968","80","3084973"
"JH378198","8700848","8701138","KQ053421v1","5610673","5610968","87","3090175"
"JH378198","8733377","8733675","KQ053421v1","5610673","5610968","76","3122704"
"JH378198","8739327","8739606","KQ055862v1","1305285","1305561","82","7434042"
"JH378198","8771499","8771552","KQ053234v1","1679807","1679838","30","7091692"
"JH378198","8821652","8821939","KQ053421v1","5610673","5610968","85","3210979"
"JH378198","8822125","8822415","KQ058242v1","595939","596205","88","8226186"
"JH378198","8827339","8827605","KQ055862v1","1305285","1305561","84","7522054"
"JH378199","34844","35000","KQ053398v1","2623748","2623879","58","2588904"
"JH378199","39277","39580","KQ053421v1","5610673","5610968","76","5571396"
"JH378199","59284","59494","KQ058594v1","1033101","1033292","64","973817"
"JH378199","68270","68557","KQ053421v1","5610673","5610968","77","5542403"
"JH378199","68860","69156","KQ053421v1","5610673","5610968","88","5541813"
"JH378199","81330","81642","KQ055267v1","513773","514088","81","432443"
"JH378199","84589","84733","KQ053398v1","2623748","2623879","66","2539159"
"JH378199","184776","185066","KQ053421v1","5610673","5610968","74","5425897"
"JH378199","190194","190392","KQ058274v1","300327","300497","63","110133"
"JH378199","231152","231426","KQ053421v1","5610673","5610968","80","5379521"
"JH378199","309762","310055","KQ053421v1","5610673","5610968","70","5300911"
"JH378199","364899","365033","KQ053398v1","2627781","2627909","32","2262882"
"JH378199","365216","365371","KQ058638v1","1837830","1837985","38","1472614"
"JH378199","418796","419076","KQ053421v1","5610673","5610968","68","5191877"
"JH378199","443356","443640","KQ053421v1","5610673","5610968","78","5167317"
"JH378199","450718","450865","KQ053398v1","2627781","2627909","46","2177063"
"JH378199","466064","466354","KQ053421v1","5610673","5610968","73","5144609"
"JH378199","467729","468041","KQ058427v1","7786546","7786853","83","7318817"
"JH378199","480944","481243","KQ055352v1","6003171","6003466","67","5522227"
"JH378199","484989","485291","KQ053421v1","5610673","5610968","69","5125684"
"JH378199","486147","486435","KQ053421v1","5610673","5610968","76","5124526"
"JH378199","500927","501237","KQ058427v1","7786546","7786853","75","7285619"
"JH378199","637868","637996","KQ053398v1","2623748","2623879","29","1985880"
"JH378199","685555","685874","KQ058427v1","7786546","7786853","92","7100991"
"JH378199","747557","747713","KQ053993v1","1251070","1251235","49","503513"
"JH378199","816728","817034","KQ055352v1","6003171","6003466","84","5186443"
"JH378199","956954","957244","KQ053421v1","5610673","5610968","76","4653719"
"JH378199","1076659","1076959","KQ053421v1","5610673","5610968","90","4534014"
"JH378199","1089017","1089300","KQ055267v1","513773","514088","98","575244"
"JH378199","1159264","1159567","KQ053421v1","5610673","5610968","66","4451409"
"JH378199","1186658","1186931","KQ053421v1","5610673","5610968","88","4424015"
"JH378199","1241303","1241616","KQ053421v1","5610673","5610968","85","4369370"
"JH378199","1339305","1339573","KQ053421v1","5610673","5610968","87","4271368"
"JH378199","1376715","1377009","KQ053421v1","5610673","5610968","70","4233958"
"JH378199","1401576","1401876","KQ053421v1","5610673","5610968","68","4209097"
"JH378199","1440918","1441223","KQ053421v1","5610673","5610968","87","4169755"
"JH378199","1476918","1477152","KQ058242v1","595939","596205","83","880979"
"JH378199","1489320","1489608","KQ058339v1","4553625","4553889","89","3064305"
"JH378199","1499779","1500000","KQ055662v1","1890465","1890674","63","390686"
"JH378199","1502815","1503033","KQ058594v1","1033101","1033292","63","469714"
"JH378199","1530544","1530807","KQ057901v1","868884","869144","88","661660"
"JH378199","1554698","1555008","KQ055267v1","513773","514088","77","1040925"
"JH378199","1602911","1603070","KQ057449v1","1214348","1214489","51","388563"
"JH378199","1610738","1611040","KQ053421v1","5610673","5610968","79","3999935"
"JH378199","1649598","1649882","KQ053421v1","5610673","5610968","80","3961075"
"JH378199","1705439","1705764","KQ058394v1","9655127","9655422","93","7949688"
"JH378199","1727666","1727970","KQ053421v1","5610673","5610968","78","3883007"
"JH378199","1742304","1742596","KQ053421v1","5610673","5610968","77","3868369"
"JH378199","1746832","1747114","KQ055352v1","6003171","6003466","82","4256339"
"JH378199","1786610","1786781","ABDC02053644v1","2226","2419","76","1784384"
"JH378199","1816879","1817148","KQ058242v1","595939","596205","82","1220940"
"JH378199","1827298","1827597","KQ053421v1","5610673","5610968","86","3783375"
"JH378199","1949168","1949465","KQ058242v1","595939","596205","96","1353229"
"JH378199","1954182","1954478","KQ053421v1","5610673","5610968","76","3656491"
"JH378199","1954541","1954838","KQ058242v1","595939","596205","97","1358602"
"JH378199","1971623","1971933","KQ058427v1","7786546","7786853","78","5814923"
"JH378199","2027818","2028140","KQ055267v1","513773","514088","90","1514045"
"JH378199","2036522","2036823","KQ053421v1","5610673","5610968","79","3574151"
"JH378199","2043656","2043944","KQ055862v1","1305285","1305561","85","738371"
"JH378199","2053680","2054003","KQ058427v1","7786546","7786853","87","5732866"
"JH378199","2097154","2097456","KQ053421v1","5610673","5610968","79","3513519"
"JH378199","2257936","2258210","KQ058427v1","6786866","6787134","87","4528930"
"JH378199","2266043","2266341","KQ053421v1","5610673","5610968","81","3344630"
"JH378199","2287524","2287823","KQ053421v1","5610673","5610968","78","3323149"
"JH378199","2289417","2289706","KQ053421v1","5610673","5610968","71","3321256"
"JH378199","2298494","2298795","KQ053421v1","5610673","5610968","79","3312179"
"JH378199","2304816","2305134","KQ058427v1","7786546","7786853","74","5481730"
"JH378199","2312936","2313200","KQ057186v1","783828","784085","86","1529108"
"JH378199","2358222","2358511","KQ053421v1","5610673","5610968","79","3252451"
"JH378199","2401355","2401498","KQ056911v1","1421731","1421862","50","979624"
"JH378199","2413769","2414059","KQ053421v1","5610673","5610968","81","3196904"
"JH378199","2425253","2425516","KQ053883v1","6938067","6938331","87","4512814"
"JH378199","2493592","2493820","KQ055662v1","1890465","1890674","74","603127"
"JH378199","2496299","2496594","KQ058427v1","7786546","7786853","93","5290247"
"JH378199","2527108","2527343","KQ058505v1","2207051","2207301","85","320057"
"JH378199","2536535","2536836","KQ053421v1","5610673","5610968","71","3074138"
"JH378199","2576335","2576639","KQ053421v1","5610673","5610968","73","3034338"
"JH378199","2577061","2577338","KQ053421v1","5610673","5610968","85","3033612"
"JH378199","2697648","2697936","KQ053421v1","5610673","5610968","82","2913025"
"JH378199","2709255","2709477","KQ053234v1","1414405","1414609","77","1294850"
"JH378199","2806979","2807274","KQ053421v1","5610673","5610968","79","2803694"
"JH378199","2848887","2848991","KQ056493v1","2043382","2043488","34","805505"
"JH378199","2926975","2927060","KQ056235v1","1266284","1266361","27","1660691"
"JH378199","2930375","2930638","KQ058242v1","595939","596205","81","2334436"
"JH378199","2945374","2945670","KQ055267v1","513773","514088","77","2431601"
"JH378199","2968078","2968242","KQ052968v1","13665640","13665790","58","10697562"
"JH378199","2976705","2977013","KQ053421v1","5610673","5610968","81","2633968"
"JH378199","3157862","3158159","KQ053421v1","5610673","5610968","68","2452811"
"JH378199","3164767","3165058","KQ055267v1","513773","514088","94","2650994"
"JH378199","3226071","3226369","KQ053421v1","5610673","5610968","74","2384602"
"JH378199","3299659","3299960","KQ053421v1","5610673","5610968","79","2311014"
"JH378199","3541098","3541282","KQ058274v1","300327","300497","55","3240771"
"JH378199","3557221","3557523","KQ053421v1","5610673","5610968","72","2053452"
"JH378199","3632665","3632981","KQ055352v1","6003171","6003466","85","2370506"
"JH378199","3635656","3635944","KQ054815v1","2215557","2215844","88","1420099"
"JH378199","3639436","3639670","KQ055717v1","1610777","1611031","73","2028659"
"JH378199","3650399","3650705","KQ053421v1","5610673","5610968","68","1960274"
"JH378199","3715828","3716120","KQ053421v1","5610673","5610968","80","1894845"
"JH378199","3730152","3730460","KQ055267v1","513773","514088","84","3216379"
"JH378199","3735596","3735892","KQ053421v1","5610673","5610968","90","1875077"
"JH378199","3803156","3803254","KQ056235v1","1266284","1266361","32","2536872"
"JH378199","3853562","3853846","KQ053421v1","5610673","5610968","74","1757111"
"JH378199","3857704","3857998","KQ053421v1","5610673","5610968","73","1752969"
"JH378199","3881072","3881368","KQ053421v1","5610673","5610968","79","1729601"
"JH378199","3882334","3882639","KQ053421v1","5610673","5610968","94","1728339"
"JH378199","3884966","3885260","KQ053421v1","5610673","5610968","76","1725707"
"JH378199","3895605","3895726","KQ058316v1","6194306","6194449","56","2298701"
"JH378199","3896148","3896297","KQ053398v1","2623748","2623879","43","1272400"
"JH378199","3902715","3903024","KQ058427v1","7786546","7786853","83","3883831"
"JH378199","3908127","3908428","KQ055352v1","6003171","6003466","72","2095044"
"JH378199","3909014","3909292","KQ054815v1","2215557","2215844","82","1693457"
"JH378199","3935536","3935814","KQ053785v1","888769","889063","86","3046767"
"JH378199","3937333","3937614","KQ053421v1","5610673","5610968","75","1673340"
"JH378199","3950772","3951112","KQ053421v1","5610673","5610968","114","1659901"
"JH378199","3952546","3952744","KQ053234v1","1679581","1679757","62","2272965"
"JH378199","3972714","3973014","KQ053421v1","5610673","5610968","65","1637959"
"JH378199","3978985","3979268","KQ057901v1","868884","869144","98","3110101"
"JH378199","3997142","3997439","KQ053421v1","5610673","5610968","73","1613531"
"JH378199","4016932","4017158","KQ058274v1","300327","300497","94","3716605"
"JH378199","4058004","4058309","KQ058427v1","7786546","7786853","75","3728542"
"JH378199","4063328","4063587","KQ058242v1","595939","596205","67","3467389"
"JH378199","4075366","4075641","KQ058339v1","4553625","4553889","93","478259"
"JH378199","4095762","4096041","KQ057186v1","783828","784085","87","3311934"
"JH378199","4104844","4105149","KQ053421v1","5610673","5610968","69","1505829"
"JH378199","4120017","4120286","KQ058339v1","4553625","4553889","81","433608"
"JH378199","4249638","4249937","KQ053421v1","5610673","5610968","71","1361035"
"JH378199","4261541","4261841","KQ053421v1","5610673","5610968","82","1349132"
"JH378199","4276545","4276850","KQ055267v1","513773","514088","83","3762772"
"JH378199","4297664","4297970","KQ053421v1","5610673","5610968","71","1313009"
"JH378199","4306227","4306515","KQ053421v1","5610673","5610968","79","1304446"
"JH378199","4326167","4326263","KQ058272v1","5924923","5924994","41","1598756"
"JH378199","4326267","4326401","KQ053398v1","2623748","2623879","37","1702519"
"JH378199","4330476","4330599","KQ053398v1","2623748","2623879","46","1706728"
"JH378199","4352811","4353020","KQ058242v1","595939","596205","101","3756872"
"JH378199","4359883","4360187","KQ055267v1","513773","514088","73","3846110"
"JH378199","4366672","4366977","KQ053421v1","5610673","5610968","75","1244001"
"JH378199","4368974","4369179","KQ056064v1","326763","326940","75","4042211"
"JH378199","4371436","4371730","KQ053421v1","5610673","5610968","74","1239237"
"JH378199","4449288","4449563","KQ053421v1","5610673","5610968","87","1161385"
"JH378199","4462529","4462644","KQ056493v1","2043382","2043488","33","2419147"
"JH378199","4468779","4469056","KQ053421v1","5610673","5610968","73","1141894"
"JH378199","4474648","4474949","KQ053421v1","5610673","5610968","81","1136025"
"JH378199","4476041","4476139","KQ057161v1","453350","453459","26","4022691"
"JH378199","4483026","4483326","KQ058427v1","7786546","7786853","79","3303520"
"JH378199","4618170","4618380","KQ058274v1","300327","300497","73","4317843"
"JH378199","4692302","4692466","KQ053398v1","2623748","2623879","57","2068554"
"JH378199","4693462","4693624","KQ053993v1","1251070","1251235","43","3442392"
"JH378199","4710024","4710323","KQ053421v1","5610673","5610968","72","900649"
"JH378199","4723865","4724165","KQ055352v1","6003171","6003466","70","1279306"
"JH378199","4728371","4728669","KQ053421v1","5610673","5610968","61","882302"
"JH378199","4742739","4743036","KQ053421v1","5610673","5610968","86","867934"
"JH378199","4743040","4743287","KQ057909v1","9290159","9290423","96","4547119"
"JH378199","4745711","4746002","KQ053421v1","5610673","5610968","70","864962"
"JH378199","4751501","4751594","KQ056279v1","759081","759162","26","3992420"
"JH378199","4753364","4753681","KQ053421v1","5610673","5610968","88","857309"
"JH378199","4812392","4812692","KQ053421v1","5610673","5610968","76","798281"
"JH378199","4813867","4814010","KQ053398v1","2623748","2623879","41","2190119"
"JH378199","4814233","4814402","KQ058350v1","9514178","9514352","34","4699945"
"JH378199","4897540","4897822","KQ053421v1","5610673","5610968","88","713133"
"JH378199","4898099","4898319","KQ058509v1","24058","24271","63","4874041"
"JH378199","4949407","4949717","KQ055267v1","513773","514088","82","4435634"
"JH378199","4957113","4957386","KQ058242v1","595939","596205","65","4361174"
"JH378199","5163058","5163369","KQ055352v1","6003171","6003466","77","840113"
"JH378199","5180730","5181041","KQ058427v1","7786546","7786853","88","2605816"
"JH378199","5223164","5223450","KQ053421v1","5610673","5610968","73","387509"
"JH378199","5314395","5314628","KQ058242v1","595939","596205","86","4718456"
"JH378199","5644660","5644818","KQ053398v1","2623748","2623879","51","3020912"
"JH378199","5649840","5650183","KQ053421v1","5610673","5610968","117","39167"
"JH378199","5845134","5845426","KQ053421v1","5610673","5610968","68","234461"
"JH378199","5930453","5930746","KQ053421v1","5610673","5610968","85","319780"
"JH378199","5985296","5985414","KQ053398v1","2623748","2623879","45","3361548"
"JH378199","6027533","6027730","KQ058274v1","300327","300497","67","5727206"
"JH378199","6086405","6086716","KQ055352v1","6003171","6003466","72","83234"
"JH378199","6199732","6200036","KQ053421v1","5610673","5610968","91","589059"
"JH378199","6241860","6242161","KQ053421v1","5610673","5610968","70","631187"
"JH378199","6277445","6277746","KQ053421v1","5610673","5610968","73","666772"
"JH378199","6302257","6302492","KQ058509v1","24058","24271","70","6278199"
"JH378199","6410263","6410555","KQ053421v1","5610673","5610968","75","799590"
"JH378199","6507488","6507799","KQ055267v1","513773","514088","75","5993715"
"JH378199","6560147","6560451","KQ058427v1","7786546","7786853","76","1226399"
"JH378199","6573045","6573346","KQ053421v1","5610673","5610968","69","962372"
"JH378199","6619825","6620123","KQ053421v1","5610673","5610968","72","1009152"
"JH378199","6655522","6655829","KQ055352v1","6003171","6003466","72","652351"
"JH378199","6656105","6656413","KQ055267v1","513773","514088","77","6142332"
"JH378199","6667306","6667589","KQ053421v1","5610673","5610968","85","1056633"
"JH378199","6991955","6992271","KQ055352v1","6003171","6003466","76","988784"
"JH378199","7088524","7088832","KQ055267v1","513773","514088","73","6574751"
"JH378199","7294254","7294563","KQ055267v1","513773","514088","82","6780481"
"JH378199","7356208","7356509","KQ053421v1","5610673","5610968","82","1745535"
"JH378199","7361826","7362143","KQ055267v1","513773","514088","93","6848053"
"JH378199","7477365","7477510","KQ057449v1","1214348","1214489","39","6263017"
"JH378199","7652962","7653261","KQ053421v1","5610673","5610968","81","2042289"
"JH378199","7680612","7680921","KQ055267v1","513773","514088","71","7166839"
"JH378199","7706030","7706321","KQ053421v1","5610673","5610968","82","2095357"
"JH378199","7716537","7716709","KQ056064v1","326763","326940","61","7389774"
"JH378199","7717660","7717709","KQ053234v1","1679807","1679838","26","6037853"
"JH378199","7735144","7735397","KQ058242v1","595939","596205","78","7139205"
"JH378199","7785679","7785969","KQ053421v1","5610673","5610968","80","2175006"
"JH378199","7792358","7792667","KQ055267v1","513773","514088","73","7278585"
"JH378199","7806631","7806805","KQ053993v1","1251070","1251235","46","6555561"
"JH378199","7966874","7967189","KQ055267v1","513773","514088","88","7453101"
"JH378199","8155559","8155868","KQ053421v1","5610673","5610968","75","2544886"
"JH378199","8225803","8226090","KQ053421v1","5610673","5610968","87","2615130"
"JH378199","8233992","8234286","KQ053421v1","5610673","5610968","76","2623319"
"JH378199","8270062","8270354","KQ053421v1","5610673","5610968","66","2659389"
"JH378199","8280443","8280739","KQ053421v1","5610673","5610968","80","2669770"
"JH378199","8318993","8319161","KQ058350v1","9514178","9514352","29","1195185"
"JH378199","8336790","8336983","KQ053531v1","6571","6737","69","8330219"
"JH378199","8337167","8337288","KQ052968v1","13665640","13665790","51","5328473"
"JH378199","8369849","8370118","KQ053421v1","5610673","5610968","90","2759176"
"JH378199","8371719","8371998","KQ058242v1","595939","596205","80","7775780"
"JH378199","8373255","8373558","KQ053421v1","5610673","5610968","74","2762582"
"JH378199","8401493","8401768","KQ053421v1","5610673","5610968","84","2790820"
"JH378199","8415271","8415356","KQ056235v1","1266284","1266361","24","7148987"
"JH378199","8415429","8415754","KQ058427v1","7786546","7786853","90","628883"
"JH378199","8436378","8436671","KQ053421v1","5610673","5610968","79","2825705"
"JH378199","8485390","8485664","KQ058242v1","595939","596205","85","7889451"
"JH378199","8597432","8597721","KQ053421v1","5610673","5610968","77","2986759"
"JH378199","8607734","8608018","KQ053421v1","5610673","5610968","80","2997061"
"JH378199","8615019","8615292","KQ053421v1","5610673","5610968","86","3004346"
"JH378199","8669558","8669868","KQ058427v1","7786546","7786853","79","883012"
"JH378199","8692147","8692451","KQ055267v1","513773","514088","84","8178374"
"JH378199","8733100","8733413","KQ055352v1","6003171","6003466","73","2729929"
"JH378199","8743922","8744227","KQ055352v1","6003171","6003466","69","2740751"
"JH378199","8770015","8770139","KQ053004v1","3064551","3064681","45","5705464"
"JH378200","1","194","KQ058594v1","5950443","5950621","80","5950442"
"JH378200","76826","77109","KQ055267v1","513773","514088","93","436947"
"JH378200","132678","132977","KQ053421v1","5610673","5610968","79","5477995"
"JH378200","384043","384337","KQ053421v1","5610673","5610968","72","5226630"
"JH378200","390298","390554","KQ058242v1","595939","596205","76","205641"
"JH378200","504758","505058","KQ053421v1","5610673","5610968","84","5105915"
"JH378200","579440","579742","KQ053421v1","5610673","5610968","84","5031233"
"JH378200","590881","591186","KQ053421v1","5610673","5610968","78","5019792"
"JH378200","645320","645631","KQ053421v1","5610673","5610968","84","4965353"
"JH378200","649144","649318","KQ058274v1","300327","300497","61","348817"
"JH378200","656180","656464","KQ055862v1","1305285","1305561","89","649105"
"JH378200","681641","681951","KQ058427v1","7786546","7786853","84","7104905"
"JH378200","771709","772012","KQ053421v1","5610673","5610968","85","4838964"
"JH378200","781127","781409","KQ053785v1","888769","889063","73","107642"
"JH378200","1074830","1075122","KQ053421v1","5610673","5610968","82","4535843"
"JH378200","1204874","1205141","KQ055862v1","1305285","1305561","83","100411"
"JH378200","1370761","1371064","KQ053421v1","5610673","5610968","91","4239912"
"JH378200","1410644","1410916","KQ058242v1","595939","596205","77","814705"
"JH378200","1639635","1639944","KQ053421v1","5610673","5610968","77","3971038"
"JH378200","1677265","1677582","KQ058427v1","7786546","7786853","87","6109281"
"JH378200","1702199","1702501","KQ053421v1","5610673","5610968","90","3908474"
"JH378200","1747482","1747794","KQ058427v1","7786546","7786853","72","6039064"
"JH378200","1777495","1777791","KQ053421v1","5610673","5610968","70","3833178"
"JH378200","1782921","1783213","KQ053421v1","5610673","5610968","83","3827752"
"JH378200","1897861","1898170","KQ053421v1","5610673","5610968","86","3712812"
"JH378200","1938190","1938496","KQ053421v1","5610673","5610968","78","3672483"
"JH378200","1998609","1998787","KQ058350v1","9514178","9514352","42","7515569"
"JH378200","2008058","2008372","KQ055267v1","513773","514088","82","1494285"
"JH378200","2062783","2063078","KQ053421v1","5610673","5610968","78","3547890"
"JH378200","2257888","2258195","KQ055267v1","513773","514088","69","1744115"
"JH378200","2319514","2319732","KQ055662v1","1890465","1890674","62","429049"
"JH378200","2340174","2340474","KQ053421v1","5610673","5610968","81","3270499"
"JH378200","2354401","2354708","KQ055352v1","6003171","6003466","70","3648770"
"JH378200","2369103","2369404","KQ053421v1","5610673","5610968","74","3241570"
"JH378200","2712157","2712430","KQ057186v1","783828","784085","83","1928329"
"JH378200","2728468","2728715","KQ058242v1","595939","596205","86","2132529"
"JH378200","2871395","2871692","KQ053421v1","5610673","5610968","68","2739278"
"JH378200","3074987","3075289","KQ053421v1","5610673","5610968","69","2535686"
"JH378200","3081098","3081252","KQ053993v1","1251070","1251235","48","1830028"
"JH378200","3171461","3171753","KQ058427v1","7786546","7786853","106","4615085"
"JH378200","3174784","3175085","KQ053421v1","5610673","5610968","91","2435889"
"JH378200","3215047","3215327","KQ055830v1","661716","661986","91","2553331"
"JH378200","3342558","3342861","KQ053421v1","5610673","5610968","83","2268115"
"JH378200","3368863","3369161","KQ053421v1","5610673","5610968","76","2241810"
"JH378200","3427240","3427492","KQ057186v1","783828","784085","78","2643412"
"JH378200","3430896","3431191","KQ053421v1","5610673","5610968","84","2179777"
"JH378200","3453369","3453628","KQ058242v1","595939","596205","90","2857430"
"JH378200","3474771","3475079","KQ058427v1","7786546","7786853","77","4311775"
"JH378200","3488102","3488449","KQ053059v1","2548766","2549102","210","939336"
"JH378200","3495779","3496074","KQ053421v1","5610673","5610968","96","2114894"
"JH378200","3515449","3515740","KQ053421v1","5610673","5610968","80","2095224"
"JH378200","3607050","3607361","KQ053421v1","5610673","5610968","98","2003623"
"JH378200","3642063","3642329","KQ058242v1","595939","596205","72","3046124"
"JH378200","3776777","3777090","KQ055267v1","513773","514088","77","3263004"
"JH378200","3815618","3815888","KQ058505v1","2207051","2207301","91","1608567"
"JH378200","3831990","3832288","KQ058394v1","9655127","9655422","83","5823137"
"JH378200","3846834","3847107","KQ053421v1","5610673","5610968","89","1763839"
"JH378200","3916734","3917030","KQ053421v1","5610673","5610968","96","1693939"
"JH378200","3941589","3941891","KQ053421v1","5610673","5610968","78","1669084"
"JH378200","3951243","3951539","KQ057901v1","868884","869144","97","3082359"
"JH378200","3963908","3964207","KQ053421v1","5610673","5610968","78","1646765"
"JH378200","3985309","3985606","KQ053421v1","5610673","5610968","71","1625364"
"JH378200","4006552","4006819","KQ057901v1","868884","869144","88","3137668"
"JH378200","4008650","4008885","KQ052982v1","2032903","2033097","72","1975747"
"JH378200","4014857","4015156","KQ053421v1","5610673","5610968","78","1595816"
"JH378200","4046927","4047234","KQ055352v1","6003171","6003466","178","1956244"
"JH378200","4068904","4069209","KQ053421v1","5610673","5610968","74","1541769"
"JH378200","4086648","4086952","KQ055267v1","513773","514088","69","3572875"
"JH378200","4165710","4165994","KQ054815v1","2215557","2215844","73","1950153"
"JH378200","4311399","4311695","KQ053421v1","5610673","5610968","85","1299274"
"JH378200","4384419","4384710","KQ058242v1","595939","596205","80","3788480"
"JH378200","4410683","4410936","KQ058505v1","2207051","2207301","88","2203632"
"JH378200","4482274","4482575","KQ053421v1","5610673","5610968","71","1128399"
"JH378200","4494185","4494477","KQ053421v1","5610673","5610968","80","1116488"
"JH378200","4543644","4543939","KQ058427v1","7786546","7786853","94","3242902"
"JH378200","4677357","4677656","KQ053421v1","5610673","5610968","70","933316"
"JH378200","4766064","4766197","KQ052968v1","13665640","13665790","52","8899576"
"JH378200","4970006","4970304","KQ053421v1","5610673","5610968","67","640667"
"JH378200","4996930","4997243","KQ058427v1","7786546","7786853","79","2789616"
"JH378200","5076338","5076647","KQ055352v1","6003171","6003466","72","926833"
"JH378200","5088720","5089023","KQ055352v1","6003171","6003466","71","914451"
"JH378200","5244566","5244898","KQ053421v1","5610673","5610968","89","366107"
"JH378200","5246327","5246618","KQ053421v1","5610673","5610968","72","364346"
"JH378200","5299745","5300043","KQ053421v1","5610673","5610968","71","310928"
"JH378200","5304190","5304489","KQ053421v1","5610673","5610968","70","306483"
"JH378200","5504618","5504928","KQ058427v1","7786546","7786853","80","2281928"
"JH378200","5544980","5545287","KQ055352v1","6003171","6003466","71","458191"
"JH378200","5558866","5559157","KQ053785v1","888769","889063","84","4670097"
"JH378200","5711406","5711549","KQ054401v1","3363241","3363379","48","2348165"
"JH378200","5742522","5742774","KQ058505v1","2207051","2207301","84","3535471"
"JH378200","5808614","5808909","KQ053421v1","5610673","5610968","74","197941"
"JH378200","5979804","5980104","KQ053421v1","5610673","5610968","64","369131"
"JH378200","6210811","6211086","KQ058505v1","2207051","2207301","91","4003760"
"JH378200","6232557","6232718","KQ058594v1","2771639","2771800","43","3460918"
"JH378200","6391388","6391707","KQ058427v1","7786546","7786853","89","1395158"
"JH378200","6626693","6627005","KQ058427v1","7786546","7786853","85","1159853"
"JH378200","6666210","6666521","KQ053421v1","5610673","5610968","85","1055537"
"JH378200","6763464","6763783","KQ055267v1","513773","514088","83","6249691"
"JH378200","6829524","6829860","KQ053421v1","5610673","5610968","102","1218851"
"JH378200","6878728","6879013","KQ058427v1","7786546","7786853","92","907818"
"JH378200","6879564","6879874","KQ055267v1","513773","514088","95","6365791"
"JH378200","6961321","6961440","KQ053398v1","2623748","2623879","46","4337573"
"JH378200","6981374","6981671","KQ053421v1","5610673","5610968","65","1370701"
"JH378200","6991574","6991829","KQ058242v1","595939","596205","75","6395635"
"JH378200","7080622","7080935","KQ053421v1","5610673","5610968","89","1469949"
"JH378200","7084256","7084561","KQ058427v1","7786546","7786853","79","702290"
"JH378200","7096344","7096675","KQ053421v1","5610673","5610968","99","1485671"
"JH378200","7255539","7255673","KQ057781v1","1047045","1047171","57","6208494"
"JH378200","7267284","7267574","KQ053421v1","5610673","5610968","85","1656611"
"JH378200","7268348","7268653","KQ053421v1","5610673","5610968","98","1657675"
"JH378200","7292931","7293235","KQ058427v1","7786546","7786853","76","493615"
"JH378200","7356552","7356818","KQ053785v1","888769","889063","96","6467783"
"JH378200","7398262","7398397","KQ057161v1","453350","453459","55","6944912"
"JH378200","7411650","7411824","KQ054179v1","3404435","3404595","44","4007215"
"JH378200","7793810","7794070","KQ058339v1","4553625","4553889","82","3240185"
"JH378200","7830017","7830328","KQ055352v1","6003171","6003466","72","1826846"
"JH378200","7836756","7837049","KQ053421v1","5610673","5610968","75","2226083"
"JH378200","7852511","7852821","KQ055267v1","513773","514088","73","7338738"
"JH378200","7854692","7855014","KQ058427v1","7786546","7786853","96","68146"
"JH378200","7928298","7928566","KQ057901v1","868884","869144","86","7059414"
"JH378200","7959471","7959772","KQ055267v1","513773","514088","78","7445698"
"JH378200","8000181","8000481","KQ053421v1","5610673","5610968","81","2389508"
"JH378200","8056623","8056903","KQ053421v1","5610673","5610968","81","2445950"
"JH378200","8061712","8061865","KQ058638v1","1837830","1837985","43","6223882"
"JH378200","8131564","8131816","KQ055717v1","1610777","1611031","88","6520787"
"JH378200","8190019","8190330","KQ055352v1","6003171","6003466","74","2186848"
"JH378200","8190818","8191121","KQ058427v1","7786546","7786853","84","404272"
"JH378200","8194649","8194957","KQ055352v1","6003171","6003466","71","2191478"
"JH378200","8296082","8296396","KQ058427v1","7786546","7786853","82","509536"
"JH378200","8414499","8414807","KQ055267v1","513773","514088","73","7900726"
"JH378200","8422909","8423144","KQ055662v1","1890465","1890674","73","6532444"
"JH378200","8467287","8467586","KQ053421v1","5610673","5610968","80","2856614"
"JH378200","8631685","8631971","KQ058242v1","595939","596205","81","8035746"
"JH378200","8633795","8634006","KQ053234v1","1679581","1679757","77","6954214"
"JH378200","8645217","8645415","KQ052982v1","2032903","2033097","53","6612314"
"JH378200","8645516","8645630","KQ053398v1","2623748","2623879","42","6021768"
"JH378200","8653420","8653707","KQ055267v1","513773","514088","87","8139647"
"JH378201","53769","54071","KQ053421v1","5610673","5610968","71","5556904"
"JH378201","140182","140478","KQ053421v1","5610673","5610968","68","5470491"
"JH378201","151396","151642","KQ057186v1","783828","784085","97","632432"
"JH378201","193114","193398","KQ053785v1","888769","889063","81","695655"
"JH378201","227646","227952","KQ053421v1","5610673","5610968","84","5383027"
"JH378201","231161","231446","KQ053421v1","5610673","5610968","79","5379512"
"JH378201","263419","263715","KQ053421v1","5610673","5610968","77","5347254"
"JH378201","291260","291382","KQ053398v1","2623748","2623879","35","2332488"
"JH378201","296583","296900","KQ053785v1","888769","889063","123","592186"
"JH378201","307142","307289","KQ052968v1","13665640","13665790","52","13358498"
"JH378201","307786","307954","KQ058274v1","300327","300497","61","7459"
"JH378201","339788","340099","KQ055352v1","6003171","6003466","70","5663383"
"JH378201","352541","352844","KQ053421v1","5610673","5610968","71","5258132"
"JH378201","384528","384799","KQ058427v1","6786866","6787134","105","6402338"
"JH378201","404243","404535","KQ053421v1","5610673","5610968","77","5206430"
"JH378201","405119","405429","KQ058427v1","7786546","7786853","83","7381427"
"JH378201","477657","477925","KQ054815v1","2215557","2215844","97","1737900"
"JH378201","486246","486550","KQ053421v1","5610673","5610968","67","5124427"
"JH378201","487649","487939","KQ053421v1","5610673","5610968","67","5123024"
"JH378201","494581","494870","KQ053421v1","5610673","5610968","79","5116092"
"JH378201","577820","577925","KQ056493v1","2043382","2043488","46","1465562"
"JH378201","585590","585747","KQ054510v1","7582269","7582431","43","6996679"
"JH378201","600239","600535","KQ053421v1","5610673","5610968","82","5010434"
"JH378201","618870","619178","KQ053421v1","5610673","5610968","85","4991803"
"JH378201","642130","642360","KQ058242v1","595939","596205","89","46191"
"JH378201","644016","644235","KQ054068v1","3638075","3638299","62","2994059"
"JH378201","661212","661504","KQ053421v1","5610673","5610968","77","4949461"
"JH378201","687310","687606","KQ053421v1","5610673","5610968","77","4923363"
"JH378201","690012","690314","KQ053421v1","5610673","5610968","70","4920661"
"JH378201","694021","694288","KQ055862v1","1305285","1305561","70","611264"
"JH378201","730714","730835","KQ053398v1","2623748","2623879","38","1893034"
"JH378201","732559","732764","KQ052982v1","2032903","2033097","55","1300344"
"JH378201","789545","789838","KQ053421v1","5610673","5610968","69","4821128"
"JH378201","793129","793430","KQ053421v1","5610673","5610968","69","4817544"
"JH378201","813956","814260","KQ058427v1","7786546","7786853","74","6972590"
"JH378201","898858","899168","KQ055352v1","6003171","6003466","76","5104313"
"JH378201","952051","952363","KQ055267v1","513773","514088","75","438278"
"JH378201","1024014","1024317","KQ055352v1","6003171","6003466","73","4979157"
"JH378201","1055073","1055380","KQ058427v1","7786546","7786853","72","6731473"
"JH378201","1067677","1067975","KQ053421v1","5610673","5610968","68","4542996"
"JH378201","1151684","1151991","KQ055352v1","6003171","6003466","75","4851487"
"JH378201","1279121","1279382","KQ058505v1","2207051","2207301","90","927930"
"JH378201","1380139","1380446","KQ053421v1","5610673","5610968","82","4230534"
"JH378201","1521461","1521767","KQ053421v1","5610673","5610968","77","4089212"
"JH378201","1669772","1670071","KQ053421v1","5610673","5610968","68","3940901"
"JH378201","1867403","1867713","KQ053421v1","5610673","5610968","69","3743270"
"JH378201","1957817","1958124","KQ053421v1","5610673","5610968","74","3652856"
"JH378201","2028520","2028783","KQ053883v1","6938067","6938331","92","4909547"
"JH378201","2146156","2146465","KQ053421v1","5610673","5610968","73","3464517"
"JH378201","2195089","2195396","KQ053421v1","5610673","5610968","81","3415584"
"JH378201","2242846","2243009","KQ053531v1","6571","6737","59","2236275"
"JH378201","2300879","2301002","KQ053398v1","2627781","2627909","37","326902"
"JH378201","2325832","2325916","KQ056235v1","1266284","1266361","25","1059548"
"JH378201","2448629","2448947","KQ058427v1","7786546","7786853","88","5337917"
"JH378201","2672157","2672416","KQ057901v1","868884","869144","82","1803273"
"JH378201","2717104","2717401","KQ053421v1","5610673","5610968","79","2893569"
"JH378201","2865457","2865666","KQ052982v1","2032903","2033097","66","832554"
"JH378201","2884467","2884757","KQ053421v1","5610673","5610968","93","2726206"
"JH378201","2912892","2913185","KQ053421v1","5610673","5610968","73","2697781"
"JH378201","3008465","3008761","KQ053421v1","5610673","5610968","74","2602208"
"JH378201","3123857","3124156","KQ053421v1","5610673","5610968","67","2486816"
"JH378201","3169784","3170070","KQ053421v1","5610673","5610968","83","2440889"
"JH378201","3311478","3311654","KQ057449v1","1214348","1214489","64","2097130"
"JH378201","3352628","3352922","KQ053421v1","5610673","5610968","81","2258045"
"JH378201","3373199","3373514","KQ053135v1","5034940","5035266","95","1661741"
"JH378201","3378257","3378420","KQ058594v1","2771639","2771800","50","606618"
"JH378201","3395488","3395734","KQ057186v1","783828","784085","90","2611660"
"JH378201","3412974","3413187","KQ058594v1","5950443","5950621","79","2537469"
"JH378201","3435499","3435793","KQ053421v1","5610673","5610968","77","2175174"
"JH378201","3466423","3466701","KQ053785v1","888769","889063","79","2577654"
"JH378201","3554662","3554955","KQ053421v1","5610673","5610968","80","2056011"
"JH378201","3988323","3988602","KQ058242v1","595939","596205","82","3392384"
"JH378201","4030504","4030802","KQ053421v1","5610673","5610968","80","1580169"
"JH378201","4135203","4135489","KQ053421v1","5610673","5610968","76","1475470"
"JH378201","4281397","4281699","KQ053421v1","5610673","5610968","86","1329276"
"JH378201","4331554","4331831","KQ053421v1","5610673","5610968","72","1279119"
"JH378201","4422298","4422581","KQ054815v1","2215557","2215844","88","2206741"
"JH378201","4509744","4510047","KQ058242v1","595939","596205","92","3913805"
"JH378201","4536233","4536517","KQ053421v1","5610673","5610968","86","1074440"
"JH378201","4681662","4681966","KQ058427v1","7786546","7786853","81","3104884"
"JH378201","4733755","4734017","KQ055717v1","1610777","1611031","88","3122978"
"JH378201","4822811","4823105","KQ053806v1","635655","635936","115","4187156"
"JH378201","4890054","4890358","KQ055352v1","6003171","6003466","71","1113117"
"JH378201","4941933","4942204","KQ058339v1","4553625","4553889","88","388308"
"JH378201","4959415","4959724","KQ055352v1","6003171","6003466","75","1043756"
"JH378201","5005181","5005461","KQ053785v1","888769","889063","75","4116412"
"JH378201","5172206","5172512","KQ055352v1","6003171","6003466","77","830965"
"JH378201","5197941","5198243","KQ053421v1","5610673","5610968","81","412732"
"JH378201","5292464","5292589","KQ053398v1","2623748","2623879","34","2668716"
"JH378201","5567422","5567718","KQ053421v1","5610673","5610968","68","43251"
"JH378201","5571113","5571403","KQ053421v1","5610673","5610968","87","39560"
"JH378201","6289879","6290175","KQ053421v1","5610673","5610968","73","679206"
"JH378201","6406878","6407179","KQ053421v1","5610673","5610968","73","796205"
"JH378201","6452662","6452973","KQ055267v1","513773","514088","80","5938889"
"JH378201","6541923","6542212","KQ053421v1","5610673","5610968","73","931250"
"JH378201","6598581","6598872","KQ053785v1","888769","889063","83","5709812"
"JH378201","6609025","6609333","KQ055352v1","6003171","6003466","75","605854"
"JH378201","6758132","6758427","KQ053421v1","5610673","5610968","73","1147459"
"JH378201","6971768","6972054","KQ053421v1","5610673","5610968","86","1361095"
"JH378201","7009097","7009390","KQ053421v1","5610673","5610968","70","1398424"
"JH378201","7127809","7127990","KQ056064v1","326763","326940","53","6801046"
"JH378201","7146964","7147245","KQ058339v1","4553625","4553889","76","2593339"
"JH378201","7237930","7238169","KQ055662v1","1890465","1890674","80","5347465"
"JH378201","7344468","7344774","KQ053421v1","5610673","5610968","80","1733795"
"JH378201","7428526","7428805","KQ053421v1","5610673","5610968","93","1817853"
"JH378201","7445291","7445378","KQ056235v1","1266284","1266361","29","6179007"
"JH378201","7461094","7461388","KQ053421v1","5610673","5610968","71","1850421"
"JH378201","7464305","7464459","KQ058638v1","1837830","1837985","43","5626475"
"JH378201","7476809","7477129","KQ053421v1","5610673","5610968","88","1866136"
"JH378201","7507632","7507937","KQ055267v1","513773","514088","73","6993859"
"JH378201","7535565","7535863","KQ053421v1","5610673","5610968","77","1924892"
"JH378201","7585008","7585316","KQ058427v1","7786546","7786853","78","201538"
"JH378201","7660021","7660222","KQ055662v1","1890465","1890674","70","5769556"
"JH378201","7669640","7669754","KQ053398v1","2623748","2623879","41","5045892"
"JH378201","7687219","7687466","KQ058509v1","24058","24271","78","7663161"
"JH378201","7725514","7725646","KQ053398v1","2623748","2623879","35","5101766"
"JH378201","7737305","7737614","KQ055267v1","513773","514088","83","7223532"
"JH378201","7738552","7738849","KQ053421v1","5610673","5610968","74","2127879"
"JH378201","7772629","7772924","KQ055352v1","6003171","6003466","83","1769458"
"JH378201","7844801","7845079","KQ053883v1","6938067","6938331","95","906734"
"JH378201","7858584","7858858","KQ058242v1","595939","596205","80","7262645"
"JH378201","7948926","7949223","KQ053421v1","5610673","5610968","80","2338253"
"JH378201","7976297","7976579","KQ053421v1","5610673","5610968","81","2365624"
"JH378201","7980367","7980665","KQ053421v1","5610673","5610968","69","2369694"
"JH378201","7988243","7988541","KQ053421v1","5610673","5610968","73","2377570"
"JH378201","8008264","8008578","KQ055352v1","6003171","6003466","79","2005093"
"JH378201","8233441","8233687","KQ054068v1","3638075","3638299","85","4595366"
"JH378201","8254997","8255291","KQ053421v1","5610673","5610968","72","2644324"
"JH378201","8297637","8297946","KQ053421v1","5610673","5610968","191","2686964"
"JH378201","8302049","8302343","KQ053421v1","5610673","5610968","69","2691376"
"JH378201","8309650","8309860","KQ056147v1","2861940","2862121","93","5447710"
"JH378201","8332200","8332486","KQ055862v1","1305285","1305561","75","7026915"
"JH378201","8357319","8357597","KQ053785v1","888769","889063","83","7468550"
"JH378201","8383795","8384101","KQ053421v1","5610673","5610968","81","2773122"
"JH378201","8428236","8428532","KQ053421v1","5610673","5610968","91","2817563"
"JH378201","8432653","8432947","KQ053421v1","5610673","5610968","77","2821980"
"JH378201","8555908","8556238","KQ055352v1","6003171","6003466","95","2552737"
"JH378202","27689","27986","KQ055267v1","513773","514088","81","486084"
"JH378202","97674","97970","KQ053421v1","5610673","5610968","75","5512999"
"JH378202","164946","165256","KQ055267v1","513773","514088","72","348827"
"JH378202","173729","174019","KQ056761v1","3147539","3147847","86","2973810"
"JH378202","283635","283940","KQ055352v1","6003171","6003466","71","5719536"
"JH378202","341956","342246","KQ053421v1","5610673","5610968","95","5268717"
"JH378202","358410","358691","KQ058339v1","4553625","4553889","79","4195215"
"JH378202","546213","546511","KQ053421v1","5610673","5610968","73","5064460"
"JH378202","578843","579151","KQ055352v1","6003171","6003466","75","5424328"
"JH378202","709223","709499","KQ054815v1","2215557","2215844","89","1506334"
"JH378202","743495","743796","KQ053421v1","5610673","5610968","79","4867178"
"JH378202","984132","984263","KQ053398v1","2623748","2623879","37","1639616"
"JH378202","1079759","1080056","KQ053421v1","5610673","5610968","70","4530914"
"JH378202","1146812","1147135","KQ055352v1","6003171","6003466","85","4856359"
"JH378202","1213878","1214166","KQ053421v1","5610673","5610968","83","4396795"
"JH378202","1243104","1243393","KQ053421v1","5610673","5610968","82","4367569"
"JH378202","1371517","1371823","KQ053421v1","5610673","5610968","71","4239156"
"JH378202","1463761","1464036","KQ053785v1","888769","889063","85","574992"
"JH378202","1470442","1470741","KQ053421v1","5610673","5610968","75","4140231"
"JH378202","1533388","1533668","KQ055862v1","1305285","1305561","93","228103"
"JH378202","1625925","1626249","KQ055267v1","513773","514088","88","1112152"
"JH378202","1687107","1687396","KQ058427v1","6786866","6787134","94","5099759"
"JH378202","1735459","1735754","KQ053421v1","5610673","5610968","73","3875214"
"JH378202","1755392","1755702","KQ055352v1","6003171","6003466","73","4247779"
"JH378202","2326408","2326698","KQ053421v1","5610673","5610968","72","3284265"
"JH378202","2427886","2428163","KQ057186v1","783828","784085","76","1644058"
"JH378202","2442506","2442801","KQ053421v1","5610673","5610968","66","3168167"
"JH378202","2494079","2494364","KQ055267v1","513773","514088","87","1980306"
"JH378202","2607539","2607832","KQ058427v1","7786546","7786853","90","5179007"
"JH378202","2695860","2696160","KQ053421v1","5610673","5610968","69","2914813"
"JH378202","2795311","2795617","KQ055352v1","6003171","6003466","69","3207860"
"JH378202","2799164","2799448","KQ053421v1","5610673","5610968","84","2811509"
"JH378202","2864505","2864810","KQ053421v1","5610673","5610968","78","2746168"
"JH378202","2907506","2907812","KQ055352v1","6003171","6003466","71","3095665"
"JH378202","2910757","2911059","KQ053421v1","5610673","5610968","71","2699916"
"JH378202","2924756","2925060","KQ055352v1","6003171","6003466","72","3078415"
"JH378202","2943204","2943503","KQ053421v1","5610673","5610968","66","2667469"
"JH378202","2965338","2965650","KQ055267v1","513773","514088","85","2451565"
"JH378202","2970854","2971148","KQ053421v1","5610673","5610968","68","2639819"
"JH378202","3043910","3044207","KQ053421v1","5610673","5610968","74","2566763"
"JH378202","3075567","3075866","KQ053421v1","5610673","5610968","69","2535106"
"JH378202","3106372","3106656","KQ053421v1","5610673","5610968","81","2504301"
"JH378202","3142951","3143095","KQ058428v1","1396698","1396861","53","1746253"
"JH378202","3209428","3209738","KQ055352v1","6003171","6003466","71","2793743"
"JH378202","3214061","3214352","KQ053421v1","5610673","5610968","80","2396612"
"JH378202","3234508","3234817","KQ055267v1","513773","514088","93","2720735"
"JH378202","3491082","3491399","KQ055267v1","513773","514088","87","2977309"
"JH378202","3497383","3497672","KQ053421v1","5610673","5610968","78","2113290"
"JH378202","3597129","3597398","KQ057186v1","783828","784085","72","2813301"
"JH378202","3836051","3836354","KQ053421v1","5610673","5610968","79","1774622"
"JH378202","3885756","3886043","KQ053421v1","5610673","5610968","85","1724917"
"JH378202","4157186","4157471","KQ055862v1","1305285","1305561","73","2851901"
"JH378202","4497708","4498000","KQ053421v1","5610673","5610968","87","1112965"
"JH378202","4507974","4508272","KQ053421v1","5610673","5610968","67","1102699"
"JH378202","4526398","4526705","KQ055352v1","6003171","6003466","74","1476773"
"JH378202","4541926","4542137","KQ058274v1","300327","300497","87","4241599"
"JH378202","4853908","4854202","KQ053421v1","5610673","5610968","69","756765"
"JH378202","4876082","4876390","KQ058427v1","7786546","7786853","79","2910464"
"JH378202","4956502","4956808","KQ055352v1","6003171","6003466","72","1046669"
"JH378202","5017749","5018056","KQ055267v1","513773","514088","84","4503976"
"JH378202","5045840","5046072","KQ058242v1","595939","596205","85","4449901"
"JH378202","5090398","5090671","KQ055862v1","1305285","1305561","92","3785113"
"JH378202","5158416","5158720","KQ053421v1","5610673","5610968","66","452257"
"JH378202","5161905","5162208","KQ055352v1","6003171","6003466","68","841266"
"JH378202","5229335","5229638","KQ053421v1","5610673","5610968","88","381338"
"JH378202","5253772","5254072","KQ053421v1","5610673","5610968","82","356901"
"JH378202","5491800","5492106","KQ055352v1","6003171","6003466","69","511371"
"JH378202","5497924","5498192","KQ055717v1","1610777","1611031","89","3887147"
"JH378202","5499502","5499801","KQ053421v1","5610673","5610968","68","111171"
"JH378202","5514732","5515030","KQ053421v1","5610673","5610968","72","95941"
"JH378202","5747226","5747521","KQ053421v1","5610673","5610968","76","136553"
"JH378202","5808419","5808728","KQ055267v1","513773","514088","72","5294646"
"JH378202","5858107","5858397","KQ057901v1","868884","869144","104","4989223"
"JH378202","5891754","5892065","KQ055267v1","513773","514088","77","5377981"
"JH378202","6139852","6140169","KQ055267v1","513773","514088","84","5626079"
"JH378202","6161959","6162269","KQ055267v1","513773","514088","74","5648186"
"JH378202","6168832","6169129","KQ053421v1","5610673","5610968","75","558159"
"JH378202","6210698","6210836","KQ056493v1","2043382","2043488","55","4167316"
"JH378202","6395908","6396198","KQ053421v1","5610673","5610968","76","785235"
"JH378202","6437336","6437549","KQ058274v1","300327","300497","77","6137009"
"JH378202","6525390","6525656","KQ055862v1","1305285","1305561","84","5220105"
"JH378202","6532302","6532601","KQ053421v1","5610673","5610968","72","921629"
"JH378202","6583498","6583735","KQ058640v1","643463","643729","95","5940035"
"JH378202","6587383","6587691","KQ053421v1","5610673","5610968","94","976710"
"JH378202","6818750","6819048","KQ053421v1","5610673","5610968","69","1208077"
"JH378202","6904034","6904341","KQ053421v1","5610673","5610968","74","1293361"
"JH378202","6959942","6960235","KQ053421v1","5610673","5610968","76","1349269"
"JH378202","7027305","7027585","KQ057186v1","783828","784085","90","6243477"
"JH378202","7056592","7056895","KQ058427v1","7786546","7786853","84","729954"
"JH378202","7061275","7061583","KQ055352v1","6003171","6003466","76","1058104"
"JH378202","7098593","7098898","KQ055352v1","6003171","6003466","69","1095422"
"JH378202","7424131","7424440","KQ058427v1","7786546","7786853","75","362415"
"JH378202","7452080","7452377","KQ053421v1","5610673","5610968","75","1841407"
"JH378202","7457651","7457946","KQ053421v1","5610673","5610968","69","1846978"
"JH378202","7678217","7678515","KQ053421v1","5610673","5610968","69","2067544"
"JH378202","7688023","7688318","KQ053421v1","5610673","5610968","76","2077350"
"JH378202","7768013","7768310","KQ055352v1","6003171","6003466","64","1764842"
"JH378202","7948862","7949141","KQ054815v1","2215557","2215844","75","5733305"
"JH378202","7996381","7996688","KQ055352v1","6003171","6003466","72","1993210"
"JH378202","8081604","8081903","KQ053421v1","5610673","5610968","73","2470931"
"JH378202","8171870","8172161","KQ053421v1","5610673","5610968","71","2561197"
"JH378202","8287210","8287432","KQ053752v1","8015097","8015288","70","272113"
"JH378202","8290043","8290110","KQ058316v1","2226037","2226104","30","6064006"
"JH378203","115716","116007","KQ058339v1","4553625","4553889","92","4437909"
"JH378203","130064","130361","KQ053421v1","5610673","5610968","84","5480609"
"JH378203","131375","131669","KQ053421v1","5610673","5610968","69","5479298"
"JH378203","148194","148503","KQ053421v1","5610673","5610968","73","5462479"
"JH378203","171952","172048","KQ056235v1","1266284","1266361","34","1094332"
"JH378203","257863","258234","KQ053135v1","5034940","5035266","124","4777077"
"JH378203","263806","264115","KQ055267v1","513773","514088","88","249967"
"JH378203","284723","285024","KQ053421v1","5610673","5610968","74","5325950"
"JH378203","390047","390332","KQ053421v1","5610673","5610968","100","5220626"
"JH378203","403059","403355","KQ053421v1","5610673","5610968","63","5207614"
"JH378203","455503","455664","KQ053993v1","1251070","1251235","34","795567"
"JH378203","560064","560358","KQ053421v1","5610673","5610968","72","5050609"
"JH378203","739403","739685","KQ053421v1","5610673","5610968","82","4871270"
"JH378203","755365","755658","KQ053421v1","5610673","5610968","65","4855308"
"JH378203","765332","765628","KQ053421v1","5610673","5610968","71","4845341"
"JH378203","839819","840116","KQ053421v1","5610673","5610968","70","4770854"
"JH378203","899226","899502","KQ058242v1","595939","596205","84","303287"
"JH378203","934276","934455","KQ058350v1","9514178","9514352","44","8579902"
"JH378203","988627","988924","KQ053421v1","5610673","5610968","86","4622046"
"JH378203","1233426","1233710","KQ055267v1","513773","514088","94","719653"
"JH378203","1634907","1635170","KQ058339v1","4553625","4553889","86","2918718"
"JH378203","1893269","1893540","KQ058242v1","595939","596205","81","1297330"
"JH378203","1928421","1928699","KQ053421v1","5610673","5610968","73","3682252"
"JH378203","2017922","2018195","KQ058339v1","4553625","4553889","83","2535703"
"JH378203","2067430","2067721","KQ053421v1","5610673","5610968","72","3543243"
"JH378203","2094332","2094635","KQ053421v1","5610673","5610968","70","3516341"
"JH378203","2100060","2100367","KQ055267v1","513773","514088","72","1586287"
"JH378203","2109826","2110115","KQ053421v1","5610673","5610968","79","3500847"
"JH378203","2131267","2131489","KQ056064v1","326763","326940","82","1804504"
"JH378203","2131497","2131619","KQ053398v1","2627781","2627909","39","496284"
"JH378203","2141236","2141526","KQ053421v1","5610673","5610968","73","3469437"
"JH378203","2182320","2182609","KQ053785v1","888769","889063","88","1293551"
"JH378203","2406313","2406458","KQ053398v1","2623748","2623879","49","217435"
"JH378203","2414460","2414761","KQ053421v1","5610673","5610968","71","3196213"
"JH378203","2421303","2421617","KQ055267v1","513773","514088","82","1907530"
"JH378203","2449539","2449836","KQ053421v1","5610673","5610968","79","3161134"
"JH378203","2543734","2544027","KQ053421v1","5610673","5610968","79","3066939"
"JH378203","2637540","2637856","KQ058427v1","7786546","7786853","78","5149006"
"JH378203","2752045","2752330","KQ054815v1","2215557","2215844","75","536488"
"JH378203","2808106","2808398","KQ053421v1","5610673","5610968","84","2802567"
"JH378203","2846470","2846765","KQ058242v1","595939","596205","97","2250531"
"JH378203","2968658","2968984","KQ055267v1","513773","514088","85","2454885"
"JH378203","3100682","3100974","KQ053421v1","5610673","5610968","77","2509991"
"JH378203","3426376","3426682","KQ058427v1","7786546","7786853","82","4360170"
"JH378203","3478084","3478367","KQ053421v1","5610673","5610968","84","2132589"
"JH378203","3502196","3502292","KQ053004v1","5079579","5079652","47","1577383"
"JH378203","3527666","3527976","KQ055267v1","513773","514088","87","3013893"
"JH378203","3529050","3529204","KQ057204v1","2930576","2930741","44","598474"
"JH378203","3555873","3556141","KQ058505v1","2207051","2207301","90","1348822"
"JH378203","3559288","3559364","KQ056235v1","1266284","1266361","26","2293004"
"JH378203","3592434","3592675","KQ058242v1","595939","596205","79","2996495"
"JH378203","3617367","3617644","KQ054815v1","2215557","2215844","75","1401810"
"JH378203","3702643","3702946","KQ055267v1","513773","514088","70","3188870"
"JH378203","3737450","3737751","KQ053421v1","5610673","5610968","68","1873223"
"JH378203","3817318","3817633","KQ053421v1","5610673","5610968","102","1793355"
"JH378203","3822196","3822485","KQ053421v1","5610673","5610968","72","1788477"
"JH378203","3824734","3824864","KQ053398v1","2623748","2623879","33","1200986"
"JH378203","3848186","3848495","KQ053421v1","5610673","5610968","80","1762487"
"JH378203","3859376","3859562","KQ053234v1","1679581","1679757","63","2179795"
"JH378203","3864122","3864451","KQ053059v1","2548766","2549102","126","1315356"
"JH378203","3915174","3915480","KQ053421v1","5610673","5610968","73","1695499"
"JH378203","3930440","3930589","KQ053531v1","6571","6737","64","3923869"
"JH378203","3968390","3968699","KQ055267v1","513773","514088","70","3454617"
"JH378203","4004437","4004740","KQ053421v1","5610673","5610968","71","1606236"
"JH378203","4011029","4011241","KQ055662v1","1890465","1890674","60","2120564"
"JH378203","4025715","4026011","KQ053421v1","5610673","5610968","72","1584958"
"JH378203","4053425","4053727","KQ053421v1","5610673","5610968","81","1557248"
"JH378203","4398124","4398427","KQ055267v1","513773","514088","73","3884351"
"JH378203","4423124","4423246","KQ053398v1","2623748","2623879","38","1799376"
"JH378203","4572983","4573278","KQ053421v1","5610673","5610968","69","1037690"
"JH378203","4869548","4869869","KQ055267v1","513773","514088","92","4355775"
"JH378203","4938011","4938152","KQ054401v1","3363241","3363379","45","1574770"
"JH378203","5025840","5026061","KQ056064v1","326763","326940","86","4699077"
"JH378203","5068134","5068447","KQ053421v1","5610673","5610968","87","542539"
"JH378203","5106222","5106512","KQ053421v1","5610673","5610968","86","504451"
"JH378203","5311541","5311841","KQ053421v1","5610673","5610968","68","299132"
"JH378203","5615595","5615891","KQ053421v1","5610673","5610968","69","4922"
"JH378203","5685787","5686094","KQ055267v1","513773","514088","77","5172014"
"JH378203","5827627","5827935","KQ055352v1","6003171","6003466","73","175544"
"JH378203","5911222","5911508","KQ054815v1","2215557","2215844","85","3695665"
"JH378203","5987838","5988114","KQ053421v1","5610673","5610968","79","377165"
"JH378203","6026147","6026454","KQ058427v1","7786546","7786853","84","1760399"
"JH378203","6052402","6052690","KQ053421v1","5610673","5610968","81","441729"
"JH378203","6187735","6188017","KQ053785v1","888769","889063","78","5298966"
"JH378203","6441122","6441413","KQ053421v1","5610673","5610968","77","830449"
"JH378203","6569459","6569773","KQ055267v1","513773","514088","90","6055686"
"JH378203","6571787","6572105","KQ053421v1","5610673","5610968","94","961114"
"JH378203","6590542","6590848","KQ055267v1","513773","514088","74","6076769"
"JH378203","6604311","6604617","KQ053421v1","5610673","5610968","73","993638"
"JH378203","6625714","6626023","KQ058427v1","7786546","7786853","85","1160832"
"JH378203","6675432","6675738","KQ053421v1","5610673","5610968","73","1064759"
"JH378203","6739723","6740032","KQ053421v1","5610673","5610968","77","1129050"
"JH378203","6991781","6992044","KQ058505v1","2207051","2207301","86","4784730"
"JH378203","7061978","7062289","KQ055267v1","513773","514088","74","6548205"
"JH378203","7115485","7115744","KQ053883v1","6938067","6938331","84","177418"
"JH378203","7130564","7130804","KQ053234v1","1414405","1414609","72","5716159"
"JH378203","7162746","7163048","KQ053421v1","5610673","5610968","76","1552073"
"JH378203","7168371","7168689","KQ055267v1","513773","514088","86","6654598"
"JH378203","7171673","7171986","KQ058427v1","7786546","7786853","92","614873"
"JH378203","7175893","7176185","KQ053421v1","5610673","5610968","73","1565220"
"JH378203","7200604","7200912","KQ055267v1","513773","514088","73","6686831"
"JH378203","7218775","7219067","KQ053421v1","5610673","5610968","75","1608102"
"JH378203","7274471","7274781","KQ058427v1","7786546","7786853","88","512075"
"JH378203","7306392","7306567","KQ053993v1","1251070","1251235","40","6055322"
"JH378203","7431081","7431381","KQ053421v1","5610673","5610968","68","1820408"
"JH378203","7437150","7437428","KQ058427v1","6786866","6787134","78","650284"
"JH378203","7440007","7440305","KQ053421v1","5610673","5610968","71","1829334"
"JH378203","7458735","7459041","KQ053421v1","5610673","5610968","69","1848062"
"JH378203","7465159","7465489","KQ053059v1","2548766","2549102","89","4916393"
"JH378203","7485046","7485307","KQ058242v1","595939","596205","74","6889107"
"JH378203","7534405","7534675","KQ055862v1","1305285","1305561","78","6229120"
"JH378203","7575295","7575603","KQ058427v1","7786546","7786853","77","211251"
"JH378203","7581532","7581837","KQ055352v1","6003171","6003466","69","1578361"
"JH378203","7582674","7582972","KQ053421v1","5610673","5610968","70","1972001"
"JH378203","7596425","7596734","KQ053421v1","5610673","5610968","79","1985752"
"JH378203","7615979","7616282","KQ055267v1","513773","514088","80","7102206"
"JH378203","7654302","7654601","KQ053421v1","5610673","5610968","72","2043629"
"JH378203","7654639","7654944","KQ058427v1","7786546","7786853","82","131907"
"JH378203","7655613","7655919","KQ055267v1","513773","514088","69","7141840"
"JH378203","7668567","7668844","KQ057186v1","783828","784085","75","6884739"
"JH378203","7677789","7677910","KQ053398v1","2623748","2623879","40","5054041"
"JH378203","7682528","7682829","KQ053421v1","5610673","5610968","68","2071855"
"JH378203","7688539","7688849","KQ055352v1","6003171","6003466","72","1685368"
"JH378203","7702070","7702325","KQ058242v1","595939","596205","74","7106131"
"JH378203","7702426","7702475","KQ053234v1","1679807","1679838","26","6022619"
"JH378203","7704981","7705294","KQ058427v1","7786546","7786853","85","81565"
"JH378203","7705391","7705697","KQ055352v1","6003171","6003466","70","1702220"
"JH378203","7727213","7727504","KQ053421v1","5610673","5610968","82","2116540"
"JH378203","7796724","7797020","KQ053421v1","5610673","5610968","75","2186051"
"JH378203","7853011","7853309","KQ053421v1","5610673","5610968","82","2242338"
"JH378203","7883769","7884063","KQ053421v1","5610673","5610968","92","2273096"
"JH378203","8059437","8059759","KQ055267v1","513773","514088","80","7545664"
"JH378203","8059761","8060058","KQ053421v1","5610673","5610968","70","2449088"
"JH378203","8080536","8080838","KQ053421v1","5610673","5610968","74","2469863"
"JH378203","8107328","8107621","KQ053421v1","5610673","5610968","70","2496655"
"JH378203","8117803","8118084","KQ053421v1","5610673","5610968","84","2507130"
"JH378203","8138584","8138880","KQ053421v1","5610673","5610968","77","2527911"
"JH378204","9657","9958","KQ055267v1","513773","514088","88","504116"
"JH378204","172564","172867","KQ053421v1","5610673","5610968","71","5438109"
"JH378204","215671","215995","KQ055267v1","513773","514088","90","298102"
"JH378204","317835","318086","KQ058242v1","595939","596205","76","278104"
"JH378204","412559","412863","KQ053421v1","5610673","5610968","73","5198114"
"JH378204","456999","457257","KQ058242v1","595939","596205","99","138940"
"JH378204","461011","461318","KQ055352v1","6003171","6003466","74","5542160"
"JH378204","472404","472659","KQ058242v1","595939","596205","86","123535"
"JH378204","526776","527085","KQ055267v1","513773","514088","81","13003"
"JH378204","529194","529503","KQ058427v1","7786546","7786853","71","7257352"
"JH378204","668047","668327","KQ058242v1","595939","596205","95","72108"
"JH378204","952245","952549","KQ055352v1","6003171","6003466","74","5050926"
"JH378204","1024309","1024458","KQ053398v1","2623748","2623879","48","1599439"
"JH378204","1180624","1180933","KQ055352v1","6003171","6003466","70","4822547"
"JH378204","1230476","1230798","KQ055267v1","513773","514088","102","716703"
"JH378204","1256845","1257138","KQ053421v1","5610673","5610968","68","4353828"
"JH378204","1326589","1326899","KQ055352v1","6003171","6003466","74","4676582"
"JH378204","1555425","1555705","KQ054815v1","2215557","2215844","87","660132"
"JH378204","1568527","1568790","KQ057901v1","868884","869144","86","699643"
"JH378204","1630756","1631053","KQ053421v1","5610673","5610968","84","3979917"
"JH378204","1712423","1712720","KQ053421v1","5610673","5610968","72","3898250"
"JH378204","1738539","1738843","KQ053421v1","5610673","5610968","91","3872134"
"JH378204","1826185","1826494","KQ053421v1","5610673","5610968","71","3784488"
"JH378204","1926563","1926846","KQ053421v1","5610673","5610968","77","3684110"
"JH378204","1933793","1934096","KQ053421v1","5610673","5610968","80","3676880"
"JH378204","1937483","1937644","KQ057204v1","2930576","2930741","48","993093"
"JH378204","1960826","1960937","KQ056493v1","2043382","2043488","43","82556"
"JH378204","1983121","1983418","KQ055267v1","513773","514088","80","1469348"
"JH378204","2068267","2068572","KQ055352v1","6003171","6003466","70","3934904"
"JH378204","2076281","2076584","KQ055352v1","6003171","6003466","74","3926890"
"JH378204","2078806","2079117","KQ055352v1","6003171","6003466","77","3924365"
"JH378204","2088357","2088658","KQ055267v1","513773","514088","78","1574584"
"JH378204","2096609","2096901","KQ053421v1","5610673","5610968","73","3514064"
"JH378204","2101977","2102247","KQ057901v1","868884","869144","83","1233093"
"JH378204","2158485","2158569","KQ056235v1","1266284","1266361","20","892201"
"JH378204","2225171","2225497","KQ053421v1","5610673","5610968","104","3385502"
"JH378204","2305357","2305655","KQ053421v1","5610673","5610968","70","3305316"
"JH378204","2348620","2348830","KQ055140v1","659740","659924","69","1688880"
"JH378204","2406470","2406762","KQ053421v1","5610673","5610968","75","3204203"
"JH378204","2407501","2407805","KQ058427v1","7786546","7786853","82","5379045"
"JH378204","2410112","2410398","KQ053421v1","5610673","5610968","76","3200561"
"JH378204","2418112","2418278","KQ053267v1","1313653","1313811","55","1104459"
"JH378204","2418840","2418956","KQ056493v1","2043382","2043488","45","375458"
"JH378204","2421813","2422107","KQ053421v1","5610673","5610968","77","3188860"
"JH378204","2429000","2429294","KQ053421v1","5610673","5610968","75","3181673"
"JH378204","2430494","2430800","KQ053421v1","5610673","5610968","68","3180179"
"JH378204","2441762","2442061","KQ053421v1","5610673","5610968","84","3168911"
"JH378204","2458333","2458630","KQ053421v1","5610673","5610968","77","3152340"
"JH378204","2459081","2459391","KQ055267v1","513773","514088","83","1945308"
"JH378204","2484583","2484872","KQ053421v1","5610673","5610968","80","3126090"
"JH378204","2502913","2503197","KQ053421v1","5610673","5610968","83","3107760"
"JH378204","2518317","2518627","KQ058427v1","7786546","7786853","78","5268229"
"JH378204","2519430","2519731","KQ053421v1","5610673","5610968","70","3091243"
"JH378204","2535895","2536000","KQ055717v1","1610376","1610476","36","925519"
"JH378204","2544720","2545009","KQ053421v1","5610673","5610968","81","3065953"
"JH378204","2657203","2657514","KQ058427v1","7786546","7786853","78","5129343"
"JH378204","2701996","2702260","KQ058640v1","643463","643729","87","2058533"
"JH378204","2710085","2710364","KQ053421v1","5610673","5610968","85","2900588"
"JH378204","2711211","2711525","KQ055352v1","6003171","6003466","86","3291960"
"JH378204","2711809","2712118","KQ055352v1","6003171","6003466","74","3291362"
"JH378204","2733443","2733742","KQ053421v1","5610673","5610968","70","2877230"
"JH378204","2745037","2745323","KQ053421v1","5610673","5610968","80","2865636"
"JH378204","2757375","2757678","KQ055352v1","6003171","6003466","68","3245796"
"JH378204","2760610","2760893","KQ053421v1","5610673","5610968","90","2850063"
"JH378204","2765547","2765856","KQ055267v1","513773","514088","72","2251774"
"JH378204","2780150","2780444","KQ053421v1","5610673","5610968","76","2830523"
"JH378204","2789877","2790172","KQ053421v1","5610673","5610968","70","2820796"
"JH378204","2791718","2792028","KQ053421v1","5610673","5610968","79","2818955"
"JH378204","2802250","2802564","KQ053421v1","5610673","5610968","75","2808423"
"JH378204","2864184","2864478","KQ053421v1","5610673","5610968","73","2746489"
"JH378204","2898769","2899083","KQ055352v1","6003171","6003466","72","3104402"
"JH378204","2939979","2940276","KQ055352v1","6003171","6003466","87","3063192"
"JH378204","2975471","2975763","KQ058427v1","7786546","7786853","74","4811075"
"JH378204","2987315","2987604","KQ053421v1","5610673","5610968","79","2623358"
"JH378204","3065701","3065996","KQ053421v1","5610673","5610968","81","2544972"
"JH378204","3108614","3108923","KQ053421v1","5610673","5610968","91","2502059"
"JH378204","3113410","3113640","KQ058509v1","24058","24271","76","3089352"
"JH378204","3119291","3119597","KQ058427v1","7786546","7786853","72","4667255"
"JH378204","3325760","3326041","KQ053421v1","5610673","5610968","82","2284913"
"JH378204","3416139","3416441","KQ053421v1","5610673","5610968","71","2194534"
"JH378204","3480410","3480694","KQ053421v1","5610673","5610968","75","2130263"
"JH378204","3543690","3543992","KQ058427v1","7786546","7786853","84","4242856"
"JH378204","3566711","3567017","KQ053421v1","5610673","5610968","89","2043962"
"JH378204","3685206","3685513","KQ053421v1","5610673","5610968","84","1925467"
"JH378204","3772659","3772981","KQ053421v1","5610673","5610968","95","1838014"
"JH378204","3901216","3901506","KQ053421v1","5610673","5610968","75","1709457"
"JH378204","3923308","3923597","KQ053421v1","5610673","5610968","77","1687365"
"JH378204","3939914","3940239","KQ058394v1","9655127","9655422","81","5715213"
"JH378204","3955980","3956140","KQ058423v1","270754","270928","44","3685226"
"JH378204","3986039","3986212","KQ058350v1","9514178","9514352","39","5528139"
"JH378204","3998943","3999136","KQ053752v1","8015097","8015288","61","4016154"
"JH378204","4060113","4060235","KQ053398v1","2623748","2623879","41","1436365"
"JH378204","4113904","4114200","KQ055267v1","513773","514088","85","3600131"
"JH378204","4181934","4182235","KQ053421v1","5610673","5610968","86","1428739"
"JH378204","4212469","4212763","KQ058427v1","7786546","7786853","76","3574077"
"JH378204","4258014","4258291","KQ058242v1","595939","596205","76","3662075"
"JH378204","4280316","4280633","KQ055267v1","513773","514088","82","3766543"
"JH378204","4283656","4283934","KQ055267v1","513773","514088","99","3769883"
"JH378204","4286576","4286847","KQ058505v1","2207051","2207301","82","2079525"
"JH378204","4328980","4329086","KQ055717v1","1610376","1610476","39","2718604"
"JH378204","4345616","4345906","KQ053141v1","2860","3159","91","4342756"
"JH378204","4398325","4398640","KQ055267v1","513773","514088","75","3884552"
"JH378204","4406845","4407132","KQ053421v1","5610673","5610968","83","1203828"
"JH378204","4418085","4418292","KQ055662v1","1890465","1890674","66","2527620"
"JH378204","4429951","4430259","KQ055267v1","513773","514088","78","3916178"
"JH378204","4458761","4459064","KQ053421v1","5610673","5610968","71","1151912"
"JH378204","4504873","4505171","KQ053421v1","5610673","5610968","79","1105800"
"JH378204","4530890","4531199","KQ055267v1","513773","514088","78","4017117"
"JH378204","4532574","4532879","KQ055352v1","6003171","6003466","68","1470597"
"JH378204","4539307","4539614","KQ055352v1","6003171","6003466","69","1463864"
"JH378204","4571185","4571482","KQ053421v1","5610673","5610968","67","1039488"
"JH378204","4591156","4591451","KQ053421v1","5610673","5610968","67","1019517"
"JH378204","4603108","4603399","KQ053421v1","5610673","5610968","75","1007565"
"JH378204","4719431","4719731","KQ053421v1","5610673","5610968","73","891242"
"JH378204","4795463","4795751","KQ053421v1","5610673","5610968","75","815210"
"JH378204","4795981","4796274","KQ053421v1","5610673","5610968","71","814692"
"JH378204","4861314","4861626","KQ055352v1","6003171","6003466","88","1141857"
"JH378204","4991691","4991820","KQ053398v1","2623748","2623879","37","2367943"
"JH378204","4998257","4998543","KQ055267v1","513773","514088","94","4484484"
"JH378204","5030914","5031211","KQ053421v1","5610673","5610968","85","579759"
"JH378204","5053166","5053455","KQ053421v1","5610673","5610968","79","557507"
"JH378204","5335624","5335809","KQ056064v1","326763","326940","50","5008861"
"JH378204","5336644","5336717","KQ058316v1","2226037","2226104","27","3110607"
"JH378204","5337588","5337881","KQ053421v1","5610673","5610968","67","273085"
"JH378204","5342488","5342793","KQ053421v1","5610673","5610968","75","268185"
"JH378204","5365298","5365595","KQ053421v1","5610673","5610968","74","245375"
"JH378204","5516636","5516933","KQ053421v1","5610673","5610968","78","94037"
"JH378204","5548842","5549129","KQ053421v1","5610673","5610968","86","61831"
"JH378204","5640270","5640575","KQ053421v1","5610673","5610968","85","29597"
"JH378204","5644324","5644613","KQ053421v1","5610673","5610968","83","33651"
"JH378204","5685730","5685946","KQ053234v1","1414405","1414609","65","4271325"
"JH378204","5693313","5693626","KQ058427v1","7786546","7786853","77","2093233"
"JH378204","5697280","5697577","KQ053421v1","5610673","5610968","84","86607"
"JH378204","5707327","5707515","KQ055140v1","659740","659924","66","5047587"
"JH378204","5713347","5713564","KQ055140v1","659740","659924","79","5053607"
"JH378204","5725069","5725393","KQ058427v1","7786546","7786853","102","2061477"
"JH378204","5774140","5774430","KQ055862v1","1305285","1305561","83","4468855"
"JH378204","5782502","5782812","KQ058427v1","7786546","7786853","81","2004044"
"JH378204","5793329","5793617","KQ053421v1","5610673","5610968","74","182656"
"JH378204","5829080","5829379","KQ053421v1","5610673","5610968","68","218407"
"JH378204","5863295","5863571","KQ058242v1","595939","596205","83","5267356"
"JH378204","5882135","5882419","KQ053421v1","5610673","5610968","76","271462"
"JH378204","5887612","5887745","KQ053398v1","2627781","2627909","31","3259831"
"JH378204","5895894","5896100","ABDC02053644v1","2226","2419","74","5893668"
"JH378204","5896104","5896404","KQ053421v1","5610673","5610968","78","285431"
"JH378204","5941558","5941881","KQ058427v1","7786546","7786853","81","1844988"
"JH378204","5980514","5980796","KQ053421v1","5610673","5610968","79","369841"
"JH378204","6014970","6015252","KQ058242v1","595939","596205","91","5419031"
"JH378204","6019231","6019469","KQ058242v1","595939","596205","80","5423292"
"JH378204","6033643","6033903","KQ058505v1","2207051","2207301","96","3826592"
"JH378204","6034479","6034775","KQ053421v1","5610673","5610968","67","423806"
"JH378204","6084365","6084659","KQ053421v1","5610673","5610968","69","473692"
"JH378204","6101016","6101309","KQ053421v1","5610673","5610968","77","490343"
"JH378204","6102352","6102634","KQ053421v1","5610673","5610968","87","491679"
"JH378204","6134196","6134496","KQ058427v1","7786546","7786853","76","1652350"
"JH378204","6142950","6143258","KQ058427v1","7786546","7786853","84","1643596"
"JH378204","6146480","6146767","KQ053421v1","5610673","5610968","79","535807"
"JH378204","6154302","6154604","KQ053421v1","5610673","5610968","94","543629"
"JH378204","6217760","6218055","KQ053421v1","5610673","5610968","77","607087"
"JH378204","6219491","6219794","KQ055267v1","513773","514088","76","5705718"
"JH378204","6289762","6290073","KQ055352v1","6003171","6003466","75","286591"
"JH378204","6298927","6299239","KQ053421v1","5610673","5610968","98","688254"
"JH378204","6341706","6342019","KQ058427v1","7786546","7786853","78","1444840"
"JH378204","6392440","6392638","KQ053234v1","1679581","1679757","69","4712859"
"JH378204","6499248","6499538","KQ053421v1","5610673","5610968","88","888575"
"JH378204","6572304","6572589","KQ053421v1","5610673","5610968","78","961631"
"JH378204","6596036","6596332","KQ058427v1","7786546","7786853","86","1190510"
"JH378204","6596676","6596970","KQ055862v1","1305285","1305561","86","5291391"
"JH378204","6610282","6610566","KQ053421v1","5610673","5610968","94","999609"
"JH378204","6625152","6625391","KQ058242v1","595939","596205","99","6029213"
"JH378204","6640260","6640523","KQ053883v1","6938067","6938331","89","297807"
"JH378204","6643545","6643791","KQ058242v1","595939","596205","98","6047606"
"JH378204","6665256","6665544","KQ053785v1","888769","889063","85","5776487"
"JH378204","6668530","6668804","KQ053421v1","5610673","5610968","87","1057857"
"JH378204","6678496","6678801","KQ058339v1","4553625","4553889","91","2124871"
"JH378204","6711184","6711487","KQ058427v1","7786546","7786853","78","1075362"
"JH378204","6792499","6792808","KQ055267v1","513773","514088","88","6278726"
"JH378204","7108945","7109250","KQ053421v1","5610673","5610968","63","1498272"
"JH378204","7121921","7122219","KQ055352v1","6003171","6003466","79","1118750"
"JH378204","7134089","7134366","KQ058242v1","595939","596205","83","6538150"
"JH378204","7207737","7208047","KQ055267v1","513773","514088","77","6693964"
"JH378204","7230184","7230486","KQ055267v1","513773","514088","72","6716411"
"JH378204","7248682","7248986","KQ053421v1","5610673","5610968","77","1638009"
"JH378204","7267467","7267753","KQ053785v1","888769","889063","87","6378698"
"JH378204","7283062","7283307","KQ058509v1","24058","24271","79","7259004"
"JH378204","7307389","7307660","KQ058242v1","595939","596205","69","6711450"
"JH378204","7342859","7343025","KQ055978v1","4311984","4312161","50","3030875"
"JH378204","7378672","7378950","KQ053421v1","5610673","5610968","78","1767999"
"JH378204","7415114","7415411","KQ053421v1","5610673","5610968","76","1804441"
"JH378204","7425831","7425970","KQ056911v1","1421731","1421862","38","6004100"
"JH378204","7447503","7447638","KQ053004v1","3064551","3064681","34","4382952"
"JH378204","7449978","7450268","KQ053421v1","5610673","5610968","86","1839305"
"JH378204","7483268","7483561","KQ053421v1","5610673","5610968","71","1872595"
"JH378204","7487469","7487773","KQ058427v1","7786546","7786853","80","299077"
"JH378204","7503595","7503876","KQ058640v1","643463","643729","84","6860132"
"JH378204","7515156","7515285","KQ053398v1","2623748","2623879","38","4891408"
"JH378204","7521400","7521692","KQ053421v1","5610673","5610968","77","1910727"
"JH378204","7535385","7535690","KQ053421v1","5610673","5610968","70","1924712"
"JH378204","7583664","7583971","KQ058427v1","7786546","7786853","86","202882"
"JH378204","7633228","7633524","KQ053421v1","5610673","5610968","83","2022555"
"JH378204","7700510","7700800","KQ053421v1","5610673","5610968","76","2089837"
"JH378204","7708581","7708820","KQ058242v1","595939","596205","85","7112642"
"JH378204","7762483","7762801","KQ055352v1","6003171","6003466","87","1759312"
"JH378204","7787620","7787916","KQ053421v1","5610673","5610968","81","2176947"
"JH378204","7796320","7796608","KQ053421v1","5610673","5610968","86","2185647"
"JH378204","7816691","7817002","KQ055352v1","6003171","6003466","71","1813520"
"JH378204","7834479","7834765","KQ054713v1","1437239","1437526","95","6397240"
"JH378204","7844713","7845002","KQ053421v1","5610673","5610968","75","2234040"
"JH378204","7845311","7845614","KQ053421v1","5610673","5610968","67","2234638"
"JH378204","7852970","7853244","KQ053785v1","888769","889063","78","6964201"
"JH378204","7862335","7862584","KQ056321v1","575951","576190","94","7286384"
"JH378204","7866884","7867012","KQ053398v1","2623748","2623879","35","5243136"
"JH378204","7887969","7888229","KQ057186v1","783828","784085","92","7104141"
"JH378205","12628","12927","KQ053421v1","5610673","5610968","70","5598045"
"JH378205","26551","26796","KQ058509v1","24058","24271","80","2493"
"JH378205","100286","100587","KQ053421v1","5610673","5610968","69","5510387"
"JH378205","150707","151064","KQ058427v1","7786546","7786853","115","7635839"
"JH378205","210015","210317","KQ053421v1","5610673","5610968","74","5400658"
"JH378205","216854","217157","KQ053421v1","5610673","5610968","74","5393819"
"JH378205","368255","368420","KQ058350v1","9514178","9514352","44","9145923"
"JH378205","412569","412855","KQ053421v1","5610673","5610968","92","5198104"
"JH378205","772774","773082","KQ053421v1","5610673","5610968","75","4837899"
"JH378205","882737","883031","KQ053421v1","5610673","5610968","74","4727936"
"JH378205","997965","998258","KQ053421v1","5610673","5610968","84","4612708"
"JH378205","1181054","1181359","KQ058427v1","7786546","7786853","72","6605492"
"JH378205","1220748","1221044","KQ053421v1","5610673","5610968","71","4389925"
"JH378205","1268659","1268949","KQ053421v1","5610673","5610968","84","4342014"
"JH378205","1275857","1276151","KQ053421v1","5610673","5610968","72","4334816"
"JH378205","1277887","1278154","KQ057186v1","783828","784085","79","494059"
"JH378205","1296437","1296778","KQ055352v1","6003171","6003466","102","4706734"
"JH378205","1297207","1297509","KQ053421v1","5610673","5610968","70","4313466"
"JH378205","1339698","1340000","KQ055352v1","6003171","6003466","78","4663473"
"JH378205","1341540","1341849","KQ055352v1","6003171","6003466","67","4661631"
"JH378205","1363758","1364056","KQ053421v1","5610673","5610968","69","4246915"
"JH378205","1364777","1365033","KQ057901v1","868884","869144","95","495893"
"JH378205","1368524","1368607","KQ053004v1","5079579","5079652","40","3711055"
"JH378205","1374244","1374453","KQ055662v1","1890465","1890674","69","516221"
"JH378205","1375164","1375452","KQ053421v1","5610673","5610968","85","4235509"
"JH378205","1386108","1386411","KQ055267v1","513773","514088","87","872335"
"JH378205","1476414","1476729","KQ053421v1","5610673","5610968","85","4134259"
"JH378205","1487991","1488212","KQ055662v1","1890465","1890674","64","402474"
"JH378205","1495866","1496165","KQ053421v1","5610673","5610968","68","4114807"
"JH378205","1496192","1496320","KQ053398v1","2623748","2623879","37","1127556"
"JH378205","1511293","1511490","KQ058274v1","300327","300497","66","1210966"
"JH378205","1516345","1516641","KQ053421v1","5610673","5610968","82","4094328"
"JH378205","1523815","1524121","KQ053421v1","5610673","5610968","71","4086858"
"JH378205","1557715","1558012","KQ053421v1","5610673","5610968","81","4052958"
"JH378205","1567912","1568217","KQ053421v1","5610673","5610968","81","4042761"
"JH378205","1584011","1584275","KQ058242v1","595939","596205","69","988072"
"JH378205","1585419","1585712","KQ053421v1","5610673","5610968","67","4025254"
"JH378205","1598185","1598490","KQ053421v1","5610673","5610968","82","4012488"
"JH378205","1678179","1678456","KQ057186v1","783828","784085","83","894351"
"JH378205","1704719","1704851","KQ053398v1","2623748","2623879","37","919029"
"JH378205","1724010","1724315","KQ055352v1","6003171","6003466","69","4279161"
"JH378205","1778631","1778913","KQ053421v1","5610673","5610968","72","3832042"
"JH378205","1825575","1825922","KQ053059v1","2548766","2549102","101","723191"
"JH378205","1969844","1970033","KQ053531v1","6571","6737","71","1963273"
"JH378205","1982577","1982882","KQ055267v1","513773","514088","76","1468804"
"JH378205","2090883","2091226","KQ058427v1","7786546","7786853","104","5695663"
"JH378205","2101301","2101512","KQ058274v1","300327","300497","74","1800974"
"JH378205","2102445","2102702","KQ057186v1","783828","784085","95","1318617"
"JH378205","2136193","2136491","KQ053421v1","5610673","5610968","68","3474480"
"JH378205","2136541","2136845","KQ053421v1","5610673","5610968","72","3474132"
"JH378205","2171970","2172283","KQ058427v1","7786546","7786853","85","5614576"
"JH378205","2172288","2172417","KQ053398v1","2623748","2623879","34","451460"
"JH378205","2233873","2234187","KQ055267v1","513773","514088","94","1720100"
"JH378205","2260757","2260878","KQ053398v1","2623748","2623879","45","362991"
"JH378205","2276762","2277036","KQ058242v1","595939","596205","78","1680823"
"JH378205","2339351","2339641","KQ058394v1","9655127","9655422","82","7315776"
"JH378205","2541410","2541704","KQ055862v1","1305285","1305561","84","1236125"
"JH378205","2608357","2608650","KQ053421v1","5610673","5610968","71","3002316"
"JH378205","2612954","2613204","KQ055862v1","1305285","1305561","80","1307669"
"JH378205","2676022","2676174","KQ056118v1","822027","822185","47","1853995"
"JH378205","2836933","2837098","KQ053398v1","2623748","2623879","60","213185"
"JH378205","3007866","3008168","KQ053421v1","5610673","5610968","73","2602807"
"JH378205","3033163","3033473","KQ055352v1","6003171","6003466","73","2970008"
"JH378205","3044057","3044390","KQ053059v1","2548766","2549102","84","495291"
"JH378205","3155080","3155380","KQ053421v1","5610673","5610968","77","2455593"
"JH378205","3236653","3236961","KQ055352v1","6003171","6003466","76","2766518"
"JH378205","3260696","3260990","KQ053421v1","5610673","5610968","73","2349977"
"JH378205","3328548","3328843","KQ053421v1","5610673","5610968","78","2282125"
"JH378205","3450365","3450662","KQ055267v1","513773","514088","85","2936592"
"JH378205","3508887","3509183","KQ053421v1","5610673","5610968","66","2101786"
"JH378205","3547448","3547775","KQ055267v1","513773","514088","86","3033675"
"JH378205","3597732","3598042","KQ053421v1","5610673","5610968","76","2012941"
"JH378205","3614768","3615084","KQ058427v1","7786546","7786853","88","4171778"
"JH378205","3780725","3781037","KQ055267v1","513773","514088","72","3266952"
"JH378205","3897717","3897997","KQ053883v1","6938067","6938331","90","3040350"
"JH378205","3904291","3904591","KQ053421v1","5610673","5610968","78","1706382"
"JH378205","3948035","3948328","KQ053421v1","5610673","5610968","73","1662638"
"JH378205","3965108","3965233","KQ053398v1","2627781","2627909","40","1337327"
"JH378205","3997668","3997978","KQ055352v1","6003171","6003466","70","2005503"
"JH378205","4040051","4040307","KQ058339v1","4553625","4553889","82","513574"
"JH378205","4040324","4040642","KQ055267v1","513773","514088","79","3526551"
"JH378205","4080094","4080264","KQ053993v1","1251070","1251235","39","2829024"
"JH378205","4094046","4094336","KQ053421v1","5610673","5610968","74","1516627"
"JH378205","4130008","4130306","KQ053421v1","5610673","5610968","79","1480665"
"JH378205","4157829","4158121","KQ053421v1","5610673","5610968","77","1452844"
"JH378205","4214358","4214668","KQ053421v1","5610673","5610968","75","1396315"
"JH378205","4287599","4287899","KQ053421v1","5610673","5610968","78","1323074"
"JH378205","4297755","4298057","KQ053421v1","5610673","5610968","68","1312918"
"JH378205","4305841","4306151","KQ055352v1","6003171","6003466","77","1697330"
"JH378205","4337084","4337372","KQ054815v1","2215557","2215844","94","2121527"
"JH378205","4354260","4354561","KQ053421v1","5610673","5610968","72","1256413"
"JH378205","4367657","4367944","KQ055862v1","1305285","1305561","72","3062372"
"JH378205","4389839","4389969","KQ053398v1","2623748","2623879","38","1766091"
"JH378205","4411961","4412234","KQ053421v1","5610673","5610968","82","1198712"
"JH378205","4471452","4471737","KQ053421v1","5610673","5610968","83","1139221"
"JH378205","4559462","4559722","KQ057901v1","868884","869144","89","3690578"
"JH378205","4611253","4611553","KQ058427v1","7786546","7786853","82","3175293"
"JH378205","5001954","5002180","KQ053234v1","1414405","1414609","73","3587549"
"JH378205","5079271","5079573","KQ053421v1","5610673","5610968","84","531402"
"JH378205","5105112","5105251","KQ053004v1","3064551","3064681","51","2040561"
"JH378205","5267922","5268216","KQ053421v1","5610673","5610968","69","342751"
"JH378205","5293926","5294065","KQ054401v1","3363241","3363379","42","1930685"
"JH378205","5422397","5422514","KQ053398v1","2623748","2623879","40","2798649"
"JH378205","5440985","5441132","KQ054401v1","3363241","3363379","42","2077744"
"JH378205","5509475","5509788","KQ055267v1","513773","514088","80","4995702"
"JH378205","5513132","5513438","KQ053421v1","5610673","5610968","86","97541"
"JH378205","5520533","5520811","KQ058242v1","595939","596205","83","4924594"
"JH378205","5583348","5583651","KQ053421v1","5610673","5610968","78","27325"
"JH378205","5686937","5687151","ABDC02053644v1","2226","2419","101","5684711"
"JH378205","5688403","5688707","KQ053421v1","5610673","5610968","77","77730"
"JH378205","5798216","5798501","KQ055862v1","1305285","1305561","83","4492931"
"JH378205","5875792","5876069","KQ053421v1","5610673","5610968","81","265119"
"JH378205","6092929","6093214","KQ054815v1","2215557","2215844","90","3877372"
"JH378205","6175314","6175632","KQ055352v1","6003171","6003466","91","172143"
"JH378205","6191696","6191977","KQ053421v1","5610673","5610968","91","581023"
"JH378205","6196591","6196802","KQ058274v1","300327","300497","75","5896264"
"JH378205","6212544","6212842","KQ053421v1","5610673","5610968","77","601871"
"JH378205","6289378","6289680","KQ053421v1","5610673","5610968","73","678705"
"JH378205","6298174","6298477","KQ053421v1","5610673","5610968","66","687501"
"JH378205","6319068","6319368","KQ053421v1","5610673","5610968","75","708395"
"JH378205","6368738","6369026","KQ053421v1","5610673","5610968","77","758065"
"JH378205","6388707","6389001","KQ053421v1","5610673","5610968","94","778034"
"JH378205","6421319","6421435","KQ053398v1","2623748","2623879","44","3797571"
"JH378205","6467053","6467364","KQ055267v1","513773","514088","70","5953280"
"JH378205","6588600","6588849","KQ056321v1","575951","576190","76","6012649"
"JH378205","6657422","6657549","KQ056613v1","139721","139816","59","6517701"
"JH378205","6706006","6706323","KQ053059v1","2548766","2549102","89","4157240"
"JH378205","6788480","6788773","KQ058427v1","7786546","7786853","87","998066"
"JH378205","6944666","6944938","KQ055862v1","1305285","1305561","88","5639381"
"JH378205","6949799","6950105","KQ055267v1","513773","514088","81","6436026"
"JH378205","6957654","6957953","KQ053421v1","5610673","5610968","77","1346981"
"JH378205","7000001","7000095","KQ056279v1","759081","759162","28","6240920"
"JH378205","7001304","7001621","KQ053421v1","5610673","5610968","89","1390631"
"JH378205","7037334","7037624","KQ053421v1","5610673","5610968","74","1426661"
"JH378205","7070327","7070627","KQ053421v1","5610673","5610968","81","1459654"
"JH378205","7091286","7091577","KQ053421v1","5610673","5610968","65","1480613"
"JH378205","7100218","7100516","KQ053421v1","5610673","5610968","70","1489545"
"JH378205","7125624","7125924","KQ053421v1","5610673","5610968","81","1514951"
"JH378205","7165979","7166259","KQ053421v1","5610673","5610968","91","1555306"
"JH378205","7279708","7279888","KQ055662v1","1890465","1890674","66","5389243"
"JH378205","7330248","7330540","KQ053421v1","5610673","5610968","80","1719575"
"JH378205","7409071","7409279","KQ054179v1","3404435","3404595","68","4004636"
"JH378205","7474197","7474505","KQ053421v1","5610673","5610968","77","1863524"
"JH378205","7533418","7533690","KQ058242v1","595939","596205","83","6937479"
"JH378205","7614674","7614982","KQ055352v1","6003171","6003466","75","1611503"
"JH378205","7616800","7616961","KQ058638v1","1837830","1837985","35","5778970"
"JH378205","7910594","7910888","KQ053421v1","5610673","5610968","70","2299921"
"JH378205","7964941","7965241","KQ053421v1","5610673","5610968","72","2354268"
"JH378205","8013466","8013729","KQ057901v1","868884","869144","83","7144582"
"JH378205","8033906","8034209","KQ053421v1","5610673","5610968","79","2423233"
"JH378205","8063705","8063864","KQ053310v1","1983228","1983391","51","6080477"
"JH378206","5504860","5505156","KQ053421v1","5610673","5610968","69","105813"
"JH378206","22144","22435","KQ053421v1","5610673","5610968","89","5588529"
"JH378206","29977","30202","KQ056005v1","1024192","1024395","74","994215"
"JH378206","40904","41196","KQ053421v1","5610673","5610968","83","5569769"
"JH378206","44096","44384","KQ053421v1","5610673","5610968","96","5566577"
"JH378206","68806","69038","KQ058242v1","595939","596205","87","527133"
"JH378206","86054","86163","KQ053398v1","2623748","2623879","46","2537694"
"JH378206","150760","150872","KQ053398v1","2623748","2623879","48","2472988"
"JH378206","151379","151554","KQ053093v1","1668172","1668343","48","1516793"
"JH378206","151662","151946","KQ053421v1","5610673","5610968","84","5459011"
"JH378206","168781","169096","KQ055267v1","513773","514088","82","344992"
"JH378206","191986","192286","KQ053421v1","5610673","5610968","85","5418687"
"JH378206","238758","238919","KQ056118v1","822027","822185","53","583269"
"JH378206","238926","239023","KQ056493v1","2043382","2043488","37","1804456"
"JH378206","242303","242560","KQ058339v1","4553625","4553889","99","4311322"
"JH378206","250157","250428","KQ053883v1","6938067","6938331","91","6687910"
"JH378206","250583","250876","KQ053421v1","5610673","5610968","76","5360090"
"JH378206","259023","259313","KQ055862v1","1305285","1305561","82","1046262"
"JH378206","268107","268395","KQ053421v1","5610673","5610968","80","5342566"
"JH378206","281204","281481","KQ053421v1","5610673","5610968","76","5329469"
"JH378206","282398","282696","KQ053421v1","5610673","5610968","77","5328275"
"JH378206","284271","284572","KQ053421v1","5610673","5610968","73","5326402"
"JH378206","287804","288035","KQ058509v1","24058","24271","76","263746"
"JH378206","336649","336808","KQ053531v1","6571","6737","64","330078"
"JH378206","343718","344031","KQ058427v1","7786546","7786853","81","7442828"
"JH378206","370376","370652","KQ053883v1","6938067","6938331","97","6567691"
"JH378206","399762","399953","KQ058274v1","300327","300497","55","99435"
"JH378206","455903","456198","KQ053421v1","5610673","5610968","74","5154770"
"JH378206","491409","491692","KQ053421v1","5610673","5610968","93","5119264"
"JH378206","536889","537024","KQ053398v1","2623748","2623879","39","2086859"
"JH378206","599997","600309","KQ055267v1","513773","514088","79","86224"
"JH378206","633537","633622","KQ056235v1","1266284","1266361","20","632747"
"JH378206","715612","715902","KQ053421v1","5610673","5610968","77","4895061"
"JH378206","778466","778743","KQ053421v1","5610673","5610968","88","4832207"
"JH378206","863825","864058","KQ058339v1","4553625","4553889","96","3689800"
"JH378206","864955","865195","KQ055717v1","1610777","1611031","87","745822"
"JH378206","943206","943369","KQ053398v1","2623748","2623879","62","1680542"
"JH378206","956496","956800","KQ058427v1","7786546","7786853","82","6830050"
"JH378206","959177","959372","KQ053234v1","1679581","1679757","74","720404"
"JH378206","967004","967321","KQ058427v1","7786546","7786853","89","6819542"
"JH378206","1020048","1020351","KQ053421v1","5610673","5610968","85","4590625"
"JH378206","1053505","1053713","KQ052982v1","2032903","2033097","50","979398"
"JH378206","1191734","1192013","KQ053421v1","5610673","5610968","83","4418939"
"JH378206","1194594","1194823","KQ052982v1","2032903","2033097","69","838309"
"JH378206","1196306","1196572","KQ058242v1","595939","596205","80","600367"
"JH378206","1225221","1225512","KQ053421v1","5610673","5610968","71","4385452"
"JH378206","1344266","1344571","KQ053421v1","5610673","5610968","91","4266407"
"JH378206","1367634","1367887","KQ058242v1","595939","596205","72","771695"
"JH378206","1384763","1385066","KQ055267v1","513773","514088","87","870990"
"JH378206","1453912","1454214","KQ058427v1","7786546","7786853","74","6332634"
"JH378206","1456223","1456416","KQ058274v1","300327","300497","54","1155896"
"JH378206","1462744","1463040","KQ053421v1","5610673","5610968","78","4147929"
"JH378206","1518800","1519111","KQ058427v1","7786546","7786853","89","6267746"
"JH378206","1523467","1523769","KQ053421v1","5610673","5610968","86","4087206"
"JH378206","1630323","1630621","KQ058427v1","7786546","7786853","79","6156223"
"JH378206","1696070","1696361","KQ053421v1","5610673","5610968","87","3914603"
"JH378206","1744962","1745204","KQ058505v1","2207051","2207301","75","462089"
"JH378206","1764025","1764315","KQ053421v1","5610673","5610968","80","3846648"
"JH378206","1821552","1821839","KQ055267v1","513773","514088","98","1307779"
"JH378206","1835604","1835905","KQ053421v1","5610673","5610968","86","3775069"
"JH378206","1956523","1956822","KQ053421v1","5610673","5610968","75","3654150"
"JH378206","1996175","1996485","KQ055267v1","513773","514088","77","1482402"
"JH378206","2075210","2075484","KQ053141v1","2860","3159","88","2072350"
"JH378206","2122265","2122501","KQ058242v1","595939","596205","94","1526326"
"JH378206","2136947","2137218","KQ058242v1","595939","596205","75","1541008"
"JH378206","2208980","2209259","KQ053421v1","5610673","5610968","90","3401693"
"JH378206","2243608","2243917","KQ055267v1","513773","514088","85","1729835"
"JH378206","2269848","2270131","KQ053421v1","5610673","5610968","71","3340825"
"JH378206","2285201","2285501","KQ053421v1","5610673","5610968","86","3325472"
"JH378206","2299474","2299774","KQ053421v1","5610673","5610968","73","3311199"
"JH378206","2356214","2356484","KQ058242v1","595939","596205","93","1760275"
"JH378206","2405334","2405654","KQ053421v1","5610673","5610968","98","3205339"
"JH378206","2480025","2480325","KQ053421v1","5610673","5610968","78","3130648"
"JH378206","2483529","2483777","KQ058509v1","24058","24271","78","2459471"
"JH378206","2486701","2487002","KQ053421v1","5610673","5610968","75","3123972"
"JH378206","2530659","2530820","KQ058428v1","1396698","1396861","53","1133961"
"JH378206","2612405","2612699","KQ053421v1","5610673","5610968","65","2998268"
"JH378206","2686704","2687006","KQ053421v1","5610673","5610968","77","2923969"
"JH378206","2712301","2712611","KQ058427v1","7786546","7786853","74","5074245"
"JH378206","2718733","2719018","KQ053421v1","5610673","5610968","82","2891940"
"JH378206","2724334","2724621","KQ053421v1","5610673","5610968","79","2886339"
"JH378206","2818634","2818744","KQ056493v1","2043382","2043488","33","775252"
"JH378206","2852240","2852530","KQ053421v1","5610673","5610968","70","2758433"
"JH378206","2876573","2876874","KQ053421v1","5610673","5610968","76","2734100"
"JH378206","2915406","2915578","KQ056064v1","326763","326940","65","2588643"
"JH378206","2952432","2952727","KQ053421v1","5610673","5610968","72","2658241"
"JH378206","2956967","2957272","KQ055352v1","6003171","6003466","78","3046204"
"JH378206","2970057","2970352","KQ053421v1","5610673","5610968","78","2640616"
"JH378206","2974698","2975009","KQ053421v1","5610673","5610968","82","2635975"
"JH378206","3070813","3071108","KQ053421v1","5610673","5610968","73","2539860"
"JH378206","3101795","3102089","KQ053421v1","5610673","5610968","64","2508878"
"JH378206","3116623","3116928","KQ055352v1","6003171","6003466","70","2886548"
"JH378206","3140439","3140734","KQ053421v1","5610673","5610968","70","2470234"
"JH378206","3144220","3144524","KQ055267v1","513773","514088","81","2630447"
"JH378206","3152007","3152300","KQ053421v1","5610673","5610968","67","2458666"
"JH378206","3156366","3156668","KQ053421v1","5610673","5610968","66","2454307"
"JH378206","3243057","3243224","KQ058350v1","9514178","9514352","36","6271121"
"JH378206","3260411","3260713","KQ053421v1","5610673","5610968","71","2350262"
"JH378206","3294255","3294553","KQ053421v1","5610673","5610968","67","2316418"
"JH378206","3302909","3303212","KQ053421v1","5610673","5610968","77","2307764"
"JH378206","3397627","3397914","KQ053421v1","5610673","5610968","76","2213046"
"JH378206","3401166","3401473","KQ055352v1","6003171","6003466","75","2602005"
"JH378206","3414475","3414771","KQ053421v1","5610673","5610968","70","2196198"
"JH378206","3431693","3431958","KQ055862v1","1305285","1305561","82","2126408"
"JH378206","3479477","3479747","KQ058640v1","643463","643729","72","2836014"
"JH378206","3483186","3483509","KQ055267v1","513773","514088","96","2969413"
"JH378206","3491441","3491752","KQ055267v1","513773","514088","76","2977668"
"JH378206","3514337","3514601","KQ057186v1","783828","784085","84","2730509"
"JH378206","3570233","3570539","KQ058427v1","7786546","7786853","76","4216313"
"JH378206","3592223","3592503","KQ053421v1","5610673","5610968","79","2018450"
"JH378206","3680531","3680828","KQ058427v1","7786546","7786853","77","4106015"
"JH378206","3724424","3724733","KQ053421v1","5610673","5610968","74","1886249"
"JH378206","4232941","4233231","KQ053421v1","5610673","5610968","80","1377732"
"JH378206","4336021","4336313","KQ053421v1","5610673","5610968","66","1274652"
"JH378206","4337069","4337244","KQ056064v1","326763","326940","56","4010306"
"JH378206","4570573","4570872","KQ053421v1","5610673","5610968","73","1040100"
"JH378206","4586671","4586971","KQ053421v1","5610673","5610968","76","1024002"
"JH378206","4641034","4641335","KQ053421v1","5610673","5610968","71","969639"
"JH378206","4668340","4668635","KQ053421v1","5610673","5610968","83","942333"
"JH378206","4681458","4681753","KQ053421v1","5610673","5610968","68","929215"
"JH378206","4706747","4706920","KQ057654v1","509","671","44","4706238"
"JH378206","4724312","4724596","KQ053421v1","5610673","5610968","81","886361"
"JH378206","4839828","4840130","KQ055267v1","513773","514088","83","4326055"
"JH378206","4857778","4858070","KQ053421v1","5610673","5610968","78","752895"
"JH378206","4883129","4883430","KQ053421v1","5610673","5610968","82","727544"
"JH378206","4884936","4885105","KQ058423v1","270754","270928","42","4614182"
"JH378206","4943725","4944007","KQ053421v1","5610673","5610968","78","666948"
"JH378206","4973686","4973980","KQ053421v1","5610673","5610968","77","636987"
"JH378206","5029710","5030024","KQ053421v1","5610673","5610968","78","580963"
"JH378206","5084461","5084773","KQ058427v1","7786546","7786853","81","2702085"
"JH378206","5150220","5150458","KQ057901v1","868884","869144","84","4281336"
"JH378206","5286916","5287116","KQ053234v1","1679581","1679757","59","3607335"
"JH378206","5525807","5526099","KQ055862v1","1305285","1305561","88","4220522"
"JH378206","5546925","5547216","KQ053421v1","5610673","5610968","86","63748"
"JH378206","5603903","5604192","KQ053421v1","5610673","5610968","74","6770"
"JH378206","5717306","5717603","KQ053421v1","5610673","5610968","70","106633"
"JH378206","5744796","5745090","KQ053421v1","5610673","5610968","77","134123"
"JH378206","5895806","5896093","KQ053421v1","5610673","5610968","79","285133"
"JH378206","5955510","5955802","KQ053421v1","5610673","5610968","78","344837"
"JH378206","6078412","6078717","KQ053421v1","5610673","5610968","74","467739"
"JH378206","6129762","6130011","KQ055717v1","1610777","1611031","78","4518985"
"JH378206","6165267","6165551","KQ054815v1","2215557","2215844","80","3949710"
"JH378206","6193126","6193324","ABDC02053644v1","2226","2419","67","6190900"
"JH378206","6246364","6246663","KQ055267v1","513773","514088","87","5732591"
"JH378206","6249049","6249355","KQ058427v1","7786546","7786853","70","1537497"
"JH378206","6261902","6262137","KQ054068v1","3638075","3638299","72","2623827"
"JH378206","6263209","6263500","KQ053421v1","5610673","5610968","84","652536"
"JH378206","6289921","6290216","KQ053421v1","5610673","5610968","78","679248"
"JH378206","6304011","6304307","KQ053421v1","5610673","5610968","73","693338"
"JH378206","6317352","6317649","KQ053421v1","5610673","5610968","68","706679"
"JH378206","6329059","6329334","KQ055862v1","1305285","1305561","80","5023774"
"JH378206","6330312","6330618","KQ053421v1","5610673","5610968","102","719639"
"JH378206","6335531","6335841","KQ058427v1","7786546","7786853","76","1451015"
"JH378206","6382422","6382727","KQ058242v1","595939","596205","101","5786483"
"JH378206","6404153","6404309","KQ054510v1","7582269","7582431","50","1178116"
"JH378206","6404618","6404683","KQ054932v1","5044350","5044402","34","1360268"
"JH378206","6404797","6404852","KQ053741v1","1688800","1688853","19","4715997"
"JH378206","6470547","6470841","KQ053421v1","5610673","5610968","83","859874"
"JH378206","6609463","6609765","KQ053421v1","5610673","5610968","77","998790"
"JH378206","6617864","6618164","KQ053421v1","5610673","5610968","71","1007191"
"JH378206","6661421","6661488","KQ058316v1","2226037","2226104","31","4435384"
"JH378206","6847310","6847616","KQ053421v1","5610673","5610968","74","1236637"
"JH378206","6942276","6942450","KQ058129v1","100901","101077","67","6841375"
"JH378206","6994511","6994813","KQ053421v1","5610673","5610968","73","1383838"
"JH378206","6994814","6994951","KQ053398v1","2623748","2623879","44","4371066"
"JH378206","6997945","6998249","KQ053421v1","5610673","5610968","79","1387272"
"JH378206","7000001","7000190","KQ053234v1","1679581","1679757","48","5320420"
"JH378206","7004287","7004601","KQ058427v1","7786546","7786853","100","782259"
"JH378206","7119198","7119490","KQ055267v1","513773","514088","82","6605425"
"JH378206","7169733","7169956","KQ058274v1","300327","300497","78","6869406"
"JH378206","7181003","7181088","KQ056235v1","1266284","1266361","23","5914719"
"JH378206","7242331","7242630","KQ053421v1","5610673","5610968","82","1631658"
"JH378206","7266026","7266307","KQ053421v1","5610673","5610968","85","1655353"
"JH378206","7277912","7278201","KQ053421v1","5610673","5610968","86","1667239"
"JH378206","7279584","7279869","KQ053421v1","5610673","5610968","77","1668911"
"JH378206","7282380","7282682","KQ053421v1","5610673","5610968","71","1671707"
"JH378206","7292633","7292934","KQ055267v1","513773","514088","69","6778860"
"JH378206","7303153","7303451","KQ058427v1","7786546","7786853","77","483393"
"JH378206","7313588","7313880","KQ053421v1","5610673","5610968","75","1702915"
"JH378206","7352689","7352972","KQ053421v1","5610673","5610968","81","1742016"
"JH378206","7409966","7410268","KQ053421v1","5610673","5610968","80","1799293"
"JH378206","7577250","7577551","KQ053421v1","5610673","5610968","73","1966577"
"JH378206","7674423","7674732","KQ055352v1","6003171","6003466","75","1671252"
"JH378206","7965885","7966169","KQ053421v1","5610673","5610968","83","2355212"
"JH378206","7966336","7966635","KQ053421v1","5610673","5610968","81","2355663"
"JH378206","7975341","7975649","KQ053421v1","5610673","5610968","82","2364668"
"JH378206","8003744","8003948","KQ053234v1","1414405","1414609","51","6589339"
"JH378206","8004569","8004638","KQ056279v1","759081","759162","27","7245488"
"JH378207","53453","53746","KQ053421v1","5610673","5610968","77","5557220"
"JH378207","108650","108947","KQ053421v1","5610673","5610968","65","5502023"
"JH378207","180854","181158","KQ055267v1","513773","514088","73","332919"
"JH378207","496056","496366","KQ058427v1","7786546","7786853","88","7290490"
"JH378207","527953","528256","KQ053421v1","5610673","5610968","70","5082720"
"JH378207","576971","577281","KQ053421v1","5610673","5610968","92","5033702"
"JH378207","732191","732494","KQ055267v1","513773","514088","195","218418"
"JH378207","996669","996963","KQ053421v1","5610673","5610968","88","4614004"
"JH378207","1173665","1173899","KQ058242v1","595939","596205","83","577726"
"JH378207","1322215","1322510","KQ053421v1","5610673","5610968","82","4288458"
"JH378207","1458527","1458739","KQ058509v1","24058","24271","75","1434469"
"JH378207","1542583","1542892","KQ055267v1","513773","514088","70","1028810"
"JH378207","1574271","1574563","KQ053421v1","5610673","5610968","70","4036402"
"JH378207","1688166","1688468","KQ053421v1","5610673","5610968","71","3922507"
"JH378207","1755129","1755407","KQ058242v1","595939","596205","79","1159190"
"JH378207","2095544","2095820","KQ057186v1","783828","784085","77","1311716"
"JH378207","2154228","2154539","KQ055267v1","513773","514088","72","1640455"
"JH378207","2171155","2171458","KQ053421v1","5610673","5610968","78","3439518"
"JH378207","2219558","2219865","KQ055267v1","513773","514088","77","1705785"
"JH378207","2335198","2335329","KQ052968v1","13665640","13665790","49","11330442"
"JH378207","2390326","2390629","KQ053421v1","5610673","5610968","70","3220347"
"JH378207","2402034","2402342","KQ053421v1","5610673","5610968","80","3208639"
"JH378207","2479142","2479421","KQ054815v1","2215557","2215844","79","263585"
"JH378207","2649173","2649467","KQ058427v1","7786546","7786853","81","5137373"
"JH378207","2706878","2707118","KQ056321v1","575951","576190","81","2130927"
"JH378207","2812242","2812548","KQ055352v1","6003171","6003466","72","3190929"
"JH378207","2885339","2885650","KQ055352v1","6003171","6003466","72","3117832"
"JH378207","3179158","3179453","KQ053421v1","5610673","5610968","70","2431515"
"JH378207","3292427","3292722","KQ053421v1","5610673","5610968","71","2318246"
"JH378207","3384164","3384432","KQ058640v1","643463","643729","91","2740701"
"JH378207","3419109","3419386","KQ058427v1","6786866","6787134","89","3367757"
"JH378207","3424532","3424836","KQ053421v1","5610673","5610968","83","2186141"
"JH378207","3430680","3430993","KQ055352v1","6003171","6003466","81","2572491"
"JH378207","3467258","3467487","KQ052982v1","2032903","2033097","76","1434355"
"JH378207","3599308","3599618","KQ055352v1","6003171","6003466","72","2403863"
"JH378207","3648883","3649190","KQ053421v1","5610673","5610968","83","1961790"
"JH378207","3652561","3652840","KQ053421v1","5610673","5610968","88","1958112"
"JH378207","3889501","3889756","KQ058427v1","6786866","6787134","85","2897365"
"JH378207","3990788","3991072","KQ053421v1","5610673","5610968","96","1619885"
"JH378207","3995728","3996009","KQ058242v1","595939","596205","92","3399789"
"JH378207","4135593","4135886","KQ053141v1","2860","3159","98","4132733"
"JH378207","4238792","4239105","KQ055352v1","6003171","6003466","75","1764379"
"JH378207","4490798","4491078","KQ053421v1","5610673","5610968","83","1119875"
"JH378207","4541940","4542219","KQ053421v1","5610673","5610968","83","1068733"
"JH378207","4576159","4576248","KQ056235v1","1266284","1266361","31","3309875"
"JH378207","4577528","4577713","ABDC02053644v1","2226","2419","88","4575302"
"JH378207","4646663","4646948","KQ053785v1","888769","889063","83","3757894"
"JH378207","4657157","4657457","KQ053421v1","5610673","5610968","74","953516"
"JH378207","4720344","4720629","KQ053421v1","5610673","5610968","85","890329"
"JH378207","5133185","5133476","KQ053421v1","5610673","5610968","86","477488"
"JH378207","5279799","5280100","KQ053421v1","5610673","5610968","67","330874"
"JH378207","5317529","5317823","KQ053421v1","5610673","5610968","66","293144"
"JH378207","5358509","5358810","KQ053421v1","5610673","5610968","77","252164"
"JH378207","5526853","5527162","KQ053421v1","5610673","5610968","93","83820"
"JH378207","5702109","5702418","KQ055352v1","6003171","6003466","73","301062"
"JH378207","5704315","5704600","KQ055862v1","1305285","1305561","89","4399030"
"JH378207","5749683","5749973","KQ053421v1","5610673","5610968","77","139010"
"JH378207","5783885","5784193","KQ058427v1","7786546","7786853","71","2002661"
"JH378207","5818506","5818802","KQ053421v1","5610673","5610968","70","207833"
"JH378207","5875988","5876289","KQ053421v1","5610673","5610968","64","265315"
"JH378207","5895166","5895465","KQ053421v1","5610673","5610968","76","284493"
"JH378207","5900356","5900658","KQ053421v1","5610673","5610968","76","289683"
"JH378207","5901367","5901670","KQ053421v1","5610673","5610968","71","290694"
"JH378207","6170598","6170727","KQ053398v1","2627781","2627909","33","3542817"
"JH378207","6170876","6171013","KQ057781v1","1047045","1047171","45","5123831"
"JH378207","6241131","6241427","KQ053421v1","5610673","5610968","72","630458"
"JH378207","6542825","6543131","KQ053421v1","5610673","5610968","75","932152"
"JH378207","6558632","6558928","KQ053421v1","5610673","5610968","70","947959"
"JH378207","6564311","6564612","KQ053421v1","5610673","5610968","68","953638"
"JH378207","6758267","6758562","KQ053421v1","5610673","5610968","75","1147594"
"JH378207","6815130","6815447","KQ053421v1","5610673","5610968","90","1204457"
"JH378207","6835048","6835346","KQ055862v1","1305285","1305561","82","5529763"
"JH378207","6894508","6894735","KQ054068v1","3638075","3638299","73","3256433"
"JH378207","7107784","7108090","KQ055267v1","513773","514088","71","6594011"
"JH378207","7137381","7137660","KQ058427v1","6786866","6787134","94","350515"
"JH378207","7143557","7143868","KQ055352v1","6003171","6003466","78","1140386"
"JH378207","7177568","7177875","KQ055352v1","6003171","6003466","70","1174397"
"JH378207","7185484","7185728","KQ058242v1","595939","596205","84","6589545"
"JH378207","7253022","7253322","KQ053421v1","5610673","5610968","65","1642349"
"JH378207","7336916","7337221","KQ055352v1","6003171","6003466","70","1333745"
"JH378207","7420147","7420451","KQ055352v1","6003171","6003466","70","1416976"
"JH378207","7449359","7449525","KQ058428v1","1396698","1396861","54","6052661"
"JH378207","7515221","7515524","KQ053421v1","5610673","5610968","72","1904548"
"JH378207","7642120","7642429","KQ055267v1","513773","514088","73","7128347"
"JH378207","7706126","7706417","KQ053421v1","5610673","5610968","65","2095453"
"JH378207","7813281","7813569","KQ053421v1","5610673","5610968","69","2202608"
"JH378207","7850579","7850752","KQ053993v1","1251070","1251235","43","6599509"
"JH378208","997","1299","KQ055352v1","6003171","6003466","73","6002174"
"JH378208","66021","66351","KQ053135v1","5034940","5035266","100","4968919"
"JH378208","273289","273600","KQ053421v1","5610673","5610968","77","5337384"
"JH378208","277676","278009","KQ053421v1","5610673","5610968","96","5332997"
"JH378208","280678","280986","KQ053421v1","5610673","5610968","74","5329995"
"JH378208","435762","436006","KQ058509v1","24058","24271","84","411704"
"JH378208","457999","458308","KQ055352v1","6003171","6003466","75","5545172"
"JH378208","517669","517948","KQ058339v1","4553625","4553889","106","4035956"
"JH378208","551295","551599","KQ055352v1","6003171","6003466","69","5451876"
"JH378208","580444","580738","KQ053421v1","5610673","5610968","73","5030229"
"JH378208","751196","751490","KQ053421v1","5610673","5610968","80","4859477"
"JH378208","934309","934626","KQ053421v1","5610673","5610968","88","4676364"
"JH378208","1018637","1018951","KQ055352v1","6003171","6003466","72","4984534"
"JH378208","1029218","1029516","KQ053421v1","5610673","5610968","67","4581455"
"JH378208","1063029","1063322","KQ053421v1","5610673","5610968","81","4547644"
"JH378208","1072166","1072475","KQ053421v1","5610673","5610968","74","4538507"
"JH378208","1083359","1083647","KQ053421v1","5610673","5610968","81","4527314"
"JH378208","1085806","1085910","KQ056279v1","759081","759162","37","326725"
"JH378208","1164933","1165238","KQ053421v1","5610673","5610968","69","4445740"
"JH378208","1187448","1187721","KQ058242v1","595939","596205","74","591509"
"JH378208","1209064","1209374","KQ055267v1","513773","514088","75","695291"
"JH378208","1290412","1290710","KQ053421v1","5610673","5610968","74","4320261"
"JH378208","1329904","1330205","KQ053421v1","5610673","5610968","70","4280769"
"JH378208","1433910","1434231","KQ058427v1","7786546","7786853","89","6352636"
"JH378208","1438324","1438616","KQ053421v1","5610673","5610968","69","4172349"
"JH378208","1514966","1515271","KQ055352v1","6003171","6003466","68","4488205"
"JH378208","1538144","1538450","KQ053421v1","5610673","5610968","80","4072529"
"JH378208","1619203","1619460","KQ058427v1","6786866","6787134","85","5167663"
"JH378208","1621245","1621413","KQ056064v1","326763","326940","63","1294482"
"JH378208","1770926","1771227","KQ053421v1","5610673","5610968","73","3839747"
"JH378208","1779658","1779969","KQ055352v1","6003171","6003466","81","4223513"
"JH378208","1921687","1921992","KQ058427v1","7786546","7786853","84","5864859"
"JH378208","1955558","1955859","KQ053421v1","5610673","5610968","67","3655115"
"JH378208","2025728","2026035","KQ055352v1","6003171","6003466","70","3977443"
"JH378208","2066679","2066988","KQ055267v1","513773","514088","71","1552906"
"JH378208","2200375","2200685","KQ055352v1","6003171","6003466","76","3802796"
"JH378208","2404490","2404730","KQ058509v1","24058","24271","70","2380432"
"JH378208","2429544","2429855","KQ058427v1","7786546","7786853","76","5357002"
"JH378208","2657484","2657793","KQ053421v1","5610673","5610968","73","2953189"
"JH378208","2661665","2661949","KQ053421v1","5610673","5610968","80","2949008"
"JH378208","2671762","2672072","KQ058427v1","7786546","7786853","82","5114784"
"JH378208","2674154","2674456","KQ053421v1","5610673","5610968","74","2936519"
"JH378208","2684515","2684784","KQ053421v1","5610673","5610968","87","2926158"
"JH378208","2702443","2702742","KQ053421v1","5610673","5610968","73","2908230"
"JH378208","2823162","2823458","KQ053421v1","5610673","5610968","82","2787511"
"JH378208","2889921","2890212","KQ053421v1","5610673","5610968","65","2720752"
"JH378208","2922953","2923085","KQ053398v1","2623748","2623879","35","299205"
"JH378208","3197624","3197911","KQ053421v1","5610673","5610968","97","2413049"
"JH378208","3351023","3351334","KQ055352v1","6003171","6003466","70","2652148"
"JH378208","3412788","3413097","KQ055352v1","6003171","6003466","70","2590383"
"JH378208","3428476","3428778","KQ053421v1","5610673","5610968","66","2182197"
"JH378208","3458498","3458802","KQ053421v1","5610673","5610968","72","2152175"
"JH378208","3596204","3596509","KQ053421v1","5610673","5610968","86","2014469"
"JH378208","3605953","3606078","KQ053398v1","2623748","2623879","35","982205"
"JH378208","3638189","3638500","KQ055352v1","6003171","6003466","73","2364982"
"JH378208","3649958","3650268","KQ055352v1","6003171","6003466","72","2353213"
"JH378208","3658029","3658340","KQ055352v1","6003171","6003466","77","2345142"
"JH378208","3904629","3904930","KQ055352v1","6003171","6003466","77","2098542"
"JH378208","3926344","3926644","KQ053421v1","5610673","5610968","64","1684329"
"JH378208","3940506","3940788","KQ053421v1","5610673","5610968","85","1670167"
"JH378208","4076455","4076748","KQ053421v1","5610673","5610968","75","1534218"
"JH378208","4189438","4189741","KQ055267v1","513773","514088","75","3675665"
"JH378208","4342691","4342932","KQ056321v1","575951","576190","90","3766740"
"JH378208","4392521","4392803","KQ053421v1","5610673","5610968","88","1218152"
"JH378208","4463563","4463873","KQ055352v1","6003171","6003466","74","1539608"
"JH378208","4530621","4530930","KQ058427v1","7786546","7786853","80","3255925"
"JH378208","4706481","4706763","KQ054815v1","2215557","2215844","87","2490924"
"JH378208","4979152","4979431","KQ058242v1","595939","596205","83","4383213"
"JH378208","5064731","5065025","KQ053421v1","5610673","5610968","76","545942"
"JH378208","5413932","5414221","KQ058339v1","4553625","4553889","88","860307"
"JH378208","5516044","5516310","KQ058242v1","595939","596205","70","4920105"
"JH378208","5617446","5617757","KQ053421v1","5610673","5610968","75","6773"
"JH378208","5621024","5621327","KQ053421v1","5610673","5610968","71","10351"
"JH378208","5795106","5795387","KQ058339v1","4553625","4553889","87","1241481"
"JH378208","5848891","5849179","KQ053421v1","5610673","5610968","88","238218"
"JH378208","6019564","6019854","KQ053421v1","5610673","5610968","69","408891"
"JH378208","6078510","6078816","KQ053421v1","5610673","5610968","89","467837"
"JH378208","6239555","6239840","KQ053421v1","5610673","5610968","76","628882"
"JH378208","6257894","6258033","KQ053398v1","2623748","2623879","41","3634146"
"JH378208","6268720","6268808","KQ056279v1","759081","759162","27","5509639"
"JH378208","6278715","6279031","KQ055267v1","513773","514088","78","5764942"
"JH378208","6461500","6461658","KQ056920v1","183120","183261","45","6278380"
"JH378208","6567793","6568041","KQ058509v1","24058","24271","87","6543735"
"JH378208","6578311","6578570","KQ058242v1","595939","596205","77","5982372"
"JH378208","6679586","6679883","KQ053421v1","5610673","5610968","72","1068913"
"JH378208","6932553","6932860","KQ053421v1","5610673","5610968","74","1321880"
"JH378208","6960978","6961294","KQ055352v1","6003171","6003466","79","957807"
"JH378208","7013304","7013576","KQ057186v1","783828","784085","72","6229476"
"JH378208","7048480","7048767","KQ054815v1","2215557","2215844","85","4832923"
"JH378208","7195581","7195882","KQ053421v1","5610673","5610968","66","1584908"
"JH378208","7210040","7210344","KQ058427v1","7786546","7786853","75","576506"
"JH378208","7248761","7249018","KQ058505v1","2207051","2207301","79","5041710"
"JH378208","7249861","7250125","KQ054815v1","2215557","2215844","91","5034304"
"JH378208","7323234","7323539","KQ055352v1","6003171","6003466","73","1320063"
"JH378208","7360539","7360784","KQ058505v1","2207051","2207301","89","5153488"
"JH378208","7367265","7367575","KQ055352v1","6003171","6003466","72","1364094"
"JH378208","7481167","7481492","KQ055267v1","513773","514088","87","6967394"
"JH378208","7482167","7482458","KQ053421v1","5610673","5610968","73","1871494"
"JH378208","7720453","7720756","KQ053421v1","5610673","5610968","76","2109780"
"JH378209","6946523","6946819","KQ053421v1","5610673","5610968","70","1335850"
"JH378209","145948","146250","KQ053421v1","5610673","5610968","86","5464725"
"JH378209","274421","274731","KQ058427v1","7786546","7786853","84","7512125"
"JH378209","300144","300446","KQ053421v1","5610673","5610968","73","5310529"
"JH378209","326316","326576","KQ057186v1","783828","784085","90","457512"
"JH378209","377356","377637","KQ053421v1","5610673","5610968","85","5233317"
"JH378209","384142","384438","KQ053421v1","5610673","5610968","69","5226531"
"JH378209","437231","437365","KQ054401v1","3363241","3363379","36","2926010"
"JH378209","592108","592398","KQ053421v1","5610673","5610968","71","5018565"
"JH378209","791297","791418","KQ053398v1","2623748","2623879","44","1832451"
"JH378209","914804","915097","KQ058427v1","7786546","7786853","84","6871742"
"JH378209","915331","915591","KQ058242v1","595939","596205","71","319392"
"JH378209","1037024","1037320","KQ053421v1","5610673","5610968","71","4573649"
"JH378209","1065836","1066144","KQ055352v1","6003171","6003466","69","4937335"
"JH378209","1070396","1070692","KQ053421v1","5610673","5610968","72","4540277"
"JH378209","1080063","1080399","KQ055352v1","6003171","6003466","98","4923108"
"JH378209","1109793","1110090","KQ053421v1","5610673","5610968","67","4500880"
"JH378209","1125735","1126034","KQ053421v1","5610673","5610968","67","4484938"
"JH378209","1155421","1155652","KQ058509v1","24058","24271","75","1131363"
"JH378209","1168308","1168615","KQ055267v1","513773","514088","74","654535"
"JH378209","1188098","1188403","KQ055352v1","6003171","6003466","67","4815073"
"JH378209","1220899","1221171","KQ053421v1","5610673","5610968","81","4389774"
"JH378209","1223614","1223878","KQ058242v1","595939","596205","85","627675"
"JH378209","1278955","1279038","KQ055903v1","238545","238616","40","1040410"
"JH378209","1303040","1303349","KQ055352v1","6003171","6003466","72","4700131"
"JH378209","1443884","1444169","KQ053421v1","5610673","5610968","84","4166789"
"JH378209","1515338","1515633","KQ053421v1","5610673","5610968","75","4095335"
"JH378209","1595381","1595649","KQ053421v1","5610673","5610968","96","4015292"
"JH378209","1651811","1652117","KQ053421v1","5610673","5610968","72","3958862"
"JH378209","1860926","1861216","KQ053421v1","5610673","5610968","88","3749747"
"JH378209","1906552","1906843","KQ058242v1","595939","596205","83","1310613"
"JH378209","2078975","2079265","KQ053421v1","5610673","5610968","82","3531698"
"JH378209","2106982","2107244","KQ058509v1","24058","24271","84","2082924"
"JH378209","2129415","2129711","KQ058427v1","7786546","7786853","75","5657131"
"JH378209","2143616","2143877","KQ058242v1","595939","596205","85","1547677"
"JH378209","2191312","2191608","KQ058394v1","9655127","9655422","78","7463815"
"JH378209","2203313","2203614","KQ053421v1","5610673","5610968","70","3407360"
"JH378209","2284578","2284878","KQ053421v1","5610673","5610968","67","3326095"
"JH378209","2288336","2288505","KQ053234v1","1679581","1679757","39","608755"
"JH378209","2320139","2320418","KQ057186v1","783828","784085","74","1536311"
"JH378209","2327311","2327610","KQ053421v1","5610673","5610968","67","3283362"
"JH378209","2340394","2340674","KQ053421v1","5610673","5610968","87","3270279"
"JH378209","2390433","2390727","KQ053421v1","5610673","5610968","85","3220240"
"JH378209","2437992","2438287","KQ058427v1","7786546","7786853","78","5348554"
"JH378209","2465335","2465646","KQ055352v1","6003171","6003466","69","3537836"
"JH378209","2695596","2695903","KQ053421v1","5610673","5610968","77","2915077"
"JH378209","2794409","2794721","KQ053421v1","5610673","5610968","72","2816264"
"JH378209","2878112","2878227","KQ055717v1","1610376","1610476","44","1267736"
"JH378209","2970523","2970809","KQ058242v1","595939","596205","81","2374584"
"JH378209","3102987","3103264","KQ057186v1","783828","784085","78","2319159"
"JH378209","3122006","3122313","KQ055352v1","6003171","6003466","74","2881165"
"JH378209","3154591","3154913","KQ058427v1","7786546","7786853","85","4631955"
"JH378209","3156528","3156827","KQ054815v1","2215557","2215844","93","940971"
"JH378209","3293252","3293517","KQ058242v1","595939","596205","87","2697313"
"JH378209","3386562","3386857","KQ053421v1","5610673","5610968","76","2224111"
"JH378209","3400933","3401227","KQ053421v1","5610673","5610968","81","2209740"
"JH378209","3459509","3459820","KQ053421v1","5610673","5610968","90","2151164"
"JH378209","3519532","3519842","KQ058427v1","7786546","7786853","88","4267014"
"JH378209","3597872","3598129","KQ057186v1","783828","784085","82","2814044"
"JH378209","3771188","3771481","KQ053421v1","5610673","5610968","85","1839485"
"JH378209","3954638","3954928","KQ053421v1","5610673","5610968","71","1656035"
"JH378209","3972012","3972296","KQ053421v1","5610673","5610968","84","1638661"
"JH378209","3982381","3982654","KQ055862v1","1305285","1305561","61","2677096"
"JH378209","4100646","4100958","KQ058427v1","7786546","7786853","79","3685900"
"JH378209","4165484","4165781","KQ058427v1","7786546","7786853","96","3621062"
"JH378209","4187935","4188232","KQ053421v1","5610673","5610968","77","1422738"
"JH378209","4208466","4208771","KQ053421v1","5610673","5610968","78","1402207"
"JH378209","4224246","4224549","KQ053421v1","5610673","5610968","70","1386427"
"JH378209","4254943","4255240","KQ053421v1","5610673","5610968","88","1355730"
"JH378209","4346322","4346619","KQ053421v1","5610673","5610968","82","1264351"
"JH378209","4441833","4442124","KQ053421v1","5610673","5610968","82","1168840"
"JH378209","4487671","4487958","KQ053421v1","5610673","5610968","94","1123002"
"JH378209","4511728","4512001","KQ053421v1","5610673","5610968","92","1098945"
"JH378209","4586747","4587004","KQ058640v1","643463","643729","86","3943284"
"JH378209","4708528","4708838","KQ055267v1","513773","514088","71","4194755"
"JH378209","4713449","4713748","KQ053421v1","5610673","5610968","66","897224"
"JH378209","4753724","4754025","KQ053421v1","5610673","5610968","76","856949"
"JH378209","4792390","4792703","KQ053421v1","5610673","5610968","89","818283"
"JH378209","4840692","4840987","KQ053421v1","5610673","5610968","73","769981"
"JH378209","4848175","4848485","KQ058427v1","7786546","7786853","81","2938371"
"JH378209","4860030","4860329","KQ053421v1","5610673","5610968","76","750643"
"JH378209","4865147","4865443","KQ053421v1","5610673","5610968","73","745526"
"JH378209","4889839","4890058","KQ058274v1","300327","300497","81","4589512"
"JH378209","4901514","4901612","KQ056279v1","759081","759162","31","4142433"
"JH378209","4904328","4904620","KQ053421v1","5610673","5610968","85","706345"
"JH378209","5035242","5035551","KQ055267v1","513773","514088","76","4521469"
"JH378209","5037751","5037909","KQ054510v1","7582269","7582431","42","2544518"
"JH378209","5100386","5100553","KQ058423v1","270754","270928","49","4829632"
"JH378209","5208359","5208624","KQ054617v1","786545","786807","89","4421814"
"JH378209","5212762","5212895","KQ053398v1","2623748","2623879","42","2589014"
"JH378209","5299250","5299542","KQ053421v1","5610673","5610968","72","311423"
"JH378209","5386276","5386587","KQ055352v1","6003171","6003466","75","616895"
"JH378209","5440648","5440944","KQ053421v1","5610673","5610968","73","170025"
"JH378209","5734790","5735088","KQ053421v1","5610673","5610968","83","124117"
"JH378209","5767395","5767713","KQ055267v1","513773","514088","75","5253622"
"JH378209","5890629","5890929","KQ053421v1","5610673","5610968","77","279956"
"JH378209","5900191","5900495","KQ053421v1","5610673","5610968","71","289518"
"JH378209","5984436","5984736","KQ053421v1","5610673","5610968","81","373763"
"JH378209","6041203","6041499","KQ053421v1","5610673","5610968","70","430530"
"JH378209","6105518","6105832","KQ055267v1","513773","514088","89","5591745"
"JH378209","6189774","6190082","KQ055352v1","6003171","6003466","69","186603"
"JH378209","6261694","6261989","KQ055862v1","1305285","1305561","85","4956409"
"JH378209","6359818","6360123","KQ055267v1","513773","514088","68","5846045"
"JH378209","6472763","6473073","KQ055352v1","6003171","6003466","74","469592"
"JH378209","6758278","6758586","KQ055267v1","513773","514088","74","6244505"
"JH378209","6883113","6883418","KQ055267v1","513773","514088","75","6369340"
"JH378209","7050700","7050851","KQ053004v1","3064551","3064681","46","3986149"
"JH378209","7075051","7075362","KQ055267v1","513773","514088","73","6561278"
"JH378209","7286704","7287025","KQ058427v1","7786546","7786853","84","499842"
"JH378209","7489610","7489921","KQ058427v1","7786546","7786853","75","296936"
"JH378209","7536254","7536566","KQ055267v1","513773","514088","74","7022481"
"JH378209","7548112","7548414","KQ053421v1","5610673","5610968","69","1937439"
"JH378209","7655124","7655448","KQ055352v1","6003171","6003466","88","1651953"
"JH378209","7739972","7740243","KQ053421v1","5610673","5610968","91","2129299"
"JH378209","7740876","7741184","KQ055267v1","513773","514088","82","7227103"
"JH378209","7758858","7759139","KQ058339v1","4553625","4553889","80","3205233"
"JH378210","1310632","1310955","KQ055352v1","6003171","6003466","102","4692539"
"JH378210","293171","293456","KQ053421v1","5610673","5610968","85","5317502"
"JH378210","325110","325414","KQ053421v1","5610673","5610968","69","5285563"
"JH378210","350433","350723","KQ053421v1","5610673","5610968","79","5260240"
"JH378210","426550","426854","KQ055267v1","513773","514088","74","87223"
"JH378210","773900","774185","KQ055862v1","1305285","1305561","72","531385"
"JH378210","1062068","1062383","KQ055267v1","513773","514088","73","548295"
"JH378210","1211822","1212130","KQ055267v1","513773","514088","69","698049"
"JH378210","1249109","1249343","KQ058242v1","595939","596205","85","653170"
"JH378210","1303127","1303327","KQ058274v1","300327","300497","63","1002800"
"JH378210","1303429","1303533","KQ058316v1","2226037","2226104","52","922608"
"JH378210","1442896","1443196","KQ053421v1","5610673","5610968","73","4167777"
"JH378210","1508099","1508408","KQ055352v1","6003171","6003466","65","4495072"
"JH378210","1520300","1520603","KQ058427v1","7786546","7786853","78","6266246"
"JH378210","1539394","1539507","KQ053398v1","2627781","2627909","47","1088387"
"JH378210","1666937","1667214","KQ055830v1","661716","661986","92","1005221"
"JH378210","1689022","1689321","KQ053421v1","5610673","5610968","76","3921651"
"JH378210","1704292","1704597","KQ055352v1","6003171","6003466","76","4298879"
"JH378210","1721935","1722231","KQ053421v1","5610673","5610968","69","3888738"
"JH378210","1771635","1771936","KQ053421v1","5610673","5610968","73","3839038"
"JH378210","1906832","1907143","KQ055267v1","513773","514088","72","1393059"
"JH378210","1934978","1935266","KQ053421v1","5610673","5610968","75","3675695"
"JH378210","1987070","1987380","KQ055267v1","513773","514088","72","1473297"
"JH378210","1989234","1989545","KQ053421v1","5610673","5610968","79","3621439"
"JH378210","2022719","2023020","KQ053421v1","5610673","5610968","70","3587954"
"JH378210","2038638","2038943","KQ055352v1","6003171","6003466","72","3964533"
"JH378210","2048450","2048759","KQ053421v1","5610673","5610968","71","3562223"
"JH378210","2054897","2055208","KQ053421v1","5610673","5610968","77","3555776"
"JH378210","2061818","2062126","KQ055352v1","6003171","6003466","64","3941353"
"JH378210","2063446","2063753","KQ053421v1","5610673","5610968","79","3547227"
"JH378210","2065016","2065145","KQ053398v1","2623748","2623879","31","558732"
"JH378210","2078296","2078583","KQ053421v1","5610673","5610968","79","3532377"
"JH378210","2087289","2087593","KQ055352v1","6003171","6003466","71","3915882"
"JH378210","2092862","2093173","KQ055267v1","513773","514088","71","1579089"
"JH378210","2099116","2099345","KQ058242v1","595939","596205","92","1503177"
"JH378210","2099882","2099962","KQ058316v1","2226037","2226104","41","126155"
"JH378210","2104771","2105050","KQ053421v1","5610673","5610968","87","3505902"
"JH378210","2141930","2142233","KQ053421v1","5610673","5610968","72","3468743"
"JH378210","2148730","2149034","KQ053421v1","5610673","5610968","80","3461943"
"JH378210","2260981","2261293","KQ055267v1","513773","514088","71","1747208"
"JH378210","2345208","2345522","KQ053421v1","5610673","5610968","88","3265465"
"JH378210","2520053","2520350","KQ053421v1","5610673","5610968","68","3090620"
"JH378210","2582101","2582228","KQ052968v1","13665640","13665790","59","11083539"
"JH378210","2695266","2695574","KQ055352v1","6003171","6003466","69","3307905"
"JH378210","2808947","2809242","KQ053421v1","5610673","5610968","69","2801726"
"JH378210","2881070","2881332","KQ058505v1","2207051","2207301","88","674019"
"JH378210","2918207","2918494","KQ053421v1","5610673","5610968","78","2692466"
"JH378210","2970419","2970707","KQ053421v1","5610673","5610968","80","2640254"
"JH378210","2988781","2989092","KQ055352v1","6003171","6003466","72","3014390"
"JH378210","3001359","3001662","KQ055352v1","6003171","6003466","79","3001812"
"JH378210","3023582","3023851","KQ058640v1","643463","643729","90","2380119"
"JH378210","3339611","3339907","KQ053421v1","5610673","5610968","70","2271062"
"JH378210","3349809","3350119","KQ055267v1","513773","514088","72","2836036"
"JH378210","3419377","3419678","KQ053421v1","5610673","5610968","75","2191296"
"JH378210","3500506","3500813","KQ055267v1","513773","514088","76","2986733"
"JH378210","3607065","3607375","KQ053421v1","5610673","5610968","77","2003608"
"JH378210","3625777","3626059","KQ054815v1","2215557","2215844","78","1410220"
"JH378210","3824091","3824219","KQ053398v1","2623748","2623879","34","1200343"
"JH378210","3932999","3933309","KQ055352v1","6003171","6003466","76","2070172"
"JH378210","3958051","3958364","KQ058427v1","7786546","7786853","91","3828495"
"JH378210","3959998","3960298","KQ053421v1","5610673","5610968","70","1650675"
"JH378210","3971602","3971903","KQ053421v1","5610673","5610968","71","1639071"
"JH378210","4203999","4204305","KQ055267v1","513773","514088","65","3690226"
"JH378210","4383853","4384153","KQ058427v1","7786546","7786853","74","3402693"
"JH378210","4407178","4407463","KQ054815v1","2215557","2215844","72","2191621"
"JH378210","4436247","4436550","KQ053421v1","5610673","5610968","66","1174426"
"JH378210","4550445","4550752","KQ055267v1","513773","514088","74","4036672"
"JH378210","4731851","4732162","KQ055352v1","6003171","6003466","74","1271320"
"JH378210","4771164","4771437","KQ053785v1","888769","889063","81","3882395"
"JH378210","4803280","4803436","KQ057821v1","3059321","3059481","49","1743959"
"JH378210","4996878","4997152","KQ058242v1","595939","596205","75","4400939"
"JH378210","5068308","5068430","KQ053398v1","2623748","2623879","32","2444560"
"JH378210","5181846","5182155","KQ055352v1","6003171","6003466","73","821325"
"JH378210","5221026","5221333","KQ055352v1","6003171","6003466","71","782145"
"JH378210","5241136","5241448","KQ055267v1","513773","514088","73","4727363"
"JH378210","5330417","5330657","KQ057186v1","783828","784085","99","4546589"
"JH378210","5493461","5493767","KQ054815v1","2215557","2215844","104","3277904"
"JH378210","5569373","5569685","KQ055352v1","6003171","6003466","75","433798"
"JH378210","5577354","5577444","KQ056235v1","1266284","1266361","32","4311070"
"JH378210","5600692","5600994","KQ053421v1","5610673","5610968","74","9981"
"JH378210","5995265","5995571","KQ055352v1","6003171","6003466","70","7906"
"JH378210","5996724","5997017","KQ053421v1","5610673","5610968","75","386051"
"JH378210","6005233","6005509","KQ058640v1","643463","643729","90","5361770"
"JH378210","6013573","6013893","KQ055267v1","513773","514088","84","5499800"
"JH378210","6268394","6268612","KQ057380v1","3344874","3345081","66","2923520"
"JH378210","6281080","6281386","KQ055267v1","513773","514088","83","5767307"
"JH378210","6289224","6289531","KQ058427v1","7786546","7786853","74","1497322"
"JH378210","6300174","6300464","KQ053421v1","5610673","5610968","80","689501"
"JH378210","6374061","6374352","KQ053421v1","5610673","5610968","73","763388"
"JH378210","6449660","6449971","KQ055352v1","6003171","6003466","72","446489"
"JH378210","6467908","6468211","KQ053421v1","5610673","5610968","73","857235"
"JH378210","6553656","6553952","KQ053421v1","5610673","5610968","69","942983"
"JH378210","6581551","6581842","KQ053421v1","5610673","5610968","72","970878"
"JH378210","6742830","6743130","KQ053421v1","5610673","5610968","85","1132157"
"JH378210","6770359","6770654","KQ053421v1","5610673","5610968","72","1159686"
"JH378210","6806307","6806598","KQ053421v1","5610673","5610968","77","1195634"
"JH378210","6855394","6855668","KQ054815v1","2215557","2215844","76","4639837"
"JH378210","6989819","6990121","KQ053421v1","5610673","5610968","67","1379146"
"JH378210","7059239","7059557","KQ055267v1","513773","514088","102","6545466"
"JH378210","7073726","7074025","KQ053421v1","5610673","5610968","70","1463053"
"JH378211","218930","219228","KQ053421v1","5610673","5610968","67","5391743"
"JH378211","229960","230279","KQ055267v1","513773","514088","78","283813"
"JH378211","283362","283667","KQ055267v1","513773","514088","75","230411"
"JH378211","325867","326161","KQ053421v1","5610673","5610968","72","5284806"
"JH378211","357098","357399","KQ053421v1","5610673","5610968","71","5253575"
"JH378211","357607","357913","KQ055267v1","513773","514088","80","156166"
"JH378211","377198","377453","KQ055717v1","1610777","1611031","82","1233579"
"JH378211","399071","399375","KQ055267v1","513773","514088","88","114702"
"JH378211","418515","418822","KQ055267v1","513773","514088","82","95258"
"JH378211","467918","468004","KQ058561v1","4800360","4800424","35","4332442"
"JH378211","565141","565445","KQ053421v1","5610673","5610968","75","5045532"
"JH378211","587558","587822","KQ058242v1","595939","596205","81","8381"
"JH378211","797411","797716","KQ053421v1","5610673","5610968","68","4813262"
"JH378211","814578","814888","KQ055352v1","6003171","6003466","74","5188593"
"JH378211","912798","913066","KQ058242v1","595939","596205","76","316859"
"JH378211","1051101","1051398","KQ053421v1","5610673","5610968","84","4559572"
"JH378211","1129792","1130103","KQ055352v1","6003171","6003466","75","4873379"
"JH378211","1217053","1217312","KQ058242v1","595939","596205","73","621114"
"JH378211","1321540","1321819","KQ053421v1","5610673","5610968","96","4289133"
"JH378211","1481936","1482234","KQ053421v1","5610673","5610968","77","4128737"
"JH378211","1484953","1485230","KQ054815v1","2215557","2215844","78","730604"
"JH378211","1567347","1567637","KQ053421v1","5610673","5610968","78","4043326"
"JH378211","1570126","1570367","KQ058242v1","595939","596205","86","974187"
"JH378211","1575161","1575496","KQ055267v1","513773","514088","93","1061388"
"JH378211","1583350","1583640","KQ058242v1","595939","596205","80","987411"
"JH378211","1679940","1680240","KQ053421v1","5610673","5610968","75","3930733"
"JH378211","2056306","2056605","KQ053421v1","5610673","5610968","76","3554367"
"JH378211","2136459","2136753","KQ053421v1","5610673","5610968","72","3474214"
"JH378211","2141010","2141326","KQ053421v1","5610673","5610968","93","3469663"
"JH378211","2219231","2219508","KQ053421v1","5610673","5610968","74","3391442"
"JH378211","2242947","2243241","KQ053421v1","5610673","5610968","70","3367726"
"JH378211","2315071","2315280","KQ058274v1","300327","300497","82","2014744"
"JH378211","2362042","2362329","KQ058242v1","595939","596205","89","1766103"
"JH378211","2390599","2390909","KQ058427v1","7786546","7786853","80","5395947"
"JH378211","2410440","2410732","KQ053421v1","5610673","5610968","75","3200233"
"JH378211","2433601","2433892","KQ053421v1","5610673","5610968","84","3177072"
"JH378211","2557170","2557474","KQ053421v1","5610673","5610968","73","3053503"
"JH378211","2577518","2577816","KQ053421v1","5610673","5610968","72","3033155"
"JH378211","2599752","2600051","KQ053421v1","5610673","5610968","71","3010921"
"JH378211","2610334","2610622","KQ053421v1","5610673","5610968","76","3000339"
"JH378211","2614243","2614552","KQ058427v1","7786546","7786853","81","5172303"
"JH378211","2618697","2618997","KQ053421v1","5610673","5610968","72","2991976"
"JH378211","2771658","2771951","KQ053421v1","5610673","5610968","85","2839015"
"JH378211","2787713","2788008","KQ053421v1","5610673","5610968","80","2822960"
"JH378211","2802123","2802425","KQ053421v1","5610673","5610968","80","2808550"
"JH378211","2831418","2831713","KQ053421v1","5610673","5610968","70","2779255"
"JH378211","2872875","2873184","KQ055267v1","513773","514088","75","2359102"
"JH378211","2885423","2885734","KQ055352v1","6003171","6003466","70","3117748"
"JH378211","2925136","2925444","KQ053421v1","5610673","5610968","84","2685537"
"JH378211","2954131","2954419","KQ053421v1","5610673","5610968","89","2656542"
"JH378211","2977340","2977661","KQ055267v1","513773","514088","77","2463567"
"JH378211","2990141","2990424","KQ058427v1","6786866","6787134","87","3796725"
"JH378211","2994660","2994965","KQ053421v1","5610673","5610968","71","2616013"
"JH378211","3063064","3063218","KQ057204v1","2930576","2930741","44","132488"
"JH378211","3141340","3141629","KQ053421v1","5610673","5610968","80","2469333"
"JH378211","3156267","3156499","KQ056321v1","575951","576190","61","2580316"
"JH378211","3178411","3178700","KQ058339v1","4553625","4553889","81","1375214"
"JH378211","3186662","3186865","KQ058594v1","5950443","5950621","73","2763781"
"JH378211","3189396","3189691","KQ053421v1","5610673","5610968","79","2421277"
"JH378211","3199217","3199513","KQ053421v1","5610673","5610968","91","2411456"
"JH378211","3227369","3227621","KQ058242v1","595939","596205","76","2631430"
"JH378211","3264033","3264342","KQ058427v1","7786546","7786853","160","4522513"
"JH378211","3274174","3274454","KQ053421v1","5610673","5610968","75","2336499"
"JH378211","3297936","3298231","KQ053421v1","5610673","5610968","85","2312737"
"JH378211","3311121","3311419","KQ053421v1","5610673","5610968","78","2299552"
"JH378211","3327662","3327973","KQ055352v1","6003171","6003466","73","2675509"
"JH378211","3336868","3337176","KQ055352v1","6003171","6003466","73","2666303"
"JH378211","3566283","3566576","KQ053421v1","5610673","5610968","85","2044390"
"JH378211","3673576","3673881","KQ053421v1","5610673","5610968","78","1937097"
"JH378211","3788748","3789017","KQ053883v1","6938067","6938331","87","3149319"
"JH378211","3791664","3791957","KQ053421v1","5610673","5610968","77","1819009"
"JH378211","3865555","3865857","KQ055352v1","6003171","6003466","74","2137616"
"JH378211","3984539","3984850","KQ055352v1","6003171","6003466","79","2018632"
"JH378211","4022771","4023049","KQ058242v1","595939","596205","89","3426832"
"JH378211","4214929","4215233","KQ053421v1","5610673","5610968","74","1395744"
"JH378211","4315440","4315564","KQ053398v1","2627781","2627909","43","1687659"
"JH378211","4706325","4706627","KQ053421v1","5610673","5610968","71","904348"
"JH378211","4708324","4708633","KQ058427v1","7786546","7786853","84","3078222"
"JH378211","4760889","4761181","KQ054815v1","2215557","2215844","88","2545332"
"JH378211","4789726","4790027","KQ055267v1","513773","514088","82","4275953"
"JH378211","5012419","5012724","KQ055352v1","6003171","6003466","71","990752"
"JH378211","5091605","5091881","KQ058339v1","4553625","4553889","79","537980"
"JH378211","5103993","5104301","KQ053421v1","5610673","5610968","94","506680"
"JH378211","5158594","5158905","KQ055352v1","6003171","6003466","74","844577"
"JH378211","5397301","5397600","KQ053421v1","5610673","5610968","81","213372"
"JH378211","5444053","5444361","KQ055352v1","6003171","6003466","73","559118"
"JH378211","5659494","5659802","KQ055352v1","6003171","6003466","72","343677"
"JH378211","5718249","5718565","KQ055352v1","6003171","6003466","74","284922"
"JH378211","5807489","5807762","KQ058640v1","643463","643729","90","5164026"
"JH378211","5885378","5885622","KQ058505v1","2207051","2207301","81","3678327"
"JH378211","5889803","5890115","KQ055352v1","6003171","6003466","69","113368"
"JH378211","5905181","5905479","KQ053421v1","5610673","5610968","83","294508"
"JH378211","5905961","5906264","KQ053421v1","5610673","5610968","76","295288"
"JH378211","5913833","5914126","KQ053421v1","5610673","5610968","69","303160"
"JH378211","5961806","5962116","KQ055352v1","6003171","6003466","70","41365"
"JH378211","5998126","5998303","KQ057161v1","453350","453459","83","5544776"
"JH378211","6086506","6086828","KQ053421v1","5610673","5610968","86","475833"
"JH378211","6091161","6091461","KQ053421v1","5610673","5610968","64","480488"
"JH378211","6224971","6225281","KQ055352v1","6003171","6003466","73","221800"
"JH378211","6378642","6378955","KQ055352v1","6003171","6003466","88","375471"
"JH378211","6457851","6458149","KQ058242v1","595939","596205","84","5861912"
"JH378211","6471701","6472000","KQ053421v1","5610673","5610968","79","861028"
"JH378211","6498976","6499128","KQ057654v1","509","671","46","6498467"
"JH378211","6520399","6520611","KQ052982v1","2032903","2033097","63","4487496"
"JH378211","6588494","6588824","KQ053421v1","5610673","5610968","99","977821"
"JH378211","6711970","6712259","KQ053421v1","5610673","5610968","81","1101297"
"JH378211","6730582","6730864","KQ053421v1","5610673","5610968","82","1119909"
"JH378211","6785242","6785543","KQ053421v1","5610673","5610968","76","1174569"
"JH378211","6792614","6792933","KQ055267v1","513773","514088","98","6278841"
"JH378211","6803313","6803618","KQ055352v1","6003171","6003466","70","800142"
"JH378211","6842888","6843184","KQ053421v1","5610673","5610968","82","1232215"
"JH378211","7049768","7050068","KQ053421v1","5610673","5610968","68","1439095"
"JH378211","7131836","7132122","KQ058242v1","595939","596205","78","6535897"
"JH378211","7166944","7167086","KQ054401v1","3363241","3363379","43","3803703"
"JH378211","7279529","7279820","KQ058427v1","7786546","7786853","98","507017"
"JH378211","7466089","7466378","KQ058427v1","7786546","7786853","90","320457"
"JH378212","76049","76316","KQ058427v1","6786866","6787134","94","6710817"
"JH378212","105476","105772","KQ053421v1","5610673","5610968","87","5505197"
"JH378212","360033","360330","KQ053421v1","5610673","5610968","72","5250640"
"JH378212","445677","445976","KQ053421v1","5610673","5610968","90","5164996"
"JH378212","500718","500998","KQ053421v1","5610673","5610968","88","5109955"
"JH378212","543892","544190","KQ053421v1","5610673","5610968","79","5066781"
"JH378212","552271","552428","KQ053993v1","1251070","1251235","38","698799"
"JH378212","595812","596114","KQ055267v1","513773","514088","76","82039"
"JH378212","600140","600435","KQ053421v1","5610673","5610968","80","5010533"
"JH378212","680531","680812","KQ053421v1","5610673","5610968","87","4930142"
"JH378212","707851","708135","KQ053421v1","5610673","5610968","80","4902822"
"JH378212","775595","775816","KQ052982v1","2032903","2033097","64","1257308"
"JH378212","814130","814442","KQ053421v1","5610673","5610968","84","4796543"
"JH378212","1059697","1060004","KQ055267v1","513773","514088","81","545924"
"JH378212","1082412","1082719","KQ053421v1","5610673","5610968","73","4528261"
"JH378212","1086500","1086797","KQ053421v1","5610673","5610968","84","4524173"
"JH378212","1144779","1145051","KQ058640v1","643463","643729","85","501316"
"JH378212","1380758","1381051","KQ054815v1","2215557","2215844","90","834799"
"JH378212","1411976","1412156","KQ058594v1","5950443","5950621","66","4538467"
"JH378212","1530152","1530445","KQ053421v1","5610673","5610968","85","4080521"
"JH378212","1627917","1628216","KQ058394v1","9655127","9655422","83","8027210"
"JH378212","1629326","1629664","KQ055267v1","513773","514088","94","1115553"
"JH378212","1672096","1672295","KQ053234v1","1414405","1414609","70","257691"
"JH378212","1717265","1717564","KQ053421v1","5610673","5610968","84","3893408"
"JH378212","1779188","1779489","KQ058427v1","7786546","7786853","87","6007358"
"JH378212","1788404","1788641","KQ058509v1","24058","24271","69","1764346"
"JH378212","1808723","1809011","KQ058339v1","4553625","4553889","95","2744902"
"JH378212","1887636","1887794","KQ058594v1","2771639","2771800","45","884003"
"JH378212","1920324","1920599","KQ058242v1","595939","596205","71","1324385"
"JH378212","1948107","1948404","KQ053421v1","5610673","5610968","82","3662566"
"JH378212","2162815","2163116","KQ053421v1","5610673","5610968","65","3447858"
"JH378212","2417976","2418274","KQ053421v1","5610673","5610968","71","3192697"
"JH378212","2463797","2464087","KQ053421v1","5610673","5610968","69","3146876"
"JH378212","2593426","2593712","KQ053421v1","5610673","5610968","95","3017247"
"JH378212","2705624","2705925","KQ058427v1","7786546","7786853","79","5080922"
"JH378212","2713019","2713330","KQ055267v1","513773","514088","71","2199246"
"JH378212","2791216","2791528","KQ053421v1","5610673","5610968","87","2819457"
"JH378212","2840453","2840764","KQ055267v1","513773","514088","75","2326680"
"JH378212","2884317","2884617","KQ053785v1","888769","889063","88","1995548"
"JH378212","2925763","2926070","KQ055267v1","513773","514088","75","2411990"
"JH378212","2930981","2931285","KQ053421v1","5610673","5610968","80","2679692"
"JH378212","2949152","2949451","KQ053421v1","5610673","5610968","83","2661521"
"JH378212","3178629","3178932","KQ053421v1","5610673","5610968","77","2432044"
"JH378212","3209132","3209422","KQ053421v1","5610673","5610968","73","2401541"
"JH378212","3266942","3267032","KQ056279v1","759081","759162","26","2507861"
"JH378212","3389517","3389824","KQ058427v1","7786546","7786853","74","4397029"
"JH378212","3405977","3406281","KQ055267v1","513773","514088","71","2892204"
"JH378212","3463952","3464251","KQ053421v1","5610673","5610968","70","2146721"
"JH378212","3493078","3493388","KQ055267v1","513773","514088","74","2979305"
"JH378212","3679478","3679769","KQ053421v1","5610673","5610968","84","1931195"
"JH378212","3767890","3768189","KQ053421v1","5610673","5610968","72","1842783"
"JH378212","3852466","3852755","KQ053421v1","5610673","5610968","81","1758207"
"JH378212","3918781","3919067","KQ053421v1","5610673","5610968","83","1691892"
"JH378212","4000002","4000158","KQ054401v1","3363241","3363379","50","636761"
"JH378212","4191022","4191307","KQ055352v1","6003171","6003466","83","1812149"
"JH378212","4204754","4204859","KQ056493v1","2043382","2043488","43","2161372"
"JH378212","4287274","4287569","KQ053421v1","5610673","5610968","76","1323399"
"JH378212","4307625","4307905","KQ053421v1","5610673","5610968","81","1303048"
"JH378212","4347400","4347706","KQ055352v1","6003171","6003466","75","1655771"
"JH378212","4369465","4369777","KQ055267v1","513773","514088","74","3855692"
"JH378212","4375593","4375915","KQ055267v1","513773","514088","84","3861820"
"JH378212","4437169","4437468","KQ053421v1","5610673","5610968","80","1173504"
"JH378212","4536246","4536534","KQ053421v1","5610673","5610968","71","1074427"
"JH378212","4544315","4544614","KQ053421v1","5610673","5610968","69","1066358"
"JH378212","4547147","4547416","KQ055862v1","1305285","1305561","93","3241862"
"JH378212","4552687","4552982","KQ053421v1","5610673","5610968","86","1057986"
"JH378212","4595630","4595923","KQ055862v1","1305285","1305561","81","3290345"
"JH378212","4605864","4606162","KQ053421v1","5610673","5610968","73","1004809"
"JH378212","4610719","4610904","KQ053531v1","6571","6737","51","4604148"
"JH378212","4626754","4626931","KQ056064v1","326763","326940","51","4299991"
"JH378212","4637452","4637590","KQ056920v1","183120","183261","44","4454332"
"JH378212","4674342","4674645","KQ053421v1","5610673","5610968","78","936331"
"JH378212","4696794","4697097","KQ053421v1","5610673","5610968","73","913879"
"JH378212","4715959","4716253","KQ053421v1","5610673","5610968","66","894714"
"JH378212","4758335","4758625","KQ053421v1","5610673","5610968","69","852338"
"JH378212","4773337","4773641","KQ053421v1","5610673","5610968","70","837336"
"JH378212","4774608","4774885","KQ058242v1","595939","596205","74","4178669"
"JH378212","4899654","4899952","KQ053421v1","5610673","5610968","70","711019"
"JH378212","4917336","4917625","KQ053421v1","5610673","5610968","75","693337"
"JH378212","4926386","4926682","KQ053421v1","5610673","5610968","68","684287"
"JH378212","4937963","4938264","KQ053421v1","5610673","5610968","68","672710"
"JH378212","4939821","4940129","KQ055267v1","513773","514088","75","4426048"
"JH378212","4950405","4950707","KQ053421v1","5610673","5610968","72","660268"
"JH378212","4960801","4961103","KQ053421v1","5610673","5610968","68","649872"
"JH378212","4962273","4962576","KQ055352v1","6003171","6003466","70","1040898"
"JH378212","4976182","4976488","KQ058427v1","7786546","7786853","77","2810364"
"JH378212","4979039","4979349","KQ055352v1","6003171","6003466","70","1024132"
"JH378212","4997398","4997679","KQ053421v1","5610673","5610968","75","613275"
"JH378212","5070800","5071005","KQ057380v1","3344874","3345081","53","1725926"
"JH378212","5387800","5388079","KQ053785v1","888769","889063","81","4499031"
"JH378212","5477683","5477899","KQ053234v1","1414405","1414609","65","4063278"
"JH378212","5499235","5499526","KQ058242v1","595939","596205","82","4903296"
"JH378212","5594588","5594867","KQ058242v1","595939","596205","79","4998649"
"JH378212","5597447","5597733","KQ055352v1","6003171","6003466","96","405724"
"JH378212","5636569","5636873","KQ053421v1","5610673","5610968","70","25896"
"JH378212","5641118","5641422","KQ053421v1","5610673","5610968","74","30445"
"JH378212","5666240","5666363","KQ053398v1","2623748","2623879","35","3042492"
"JH378212","5696117","5696416","KQ053421v1","5610673","5610968","69","85444"
"JH378212","5711320","5711615","KQ053421v1","5610673","5610968","67","100647"
"JH378212","5745001","5745302","KQ053421v1","5610673","5610968","74","134328"
"JH378212","5812117","5812196","KQ055903v1","238545","238616","27","5573572"
"JH378212","5876850","5877148","KQ053421v1","5610673","5610968","65","266177"
"JH378212","5950764","5950945","KQ053531v1","6571","6737","53","5944193"
"JH378212","5951047","5951148","KQ058316v1","2226037","2226104","52","3725010"
"JH378212","5985386","5985675","KQ053421v1","5610673","5610968","86","374713"
"JH378212","6016542","6016853","KQ055352v1","6003171","6003466","75","13371"
"JH378212","6027495","6027790","KQ053421v1","5610673","5610968","67","416822"
"JH378212","6078045","6078354","KQ055267v1","513773","514088","71","5564272"
"JH378212","6111259","6111541","KQ054815v1","2215557","2215844","77","3895702"
"JH378212","6418813","6419092","KQ058427v1","6786866","6787134","98","368053"
"JH378212","6672484","6672777","KQ053421v1","5610673","5610968","81","1061811"
"JH378212","6877873","6878175","KQ053421v1","5610673","5610968","71","1267200"
"JH378212","6904559","6904849","KQ053421v1","5610673","5610968","74","1293886"
"JH378212","7297592","7297884","KQ053421v1","5610673","5610968","76","1686919"
"JH378212","7381610","7381919","KQ055352v1","6003171","6003466","71","1378439"
"JH378212","7446454","7446730","KQ053883v1","6938067","6938331","99","508387"
"JH378213","47819","48025","KQ055140v1","659740","659924","67","611921"
"JH378213","48322","48462","KQ056911v1","1421731","1421862","41","1373409"
"JH378213","83029","83327","KQ058427v1","7786546","7786853","76","7703517"
"JH378213","206055","206366","KQ053421v1","5610673","5610968","74","5404618"
"JH378213","276189","276494","KQ055352v1","6003171","6003466","71","5726982"
"JH378213","342791","343093","KQ053421v1","5610673","5610968","79","5267882"
"JH378213","363141","363433","KQ053421v1","5610673","5610968","75","5247532"
"JH378213","367775","367942","KQ054954v1","1680710","1680882","53","1312935"
"JH378213","367943","368243","KQ053421v1","5610673","5610968","81","5242730"
"JH378213","372563","372669","KQ056235v1","1266284","1266361","44","893721"
"JH378213","374629","374939","KQ055267v1","513773","514088","88","139144"
"JH378213","403755","403970","KQ056064v1","326763","326940","78","76992"
"JH378213","405070","405166","KQ056235v1","1266284","1266361","33","861214"
"JH378213","461522","461808","KQ053421v1","5610673","5610968","83","5149151"
"JH378213","465721","465907","KQ054954v1","1680710","1680882","52","1214989"
"JH378213","490064","490240","KQ058423v1","270754","270928","45","219310"
"JH378213","585139","585445","KQ058427v1","7786546","7786853","76","7201407"
"JH378213","586108","586259","KQ054401v1","3363241","3363379","47","2777133"
"JH378213","586534","586649","KQ053398v1","2627781","2627909","47","2041247"
"JH378213","599768","600040","KQ055662v1","1890465","1890674","108","1290697"
"JH378213","608177","608476","KQ053421v1","5610673","5610968","79","5002496"
"JH378213","613352","613677","KQ053059v1","2548766","2549102","96","1935414"
"JH378213","654834","655098","KQ058242v1","595939","596205","81","58895"
"JH378213","788937","789207","KQ058242v1","595939","596205","77","192998"
"JH378213","876623","876922","KQ053421v1","5610673","5610968","79","4734050"
"JH378213","967436","967746","KQ053421v1","5610673","5610968","72","4643237"
"JH378213","1001955","1002251","KQ053421v1","5610673","5610968","64","4608718"
"JH378213","1030686","1030864","KQ055140v1","659740","659924","45","370946"
"JH378213","1131967","1132236","KQ057186v1","783828","784085","72","348139"
"JH378213","1171918","1172147","KQ053234v1","1414405","1414609","78","242487"
"JH378213","1226632","1226938","KQ055352v1","6003171","6003466","77","4776539"
"JH378213","1243677","1243976","KQ053421v1","5610673","5610968","76","4366996"
"JH378213","1249175","1249453","KQ057186v1","783828","784085","77","465347"
"JH378213","1252263","1252568","KQ053421v1","5610673","5610968","79","4358410"
"JH378213","1254443","1254731","KQ055862v1","1305285","1305561","81","50842"
"JH378213","1274036","1274249","KQ058594v1","5950443","5950621","76","4676407"
"JH378213","1290521","1290638","KQ053398v1","2623748","2623879","43","1333227"
"JH378213","1424199","1424473","KQ053421v1","5610673","5610968","84","4186474"
"JH378213","1428780","1429055","KQ058427v1","6786866","6787134","79","5358086"
"JH378213","1459324","1459508","KQ058274v1","300327","300497","59","1158997"
"JH378213","1479441","1479737","KQ053421v1","5610673","5610968","87","4131232"
"JH378213","1530031","1530274","KQ057186v1","783828","784085","96","746203"
"JH378213","1549323","1549543","KQ053234v1","1414405","1414609","64","134918"
"JH378213","1584247","1584545","KQ053421v1","5610673","5610968","93","4026426"
"JH378213","1634580","1634840","KQ057901v1","868884","869144","80","765696"
"JH378213","1655031","1655319","KQ053421v1","5610673","5610968","83","3955642"
"JH378213","1729227","1729315","KQ056279v1","759081","759162","30","970146"
"JH378213","1732084","1732387","KQ053421v1","5610673","5610968","71","3878589"
"JH378213","1744875","1745155","KQ058427v1","6786866","6787134","85","5041991"
"JH378213","1750350","1750596","KQ058242v1","595939","596205","70","1154411"
"JH378213","1771848","1772131","KQ053421v1","5610673","5610968","93","3838825"
"JH378213","1853449","1853756","KQ053421v1","5610673","5610968","81","3757224"
"JH378213","1904812","1905078","KQ058242v1","595939","596205","91","1308873"
"JH378213","1922879","1923165","KQ053421v1","5610673","5610968","81","3687794"
"JH378213","1968463","1968772","KQ053421v1","5610673","5610968","73","3642210"
"JH378213","1978450","1978663","KQ055140v1","659740","659924","64","1318710"
"JH378213","2089739","2090039","KQ053421v1","5610673","5610968","89","3520934"
"JH378213","2097772","2097965","KQ058274v1","300327","300497","82","1797445"
"JH378213","2101522","2101830","KQ053421v1","5610673","5610968","79","3509151"
"JH378213","2108641","2108919","KQ053421v1","5610673","5610968","78","3502032"
"JH378213","2133123","2133413","KQ053421v1","5610673","5610968","76","3477550"
"JH378213","2133415","2133710","KQ053421v1","5610673","5610968","78","3477258"
"JH378213","2147692","2147986","KQ053421v1","5610673","5610968","79","3462981"
"JH378213","2154460","2154666","KQ052982v1","2032903","2033097","49","121557"
"JH378213","2261301","2261613","KQ053421v1","5610673","5610968","90","3349372"
"JH378213","2266638","2266945","KQ053421v1","5610673","5610968","81","3344035"
"JH378213","2291563","2291831","KQ058242v1","595939","596205","87","1695624"
"JH378213","2370190","2370489","KQ053421v1","5610673","5610968","80","3240483"
"JH378213","2383747","2383995","KQ058509v1","24058","24271","84","2359689"
"JH378213","2444816","2445103","KQ053421v1","5610673","5610968","74","3165857"
"JH378213","2461124","2461428","KQ053421v1","5610673","5610968","75","3149549"
"JH378213","2599016","2599284","KQ055862v1","1305285","1305561","77","1293731"
"JH378213","2666407","2666713","KQ053421v1","5610673","5610968","83","2944266"
"JH378213","2674739","2674995","KQ057901v1","868884","869144","87","1805855"
"JH378213","2732900","2733193","KQ058242v1","595939","596205","84","2136961"
"JH378213","2742060","2742382","KQ055267v1","513773","514088","107","2228287"
"JH378213","2760193","2760458","KQ053421v1","5610673","5610968","93","2850480"
"JH378213","2772465","2772735","KQ058242v1","595939","596205","75","2176526"
"JH378213","2821672","2821969","KQ053421v1","5610673","5610968","88","2789001"
"JH378213","2829586","2829893","KQ058427v1","7786546","7786853","85","4956960"
"JH378213","2866789","2867091","KQ053421v1","5610673","5610968","72","2743884"
"JH378213","2879116","2879424","KQ058427v1","7786546","7786853","77","4907430"
"JH378213","2903749","2904030","KQ053785v1","888769","889063","82","2014980"
"JH378213","2914435","2914719","KQ053421v1","5610673","5610968","79","2696238"
"JH378213","3004151","3004281","KQ053398v1","2623748","2623879","35","380403"
"JH378213","3049143","3049444","KQ053421v1","5610673","5610968","73","2561530"
"JH378213","3141061","3141160","KQ056279v1","759081","759162","35","2381980"
"JH378213","3213197","3213506","KQ053421v1","5610673","5610968","72","2397476"
"JH378213","3218834","3218963","KQ053398v1","2623748","2623879","33","595086"
"JH378213","3237006","3237301","KQ058427v1","7786546","7786853","86","4549540"
"JH378213","3267577","3267873","KQ053421v1","5610673","5610968","78","2343096"
"JH378213","3285790","3286042","KQ058242v1","595939","596205","74","2689851"
"JH378213","3321689","3321920","KQ058509v1","24058","24271","75","3297631"
"JH378213","3527104","3527371","KQ058339v1","4553625","4553889","93","1026521"
"JH378213","3532547","3532789","KQ058242v1","595939","596205","82","2936608"
"JH378213","3624179","3624474","KQ053421v1","5610673","5610968","70","1986494"
"JH378213","3666468","3666759","KQ053421v1","5610673","5610968","73","1944205"
"JH378213","3672304","3672604","KQ053421v1","5610673","5610968","78","1938369"
"JH378213","3710278","3710576","KQ053421v1","5610673","5610968","74","1900395"
"JH378213","3781841","3782145","KQ053421v1","5610673","5610968","74","1828832"
"JH378213","3785428","3785604","KQ056064v1","326763","326940","60","3458665"
"JH378213","3827201","3827511","KQ058427v1","7786546","7786853","79","3959345"
"JH378213","3865156","3865461","KQ053421v1","5610673","5610968","72","1745517"
"JH378213","3873228","3873535","KQ053421v1","5610673","5610968","70","1737445"
"JH378213","3899787","3900080","KQ053421v1","5610673","5610968","84","1710886"
"JH378213","3937067","3937196","KQ053398v1","2623748","2623879","35","1313319"
"JH378213","3937251","3937361","KQ055579v1","54828","54918","39","3882423"
"JH378213","3938899","3939187","KQ053421v1","5610673","5610968","83","1671774"
"JH378213","3952630","3952723","KQ056235v1","1266284","1266361","29","2686346"
"JH378213","4048960","4049235","KQ058505v1","2207051","2207301","97","1841909"
"JH378213","4067345","4067652","KQ053421v1","5610673","5610968","79","1543328"
"JH378213","4084902","4085165","KQ058505v1","2207051","2207301","77","1877851"
"JH378213","4086809","4087072","KQ055862v1","1305285","1305561","78","2781524"
"JH378213","4115674","4115981","KQ055267v1","513773","514088","83","3601901"
"JH378213","4117222","4117529","KQ058427v1","7786546","7786853","76","3669324"
"JH378213","4123683","4123899","KQ056064v1","326763","326940","77","3796920"
"JH378213","4130114","4130428","KQ055267v1","513773","514088","84","3616341"
"JH378213","4133553","4133838","KQ054815v1","2215557","2215844","79","1917996"
"JH378213","4185078","4185382","KQ058427v1","7786546","7786853","76","3601468"
"JH378213","4237051","4237247","ABDC02053644v1","2226","2419","62","4234825"
"JH378213","4237355","4237458","KQ056493v1","2043382","2043488","52","2193973"
"JH378213","4256862","4257148","KQ053421v1","5610673","5610968","82","1353811"
"JH378213","4272475","4272788","KQ058427v1","7786546","7786853","77","3514071"
"JH378213","4288584","4288874","KQ053421v1","5610673","5610968","72","1322089"
"JH378213","4305833","4305930","KQ056279v1","759081","759162","33","3546752"
"JH378213","4410858","4411142","KQ053785v1","888769","889063","85","3522089"
"JH378213","4416487","4416663","KQ058423v1","270754","270928","44","4145733"
"JH378213","4420748","4421027","KQ053421v1","5610673","5610968","88","1189925"
"JH378213","4427223","4427510","KQ053421v1","5610673","5610968","80","1183450"
"JH378213","4429876","4430177","KQ053421v1","5610673","5610968","74","1180797"
"JH378213","4484513","4484822","KQ053421v1","5610673","5610968","73","1126160"
"JH378213","4519340","4519625","KQ053421v1","5610673","5610968","93","1091333"
"JH378213","4534462","4534768","KQ055267v1","513773","514088","80","4020689"
"JH378213","4543999","4544286","KQ058427v1","7786546","7786853","94","3242547"
"JH378213","4546131","4546418","KQ058427v1","7786546","7786853","94","3240415"
"JH378213","4582696","4582974","KQ057186v1","783828","784085","78","3798868"
"JH378213","4684641","4684950","KQ055267v1","513773","514088","85","4170868"
"JH378213","4688061","4688166","KQ056613v1","139721","139816","43","4548340"
"JH378213","4754447","4754757","KQ058427v1","7786546","7786853","81","3032099"
"JH378213","4756960","4757268","KQ055352v1","6003171","6003466","70","1246211"
"JH378213","4775991","4776280","KQ058242v1","595939","596205","113","4180052"
"JH378213","4782411","4782638","KQ054068v1","3638075","3638299","66","1144336"
"JH378213","4816967","4817257","KQ053421v1","5610673","5610968","84","793706"
"JH378213","4819746","4819976","KQ053234v1","1414405","1414609","67","3405341"
"JH378213","4830002","4830194","KQ053234v1","1679581","1679757","55","3150421"
"JH378213","4841745","4842044","KQ053421v1","5610673","5610968","75","768928"
"JH378213","4910518","4910644","KQ053398v1","2623748","2623879","41","2286770"
"JH378213","4928263","4928444","KQ053993v1","1251070","1251235","49","3677193"
"JH378213","4947983","4948274","KQ053421v1","5610673","5610968","90","662690"
"JH378213","4968005","4968320","KQ058427v1","7786546","7786853","86","2818541"
"JH378213","4970674","4970989","KQ053421v1","5610673","5610968","86","639999"
"JH378213","4992346","4992611","KQ057186v1","783828","784085","74","4208518"
"JH378213","5003104","5003300","KQ058427v1","11113103","11113283","57","6109999"
"JH378213","5148043","5148347","KQ058427v1","7786546","7786853","87","2638503"
"JH378213","5194638","5194819","KQ058423v1","270754","270928","46","4923884"
"JH378213","5210784","5211080","KQ053421v1","5610673","5610968","82","399889"
"JH378213","5215786","5216086","KQ055267v1","513773","514088","79","4702013"
"JH378213","5224571","5224875","KQ058427v1","7786546","7786853","82","2561975"
"JH378213","5353934","5354226","KQ053421v1","5610673","5610968","90","256739"
"JH378213","5355387","5355510","KQ056493v1","2043382","2043488","39","3312005"
"JH378213","5378872","5379175","KQ058427v1","7786546","7786853","77","2407674"
"JH378213","5388249","5388559","KQ058427v1","7786546","7786853","80","2398297"
"JH378213","5411889","5412194","KQ053421v1","5610673","5610968","76","198784"
"JH378213","5415677","5415984","KQ058427v1","7786546","7786853","70","2370869"
"JH378213","5416566","5416887","KQ053421v1","5610673","5610968","89","194107"
"JH378213","5429930","5429980","KQ053883v1","839309","839360","11","4590621"
"JH378213","5438114","5438254","KQ054401v1","3363241","3363379","35","2074873"
"JH378213","5446012","5446316","KQ055267v1","513773","514088","88","4932239"
"JH378213","5447273","5447566","KQ053421v1","5610673","5610968","81","163400"
"JH378213","5475220","5475454","KQ058242v1","595939","596205","88","4879281"
"JH378213","5484443","5484599","KQ053531v1","6571","6737","74","5477872"
"JH378213","5486261","5486554","KQ053421v1","5610673","5610968","84","124412"
"JH378213","5527037","5527213","KQ058350v1","9514178","9514352","46","3987141"
"JH378213","5546685","5546972","KQ053421v1","5610673","5610968","79","63988"
"JH378213","5549262","5549553","KQ053421v1","5610673","5610968","71","61411"
"JH378213","5559926","5560214","KQ053421v1","5610673","5610968","82","50747"
"JH378213","5569586","5569816","KQ057380v1","3344874","3345081","67","2224712"
"JH378213","5571465","5571762","KQ053421v1","5610673","5610968","65","39208"
"JH378213","5606140","5606196","KQ058316v1","2226037","2226104","25","3380103"
"JH378213","5606903","5607044","KQ056911v1","1421731","1421862","46","4185172"
"JH378213","5607360","5607402","KQ053234v1","1679807","1679838","18","3927553"
"JH378213","5616326","5616634","KQ053421v1","5610673","5610968","76","5653"
"JH378213","5637482","5637791","KQ055352v1","6003171","6003466","72","365689"
"JH378213","5702514","5702681","KQ056064v1","326763","326940","63","5375751"
"JH378213","5732455","5732558","KQ056279v1","759081","759162","36","4973374"
"JH378213","5736774","5737070","KQ053421v1","5610673","5610968","70","126101"
"JH378213","5797534","5797762","KQ055662v1","1890465","1890674","71","3907069"
"JH378213","5805917","5806064","KQ054323v1","244554","244713","47","5561363"
"JH378213","5973423","5973693","KQ053421v1","5610673","5610968","67","362750"
"JH378213","5979933","5980219","KQ058427v1","7786546","7786853","90","1806613"
"JH378213","6054615","6054905","KQ053421v1","5610673","5610968","92","443942"
"JH378213","6118606","6118842","KQ053234v1","1414405","1414609","72","4704201"
"JH378213","6119581","6119870","KQ054815v1","2215557","2215844","81","3904024"
"JH378213","6132763","6132867","KQ056493v1","2043382","2043488","34","4089381"
"JH378213","6164411","6164636","KQ058509v1","24058","24271","64","6140353"
"JH378213","6167776","6168086","KQ055352v1","6003171","6003466","75","164605"
"JH378213","6186819","6187128","KQ055352v1","6003171","6003466","72","183648"
"JH378213","6194720","6194998","KQ053421v1","5610673","5610968","78","584047"
"JH378213","6265416","6265715","KQ058427v1","7786546","7786853","90","1521130"
"JH378213","6313245","6313547","KQ053421v1","5610673","5610968","89","702572"
"JH378213","6335809","6335968","KQ053398v1","2623748","2623879","55","3712061"
"JH378213","6391385","6391672","KQ053421v1","5610673","5610968","83","780712"
"JH378213","6434319","6434624","KQ053421v1","5610673","5610968","69","823646"
"JH378213","6439647","6439966","KQ055267v1","513773","514088","86","5925874"
"JH378213","6464853","6464980","KQ053398v1","2627781","2627909","31","3837072"
"JH378213","6468627","6468912","KQ053421v1","5610673","5610968","100","857954"
"JH378213","6472333","6472615","KQ055352v1","6003171","6003466","77","469162"
"JH378213","6535630","6535931","KQ053421v1","5610673","5610968","81","924957"
"JH378213","6556418","6556632","KQ056064v1","326763","326940","81","6229655"
"JH378213","6590157","6590440","KQ053421v1","5610673","5610968","95","979484"
"JH378213","6601224","6601507","KQ055862v1","1305285","1305561","79","5295939"
"JH378213","6643241","6643369","KQ053398v1","2623748","2623879","32","4019493"
"JH378213","6643826","6644114","KQ053421v1","5610673","5610968","82","1033153"
"JH378213","6666171","6666287","KQ053398v1","2623748","2623879","43","4042423"
"JH378213","6669039","6669341","KQ053421v1","5610673","5610968","68","1058366"
"JH378213","6683806","6684111","KQ053421v1","5610673","5610968","89","1073133"
"JH378213","6724155","6724310","KQ053398v1","2623748","2623879","58","4100407"
"JH378213","6734503","6734829","KQ053059v1","2548766","2549102","90","4185737"
"JH378213","6735124","6735409","KQ054815v1","2215557","2215844","79","4519567"
"JH378213","6792783","6792929","KQ053476v1","812335","812482","45","5980448"
"JH378213","6809790","6809909","KQ053398v1","2627781","2627909","36","4182009"
"JH378213","6850143","6850384","KQ058509v1","24058","24271","75","6826085"
"JH378213","6855973","6856271","KQ053421v1","5610673","5610968","68","1245300"
"JH378213","6861983","6862292","KQ055267v1","513773","514088","78","6348210"
"JH378213","6919413","6919688","KQ058242v1","595939","596205","83","6323474"
"JH378213","6936518","6936826","KQ055267v1","513773","514088","84","6422745"
"JH378213","6957139","6957450","KQ053421v1","5610673","5610968","84","1346466"
"JH378213","6962981","6963147","KQ054510v1","7582269","7582431","49","619288"
"JH378213","6965496","6965794","KQ053421v1","5610673","5610968","69","1354823"
"JH378213","6997530","6997708","KQ054954v1","1680710","1680882","51","5316820"
"JH378213","7056380","7056641","KQ058505v1","2207051","2207301","79","4849329"
"JH378213","7062951","7063246","KQ053421v1","5610673","5610968","81","1452278"
"JH378213","7070947","7071221","KQ053421v1","5610673","5610968","88","1460274"
"JH378213","7072616","7072904","KQ055267v1","513773","514088","83","6558843"
"JH378213","7132475","7132769","KQ053421v1","5610673","5610968","78","1521802"
"JH378213","7133696","7133971","KQ058242v1","595939","596205","74","6537757"
"JH378213","7217787","7217871","KQ056235v1","1266284","1266361","22","5951503"
"JH378213","7248792","7249080","KQ058339v1","4553625","4553889","80","2695167"
"JH378213","7312775","7313074","KQ053421v1","5610673","5610968","83","1702102"
"JH378213","7335040","7335315","KQ058242v1","595939","596205","85","6739101"
"JH378214","42974","43279","KQ053421v1","5610673","5610968","85","5567699"
"JH378214","101750","101824","KQ056235v1","1266284","1266361","26","1164534"
"JH378214","102238","102389","KQ054510v1","7582269","7582431","45","7480031"
"JH378214","123072","123364","KQ053421v1","5610673","5610968","81","5487601"
"JH378214","391189","391502","KQ055267v1","513773","514088","79","122584"
"JH378214","391828","391999","KQ053993v1","1251070","1251235","49","859242"
"JH378214","502465","502739","KQ055830v1","661716","661986","88","159251"
"JH378214","679494","679797","KQ058394v1","9655127","9655422","101","8975633"
"JH378214","687185","687473","KQ053421v1","5610673","5610968","80","4923488"
"JH378214","695200","695509","KQ058427v1","7786546","7786853","90","7091346"
"JH378214","714742","715027","KQ054815v1","2215557","2215844","87","1500815"
"JH378214","765991","766288","KQ053421v1","5610673","5610968","67","4844682"
"JH378214","906736","907033","KQ053421v1","5610673","5610968","69","4703937"
"JH378214","929943","930251","KQ055352v1","6003171","6003466","72","5073228"
"JH378214","958961","959283","KQ053421v1","5610673","5610968","81","4651712"
"JH378214","1042663","1042971","KQ055267v1","513773","514088","70","528890"
"JH378214","1061491","1061801","KQ058427v1","7786546","7786853","80","6725055"
"JH378214","1136004","1136276","KQ058339v1","4553625","4553889","76","3417621"
"JH378214","1139933","1140226","KQ053421v1","5610673","5610968","82","4470740"
"JH378214","1281681","1281971","KQ053421v1","5610673","5610968","69","4328992"
"JH378214","1289472","1289789","KQ053421v1","5610673","5610968","84","4321201"
"JH378214","1574207","1574466","KQ053883v1","6938067","6938331","86","5363860"
"JH378214","1613443","1613729","KQ053421v1","5610673","5610968","78","3997230"
"JH378214","1688543","1688830","KQ053421v1","5610673","5610968","77","3922130"
"JH378214","1705103","1705396","KQ053421v1","5610673","5610968","74","3905570"
"JH378214","1725208","1725503","KQ053421v1","5610673","5610968","79","3885465"
"JH378214","1932387","1932711","KQ055267v1","513773","514088","88","1418614"
"JH378214","1964411","1964695","KQ053421v1","5610673","5610968","83","3646262"
"JH378214","1974873","1975170","KQ058242v1","595939","596205","94","1378934"
"JH378214","2022811","2023100","KQ053421v1","5610673","5610968","82","3587862"
"JH378214","2026281","2026586","KQ053421v1","5610673","5610968","86","3584392"
"JH378214","2030561","2030858","KQ053421v1","5610673","5610968","79","3580112"
"JH378214","2098821","2099113","KQ053421v1","5610673","5610968","86","3511852"
"JH378214","2328382","2328618","KQ058509v1","24058","24271","74","2304324"
"JH378214","2373891","2374188","KQ053421v1","5610673","5610968","82","3236782"
"JH378214","2390396","2390716","KQ055267v1","513773","514088","81","1876623"
"JH378214","2436346","2436668","KQ053421v1","5610673","5610968","98","3174327"
"JH378214","2490678","2490969","KQ053421v1","5610673","5610968","81","3119995"
"JH378214","2550603","2550863","KQ053421v1","5610673","5610968","79","3060070"
"JH378214","2564508","2564784","KQ058242v1","595939","596205","72","1968569"
"JH378214","2580188","2580484","KQ053421v1","5610673","5610968","79","3030485"
"JH378214","2611832","2611936","KQ056235v1","1266284","1266361","39","1345548"
"JH378214","2638275","2638565","KQ054815v1","2215557","2215844","77","422718"
"JH378214","2656164","2656465","KQ053421v1","5610673","5610968","80","2954509"
"JH378214","2685321","2685609","KQ053421v1","5610673","5610968","77","2925352"
"JH378214","2696015","2696322","KQ053421v1","5610673","5610968","76","2914658"
"JH378214","2714594","2714887","KQ053421v1","5610673","5610968","69","2896079"
"JH378214","2735706","2736006","KQ053421v1","5610673","5610968","75","2874967"
"JH378214","2742976","2743261","KQ055862v1","1305285","1305561","73","1437691"
"JH378214","2754442","2754748","KQ055352v1","6003171","6003466","70","3248729"
"JH378214","2764858","2765158","KQ053421v1","5610673","5610968","69","2845815"
"JH378214","2787329","2787648","KQ055267v1","513773","514088","79","2273556"
"JH378214","2787990","2788290","KQ053421v1","5610673","5610968","68","2822683"
"JH378214","2839936","2840240","KQ053421v1","5610673","5610968","82","2770737"
"JH378214","3110176","3110314","KQ053004v1","3064551","3064681","51","45625"
"JH378214","3227231","3227307","KQ058272v1","5924923","5924994","37","2697692"
"JH378214","3262968","3263220","KQ057901v1","868884","869144","76","2394084"
"JH378214","3302799","3303090","KQ053421v1","5610673","5610968","86","2307874"
"JH378214","3303177","3303448","KQ058242v1","595939","596205","90","2707238"
"JH378214","3426411","3426721","KQ055267v1","513773","514088","68","2912638"
"JH378214","3441325","3441607","KQ053785v1","888769","889063","85","2552556"
"JH378214","3460654","3460946","KQ053421v1","5610673","5610968","71","2150019"
"JH378214","3477843","3478147","KQ053421v1","5610673","5610968","77","2132830"
"JH378214","3771697","3772021","KQ053421v1","5610673","5610968","96","1838976"
"JH378214","3993195","3993447","KQ057186v1","783828","784085","105","3209367"
"JH378214","4060369","4060657","KQ054815v1","2215557","2215844","85","1844812"
"JH378214","4151981","4152271","KQ053421v1","5610673","5610968","87","1458692"
"JH378214","4189905","4190204","KQ053421v1","5610673","5610968","78","1420768"
"JH378214","4191212","4191495","KQ055267v1","513773","514088","83","3677439"
"JH378214","4211909","4212221","KQ055267v1","513773","514088","71","3698136"
"JH378214","4248760","4248998","KQ058242v1","595939","596205","85","3652821"
"JH378214","4384478","4384772","KQ053421v1","5610673","5610968","78","1226195"
"JH378214","4721408","4721703","KQ058427v1","7786546","7786853","86","3065138"
"JH378214","4741237","4741551","KQ058427v1","7786546","7786853","80","3045309"
"JH378214","4886142","4886428","KQ053421v1","5610673","5610968","79","724531"
"JH378214","4897185","4897484","KQ053421v1","5610673","5610968","66","713488"
"JH378214","4964568","4964867","KQ053421v1","5610673","5610968","72","646105"
"JH378214","5033597","5033897","KQ053421v1","5610673","5610968","73","577076"
"JH378214","5132258","5132507","KQ058505v1","2207051","2207301","90","2925207"
"JH378214","5156239","5156566","KQ058427v1","7786546","7786853","106","2630307"
"JH378214","5260604","5260889","KQ053421v1","5610673","5610968","76","350069"
"JH378214","5818175","5818483","KQ055352v1","6003171","6003466","72","184996"
"JH378214","5917258","5917564","KQ055267v1","513773","514088","96","5403485"
"JH378214","5924673","5924955","KQ055352v1","6003171","6003466","80","78498"
"JH378214","6077058","6077362","KQ058427v1","7786546","7786853","88","1709488"
"JH378214","6191507","6191800","KQ053421v1","5610673","5610968","90","580834"
"JH378214","6337256","6337342","KQ056235v1","1266284","1266361","23","5070972"
"JH378214","6542065","6542336","KQ058242v1","595939","596205","90","5946126"
"JH378214","6558107","6558411","KQ055267v1","513773","514088","75","6044334"
"JH378214","6559047","6559343","KQ053421v1","5610673","5610968","76","948374"
"JH378214","6584546","6584856","KQ055267v1","513773","514088","73","6070773"
"JH378214","6598872","6598989","KQ053398v1","2623748","2623879","39","3975124"
"JH378214","6599554","6599848","KQ053421v1","5610673","5610968","85","988881"
"JH378214","6681245","6681529","KQ058640v1","643463","643729","81","6037782"
"JH378214","6698192","6698487","KQ053421v1","5610673","5610968","83","1087519"
"JH378214","6698687","6698996","KQ055267v1","513773","514088","72","6184914"
"JH378214","6802752","6803055","KQ055267v1","513773","514088","84","6288979"
"JH378214","6816335","6816579","KQ058242v1","595939","596205","69","6220396"
"JH378214","6845752","6846043","KQ053421v1","5610673","5610968","69","1235079"
"JH378214","7072460","7072762","KQ053421v1","5610673","5610968","86","1461787"
"JH378214","7184726","7185049","KQ055267v1","513773","514088","83","6670953"
"JH378214","7261708","7261999","KQ053421v1","5610673","5610968","75","1651035"
"JH378214","7312726","7313015","KQ058427v1","7786546","7786853","85","473820"
"JH378214","7330962","7331263","KQ053421v1","5610673","5610968","72","1720289"
"JH378214","7338272","7338575","KQ053421v1","5610673","5610968","70","1727599"
"JH378215","917296","917598","KQ053421v1","5610673","5610968","72","4693377"
"JH378215","87090","87403","KQ055267v1","513773","514088","82","426683"
"JH378215","183595","183907","KQ055267v1","513773","514088","77","330178"
"JH378215","549792","550064","KQ058242v1","595939","596205","82","46147"
"JH378215","759398","759708","KQ058427v1","7786546","7786853","72","7027148"
"JH378215","786553","786864","KQ055267v1","513773","514088","74","272780"
"JH378215","823205","823498","KQ053421v1","5610673","5610968","69","4787468"
"JH378215","890431","890733","KQ055267v1","513773","514088","75","376658"
"JH378215","1221904","1222204","KQ053421v1","5610673","5610968","66","4388769"
"JH378215","1313744","1314055","KQ058427v1","7786546","7786853","74","6472802"
"JH378215","1328377","1328683","KQ053421v1","5610673","5610968","85","4282296"
"JH378215","1408325","1408621","KQ053421v1","5610673","5610968","69","4202348"
"JH378215","1419942","1420253","KQ053421v1","5610673","5610968","74","4190731"
"JH378215","1478394","1478664","KQ057186v1","783828","784085","77","694566"
"JH378215","1532448","1532753","KQ055352v1","6003171","6003466","72","4470723"
"JH378215","1704492","1704787","KQ053421v1","5610673","5610968","67","3906181"
"JH378215","1757132","1757408","KQ055862v1","1305285","1305561","88","451847"
"JH378215","1852113","1852424","KQ055352v1","6003171","6003466","70","4151058"
"JH378215","2128435","2128740","KQ053421v1","5610673","5610968","70","3482238"
"JH378215","2135966","2136196","KQ055662v1","1890465","1890674","76","245501"
"JH378215","2244546","2244850","KQ053421v1","5610673","5610968","78","3366127"
"JH378215","2316363","2316671","KQ058427v1","7786546","7786853","79","5470183"
"JH378215","2329740","2330051","KQ055267v1","513773","514088","78","1815967"
"JH378215","2370542","2370838","KQ053421v1","5610673","5610968","77","3240131"
"JH378215","2385928","2386237","KQ053421v1","5610673","5610968","70","3224745"
"JH378215","2435013","2435296","KQ053421v1","5610673","5610968","81","3175660"
"JH378215","2504962","2505244","KQ053421v1","5610673","5610968","86","3105711"
"JH378215","2544098","2544394","KQ053421v1","5610673","5610968","64","3066575"
"JH378215","2554723","2555019","KQ053421v1","5610673","5610968","68","3055950"
"JH378215","2570657","2570955","KQ053421v1","5610673","5610968","71","3040016"
"JH378215","2582756","2583064","KQ055267v1","513773","514088","80","2068983"
"JH378215","2601795","2602085","KQ053421v1","5610673","5610968","75","3008878"
"JH378215","2611423","2611723","KQ053421v1","5610673","5610968","74","2999250"
"JH378215","2614262","2614573","KQ055352v1","6003171","6003466","73","3388909"
"JH378215","2737325","2737628","KQ053421v1","5610673","5610968","70","2873348"
"JH378215","2801750","2802052","KQ053421v1","5610673","5610968","81","2808923"
"JH378215","2906687","2906998","KQ055352v1","6003171","6003466","75","3096484"
"JH378215","2942741","2943047","KQ053421v1","5610673","5610968","72","2667932"
"JH378215","3224836","3225132","KQ053421v1","5610673","5610968","87","2385837"
"JH378215","3342254","3342556","KQ053421v1","5610673","5610968","70","2268419"
"JH378215","3675024","3675329","KQ055267v1","513773","514088","69","3161251"
"JH378215","3694281","3694586","KQ053421v1","5610673","5610968","76","1916392"
"JH378215","3748621","3748912","KQ053421v1","5610673","5610968","80","1862052"
"JH378215","3752387","3752564","KQ054179v1","3404435","3404595","34","347952"
"JH378215","3772224","3772532","KQ055267v1","513773","514088","75","3258451"
"JH378215","3830174","3830477","KQ055267v1","513773","514088","82","3316401"
"JH378215","3857983","3858283","KQ053421v1","5610673","5610968","73","1752690"
"JH378215","3963263","3963541","KQ055830v1","661716","661986","93","3301547"
"JH378215","4152180","4152497","KQ058427v1","7786546","7786853","82","3634366"
"JH378215","4177804","4177931","KQ053398v1","2627781","2627909","44","1550023"
"JH378215","4236421","4236677","KQ055717v1","1610777","1611031","81","2625644"
"JH378215","4654520","4654830","KQ055267v1","513773","514088","82","4140747"
"JH378215","4681148","4681459","KQ055352v1","6003171","6003466","73","1322023"
"JH378215","4897098","4897313","KQ058274v1","300327","300497","77","4596771"
"JH378215","5183929","5184238","KQ055352v1","6003171","6003466","75","819242"
"JH378215","5461996","5462294","KQ055862v1","1305285","1305561","80","4156711"
"JH378215","5724256","5724533","KQ058339v1","4553625","4553889","89","1170631"
"JH378215","5740344","5740650","KQ055352v1","6003171","6003466","68","262827"
"JH378215","6014101","6014412","KQ055267v1","513773","514088","77","5500328"
"JH378215","6084755","6085017","KQ058242v1","595939","596205","71","5488816"
"JH378215","6417913","6418203","KQ053421v1","5610673","5610968","82","807240"
"JH378215","6740650","6740863","KQ058274v1","300327","300497","85","6440323"
"JH378215","6785061","6785364","KQ053421v1","5610673","5610968","68","1174388"
"JH378215","6964992","6965285","KQ053421v1","5610673","5610968","73","1354319"
"JH378215","7120226","7120537","KQ055267v1","513773","514088","75","6606453"
"JH378215","7129075","7129379","KQ053421v1","5610673","5610968","69","1518402"
"JH378215","7136801","7137072","KQ054815v1","2215557","2215844","83","4921244"
"JH378215","7192187","7192492","KQ055352v1","6003171","6003466","74","1189016"
"JH378215","7223897","7224206","KQ058427v1","7786546","7786853","83","562649"
"JH378216","44576","44888","KQ055352v1","6003171","6003466","76","5958595"
"JH378216","64152","64464","KQ055267v1","513773","514088","77","449621"
"JH378216","77740","78047","KQ053421v1","5610673","5610968","73","5532933"
"JH378216","82407","82696","KQ053421v1","5610673","5610968","76","5528266"
"JH378216","105888","105952","KQ058316v1","2226037","2226104","32","2120149"
"JH378216","137042","137335","KQ053421v1","5610673","5610968","79","5473631"
"JH378216","155624","155920","KQ053421v1","5610673","5610968","69","5455049"
"JH378216","208933","209266","KQ058339v1","4553625","4553889","203","4344692"
"JH378216","276405","276714","KQ055267v1","513773","514088","82","237368"
"JH378216","282187","282277","KQ056235v1","1266284","1266361","28","984097"
"JH378216","286630","286759","KQ053398v1","2623748","2623879","34","2337118"
"JH378216","287418","287758","KQ055267v1","513773","514088","102","226355"
"JH378216","292174","292302","KQ057781v1","1047045","1047171","31","754871"
"JH378216","326274","326491","KQ053234v1","1679581","1679757","71","1353307"
"JH378216","333058","333183","KQ053398v1","2623748","2623879","36","2290690"
"JH378216","349257","349611","KQ053059v1","2548766","2549102","113","2199509"
"JH378216","385743","386034","KQ053421v1","5610673","5610968","83","5224930"
"JH378216","419473","419783","KQ053421v1","5610673","5610968","77","5191200"
"JH378216","433163","433469","KQ055267v1","513773","514088","78","80610"
"JH378216","444047","444343","KQ053421v1","5610673","5610968","83","5166626"
"JH378216","466630","466940","KQ055352v1","6003171","6003466","76","5536541"
"JH378216","569983","570293","KQ055267v1","513773","514088","77","56210"
"JH378216","579473","579772","KQ053421v1","5610673","5610968","75","5031200"
"JH378216","592080","592382","KQ053421v1","5610673","5610968","70","5018593"
"JH378216","593494","593834","KQ055267v1","513773","514088","97","79721"
"JH378216","593873","594168","KQ053421v1","5610673","5610968","77","5016800"
"JH378216","617948","618242","KQ053421v1","5610673","5610968","79","4992725"
"JH378216","621018","621144","KQ053398v1","2623748","2623879","37","2002730"
"JH378216","621593","621833","KQ058242v1","595939","596205","84","25654"
"JH378216","659176","659468","KQ053421v1","5610673","5610968","70","4951497"
"JH378216","663494","663794","KQ055267v1","513773","514088","74","149721"
"JH378216","691063","691191","KQ053398v1","2623748","2623879","36","1932685"
"JH378216","788713","788998","KQ055862v1","1305285","1305561","62","516572"
"JH378216","937120","937421","KQ053421v1","5610673","5610968","87","4673553"
"JH378216","995302","995535","KQ058242v1","595939","596205","88","399363"
"JH378216","1066730","1067025","KQ053421v1","5610673","5610968","76","4543943"
"JH378216","1074787","1075085","KQ053421v1","5610673","5610968","75","4535886"
"JH378216","1154629","1154922","KQ053421v1","5610673","5610968","70","4456044"
"JH378216","1160266","1160502","KQ058509v1","24058","24271","69","1136208"
"JH378216","1181888","1181972","KQ055214v1","1493444","1493515","26","311556"
"JH378216","1203909","1204202","KQ053421v1","5610673","5610968","81","4406764"
"JH378216","1325484","1325771","KQ053421v1","5610673","5610968","90","4285189"
"JH378216","1353353","1353475","KQ053398v1","2627781","2627909","36","1274428"
"JH378216","1354324","1354595","KQ058640v1","643463","643729","79","710861"
"JH378216","1357068","1357369","KQ053421v1","5610673","5610968","74","4253605"
"JH378216","1364999","1365298","KQ053421v1","5610673","5610968","67","4245674"
"JH378216","1416305","1416599","KQ053421v1","5610673","5610968","78","4194368"
"JH378216","1456934","1457081","KQ052970v1","4377515","4377664","43","2920581"
"JH378216","1465282","1465592","KQ058427v1","7786546","7786853","84","6321264"
"JH378216","1490985","1491285","KQ053421v1","5610673","5610968","73","4119688"
"JH378216","1497595","1497874","KQ053421v1","5610673","5610968","81","4113078"
"JH378216","1531301","1531445","KQ053004v1","3064551","3064681","43","1533250"
"JH378216","1533653","1533963","KQ055267v1","513773","514088","87","1019880"
"JH378216","1544170","1544469","KQ053421v1","5610673","5610968","71","4066503"
"JH378216","1613648","1613952","KQ055352v1","6003171","6003466","71","4389523"
"JH378216","1620306","1620604","KQ053421v1","5610673","5610968","73","3990367"
"JH378216","1627424","1627706","KQ058339v1","4553625","4553889","90","2926201"
"JH378216","1687961","1688265","KQ053421v1","5610673","5610968","88","3922712"
"JH378216","1714773","1715067","KQ055352v1","6003171","6003466","76","4288398"
"JH378216","1745461","1745762","KQ053421v1","5610673","5610968","80","3865212"
"JH378216","1797434","1797731","KQ053421v1","5610673","5610968","71","3813239"
"JH378216","1798122","1798401","KQ058339v1","4553625","4553889","79","2755503"
"JH378216","1814555","1814815","KQ057186v1","783828","784085","95","1030727"
"JH378216","1833818","1834128","KQ055267v1","513773","514088","75","1320045"
"JH378216","1844564","1844730","KQ053531v1","6571","6737","56","1837993"
"JH378216","1889661","1889889","KQ058242v1","595939","596205","93","1293722"
"JH378216","1903201","1903509","KQ053421v1","5610673","5610968","75","3707472"
"JH378216","1907695","1907808","KQ055717v1","1610376","1610476","42","297319"
"JH378216","1958761","1959022","KQ055830v1","661716","661986","86","1297045"
"JH378216","1961217","1961495","KQ058242v1","595939","596205","86","1365278"
"JH378216","1965344","1965644","KQ053421v1","5610673","5610968","82","3645329"
"JH378216","1983905","1984179","KQ055862v1","1305285","1305561","91","678620"
"JH378216","2008925","2009212","KQ054815v1","2215557","2215844","81","206632"
"JH378216","2075909","2076070","KQ058328v1","3002631","3002796","48","926722"
"JH378216","2105882","2106178","KQ053421v1","5610673","5610968","69","3504791"
"JH378216","2174718","2174930","KQ058594v1","1033101","1033292","58","1141617"
"JH378216","2263129","2263381","KQ058509v1","24058","24271","88","2239071"
"JH378216","2309095","2309295","ABDC02053644v1","2226","2419","59","2306869"
"JH378216","2312975","2313226","KQ058242v1","595939","596205","94","1717036"
"JH378216","2364100","2364394","KQ053421v1","5610673","5610968","86","3246573"
"JH378216","2371827","2372092","KQ058640v1","643463","643729","84","1728364"
"JH378216","2421433","2421735","KQ053421v1","5610673","5610968","78","3189240"
"JH378216","2452975","2453287","KQ053421v1","5610673","5610968","79","3157698"
"JH378216","2493326","2493618","KQ053421v1","5610673","5610968","67","3117347"
"JH378216","2496366","2496577","KQ055662v1","1890465","1890674","65","605901"
"JH378216","2501803","2502086","KQ054713v1","1437239","1437526","93","1064564"
"JH378216","2629255","2629523","KQ058427v1","6786866","6787134","87","4157611"
"JH378216","2725144","2725448","KQ053421v1","5610673","5610968","72","2885529"
"JH378216","2726460","2726762","KQ053421v1","5610673","5610968","70","2884213"
"JH378216","2731436","2731736","KQ053421v1","5610673","5610968","70","2879237"
"JH378216","2734022","2734333","KQ058427v1","7786546","7786853","78","5052524"
"JH378216","2801572","2801863","KQ053421v1","5610673","5610968","78","2809101"
"JH378216","2820548","2820858","KQ055267v1","513773","514088","69","2306775"
"JH378216","2831809","2832118","KQ055267v1","513773","514088","72","2318036"
"JH378216","3079081","3079381","KQ055352v1","6003171","6003466","159","2924090"
"JH378216","3083933","3084236","KQ053421v1","5610673","5610968","78","2526740"
"JH378216","3133282","3133499","KQ058274v1","300327","300497","77","2832955"
"JH378216","3145014","3145307","KQ053421v1","5610673","5610968","77","2465659"
"JH378216","3149163","3149466","KQ053421v1","5610673","5610968","67","2461510"
"JH378216","3220862","3221128","KQ058427v1","7786546","7786853","96","4565684"
"JH378216","3378479","3378772","KQ053421v1","5610673","5610968","74","2232194"
"JH378216","3397389","3397517","KQ053398v1","2623748","2623879","31","773641"
"JH378216","3628653","3628912","KQ057901v1","868884","869144","80","2759769"
"JH378216","3783238","3783531","KQ053421v1","5610673","5610968","69","1827435"
"JH378216","3935014","3935107","KQ056235v1","1266284","1266361","36","2668730"
"JH378216","3951176","3951448","KQ055862v1","1305285","1305561","105","2645891"
"JH378216","3998145","3998423","KQ054815v1","2215557","2215844","84","1782588"
"JH378216","4002276","4002567","KQ053421v1","5610673","5610968","69","1608397"
"JH378216","4002751","4003062","KQ058427v1","7786546","7786853","74","3783795"
"JH378216","4022863","4022991","KQ053398v1","2623748","2623879","41","1399115"
"JH378216","4034930","4035239","KQ053421v1","5610673","5610968","76","1575743"
"JH378216","4069464","4069762","KQ053421v1","5610673","5610968","87","1541209"
"JH378216","4156492","4156668","KQ057449v1","1214348","1214489","61","2942144"
"JH378216","4183052","4183345","KQ053421v1","5610673","5610968","81","1427621"
"JH378216","4218729","4219026","KQ053421v1","5610673","5610968","88","1391944"
"JH378216","4265026","4265174","KQ053398v1","2623748","2623879","52","1641278"
"JH378216","4304922","4304982","KQ058561v1","4800360","4800424","22","495438"
"JH378216","4328174","4328480","KQ053421v1","5610673","5610968","76","1282499"
"JH378216","4355381","4355458","KQ056235v1","1266284","1266361","22","3089097"
"JH378216","4395187","4395388","ABDC02053644v1","2226","2419","70","4392961"
"JH378216","4409951","4410174","KQ053234v1","1414405","1414609","69","2995546"
"JH378216","4436641","4436780","KQ053398v1","2623748","2623879","34","1812893"
"JH378216","4455029","4455321","KQ053421v1","5610673","5610968","85","1155644"
"JH378216","4475041","4475243","KQ053234v1","1679581","1679757","64","2795460"
"JH378216","4500027","4500327","KQ058427v1","7786546","7786853","78","3286519"
"JH378216","4559084","4559367","KQ053421v1","5610673","5610968","88","1051589"
"JH378216","4567252","4567539","KQ053421v1","5610673","5610968","87","1043421"
"JH378216","4609407","4609698","KQ053421v1","5610673","5610968","82","1001266"
"JH378216","4689891","4690079","KQ058274v1","300327","300497","58","4389564"
"JH378216","4719566","4719864","KQ053421v1","5610673","5610968","69","891107"
"JH378216","4907763","4908077","KQ055267v1","513773","514088","87","4393990"
"JH378216","4957959","4958264","KQ053421v1","5610673","5610968","74","652714"
"JH378216","4997728","4998026","KQ053421v1","5610673","5610968","74","612945"
"JH378216","5158596","5158874","KQ053421v1","5610673","5610968","80","452077"
"JH378216","5245329","5245640","KQ055352v1","6003171","6003466","73","757842"
"JH378216","5265041","5265347","KQ053421v1","5610673","5610968","78","345632"
"JH378216","5287409","5287638","KQ058274v1","300327","300497","85","4987082"
"JH378216","5305784","5305900","KQ053398v1","2623748","2623879","32","2682036"
"JH378216","5347322","5347451","KQ053398v1","2623748","2623879","34","2723574"
"JH378216","5356221","5356424","KQ053234v1","1414405","1414609","61","3941816"
"JH378216","5371785","5372089","KQ055352v1","6003171","6003466","74","631386"
"JH378216","5415105","5415374","KQ055717v1","1610777","1611031","88","3804328"
"JH378216","5442309","5442616","KQ053421v1","5610673","5610968","82","168364"
"JH378216","5592952","5593251","KQ053421v1","5610673","5610968","82","17721"
"JH378216","5665105","5665178","KQ056173v1","291119","291185","24","5373986"
"JH378216","5675864","5676157","KQ053141v1","2860","3159","86","5673004"
"JH378216","5749232","5749493","KQ058242v1","595939","596205","92","5153293"
"JH378216","5794510","5794711","KQ058594v1","1033101","1033292","64","4761409"
"JH378216","5800529","5800707","KQ058350v1","9514178","9514352","42","3713649"
"JH378216","5864123","5864276","KQ053310v1","1983228","1983391","49","3880895"
"JH378216","5864294","5864600","KQ055267v1","513773","514088","84","5350521"
"JH378216","5935835","5936145","KQ055267v1","513773","514088","73","5422062"
"JH378216","6054883","6055182","KQ053421v1","5610673","5610968","71","444210"
"JH378216","6260619","6260920","KQ053421v1","5610673","5610968","79","649946"
"JH378216","6262887","6263190","KQ053421v1","5610673","5610968","89","652214"
"JH378216","6292725","6293021","KQ053421v1","5610673","5610968","68","682052"
"JH378216","6333212","6333330","KQ053398v1","2623748","2623879","38","3709464"
"JH378216","6356487","6356626","KQ056920v1","183120","183261","41","6173367"
"JH378216","6409870","6410161","KQ053421v1","5610673","5610968","87","799197"
"JH378216","6469293","6469475","KQ053531v1","6571","6737","71","6462722"
"JH378216","6490775","6490957","KQ057449v1","1214348","1214489","66","5276427"
"JH378216","6529333","6529461","KQ053398v1","2623748","2623879","34","3905585"
"JH378216","6584622","6584896","KQ055862v1","1305285","1305561","87","5279337"
"JH378216","6596246","6596526","KQ055862v1","1305285","1305561","87","5290961"
"JH378216","6614714","6615013","KQ053421v1","5610673","5610968","77","1004041"
"JH378216","6670770","6671077","KQ053421v1","5610673","5610968","85","1060097"
"JH378216","6690305","6690613","KQ058427v1","7786546","7786853","82","1096241"
"JH378216","6691823","6691951","KQ053398v1","2623748","2623879","39","4068075"
"JH378216","6732724","6733000","KQ058339v1","4553625","4553889","87","2179099"
"JH378216","6733427","6733720","KQ053421v1","5610673","5610968","76","1122754"
"JH378216","6743148","6743436","KQ053421v1","5610673","5610968","81","1132475"
"JH378216","6762497","6762789","KQ053421v1","5610673","5610968","80","1151824"
"JH378216","6794592","6794830","KQ056321v1","575951","576190","83","6218641"
"JH378216","6802269","6802564","KQ058339v1","4553625","4553889","83","2248644"
"JH378216","6824121","6824410","KQ058242v1","595939","596205","83","6228182"
"JH378216","6840926","6841219","KQ053421v1","5610673","5610968","71","1230253"
"JH378216","6869181","6869322","KQ054401v1","3363241","3363379","35","3505940"
"JH378216","6912819","6913031","KQ052982v1","2032903","2033097","64","4879916"
"JH378216","6913766","6914076","KQ053421v1","5610673","5610968","85","1303093"
"JH378216","6917237","6917538","KQ053421v1","5610673","5610968","73","1306564"
"JH378216","6961057","6961269","KQ055662v1","1890465","1890674","58","5070592"
"JH378216","6976159","6976262","KQ056279v1","759081","759162","34","6217078"
"JH378216","6995879","6996177","KQ053421v1","5610673","5610968","74","1385206"
"JH378216","7000460","7000624","KQ058423v1","270754","270928","33","6729706"
"JH378216","7000644","7000810","KQ056118v1","822027","822185","60","6178617"
"JH378216","7017727","7018030","KQ055267v1","513773","514088","72","6503954"
"JH378216","7022076","7022364","KQ053421v1","5610673","5610968","80","1411403"
"JH378216","7026451","7026760","KQ058427v1","7786546","7786853","73","760095"
"JH378216","7032508","7032776","KQ058242v1","595939","596205","72","6436569"
"JH378216","7036462","7036571","KQ058316v1","2225622","2225719","55","4810840"
"JH378216","7036579","7036710","KQ053398v1","2623748","2623879","42","4412831"
"JH378216","7041982","7042255","KQ053421v1","5610673","5610968","86","1431309"
"JH378216","7078799","7079079","KQ055862v1","1305285","1305561","73","5773514"
"JH378216","7082481","7082790","KQ053421v1","5610673","5610968","86","1471808"
"JH378216","7149995","7150253","KQ057901v1","868884","869144","87","6281111"
"JH378216","7150761","7151080","KQ053135v1","5034940","5035266","107","2115821"
"JH378216","7151433","7151733","KQ053421v1","5610673","5610968","80","1540760"
"JH378216","7168567","7168877","KQ058427v1","7786546","7786853","81","617979"
"JH378216","7169771","7170061","KQ053421v1","5610673","5610968","80","1559098"
"JH378216","7177458","7177769","KQ055267v1","513773","514088","81","6663685"
"JH378216","7177770","7177940","KQ053993v1","1251070","1251235","40","5926700"
"JH378216","7195107","7195411","KQ058427v1","7786546","7786853","76","591439"
"JH378216","7208098","7208401","KQ058427v1","7786546","7786853","82","578448"
"JH378216","7210727","7210927","KQ055662v1","1890465","1890674","52","5320262"
"JH378216","7292663","7292955","KQ053421v1","5610673","5610968","85","1681990"
"JH378217","36256","36445","KQ052982v1","2032903","2033097","59","1996647"
"JH378217","58447","58545","KQ053998v1","8863","8933","45","49584"
"JH378217","72528","72833","KQ053421v1","5610673","5610968","81","5538145"
"JH378217","76719","76851","KQ053398v1","2623748","2623879","46","2547029"
"JH378217","83862","84168","KQ055267v1","513773","514088","70","429911"
"JH378217","171344","171658","KQ055352v1","6003171","6003466","75","5831827"
"JH378217","176630","176924","KQ053421v1","5610673","5610968","70","5434043"
"JH378217","201113","201394","KQ053421v1","5610673","5610968","84","5409560"
"JH378217","312276","312557","KQ058394v1","9655127","9655422","74","9342851"
"JH378217","328099","328390","KQ053421v1","5610673","5610968","75","5282574"
"JH378217","440334","440617","KQ053421v1","5610673","5610968","75","5170339"
"JH378217","495536","495843","KQ055352v1","6003171","6003466","81","5507635"
"JH378217","617550","617851","KQ053421v1","5610673","5610968","71","4993123"
"JH378217","620711","621003","KQ053421v1","5610673","5610968","71","4989962"
"JH378217","674672","674983","KQ055267v1","513773","514088","73","160899"
"JH378217","863845","864156","KQ055352v1","6003171","6003466","74","5139326"
"JH378217","903697","904003","KQ055267v1","513773","514088","81","389924"
"JH378217","952009","952310","KQ053421v1","5610673","5610968","66","4658664"
"JH378217","1029369","1029665","KQ053421v1","5610673","5610968","71","4581304"
"JH378217","1047722","1047840","KQ053398v1","2623748","2623879","43","1576026"
"JH378217","1068434","1068737","KQ053421v1","5610673","5610968","78","4542239"
"JH378217","1371868","1372163","KQ053421v1","5610673","5610968","68","4238805"
"JH378217","1494899","1495209","KQ055267v1","513773","514088","86","981126"
"JH378217","1523273","1523576","KQ053421v1","5610673","5610968","77","4087400"
"JH378217","1617980","1618281","KQ055267v1","513773","514088","81","1104207"
"JH378217","1679561","1679870","KQ055267v1","513773","514088","75","1165788"
"JH378217","1699710","1700018","KQ058427v1","7786546","7786853","85","6086836"
"JH378217","1715903","1716199","KQ053421v1","5610673","5610968","85","3894770"
"JH378217","1736713","1737020","KQ055352v1","6003171","6003466","75","4266458"
"JH378217","1877486","1877780","KQ053421v1","5610673","5610968","69","3733187"
"JH378217","1995676","1995977","KQ053421v1","5610673","5610968","71","3614997"
"JH378217","2099961","2100289","KQ055352v1","6003171","6003466","89","3903210"
"JH378217","2173924","2174125","KQ058423v1","270754","270928","69","1903170"
"JH378217","2188070","2188359","KQ053421v1","5610673","5610968","72","3422603"
"JH378217","2218130","2218407","KQ058427v1","7786546","7786853","95","5568416"
"JH378217","2254656","2254959","KQ053421v1","5610673","5610968","72","3356017"
"JH378217","2286441","2286704","KQ057901v1","868884","869144","84","1417557"
"JH378217","2434446","2434735","KQ053421v1","5610673","5610968","83","3176227"
"JH378217","2471748","2472061","KQ055267v1","513773","514088","74","1957975"
"JH378217","2492869","2493162","KQ053421v1","5610673","5610968","82","3117804"
"JH378217","2493356","2493649","KQ053421v1","5610673","5610968","70","3117317"
"JH378217","2558399","2558704","KQ053421v1","5610673","5610968","70","3052274"
"JH378217","2617929","2618222","KQ053421v1","5610673","5610968","71","2992744"
"JH378217","2748359","2748649","KQ053421v1","5610673","5610968","71","2862314"
"JH378217","2788549","2788862","KQ055267v1","513773","514088","90","2274776"
"JH378217","2835589","2835695","KQ056279v1","759081","759162","37","2076508"
"JH378217","2840732","2840947","KQ052982v1","2032903","2033097","64","807829"
"JH378217","2939876","2940187","KQ055267v1","513773","514088","77","2426103"
"JH378217","2974718","2975021","KQ055352v1","6003171","6003466","72","3028453"
"JH378217","3010218","3010504","KQ053421v1","5610673","5610968","86","2600455"
"JH378217","3047732","3048034","KQ053421v1","5610673","5610968","68","2562941"
"JH378217","3244985","3245296","KQ055352v1","6003171","6003466","72","2758186"
"JH378217","3269536","3269814","KQ058427v1","6786866","6787134","94","3517330"
"JH378217","3308177","3308473","KQ053421v1","5610673","5610968","67","2302496"
"JH378217","3358325","3358616","KQ053421v1","5610673","5610968","77","2252348"
"JH378217","3512567","3512882","KQ053421v1","5610673","5610968","80","2098106"
"JH378217","3520552","3520852","KQ053421v1","5610673","5610968","66","2090121"
"JH378217","3527114","3527417","KQ055352v1","6003171","6003466","71","2476057"
"JH378217","3803872","3804153","KQ058339v1","4553625","4553889","86","749753"
"JH378217","3884391","3884690","KQ053421v1","5610673","5610968","67","1726282"
"JH378217","3913286","3913585","KQ058427v1","7786546","7786853","82","3873260"
"JH378217","3958216","3958506","KQ053421v1","5610673","5610968","73","1652457"
"JH378217","4040247","4040543","KQ053421v1","5610673","5610968","67","1570426"
"JH378217","4070262","4070556","KQ053421v1","5610673","5610968","86","1540411"
"JH378217","4162226","4162536","KQ055352v1","6003171","6003466","73","1840945"
"JH378217","4188780","4189090","KQ055267v1","513773","514088","76","3675007"
"JH378217","4228746","4229024","KQ055352v1","6003171","6003466","89","1774425"
"JH378217","4229265","4229489","KQ053234v1","1414405","1414609","70","2814860"
"JH378217","4244190","4244487","KQ053421v1","5610673","5610968","70","1366483"
"JH378217","4266917","4267155","KQ055717v1","1610777","1611031","79","2656140"
"JH378217","4593768","4594071","KQ058394v1","9655127","9655422","78","5061359"
"JH378217","4601170","4601460","KQ053421v1","5610673","5610968","79","1009503"
"JH378217","4657053","4657323","KQ058505v1","2207051","2207301","92","2450002"
"JH378217","4727286","4727586","KQ053421v1","5610673","5610968","74","883387"
"JH378217","4750172","4750480","KQ058427v1","7786546","7786853","76","3036374"
"JH378217","4752348","4752511","KQ058350v1","9514178","9514352","42","4761830"
"JH378217","4893686","4893975","KQ058339v1","4553625","4553889","82","340061"
"JH378217","4948294","4948596","KQ053421v1","5610673","5610968","73","662379"
"JH378217","5049703","5050000","KQ053421v1","5610673","5610968","70","560970"
"JH378217","5091594","5091904","KQ055267v1","513773","514088","75","4577821"
"JH378217","5123671","5123979","KQ053421v1","5610673","5610968","83","487002"
"JH378217","5124286","5124579","KQ053421v1","5610673","5610968","69","486387"
"JH378217","5180021","5180324","KQ053421v1","5610673","5610968","73","430652"
"JH378217","5212846","5213154","KQ055352v1","6003171","6003466","73","790325"
"JH378217","5263218","5263523","KQ055352v1","6003171","6003466","71","739953"
"JH378217","5264784","5265088","KQ053421v1","5610673","5610968","72","345889"
"JH378217","5340227","5340507","KQ054815v1","2215557","2215844","77","3124670"
"JH378217","5558613","5558729","KQ056493v1","2043382","2043488","45","3515231"
"JH378217","5558801","5558992","KQ058594v1","1033101","1033292","50","4525700"
"JH378217","5600159","5600454","KQ053421v1","5610673","5610968","66","10514"
"JH378217","5611060","5611351","KQ058427v1","7786546","7786853","84","2175486"
"JH378217","5679893","5680204","KQ055267v1","513773","514088","73","5166120"
"JH378217","5840823","5841037","KQ057380v1","3344874","3345081","58","2495949"
"JH378217","5841409","5841477","KQ056279v1","759081","759162","26","5082328"
"JH378217","6016782","6017088","KQ053421v1","5610673","5610968","73","406109"
"JH378217","6047572","6047674","KQ056493v1","2043382","2043488","41","4004190"
"JH378217","6051543","6051862","KQ055267v1","513773","514088","91","5537770"
"JH378217","6056220","6056530","KQ055267v1","513773","514088","71","5542447"
"JH378217","6199905","6200211","KQ055352v1","6003171","6003466","72","196734"
"JH378217","6285313","6285632","KQ053421v1","5610673","5610968","82","674640"
"JH378217","6406987","6407290","KQ053421v1","5610673","5610968","70","796314"
"JH378217","6548779","6549083","KQ053421v1","5610673","5610968","78","938106"
"JH378217","6555622","6555905","KQ053785v1","888769","889063","88","5666853"
"JH378217","6561819","6562118","KQ053421v1","5610673","5610968","76","951146"
"JH378217","6721267","6721519","KQ057901v1","868884","869144","81","5852383"
"JH378217","6725769","6725925","KQ053993v1","1251070","1251235","39","5474699"
"JH378217","6733178","6733466","KQ058242v1","595939","596205","97","6137239"
"JH378217","6842774","6843062","KQ053421v1","5610673","5610968","78","1232101"
"JH378217","6864986","6865256","KQ058242v1","595939","596205","79","6269047"
"JH378217","6897323","6897618","KQ053421v1","5610673","5610968","78","1286650"
"JH378217","6926493","6926787","KQ053421v1","5610673","5610968","88","1315820"
"JH378217","6966685","6966940","KQ058242v1","595939","596205","70","6370746"
"JH378217","6980988","6981311","KQ055267v1","513773","514088","82","6467215"
"JH378217","7023494","7023792","KQ053421v1","5610673","5610968","66","1412821"
"JH378217","7059752","7060049","KQ053421v1","5610673","5610968","72","1449079"
"JH378217","7072623","7072906","KQ053421v1","5610673","5610968","80","1461950"
"JH378217","7151803","7152101","KQ053421v1","5610673","5610968","67","1541130"
"JH378217","7228188","7228497","KQ055352v1","6003171","6003466","70","1225017"
"JH378217","7259500","7259796","KQ053421v1","5610673","5610968","82","1648827"
"JH378217","7276440","7276747","KQ055267v1","513773","514088","74","6762667"
"JH378218","7138","7442","KQ053421v1","5610673","5610968","86","5603535"
"JH378218","55767","55861","KQ056235v1","1266284","1266361","32","1210517"
"JH378218","55880","55995","KQ054401v1","3363241","3363379","52","3307361"
"JH378218","63661","63959","KQ053785v1","888769","889063","96","825108"
"JH378218","97398","97687","KQ053421v1","5610673","5610968","84","5513275"
"JH378218","98642","98935","KQ053421v1","5610673","5610968","71","5512031"
"JH378218","113119","113352","KQ053234v1","1414405","1414609","70","1301286"
"JH378218","348833","349133","KQ053421v1","5610673","5610968","74","5261840"
"JH378218","430017","430311","KQ055862v1","1305285","1305561","102","875268"
"JH378218","466527","466822","KQ053421v1","5610673","5610968","78","5144146"
"JH378218","486329","486510","KQ057161v1","453350","453459","90","32979"
"JH378218","547343","547616","KQ058339v1","4553625","4553889","81","4006282"
"JH378218","1037786","1037931","KQ054401v1","3363241","3363379","47","2325455"
"JH378218","1099995","1100273","KQ053883v1","6938067","6938331","96","5838072"
"JH378218","1219268","1219521","KQ057901v1","868884","869144","81","350384"
"JH378218","1408953","1409292","KQ055267v1","513773","514088","100","895180"
"JH378218","1587967","1588295","KQ053135v1","5034940","5035266","103","3446973"
"JH378218","1836213","1836509","KQ055267v1","513773","514088","91","1322440"
"JH378218","1846112","1846408","KQ053421v1","5610673","5610968","82","3764561"
"JH378218","1866016","1866286","KQ058242v1","595939","596205","99","1270077"
"JH378218","2214926","2215201","KQ058242v1","595939","596205","80","1618987"
"JH378218","2303332","2303606","KQ057186v1","783828","784085","80","1519504"
"JH378218","2499548","2499847","KQ053421v1","5610673","5610968","74","3111125"
"JH378218","2510425","2510735","KQ055352v1","6003171","6003466","69","3492746"
"JH378218","2623122","2623254","KQ054401v1","3363241","3363379","36","740119"
"JH378218","2625922","2626232","KQ058427v1","7786546","7786853","87","5160624"
"JH378218","2793419","2793737","KQ053421v1","5610673","5610968","86","2817254"
"JH378218","2886302","2886583","KQ054815v1","2215557","2215844","75","670745"
"JH378218","2979894","2980169","KQ057186v1","783828","784085","73","2196066"
"JH378218","3190670","3190979","KQ055352v1","6003171","6003466","79","2812501"
"JH378218","3471158","3471330","KQ053993v1","1251070","1251235","39","2220088"
"JH378218","3764979","3765266","KQ053421v1","5610673","5610968","79","1845694"
"JH378218","3782461","3782762","KQ053421v1","5610673","5610968","72","1828212"
"JH378218","3855694","3855971","KQ053421v1","5610673","5610968","73","1754979"
"JH378218","3879728","3880013","KQ053421v1","5610673","5610968","80","1730945"
"JH378218","3909759","3910053","KQ053421v1","5610673","5610968","70","1700914"
"JH378218","4032322","4032622","KQ058427v1","7786546","7786853","96","3754224"
"JH378218","4346500","4346801","KQ053421v1","5610673","5610968","69","1264173"
"JH378218","4381313","4381554","KQ054068v1","3638075","3638299","80","743238"
"JH378218","5090952","5091234","KQ058242v1","595939","596205","88","4495013"
"JH378218","5192333","5192665","KQ055267v1","513773","514088","111","4678560"
"JH378218","5200131","5200306","KQ058427v1","11113103","11113283","45","5912972"
"JH378218","5200735","5200863","KQ053398v1","2623748","2623879","36","2576987"
"JH378218","5233839","5234139","KQ053421v1","5610673","5610968","78","376834"
"JH378218","5519746","5520039","KQ053421v1","5610673","5610968","75","90927"
"JH378218","6192733","6193011","KQ053785v1","888769","889063","78","5303964"
"JH378218","6310427","6310657","KQ055717v1","1610777","1611031","89","4699650"
"JH378218","6425066","6425291","KQ053234v1","1414405","1414609","67","5010661"
"JH378218","6951214","6951526","KQ055352v1","6003171","6003466","76","948043"
"JH378218","6964097","6964392","KQ053421v1","5610673","5610968","79","1353424"
"JH378218","7003514","7003814","KQ053421v1","5610673","5610968","83","1392841"
"JH378219","135252","135558","KQ055352v1","6003171","6003466","70","5867919"
"JH378219","175638","175930","KQ053421v1","5610673","5610968","88","5435035"
"JH378219","316766","317049","KQ053421v1","5610673","5610968","74","5293907"
"JH378219","370279","370588","KQ053421v1","5610673","5610968","80","5240394"
"JH378219","614219","614532","KQ058427v1","7786546","7786853","70","7172327"
"JH378219","627555","627857","KQ053421v1","5610673","5610968","74","4983118"
"JH378219","668909","669201","KQ055830v1","661716","661986","101","7193"
"JH378219","994054","994352","KQ055352v1","6003171","6003466","74","5009117"
"JH378219","1031228","1031381","KQ053267v1","1313653","1313811","47","282425"
"JH378219","1050320","1050546","KQ054068v1","3638075","3638299","70","2587755"
"JH378219","1109230","1109541","KQ055267v1","513773","514088","72","595457"
"JH378219","1274039","1274315","KQ053421v1","5610673","5610968","84","4336634"
"JH378219","1284917","1285220","KQ055352v1","6003171","6003466","80","4718254"
"JH378219","1339278","1339586","KQ055352v1","6003171","6003466","68","4663893"
"JH378219","1446039","1446201","KQ054510v1","7582269","7582431","44","6136230"
"JH378219","1457823","1458138","KQ053421v1","5610673","5610968","96","4152850"
"JH378219","1644486","1644797","KQ055352v1","6003171","6003466","72","4358685"
"JH378219","1796286","1796586","KQ053421v1","5610673","5610968","71","3814387"
"JH378219","1893785","1894072","KQ053421v1","5610673","5610968","86","3716888"
"JH378219","1895817","1896104","KQ053421v1","5610673","5610968","73","3714856"
"JH378219","1903039","1903323","KQ053421v1","5610673","5610968","68","3707634"
"JH378219","2089914","2090204","KQ053421v1","5610673","5610968","81","3520759"
"JH378219","2131261","2131571","KQ058394v1","9655127","9655422","84","7523866"
"JH378219","2161907","2162218","KQ058427v1","7786546","7786853","93","5624639"
"JH378219","2184943","2185157","KQ052982v1","2032903","2033097","56","152040"
"JH378219","2338569","2338874","KQ053421v1","5610673","5610968","73","3272104"
"JH378219","2417735","2418046","KQ058427v1","7786546","7786853","74","5368811"
"JH378219","2429462","2429620","KQ057204v1","2930576","2930741","40","501114"
"JH378219","2429955","2430084","KQ053398v1","2623748","2623879","33","193793"
"JH378219","2431903","2432211","KQ055267v1","513773","514088","74","1918130"
"JH378219","2432542","2432812","KQ053421v1","5610673","5610968","87","3178131"
"JH378219","2489566","2489841","KQ053421v1","5610673","5610968","84","3121107"
"JH378219","2580372","2580669","KQ053421v1","5610673","5610968","83","3030301"
"JH378219","2592970","2593264","KQ053421v1","5610673","5610968","71","3017703"
"JH378219","2619383","2619679","KQ053421v1","5610673","5610968","68","2991290"
"JH378219","2675776","2676077","KQ053421v1","5610673","5610968","79","2934897"
"JH378219","2684526","2684801","KQ055830v1","661716","661986","95","2022810"
"JH378219","2713017","2713152","KQ052968v1","13665640","13665790","48","10952623"
"JH378219","2713253","2713419","KQ053531v1","6571","6737","63","2706682"
"JH378219","2755535","2755833","KQ053421v1","5610673","5610968","78","2855138"
"JH378219","2779963","2780196","KQ058242v1","595939","596205","84","2184024"
"JH378219","2780516","2780611","KQ058316v1","2226037","2226104","42","554479"
"JH378219","2931893","2932199","KQ053421v1","5610673","5610968","81","2678780"
"JH378219","3040512","3040815","KQ053421v1","5610673","5610968","71","2570161"
"JH378219","3569074","3569366","KQ053421v1","5610673","5610968","85","2041599"
"JH378219","3653905","3654047","KQ054401v1","3363241","3363379","43","290664"
"JH378219","3802051","3802351","KQ055352v1","6003171","6003466","76","2201120"
"JH378219","3849401","3849691","KQ053421v1","5610673","5610968","90","1761272"
"JH378219","3872677","3872968","KQ053421v1","5610673","5610968","68","1737996"
"JH378219","3891872","3892179","KQ053421v1","5610673","5610968","72","1718801"
"JH378219","3915354","3915652","KQ053421v1","5610673","5610968","77","1695319"
"JH378219","3972996","3973131","KQ052968v1","13665640","13665790","49","9692644"
"JH378219","3973333","3973502","KQ058274v1","300327","300497","66","3673006"
"JH378219","4045907","4046201","KQ053421v1","5610673","5610968","83","1564766"
"JH378219","4082822","4083125","KQ053421v1","5610673","5610968","66","1527851"
"JH378219","4132591","4132876","KQ053421v1","5610673","5610968","86","1478082"
"JH378219","4160587","4160892","KQ053421v1","5610673","5610968","80","1450086"
"JH378219","4174320","4174611","KQ054815v1","2215557","2215844","79","1958763"
"JH378219","4230556","4230829","KQ054815v1","2215557","2215844","75","2014999"
"JH378219","4250084","4250382","KQ055267v1","513773","514088","84","3736311"
"JH378219","4294149","4294342","KQ058274v1","300327","300497","54","3993822"
"JH378219","4336747","4337032","KQ053421v1","5610673","5610968","83","1273926"
"JH378219","4348175","4348477","KQ058242v1","595939","596205","106","3752236"
"JH378219","4382590","4382862","KQ058242v1","595939","596205","76","3786651"
"JH378219","4463800","4464109","KQ053421v1","5610673","5610968","85","1146873"
"JH378219","5125809","5126107","KQ053421v1","5610673","5610968","72","484864"
"JH378219","5128106","5128400","KQ053421v1","5610673","5610968","70","482567"
"JH378219","5296555","5296864","KQ053421v1","5610673","5610968","77","314118"
"JH378219","5400391","5400670","KQ058242v1","595939","596205","81","4804452"
"JH378219","5453446","5453743","KQ053421v1","5610673","5610968","77","157227"
"JH378219","5490413","5490718","KQ053421v1","5610673","5610968","74","120260"
"JH378219","5630787","5631121","KQ053059v1","2548766","2549102","84","3082021"
"JH378219","5866764","5867075","KQ055352v1","6003171","6003466","75","136407"
"JH378219","5902622","5902926","KQ053421v1","5610673","5610968","83","291949"
"JH378219","5978303","5978606","KQ053421v1","5610673","5610968","71","367630"
"JH378219","6028074","6028381","KQ055352v1","6003171","6003466","72","24903"
"JH378219","6126889","6127182","KQ055267v1","513773","514088","90","5613116"
"JH378219","6160985","6161111","KQ053398v1","2623748","2623879","36","3537237"
"JH378219","6167266","6167545","KQ054815v1","2215557","2215844","78","3951709"
"JH378219","6170778","6171069","KQ053421v1","5610673","5610968","72","560105"
"JH378219","6239604","6239910","KQ055352v1","6003171","6003466","69","236433"
"JH378219","6244635","6244770","KQ057781v1","1047045","1047171","46","5197590"
"JH378219","6362043","6362339","KQ055352v1","6003171","6003466","78","358872"
"JH378219","6392960","6393290","KQ058427v1","7786546","7786853","105","1393586"
"JH378219","6473351","6473662","KQ055352v1","6003171","6003466","73","470180"
"JH378219","6494426","6494732","KQ055352v1","6003171","6003466","73","491255"
"JH378219","6499781","6500000","KQ055662v1","1890465","1890674","60","4609316"
"JH378219","6534509","6534811","KQ055352v1","6003171","6003466","69","531338"
"JH378219","6706973","6707243","KQ057901v1","868884","869144","95","5838089"
"JH378219","6812583","6812845","KQ058339v1","4553625","4553889","94","2258958"
"JH378220","1310594","1310902","KQ055267v1","513773","514088","78","796821"
"JH378220","29140","29431","KQ053421v1","5610673","5610968","77","5581533"
"JH378220","40484","40793","KQ053421v1","5610673","5610968","72","5570189"
"JH378220","156157","156440","KQ055352v1","6003171","6003466","83","5847014"
"JH378220","332329","332637","KQ055352v1","6003171","6003466","68","5670842"
"JH378220","443220","443504","KQ054815v1","2215557","2215844","76","1772337"
"JH378220","608601","608913","KQ055267v1","513773","514088","85","94828"
"JH378220","630007","630313","KQ055352v1","6003171","6003466","73","5373164"
"JH378220","696840","697172","KQ053421v1","5610673","5610968","88","4913833"
"JH378220","704339","704650","KQ055267v1","513773","514088","73","190566"
"JH378220","723611","723908","KQ053421v1","5610673","5610968","76","4887062"
"JH378220","733494","733750","KQ058242v1","595939","596205","76","137555"
"JH378220","858375","858690","KQ053421v1","5610673","5610968","95","4752298"
"JH378220","860388","860685","KQ053421v1","5610673","5610968","69","4750285"
"JH378220","869959","870256","KQ053421v1","5610673","5610968","67","4740714"
"JH378220","895479","895799","KQ058427v1","7786546","7786853","78","6891067"
"JH378220","907402","907704","KQ053421v1","5610673","5610968","72","4703271"
"JH378220","976125","976437","KQ053421v1","5610673","5610968","77","4634548"
"JH378220","988805","989110","KQ053421v1","5610673","5610968","83","4621868"
"JH378220","1006642","1006927","KQ058242v1","595939","596205","72","410703"
"JH378220","1021476","1021653","KQ058274v1","300327","300497","49","721149"
"JH378220","1042666","1042976","KQ055267v1","513773","514088","75","528893"
"JH378220","1059713","1060008","KQ053421v1","5610673","5610968","77","4550960"
"JH378220","1068378","1068684","KQ055267v1","513773","514088","79","554605"
"JH378220","1081052","1081323","KQ053421v1","5610673","5610968","88","4529621"
"JH378220","1124752","1125082","KQ053421v1","5610673","5610968","92","4485921"
"JH378220","1136769","1137075","KQ055352v1","6003171","6003466","70","4866402"
"JH378220","1171248","1171547","KQ053421v1","5610673","5610968","78","4439425"
"JH378220","1178123","1178234","KQ053398v1","2627781","2627909","39","1449658"
"JH378220","1178455","1178744","KQ053421v1","5610673","5610968","77","4432218"
"JH378220","1178882","1179195","KQ053421v1","5610673","5610968","101","4431791"
"JH378220","1179782","1180089","KQ053421v1","5610673","5610968","81","4430891"
"JH378220","1185464","1185771","KQ053421v1","5610673","5610968","79","4425209"
"JH378220","1193773","1194073","KQ053421v1","5610673","5610968","71","4416900"
"JH378220","1196425","1196719","KQ053421v1","5610673","5610968","69","4414248"
"JH378220","1208013","1208292","KQ053785v1","888769","889063","78","319244"
"JH378220","1212969","1213261","KQ053421v1","5610673","5610968","97","4397704"
"JH378220","1214882","1215114","KQ056321v1","575951","576190","86","638931"
"JH378220","1222500","1222820","KQ055352v1","6003171","6003466","75","4780671"
"JH378220","1358482","1358780","KQ053421v1","5610673","5610968","69","4252191"
"JH378220","1410107","1410407","KQ055267v1","513773","514088","84","896334"
"JH378220","1476088","1476349","KQ058339v1","4553625","4553889","93","3077537"
"JH378220","1598111","1598404","KQ053421v1","5610673","5610968","92","4012562"
"JH378220","1768825","1768926","KQ055903v1","238545","238616","40","1530280"
"JH378220","1833928","1834232","KQ055352v1","6003171","6003466","70","4169243"
"JH378220","1915209","1915516","KQ055352v1","6003171","6003466","70","4087962"
"JH378220","1941139","1941435","KQ053421v1","5610673","5610968","68","3669534"
"JH378220","1959642","1959936","KQ053421v1","5610673","5610968","67","3651031"
"JH378220","1970663","1970895","KQ058242v1","595939","596205","86","1374724"
"JH378220","1978132","1978440","KQ055352v1","6003171","6003466","77","4025039"
"JH378220","2031206","2031297","KQ056235v1","1266284","1266361","28","764922"
"JH378220","2032681","2032999","KQ055352v1","6003171","6003466","79","3970490"
"JH378220","2107333","2107657","KQ055352v1","6003171","6003466","101","3895838"
"JH378220","2111503","2111812","KQ055267v1","513773","514088","70","1597730"
"JH378220","2142596","2142906","KQ055267v1","513773","514088","80","1628823"
"JH378220","2150859","2151172","KQ053421v1","5610673","5610968","84","3459814"
"JH378220","2169020","2169153","KQ053398v1","2623748","2623879","36","454728"
"JH378220","2217402","2217697","KQ058427v1","7786546","7786853","81","5569144"
"JH378220","2217763","2217982","KQ053234v1","1679581","1679757","75","538182"
"JH378220","2224733","2225042","KQ055267v1","513773","514088","74","1710960"
"JH378220","2227358","2227485","KQ053398v1","2623748","2623879","31","396390"
"JH378220","2228397","2228690","KQ053421v1","5610673","5610968","95","3382276"
"JH378220","2249284","2249588","KQ053421v1","5610673","5610968","77","3361389"
"JH378220","2275059","2275182","KQ052968v1","13665640","13665790","51","11390581"
"JH378220","2275283","2275398","KQ053398v1","2623748","2623879","45","348465"
"JH378220","2283237","2283525","KQ053421v1","5610673","5610968","74","3327436"
"JH378220","2440633","2440881","KQ058242v1","595939","596205","71","1844694"
"JH378220","2475042","2475358","KQ053421v1","5610673","5610968","82","3135631"
"JH378220","2489806","2490106","KQ053421v1","5610673","5610968","75","3120867"
"JH378220","2507768","2507947","KQ058350v1","9514178","9514352","38","7006410"
"JH378220","2565522","2565842","KQ053059v1","2548766","2549102","93","16756"
"JH378220","2584871","2585172","KQ053421v1","5610673","5610968","83","3025802"
"JH378220","2595590","2595883","KQ058242v1","595939","596205","83","1999651"
"JH378220","2640712","2641020","KQ053421v1","5610673","5610968","75","2969961"
"JH378220","2708401","2708687","KQ053421v1","5610673","5610968","90","2902272"
"JH378220","2754718","2755022","KQ053421v1","5610673","5610968","69","2855955"
"JH378220","2823935","2824061","KQ053398v1","2627781","2627909","34","196154"
"JH378220","2941921","2942214","KQ053421v1","5610673","5610968","72","2668752"
"JH378220","2945056","2945380","KQ055267v1","513773","514088","94","2431283"
"JH378220","2949923","2950226","KQ055267v1","513773","514088","74","2436150"
"JH378220","2956291","2956575","KQ055267v1","513773","514088","86","2442518"
"JH378220","2969959","2970248","KQ053421v1","5610673","5610968","79","2640714"
"JH378220","2986909","2987088","KQ057161v1","453350","453459","82","2533559"
"JH378220","3067162","3067458","KQ053421v1","5610673","5610968","74","2543511"
"JH378220","3081454","3081689","KQ058242v1","595939","596205","80","2485515"
"JH378220","3106734","3107044","KQ055352v1","6003171","6003466","78","2896437"
"JH378220","3156583","3156871","KQ053421v1","5610673","5610968","81","2454090"
"JH378220","3165504","3165809","KQ055352v1","6003171","6003466","70","2837667"
"JH378220","3238270","3238546","KQ053421v1","5610673","5610968","87","2372403"
"JH378220","3263776","3264077","KQ058427v1","7786546","7786853","85","4522770"
"JH378220","3264088","3264386","KQ053421v1","5610673","5610968","66","2346585"
"JH378220","3306766","3307067","KQ055352v1","6003171","6003466","79","2696405"
"JH378220","3312044","3312339","KQ054815v1","2215557","2215844","86","1096487"
"JH378220","3333976","3334260","KQ053421v1","5610673","5610968","81","2276697"
"JH378220","3347884","3348169","KQ058640v1","643463","643729","84","2704421"
"JH378220","3354380","3354677","KQ053421v1","5610673","5610968","74","2256293"
"JH378220","3369393","3369682","KQ058242v1","595939","596205","76","2773454"
"JH378220","3376766","3376955","KQ056064v1","326763","326940","77","3050003"
"JH378220","3518864","3519171","KQ053421v1","5610673","5610968","77","2091809"
"JH378220","3522678","3522959","KQ053421v1","5610673","5610968","85","2087995"
"JH378220","3523690","3523991","KQ053421v1","5610673","5610968","72","2086983"
"JH378220","3529489","3529695","KQ053234v1","1414405","1414609","55","2115084"
"JH378220","3530912","3531026","KQ056493v1","2043382","2043488","45","1487530"
"JH378220","3566221","3566517","KQ053421v1","5610673","5610968","79","2044452"
"JH378220","3647956","3648263","KQ055267v1","513773","514088","76","3134183"
"JH378220","3662547","3662852","KQ055352v1","6003171","6003466","71","2340624"
"JH378220","3683453","3683739","KQ053421v1","5610673","5610968","72","1927220"
"JH378220","3729945","3730246","KQ053421v1","5610673","5610968","82","1880728"
"JH378220","3736947","3737272","KQ053421v1","5610673","5610968","108","1873726"
"JH378220","3737543","3737847","KQ053421v1","5610673","5610968","88","1873130"
"JH378220","3942322","3942626","KQ053421v1","5610673","5610968","71","1668351"
"JH378220","4133659","4133953","KQ053421v1","5610673","5610968","72","1477014"
"JH378220","4181771","4181977","KQ058274v1","300327","300497","72","3881444"
"JH378220","4188726","4189022","KQ053421v1","5610673","5610968","78","1421947"
"JH378220","4195815","4196114","KQ053421v1","5610673","5610968","69","1414858"
"JH378220","4202677","4202984","KQ058427v1","7786546","7786853","82","3583869"
"JH378220","4347661","4347933","KQ058242v1","595939","596205","84","3751722"
"JH378220","4380811","4381124","KQ058427v1","7786546","7786853","84","3405735"
"JH378220","4388147","4388431","KQ053421v1","5610673","5610968","77","1222526"
"JH378220","4416558","4416846","KQ058242v1","595939","596205","80","3820619"
"JH378220","4422081","4422392","KQ053421v1","5610673","5610968","84","1188592"
"JH378220","4424755","4425060","KQ053421v1","5610673","5610968","72","1185918"
"JH378220","4436083","4436214","KQ054401v1","3363241","3363379","51","1072842"
"JH378220","4436739","4436915","KQ056064v1","326763","326940","55","4109976"
"JH378220","4468785","4468915","KQ053398v1","2623748","2623879","31","1845037"
"JH378220","4496484","4496644","KQ054510v1","7582269","7582431","36","3085785"
"JH378220","4520943","4521253","KQ055352v1","6003171","6003466","73","1482228"
"JH378220","4560950","4561191","KQ058242v1","595939","596205","79","3965011"
"JH378220","4660110","4660391","KQ058242v1","595939","596205","79","4064171"
"JH378220","4664356","4664659","KQ058427v1","7786546","7786853","75","3122190"
"JH378220","4679036","4679199","KQ054510v1","7582269","7582431","40","2903233"
"JH378220","4679379","4679679","KQ053421v1","5610673","5610968","71","931294"
"JH378220","4680776","4680999","KQ052982v1","2032903","2033097","69","2647873"
"JH378220","4687179","4687460","KQ053421v1","5610673","5610968","75","923494"
"JH378220","4723667","4723947","KQ055862v1","1305285","1305561","91","3418382"
"JH378220","4758801","4759082","KQ058242v1","595939","596205","81","4162862"
"JH378220","4766733","4767032","KQ053421v1","5610673","5610968","65","843940"
"JH378220","4781330","4781410","KQ056235v1","1266284","1266361","21","3515046"
"JH378220","4820538","4820735","KQ055140v1","659740","659924","61","4160798"
"JH378220","4822305","4822611","KQ053421v1","5610673","5610968","76","788368"
"JH378220","4833810","4833964","KQ055914v1","670963","671119","41","4162847"
"JH378220","4834404","4834713","KQ055267v1","513773","514088","79","4320631"
"JH378220","4888815","4889070","KQ056321v1","575951","576190","88","4312864"
"JH378220","4895850","4896142","KQ053421v1","5610673","5610968","72","714823"
"JH378220","4952195","4952495","KQ058427v1","7786546","7786853","81","2834351"
"JH378220","4972764","4973070","KQ055352v1","6003171","6003466","70","1030407"
"JH378220","5022724","5023039","KQ058427v1","7786546","7786853","83","2763822"
"JH378220","5047653","5047956","KQ058427v1","7786546","7786853","78","2738893"
"JH378220","5084579","5084905","KQ058427v1","7786546","7786853","101","2701967"
"JH378220","5092642","5092842","KQ053234v1","1679581","1679757","70","3413061"
"JH378220","5093740","5094031","KQ054815v1","2215557","2215844","94","2878183"
"JH378220","5096145","5096288","KQ056911v1","1421731","1421862","46","3674414"
"JH378220","5096311","5096358","KQ053883v1","4947532","4947574","22","148779"
"JH378220","5146941","5147253","KQ053421v1","5610673","5610968","99","463732"
"JH378220","5149045","5149274","KQ053234v1","1414405","1414609","71","3734640"
"JH378220","5188735","5189039","KQ055352v1","6003171","6003466","73","814436"
"JH378220","5189099","5189377","KQ053421v1","5610673","5610968","84","421574"
"JH378220","5284669","5284945","KQ053421v1","5610673","5610968","87","326004"
"JH378220","5394822","5395131","KQ055352v1","6003171","6003466","66","608349"
"JH378220","5395795","5396106","KQ058427v1","7786546","7786853","91","2390751"
"JH378220","5464043","5464351","KQ055267v1","513773","514088","72","4950270"
"JH378220","5617115","5617405","KQ053421v1","5610673","5610968","83","6442"
"JH378220","5707563","5707868","KQ055352v1","6003171","6003466","76","295608"
"JH378220","5811601","5811906","KQ053421v1","5610673","5610968","69","200928"
"JH378220","6050450","6050744","KQ053421v1","5610673","5610968","70","439777"
"JH378220","6143377","6143486","KQ058316v1","2226037","2226104","57","3917340"
"JH378220","6143588","6143777","KQ058274v1","300327","300497","51","5843261"
"JH378220","6195062","6195358","KQ053421v1","5610673","5610968","75","584389"
"JH378220","6231259","6231545","KQ053421v1","5610673","5610968","80","620586"
"JH378220","6265811","6265910","KQ055579v1","54828","54918","37","6210983"
"JH378220","6266027","6266145","KQ056493v1","2043382","2043488","36","4222645"
"JH378220","6577301","6577612","KQ055352v1","6003171","6003466","73","574130"
"JH378220","6667644","6667941","KQ053421v1","5610673","5610968","70","1056971"
"JH378220","6693374","6693672","KQ053421v1","5610673","5610968","70","1082701"
"JH378220","6747614","6747882","KQ053421v1","5610673","5610968","89","1136941"
"JH378220","6802270","6802554","KQ053421v1","5610673","5610968","85","1191597"
"JH378220","6813012","6813326","KQ055267v1","513773","514088","83","6299239"
"JH378220","6871980","6872261","KQ054815v1","2215557","2215844","76","4656423"
"JH378220","6890688","6890993","KQ055267v1","513773","514088","76","6376915"
"JH378221","19426","19720","KQ053421v1","5610673","5610968","81","5591247"
"JH378221","22124","22420","KQ053421v1","5610673","5610968","88","5588549"
"JH378221","31503","31780","KQ058242v1","595939","596205","77","564436"
"JH378221","32332","32608","KQ054815v1","2215557","2215844","85","2183225"
"JH378221","109596","109751","KQ053267v1","1313653","1313811","40","1204057"
"JH378221","127978","128263","KQ055862v1","1305285","1305561","73","1177307"
"JH378221","157189","157488","KQ053421v1","5610673","5610968","75","5453484"
"JH378221","182826","182977","KQ054510v1","9361519","9361683","55","9178693"
"JH378221","222994","223291","KQ054713v1","1437239","1437526","89","1214245"
"JH378221","247156","247468","KQ053421v1","5610673","5610968","84","5363517"
"JH378221","249068","249318","KQ058339v1","4553625","4553889","72","4304557"
"JH378221","275017","275320","KQ053421v1","5610673","5610968","84","5335656"
"JH378221","313196","313496","KQ055267v1","513773","514088","85","200577"
"JH378221","500156","500457","KQ053421v1","5610673","5610968","77","5110517"
"JH378221","502635","502934","KQ053421v1","5610673","5610968","72","5108038"
"JH378221","507749","508052","KQ053421v1","5610673","5610968","71","5102924"
"JH378221","562107","562416","KQ053421v1","5610673","5610968","83","5048566"
"JH378221","822751","823044","KQ053421v1","5610673","5610968","72","4787922"
"JH378221","938265","938438","KQ058423v1","270754","270928","44","667511"
"JH378221","1014802","1014955","KQ054401v1","3363241","3363379","42","2348439"
"JH378221","1212786","1213095","KQ058427v1","7786546","7786853","76","6573760"
"JH378221","1238538","1238836","KQ053421v1","5610673","5610968","74","4372135"
"JH378221","1251857","1252156","KQ053421v1","5610673","5610968","75","4358816"
"JH378221","1270846","1271151","KQ053421v1","5610673","5610968","69","4339827"
"JH378221","1299663","1299975","KQ053421v1","5610673","5610968","88","4311010"
"JH378221","1407125","1407331","KQ052982v1","2032903","2033097","62","625778"
"JH378221","1426364","1426658","KQ053421v1","5610673","5610968","79","4184309"
"JH378221","1455232","1455509","KQ055862v1","1305285","1305561","82","149947"
"JH378221","1487859","1488153","KQ053421v1","5610673","5610968","80","4122814"
"JH378221","1502146","1502434","KQ053421v1","5610673","5610968","79","4108527"
"JH378221","1574081","1574378","KQ053421v1","5610673","5610968","76","4036592"
"JH378221","1610178","1610470","KQ053421v1","5610673","5610968","72","4000495"
"JH378221","1647716","1647849","KQ053398v1","2623748","2623879","31","976032"
"JH378221","1649972","1650263","KQ053421v1","5610673","5610968","72","3960701"
"JH378221","1672313","1672617","KQ053421v1","5610673","5610968","95","3938360"
"JH378221","1715891","1716193","KQ055267v1","513773","514088","72","1202118"
"JH378221","1736969","1737257","KQ053421v1","5610673","5610968","83","3873704"
"JH378221","1793233","1793518","KQ058242v1","595939","596205","82","1197294"
"JH378221","1846051","1846250","KQ058594v1","5950443","5950621","65","4104392"
"JH378221","1857864","1858073","KQ056064v1","326763","326940","71","1531101"
"JH378221","1860868","1861168","KQ053421v1","5610673","5610968","72","3749805"
"JH378221","1896095","1896377","KQ053421v1","5610673","5610968","75","3714578"
"JH378221","2118858","2119110","KQ056321v1","575951","576190","81","1542907"
"JH378221","2124221","2124387","KQ053531v1","6571","6737","61","2117650"
"JH378221","2195832","2195944","KQ055579v1","54828","54918","40","2141004"
"JH378221","2296489","2296802","KQ053421v1","5610673","5610968","81","3314184"
"JH378221","2573543","2573839","KQ053421v1","5610673","5610968","67","3037130"
"JH378221","2663671","2663960","KQ053421v1","5610673","5610968","79","2947002"
"JH378221","2779169","2779442","KQ058242v1","595939","596205","74","2183230"
"JH378221","2779517","2779794","KQ053421v1","5610673","5610968","81","2831156"
"JH378221","2813954","2814233","KQ053785v1","888769","889063","73","1925185"
"JH378221","2919807","2920116","KQ058427v1","7786546","7786853","82","4866739"
"JH378221","2935615","2935916","KQ053421v1","5610673","5610968","81","2675058"
"JH378221","3016788","3017100","KQ053421v1","5610673","5610968","82","2593885"
"JH378221","3098419","3098498","KQ056235v1","1266284","1266361","24","1832135"
"JH378221","3098599","3098811","KQ052982v1","2032903","2033097","55","1065696"
"JH378221","3194398","3194706","KQ055267v1","513773","514088","76","2680625"
"JH378221","3354592","3354918","KQ058427v1","7786546","7786853","90","4431954"
"JH378221","3369470","3369782","KQ055267v1","513773","514088","97","2855697"
"JH378221","3507639","3507874","KQ053234v1","1414405","1414609","63","2093234"
"JH378221","3560149","3560455","KQ053421v1","5610673","5610968","80","2050524"
"JH378221","3560848","3560951","KQ056235v1","1266284","1266361","42","2294564"
"JH378221","3828732","3829013","KQ058242v1","595939","596205","83","3232793"
"JH378221","3838342","3838650","KQ058427v1","7786546","7786853","77","3948204"
"JH378221","4035428","4035672","KQ058505v1","2207051","2207301","80","1828377"
"JH378221","4217812","4218087","KQ055862v1","1305285","1305561","79","2912527"
"JH378221","4494259","4494570","KQ053421v1","5610673","5610968","95","1116414"
"JH378221","4994446","4994746","KQ053421v1","5610673","5610968","81","616227"
"JH378221","5044892","5045149","KQ055662v1","1890465","1890674","91","3154427"
"JH378221","5503304","5503592","KQ053421v1","5610673","5610968","78","107369"
"JH378221","5672514","5672816","KQ053421v1","5610673","5610968","70","61841"
"JH378221","5735297","5735575","KQ053421v1","5610673","5610968","87","124624"
"JH378221","5810020","5810307","KQ053421v1","5610673","5610968","100","199347"
"JH378221","5819583","5819872","KQ053421v1","5610673","5610968","71","208910"
"JH378221","5869418","5869717","KQ053421v1","5610673","5610968","79","258745"
"JH378221","6012974","6013086","KQ053398v1","2627781","2627909","42","3385193"
"JH378221","6094352","6094643","KQ053421v1","5610673","5610968","79","483679"
"JH378221","6101288","6101597","KQ055267v1","513773","514088","84","5587515"
"JH378221","6144472","6144777","KQ053421v1","5610673","5610968","75","533799"
"JH378221","6156436","6156725","KQ053421v1","5610673","5610968","79","545763"
"JH378221","6194210","6194507","KQ053421v1","5610673","5610968","72","583537"
"JH378221","6230628","6230756","KQ053398v1","2623748","2623879","31","3606880"
"JH378221","6305784","6306093","KQ055267v1","513773","514088","73","5792011"
"JH378221","6309969","6310270","KQ053421v1","5610673","5610968","79","699296"
"JH378221","6322879","6323173","KQ053421v1","5610673","5610968","81","712206"
"JH378221","6393269","6393575","KQ053421v1","5610673","5610968","71","782596"
"JH378221","6397807","6397982","KQ056064v1","326763","326940","66","6071044"
"JH378221","6501172","6501460","KQ053421v1","5610673","5610968","74","890499"
"JH378221","6549030","6549329","KQ058427v1","7786546","7786853","85","1237516"
"JH378221","6576086","6576378","KQ053421v1","5610673","5610968","78","965413"
"JH378221","6618813","6619092","KQ055862v1","1305285","1305561","86","5313528"
"JH378221","6642064","6642160","KQ056235v1","1266284","1266361","29","5375780"
"JH378221","6727129","6727423","KQ053421v1","5610673","5610968","90","1116456"
"JH378221","6752784","6753086","KQ053421v1","5610673","5610968","83","1142111"
"JH378221","6829831","6830128","KQ053421v1","5610673","5610968","66","1219158"
"JH378221","6864134","6864265","KQ053398v1","2623748","2623879","38","4240386"
"JH378222","109005","109286","KQ053421v1","5610673","5610968","75","5501668"
"JH378222","517991","518288","KQ053421v1","5610673","5610968","67","5092682"
"JH378222","527042","527347","KQ053421v1","5610673","5610968","70","5083631"
"JH378222","540175","540472","KQ053421v1","5610673","5610968","69","5070498"
"JH378222","553876","554172","KQ053421v1","5610673","5610968","66","5056797"
"JH378222","563763","563991","KQ058509v1","24058","24271","67","539705"
"JH378222","569572","569904","KQ055352v1","6003171","6003466","83","5433599"
"JH378222","587349","587646","KQ053421v1","5610673","5610968","79","5023324"
"JH378222","602080","602390","KQ058427v1","7786546","7786853","76","7184466"
"JH378222","604903","605198","KQ053421v1","5610673","5610968","78","5005770"
"JH378222","610476","610769","KQ053421v1","5610673","5610968","72","5000197"
"JH378222","625083","625378","KQ053421v1","5610673","5610968","69","4985590"
"JH378222","629989","630259","KQ058242v1","595939","596205","69","34050"
"JH378222","647108","647398","KQ054815v1","2215557","2215844","78","1568449"
"JH378222","661620","661927","KQ055352v1","6003171","6003466","73","5341551"
"JH378222","669843","670011","KQ058350v1","9514178","9514352","51","8844335"
"JH378222","670336","670467","KQ053398v1","2623748","2623879","39","1953412"
"JH378222","672227","672537","KQ053421v1","5610673","5610968","82","4938446"
"JH378222","676737","677033","KQ053141v1","2860","3159","81","673877"
"JH378222","679724","680018","KQ053421v1","5610673","5610968","68","4930949"
"JH378222","688139","688444","KQ055352v1","6003171","6003466","68","5315032"
"JH378222","704057","704203","KQ053398v1","2623748","2623879","48","1919691"
"JH378222","723783","724090","KQ055352v1","6003171","6003466","72","5279388"
"JH378222","736832","737085","KQ058242v1","595939","596205","85","140893"
"JH378222","754153","754444","KQ053421v1","5610673","5610968","84","4856520"
"JH378222","785799","786091","KQ053421v1","5610673","5610968","76","4824874"
"JH378222","814581","814868","KQ053421v1","5610673","5610968","74","4796092"
"JH378222","818472","818769","KQ053421v1","5610673","5610968","68","4792201"
"JH378222","856265","856582","KQ058427v1","7786546","7786853","81","6930281"
"JH378222","867567","867744","KQ054954v1","1680710","1680882","52","813143"
"JH378222","893257","893551","KQ053421v1","5610673","5610968","73","4717416"
"JH378222","1034232","1034532","KQ053421v1","5610673","5610968","84","4576441"
"JH378222","1104944","1105248","KQ055267v1","513773","514088","75","591171"
"JH378222","1164699","1164997","KQ053421v1","5610673","5610968","67","4445974"
"JH378222","1245085","1245378","KQ053421v1","5610673","5610968","74","4365588"
"JH378222","1273013","1273322","KQ055352v1","6003171","6003466","75","4730158"
"JH378222","1283340","1283641","KQ053421v1","5610673","5610968","74","4327333"
"JH378222","1288513","1288818","KQ053421v1","5610673","5610968","82","4322160"
"JH378222","1309792","1310097","KQ055352v1","6003171","6003466","70","4693379"
"JH378222","1332428","1332729","KQ053421v1","5610673","5610968","69","4278245"
"JH378222","1582051","1582350","KQ053421v1","5610673","5610968","75","4028622"
"JH378222","1636044","1636356","KQ058427v1","7786546","7786853","79","6150502"
"JH378222","1768765","1769064","KQ053421v1","5610673","5610968","75","3841908"
"JH378222","1836327","1836619","KQ053421v1","5610673","5610968","84","3774346"
"JH378222","1902066","1902373","KQ055267v1","513773","514088","83","1388293"
"JH378222","2171528","2171828","KQ053421v1","5610673","5610968","76","3439145"
"JH378222","2300672","2300976","KQ055352v1","6003171","6003466","68","3702499"
"JH378222","2349845","2350155","KQ053785v1","888769","889063","94","1461076"
"JH378222","2423149","2423446","KQ053421v1","5610673","5610968","68","3187524"
"JH378222","2489227","2489526","KQ055267v1","513773","514088","75","1975454"
"JH378222","2752861","2753172","KQ055267v1","513773","514088","70","2239088"
"JH378222","2800791","2801095","KQ053421v1","5610673","5610968","72","2809882"
"JH378222","2831180","2831339","KQ057161v1","453350","453459","65","2377830"
"JH378222","2968658","2968939","KQ057186v1","783828","784085","78","2184830"
"JH378222","3043319","3043624","KQ055267v1","513773","514088","70","2529546"
"JH378222","3239026","3239333","KQ055352v1","6003171","6003466","71","2764145"
"JH378222","3440065","3440379","KQ053059v1","2548766","2549102","98","891299"
"JH378222","3583502","3583783","KQ058242v1","595939","596205","80","2987563"
"JH378222","3586552","3586891","KQ055267v1","513773","514088","96","3072779"
"JH378222","3612531","3612830","KQ053421v1","5610673","5610968","67","1998142"
"JH378222","3880393","3880693","KQ053421v1","5610673","5610968","75","1730280"
"JH378222","3950711","3950982","KQ055862v1","1305285","1305561","91","2645426"
"JH378222","4275165","4275461","KQ053421v1","5610673","5610968","68","1335508"
"JH378222","4581169","4581481","KQ055352v1","6003171","6003466","74","1422002"
"JH378222","4759426","4759725","KQ053421v1","5610673","5610968","70","851247"
"JH378222","4766091","4766387","KQ053421v1","5610673","5610968","82","844582"
"JH378222","4784864","4785170","KQ055267v1","513773","514088","76","4271091"
"JH378222","4861825","4862112","KQ053421v1","5610673","5610968","82","748848"
"JH378222","4934149","4934386","KQ058242v1","595939","596205","85","4338210"
"JH378222","5301080","5301385","KQ053421v1","5610673","5610968","83","309593"
"JH378222","5383561","5383870","KQ055267v1","513773","514088","74","4869788"
"JH378222","5397267","5397572","KQ053421v1","5610673","5610968","95","213406"
"JH378222","5437638","5437949","KQ055267v1","513773","514088","73","4923865"
"JH378222","5688026","5688330","KQ058427v1","7786546","7786853","75","2098520"
"JH378222","5732675","5732973","KQ053421v1","5610673","5610968","68","122002"
"JH378222","5807736","5808037","KQ053421v1","5610673","5610968","73","197063"
"JH378222","5832855","5833157","KQ053421v1","5610673","5610968","68","222182"
"JH378222","5833161","5833450","KQ055352v1","6003171","6003466","95","170010"
"JH378222","5921484","5921787","KQ053421v1","5610673","5610968","70","310811"
"JH378222","6036064","6036375","KQ055352v1","6003171","6003466","71","32893"
"JH378222","6038315","6038614","KQ053421v1","5610673","5610968","77","427642"
"JH378222","6093059","6093366","KQ053421v1","5610673","5610968","83","482386"
"JH378222","6276134","6276454","KQ055267v1","513773","514088","83","5762361"
"JH378222","6302395","6302688","KQ053421v1","5610673","5610968","70","691722"
"JH378222","6308682","6308980","KQ053421v1","5610673","5610968","67","698009"
"JH378222","6337247","6337530","KQ058242v1","595939","596205","75","5741308"
"JH378222","6422207","6422517","KQ058427v1","7786546","7786853","74","1364339"
"JH378222","6454788","6455099","KQ053421v1","5610673","5610968","76","844115"
"JH378222","6491400","6491701","KQ053421v1","5610673","5610968","72","880727"
"JH378222","6546836","6547115","KQ055352v1","6003171","6003466","88","543665"
"JH378222","6549908","6549981","KQ053998v1","8863","8933","21","6541045"
"JH378222","6596259","6596570","KQ058427v1","7786546","7786853","82","1190287"
"JH378222","6671495","6671793","KQ053421v1","5610673","5610968","75","1060822"
"JH378222","6674469","6674776","KQ053421v1","5610673","5610968","67","1063796"
"JH378222","6680252","6680373","KQ053398v1","2623748","2623879","36","4056504"
"JH378222","6701832","6702060","KQ055662v1","1890465","1890674","79","4811367"
"JH378222","6716268","6716424","KQ053993v1","1251070","1251235","52","5465198"
"JH378222","6720001","6720291","KQ053421v1","5610673","5610968","84","1109328"
"JH378223","4456255","4456566","KQ055352v1","6003171","6003466","73","1546916"
"JH378223","104985","105112","KQ053398v1","2623748","2623879","31","2518763"
"JH378223","138375","138656","KQ053421v1","5610673","5610968","96","5472298"
"JH378223","139154","139416","KQ054815v1","2215557","2215844","96","2076403"
"JH378223","164209","164481","KQ053421v1","5610673","5610968","92","5446464"
"JH378223","252145","252447","KQ055352v1","6003171","6003466","79","5751026"
"JH378223","437424","437709","KQ053421v1","5610673","5610968","85","5173249"
"JH378223","648027","648332","KQ055267v1","513773","514088","78","134254"
"JH378223","726448","726749","KQ058427v1","7786546","7786853","96","7060098"
"JH378223","789539","789791","KQ058509v1","24058","24271","88","765481"
"JH378223","821953","822262","KQ058427v1","7786546","7786853","84","6964593"
"JH378223","840364","840695","KQ055267v1","513773","514088","105","326591"
"JH378223","1231689","1231996","KQ055267v1","513773","514088","76","717916"
"JH378223","1386312","1386594","KQ053421v1","5610673","5610968","87","4224361"
"JH378223","1724670","1724962","KQ055862v1","1305285","1305561","68","419385"
"JH378223","1817510","1817811","KQ053421v1","5610673","5610968","87","3793163"
"JH378223","1838406","1838690","KQ053421v1","5610673","5610968","89","3772267"
"JH378223","1879128","1879249","KQ053398v1","2623748","2623879","41","744620"
"JH378223","1891706","1891998","KQ055862v1","1305285","1305561","83","586421"
"JH378223","1894383","1894689","KQ055352v1","6003171","6003466","70","4108788"
"JH378223","1925188","1925465","KQ053421v1","5610673","5610968","89","3685485"
"JH378223","1935415","1935633","KQ055662v1","1890465","1890674","60","44950"
"JH378223","2030349","2030512","KQ054954v1","1680710","1680882","50","349639"
"JH378223","2058395","2058639","KQ058242v1","595939","596205","75","1462456"
"JH378223","2344046","2344355","KQ055267v1","513773","514088","92","1830273"
"JH378223","2605430","2605798","KQ053059v1","2548766","2549102","131","56664"
"JH378223","2609748","2609927","KQ058423v1","270754","270928","41","2338994"
"JH378223","2667789","2668116","KQ053059v1","2548766","2549102","98","119023"
"JH378223","2704728","2705032","KQ053421v1","5610673","5610968","69","2905945"
"JH378223","2730787","2731094","KQ058427v1","7786546","7786853","80","5055759"
"JH378223","2839187","2839519","KQ053059v1","2548766","2549102","106","290421"
"JH378223","2918409","2918718","KQ055267v1","513773","514088","78","2404636"
"JH378223","2997544","2997850","KQ053421v1","5610673","5610968","79","2613129"
"JH378223","3138774","3139049","KQ055862v1","1305285","1305561","70","1833489"
"JH378223","3445889","3446207","KQ055267v1","513773","514088","78","2932116"
"JH378223","3936960","3937274","KQ053421v1","5610673","5610968","80","1673713"
"JH378223","4006495","4006783","KQ058242v1","595939","596205","83","3410556"
"JH378223","4071222","4071513","KQ053421v1","5610673","5610968","76","1539451"
"JH378223","4226594","4226901","KQ055267v1","513773","514088","77","3712821"
"JH378223","4238029","4238313","KQ058242v1","595939","596205","83","3642090"
"JH378223","4521215","4521493","KQ053883v1","6938067","6938331","90","2416852"
"JH378223","4521795","4522098","KQ053421v1","5610673","5610968","77","1088878"
"JH378223","4533051","4533298","KQ058242v1","595939","596205","67","3937112"
"JH378223","4551376","4551631","KQ056321v1","575951","576190","81","3975425"
"JH378223","4644169","4644456","KQ053421v1","5610673","5610968","98","966504"
"JH378223","4648103","4648410","KQ055352v1","6003171","6003466","87","1355068"
"JH378223","4655544","4655833","KQ053421v1","5610673","5610968","70","955129"
"JH378223","4705601","4705790","KQ053993v1","1251070","1251235","80","3454531"
"JH378223","4757986","4758281","KQ053421v1","5610673","5610968","93","852687"
"JH378223","4800630","4800936","KQ055352v1","6003171","6003466","71","1202541"
"JH378223","4865577","4865769","KQ058274v1","300327","300497","79","4565250"
"JH378223","4884897","4885142","KQ054068v1","3638075","3638299","78","1246822"
"JH378223","4916351","4916649","KQ055862v1","1305285","1305561","84","3611066"
"JH378223","4938038","4938353","KQ055352v1","6003171","6003466","78","1065133"
"JH378223","4969729","4969780","KQ053827v1","2325611","2325650","25","2644118"
"JH378223","4974272","4974559","KQ053421v1","5610673","5610968","85","636401"
"JH378223","5004101","5004386","KQ053421v1","5610673","5610968","77","606572"
"JH378223","5039466","5039775","KQ053421v1","5610673","5610968","78","571207"
"JH378223","5101809","5102103","KQ053421v1","5610673","5610968","74","508864"
"JH378223","5112788","5112975","KQ056064v1","326763","326940","49","4786025"
"JH378223","5120238","5120541","KQ053421v1","5610673","5610968","82","490435"
"JH378223","5152890","5153190","KQ053421v1","5610673","5610968","78","457783"
"JH378223","5165483","5165716","KQ056064v1","326763","326940","93","4838720"
"JH378223","5336393","5336689","KQ053421v1","5610673","5610968","70","274280"
"JH378223","5343388","5343629","KQ057901v1","868884","869144","80","4474504"
"JH378223","5349115","5349214","KQ053998v1","8863","8933","46","5340252"
"JH378223","5376502","5376794","KQ053421v1","5610673","5610968","68","234171"
"JH378223","5377941","5378230","KQ058242v1","595939","596205","90","4782002"
"JH378223","5504388","5504700","KQ055352v1","6003171","6003466","76","498783"
"JH378223","5530894","5531180","KQ053421v1","5610673","5610968","77","79779"
"JH378223","5566829","5567131","KQ053421v1","5610673","5610968","76","43844"
"JH378223","5571330","5571622","KQ053421v1","5610673","5610968","76","39343"
"JH378223","5578406","5578708","KQ053421v1","5610673","5610968","72","32267"
"JH378223","5599572","5599867","KQ053421v1","5610673","5610968","80","11101"
"JH378223","5602462","5602761","KQ053421v1","5610673","5610968","68","8211"
"JH378223","5612631","5612913","KQ054815v1","2215557","2215844","84","3397074"
"JH378223","5621457","5621801","KQ055352v1","6003171","6003466","161","381714"
"JH378223","5659338","5659653","KQ055862v1","1305285","1305561","96","4354053"
"JH378223","5671329","5671642","KQ058427v1","7786546","7786853","76","2115217"
"JH378223","5676325","5676624","KQ055352v1","6003171","6003466","78","326846"
"JH378223","5743864","5744167","KQ053421v1","5610673","5610968","69","133191"
"JH378223","5745507","5745759","KQ058242v1","595939","596205","76","5149568"
"JH378223","5748037","5748333","KQ058427v1","7786546","7786853","83","2038509"
"JH378223","5789169","5789455","KQ053421v1","5610673","5610968","81","178496"
"JH378223","5803107","5803403","KQ053421v1","5610673","5610968","75","192434"
"JH378223","5852111","5852404","KQ058427v1","7786546","7786853","78","1934435"
"JH378223","5887517","5887745","KQ058242v1","595939","596205","88","5291578"
"JH378223","5920772","5921068","KQ053421v1","5610673","5610968","73","310099"
"JH378223","5991964","5992249","KQ053421v1","5610673","5610968","81","381291"
"JH378223","6001577","6001861","KQ053421v1","5610673","5610968","88","390904"
"JH378223","6077329","6077636","KQ058427v1","7786546","7786853","81","1709217"
"JH378223","6100098","6100339","KQ056321v1","575951","576190","83","5524147"
"JH378223","6136041","6136279","KQ053234v1","1414405","1414609","86","4721636"
"JH378223","6189948","6190252","KQ055267v1","513773","514088","69","5676175"
"JH378223","6207961","6208162","KQ053234v1","1414405","1414609","71","4793556"
"JH378223","6219241","6219542","KQ053421v1","5610673","5610968","69","608568"
"JH378223","6242628","6242922","KQ053421v1","5610673","5610968","78","631955"
"JH378223","6309121","6309416","KQ053421v1","5610673","5610968","90","698448"
"JH378223","6326509","6326850","KQ054815v1","2215557","2215844","130","4110952"
"JH378223","6332352","6332640","KQ053421v1","5610673","5610968","75","721679"
"JH378223","6357201","6357485","KQ053421v1","5610673","5610968","82","746528"
"JH378223","6400201","6400481","KQ057901v1","868884","869144","95","5531317"
"JH378223","6424531","6424811","KQ054815v1","2215557","2215844","77","4208974"
"JH378223","6453342","6453644","KQ053421v1","5610673","5610968","69","842669"
"JH378223","6469967","6470267","KQ053421v1","5610673","5610968","66","859294"
"JH378223","6473475","6473596","KQ053398v1","2623748","2623879","35","3849727"
"JH378223","6493563","6493869","KQ055352v1","6003171","6003466","72","490392"
"JH378223","6494787","6494917","KQ054401v1","3363241","3363379","41","3131546"
"JH378223","6513413","6513691","KQ057186v1","783828","784085","79","5729585"
"JH378223","6528292","6528594","KQ053421v1","5610673","5610968","70","917619"
"JH378223","6537487","6537644","KQ058428v1","1396698","1396861","43","5140789"
"JH378223","6550303","6550621","KQ055267v1","513773","514088","74","6036530"
"JH378223","6555102","6555452","KQ053135v1","5034940","5035266","107","1520162"
"JH378223","6559655","6559964","KQ055352v1","6003171","6003466","67","556484"
"JH378223","6590474","6590784","KQ055267v1","513773","514088","73","6076701"
"JH378223","6637439","6637622","KQ053081v1","1367902","1368071","43","5269537"
"JH378223","6638831","6639087","KQ057901v1","868884","869144","83","5769947"
"JH378223","6661145","6661370","KQ055140v1","659740","659924","67","6001405"
"JH378224","22540","22835","KQ053421v1","5610673","5610968","82","5588133"
"JH378224","357847","358117","KQ057901v1","868884","869144","83","511037"
"JH378224","457765","458062","KQ053421v1","5610673","5610968","74","5152908"
"JH378224","472849","473159","KQ055267v1","513773","514088","72","40924"
"JH378224","488460","488597","KQ056911v1","1421731","1421862","39","933271"
"JH378224","538733","539043","KQ055267v1","513773","514088","75","24960"
"JH378224","557405","557706","KQ053421v1","5610673","5610968","68","5053268"
"JH378224","612370","612667","KQ053421v1","5610673","5610968","73","4998303"
"JH378224","665843","666135","KQ053421v1","5610673","5610968","77","4944830"
"JH378224","704209","704403","KQ058594v1","1033101","1033292","51","328892"
"JH378224","751824","752135","KQ055352v1","6003171","6003466","73","5251347"
"JH378224","782159","782464","KQ055352v1","6003171","6003466","68","5221012"
"JH378224","788423","788731","KQ055267v1","513773","514088","87","274650"
"JH378224","793944","794237","KQ053421v1","5610673","5610968","72","4816729"
"JH378224","799590","799874","KQ058242v1","595939","596205","91","203651"
"JH378224","898713","899005","KQ053421v1","5610673","5610968","80","4711960"
"JH378224","941361","941657","KQ053421v1","5610673","5610968","64","4669312"
"JH378224","942212","942510","KQ055862v1","1305285","1305561","78","363073"
"JH378224","959782","960061","KQ053421v1","5610673","5610968","78","4650891"
"JH378224","984837","984972","KQ054401v1","3363241","3363379","37","2378404"
"JH378224","989854","990147","KQ053421v1","5610673","5610968","86","4620819"
"JH378224","1021359","1021669","KQ058427v1","7786546","7786853","73","6765187"
"JH378224","1277553","1277863","KQ058427v1","7786546","7786853","77","6508993"
"JH378224","1288630","1288917","KQ053421v1","5610673","5610968","76","4322043"
"JH378224","1307565","1307874","KQ058427v1","7786546","7786853","77","6478981"
"JH378224","1325004","1325297","KQ053421v1","5610673","5610968","75","4285669"
"JH378224","1330551","1330846","KQ053421v1","5610673","5610968","79","4280122"
"JH378224","1349566","1349865","KQ053421v1","5610673","5610968","80","4261107"
"JH378224","1388672","1388932","KQ055717v1","1610777","1611031","80","222105"
"JH378224","1433207","1433520","KQ058427v1","7786546","7786853","79","6353339"
"JH378224","1565195","1565361","KQ054510v1","7582269","7582431","42","6017074"
"JH378224","1574193","1574418","KQ053234v1","1414405","1414609","60","159788"
"JH378224","1752172","1752428","KQ056321v1","575951","576190","83","1176221"
"JH378224","1791586","1791734","KQ053398v1","2627781","2627909","49","836195"
"JH378224","1793430","1793736","KQ055267v1","513773","514088","80","1279657"
"JH378224","1815128","1815440","KQ055267v1","513773","514088","93","1301355"
"JH378224","1862821","1863108","KQ053421v1","5610673","5610968","82","3747852"
"JH378224","1963174","1963476","KQ053421v1","5610673","5610968","69","3647499"
"JH378224","1975908","1976174","KQ058505v1","2207051","2207301","81","231143"
"JH378224","1983297","1983585","KQ053421v1","5610673","5610968","90","3627376"
"JH378224","1987749","1987965","KQ055662v1","1890465","1890674","73","97284"
"JH378224","2000001","2000140","KQ053398v1","2627781","2627909","38","627780"
"JH378224","2016228","2016539","KQ058427v1","7786546","7786853","82","5770318"
"JH378224","2108595","2108904","KQ055352v1","6003171","6003466","68","3894576"
"JH378224","2151278","2151364","KQ058316v1","2226037","2226104","38","74759"
"JH378224","2152303","2152530","KQ058242v1","595939","596205","81","1556364"
"JH378224","2156359","2156525","KQ053398v1","2623748","2623879","63","467389"
"JH378224","2235976","2236258","KQ053421v1","5610673","5610968","94","3374697"
"JH378224","2260560","2260853","KQ053421v1","5610673","5610968","85","3350113"
"JH378224","2377540","2377838","KQ053421v1","5610673","5610968","69","3233133"
"JH378224","2381120","2381393","KQ058339v1","4553625","4553889","78","2172505"
"JH378224","2566637","2566855","KQ057380v1","3344874","3345081","71","778237"
"JH378224","2623973","2624242","KQ058242v1","595939","596205","79","2028034"
"JH378224","2677958","2678263","KQ058427v1","7786546","7786853","87","5108588"
"JH378224","2729623","2729924","KQ053421v1","5610673","5610968","77","2881050"
"JH378224","2730327","2730634","KQ053421v1","5610673","5610968","84","2880346"
"JH378224","2906714","2907007","KQ053421v1","5610673","5610968","77","2703959"
"JH378224","2920745","2921036","KQ055267v1","513773","514088","85","2406972"
"JH378224","2974936","2974987","KQ054964v1","503921","503962","25","2471015"
"JH378224","3003496","3003798","KQ053421v1","5610673","5610968","75","2607177"
"JH378224","3030417","3030716","KQ053421v1","5610673","5610968","69","2580256"
"JH378224","3053267","3053577","KQ053135v1","5034940","5035266","91","1981673"
"JH378224","3069343","3069653","KQ055352v1","6003171","6003466","74","2933828"
"JH378224","3142894","3143229","KQ053059v1","2548766","2549102","95","594128"
"JH378224","3268268","3268386","KQ053004v1","3064551","3064681","47","203717"
"JH378224","3301677","3301987","KQ053421v1","5610673","5610968","77","2308996"
"JH378224","3351416","3351572","KQ055914v1","670963","671119","62","2680453"
"JH378224","3532525","3532645","KQ053398v1","2623748","2623879","38","908777"
"JH378224","3532995","3533140","KQ054401v1","3363241","3363379","39","169754"
"JH378224","3545120","3545432","KQ058427v1","7786546","7786853","91","4241426"
"JH378224","3579436","3579740","KQ055352v1","6003171","6003466","73","2423735"
"JH378224","3640605","3640916","KQ058427v1","7786546","7786853","76","4145941"
"JH378224","3647248","3647398","KQ053398v1","2623748","2623879","47","1023500"
"JH378224","3686990","3687281","KQ053421v1","5610673","5610968","82","1923683"
"JH378224","3704099","3704304","ABDC02053644v1","2226","2419","68","3701873"
"JH378224","3791378","3791671","KQ053421v1","5610673","5610968","78","1819295"
"JH378224","3828270","3828553","KQ058242v1","595939","596205","86","3232331"
"JH378224","3899613","3899882","KQ053421v1","5610673","5610968","79","1711060"
"JH378224","3927630","3927933","KQ055267v1","513773","514088","87","3413857"
"JH378224","3952424","3952711","KQ053421v1","5610673","5610968","85","1658249"
"JH378224","4007234","4007538","KQ055352v1","6003171","6003466","69","1995937"
"JH378224","4049538","4049848","KQ055352v1","6003171","6003466","70","1953633"
"JH378224","4067468","4067766","KQ053421v1","5610673","5610968","79","1543205"
"JH378224","4210918","4211222","KQ053421v1","5610673","5610968","75","1399755"
"JH378224","4221650","4221959","KQ055267v1","513773","514088","82","3707877"
"JH378224","4223859","4224170","KQ054815v1","2215557","2215844","87","2008302"
"JH378224","4234829","4235113","KQ054815v1","2215557","2215844","75","2019272"
"JH378224","4260143","4260445","KQ053421v1","5610673","5610968","85","1350530"
"JH378224","4296911","4297015","KQ056279v1","759081","759162","37","3537830"
"JH378224","4334206","4334514","KQ053421v1","5610673","5610968","71","1276467"
"JH378224","4430066","4430375","KQ058427v1","7786546","7786853","89","3356480"
"JH378224","4456709","4456996","KQ054713v1","1437239","1437526","83","3019470"
"JH378224","4483050","4483271","KQ058274v1","300327","300497","90","4182723"
"JH378224","4522792","4523099","KQ053421v1","5610673","5610968","78","1087881"
"JH378224","4567514","4567807","KQ053421v1","5610673","5610968","75","1043159"
"JH378224","4580349","4580465","KQ053398v1","2623748","2623879","42","1956601"
"JH378224","4648484","4648599","KQ056493v1","2043382","2043488","32","2605102"
"JH378224","4650920","4651215","KQ053421v1","5610673","5610968","70","959753"
"JH378224","4654873","4655174","KQ058427v1","7786546","7786853","86","3131673"
"JH378224","4665483","4665768","KQ054815v1","2215557","2215844","82","2449926"
"JH378224","4735665","4735991","KQ055267v1","513773","514088","80","4221892"
"JH378224","4738507","4738815","KQ055267v1","513773","514088","86","4224734"
"JH378224","4744676","4744963","KQ053421v1","5610673","5610968","77","865997"
"JH378224","4747613","4747905","KQ053421v1","5610673","5610968","80","863060"
"JH378224","4753361","4753631","KQ057901v1","868884","869144","92","3884477"
"JH378224","4828775","4829067","KQ053421v1","5610673","5610968","74","781898"
"JH378224","5030418","5030729","KQ053421v1","5610673","5610968","72","580255"
"JH378224","5036361","5036541","KQ055978v1","4311984","4312161","41","724377"
"JH378224","5075906","5076096","KQ057449v1","1214348","1214489","69","3861558"
"JH378224","5102598","5102903","KQ053421v1","5610673","5610968","79","508075"
"JH378224","5116861","5117155","KQ053421v1","5610673","5610968","68","493812"
"JH378224","5121347","5121541","KQ058274v1","300327","300497","55","4821020"
"JH378224","5131716","5132023","KQ055352v1","6003171","6003466","66","871455"
"JH378224","5165638","5165930","KQ053421v1","5610673","5610968","82","445035"
"JH378224","5173529","5173828","KQ053421v1","5610673","5610968","71","437144"
"JH378224","5278337","5278632","KQ053421v1","5610673","5610968","67","332336"
"JH378224","5282282","5282588","KQ053421v1","5610673","5610968","80","328391"
"JH378224","5303631","5303934","KQ053421v1","5610673","5610968","75","307042"
"JH378224","5312554","5312839","KQ053421v1","5610673","5610968","79","298119"
"JH378224","5356647","5356941","KQ053421v1","5610673","5610968","79","254026"
"JH378224","5359248","5359538","KQ053421v1","5610673","5610968","82","251425"
"JH378224","5362127","5362437","KQ055267v1","513773","514088","77","4848354"
"JH378224","5369220","5369512","KQ053421v1","5610673","5610968","68","241453"
"JH378224","5369789","5370100","KQ055352v1","6003171","6003466","72","633382"
"JH378224","5380467","5380769","KQ053421v1","5610673","5610968","72","230206"
"JH378224","5408376","5408677","KQ053421v1","5610673","5610968","69","202297"
"JH378224","5477681","5477993","KQ053421v1","5610673","5610968","89","132992"
"JH378224","5506437","5506747","KQ058427v1","7786546","7786853","76","2280109"
"JH378224","5562525","5562814","KQ058640v1","643463","643729","82","4919062"
"JH378224","5667123","5667418","KQ053421v1","5610673","5610968","70","56450"
"JH378224","5704183","5704494","KQ055267v1","513773","514088","76","5190410"
"JH378224","5718437","5718730","KQ053421v1","5610673","5610968","80","107764"
"JH378224","5807601","5807778","KQ058350v1","9514178","9514352","39","3706577"
"JH378224","5836320","5836603","KQ055862v1","1305285","1305561","81","4531035"
"JH378224","5885466","5885763","KQ053421v1","5610673","5610968","67","274793"
"JH378224","5907425","5907720","KQ053421v1","5610673","5610968","78","296752"
"JH378224","5909495","5909818","KQ055352v1","6003171","6003466","90","93676"
"JH378224","5945073","5945323","KQ058242v1","595939","596205","75","5349134"
"JH378224","5945357","5945411","KQ058316v1","2226037","2226104","30","3719320"
"JH378224","5994172","5994464","KQ053421v1","5610673","5610968","77","383499"
"JH378224","6001993","6002248","KQ058640v1","643463","643729","83","5358530"
"JH378224","6002687","6002997","KQ053421v1","5610673","5610968","88","392014"
"JH378224","6163006","6163292","KQ053421v1","5610673","5610968","82","552333"
"JH378224","6192665","6192941","KQ057186v1","783828","784085","74","5408837"
"JH378224","6281758","6282056","KQ055267v1","513773","514088","82","5767985"
"JH378224","6423531","6423849","KQ053421v1","5610673","5610968","87","812858"
"JH378224","6458213","6458537","KQ055267v1","513773","514088","90","5944440"
"JH378224","6476230","6476527","KQ053421v1","5610673","5610968","86","865557"
"JH378224","6477375","6477659","KQ053421v1","5610673","5610968","76","866702"
"JH378224","6478193","6478473","KQ053785v1","888769","889063","77","5589424"
"JH378224","6496399","6496692","KQ053421v1","5610673","5610968","69","885726"
"JH378224","6556499","6556725","KQ054068v1","3638075","3638299","70","2918424"
"JH378224","6615471","6615615","KQ053398v1","2623748","2623879","48","3991723"
"JH378225","10082","10380","KQ053421v1","5610673","5610968","74","5600591"
"JH378225","90917","91206","KQ053421v1","5610673","5610968","72","5519756"
"JH378225","111111","111220","KQ056235v1","1266284","1266361","42","1155173"
"JH378225","115582","115881","KQ053421v1","5610673","5610968","75","5495091"
"JH378225","165650","165915","KQ055830v1","661716","661986","90","496066"
"JH378225","201795","202102","KQ058427v1","7786546","7786853","75","7584751"
"JH378225","218062","218350","KQ053421v1","5610673","5610968","78","5392611"
"JH378225","245843","246149","KQ055352v1","6003171","6003466","77","5757328"
"JH378225","302722","302916","KQ058594v1","5950443","5950621","52","5647721"
"JH378225","346103","346242","KQ054401v1","3363241","3363379","36","3017138"
"JH378225","386115","386242","KQ053398v1","2623748","2623879","42","2237633"
"JH378225","410870","411121","KQ058509v1","24058","24271","79","386812"
"JH378225","412659","412789","KQ053398v1","2627781","2627909","36","2215122"
"JH378225","472317","472596","KQ058339v1","4553625","4553889","85","4081308"
"JH378225","473691","473982","KQ053421v1","5610673","5610968","73","5136982"
"JH378225","587471","587742","KQ053785v1","888769","889063","86","301298"
"JH378225","628221","628499","KQ058242v1","595939","596205","80","32282"
"JH378225","652744","653027","KQ053421v1","5610673","5610968","81","4957929"
"JH378225","724492","724786","KQ053421v1","5610673","5610968","76","4886181"
"JH378225","731496","731794","KQ053421v1","5610673","5610968","75","4879177"
"JH378225","836489","836784","KQ053421v1","5610673","5610968","88","4774184"
"JH378225","904149","904457","KQ053421v1","5610673","5610968","75","4706524"
"JH378225","904823","905116","KQ053421v1","5610673","5610968","79","4705850"
"JH378225","986264","986388","KQ053398v1","2623748","2623879","42","1637484"
"JH378225","1045557","1045864","KQ055352v1","6003171","6003466","87","4957614"
"JH378225","1062438","1062749","KQ058427v1","7786546","7786853","87","6724108"
"JH378225","1072962","1073254","KQ053421v1","5610673","5610968","86","4537711"
"JH378225","1128413","1128721","KQ055352v1","6003171","6003466","71","4874758"
"JH378225","1129895","1130199","KQ053421v1","5610673","5610968","70","4480778"
"JH378225","1133181","1133494","KQ053421v1","5610673","5610968","85","4477492"
"JH378225","1143385","1143701","KQ053421v1","5610673","5610968","78","4467288"
"JH378225","1162089","1162395","KQ053421v1","5610673","5610968","73","4448584"
"JH378225","1166848","1167148","KQ053421v1","5610673","5610968","79","4443825"
"JH378225","1216891","1217199","KQ055267v1","513773","514088","76","703118"
"JH378225","1240588","1240892","KQ055267v1","513773","514088","86","726815"
"JH378225","1262022","1262325","KQ053421v1","5610673","5610968","91","4348651"
"JH378225","1264116","1264370","KQ058242v1","595939","596205","73","668177"
"JH378225","1285611","1285899","KQ053421v1","5610673","5610968","76","4325062"
"JH378225","1296904","1297202","KQ053421v1","5610673","5610968","80","4313769"
"JH378225","1382355","1382646","KQ053421v1","5610673","5610968","71","4228318"
"JH378225","1382688","1382986","KQ053421v1","5610673","5610968","73","4227985"
"JH378225","1386423","1386710","KQ053421v1","5610673","5610968","74","4224250"
"JH378225","1457666","1457852","KQ053531v1","6571","6737","61","1451095"
"JH378225","1483320","1483615","KQ053421v1","5610673","5610968","86","4127353"
"JH378225","1521803","1522090","KQ053421v1","5610673","5610968","85","4088870"
"JH378225","1524396","1524695","KQ053421v1","5610673","5610968","79","4086277"
"JH378225","1541694","1541882","KQ056064v1","326763","326940","60","1214931"
"JH378225","1569874","1570037","KQ053398v1","2623748","2623879","67","1053874"
"JH378225","1575564","1575762","KQ053752v1","8015097","8015288","57","6439533"
"JH378225","1594876","1595173","KQ053421v1","5610673","5610968","71","4015797"
"JH378225","1604978","1605266","KQ053421v1","5610673","5610968","79","4005695"
"JH378225","1607386","1607683","KQ053421v1","5610673","5610968","68","4003287"
"JH378225","1624678","1624973","KQ053421v1","5610673","5610968","90","3985995"
"JH378225","1628508","1628798","KQ055862v1","1305285","1305561","90","323223"
"JH378225","1628871","1629129","KQ058242v1","595939","596205","72","1032932"
"JH378225","1629303","1629569","KQ058427v1","6786866","6787134","86","5157563"
"JH378225","1719037","1719342","KQ053421v1","5610673","5610968","91","3891636"
"JH378225","1760277","1760565","KQ053421v1","5610673","5610968","75","3850396"
"JH378225","1773495","1773782","KQ053421v1","5610673","5610968","84","3837178"
"JH378225","1814584","1814881","KQ053421v1","5610673","5610968","71","3796089"
"JH378225","1819869","1820164","KQ053421v1","5610673","5610968","71","3790804"
"JH378225","1880553","1880809","KQ053421v1","5610673","5610968","92","3730120"
"JH378225","2175161","2175469","KQ053421v1","5610673","5610968","73","3435512"
"JH378225","2179988","2180288","KQ053421v1","5610673","5610968","71","3430685"
"JH378225","2186119","2186412","KQ053421v1","5610673","5610968","71","3424554"
"JH378225","2239062","2239364","KQ053421v1","5610673","5610968","74","3371611"
"JH378225","2242769","2243080","KQ055267v1","513773","514088","71","1728996"
"JH378225","2245804","2246114","KQ058427v1","7786546","7786853","72","5540742"
"JH378225","2284397","2284703","KQ053421v1","5610673","5610968","68","3326276"
"JH378225","2315009","2315307","KQ053421v1","5610673","5610968","64","3295664"
"JH378225","2387108","2387415","KQ055352v1","6003171","6003466","72","3616063"
"JH378225","2413621","2413918","KQ053421v1","5610673","5610968","82","3197052"
"JH378225","2436040","2436336","KQ053421v1","5610673","5610968","74","3174633"
"JH378225","2505347","2505638","KQ053421v1","5610673","5610968","88","3105326"
"JH378225","2534495","2534717","KQ057186v1","783828","784085","95","1750667"
"JH378225","2595558","2595845","KQ053785v1","888769","889063","83","1706789"
"JH378225","2651689","2651990","KQ053421v1","5610673","5610968","70","2958984"
"JH378225","2731038","2731218","KQ057449v1","1214348","1214489","69","1516690"
"JH378225","2786632","2786932","KQ053421v1","5610673","5610968","73","2824041"
"JH378225","2790467","2790770","KQ053421v1","5610673","5610968","76","2820206"
"JH378225","2799738","2799977","KQ055662v1","1890465","1890674","80","909273"
"JH378225","2807718","2808011","KQ053421v1","5610673","5610968","69","2802955"
"JH378225","2812930","2813227","KQ053421v1","5610673","5610968","79","2797743"
"JH378225","2827338","2827637","KQ053421v1","5610673","5610968","68","2783335"
"JH378225","2847479","2847774","KQ053421v1","5610673","5610968","67","2763194"
"JH378225","2883898","2884201","KQ055352v1","6003171","6003466","67","3119273"
"JH378225","2887432","2887583","KQ056920v1","183120","183261","43","2704312"
"JH378225","2893195","2893504","KQ055352v1","6003171","6003466","72","3109976"
"JH378225","2916741","2917049","KQ055352v1","6003171","6003466","72","3086430"
"JH378225","2917371","2917668","KQ053421v1","5610673","5610968","70","2693302"
"JH378225","2921183","2921484","KQ053421v1","5610673","5610968","69","2689490"
"JH378225","3044596","3044778","KQ056064v1","326763","326940","47","2717833"
"JH378225","3054325","3054620","KQ053421v1","5610673","5610968","92","2556348"
"JH378225","3058699","3058989","KQ053421v1","5610673","5610968","78","2551974"
"JH378225","3141501","3141796","KQ053421v1","5610673","5610968","79","2469172"
"JH378225","3142209","3142379","KQ058423v1","270754","270928","43","2871455"
"JH378225","3189482","3189624","KQ053398v1","2623748","2623879","44","565734"
"JH378225","3190598","3190843","KQ058427v1","6786866","6787134","91","3596268"
"JH378225","3195156","3195466","KQ058427v1","7786546","7786853","75","4591390"
"JH378225","3340421","3340717","KQ053421v1","5610673","5610968","67","2270252"
"JH378225","3394203","3394496","KQ053421v1","5610673","5610968","72","2216470"
"JH378225","3449272","3449585","KQ055352v1","6003171","6003466","79","2553899"
"JH378225","3478147","3478455","KQ055267v1","513773","514088","75","2964374"
"JH378225","3590118","3590418","KQ053421v1","5610673","5610968","69","2020555"
"JH378225","3596473","3596765","KQ053421v1","5610673","5610968","74","2014200"
"JH378225","3598809","3599016","KQ055662v1","1890465","1890674","72","1708344"
"JH378225","3697773","3698071","KQ055267v1","513773","514088","85","3184000"
"JH378225","3753656","3753965","KQ055352v1","6003171","6003466","74","2249515"
"JH378225","3754229","3754537","KQ058339v1","4553625","4553889","103","799396"
"JH378225","3785305","3785614","KQ058427v1","7786546","7786853","84","4001241"
"JH378225","4012234","4012533","KQ058427v1","7786546","7786853","76","3774312"
"JH378225","4012545","4012831","KQ055862v1","1305285","1305561","77","2707260"
"JH378225","4018004","4018298","KQ053421v1","5610673","5610968","82","1592669"
"JH378225","4029764","4030059","KQ053421v1","5610673","5610968","71","1580909"
"JH378225","4120204","4120499","KQ053421v1","5610673","5610968","70","1490469"
"JH378225","4141356","4141675","KQ055267v1","513773","514088","92","3627583"
"JH378225","4166327","4166628","KQ053421v1","5610673","5610968","85","1444346"
"JH378225","4265510","4265741","KQ055662v1","1890465","1890674","68","2375045"
"JH378225","4301592","4301892","KQ053421v1","5610673","5610968","67","1309081"
"JH378225","4449970","4450286","KQ053421v1","5610673","5610968","87","1160703"
"JH378225","4468220","4468522","KQ053421v1","5610673","5610968","74","1142453"
"JH378225","4568866","4569162","KQ053421v1","5610673","5610968","87","1041807"
"JH378225","4673569","4673827","KQ053883v1","6938067","6938331","83","2264498"
"JH378225","4675840","4676139","KQ053421v1","5610673","5610968","76","934833"
"JH378225","4722892","4723183","KQ053421v1","5610673","5610968","82","887781"
"JH378225","4754507","4754805","KQ053421v1","5610673","5610968","68","856166"
"JH378225","4766076","4766387","KQ055267v1","513773","514088","75","4252303"
"JH378225","4784553","4784874","KQ053421v1","5610673","5610968","97","826120"
"JH378225","4912583","4912877","KQ053421v1","5610673","5610968","82","698090"
"JH378225","4961848","4961951","KQ056279v1","759081","759162","38","4202767"
"JH378225","4965023","4965326","KQ053421v1","5610673","5610968","85","645650"
"JH378225","5094006","5094209","KQ055662v1","1890465","1890674","57","3203541"
"JH378225","5103466","5103764","KQ053421v1","5610673","5610968","91","507207"
"JH378225","5112861","5113053","KQ058274v1","300327","300497","83","4812534"
"JH378225","5113773","5113863","KQ058316v1","2226037","2226104","41","2887736"
"JH378225","5313000","5313310","KQ055267v1","513773","514088","72","4799227"
"JH378225","5359500","5359805","KQ053421v1","5610673","5610968","72","251173"
"JH378225","5554212","5554530","KQ053421v1","5610673","5610968","105","56461"
"JH378225","5559266","5559568","KQ053421v1","5610673","5610968","84","51407"
"JH378225","5561778","5562080","KQ053421v1","5610673","5610968","75","48895"
"JH378225","5608781","5609064","KQ058339v1","4553625","4553889","87","1055156"
"JH378225","5724701","5724997","KQ053421v1","5610673","5610968","80","114028"
"JH378225","5767773","5768057","KQ053421v1","5610673","5610968","77","157100"
"JH378225","5777035","5777328","KQ053421v1","5610673","5610968","82","166362"
"JH378225","5794282","5794591","KQ055267v1","513773","514088","71","5280509"
"JH378225","5840214","5840525","KQ055352v1","6003171","6003466","77","162957"
"JH378225","5857915","5858196","KQ053421v1","5610673","5610968","84","247242"
"JH378225","5872629","5872920","KQ053421v1","5610673","5610968","76","261956"
"JH378225","5881876","5882183","KQ053421v1","5610673","5610968","98","271203"
"JH378225","5883083","5883379","KQ053421v1","5610673","5610968","65","272410"
"JH378225","5897835","5898130","KQ053421v1","5610673","5610968","80","287162"
"JH378225","5918186","5918341","KQ053531v1","6571","6737","66","5911615"
"JH378225","5929388","5929666","KQ055862v1","1305285","1305561","71","4624103"
"JH378225","5934219","5934409","KQ058274v1","300327","300497","55","5633892"
"JH378225","5959150","5959449","KQ053421v1","5610673","5610968","72","348477"
"JH378225","5986396","5986683","KQ053421v1","5610673","5610968","80","375723"
"JH378225","5993516","5993802","KQ053421v1","5610673","5610968","84","382843"
"JH378225","5996438","5996753","KQ053421v1","5610673","5610968","91","385765"
"JH378225","6010468","6010676","KQ056064v1","326763","326940","87","5683705"
"JH378225","6022344","6022624","KQ058242v1","595939","596205","77","5426405"
"JH378225","6028167","6028475","KQ055352v1","6003171","6003466","73","24996"
"JH378225","6029565","6029664","KQ056235v1","1266284","1266361","37","4763281"
"JH378225","6030126","6030306","KQ054954v1","1680710","1680882","39","4349416"
"JH378225","6030307","6030413","KQ055717v1","1610376","1610476","39","4419931"
"JH378225","6050678","6050983","KQ058427v1","7786546","7786853","79","1735868"
"JH378225","6055714","6055995","KQ058242v1","595939","596205","88","5459775"
"JH378225","6081575","6081867","KQ053421v1","5610673","5610968","82","470902"
"JH378225","6164802","6165086","KQ053421v1","5610673","5610968","81","554129"
"JH378225","6166827","6167113","KQ055862v1","1305285","1305561","74","4861542"
"JH378225","6220096","6220307","KQ053234v1","1679581","1679757","81","4540515"
"JH378225","6243286","6243573","KQ053421v1","5610673","5610968","66","632613"
"JH378225","6273681","6273966","KQ053421v1","5610673","5610968","74","663008"
"JH378225","6286458","6286734","KQ057909v1","9290159","9290423","97","3003701"
"JH378225","6298205","6298334","KQ053398v1","2623748","2623879","35","3674457"
"JH378225","6326143","6326443","KQ053421v1","5610673","5610968","77","715470"
"JH378225","6378543","6378855","KQ053421v1","5610673","5610968","85","767870"
"JH378225","6406529","6406803","KQ053785v1","888769","889063","86","5517760"
"JH378225","6409041","6409334","KQ053421v1","5610673","5610968","75","798368"
"JH378225","6422702","6422991","KQ053421v1","5610673","5610968","84","812029"
"JH378225","6489398","6489694","KQ053421v1","5610673","5610968","84","878725"
"JH378225","6499054","6499228","KQ057204v1","2930576","2930741","43","3568478"
"JH378225","6531946","6532226","KQ054815v1","2215557","2215844","78","4316389"
"JH378225","6579479","6579736","KQ058339v1","4553625","4553889","83","2025854"
"JH378225","6581607","6581907","KQ053421v1","5610673","5610968","77","970934"
"JH378225","6584403","6584652","KQ057186v1","783828","784085","90","5800575"
"JH378225","6586461","6586771","KQ055267v1","513773","514088","78","6072688"
"JH378226","26848","27143","KQ053421v1","5610673","5610968","70","5583825"
"JH378226","29567","29743","KQ055140v1","659740","659924","49","630173"
"JH378226","75379","75671","KQ053421v1","5610673","5610968","67","5535294"
"JH378226","87710","87970","KQ058640v1","643463","643729","94","555753"
"JH378226","132974","133271","KQ053421v1","5610673","5610968","66","5477699"
"JH378226","141175","141472","KQ053421v1","5610673","5610968","73","5469498"
"JH378226","315675","315983","KQ053421v1","5610673","5610968","83","5294998"
"JH378226","413066","413366","KQ053421v1","5610673","5610968","82","5197607"
"JH378226","450487","450796","KQ055352v1","6003171","6003466","73","5552684"
"JH378226","510868","511171","KQ055352v1","6003171","6003466","71","5492303"
"JH378226","552672","552964","KQ053421v1","5610673","5610968","72","5058001"
"JH378226","795767","796074","KQ053421v1","5610673","5610968","73","4814906"
"JH378226","849727","850038","KQ055267v1","513773","514088","84","335954"
"JH378226","870089","870393","KQ053421v1","5610673","5610968","87","4740584"
"JH378226","1033333","1033645","KQ053421v1","5610673","5610968","86","4577340"
"JH378226","1083919","1084222","KQ053421v1","5610673","5610968","82","4526754"
"JH378226","1252696","1252999","KQ053421v1","5610673","5610968","72","4357977"
"JH378226","1374410","1374715","KQ055352v1","6003171","6003466","71","4628761"
"JH378226","1453720","1454030","KQ055267v1","513773","514088","89","939947"
"JH378226","1816009","1816308","KQ053421v1","5610673","5610968","78","3794664"
"JH378226","1847294","1847573","KQ058339v1","4553625","4553889","85","2706331"
"JH378226","1867180","1867456","KQ057901v1","868884","869144","89","998296"
"JH378226","1868250","1868352","KQ053998v1","8863","8933","47","1859387"
"JH378226","1898022","1898322","KQ055267v1","513773","514088","80","1384249"
"JH378226","1898334","1898428","KQ056493v1","2043382","2043488","39","145048"
"JH378226","1903488","1903723","KQ058242v1","595939","596205","87","1307549"
"JH378226","1939951","1940291","KQ053059v1","2548766","2549102","101","608815"
"JH378226","1968926","1969215","KQ053421v1","5610673","5610968","69","3641747"
"JH378226","2068416","2068709","KQ053421v1","5610673","5610968","70","3542257"
"JH378226","2077655","2077966","KQ055352v1","6003171","6003466","77","3925516"
"JH378226","2310926","2311211","KQ053421v1","5610673","5610968","81","3299747"
"JH378226","2368742","2369051","KQ058427v1","7786546","7786853","74","5417804"
"JH378226","2376269","2376568","KQ053421v1","5610673","5610968","68","3234404"
"JH378226","2638999","2639285","KQ054815v1","2215557","2215844","75","423442"
"JH378226","2678845","2679143","KQ053421v1","5610673","5610968","69","2931828"
"JH378226","2708970","2709271","KQ053421v1","5610673","5610968","72","2901703"
"JH378226","2723583","2723829","KQ058509v1","24058","24271","74","2699525"
"JH378226","2764098","2764408","KQ055267v1","513773","514088","71","2250325"
"JH378226","3012468","3012779","KQ055267v1","513773","514088","76","2498695"
"JH378226","3042184","3042492","KQ055352v1","6003171","6003466","72","2960987"
"JH378226","3045191","3045410","KQ058509v1","24058","24271","78","3021133"
"JH378226","3107990","3108309","KQ053421v1","5610673","5610968","88","2502683"
"JH378226","3228108","3228408","KQ053421v1","5610673","5610968","73","2382565"
"JH378226","3435471","3435772","KQ055862v1","1305285","1305561","79","2130186"
"JH378226","3474273","3474597","KQ053135v1","5034940","5035266","112","1560667"
"JH378226","3616681","3616978","KQ053421v1","5610673","5610968","78","1993992"
"JH378226","3672325","3672611","KQ058242v1","595939","596205","88","3076386"
"JH378226","3672753","3673058","KQ053421v1","5610673","5610968","69","1937920"
"JH378226","3683385","3683659","KQ053421v1","5610673","5610968","94","1927288"
"JH378226","3801333","3801637","KQ053421v1","5610673","5610968","74","1809340"
"JH378226","3809079","3809259","KQ058423v1","270754","270928","38","3538325"
"JH378226","3815587","3815896","KQ055267v1","513773","514088","73","3301814"
"JH378226","3901941","3902232","KQ053421v1","5610673","5610968","87","1708732"
"JH378226","4010691","4010815","KQ053398v1","2623748","2623879","32","1386943"
"JH378226","4038178","4038495","KQ055267v1","513773","514088","96","3524405"
"JH378226","4258380","4258685","KQ055352v1","6003171","6003466","67","1744791"
"JH378226","4345397","4345701","KQ053421v1","5610673","5610968","66","1265276"
"JH378226","4422944","4423116","KQ057821v1","3059321","3059481","57","1363623"
"JH378226","4646165","4646464","KQ053421v1","5610673","5610968","66","964508"
"JH378226","4655384","4655686","KQ053421v1","5610673","5610968","73","955289"
"JH378226","4724367","4724679","KQ053421v1","5610673","5610968","83","886306"
"JH378226","4729123","4729417","KQ053421v1","5610673","5610968","69","881550"
"JH378226","4733218","4733506","KQ053421v1","5610673","5610968","74","877455"
"JH378226","4828173","4828485","KQ055267v1","513773","514088","77","4314400"
"JH378226","4948724","4949003","KQ058242v1","595939","596205","79","4352785"
"JH378226","5092899","5093213","KQ053421v1","5610673","5610968","85","517774"
"JH378226","5103977","5104283","KQ053421v1","5610673","5610968","78","506696"
"JH378226","5117324","5117634","KQ053421v1","5610673","5610968","84","493349"
"JH378226","5141114","5141420","KQ053421v1","5610673","5610968","84","469559"
"JH378226","5174209","5174491","KQ053421v1","5610673","5610968","86","436464"
"JH378226","5210322","5210642","KQ053059v1","2548766","2549102","90","2661556"
"JH378226","5213071","5213196","KQ053398v1","2623748","2623879","52","2589323"
"JH378226","5226013","5226189","KQ058423v1","270754","270928","43","4955259"
"JH378226","5236407","5236699","KQ053421v1","5610673","5610968","83","374266"
"JH378226","5279819","5280135","KQ055267v1","513773","514088","84","4766046"
"JH378226","5342194","5342439","KQ058242v1","595939","596205","74","4746255"
"JH378226","5385225","5385509","KQ053421v1","5610673","5610968","69","225448"
"JH378226","5385859","5386151","KQ053421v1","5610673","5610968","88","224814"
"JH378226","5408704","5408791","KQ056235v1","1266284","1266361","19","4142420"
"JH378226","5415007","5415146","KQ054401v1","3363241","3363379","43","2051766"
"JH378226","5415272","5415586","KQ053421v1","5610673","5610968","95","195401"
"JH378226","5437006","5437310","KQ058427v1","7786546","7786853","81","2349540"
"JH378226","5465493","5465778","KQ053421v1","5610673","5610968","84","145180"
"JH378226","5468661","5468937","KQ055862v1","1305285","1305561","80","4163376"
"JH378226","5523878","5524183","KQ053421v1","5610673","5610968","78","86795"
"JH378226","5563486","5563781","KQ053421v1","5610673","5610968","74","47187"
"JH378226","5594262","5594568","KQ053421v1","5610673","5610968","83","16411"
"JH378226","5595001","5595135","KQ057161v1","453350","453459","42","5141651"
"JH378226","5619392","5619602","KQ056064v1","326763","326940","84","5292629"
"JH378226","5627817","5628117","KQ053421v1","5610673","5610968","73","17144"
"JH378226","5633129","5633427","KQ055862v1","1305285","1305561","92","4327844"
"JH378226","5724974","5725251","KQ053421v1","5610673","5610968","90","114301"
"JH378226","5747069","5747332","KQ058242v1","595939","596205","86","5151130"
"JH378226","5754777","5755093","KQ053421v1","5610673","5610968","92","144104"
"JH378226","5781698","5781996","KQ053421v1","5610673","5610968","73","171025"
"JH378226","5840482","5840747","KQ053421v1","5610673","5610968","94","229809"
"JH378226","5851765","5852049","KQ053421v1","5610673","5610968","78","241092"
"JH378226","5879861","5880166","KQ053421v1","5610673","5610968","79","269188"
"JH378226","5881801","5882124","KQ058427v1","7786546","7786853","93","1904745"
"JH378226","5933407","5933714","KQ058427v1","7786546","7786853","82","1853139"
"JH378226","5990594","5990811","KQ058274v1","300327","300497","93","5690267"
"JH378226","6013508","6013767","KQ058242v1","595939","596205","76","5417569"
"JH378226","6027682","6027964","KQ053421v1","5610673","5610968","82","417009"
"JH378226","6088322","6088471","KQ053398v1","2623748","2623879","55","3464574"
"JH378226","6126337","6126626","KQ053421v1","5610673","5610968","76","515664"
"JH378226","6141582","6141878","KQ053421v1","5610673","5610968","78","530909"
"JH378226","6164522","6164775","KQ053883v1","6938067","6938331","92","773545"
"JH378226","6168461","6168762","KQ053421v1","5610673","5610968","90","557788"
"JH378226","6169366","6169462","KQ056235v1","1266284","1266361","30","4903082"
"JH378226","6196633","6196944","KQ053421v1","5610673","5610968","85","585960"
"JH378226","6197124","6197420","KQ053421v1","5610673","5610968","86","586451"
"JH378226","6200392","6200577","KQ056147v1","2861940","2862121","46","3338452"
"JH378226","6225462","6225754","KQ053421v1","5610673","5610968","69","614789"
"JH378226","6241349","6241640","KQ053421v1","5610673","5610968","83","630676"
"JH378226","6256959","6257233","KQ057186v1","783828","784085","68","5473131"
"JH378226","6282178","6282302","KQ053398v1","2623748","2623879","40","3658430"
"JH378226","6347618","6347838","KQ056005v1","1024192","1024395","65","5323426"
"JH378226","6365081","6365216","KQ054401v1","3363241","3363379","38","3001840"
"JH378226","6377610","6377812","KQ058274v1","300327","300497","67","6077283"
"JH378226","6379381","6379668","KQ053421v1","5610673","5610968","87","768708"
"JH378226","6486338","6486615","KQ053421v1","5610673","5610968","73","875665"
"JH378226","6488112","6488297","KQ058350v1","9514178","9514352","45","3026066"
"JH378226","6531552","6531740","KQ053234v1","1679581","1679757","50","4851971"
"JH378226","6532477","6532551","KQ056235v1","1266284","1266361","26","5266193"
"JH378226","6555874","6556159","KQ055862v1","1305285","1305561","85","5250589"
"JH378226","6559374","6559484","KQ056493v1","2043382","2043488","52","4515992"
"JH378227","655273","655508","KQ058242v1","595939","596205","96","59334"
"JH378227","5905","5995","KQ056279v1","759081","759162","28","753176"
"JH378227","7850","8049","KQ053234v1","1679581","1679757","54","1671731"
"JH378227","24746","24861","KQ053398v1","2627781","2627909","40","2603035"
"JH378227","102446","102738","KQ053421v1","5610673","5610968","76","5508227"
"JH378227","170471","170781","KQ055352v1","6003171","6003466","70","5832700"
"JH378227","171142","171378","KQ057186v1","783828","784085","86","612686"
"JH378227","373254","373555","KQ053421v1","5610673","5610968","71","5237419"
"JH378227","390982","391177","KQ052982v1","2032903","2033097","59","1641921"
"JH378227","414319","414585","KQ055862v1","1305285","1305561","78","890966"
"JH378227","502447","502552","KQ056493v1","2043382","2043488","29","1540935"
"JH378227","543331","543667","KQ053421v1","5610673","5610968","110","5067342"
"JH378227","571403","571708","KQ053421v1","5610673","5610968","71","5039270"
"JH378227","599432","599695","KQ058242v1","595939","596205","82","3493"
"JH378227","606303","606605","KQ053421v1","5610673","5610968","70","5004370"
"JH378227","653852","654152","KQ055352v1","6003171","6003466","76","5349319"
"JH378227","661776","662071","KQ053421v1","5610673","5610968","64","4948897"
"JH378227","708405","708709","KQ055267v1","513773","514088","80","194632"
"JH378227","715212","715356","KQ056920v1","183120","183261","40","532092"
"JH378227","736949","737255","KQ055352v1","6003171","6003466","72","5266222"
"JH378227","772885","772974","KQ056235v1","1266284","1266361","26","493399"
"JH378227","785589","785874","KQ053421v1","5610673","5610968","80","4825084"
"JH378227","788375","788580","KQ053234v1","1414405","1414609","60","626030"
"JH378227","886246","886463","KQ053234v1","1414405","1414609","69","528159"
"JH378227","987646","987938","KQ053421v1","5610673","5610968","78","4623027"
"JH378227","1169547","1169853","KQ058427v1","7786546","7786853","84","6616999"
"JH378227","1196173","1196462","KQ053421v1","5610673","5610968","79","4414500"
"JH378227","1212534","1212755","ABDC02053644v1","2226","2419","79","1210308"
"JH378227","1278952","1279257","KQ055352v1","6003171","6003466","68","4724219"
"JH378227","1287886","1288180","KQ053421v1","5610673","5610968","72","4322787"
"JH378227","1293544","1293745","KQ058274v1","300327","300497","66","993217"
"JH378227","1293846","1293960","KQ056493v1","2043382","2043488","53","749536"
"JH378227","1329921","1330220","KQ053421v1","5610673","5610968","68","4280752"
"JH378227","1333998","1334287","KQ053421v1","5610673","5610968","82","4276675"
"JH378227","1372857","1373147","KQ053421v1","5610673","5610968","83","4237816"
"JH378227","1455416","1455732","KQ055352v1","6003171","6003466","76","4547755"
"JH378227","1533359","1533682","KQ053421v1","5610673","5610968","89","4077314"
"JH378227","1614027","1614253","KQ052982v1","2032903","2033097","69","418876"
"JH378227","1625965","1626265","KQ053421v1","5610673","5610968","80","3984708"
"JH378227","1906415","1906712","KQ058427v1","7786546","7786853","91","5880131"
"JH378227","1958333","1958626","KQ053421v1","5610673","5610968","71","3652340"
"JH378227","2070979","2071270","KQ053421v1","5610673","5610968","78","3539694"
"JH378227","2120490","2120700","KQ053234v1","1679581","1679757","83","440909"
"JH378227","2150984","2151276","KQ053421v1","5610673","5610968","85","3459689"
"JH378227","2178216","2178528","KQ055267v1","513773","514088","72","1664443"
"JH378227","2186011","2186314","KQ053421v1","5610673","5610968","75","3424662"
"JH378227","2221183","2221436","KQ058242v1","595939","596205","72","1625244"
"JH378227","2385140","2385429","KQ053421v1","5610673","5610968","81","3225533"
"JH378227","2390452","2390758","KQ058394v1","9655127","9655422","80","7264675"
"JH378227","2427504","2427803","KQ053421v1","5610673","5610968","79","3183169"
"JH378227","2493685","2493998","KQ053421v1","5610673","5610968","86","3116988"
"JH378227","2503857","2504070","KQ055662v1","1890465","1890674","66","613392"
"JH378227","2520925","2521224","KQ055267v1","513773","514088","78","2007152"
"JH378227","2547369","2547656","KQ055352v1","6003171","6003466","80","3455802"
"JH378227","2619309","2619609","KQ055267v1","513773","514088","75","2105536"
"JH378227","2641356","2641569","KQ055662v1","1890465","1890674","59","750891"
"JH378227","2645827","2646137","KQ055267v1","513773","514088","83","2132054"
"JH378227","2672081","2672380","KQ058427v1","7786546","7786853","82","5114465"
"JH378227","2735685","2735980","KQ053421v1","5610673","5610968","79","2874988"
"JH378227","2791534","2791771","KQ058509v1","24058","24271","72","2767476"
"JH378227","2802648","2802945","KQ053421v1","5610673","5610968","71","2808025"
"JH378227","2814275","2814569","KQ054815v1","2215557","2215844","83","598718"
"JH378227","2821320","2821443","KQ053398v1","2623748","2623879","43","197572"
"JH378227","2825894","2826201","KQ058427v1","7786546","7786853","80","4960652"
"JH378227","2909366","2909662","KQ053421v1","5610673","5610968","72","2701307"
"JH378227","3044135","3044369","KQ058509v1","24058","24271","63","3020077"
"JH378227","3681438","3681695","KQ054068v1","3638075","3638299","91","43363"
"JH378227","3789185","3789482","KQ053421v1","5610673","5610968","75","1821488"
"JH378227","3993111","3993404","KQ053421v1","5610673","5610968","76","1617562"
"JH378227","4109966","4110261","KQ058427v1","7786546","7786853","93","3676580"
"JH378227","4355301","4355607","KQ055352v1","6003171","6003466","72","1647870"
"JH378227","4368643","4368942","KQ053421v1","5610673","5610968","69","1242030"
"JH378227","4438475","4438771","KQ053421v1","5610673","5610968","68","1172198"
"JH378227","4452781","4453073","KQ053421v1","5610673","5610968","71","1157892"
"JH378227","4460288","4460523","KQ057186v1","783828","784085","100","3676460"
"JH378227","4500342","4500495","KQ058423v1","270754","270928","42","4229588"
"JH378227","4500597","4500745","KQ053398v1","2623748","2623879","46","1876849"
"JH378227","4511018","4511312","KQ053421v1","5610673","5610968","66","1099655"
"JH378227","4558086","4558384","KQ053421v1","5610673","5610968","69","1052587"
"JH378227","4582299","4582604","KQ053421v1","5610673","5610968","76","1028374"
"JH378227","4604447","4604733","KQ053421v1","5610673","5610968","83","1006226"
"JH378227","4627592","4627889","KQ053421v1","5610673","5610968","74","983081"
"JH378227","4646761","4647062","KQ053421v1","5610673","5610968","69","963912"
"JH378227","4715935","4716236","KQ058427v1","7786546","7786853","75","3070611"
"JH378227","4745045","4745186","KQ054401v1","3363241","3363379","40","1381804"
"JH378227","4770214","4770511","KQ053421v1","5610673","5610968","74","840459"
"JH378227","4790695","4790968","KQ053421v1","5610673","5610968","79","819978"
"JH378227","4794787","4795070","KQ053421v1","5610673","5610968","79","815886"
"JH378227","4840969","4841268","KQ053421v1","5610673","5610968","72","769704"
"JH378227","4889756","4889881","KQ053398v1","2623748","2623879","31","2266008"
"JH378227","4959006","4959309","KQ058427v1","7786546","7786853","77","2827540"
"JH378227","4989380","4989574","KQ052982v1","2032903","2033097","60","2956477"
"JH378227","5010216","5010511","KQ053421v1","5610673","5610968","72","600457"
"JH378227","5028674","5028793","KQ053398v1","2623748","2623879","40","2404926"
"JH378227","5043152","5043448","KQ053421v1","5610673","5610968","72","567521"
"JH378227","5053664","5053954","KQ053421v1","5610673","5610968","84","557009"
"JH378227","5063300","5063596","KQ053421v1","5610673","5610968","71","547373"
"JH378227","5125281","5125591","KQ055352v1","6003171","6003466","75","877890"
"JH378227","5133600","5133899","KQ053421v1","5610673","5610968","70","477073"
"JH378227","5158309","5158617","KQ055267v1","513773","514088","82","4644536"
"JH378227","5196653","5196807","KQ058428v1","1396698","1396861","52","3799955"
"JH378227","5235766","5236067","KQ055352v1","6003171","6003466","70","767405"
"JH378227","5315184","5315452","KQ058427v1","6786866","6787134","85","1471682"
"JH378227","5578561","5578872","KQ055267v1","513773","514088","72","5064788"
"JH378227","5811773","5811998","KQ053234v1","1414405","1414609","72","4397368"
"JH378227","5863805","5864113","KQ053421v1","5610673","5610968","84","253132"
"JH378227","5882424","5882719","KQ053421v1","5610673","5610968","80","271751"
"JH378227","5900511","5900817","KQ055267v1","513773","514088","76","5386738"
"JH378227","5904763","5905063","KQ053421v1","5610673","5610968","75","294090"
"JH378227","5930315","5930606","KQ053421v1","5610673","5610968","78","319642"
"JH378227","5940523","5940868","KQ055267v1","513773","514088","107","5426750"
"JH378227","5998926","5999224","KQ053421v1","5610673","5610968","73","388253"
"JH378227","6069074","6069333","KQ057901v1","868884","869144","79","5200190"
"JH378228","34447","34721","KQ053421v1","5610673","5610968","78","5576226"
"JH378228","38393","38694","KQ053421v1","5610673","5610968","85","5572280"
"JH378228","78633","78933","KQ053421v1","5610673","5610968","71","5532040"
"JH378228","346387","346672","KQ053421v1","5610673","5610968","78","5264286"
"JH378228","996397","996699","KQ053421v1","5610673","5610968","72","4614276"
"JH378228","1025331","1025642","KQ055352v1","6003171","6003466","72","4977840"
"JH378228","1026119","1026337","KQ056064v1","326763","326940","77","699356"
"JH378228","1032244","1032554","KQ055352v1","6003171","6003466","72","4970927"
"JH378228","1039701","1040002","KQ055352v1","6003171","6003466","73","4963470"
"JH378228","1074520","1074832","KQ058427v1","7786546","7786853","79","6712026"
"JH378228","1083052","1083365","KQ055267v1","513773","514088","78","569279"
"JH378228","1308411","1308720","KQ055352v1","6003171","6003466","69","4694760"
"JH378228","1356360","1356660","KQ053421v1","5610673","5610968","70","4254313"
"JH378228","1531807","1532094","KQ053421v1","5610673","5610968","92","4078866"
"JH378228","1640035","1640329","KQ053421v1","5610673","5610968","67","3970638"
"JH378228","1676082","1676338","KQ058242v1","595939","596205","79","1080143"
"JH378228","1752591","1752724","KQ053398v1","2623748","2623879","32","871157"
"JH378228","1816611","1816933","KQ053421v1","5610673","5610968","86","3794062"
"JH378228","1881972","1882290","KQ055267v1","513773","514088","78","1368199"
"JH378228","1902537","1902836","KQ053421v1","5610673","5610968","68","3708136"
"JH378228","1910161","1910458","KQ053421v1","5610673","5610968","66","3700512"
"JH378228","1911095","1911315","KQ052982v1","2032903","2033097","74","121808"
"JH378228","1916719","1917017","KQ053421v1","5610673","5610968","71","3693954"
"JH378228","1942920","1943229","KQ055352v1","6003171","6003466","76","4060251"
"JH378228","1947068","1947372","KQ053421v1","5610673","5610968","74","3663605"
"JH378228","2002021","2002321","KQ053421v1","5610673","5610968","65","3608652"
"JH378228","2053459","2053610","KQ052968v1","13665640","13665790","49","11612181"
"JH378228","2159381","2159689","KQ055352v1","6003171","6003466","73","3843790"
"JH378228","2256714","2257005","KQ053421v1","5610673","5610968","76","3353959"
"JH378228","2259445","2259725","KQ057901v1","868884","869144","87","1390561"
"JH378228","2342390","2342696","KQ055352v1","6003171","6003466","69","3660781"
"JH378228","2437245","2437555","KQ058427v1","7786546","7786853","75","5349301"
"JH378228","2525317","2525586","KQ055862v1","1305285","1305561","86","1220032"
"JH378228","2674457","2674747","KQ053421v1","5610673","5610968","81","2936216"
"JH378228","2813539","2813827","KQ053421v1","5610673","5610968","77","2797134"
"JH378228","2920486","2920791","KQ055352v1","6003171","6003466","67","3082685"
"JH378228","2939235","2939536","KQ053421v1","5610673","5610968","67","2671438"
"JH378228","2949401","2949646","KQ057901v1","868884","869144","76","2080517"
"JH378228","3050341","3050638","KQ053421v1","5610673","5610968","77","2560332"
"JH378228","3075532","3075671","KQ056613v1","139721","139816","65","2935811"
"JH378228","3308783","3309083","KQ055352v1","6003171","6003466","80","2694388"
"JH378228","3394043","3394311","KQ053421v1","5610673","5610968","87","2216630"
"JH378228","3447936","3448243","KQ055267v1","513773","514088","88","2934163"
"JH378228","3497747","3498016","KQ054815v1","2215557","2215844","89","1282190"
"JH378228","3659649","3659949","KQ053421v1","5610673","5610968","69","1951024"
"JH378228","3773579","3773889","KQ055352v1","6003171","6003466","73","2229592"
"JH378228","4193066","4193376","KQ055267v1","513773","514088","70","3679293"
"JH378228","4490396","4490707","KQ055352v1","6003171","6003466","75","1512775"
"JH378228","4507374","4507666","KQ053421v1","5610673","5610968","69","1103299"
"JH378228","4657993","4658302","KQ055352v1","6003171","6003466","68","1345178"
"JH378228","4666588","4666870","KQ053421v1","5610673","5610968","80","944085"
"JH378228","4735141","4735454","KQ055352v1","6003171","6003466","66","1268030"
"JH378228","4745894","4746210","KQ055267v1","513773","514088","79","4232121"
"JH378228","4797105","4797413","KQ055352v1","6003171","6003466","71","1206066"
"JH378228","4911489","4911791","KQ058427v1","7786546","7786853","83","2875057"
"JH378228","4933633","4933941","KQ055352v1","6003171","6003466","74","1069538"
"JH378228","4958405","4958714","KQ058427v1","7786546","7786853","71","2828141"
"JH378228","5001890","5002193","KQ058427v1","7786546","7786853","77","2784656"
"JH378228","5153995","5154298","KQ053421v1","5610673","5610968","72","456678"
"JH378228","5178944","5179137","KQ058594v1","1033101","1033292","50","4145843"
"JH378228","5226371","5226674","KQ053421v1","5610673","5610968","70","384302"
"JH378228","5228243","5228540","KQ053421v1","5610673","5610968","78","382430"
"JH378228","5239155","5239463","KQ055352v1","6003171","6003466","74","764016"
"JH378228","5245646","5245951","KQ053421v1","5610673","5610968","72","365027"
"JH378228","5258676","5258969","KQ053421v1","5610673","5610968","71","351997"
"JH378228","5263971","5264268","KQ053421v1","5610673","5610968","73","346702"
"JH378228","5279560","5279690","KQ053398v1","2623748","2623879","27","2655812"
"JH378228","5290157","5290435","KQ053421v1","5610673","5610968","79","320516"
"JH378228","5294682","5294991","KQ053421v1","5610673","5610968","90","315991"
"JH378228","5317485","5317813","KQ058427v1","7786546","7786853","106","2469061"
"JH378228","5363299","5363570","KQ058242v1","595939","596205","69","4767360"
"JH378228","5397028","5397323","KQ053421v1","5610673","5610968","77","213645"
"JH378228","5445784","5445918","KQ053398v1","2623748","2623879","36","2822036"
"JH378228","5450600","5450911","KQ053421v1","5610673","5610968","80","160073"
"JH378228","5462314","5462597","KQ053421v1","5610673","5610968","79","148359"
"JH378228","5506023","5506332","KQ055352v1","6003171","6003466","74","497148"
"JH378228","5507245","5507525","KQ053421v1","5610673","5610968","75","103428"
"JH378228","5529487","5529797","KQ053421v1","5610673","5610968","96","81186"
"JH378228","5669023","5669323","KQ053421v1","5610673","5610968","71","58350"
"JH378228","5675417","5675681","KQ058242v1","595939","596205","74","5079478"
"JH378228","5683936","5684229","KQ053421v1","5610673","5610968","75","73263"
"JH378228","5730712","5731017","KQ053421v1","5610673","5610968","80","120039"
"JH378228","5896033","5896323","KQ053421v1","5610673","5610968","78","285360"
"JH378228","5998897","5999194","KQ053421v1","5610673","5610968","67","388224"
"JH378228","6056299","6056596","KQ053421v1","5610673","5610968","80","445626"
"JH378229","19480","19784","KQ053421v1","5610673","5610968","67","5591193"
"JH378229","67740","68046","KQ055352v1","6003171","6003466","70","5935431"
"JH378229","237520","237826","KQ053421v1","5610673","5610968","78","5373153"
"JH378229","660539","660838","KQ053421v1","5610673","5610968","78","4950134"
"JH378229","740677","740744","KQ053998v1","8863","8933","29","731814"
"JH378229","890140","890435","KQ053421v1","5610673","5610968","73","4720533"
"JH378229","980166","980465","KQ053421v1","5610673","5610968","67","4630507"
"JH378229","1112693","1113019","KQ055352v1","6003171","6003466","89","4890478"
"JH378229","1173279","1173594","KQ055267v1","513773","514088","88","659506"
"JH378229","1392532","1392842","KQ055267v1","513773","514088","74","878759"
"JH378229","1461630","1461751","KQ053398v1","2623748","2623879","37","1162118"
"JH378229","1472587","1472898","KQ053421v1","5610673","5610968","77","4138086"
"JH378229","2017038","2017328","KQ053421v1","5610673","5610968","76","3593635"
"JH378229","2045903","2046212","KQ055267v1","513773","514088","74","1532130"
"JH378229","2073090","2073394","KQ053421v1","5610673","5610968","84","3537583"
"JH378229","2176700","2177015","KQ053421v1","5610673","5610968","95","3433973"
"JH378229","2470484","2470794","KQ055267v1","513773","514088","73","1956711"
"JH378229","2520839","2521147","KQ055352v1","6003171","6003466","75","3482332"
"JH378229","2538304","2538602","KQ053421v1","5610673","5610968","72","3072369"
"JH378229","2594495","2594653","KQ057449v1","1214348","1214489","39","1380147"
"JH378229","2680899","2681181","KQ058339v1","4553625","4553889","86","1872726"
"JH378229","2769072","2769381","KQ055352v1","6003171","6003466","74","3234099"
"JH378229","2805358","2805658","KQ053421v1","5610673","5610968","74","2805315"
"JH378229","2841243","2841537","KQ053421v1","5610673","5610968","75","2769430"
"JH378229","2871993","2872268","KQ053421v1","5610673","5610968","89","2738680"
"JH378229","2919391","2919713","KQ055267v1","513773","514088","92","2405618"
"JH378229","2929978","2930269","KQ053421v1","5610673","5610968","82","2680695"
"JH378229","2958346","2958651","KQ053421v1","5610673","5610968","80","2652327"
"JH378229","3096496","3096787","KQ053421v1","5610673","5610968","73","2514177"
"JH378229","3110810","3111081","KQ055717v1","1610777","1611031","93","1500033"
"JH378229","3127860","3128161","KQ053421v1","5610673","5610968","84","2482813"
"JH378229","3146856","3147168","KQ055352v1","6003171","6003466","77","2856315"
"JH378229","3214203","3214459","KQ058242v1","595939","596205","77","2618264"
"JH378229","3236704","3236975","KQ053785v1","888769","889063","85","2347935"
"JH378229","3247267","3247562","KQ053421v1","5610673","5610968","80","2363406"
"JH378229","3345722","3346001","KQ054815v1","2215557","2215844","78","1130165"
"JH378229","3438370","3438637","KQ058242v1","595939","596205","67","2842431"
"JH378229","3469660","3469952","KQ053421v1","5610673","5610968","75","2141013"
"JH378229","3479129","3479415","KQ058339v1","4553625","4553889","83","1074496"
"JH378229","3564504","3564800","KQ053421v1","5610673","5610968","71","2046169"
"JH378229","3581528","3581832","KQ053421v1","5610673","5610968","95","2029145"
"JH378229","3797956","3798250","KQ053421v1","5610673","5610968","73","1812717"
"JH378229","3849795","3849915","KQ053398v1","2627781","2627909","42","1222014"
"JH378229","3865547","3865856","KQ053421v1","5610673","5610968","79","1745126"
"JH378229","3893193","3893488","KQ053421v1","5610673","5610968","72","1717480"
"JH378229","3916162","3916299","KQ053398v1","2627781","2627909","39","1288381"
"JH378229","3946647","3946950","KQ055352v1","6003171","6003466","72","2056524"
"JH378229","3982640","3982923","KQ055862v1","1305285","1305561","80","2677355"
"JH378229","3982937","3983245","KQ055352v1","6003171","6003466","74","2020234"
"JH378229","3987383","3987672","KQ053421v1","5610673","5610968","82","1623290"
"JH378229","3989467","3989831","KQ053059v1","2548766","2549102","108","1440701"
"JH378229","3992827","3993124","KQ058427v1","6786866","6787134","93","2794039"
"JH378229","3998957","3999149","KQ056064v1","326763","326940","55","3672194"
"JH378229","4015236","4015531","KQ053421v1","5610673","5610968","74","1595437"
"JH378229","4029228","4029548","KQ053421v1","5610673","5610968","84","1581445"
"JH378229","4035501","4035784","KQ058242v1","595939","596205","100","3439562"
"JH378229","4045016","4045309","KQ058242v1","595939","596205","83","3449077"
"JH378229","4057498","4057628","KQ053398v1","2623748","2623879","34","1433750"
"JH378229","4062455","4062619","KQ054510v1","7582269","7582431","36","3519814"
"JH378229","4065081","4065384","KQ055267v1","513773","514088","81","3551308"
"JH378229","4067462","4067771","KQ055267v1","513773","514088","76","3553689"
"JH378229","4076267","4076426","KQ058428v1","1396698","1396861","55","2679569"
"JH378229","4098687","4098995","KQ055267v1","513773","514088","72","3584914"
"JH378229","4106646","4106926","KQ058242v1","595939","596205","82","3510707"
"JH378229","4107209","4107431","KQ058274v1","300327","300497","86","3806882"
"JH378229","4114432","4114731","KQ053421v1","5610673","5610968","73","1496241"
"JH378229","4143177","4143325","KQ053398v1","2623748","2623879","52","1519429"
"JH378229","4143326","4143527","KQ058427v1","11113103","11113283","72","6969777"
"JH378229","4162036","4162348","KQ053059v1","2548766","2549102","98","1613270"
"JH378229","4213695","4213991","KQ055267v1","513773","514088","79","3699922"
"JH378229","4215956","4216265","KQ055352v1","6003171","6003466","83","1787215"
"JH378229","4232671","4232957","KQ053421v1","5610673","5610968","81","1378002"
"JH378229","4235577","4235732","KQ058428v1","1396698","1396861","47","2838879"
"JH378229","4301958","4302244","KQ053421v1","5610673","5610968","74","1308715"
"JH378229","4333425","4333725","KQ053421v1","5610673","5610968","82","1277248"
"JH378229","4368990","4369302","KQ055267v1","513773","514088","75","3855217"
"JH378229","4397239","4397545","KQ055267v1","513773","514088","70","3883466"
"JH378229","4451888","4452187","KQ053421v1","5610673","5610968","68","1158785"
"JH378229","4478732","4478997","KQ058394v1","9655127","9655422","87","5176395"
"JH378229","4531791","4532073","KQ053421v1","5610673","5610968","83","1078882"
"JH378229","4547411","4547735","KQ053135v1","5034940","5035266","120","487529"
"JH378229","4605981","4606256","KQ054815v1","2215557","2215844","83","2390424"
"JH378229","4612938","4613110","KQ058423v1","270754","270928","39","4342184"
"JH378229","4664310","4664609","KQ053421v1","5610673","5610968","76","946363"
"JH378229","4709354","4709648","KQ053421v1","5610673","5610968","70","901319"
"JH378229","4731970","4732282","KQ055267v1","513773","514088","89","4218197"
"JH378229","4833092","4833408","KQ053421v1","5610673","5610968","95","777581"
"JH378229","4899702","4900002","KQ053421v1","5610673","5610968","71","710971"
"JH378229","5122748","5123054","KQ055352v1","6003171","6003466","72","880423"
"JH378229","5432352","5432653","KQ053421v1","5610673","5610968","81","178321"
"JH378229","5482706","5482989","KQ054815v1","2215557","2215844","80","3267149"
"JH378229","5489060","5489366","KQ053421v1","5610673","5610968","96","121613"
"JH378229","5530144","5530453","KQ055267v1","513773","514088","74","5016371"
"JH378229","5537909","5538170","KQ058242v1","595939","596205","66","4941970"
"JH378229","5649126","5649429","KQ053421v1","5610673","5610968","70","38453"
"JH378229","5750239","5750530","KQ053421v1","5610673","5610968","72","139566"
"JH378229","5785354","5785632","KQ053421v1","5610673","5610968","83","174681"
"JH378229","5997035","5997344","KQ055352v1","6003171","6003466","73","6136"
"JH378229","6048323","6048642","KQ055267v1","513773","514088","80","5534550"
"JH378229","6066377","6066685","KQ053421v1","5610673","5610968","73","455704"
"JH378229","6070355","6070502","KQ058316v1","6194306","6194449","44","123951"
"JH378229","6120767","6121078","KQ058427v1","7786546","7786853","73","1665779"
"JH378230","47714","47995","KQ054815v1","2215557","2215844","79","2167843"
"JH378230","466671","466964","KQ053421v1","5610673","5610968","80","5144002"
"JH378230","560814","561100","KQ058640v1","643463","643729","91","82649"
"JH378230","586456","586758","KQ053421v1","5610673","5610968","70","5024217"
"JH378230","675013","675306","KQ053421v1","5610673","5610968","80","4935660"
"JH378230","688875","689159","KQ053421v1","5610673","5610968","86","4921798"
"JH378230","765358","765646","KQ053421v1","5610673","5610968","76","4845315"
"JH378230","791535","791833","KQ053421v1","5610673","5610968","92","4819138"
"JH378230","800910","801215","KQ053421v1","5610673","5610968","75","4809763"
"JH378230","888032","888240","ABDC02053644v1","2226","2419","76","885806"
"JH378230","942648","942933","KQ053421v1","5610673","5610968","75","4668025"
"JH378230","993124","993314","KQ052982v1","2032903","2033097","55","1039779"
"JH378230","1052040","1052328","KQ053421v1","5610673","5610968","81","4558633"
"JH378230","1097906","1098208","KQ055352v1","6003171","6003466","71","4905265"
"JH378230","1111812","1112111","KQ053421v1","5610673","5610968","88","4498861"
"JH378230","1155539","1155840","KQ053421v1","5610673","5610968","92","4455134"
"JH378230","1156319","1156622","KQ055352v1","6003171","6003466","71","4846852"
"JH378230","1167186","1167487","KQ053421v1","5610673","5610968","68","4443487"
"JH378230","1189241","1189544","KQ058427v1","7786546","7786853","82","6597305"
"JH378230","1243758","1244073","KQ058427v1","7786546","7786853","88","6542788"
"JH378230","1266565","1266867","KQ053421v1","5610673","5610968","74","4344108"
"JH378230","1387866","1387999","KQ053398v1","2627781","2627909","38","1239915"
"JH378230","1425237","1425484","KQ057186v1","783828","784085","89","641409"
"JH378230","1431713","1432013","KQ053421v1","5610673","5610968","71","4178960"
"JH378230","1441223","1441516","KQ053421v1","5610673","5610968","73","4169450"
"JH378230","1485545","1485827","KQ053421v1","5610673","5610968","85","4125128"
"JH378230","1493492","1493791","KQ053421v1","5610673","5610968","78","4117181"
"JH378230","1539493","1539772","KQ053785v1","888769","889063","82","650724"
"JH378230","1616617","1616920","KQ055267v1","513773","514088","83","1102844"
"JH378230","1621418","1621569","KQ053398v1","2623748","2623879","62","1002330"
"JH378230","1661661","1661968","KQ055352v1","6003171","6003466","69","4341510"
"JH378230","1669040","1669245","KQ052982v1","2032903","2033097","49","363863"
"JH378230","1801355","1801644","KQ053421v1","5610673","5610968","76","3809318"
"JH378230","1822400","1822683","KQ058427v1","7786546","7786853","98","5964146"
"JH378230","1843808","1844114","KQ055352v1","6003171","6003466","71","4159363"
"JH378230","1866329","1866623","KQ053421v1","5610673","5610968","75","3744344"
"JH378230","1927063","1927360","KQ053421v1","5610673","5610968","74","3683610"
"JH378230","2097534","2097814","KQ058242v1","595939","596205","78","1501595"
"JH378230","2113441","2113752","KQ055352v1","6003171","6003466","71","3889730"
"JH378230","2137477","2137668","KQ054179v1","3404435","3404595","51","1266958"
"JH378230","2147453","2147760","KQ055352v1","6003171","6003466","90","3855718"
"JH378230","2163772","2164069","KQ053421v1","5610673","5610968","75","3446901"
"JH378230","2201855","2202150","KQ053421v1","5610673","5610968","82","3408818"
"JH378230","2307321","2307620","KQ053421v1","5610673","5610968","74","3303352"
"JH378230","2330935","2331230","KQ053421v1","5610673","5610968","76","3279738"
"JH378230","2427309","2427608","KQ055352v1","6003171","6003466","68","3575862"
"JH378230","2476305","2476393","KQ055903v1","238545","238616","37","2237760"
"JH378230","2574427","2574738","KQ055267v1","513773","514088","73","2060654"
"JH378230","2650288","2650585","KQ053421v1","5610673","5610968","73","2960385"
"JH378230","2901854","2902146","KQ053421v1","5610673","5610968","71","2708819"
"JH378230","3007603","3007890","KQ053421v1","5610673","5610968","84","2603070"
"JH378230","3043562","3043693","KQ054401v1","3363241","3363379","36","319679"
"JH378230","3141648","3141819","KQ054179v1","3404435","3404595","49","262787"
"JH378230","3270141","3270426","KQ058242v1","595939","596205","85","2674202"
"JH378230","3288916","3289222","KQ053421v1","5610673","5610968","76","2321757"
"JH378230","3297256","3297543","KQ053421v1","5610673","5610968","92","2313417"
"JH378230","3381189","3381475","KQ053421v1","5610673","5610968","84","2229484"
"JH378230","3560587","3560895","KQ055352v1","6003171","6003466","76","2442584"
"JH378230","3637688","3637980","KQ055352v1","6003171","6003466","72","2365483"
"JH378230","3664997","3665289","KQ055267v1","513773","514088","81","3151224"
"JH378230","3742096","3742401","KQ055352v1","6003171","6003466","93","2261075"
"JH378230","3758340","3758649","KQ055352v1","6003171","6003466","71","2244831"
"JH378230","3800215","3800517","KQ055352v1","6003171","6003466","74","2202956"
"JH378230","3877104","3877415","KQ055352v1","6003171","6003466","75","2126067"
"JH378230","3911784","3912070","KQ053421v1","5610673","5610968","74","1698889"
"JH378230","3955633","3955897","KQ053883v1","6938067","6938331","90","2982434"
"JH378230","4130346","4130653","KQ055267v1","513773","514088","76","3616573"
"JH378230","4224812","4225114","KQ053421v1","5610673","5610968","70","1385861"
"JH378230","4481904","4482217","KQ055352v1","6003171","6003466","73","1521267"
"JH378230","4536765","4537072","KQ055352v1","6003171","6003466","71","1466406"
"JH378230","4635980","4636275","KQ055267v1","513773","514088","78","4122207"
"JH378230","4666198","4666491","KQ053421v1","5610673","5610968","77","944475"
"JH378230","4694753","4695048","KQ053421v1","5610673","5610968","78","915920"
"JH378230","4864208","4864512","KQ053421v1","5610673","5610968","71","746465"
"JH378230","4864575","4864864","KQ053421v1","5610673","5610968","84","746098"
"JH378230","5068339","5068639","KQ053421v1","5610673","5610968","71","542334"
"JH378230","5110214","5110501","KQ058339v1","4553625","4553889","88","556589"
"JH378230","5137118","5137409","KQ053421v1","5610673","5610968","74","473555"
"JH378230","5153757","5154053","KQ053421v1","5610673","5610968","73","456916"
"JH378230","5237270","5237581","KQ055352v1","6003171","6003466","74","765901"
"JH378230","5313993","5314244","KQ058509v1","24058","24271","78","5289935"
"JH378230","5453116","5453423","KQ055352v1","6003171","6003466","71","550055"
"JH378230","5467728","5468020","KQ053421v1","5610673","5610968","68","142945"
"JH378230","5588674","5588974","KQ053421v1","5610673","5610968","68","21999"
"JH378230","5600453","5600750","KQ058427v1","7786546","7786853","82","2186093"
"JH378230","5652466","5652779","KQ058427v1","7786546","7786853","80","2134080"
"JH378231","25476","25799","KQ053421v1","5610673","5610968","81","5585197"
"JH378231","213075","213376","KQ053421v1","5610673","5610968","72","5397598"
"JH378231","266379","266686","KQ055352v1","6003171","6003466","71","5736792"
"JH378231","401792","402088","KQ053421v1","5610673","5610968","74","5208881"
"JH378231","425032","425327","KQ058242v1","595939","596205","90","170907"
"JH378231","703439","703740","KQ053421v1","5610673","5610968","66","4907234"
"JH378231","777595","777909","KQ053421v1","5610673","5610968","95","4833078"
"JH378231","905760","906050","KQ053421v1","5610673","5610968","86","4704913"
"JH378231","983931","984172","KQ054068v1","3638075","3638299","82","2654144"
"JH378231","995261","995572","KQ055267v1","513773","514088","72","481488"
"JH378231","1174043","1174348","KQ053421v1","5610673","5610968","75","4436630"
"JH378231","1362245","1362543","KQ053421v1","5610673","5610968","71","4248428"
"JH378231","1438235","1438543","KQ058427v1","7786546","7786853","81","6348311"
"JH378231","1475359","1475654","KQ058242v1","595939","596205","84","879420"
"JH378231","1482461","1482754","KQ053421v1","5610673","5610968","73","4128212"
"JH378231","1497445","1497754","KQ055267v1","513773","514088","68","983672"
"JH378231","1531638","1531936","KQ053421v1","5610673","5610968","69","4079035"
"JH378231","1535191","1535272","KQ056235v1","1266284","1266361","18","268907"
"JH378231","1555338","1555650","KQ055267v1","513773","514088","73","1041565"
"JH378231","1568576","1568775","KQ052982v1","2032903","2033097","64","464327"
"JH378231","1650821","1651163","KQ058427v1","7786546","7786853","104","6135725"
"JH378231","1728992","1729314","KQ055352v1","6003171","6003466","88","4274179"
"JH378231","1764787","1765078","KQ058242v1","595939","596205","91","1168848"
"JH378231","1803623","1803931","KQ055267v1","513773","514088","78","1289850"
"JH378231","1979238","1979533","KQ053421v1","5610673","5610968","69","3631435"
"JH378231","2083943","2084068","KQ053398v1","2623748","2623879","34","539805"
"JH378231","2104165","2104439","KQ058427v1","6786866","6787134","90","4682701"
"JH378231","2109218","2109534","KQ058427v1","7786546","7786853","92","5677328"
"JH378231","2159892","2160006","KQ053398v1","2623748","2623879","48","463856"
"JH378231","2196969","2197147","KQ054954v1","1680710","1680882","49","516259"
"JH378231","2253299","2253608","KQ055267v1","513773","514088","74","1739526"
"JH378231","2253757","2254059","KQ053421v1","5610673","5610968","93","3356916"
"JH378231","2279924","2280235","KQ055267v1","513773","514088","83","1766151"
"JH378231","2297558","2297860","KQ053421v1","5610673","5610968","80","3313115"
"JH378231","2321968","2322254","KQ053421v1","5610673","5610968","77","3288705"
"JH378231","2335136","2335376","KQ058242v1","595939","596205","89","1739197"
"JH378231","2389501","2389735","KQ055662v1","1890465","1890674","78","499036"
"JH378231","2403130","2403425","KQ053421v1","5610673","5610968","75","3207543"
"JH378231","2405688","2406006","KQ058427v1","7786546","7786853","78","5380858"
"JH378231","2474683","2474991","KQ058427v1","7786546","7786853","73","5311863"
"JH378231","2587945","2588194","KQ055717v1","1610777","1611031","80","977168"
"JH378231","2614698","2614997","KQ053421v1","5610673","5610968","77","2995975"
"JH378231","2637505","2637768","KQ053421v1","5610673","5610968","93","2973168"
"JH378231","2642389","2642705","KQ053421v1","5610673","5610968","90","2968284"
"JH378231","2816061","2816371","KQ055352v1","6003171","6003466","74","3187110"
"JH378231","2829242","2829553","KQ055267v1","513773","514088","73","2315469"
"JH378231","2831839","2832114","KQ053421v1","5610673","5610968","89","2778834"
"JH378231","2855619","2855916","KQ055352v1","6003171","6003466","85","3147552"
"JH378231","2945874","2946150","KQ055862v1","1305285","1305561","89","1640589"
"JH378231","3152311","3152618","KQ055352v1","6003171","6003466","69","2850860"
"JH378231","3361197","3361436","KQ058339v1","4553625","4553889","102","1192428"
"JH378231","3649219","3649519","KQ053421v1","5610673","5610968","82","1961454"
"JH378231","3651792","3652103","KQ055267v1","513773","514088","73","3138019"
"JH378231","3708239","3708538","KQ053421v1","5610673","5610968","76","1902434"
"JH378231","3895705","3895971","KQ057901v1","868884","869144","89","3026821"
"JH378231","4111634","4111931","KQ055267v1","513773","514088","85","3597861"
"JH378231","4120999","4121328","KQ053421v1","5610673","5610968","93","1489674"
"JH378231","4300596","4300855","KQ057901v1","868884","869144","76","3431712"
"JH378231","4302299","4302597","KQ053421v1","5610673","5610968","67","1308374"
"JH378231","4318918","4319213","KQ053421v1","5610673","5610968","69","1291755"
"JH378231","4335186","4335490","KQ053421v1","5610673","5610968","72","1275487"
"JH378231","4421802","4422111","KQ055267v1","513773","514088","79","3908029"
"JH378231","4433789","4433968","KQ058423v1","270754","270928","42","4163035"
"JH378231","4480118","4480429","KQ055267v1","513773","514088","87","3966345"
"JH378231","4486236","4486552","KQ058427v1","7786546","7786853","76","3300310"
"JH378231","4575945","4576250","KQ055352v1","6003171","6003466","71","1427226"
"JH378231","4635631","4635945","KQ055267v1","513773","514088","79","4121858"
"JH378231","4694701","4695002","KQ053421v1","5610673","5610968","72","915972"
"JH378231","4768825","4769117","KQ053421v1","5610673","5610968","67","841848"
"JH378231","4869786","4870088","KQ053421v1","5610673","5610968","77","740887"
"JH378231","4878051","4878342","KQ053421v1","5610673","5610968","75","732622"
"JH378231","5021974","5022270","KQ053421v1","5610673","5610968","79","588699"
"JH378231","5025393","5025691","KQ053421v1","5610673","5610968","69","585280"
"JH378231","5053811","5054118","KQ055352v1","6003171","6003466","68","949360"
"JH378231","5056537","5056828","KQ053421v1","5610673","5610968","69","554136"
"JH378231","5089482","5089782","KQ053421v1","5610673","5610968","73","521191"
"JH378231","5317880","5318180","KQ053421v1","5610673","5610968","69","292793"
"JH378231","5354349","5354653","KQ055267v1","513773","514088","70","4840576"
"JH378231","5422228","5422529","KQ053421v1","5610673","5610968","96","188445"
"JH378231","5433261","5433493","KQ058509v1","24058","24271","64","5409203"
"JH378231","5566632","5566916","KQ053421v1","5610673","5610968","78","44041"
"JH378231","5636164","5636472","KQ058427v1","7786546","7786853","78","2150382"
"JH378231","5648961","5649276","KQ055267v1","513773","514088","69","5135188"
"JH378231","5763040","5763295","KQ058242v1","595939","596205","88","5167101"
"JH378231","5845863","5846189","KQ055267v1","513773","514088","93","5332090"
"JH378231","5864462","5864760","KQ053421v1","5610673","5610968","72","253789"
"JH378231","5883213","5883490","KQ054815v1","2215557","2215844","78","3667656"
"JH378231","5920550","5920843","KQ053421v1","5610673","5610968","74","309877"
"JH378231","5960622","5960907","KQ053421v1","5610673","5610968","85","349949"
"JH378231","6127505","6127808","KQ055267v1","513773","514088","73","5613732"
"JH378231","6132205","6132487","KQ055862v1","1305285","1305561","84","4826920"
"JH378231","6178259","6178557","KQ053421v1","5610673","5610968","89","567586"
"JH378232","37349","37657","KQ053421v1","5610673","5610968","82","5573324"
"JH378232","63318","63618","KQ058427v1","7786546","7786853","80","7723228"
"JH378232","70539","70884","KQ053135v1","5034940","5035266","114","4964401"
"JH378232","96024","96189","KQ058350v1","9514178","9514352","45","9418154"
"JH378232","96300","96390","KQ054301v1","913068","913128","45","816768"
"JH378232","107057","107341","KQ053421v1","5610673","5610968","83","5503616"
"JH378232","117868","118171","KQ054815v1","2215557","2215844","96","2097689"
"JH378232","148384","148644","KQ057901v1","868884","869144","95","720500"
"JH378232","186118","186410","KQ058242v1","595939","596205","94","409821"
"JH378232","193941","194247","KQ053421v1","5610673","5610968","77","5416732"
"JH378232","194722","194884","KQ053993v1","1251070","1251235","40","1056348"
"JH378232","239754","240049","KQ053421v1","5610673","5610968","81","5370919"
"JH378232","263457","263686","KQ058594v1","1033101","1033292","73","769644"
"JH378232","270113","270269","KQ057449v1","1214348","1214489","39","944235"
"JH378232","275837","275989","KQ053398v1","2623748","2623879","56","2347911"
"JH378232","285321","285617","KQ053421v1","5610673","5610968","80","5325352"
"JH378232","306767","307043","KQ058427v1","6786866","6787134","97","6480099"
"JH378232","318233","318528","KQ053421v1","5610673","5610968","80","5292440"
"JH378232","390529","390812","KQ055352v1","6003171","6003466","84","5612642"
"JH378232","404329","404631","KQ055267v1","513773","514088","73","109444"
"JH378232","426167","426456","KQ053421v1","5610673","5610968","82","5184506"
"JH378232","471086","471216","KQ053398v1","2623748","2623879","33","2152662"
"JH378232","471217","471473","KQ055862v1","1305285","1305561","92","834068"
"JH378232","476765","476982","KQ058274v1","300327","300497","89","176438"
"JH378232","597770","597993","ABDC02053644v1","2226","2419","93","595544"
"JH378232","610164","610446","KQ053421v1","5610673","5610968","79","5000509"
"JH378232","615010","615236","KQ052982v1","2032903","2033097","69","1417893"
"JH378232","649320","649615","KQ053421v1","5610673","5610968","80","4961353"
"JH378232","677474","677783","KQ053421v1","5610673","5610968","161","4933199"
"JH378232","697727","698030","KQ053421v1","5610673","5610968","83","4912946"
"JH378232","724843","725138","KQ053421v1","5610673","5610968","71","4885830"
"JH378232","756736","757044","KQ053421v1","5610673","5610968","78","4853937"
"JH378232","774339","774666","KQ053135v1","5034940","5035266","89","4260601"
"JH378232","842308","842553","KQ054068v1","3638075","3638299","90","2795767"
"JH378232","887769","887955","KQ058594v1","5950443","5950621","59","5062674"
"JH378232","909492","909624","KQ053398v1","2623748","2623879","35","1714256"
"JH378232","1010483","1010695","KQ052982v1","2032903","2033097","65","1022420"
"JH378232","1023846","1024079","KQ058505v1","2207051","2207301","76","1183205"
"JH378232","1083339","1083633","KQ053421v1","5610673","5610968","84","4527334"
"JH378232","1096981","1097290","KQ058427v1","7786546","7786853","80","6689565"
"JH378232","1105403","1105695","KQ053421v1","5610673","5610968","82","4505270"
"JH378232","1189033","1189209","KQ053234v1","1679581","1679757","62","490548"
"JH378232","1246102","1246350","KQ058509v1","24058","24271","85","1222044"
"JH378232","1312726","1313039","KQ055267v1","513773","514088","85","798953"
"JH378232","1378398","1378704","KQ058427v1","7786546","7786853","73","6408148"
"JH378232","1425978","1426279","KQ053421v1","5610673","5610968","73","4184695"
"JH378232","1432382","1432688","KQ053421v1","5610673","5610968","79","4178291"
"JH378232","1440542","1440868","KQ053421v1","5610673","5610968","103","4170131"
"JH378232","1459339","1459653","KQ053421v1","5610673","5610968","74","4151334"
"JH378232","1512699","1513002","KQ053421v1","5610673","5610968","83","4097974"
"JH378232","1573271","1573449","KQ056064v1","326763","326940","52","1246508"
"JH378232","1609597","1609790","KQ057570v1","12878","13054","74","1596719"
"JH378232","1700699","1701009","KQ053421v1","5610673","5610968","85","3909974"
"JH378232","1729666","1729958","KQ053421v1","5610673","5610968","78","3881007"
"JH378232","1768100","1768251","KQ053004v1","3064551","3064681","53","1296451"
"JH378232","1769159","1769454","KQ058242v1","595939","596205","86","1173220"
"JH378232","1798197","1798489","KQ053421v1","5610673","5610968","74","3812476"
"JH378232","1816331","1816540","KQ058274v1","300327","300497","70","1516004"
"JH378232","1876692","1877001","KQ053421v1","5610673","5610968","88","3733981"
"JH378232","1893773","1894076","KQ053421v1","5610673","5610968","74","3716900"
"JH378232","1895484","1895651","KQ053398v1","2623748","2623879","62","728264"
"JH378232","1983012","1983322","KQ053421v1","5610673","5610968","81","3627661"
"JH378232","2059937","2060100","KQ053993v1","1251070","1251235","42","808867"
"JH378232","2064990","2065272","KQ053421v1","5610673","5610968","78","3545683"
"JH378232","2146793","2147071","KQ058242v1","595939","596205","85","1550854"
"JH378232","2152955","2153278","KQ053135v1","5034940","5035266","102","2881985"
"JH378232","2162513","2162803","KQ053421v1","5610673","5610968","82","3448160"
"JH378232","2245839","2246138","KQ053421v1","5610673","5610968","74","3364834"
"JH378232","2279232","2279426","KQ058427v1","11113103","11113283","52","8833871"
"JH378232","2294688","2294985","KQ058427v1","7786546","7786853","84","5491858"
"JH378232","2295170","2295311","KQ053398v1","2623748","2623879","45","328578"
"JH378232","2476943","2477078","KQ053398v1","2623748","2623879","40","146805"
"JH378232","2477329","2477442","KQ055717v1","1610376","1610476","45","866953"
"JH378232","2479634","2479851","KQ056064v1","326763","326940","93","2152871"
"JH378232","2494560","2494863","KQ055352v1","6003171","6003466","82","3508611"
"JH378232","2498764","2498876","KQ058272v1","5283309","5283400","36","2784545"
"JH378232","2511807","2512106","KQ053421v1","5610673","5610968","78","3098866"
"JH378232","2555922","2556209","KQ054815v1","2215557","2215844","87","340365"
"JH378232","2605598","2605906","KQ053421v1","5610673","5610968","85","3005075"
"JH378232","2609441","2609639","KQ055140v1","659740","659924","58","1949701"
"JH378232","2673029","2673337","KQ055267v1","513773","514088","75","2159256"
"JH378232","2717177","2717475","KQ053421v1","5610673","5610968","71","2893496"
"JH378232","2732572","2732880","KQ053421v1","5610673","5610968","77","2878101"
"JH378232","2735249","2735544","KQ053421v1","5610673","5610968","74","2875424"
"JH378232","2830097","2830401","KQ055352v1","6003171","6003466","92","3173074"
"JH378232","2841608","2841910","KQ053421v1","5610673","5610968","78","2769065"
"JH378232","2858040","2858168","KQ053004v1","3064551","3064681","38","206511"
"JH378232","2872152","2872460","KQ055267v1","513773","514088","89","2358379"
"JH378232","2886552","2886802","KQ058640v1","643463","643729","88","2243089"
"JH378232","2938554","2938727","KQ053531v1","6571","6737","48","2931983"
"JH378232","3021308","3021390","KQ055394v1","3161316","3161387","40","140008"
"JH378232","3064509","3064805","KQ053421v1","5610673","5610968","76","2546164"
"JH378232","3134364","3134681","KQ053421v1","5610673","5610968","84","2476309"
"JH378232","3139994","3140302","KQ058427v1","7786546","7786853","85","4646552"
"JH378232","3217318","3217612","KQ058242v1","595939","596205","83","2621379"
"JH378232","3234661","3234867","KQ055140v1","659740","659924","63","2574921"
"JH378232","3308831","3309093","KQ058242v1","595939","596205","76","2712892"
"JH378232","3357378","3357664","KQ053421v1","5610673","5610968","80","2253295"
"JH378232","3359390","3359700","KQ055352v1","6003171","6003466","72","2643781"
"JH378232","3361139","3361446","KQ058427v1","7786546","7786853","85","4425407"
"JH378232","3382037","3382213","KQ053993v1","1251070","1251235","48","2130967"
"JH378232","3388371","3388671","KQ053421v1","5610673","5610968","74","2222302"
"JH378232","3418145","3418437","KQ053421v1","5610673","5610968","74","2192528"
"JH378232","3446688","3446982","KQ058339v1","4553625","4553889","77","1106937"
"JH378232","3491393","3491513","KQ053398v1","2627781","2627909","41","863612"
"JH378232","3493035","3493219","KQ058594v1","1033101","1033292","65","2459934"
"JH378232","3497335","3497622","KQ053421v1","5610673","5610968","72","2113338"
"JH378232","3523102","3523401","KQ053421v1","5610673","5610968","84","2087571"
"JH378232","3547102","3547409","KQ053421v1","5610673","5610968","81","2063571"
"JH378232","3555954","3556252","KQ053421v1","5610673","5610968","73","2054719"
"JH378232","3591489","3591796","KQ053421v1","5610673","5610968","77","2019184"
"JH378232","3613302","3613593","KQ053421v1","5610673","5610968","75","1997371"
"JH378232","3615384","3615450","KQ056279v1","759081","759162","26","2856303"
"JH378232","3622789","3623095","KQ053421v1","5610673","5610968","80","1987884"
"JH378232","3640870","3641167","KQ053421v1","5610673","5610968","74","1969803"
"JH378232","3653514","3653817","KQ053421v1","5610673","5610968","83","1957159"
"JH378232","3679951","3680290","KQ055267v1","513773","514088","107","3166178"
"JH378232","3691050","3691360","KQ058427v1","7786546","7786853","85","4095496"
"JH378232","3693315","3693612","KQ053421v1","5610673","5610968","69","1917358"
"JH378232","3720631","3720931","KQ053421v1","5610673","5610968","91","1890042"
"JH378232","3746842","3747138","KQ053421v1","5610673","5610968","72","1863831"
"JH378232","3752435","3752591","KQ057204v1","2930576","2930741","42","821859"
"JH378232","3820208","3820504","KQ053421v1","5610673","5610968","75","1790465"
"JH378232","3844844","3845136","KQ053421v1","5610673","5610968","79","1765829"
"JH378232","3852360","3852667","KQ058427v1","7786546","7786853","77","3934186"
"JH378232","3876241","3876509","KQ057186v1","783828","784085","77","3092413"
"JH378232","3884477","3884738","KQ058242v1","595939","596205","90","3288538"
"JH378232","3933964","3934027","KQ053998v1","8863","8933","22","3925101"
"JH378232","3936928","3937219","KQ055862v1","1305285","1305561","89","2631643"
"JH378232","3972541","3972665","KQ053398v1","2623748","2623879","38","1348793"
"JH378232","3983480","3983774","KQ053421v1","5610673","5610968","67","1627193"
"JH378232","4012496","4012667","KQ057204v1","2930576","2930741","44","1081920"
"JH378232","4025150","4025460","KQ058427v1","7786546","7786853","85","3761396"
"JH378232","4041278","4041571","KQ053421v1","5610673","5610968","72","1569395"
"JH378232","4051991","4052296","KQ053421v1","5610673","5610968","77","1558682"
"JH378232","4071948","4072252","KQ055267v1","513773","514088","79","3558175"
"JH378232","4105781","4105893","KQ055717v1","1610376","1610476","42","2495405"
"JH378232","4111348","4111645","KQ053421v1","5610673","5610968","73","1499325"
"JH378232","4134990","4135295","KQ055267v1","513773","514088","76","3621217"
"JH378232","4159387","4159646","KQ057901v1","868884","869144","90","3290503"
"JH378232","4192383","4192675","KQ053421v1","5610673","5610968","82","1418290"
"JH378232","4196682","4196967","KQ053421v1","5610673","5610968","82","1413991"
"JH378232","4222390","4222707","KQ053421v1","5610673","5610968","81","1388283"
"JH378232","4240420","4240608","KQ056064v1","326763","326940","48","3913657"
"JH378232","4250440","4250727","KQ053421v1","5610673","5610968","70","1360233"
"JH378232","4254372","4254529","KQ053267v1","1313653","1313811","44","2940719"
"JH378232","4303109","4303404","KQ053421v1","5610673","5610968","74","1307564"
"JH378232","4310718","4311032","KQ058427v1","7786546","7786853","88","3475828"
"JH378232","4317539","4317656","KQ056493v1","2043382","2043488","31","2274157"
"JH378232","4318014","4318243","KQ052982v1","2032903","2033097","67","2285111"
"JH378232","4319062","4319364","KQ053421v1","5610673","5610968","69","1291611"
"JH378232","4329111","4329271","KQ053718v1","2495418","2495575","47","1833693"
"JH378232","4329272","4329563","KQ053421v1","5610673","5610968","82","1281401"
"JH378232","4338096","4338394","KQ053421v1","5610673","5610968","74","1272577"
"JH378232","4346645","4346931","KQ058242v1","595939","596205","80","3750706"
"JH378232","4379599","4379812","KQ055662v1","1890465","1890674","59","2489134"
"JH378232","4389560","4389847","KQ053421v1","5610673","5610968","70","1221113"
"JH378232","4405856","4406158","KQ053421v1","5610673","5610968","81","1204817"
"JH378232","4431144","4431436","KQ053421v1","5610673","5610968","89","1179529"
"JH378232","4461050","4461345","KQ053421v1","5610673","5610968","77","1149623"
"JH378232","4470611","4470910","KQ053421v1","5610673","5610968","73","1140062"
"JH378232","4481987","4482297","KQ053421v1","5610673","5610968","87","1128686"
"JH378232","4483001","4483300","KQ053421v1","5610673","5610968","79","1127672"
"JH378232","4483997","4484300","KQ053421v1","5610673","5610968","67","1126676"
"JH378232","4576885","4577180","KQ053421v1","5610673","5610968","94","1033788"
"JH378232","4589174","4589473","KQ053421v1","5610673","5610968","77","1021499"
"JH378232","4595908","4596065","KQ053398v1","2623748","2623879","49","1972160"
"JH378232","4602116","4602288","KQ058274v1","300327","300497","70","4301789"
"JH378232","4604416","4604722","KQ055267v1","513773","514088","81","4090643"
"JH378232","4605710","4605906","KQ052982v1","2032903","2033097","48","2572807"
"JH378232","4605907","4606212","KQ053421v1","5610673","5610968","74","1004766"
"JH378232","4624077","4624405","KQ058427v1","7786546","7786853","105","3162469"
"JH378232","4697764","4698057","KQ055352v1","6003171","6003466","77","1305407"
"JH378232","4700439","4700745","KQ055352v1","6003171","6003466","68","1302732"
"JH378232","4720486","4720709","KQ058509v1","24058","24271","71","4696428"
"JH378232","4732671","4732830","KQ058428v1","1396698","1396861","46","3335973"
"JH378232","4811734","4812008","KQ058242v1","595939","596205","73","4215795"
"JH378232","4828187","4828474","KQ058640v1","643463","643729","81","4184724"
"JH378232","4834872","4835154","KQ053421v1","5610673","5610968","83","775801"
"JH378232","4843288","4843497","KQ053234v1","1414405","1414609","52","3428883"
"JH378232","4857415","4857697","KQ053421v1","5610673","5610968","86","753258"
"JH378232","4869169","4869469","KQ053421v1","5610673","5610968","81","741504"
"JH378232","4921837","4922153","KQ055267v1","513773","514088","78","4408064"
"JH378232","4960170","4960350","KQ058350v1","9514178","9514352","52","4554008"
"JH378232","4960859","4961155","KQ053421v1","5610673","5610968","75","649814"
"JH378232","4983867","4984126","KQ058242v1","595939","596205","84","4387928"
"JH378232","4985361","4985647","KQ053421v1","5610673","5610968","72","625312"
"JH378232","5024741","5025038","KQ053421v1","5610673","5610968","66","585932"
"JH378232","5051627","5051921","KQ053421v1","5610673","5610968","73","559046"
"JH378232","5083550","5083759","KQ055662v1","1890465","1890674","63","3193085"
"JH378232","5111040","5111176","KQ054401v1","3363241","3363379","38","1747799"
"JH378232","5225645","5225906","KQ058339v1","4553625","4553889","92","672020"
"JH378232","5244489","5244788","KQ055267v1","513773","514088","78","4730716"
"JH378232","5300987","5301215","KQ058509v1","24058","24271","63","5276929"
"JH378232","5304748","5305027","KQ055862v1","1305285","1305561","88","3999463"
"JH378232","5381677","5381974","KQ053421v1","5610673","5610968","81","228996"
"JH378232","5383874","5384185","KQ053421v1","5610673","5610968","92","226799"
"JH378232","5568256","5568556","KQ053421v1","5610673","5610968","74","42417"
"JH378232","5635357","5635658","KQ053421v1","5610673","5610968","69","24684"
"JH378232","5816857","5816891","KQ053827v1","2325611","2325650","18","3491246"
"JH378232","5817341","5817547","KQ058594v1","1033101","1033292","53","4784240"
"JH378232","5870249","5870529","KQ057186v1","783828","784085","77","5086421"
"JH378232","5878698","5879001","KQ053421v1","5610673","5610968","87","268025"
"JH378232","5927689","5927993","KQ058427v1","7786546","7786853","79","1858857"
"JH378232","5954050","5954344","KQ053421v1","5610673","5610968","69","343377"
"JH378232","6035095","6035398","KQ058427v1","7786546","7786853","82","1751451"
"JH378232","6079989","6080296","KQ053421v1","5610673","5610968","78","469316"
"JH378233","157404","157673","KQ057186v1","783828","784085","78","626424"
"JH378233","208871","209170","KQ053421v1","5610673","5610968","70","5401802"
"JH378233","272762","273059","KQ053421v1","5610673","5610968","78","5337911"
"JH378233","291558","291869","KQ055352v1","6003171","6003466","68","5711613"
"JH378233","317299","317589","KQ053421v1","5610673","5610968","70","5293374"
"JH378233","336378","336680","KQ053421v1","5610673","5610968","69","5274295"
"JH378233","345238","345524","KQ058242v1","595939","596205","78","250701"
"JH378233","383119","383431","KQ055267v1","513773","514088","70","130654"
"JH378233","456479","456780","KQ053421v1","5610673","5610968","73","5154194"
"JH378233","571901","572198","KQ053421v1","5610673","5610968","66","5038772"
"JH378233","655460","655742","KQ053421v1","5610673","5610968","92","4955213"
"JH378233","671360","671668","KQ058427v1","7786546","7786853","73","7115186"
"JH378233","689247","689538","KQ053421v1","5610673","5610968","79","4921426"
"JH378233","714393","714673","KQ053421v1","5610673","5610968","86","4896280"
"JH378233","722734","723036","KQ053421v1","5610673","5610968","75","4887939"
"JH378233","807658","807960","KQ053421v1","5610673","5610968","73","4803015"
"JH378233","921032","921326","KQ053421v1","5610673","5610968","76","4689641"
"JH378233","994223","994520","KQ053421v1","5610673","5610968","71","4616450"
"JH378233","1066885","1067182","KQ053421v1","5610673","5610968","78","4543788"
"JH378233","1177082","1177355","KQ053785v1","888769","889063","84","288313"
"JH378233","1225975","1226255","KQ054815v1","2215557","2215844","75","989582"
"JH378233","1347951","1348257","KQ058427v1","7786546","7786853","88","6438595"
"JH378233","1369054","1369352","KQ053421v1","5610673","5610968","72","4241619"
"JH378233","1379398","1379704","KQ055267v1","513773","514088","70","865625"
"JH378233","1500782","1501076","KQ053421v1","5610673","5610968","71","4109891"
"JH378233","1502018","1502311","KQ053421v1","5610673","5610968","84","4108655"
"JH378233","1570379","1570667","KQ053421v1","5610673","5610968","80","4040294"
"JH378233","1586437","1586725","KQ053421v1","5610673","5610968","81","4024236"
"JH378233","1733797","1734102","KQ053421v1","5610673","5610968","75","3876876"
"JH378233","1801264","1801566","KQ053421v1","5610673","5610968","77","3809409"
"JH378233","1828936","1829250","KQ053421v1","5610673","5610968","80","3781737"
"JH378233","1860152","1860429","KQ053421v1","5610673","5610968","97","3750521"
"JH378233","2031070","2031381","KQ055352v1","6003171","6003466","73","3972101"
"JH378233","2042407","2042611","KQ058274v1","300327","300497","72","1742080"
"JH378233","2179961","2180103","KQ053398v1","2627781","2627909","52","447820"
"JH378233","2205544","2205758","KQ053234v1","1414405","1414609","62","791139"
"JH378233","2261184","2261481","KQ053421v1","5610673","5610968","69","3349489"
"JH378233","2356994","2357302","KQ055352v1","6003171","6003466","75","3646177"
"JH378233","2404552","2404840","KQ053421v1","5610673","5610968","82","3206121"
"JH378233","2525184","2525447","KQ057901v1","868884","869144","81","1656300"
"JH378233","2662973","2663269","KQ053421v1","5610673","5610968","71","2947700"
"JH378233","2723056","2723330","KQ058394v1","9655127","9655422","84","6932071"
"JH378233","2744623","2744932","KQ055352v1","6003171","6003466","71","3258548"
"JH378233","3149869","3150183","KQ053421v1","5610673","5610968","91","2460804"
"JH378233","3259968","3260266","KQ055267v1","513773","514088","86","2746195"
"JH378233","3349136","3349422","KQ053421v1","5610673","5610968","76","2261537"
"JH378233","3351146","3351463","KQ058427v1","7786546","7786853","83","4435400"
"JH378233","3364028","3364312","KQ053421v1","5610673","5610968","79","2246645"
"JH378233","3437849","3438112","KQ057186v1","783828","784085","94","2654021"
"JH378233","3630415","3630712","KQ053421v1","5610673","5610968","78","1980258"
"JH378233","3768130","3768430","KQ053421v1","5610673","5610968","83","1842543"
"JH378233","3916532","3916818","KQ057901v1","868884","869144","92","3047648"
"JH378233","3953043","3953341","KQ053421v1","5610673","5610968","69","1657630"
"JH378233","4234594","4234885","KQ053421v1","5610673","5610968","66","1376079"
"JH378233","4268997","4269292","KQ053421v1","5610673","5610968","71","1341676"
"JH378233","4343551","4343846","KQ053421v1","5610673","5610968","70","1267122"
"JH378233","4526646","4526957","KQ055267v1","513773","514088","75","4012873"
"JH378233","4949382","4949663","KQ053421v1","5610673","5610968","81","661291"
"JH378233","4980126","4980423","KQ053421v1","5610673","5610968","69","630547"
"JH378233","5241924","5242227","KQ053421v1","5610673","5610968","83","368749"
"JH378233","5296600","5296898","KQ053421v1","5610673","5610968","68","314073"
"JH378233","5374304","5374606","KQ053421v1","5610673","5610968","89","236369"
"JH378233","5543101","5543395","KQ058427v1","6786866","6787134","87","1243765"
"JH378233","6107891","6108203","KQ058427v1","7786546","7786853","87","1678655"
"JH378234","71965","72256","KQ053421v1","5610673","5610968","70","5538708"
"JH378234","286080","286366","KQ053421v1","5610673","5610968","90","5324593"
"JH378234","313317","313628","KQ053421v1","5610673","5610968","90","5297356"
"JH378234","540499","540795","KQ053421v1","5610673","5610968","69","5070174"
"JH378234","697778","697966","KQ058350v1","9514178","9514352","54","8816400"
"JH378234","727859","728161","KQ055862v1","1305285","1305561","83","577426"
"JH378234","811668","811956","KQ053785v1","888769","889063","90","77101"
"JH378234","821325","821632","KQ058427v1","7786546","7786853","77","6965221"
"JH378234","846132","846443","KQ055352v1","6003171","6003466","75","5157039"
"JH378234","901406","901705","KQ055267v1","513773","514088","82","387633"
"JH378234","1015149","1015417","KQ058242v1","595939","596205","74","419210"
"JH378234","1150360","1150666","KQ055352v1","6003171","6003466","74","4852811"
"JH378234","1172666","1172967","KQ053421v1","5610673","5610968","77","4438007"
"JH378234","1192879","1193181","KQ053421v1","5610673","5610968","77","4417794"
"JH378234","1199700","1199981","KQ053421v1","5610673","5610968","72","4410973"
"JH378234","1201818","1202125","KQ053421v1","5610673","5610968","77","4408855"
"JH378234","1209865","1210176","KQ053421v1","5610673","5610968","75","4400808"
"JH378234","1216481","1216795","KQ058427v1","7786546","7786853","82","6570065"
"JH378234","1284826","1285101","KQ054815v1","2215557","2215844","78","930731"
"JH378234","1349769","1350062","KQ053421v1","5610673","5610968","77","4260904"
"JH378234","1440861","1441157","KQ053421v1","5610673","5610968","75","4169812"
"JH378234","1467167","1467471","KQ058427v1","7786546","7786853","72","6319379"
"JH378234","1601693","1601982","KQ053421v1","5610673","5610968","79","4008980"
"JH378234","1730296","1730607","KQ058427v1","7786546","7786853","73","6056250"
"JH378234","1744360","1744669","KQ055267v1","513773","514088","72","1230587"
"JH378234","1785296","1785604","KQ055352v1","6003171","6003466","73","4217875"
"JH378234","1816479","1816782","KQ053421v1","5610673","5610968","71","3794194"
"JH378234","1853380","1853689","KQ055352v1","6003171","6003466","73","4149791"
"JH378234","1861682","1861987","KQ055352v1","6003171","6003466","72","4141489"
"JH378234","1936977","1937195","KQ055662v1","1890465","1890674","64","46512"
"JH378234","1943908","1944035","KQ057161v1","453350","453459","56","1490558"
"JH378234","1996005","1996283","KQ053421v1","5610673","5610968","88","3614668"
"JH378234","1997391","1997699","KQ053421v1","5610673","5610968","71","3613282"
"JH378234","2067015","2067310","KQ053421v1","5610673","5610968","75","3543658"
"JH378234","2067323","2067483","KQ058328v1","3002631","3002796","43","935308"
"JH378234","2069743","2070025","KQ058242v1","595939","596205","85","1473804"
"JH378234","2100709","2101020","KQ055267v1","513773","514088","79","1586936"
"JH378234","2190784","2191077","KQ053421v1","5610673","5610968","92","3419889"
"JH378234","2363661","2363958","KQ053421v1","5610673","5610968","68","3247012"
"JH378234","2394409","2394696","KQ053421v1","5610673","5610968","85","3216264"
"JH378234","2402222","2402525","KQ053421v1","5610673","5610968","68","3208451"
"JH378234","2443676","2443987","KQ055352v1","6003171","6003466","72","3559495"
"JH378234","2504621","2504920","KQ053421v1","5610673","5610968","88","3106052"
"JH378234","2569262","2569336","KQ053998v1","8863","8933","31","2560399"
"JH378234","2570129","2570418","KQ055267v1","513773","514088","80","2056356"
"JH378234","2608440","2608738","KQ053421v1","5610673","5610968","66","3002233"
"JH378234","2615695","2615992","KQ053421v1","5610673","5610968","79","2994978"
"JH378234","2624443","2624756","KQ053421v1","5610673","5610968","86","2986230"
"JH378234","2659321","2659607","KQ058640v1","643463","643729","87","2015858"
"JH378234","2660039","2660329","KQ058242v1","595939","596205","87","2064100"
"JH378234","2755496","2755682","KQ055978v1","4311984","4312161","53","1556488"
"JH378234","2914284","2914576","KQ053421v1","5610673","5610968","75","2696389"
"JH378234","2948230","2948473","KQ055717v1","1610777","1611031","77","1337453"
"JH378234","3025511","3025797","KQ058242v1","595939","596205","83","2429572"
"JH378234","3289812","3290103","KQ053421v1","5610673","5610968","80","2320861"
"JH378234","3355548","3355847","KQ053421v1","5610673","5610968","71","2255125"
"JH378234","3359031","3359314","KQ055352v1","6003171","6003466","87","2644140"
"JH378234","3380510","3380807","KQ055267v1","513773","514088","83","2866737"
"JH378234","3381806","3382062","KQ056321v1","575951","576190","92","2805855"
"JH378234","3417195","3417341","KQ056920v1","183120","183261","48","3234075"
"JH378234","3446329","3446637","KQ058427v1","7786546","7786853","78","4340217"
"JH378234","3459321","3459429","KQ055579v1","54828","54918","41","3404493"
"JH378234","3514425","3514723","KQ053421v1","5610673","5610968","72","2096248"
"JH378234","3537803","3538089","KQ053421v1","5610673","5610968","77","2072870"
"JH378234","3600691","3600923","KQ058509v1","24058","24271","68","3576633"
"JH378234","3601829","3602139","KQ053421v1","5610673","5610968","80","2008844"
"JH378234","3621852","3622149","KQ053421v1","5610673","5610968","80","1988821"
"JH378234","3654536","3654834","KQ053421v1","5610673","5610968","94","1956137"
"JH378234","3657077","3657334","KQ058242v1","595939","596205","90","3061138"
"JH378234","3679046","3679127","KQ056394v1","3150329","3150408","25","528717"
"JH378234","3694903","3695211","KQ055352v1","6003171","6003466","71","2308268"
"JH378234","3713001","3713235","KQ055662v1","1890465","1890674","76","1822536"
"JH378234","3742084","3742395","KQ055352v1","6003171","6003466","73","2261087"
"JH378234","3761853","3762072","KQ052982v1","2032903","2033097","67","1728950"
"JH378234","3763165","3763475","KQ058427v1","7786546","7786853","82","4023381"
"JH378234","3776251","3776554","KQ055267v1","513773","514088","79","3262478"
"JH378234","3796633","3796944","KQ055267v1","513773","514088","75","3282860"
"JH378234","3922630","3922931","KQ055352v1","6003171","6003466","80","2080541"
"JH378234","3940664","3940952","KQ053421v1","5610673","5610968","85","1670009"
"JH378234","3949209","3949529","KQ055267v1","513773","514088","86","3435436"
"JH378234","3959249","3959539","KQ053421v1","5610673","5610968","85","1651424"
"JH378234","3976780","3977103","KQ053059v1","2548766","2549102","86","1428014"
"JH378234","4021367","4021664","KQ053421v1","5610673","5610968","75","1589306"
"JH378234","4026897","4027109","KQ055662v1","1890465","1890674","57","2136432"
"JH378234","4049245","4049410","KQ053993v1","1251070","1251235","36","2798175"
"JH378234","4131620","4131908","KQ054815v1","2215557","2215844","82","1916063"
"JH378234","4169126","4169425","KQ055267v1","513773","514088","76","3655353"
"JH378234","4240265","4240548","KQ054815v1","2215557","2215844","83","2024708"
"JH378234","4242130","4242426","KQ053785v1","888769","889063","96","3353361"
"JH378234","4293014","4293336","KQ058427v1","7786546","7786853","86","3493532"
"JH378234","4351300","4351616","KQ055352v1","6003171","6003466","76","1651871"
"JH378234","4410928","4411090","KQ058490v1","418564","418731","61","3992364"
"JH378234","4531511","4531815","KQ055862v1","1305285","1305561","89","3226226"
"JH378234","4545058","4545344","KQ058640v1","643463","643729","79","3901595"
"JH378234","4633223","4633527","KQ055267v1","513773","514088","79","4119450"
"JH378234","4664831","4665133","KQ053421v1","5610673","5610968","80","945842"
"JH378234","4673638","4673934","KQ053421v1","5610673","5610968","75","937035"
"JH378234","4755267","4755434","KQ053234v1","1679581","1679757","42","3075686"
"JH378234","4778199","4778493","KQ053421v1","5610673","5610968","72","832474"
"JH378234","4816280","4816583","KQ053421v1","5610673","5610968","68","794393"
"JH378234","4838174","4838440","KQ055862v1","1305285","1305561","79","3532889"
"JH378234","4918027","4918338","KQ058427v1","7786546","7786853","79","2868519"
"JH378234","4947047","4947337","KQ053421v1","5610673","5610968","88","663626"
"JH378234","4954744","4954881","KQ053398v1","2623748","2623879","42","2330996"
"JH378234","4997846","4998155","KQ058427v1","7786546","7786853","72","2788700"
"JH378234","5037060","5037362","KQ053421v1","5610673","5610968","80","573613"
"JH378234","5154272","5154567","KQ053421v1","5610673","5610968","77","456401"
"JH378234","5244616","5244901","KQ053421v1","5610673","5610968","75","366057"
"JH378234","5357228","5357538","KQ055267v1","513773","514088","72","4843455"
"JH378234","5445228","5445526","KQ053421v1","5610673","5610968","76","165445"
"JH378234","5470067","5470253","KQ058509v1","24058","24271","78","5446009"
"JH378234","5856393","5856697","KQ055267v1","513773","514088","71","5342620"
"JH378235","1","187","KQ058274v1","300327","300497","54","300326"
"JH378235","393","684","KQ053421v1","5610673","5610968","74","5610280"
"JH378235","57613","57939","KQ053421v1","5610673","5610968","82","5553060"
"JH378235","64509","64686","KQ058490v1","418564","418731","55","354055"
"JH378235","65490","65563","KQ056235v1","1266284","1266361","24","1200794"
"JH378235","69486","69703","KQ058274v1","300327","300497","78","230841"
"JH378235","89660","89980","KQ053421v1","5610673","5610968","84","5521013"
"JH378235","122031","122320","KQ053785v1","888769","889063","90","766738"
"JH378235","144453","144739","KQ053421v1","5610673","5610968","82","5466220"
"JH378235","153845","154139","KQ053421v1","5610673","5610968","87","5456828"
"JH378235","199411","199712","KQ053421v1","5610673","5610968","80","5411262"
"JH378235","206283","206574","KQ053421v1","5610673","5610968","82","5404390"
"JH378235","207818","208118","KQ055267v1","513773","514088","83","305955"
"JH378235","212235","212469","KQ054068v1","3638075","3638299","81","3425840"
"JH378235","268704","268953","KQ058242v1","595939","596205","75","327235"
"JH378235","383724","383895","KQ058350v1","9514178","9514352","39","9130454"
"JH378235","395144","395454","KQ053421v1","5610673","5610968","87","5215529"
"JH378235","420682","420870","KQ058350v1","9514178","9514352","53","9093496"
"JH378235","493123","493416","KQ053421v1","5610673","5610968","87","5117550"
"JH378235","565826","566116","KQ053421v1","5610673","5610968","70","5044847"
"JH378235","604727","605017","KQ053421v1","5610673","5610968","82","5005946"
"JH378235","629768","629870","KQ056493v1","2043382","2043488","47","1413614"
"JH378235","652759","652905","KQ056911v1","1421731","1421862","40","768972"
"JH378235","663795","664129","KQ053135v1","5034940","5035266","116","4371145"
"JH378235","672536","672830","KQ053421v1","5610673","5610968","82","4938137"
"JH378235","764520","764827","KQ053421v1","5610673","5610968","85","4846153"
"JH378235","784528","784740","KQ052982v1","2032903","2033097","59","1248375"
"JH378235","803726","804017","KQ053421v1","5610673","5610968","81","4806947"
"JH378235","856132","856418","KQ053421v1","5610673","5610968","77","4754541"
"JH378235","856426","856700","KQ055352v1","6003171","6003466","89","5146745"
"JH378235","876641","876940","KQ053421v1","5610673","5610968","74","4734032"
"JH378235","996645","996949","KQ053421v1","5610673","5610968","81","4614028"
"JH378235","1037241","1037536","KQ053421v1","5610673","5610968","71","4573432"
"JH378235","1041301","1041595","KQ053421v1","5610673","5610968","85","4569372"
"JH378235","1172109","1172282","KQ058423v1","270754","270928","44","901355"
"JH378235","1182111","1182416","KQ053421v1","5610673","5610968","76","4428562"
"JH378235","1192807","1193104","KQ053421v1","5610673","5610968","78","4417866"
"JH378235","1254654","1254955","KQ055352v1","6003171","6003466","72","4748517"
"JH378235","1272216","1272487","KQ058242v1","595939","596205","76","676277"
"JH378235","1309205","1309476","KQ058242v1","595939","596205","84","713266"
"JH378235","1327706","1328006","KQ053421v1","5610673","5610968","72","4282967"
"JH378235","1343907","1344181","KQ058242v1","595939","596205","74","747968"
"JH378235","1404301","1404591","KQ053421v1","5610673","5610968","74","4206372"
"JH378235","1411901","1412166","KQ054815v1","2215557","2215844","89","803656"
"JH378235","1482301","1482559","KQ055717v1","1610777","1611031","85","128476"
"JH378235","1484746","1485027","KQ053421v1","5610673","5610968","72","4125927"
"JH378235","1654843","1655130","KQ053421v1","5610673","5610968","80","3955830"
"JH378235","1672495","1672791","KQ053421v1","5610673","5610968","81","3938178"
"JH378235","1757369","1757475","KQ058316v1","2226037","2226104","50","468668"
"JH378235","1757690","1757782","KQ056279v1","759081","759162","31","998609"
"JH378235","1781955","1782241","KQ053421v1","5610673","5610968","74","3828718"
"JH378235","1789149","1789449","KQ053421v1","5610673","5610968","81","3821524"
"JH378235","1793987","1794291","KQ053421v1","5610673","5610968","70","3816686"
"JH378235","1836953","1837119","KQ058594v1","2771639","2771800","42","934686"
"JH378235","1845249","1845559","KQ053421v1","5610673","5610968","90","3765424"
"JH378235","1944243","1944521","KQ057186v1","783828","784085","82","1160415"
"JH378235","2019117","2019426","KQ058427v1","7786546","7786853","74","5767429"
"JH378235","2026698","2027002","KQ053421v1","5610673","5610968","80","3583975"
"JH378235","2050776","2051081","KQ053421v1","5610673","5610968","82","3559897"
"JH378235","2158787","2158961","KQ056064v1","326763","326940","67","1832024"
"JH378235","2248222","2248523","KQ058242v1","595939","596205","102","1652283"
"JH378235","2332904","2333205","KQ053421v1","5610673","5610968","77","3277769"
"JH378235","2508810","2509119","KQ058427v1","7786546","7786853","70","5277736"
"JH378235","2559179","2559480","KQ053421v1","5610673","5610968","78","3051494"
"JH378235","2632847","2633140","KQ053421v1","5610673","5610968","78","2977826"
"JH378235","2714086","2714177","KQ056279v1","759081","759162","25","1955005"
"JH378235","2784520","2784806","KQ053421v1","5610673","5610968","74","2826153"
"JH378235","2836081","2836380","KQ053421v1","5610673","5610968","90","2774592"
"JH378235","2901469","2901768","KQ053421v1","5610673","5610968","80","2709204"
"JH378235","2932577","2932899","KQ055267v1","513773","514088","84","2418804"
"JH378235","2991511","2991818","KQ055352v1","6003171","6003466","75","3011660"
"JH378235","2993681","2993978","KQ053421v1","5610673","5610968","71","2616992"
"JH378235","2998898","2999201","KQ053421v1","5610673","5610968","81","2611775"
"JH378235","3002856","3003105","KQ057186v1","783828","784085","95","2219028"
"JH378235","3021806","3021951","KQ054401v1","3363241","3363379","40","341435"
"JH378235","3191960","3192264","KQ053421v1","5610673","5610968","70","2418713"
"JH378235","3330654","3330930","KQ055862v1","1305285","1305561","72","2025369"
"JH378235","3384323","3384601","KQ055862v1","1305285","1305561","69","2079038"
"JH378235","3402237","3402546","KQ055267v1","513773","514088","81","2888464"
"JH378235","3426073","3426383","KQ055267v1","513773","514088","74","2912300"
"JH378235","3428429","3428714","KQ058640v1","643463","643729","86","2784966"
"JH378235","3440380","3440655","KQ058242v1","595939","596205","89","2844441"
"JH378235","3446545","3446675","KQ053398v1","2623748","2623879","37","822797"
"JH378235","3454847","3455158","KQ055267v1","513773","514088","79","2941074"
"JH378235","3456189","3456310","KQ053398v1","2623748","2623879","39","832441"
"JH378235","3456321","3456499","KQ058274v1","300327","300497","55","3155994"
"JH378235","3457309","3457420","KQ058316v1","2226037","2226104","55","1231272"
"JH378235","3476571","3476873","KQ053421v1","5610673","5610968","68","2134102"
"JH378235","3478225","3478536","KQ055267v1","513773","514088","85","2964452"
"JH378235","3479928","3480237","KQ058427v1","7786546","7786853","77","4306618"
"JH378235","3519530","3519830","KQ053421v1","5610673","5610968","75","2091143"
"JH378235","3558082","3558373","KQ053421v1","5610673","5610968","80","2052591"
"JH378235","3583252","3583552","KQ053421v1","5610673","5610968","68","2027421"
"JH378235","3605407","3605689","KQ058427v1","6786866","6787134","90","3181459"
"JH378235","3622134","3622283","KQ054401v1","3363241","3363379","44","258893"
"JH378235","3629437","3629721","KQ055862v1","1305285","1305561","78","2324152"
"JH378235","3630091","3630306","KQ052982v1","2032903","2033097","65","1597188"
"JH378235","3648075","3648372","KQ053421v1","5610673","5610968","72","1962598"
"JH378235","3666376","3666665","KQ053421v1","5610673","5610968","76","1944297"
"JH378235","3669127","3669430","KQ055352v1","6003171","6003466","71","2334044"
"JH378235","3687034","3687339","KQ055352v1","6003171","6003466","67","2316137"
"JH378235","3693844","3693959","KQ056493v1","2043382","2043488","40","1650462"
"JH378235","3747217","3747483","KQ057186v1","783828","784085","74","2963389"
"JH378235","3756948","3757251","KQ053421v1","5610673","5610968","70","1853725"
"JH378235","3760414","3760718","KQ055267v1","513773","514088","83","3246641"
"JH378235","3773944","3774127","KQ053993v1","1251070","1251235","53","2522874"
"JH378235","3775482","3775765","KQ053421v1","5610673","5610968","92","1835191"
"JH378235","3797807","3798119","KQ055267v1","513773","514088","80","3284034"
"JH378235","3798263","3798545","KQ053421v1","5610673","5610968","91","1812410"
"JH378235","3830716","3831018","KQ053421v1","5610673","5610968","67","1779957"
"JH378235","3838248","3838557","KQ058427v1","7786546","7786853","84","3948298"
"JH378235","3844391","3844518","KQ053398v1","2627781","2627909","39","1216610"
"JH378235","3844570","3844755","KQ058350v1","9514178","9514352","52","5669608"
"JH378235","3852293","3852590","KQ053421v1","5610673","5610968","86","1758380"
"JH378235","3860576","3860867","KQ053421v1","5610673","5610968","77","1750097"
"JH378235","3886917","3887057","KQ056911v1","1421731","1421862","42","2465186"
"JH378235","3892085","3892386","KQ053421v1","5610673","5610968","70","1718588"
"JH378235","4005589","4005879","KQ053421v1","5610673","5610968","82","1605084"
"JH378235","4055074","4055364","KQ053421v1","5610673","5610968","78","1555599"
"JH378235","4062035","4062339","KQ053421v1","5610673","5610968","73","1548638"
"JH378235","4097503","4097808","KQ055352v1","6003171","6003466","69","1905668"
"JH378235","4099386","4099674","KQ058242v1","595939","596205","84","3503447"
"JH378235","4180901","4181175","KQ055862v1","1305285","1305561","79","2875616"
"JH378235","4288310","4288594","KQ058339v1","4553625","4553889","94","265315"
"JH378235","4295959","4296243","KQ053421v1","5610673","5610968","78","1314714"
"JH378235","4317006","4317317","KQ058427v1","7786546","7786853","77","3469540"
"JH378235","4506314","4506618","KQ055267v1","513773","514088","77","3992541"
"JH378235","4507393","4507691","KQ053421v1","5610673","5610968","75","1103280"
"JH378235","4633939","4634230","KQ053421v1","5610673","5610968","82","976734"
"JH378235","4634403","4634685","KQ053421v1","5610673","5610968","87","976270"
"JH378235","4749975","4750282","KQ058427v1","7786546","7786853","76","3036571"
"JH378235","4770969","4771238","KQ056321v1","575951","576190","81","4195018"
"JH378235","4788170","4788336","KQ055777v1","2006014","2006163","65","2782156"
"JH378235","4789070","4789236","KQ053531v1","6571","6737","58","4782499"
"JH378235","4792907","4793203","KQ053421v1","5610673","5610968","68","817766"
"JH378235","4797180","4797489","KQ055352v1","6003171","6003466","72","1205991"
"JH378235","4800752","4801056","KQ055267v1","513773","514088","77","4286979"
"JH378235","4836084","4836369","KQ053785v1","888769","889063","81","3947315"
"JH378235","4843860","4844174","KQ053421v1","5610673","5610968","97","766813"
"JH378235","4953677","4953981","KQ055352v1","6003171","6003466","70","1049494"
"JH378235","5052722","5053025","KQ053421v1","5610673","5610968","96","557951"
"JH378235","5073257","5073415","KQ058428v1","1396698","1396861","50","3676559"
"JH378235","5119051","5119270","KQ055662v1","1890465","1890674","67","3228586"
"JH378235","5261766","5262068","KQ053421v1","5610673","5610968","76","348907"
"JH378235","5382158","5382441","KQ053421v1","5610673","5610968","79","228515"
"JH378235","5438917","5439224","KQ053421v1","5610673","5610968","78","171756"
"JH378235","5491250","5491546","KQ053421v1","5610673","5610968","67","119423"
"JH378235","5529834","5530150","KQ053421v1","5610673","5610968","94","80839"
"JH378235","5545862","5546169","KQ058427v1","7786546","7786853","84","2240684"
"JH378235","5560931","5561232","KQ053421v1","5610673","5610968","73","49742"
"JH378235","5579443","5579750","KQ055267v1","513773","514088","72","5065670"
"JH378235","5629556","5629864","KQ058427v1","7786546","7786853","82","2156990"
"JH378235","5661869","5662159","KQ053421v1","5610673","5610968","74","51196"
"JH378235","5679309","5679610","KQ053421v1","5610673","5610968","74","68636"
"JH378235","5689867","5690151","KQ053421v1","5610673","5610968","85","79194"
"JH378235","5703600","5703883","KQ055352v1","6003171","6003466","104","299571"
"JH378235","5709806","5710060","KQ058242v1","595939","596205","79","5113867"
"JH378235","5717666","5717979","KQ055352v1","6003171","6003466","75","285505"
"JH378235","5727906","5728206","KQ053421v1","5610673","5610968","67","117233"
"JH378235","5765794","5766083","KQ053421v1","5610673","5610968","81","155121"
"JH378235","5783746","5783969","KQ056321v1","575951","576190","76","5207795"
"JH378235","5795049","5795334","KQ053421v1","5610673","5610968","70","184376"
"JH378235","5819062","5819358","KQ053421v1","5610673","5610968","76","208389"
"JH378235","5903883","5904172","KQ053421v1","5610673","5610968","71","293210"
"JH378235","5926619","5926895","KQ058242v1","595939","596205","72","5330680"
"JH378235","5955741","5956038","KQ053421v1","5610673","5610968","66","345068"
"JH378235","6057608","6057921","KQ055352v1","6003171","6003466","72","54437"
"JH378236","164627","164969","KQ055352v1","6003171","6003466","102","5838544"
"JH378236","169728","170028","KQ058427v1","7786546","7786853","73","7616818"
"JH378236","196661","196966","KQ055267v1","513773","514088","80","317112"
"JH378236","204793","205073","KQ058242v1","595939","596205","87","391146"
"JH378236","226733","226886","KQ053398v1","2627781","2627909","49","2401048"
"JH378236","227081","227236","KQ058594v1","2771639","2771800","45","2544558"
"JH378236","262478","262782","KQ053421v1","5610673","5610968","71","5348195"
"JH378236","266526","266831","KQ053421v1","5610673","5610968","82","5344147"
"JH378236","291086","291389","KQ053421v1","5610673","5610968","85","5319587"
"JH378236","325586","325880","KQ053421v1","5610673","5610968","76","5285087"
"JH378236","344602","344901","KQ053421v1","5610673","5610968","79","5266071"
"JH378236","410778","411073","KQ058427v1","7786546","7786853","77","7375768"
"JH378236","413944","414256","KQ058427v1","7786546","7786853","70","7372602"
"JH378236","424621","424914","KQ053421v1","5610673","5610968","70","5186052"
"JH378236","479505","479797","KQ058427v1","7786546","7786853","81","7307041"
"JH378236","514066","514369","KQ055267v1","513773","514088","87","293"
"JH378236","573935","574226","KQ053421v1","5610673","5610968","83","5036738"
"JH378236","601232","601369","KQ052968v1","13665640","13665790","53","13064408"
"JH378236","605888","606186","KQ053421v1","5610673","5610968","70","5004785"
"JH378236","606568","606870","KQ053421v1","5610673","5610968","86","5004105"
"JH378236","697263","697569","KQ055267v1","513773","514088","81","183490"
"JH378236","737934","738228","KQ053421v1","5610673","5610968","73","4872739"
"JH378236","769956","770246","KQ053421v1","5610673","5610968","79","4840717"
"JH378236","780039","780371","KQ053421v1","5610673","5610968","97","4830634"
"JH378236","782752","783068","KQ058427v1","7786546","7786853","88","7003794"
"JH378236","854291","854595","KQ053421v1","5610673","5610968","90","4756382"
"JH378236","915167","915461","KQ053421v1","5610673","5610968","86","4695506"
"JH378236","942428","942727","KQ055352v1","6003171","6003466","77","5060743"
"JH378236","953635","953939","KQ053421v1","5610673","5610968","78","4657038"
"JH378236","965289","965591","KQ055267v1","513773","514088","71","451516"
"JH378236","971468","971758","KQ053421v1","5610673","5610968","84","4639205"
"JH378236","1023753","1023899","KQ054401v1","3363241","3363379","40","2339488"
"JH378236","1100691","1100997","KQ058427v1","7786546","7786853","77","6685855"
"JH378236","1120288","1120591","KQ053421v1","5610673","5610968","71","4490385"
"JH378236","1330543","1330824","KQ057186v1","783828","784085","75","546715"
"JH378236","1344170","1344491","KQ058427v1","7786546","7786853","85","6442376"
"JH378236","1465718","1466017","KQ053421v1","5610673","5610968","72","4144955"
"JH378236","1476697","1476997","KQ053421v1","5610673","5610968","65","4133976"
"JH378236","1586514","1586770","KQ058427v1","6786866","6787134","86","5200352"
"JH378236","1667014","1667309","KQ053421v1","5610673","5610968","72","3943659"
"JH378236","1763561","1763697","KQ053398v1","2623748","2623879","32","860187"
"JH378236","1788857","1789122","KQ053421v1","5610673","5610968","88","3821816"
"JH378236","1801211","1801494","KQ053421v1","5610673","5610968","88","3809462"
"JH378236","1912919","1913184","KQ055862v1","1305285","1305561","84","607634"
"JH378236","1915691","1915980","KQ058427v1","7786546","7786853","85","5870855"
"JH378236","1942383","1942687","KQ055352v1","6003171","6003466","71","4060788"
"JH378236","2017884","2018186","KQ053421v1","5610673","5610968","86","3592789"
"JH378236","2067044","2067321","KQ053421v1","5610673","5610968","82","3543629"
"JH378236","2120688","2120840","KQ053267v1","1313653","1313811","43","807035"
"JH378236","2123292","2123593","KQ058427v1","7786546","7786853","85","5663254"
"JH378236","2138302","2138593","KQ053421v1","5610673","5610968","78","3472371"
"JH378236","2242847","2243153","KQ055267v1","513773","514088","76","1729074"
"JH378236","2270022","2270316","KQ053421v1","5610673","5610968","79","3340651"
"JH378236","2289253","2289548","KQ053421v1","5610673","5610968","73","3321420"
"JH378236","2421175","2421468","KQ053421v1","5610673","5610968","82","3189498"
"JH378236","2436783","2437074","KQ053421v1","5610673","5610968","67","3173890"
"JH378236","2486894","2487194","KQ053421v1","5610673","5610968","76","3123779"
"JH378236","2500986","2501287","KQ053421v1","5610673","5610968","76","3109687"
"JH378236","2511563","2511685","KQ053398v1","2623748","2623879","41","112185"
"JH378236","2531075","2531375","KQ053421v1","5610673","5610968","72","3079598"
"JH378236","2550471","2550631","KQ053267v1","1313653","1313811","35","1236818"
"JH378236","2576709","2577014","KQ055352v1","6003171","6003466","76","3426462"
"JH378236","2608596","2608902","KQ053421v1","5610673","5610968","86","3002077"
"JH378236","2635375","2635672","KQ053421v1","5610673","5610968","76","2975298"
"JH378236","2645293","2645563","KQ053785v1","888769","889063","80","1756524"
"JH378236","2693990","2694307","KQ053421v1","5610673","5610968","94","2916683"
"JH378236","2726493","2726798","KQ053421v1","5610673","5610968","80","2884180"
"JH378236","2729814","2730105","KQ055352v1","6003171","6003466","83","3273357"
"JH378236","2731599","2731881","KQ053421v1","5610673","5610968","81","2879074"
"JH378236","2927001","2927251","KQ058242v1","595939","596205","77","2331062"
"JH378236","2932574","2932870","KQ053421v1","5610673","5610968","73","2678099"
"JH378236","2934541","2934799","KQ058242v1","595939","596205","74","2338602"
"JH378236","2935199","2935247","KQ053234v1","1679807","1679838","26","1255392"
"JH378236","2966740","2967041","KQ053421v1","5610673","5610968","72","2643933"
"JH378236","3053284","3053567","KQ058339v1","4553625","4553889","79","1500341"
"JH378236","3057608","3057906","KQ053421v1","5610673","5610968","73","2553065"
"JH378236","3087104","3087415","KQ055352v1","6003171","6003466","72","2916067"
"JH378236","3109315","3109620","KQ053421v1","5610673","5610968","71","2501358"
"JH378236","3272701","3272976","KQ053883v1","6938067","6938331","95","3665366"
"JH378236","3305195","3305496","KQ053421v1","5610673","5610968","73","2305478"
"JH378236","3306812","3307106","KQ053421v1","5610673","5610968","70","2303861"
"JH378236","3515654","3515965","KQ055352v1","6003171","6003466","71","2487517"
"JH378236","3549104","3549403","KQ055267v1","513773","514088","83","3035331"
"JH378236","3764628","3764912","KQ058427v1","7786546","7786853","84","4021918"
"JH378236","3814629","3814934","KQ053421v1","5610673","5610968","73","1796044"
"JH378236","3957352","3957665","KQ053421v1","5610673","5610968","78","1653321"
"JH378236","4023963","4024277","KQ055352v1","6003171","6003466","74","1979208"
"JH378236","4168065","4168365","KQ053421v1","5610673","5610968","72","1442608"
"JH378236","4234046","4234369","KQ053059v1","2548766","2549102","92","1685280"
"JH378236","4257974","4258281","KQ055352v1","6003171","6003466","69","1745197"
"JH378236","4299484","4299781","KQ058427v1","7786546","7786853","81","3487062"
"JH378236","4460590","4460893","KQ055352v1","6003171","6003466","72","1542581"
"JH378236","4542025","4542282","KQ057901v1","868884","869144","73","3673141"
"JH378236","4649801","4650106","KQ053421v1","5610673","5610968","86","960872"
"JH378236","4732488","4732798","KQ055267v1","513773","514088","78","4218715"
"JH378236","4770679","4770979","KQ053421v1","5610673","5610968","97","839994"
"JH378236","4810948","4811259","KQ058427v1","7786546","7786853","79","2975598"
"JH378236","5025187","5025476","KQ055862v1","1305285","1305561","83","3719902"
"JH378236","5154481","5154792","KQ053135v1","5034940","5035266","107","119541"
"JH378236","5310303","5310566","KQ053785v1","888769","889063","87","4421534"
"JH378236","5503624","5503918","KQ053421v1","5610673","5610968","68","107049"
"JH378236","5603483","5603792","KQ058427v1","7786546","7786853","74","2183063"
"JH378236","5655292","5655399","KQ056493v1","2043382","2043488","44","3611910"
"JH378237","32473","32751","KQ053421v1","5610673","5610968","81","5578200"
"JH378237","84582","84876","KQ053421v1","5610673","5610968","67","5526091"
"JH378237","92759","93058","KQ053421v1","5610673","5610968","85","5517914"
"JH378237","100332","100627","KQ053421v1","5610673","5610968","78","5510341"
"JH378237","125970","126277","KQ058427v1","7786546","7786853","83","7660576"
"JH378237","152316","152597","KQ053421v1","5610673","5610968","93","5458357"
"JH378237","154460","154768","KQ053421v1","5610673","5610968","73","5456213"
"JH378237","228906","229210","KQ058427v1","7786546","7786853","84","7557640"
"JH378237","339282","339586","KQ053421v1","5610673","5610968","71","5271391"
"JH378237","413372","413673","KQ053421v1","5610673","5610968","72","5197301"
"JH378237","439042","439374","KQ055267v1","513773","514088","92","74731"
"JH378237","525125","525333","KQ053993v1","1251070","1251235","79","725945"
"JH378237","550870","551163","KQ054815v1","2215557","2215844","78","1664687"
"JH378237","631577","631892","KQ055352v1","6003171","6003466","83","5371594"
"JH378237","670553","670864","KQ053421v1","5610673","5610968","90","4940120"
"JH378237","700820","701128","KQ055352v1","6003171","6003466","70","5302351"
"JH378237","743223","743518","KQ053421v1","5610673","5610968","73","4867450"
"JH378237","865701","866011","KQ055352v1","6003171","6003466","78","5137470"
"JH378237","910285","910585","KQ053421v1","5610673","5610968","85","4700388"
"JH378237","1066203","1066490","KQ058427v1","7786546","7786853","94","6720343"
"JH378237","1116991","1117276","KQ055862v1","1305285","1305561","79","188294"
"JH378237","1390777","1391073","KQ053421v1","5610673","5610968","68","4219896"
"JH378237","1472026","1472337","KQ055352v1","6003171","6003466","72","4531145"
"JH378237","1718578","1718854","KQ053421v1","5610673","5610968","87","3892095"
"JH378237","1735383","1735682","KQ053421v1","5610673","5610968","72","3875290"
"JH378237","1798136","1798429","KQ053421v1","5610673","5610968","80","3812537"
"JH378237","1855567","1855859","KQ053421v1","5610673","5610968","79","3755106"
"JH378237","1898521","1898827","KQ053421v1","5610673","5610968","75","3712152"
"JH378237","2216688","2216998","KQ053421v1","5610673","5610968","71","3393985"
"JH378237","2273610","2273920","KQ055267v1","513773","514088","71","1759837"
"JH378237","2300138","2300422","KQ058339v1","4553625","4553889","80","2253487"
"JH378237","2300857","2301166","KQ055267v1","513773","514088","72","1787084"
"JH378237","2383406","2383704","KQ053421v1","5610673","5610968","84","3227267"
"JH378237","2396231","2396529","KQ055352v1","6003171","6003466","77","3606940"
"JH378237","2560945","2561257","KQ057901v1","868884","869144","99","1692061"
"JH378237","2571168","2571477","KQ058427v1","7786546","7786853","81","5215378"
"JH378237","2586783","2587072","KQ053421v1","5610673","5610968","77","3023890"
"JH378237","2653745","2654045","KQ055352v1","6003171","6003466","78","3349426"
"JH378237","2655620","2655933","KQ055267v1","513773","514088","86","2141847"
"JH378237","2660398","2660689","KQ054713v1","1437239","1437526","81","1223159"
"JH378237","2702097","2702438","KQ058427v1","7786546","7786853","113","5084449"
"JH378237","2834892","2835188","KQ053421v1","5610673","5610968","69","2775781"
"JH378237","2907797","2908099","KQ053421v1","5610673","5610968","84","2702876"
"JH378237","2937041","2937339","KQ053421v1","5610673","5610968","75","2673632"
"JH378237","2951062","2951356","KQ053421v1","5610673","5610968","76","2659611"
"JH378237","3083465","3083748","KQ055140v1","2807106","2807399","101","276359"
"JH378237","3087339","3087581","KQ058505v1","2207051","2207301","88","880288"
"JH378237","3121290","3121596","KQ053421v1","5610673","5610968","79","2489383"
"JH378237","3132798","3133090","KQ053421v1","5610673","5610968","85","2477875"
"JH378237","3253810","3254067","KQ058242v1","595939","596205","91","2657871"
"JH378237","3255670","3255965","KQ053421v1","5610673","5610968","66","2355003"
"JH378237","3330332","3330626","KQ058427v1","7786546","7786853","82","4456214"
"JH378237","3379952","3380257","KQ053421v1","5610673","5610968","77","2230721"
"JH378237","3398034","3398333","KQ053421v1","5610673","5610968","100","2212639"
"JH378237","3446025","3446311","KQ058242v1","595939","596205","90","2850086"
"JH378237","3478439","3478736","KQ053421v1","5610673","5610968","85","2132234"
"JH378237","3485869","3486168","KQ053421v1","5610673","5610968","90","2124804"
"JH378237","3503679","3503974","KQ053421v1","5610673","5610968","87","2106994"
"JH378237","3506236","3506511","KQ054815v1","2215557","2215844","84","1290679"
"JH378237","3639483","3639782","KQ055352v1","6003171","6003466","84","2363688"
"JH378237","3696347","3696655","KQ055267v1","513773","514088","72","3182574"
"JH378237","3744267","3744572","KQ053421v1","5610673","5610968","86","1866406"
"JH378237","3845531","3845641","KQ056493v1","2043382","2043488","40","1802149"
"JH378237","3854380","3854500","KQ053398v1","2623748","2623879","42","1230632"
"JH378237","3857254","3857574","KQ055267v1","513773","514088","89","3343481"
"JH378237","3883913","3884206","KQ053421v1","5610673","5610968","77","1726760"
"JH378237","3940603","3940836","KQ056064v1","326763","326940","98","3613840"
"JH378237","3945376","3945687","KQ055352v1","6003171","6003466","73","2057795"
"JH378237","4282873","4283161","KQ053421v1","5610673","5610968","76","1327800"
"JH378237","4358695","4358882","KQ058350v1","9514178","9514352","49","5155483"
"JH378237","4358897","4359001","KQ056493v1","2043382","2043488","42","2315515"
"JH378237","4376715","4376800","KQ058272v1","5924923","5924994","31","1548208"
"JH378237","4390299","4390610","KQ053421v1","5610673","5610968","85","1220374"
"JH378237","4434035","4434362","KQ053135v1","5034940","5035266","107","600905"
"JH378237","4553625","4553909","KQ053421v1","5610673","5610968","74","1057048"
"JH378237","4852188","4852479","KQ053421v1","5610673","5610968","84","758485"
"JH378237","4888077","4888374","KQ053421v1","5610673","5610968","71","722596"
"JH378237","5770223","5770532","KQ055267v1","513773","514088","73","5256450"
"JH378238","26407","26702","KQ053421v1","5610673","5610968","77","5584266"
"JH378238","44619","44923","KQ053421v1","5610673","5610968","72","5566054"
"JH378238","89532","89855","KQ055267v1","513773","514088","96","424241"
"JH378238","102431","102731","KQ053421v1","5610673","5610968","83","5508242"
"JH378238","140598","140896","KQ053421v1","5610673","5610968","74","5470075"
"JH378238","383639","383938","KQ053421v1","5610673","5610968","87","5227034"
"JH378238","388268","388486","KQ054068v1","3638075","3638299","63","3249807"
"JH378238","463800","464111","KQ055267v1","513773","514088","72","49973"
"JH378238","488793","488918","KQ054401v1","3363241","3363379","42","2874448"
"JH378238","562000","562311","KQ055352v1","6003171","6003466","71","5441171"
"JH378238","610409","610710","KQ053421v1","5610673","5610968","72","5000264"
"JH378238","664174","664443","KQ057186v1","783828","784085","86","119654"
"JH378238","695247","695515","KQ057186v1","783828","784085","83","88581"
"JH378238","724800","725110","KQ053421v1","5610673","5610968","81","4885873"
"JH378238","730537","730848","KQ053421v1","5610673","5610968","91","4880136"
"JH378238","737054","737365","KQ053421v1","5610673","5610968","91","4873619"
"JH378238","777253","777589","KQ053421v1","5610673","5610968","94","4833420"
"JH378238","804554","804856","KQ058427v1","7786546","7786853","72","6981992"
"JH378238","817976","818281","KQ053421v1","5610673","5610968","71","4792697"
"JH378238","826010","826312","KQ053421v1","5610673","5610968","72","4784663"
"JH378238","924637","924934","KQ053421v1","5610673","5610968","75","4686036"
"JH378238","924940","925238","KQ053421v1","5610673","5610968","84","4685733"
"JH378238","1042589","1042886","KQ053421v1","5610673","5610968","71","4568084"
"JH378238","1269135","1269416","KQ053421v1","5610673","5610968","83","4341538"
"JH378238","1302273","1302577","KQ053421v1","5610673","5610968","71","4308400"
"JH378238","1425357","1425657","KQ053421v1","5610673","5610968","68","4185316"
"JH378238","1545947","1546237","KQ053421v1","5610673","5610968","73","4064726"
"JH378238","1625020","1625335","KQ053421v1","5610673","5610968","87","3985653"
"JH378238","1736159","1736447","KQ053421v1","5610673","5610968","84","3874514"
"JH378238","1978167","1978457","KQ053421v1","5610673","5610968","73","3632506"
"JH378238","2029587","2029894","KQ055352v1","6003171","6003466","67","3973584"
"JH378238","2058521","2058830","KQ055352v1","6003171","6003466","70","3944650"
"JH378238","2087766","2088057","KQ053421v1","5610673","5610968","66","3522907"
"JH378238","2099629","2099926","KQ053421v1","5610673","5610968","68","3511044"
"JH378238","2112709","2113006","KQ053421v1","5610673","5610968","64","3497964"
"JH378238","2130655","2130966","KQ055352v1","6003171","6003466","75","3872516"
"JH378238","2216744","2217027","KQ055352v1","6003171","6003466","68","3786427"
"JH378238","2217356","2217637","KQ055862v1","1305285","1305561","67","912071"
"JH378238","2245351","2245647","KQ053421v1","5610673","5610968","74","3365322"
"JH378238","2248109","2248419","KQ055267v1","513773","514088","71","1734336"
"JH378238","2255918","2256239","KQ055267v1","513773","514088","78","1742145"
"JH378238","2261766","2262069","KQ055267v1","513773","514088","70","1747993"
"JH378238","2395750","2396056","KQ055352v1","6003171","6003466","74","3607421"
"JH378238","2483014","2483309","KQ053421v1","5610673","5610968","79","3127659"
"JH378238","2536752","2537063","KQ053421v1","5610673","5610968","72","3073921"
"JH378238","2780967","2781273","KQ055352v1","6003171","6003466","68","3222204"
"JH378238","3515810","3516110","KQ053421v1","5610673","5610968","67","2094863"
"JH378238","3525203","3525513","KQ058427v1","7786546","7786853","76","4261343"
"JH378238","3575349","3575648","KQ053421v1","5610673","5610968","76","2035324"
"JH378238","3632769","3633057","KQ053421v1","5610673","5610968","91","1977904"
"JH378238","3678910","3679188","KQ053785v1","888769","889063","87","2790141"
"JH378238","3680166","3680383","KQ058274v1","300327","300497","82","3379839"
"JH378238","3704909","3705226","KQ055352v1","6003171","6003466","79","2298262"
"JH378238","3708468","3708752","KQ053421v1","5610673","5610968","83","1902205"
"JH378238","3749912","3750203","KQ053421v1","5610673","5610968","70","1860761"
"JH378238","3763429","3763727","KQ055267v1","513773","514088","85","3249656"
"JH378238","3921078","3921390","KQ058427v1","7786546","7786853","80","3865468"
"JH378238","4019318","4019604","KQ053421v1","5610673","5610968","78","1591355"
"JH378238","4345127","4345182","KQ053454v1","2034152","2034212","20","2310975"
"JH378238","4345236","4345373","KQ053398v1","2627781","2627909","43","1717455"
"JH378238","4423965","4424290","KQ055352v1","6003171","6003466","85","1579206"
"JH378238","4432985","4433242","KQ057901v1","868884","869144","87","3564101"
"JH378238","4436375","4436672","KQ053421v1","5610673","5610968","72","1174298"
"JH378238","4480662","4480963","KQ053421v1","5610673","5610968","87","1130011"
"JH378238","4489547","4489810","KQ057901v1","868884","869144","88","3620663"
"JH378238","4522872","4523176","KQ058427v1","7786546","7786853","84","3263674"
"JH378238","4523961","4524272","KQ055267v1","513773","514088","73","4010188"
"JH378238","4534571","4534853","KQ053421v1","5610673","5610968","74","1076102"
"JH378238","4537177","4537487","KQ053421v1","5610673","5610968","84","1073496"
"JH378238","4594346","4594658","KQ058427v1","7786546","7786853","78","3192200"
"JH378238","4658828","4659128","KQ053421v1","5610673","5610968","70","951845"
"JH378238","4881166","4881402","KQ058505v1","2207051","2207301","95","2674115"
"JH378238","4923896","4924200","KQ055352v1","6003171","6003466","75","1079275"
"JH378238","5072090","5072325","KQ058242v1","595939","596205","90","4476151"
"JH378238","5150413","5150606","KQ056064v1","326763","326940","76","4823650"
"JH378238","5151089","5151373","KQ055267v1","513773","514088","97","4637316"
"JH378238","5181555","5181863","KQ053421v1","5610673","5610968","75","429118"
"JH378238","5186506","5186676","KQ055978v1","4311984","4312161","52","874522"
"JH378238","5198523","5198835","KQ055352v1","6003171","6003466","77","804648"
"JH378238","5309928","5310100","KQ053093v1","1668172","1668343","41","3641756"
"JH378238","5476750","5476962","KQ058274v1","300327","300497","71","5176423"
"JH378238","5510765","5510977","KQ058274v1","300327","300497","71","5210438"
"JH378238","5572169","5572449","KQ057186v1","783828","784085","79","4788341"
"JH378238","5586233","5586538","KQ053421v1","5610673","5610968","85","24440"
"JH378239","16926","17231","KQ055267v1","513773","514088","81","496847"
"JH378239","33543","33809","KQ058242v1","595939","596205","76","562396"
"JH378239","126875","127174","KQ053421v1","5610673","5610968","69","5483798"
"JH378239","206399","206737","KQ053421v1","5610673","5610968","103","5404274"
"JH378239","302000","302297","KQ053421v1","5610673","5610968","80","5308673"
"JH378239","417036","417337","KQ053421v1","5610673","5610968","91","5193637"
"JH378239","522403","522689","KQ053421v1","5610673","5610968","78","5088270"
"JH378239","552149","552456","KQ055267v1","513773","514088","100","38376"
"JH378239","563611","563687","KQ055247v1","3278175","3278224","38","2714564"
"JH378239","715842","716151","KQ055352v1","6003171","6003466","69","5287329"
"JH378239","737986","738294","KQ058427v1","7786546","7786853","85","7048560"
"JH378239","760822","761104","KQ053421v1","5610673","5610968","77","4849851"
"JH378239","771763","772056","KQ053421v1","5610673","5610968","69","4838910"
"JH378239","834359","834667","KQ055267v1","513773","514088","86","320586"
"JH378239","948882","949162","KQ053421v1","5610673","5610968","90","4661791"
"JH378239","967872","968173","KQ053421v1","5610673","5610968","68","4642801"
"JH378239","979793","979892","KQ056279v1","759081","759162","35","220712"
"JH378239","1000615","1000907","KQ055352v1","6003171","6003466","86","5002556"
"JH378239","1084352","1084653","KQ053421v1","5610673","5610968","73","4526321"
"JH378239","1224100","1224389","KQ053421v1","5610673","5610968","89","4386573"
"JH378239","1265652","1265966","KQ055352v1","6003171","6003466","73","4737519"
"JH378239","1274856","1275169","KQ055267v1","513773","514088","85","761083"
"JH378239","1432152","1432340","KQ058274v1","300327","300497","54","1131825"
"JH378239","1544130","1544441","KQ053421v1","5610673","5610968","93","4066543"
"JH378239","1633894","1634188","KQ053421v1","5610673","5610968","69","3976779"
"JH378239","1794723","1795013","KQ053421v1","5610673","5610968","83","3815950"
"JH378239","1867599","1867880","KQ054815v1","2215557","2215844","79","347958"
"JH378239","1887662","1887969","KQ053421v1","5610673","5610968","91","3723011"
"JH378239","1900244","1900544","KQ053421v1","5610673","5610968","72","3710429"
"JH378239","2016382","2016684","KQ053421v1","5610673","5610968","81","3594291"
"JH378239","2018717","2019035","KQ055352v1","6003171","6003466","87","3984454"
"JH378239","2042049","2042358","KQ058427v1","7786546","7786853","88","5744497"
"JH378239","2045352","2045657","KQ058427v1","7786546","7786853","72","5741194"
"JH378239","2140373","2140675","KQ053421v1","5610673","5610968","76","3470300"
"JH378239","2148721","2149072","KQ053135v1","5034940","5035266","107","2886219"
"JH378239","2236724","2237016","KQ053421v1","5610673","5610968","69","3373949"
"JH378239","2257749","2258064","KQ058427v1","7786546","7786853","81","5528797"
"JH378239","2266396","2266700","KQ053421v1","5610673","5610968","81","3344277"
"JH378239","2273406","2273702","KQ053421v1","5610673","5610968","71","3337267"
"JH378239","2295911","2296209","KQ053421v1","5610673","5610968","79","3314762"
"JH378239","2314202","2314498","KQ058427v1","7786546","7786853","77","5472344"
"JH378239","2390180","2390483","KQ053421v1","5610673","5610968","72","3220493"
"JH378239","2394788","2395100","KQ055352v1","6003171","6003466","73","3608383"
"JH378239","2435254","2435499","KQ058242v1","595939","596205","80","1839315"
"JH378239","2516038","2516359","KQ055352v1","6003171","6003466","92","3487133"
"JH378239","2610367","2610460","KQ055579v1","54828","54918","31","2555539"
"JH378239","2708373","2708685","KQ055267v1","513773","514088","85","2194600"
"JH378239","2733657","2733955","KQ058339v1","4553625","4553889","91","1819968"
"JH378239","2819646","2819955","KQ053421v1","5610673","5610968","75","2791027"
"JH378239","2821403","2821697","KQ053421v1","5610673","5610968","70","2789270"
"JH378239","2998360","2998662","KQ053421v1","5610673","5610968","67","2612313"
"JH378239","3050309","3050621","KQ055267v1","513773","514088","82","2536536"
"JH378239","3309609","3309907","KQ053421v1","5610673","5610968","91","2301064"
"JH378239","3417614","3417918","KQ058427v1","7786546","7786853","76","4368932"
"JH378239","3442164","3442461","KQ055267v1","513773","514088","86","2928391"
"JH378239","3446523","3446829","KQ055352v1","6003171","6003466","70","2556648"
"JH378239","3500002","3500058","KQ058561v1","4800360","4800424","19","1300358"
"JH378239","3520904","3521193","KQ055267v1","513773","514088","95","3007131"
"JH378239","3552956","3553283","KQ058427v1","7786546","7786853","104","4233590"
"JH378239","3671995","3672293","KQ053421v1","5610673","5610968","71","1938678"
"JH378239","3782743","3783037","KQ053421v1","5610673","5610968","74","1827930"
"JH378239","3834840","3835135","KQ053421v1","5610673","5610968","77","1775833"
"JH378239","3861325","3861632","KQ053421v1","5610673","5610968","83","1749348"
"JH378239","3930142","3930270","KQ054401v1","3363241","3363379","38","566901"
"JH378239","3995870","3996167","KQ053421v1","5610673","5610968","78","1614803"
"JH378239","4130706","4130989","KQ054815v1","2215557","2215844","74","1915149"
"JH378239","4169007","4169294","KQ053421v1","5610673","5610968","79","1441666"
"JH378239","4304577","4304877","KQ053421v1","5610673","5610968","77","1306096"
"JH378239","4490693","4490866","KQ053531v1","6571","6737","59","4484122"
"JH378239","4490967","4491082","KQ056493v1","2043382","2043488","54","2447585"
"JH378239","4505340","4505641","KQ053421v1","5610673","5610968","81","1105333"
"JH378239","4522796","4522885","KQ056235v1","1266284","1266361","29","3256512"
"JH378239","4542954","4543076","KQ054401v1","3363241","3363379","51","1179713"
"JH378239","4585930","4586077","KQ054401v1","3363241","3363379","45","1222689"
"JH378239","4622337","4622669","KQ055267v1","513773","514088","101","4108564"
"JH378239","4643322","4643497","KQ058423v1","270754","270928","40","4372568"
"JH378239","4720899","4721201","KQ053421v1","5610673","5610968","89","889774"
"JH378239","4729148","4729296","KQ054401v1","3363241","3363379","44","1365907"
"JH378239","4813777","4814055","KQ053421v1","5610673","5610968","79","796896"
"JH378239","4845996","4846271","KQ053421v1","5610673","5610968","80","764677"
"JH378239","4855499","4855833","KQ055267v1","513773","514088","100","4341726"
"JH378239","4908900","4909193","KQ053421v1","5610673","5610968","81","701773"
"JH378239","4948234","4948521","KQ053421v1","5610673","5610968","76","662439"
"JH378239","5040312","5040622","KQ058427v1","7786546","7786853","77","2746234"
"JH378239","5101141","5101457","KQ053421v1","5610673","5610968","88","509532"
"JH378239","5151463","5151763","KQ058427v1","7786546","7786853","74","2635083"
"JH378239","5214859","5215169","KQ055267v1","513773","514088","74","4701086"
"JH378239","5221053","5221331","KQ053421v1","5610673","5610968","84","389620"
"JH378239","5239392","5239689","KQ053421v1","5610673","5610968","67","371281"
"JH378239","5325376","5325686","KQ053421v1","5610673","5610968","91","285297"
"JH378239","5410594","5410719","KQ054401v1","3363241","3363379","43","2047353"
"JH378239","5434416","5434626","KQ053234v1","1414405","1414609","54","4020011"
"JH378239","5439720","5439864","KQ056911v1","1421731","1421862","39","4017989"
"JH378239","5463910","5464134","KQ053234v1","1414405","1414609","70","4049505"
"JH378239","5503253","5503546","KQ053421v1","5610673","5610968","87","107420"
"JH378239","5539065","5539245","KQ056064v1","326763","326940","62","5212302"
"JH378239","5565572","5565865","KQ053421v1","5610673","5610968","72","45101"
"JH378240","1965863","1966161","KQ053421v1","5610673","5610968","74","3644810"
"JH378240","152379","152668","KQ053421v1","5610673","5610968","71","5458294"
"JH378240","360792","361097","KQ053421v1","5610673","5610968","77","5249881"
"JH378240","401858","402157","KQ053421v1","5610673","5610968","78","5208815"
"JH378240","465875","465975","KQ058316v1","2226037","2226104","48","1760162"
"JH378240","531638","531942","KQ053421v1","5610673","5610968","78","5079035"
"JH378240","569500","569789","KQ053421v1","5610673","5610968","86","5041173"
"JH378240","572777","573093","KQ058427v1","7786546","7786853","80","7213769"
"JH378240","694595","694895","KQ053421v1","5610673","5610968","68","4916078"
"JH378240","762774","763026","KQ058242v1","595939","596205","80","166835"
"JH378240","958831","959131","KQ053421v1","5610673","5610968","71","4651842"
"JH378240","967630","967891","KQ058242v1","595939","596205","75","371691"
"JH378240","1090048","1090355","KQ055352v1","6003171","6003466","72","4913123"
"JH378240","1114002","1114310","KQ055352v1","6003171","6003466","69","4889169"
"JH378240","1116088","1116386","KQ053421v1","5610673","5610968","61","4494585"
"JH378240","1145244","1145544","KQ053421v1","5610673","5610968","78","4465429"
"JH378240","1180993","1181297","KQ053421v1","5610673","5610968","70","4429680"
"JH378240","1188853","1189166","KQ055267v1","513773","514088","73","675080"
"JH378240","1204268","1204396","KQ053398v1","2623748","2623879","33","1419480"
"JH378240","1255366","1255544","KQ058423v1","270754","270928","42","984612"
"JH378240","1259758","1260077","KQ055267v1","513773","514088","95","745985"
"JH378240","1262242","1262552","KQ053421v1","5610673","5610968","86","4348431"
"JH378240","1301661","1301966","KQ055267v1","513773","514088","84","787888"
"JH378240","1336852","1337165","KQ055352v1","6003171","6003466","73","4666319"
"JH378240","1343064","1343352","KQ053421v1","5610673","5610968","80","4267609"
"JH378240","1355499","1355808","KQ053421v1","5610673","5610968","83","4255174"
"JH378240","1439136","1439453","KQ053421v1","5610673","5610968","79","4171537"
"JH378240","1446390","1446503","KQ055717v1","1610376","1610476","40","163986"
"JH378240","1553447","1553757","KQ058427v1","7786546","7786853","80","6233099"
"JH378240","1582962","1583262","KQ053421v1","5610673","5610968","69","4027711"
"JH378240","1604964","1605274","KQ058427v1","7786546","7786853","78","6181582"
"JH378240","1707644","1707953","KQ055352v1","6003171","6003466","87","4295527"
"JH378240","1779323","1779496","KQ058423v1","270754","270928","38","1508569"
"JH378240","1779876","1780183","KQ053421v1","5610673","5610968","89","3830797"
"JH378240","1872843","1873149","KQ053421v1","5610673","5610968","72","3737830"
"JH378240","1887513","1887816","KQ053421v1","5610673","5610968","69","3723160"
"JH378240","1972626","1972910","KQ053421v1","5610673","5610968","81","3638047"
"JH378240","1996812","1997113","KQ053421v1","5610673","5610968","74","3613861"
"JH378240","2005173","2005473","KQ053135v1","5034940","5035266","92","3029767"
"JH378240","2018601","2018900","KQ053421v1","5610673","5610968","63","3592072"
"JH378240","2032148","2032411","KQ058242v1","595939","596205","68","1436209"
"JH378240","2182970","2183276","KQ058427v1","7786546","7786853","78","5603576"
"JH378240","2202123","2202411","KQ053421v1","5610673","5610968","91","3408550"
"JH378240","2206928","2207216","KQ053421v1","5610673","5610968","81","3403745"
"JH378240","2551258","2551557","KQ053421v1","5610673","5610968","89","3059415"
"JH378240","2675458","2675754","KQ053421v1","5610673","5610968","73","2935215"
"JH378240","2816274","2816584","KQ058427v1","7786546","7786853","92","4970272"
"JH378240","2829307","2829437","KQ054401v1","3363241","3363379","52","533934"
"JH378240","2934359","2934669","KQ053421v1","5610673","5610968","97","2676314"
"JH378240","3014010","3014321","KQ055352v1","6003171","6003466","72","2989161"
"JH378240","3019688","3019920","KQ058427v1","6786866","6787134","98","3767178"
"JH378240","3026972","3027267","KQ053421v1","5610673","5610968","69","2583701"
"JH378240","3155065","3155367","KQ053421v1","5610673","5610968","82","2455608"
"JH378240","3162381","3162692","KQ055267v1","513773","514088","80","2648608"
"JH378240","3169838","3170125","KQ058394v1","9655127","9655422","81","6485289"
"JH378240","3221962","3222257","KQ053421v1","5610673","5610968","73","2388711"
"JH378240","3235408","3235707","KQ053421v1","5610673","5610968","66","2375265"
"JH378240","3281301","3281610","KQ058427v1","7786546","7786853","77","4505245"
"JH378240","3363456","3363752","KQ053421v1","5610673","5610968","74","2247217"
"JH378240","3403584","3403885","KQ053421v1","5610673","5610968","77","2207089"
"JH378240","3423603","3423900","KQ053421v1","5610673","5610968","71","2187070"
"JH378240","3527930","3528255","KQ055267v1","513773","514088","86","3014157"
"JH378240","3667648","3667948","KQ053421v1","5610673","5610968","67","1943025"
"JH378240","3797271","3797568","KQ053421v1","5610673","5610968","68","1813402"
"JH378240","3834876","3835185","KQ055352v1","6003171","6003466","73","2168295"
"JH378240","3926171","3926274","KQ056279v1","759081","759162","41","3167090"
"JH378240","3966391","3966702","KQ055352v1","6003171","6003466","75","2036780"
"JH378240","4037172","4037479","KQ055352v1","6003171","6003466","71","1965999"
"JH378240","4062294","4062603","KQ055352v1","6003171","6003466","71","1940877"
"JH378240","4187921","4188232","KQ055267v1","513773","514088","72","3674148"
"JH378240","4349158","4349459","KQ053421v1","5610673","5610968","72","1261515"
"JH378240","4350340","4350662","KQ055267v1","513773","514088","87","3836567"
"JH378240","4411766","4412068","KQ053421v1","5610673","5610968","70","1198907"
"JH378240","4442262","4442552","KQ053421v1","5610673","5610968","76","1168411"
"JH378240","4516379","4516696","KQ055267v1","513773","514088","76","4002606"
"JH378240","4643139","4643271","KQ055579v1","54828","54918","72","4588311"
"JH378240","4664597","4664897","KQ053421v1","5610673","5610968","70","946076"
"JH378240","4681052","4681363","KQ055352v1","6003171","6003466","70","1322119"
"JH378240","4709384","4709601","KQ058242v1","595939","596205","92","4113445"
"JH378240","4709702","4709778","KQ058316v1","2226037","2226104","29","2483665"
"JH378240","4730601","4730918","KQ055267v1","513773","514088","91","4216828"
"JH378240","4746910","4747229","KQ055267v1","513773","514088","96","4233137"
"JH378240","4952859","4953140","KQ054815v1","2215557","2215844","82","2737302"
"JH378240","5022419","5022725","KQ055352v1","6003171","6003466","72","980752"
"JH378240","5028504","5028802","KQ053421v1","5610673","5610968","70","582169"
"JH378240","5082605","5082903","KQ053421v1","5610673","5610968","72","528068"
"JH378240","5131685","5132006","KQ055267v1","513773","514088","79","4617912"
"JH378240","5294960","5295240","KQ053421v1","5610673","5610968","87","315713"
"JH378240","5337010","5337247","KQ058242v1","595939","596205","84","4741071"
"JH378240","5398571","5398875","KQ053421v1","5610673","5610968","99","212102"
"JH378240","5408203","5408516","KQ055267v1","513773","514088","74","4894430"
"JH378240","5481238","5481532","KQ053421v1","5610673","5610968","75","129435"
"JH378241","7703","7988","KQ053421v1","5610673","5610968","79","5602970"
"JH378241","13181","13472","KQ053421v1","5610673","5610968","74","5597492"
"JH378241","25216","25342","KQ053398v1","2623748","2623879","31","2598532"
"JH378241","38133","38431","KQ058427v1","7786546","7786853","84","7748413"
"JH378241","38657","38858","KQ052982v1","2032903","2033097","55","1994246"
"JH378241","72665","72805","KQ053398v1","2623748","2623879","36","2551083"
"JH378241","72906","73052","KQ054401v1","3363241","3363379","40","3290335"
"JH378241","102019","102327","KQ055352v1","6003171","6003466","66","5901152"
"JH378241","143416","143699","KQ053785v1","888769","889063","80","745353"
"JH378241","169798","170078","KQ053785v1","888769","889063","81","718971"
"JH378241","178665","178957","KQ053421v1","5610673","5610968","70","5432008"
"JH378241","255111","255425","KQ058427v1","7786546","7786853","81","7531435"
"JH378241","362965","363300","KQ053135v1","5034940","5035266","123","4671975"
"JH378241","514549","514645","KQ056493v1","2043382","2043488","32","1528833"
"JH378241","553246","553532","KQ053421v1","5610673","5610968","76","5057427"
"JH378241","637516","637794","KQ055862v1","1305285","1305561","88","667769"
"JH378241","695891","696181","KQ053421v1","5610673","5610968","76","4914782"
"JH378241","755388","755697","KQ055352v1","6003171","6003466","78","5247783"
"JH378241","756299","756582","KQ053421v1","5610673","5610968","99","4854374"
"JH378241","815830","815963","KQ053398v1","2623748","2623879","40","1807918"
"JH378241","870497","870808","KQ055267v1","513773","514088","67","356724"
"JH378241","890770","891073","KQ053421v1","5610673","5610968","70","4719903"
"JH378241","920629","920937","KQ055352v1","6003171","6003466","72","5082542"
"JH378241","925808","925930","KQ053398v1","2623748","2623879","36","1697940"
"JH378241","968201","968497","KQ053421v1","5610673","5610968","75","4642472"
"JH378241","976985","977222","KQ058242v1","595939","596205","84","381046"
"JH378241","1026611","1026901","KQ053421v1","5610673","5610968","86","4584062"
"JH378241","1034707","1035019","KQ054815v1","2215557","2215844","108","1180850"
"JH378241","1133356","1133667","KQ055267v1","513773","514088","70","619583"
"JH378241","1200853","1201166","KQ053135v1","5034940","5035266","98","3834087"
"JH378241","1208054","1208358","KQ053421v1","5610673","5610968","74","4402619"
"JH378241","1221559","1221873","KQ053421v1","5610673","5610968","79","4389114"
"JH378241","1248282","1248562","KQ057186v1","783828","784085","83","464454"
"JH378241","1279648","1279802","KQ053004v1","3064551","3064681","52","1784903"
"JH378241","1302004","1302305","KQ053421v1","5610673","5610968","69","4308669"
"JH378241","1311970","1312269","KQ053421v1","5610673","5610968","74","4298703"
"JH378241","1372919","1373196","KQ053421v1","5610673","5610968","86","4237754"
"JH378241","1596109","1596400","KQ053421v1","5610673","5610968","78","4014564"
"JH378241","1890305","1890631","KQ053135v1","5034940","5035266","108","3144635"
"JH378241","1908302","1908605","KQ053421v1","5610673","5610968","88","3702371"
"JH378241","2065318","2065629","KQ055352v1","6003171","6003466","71","3937853"
"JH378241","2114647","2114934","KQ053421v1","5610673","5610968","74","3496026"
"JH378241","2137363","2137668","KQ055352v1","6003171","6003466","69","3865808"
"JH378241","2151151","2151443","KQ053421v1","5610673","5610968","71","3459522"
"JH378241","2202561","2202805","KQ058509v1","24058","24271","79","2178503"
"JH378241","2210680","2210988","KQ058427v1","7786546","7786853","82","5575866"
"JH378241","2255145","2255454","KQ058427v1","7786546","7786853","79","5531401"
"JH378241","2289094","2289370","KQ054815v1","2215557","2215844","82","73537"
"JH378241","2514438","2514744","KQ055267v1","513773","514088","85","2000665"
"JH378241","2540826","2541135","KQ055267v1","513773","514088","75","2027053"
"JH378241","2659068","2659273","KQ052982v1","2032903","2033097","62","626165"
"JH378241","2671765","2672061","KQ053421v1","5610673","5610968","86","2938908"
"JH378241","2696161","2696469","KQ055267v1","513773","514088","71","2182388"
"JH378241","2867432","2867723","KQ053421v1","5610673","5610968","78","2743241"
"JH378241","2934099","2934289","KQ056064v1","326763","326940","60","2607336"
"JH378241","2963345","2963527","KQ054954v1","1680710","1680882","48","1282635"
"JH378241","3082602","3082920","KQ055352v1","6003171","6003466","81","2920569"
"JH378241","3100691","3101002","KQ055267v1","513773","514088","77","2586918"
"JH378241","3184670","3185005","KQ055267v1","513773","514088","97","2670897"
"JH378241","3192733","3193044","KQ055352v1","6003171","6003466","71","2810438"
"JH378241","3204614","3204926","KQ055352v1","6003171","6003466","77","2798557"
"JH378241","3223254","3223454","KQ053752v1","8015097","8015288","71","4791843"
"JH378241","3340981","3341292","KQ055352v1","6003171","6003466","71","2662190"
"JH378241","3468494","3468804","KQ053421v1","5610673","5610968","78","2142179"
"JH378241","3491712","3492021","KQ055352v1","6003171","6003466","71","2511459"
"JH378241","3530692","3530994","KQ053421v1","5610673","5610968","72","2079981"
"JH378241","3669180","3669478","KQ053421v1","5610673","5610968","65","1941493"
"JH378241","3686500","3686798","KQ053421v1","5610673","5610968","73","1924173"
"JH378241","3774764","3775022","KQ054815v1","2215557","2215844","91","1559207"
"JH378241","3838817","3839112","KQ053421v1","5610673","5610968","69","1771856"
"JH378241","3863523","3863830","KQ053421v1","5610673","5610968","70","1747150"
"JH378241","3872889","3873171","KQ053421v1","5610673","5610968","92","1737784"
"JH378241","3895274","3895579","KQ055352v1","6003171","6003466","67","2107897"
"JH378241","3898564","3898872","KQ055267v1","513773","514088","72","3384791"
"JH378241","3995560","3995866","KQ055352v1","6003171","6003466","68","2007611"
"JH378241","4392566","4392705","KQ053398v1","2623748","2623879","40","1768818"
"JH378241","4402512","4402572","KQ053587v1","1583613","1583661","33","2818899"
"JH378241","4626588","4626875","KQ053421v1","5610673","5610968","82","984085"
"JH378241","4735085","4735299","KQ053234v1","1414405","1414609","57","3320680"
"JH378241","4758626","4758920","KQ053421v1","5610673","5610968","96","852047"
"JH378241","4797259","4797561","KQ053421v1","5610673","5610968","66","813414"
"JH378241","4816342","4816578","KQ055662v1","1890465","1890674","80","2925877"
"JH378241","4827879","4828116","KQ058242v1","595939","596205","83","4231940"
"JH378241","4841757","4842064","KQ055267v1","513773","514088","80","4327984"
"JH378241","4862718","4863019","KQ053421v1","5610673","5610968","77","747955"
"JH378241","4896805","4897121","KQ055267v1","513773","514088","90","4383032"
"JH378241","4906804","4907049","KQ058242v1","595939","596205","85","4310865"
"JH378241","4944833","4945066","KQ053234v1","1414405","1414609","70","3530428"
"JH378241","4953067","4953264","KQ058594v1","5950443","5950621","66","997376"
"JH378241","4954191","4954261","KQ056279v1","759081","759162","27","4195110"
"JH378241","4958014","4958319","KQ053421v1","5610673","5610968","72","652659"
"JH378241","4983489","4983801","KQ055267v1","513773","514088","85","4469716"
"JH378241","5002068","5002377","KQ055352v1","6003171","6003466","72","1001103"
"JH378241","5010072","5010372","KQ053421v1","5610673","5610968","91","600601"
"JH378241","5018519","5018822","KQ055352v1","6003171","6003466","69","984652"
"JH378241","5042342","5042604","KQ058242v1","595939","596205","78","4446403"
"JH378241","5061167","5061464","KQ053421v1","5610673","5610968","79","549506"
"JH378241","5122137","5122438","KQ053421v1","5610673","5610968","87","488536"
"JH378241","5140011","5140321","KQ058427v1","7786546","7786853","96","2646535"
"JH378241","5176366","5176659","KQ053421v1","5610673","5610968","73","434307"
"JH378241","5196978","5197287","KQ055267v1","513773","514088","86","4683205"
"JH378241","5242903","5243211","KQ055267v1","513773","514088","101","4729130"
"JH378241","5249057","5249375","KQ055267v1","513773","514088","79","4735284"
"JH378241","5270004","5270299","KQ053421v1","5610673","5610968","71","340669"
"JH378241","5311953","5312269","KQ053421v1","5610673","5610968","84","298720"
"JH378241","5372008","5372298","KQ055352v1","6003171","6003466","91","631163"
"JH378241","5376419","5376711","KQ053421v1","5610673","5610968","83","234254"
"JH378241","5376852","5377141","KQ053421v1","5610673","5610968","74","233821"
"JH378241","5408558","5408729","KQ058516v1","2165529","2165682","51","3243029"
"JH378241","5420281","5420575","KQ053421v1","5610673","5610968","70","190392"
"JH378241","5472509","5472810","KQ053421v1","5610673","5610968","68","138164"
"JH378241","5514332","5514636","KQ053421v1","5610673","5610968","79","96341"
"JH378241","5519886","5520172","KQ053421v1","5610673","5610968","81","90787"
"JH378242","1","278","KQ053421v1","5610673","5610968","90","5610672"
"JH378242","33659","33969","KQ053421v1","5610673","5610968","82","5577014"
"JH378242","135822","136110","KQ053785v1","888769","889063","87","752947"
"JH378242","141368","141688","KQ053421v1","5610673","5610968","81","5469305"
"JH378242","156314","156594","KQ054815v1","2215557","2215844","82","2059243"
"JH378242","173570","173838","KQ055830v1","661716","661986","87","488146"
"JH378242","375439","375730","KQ053421v1","5610673","5610968","71","5235234"
"JH378242","377370","377668","KQ053421v1","5610673","5610968","79","5233303"
"JH378242","386435","386746","KQ055267v1","513773","514088","71","127338"
"JH378242","391066","391358","KQ053421v1","5610673","5610968","73","5219607"
"JH378242","397726","397933","KQ052982v1","2032903","2033097","52","1635177"
"JH378242","408528","408828","KQ053421v1","5610673","5610968","74","5202145"
"JH378242","414298","414583","KQ053421v1","5610673","5610968","81","5196375"
"JH378242","548044","548148","KQ058316v1","2226037","2226104","52","1677993"
"JH378242","548520","548665","KQ053398v1","2623748","2623879","48","2075228"
"JH378242","601766","602068","KQ055267v1","513773","514088","79","87993"
"JH378242","644268","644561","KQ053421v1","5610673","5610968","74","4966405"
"JH378242","689298","689560","KQ053421v1","5610673","5610968","84","4921375"
"JH378242","812507","812772","KQ053421v1","5610673","5610968","95","4798166"
"JH378242","898974","899278","KQ053421v1","5610673","5610968","75","4711699"
"JH378242","900832","901117","KQ053421v1","5610673","5610968","85","4709841"
"JH378242","910882","911179","KQ053421v1","5610673","5610968","74","4699791"
"JH378242","922158","922444","KQ058640v1","643463","643729","78","278695"
"JH378242","934552","934862","KQ055267v1","513773","514088","69","420779"
"JH378242","959931","960242","KQ058427v1","7786546","7786853","80","6826615"
"JH378242","966575","966793","KQ053234v1","1414405","1414609","65","447830"
"JH378242","984601","984912","KQ058427v1","7786546","7786853","85","6801945"
"JH378242","1006491","1006626","KQ053398v1","2627781","2627909","38","1621290"
"JH378242","1058245","1058497","KQ058242v1","595939","596205","78","462306"
"JH378242","1070937","1071234","KQ053421v1","5610673","5610968","83","4539736"
"JH378242","1075069","1075372","KQ053421v1","5610673","5610968","82","4535604"
"JH378242","1089370","1089681","KQ053421v1","5610673","5610968","86","4521303"
"JH378242","1136070","1136341","KQ053421v1","5610673","5610968","87","4474603"
"JH378242","1170611","1170918","KQ055267v1","513773","514088","77","656838"
"JH378242","1211197","1211325","KQ053398v1","2623748","2623879","35","1412551"
"JH378242","1223613","1223859","KQ055717v1","1610777","1611031","81","387164"
"JH378242","1261686","1261987","KQ053421v1","5610673","5610968","82","4348987"
"JH378242","1267659","1267946","KQ053421v1","5610673","5610968","77","4343014"
"JH378242","1320191","1320495","KQ053421v1","5610673","5610968","81","4290482"
"JH378242","1366110","1366426","KQ053421v1","5610673","5610968","79","4244563"
"JH378242","1374681","1374982","KQ058427v1","7786546","7786853","86","6411865"
"JH378242","1390459","1390765","KQ053421v1","5610673","5610968","84","4220214"
"JH378242","1474840","1475110","KQ058242v1","595939","596205","84","878901"
"JH378242","1507847","1508113","KQ058242v1","595939","596205","70","911908"
"JH378242","1516112","1516268","KQ058594v1","2771639","2771800","38","1255527"
"JH378242","1618411","1618719","KQ053421v1","5610673","5610968","84","3992262"
"JH378242","1694693","1694797","KQ056493v1","2043382","2043488","48","348689"
"JH378242","1694849","1694911","KQ054301v1","913068","913128","19","781781"
"JH378242","1699367","1699658","KQ053421v1","5610673","5610968","80","3911306"
"JH378242","1706994","1707205","KQ058274v1","300327","300497","70","1406667"
"JH378242","1738160","1738419","KQ053421v1","5610673","5610968","83","3872513"
"JH378242","1738688","1739000","KQ058427v1","7786546","7786853","84","6047858"
"JH378242","1761971","1762288","KQ058427v1","7786546","7786853","91","6024575"
"JH378242","1779374","1779675","KQ053421v1","5610673","5610968","75","3831299"
"JH378242","1843487","1843790","KQ053421v1","5610673","5610968","79","3767186"
"JH378242","1847540","1847686","KQ056911v1","1421731","1421862","42","425809"
"JH378242","1876729","1877023","KQ053421v1","5610673","5610968","84","3733944"
"JH378242","1895233","1895485","KQ058505v1","2207051","2207301","89","311818"
"JH378242","1949900","1950196","KQ053421v1","5610673","5610968","88","3660773"
"JH378242","1997105","1997327","KQ053234v1","1679581","1679757","86","317524"
"JH378242","2003339","2003647","KQ053421v1","5610673","5610968","79","3607334"
"JH378242","2025064","2025372","KQ055352v1","6003171","6003466","71","3978107"
"JH378242","2047038","2047259","KQ058274v1","300327","300497","78","1746711"
"JH378242","2049003","2049277","KQ057186v1","783828","784085","81","1265175"
"JH378242","2052603","2052912","KQ053421v1","5610673","5610968","75","3558070"
"JH378242","2053348","2053630","KQ053421v1","5610673","5610968","86","3557325"
"JH378242","2063455","2063723","KQ057186v1","783828","784085","67","1279627"
"JH378242","2065976","2066276","KQ053421v1","5610673","5610968","78","3544697"
"JH378242","2074013","2074246","KQ055717v1","1610777","1611031","80","463236"
"JH378242","2078354","2078671","KQ055267v1","513773","514088","85","1564581"
"JH378242","2085357","2085650","KQ053421v1","5610673","5610968","78","3525316"
"JH378242","2120467","2120764","KQ053421v1","5610673","5610968","82","3490206"
"JH378242","2189352","2189649","KQ053421v1","5610673","5610968","77","3421321"
"JH378242","2199152","2199433","KQ058339v1","4553625","4553889","83","2354473"
"JH378242","2246501","2246783","KQ058427v1","6786866","6787134","88","4540365"
"JH378242","2281524","2281821","KQ053421v1","5610673","5610968","69","3329149"
"JH378242","2285087","2285190","KQ056493v1","2043382","2043488","43","241705"
"JH378242","2316218","2316530","KQ055352v1","6003171","6003466","99","3686953"
"JH378242","2335407","2335713","KQ055267v1","513773","514088","69","1821634"
"JH378242","2337925","2338136","KQ056147v1","2861940","2862121","67","524015"
"JH378242","2347030","2347328","KQ053421v1","5610673","5610968","77","3263643"
"JH378242","2354240","2354538","KQ053421v1","5610673","5610968","74","3256433"
"JH378242","2365577","2365872","KQ053421v1","5610673","5610968","66","3245096"
"JH378242","2370617","2370922","KQ053421v1","5610673","5610968","69","3240056"
"JH378242","2372265","2372572","KQ053421v1","5610673","5610968","74","3238408"
"JH378242","2440806","2441105","KQ053421v1","5610673","5610968","75","3169867"
"JH378242","2512205","2512497","KQ053421v1","5610673","5610968","70","3098468"
"JH378242","2513329","2513478","KQ056911v1","1421731","1421862","47","1091598"
"JH378242","2519282","2519556","KQ053421v1","5610673","5610968","82","3091391"
"JH378242","2529735","2530037","KQ053421v1","5610673","5610968","70","3080938"
"JH378242","2544241","2544400","KQ054510v1","7582269","7582431","34","5038028"
"JH378242","2544420","2544616","ABDC02053644v1","2226","2419","62","2542194"
"JH378242","2544935","2545013","KQ053004v1","5079579","5079652","36","2534644"
"JH378242","2563610","2563910","KQ053421v1","5610673","5610968","86","3047063"
"JH378242","2569406","2569571","KQ057204v1","2930576","2930741","37","361170"
"JH378242","2581748","2581862","KQ056493v1","2043382","2043488","42","538366"
"JH378242","2639421","2639725","KQ053421v1","5610673","5610968","81","2971252"
"JH378242","2676767","2677067","KQ053421v1","5610673","5610968","79","2933906"
"JH378242","2708023","2708332","KQ058427v1","7786546","7786853","68","5078523"
"JH378242","2716822","2717126","KQ054815v1","2215557","2215844","93","501265"
"JH378242","2775335","2775666","KQ058427v1","7786546","7786853","91","5011211"
"JH378242","2817775","2818041","KQ057186v1","783828","784085","77","2033947"
"JH378242","2922264","2922576","KQ053421v1","5610673","5610968","81","2688409"
"JH378242","2923611","2923829","KQ052982v1","2032903","2033097","66","890708"
"JH378242","2956880","2957170","KQ053421v1","5610673","5610968","81","2653793"
"JH378242","3081596","3081824","KQ058242v1","595939","596205","103","2485657"
"JH378242","3081825","3082136","KQ053421v1","5610673","5610968","85","2528848"
"JH378242","3100659","3100963","KQ055352v1","6003171","6003466","71","2902512"
"JH378242","3139280","3139590","KQ055352v1","6003171","6003466","76","2863891"
"JH378242","3139757","3140063","KQ055352v1","6003171","6003466","68","2863414"
"JH378242","3146258","3146545","KQ053421v1","5610673","5610968","71","2464415"
"JH378242","3190287","3190586","KQ053421v1","5610673","5610968","78","2420386"
"JH378242","3198838","3199136","KQ053421v1","5610673","5610968","74","2411835"
"JH378242","3219073","3219379","KQ053421v1","5610673","5610968","76","2391600"
"JH378242","3340076","3340367","KQ053421v1","5610673","5610968","85","2270597"
"JH378242","3347140","3347391","KQ058640v1","643463","643729","91","2703677"
"JH378242","3754920","3755237","KQ058427v1","7786546","7786853","83","4031626"
"JH378242","3850455","3850619","KQ053993v1","1251070","1251235","46","2599385"
"JH378242","3875958","3876266","KQ055352v1","6003171","6003466","75","2127213"
"JH378242","4017020","4017329","KQ053421v1","5610673","5610968","78","1593653"
"JH378242","4167958","4168269","KQ055267v1","513773","514088","76","3654185"
"JH378242","4264598","4264886","KQ053421v1","5610673","5610968","96","1346075"
"JH378242","4387703","4387997","KQ053421v1","5610673","5610968","80","1222970"
"JH378242","4460327","4460512","KQ058274v1","300327","300497","49","4160000"
"JH378242","4460613","4460722","KQ058316v1","2226037","2226104","55","2234576"
"JH378242","4645927","4646218","KQ055267v1","513773","514088","90","4132154"
"JH378242","4951444","4951739","KQ053421v1","5610673","5610968","70","659229"
"JH378242","5072539","5072843","KQ055352v1","6003171","6003466","76","930632"
"JH378242","5098555","5098857","KQ053421v1","5610673","5610968","72","512118"
"JH378242","5127497","5127786","KQ055352v1","6003171","6003466","81","875674"
"JH378242","5223437","5223731","KQ053421v1","5610673","5610968","86","387236"
"JH378242","5253009","5253304","KQ058427v1","7786546","7786853","86","2533537"
"JH378242","5497093","5497383","KQ053421v1","5610673","5610968","86","113580"
"JH378243","145751","145993","KQ058505v1","2207051","2207301","90","2061300"
"JH378243","184064","184136","KQ055394v1","3161316","3161387","32","2977252"
"JH378243","204044","204343","KQ053421v1","5610673","5610968","66","5406629"
"JH378243","237130","237430","KQ053421v1","5610673","5610968","84","5373543"
"JH378243","410890","411178","KQ053421v1","5610673","5610968","75","5199783"
"JH378243","657660","657859","KQ053234v1","1679581","1679757","58","1021921"
"JH378243","926779","926895","KQ053398v1","2623748","2623879","43","1696969"
"JH378243","1141991","1142271","KQ058640v1","643463","643729","93","498528"
"JH378243","1317806","1318090","KQ053421v1","5610673","5610968","78","4292867"
"JH378243","1438779","1438903","KQ056911v1","1421731","1421862","39","17048"
"JH378243","1621315","1621626","KQ055352v1","6003171","6003466","74","4381856"
"JH378243","1678162","1678467","KQ055352v1","6003171","6003466","83","4325009"
"JH378243","1709846","1710102","KQ058427v1","6786866","6787134","90","5077020"
"JH378243","1778264","1778555","KQ053421v1","5610673","5610968","81","3832409"
"JH378243","1933625","1933929","KQ055352v1","6003171","6003466","71","4069546"
"JH378243","1955954","1956255","KQ058427v1","7786546","7786853","78","5830592"
"JH378243","1978605","1978895","KQ053421v1","5610673","5610968","81","3632068"
"JH378243","2042771","2043070","KQ053421v1","5610673","5610968","77","3567902"
"JH378243","2214523","2214820","KQ055140v1","2807106","2807399","100","592583"
"JH378243","2451457","2451735","KQ058242v1","595939","596205","79","1855518"
"JH378243","2511366","2511674","KQ055267v1","513773","514088","78","1997593"
"JH378243","2617259","2617594","KQ055352v1","6003171","6003466","121","3385912"
"JH378243","2619399","2619531","KQ053398v1","2623748","2623879","33","4349"
"JH378243","2645407","2645698","KQ053421v1","5610673","5610968","84","2965266"
"JH378243","2691884","2692194","KQ058427v1","7786546","7786853","82","5094662"
"JH378243","2827774","2828082","KQ055267v1","513773","514088","73","2314001"
"JH378243","2840019","2840318","KQ053421v1","5610673","5610968","82","2770654"
"JH378243","2841271","2841475","KQ057380v1","3344874","3345081","50","503603"
"JH378243","2888472","2888737","KQ058242v1","595939","596205","74","2292533"
"JH378243","3194436","3194720","KQ055862v1","1305285","1305561","89","1889151"
"JH378243","3381036","3381341","KQ055352v1","6003171","6003466","69","2622135"
"JH378243","3404773","3405066","KQ053421v1","5610673","5610968","77","2205900"
"JH378243","3449933","3450233","KQ053421v1","5610673","5610968","68","2160740"
"JH378243","3453297","3453553","KQ058242v1","595939","596205","95","2857358"
"JH378243","3562298","3562591","KQ053785v1","888769","889063","86","2673529"
"JH378243","3680405","3680715","KQ053421v1","5610673","5610968","77","1930268"
"JH378243","3913797","3914094","KQ053421v1","5610673","5610968","75","1696876"
"JH378243","3962869","3962978","KQ056493v1","2043382","2043488","41","1919487"
"JH378243","4009467","4009793","KQ055267v1","513773","514088","105","3495694"
"JH378243","4021240","4021520","KQ053421v1","5610673","5610968","80","1589433"
"JH378243","4032372","4032683","KQ055267v1","513773","514088","71","3518599"
"JH378243","4189610","4189910","KQ053421v1","5610673","5610968","69","1421063"
"JH378243","4204503","4204814","KQ055352v1","6003171","6003466","75","1798668"
"JH378243","4274196","4274516","KQ055267v1","513773","514088","98","3760423"
"JH378243","4524354","4524641","KQ055862v1","1305285","1305561","92","3219069"
"JH378243","4655175","4655460","KQ053421v1","5610673","5610968","91","955498"
"JH378243","4656860","4657047","ABDC02053644v1","2226","2419","79","4654634"
"JH378243","4673333","4673581","KQ058509v1","24058","24271","94","4649275"
"JH378243","4692656","4692937","KQ053785v1","888769","889063","83","3803887"
"JH378244","4325202","4325410","KQ055662v1","1890465","1890674","69","2434737"
"JH378244","4587383","4587562","KQ054954v1","1680710","1680882","44","2906673"
"JH378244","58690","58936","KQ056321v1","575951","576190","86","517261"
"JH378244","250518","250811","KQ053421v1","5610673","5610968","89","5360155"
"JH378244","328768","329081","KQ055352v1","6003171","6003466","73","5674403"
"JH378244","400600","400918","KQ055267v1","513773","514088","88","113173"
"JH378244","660515","660820","KQ055352v1","6003171","6003466","78","5342656"
"JH378244","702245","702553","KQ053421v1","5610673","5610968","72","4908428"
"JH378244","706995","707265","KQ058242v1","595939","596205","83","111056"
"JH378244","714882","715175","KQ053421v1","5610673","5610968","75","4895791"
"JH378244","823796","824106","KQ055267v1","513773","514088","80","310023"
"JH378244","1046676","1046983","KQ055352v1","6003171","6003466","70","4956495"
"JH378244","1214328","1214543","ABDC02053644v1","2226","2419","88","1212102"
"JH378244","1221201","1221489","KQ053421v1","5610673","5610968","78","4389472"
"JH378244","1244852","1245161","KQ053421v1","5610673","5610968","83","4365821"
"JH378244","1304682","1304993","KQ058427v1","7786546","7786853","73","6481864"
"JH378244","1408202","1408492","KQ053421v1","5610673","5610968","79","4202471"
"JH378244","1462835","1463122","KQ053421v1","5610673","5610968","84","4147838"
"JH378244","1529487","1529790","KQ053421v1","5610673","5610968","89","4081186"
"JH378244","1675751","1676038","KQ053421v1","5610673","5610968","75","3934922"
"JH378244","1819989","1820305","KQ055352v1","6003171","6003466","81","4183182"
"JH378244","1953905","1954133","KQ058242v1","595939","596205","87","1357966"
"JH378244","1968421","1968722","KQ053421v1","5610673","5610968","75","3642252"
"JH378244","1969293","1969596","KQ053421v1","5610673","5610968","76","3641380"
"JH378244","2026577","2026859","KQ058242v1","595939","596205","80","1430638"
"JH378244","2041420","2041728","KQ058427v1","7786546","7786853","86","5745126"
"JH378244","2042357","2042630","KQ058339v1","4553625","4553889","76","2511268"
"JH378244","2064434","2064744","KQ058427v1","7786546","7786853","78","5722112"
"JH378244","2131711","2131951","KQ055717v1","1610777","1611031","95","520934"
"JH378244","2134903","2134988","KQ056235v1","1266284","1266361","27","868619"
"JH378244","2165974","2166095","KQ053398v1","2623748","2623879","42","457774"
"JH378244","2166396","2166494","KQ058316v1","2226037","2226104","46","59641"
"JH378244","2295018","2295294","KQ058242v1","595939","596205","73","1699079"
"JH378244","2378815","2379118","KQ053421v1","5610673","5610968","69","3231858"
"JH378244","2382876","2383145","KQ058427v1","6786866","6787134","89","4403990"
"JH378244","2500005","2500138","KQ054401v1","3363241","3363379","36","863236"
"JH378244","2554134","2554431","KQ053421v1","5610673","5610968","78","3056539"
"JH378244","2701757","2702044","KQ053421v1","5610673","5610968","84","2908916"
"JH378244","2803326","2803633","KQ055352v1","6003171","6003466","69","3199845"
"JH378244","2868446","2868596","KQ056118v1","822027","822185","51","2046419"
"JH378244","2900963","2901256","KQ053421v1","5610673","5610968","80","2709710"
"JH378244","2922825","2923116","KQ053421v1","5610673","5610968","82","2687848"
"JH378244","2951182","2951493","KQ055267v1","513773","514088","74","2437409"
"JH378244","2961973","2962264","KQ055352v1","6003171","6003466","80","3041198"
"JH378244","3199629","3199965","KQ055352v1","6003171","6003466","97","2803542"
"JH378244","3207328","3207539","KQ058274v1","300327","300497","73","2907001"
"JH378244","3244151","3244459","KQ053421v1","5610673","5610968","92","2366522"
"JH378244","3374765","3375068","KQ053421v1","5610673","5610968","69","2235908"
"JH378244","3395737","3396034","KQ058427v1","7786546","7786853","71","4390809"
"JH378244","3410300","3410605","KQ055267v1","513773","514088","84","2896527"
"JH378244","3418367","3418629","KQ058242v1","595939","596205","69","2822428"
"JH378244","3427160","3427461","KQ053421v1","5610673","5610968","71","2183513"
"JH378244","3441307","3441605","KQ053421v1","5610673","5610968","76","2169366"
"JH378244","3464335","3464642","KQ053421v1","5610673","5610968","75","2146338"
"JH378244","3487658","3487944","KQ058640v1","643463","643729","82","2844195"
"JH378244","3498861","3499043","KQ053234v1","1679581","1679757","43","1819280"
"JH378244","3502854","3503153","KQ058427v1","7786546","7786853","75","4283692"
"JH378244","3639722","3640010","KQ053421v1","5610673","5610968","76","1970951"
"JH378244","3663937","3664133","KQ058274v1","300327","300497","91","3363610"
"JH378244","3668605","3668914","KQ055352v1","6003171","6003466","71","2334566"
"JH378244","3670468","3670750","KQ054815v1","2215557","2215844","79","1454911"
"JH378244","3731565","3731862","KQ053421v1","5610673","5610968","80","1879108"
"JH378244","3737486","3737785","KQ053421v1","5610673","5610968","82","1873187"
"JH378244","3766389","3766685","KQ053421v1","5610673","5610968","75","1844284"
"JH378244","3791391","3791703","KQ058427v1","7786546","7786853","79","3995155"
"JH378244","3794410","3794709","KQ058427v1","7786546","7786853","83","3992136"
"JH378244","3813850","3813999","KQ053398v1","2623748","2623879","46","1190102"
"JH378244","3855116","3855192","KQ056235v1","1266284","1266361","25","2588832"
"JH378244","3877237","3877533","KQ055267v1","513773","514088","84","3363464"
"JH378244","3892329","3892503","KQ058350v1","9514178","9514352","52","5621849"
"JH378244","3917129","3917424","KQ053421v1","5610673","5610968","76","1693544"
"JH378244","3954070","3954366","KQ053421v1","5610673","5610968","79","1656603"
"JH378244","3983717","3984017","KQ053421v1","5610673","5610968","77","1626956"
"JH378244","4042620","4042962","KQ053135v1","5034940","5035266","107","992320"
"JH378244","4045379","4045681","KQ053421v1","5610673","5610968","75","1565294"
"JH378244","4084102","4084382","KQ053421v1","5610673","5610968","87","1526571"
"JH378244","4086755","4087059","KQ053421v1","5610673","5610968","76","1523918"
"JH378244","4094646","4094938","KQ053421v1","5610673","5610968","70","1516027"
"JH378244","4097307","4097596","KQ058427v1","7786546","7786853","87","3689239"
"JH378244","4176104","4176422","KQ055267v1","513773","514088","87","3662331"
"JH378244","4177616","4177890","KQ053785v1","888769","889063","77","3288847"
"JH378244","4304249","4304519","KQ057186v1","783828","784085","83","3520421"
"JH378244","4324196","4324289","KQ056279v1","759081","759162","29","3565115"
"JH378244","4327369","4327663","KQ053421v1","5610673","5610968","70","1283304"
"JH378244","4333837","4334139","KQ053421v1","5610673","5610968","67","1276836"
"JH378244","4369307","4369404","KQ056235v1","1266284","1266361","35","3103023"
"JH378244","4376417","4376698","KQ057186v1","783828","784085","80","3592589"
"JH378244","4381482","4381745","KQ058242v1","595939","596205","87","3785543"
"JH378244","4389276","4389375","KQ056279v1","759081","759162","33","3630195"
"JH378244","4390513","4390569","KQ058561v1","4800360","4800424","26","409847"
"JH378244","4390589","4390789","KQ056147v1","2861940","2862121","60","1528649"
"JH378244","4416843","4417145","KQ053421v1","5610673","5610968","75","1193830"
"JH378244","4426438","4426713","KQ053421v1","5610673","5610968","82","1184235"
"JH378244","4440364","4440662","KQ058427v1","7786546","7786853","74","3346182"
"JH378244","4446913","4447212","KQ053421v1","5610673","5610968","78","1163760"
"JH378244","4503149","4503348","KQ058594v1","5950443","5950621","64","1447294"
"JH378244","4530759","4531044","KQ053421v1","5610673","5610968","73","1079914"
"JH378244","4536500","4536537","KQ053234v1","1679807","1679838","15","2856693"
"JH378244","4536852","4537125","KQ057186v1","783828","784085","75","3753024"
"JH378244","4560090","4560390","KQ053421v1","5610673","5610968","68","1050583"
"JH378244","4575145","4575410","KQ058242v1","595939","596205","70","3979206"
"JH378244","4577121","4577245","KQ053398v1","2623748","2623879","42","1953373"
"JH378244","4587665","4587777","KQ055717v1","1610376","1610476","43","2977289"
"JH378244","4597952","4598188","KQ058509v1","24058","24271","72","4573894"
"JH378244","4601637","4601881","KQ057901v1","868884","869144","91","3732753"
"JH378244","4676340","4676636","KQ053421v1","5610673","5610968","72","934333"
"JH378244","4684617","4684928","KQ055267v1","513773","514088","71","4170844"
"JH378244","4686383","4686683","KQ053421v1","5610673","5610968","70","924290"
"JH378244","4689347","4689657","KQ055267v1","513773","514088","73","4175574"
"JH378244","4700703","4700987","KQ053421v1","5610673","5610968","88","909970"
"JH378244","4707317","4707618","KQ055352v1","6003171","6003466","82","1295854"
"JH378244","4709227","4709499","KQ053421v1","5610673","5610968","97","901446"
"JH378245","16518","16760","KQ058242v1","595939","596205","79","579421"
"JH378245","16782","17072","KQ053421v1","5610673","5610968","72","5593891"
"JH378245","49850","49979","KQ056911v1","1421731","1421862","36","1371881"
"JH378245","85455","85765","KQ053421v1","5610673","5610968","75","5525218"
"JH378245","85771","86077","KQ053421v1","5610673","5610968","76","5524902"
"JH378245","104660","104951","KQ055862v1","1305285","1305561","73","1200625"
"JH378245","186240","186531","KQ053421v1","5610673","5610968","70","5424433"
"JH378245","198907","199088","KQ056064v1","326763","326940","58","127856"
"JH378245","202660","202953","KQ053421v1","5610673","5610968","70","5408013"
"JH378245","216743","217041","KQ053421v1","5610673","5610968","75","5393930"
"JH378245","289058","289365","KQ058427v1","7786546","7786853","72","7497488"
"JH378245","300910","301221","KQ055267v1","513773","514088","72","212863"
"JH378245","332271","332568","KQ053421v1","5610673","5610968","73","5278402"
"JH378245","492111","492269","KQ054401v1","3363241","3363379","45","2871130"
"JH378245","517403","517605","KQ056064v1","326763","326940","72","190640"
"JH378245","523688","523999","KQ055267v1","513773","514088","88","9915"
"JH378245","544126","544436","KQ053421v1","5610673","5610968","77","5066547"
"JH378245","588635","588923","KQ053421v1","5610673","5610968","75","5022038"
"JH378245","632297","632598","KQ055862v1","1305285","1305561","79","672988"
"JH378245","662232","662466","KQ055717v1","1610777","1611031","89","948545"
"JH378245","720390","720698","KQ055267v1","513773","514088","77","206617"
"JH378245","845707","846026","KQ053421v1","5610673","5610968","96","4764966"
"JH378245","881558","881863","KQ053421v1","5610673","5610968","85","4729115"
"JH378245","894661","894893","KQ058242v1","595939","596205","86","298722"
"JH378245","904539","904844","KQ058427v1","7786546","7786853","78","6882007"
"JH378245","1098519","1098800","KQ053785v1","888769","889063","85","209750"
"JH378245","1845628","1845933","KQ053421v1","5610673","5610968","84","3765045"
"JH378245","1974386","1974512","KQ056911v1","1421731","1421862","45","552655"
"JH378245","2007498","2007823","KQ058427v1","7786546","7786853","94","5779048"
"JH378245","2012218","2012474","KQ058242v1","595939","596205","81","1416279"
"JH378245","2018426","2018730","KQ058427v1","7786546","7786853","84","5768120"
"JH378245","2040560","2040865","KQ053421v1","5610673","5610968","75","3570113"
"JH378245","2110564","2110843","KQ058242v1","595939","596205","79","1514625"
"JH378245","2166217","2166508","KQ058242v1","595939","596205","82","1570278"
"JH378245","2290101","2290364","KQ053421v1","5610673","5610968","95","3320572"
"JH378245","2382058","2382322","KQ055862v1","1305285","1305561","73","1076773"
"JH378245","2391391","2391661","KQ058242v1","595939","596205","65","1795452"
"JH378245","2459794","2460064","KQ053421v1","5610673","5610968","77","3150879"
"JH378245","2560992","2561171","KQ054179v1","3404435","3404595","45","843443"
"JH378245","2604991","2605295","KQ053421v1","5610673","5610968","90","3005682"
"JH378245","2763963","2764234","KQ053883v1","6938067","6938331","86","4174104"
"JH378245","2798530","2798819","KQ053421v1","5610673","5610968","86","2812143"
"JH378245","2799170","2799440","KQ055862v1","1305285","1305561","78","1493885"
"JH378245","2829648","2829958","KQ055267v1","513773","514088","72","2315875"
"JH378245","2906067","2906365","KQ053421v1","5610673","5610968","76","2704606"
"JH378245","2916616","2916946","KQ053059v1","2548766","2549102","90","367850"
"JH378245","2961504","2961703","ABDC02053644v1","2226","2419","76","2959278"
"JH378245","2989029","2989163","KQ053398v1","2623748","2623879","30","365281"
"JH378245","3095755","3096073","KQ055267v1","513773","514088","78","2581982"
"JH378245","3149959","3150256","KQ053421v1","5610673","5610968","81","2460714"
"JH378245","3167274","3167538","KQ057186v1","783828","784085","98","2383446"
"JH378245","3181879","3182175","KQ053421v1","5610673","5610968","84","2428794"
"JH378245","3182805","3183113","KQ053421v1","5610673","5610968","84","2427868"
"JH378245","3235185","3235486","KQ053421v1","5610673","5610968","82","2375488"
"JH378245","3299358","3299561","KQ052982v1","2032903","2033097","50","1266455"
"JH378245","3320124","3320434","KQ055352v1","6003171","6003466","76","2683047"
"JH378245","3328520","3328813","KQ053421v1","5610673","5610968","77","2282153"
"JH378245","3361754","3362081","KQ055267v1","513773","514088","87","2847981"
"JH378245","3396800","3396931","KQ053398v1","2623748","2623879","34","773052"
"JH378245","3411772","3412065","KQ053421v1","5610673","5610968","84","2198901"
"JH378245","3445100","3445445","KQ055267v1","513773","514088","99","2931327"
"JH378245","3493935","3494050","KQ054401v1","3363241","3363379","43","130694"
"JH378245","3508235","3508567","KQ058427v1","7786546","7786853","101","4278311"
"JH378245","3511852","3512127","KQ058339v1","4553625","4553889","77","1041773"
"JH378245","3536893","3537020","KQ053398v1","2623748","2623879","32","913145"
"JH378245","3672878","3673145","KQ055862v1","1305285","1305561","67","2367593"
"JH378245","3680113","3680411","KQ053421v1","5610673","5610968","75","1930560"
"JH378245","3699815","3699990","KQ058594v1","5950443","5950621","55","2250628"
"JH378245","3708856","3709161","KQ053421v1","5610673","5610968","80","1901817"
"JH378245","3712462","3712648","KQ053531v1","6571","6737","53","3705891"
"JH378245","3715818","3716115","KQ053421v1","5610673","5610968","76","1894855"
"JH378245","3731908","3732201","KQ053421v1","5610673","5610968","76","1878765"
"JH378245","3762354","3762661","KQ055267v1","513773","514088","73","3248581"
"JH378245","3843449","3843760","KQ055352v1","6003171","6003466","74","2159722"
"JH378245","3858725","3858998","KQ055862v1","1305285","1305561","74","2553440"
"JH378245","3899233","3899524","KQ053421v1","5610673","5610968","73","1711440"
"JH378245","4020830","4021052","KQ053234v1","1414405","1414609","64","2606425"
"JH378245","4136240","4136518","KQ058339v1","4553625","4553889","79","417385"
"JH378245","4233852","4234156","KQ053421v1","5610673","5610968","72","1376821"
"JH378245","4375173","4375429","KQ053421v1","5610673","5610968","93","1235500"
"JH378245","4461266","4461570","KQ053421v1","5610673","5610968","81","1149407"
"JH378245","4471490","4471778","KQ053421v1","5610673","5610968","81","1139183"
"JH378245","4578305","4578607","KQ053421v1","5610673","5610968","82","1032368"
"JH378245","4597881","4598224","KQ058427v1","7786546","7786853","105","3188665"
"JH378245","4610251","4610540","KQ053421v1","5610673","5610968","82","1000422"
"JH378245","4629055","4629316","KQ057909v1","9290159","9290423","96","4661104"
"JH378245","4632201","4632483","KQ053421v1","5610673","5610968","89","978472"
"JH378245","4667938","4668243","KQ058427v1","7786546","7786853","79","3118608"
"JH378246","59575","59903","KQ057901v1","868884","869144","122","809309"
"JH378246","102461","102769","KQ055267v1","513773","514088","83","411312"
"JH378246","138144","138253","KQ056493v1","2043382","2043488","38","1905238"
"JH378246","140271","140585","KQ053421v1","5610673","5610968","86","5470402"
"JH378246","162923","163228","KQ053421v1","5610673","5610968","77","5447750"
"JH378246","184237","184457","KQ055662v1","1890465","1890674","76","1706228"
"JH378246","185846","186119","KQ057186v1","783828","784085","78","597982"
"JH378246","198764","199035","KQ055862v1","1305285","1305561","89","1106521"
"JH378246","200960","201268","KQ055267v1","513773","514088","76","312813"
"JH378246","247520","247831","KQ055352v1","6003171","6003466","73","5755651"
"JH378246","270540","270833","KQ053421v1","5610673","5610968","68","5340133"
"JH378246","272961","273260","KQ055267v1","513773","514088","82","240812"
"JH378246","339717","339988","KQ058242v1","595939","596205","77","256222"
"JH378246","360638","360949","KQ053421v1","5610673","5610968","78","5250035"
"JH378246","406421","406730","KQ058427v1","7786546","7786853","78","7380125"
"JH378246","458847","459139","KQ053421v1","5610673","5610968","77","5151826"
"JH378246","483320","483455","KQ056911v1","1421731","1421862","43","938411"
"JH378246","572253","572420","KQ053993v1","1251070","1251235","35","678817"
"JH378246","578739","579019","KQ054815v1","2215557","2215844","72","1636818"
"JH378246","586739","587043","KQ058427v1","7786546","7786853","84","7199807"
"JH378246","588494","588805","KQ053421v1","5610673","5610968","84","5022179"
"JH378246","628350","628576","KQ053234v1","1414405","1414609","61","786055"
"JH378246","629341","629639","KQ053421v1","5610673","5610968","72","4981332"
"JH378246","663782","664046","KQ058427v1","6786866","6787134","99","6123084"
"JH378246","689687","689977","KQ053421v1","5610673","5610968","88","4920986"
"JH378246","1205348","1205641","KQ058394v1","9655127","9655422","80","8449779"
"JH378246","1452654","1452953","KQ053421v1","5610673","5610968","81","4158019"
"JH378246","1638286","1638592","KQ053421v1","5610673","5610968","75","3972387"
"JH378246","1657247","1657535","KQ053421v1","5610673","5610968","83","3953426"
"JH378246","1670987","1671289","KQ053421v1","5610673","5610968","66","3939686"
"JH378246","1718237","1718518","KQ054815v1","2215557","2215844","82","497320"
"JH378246","1728633","1728758","KQ053398v1","2627781","2627909","38","899148"
"JH378246","1736403","1736697","KQ053421v1","5610673","5610968","78","3874270"
"JH378246","1850646","1850772","KQ053398v1","2623748","2623879","35","773102"
"JH378246","1867394","1867485","KQ053004v1","5079579","5079652","44","3212185"
"JH378246","1892119","1892426","KQ055352v1","6003171","6003466","70","4111052"
"JH378246","1916679","1916971","KQ053421v1","5610673","5610968","70","3693994"
"JH378246","1958875","1959199","KQ053421v1","5610673","5610968","86","3651798"
"JH378246","1966739","1967044","KQ055352v1","6003171","6003466","68","4036432"
"JH378246","2012539","2012823","KQ053421v1","5610673","5610968","86","3598134"
"JH378246","2036453","2036741","KQ053785v1","888769","889063","79","1147684"
"JH378246","2042501","2042809","KQ055267v1","513773","514088","68","1528728"
"JH378246","2071879","2072150","KQ058242v1","595939","596205","76","1475940"
"JH378246","2130089","2130288","KQ055140v1","659740","659924","58","1470349"
"JH378246","2142883","2143193","KQ055267v1","513773","514088","79","1629110"
"JH378246","2144319","2144628","KQ055267v1","513773","514088","85","1630546"
"JH378246","2155717","2156009","KQ053421v1","5610673","5610968","79","3454956"
"JH378246","2164674","2164860","KQ056147v1","2861940","2862121","53","697266"
"JH378246","2165770","2166063","KQ053421v1","5610673","5610968","82","3444903"
"JH378246","2202016","2202322","KQ058427v1","7786546","7786853","84","5584530"
"JH378246","2270047","2270350","KQ055267v1","513773","514088","74","1756274"
"JH378246","2574765","2575074","KQ058427v1","7786546","7786853","79","5211781"
"JH378246","2623049","2623336","KQ053421v1","5610673","5610968","84","2987624"
"JH378246","2634719","2635032","KQ058427v1","7786546","7786853","86","5151827"
"JH378246","2681494","2681822","KQ058427v1","7786546","7786853","94","5105052"
"JH378246","2702331","2702635","KQ055352v1","6003171","6003466","69","3300840"
"JH378246","2806289","2806598","KQ055352v1","6003171","6003466","71","3196882"
"JH378246","2892462","2892766","KQ053421v1","5610673","5610968","85","2718211"
"JH378246","2915091","2915388","KQ055267v1","513773","514088","78","2401318"
"JH378246","2947794","2948097","KQ053421v1","5610673","5610968","70","2662879"
"JH378246","3056425","3056681","KQ058242v1","595939","596205","78","2460486"
"JH378246","3154552","3154849","KQ053421v1","5610673","5610968","79","2456121"
"JH378246","3231330","3231648","KQ053421v1","5610673","5610968","99","2379343"
"JH378246","3402953","3403264","KQ053421v1","5610673","5610968","91","2207720"
"JH378246","3537463","3537751","KQ053421v1","5610673","5610968","69","2073210"
"JH378246","3571170","3571452","KQ053421v1","5610673","5610968","91","2039503"
"JH378246","3612827","3613143","KQ055267v1","513773","514088","77","3099054"
"JH378246","3615337","3615626","KQ053421v1","5610673","5610968","78","1995336"
"JH378246","3657586","3657879","KQ053421v1","5610673","5610968","78","1953087"
"JH378246","3663716","3664006","KQ053883v1","6938067","6938331","93","3274351"
"JH378246","3764216","3764512","KQ053421v1","5610673","5610968","82","1846457"
"JH378246","3805049","3805355","KQ055352v1","6003171","6003466","68","2198122"
"JH378246","3839425","3839718","KQ055352v1","6003171","6003466","63","2163746"
"JH378246","3851984","3852277","KQ053421v1","5610673","5610968","77","1758689"
"JH378246","3875283","3875583","KQ053421v1","5610673","5610968","83","1735390"
"JH378246","3931361","3931651","KQ055267v1","513773","514088","91","3417588"
"JH378246","3932235","3932539","KQ053421v1","5610673","5610968","71","1678438"
"JH378246","3935521","3935828","KQ055267v1","513773","514088","70","3421748"
"JH378246","3941923","3942234","KQ055267v1","513773","514088","74","3428150"
"JH378246","3980697","3980998","KQ053421v1","5610673","5610968","72","1629976"
"JH378246","3988178","3988303","KQ057449v1","1214348","1214489","40","2773830"
"JH378246","4001946","4002240","KQ053421v1","5610673","5610968","69","1608727"
"JH378246","4062799","4063094","KQ053421v1","5610673","5610968","65","1547874"
"JH378246","4070473","4070779","KQ053421v1","5610673","5610968","80","1540200"
"JH378246","4117180","4117463","KQ054815v1","2215557","2215844","73","1901623"
"JH378246","4156102","4156404","KQ053421v1","5610673","5610968","70","1454571"
"JH378246","4175852","4176136","KQ053421v1","5610673","5610968","83","1434821"
"JH378246","4232494","4232809","KQ053421v1","5610673","5610968","77","1378179"
"JH378246","4284589","4284885","KQ053421v1","5610673","5610968","73","1326084"
"JH378246","4334919","4335213","KQ053421v1","5610673","5610968","71","1275754"
"JH378246","4344060","4344350","KQ053421v1","5610673","5610968","73","1266613"
"JH378246","4387036","4387370","KQ053421v1","5610673","5610968","115","1223637"
"JH378246","4418925","4419224","KQ053421v1","5610673","5610968","77","1191748"
"JH378246","4471244","4471526","KQ058242v1","595939","596205","81","3875305"
"JH378246","4500774","4501083","KQ053421v1","5610673","5610968","73","1109899"
"JH378246","4599509","4599806","KQ053421v1","5610673","5610968","72","1011164"
"JH378247","144154","144449","KQ053421v1","5610673","5610968","63","5466519"
"JH378247","174276","174551","KQ058242v1","595939","596205","72","421663"
"JH378247","198747","198863","KQ053398v1","2623748","2623879","40","2425001"
"JH378247","199037","199223","KQ058423v1","270754","270928","44","71717"
"JH378247","249295","249596","KQ053421v1","5610673","5610968","87","5361378"
"JH378247","324154","324445","KQ053421v1","5610673","5610968","80","5286519"
"JH378247","354790","355083","KQ053421v1","5610673","5610968","72","5255883"
"JH378247","461691","461938","KQ058242v1","595939","596205","84","134248"
