"JH378105","392994","393283","chr15","5114677","5114969","41","4721683"
"JH378105","3538868","3539162","chr12","10064948","10065242","29","6526080"
"JH378105","13762486","13762567","chr5","67880800","67880883","8","54118314"
"JH378105","22282125","22282433","chr1","68219231","68219530","39","45937106"
"JH378105","23199529","23199794","chr5","71310488","71310745","37","48110959"
"JH378105","35258154","35258442","chr8","95885898","95886192","46","60627744"
"JH378105","62783428","62783719","chr10","42976436","42976736","34","19806992"
"JH378105","30915","31017","chrX","2017984","2018087","12","1987069"
"JH378105","63233","63536","chr23","41434219","41434517","29","41370986"
"JH378105","87497","87593","chr22","82220107","82220203","5","82132610"
"JH378105","98839","99135","chr13","65577132","65577425","33","65478293"
"JH378105","105508","105794","chr15","67986062","67986349","36","67880554"
"JH378105","110817","111118","chr12","10064948","10065242","32","9954131"
"JH378105","117368","117668","chr18","62863126","62863426","55","62745758"
"JH378105","149234","149388","chr21","50746620","50746779","35","50597386"
"JH378105","154721","155044","chr1","14078045","14078365","39","13923324"
"JH378105","155168","155470","chr14","83371933","83372231","43","83216765"
"JH378105","197957","198234","chr2","88910665","88910946","49","88712708"
"JH378105","228615","228908","chr12","74716502","74716795","25","74487887"
"JH378105","234629","234901","chr21","49966203","49966477","34","49731574"
"JH378105","258835","258946","chr8","99349454","99349565","24","99090619"
"JH378105","295990","296294","chr9","28365288","28365588","37","28069298"
"JH378105","316953","317061","chr6","1067449","1067558","11","750496"
"JH378105","352823","352937","chr6","1067449","1067558","14","714626"
"JH378105","363967","364268","chr12","10064948","10065242","41","9700981"
"JH378105","385242","385529","chr20_KE148049v1_random","535731","536028","32","150489"
"JH378105","392046","392338","chr25","73838548","73838836","52","73446502"
"JH378105","402321","402598","chr25","73791320","73791585","41","73388999"
"JH378105","411521","411827","chr6","15953108","15953417","30","15541587"
"JH378105","425893","426211","chr14","83570862","83571166","40","83144969"
"JH378105","445849","446136","chr25","61615818","61616106","36","61169969"
"JH378105","494964","495259","chr13","65577132","65577425","27","65082168"
"JH378105","507072","507233","chr9","85564984","85565140","31","85057912"
"JH378105","508262","508541","chr1","120932009","120932297","56","120423747"
"JH378105","514552","514863","chr26","38024857","38025165","34","37510305"
"JH378105","583434","583725","chr10","37346044","37346337","35","36762610"
"JH378105","585821","586122","chr12","10064948","10065242","31","9479127"
"JH378105","606546","606820","chr9","114015180","114015455","33","113408634"
"JH378105","635224","635331","chr6","5216779","5216886","10","4581555"
"JH378105","779296","779587","chr11","115292126","115292409","53","114512830"
"JH378105","846318","846611","chr16","12093535","12093829","34","11247217"
"JH378105","849825","850131","chr26","24278477","24278782","32","23428652"
"JH378105","888340","888647","chr1","93361306","93361613","37","92472966"
"JH378105","916386","916485","chr12","53065987","53066095","16","52149601"
"JH378105","927475","927765","chr5","1720771","1721058","31","793296"
"JH378105","1015732","1016012","chr21","102480056","102480324","39","101464324"
"JH378105","1090442","1090743","chr5","2273487","2273788","35","1183045"
"JH378105","1096610","1096869","chr15","16462188","16462438","50","15365578"
"JH378105","1143305","1143609","chr2","89639074","89639380","41","88495769"
"JH378105","1171065","1171361","chrX","23977849","23978143","33","22806784"
"JH378105","1218397","1218715","chr2","34891557","34891863","42","33673160"
"JH378105","1275640","1275951","chr2","60329716","60330028","45","59054076"
"JH378105","1288355","1288659","chr9","63581525","63581830","48","62293170"
"JH378105","1434764","1435074","chr12","10064948","10065242","40","8630184"
"JH378105","1447600","1447730","chr25","8712866","8712996","12","7265266"
"JH378105","1505637","1505951","chr2","34891557","34891863","33","33385920"
"JH378105","1511741","1512029","chr6","2768739","2769024","36","1256998"
"JH378105","1516147","1516457","chr2","34891557","34891863","40","33375410"
"JH378105","1560232","1560519","chr5","42662951","42663235","33","41102719"
"JH378105","1570740","1571026","chr26","7929489","7929779","43","6358749"
"JH378105","1585319","1585611","chr12","10064948","10065242","27","8479629"
"JH378105","1604029","1604337","chr2","34891557","34891863","29","33287528"
"JH378105","1606891","1607111","chr13","7317370","7317589","29","5710479"
"JH378105","1611573","1611874","chr9","38833439","38833737","32","37221866"
"JH378105","1628219","1628294","chr13","63031813","63031889","7","61403594"
"JH378105","1644886","1645186","chrX","61033205","61033507","53","59388319"
"JH378105","1691735","1692033","chr12","10064948","10065242","23","8373213"
"JH378105","1711959","1712267","chr2","34891557","34891863","34","33179598"
"JH378105","1775073","1775375","chr4","62856772","62857072","43","61081699"
"JH378105","1810575","1810882","chrX","125302543","125302844","34","123491968"
"JH378105","1810886","1811193","chr3","10937420","10937729","39","9126534"
"JH378105","1847050","1847356","chr9","15425870","15426174","35","13578820"
"JH378105","1849872","1850142","chr25","28852394","28852679","57","27002522"
"JH378105","1859139","1859434","chr12","10064948","10065242","36","8205809"
"JH378105","1902825","1903103","chr4","52117674","52117951","35","50214849"
"JH378105","1923735","1924033","chr28","17258986","17259280","37","15335251"
"JH378105","1930105","1930396","chr8","94667632","94667918","43","92737527"
"JH378105","1933137","1933446","chr5","2273487","2273788","34","340350"
"JH378105","1940031","1940331","chr12","10064948","10065242","25","8124917"
"JH378105","1990521","1990790","chr2","80816936","80817209","50","78826415"
"JH378105","1991276","1991568","chr17","48876018","48876313","38","46884742"
"JH378105","2015937","2016233","chr14","59799404","59799693","46","57783467"
"JH378105","2036735","2036957","chr9","28573966","28574178","36","26537231"
"JH378105","2047046","2047321","chr26","21070479","21070763","45","19023433"
"JH378105","2065552","2065856","chr26","7863230","7863533","41","5797678"
"JH378105","2097994","2098266","chr11","118902964","118903240","37","116804970"
"JH378105","2116647","2116941","chr12","10064948","10065242","34","7948301"
"JH378105","2188569","2188873","chr5","2273487","2273788","30","84918"
"JH378105","2220903","2221201","chr5","58828444","58828740","34","56607541"
"JH378105","2241680","2241992","chr26","42445751","42446049","42","40204071"
"JH378105","2278725","2279039","chr16","30398852","30399159","40","28120127"
"JH378105","2333914","2334244","chr7","85949776","85950095","44","83615862"
"JH378105","2386743","2387032","chrX","23977849","23978143","37","21591106"
"JH378105","2388361","2388663","chr14","36991957","36992258","35","34603596"
"JH378105","2457162","2457461","chr12","10064948","10065242","42","7607786"
"JH378105","2461751","2462055","chr25","30383661","30383965","37","27921910"
"JH378105","2484119","2484414","chr10","118597337","118597632","31","116113218"
"JH378105","2549797","2550115","chr14","18217445","18217755","45","15667648"
"JH378105","2552504","2552805","chr10","119475479","119475787","32","116922975"
"JH378105","2575810","2575980","chr13","33915587","33915755","28","31339777"
"JH378105","2596896","2597030","chr8","40710562","40710690","17","38113666"
"JH378105","2613301","2613425","chr1","8688937","8689061","17","6075636"
"JH378105","2649398","2649676","chr5","42662951","42663235","42","40013553"
"JH378105","2662962","2663253","chr14","68642036","68642333","42","65979074"
"JH378105","2686530","2686842","chr18","67218974","67219278","44","64532444"
"JH378105","2693499","2693814","chr5","57912411","57912720","37","55218912"
"JH378105","2792277","2792528","chr10","8966764","8967039","55","6174487"
"JH378105","2837312","2837604","chr13","65577132","65577425","36","62739820"
"JH378105","2892785","2893091","chr11","58110010","58110310","33","55217225"
"JH378105","2907922","2908202","chr12","102190814","102191094","43","99282892"
"JH378105","3009166","3009451","chr8","115068172","115068461","41","112059006"
"JH378105","3083650","3083940","chr1","31818411","31818697","35","28734761"
"JH378105","3115633","3115922","chr5","52522090","52522374","42","49406457"
"JH378105","3120918","3121216","chr2","5168180","5168471","41","2047262"
"JH378105","3130809","3131111","chr26","18977354","18977652","46","15846545"
"JH378105","3148573","3148842","chr16","22822260","22822528","50","19673687"
"JH378105","3152944","3153232","chr6","11944778","11945070","45","8791834"
"JH378105","3170449","3170751","chr12","10064948","10065242","34","6894499"
"JH378105","3179015","3179278","chrX","17829888","17830157","40","14650873"
"JH378105","3179574","3179859","chr18","72052984","72053276","40","68873410"
"JH378105","3292345","3292632","chr3","18138903","18139190","45","14846558"
"JH378105","3306010","3306304","chr11","90825564","90825850","47","87519554"
"JH378105","3325621","3325930","chr25","71808137","71808447","34","68482516"
"JH378105","3349637","3349962","chrX","38682291","38682608","64","35332654"
"JH378105","3383955","3384269","chr1","68219231","68219530","69","64835276"
"JH378105","3388858","3389171","chr4","88331964","88332268","49","84943106"
"JH378105","3462739","3463042","chr5","36774379","36774687","41","33311640"
"JH378105","3496451","3496545","chr22","82220107","82220203","7","78723656"
"JH378105","3502917","3503209","chr12","106797672","106797971","46","103294755"
"JH378105","3527580","3527868","chr4","71259031","71259315","38","67731451"
"JH378105","3542754","3543035","chr14","15633040","15633320","32","12090286"
"JH378105","3603526","3603841","chr5","57912411","57912720","39","54308885"
"JH378105","3612244","3612348","chrX","2017984","2018087","9","1594260"
"JH378105","3619875","3620181","chr12","10064948","10065242","32","6445073"
"JH378105","3620184","3620472","chr2","5168180","5168471","40","1547996"
"JH378105","3647817","3647922","chr17","40217264","40217370","13","36569447"
"JH378105","3672602","3672834","chr20","92882451","92882681","27","89209849"
"JH378105","3679591","3679895","chr12","10064948","10065242","31","6385357"
"JH378105","3714489","3714563","chr13","63031813","63031889","8","59317324"
"JH378105","3720127","3720426","chr2","38887936","38888227","36","35167809"
"JH378105","3831592","3831880","chr1","12453278","12453560","50","8621686"
"JH378105","3837172","3837467","chr3","76779808","76780096","43","72942636"
"JH378105","3878375","3878670","chr14","37615851","37616147","28","33737476"
"JH378105","3890825","3891120","chr12","10064948","10065242","24","6174123"
"JH378105","3909012","3909299","chr12","6781553","6781865","72","2872541"
"JH378105","3929457","3929737","chr14","59799404","59799693","43","55869947"
"JH378105","3937623","3937921","chr29","23087079","23087374","38","19149456"
"JH378105","3941040","3941323","chr17","51638117","51638398","36","47697077"
"JH378105","3958708","3958997","chr19","27346836","27347117","47","23388128"
"JH378105","3962965","3963286","chr8","7963546","7963864","61","4000581"
"JH378105","3996027","3996318","chr22","5608441","5608728","40","1612414"
"JH378105","4011056","4011369","chr9","26651072","26651377","49","22640016"
"JH378105","4013065","4013369","chr12","108341156","108341456","39","104328091"
"JH378105","4029586","4029887","chr8","115068172","115068461","38","111038586"
"JH378105","4034489","4034780","chr8","52344592","52344885","34","48310103"
"JH378105","4047178","4047312","chr1","110380135","110380266","13","106332957"
"JH378105","4056095","4056237","chr17","28507557","28507698","17","24451462"
"JH378105","4066987","4067060","chr13","63031813","63031889","8","58964826"
"JH378105","4071285","4071588","chrX","125302543","125302844","29","121231258"
"JH378105","4076219","4076456","chr4","89003238","89003495","47","84927019"
"JH378105","4082220","4082526","chr17","54691676","54691976","30","50609456"
"JH378105","4084274","4084575","chr2","12113745","12114044","45","8029471"
"JH378105","4110132","4110404","chr16","25134176","25134444","33","21024044"
"JH378105","4114289","4114598","chr5","53106668","53106976","44","48992379"
"JH378105","4132072","4132367","chr14","37615851","37616147","32","33483779"
"JH378105","4135396","4135710","chr12","15383055","15383354","43","11247659"
"JH378105","4175766","4176062","chr9","71188923","71189219","40","67013157"
"JH378105","4179027","4179336","chr6","16598509","16598818","32","12419482"
"JH378105","4198390","4198685","chr11","12143435","12143724","42","7945045"
"JH378105","4207343","4207659","chr2","35933723","35934028","38","31726380"
"JH378105","4225700","4225989","chr25","51030152","51030441","39","46804452"
"JH378105","4226881","4227006","chr6","15917147","15917274","15","11690266"
"JH378105","4254699","4254996","chr10","118597337","118597632","26","114342638"
"JH378105","4276768","4277079","chr11","115525233","115525542","33","111248465"
"JH378105","4328175","4328471","chr24","11806440","11806728","42","7478265"
"JH378105","4363339","4363604","chr15","34985662","34985922","45","30622323"
"JH378105","4381207","4381512","chrX","23977849","23978143","35","19596642"
"JH378105","4400502","4400735","chr11","126175108","126175340","22","121774606"
"JH378105","4404411","4404490","chr16","3308866","3308945","8","1095545"
"JH378105","4415155","4415230","chr13","63031813","63031889","7","58616658"
"JH378105","4489361","4489657","chrX","61010412","61010706","49","56521051"
"JH378105","4507159","4507455","chr18","71629517","71629808","38","67122358"
"JH378105","4566488","4566791","chr19","12988346","12988654","35","8421858"
"JH378105","4579645","4579940","chr8","95885898","95886192","36","91306253"
"JH378105","4593121","4593431","chr22","26432517","26432820","40","21839396"
"JH378105","4599119","4599393","chr23","5517272","5517549","37","918153"
"JH378105","4654266","4654548","chr5","42662951","42663235","38","38008685"
"JH378105","4666233","4666538","chr5","2273487","2273788","32","2392746"
"JH378105","4716774","4716863","chr3","65349691","65349782","12","60632917"
"JH378105","4717498","4717575","chr13","63031813","63031889","10","58314315"
"JH378105","4763465","4763546","chr25","26359985","26360065","13","21596520"
"JH378105","4768847","4769138","chr8","52344592","52344885","39","47575745"
"JH378105","4799973","4800266","chr9","39095858","39096151","36","34295885"
"JH378105","4806228","4806538","chr14","83371933","83372231","45","78565705"
"JH378105","4832546","4832856","chr8","20610187","20610495","48","15777641"
"JH378105","4872301","4872592","chrX","66697947","66698235","50","61825646"
"JH378105","4883584","4883892","chr2","34891557","34891863","32","30007973"
"JH378105","4900753","4901023","chr17","53320376","53320642","41","48419623"
"JH378105","4913032","4913334","chr16","25791548","25791851","37","20878516"
"JH378105","4919367","4919669","chr16","25791548","25791851","37","20872181"
"JH378105","4934932","4935205","chr5","21193983","21194260","31","16259051"
"JH378105","4951229","4951506","chr16","26067530","26067803","37","21116301"
"JH378105","4963974","4964285","chr2","10154662","10154973","48","5190688"
"JH378105","4988232","4988539","chr6","30836295","30836597","36","25848063"
"JH378105","5012438","5012546","chr14","51398076","51398183","16","46385638"
"JH378105","5020652","5020947","chr11","128270446","128270730","40","123249794"
"JH378105","5059977","5060281","chr2","85255263","85255560","38","80195286"
"JH378105","5061957","5062242","chr11","19611133","19611417","40","14549176"
"JH378105","5063326","5063474","chr9","39006787","39006930","23","33943461"
"JH378105","5094070","5094368","chr12","10064948","10065242","30","4970878"
"JH378105","5096555","5096872","chr24","42333680","42334000","42","37237125"
"JH378105","5110832","5110907","chr13","63031813","63031889","8","57920981"
"JH378105","5130106","5130402","chr25","61615818","61616106","37","56485712"
"JH378105","5150426","5150735","chr22","79312691","79312998","36","74162265"
"JH378105","5157474","5157757","chr11","19611133","19611417","35","14453659"
"JH378105","5176923","5177004","chr5","67880800","67880883","7","62703877"
"JH378105","5186657","5186882","chr20","92882451","92882681","24","87695794"
"JH378105","5201035","5201332","chr2","35933723","35934028","49","30732688"
"JH378105","5287206","5287498","chr3","23160952","23161236","36","17873746"
"JH378105","5318571","5318839","chr24","27023895","27024155","44","21705324"
"JH378105","5321133","5321441","chr11","12292409","12292715","35","6971276"
"JH378105","5397395","5397688","chr6","38437831","38438120","35","33040436"
"JH378105","5474502","5474746","chr11","42619788","42620041","38","37145286"
"JH378105","5534856","5535146","chrUn_KE147541v1","421792","422080","35","5113064"
"JH378105","5558934","5559235","chrX","17727413","17727721","39","12168479"
"JH378105","5578809","5579099","chr12","18922571","18922865","35","13343762"
"JH378105","5600345","5600635","chr5","22668022","22668311","38","17067677"
"JH378105","5606993","5607286","chr3","9525767","9526055","42","3918774"
"JH378105","5619494","5619787","chr10","8909912","8910203","40","3290418"
"JH378105","5670100","5670390","chr3","19154026","19154319","40","13483926"
"JH378105","5699954","5700248","chr3","7489963","7490254","37","1790009"
"JH378105","5753803","5754031","chr20","92882451","92882681","33","87128648"
"JH378105","5765309","5765607","chr12","10064948","10065242","26","4299639"
"JH378105","5773568","5773826","chr17","29960106","29960356","40","24186538"
"JH378105","5798254","5798558","chr9","96314869","96315163","35","90516615"
"JH378105","5808955","5809258","chr26","9300679","9300984","40","3491724"
"JH378105","5809852","5809999","chr21","18419470","18419618","16","12609618"
"JH378105","5849661","5849792","chr25","8712866","8712996","17","2863205"
"JH378105","5853107","5853414","chr26","38024857","38025165","34","32171750"
"JH378105","5859009","5859318","chr26","50892406","50892715","45","45033397"
"JH378105","5905294","5905602","chr13","34736941","34737250","51","28831647"
"JH378105","5920240","5920516","chr24","81272795","81273070","47","75352555"
"JH378105","5938477","5938693","chr24","41240137","41240352","35","35301660"
"JH378105","5940946","5941245","chr9","3190906","3191203","37","2750040"
"JH378105","6009133","6009432","chr9","21505206","21505505","32","15496073"
"JH378105","6017191","6017495","chr5","2273487","2273788","32","3743704"
"JH378105","6029921","6030215","chr1","69161184","69161465","38","63131263"
"JH378105","6037943","6038241","chr7","42994925","42995219","40","36956982"
"JH378105","6070137","6070447","chr16","30398852","30399159","34","24328715"
"JH378105","6077551","6077681","chr3","91348390","91348521","11","85270839"
"JH378105","6082256","6082514","chr28","14087109","14087364","32","8004853"
"JH378105","6090823","6091149","chr11","118751247","118751571","44","112660424"
"JH378105","6099763","6099843","chr13","63031813","63031889","9","56932050"
"JH378105","6102542","6102853","chr11","115525233","115525542","44","109422691"
"JH378105","6122709","6123003","chr20","41083983","41084274","41","34961274"
"JH378105","6184548","6184850","chr1","117421772","117422077","42","111237224"
"JH378105","6206383","6206697","chr18","59369684","59369993","39","53163301"
"JH378105","6221546","6221650","chr24","81412056","81412162","13","75190510"
"JH378105","6225023","6225327","chr9","45852177","45852483","47","39627154"
"JH378105","6229109","6229211","chrX","2017984","2018087","10","4211125"
"JH378105","6233750","6234059","chr2","34891557","34891863","38","28657807"
"JH378105","6238583","6238874","chr15","67986062","67986349","55","61747479"
"JH378105","6264314","6264621","chr9","56811131","56811438","34","50546817"
"JH378105","6310156","6310381","chr20","92882451","92882681","39","86572295"
"JH378105","6316253","6316561","chrX","125302543","125302844","34","118986290"
"JH378105","6330263","6330547","chr11","49537220","49537510","42","43206957"
"JH378105","6504739","6505031","chr16","17100471","17100765","35","10595732"
"JH378105","6518969","6519273","chr9","92415292","92415589","32","85896323"
"JH378105","6550216","6550507","chr2","49104477","49104770","37","42554261"
"JH378105","6590349","6590654","chr18","31540660","31540966","47","24950311"
"JH378105","6623264","6623567","chr11","58110010","58110310","48","51486746"
"JH378105","6629708","6630008","chr15","86758708","86759003","34","80129000"
"JH378105","6652564","6652873","chr10","87768101","87768408","36","81115537"
"JH378105","6675719","6676019","chr23","35045928","35046223","36","28370209"
"JH378105","6733591","6733820","chr11","126175108","126175340","27","119441517"
"JH378105","6757625","6757910","chr12","53704460","53704753","42","46946835"
"JH378105","6768162","6768490","chr1","74366988","74367298","53","67598826"
"JH378105","6778791","6779085","chr8","1916519","1916819","38","4862272"
"JH378105","6790446","6790758","chr3","19526751","19527052","39","12736305"
"JH378105","6805449","6805759","chr29","8289755","8290055","38","1484306"
"JH378105","6809003","6809305","chr10","124307987","124308280","42","117498984"
"JH378105","6833234","6833517","chr15","12477396","12477679","34","5644162"
"JH378105","6914343","6914643","chr12","74217361","74217667","39","67303018"
"JH378105","6943153","6943459","chr2","56613914","56614218","41","49670761"
"JH378105","6947036","6947320","chr5","53255334","53255620","33","46308298"
"JH378105","6978513","6978830","chr20","70184160","70184468","32","63205647"
"JH378105","6981208","6981490","chr3","81003695","81003974","37","74022487"
"JH378105","6990052","6990349","chr12","86044059","86044354","40","79054007"
"JH378105","7065078","7065363","chr22","21433179","21433456","40","14368101"
"JH378105","7073244","7073334","chr19","7758593","7758681","10","685349"
"JH378105","7124156","7124460","chr8","1760359","1760667","32","5363797"
"JH378105","7132173","7132466","chr14","64881304","64881598","37","57749131"
"JH378105","7133170","7133473","chr1","66807483","66807786","35","59674313"
"JH378105","7133810","7134085","chr2","4327055","4327322","43","2806755"
"JH378105","7189908","7190218","chr21","108991689","108991988","35","101801781"
"JH378105","7216109","7216254","chr13","69449795","69449942","27","62233686"
"JH378105","7224056","7224357","chr29","10722547","10722839","35","3498491"
"JH378105","7242562","7242646","chr16","4405728","4405812","5","2836834"
"JH378105","7251594","7251897","chr20","46933799","46934103","34","39682205"
"JH378105","7253190","7253325","chr26","6591504","6591639","12","661686"
"JH378105","7265124","7265398","chr6","38291436","38291692","60","31026312"
"JH378105","7269876","7270104","chr13","65129209","65129444","44","57859333"
"JH378105","7276967","7277276","chr2","56143790","56144095","37","48866823"
"JH378105","7309719","7310035","chr19","22811307","22811608","34","15501588"
"JH378105","7396007","7396300","chr22","73263557","73263857","44","65867550"
"JH378105","7396306","7396604","chr12","10064948","10065242","25","2668642"
"JH378105","7423574","7423886","chr1","103102037","103102339","47","95678463"
"JH378105","7424969","7425072","chrX","2017984","2018087","7","5406985"
"JH378105","7509710","7510011","chr2","14718646","14718944","35","7208936"
"JH378105","7519430","7519527","chr24","34051581","34051688","19","26532151"
"JH378105","7547398","7547689","chr21","25123896","25124189","42","17576498"
"JH378105","7602672","7602952","chr13","65577132","65577425","38","57974460"
"JH378105","7636426","7636726","chr14","71881188","71881489","37","64244762"
"JH378105","7643200","7643465","chr16","68347000","68347257","39","60703800"
"JH378105","7651662","7651942","chr11","116305578","116305862","50","108653916"
"JH378105","7654102","7654373","chr5","34103098","34103364","38","26448996"
"JH378105","7687113","7687421","chr25","78018332","78018638","46","70331219"
"JH378105","7690326","7690631","chr9","57875604","57875901","40","50185278"
"JH378105","7695131","7695425","chr12","10064948","10065242","32","2369817"
"JH378105","7699177","7699267","chr13","74146307","74146404","18","66447130"
"JH378105","7699625","7699757","chr26","50406966","50407092","25","42707341"
"JH378105","7720699","7720975","chr26","22549804","22550079","51","14829105"
"JH378105","7730077","7730379","chrX","125302543","125302844","45","117572466"
"JH378105","7755196","7755531","chr7","114556572","114556907","60","106801376"
"JH378105","7763369","7763664","chr11","1493257","1493554","51","6270112"
"JH378105","7781916","7782203","chr14","92191883","92192164","42","84409967"
"JH378105","7798498","7798785","chr14","95964336","95964605","49","88165838"
"JH378105","7817532","7817832","chrX","23977849","23978143","33","16160317"
"JH378105","7847699","7848009","chr5","2324242","2324550","36","5523457"
"JH378105","7858952","7859241","chr8","40438332","40438620","38","32579380"
"JH378105","7866020","7866321","chr4","62222786","62223086","40","54356766"
"JH378105","7882362","7882655","chrX","104601258","104601549","34","96718896"
"JH378105","7910520","7910828","chr12","72236547","72236866","57","64326027"
"JH378105","7921469","7921772","chr5","2273487","2273788","33","5647982"
"JH378105","7924663","7924975","chr2","34891557","34891863","33","26966894"
"JH378105","7975269","7975418","chrX","128768607","128768755","15","120793338"
"JH378105","7981904","7982219","chr4","68085346","68085654","33","60103442"
"JH378105","7993409","7993696","chr2","10469163","10469450","47","2475754"
"JH378105","8034089","8034166","chr13","63031813","63031889","10","54997724"
"JH378105","8054569","8054889","chr11","77049093","77049418","48","68994524"
"JH378105","8076819","8077102","chr6","32068883","32069174","44","23992064"
"JH378105","8083854","8084141","chr6","7190985","7191277","37","892869"
"JH378105","8117794","8117890","chrX","2017984","2018087","17","6099810"
"JH378105","8119250","8119561","chr9","123749848","123750155","32","115630598"
"JH378105","8146062","8146152","chr22","82220107","82220203","9","74074045"
"JH378105","8172364","8172671","chr2","34891557","34891863","32","26719193"
"JH378105","8183067","8183357","chr9","66377782","66378079","39","58194715"
"JH378105","8196437","8196712","chr19","1411739","1412015","33","6784698"
"JH378105","8208198","8208321","chr1","8688937","8689061","12","480739"
"JH378105","8217278","8217539","chr22","97449832","97450105","50","89232554"
"JH378105","8232463","8232767","chr22","16005168","16005472","37","7772705"
"JH378105","8257818","8257946","chr1","97802296","97802426","11","89544478"
"JH378105","8297361","8297636","chr12","13260494","13260774","29","4963133"
"JH378105","8313232","8313535","chr16","70747010","70747310","34","62433778"
"JH378105","8364085","8364383","chr12","28523789","28524082","34","20159704"
"JH378105","8371362","8371674","chr20","119900333","119900636","40","111528971"
"JH378105","8379162","8379319","chr11","32608275","32608436","24","24229113"
"JH378105","8392601","8392902","chr26","22861850","22862152","36","14469249"
"JH378105","8393684","8393995","chr11","115525233","115525542","32","107131549"
"JH378105","8399857","8400169","chr27","11525799","11526104","37","3125942"
"JH378105","8406397","8406683","chr20","86435911","86436197","42","78029514"
"JH378105","8415889","8416195","chr5","2273487","2273788","35","6142402"
"JH378105","8443001","8443288","chr14","64881304","64881598","45","56438303"
"JH378105","8505777","8506075","chr29","8289755","8290055","33","216022"
"JH378105","8508046","8508331","chr4","52117674","52117951","51","43609628"
"JH378105","8520574","8520893","chr16","4380464","4380781","38","4140110"
"JH378105","8558164","8558463","chr24","1147887","1148184","30","7410277"
"JH378105","8561146","8561448","chrX","22889156","22889454","38","14328010"
"JH378105","8585933","8586242","chr26","3518723","3519018","44","5067210"
"JH378105","8640078","8640374","chr6","4113565","4113862","30","4526513"
"JH378105","8653919","8654199","chr2","11814173","11814455","40","3160254"
"JH378105","8670620","8670768","chrX","128768607","128768755","16","120097987"
"JH378105","8700841","8701151","chr2","20242750","20243052","40","11541909"
"JH378105","8711329","8711633","chr21","96446008","96446310","37","87734679"
"JH378105","8721232","8721535","chr7","115518738","115519039","39","106797506"
"JH378105","8759286","8759592","chr12","74217361","74217667","34","65458075"
"JH378105","8762237","8762359","chr3","72385674","72385796","12","63623437"
"JH378105","8778227","8778537","chr17","34547332","34547638","42","25769105"
"JH378105","8810532","8810835","chr17","60950161","60950471","41","52139629"
"JH378105","8828581","8828683","chr2","56143676","56143777","16","47315095"
"JH378105","8876965","8877274","chr17","28033689","28033980","53","19156724"
"JH378105","8880344","8880474","chr3","91348390","91348521","9","82468046"
"JH378105","8911762","8911828","chr18","58491347","58491410","12","49579585"
"JH378105","8963462","8963746","chr12","10064948","10065242","35","1101486"
"JH378105","8963850","8964157","chrX","44976189","44976495","37","36012339"
"JH378105","9002904","9003180","chr16","26067530","26067803","41","17064626"
"JH378105","9015305","9015426","chr11","74863209","74863330","11","65847904"
"JH378105","9018175","9018255","chr16","3308866","3308945","10","5709309"
"JH378105","9095657","9095964","chr5","2273487","2273788","29","6822170"
"JH378105","9096455","9096755","chr2","23330549","23330849","39","14234094"
"JH378105","9118459","9118746","chr29","23088099","23088392","34","13969640"
"JH378105","9134374","9134665","chr11","42115371","42115662","35","32980997"
"JH378105","9161297","9161601","chr12","74217361","74217667","37","65056064"
"JH378105","9162255","9162547","chr17","44996574","44996857","40","35834319"
"JH378105","9198182","9198492","chr11","20333718","20334026","41","11135536"
"JH378105","9207504","9207784","chr9","58129128","58129409","41","48921624"
"JH378105","9236080","9236391","chr1","65504304","65504612","30","56268224"
"JH378105","9244749","9244879","chr3","91348390","91348521","13","82103641"
"JH378105","9335320","9335553","chr13","25573279","25573509","35","16237959"
"JH378105","9347828","9348140","chr1","65504304","65504612","38","56156476"
"JH378105","9382113","9382388","chrX","15774021","15774297","50","6391908"
"JH378105","9386846","9387179","chr3","37955466","37955795","48","28568620"
"JH378105","9428897","9429027","chr20","20852752","20852882","12","11423855"
"JH378105","9457749","9458031","chr11","128270446","128270730","50","118812697"
"JH378105","9502115","9502413","chr21","74368618","74368909","41","64866503"
"JH378105","9543192","9543485","chr5","2273487","2273788","42","7269705"
"JH378105","9545426","9545674","chr16","65341402","65341647","40","55795976"
"JH378105","9560051","9560359","chr13","67235992","67236297","32","57675941"
"JH378105","9592779","9593085","chr1","99384482","99384781","38","89791703"
"JH378105","9612850","9613084","chrX","112046945","112047179","25","102434095"
"JH378105","9613894","9614023","chr1","97802296","97802426","12","88188402"
"JH378105","9624022","9624341","chr11","115525233","115525542","45","105901211"
"JH378105","9670141","9670431","chr24","48034622","48034916","36","38364481"
"JH378105","9711792","9712107","chr6","15953108","15953417","35","6241316"
"JH378105","9734664","9734971","chr2","34891557","34891863","35","25156893"
"JH378105","9742671","9742941","chr22","9600661","9600931","39","142010"
"JH378105","9824906","9825207","chr5","2273487","2273788","37","7551419"
"JH378105","9864561","9864853","chrX","23977849","23978143","32","14113288"
"JH378105","9874688","9874976","chr15","41116201","41116485","34","31241513"
"JH378105","9885228","9885537","chr5","2273487","2273788","38","7611741"
"JH378105","9891413","9891726","chr1","65504304","65504612","39","55612891"
"JH378105","9955969","9956100","chr16","4500752","4500881","11","5455217"
"JH378105","9956104","9956393","chr12","18724522","18724804","46","8768418"
"JH378105","9960542","9960834","chr12","10064948","10065242","28","104406"
"JH378105","9992746","9993040","chr12","10064948","10065242","29","72202"
"JH378105","10002122","10002424","chr11","117737181","117737478","33","107735059"
"JH378105","10024718","10025018","chrX","93150794","93151091","42","83126076"
"JH378105","10046105","10046402","chr16","12235438","12235730","39","2189333"
"JH378105","10084004","10084291","chr15","5114677","5114969","41","4969327"
"JH378105","10108639","10108952","chr3","20237905","20238212","42","10129266"
"JH378105","10121280","10121550","chr16","15621572","15621837","44","5500292"
"JH378105","10143590","10143897","chr3","76549432","76549732","35","66405842"
"JH378105","10151168","10151451","chr16","35336459","35336744","39","25185291"
"JH378105","10151682","10151987","chr12","10064948","10065242","34","86734"
"JH378105","10167200","10167474","chr8","94942905","94943180","31","84775705"
"JH378105","10176251","10176560","chr1","65504304","65504612","27","55328053"
"JH378105","10227616","10227856","chr18","17500001","17500245","33","7272385"
"JH378105","10230975","10231253","chr7","134662977","134663252","35","124432002"
"JH378105","10234266","10234562","chr24","1147887","1148184","31","9086379"
"JH378105","10246611","10246915","chr13","45058548","45058844","40","34811937"
"JH378105","10247546","10247840","chr11","11869136","11869427","40","1621590"
"JH378105","10264355","10264644","chr2","57283040","57283331","38","47018685"
"JH378105","10275450","10275651","chr15","52567749","52567979","63","42292299"
"JH378105","10287124","10287201","chr10","95538249","95538325","9","85251125"
"JH378105","10288329","10288406","chr13","63031813","63031889","7","52743484"
"JH378105","10297946","10298244","chr12","10064948","10065242","35","232998"
"JH378105","10315502","10315786","chr22","37637582","37637856","36","27322080"
"JH378105","10320133","10320431","chr23","41434219","41434517","39","31114086"
"JH378105","10329912","10330014","chrX","2017984","2018087","7","8311928"
"JH378105","10331759","10332066","chr2","43185063","43185371","44","32853304"
"JH378105","10332630","10332930","chr12","10064948","10065242","27","267682"
"JH378105","10338957","10339256","chr10","111637485","111637783","29","101298528"
"JH378105","10404453","10404540","chr16","4405728","4405812","10","5998725"
"JH378105","10410187","10410391","chr4","53346339","53346552","35","42936152"
"JH378105","10410402","10410530","chr6","50606227","50606356","15","40195825"
"JH378105","10455194","10455495","chr5","2273487","2273788","25","8181707"
"JH378105","10459575","10459864","chrX","95460911","95461200","40","85001336"
"JH378105","10462029","10462302","chr5","52522090","52522374","41","42060061"
"JH378105","10465880","10466009","chr3","91348390","91348521","10","80882510"
"JH378105","10532769","10533073","chr12","10064948","10065242","32","467821"
"JH378105","10535458","10535761","chr26","56179571","56179873","40","45644113"
"JH378105","10536668","10536969","chr2","26040056","26040349","34","15503388"
"JH378105","10595339","10595641","chr5","2273487","2273788","33","8321852"
"JH378105","10636416","10636548","chr3","91348390","91348521","12","80711974"
"JH378105","10644113","10644262","chrUn_KE147649v1","9029","9176","17","10635084"
"JH378105","10680487","10680780","chr25","61615818","61616106","31","50935331"
"JH378105","10832685","10832986","chr12","18922571","18922865","35","8089886"
"JH378105","10858452","10858763","chr1","2872653","2872961","35","7985799"
"JH378105","10998783","10999091","chr1","65504304","65504612","33","54505521"
"JH378105","11004442","11004729","chr11","19611133","19611417","40","8606691"
"JH378105","11010393","11010700","chr2","35933723","35934028","37","24923330"
"JH378105","11018003","11018311","chr5","23332270","23332572","36","12314267"
"JH378105","11031871","11032168","chr12","10064948","10065242","32","966923"
"JH378105","11035046","11035363","chr11","115525233","115525542","37","104490187"
"JH378105","11088894","11089174","chrUn_KE147546v1","260439","260720","49","10828455"
"JH378105","11108191","11108496","chr1","108565860","108566161","36","97457669"
"JH378105","11256871","11257178","chr13","8870800","8871100","36","2386071"
"JH378105","11260580","11260707","chr1","97802296","97802426","14","86541716"
"JH378105","11265317","11265611","chr25","51340438","51340729","30","40075121"
"JH378105","11294643","11294951","chr11","120207458","120207761","36","108912815"
"JH378105","11393846","11394140","chr21","74368618","74368909","38","62974772"
"JH378105","11489841","11490151","chr5","59637972","59638275","42","48148131"
"JH378105","11657165","11657290","chr24","48537275","48537387","22","36880110"
"JH378105","11701183","11701468","chr2","18835666","18835955","44","7134483"
"JH378105","11731138","11731448","chr9","56811131","56811438","44","45079993"
"JH378105","11822495","11822784","chr3","23160952","23161236","43","11338457"
"JH378105","11830459","11830732","chr22","91959188","91959456","35","80128729"
"JH378105","11870731","11871033","chr5","2273487","2273788","29","9597244"
"JH378105","11976182","11976485","chr23","63610971","63611275","33","51634789"
"JH378105","12005983","12006281","chr6","38437831","38438120","39","26431848"
"JH378105","12030983","12031286","chr19","13958387","13958693","30","1927404"
"JH378105","12069206","12069512","chr2","55900648","55900952","34","43831442"
"JH378105","12082569","12082704","chrUn_AQIB01158758v1","1","132","17","12082568"
"JH378105","12121688","12121979","chr12","10064948","10065242","27","2056740"
"JH378105","12152464","12152614","chr9","59130238","59130387","17","46977774"
"JH378105","12212208","12212513","chr12","10064948","10065242","36","2147260"
"JH378105","12216980","12217276","chr12","10064948","10065242","32","2152032"
"JH378105","12223412","12223606","chr2","36139638","36139834","30","23916226"
"JH378105","12224771","12225078","chr6","32638803","32639103","40","20414032"
"JH378105","12229013","12229125","chr6","1067449","1067558","9","11161564"
"JH378105","12239168","12239452","chr15","57939854","57940135","42","45700686"
"JH378105","12240557","12240852","chr12","13315079","13315372","46","1074522"
"JH378105","12248240","12248520","chr20","104630107","104630400","46","92381867"
"JH378105","12303823","12304126","chr12","74217361","74217667","41","61913538"
"JH378105","12324103","12324400","chr14","45340459","45340751","37","33016356"
"JH378105","12352848","12353151","chrX","78570891","78571196","46","66218043"
"JH378105","12403103","12403380","chr21","71680175","71680449","36","59277072"
"JH378105","12446912","12447213","chr17","38841022","38841322","33","26394110"
"JH378105","12505250","12505555","chr9","28365288","28365588","43","15860038"
"JH378105","12520560","12520699","chr11","95753406","95753542","14","83232846"
"JH378105","12564345","12564637","chr18","66189352","66189642","43","53625007"
"JH378105","12621032","12621329","chr3","88960138","88960433","35","76339106"
"JH378105","12711775","12712094","chr11","60148033","60148342","50","47436258"
"JH378105","12730409","12730709","chr14","22799686","22799991","36","10069277"
"JH378105","12790530","12790620","chr3","65349691","65349782","9","52559161"
"JH378105","12858549","12858657","chr6","1067449","1067558","12","11791100"
"JH378105","12869724","12870044","chr10","89459842","89460157","45","76590118"
"JH378105","12899019","12899325","chr20","92866717","92867016","39","79967698"
"JH378105","12900185","12900476","chr9","32655685","32655987","44","19755500"
"JH378105","12914442","12914743","chr14","44038439","44038738","38","31123997"
"JH378105","12922402","12922646","chr9","47167372","47167612","41","34244970"
"JH378105","12938409","12938701","chr12","35145733","35146027","41","22207324"
"JH378105","12998308","12998601","chr15","3702894","3703194","35","9295414"
"JH378105","13001110","13001417","chr3","22013697","22014006","44","9012587"
"JH378105","13002680","13002966","chr12","10064948","10065242","39","2937732"
"JH378105","13047334","13047627","chr9","83383980","83384273","38","70336646"
"JH378105","13063027","13063261","chr20","8306631","8306858","38","4756396"
"JH378105","13188571","13188697","chr1","8688937","8689061","18","4499634"
"JH378105","13208065","13208348","chr24","64868751","64869042","54","51660686"
"JH378105","13227771","13228074","chr5","2273487","2273788","36","10954284"
"JH378105","13246411","13246557","chr9","86109665","86109806","20","72863254"
"JH378105","13250345","13250714","chr7","36526086","36526442","73","23275741"
"JH378105","13253750","13253875","chr1","8688937","8689061","12","4564813"
"JH378105","13282781","13283054","chr6","18084717","18084998","48","4801936"
"JH378105","13301444","13301531","chr23","15362021","15362100","14","2060577"
"JH378105","13312707","13312984","chr9","59089484","59089757","38","45776777"
"JH378105","13329632","13329783","chr16","70302991","70303139","19","56973359"
"JH378105","13366016","13366090","chr25","80275829","80275903","10","66909813"
"JH378105","13367082","13367159","chr13","63031813","63031889","7","49664731"
"JH378105","13373245","13373545","chr16","65250770","65251068","27","51877525"
"JH378105","13373998","13374231","chr7","115417917","115418150","25","102043919"
"JH378105","13375599","13375689","chr3","65349691","65349782","9","51974092"
"JH378105","13394541","13394833","chr4","438009","438301","49","12956532"
"JH378105","13394842","13395125","chr12","40633466","40633754","60","27238624"
"JH378105","13396291","13396561","chrX","31304644","31304921","37","17908353"
"JH378105","13402681","13402848","chr10_AQIB01158208v1_random","7866","8024","29","13394815"
"JH378105","13403835","13403965","chr20","20852752","20852882","9","7448917"
"JH378105","13406690","13406831","chr3","54050054","54050196","24","40643364"
"JH378105","13443356","13443656","chr23","79716850","79717146","43","66273494"
"JH378105","13446678","13446785","chr6","1067449","1067558","11","12379229"
"JH378105","13464715","13464805","chr3","65349691","65349782","12","51884976"
"JH378105","13471512","13471813","chr14","41557070","41557376","46","28085558"
"JH378105","13479434","13479727","chr3","88960138","88960433","38","75480704"
"JH378105","13486366","13486513","chr17","47733511","47733658","16","34247145"
"JH378105","13491119","13491418","chr12","10064948","10065242","34","3426171"
"JH378105","13491509","13491823","chr9","63581525","63581830","40","50090016"
"JH378105","13507164","13507259","chr22","82220107","82220203","7","68712943"
"JH378105","13521284","13521355","chr13","63031813","63031889","11","49510529"
"JH378105","13546069","13546158","chr3","65349691","65349782","10","51803622"
"JH378105","13558700","13558985","chr19","22521438","22521721","42","8962738"
"JH378105","13565048","13565123","chr13","63031813","63031889","7","49466765"
"JH378105","13585147","13585433","chr1","83672883","83673171","39","70087736"
"JH378105","13588204","13588503","chrX","125302543","125302844","37","111714339"
"JH378105","13589962","13590052","chr3","65349691","65349782","10","51759729"
"JH378105","13594181","13594501","chr16","2999161","2999470","44","10595020"
"JH378105","13602240","13602540","chr20_KE148049v1_random","1207969","1208266","41","12394271"
"JH378105","13603551","13603880","chr6","10625136","10625443","73","2978415"
"JH378105","13616051","13616172","chr15","90834689","90834810","11","77218638"
"JH378105","13625411","13625529","chr15","74666110","74666226","12","61040699"
"JH378105","13644450","13644738","chr25","51030152","51030441","41","37385702"
"JH378105","13648927","13649236","chr5","2324242","2324550","35","11324685"
"JH378105","13658491","13658805","chr2","34891557","34891863","35","21233066"
"JH378105","13663632","13663926","chr8","21494594","21494885","39","7830962"
"JH378105","13665763","13665852","chr20","119761262","119761350","11","106095499"
"JH378105","13670994","13671140","chr4","88563874","88564027","23","74892880"
"JH378105","13690885","13691188","chr1","68219231","68219530","34","54528346"
"JH378105","13709322","13709612","chr1","46097960","46098251","41","32388638"
"JH378105","13723397","13723705","chr12","74217361","74217667","35","60493964"
"JH378105","13733335","13733630","chr1","122278993","122279282","44","108545658"
"JH378105","13739494","13739584","chr3","65349691","65349782","12","51610197"
"JH378105","13741025","13741125","chr22","82220107","82220203","12","68479082"
"JH378105","13748529","13748823","chr12","10064948","10065242","28","3683581"
"JH378105","13759855","13760174","chr3","7174217","7174522","46","6585638"
"JH378105","13764086","13764382","chr10","44617741","44618035","34","30853655"
"JH378105","13765759","13765853","chr22","82220107","82220203","9","68454348"
"JH378105","13770421","13770717","chr12","10064948","10065242","25","3705473"
"JH378105","13771734","13772049","chr20","85624325","85624630","40","71852591"
"JH378105","13780090","13780382","chr12","10064948","10065242","25","3715142"
"JH378105","13796939","13797232","chr2","58318292","58318586","35","44521353"
"JH378105","13816985","13817288","chr29","8556711","8557016","31","5260274"
"JH378105","13833182","13833473","chr14","58657898","58658189","29","44824716"
"JH378105","13837494","13837791","chr6","38437831","38438120","38","24600337"
"JH378105","13870770","13870884","chr29","5133677","5133795","10","8737093"
"JH378105","13877350","13877642","chr13","64989908","64990202","34","51112558"
"JH378105","13915071","13915379","chr29","8289755","8290055","46","5625316"
"JH378105","13932097","13932267","chr8","30179311","30179472","25","16247214"
"JH378105","13941647","13941702","chr8","44178684","44178739","9","30237037"
"JH378105","13945112","13945156","chr25","84628385","84628423","20","70683273"
"JH378105","13945660","13945803","chr12","46226668","46226803","29","32281008"
"JH378105","13958066","13958382","chr5","11102155","11102465","43","2855911"
"JH378105","13969418","13969567","chr9","59130238","59130387","13","45160820"
"JH378105","13984044","13984169","chr9","103739806","103739931","15","89755762"
"JH378105","14005777","14006075","chr26","19365376","19365670","44","5359599"
"JH378105","14033467","14033556","chr19","7758593","7758681","10","6274874"
"JH378105","14079501","14079794","chr8","92648450","92648739","46","78568949"
"JH378105","14080676","14080980","chr16","51501244","51501546","41","37420568"
"JH378105","14114731","14114952","chr13","7317370","7317589","26","6797361"
"JH378105","14131625","14131957","chr7","85949776","85950095","47","71818151"
"JH378105","14162426","14162725","chr25","29130483","29130784","39","14968057"
"JH378105","14192816","14193111","chr9","61581508","61581804","39","47388692"
"JH378105","14238693","14238951","chr9","56406282","56406538","37","42167589"
"JH378105","14240101","14240376","chr18","60517785","60518069","43","46277684"
"JH378105","14258225","14258533","chr29","8289755","8290055","47","5968470"
"JH378105","14261720","14262005","chr5","42662951","42663235","39","28401231"
"JH378105","14296629","14296930","chr1","108565860","108566161","42","94269231"
"JH378105","14297720","14298016","chr6","17802140","17802439","44","3504420"
"JH378105","14346035","14346283","chr6","39417984","39418234","40","25071949"
"JH378105","14395497","14395557","chr10","99734047","99734096","16","85338550"
"JH378105","14398579","14398876","chr11","117737181","117737478","39","103338602"
"JH378105","14435069","14435368","chr29","8289755","8290055","43","6145314"
"JH378105","14473509","14473794","chr26","48627796","48628084","39","34154287"
"JH378105","14669348","14669458","chr6","1067449","1067558","9","13601899"
"JH378105","14876448","14876766","chr12","49907171","49907495","53","35030723"
"JH378105","14893707","14893997","chr26","50395265","50395544","36","35501558"
"JH378105","14903473","14903781","chr28","4550302","4550608","32","10353171"
"JH378105","15033950","15034263","chr16","14358940","14359244","39","675010"
"JH378105","15056095","15056388","chr10","54966942","54967236","31","39910847"
"JH378105","15199230","15199524","chr21","32338307","32338599","30","17139077"
"JH378105","15278799","15279070","chr28","8665513","8665780","40","6613286"
"JH378105","15293058","15293209","chr24","5586091","5586238","22","9706967"
"JH378105","15358607","15358889","chr13","51348285","51348563","33","35989678"
"JH378105","15376102","15376232","chr3","91348390","91348521","11","75972288"
"JH378105","15376236","15376510","chr22","17402704","17402979","36","2026468"
"JH378105","15582280","15582583","chr6","7190985","7191277","50","8391295"
"JH378105","15586910","15587135","chrX","29844367","29844589","31","14257457"
"JH378105","15750189","15750488","chr12","10064948","10065242","31","5685241"
"JH378105","15782667","15782962","chr8","52344592","52344885","29","36561925"
"JH378105","15784299","15784590","chr6","11944778","11945070","33","3839521"
"JH378105","15828195","15828491","chr12","10064948","10065242","27","5763247"
"JH378105","15875048","15875347","chr23","41434219","41434517","38","25559171"
"JH378105","15953574","15953863","chr11","105213946","105214237","35","89260372"
"JH378105","16073954","16074055","chr1","39939684","39939788","13","23865730"
"JH378105","16085486","16085615","chr20","20852752","20852882","9","4767266"
"JH378105","16115761","16116070","chr3","20237905","20238212","34","4122144"
"JH378105","16117126","16117420","chr9","24652371","24652664","35","8535245"
"JH378105","16124559","16124865","chr2","58045145","58045453","35","41920586"
"JH378105","16171721","16171999","chr7","93852704","93852990","40","77680983"
"JH378105","16266138","16266430","chr2","57283040","57283331","36","41016902"
"JH378105","16284168","16284474","chr24","68895333","68895641","35","52611165"
"JH378105","16285195","16285506","chr9","96314869","96315163","56","80029674"
"JH378105","16379021","16379129","chrX","25194654","25194764","12","8815633"
"JH378105","16392876","16393178","chr11","124380849","124381147","45","107987973"
"JH378105","16396183","16396260","chr13","63031813","63031889","7","46635630"
"JH378105","16397943","16398204","chr27","37334117","37334370","33","20936174"
"JH378105","16501503","16501792","chr12","10064948","10065242","40","6436555"
"JH378105","16544087","16544217","chr27","32448797","32448927","11","15904710"
"JH378105","16577831","16578142","chr5","2273487","2273788","42","14304344"
"JH378105","16662557","16662856","chr20","67523270","67523570","39","50860713"
"JH378105","16686069","16686178","chr6","1067449","1067558","11","15618620"
"JH378105","16687528","16687667","chr26","6591504","6591639","16","10096024"
"JH378105","16693181","16693483","chr10","87911378","87911678","32","71218197"
"JH378105","16701344","16701451","chr12","53065987","53066095","11","36364643"
"JH378105","16729443","16729746","chr23","41434219","41434517","45","24704776"
"JH378105","16736156","16736285","chr11","106843296","106843425","14","90107140"
"JH378105","16781787","16781911","chr1","8688937","8689061","15","8092850"
"JH378105","16802089","16802177","chr19","7758593","7758681","8","9043496"
"JH378105","16912100","16912395","chr22","10940743","10941034","29","5971357"
"JH378105","16979381","16979685","chr7","99172603","99172901","45","82193222"
"JH378105","16985539","16985800","chr16","18902865","18903120","34","1917326"
"JH378105","17021514","17021808","chr12","10064948","10065242","29","6956566"
"JH378105","17041231","17041537","chr2","56613914","56614218","44","39572683"
"JH378105","17085505","17085809","chr21","8441745","8442044","38","8643760"
"JH378105","17130352","17130663","chr21","22838763","22839060","52","5708411"
"JH378105","17154062","17154368","chr11","84786098","84786398","36","67632036"
"JH378105","17242160","17242453","chr11","126818840","126819124","37","109576680"
"JH378105","17267586","17267889","chr1","110227544","110227837","36","92959958"
"JH378105","17277883","17278176","chr2","5168180","5168471","38","12109703"
"JH378105","17278177","17278510","chr3","37955466","37955795","39","20677289"
"JH378105","17291998","17292075","chr9","59373945","59374022","18","42081947"
"JH378105","17295282","17295508","chr13","7317370","7317589","31","9977912"
"JH378105","17377487","17377611","chr15","90834689","90834810","14","73457202"
"JH378105","17386696","17386906","chr10","9117595","9117807","32","8269101"
"JH378105","17421225","17421525","chr12","10064948","10065242","35","7356277"
"JH378105","17444013","17444321","chr5","2273487","2273788","35","15170526"
"JH378105","17447315","17447601","chr16","26067530","26067803","44","8620215"
"JH378105","17470154","17470425","chr26","39137557","39137827","49","21667403"
"JH378105","17487366","17487656","chr10","76447217","76447507","40","58959851"
"JH378105","17727443","17727734","chr10","118597337","118597632","43","100869894"
"JH378105","17743557","17743867","chr2","34891557","34891863","29","17148000"
"JH378105","17799807","17800061","chrX","41275530","41275773","36","23475723"
"JH378105","17835258","17835567","chrX","28194989","28195297","47","10359731"
"JH378105","17884395","17884684","chr15","47267466","47267750","41","29383071"
"JH378105","18122905","18123213","chr26","5907158","5907461","47","12215747"
"JH378105","18144847","18145058","chr16","6238673","6238883","25","11906174"
"JH378105","18200417","18200715","chrX","125302543","125302844","36","107102126"
"JH378105","18206575","18206879","chr5","2273487","2273788","31","15933088"
"JH378105","18232802","18233099","chr8","18530878","18531178","39","298076"
"JH378105","18317909","18318004","chr22","82220107","82220203","7","63902198"
"JH378105","18364906","18365030","chr13","87948735","87948855","14","69583829"
"JH378105","18373607","18373755","chrUn_KE147649v1","9029","9176","14","18364578"
"JH378105","18377488","18377745","chr2","84221689","84221944","39","65844201"
"JH378105","18396322","18396627","chr1","110566972","110567281","52","92170650"
"JH378105","18414668","18414954","chr19","19502742","19503020","31","1088074"
"JH378105","18421983","18422287","chr10","87911378","87911678","33","69489395"
"JH378105","18426801","18427050","chr1","406008","406263","38","18020793"
"JH378105","18429036","18429121","chr11","103619310","103619394","8","85190274"
"JH378105","18455749","18455861","chr6","1067449","1067558","10","17388300"
"JH378105","18458123","18458414","chr18","35878777","35879068","38","17420654"
"JH378105","18470865","18471157","chr1","83625954","83626213","60","65155089"
"JH378105","18474574","18474878","chr15","60324899","60325206","41","41850325"
"JH378105","18482155","18482450","chr12","10064948","10065242","29","8417207"
"JH378105","18487236","18487544","chr26","38024857","38025165","32","19537621"
"JH378105","18521006","18521154","chr24","12006231","12006380","14","6514775"
"JH378105","18521882","18521988","chr1","39939684","39939788","11","21417802"
"JH378105","18562215","18562526","chr28","4550302","4550608","41","14011913"
"JH378105","18605853","18606177","chr8","5994272","5994585","42","12611581"
"JH378105","18639686","18639985","chr12","10064948","10065242","26","8574738"
"JH378105","18640605","18640871","chr8","139183385","139183639","44","120542780"
"JH378105","18716420","18716503","chr16","4405728","4405812","6","14310692"
"JH378105","18716923","18717140","chr16","6238673","6238883","32","12478250"
"JH378105","18738364","18738664","chr12","10064948","10065242","30","8673416"
"JH378105","18744955","18745245","chr12","10064948","10065242","29","8680007"
"JH378105","18835121","18835424","chr16","70684193","70684489","36","51849072"
"JH378105","18882625","18882924","chrX","14268019","14268317","40","4614606"
"JH378105","19015209","19015505","chrX","8671666","8671962","51","10343543"
"JH378105","19039563","19039863","chr16","64430366","64430669","37","45390803"
"JH378105","19179077","19179384","chr17","27731938","27732245","41","8552861"
"JH378105","19306487","19306778","chr13","65577132","65577425","36","46270645"
"JH378105","19353669","19353963","chr4","73809451","73809743","40","54455782"
"JH378105","19366422","19366734","chr10","88177543","88177855","39","68811121"
"JH378105","19400084","19400179","chr22","82220107","82220203","8","62820023"
"JH378105","19406139","19406434","chr12","14821307","14821598","48","4584832"
"JH378105","19462191","19462490","chr29","23088099","23088392","42","3625908"
"JH378105","19772807","19773131","chr10","72956484","72956800","43","53183677"
"JH378105","20008016","20008317","chr25","83663207","83663505","33","63655191"
"JH378105","20222299","20222593","chr15","5114677","5114969","38","15107622"
"JH378105","20235406","20235520","chr8","99349454","99349565","18","79114048"
"JH378105","20242543","20242845","chr25","66745008","66745315","42","46502465"
"JH378105","20344299","20344582","chr28","16995383","16995661","39","3348916"
"JH378105","20353061","20353356","chr17","35258575","35258878","43","14905514"
"JH378105","20548266","20548573","chr16","23423370","23423672","42","2875104"
"JH378105","20552033","20552336","chr14","22799686","22799991","46","2247653"
"JH378105","20570935","20571183","chr11","119259842","119260088","43","98688907"
"JH378105","20588284","20588590","chr5","2273487","2273788","32","18314797"
"JH378105","20687694","20687998","chr12","6781553","6781865","107","13906141"
"JH378105","20715374","20715681","chr16","36083795","36084104","36","15368421"
"JH378105","20754636","20754915","chr19","22892545","22892830","46","2137909"
"JH378105","20773508","20773716","chr9","109040412","109040645","53","88266904"
"JH378105","20812279","20812577","chr12","10064948","10065242","29","10747331"
"JH378105","20867902","20867986","chr16","4405728","4405812","8","16462174"
"JH378105","20873905","20874008","chrX","2017984","2018087","9","18855921"
"JH378105","20879504","20879796","chr4","16735950","16736241","40","4143554"
"JH378105","20879799","20880111","chr11","20333718","20334026","38","546081"
"JH378105","20916820","20917163","chr22","2509630","2509937","126","18407190"
"JH378105","20931992","20932282","chr12","10064948","10065242","30","10867044"
"JH378105","20954325","20954614","chr21","97980668","97980956","35","77026343"
"JH378105","20971626","20971917","chr12","10064948","10065242","30","10906678"
"JH378105","20995908","20996199","chr1","9280050","9280342","35","11715858"
"JH378105","21002532","21002804","chr25","73791320","73791585","41","52788788"
"JH378105","21002993","21003132","chr12","42755129","42755268","15","21752136"
"JH378105","21020293","21020365","chr13","63031813","63031889","9","42011520"
"JH378105","21020756","21021050","chr22","23399144","23399441","50","2378388"
"JH378105","21031205","21031516","chr1","65504304","65504612","30","44473099"
"JH378105","21050417","21050710","chr1","93624453","93624747","37","72574036"
"JH378105","21052847","21052952","chr1","39939684","39939788","13","18886837"
"JH378105","21054379","21054686","chr11","115525233","115525542","28","94470854"
"JH378105","21121395","21121693","chr12","10064948","10065242","29","11056447"
"JH378105","21166097","21166351","chr9","31823888","31824144","30","10657791"
"JH378105","21197002","21197139","chr6","3375709","3375847","10","17821293"
"JH378105","21200838","21201126","chr5","53255334","53255620","31","32054496"
"JH378105","21203184","21203486","chr16","62016688","62016989","43","40813504"
"JH378105","21204818","21205114","chr20_KE148049v1_random","535731","536028","36","20669087"
"JH378105","21207215","21207531","chr2","58045145","58045453","42","36837930"
"JH378105","21279279","21279584","chr8","31518004","31518309","34","10238725"
"JH378105","21304066","21304347","chr20","18848288","18848574","37","2455778"
"JH378105","21308374","21308464","chr19","7758593","7758681","11","13549781"
"JH378105","21308759","21309063","chr23","63610971","63611275","36","42302212"
"JH378105","21314382","21314667","chr9","87536800","87537086","39","66222418"
"JH378105","21321327","21321632","chr13","65577132","65577425","31","44255805"
"JH378105","21335596","21335895","chr23","39674723","39675021","38","18339127"
"JH378105","21337718","21337834","chr10","119613290","119613413","20","98275572"
"JH378105","21415569","21415876","chr7","19605160","19605458","44","1810409"
"JH378105","21427687","21427986","chr5","2273487","2273788","26","19154200"
"JH378105","21436181","21436341","chr11","64287583","64287743","22","42851402"
"JH378105","21445343","21445501","chr15","90845759","90845918","28","69400416"
"JH378105","21481939","21482202","chr20","116428512","116428772","34","94946573"
"JH378105","21752503","21752790","chr21","66269520","66269815","44","44517017"
"JH378105","21868883","21869195","chr5","2324242","2324550","45","19544641"
"JH378105","21911465","21911682","chr6","16017631","16017832","37","5893834"
"JH378105","21912172","21912312","chr16","187527","187668","12","21724645"
"JH378105","21966334","21966646","chr11","115525233","115525542","30","93558899"
"JH378105","22075355","22075648","chr9","90943231","90943523","38","68867876"
"JH378105","22080812","22081105","chr8","21494594","21494885","33","586218"
"JH378105","22095422","22095724","chr22","40701009","40701309","34","18605587"
"JH378105","22096987","22097083","chr22","82220107","82220203","6","60123120"
"JH378105","22105535","22105830","chr13","65577132","65577425","35","43471597"
"JH378105","22111092","22111400","chr13","81585158","81585455","61","59474066"
"JH378105","22145474","22145786","chr1","65504304","65504612","31","43358830"
"JH378105","22146616","22146918","chr21","74368618","74368909","36","52222002"
"JH378105","22154638","22154924","chr4","6845538","6845824","52","15309100"
"JH378105","22155787","22156086","chr23","44818219","44818516","28","22662432"
"JH378105","22172777","22172852","chr13","63031813","63031889","8","40859036"
"JH378105","22188335","22188443","chr6","1067449","1067558","10","21120886"
"JH378105","22207996","22208296","chr4","30926814","30927112","35","8718818"
"JH378105","22230613","22230872","chr9","104139191","104139453","46","81908578"
"JH378105","22232464","22232772","chrX","28559441","28559742","37","6326977"
"JH378105","22276054","22276339","chr13","29009243","29009528","38","6733189"
"JH378105","22278344","22278647","chr5","2273487","2273788","29","20004857"
"JH378105","22282468","22282762","chr2","81802622","81802922","45","59520154"
"JH378105","22293834","22294117","chr4","68750844","68751128","35","46457010"
"JH378105","22311966","22312264","chr5","17069346","17069647","39","5242620"
"JH378105","22322231","22322490","chr12","6401463","6401710","42","15920768"
"JH378105","22341842","22342142","chr8","1916519","1916819","45","20425323"
"JH378105","22350849","22350962","chr20","115102100","115102215","11","92751251"
"JH378105","22354768","22354863","chr22","82220107","82220203","7","59865339"
"JH378105","22355431","22355714","chr5","20366749","20367033","40","1988682"
"JH378105","22365253","22365569","chr1","65504304","65504612","36","43139051"
"JH378105","22366473","22366587","chrX","25194654","25194764","15","2828181"
"JH378105","22367323","22367491","chr4","65157978","65158146","29","42790655"
"JH378105","22372670","22372946","chr19","19502742","19503020","39","2869928"
"JH378105","22373333","22373427","chr22","82220107","82220203","8","59846774"
"JH378105","22390081","22390388","chr5","2273487","2273788","32","20116594"
"JH378105","22404723","22405022","chr14","44038439","44038738","36","21633716"
"JH378105","22409659","22409785","chr1","8688937","8689061","12","13720722"
"JH378105","22434001","22434303","chr1","68219231","68219530","28","45785230"
"JH378105","22438527","22438623","chr22","82220107","82220203","6","59781580"
"JH378105","22442593","22442885","chr29","10722547","10722839","42","11720046"
"JH378105","22445430","22445745","chrX","125302543","125302844","40","102857113"
"JH378105","22454694","22454982","chr22","50629443","50629736","36","28174749"
"JH378105","22455013","22455321","chr20","113550217","113550515","51","91095204"
"JH378105","22472968","22473264","chr13","65577132","65577425","35","43104164"
"JH378105","22485318","22485610","chr23","35045928","35046223","54","12560610"
"JH378105","22486266","22486560","chr12","104595406","104595692","36","82109140"
"JH378105","22517990","22518242","chr22","58083115","58083361","37","35565125"
"JH378105","22536315","22536611","chr11","42115371","42115662","35","19579056"
"JH378105","22568398","22568506","chr12","53065987","53066095","13","30497589"
"JH378105","22569199","22569441","chr23","53807731","53807970","36","31238532"
"JH378105","22569602","22569898","chr12","10064948","10065242","34","12504654"
"JH378105","22578109","22578405","chr12","52768113","52768413","33","30190004"
"JH378105","22580190","22580273","chr5","67880800","67880883","8","45300610"
"JH378105","22586470","22586558","chr19","7758593","7758681","9","14827877"
"JH378105","22589334","22589612","chr9","66838731","66839011","39","44249397"
"JH378105","22590258","22590380","chr15","90834689","90834810","11","68244431"
"JH378105","22597951","22598243","chr12","62681503","62681796","43","40083552"
"JH378105","22610372","22610687","chr1","104145192","104145500","45","81534820"
"JH378105","22640308","22640619","chr8","44727875","44728165","41","22087567"
"JH378105","22690729","22691059","chr20","99538718","99539034","50","76847989"
"JH378105","22693907","22694207","chr9","16155142","16155438","44","6538765"
"JH378105","22914760","22915055","chr6","38582923","38583209","39","15668163"
"JH378105","22918261","22918533","chr8","132346365","132346635","43","109428104"
"JH378105","22944897","22945206","chr25","17717251","17717558","34","5227646"
"JH378105","23026893","23027177","chr11","19611133","19611417","35","3415760"
"JH378105","23388956","23389221","chr11","63143554","63143815","49","39754598"
"JH378105","23427960","23428166","chrX","46578018","46578222","30","23150058"
"JH378105","23480411","23480746","chr14","46171515","46171849","37","22691104"
"JH378105","23492762","23493077","chr1","65504304","65504612","42","42011542"
"JH378105","23533022","23533107","chr3","65349691","65349782","13","41816669"
"JH378105","23571432","23571747","chr3","20237905","20238212","43","3333527"
"JH378105","23725084","23725379","chr9","118446169","118446455","42","94721085"
"JH378105","23734510","23734822","chr25","77313930","77314228","45","53579420"
"JH378105","23748530","23748607","chr13","63031813","63031889","8","39283283"
"JH378105","23797705","23798002","chr12","10064948","10065242","29","13732757"
"JH378105","23831702","23832001","chr14","68642036","68642333","29","44810334"
"JH378105","23847352","23847652","chr20","89561089","89561394","34","65713737"
"JH378105","23987550","23987849","chr12","10064948","10065242","27","13922602"
"JH378105","24065103","24065389","chr6","44465917","44466198","35","20400814"
"JH378105","24087257","24087568","chr12","6781553","6781865","66","17305704"
"JH378105","24109196","24109497","chr12","10064948","10065242","30","14044248"
"JH378105","24159932","24160218","chr10","8909912","8910203","40","15250020"
"JH378105","24227724","24228036","chr2","34891557","34891863","32","10663833"
"JH378105","24260013","24260290","chr6","39804140","39804419","47","15544127"
"JH378105","24291481","24291789","chrX","49418051","49418357","32","25126570"
"JH378105","24411976","24412270","chr15","12031507","12031804","60","12380469"
"JH378105","24556103","24556374","chr16","68347000","68347257","37","43790897"
"JH378105","24595297","24595610","chrX","28194989","28195297","38","3599692"
"JH378105","24619411","24619560","chr9","59130238","59130387","14","34510827"
"JH378105","24638911","24639221","chr8","1760359","1760667","32","22878552"
"JH378105","24760304","24760602","chr2","35931939","35932239","31","11171635"
"JH378105","25006830","25007112","chr28","3701583","3701862","48","21305247"
"JH378105","25058077","25058167","chr19","7758593","7758681","10","17299484"
"JH378105","25065731","25066005","chr6","8669039","8669314","42","16396692"
"JH378105","25081050","25081354","chr18","1021717","1022020","48","24059333"
"JH378105","25171066","25171360","chrX","17246394","17246689","39","7924672"
"JH378105","25329889","25330138","chr12","6401463","6401710","30","18928426"
"JH378105","25343750","25343951","chr26","46416874","46417072","33","21073124"
"JH378105","25350859","25351198","chr28","8065497","8065830","62","17285362"
"JH378105","25386993","25387277","chr26","6374183","6374474","41","19012810"
"JH378105","25439666","25439976","chr5","2273487","2273788","33","23166179"
"JH378105","25473496","25473579","chr5","67880800","67880883","9","42407304"
"JH378105","25483505","25483728","chr20","30471188","30471408","42","4987683"
"JH378105","25724993","25725298","chr12","10064948","10065242","32","15660045"
"JH378105","25954448","25954745","chr5","26310765","26311061","40","356317"
"JH378105","25995881","25996132","chr7","9916313","9916562","43","16079568"
"JH378105","26004567","26004849","chr15","90456038","90456322","42","64451471"
"JH378105","26032130","26032429","chr16","12093535","12093829","37","13938595"
"JH378105","26129641","26129940","chr12","5303669","5303965","43","20825972"
"JH378105","26133778","26134068","chr14","45885770","45886063","38","19751992"
"JH378105","26262992","26263292","chr21","8441745","8442044","43","17821247"
"JH378105","26319398","26319533","chr1","89404945","89405080","12","63085547"
"JH378105","26368383","26368690","chr1","65504304","65504612","31","39135921"
"JH378105","26373423","26373715","chr6","38437831","38438120","33","12064408"
"JH378105","26471182","26471388","chr23","12475122","12475330","33","13996060"
"JH378105","26556361","26556456","chr22","82220107","82220203","7","55663746"
"JH378105","26611323","26611575","chrX","17448974","17449223","42","9162349"
"JH378105","26658917","26659007","chr3","65349691","65349782","12","38690774"
"JH378105","26671654","26671925","chr29","18937433","18937689","47","7734221"
"JH378105","26757886","26758096","chr9","21639574","21639785","39","5118312"
"JH378105","26788553","26788628","chr14","84294465","84294542","14","57505912"
"JH378105","26788629","26788751","chr9","86370457","86370587","26","59581828"
"JH378105","26921979","26922288","chr2","85255263","85255560","44","58333284"
"JH378105","26923475","26923627","chr26","25340503","25340645","26","1582972"
"JH378105","26943897","26944197","chr15","86758708","86759003","49","59814811"
"JH378105","27062358","27062659","chr3","19526751","19527052","41","7535607"
"JH378105","27081099","27081387","chr6","48913632","48913921","37","21832533"
"JH378105","27259599","27259733","chr1","32567672","32567808","27","5308073"
"JH378105","27310690","27310956","chrX","126393011","126393284","42","99082321"
"JH378105","27329584","27329857","chr20","77868884","77869164","49","50539300"
"JH378105","27333877","27334102","chr24","48462678","48462899","39","21128801"
"JH378105","27334104","27334376","chr28","8665513","8665780","50","18668591"
"JH378105","27549452","27549741","chr8","16114448","16114726","61","11435004"
"JH378105","27565672","27565761","chr16","4405728","4405812","11","23159944"
"JH378105","27611446","27611739","chr1","15981946","15982211","130","11629500"
"JH378105","27660331","27660615","chr7","47018747","47019038","39","19358416"
"JH378105","27768114","27768332","chr2","41986599","41986802","31","14218485"
"JH378105","27933369","27933490","chr15","90834689","90834810","11","62901320"
"JH378105","28038599","28038844","chr29","11365553","11365795","43","16673046"
"JH378105","28065790","28066070","chr4","33497078","33497356","38","5431288"
"JH378105","28173625","28173937","chr11","115525233","115525542","28","87351608"
"JH378105","28236037","28236271","chr5","52977814","52978047","33","24741777"
"JH378105","28304730","28305019","chr15","53507240","53507516","43","25202510"
"JH378105","28333129","28333427","chr10","37907569","37907871","43","9574440"
"JH378105","28347824","28348131","chr5","66812818","66813124","39","38464994"
"JH378105","28375073","28375380","chr6","16598509","16598818","33","11776564"
"JH378105","28426176","28426473","chr12","10064948","10065242","28","18361228"
"JH378105","28479299","28479552","chr21","97830195","97830443","48","69350896"
"JH378105","28554645","28554934","chr28","3701583","3701862","35","24853062"
"JH378105","28755193","28755434","chr12","88639528","88639774","48","59884335"
"JH378105","28793626","28793924","chr9","24652371","24652664","41","4141255"
"JH378105","28942882","28943183","chr12","10064948","10065242","30","18877934"
"JH378105","28943747","28944048","chr22","22170420","22170722","40","6773327"
"JH378105","28950437","28950740","chr1","120119656","120119957","37","91169219"
"JH378105","29025577","29025659","chr5","67880800","67880883","9","38855223"
"JH378105","29045539","29045789","chr14","29055670","29055928","45","10131"
"JH378105","29075395","29075684","chr23","37747056","37747344","35","8671661"
"JH378105","29088487","29088800","chr2","16391419","16391724","47","12697068"
"JH378105","29174822","29175134","chr2","34891557","34891863","32","5716735"
"JH378105","29183999","29184309","chr18","67218974","67219278","46","38034975"
"JH378105","29195006","29195316","chr26","6059541","6059849","46","23135465"
"JH378105","29225461","29225725","chr2","44912969","44913240","46","15687508"
"JH378105","29249018","29249317","chr8","93926175","93926473","35","64677157"
"JH378105","29262738","29262976","chr8","99056057","99056304","52","69793319"
"JH378105","29273902","29274206","chr12","20451812","20452107","52","8822090"
"JH378105","29340327","29340644","chrX","44976189","44976495","42","15635862"
"JH378105","29577427","29577726","chr7","37261141","37261440","44","7683714"
"JH378105","29715458","29715742","chr1","101091218","101091491","58","71375760"
"JH378105","29722743","29722997","chr10","88865481","88865727","37","59142738"
"JH378105","29749702","29750008","chr21","56994229","56994528","47","27244527"
"JH378105","29871870","29872166","chr19","14791977","14792267","41","15079893"
"JH378105","29874499","29874797","chr13","65577132","65577425","32","35702633"
"JH378105","29878022","29878318","chr14","21331402","21331700","45","8546620"
"JH378105","29985718","29985968","chr4","42765611","42765860","47","12779893"
"JH378105","30068286","30068554","chr7","49713033","49713293","52","19644747"
"JH378105","30097309","30097613","chr3","21834348","21834652","41","8262961"
"JH378105","30108825","30109136","chr14","22799686","22799991","40","7309139"
"JH378105","30135497","30135806","chr5","36774379","36774687","30","6638882"
"JH378105","30156780","30156858","chr13","63031813","63031889","8","32875033"
"JH378105","30170270","30170570","chr15","86758708","86759003","38","56588438"
"JH378105","30172185","30172468","chr4","52255702","52255986","47","22083517"
"JH378105","30173367","30173622","chr16","65251314","65251569","25","35077947"
"JH378105","30195562","30195666","chr1","39939684","39939788","11","9744122"
"JH378105","30257765","30258061","chr14","38813996","38814293","44","8556231"
"JH378105","30300781","30300966","chr10","63425686","63425865","26","33124905"
"JH378105","30303369","30303668","chr23","35045928","35046223","39","4742559"
"JH378105","30329909","30330215","chr1","65504304","65504612","38","35174395"
"JH378105","30398252","30398479","chr6","2372111","2372337","32","28026141"
"JH378105","30403134","30403424","chr8","75450257","75450544","39","45047123"
"JH378105","30409024","30409306","chr14","7619665","7619943","36","22789359"
"JH378105","30441133","30441411","chr23","5517272","5517549","36","24923861"
"JH378105","30509545","30509846","chr5","2273487","2273788","32","28236058"
"JH378105","30626140","30626427","chr6","19296137","19296425","47","11330003"
"JH378105","30657860","30658159","chr22","48709160","48709458","31","18051300"
"JH378105","30848705","30849028","chr1","65504304","65504612","48","34655599"
"JH378105","30894554","30894628","chr13","63031813","63031889","11","32137259"
"JH378105","30901663","30901972","chr24","79792988","79793292","42","48891325"
"JH378105","30905481","30905570","chr3","65349691","65349782","13","34444210"
"JH378105","31020658","31020961","chr12","10064948","10065242","32","20955710"
"JH378105","31049848","31050123","chr16","63652876","63653158","36","32603028"
"JH378105","31112127","31112394","chrX","125586139","125586393","48","94474012"
"JH378105","31127511","31127813","chr5","2273487","2273788","27","28854024"
"JH378105","31221230","31221527","chr26","12826886","12827179","38","18394344"
"JH378105","31233142","31233465","chr11","115525233","115525542","40","84292091"
"JH378105","31247335","31247614","chr4","16615424","16615699","41","14631911"
"JH378105","31313552","31313856","chr16","20822626","20822924","40","10490926"
"JH378105","31329986","31330285","chr12","10064948","10065242","28","21265038"
"JH378105","31394039","31394231","chr11","29582135","29582322","36","1811904"
"JH378105","31408844","31409143","chr12","10064948","10065242","28","21343896"
"JH378105","31448371","31448669","chr15","12031507","12031804","38","19416864"
"JH378105","31479044","31479342","chr12","10064948","10065242","37","21414096"
"JH378105","31513315","31513627","chr17","44387479","44387789","36","12874164"
"JH378105","31515611","31515710","chrX","2017984","2018087","13","29497627"
"JH378105","31517256","31517550","chrX","23977849","23978143","41","7539407"
"JH378105","31666013","31666299","chr24","67904448","67904733","31","36238435"
"JH378105","31694600","31694910","chr11","115525233","115525542","34","83830633"
"JH378105","31725564","31725892","chr1","93361306","93361613","52","61635742"
"JH378105","31796920","31797223","chr12","10064948","10065242","30","21731972"
"JH378105","31857563","31857832","chr5","21193983","21194260","40","10663580"
"JH378105","32063265","32063543","chr7","134662977","134663252","40","102599712"
"JH378105","32134281","32134591","chr3","56919020","56919333","47","24784739"
"JH378105","32177020","32177169","chr7","42961800","42961947","19","10784780"
"JH378105","32180301","32180595","chr13","65577132","65577425","35","33396831"
"JH378105","32281852","32282151","chr1","68219231","68219530","40","35937379"
"JH378105","32382599","32382779","chr4","35579068","35579243","34","3196469"
"JH378105","32400041","32400333","chr12","102449059","102449339","70","70049018"
"JH378105","32623651","32623934","chr25","73312027","73312311","43","40688376"
"JH378105","32650273","32650552","chr10","127201999","127202278","39","94551726"
"JH378105","32703690","32703996","chr12","10064948","10065242","35","22638742"
"JH378105","32829461","32829615","chr7","123901115","123901271","23","91071654"
"JH378105","32860126","32860427","chr16","14783139","14783447","43","18076987"
"JH378105","32938069","32938372","chr28","4550302","4550608","33","28387767"
"JH378105","32949561","32949861","chr22","79253483","79253792","48","46303922"
"JH378105","33051616","33051709","chr22","82220107","82220203","11","49168491"
"JH378105","33056394","33056652","chr5","13917062","13917330","50","19139332"
"JH378105","33118643","33118949","chr29","8289755","8290055","32","24828888"
"JH378105","33128105","33128403","chr12","10064948","10065242","32","23063157"
"JH378105","33162096","33162398","chr21","36464675","36464969","29","3302579"
"JH378105","33170406","33170584","chr1","14103001","14103184","32","19067405"
"JH378105","33204267","33204568","chr2","5119768","5120064","40","28084499"
"JH378105","33267149","33267455","chr2","20242750","20243052","40","13024399"
"JH378105","33281579","33281887","chr12","74217361","74217667","32","40935782"
"JH378105","33281899","33282023","chr19","5294457","5294586","20","27987442"
"JH378105","33382210","33382494","chr16","31788140","31788419","37","1594070"
"JH378105","33428359","33428656","chr8","31545666","31545957","35","1882693"
"JH378105","33483348","33483653","chr20","70184160","70184468","42","36700812"
"JH378105","33576989","33577241","chr16","65023819","65024064","39","31446830"
"JH378105","33643379","33643602","chr13","7317370","7317589","27","26326009"
"JH378105","33686150","33686440","chr14","37615851","37616147","34","3929701"
"JH378105","33710370","33710660","chr11","73431457","73431745","40","39721087"
"JH378105","33728416","33728728","chr19","13613108","13613413","51","20115308"
"JH378105","33808313","33808620","chr20","86643072","86643377","39","52834759"
"JH378105","33874193","33874492","chr12","10064948","10065242","32","23809245"
"JH378105","33900939","33901239","chr29","2556610","2556908","35","31344329"
"JH378105","33936031","33936120","chr22","82220107","82220203","10","48284076"
"JH378105","33943765","33943841","chr13","63031813","63031889","7","29088048"
"JH378105","34009016","34009310","chr13","65577132","65577425","32","31568116"
"JH378105","34015448","34015753","chr13","65577132","65577425","35","31561684"
"JH378105","34034635","34034938","chr20","87404408","87404710","36","53369773"
"JH378105","34047350","34047649","chr2","35931939","35932239","30","1884589"
"JH378105","34054375","34054661","chr16","71030167","71030460","36","36975792"
"JH378105","34072842","34073143","chr12","10064948","10065242","28","24007894"
"JH378105","34096491","34096567","chr13","63031813","63031889","6","28935322"
"JH378105","34098903","34099148","chrX","73749369","73749619","51","39650466"
"JH378105","34140892","34141191","chr5","2273487","2273788","37","31867405"
"JH378105","34294597","34294677","chr9","62921501","62921569","19","28626904"
"JH378105","34303118","34303422","chr1","66807483","66807786","40","32504365"
"JH378105","34314402","34314710","chr11","115525233","115525542","31","81210831"
"JH378105","34381074","34381366","chr29","10722547","10722839","29","23658527"
"JH378105","34404710","34404994","chr15","90422327","90422614","42","56017617"
"JH378105","34419830","34419974","chr12","42755129","42755268","18","8335299"
"JH378105","34422704","34423004","chr5","9933342","9933637","38","24489362"
"JH378105","34434790","34434939","chr7","42961800","42961947","18","8527010"
"JH378105","34593136","34593452","chr1","65504304","65504612","33","30911168"
"JH378105","34774968","34775269","chr1","65504304","65504612","45","30729336"
"JH378105","34786455","34786725","chr22","9600661","9600931","39","25185794"
"JH378105","34808150","34808461","chr3","20237905","20238212","35","14570245"
"JH378105","34878843","34879134","chrX","23977849","23978143","33","10900994"
"JH378105","34952449","34952753","chr13","74351346","74351645","46","39398897"
"JH378105","34966642","34966948","chr8","32187026","32187333","36","2779616"
"JH378105","34972366","34972619","chr21","58536106","58536360","35","23563740"
"JH378105","35016788","35017058","chr7","134662977","134663252","38","99646189"
"JH378105","35048607","35048895","chr14","44038439","44038738","41","8989832"
"JH378105","35057619","35057918","chr21","30590903","30591190","40","4466716"
"JH378105","35064636","35064931","chr8","57136534","57136829","62","22071898"
"JH378105","35068165","35068371","chr23","42110057","42110277","34","7041892"
"JH378105","35069477","35069757","chrX","43388473","43388761","42","8318996"
"JH378105","35081681","35081993","chr18","31501692","31501998","36","3579989"
"JH378105","35104460","35104740","chr8","94942905","94943180","39","59838445"
"JH378105","35134642","35134960","chrX","28194989","28195297","57","6939653"
"JH378105","35143373","35143682","chr2","34891557","34891863","31","251816"
"JH378105","35144587","35144896","chr5","33074148","33074451","48","2070439"
"JH378105","35156741","35156841","chr2","59738677","59738769","19","24581936"
"JH378105","35158410","35158680","chr1","9765275","9765547","35","25393135"
"JH378105","35159871","35160163","chr29","2122494","2122782","59","33037377"
"JH378105","35163806","35164087","chr11","19611133","19611417","34","15552673"
"JH378105","35167151","35167445","chr8","89032489","89032789","47","53865338"
"JH378105","35190612","35190917","chr1","46712446","46712753","39","11521834"
"JH378105","35197347","35197624","chr12","26827271","26827548","28","8370076"
"JH378105","35214880","35214940","chrUn_AQIB01157951v1","804","866","10","35214076"
"JH378105","35217202","35217354","chr15","57712545","57712693","29","22495343"
"JH378105","35239402","35239687","chr4","16735950","16736241","34","18503452"
"JH378105","35240518","35240810","chr16","32369324","32369619","40","2871194"
"JH378105","35250547","35250845","chr12","10064948","10065242","24","25185599"
"JH378105","35259833","35260139","chr4","88788880","88789184","33","53529047"
"JH378105","35270977","35271249","chr17","30341532","30341804","48","4929445"
"JH378105","35278062","35278369","chr20","46933799","46934103","32","11655737"
"JH378105","35282888","35283186","chr17","60106145","60106447","36","24823257"
"JH378105","35294736","35294986","chr1","581839","582102","45","34712897"
"JH378105","35310436","35310739","chr5","33074148","33074451","40","2236288"
"JH378105","35326954","35327245","chr15","65122808","65123099","40","29795854"
"JH378105","35327922","35328227","chr20","119900333","119900636","37","84572411"
"JH378105","35388102","35388406","chrX","115854764","115855072","41","80466662"
"JH378105","35388593","35388882","chr6","31995720","31996007","38","3392873"
"JH378105","35390348","35390621","chr12","45033039","45033309","34","9642691"
"JH378105","35460205","35460520","chr11","115525233","115525542","29","80065028"
"JH378105","35501429","35501732","chr4","16810841","16811146","34","18690588"
"JH378105","35506089","35506383","chr13","65577132","65577425","29","30071043"
"JH378105","35511801","35511874","chr13","63031813","63031889","9","27520012"
"JH378105","35512226","35512442","chr7","98446578","98446794","36","62934352"
"JH378105","35527862","35528115","chr17","17514120","17514376","38","18013742"
"JH378105","35533213","35533509","chr20","85624325","85624630","41","50091112"
"JH378105","35540144","35540445","chr21","103798329","103798630","42","68258185"
"JH378105","35541007","35541276","chr2","34541558","34541838","44","999449"
"JH378105","35549326","35549429","chrX","2017984","2018087","10","33531342"
"JH378105","35555580","35555720","chr23","56978905","56979044","13","21423325"
"JH378105","35559082","35559318","chr10","114621703","114621933","39","79062621"
"JH378105","35581812","35581896","chr20","86496231","86496314","9","50914419"
"JH378105","35586516","35586745","chr11","126175108","126175340","31","90588592"
"JH378105","35655867","35656160","chr10","54966942","54967236","35","19311075"
"JH378105","35673556","35673864","chrUn_KE147575v1","33049","33353","44","35640507"
"JH378105","35686878","35687013","chr26","6591504","6591639","12","29095374"
"JH378105","35712607","35712897","chr12","10064948","10065242","39","25647659"
"JH378105","35715564","35715833","chr11","90996628","90996901","37","55281064"
"JH378105","35728431","35728730","chr2","35931939","35932239","36","203508"
"JH378105","35734424","35734724","chr12","10064948","10065242","29","25669476"
"JH378105","35757764","35758050","chr24","81526980","81527277","43","45769216"
"JH378105","35763173","35763429","chr6","38291436","38291692","29","2528263"
"JH378105","35766932","35767073","chr23","56978905","56979044","13","21211973"
"JH378105","35772584","35772887","chr18","5878184","5878487","38","29894400"
"JH378105","35773165","35773261","chr22","82220107","82220203","8","46446942"
"JH378105","35773433","35773555","chr15","90834689","90834810","8","55061256"
"JH378105","35787925","35788189","chr22","81976155","81976422","38","46188230"
"JH378105","35792063","35792373","chr2","58045145","58045453","29","22253082"
"JH378105","35809233","35809543","chr3","21834348","21834652","40","13974885"
"JH378105","35813238","35813512","chr5","26756445","26756721","39","9056793"
"JH378105","35821959","35822247","chr18","56165308","56165595","40","20343349"
"JH378105","35844061","35844150","chr19","7758593","7758681","9","28085468"
"JH378105","35847000","35847315","chr1","65504304","65504612","42","29657304"
"JH378105","35854377","35854663","chr12","105105257","105105541","40","69250880"
"JH378105","35855312","35855592","chr25","75511414","75511696","41","39656102"
"JH378105","35857866","35858150","chr26","21070479","21070763","35","14787387"
"JH378105","35877840","35878157","chr8","26352201","26352513","39","9525639"
"JH378105","35887414","35887535","chr20","65131475","65131592","12","29244061"
"JH378105","35889042","35889214","chr25","22704616","22704787","26","13184426"
"JH378105","35889538","35889614","chr13","63031813","63031889","9","27142275"
"JH378105","35896600","35896882","chr26","15737333","15737619","40","20159267"
"JH378105","35900651","35900906","chr7","79092689","79092941","57","43192038"
"JH378105","35906035","35906352","chr8","26352201","26352513","36","9553834"
"JH378105","35911176","35911482","chr21","13830726","13831028","39","22080450"
"JH378105","35912576","35912875","chr15","3702894","3703194","33","32209682"
"JH378105","35915690","35915796","chr13","42116553","42116656","13","6200863"
"JH378105","35916488","35916655","chr7","27177753","27177919","39","8738735"
"JH378105","35919609","35919916","chr16","33182065","33182368","46","2737544"
"JH378105","35936667","35936957","chr12","10064948","10065242","34","25871719"
"JH378105","35937881","35938178","chr4","30926814","30927112","30","5011067"
"JH378105","35944781","35945085","chr20","103824795","103825094","29","67880014"
"JH378105","35956016","35956317","chr20","24344213","24344511","43","11611803"
"JH378105","35957623","35957828","chr10","51256642","51256845","38","15299019"
"JH378105","36006186","36006478","chr10","643705","643994","45","35362481"
"JH378105","36029814","36030095","chr11","19611133","19611417","38","16418681"
"JH378105","36063775","36064091","chr2","35933723","35934028","48","130052"
"JH378105","36080149","36080447","chrX","119965831","119966113","47","83885682"
"JH378105","36090816","36091109","chr11","94025022","94025317","40","57934206"
"JH378105","36144000","36144103","chr1","39939684","39939788","12","3795684"
"JH378105","36149547","36149828","chr25","81962890","81963173","36","45813343"
"JH378105","36194935","36195241","chr19","23732962","23733259","46","12461973"
"JH378105","36199610","36199916","chr11","58110010","58110310","37","21910400"
"JH378105","36232697","36232965","chr22","25736176","25736439","43","10496521"
"JH378105","36347349","36347645","chr12","10064948","10065242","31","26282401"
"JH378105","36419339","36419648","chr1","53919172","53919477","39","17499833"
"JH378105","36439061","36439369","chr26","22968550","22968844","40","13470511"
"JH378105","36452637","36452948","chr6","16598509","16598818","40","19854128"
"JH378105","36476795","36477084","chrX","95460911","95461200","38","58984116"
"JH378105","36490043","36490129","chr14","82610477","82610563","11","46120434"
"JH378105","36505526","36505818","chr12","10064948","10065242","30","26440578"
"JH378105","36511362","36511687","chr20","99538718","99539034","41","63027356"
"JH378105","36576956","36577256","chr9","57875604","57875901","30","21298648"
"JH378105","36581323","36581640","chr1","2872653","2872961","39","33708670"
"JH378105","36586944","36587166","chr7","97152314","97152538","44","60565370"
"JH378105","36616105","36616194","chr3","65349691","65349782","14","28733586"
"JH378105","36655843","36656143","chr9","85823742","85824047","35","49167899"
"JH378105","36675700","36676021","chr12","6781553","6781865","103","29894147"
"JH378105","36687932","36688211","chr19","19502742","19503020","29","17185190"
"JH378105","36693219","36693408","chr19","14732662","14732852","33","21960557"
"JH378105","36693805","36693911","chr1","39939684","39939788","12","3245879"
"JH378105","36698278","36698448","chr25","67007366","67007524","31","30309088"
"JH378105","36721180","36721470","chr7","132205443","132205733","37","95484263"
"JH378105","36760438","36760715","chr21","33287053","33287331","44","3473385"
"JH378105","36773435","36773721","chr5","4915180","4915468","52","31858255"
"JH378105","36834602","36834905","chr22","18234123","18234429","33","18600479"
"JH378105","36837561","36837864","chr11","52767976","52768283","35","15930415"
"JH378105","36847736","36847961","chr23","42110057","42110277","35","5262321"
"JH378105","36878692","36878993","chr23","34683155","34683450","37","2195537"
"JH378105","36908194","36908466","chr17","33226708","33226968","50","3681486"
"JH378105","36915749","36916046","chr1","103415790","103416081","32","66500041"
"JH378105","36917538","36917658","chr15","90834689","90834810","10","53917151"
"JH378105","36933139","36933441","chr5","2273487","2273788","27","34659652"
"JH378105","36955853","36956138","chr4","53346939","53347217","36","16391086"
"JH378105","36997284","36997423","chr11","95753406","95753542","15","58756122"
"JH378105","37002292","37002598","chr5","2273487","2273788","30","34728805"
"JH378105","37040757","37041053","chr12","10064948","10065242","24","26975809"
"JH378105","37061237","37061525","chr20","88042094","88042392","47","50980857"
"JH378105","37061657","37061942","chr12","10064948","10065242","38","26996709"
"JH378105","37075428","37075735","chr5","56921180","56921483","35","19845752"
"JH378105","37120991","37121289","chr6","4113565","4113862","36","33007426"
"JH378105","37138024","37138278","chr12","6401463","6401710","40","30736561"
"JH378105","37156572","37156856","chr16","8367786","8368073","36","28788786"
"JH378105","37178654","37178949","chr15","48893872","48894165","39","11715218"
"JH378105","37198582","37198891","chr20","20539479","20539784","43","16659103"
"JH378105","37200334","37200642","chr5","2273487","2273788","34","34926847"
"JH378105","37217624","37217933","chr9","62594343","62594647","40","25376719"
"JH378105","37267126","37267408","chr22","22816178","22816465","39","14450948"
"JH378105","37404934","37405234","chr7","37261141","37261440","42","143793"
"JH378105","37426708","37426989","chr21","47329418","47329697","33","9902710"
"JH378105","37479455","37479739","chr22","37637582","37637856","53","158127"
"JH378105","37527167","37527455","chr22","58537332","58537616","36","21010165"
"JH378105","37533797","37533963","chr1","105262714","105262876","25","67728917"
"JH378105","37608600","37608853","chr16","10013512","10013752","43","27595088"
"JH378105","37643770","37644067","chr14","38813996","38814293","38","1170226"
"JH378105","37683117","37683405","chr10","127495198","127495486","35","89812081"
"JH378105","37697022","37697108","chr5","67880800","67880883","9","30183778"
"JH378105","37789705","37789970","chr5","34103098","34103364","32","3686607"
"JH378105","37799852","37800115","chr16","68347000","68347257","36","30547148"
"JH378105","37857671","37857961","chr28_KE148105v1_random","309394","309684","37","37548277"
"JH378105","37970637","37970883","chr22","21637258","21637508","55","16333379"
"JH378105","37998772","37999080","chr11","115525233","115525542","29","77526461"
"JH378105","38019983","38020284","chr10","47669467","47669767","40","9649484"
"JH378105","38141223","38141481","chr1","406008","406263","49","37735215"
"JH378105","38196931","38197236","chr2","35931939","35932239","41","2264992"
"JH378105","38244016","38244309","chr8","49346057","49346342","35","11102041"
"JH378105","38310364","38310664","chr5","2273487","2273788","30","36036877"
"JH378105","38321793","38322103","chr24","68895333","68895641","36","30573540"
"JH378105","38336358","38336630","chr1","35251903","35252181","50","3084455"
"JH378105","38343043","38343339","chr24","22113783","22114076","33","16229260"
"JH378105","38365806","38365952","chr7","42961800","42961947","15","4595994"
"JH378105","38448471","38448759","chr9","62273501","62273789","42","23825030"
"JH378105","38466685","38466994","chr26","6059541","6059849","33","32407144"
"JH378105","38492816","38493115","chrX","60987121","60987417","41","22494305"
"JH378105","38507707","38508035","chr2","53472729","53473052","50","14965022"
"JH378105","38523084","38523384","chr26","17944990","17945291","31","20578094"
"JH378105","38536300","38536601","chr8","62334634","62334934","43","23798334"
"JH378105","38571709","38572001","chr1","47290276","47290565","39","8718567"
"JH378105","38583225","38583499","chr17","64019842","64020119","38","25436617"
"JH378105","38606767","38606927","chr14","75641833","75641993","16","37035066"
"JH378105","38609975","38610265","chr16","30637924","30638212","32","7972051"
"JH378105","38724962","38725050","chr19","7758593","7758681","9","30966369"
"JH378105","38744074","38744364","chr14","80284365","80284655","40","41540291"
"JH378105","38757708","38758004","chr12","10064948","10065242","33","28692760"
"JH378105","38765318","38765621","chr28","12672156","12672457","35","26093162"
"JH378105","38779638","38779945","chr12","74217361","74217667","38","35437723"
"JH378105","38817254","38817334","chr11","103619310","103619394","15","64802056"
"JH378105","38867252","38867562","chr7","119273691","119273998","41","80406439"
"JH378105","38909518","38909786","chr10","101625850","101626125","35","62716332"
"JH378105","39004616","39004923","chr12","10064948","10065242","37","28939668"
"JH378105","39039696","39039981","chr8","138416364","138416651","34","99376668"
"JH378105","39121656","39121934","chr5","26494257","26494539","38","12627399"
"JH378105","39163341","39163619","chr16","33508158","33508444","55","5655183"
"JH378105","39215873","39216176","chr1","65504304","65504612","51","26288431"
"JH378105","39228277","39228555","chrX_KE148109v1_random","2433212","2433486","40","36795065"
"JH378105","39257245","39257547","chr21","22838763","22839060","33","16418482"
"JH378105","39288946","39289208","chr21","116499270","116499533","33","77210324"
"JH378105","39312059","39312352","chr14","58657898","58658189","27","19345839"
"JH378105","39325564","39325873","chr1","65504304","65504612","29","26178740"
"JH378105","39342666","39342968","chr9","71188923","71189219","35","31846257"
"JH378105","39404225","39404530","chr27","8771956","8772256","37","30632269"
"JH378105","39406191","39406495","chr2","7494757","7495063","39","31911434"
"JH378105","39456131","39456252","chr3","72385674","72385796","12","32929543"
"JH378105","39456779","39456881","chrX","2017984","2018087","8","37438795"
"JH378105","39463234","39463547","chr5","20221828","20222136","35","19241406"
"JH378105","39500449","39500531","chr5","67880800","67880883","5","28380351"
"JH378105","39527419","39527740","chr17","30184322","30184640","42","9343097"
"JH378105","39678293","39678594","chr21","22838763","22839060","35","16839530"
"JH378105","39746971","39747303","chr1","110599946","110600282","61","70852975"
"JH378105","39780479","39780794","chr17","35258575","35258878","41","4521904"
"JH378105","39806573","39806872","chr1","68219231","68219530","47","28412658"
"JH378105","39867353","39867442","chr3","65349691","65349782","14","25482338"
"JH378105","39872454","39872763","chr14","83371933","83372231","39","43499479"
"JH378105","40069520","40069817","chr8","21494594","21494885","42","18574926"
"JH378105","40097602","40097660","chr5","8923767","8923819","14","31173835"
"JH378105","40167254","40167534","chr22","13940486","13940766","46","26226768"
"JH378105","40318746","40319034","chr8","21494594","21494885","38","18824152"
"JH378105","40507029","40507158","chr3","91348390","91348521","13","50841361"
"JH378105","40529779","40530084","chr12","10064948","10065242","35","30464831"
"JH378105","40585552","40585663","chr6","1067449","1067558","13","39518103"
"JH378105","40587231","40587512","chr9","114015180","114015455","40","73427949"
"JH378105","40613469","40613763","chr12","10064948","10065242","30","30548521"
"JH378105","40661727","40662013","chr27","42048680","42048976","58","1386953"
"JH378105","40841117","40841387","chr26","13888046","13888328","49","26953071"
"JH378105","40930849","40931152","chr16","32369324","32369619","39","8561525"
"JH378105","40938929","40939227","chr12","10064948","10065242","37","30873981"
"JH378105","40968568","40968849","chr9","99606197","99606478","48","58637629"
"JH378105","40972404","40972693","chrX","29936084","29936366","36","11036320"
"JH378105","41031922","41032091","chr2","4697570","4697737","23","36334352"
"JH378105","41059656","41059965","chr20","100392884","100393179","55","59333228"
"JH378105","41065516","41065815","chr16","18091158","18091443","45","22974358"
"JH378105","41170898","41171180","chr11","78654444","78654727","55","37483546"
"JH378105","41231799","41232091","chr16","54214553","54214848","45","12982754"
"JH378105","41327259","41327572","chrX","62513903","62514213","32","21186644"
"JH378105","41375376","41375666","chr27","7936386","7936673","53","33438990"
"JH378105","41391030","41391342","chr9","27940156","27940466","42","13450874"
"JH378105","41392187","41392491","chrX_KE148108v1_random","5006566","5006875","44","36385621"
"JH378105","41413946","41414213","chr1","63665869","63666131","49","22251923"
"JH378105","41444522","41444779","chr7","85068719","85068988","57","43624197"
"JH378105","41472244","41472533","chr7","128937346","128937636","35","87465102"
"JH378105","41506240","41506483","chr23","36968203","36968460","56","4538037"
"JH378105","41606371","41606520","chr17","47733511","47733658","15","6127140"
"JH378105","41628487","41628785","chr20","9156415","9156716","42","32472072"
"JH378105","41647990","41648285","chr6","6510471","6510765","38","35137519"
"JH378105","41654887","41655145","chr23","27842421","27842672","32","13812466"
"JH378105","41655683","41655980","chr19","25347288","25347585","37","16308395"
"JH378105","41677028","41677306","chrX","111062211","111062478","56","69385183"
"JH378105","41678096","41678408","chr28","4550302","4550608","40","37127794"
"JH378105","41734400","41734705","chr6","15953108","15953417","45","25781292"
"JH378105","41794701","41795008","chr10","18808121","18808424","43","22986580"
"JH378105","41803022","41803358","chr20","114176907","114177230","48","72373885"
"JH378105","41854588","41854869","chr25","48348123","48348403","47","6493535"
"JH378105","41893364","41893674","chr2","34891557","34891863","34","7001807"
"JH378105","41944073","41944382","chr14","83371933","83372231","33","41427860"
"JH378105","42029225","42029524","chr13","54881753","54882053","43","12852528"
"JH378105","42070102","42070190","chr14","82260777","82260865","17","40190675"
"JH378105","42084298","42084561","chr4","43777956","43778215","53","1693658"
"JH378105","42225219","42225489","chrX","26356044","26356314","41","15869175"
"JH378105","42248853","42249163","chrX","28194989","28195297","34","14053864"
"JH378105","42275245","42275540","chr14","64881304","64881598","43","22606059"
"JH378105","42348005","42348319","chr20","109095552","109095857","38","66747547"
"JH378105","42400937","42401224","chr17","40213108","40213394","37","2187829"
"JH378105","42403358","42403664","chr5","18507215","18507511","39","23896143"
"JH378105","42447447","42447748","chr14","44038439","44038738","47","1590992"
"JH378105","42534181","42534394","chr16","6238673","6238883","27","36295508"
"JH378105","42582218","42582470","chr6","38291436","38291692","37","4290782"
"JH378105","42611073","42611415","chr11","22510302","22510632","56","20100771"
"JH378105","42677827","42678087","chr16","58425585","58425837","39","15747758"
"JH378105","42695222","42695538","chr11","115525233","115525542","37","72830011"
"JH378105","42736445","42736755","chr20","33044791","33045099","46","9691654"
"JH378105","42781010","42781316","chr12","6781553","6781865","112","35999457"
"JH378105","42789577","42789857","chr3","9525767","9526055","43","33263810"
"JH378105","42899433","42899514","chr5","67880800","67880883","7","24981367"
"JH378105","43004265","43004548","chr3","75158573","75158853","38","32154308"
"JH378105","43014407","43014705","chr3","10937420","10937729","51","32076987"
"JH378105","43062953","43063186","chr17","41920077","41920310","38","1142876"
"JH378105","43089477","43089593","chr4","60395666","60395783","12","17306189"
"JH378105","43106278","43106616","chr14","46171515","46171849","46","3065237"
"JH378105","43130393","43130689","chr15","45168875","45169166","48","2038482"
"JH378105","43173990","43174295","chr12","102135104","102135405","39","58961114"
"JH378105","43176167","43176461","chr20","100183338","100183634","47","57007171"
"JH378105","43252192","43252496","chr18","60118008","60118306","42","16865816"
"JH378105","43256654","43256934","chr12","27124486","27124768","42","16132168"
"JH378105","43278107","43278423","chr16","30398852","30399159","48","12879255"
"JH378105","43356945","43357253","chr5","9902768","9903074","42","33454177"
"JH378105","43427789","43428090","chr2","85255263","85255560","44","41827474"
"JH378105","43478074","43478380","chr10","47669467","47669767","44","4191393"
"JH378105","43479329","43479413","chr16","4405728","4405812","6","39073601"
"JH378105","43490202","43490279","chr13","63031813","63031889","8","19541611"
"JH378105","43497690","43497819","chr12","46812456","46812586","14","3314766"
"JH378105","43546531","43546813","chr23","5517272","5517549","48","38029259"
"JH378105","43576974","43577045","chr13","63031813","63031889","10","19454839"
"JH378105","43597663","43597777","chr6","1067449","1067558","12","42530214"
"JH378105","43672701","43673009","chr8","18530878","18531178","35","25141823"
"JH378105","43711570","43711878","chrX","11815348","11815650","34","31896222"
"JH378105","43801023","43801294","chr21","33287053","33287331","36","10513970"
"JH378105","43914583","43914895","chr1","108565860","108566161","55","64651277"
"JH378105","43919363","43919662","chr21","97277296","97277589","40","53357933"
"JH378105","43924597","43924907","chr20","105941906","105942211","36","62017309"
"JH378105","44061415","44061488","chr13","63031813","63031889","8","18970398"
"JH378105","44088607","44088704","chr22","82220107","82220203","8","38131500"
"JH378105","44089193","44089323","chr20","20852752","20852882","13","23236441"
"JH378105","44090950","44091265","chr19","22811307","22811608","38","21279643"
"JH378105","44096796","44097090","chr21","112860099","112860381","40","68763303"
"JH378105","44102707","44102994","chr10","118597337","118597632","41","74494630"
"JH378105","44120715","44121022","chr5","2273487","2273788","36","41847228"
"JH378105","44122325","44122642","chr7","30775718","30776021","60","13346607"
"JH378105","44141335","44141646","chr16","33182065","33182368","43","10959270"
"JH378105","44151476","44151764","chr17","51638117","51638398","42","7486641"
"JH378105","44152489","44152630","chr23","56978905","56979044","14","12826416"
"JH378105","44236107","44236214","chr17","40217264","40217370","12","4018843"
"JH378105","44239441","44239750","chr1","65504304","65504612","32","21264863"
"JH378105","44311999","44312067","chr17","40314853","40314924","8","3997146"
"JH378105","44356562","44356710","chr9","59130238","59130387","14","14773676"
"JH378105","44358232","44358361","chr3","91348390","91348521","12","46990158"
"JH378105","44422744","44423051","chr5","26425551","26425855","45","17997193"
"JH378105","44559336","44559642","chr19","28642255","28642556","39","15917081"
"JH378105","44584076","44584390","chr23","80398638","80398942","48","35814562"
"JH378105","44684905","44685217","chr22","101145385","101145702","56","56460480"
"JH378105","44705540","44705844","chr5","2273487","2273788","29","42432053"
"JH378105","44748927","44749216","chr1","31818411","31818697","42","12930516"
"JH378105","44906887","44907191","chr29","8278863","8279172","39","36628024"
"JH378105","44939588","44939896","chr12","62611680","62611985","39","17672092"
"JH378105","44958320","44958434","chr15","53667122","53667237","12","8708802"
"JH378105","44959243","44959457","chr17","40172220","40172415","36","4787023"
"JH378105","44968565","44968873","chr3","20237905","20238212","47","24730660"
"JH378105","45004495","45004803","chr14","83371933","83372231","37","38367438"
"JH378105","45152406","45152705","chr25","77313930","77314228","36","32161524"
"JH378105","45220744","45221050","chr22","63138959","63139267","43","17918215"
"JH378105","45289424","45289730","chr20","129210275","129210581","41","83920851"
"JH378105","45329138","45329445","chr12","10064948","10065242","33","35264190"
"JH378105","45338455","45338750","chr8","92648450","92648739","50","47309995"
"JH378105","45400022","45400340","chr1","65504304","65504612","42","20104282"
"JH378105","45414509","45414821","chr11","115525233","115525542","32","70110724"
"JH378105","45449234","45449535","chr10","2350876","2351174","31","43098358"
"JH378105","45468427","45468722","chr12","10064948","10065242","31","35403479"
"JH378105","45470644","45470937","chr22","10282335","10282631","35","35188309"
"JH378105","45476444","45476722","chr4","50225644","50225922","36","4749200"
"JH378105","45486328","45486632","chr4","32848590","32848896","39","12637738"
"JH378105","45488023","45488337","chr1","108565860","108566161","33","63077837"
"JH378105","45510072","45510377","chr23","35045928","35046223","33","10464144"
"JH378105","45528989","45529190","chr17","58619356","58619558","22","13090367"
"JH378105","45592396","45592699","chr12","10064948","10065242","35","35527448"
"JH378105","45612240","45612551","chr6","15953108","15953417","35","29659132"
"JH378105","45638864","45639083","chr4","29433478","29433699","31","16205386"
"JH378105","45643128","45643420","chr10","106198802","106199092","36","60555674"
"JH378105","45673456","45673755","chr13","65577132","65577425","30","19903676"
"JH378105","45675010","45675302","chr10","57787441","57787731","41","12112431"
"JH378105","45681401","45681693","chr22","47793370","47793666","42","2111969"
"JH378105","45690406","45690698","chr22","47793370","47793666","42","2102964"
"JH378105","45716869","45717133","chr18","66420662","66420922","37","20703793"
"JH378105","45729360","45729656","chr1","68219231","68219530","37","22489871"
"JH378105","45747186","45747472","chr13","68865919","68866202","39","23118733"
"JH378105","45770985","45771286","chr12","10064948","10065242","26","35706037"
"JH378105","45817402","45817713","chr1","65504304","65504612","33","19686902"
"JH378105","45823115","45823411","chr1","10803268","10803561","39","35019847"
"JH378105","45834366","45834661","chr14","37615851","37616147","24","8218515"
"JH378105","45845191","45845493","chr12","10064948","10065242","35","35780243"
"JH378105","45857367","45857465","chr22","82220107","82220203","6","36362740"
"JH378105","45858313","45858459","chr17","47733511","47733658","16","1875198"
"JH378105","45870140","45870421","chr24","11223105","11223380","32","34647035"
"JH378105","45887502","45887792","chr8","94667632","94667918","46","48780130"
"JH378105","45922291","45922374","chr5","67880800","67880883","5","21958509"
"JH378105","45923604","45923728","chr1","8688937","8689061","13","37234667"
"JH378105","46039468","46039587","chr6","44144914","44145033","10","1894554"
"JH378105","46065638","46065944","chr15","18549945","18550246","33","27515693"
"JH378105","46186733","46187035","chr16","33182065","33182368","37","13004668"
"JH378105","46232014","46232302","chr10","127495198","127495486","36","81263184"
"JH378105","46341521","46341818","chr10","90402340","90402635","38","44060819"
"JH378105","46419184","46419491","chr26","16008721","16009029","38","30410463"
"JH378105","46449566","46449862","chrX","23977849","23978143","39","22471717"
"JH378105","46587899","46588188","chr2","65957747","65958034","44","19369848"
"JH378105","46612935","46613079","chr8","6220418","6220561","17","40392517"
"JH378105","46620790","46621086","chr17","22860242","22860550","45","23760548"
"JH378105","46623776","46624087","chr2","34891557","34891863","31","11732219"
"JH378105","46665720","46666029","chr2","74744689","74744996","47","28078969"
"JH378105","46698825","46699115","chr9","92415292","92415589","41","45716467"
"JH378105","46709913","46710213","chr13","74228181","74228481","40","27518268"
"JH378105","46721692","46721917","chr21","68941764","68941995","37","22220072"
"JH378105","46725389","46725686","chr16","61312039","61312331","66","14586650"
"JH378105","46765048","46765178","chr3","91348390","91348521","11","44583342"
"JH378105","46886355","46886677","chr12","6781553","6781865","67","40104802"
"JH378105","46986885","46987167","chr24","67904448","67904733","36","20917563"
"JH378105","47026017","47026320","chr11","114846906","114847210","40","67820889"
"JH378105","47045523","47045821","chr12","10064948","10065242","32","36980575"
"JH378105","47084870","47085009","chr11","99775300","99775442","27","52690430"
"JH378105","47085010","47085295","chr6","18084717","18084998","40","29000293"
"JH378105","47097257","47097333","chr13","63031813","63031889","7","15934556"
"JH378105","47148078","47148369","chr22","47793370","47793666","39","645292"
"JH378105","47279185","47279470","chr18","26746608","26746895","37","20532577"
"JH378105","47291923","47292219","chr20","104630107","104630400","44","57338184"
"JH378105","47315693","47315979","chr9","87536800","87537086","43","40221107"
"JH378105","47332342","47332615","chr15","2359863","2360137","35","44972479"
"JH378105","47614771","47615075","chr20","98111845","98112145","40","50497074"
"JH378105","47716339","47716645","chr24","68895333","68895641","36","21178994"
"JH378105","47739791","47740085","chr11","38461191","38461481","36","9278600"
"JH378105","47758292","47758568","chr9","92538933","92539203","50","44780641"
"JH378105","47797871","47798183","chr1","65504304","65504612","35","17706433"
"JH378105","47802202","47802393","chr11","117573457","117573649","24","69771255"
"JH378105","47803625","47803727","chrX","2017984","2018087","10","45785641"
"JH378105","47848429","47848739","chr2","10204715","10205019","34","37643714"
"JH378105","47866515","47866816","chr12","10064948","10065242","29","37801567"
"JH378105","47898835","47899145","chr1","65504304","65504612","37","17605469"
"JH378105","47926325","47926414","chr19","7758593","7758681","11","40167732"
"JH378105","47941532","47941834","chr12","103011241","103011542","38","55069709"
"JH378105","47958546","47958831","chr21","125118620","125118898","42","77160074"
"JH378105","47973711","47974005","chr14","81356656","81356954","37","33382945"
"JH378105","47976291","47976389","chr22","82220107","82220203","8","34243816"
"JH378105","47977276","47977418","chr6","7501396","7501533","17","40475880"
"JH378105","47993582","47993896","chr1","65504304","65504612","35","17510722"
"JH378105","48024026","48024310","chr14","81578712","81578996","38","33554686"
"JH378105","48064387","48064531","chr6","7229588","7229731","15","40834799"
"JH378105","48071685","48071987","chr20","119900333","119900636","43","71828648"
"JH378105","48095200","48095483","chr12","6781553","6781865","99","41313647"
"JH378105","48097985","48098295","chr24","68895333","68895641","46","20797348"
"JH378105","48118151","48118458","chr4","88331964","88332268","37","40213813"
"JH378105","48124532","48124840","chr9","85823742","85824047","38","37699210"
"JH378105","48125397","48125666","chr12","49725321","49725593","42","1599924"
"JH378105","48133186","48133316","chr20","20852752","20852882","10","27280434"
"JH378105","48165901","48166196","chr7","99172603","99172901","37","51006702"
"JH378105","48167453","48167735","chr6","40582273","40582553","30","7585180"
"JH378105","48204166","48204343","chr13","12236374","12236552","25","35967792"
"JH378105","48211025","48211324","chr12","10064948","10065242","22","38146077"
"JH378105","48226250","48226560","chr3","10937420","10937729","36","37288830"
"JH378105","48250122","48250432","chr1","65504304","65504612","33","17254182"
"JH378105","48293076","48293383","chrX","125302543","125302844","34","77009467"
"JH378105","48302759","48303067","chr16","64430366","64430669","37","16127607"
"JH378105","48319011","48319089","chr13","63031813","63031889","8","14712802"
"JH378105","48351855","48352160","chr5","2273487","2273788","34","46078368"
"JH378105","48393907","48394213","chr24","26573636","26573935","33","21820271"
"JH378105","48396682","48396759","chr13","63031813","63031889","6","14635131"
"JH378105","48400895","48401184","chr9","39095858","39096151","44","9305037"
"JH378105","48409351","48409650","chr10","118597337","118597632","42","70187986"
"JH378105","48471025","48471314","chr3","4399018","4399312","36","44072007"
"JH378105","48488459","48488701","chr9","81142136","81142376","46","32653677"
"JH378105","48495839","48496140","chr12","10064948","10065242","38","38430891"
"JH378105","48500913","48501217","chr12","10064948","10065242","38","38435965"
"JH378105","48544781","48545081","chr12","10064948","10065242","28","38479833"
"JH378105","48564285","48564564","chr14","42700952","42701223","45","5863333"
"JH378105","48565164","48565264","chrX","2017984","2018087","10","46547180"
"JH378105","48569479","48569628","chr9","59130238","59130387","16","10560759"
"JH378105","48575319","48575615","chr12","10064948","10065242","27","38510371"
"JH378105","48589841","48589976","chr26","6591504","6591639","10","41998337"
"JH378105","48590692","48590840","chr24","12006231","12006380","17","36584461"
"JH378105","48594836","48595057","chr13","7317370","7317589","29","41277466"
"JH378105","48597527","48597600","chr13","63031813","63031889","7","14434286"
"JH378105","48599759","48600059","chr26","38768574","38768870","45","9831185"
"JH378105","48604735","48604852","chr20","115102100","115102215","13","66497365"
"JH378105","48614994","48615135","chr3","90669571","90669712","13","42054577"
"JH378105","48625681","48625771","chr3","65349691","65349782","12","16724010"
"JH378105","48627117","48627454","chr2","57283040","57283331","82","8655923"
"JH378105","48642670","48642754","chr16","4405728","4405812","7","44236942"
"JH378105","48665592","48665873","chr15","90917380","90917656","41","42251788"
"JH378105","48667588","48667725","chr6","5083470","5083606","18","43584118"
"JH378105","48670918","48671212","chrX","115847772","115848064","43","67176854"
"JH378105","48674111","48674200","chr19","7758593","7758681","10","40915518"
"JH378105","48708402","48708706","chr13","78919804","78920100","49","30211402"
"JH378105","48721385","48721680","chr12","10064948","10065242","34","38656437"
"JH378105","48733546","48733636","chr19","7758593","7758681","10","40974953"
"JH378105","48736540","48736793","chr22","88832832","88833087","29","40096292"
"JH378105","48738888","48738987","chr22","82220107","82220203","9","33481219"
"JH378105","48760442","48760737","chr5","37860748","37861034","41","10899694"
"JH378105","48765169","48765443","chr9","19449982","19450259","38","29315187"
"JH378105","48779895","48780018","chr9","96281358","96281488","20","47501463"
"JH378105","48780969","48781042","chr13","63031813","63031889","9","14250844"
"JH378105","48792513","48792629","chr20","115102100","115102215","12","66309587"
"JH378105","48802187","48802450","chr3","78814189","78814455","43","30012002"
"JH378105","48803122","48803418","chr8","52344592","52344885","30","3541470"
"JH378105","48812767","48812879","chr6","1067449","1067558","12","47745318"
"JH378105","48826709","48826862","chr12","52782225","52782376","23","3955516"
"JH378105","48827168","48827298","chrX","60368209","60368339","15","11541041"
"JH378105","48848216","48848324","chr6","1067449","1067558","10","47780767"
"JH378105","48880646","48880923","chr2","35947983","35948268","45","12932663"
"JH378105","48885569","48885699","chr3","91348390","91348521","10","42462821"
"JH378105","48887635","48887925","chr21","14906800","14907094","39","33980835"
"JH378105","48898091","48898321","chr7","133981478","133981708","31","85083387"
"JH378105","48914703","48914996","chr8","97506802","97507104","37","48592099"
"JH378105","48928853","48928943","chr19","7758593","7758681","10","41170260"
"JH378105","48929903","48930205","chr12","10064948","10065242","28","38864955"
"JH378105","48931699","48932003","chr8","29590101","29590383","59","19341598"
"JH378105","48943290","48943594","chr5","2273487","2273788","33","46669803"
"JH378105","48965781","48965925","chr3","90669571","90669712","14","41703790"
"JH378105","48983088","48983343","chr1","581839","582102","44","48401249"
"JH378105","48999862","48999990","chrX","111922835","111922961","20","62922973"
"JH378105","49000615","49000723","chr6","1067449","1067558","11","47933166"
"JH378105","49005165","49005445","chr1","18162340","18162615","47","30842825"
"JH378105","49006748","49006842","chr22","82220107","82220203","8","33213359"
"JH378105","49023639","49023938","chr12","10064948","10065242","32","38958691"
"JH378105","49027315","49027610","chr14","1899716","1900013","35","47127599"
"JH378105","49044987","49045282","chr12","60432247","60432540","39","11387260"
"JH378105","49097418","49097725","chrX","114744806","114745112","35","65647388"
"JH378105","49101329","49101413","chr16","4405728","4405812","5","44695601"
"JH378105","49102568","49102860","chr22","47793370","47793666","36","1309198"
"JH378105","49108512","49108606","chr22","82220107","82220203","10","33111595"
"JH378105","49113209","49113400","chr16","40442198","40442397","32","8671011"
"JH378105","49134654","49134958","chr5","2273487","2273788","28","46861167"
"JH378105","49136385","49136701","chr11","115525233","115525542","40","66388848"
"JH378105","49147131","49147225","chr22","82220107","82220203","8","33072976"
"JH378105","49151420","49151730","chr5","2324242","2324550","34","46827178"
"JH378105","49180522","49180826","chr23","63610971","63611275","33","14430449"
"JH378105","49191875","49191987","chr6","1067449","1067558","12","48124426"
"JH378105","49199993","49200297","chr12","10064948","10065242","37","39135045"
"JH378105","49219521","49219604","chr12","7441397","7441481","11","41778124"
"JH378105","49222160","49222458","chr12","10064948","10065242","27","39157212"
"JH378105","49224012","49224320","chr1","93361306","93361613","31","44137294"
"JH378105","49224321","49224618","chr12","10064948","10065242","29","39159373"
"JH378105","49231992","49232261","chr16","63471279","63471543","47","14239287"
"JH378105","49244626","49244906","chr21","26073983","26074262","37","23170643"
"JH378105","49249466","49249550","chr16","4405728","4405812","7","44843738"
"JH378105","49269485","49269572","chr5","67880800","67880883","8","18611315"
"JH378105","49270231","49270529","chr21","25123896","25124189","40","24146335"
"JH378105","49279999","49280307","chr5","2273487","2273788","34","47006512"
"JH378105","49284904","49285104","chr22","35904405","35904609","33","13380499"
"JH378105","49299001","49299092","chr1","39939684","39939788","20","9359317"
"JH378105","49299843","49299975","chr11","128198219","128198344","21","78898376"
"JH378105","49304287","49304400","chr16","46580955","46581071","18","2723332"
"JH378105","49312203","49312487","chr3","73466676","73466959","33","24154473"
"JH378105","49329411","49329486","chr13","63031813","63031889","5","13702402"
"JH378105","49354337","49354643","chr11","125798758","125799061","32","76444421"
"JH378105","49356339","49356627","chr12","10064948","10065242","27","39291391"
"JH378105","49356889","49357178","chr17","66575990","66576280","40","17219101"
"JH378105","49365820","49366125","chr14","79729598","79729899","33","30363778"
"JH378105","49398625","49398934","chr15","3702894","3703194","34","45695731"
"JH378105","49406406","49406693","chr11","19611133","19611417","35","29795273"
"JH378105","49423066","49423159","chr22","82220107","82220203","10","32797041"
"JH378105","49444826","49445129","chr15","3702894","3703194","32","45741932"
"JH378105","49461972","49462255","chr14","41748186","41748475","47","7713786"
"JH378105","49474018","49474281","chr2_AQIB01159141v1_random","18538","18806","38","49455480"
"JH378105","49508457","49508778","chr17","25327775","25328080","50","24180682"
"JH378105","49515484","49515791","chr1","63705945","63706249","39","14190461"
"JH378105","49521286","49521583","chr23","35045928","35046223","55","14475358"
"JH378105","49566689","49566974","chr1","8091760","8092044","50","41474929"
"JH378105","49571052","49571345","chr8","52344592","52344885","37","2773540"
"JH378105","49594197","49594495","chr12","10064948","10065242","29","39529249"
"JH378105","49595679","49595755","chr13","63031813","63031889","7","13436134"
"JH378105","49597779","49598075","chrX","45739064","45739363","41","3858715"
"JH378105","49620962","49621078","chr4","60395666","60395783","15","10774704"
"JH378105","49629625","49629933","chr2","35933723","35934028","34","13695902"
"JH378105","49637489","49637565","chr13","63031813","63031889","5","13394324"
"JH378105","49643463","49643539","chr13","63031813","63031889","5","13388350"
"JH378105","49648309","49648591","chr4","50225644","50225922","36","577335"
"JH378105","49653805","49653878","chr13","63031813","63031889","10","13378008"
"JH378105","49675383","49675684","chr16","70684193","70684489","31","21008810"
"JH378105","49688130","49688417","chr6","38437831","38438120","30","11250299"
"JH378105","49696118","49696240","chr11","104248796","104248920","14","54552678"
"JH378105","49710552","49710745","chrX","69874323","69874503","38","20163771"
"JH378105","49719092","49719275","chr2","10337494","10337677","25","39381598"
"JH378105","49722559","49722850","chr12","44284637","44284927","44","5437922"
"JH378105","49729307","49729431","chr1","8688937","8689061","14","41040370"
"JH378105","49743329","49743638","chr1","65504304","65504612","37","15760975"
"JH378105","49746102","49746323","chr11","15488800","15489016","43","34257302"
"JH378105","49746446","49746751","chr23","48457842","48458139","37","1288604"
"JH378105","49753029","49753124","chr22","82220107","82220203","8","32467078"
"JH378105","49753989","49754260","chr9","117471669","117471952","33","67717680"
"JH378105","49770643","49770899","chr27","37334117","37334370","33","12436526"
"JH378105","49774106","49774252","chr9","59130238","59130387","12","9356132"
"JH378105","49778099","49778417","chr9","13789985","13790287","48","35988114"
"JH378105","49787953","49788226","chr22","58553154","58553446","50","8765201"
"JH378105","49841764","49842049","chr25","81962890","81963173","33","32121126"
"JH378105","49844920","49845226","chr3","22013697","22014006","36","27831223"
"JH378105","49851834","49851921","chr16","4405728","4405812","11","45446106"
"JH378105","49870230","49870372","chr3","90669571","90669712","13","40799341"
"JH378105","49880126","49880256","chr23","65334609","65334739","13","15454483"
"JH378105","49894293","49894387","chr22","82220107","82220203","8","32325814"
"JH378105","49898466","49898560","chr22","82220107","82220203","10","32321641"
"JH378105","49899583","49899678","chr22","82220107","82220203","8","32320524"
"JH378105","49905000","49905298","chr12","10064948","10065242","29","39840052"
"JH378105","49908606","49908916","chr26","18593596","18593901","43","31315010"
"JH378105","49913071","49913161","chr19","7758593","7758681","10","42154478"
"JH378105","49927697","49927999","chr14","79729598","79729899","33","29801901"
"JH378105","49940122","49940403","chr7","31825222","31825504","41","18114900"
"JH378105","49950483","49950573","chr22","82220107","82220203","10","32269624"
"JH378105","49954214","49954303","chr5","67880800","67880883","11","17926586"
"JH378105","49968656","49968963","chr14","52586304","52586615","52","2617648"
"JH378105","49970128","49970412","chr14","41748186","41748475","39","8221942"
"JH378105","49981268","49981572","chr14","83371933","83372231","30","33390665"
"JH378105","49988973","49989259","chr4","90216204","90216488","34","40227231"
"JH378105","49999259","49999503","chr12","6401463","6401710","37","43597796"
"JH378105","50001411","50001711","chr20_KE148049v1_random","535731","536028","36","49465680"
"JH378105","50020875","50021166","chr25","51030152","51030441","32","1009277"
"JH378105","50035002","50035302","chr12","10064948","10065242","35","39970054"
"JH378105","50041689","50041997","chr5","36774379","36774687","37","13267310"
"JH378105","50060899","50061209","chr25","6178482","6178787","40","43882417"
"JH378105","50066941","50067254","chr6","16598509","16598818","39","33468432"
"JH378105","50099939","50100246","chr24","68895333","68895641","39","18795394"
"JH378105","50135149","50135270","chr1","8688937","8689061","17","41446212"
"JH378105","50135759","50136060","chrX","23977849","23978143","31","26157910"
"JH378105","50157831","50158118","chr10","21067318","21067613","43","29090513"
"JH378105","50158299","50158557","chr16","4608206","4608469","48","45550093"
"JH378105","50159108","50159390","chr25","28901250","28901525","34","21257858"
"JH378105","50168914","50169219","chr29","8289755","8290055","34","41879159"
"JH378105","50181073","50181362","chr9","12848067","12848359","37","37333006"
"JH378105","50194345","50194637","chr12","18922571","18922865","38","31271774"
"JH378105","50242837","50243132","chr12","10064948","10065242","34","40177889"
"JH378105","50243718","50244011","chr10","76447217","76447507","40","26203499"
"JH378105","50258297","50258454","chr28","9879323","9879479","23","40378974"
"JH378105","50259696","50259831","chr26","6591504","6591639","10","43668192"
"JH378105","50270043","50270321","chr4","50225644","50225922","32","44399"
"JH378105","50355483","50355783","chr6","39327037","39327335","39","11028446"
"JH378105","50403283","50403405","chr3","72385674","72385796","8","21982391"
"JH378105","50609576","50609905","chr15","33614514","33614837","48","16995062"
"JH378105","50626488","50626576","chr19","7758593","7758681","10","42867895"
"JH378105","50731595","50731898","chr13","23457196","23457490","55","27274399"
"JH378105","50779345","50779494","chr9","59130238","59130387","15","8350893"
"JH378105","50905414","50905575","chr15","90845759","90845918","24","39940345"
"JH378105","50919478","50919799","chr25","57516651","57516966","52","6597173"
"JH378105","51045739","51046048","chr7","13881902","13882206","37","37163837"
"JH378105","51067339","51067605","chr22","37637582","37637856","35","13429757"
"JH378105","51155769","51156068","chr2","36594604","36594898","37","14561165"
"JH378105","51187461","51187755","chrX","17246394","17246689","37","33941067"
"JH378105","51207910","51208218","chrX","23977849","23978143","42","27230061"
"JH378105","51226016","51226305","chr15","44140781","44141072","40","7085235"
"JH378105","51256537","51256840","chr16","7515507","7515811","35","43741030"
"JH378105","51294976","51295251","chr9","115314018","115314294","34","64019042"
"JH378105","51336868","51336997","chr16","4500752","4500881","12","46836116"
"JH378105","51359141","51359449","chr1","108565860","108566161","37","57206719"
"JH378105","51371702","51371994","chr6","38437831","38438120","28","12933871"
"JH378105","51373415","51373706","chr12","10064948","10065242","25","41308467"
"JH378105","51476411","51476709","chrX","23977849","23978143","49","27498562"
"JH378105","51506556","51506845","chr20","98098070","98098370","49","46591514"
"JH378105","51535132","51535415","chr11","85878016","85878296","35","34342884"
"JH378105","51541760","51542075","chr17","44387479","44387789","38","7154281"
"JH378105","51588486","51588784","chr12","10064948","10065242","25","41523538"
"JH378105","51598430","51598715","chr17","39626947","39627230","29","11971483"
"JH378105","51599268","51599560","chr6","5507628","5507929","48","46091640"
"JH378105","51622988","51623295","chr20","87404408","87404710","37","35781420"
"JH378105","51624425","51624706","chr7","36238086","36238370","34","15386339"
"JH378105","51646498","51646788","chr7","19377767","19378060","38","32268731"
"JH378105","51652739","51652870","chr21","75559315","75559443","17","23906576"
"JH378105","51707303","51707397","chr22","82220107","82220203","7","30512804"
"JH378105","51712417","51712484","chr25","80842336","80842405","9","29129919"
"JH378105","51713396","51713605","chr15","87085712","87085904","50","35372316"
"JH378105","51723783","51723865","chr5","67880800","67880883","7","16157017"
"JH378105","51749961","51750137","chr12","32164152","32164324","34","19585809"
"JH378105","51769156","51769449","chr12","10064948","10065242","28","41704208"
"JH378105","51787601","51787911","chr26","38024857","38025165","31","13762744"
"JH378105","51795820","51796116","chr5","68794163","68794457","32","16998343"
"JH378105","51818890","51819162","chr19","8732588","8732873","42","43086302"
"JH378105","51825028","51825327","chrX","110092521","110092822","40","58267493"
"JH378105","51837036","51837130","chr22","82220107","82220203","7","30383071"
"JH378105","51846642","51846786","chr3","90669571","90669712","17","38822929"
"JH378105","51861557","51861646","chr3","65349691","65349782","12","13488134"
"JH378105","51863461","51863708","chr22","43966779","43967052","58","7896682"
"JH378105","51866105","51866234","chr3","91348390","91348521","17","39482285"
"JH378105","51876032","51876108","chr13","63031813","63031889","6","11155781"
"JH378105","51877516","51877595","chr16","3308866","3308945","9","48568650"
"JH378105","51896596","51896869","chr10","34270714","34270993","49","17625882"
"JH378105","51898610","51898904","chr14","37615851","37616147","33","14282759"
"JH378105","51963838","51964091","chr12","6781553","6781865","120","45182285"
"JH378105","52037324","52037546","chr2","9968196","9968421","35","42069128"
"JH378105","52037721","52037984","chr16","4608206","4608469","58","47429515"
"JH378105","52056837","52057109","chr7","134662977","134663252","31","82606140"
"JH378105","52108773","52109068","chrX","23977849","23978143","29","28130924"
"JH378105","52139267","52139543","chr12","26827271","26827548","35","25311996"
"JH378105","52231765","52232077","chr5","2324242","2324550","35","49907523"
"JH378105","52254939","52255238","chr22","66295172","66295471","41","14040233"
"JH378105","52317903","52318183","chr19","19502742","19503020","33","32815161"
"JH378105","52391564","52391851","chr22","52740875","52741166","47","349311"
"JH378105","52510208","52510497","chr4","71259031","71259315","35","18748823"
"JH378105","52555897","52556188","chr22","50629443","50629736","32","1926454"
"JH378105","52605127","52605420","chr15","77913325","77913616","35","25308198"
"JH378105","52877288","52877584","chr12","10064948","10065242","30","42812340"
"JH378105","52886223","52886507","chr2","36594604","36594898","46","16291619"
"JH378105","52929739","52930036","chr29","8181966","8182258","38","44747773"
"JH378105","53142846","53143134","chr23","71125189","71125474","35","17982343"
"JH378105","53186646","53186954","chr5","36774379","36774687","31","16412267"
"JH378105","53220015","53220329","chrX","61033205","61033507","45","7813190"
"JH378105","53235062","53235365","chrX","22889156","22889454","50","30345906"
"JH378105","53235670","53235758","chr19","7758593","7758681","9","45477077"
"JH378105","53257607","53257934","chr15","1013173","1013505","60","52244434"
"JH378105","53259847","53259936","chr3","65349691","65349782","11","12089844"
"JH378105","53278476","53278778","chr1","87458669","87458972","36","34180193"
"JH378105","53313817","53314072","chr9","31823888","31824144","33","21489929"
"JH378105","53337739","53338037","chr12","10064948","10065242","30","43272791"
"JH378105","53347946","53348049","chrX","2017984","2018087","10","51329962"
"JH378105","53416522","53416814","chr1","103415790","103416081","34","49999268"
"JH378105","53511732","53511974","chr9","92500633","92500888","38","38988901"
"JH378105","53517844","53517989","chrX","4336765","4336906","24","49181079"
"JH378105","53573438","53573717","chr11","100905009","100905284","40","47331571"
"JH378105","53575874","53576166","chr12","10064948","10065242","32","43510926"
"JH378105","53618061","53618365","chr14","83371933","83372231","31","29753872"
"JH378105","53643441","53643730","chr11","42115371","42115662","45","11528070"
"JH378105","53682958","53683267","chr5","2273487","2273788","33","51409471"
"JH378105","53684052","53684345","chr13","74348531","74348815","34","20664479"
"JH378105","53763522","53763828","chr26","3416516","3416812","43","50347006"
"JH378105","53825045","53825336","chr20","97353520","97353811","41","43528475"
"JH378105","53844428","53844722","chr29","10722547","10722839","37","43121881"
"JH378105","53949777","53950066","chr12","33849064","33849354","43","20100713"
"JH378105","53991171","53991456","chr18","57515738","57516021","35","3524567"
"JH378105","54051674","54051968","chr23","80713034","80713332","35","26661360"
"JH378105","54052056","54052363","chr8","96089866","96090170","44","42037810"
"JH378105","54061647","54061954","chr12","6781553","6781865","117","47280094"
"JH378105","54229534","54229825","chrX","89448328","89448618","41","35218794"
"JH378105","54270090","54270401","chrX","119965831","119966113","64","65695741"
"JH378105","54310755","54311066","chr11","106816675","106816977","35","52505920"
"JH378105","54352513","54352835","chr20","69235359","69235666","50","14882846"
"JH378105","54353974","54354264","chr6","38437831","38438120","37","15916143"
"JH378105","54360917","54361240","chr8","84651477","84651798","66","30290560"
"JH378105","54432478","54432779","chr3","4850775","4851075","41","49581703"
"JH378105","54453348","54453575","chr23","43376123","43376346","25","11077225"
"JH378105","54511391","54511531","chr9","86109665","86109806","14","31598274"
"JH378105","54516709","54516982","chr20","7605671","7605957","46","46911038"
"JH378105","54533317","54533605","chr2","83239333","83239617","33","28706016"
"JH378105","54571949","54572257","chr16","33182065","33182368","39","21389884"
"JH378105","54573219","54573461","chr3","27147134","27147379","50","27426085"
"JH378105","54579235","54579536","chr4","51959352","51959662","53","2619883"
"JH378105","54594227","54594369","chr6","5083470","5083606","36","49510757"
"JH378105","54644012","54644297","chr21","50410494","50410784","37","4233518"
"JH378105","54644826","54645121","chr1","68219231","68219530","33","13574405"
"JH378105","54694710","54695005","chr14","78204084","78204383","37","23509374"
"JH378105","54700000","54700297","chrX","125507553","125507844","45","70807553"
"JH378105","54707624","54707711","chr6","39129950","39130034","19","15577674"
"JH378105","54728376","54728663","chr5","42662951","42663235","34","12065425"
"JH378105","54741441","54741747","chr16","62016688","62016989","33","7275247"
"JH378105","54751914","54752016","chr1","39939684","39939788","11","14812230"
"JH378105","54769344","54769637","chr14","15399266","15399553","33","39370078"
"JH378105","54790642","54790731","chr20","119761262","119761350","11","64970620"
"JH378105","54793469","54793767","chr25","60133396","60133696","40","5339927"
"JH378105","54832453","54832543","chr16","4405728","4405812","11","50426725"
"JH378105","54837022","54837322","chr7","37261141","37261440","43","17575881"
"JH378105","54846029","54846197","chr14","93045548","93045716","20","38199519"
"JH378105","54848146","54848268","chr11","74863209","74863330","18","20015063"
"JH378105","54849068","54849235","chr27","11685310","11685466","26","43163758"
"JH378105","54866056","54866336","chrX","95460911","95461200","47","40594855"
"JH378105","54872948","54873219","chrX","13548339","13548610","33","41324609"
"JH378105","54881705","54882013","chr1","65504304","65504612","44","10622599"
"JH378105","54885398","54885698","chr4","53000070","53000366","32","1885328"
"JH378105","54892124","54892421","chr12","10064948","10065242","26","44827176"
"JH378105","54925343","54925640","chr12","10064948","10065242","32","44860395"
"JH378105","54927144","54927229","chr16","4405728","4405812","6","50521416"
"JH378105","55055530","55055821","chr1","10803268","10803561","32","44252262"
"JH378105","55063837","55064116","chr19","22521438","22521721","45","32542399"
"JH378105","55067799","55068109","chr5","9902768","9903074","32","45165031"
"JH378105","55134691","55135004","chr1","65504304","65504612","33","10369613"
"JH378105","55177909","55178201","chr16","63652876","63653158","34","8474967"
"JH378105","55234203","55234505","chr1","93361306","93361613","36","38127103"
"JH378105","55272445","55272728","chr29","1616258","1616545","38","53656187"
"JH378105","55275324","55275553","chr11","16410639","16410878","44","38864685"
"JH378105","55279013","55279307","chr15","86758708","86759003","35","31479695"
"JH378105","55310951","55311041","chr3","65349691","65349782","11","10038740"
"JH378105","55314194","55314284","chr20","8489737","8489826","11","46824457"
"JH378105","55318887","55319188","chr6","41565819","41566119","34","13753068"
"JH378105","55321540","55321861","chr12","44274197","44274504","48","11047343"
"JH378105","55327001","55327311","chr20","105941906","105942211","35","50614905"
"JH378105","55366153","55366460","chr5","23332270","23332572","39","32033883"
"JH378105","55388814","55388954","chr26","6591504","6591639","14","48797310"
"JH378105","55402744","55402884","chr23","56978905","56979044","14","1576161"
"JH378105","55403426","55403500","chr28","14799270","14799340","8","40604156"
"JH378105","55413675","55413966","chr2","57283040","57283331","35","1869365"
"JH378105","55432201","55432489","chr11","72163428","72163714","51","16731227"
"JH378105","55439552","55439657","chr1","39939684","39939788","11","15499868"
"JH378105","55441493","55441783","chr10","8909912","8910203","32","46531581"
"JH378105","55444849","55445154","chr5","2273487","2273788","33","53171362"
"JH378105","55455490","55455762","chr19","19502742","19503020","38","35952748"
"JH378105","55498659","55498870","chr2","41986599","41986802","24","13512060"
"JH378105","55518823","55519133","chr26","38024857","38025165","29","17493966"
"JH378105","55533194","55533363","chr1","105262714","105262876","23","49729520"
"JH378105","55559791","55560093","chr12","10064948","10065242","32","45494843"
"JH378105","55563279","55563552","chr9","93903244","93903516","44","38339965"
"JH378105","55563884","55564193","chr20","107972036","107972343","33","52408152"
"JH378105","55584096","55584359","chr11","41379026","41379306","54","14205070"
"JH378105","55589716","55590021","chr11","128451617","128451923","46","72861901"
"JH378105","55595921","55596222","chr11","38736656","38736955","40","16859265"
"JH378105","55599421","55599730","chr16","33931179","33931485","43","21668242"
"JH378105","55607312","55607595","chr8","51983313","51983590","39","3623999"
"JH378105","55609399","55609478","chr16","3308866","3308945","8","52300533"
"JH378105","55615543","55615833","chr1","55082622","55082912","36","532921"
"JH378105","55622465","55622727","chr8","114455855","114456112","43","58833390"
"JH378105","55623406","55623493","chr11","103619310","103619394","11","47995904"
"JH378105","55629487","55629804","chr7","119273691","119273998","45","63644204"
"JH378105","55633892","55633962","chr23","79040257","79040325","16","23406365"
"JH378105","55634376","55634676","chr18","63235586","63235856","63","7601210"
"JH378105","55635576","55635882","chr13","8870800","8871100","37","46764776"
"JH378105","55636186","55636490","chr11","115525233","115525542","28","59889047"
"JH378105","55641371","55641681","chr6","16598509","16598818","33","39042862"
"JH378105","55647084","55647392","chr24","79072145","79072449","33","23425061"
"JH378105","55647394","55647679","chr9","12510829","12511120","42","43136565"
"JH378105","55658436","55658702","chr18","24872228","24872506","48","30786208"
"JH378105","55669339","55669647","chr12","74217361","74217667","41","18548022"
"JH378105","55670525","55670828","chr2","59461683","59461977","40","3791158"
"JH378105","55717123","55717394","chr7","125378906","125379181","36","69661783"
"JH378105","55754184","55754465","chr16","31788140","31788419","35","23966044"
"JH378105","55892393","55892674","chr1","18754723","18755006","50","37137670"
"JH378105","55961108","55961412","chr14","82895461","82895764","42","26934353"
"JH378105","55966984","55967267","chr4","36443988","36444270","44","19522996"
"JH378105","55998556","55998849","chr10","20036923","20037226","53","35961633"
"JH378105","56044908","56045215","chrX","125302543","125302844","51","69257635"
"JH378105","56065544","56065651","chr14","51398076","51398183","18","4667468"
"JH378105","56081754","56082054","chr14","36991957","36992258","32","19089797"
"JH378105","56146425","56146734","chr12","94431712","94432016","41","38285287"
"JH378105","56200238","56200467","chr7","121810295","121810523","51","65610057"
"JH378105","56201598","56201904","chr24","42191698","42192006","41","14009900"
"JH378105","56252113","56252414","chr15","86758708","86759003","37","30506595"
"JH378105","56259396","56259697","chr12","10064948","10065242","29","46194448"
"JH378105","56265934","56266050","chr20","115102100","115102215","12","58836166"
"JH378105","56274685","56274979","chr10","35495271","35495561","46","20779414"
"JH378105","56285160","56285488","chr5","2324242","2324550","45","53960918"
"JH378105","56303339","56303661","chr8","7963546","7963864","61","48339793"
"JH378105","56333334","56333429","chr22","82220107","82220203","8","25886773"
"JH378105","56334094","56334385","chr2","85065966","85066256","44","28731872"
"JH378105","56344738","56344868","chr16","4500752","4500881","12","51843986"
"JH378105","56347242","56347542","chr24","51004467","51004765","30","5342775"
"JH378105","56357090","56357403","chr14","83570862","83571166","44","27213772"
"JH378105","56358921","56359025","chr1","39939684","39939788","10","16419237"
"JH378105","56369864","56370152","chr23","52118830","52119121","32","4251034"
"JH378105","56373088","56373311","chr13","7317370","7317589","28","49055718"
"JH378105","56374259","56374455","chr24","49206516","49206711","23","7167743"
"JH378105","56406066","56406379","chr13","84743392","84743699","43","28337326"
"JH378105","56418302","56418601","chr14","68909365","68909660","34","12491063"
"JH378105","56450520","56450639","chr6","11193830","11193948","12","45256690"
"JH378105","56461242","56461541","chr9_KE147995v1_random","24817","25118","61","56436425"
"JH378105","56490526","56490744","chr1","80319221","80319440","34","23828695"
"JH378105","56494572","56494651","chr6","1735934","1736003","22","54758638"
"JH378105","56498944","56499034","chr3","65349691","65349782","9","8850747"
"JH378105","56499707","56499853","chr6","7229588","7229731","16","49270119"
"JH378105","56506355","56506651","chr7","91833238","91833529","36","35326883"
"JH378105","56510600","56510893","chr15","86928795","86929095","45","30418195"
"JH378105","56582169","56582298","chr3","91348390","91348521","12","34766221"
"JH378105","56583846","56583924","chr13","63031813","63031889","7","6447967"
"JH378105","56592871","56593135","chr7","87348687","87348960","41","30755816"
"JH378105","56594960","56595198","chr25","66738564","66738797","59","10143604"
"JH378105","56621476","56621776","chr12","10064948","10065242","26","46556528"
"JH378105","56627834","56628167","chr12","6781553","6781865","134","49846281"
"JH378105","56629817","56630127","chr1","117421772","117422077","50","60791955"
"JH378105","56637833","56637954","chr10","67895187","67895312","15","11257354"
"JH378105","56639124","56639398","chr1","9765275","9765547","33","46873849"
"JH378105","56640078","56640352","chrX","61267105","61267382","43","4627027"
"JH378105","56641513","56641642","chr16","4500752","4500881","13","52140761"
"JH378105","56648425","56648716","chrX","23977849","23978143","36","32670576"
"JH378105","56656384","56656681","chr12","10064948","10065242","23","46591436"
"JH378105","56662042","56662132","chr3","65349691","65349782","11","8687649"
"JH378105","56680699","56680923","chr6","2372111","2372337","31","54308588"
"JH378105","56692799","56692916","chr4","60395666","60395783","13","3702867"
"JH378105","56699034","56699317","chr20","110049578","110049860","36","53350544"
"JH378105","56701762","56702071","chr22","29306264","29306563","39","27395498"
"JH378105","56722069","56722369","chr17","50716976","50717279","32","6005093"
"JH378105","56731024","56731326","chr7","19605160","19605458","41","37125864"
"JH378105","56731612","56731924","chr5","2273487","2273788","34","54458125"
"JH378105","56754601","56754889","chr16","45906805","45907084","42","10847796"
"JH378105","56758243","56758548","chr5","33074148","33074451","36","23684095"
"JH378105","56759467","56759771","chr25","17717251","17717558","43","39042216"
"JH378105","56760180","56760491","chr24","44498613","44498908","49","12261567"
"JH378105","56761571","56761879","chr2","34891557","34891863","38","21870014"
"JH378105","56762965","56763169","chr17","58619356","58619558","19","1856391"
"JH378105","56763573","56763884","chr24","44498613","44498908","48","12264960"
"JH378105","56764964","56765252","chr6","2768739","2769024","34","53996225"
"JH378105","56772432","56772726","chr1","18554019","18554319","34","38218413"
"JH378105","56777280","56777571","chr20","100923565","100923861","46","44146285"
"JH378105","56779270","56779400","chr16","4500752","4500881","8","52278518"
"JH378105","56779772","56779957","chr2","37526693","37526876","41","19253079"
"JH378105","56784275","56784581","chr11","108802921","108803224","32","52018646"
"JH378105","56790607","56790771","chr4","35579068","35579243","41","21211539"
"JH378105","56792839","56792986","chr7","42961800","42961947","17","13831039"
"JH378105","56794060","56794217","chr22","79297174","79297332","26","22503114"
"JH378105","56800025","56800315","chr10","8492179","8492488","53","48307846"
"JH378105","56806740","56806889","chr9","59130238","59130387","11","2323498"
"JH378105","56818502","56818586","chr16","4405728","4405812","6","52412774"
"JH378105","56837116","56837413","chr11","117737181","117737478","34","60900065"
"JH378105","56845567","56845821","chr25","22607704","22607951","35","34237863"
"JH378105","56874831","56875130","chr22","79089199","79089487","46","22214368"
"JH378105","56893482","56893773","chr15","48893872","48894165","32","7999610"
"JH378105","56948766","56949012","chr5","59945043","59945289","32","2996277"
"JH378105","56952474","56952779","chr11","12200103","12200404","39","44752371"
"JH378105","56960756","56960847","chr22","82220107","82220203","11","25259351"
"JH378105","57016447","57016768","chr11","115525233","115525542","39","58508786"
"JH378105","57074245","57074532","chr7","69511197","69511486","42","12436952"
"JH378105","57096714","57097018","chr24","51004467","51004765","33","6092247"
"JH378105","57135835","57136145","chr1","65504304","65504612","32","8368469"
"JH378105","57140344","57140656","chr11","115525233","115525542","32","58384889"
"JH378105","57221931","57222245","chr26","6059541","6059849","47","51162390"
"JH378105","57233848","57234145","chr16","65250770","65251068","34","8016922"
"JH378105","57250172","57250469","chr2","35931939","35932239","38","21318233"
"JH378105","57250944","57251247","chr5","14031138","14031428","54","43219806"
"JH378105","57260447","57260755","chr14","68909365","68909660","49","11648918"
"JH378105","57268230","57268522","chr12","10064948","10065242","30","47203282"
"JH378105","57292231","57292305","chr10","95538249","95538325","7","38246018"
"JH378105","57298637","57298936","chr14","44038439","44038738","36","13260198"
"JH378105","57305571","57305871","chr1","33824961","33825257","43","23480610"
"JH378105","57365588","57365894","chr12","74217361","74217667","32","16851773"
"JH378105","57372254","57372349","chr22","82220107","82220203","9","24847853"
"JH378105","57373170","57373479","chr2","34891557","34891863","46","22481613"
"JH378105","57375190","57375479","chr12","43032807","43033090","47","14342383"
"JH378105","57380968","57381112","chr19","1626119","1626265","31","55754849"
"JH378105","57402110","57402409","chr12","10064948","10065242","31","47337162"
"JH378105","57404022","57404145","chr29","5133677","5133795","26","52270345"
"JH378105","57419422","57419495","chr13","63031813","63031889","8","5612391"
"JH378105","57425753","57426044","chr1","16060873","16061165","39","41364880"
"JH378105","57427301","57427552","chr2","38469015","38469263","32","18958286"
"JH378105","57428622","57428906","chr5","53255334","53255620","36","4173288"
"JH378105","57567480","57567604","chr15","90834689","90834810","13","33267209"
"JH378105","57577269","57577572","chr9","12848067","12848359","62","44729202"
"JH378105","57579221","57579439","chr13","7317370","7317589","28","50261851"
"JH378105","57596274","57596393","chr2","23010920","23011031","28","34585354"
"JH378105","57700763","57700990","chr20","109416530","109416751","40","51715767"
"JH378105","57726533","57726793","chr17","17514120","17514376","42","40212413"
"JH378105","57737375","57737651","chr20","75127208","75127485","52","17389833"
"JH378105","57759664","57759955","chr12","101184381","101184674","38","43424717"
"JH378105","57766621","57766779","chr11","38290735","38290892","29","19475886"
"JH378105","57772848","57773127","chr2","34541558","34541838","55","23231290"
"JH378105","57779753","57780041","chr12","10064948","10065242","43","47714805"
"JH378105","57787639","57787747","chr10","42763143","42763256","28","15024496"
"JH378105","57788177","57788479","chr17","68374727","68375030","65","10586550"
"JH378105","57842867","57843135","chr14","82309362","82309629","45","24466495"
"JH378105","57895021","57895271","chr17","42447017","42447271","36","15448004"
"JH378105","57987913","57988116","chr10","25944293","25944495","30","32043620"
"JH378105","58024551","58024874","chr27","20245215","20245532","50","37779336"
"JH378105","58046904","58047180","chr11","118902964","118903240","46","60856060"
"JH378105","58074877","58075169","chr12","10064948","10065242","27","48009929"
"JH378105","58101819","58101957","chr15","19514175","19514311","24","38587644"
"JH378105","58102076","58102231","chr1","110600953","110601102","30","52498877"
"JH378105","58108176","58108463","chr22","11237891","11238177","35","46870285"
"JH378105","58116999","58117254","chr11","44436513","44436764","31","13680486"
"JH378105","58121771","58122062","chr2","59461683","59461977","43","1339912"
"JH378105","58154450","58154707","chr22","88832832","88833087","31","30678382"
"JH378105","58224308","58224601","chr29","2596909","2597205","44","55627399"
"JH378105","58248252","58248397","chr25","50764362","50764507","21","7483890"
"JH378105","58251586","58251880","chr11","16140631","16140920","35","42110955"
"JH378105","58296065","58296190","chr3","72385674","72385796","12","14089609"
"JH378105","58297110","58297388","chr18","7428221","7428512","51","50868889"
"JH378105","58302758","58303056","chr5","56921180","56921483","42","1381578"
"JH378105","58305113","58305411","chr14","101842471","101842766","35","43537358"
"JH378105","58320379","58320689","chr9","106297889","106298191","50","47977510"
"JH378105","58351431","58351523","chr26","7890817","7890908","18","50460614"
"JH378105","58379043","58379142","chr6","5216779","5216886","23","53162264"
"JH378105","58415059","58415188","chr3","91348390","91348521","12","32933331"
"JH378105","58415289","58415479","chr2","36888011","36888204","30","21527278"
"JH378105","58424210","58424303","chr22","82220107","82220203","10","23795897"
"JH378105","58428867","58429143","chr5","22385456","22385734","39","36043411"
"JH378105","58436131","58436434","chr12","27631381","27631681","46","30804750"
"JH378105","58459181","58459478","chr8","119144775","119145069","43","60685594"
"JH378105","58469580","58469680","chr22","82220107","82220203","7","23750527"
"JH378105","58578902","58579196","chr15","42041636","42041931","39","16537266"
"JH378105","58635334","58635651","chr11","115525233","115525542","34","56889899"
"JH378105","58662416","58662727","chr6","16598509","16598818","29","42063907"
"JH378105","58699331","58699622","chr21","25123896","25124189","38","33575435"
"JH378105","58700987","58701270","chr8","34611170","34611447","38","24089817"
"JH378105","58719851","58719930","chr17","40341447","40341524","10","18378404"
"JH378105","58720622","58720929","chr19","10628119","10628425","32","48092503"
"JH378105","58748275","58748589","chr10","88177543","88177855","40","29429268"
"JH378105","58749397","58749699","chrX","18278407","18278706","32","40470990"
"JH378105","58749972","58750270","chr16","56703988","56704281","38","2045984"
"JH378105","58766512","58766799","chr29","1616258","1616545","33","57150254"
"JH378105","58807009","58807164","chr4","88563874","88564027","26","29756865"
"JH378105","58865290","58865412","chr11","74863209","74863330","13","15997919"
"JH378105","58869713","58869834","chr15","90834689","90834810","10","31964976"
"JH378105","58875658","58875776","chr16","73730787","73730904","19","14855129"
"JH378105","58876024","58876203","chr14","79057796","79057969","27","20181772"
"JH378105","58880187","58880467","chr21","33287053","33287331","33","25593134"
"JH378105","58938314","58938412","chr22","82220107","82220203","8","23281793"
"JH378105","58944575","58944896","chrX","28194989","28195297","43","30749586"
"JH378105","59215420","59215534","chr6","1067449","1067558","11","58147971"
"JH378105","59222485","59222656","chr19","10233569","10233740","24","48988916"
"JH378105","59274243","59274351","chr6","1067449","1067558","10","58206794"
"JH378105","59276778","59276885","chr6","1067449","1067558","9","58209329"
"JH378105","59282032","59282104","chr13","63031813","63031889","8","3749781"
"JH378105","59286570","59286882","chr5","36774379","36774687","32","22512191"
"JH378105","59453809","59453899","chr22","82220107","82220203","10","22766298"
"JH378105","59480442","59480748","chr18","57485957","57486260","30","1994485"
"JH378105","59491524","59491817","chr10","87911378","87911678","47","28419854"
"JH378105","59500310","59500612","chr12","10064948","10065242","33","49435362"
"JH378105","59500730","59501026","chr6","4113565","4113862","42","55387165"
"JH378105","59606939","59607229","chr2","6843755","6844035","41","52763184"
"JH378105","59765376","59765482","chr1","39939684","39939788","12","19825692"
"JH378105","59846867","59847167","chr12","10064948","10065242","28","49781919"
"JH378105","59873937","59874244","chr12","6781553","6781865","41","53092384"
"JH378105","59929755","59929965","chr16","6238673","6238883","23","53691082"
"JH378105","59958131","59958252","chr15","90834689","90834810","12","30876558"
"JH378105","59989321","59989562","chr1","111500011","111500242","35","51510690"
"JH378105","60085958","60086056","chr9","56409397","56409500","16","3676561"
"JH378105","60338711","60338966","chr10","113724906","113725174","50","53386195"
"JH378105","60355660","60355950","chr29","10722547","10722839","45","49633113"
"JH378105","60378670","60378976","chr29","8289755","8290055","37","52088915"
"JH378105","60471746","60471851","chr6","43401248","43401343","27","17070498"
"JH378105","60632141","60632411","chr12","19091026","19091293","40","41541115"
"JH378105","60662919","60663219","chrY","2316241","2316538","49","58346678"
"JH378105","60701215","60701523","chr2","35933723","35934028","33","24767492"
"JH378105","60786249","60786547","chr3","88960138","88960433","43","28173889"
"JH378105","60914473","60914728","chrX","47198863","47199105","55","13715610"
"JH378105","60949472","60949786","chr1","65504304","65504612","34","4554832"
"JH378105","60958895","60959036","chr3","90669571","90669712","14","29710676"
"JH378105","61011191","61011458","chr5","27332348","27332618","33","33678843"
"JH378105","61156449","61156747","chr9","61990785","61991084","36","834336"
"JH378105","61241134","61241448","chr8","1760359","1760667","38","59480775"
"JH378105","61369746","61370058","chr6","16598509","16598818","35","44771237"
"JH378105","61380628","61380914","chr21","32338307","32338599","38","29042321"
"JH378105","61436911","61437158","chr3","81094285","81094529","39","19657374"
"JH378105","61514778","61515085","chr2","34891557","34891863","36","26623221"
"JH378105","61525015","61525317","chr1","68219231","68219530","43","6694216"
"JH378105","61565305","61565615","chr11","27009805","27010108","40","34555500"
"JH378105","61692318","61692629","chr1","65504304","65504612","37","3811986"
"JH378105","61705767","61705991","chr13","7317370","7317589","31","54388397"
"JH378105","61713931","61714225","chr12","10064948","10065242","26","51648983"
"JH378105","61748562","61748641","chr13","63031813","63031889","8","1283251"
"JH378105","61753954","61754080","chr15","90834689","90834810","16","29080735"
"JH378105","61768888","61769017","chr1","97802296","97802426","15","36033408"
"JH378105","61770407","61770530","chr15","90834689","90834810","12","29064282"
"JH378105","61775073","61775209","chr26","6591504","6591639","12","55183569"
"JH378105","61780649","61780944","chr12","6781553","6781865","122","54999096"
"JH378105","61782359","61782489","chr3","91348390","91348521","14","29566031"
"JH378105","61787551","61787631","chr5","67880800","67880883","9","6093249"
"JH378105","61800690","61800785","chr22","82220107","82220203","7","20419417"
"JH378105","61814204","61814514","chr16","3380136","3380447","47","58434068"
"JH378105","61819851","61819995","chr6","7229588","7229731","16","54590263"
"JH378105","61842214","61842362","chrUn_KE147649v1","9029","9176","13","61833185"
"JH378105","61846630","61846923","chr12","10064948","10065242","29","51781682"
"JH378105","61892322","61892612","chr17","32400250","32400542","36","29492072"
"JH378105","61906538","61906668","chr20","20852752","20852882","13","41053786"
"JH378105","61962584","61962897","chr20","99538718","99539034","47","37576134"
"JH378105","62275793","62276060","chr12","12434992","12435260","34","49840801"
"JH378105","62329589","62329901","chr1","65504304","65504612","39","3174715"
"JH378105","62377423","62377707","chr4","16735950","16736241","44","45641473"
"JH378105","62431436","62431744","chr1","65504304","65504612","37","3072868"
"JH378105","62468986","62469266","chr25","68548291","68548569","32","6079305"
"JH378105","62490416","62490719","chr14","80284365","80284655","48","17793949"
"JH378105","63018219","63018512","chr1","16060873","16061165","37","46957346"
"JH378105","63049686","63049948","chr1","83625954","83626213","41","20576268"
"JH378105","63140717","63141003","chr12","10064948","10065242","39","53075769"
"JH378105","63201438","63201748","chr11","115525233","115525542","31","52323795"
"JH378105","63252830","63253127","chr1","10803268","10803561","31","52449562"
"JH378105","63285109","63285274","chr27","11685310","11685466","27","51599799"
"JH378105","63285397","63285478","chr15","39050206","39050292","18","24235191"
"JH378105","63325155","63325464","chr9","92753415","92753717","47","29428260"
"JH378105","63451630","63451937","chr12","100081445","100081751","49","36629815"
"JH378105","63481320","63481601","chr20","115859886","115860175","39","52378566"
"JH378105","63548338","63548644","chr6","15953108","15953417","30","47595230"
"JH378105","63577696","63578007","chr15","5114677","5114969","38","58463019"
"JH378105","63690208","63690469","chr9","96390861","96391117","45","32700653"
"JH378105","63783319","63783613","chr14","83371933","83372231","41","19588614"
"JH378105","63829542","63829842","chr26","18016592","18016893","48","45812950"
"JH378105","63895002","63895294","chr7","99172603","99172901","35","35277601"
"JH378105","63930388","63930695","chr20","46933799","46934103","37","16996589"
"JH378105","63937246","63937329","chr5","67880800","67880883","9","3943554"
"JH378105","63952406","63952716","chr14","83371933","83372231","36","19419527"
"JH378105","64015920","64016227","chr14","81677210","81677516","36","17661290"
"JH378105","64061991","64062075","chr16","4405728","4405812","5","59656263"
"JH378105","64095029","64095331","chr11","117737181","117737478","31","53642152"
"JH378105","64180317","64180620","chr14","79729598","79729899","38","15549281"
"JH378105","64204468","64204774","chr24","51004467","51004765","40","13200001"
"JH378105","64207824","64207954","chr1","97802296","97802426","12","33594472"
"JH378105","64240228","64240534","chr25","77881584","77881883","50","13641356"
"JH378105","64249139","64249426","chr21","26939851","26940136","28","37309288"
"JH378105","64348235","64348540","chr14","79729598","79729899","34","15381363"
"JH378105","64456318","64456624","chr9","26651072","26651377","44","37805246"
"JH378105","64600177","64600493","chr2","34891557","34891863","43","29708620"
"JH378105","64651107","64651406","chr12","10064948","10065242","27","54586159"
"JH378105","64658193","64658282","chr19","7758593","7758681","9","56899600"
"JH378105","64683672","64683981","chr5","2273487","2273788","39","62410185"
"JH378105","64697675","64697977","chr13","75976745","75977032","41","11279070"
"JH378105","64720154","64720444","chr6","38582923","38583209","33","26137231"
"JH378105","64736089","64736388","chr26","20300928","20301228","41","44435161"
"JH378105","64848655","64848937","chr10","34266329","34266612","46","30582326"
"JH378105","64934711","64934841","chr15","19514175","19514311","18","45420536"
"JH378105","65007825","65008119","chr11","52684567","52684863","33","12323258"
"JH378105","65102610","65102915","chr12","10064948","10065242","30","55037662"
"JH378105","65186400","65186684","chr5","56137504","56137784","44","9048896"
"JH378105","65197031","65197319","chr26","38637329","38637616","38","26559702"
"JH378105","65202063","65202367","chrX","60520190","60520498","40","4681873"
"JH378105","65333981","65334278","chr12","10064948","10065242","23","55269033"
"JH378105","65394883","65395179","chr9","96314869","96315163","27","30919986"
"JH378105","65434806","65435104","chr20","122789292","122789589","41","57354486"
"JH378105","65438337","65438644","chr2","29605687","29605989","32","35832650"
"JH378105","65455593","65455892","chr14","38813996","38814293","32","26641597"
"JH378105","65526059","65526349","chr8","89963957","89964248","37","24437898"
"JH378105","65530279","65530510","chr3","7235623","7235869","41","58294656"
"JH378105","65552787","65553083","chr16","33961522","33961816","33","31591265"
"JH378105","65698329","65698642","chr11","115525233","115525542","31","49826904"
"JH378105","65726018","65726330","chr11","115525233","115525542","30","49799215"
"JH378105","65808787","65809092","chr12","10064948","10065242","37","55743839"
"JH378105","65833600","65833887","chr8","40438332","40438620","38","25395268"
"JH378105","65847756","65848048","chr29","8289755","8290055","33","57558001"
"JH378105","65855561","65855862","chr17","35639093","35639393","36","30216468"
"JH378105","65947592","65947900","chr6","31365170","31365478","28","34582422"
"JH378105","66043761","66044103","chr7","11558472","11558799","50","54485289"
"JH378105","66149972","66150273","chr14","40564035","40564334","37","25585937"
"JH378105","66178864","66178988","chr1","8688937","8689061","11","57489927"
"JH378105","66179810","66179929","chr15","90834689","90834810","11","24654879"
"JH378105","66216967","66217271","chr12","10064948","10065242","31","56152019"
"JH378105","66241420","66241713","chr20","122789292","122789589","41","56547872"
"JH378105","66277677","66277972","chr4","69375030","69375329","35","3097353"
"JH378105","66403852","66404136","chr22","51763296","51763583","31","14640556"
"JH378105","66418231","66418532","chr22","66295172","66295471","40","123059"
"JH378105","66687170","66687468","chr12","10064948","10065242","34","56622222"
"JH378105","66699086","66699370","chr26","20269198","20269489","40","46429888"
"JH378105","66718208","66718495","chr7","24823066","24823344","34","41895142"
"JH378105","66734258","66734549","chr17","52044625","52044916","53","14689633"
"JH378105","66765593","66765872","chr8","37479732","37480002","37","29285861"
"JH378105","66878213","66878314","chr24","81527278","81527388","17","14649065"
"JH378105","66894195","66894501","chr11","44138721","44139027","40","22755474"
"JH378105","67002686","67002785","chr6","1067449","1067558","17","65935237"
"JH378105","67012260","67012559","chr14","22799686","22799991","31","44212574"
"JH378105","67018112","67018336","chr6","2372111","2372337","31","64646001"
"JH378105","67219051","67219343","chr11","42115371","42115662","36","25103680"
"JH378105","67221378","67221687","chr27","8771956","8772256","39","58449422"
"JH378105","67225759","67226029","chr13","21308021","21308290","44","45917738"
"JH378105","67373087","67373163","chr13","63031813","63031889","8","4341274"
"JH378105","67437845","67438134","chr8","115068172","115068461","32","47630327"
"JH378105","67444732","67444881","chr9","59130238","59130387","15","8314494"
"JH378105","67599151","67599297","chr9","59130238","59130387","17","8468913"
"JH378105","67603829","67604134","chr12","6781553","6781865","86","60822276"
"JH378105","67613878","67613986","chrX","25194654","25194764","12","42419224"
"JH378105","67803155","67803447","chr10","8909912","8910203","36","58893243"
"JH378105","67806095","67806388","chr22","18437881","18438179","38","49368214"
"JH378105","68024731","68025060","chr3","37955466","37955795","44","30069265"
"JH378105","68172412","68172704","chr12","10064948","10065242","28","58107464"
"JH378105","68175587","68175868","chr24","14616635","14616927","55","53558952"
"JH378105","68210818","68211089","chr12","6761154","6761426","46","61449664"
"JH378105","68214324","68214614","chr11","105213946","105214237","31","36999622"
"JH378105","68219349","68219470","chr15","90834689","90834810","9","22615340"
"JH378105","68244475","68244771","chr26","42777772","42778066","34","25466703"
"JH378105","68406131","68406441","chr5","2273487","2273788","33","66132644"
"JH378105","68418736","68419017","chrX","9257762","9258042","32","59160974"
"JH378105","68439882","68440179","chr8","28306647","28306944","38","40133235"
"JH378105","68519386","68519644","chr9","92500633","92500888","37","23981247"
"JH378105","68628106","68628415","chr2","34891557","34891863","29","33736549"
"JH378105","68636507","68636798","chr11","90825564","90825850","36","22189057"
"JH378105","68663473","68663771","chrX","23977849","23978143","36","44685624"
"JH378105","68709915","68710217","chr1","108565860","108566161","34","39855945"
"JH378105","68714056","68714328","chr16","26067530","26067803","37","42646526"
"JH378105","68716032","68716329","chr2","5939349","5939643","36","62776683"
"JH378105","68725954","68726254","chr14","83371933","83372231","41","14645979"
"JH378105","68772133","68772427","chr5","18412225","18412520","42","50359908"
"JH378105","68794476","68794777","chr17","56982683","56982990","42","11811793"
"JH378105","68795976","68796268","chr12","10064948","10065242","30","58731028"
"JH378105","68833870","68834079","chr16","6238673","6238883","27","62595197"
"JH378105","68844188","68844296","chr1","39939684","39939788","11","28904504"
"JH378105","68884099","68884393","chr12","10064948","10065242","23","58819151"
"JH378105","68923103","68923405","chr12","10064948","10065242","35","58858155"
"JH378105","68928703","68928965","chr24","27023895","27024155","49","41904808"
"JH378105","68977119","68977429","chr2","34891557","34891863","32","34085562"
"JH378105","68981782","68982040","chr4","41989352","41989604","37","26992430"
"JH378105","68992656","68992785","chr20","20852752","20852882","11","48139904"
"JH378105","68993359","68993666","chr11","117737181","117737478","34","48743822"
"JH378105","69039918","69040046","chr1","97802296","97802426","11","28762378"
"JH378105","69110447","69110738","chr9","90943231","90943523","39","21832784"
"JH378105","69126080","69126380","chr8","1916519","1916819","43","67209561"
"JH378105","69154986","69155262","chr19","19502742","19503020","29","49652244"
"JH378105","69177219","69177527","chr1","65504304","65504612","34","3672915"
"JH378105","69184133","69184429","chr12","10064948","10065242","26","59119185"
"JH378105","69197624","69197922","chr12","10064948","10065242","26","59132676"
"JH378105","69222786","69223042","chr5","57856103","57856358","37","11366683"
"JH378105","69234755","69235053","chr1","115205454","115205746","43","45970699"
"JH378105","69332598","69332818","chr28","1883537","1883753","28","67449061"
"JH378105","69361463","69361760","chr26","19153190","19153484","45","50208273"
"JH378105","69362121","69362407","chr6","40582273","40582553","32","28779848"
"JH378105","69371837","69372144","chr2","34891557","34891863","28","34480280"
"JH378105","69438540","69438838","chr9","85759120","85759423","41","16320580"
"JH378105","69549484","69549579","chr22","82220107","82220203","9","12670623"
"JH378105","69565656","69565963","chr8","120119487","120119791","34","50553831"
"JH378105","69590315","69590619","chr16","7477345","7477653","42","62112970"
"JH378105","69600286","69600434","chrUn_KE147649v1","9029","9176","12","69591257"
"JH378105","69673869","69674169","chr4","30926814","30927112","32","38747055"
"JH378105","69723822","69723902","chr5","67880800","67880883","9","1843022"
"JH378105","69938668","69938971","chr19","7770961","7771261","39","62167707"
"JH378105","70021855","70022165","chr11","115525233","115525542","34","45503378"
"JH378105","70035176","70035474","chr7","97868515","97868805","46","27833339"
"JH378105","70100080","70100388","chr16","13389805","13390111","38","56710275"
"JH378105","70173722","70174031","chr2","3363891","3364188","55","66809831"
"JH378105","70258838","70259069","chr3","12158483","12158716","41","58100355"
"JH378105","70281774","70281821","chr3","23169107","23169155","6","47112667"
"JH378105","70316119","70316377","chr16","18902865","18903120","41","51413254"
"JH378105","70369474","70369597","chrX","111922835","111922961","19","41553361"
"JH378105","70378934","70379054","chr15","90834689","90834810","10","20455755"
"JH378105","70529600","70529905","chr4","66775624","66775927","34","3753976"
"JH378105","70553436","70553749","chr12","27315202","27315510","35","43238234"
"JH378105","70599920","70600214","chr20_KE148049v1_random","535731","536028","35","70064189"
"JH378105","70631652","70631781","chr6","50606227","50606356","14","20025425"
"JH378105","70711331","70711596","chr3","68276039","68276310","51","2435292"
"JH378105","70717953","70718241","chr29","1616258","1616545","33","69101695"
"JH378105","70719864","70720162","chr20","88209506","88209792","42","17489642"
"JH378105","70733284","70733574","chr9","96314869","96315163","32","25581585"
"JH378105","70743121","70743393","chr22","83015896","83016180","48","12272775"
"JH378105","70763447","70763741","chr8","52344592","52344885","35","18418855"
"JH378105","70770057","70770267","chr15","56163570","56163783","30","14606487"
"JH378105","70770567","70770649","chr8","28885038","28885122","11","41885529"
"JH378105","70772450","70772558","chr12","53065987","53066095","13","17706463"
"JH378105","70776170","70776459","chr23","35045928","35046223","36","35730242"
"JH378105","70797040","70797333","chr3","27069317","27069607","38","43727723"
"JH378105","70825663","70825964","chr9","95486382","95486682","48","24660719"
"JH378105","70837711","70838008","chr14","83371933","83372231","30","12534222"
"JH378105","70845230","70845556","chr10","89459842","89460157","39","18614612"
"JH378105","70883044","70883348","chr1","2872653","2872961","32","68010391"
"JH378105","70919365","70919668","chr5","2273487","2273788","33","68645878"
"JH378105","70926078","70926345","chr11","12774928","12775192","33","58151150"
"JH378105","70940571","70940870","chr17","58080479","58080781","37","12860092"
"JH378105","70956967","70957228","chr7","49713033","49713293","42","21243934"
"JH378105","70986948","70987243","chrX","23977849","23978143","40","47009099"
"JH378105","71026443","71026763","chr1","65504304","65504612","36","5522139"
"JH378105","71040454","71040762","chr28","4550302","4550608","35","66490152"
"JH378105","71099673","71099951","chr2","10938998","10939264","47","60160675"
"JH378105","71127973","71128071","chr22","82220107","82220203","9","11092134"
"JH378105","71139305","71139597","chr6","39327037","39327335","33","31812268"
"JH378105","71141597","71141716","chr6","8802293","8802413","12","62339304"
"JH378105","71144015","71144125","chr6","1067449","1067558","9","70076566"
"JH378105","71215249","71215538","chr29","8289755","8290055","33","62925494"
"JH378105","71217433","71217723","chr14","81578712","81578996","39","10361279"
"JH378105","71226934","71227024","chr3","65349691","65349782","11","5877243"
"JH378105","71236511","71236808","chr18","66189352","66189642","40","5047159"
"JH378105","71239019","71239138","chr6","44144914","44145033","11","27094105"
"JH378105","71269445","71269758","chr2","56143790","56144095","41","15125655"
"JH378105","71271025","71271104","chr16","3308866","3308945","8","67962159"
"JH378105","71276688","71276835","chr7","75271378","75271525","16","3994690"
"JH378105","71284706","71284819","chr6","1067449","1067558","14","70217257"
"JH378105","71332514","71332803","chr23","52118830","52119121","35","19213684"
"JH378105","71350564","71350876","chr6","16598509","16598818","33","54752055"
"JH378105","71485395","71485485","chr3","65349691","65349782","13","6135704"
"JH378105","71608105","71608398","chr1","9280050","9280342","40","62328055"
"JH378105","71615651","71615812","chr1","93539244","93539398","30","21923593"
"JH378105","71631071","71631286","chr14","14990118","14990325","28","56640953"
"JH378105","71637494","71637783","chr3","52574847","52575133","48","19062647"
"JH378105","71658579","71658867","chr16","12753214","12753499","33","58905365"
"JH378105","71690354","71690663","chr1","65504304","65504612","35","6186050"
"JH378105","71812835","71813124","chr11","12143435","12143724","31","59669400"
"JH378105","71878478","71878774","chr12","10064948","10065242","28","61813530"
"JH378105","71952105","71952189","chr1","120487210","120487294","9","48535105"
"JH378105","71957057","71957351","chr2","60904952","60905253","38","11052105"
"JH378105","71976628","71976937","chr11","115525233","115525542","37","43548605"
"JH378105","71980062","71980371","chr18","31501692","31501998","35","40478370"
"JH378105","71984931","71985088","chr5","57771895","57772053","23","14213036"
"JH378105","71985217","71985530","chr29","19198164","19198468","33","52787053"
"JH378105","72022805","72022893","chr19","7758593","7758681","9","64264212"
"JH378105","72026358","72026453","chr22","82220107","82220203","8","10193749"
"JH378105","72064760","72065058","chr10","59655291","59655589","43","12409469"
"JH378105","72083419","72083710","chr9","66838731","66839011","35","5244688"
"JH378105","72084131","72084442","chr1","65504304","65504612","28","6579827"
"JH378105","72085202","72085509","chr5","2273487","2273788","32","69811715"
"JH378105","72090701","72090983","chr1","62850660","62850952","42","9240041"
"JH378105","72102281","72102581","chr2","55900648","55900952","38","16201633"
"JH378105","72108711","72108841","chr3","91348390","91348521","11","19239679"
"JH378105","72110340","72110442","chrX","2017984","2018087","9","70092356"
"JH378105","72113525","72113673","chr7","42961800","42961947","13","29151725"
"JH378105","72128961","72129151","chr11","96721458","96721661","35","24592497"
"JH378105","72130438","72130735","chr15","12031507","12031804","43","60098931"
"JH378105","72138821","72138942","chr15","90834689","90834810","12","18695868"
"JH378106","52953007","52953141","chr26","22510592","22510729","25","30442415"
"JH378106","69861118","69861420","chr26","5907158","5907461","34","63953960"
"JH378106","12535","12845","chr1","2872653","2872961","31","2860118"
"JH378106","54602","54908","chr5","2273487","2273788","31","2218885"
"JH378106","98703","98984","chr19","12562553","12562828","52","12463850"
"JH378106","109704","110006","chr14","83371933","83372231","41","83262229"
"JH378106","154542","154709","chr24","51051816","51051996","34","50897274"
"JH378106","219759","220058","chr12","10064948","10065242","32","9845189"
"JH378106","282996","283144","chr3","90669571","90669712","20","90386575"
"JH378106","316428","316709","chr14","70441301","70441579","40","70124873"
"JH378106","350303","350527","chr1","38090108","38090330","38","37739805"
"JH378106","422953","423247","chr9","96314869","96315163","35","95891916"
"JH378106","430943","431241","chr12","10064948","10065242","27","9634005"
"JH378106","456594","456885","chr1","10803268","10803561","44","10346674"
"JH378106","610504","610580","chr13","63031813","63031889","6","62421309"
"JH378106","619492","619801","chr1","103415790","103416081","56","102796298"
"JH378106","701614","701900","chr20","41122725","41123014","39","40421111"
"JH378106","734839","735125","chr1","121610285","121610574","53","120875446"
"JH378106","738279","738363","chr11","41907743","41907829","20","41169464"
"JH378106","738364","738654","chr12","11973166","11973460","46","11234802"
"JH378106","740321","740613","chr21","74368618","74368909","35","73628297"
"JH378106","784879","785185","chr19","9824759","9825062","38","9039880"
"JH378106","842487","842771","chr18","5486172","5486451","37","4643685"
"JH378106","848142","848444","chr9","13645428","13645728","37","12797286"
"JH378106","866037","866344","chr5","2273487","2273788","39","1407450"
"JH378106","912862","913012","chr22","14395100","14395247","19","13482238"
"JH378106","1043485","1043784","chr12","10064948","10065242","25","9021463"
"JH378106","1049777","1049852","chr13","63031813","63031889","6","61982036"
"JH378106","1052292","1052593","chr12","10064948","10065242","31","9012656"
"JH378106","1134987","1135282","chr12","10064948","10065242","27","8929961"
"JH378106","1183792","1184093","chr9","103899907","103900209","43","102716115"
"JH378106","1184603","1184891","chr10","35324287","35324576","30","34139684"
"JH378106","1193896","1194200","chr5","2273487","2273788","30","1079591"
"JH378106","1229207","1229337","chr3","91348390","91348521","10","90119183"
"JH378106","1232739","1233034","chr12","10064948","10065242","36","8832209"
"JH378106","1240186","1240412","chr11","126175108","126175340","34","124934922"
"JH378106","1263904","1264199","chr12","10064948","10065242","31","8801044"
"JH378106","1290037","1290234","chr2","36888011","36888204","29","35597974"
"JH378106","1290551","1290638","chr16","4405728","4405812","9","3115177"
"JH378106","1338639","1338928","chr24","69804893","69805182","52","68466254"
"JH378106","1379319","1379622","chr18","67218974","67219278","46","65839655"
"JH378106","1387297","1387396","chr22","82220107","82220203","11","80832810"
"JH378106","1389393","1389523","chr20","20852752","20852882","18","19463359"
"JH378106","1392849","1393134","chr22","11237891","11238177","31","9845042"
"JH378106","1396860","1396950","chr3","65349691","65349782","10","63952831"
"JH378106","1408766","1409071","chr10","8909912","8910203","42","7501146"
"JH378106","1415934","1416226","chr7","42909284","42909574","43","41493350"
"JH378106","1417606","1417923","chr1","2872653","2872961","40","1455047"
"JH378106","1425254","1425543","chr1","10803268","10803561","31","9378014"
"JH378106","1479066","1479362","chr12","10064948","10065242","22","8585882"
"JH378106","1489362","1489671","chr5","2273487","2273788","35","784125"
"JH378106","1500494","1500620","chr20","20852752","20852882","14","19352258"
"JH378106","1500731","1501035","chrX","59127830","59128128","34","57627099"
"JH378106","1505951","1506236","chrX","115072365","115072649","30","113566414"
"JH378106","1517227","1517333","chr1","62097932","62098038","12","60580705"
"JH378106","1517995","1518272","chr9","96208134","96208421","46","94690139"
"JH378106","1528575","1528654","chr16","3308866","3308945","7","1780291"
"JH378106","1544169","1544457","chr19","22892545","22892830","33","21348376"
"JH378106","1557876","1558202","chr2","34891557","34891863","50","33333681"
"JH378106","1559592","1559867","chr3","80319873","80320159","48","78760281"
"JH378106","1564768","1565001","chr10","52997867","52998109","43","51433099"
"JH378106","1603473","1603568","chr22","82220107","82220203","9","80616634"
"JH378106","1610597","1610674","chr13","63031813","63031889","8","61421216"
"JH378106","1614741","1614830","chr3","65349691","65349782","12","63734950"
"JH378106","1634775","1635083","chr8","40351555","40351858","36","38716780"
"JH378106","1641358","1641448","chr3","65349691","65349782","11","63708333"
"JH378106","1650152","1650465","chr23","68451127","68451430","38","66800975"
"JH378106","1651053","1651180","chr1","8688937","8689061","11","7037884"
"JH378106","1655320","1655601","chr24","50014098","50014389","38","48358778"
"JH378106","1658957","1659253","chr12","13083707","13083986","53","11424750"
"JH378106","1660225","1660376","chr14","23889337","23889494","43","22229112"
"JH378106","1661146","1661182","chr18","3444355","3444390","11","1783209"
"JH378106","1687561","1687861","chr12","10064948","10065242","34","8377387"
"JH378106","1688677","1688952","chr11","74896670","74896950","43","73207993"
"JH378106","1694490","1694792","chr21","25123896","25124189","44","23429406"
"JH378106","1746637","1746805","chr1","105262714","105262876","20","103516077"
"JH378106","1747181","1747391","chr2","41986599","41986802","26","40239418"
"JH378106","1752853","1753134","chr9","61097089","61097369","37","59344236"
"JH378106","1755082","1755357","chr16","11362824","11363098","33","9607742"
"JH378106","1772152","1772241","chr16","4405728","4405812","9","2633576"
"JH378106","1781759","1782046","chr4","41297981","41298275","45","39516222"
"JH378106","1795023","1795118","chr22","82220107","82220203","6","80425084"
"JH378106","1803016","1803322","chr1","68219231","68219530","39","66416215"
"JH378106","1807855","1808159","chr10","35324287","35324576","41","33516432"
"JH378106","1825692","1825808","chr2","23010920","23011031","27","21185228"
"JH378106","1826182","1826445","chr27","19036842","19037092","46","17210660"
"JH378106","1829100","1829175","chr13","63031813","63031889","6","61202713"
"JH378106","1905228","1905543","chr20","70184160","70184468","39","68278932"
"JH378106","1905939","1906201","chr16","23631020","23631284","41","21725081"
"JH378106","1985415","1985718","chr8","94667632","94667918","52","92682217"
"JH378106","2016105","2016396","chr12","10064948","10065242","34","8048843"
"JH378106","2052000","2052129","chr20","67637645","67637774","12","65585645"
"JH378106","2073686","2073807","chr23","45419516","45419638","19","43345830"
"JH378106","2085109","2085375","chr21","10780465","10780722","40","8695356"
"JH378106","2096765","2097056","chr11","74038820","74039113","37","71942055"
"JH378106","2132378","2132671","chr8","89963957","89964248","30","87831579"
"JH378106","2158277","2158582","chrX","18521100","18521405","41","16362823"
"JH378106","2190342","2190636","chr25","78596820","78597112","29","76406478"
"JH378106","2215778","2216063","chrX","22015718","22015995","39","19799940"
"JH378106","2216262","2216520","chr5","56834491","56834744","47","54618229"
"JH378106","2218269","2218566","chr27","12149934","12150235","41","9931665"
"JH378106","2227218","2227358","chr3","90669571","90669712","11","88442353"
"JH378106","2285920","2286208","chr11","42115371","42115662","42","39829451"
"JH378106","2439355","2439601","chr2","31215084","31215325","38","28775729"
"JH378106","2477040","2477339","chr12","10064948","10065242","28","7587908"
"JH378106","2492166","2492461","chr5","63234450","63234738","41","60742284"
"JH378106","2505423","2505506","chr5","67880800","67880883","5","65375377"
"JH378106","2533515","2533818","chr11","120207458","120207761","31","117673943"
"JH378106","2560254","2560549","chr12","10064948","10065242","32","7504694"
"JH378106","2567368","2567664","chr18","71629517","71629808","39","69062149"
"JH378106","2587338","2587428","chr3","65349691","65349782","11","62762353"
"JH378106","2593530","2593817","chrX","15732035","15732323","39","13138505"
"JH378106","2613443","2613738","chr2","5168180","5168471","32","2554737"
"JH378106","2729556","2729848","chr21","36464675","36464969","34","33735119"
"JH378106","2900444","2900710","chr8","65756299","65756572","50","62855855"
"JH378106","2900857","2901156","chr25","5442274","5442573","28","2541417"
"JH378106","2942049","2942196","chr17","47733511","47733658","16","44791462"
"JH378106","2978502","2978746","chr12","6401463","6401710","34","3422961"
"JH378106","3046777","3047063","chr22","25505403","25505689","56","22458626"
"JH378106","3062142","3062445","chr1","65504304","65504612","39","62442162"
"JH378106","3109561","3109869","chr5","36774379","36774687","39","33664818"
"JH378106","3197126","3197431","chr5","18492977","18493282","33","15295851"
"JH378106","3311121","3311419","chr12","26853370","26853664","43","23542249"
"JH378106","3334006","3334274","chr20","116428512","116428772","41","113094506"
"JH378106","3347788","3348097","chr1","93361306","93361613","41","90013518"
"JH378106","3400238","3400494","chr22","88832832","88833087","25","85432594"
"JH378106","3402684","3402960","chr11","64833784","64834059","40","61431100"
"JH378106","3458848","3459114","chr12","17426783","17427055","37","13967935"
"JH378106","3473967","3474260","chr12","10064948","10065242","26","6590981"
"JH378106","3493314","3493607","chr12","10064948","10065242","33","6571634"
"JH378106","3534112","3534422","chrX","28559441","28559742","44","25025329"
"JH378106","3556686","3556985","chr19","11766129","11766433","46","8209443"
"JH378106","3606713","3607004","chr14","33654873","33655167","39","30048160"
"JH378106","3722074","3722380","chr6","16598509","16598818","31","12876435"
"JH378106","4068087","4068400","chr2","34891557","34891863","41","30823470"
"JH378106","4108315","4108607","chr13","81585158","81585455","46","77476843"
"JH378106","4181267","4181541","chr1","93328858","93329129","38","89147591"
"JH378106","4203699","4203991","chr24","70146905","70147203","44","65943206"
"JH378106","4246126","4246266","chr6","3375709","3375847","16","870417"
"JH378106","4262496","4262804","chr1","65504304","65504612","37","61241808"
"JH378106","4356712","4357026","chr14","96882096","96882403","35","92525384"
"JH378106","4414033","4414156","chr1","55628072","55628195","19","51214039"
"JH378106","4449782","4450086","chr23","80713034","80713332","50","76263252"
"JH378106","4466808","4467156","chr21","57106894","57107233","52","52640086"
"JH378106","4470423","4470721","chr1","68219231","68219530","36","63748808"
"JH378106","4507743","4508031","chr10","8909912","8910203","35","4402169"
"JH378106","4624565","4624860","chr8","52344592","52344885","32","47720027"
"JH378106","4649887","4650189","chrX","125302543","125302844","33","120652656"
"JH378106","4691401","4691702","chr9","24652371","24652664","40","19960970"
"JH378106","4806931","4807216","chr5","65662303","65662590","44","60855372"
"JH378106","5036617","5036712","chr22","82220107","82220203","7","77183490"
"JH378106","5073764","5073889","chrX","111922835","111922961","24","106849071"
"JH378106","5095397","5095702","chr17","55864125","55864431","41","50768728"
"JH378106","5110592","5110864","chr13","21308021","21308290","43","16197429"
"JH378106","5178239","5178537","chr18","71480316","71480609","36","66302077"
"JH378106","5191094","5191385","chr21","66269520","66269815","37","61078426"
"JH378106","5270319","5270605","chr13","75976745","75977032","40","70706426"
"JH378106","5288354","5288557","chr1","121417341","121417548","31","116128987"
"JH378106","5349618","5349922","chr11","51624065","51624366","33","46274447"
"JH378106","5387398","5387709","chr1","65504304","65504612","38","60116906"
"JH378106","5391015","5391312","chr23","41434219","41434517","35","36043204"
"JH378106","5527921","5528233","chr5","2273487","2273788","36","3254434"
"JH378106","5621479","5621759","chrX","49498574","49498857","28","43877095"
"JH378106","5780719","5781026","chr2","53908604","53908907","42","48127885"
"JH378106","5795675","5795956","chr1","72070763","72071050","37","66275088"
"JH378106","5805996","5806301","chr16","23423370","23423672","36","17617374"
"JH378106","5814968","5815099","chr20","67637645","67637774","14","61822677"
"JH378106","5828813","5829119","chr23","44247755","44248062","37","38418942"
"JH378106","5977376","5977665","chr22","51783506","51783795","42","45806130"
"JH378106","5978325","5978596","chr20","116428512","116428772","33","110450187"
"JH378106","6084460","6084771","chr5","2324242","2324550","33","3760218"
"JH378106","6130222","6130296","chr13","63031813","63031889","8","56901591"
"JH378106","6173351","6173625","chr24","73585240","73585507","32","67411889"
"JH378106","6259943","6260252","chr2","34891557","34891863","38","28631614"
"JH378106","6279926","6280234","chr5","70054205","70054512","41","63774279"
"JH378106","6285457","6285749","chr12","10064948","10065242","40","3779491"
"JH378106","6355593","6355733","chr10","8700232","8700372","16","2344639"
"JH378106","6387418","6387723","chr3","72036282","72036585","43","65648864"
"JH378106","6427988","6428096","chr6","1067449","1067558","9","5360539"
"JH378106","6445476","6445774","chr5","26494257","26494539","55","20048781"
"JH378106","6463125","6463428","chr9","95969759","95970062","33","89506634"
"JH378106","6466284","6466423","chr29","7668087","7668221","19","1201803"
"JH378106","6469553","6469676","chr1","8688937","8689061","17","2219384"
"JH378106","6474953","6475248","chr14","59799404","59799693","41","53324451"
"JH378106","6500092","6500378","chr16","30637924","30638212","45","24137832"
"JH378106","6514094","6514198","chr1","39939684","39939788","13","33425590"
"JH378106","6521933","6522050","chr20","115102100","115102215","11","108580167"
"JH378106","6523305","6523580","chr11","68726685","68726970","42","62203380"
"JH378106","6528701","6529010","chr8","81998382","81998693","42","75469681"
"JH378106","6531360","6531645","chr1","103415790","103416081","44","96884430"
"JH378106","6536762","6537057","chr12","10064948","10065242","26","3528186"
"JH378106","6549161","6549291","chr9","99766001","99766131","15","93216840"
"JH378106","6551626","6551914","chr16","16894451","16894738","44","10342825"
"JH378106","6552941","6553017","chr13","63031813","63031889","10","56478872"
"JH378106","6555505","6555610","chr12","39370512","39370618","16","32815007"
"JH378106","6597616","6597911","chr8","19896234","19896527","40","13298618"
"JH378106","6603543","6603832","chr12","10064948","10065242","28","3461405"
"JH378106","6604686","6604979","chr12","10064948","10065242","29","3460262"
"JH378106","6615195","6615489","chr6","38437831","38438120","41","31822636"
"JH378106","6616653","6616939","chrX","49498574","49498857","36","42881921"
"JH378106","6619591","6619870","chr1","6386522","6386802","43","233069"
"JH378106","6627961","6628036","chr10","95538249","95538325","10","88910288"
"JH378106","6631460","6631745","chr27","46109934","46110222","47","39478474"
"JH378106","6631944","6632094","chrX","45741850","45741992","32","39109906"
"JH378106","6644590","6644692","chrX","2017984","2018087","11","4626606"
"JH378106","6670688","6670994","chr12","10064948","10065242","36","3394260"
"JH378106","6710227","6710520","chr12","10064948","10065242","26","3354721"
"JH378106","6743486","6743781","chr12","10064948","10065242","28","3321462"
"JH378106","6748827","6749127","chr16","64430366","64430669","34","57681539"
"JH378106","6761953","6762083","chr1","97802296","97802426","11","91040343"
"JH378106","6768570","6768878","chr12","74217361","74217667","30","67448791"
"JH378106","6771097","6771398","chr28","13557476","13557782","42","6786379"
"JH378106","6784639","6784739","chrX","2017984","2018087","13","4766655"
"JH378106","6806603","6806697","chr13","23647091","23647185","9","16840488"
"JH378106","6825897","6826079","chr1","14103001","14103184","29","7277104"
"JH378106","6833897","6833998","chrX","2017984","2018087","13","4815913"
"JH378106","6839814","6840087","chr11","117506724","117507000","40","110666910"
"JH378106","6848293","6848443","chr9","59130238","59130387","14","52281945"
"JH378106","6861195","6861501","chr14","79729598","79729899","32","72868403"
"JH378106","6867720","6867807","chr19","7758593","7758681","7","890873"
"JH378106","6873595","6873863","chr18","59626067","59626351","52","52752472"
"JH378106","6875786","6876099","chr2","89639074","89639380","39","82763288"
"JH378106","6884554","6884848","chr20","104630107","104630400","35","97745553"
"JH378106","6885161","6885461","chrX","18278407","18278706","37","11393246"
"JH378106","6888211","6888515","chrX","59127830","59128128","36","52239619"
"JH378106","6892645","6892919","chr15","40765315","40765586","44","33872670"
"JH378106","6912077","6912167","chr3","65349691","65349782","10","58437614"
"JH378106","6915048","6915357","chr9","15987970","15988276","33","9072922"
"JH378106","6962274","6962592","chr5","2324242","2324550","42","4638032"
"JH378106","6965739","6966045","chrX","18278407","18278706","38","11312668"
"JH378106","6976730","6976807","chr13","63031813","63031889","7","56055083"
"JH378106","6986312","6986516","chr28","3271954","3272157","29","3714358"
"JH378106","6998614","6998915","chr12","10064948","10065242","26","3066334"
"JH378106","7000460","7000556","chr22","82220107","82220203","5","75219647"
"JH378106","7024517","7024823","chr23","68451127","68451430","47","61426610"
"JH378106","7079452","7079751","chr2","35931939","35932239","34","28852487"
"JH378106","7080198","7080489","chr10","18371829","18372121","37","11291631"
"JH378106","7086673","7086980","chr10","87768101","87768408","36","80681428"
"JH378106","7126013","7126142","chr1","97802296","97802426","11","90676283"
"JH378106","7134322","7134609","chr29","10722547","10722839","39","3588225"
"JH378106","7146542","7146654","chr6","1067449","1067558","14","6079093"
"JH378106","7166917","7167202","chrX","113490440","113490725","44","106323523"
"JH378106","7182017","7182138","chr3","72385674","72385796","12","65203657"
"JH378106","7204472","7204768","chr6","37075091","37075389","34","29870619"
"JH378106","7215510","7215659","chr9","59130238","59130387","13","51914728"
"JH378106","7241412","7241539","chr1","8688937","8689061","14","1447525"
"JH378106","7249377","7249453","chr13","63031813","63031889","8","55782436"
"JH378106","7502897","7503020","chr3","72385674","72385796","7","64882777"
"JH378106","7503121","7503358","chr14","79480409","79480636","40","71977288"
"JH378106","7663552","7663863","chr5","2273487","2273788","36","5390065"
"JH378106","7745406","7745695","chr5","61434066","61434345","40","53688660"
"JH378106","7792850","7793026","chr1","105262714","105262876","33","97469864"
"JH378106","7811028","7811327","chr12","10064948","10065242","30","2253920"
"JH378106","7841428","7841727","chr20","9106592","9106889","38","1265164"
"JH378106","7845267","7845555","chr24","11849627","11849924","43","4004360"
"JH378106","7846863","7847163","chr11","53220620","53220917","35","45373757"
"JH378106","7898122","7898429","chr8","120119487","120119791","39","112221365"
"JH378106","7957580","7957897","chr2","34891557","34891863","62","26933977"
"JH378106","8141543","8141832","chr21","25123896","25124189","32","16982353"
"JH378106","8176887","8177186","chr12","10064948","10065242","30","1888061"
"JH378106","8199013","8199127","chr15","53595698","53595816","13","45396685"
"JH378106","8213834","8214130","chr8","52344592","52344885","30","44130758"
"JH378106","8234006","8234188","chr1","99579422","99579604","33","91345416"
"JH378106","8248606","8248906","chr12","10064948","10065242","45","1816342"
"JH378106","8254217","8254352","chr15","3100918","3101052","16","5153299"
"JH378106","8265640","8265810","chr25","22704616","22704787","31","14438976"
"JH378106","8266258","8266384","chr13","23206740","23206860","15","14940482"
"JH378106","8271680","8271989","chr11","108802921","108803224","45","100531241"
"JH378106","8280248","8280373","chr1","8688937","8689061","14","408689"
"JH378106","8291104","8291413","chr16","2999161","2999470","33","5291943"
"JH378106","8292620","8292907","chr15","54120993","54121279","36","45828373"
"JH378106","8295206","8295492","chr7","86776983","86777262","51","78481777"
"JH378106","8299779","8300007","chr20","80623744","80623973","32","72323965"
"JH378106","8302295","8302589","chr12","5303669","5303965","38","2998626"
"JH378106","8307134","8307386","chr9","96390861","96391117","28","88083727"
"JH378106","8310405","8310701","chr29","8289755","8290055","40","20650"
"JH378106","8314215","8314309","chr22","82220107","82220203","8","73905892"
"JH378106","8316928","8317203","chr12","6781553","6781865","105","1535375"
"JH378106","8324536","8324680","chr17","41276087","41276230","14","32951551"
"JH378106","8331166","8331446","chrX","29936084","29936366","31","21604918"
"JH378106","8331948","8332239","chr8","94667632","94667918","38","86335684"
"JH378106","8333388","8333670","chr4","36443988","36444270","43","28110600"
"JH378106","8337919","8338068","chr3","90669571","90669712","19","82331652"
"JH378106","8339526","8339768","chr27","10234079","10234323","41","1894553"
"JH378106","8341182","8341466","chr10","90056980","90057260","52","81715798"
"JH378106","8353466","8353637","chr13","33915587","33915755","27","25562121"
"JH378106","8363328","8363621","chr14","80160276","80160567","39","71796948"
"JH378106","8369748","8370010","chr20","116428512","116428772","37","108058764"
"JH378106","8371034","8371177","chr1","103301840","103301985","25","94930806"
"JH378106","8392405","8392716","chr1","65504304","65504612","28","57111899"
"JH378106","8394438","8394578","chr9","86109665","86109806","14","77715227"
"JH378106","8396607","8396911","chr17","35258575","35258878","38","26861968"
"JH378106","8398988","8399298","chr23","44247755","44248062","33","35848767"
"JH378106","8411137","8411447","chr1","65504304","65504612","30","57093167"
"JH378106","8416953","8417202","chrX","34398814","34399073","42","25981861"
"JH378106","8420028","8420329","chr14","83371933","83372231","33","74951905"
"JH378106","8430494","8430786","chr12","10064948","10065242","29","1634454"
"JH378106","8453087","8453232","chr6","7229588","7229731","18","1223499"
"JH378106","8467891","8468093","chr12","102536119","102536321","45","94068228"
"JH378106","8468388","8468470","chr20","86496231","86496314","10","78027843"
"JH378106","8518112","8518400","chr10","8909912","8910203","41","391800"
"JH378106","8520834","8520964","chr3","91348390","91348521","12","82827556"
"JH378106","8563523","8563671","chr7","42961800","42961947","16","34398277"
"JH378106","8592081","8592367","chr1","50373457","50373747","39","41781376"
"JH378106","8593525","8593821","chr14","38813996","38814293","35","30220471"
"JH378106","8596958","8597253","chr5","53255334","53255620","36","44658376"
"JH378106","8622844","8623143","chr4","16735950","16736241","42","8113106"
"JH378106","8683593","8683891","chr12","10064948","10065242","34","1381355"
"JH378106","8687828","8688123","chr12","10064948","10065242","35","1377120"
"JH378106","8711796","8711948","chr10","11080423","11080572","26","2368627"
"JH378106","8714335","8714644","chr5","36774379","36774687","30","28060044"
"JH378106","8720735","8720811","chr13","63031813","63031889","8","54311078"
"JH378106","8734103","8734395","chr20","9156415","9156716","52","422312"
"JH378106","8738755","8739034","chr7","74493098","74493366","44","65754343"
"JH378106","8748694","8748997","chr5","2273487","2273788","42","6475207"
"JH378106","8763230","8763525","chr22","50629443","50629736","43","41866213"
"JH378106","8770090","8770379","chr3","8638891","8639182","36","131199"
"JH378106","8770740","8770843","chr1","39939684","39939788","11","31168944"
"JH378106","8774436","8774744","chr15","56900231","56900542","53","48125795"
"JH378106","8775343","8775429","chr5","67880800","67880883","10","59105457"
"JH378106","8776210","8776506","chrX","23977849","23978143","35","15201639"
"JH378106","8808778","8808883","chr1","39939684","39939788","13","31130906"
"JH378106","8816325","8816419","chr22","82220107","82220203","9","73403782"
"JH378106","8817805","8818026","chr13","7317370","7317589","21","1500435"
"JH378106","8820842","8821137","chrX","23977849","23978143","34","15157007"
"JH378106","8865958","8866256","chr15","18549945","18550246","38","9683987"
"JH378106","8868171","8868477","chr26","9300679","9300984","35","432508"
"JH378106","8882843","8883146","chr12","10064948","10065242","31","1182105"
"JH378106","8884382","8884683","chr5","36774379","36774687","45","27889997"
"JH378106","8897249","8897347","chr22","82220107","82220203","11","73322858"
"JH378106","8906991","8907081","chr3","65349691","65349782","11","56442700"
"JH378106","8920558","8920862","chr9","15987970","15988276","41","7067412"
"JH378106","8921406","8921716","chr1","65504304","65504612","34","56582898"
"JH378106","8930586","8930876","chr9","87536800","87537086","43","78606214"
"JH378106","8961533","8961828","chr12","10064948","10065242","29","1103415"
"JH378106","8972651","8972941","chr6","38437831","38438120","37","29465180"
"JH378106","8973529","8973678","chr9","59130238","59130387","18","50156709"
"JH378106","8975236","8975341","chr20","25652388","25652489","15","16677152"
"JH378106","8993568","8993861","chr12","79050585","79050880","38","70057017"
"JH378106","8994456","8994759","chr1","33958409","33958712","41","24963953"
"JH378106","9015683","9015980","chr12","10064948","10065242","31","1049265"
"JH378106","9029568","9029877","chr1","4944565","4944871","39","4085003"
"JH378106","9159857","9159951","chr22","82220107","82220203","10","73060250"
"JH378106","9167389","9167699","chr16","74385648","74385958","38","65218259"
"JH378106","9172518","9172608","chr13","84478725","84478816","16","75306207"
"JH378106","9186756","9187033","chr9","90489422","90489705","44","81302666"
"JH378106","9252785","9253072","chr16","68832612","68832900","32","59579827"
"JH378106","9288586","9288877","chr11","90825564","90825850","41","81536978"
"JH378106","9298919","9299230","chr12","40352484","40352792","46","31053565"
"JH378106","9369226","9369446","chr17","36941326","36941541","35","27572100"
"JH378106","9411234","9411537","chr12","5303669","5303965","35","4107565"
"JH378106","9416807","9417094","chr1","46924304","46924587","48","37507497"
"JH378106","9463212","9463523","chr12","85978956","85979262","47","76515744"
"JH378106","9486909","9487208","chr16","25791548","25791851","34","16304639"
"JH378106","9497964","9498250","chr19","27346836","27347117","49","17848872"
"JH378106","9535826","9536119","chr5","1720771","1721058","47","7815055"
"JH378106","9549435","9549735","chr10","90402340","90402635","41","80852905"
"JH378106","9575122","9575411","chr23","52585251","52585537","36","43010129"
"JH378106","9591078","9591354","chr4","81094265","81094545","48","71503187"
"JH378106","9621918","9622205","chr1","29348293","29348592","48","19726375"
"JH378106","9646295","9646590","chr16","18710057","18710354","45","9063762"
"JH378106","9672780","9673081","chr1","108565860","108566161","38","98893080"
"JH378106","9687145","9687427","chr1","31818411","31818697","48","22131266"
"JH378106","9721884","9721989","chr1","39939684","39939788","10","30217800"
"JH378106","9739281","9739578","chr7","97313911","97314215","48","87574630"
"JH378106","9752935","9753238","chr5","2273487","2273788","38","7479448"
"JH378106","9780794","9781083","chr10","56584716","56585002","37","46803922"
"JH378106","9824083","9824358","chr22","43966779","43967052","41","34142696"
"JH378106","9848050","9848351","chr12","10064948","10065242","39","216898"
"JH378106","9865498","9865814","chr5","57818139","57818452","53","47952641"
"JH378106","9918035","9918331","chr12","10064948","10065242","31","146913"
"JH378106","9949393","9949698","chr5","18957272","18957569","53","9007879"
"JH378106","9955003","9955302","chr9","57875604","57875901","38","47920601"
"JH378106","9971034","9971318","chr6","13834778","13835060","48","3863744"
"JH378106","9985478","9985789","chr11","115525233","115525542","30","105539755"
"JH378106","10020059","10020365","chr9","57875604","57875901","42","47855545"
"JH378106","10031997","10032312","chr20","117416472","117416773","53","107384475"
"JH378106","10044765","10045064","chr12","10064948","10065242","28","20183"
"JH378106","10045074","10045360","chr1","121579944","121580232","37","111534870"
"JH378106","10047158","10047457","chr12","6781553","6781865","92","3265605"
"JH378106","10050496","10050786","chr11","1011946","1012238","50","9038550"
"JH378106","10053364","10053494","chr3","91348390","91348521","13","81295026"
"JH378106","10058133","10058441","chr5","2273487","2273788","37","7784646"
"JH378106","10074411","10074706","chr4","81042477","81042776","51","70968066"
"JH378106","10077770","10077914","chr9","86109665","86109806","14","76031895"
"JH378106","10083403","10083709","chr13","34452961","34453269","38","24369558"
"JH378106","10084858","10085160","chr19","13613108","13613413","36","3528250"
"JH378106","10085636","10085935","chr12","10064948","10065242","27","20688"
"JH378106","10088346","10088469","chr15","90834689","90834810","13","80746343"
"JH378106","10088640","10088708","chr3","66669278","66669339","20","56580638"
"JH378106","10096645","10096923","chr22","37637582","37637856","35","27540937"
"JH378106","10108529","10108850","chr2","56143790","56144095","48","46035261"
"JH378106","10116534","10116820","chr5","26494257","26494539","32","16377723"
"JH378106","10116832","10117114","chr14","15633040","15633320","33","5516208"
"JH378106","10134442","10134742","chr2","20242750","20243052","33","10108308"
"JH378106","10144313","10144612","chr8","38754814","38755111","36","28610501"
"JH378106","10148478","10148773","chr18","71175402","71175700","36","61026924"
"JH378106","10165408","10165509","chr1","39939684","39939788","11","29774276"
"JH378106","10165596","10165884","chr5","27960587","27960876","40","17794991"
"JH378106","10173775","10174084","chr2","34891557","34891863","31","24717782"
"JH378106","10178712","10179045","chr16","35144511","35144831","55","24965799"
"JH378106","10181431","10181527","chr22","82220107","82220203","5","72038676"
"JH378106","10219789","10219896","chrX","25194654","25194764","11","14974865"
"JH378106","10250013","10250333","chr26","38024857","38025165","40","27774844"
"JH378106","10251410","10251720","chr12","13047845","13048153","34","2796435"
"JH378106","10253516","10253661","chr3","90669571","90669712","18","80416055"
"JH378106","10256870","10257147","chr16","26067530","26067803","42","15810660"
"JH378106","10260757","10261047","chr7","69511197","69511486","54","59250440"
"JH378106","10276341","10276637","chr23","34591432","34591727","38","24315091"
"JH378106","10287233","10287531","chr9","78752005","78752301","32","68464772"
"JH378106","10290590","10290892","chr12","58820917","58821209","51","48530327"
"JH378106","10322302","10322594","chr12","10064948","10065242","31","257354"
"JH378106","10436408","10436704","chr22","50629443","50629736","39","40193035"
"JH378106","10464085","10464394","chr24","35541584","35541883","36","25077499"
"JH378106","10519226","10519512","chr13","42970027","42970322","54","32450801"
"JH378106","10556820","10557117","chr26","18708576","18708870","53","8151756"
"JH378106","10621252","10621534","chr4","15532519","15532799","51","4911267"
"JH378106","10673403","10673701","chr18","71629517","71629808","39","60956114"
"JH378106","10870229","10870364","chr2","47575182","47575315","15","36704953"
"JH378106","10920109","10920418","chr1","65504304","65504612","35","54584195"
"JH378106","10970197","10970507","chr5","2273487","2273788","34","8696710"
"JH378106","10974235","10974519","chr3","35708120","35708402","40","24733885"
"JH378106","10985760","10985889","chr3","91348390","91348521","10","80362630"
"JH378106","11143822","11144120","chr20","85678793","85679086","41","74534971"
"JH378106","11220839","11221027","chr16","23780412","23780597","31","12559573"
"JH378106","11227488","11227781","chr20","41083983","41084274","49","29856495"
"JH378106","11278765","11279066","chrX","23977849","23978143","33","12699084"
"JH378106","11326094","11326190","chr22","82220107","82220203","7","70894013"
"JH378106","11444907","11445193","chr21","107752220","107752506","38","96307313"
"JH378106","11466684","11466966","chr9","26807010","26807295","34","15340326"
"JH378106","11527401","11527683","chr8","34611170","34611447","40","23083769"
"JH378106","11550419","11550708","chr23","66799519","66799816","45","55249100"
"JH378106","11557649","11557957","chr1","65504304","65504612","24","53946655"
"JH378106","11580326","11580436","chr6","1067449","1067558","10","10512877"
"JH378106","11619152","11619451","chr20","40940162","40940460","36","29321010"
"JH378106","11633407","11633550","chr17","28507557","28507698","17","16874150"
"JH378106","11636049","11636326","chr12","13260494","13260774","38","1624445"
"JH378106","11656559","11656648","chr3","65349691","65349782","13","53693132"
"JH378106","11777404","11777547","chr7","42693704","42693836","29","30916300"
"JH378106","11804104","11804462","chrX","23977849","23978143","128","12173745"
"JH378106","11893241","11893377","chr11","95753406","95753542","13","83860165"
"JH378106","11939346","11939601","chrX","98016976","98017229","31","86077630"
"JH378106","11961759","11961929","chr27","10292078","10292249","46","1669681"
"JH378106","12021907","12022205","chr25","55441921","55442218","41","43420014"
"JH378106","12158496","12158799","chr15","12031507","12031804","35","126989"
"JH378106","12230623","12230919","chr12","10064948","10065242","31","2165675"
"JH378106","12295713","12295997","chr25","61615818","61616106","40","49320105"
"JH378106","12356154","12356452","chr18","66189352","66189642","29","53833198"
"JH378106","12359903","12360127","chr25","59449721","59449941","28","47089818"
"JH378106","12442247","12442520","chr2","44912969","44913240","39","32470722"
"JH378106","12464376","12464497","chr3","91348390","91348521","16","78884014"
"JH378106","12644519","12644802","chr11","30826525","30826807","46","18182006"
"JH378106","12713137","12713431","chr12","10064948","10065242","33","2648189"
"JH378106","12722139","12722248","chr8","117395089","117395200","12","104672950"
"JH378106","12749331","12749629","chr12","10064948","10065242","24","2684383"
"JH378106","12757883","12758172","chr10","8909912","8910203","51","3847971"
"JH378106","12769396","12769677","chr2","90183349","90183641","51","77413953"
"JH378106","12772909","12772996","chr1","32517736","32517820","13","19744827"
"JH378106","12775700","12775999","chr14","83570862","83571166","43","70795162"
"JH378106","12814318","12814599","chr4","67311901","67312186","42","54497583"
"JH378106","12854716","12855011","chr1","66807483","66807786","47","53952767"
"JH378106","12894699","12894984","chr21","74998898","74999178","41","62104199"
"JH378106","12953034","12953316","chr13","68048794","68049075","34","55095760"
"JH378106","12962202","12962503","chr12","10064948","10065242","32","2897254"
"JH378106","12965248","12965547","chr16","21816012","21816308","36","8850764"
"JH378106","13022427","13022691","chr9","17868657","17868921","43","4846230"
"JH378106","13073414","13073483","chr28","10739382","10739452","10","2334032"
"JH378106","13210586","13210894","chr19","9824759","9825062","37","3385827"
"JH378106","13247476","13247771","chr14","81356656","81356954","44","68109180"
"JH378106","13268196","13268485","chr6","38582923","38583209","37","25314727"
"JH378106","13341518","13341826","chr12","6781553","6781865","56","6559965"
"JH378106","13354812","13354902","chr3","65349691","65349782","11","51994879"
"JH378106","13375185","13375483","chr3","6546894","6547189","41","6828291"
"JH378106","13432399","13432699","chr20","108907026","108907317","36","95474627"
"JH378106","13441966","13442076","chr6","1067449","1067558","12","12374517"
"JH378106","13498896","13499154","chr5","1545752","1546005","46","11953144"
"JH378106","13515412","13515695","chr20","75127208","75127485","39","61611796"
"JH378106","13598860","13599170","chr28","4550302","4550608","36","9048558"
"JH378106","13620854","13621158","chr2","12113745","12114044","42","1507109"
"JH378106","13625552","13625845","chr8","52344592","52344885","33","38719040"
"JH378106","13641652","13641929","chr14","95964336","95964605","41","82322684"
"JH378106","13712731","13713039","chr1","65504304","65504612","31","51791573"
"JH378106","13732581","13732864","chr12","20425301","20425591","45","6692720"
"JH378106","13744055","13744350","chr20","46550281","46550570","38","32806226"
"JH378106","13810026","13810258","chr7","98644776","98645016","47","84834750"
"JH378106","13920170","13920423","chr4","89003238","89003495","39","75083068"
"JH378106","13933650","13933938","chr15","58837851","58838136","45","44904201"
"JH378106","13955664","13955788","chr3","72385674","72385796","13","58430010"
"JH378106","13981587","13981889","chrX","89331427","89331730","31","75349840"
"JH378106","14013850","14014157","chr2","25122492","25122796","32","11108642"
"JH378106","14071257","14071561","chr23","35370403","35370708","51","21299146"
"JH378106","14080615","14080909","chr12","10064948","10065242","32","4015667"
"JH378106","14093235","14093518","chr9","26807010","26807295","35","12713775"
"JH378106","14113539","14113836","chr15","86758708","86759003","32","72645169"
"JH378106","14117933","14118180","chr11","119259842","119260088","32","105141909"
"JH378106","14118501","14118610","chr6","1067449","1067558","6","13051052"
"JH378106","14142402","14142492","chr3","65349691","65349782","9","51207289"
"JH378106","14146302","14146551","chr12","6401463","6401710","34","7744839"
"JH378106","14153838","14154157","chr12","87874553","87874860","50","73720715"
"JH378106","14159005","14159091","chr16","4405728","4405812","7","9753277"
"JH378106","14174903","14175060","chr1","110600953","110601102","22","96426050"
"JH378106","14229424","14229571","chr9","59130238","59130387","12","44900814"
"JH378106","14233941","14234239","chr9","92415292","92415589","44","78181351"
"JH378106","14240644","14240934","chr13","65577132","65577425","34","51336488"
"JH378106","14250282","14250535","chr20","116428512","116428772","38","102178230"
"JH378106","14257876","14257960","chr5","67880800","67880883","7","53622924"
"JH378106","14262991","14263095","chr1","39939684","39939788","10","25676693"
"JH378106","14281993","14282140","chrX","128768607","128768755","16","114486614"
"JH378106","14320286","14320435","chr9","59130238","59130387","17","44809952"
"JH378106","14342897","14343207","chr11","114596263","114596576","39","100253366"
"JH378106","14346250","14346554","chr18","44879897","44880198","39","30533647"
"JH378106","14347713","14347837","chr15","90834689","90834810","14","76486976"
"JH378106","14348774","14348852","chr13","63031813","63031889","8","48683039"
"JH378106","14351960","14352258","chr8","52344592","52344885","43","37992632"
"JH378106","14362742","14362831","chr19","7758593","7758681","11","6604149"
"JH378106","14377554","14377649","chr22","82220107","82220203","8","67842553"
"JH378106","14388515","14388591","chr13","63031813","63031889","7","48643298"
"JH378106","14399899","14399982","chr16","4405728","4405812","8","9994171"
"JH378106","14417244","14417543","chr2","5119768","5120064","30","9297476"
"JH378106","14439878","14440179","chr12","10064948","10065242","26","4374930"
"JH378106","14535538","14535838","chr11","46412480","46412774","45","31876942"
"JH378106","14641310","14641605","chr22","50629443","50629736","38","35988133"
"JH378106","14744876","14745158","chr22","45620503","45620785","38","30875627"
"JH378106","14784243","14784535","chr1","112577097","112577392","31","97792854"
"JH378106","14816608","14816906","chr1","121176831","121177125","48","106360223"
"JH378106","14875741","14876049","chr12","44274197","44274504","36","29398456"
"JH378106","14934319","14934604","chr9","113960175","113960454","42","99025856"
"JH378106","14996813","14997122","chr1","65504304","65504612","31","50507491"
"JH378106","15034979","15035202","chr23","72478834","72479055","31","57443855"
"JH378106","15076530","15076657","chr1","8688937","8689061","15","6387593"
"JH378106","15091783","15092082","chr9","26527953","26528246","46","11436170"
"JH378106","15260578","15260786","chr5","70340062","70340256","36","55079484"
"JH378106","15351431","15351723","chr1","103415790","103416081","40","88064359"
"JH378106","15383724","15384026","chr19","9824759","9825062","32","5558965"
"JH378106","15390231","15390528","chr24","80362731","80363022","43","64972500"
"JH378106","15425743","15426051","chr9","95969759","95970062","34","80544016"
"JH378106","15488692","15488917","chr10","39070013","39070233","32","23581321"
"JH378106","15548292","15548564","chr9","114015180","114015455","36","98466888"
"JH378106","15556079","15556378","chr21","22838763","22839060","47","7282684"
"JH378106","15566456","15566753","chr5","1720771","1721058","40","13845685"
"JH378106","15572406","15572699","chr10","85309131","85309424","31","69736725"
"JH378106","15622474","15622782","chr17","35258575","35258878","41","19636101"
"JH378106","15708793","15708883","chr3","65349691","65349782","12","49640898"
"JH378106","15773710","15774025","chr5","2324242","2324550","38","13449468"
"JH378106","15794499","15794788","chr8","52344592","52344885","39","36550093"
"JH378106","15841698","15841784","chr16","4405728","4405812","7","11435970"
"JH378106","15867902","15868198","chr1","32168654","32168947","38","16300752"
"JH378106","15905185","15905493","chr9","92415292","92415589","49","76510107"
"JH378106","15921472","15921769","chr6","11944778","11945070","46","3976694"
"JH378106","15928081","15928277","chr28","11844218","11844412","30","4083863"
"JH378106","15935763","15936053","chr15","81108917","81109201","38","65173154"
"JH378106","15962674","15962957","chr26","45232903","45233182","46","29270229"
"JH378106","15974705","15974997","chrX","22653522","22653815","34","6678817"
"JH378106","15978648","15978961","chr14","22799686","22799991","37","6821038"
"JH378106","15985714","15986019","chr2","25122492","25122796","34","9136778"
"JH378106","16019237","16019545","chr6","16598509","16598818","35","579272"
"JH378106","16020181","16020492","chr17","35258575","35258878","37","19238394"
"JH378106","16026526","16026825","chr12","10064948","10065242","32","5961578"
"JH378106","16036064","16036362","chr15","86758708","86759003","44","70722644"
"JH378106","16037657","16037957","chr12","10064948","10065242","26","5972709"
"JH378106","16041851","16042151","chr20","104630107","104630400","34","88588256"
"JH378106","16063350","16063642","chr20","7605671","7605957","49","8457679"
"JH378106","16064179","16064489","chr11","6744487","6744782","49","9319692"
"JH378106","16076406","16076489","chr16","4405728","4405812","7","11670678"
"JH378106","16106207","16106505","chr16","14854865","14855159","41","1251342"
"JH378106","16107910","16107985","chr13","63031813","63031889","8","46923903"
"JH378106","16111486","16111640","chr28","1220035","1220195","23","14891451"
"JH378106","16123558","16123860","chr26","20269198","20269489","30","4145640"
"JH378106","16136358","16136460","chr3","73832741","73832841","16","57696383"
"JH378106","16141537","16141827","chr6","38424071","38424362","36","22282534"
"JH378106","16142150","16142266","chr8","16961081","16961198","18","818931"
"JH378106","16149246","16149378","chr23","42246070","42246198","17","26096824"
"JH378106","16158585","16158882","chr12","10064948","10065242","23","6093637"
"JH378106","16168883","16169160","chr28","2826163","2826453","43","13342720"
"JH378106","16170525","16170811","chr14","79801787","79802070","45","63631262"
"JH378106","16174256","16174485","chr13","7317370","7317589","33","8856886"
"JH378106","16179811","16180120","chr12","107726061","107726359","43","91546250"
"JH378106","16208014","16208319","chr14","83348314","83348610","44","67140300"
"JH378106","16295938","16296113","chr25","22704616","22704787","23","6408678"
"JH378106","16296214","16296329","chr20","7771242","7771360","18","8524972"
"JH378106","16300473","16300779","chr15","74176771","74177073","33","57876298"
"JH378106","16316795","16317087","chr14","58657898","58658189","28","42341103"
"JH378106","16322013","16322271","chr9","31823888","31824144","43","15501875"
"JH378106","16333299","16333597","chr18","59023586","59023884","31","42690287"
"JH378106","16342574","16342842","chr9","74498847","74499116","42","58156273"
"JH378106","16364491","16364800","chr12","52905074","52905380","48","36540583"
"JH378106","16377035","16377316","chr21","74368618","74368909","44","57991583"
"JH378106","16424001","16424315","chr18","1021717","1022020","41","15402284"
"JH378106","16442466","16442771","chr12","106807603","106807904","37","90365137"
"JH378106","16603106","16603179","chr24","32655625","32655699","14","16052519"
"JH378106","16794392","16794672","chr7","116119221","116119502","42","99324829"
"JH378106","16893312","16893406","chr22","82220107","82220203","8","65326795"
"JH378106","16917439","16917751","chr12","84113723","84114031","35","67196284"
"JH378106","16925683","16925985","chr4","88331964","88332268","35","71406281"
"JH378106","16974747","16975029","chrX","95460911","95461200","42","78486164"
"JH378106","16979462","16979759","chr23","40897282","40897583","47","23917820"
"JH378106","17011845","17012136","chr1","18554019","18554319","43","1542174"
"JH378106","17023194","17023418","chr13","7317370","7317589","26","9705824"
"JH378106","17037149","17037446","chr25","24925210","24925514","37","7888061"
"JH378106","17091227","17091534","chr14","79729598","79729899","32","62638371"
"JH378106","17300642","17300945","chr12","18922571","18922865","39","1621929"
"JH378106","17306359","17306668","chr22","34065717","34066029","57","16759358"
"JH378106","17380334","17380611","chr24","50106580","50106856","35","32726246"
"JH378106","17381371","17381686","chrX","28194989","28195297","33","10813618"
"JH378106","17390590","17390874","chr16","18091158","18091443","34","700568"
"JH378106","17390947","17391068","chr3","72385674","72385796","16","54994727"
"JH378106","17422401","17422690","chr14","41748186","41748475","41","24325785"
"JH378106","17451247","17451558","chr20","89561089","89561394","39","72109842"
"JH378106","17463052","17463265","chr4","53346339","53346552","49","35883287"
"JH378106","17594205","17594283","chr13","63031813","63031889","7","45437608"
"JH378106","17637821","17638134","chr21","126778819","126779136","44","109140998"
"JH378106","17750756","17751078","chr1","123836322","123836629","44","106085566"
"JH378106","17923193","17923499","chr11","120207458","120207761","49","102284265"
"JH378106","18081847","18082124","chrX","120633614","120633888","33","102551767"
"JH378106","18105371","18105622","chr10","10813818","10814077","52","7291553"
"JH378106","18106212","18106342","chr3","91348390","91348521","10","73242178"
"JH378106","18108335","18108641","chr25","45623720","45624026","51","27515385"
"JH378106","18109146","18109452","chr15","4075521","4075817","47","14033625"
"JH378106","18123104","18123359","chr11","44436513","44436764","35","26313409"
"JH378106","18124865","18125017","chr6","7229588","7229731","20","10895277"
"JH378106","18125132","18125430","chr18","66189352","66189642","43","48064220"
"JH378106","18156422","18156609","chr6","19694757","19694941","23","1538335"
"JH378106","18168567","18168641","chr13","63031813","63031889","8","44863246"
"JH378106","18173846","18174145","chr1","68219231","68219530","32","50045385"
"JH378106","18180483","18180778","chrX","23977849","23978143","41","5797366"
"JH378106","18194049","18194375","chr2","35931939","35932239","57","17737890"
"JH378106","18203107","18203410","chr5","33074148","33074451","36","14871041"
"JH378106","18251263","18251575","chr17","35258575","35258878","34","17007312"
"JH378106","18326247","18326555","chr12","74217361","74217667","30","55891114"
"JH378106","18360089","18360399","chr14","3058807","3059104","42","15301282"
"JH378106","18399714","18400019","chr2","35933723","35934028","41","17534009"
"JH378106","18450017","18450316","chr14","45340459","45340751","34","26890442"
"JH378106","18472971","18473264","chr11","45826349","45826644","41","27353378"
"JH378106","18498839","18499131","chr26","48796674","48796967","34","30297835"
"JH378106","18605131","18605427","chr12","10064948","10065242","25","8540183"
"JH378106","18651888","18652186","chr2","80145635","80145937","34","61493747"
"JH378106","18668321","18668643","chr10","91421180","91421507","53","72752859"
"JH378106","18674801","18675097","chr3","35708120","35708402","39","17033319"
"JH378106","18714147","18714442","chr10","118597337","118597632","28","99883190"
"JH378106","18721575","18721843","chr20","93036377","93036637","40","74314802"
"JH378106","18734304","18734596","chr10","55224096","55224386","41","36489792"
"JH378106","18831624","18831842","chr13","7317370","7317589","25","11514254"
"JH378106","18848763","18848892","chr3","91348390","91348521","14","72499627"
"JH378106","18969313","18969432","chr6","11193830","11193948","23","7775483"
"JH378106","18990035","18990159","chr15","53613906","53614028","21","34623871"
"JH378106","19067896","19068205","chr14","83371933","83372231","43","64304037"
"JH378106","19183188","19183459","chr11","106005154","106005418","43","86821966"
"JH378106","19194791","19195085","chrX","61294682","61294983","46","42099891"
"JH378106","19293063","19293204","chr10","8700232","8700372","12","10592831"
"JH378106","19393437","19393710","chr24","47526007","47526273","50","28132570"
"JH378106","19444971","19445203","chr5","74183714","74183949","42","54738743"
"JH378106","19550760","19551060","chr5","2273487","2273788","33","17277273"
"JH378106","19728731","19729025","chr21","29565820","29566123","58","9837089"
"JH378106","19908033","19908183","chr9","59130238","59130387","15","39222205"
"JH378106","20011813","20012108","chr1","50373457","50373747","41","30361644"
"JH378106","20130364","20130451","chr19","7758593","7758681","9","12371771"
"JH378106","20160835","20161104","chr3","74098116","74098389","43","53937281"
"JH378106","20187764","20187858","chr22","82220107","82220203","9","62032343"
"JH378106","20193676","20193769","chr13","23647091","23647185","13","3453415"
"JH378106","20211422","20211724","chr8","15140020","15140327","45","5071402"
"JH378106","20312322","20312634","chr25","85642603","85642903","44","65330281"
"JH378106","20458964","20459268","chr2","58045145","58045453","36","37586181"
"JH378106","20480706","20480993","chrX","61008485","61008763","40","40527779"
"JH378106","20817432","20817740","chr24","83135028","83135331","39","62317596"
"JH378106","20946967","20947278","chr19","22811307","22811608","41","1864340"
"JH378106","20980272","20980583","chr23","41434219","41434517","39","20453947"
"JH378106","21031621","21031879","chr9","96390861","96391117","28","75359240"
"JH378106","21184577","21184736","chr15","90845759","90845918","19","69661182"
"JH378106","21281794","21282097","chr9","103899907","103900209","43","82618113"
"JH378106","21406318","21406631","chr17","40056784","40057092","36","18650466"
"JH378106","21442172","21442468","chr20","67956614","67956912","35","46514442"
"JH378106","21465402","21465471","chr3","69240466","69240534","13","47775064"
"JH378106","21488386","21488695","chr5","58458905","58459214","38","36970519"
"JH378106","21567728","21567995","chr20","38394705","38394980","45","16826977"
"JH378106","21616936","21617225","chr16","68506439","68506738","52","46889503"
"JH378106","21649968","21650263","chr16","30637924","30638212","28","8987956"
"JH378106","21689716","21690044","chrX","62513903","62514213","51","40824187"
"JH378106","21751202","21751500","chr14","37615851","37616147","28","15864649"
"JH378106","21806795","21807089","chr10","55008531","55008828","39","33201736"
"JH378106","21816826","21817116","chr12","105377982","105378277","42","83561156"
"JH378106","21822214","21822289","chr13","63031813","63031889","6","41209599"
"JH378106","21842076","21842197","chr15","90834689","90834810","14","68992613"
"JH378106","21843767","21844002","chr11","126175108","126175340","29","104331341"
"JH378106","21853806","21854099","chr9","83383980","83384273","35","61530174"
"JH378106","21917807","21918112","chr5","33074148","33074451","35","11156341"
"JH378106","21934418","21934690","chr4","68750844","68751128","45","46816426"
"JH378106","21956655","21956953","chr14","83371933","83372231","41","61415278"
"JH378106","21984698","21985013","chr1","65504304","65504612","36","43519606"
"JH378106","22156811","22157121","chr4","88788880","88789184","37","66632069"
"JH378106","22175994","22176278","chr24","8700184","8700468","36","13475810"
"JH378106","22246248","22246537","chr12","10064948","10065242","45","12181300"
"JH378106","22289819","22290111","chr12","10064948","10065242","35","12224871"
"JH378106","22317885","22318187","chr14","44038439","44038738","34","21720554"
"JH378106","22334074","22334373","chr10","111637485","111637783","27","89303411"
"JH378106","22344953","22345092","chr3","90669571","90669712","18","68324618"
"JH378106","22356603","22356910","chrX","78570891","78571196","37","56214288"
"JH378106","22453162","22453468","chr8","28841721","28842030","49","6388559"
"JH378106","22488557","22488687","chr10","5520953","5521079","18","16967604"
"JH378106","22492849","22493120","chr6","27850626","27850898","54","5357777"
"JH378106","22500891","22501188","chr24","1147887","1148184","43","21353004"
"JH378106","22504005","22504230","chr9","113299501","113299722","32","90795496"
"JH378106","22565900","22566202","chr23","52118830","52119121","39","29552930"
"JH378106","22739275","22739464","chr11","117106298","117106484","51","94367023"
"JH378106","22774250","22774397","chr22","87450041","87450185","19","64675791"
"JH378106","22798016","22798320","chr12","103818042","103818341","44","81020026"
"JH378106","22846657","22846744","chr18","50216699","50216788","15","27370042"
"JH378106","22850444","22850755","chr1","65504304","65504612","33","42653860"
"JH378106","22901271","22901566","chr15","51754493","51754791","43","28853222"
"JH378106","22913506","22913628","chr15","90834689","90834810","12","67921183"
"JH378106","22974028","22974338","chr1","65504304","65504612","34","42530276"
"JH378106","23004358","23004651","chr21","32338307","32338599","38","9333949"
"JH378106","23162968","23163248","chr5","42662951","42663235","35","19499983"
"JH378106","23171906","23172216","chr26","38024857","38025165","32","14852951"
"JH378106","23220717","23220972","chr9","31823888","31824144","43","8603171"
"JH378106","23228438","23228746","chr1","115205454","115205746","47","91977016"
"JH378106","23264570","23264736","chr1","105262714","105262876","20","81998144"
"JH378106","23289225","23289540","chr15","52387623","52387924","57","29098398"
"JH378106","23301396","23301694","chr13","98083939","98084236","46","74782543"
"JH378106","23328199","23328319","chr11","74863209","74863330","12","51535010"
"JH378106","23366450","23366745","chr1","18554019","18554319","42","4812431"
"JH378106","23404331","23404451","chr15","90834689","90834810","14","67430358"
"JH378106","23408495","23408641","chr3","90669571","90669712","17","67261076"
"JH378106","23446373","23446669","chr5","52368103","52368393","39","28921730"
"JH378106","23493435","23493749","chr1","2872653","2872961","42","20620782"
"JH378106","23542345","23542641","chr5","32699393","32699687","51","9157048"
"JH378106","23577737","23578052","chr1","65504304","65504612","41","41926567"
"JH378106","23785094","23785375","chr26","50395265","50395544","39","26610171"
"JH378106","23794958","23795051","chr22","82220107","82220203","9","58425149"
"JH378106","23821006","23821299","chr20","7540190","7540493","55","16280816"
"JH378106","23904616","23904912","chr12","10064948","10065242","33","13839668"
"JH378106","23979450","23979778","chr15","4970619","4970942","49","19008831"
"JH378106","24079833","24080119","chr6","38582923","38583209","35","14503090"
"JH378106","24124514","24124824","chr8","63257780","63258086","56","39133266"
"JH378106","24125150","24125451","chr12","10064948","10065242","32","14060202"
"JH378106","24137740","24138048","chr11","7889772","7890077","44","16247968"
"JH378106","24138059","24138378","chr1","65504304","65504612","36","41366245"
"JH378106","24147959","24148104","chr3","90669571","90669712","16","66521612"
"JH378106","24160617","24160872","chr11","44436513","44436764","40","20275896"
"JH378106","24164596","24164874","chr8","81314957","81315236","35","57150361"
"JH378106","24176103","24176396","chr1","103415790","103416081","44","79239687"
"JH378106","24191212","24191513","chr12","10064948","10065242","32","14126264"
"JH378106","24207800","24207906","chr17","40217264","40217370","10","16009464"
"JH378106","24211025","24211331","chr10","86092327","86092631","44","61881302"
"JH378106","24241944","24242235","chr12","10064948","10065242","26","14176996"
"JH378106","24291807","24291937","chr16","31737705","31737835","11","7445898"
"JH378106","24297047","24297131","chr16","4405728","4405812","7","19891319"
"JH378106","24303643","24303938","chr10","118597337","118597632","32","94293694"
"JH378106","24341862","24342168","chr1","65504304","65504612","34","41162442"
"JH378106","24346662","24346951","chr14","80284365","80284655","30","55937703"
"JH378106","24394563","24394864","chr16","64430366","64430669","43","40035803"
"JH378106","24446171","24446464","chr10","55224096","55224386","32","30777925"
"JH378106","24458584","24458895","chr11","115525233","115525542","32","91066649"
"JH378106","24485436","24485534","chrX","2017984","2018087","17","22467452"
"JH378106","24486073","24486279","chr5","53706212","53706411","37","29220139"
"JH378106","24486280","24486477","chr16","46156303","46156497","36","21670023"
"JH378106","24491532","24491840","chrX","84956070","84956370","36","60464538"
"JH378106","24535173","24535473","chr13","65577132","65577425","35","41041959"
"JH378106","24571033","24571349","chr4","77689432","77689745","44","53118399"
"JH378106","24597906","24598213","chr4","88331964","88332268","38","63734058"
"JH378106","24654656","24654804","chr9","59130238","59130387","17","34475582"
"JH378106","24659244","24659539","chr11","12180992","12181289","38","12478252"
"JH378106","24744499","24744791","chr12","60432247","60432540","28","35687748"
"JH378106","24933596","24933904","chrX","28194989","28195297","43","3261393"
"JH378106","24970272","24970568","chr12","10064948","10065242","25","14905324"
"JH378106","24972839","24973114","chr9","84278819","84279099","42","59305980"
"JH378106","25152722","25153020","chr20","46357809","46358113","45","21205087"
"JH378106","25210297","25210547","chr11","47676438","47676686","43","22466141"
"JH378106","25230770","25231079","chr12","45161438","45161741","40","19930668"
"JH378106","25259158","25259285","chr16","13694176","13694300","17","11564982"
"JH378106","25292701","25293004","chr8","18530878","18531178","38","6761823"
"JH378106","25356489","25356787","chr1","47766353","47766648","50","22409864"
"JH378106","25357391","25357570","chr24","62463254","62463431","29","37105863"
"JH378106","25434957","25435250","chr6","11944778","11945070","41","13490179"
"JH378106","25464665","25464962","chrX","23977849","23978143","35","1486816"
"JH378106","25593799","25594093","chr10","118597337","118597632","35","93003538"
"JH378106","25624430","25624513","chr16","4405728","4405812","7","21218702"
"JH378106","25655441","25655743","chr10","118597337","118597632","32","92941896"
"JH378106","25734637","25734921","chr20","111628300","111628588","39","85893663"
"JH378106","25746538","25746809","chr2","70152176","70152452","42","44405638"
"JH378106","25810793","25810895","chrX","2017984","2018087","9","23792809"
"JH378106","25821523","25821823","chr2","35933723","35934028","44","10112200"
"JH378106","25847744","25848059","chr5","13154183","13154488","39","12693561"
"JH378106","25859077","25859383","chr14","83371933","83372231","39","57512856"
"JH378106","25868233","25868531","chr10","55008531","55008828","36","29140298"
"JH378106","25872775","25873070","chr9","83383980","83384273","40","57511205"
"JH378106","25885918","25886164","chr11","119259842","119260088","42","93373924"
"JH378106","25926551","25926842","chr24","45239751","45240045","40","19313200"
"JH378106","25952660","25952970","chr8","96089866","96090170","37","70137206"
"JH378106","25956439","25956742","chr11","58110010","58110310","43","32153571"
"JH378106","25986068","25986358","chr23","73077881","73078169","28","47091813"
"JH378106","26000402","26000702","chr25","7449311","7449614","39","18551091"
"JH378106","26047754","26048043","chr20","111374247","111374540","42","85326493"
"JH378106","26201250","26201555","chr12","10064948","10065242","36","16136302"
"JH378106","26290487","26290807","chr16","52975249","52975580","50","26684762"
"JH378106","26301344","26301648","chr14","79729598","79729899","31","53428254"
"JH378106","26313578","26313873","chr9","56910898","56911189","43","30597320"
"JH378106","26365755","26366018","chr16","68347000","68347257","48","41981245"
"JH378106","26411325","26411625","chr10","2350876","2351174","36","24060449"
"JH378106","26426777","26427072","chr24","79759655","79759940","44","53332878"
"JH378106","26506488","26506610","chr15","90834689","90834810","10","64328201"
"JH378106","26532766","26533046","chr3","17527476","17527755","44","9005290"
"JH378106","26561993","26562311","chr11","94011252","94011564","44","67449259"
"JH378106","26604821","26605126","chr15","12031507","12031804","42","14573314"
"JH378106","26650070","26650216","chr9","86109665","86109806","14","59459595"
"JH378106","26665770","26666066","chr23","35045928","35046223","34","8380158"
"JH378106","26703510","26703813","chr9","57059354","57059656","43","30355844"
"JH378106","26734618","26734908","chr20","41083983","41084274","50","14349365"
"JH378106","26738267","26738542","chr25","5147600","5147872","34","21590667"
"JH378106","26775569","26775863","chr12","100081445","100081751","47","73305876"
"JH378106","26841179","26841479","chr13","64989908","64990202","43","38148729"
"JH378106","26917262","26917549","chr11","126818840","126819124","46","99901578"
"JH378106","27011288","27011365","chr13","63031813","63031889","7","36020525"
"JH378106","27021499","27021783","chr3","27069317","27069607","40","47818"
"JH378106","27127321","27127635","chr8","26352201","26352513","41","775120"
"JH378106","27134290","27134587","chr5","53668530","53668830","38","26534240"
"JH378106","27215496","27215775","chr21","107752220","107752506","40","80536724"
"JH378106","27232904","27233198","chr10","56825591","56825888","42","29592687"
"JH378106","27439593","27439849","chr22","34922795","34923044","32","7483202"
"JH378106","27461163","27461477","chr8","84962180","84962487","48","57501017"
"JH378106","27479135","27479439","chr1","108565860","108566161","34","81086725"
"JH378106","27520719","27520867","chr9","38192622","38192768","21","10671903"
"JH378106","27554125","27554438","chr20","51807879","51808187","49","24253754"
"JH378106","27556339","27556520","chr2","37145074","37145258","31","9588735"
"JH378106","27742631","27742943","chr24","68895333","68895641","43","41152702"
"JH378106","27772000","27772315","chr19","10628119","10628425","41","17143881"
"JH378106","27858697","27859007","chr5","33074148","33074451","45","5215451"
"JH378106","27868188","27868497","chr9","118970228","118970526","39","91102040"
"JH378106","27893110","27893387","chr23","72119497","72119773","51","44226387"
"JH378106","27906507","27906804","chr2","22390377","22390668","34","5516130"
"JH378106","27924909","27925222","chr1","65504304","65504612","38","37579395"
"JH378106","28071804","28072099","chr12","10064948","10065242","26","18006856"
"JH378106","28081443","28081756","chr5","2324242","2324550","39","25757201"
"JH378106","28087018","28087167","chr9","59130238","59130387","16","31043220"
"JH378106","28093960","28094077","chr6","11193830","11193948","16","16900130"
"JH378106","28099113","28099410","chr11","34002757","34003053","29","5903644"
"JH378106","28107631","28107905","chr11","64282569","64282848","52","36174938"
"JH378106","28110690","28110980","chrX","23977849","23978143","37","4132841"
"JH378106","28128393","28128666","chr24","38759388","38759666","50","10630995"
"JH378106","28161288","28161430","chr3","90669571","90669712","14","62508283"
"JH378106","28217918","28218008","chr3","65349691","65349782","10","37131773"
"JH378106","28237855","28238126","chr9","32646450","32646711","50","4408595"
"JH378106","28289136","28289421","chr16","42923722","42924007","39","14634586"
"JH378106","28319040","28319245","chr1","121417341","121417548","33","93098301"
"JH378106","28325580","28325783","chr19","5662814","5663015","26","22662766"
"JH378106","28325784","28325927","chr10","116006195","116006338","31","87680411"
"JH378106","28385118","28385403","chr2","37086671","37086965","49","8701553"
"JH378106","28401472","28401772","chr24","67239754","67240052","32","38838282"
"JH378106","28415848","28415935","chr19","23494523","23494608","12","4921325"
"JH378106","28450695","28450796","chr22","82220107","82220203","12","53769412"
"JH378106","28501050","28501175","chr26","50406966","50407092","28","21905916"
"JH378106","28513121","28513417","chr15","3702894","3703194","46","24810227"
"JH378106","28540312","28540607","chr7","12288332","12288635","51","16251980"
"JH378106","28562074","28562368","chr25","81017700","81017987","36","52455626"
"JH378106","28621122","28621407","chrX","95460911","95461200","40","66839789"
"JH378106","28641816","28642114","chr7","19605160","19605458","44","9036656"
"JH378106","28740707","28741006","chr17","38841022","38841322","39","10100315"
"JH378106","28766564","28766856","chr7","39194275","39194566","46","10427711"
"JH378106","28786784","28787074","chr10","34020927","34021217","41","5234143"
"JH378106","28842833","28843118","chr23","71125189","71125474","39","42282356"
"JH378106","28843645","28843928","chr3","38369292","38369574","24","9525647"
"JH378106","28910890","28911189","chr24","58517000","58517299","39","29606110"
"JH378106","28961834","28962109","chr17","53320376","53320642","39","24358542"
"JH378106","29116218","29116523","chr15","3702894","3703194","42","25413324"
"JH378106","29141414","29141724","chr7","135159498","135159805","51","106018084"
"JH378106","29331860","29331993","chr3","91348390","91348521","14","62016530"
"JH378106","29412638","29412891","chr3","81218775","81219029","36","51806137"
"JH378106","29477549","29477801","chr1","93538957","93539210","37","64061408"
"JH378106","29491464","29491764","chr22","12985335","12985622","54","16506129"
"JH378106","29626244","29626547","chr1","85711795","85712099","52","56085551"
"JH378106","29699887","29700194","chr5","2273487","2273788","35","27426400"
"JH378106","29727662","29727970","chr1","65504304","65504612","32","35776642"
"JH378106","29852195","29852503","chr1","108565860","108566161","34","78713665"
"JH378106","29871136","29871435","chr18","70476765","70477065","41","40605629"
"JH378106","29894737","29894910","chrX","99820785","99820950","30","69926048"
"JH378106","29903003","29903315","chr1","65504304","65504612","32","35601301"
"JH378106","29904338","29904646","chr9","96314869","96315163","38","66410531"
"JH378106","29922429","29922722","chr13","65577132","65577425","32","35654703"
"JH378106","29925018","29925162","chr11","95753406","95753542","16","65828388"
"JH378106","29925614","29925774","chr26","37598901","37599060","25","7673287"
"JH378106","29948384","29948683","chr5","2273487","2273788","35","27674897"
"JH378106","29952183","29952493","chr2","58045145","58045453","32","28092962"
"JH378106","30047917","30048217","chr13","65577132","65577425","31","35529215"
"JH378106","30135850","30136134","chr14","97941700","97941982","33","67805850"
"JH378106","30152407","30152475","chr4","11929707","11929771","12","18222700"
"JH378106","30211204","30211493","chr8","134989821","134990115","49","104778617"
"JH378106","30269975","30270081","chrX","2017984","2018087","11","28251991"
"JH378106","30294857","30294977","chr19","13194341","13194461","13","17100516"
"JH378106","30543043","30543353","chr11","115525233","115525542","29","84982190"
"JH378106","31077365","31077563","chr11","117573457","117573649","34","86496092"
"JH378106","31099571","31099864","chrX","23977849","23978143","38","7121722"
"JH378106","31105081","31105382","chr12","10064948","10065242","30","21040133"
"JH378106","31117484","31117806","chr20","103527592","103527902","51","72410108"
"JH378106","31232920","31233025","chrX","2017984","2018087","11","29214936"
"JH378106","31263959","31264263","chr5","2273487","2273788","34","28990472"
"JH378106","31276043","31276341","chrX","23977849","23978143","31","7298194"
"JH378106","31471378","31471687","chr1","108565860","108566161","36","77094482"
"JH378106","31503856","31504153","chr1","49455532","49455836","52","17951676"
"JH378106","31532104","31532407","chr1","120675357","120675659","47","89143253"
"JH378106","31546870","31547154","chr5","34210182","34210464","48","2663312"
"JH378106","31569300","31569577","chr28","16995383","16995661","35","14573917"
"JH378106","31617396","31617513","chr2","23010920","23011031","20","8606476"
"JH378106","31715412","31715711","chr12","10064948","10065242","31","21650464"
"JH378106","31715957","31716261","chr8","52344592","52344885","41","20628635"
"JH378106","31791413","31791486","chr13","63031813","63031889","9","31240400"
"JH378106","31860501","31860790","chrX","115847772","115848064","38","83987271"
"JH378106","31865611","31865754","chr3","90669571","90669712","18","58803960"
"JH378106","31908355","31908667","chr6","48913632","48913921","60","17005277"
"JH378106","31909688","31909742","chr2","87427487","87427544","16","55517799"
"JH378106","31916484","31916774","chr12","10064948","10065242","33","21851536"
"JH378106","32031803","32032097","chr26","41243088","41243384","41","9211285"
"JH378106","32106753","32107054","chr12","10064948","10065242","38","22041805"
"JH378106","32263558","32263834","chr10","88837207","88837491","42","56573649"
"JH378106","32277079","32277160","chr5","67880800","67880883","7","35603721"
"JH378106","32300693","32300926","chr9","106743255","106743488","27","74442562"
"JH378106","32301581","32301881","chr14","18217445","18217755","45","14084136"
"JH378106","32324758","32325059","chr16","74785143","74785441","42","42460385"
"JH378106","32349451","32349751","chr12","10064948","10065242","30","22284503"
"JH378106","32363043","32363341","chr11","89383370","89383667","27","57020327"
"JH378106","32391310","32391607","chr14","37615851","37616147","38","5224541"
"JH378106","32423786","32424060","chr26","32485027","32485291","42","61241"
"JH378106","32437460","32437594","chr26","6591504","6591639","17","25845956"
"JH378106","32438005","32438324","chr1","65504304","65504612","44","33066299"
"JH378106","32442690","32442827","chr26","6591504","6591639","11","25851186"
"JH378106","32445639","32445949","chr5","18622762","18623060","44","13822877"
"JH378106","32478788","32478865","chr13","63031813","63031889","9","30553025"
"JH378106","32489110","32489414","chr16","33182065","33182368","38","692955"
"JH378106","32539984","32540286","chr5","2273487","2273788","35","30266497"
"JH378106","32542460","32542549","chr3","65349691","65349782","13","32807231"
"JH378106","32577373","32577666","chr1","97089521","97089816","35","64512148"
"JH378106","32684577","32684887","chr10","88177543","88177855","40","55492966"
"JH378106","32731942","32732241","chr17","49991811","49992109","36","17259869"
"JH378106","32769297","32769600","chr9","71188923","71189219","43","38419626"
"JH378106","32779214","32779498","chr4","37484917","37485197","41","4705703"
"JH378106","32880722","32881026","chr15","37672879","37673180","40","4792157"
"JH378106","32890881","32891186","chr22","50629443","50629736","36","17738562"
"JH378106","33041103","33041387","chr16","43323290","43323578","41","10282187"
"JH378106","33043303","33043608","chr6","29168940","29169240","35","3874363"
"JH378106","33073873","33074176","chr4","62222786","62223086","47","29148913"
"JH378106","33163479","33163756","chr25","14438271","14438549","36","18725208"
"JH378106","33270083","33270397","chr20","12722365","12722671","44","20547718"
"JH378106","33340218","33340520","chr5","2273487","2273788","35","31066731"
"JH378106","33507684","33507813","chr20","20852752","20852882","8","12654932"
"JH378106","33547236","33547540","chr12","10064948","10065242","30","23482288"
"JH378106","33735294","33735518","chr2","9968196","9968421","36","23767098"
"JH378106","33812209","33812509","chr16","30398852","30399159","43","3413357"
"JH378106","33988982","33989299","chr19","11766129","11766433","39","22222853"
"JH378106","34027893","34028187","chr2","5168180","5168471","41","28859713"
"JH378106","34061565","34061868","chr2","56613914","56614218","35","22552349"
"JH378106","34150630","34150711","chr16","3308866","3308945","9","30841764"
"JH378106","34245337","34245625","chr15","81230631","81230921","43","46985294"
"JH378106","34367023","34367334","chr18","59369684","59369993","46","25002661"
"JH378106","34409495","34409784","chr20","41327248","41327538","39","6917753"
"JH378106","34417223","34417531","chr14","40253871","40254177","45","5836648"
"JH378106","34429443","34429745","chr23","35045928","35046223","40","616485"
"JH378106","34556913","34557063","chr9","59130238","59130387","12","24573325"
"JH378106","34680929","34681233","chrX","120004004","120004304","36","85323075"
"JH378106","34709581","34709706","chr15","90834689","90834810","12","56125108"
"JH378106","34758783","34759075","chr20","87066517","87066810","41","52307734"
"JH378106","34765978","34766113","chr6","7501396","7501533","15","27264582"
"JH378106","34824890","34825183","chr6","32068883","32069174","48","2756007"
"JH378106","34950573","34950881","chr2","34891557","34891863","46","59016"
"JH378106","34966259","34966554","chr5","18507215","18507511","41","16459044"
"JH378106","35007836","35008127","chr8","104167104","104167395","43","69159268"
"JH378106","35096348","35096567","chr16","25738562","25738782","38","9357786"
"JH378106","35145132","35145422","chr11","90825564","90825850","39","55680432"
"JH378106","35145722","35146003","chr5","17006315","17006587","54","18139407"
"JH378106","35166540","35166664","chr19","7939130","7939266","34","27227410"
"JH378106","35194119","35194435","chr20","105941906","105942211","40","70747787"
"JH378106","35263036","35263317","chr21","35152857","35153136","43","110179"
"JH378106","35270421","35270713","chr7","98055883","98056171","38","62785462"
"JH378106","35494088","35494335","chr19","21060924","21061180","55","14433164"
"JH378106","35496568","35496867","chr22","40701009","40701309","38","5204441"
"JH378106","35552561","35552858","chr13","65577132","65577425","35","30024571"
"JH378106","35621306","35621620","chr2","34891557","34891863","43","729749"
"JH378106","35624200","35624276","chr13","63031813","63031889","7","27407613"
"JH378106","35630632","35630942","chr1","65504304","65504612","26","29873672"
"JH378106","35632662","35632773","chr6","1067449","1067558","16","34565213"
"JH378106","35859823","35860107","chr21","74368618","74368909","36","38508795"
"JH378106","35915313","35915589","chr1","101091218","101091491","42","65175905"
"JH378106","35925564","35925865","chr7","70016163","70016465","40","34090599"
"JH378106","36002370","36002628","chr11","89020187","89020465","57","53017817"
"JH378106","36089300","36089605","chr6","246214","246517","49","35843086"
"JH378106","36381032","36381326","chr26","19153190","19153484","38","17227842"
"JH378106","36385844","36386121","chr2","89922140","89922426","47","53536296"
"JH378106","36404344","36404636","chr16","24707968","24708265","44","11696376"
"JH378106","36534420","36534735","chr1","65504304","65504612","41","28969884"
"JH378106","36573980","36574289","chr13","84743392","84743699","53","48169412"
"JH378106","36574777","36574879","chrX","90197506","90197623","30","53622729"
"JH378106","36598266","36598552","chr4","23954589","23954870","43","12643677"
"JH378106","36634849","36635143","chr12","45645499","45645793","42","9010650"
"JH378106","36734330","36734481","chrX","127610421","127610569","23","90876091"
"JH378106","36734492","36734784","chr8","21494594","21494885","47","15239898"
"JH378106","36779059","36779365","chr6","16598509","16598818","34","20180550"
"JH378106","36790318","36790613","chr11","107153610","107153896","50","70363292"
"JH378106","36874923","36875221","chr9","94564326","94564616","50","57689403"
"JH378106","36935076","36935384","chr26","16662306","16662613","40","20272770"
"JH378106","36995312","36995610","chr3","29967257","29967552","41","7028055"
"JH378106","37003049","37003123","chr13","63031813","63031889","14","26028764"
"JH378106","37008638","37008926","chr4","58895651","58895936","35","21887013"
"JH378106","37092778","37092926","chr13","69449795","69449942","28","32357017"
"JH378106","37098900","37099205","chr12","74217361","74217667","44","37118461"
"JH378106","37126048","37126357","chr29","8278863","8279172","38","28847185"
"JH378106","37141684","37141984","chr20","104630107","104630400","40","67488423"
"JH378106","37188081","37188362","chr13","29009243","29009528","43","8178838"
"JH378106","37212217","37212512","chr12","10064948","10065242","26","27147269"
"JH378106","37222038","37222334","chr20","38424209","38424504","41","1202171"
"JH378106","37231426","37231722","chr3","27069317","27069607","41","10162109"
"JH378106","37263850","37264148","chr9","96314869","96315163","36","59051019"
"JH378106","37344524","37344803","chr7","133549380","133549654","43","96204856"
"JH378106","37348768","37349063","chr26","12880029","12880320","44","24468739"
"JH378106","37382682","37382996","chr5","52383283","52383581","56","15000601"
"JH378106","37442885","37443046","chr1","116153598","116153752","34","78710713"
"JH378106","37598815","37599114","chr12","10064948","10065242","28","27533867"
"JH378106","37646703","37647001","chr14","83371933","83372231","37","45725230"
"JH378106","37699863","37699940","chr19","23494523","23494608","17","14205340"
"JH378106","37817800","37818108","chr5","2273487","2273788","30","35544313"
"JH378106","37829491","37829613","chr10","55427325","55427446","18","17597834"
"JH378106","37859004","37859307","chr9","95969759","95970062","48","58110755"
"JH378106","37900212","37900519","chr12","6781553","6781865","113","31118659"
"JH378106","37983743","37984047","chr5","2273487","2273788","29","35710256"
"JH378106","38037466","38037759","chr12","10064948","10065242","44","27972518"
"JH378106","38069446","38069530","chr16","4405728","4405812","6","33663718"
"JH378106","38185732","38186034","chrX","104601258","104601549","39","66415526"
"JH378106","38203901","38204124","chr13","7317370","7317589","26","30886531"
"JH378106","38204872","38205176","chr11","58110010","58110310","34","19905138"
"JH378106","38280342","38280616","chr10","8909912","8910203","47","29370430"
"JH378106","38430778","38431079","chr21","22838763","22839060","29","15592015"
"JH378106","38503652","38503740","chr19","7758593","7758681","11","30745059"
"JH378106","38555737","38556042","chr5","2273487","2273788","33","36282250"
"JH378106","38560329","38560620","chr27","29581793","29582088","37","8978536"
"JH378106","38601261","38601483","chr13","7317370","7317589","31","31283891"
"JH378106","38659205","38659476","chr19","19697247","19697527","55","18961958"
"JH378106","38677033","38677329","chr3","54126135","54126437","44","15449102"
"JH378106","38735386","38735678","chr6","39327037","39327335","40","591651"
"JH378106","38746631","38746879","chrX","56071415","56071659","35","17324784"
"JH378106","38909434","38909698","chr18","66249703","66249966","28","27340269"
"JH378106","38961493","38961804","chr26","38024857","38025165","33","936636"
"JH378106","38972273","38972581","chrX","45210289","45210591","49","6238016"
"JH378106","39013806","39013879","chr13","63031813","63031889","9","24018007"
"JH378106","39014807","39015037","chr21","117703982","117704214","46","78689175"
"JH378106","39038643","39038953","chr2","34891557","34891863","32","4147086"
"JH378106","39088594","39088715","chr15","90834689","90834810","15","51746095"
"JH378106","39163052","39163306","chr9","96390861","96391117","36","57227809"
"JH378106","39242738","39243048","chr2","35792294","35792602","48","3450444"
"JH378106","39299348","39299649","chr20","107972036","107972343","46","68672688"
"JH378106","39348396","39348698","chr1","108565860","108566161","36","69217464"
"JH378106","39358145","39358248","chr13","42116553","42116656","14","2758408"
"JH378106","39364880","39364982","chrX","2017984","2018087","12","37346896"
"JH378106","39461300","39461603","chr5","2273487","2273788","27","37187813"
"JH378106","39506207","39506512","chr4","88194345","88194643","37","48688138"
"JH378106","39615791","39616093","chr6","47185187","47185490","45","7569396"
"JH378106","39624798","39625111","chr11","75241201","75241523","54","35616403"
"JH378106","39643206","39643462","chr9","96390861","96391117","35","56747655"
"JH378106","39664475","39664756","chr7","36740443","36740725","43","2924032"
"JH378106","39689196","39689340","chr16","187527","187668","29","39501669"
"JH378106","39690102","39690392","chr14","13294519","13294811","46","26395583"
"JH378106","39703869","39703938","chr9","18887093","18887163","15","20816776"
"JH378106","39898089","39898321","chr29","2553220","2553452","42","37344869"
"JH378106","39902157","39902402","chr10","52997867","52998109","40","13095710"
"JH378106","39909914","39910203","chr8","39967282","39967581","47","57368"
"JH378106","39923445","39923759","chr5","54787307","54787623","54","14863862"
"JH378106","39963500","39963802","chr23","40897282","40897583","41","933782"
"JH378106","40053068","40053365","chr12","10064948","10065242","25","29988120"
"JH378106","40245496","40245668","chr8","124837672","124837846","26","84592176"
"JH378106","40299192","40299511","chr11","115525233","115525542","43","75226041"
"JH378106","40310485","40310799","chr20","99124367","99124674","50","58813882"
"JH378106","40369502","40369604","chrX","2017984","2018087","13","38351518"
"JH378106","40417553","40417862","chr1","65504304","65504612","33","25086751"
"JH378106","40421558","40421852","chr13","65577132","65577425","31","25155574"
"JH378106","40444096","40444372","chr22","34185914","34186195","39","6258182"
"JH378106","40513024","40513333","chr26","16021451","16021759","41","24491573"
"JH378106","40628870","40629161","chr9","95969759","95970062","48","55340889"
"JH378106","40630136","40630276","chr11","95753406","95753542","15","55123270"
"JH378106","40742915","40743138","chr24","79812200","79812413","41","39069285"
"JH378106","40821228","40821525","chr11","31834827","31835123","48","8986401"
"JH378106","40942585","40942877","chr7","132205443","132205733","39","91262858"
"JH378106","41155518","41155672","chr9","85564984","85565140","22","44409466"
"JH378106","41155773","41155868","chr19","23494523","23494608","19","17661250"
"JH378106","41246073","41246372","chr16","33182065","33182368","47","8064008"
"JH378106","41255219","41255522","chr13","15330822","15331129","29","25924397"
"JH378106","41304338","41304525","chr11","29582135","29582322","29","11722203"
"JH378106","41336345","41336653","chr23","44247755","44248062","41","2911410"
"JH378106","41363693","41363997","chr14","83371933","83372231","43","42008240"
"JH378106","41420550","41420861","chr11","20333718","20334026","35","21086832"
"JH378106","41424151","41424263","chr1","62097932","62098038","22","20673781"
"JH378106","41454077","41454154","chr13","63031813","63031889","10","21577736"
"JH378106","41468973","41469272","chr12","10064948","10065242","26","31404025"
"JH378106","41507342","41507642","chr12","10064948","10065242","30","31442394"
"JH378106","41519356","41519605","chr12","6401463","6401710","25","35117893"
"JH378106","41540383","41540692","chr1","65504304","65504612","34","23963921"
"JH378106","41554795","41554893","chr22","82220107","82220203","13","40665312"
"JH378106","41558121","41558435","chr2","56217567","56217873","43","14659446"
"JH378106","41559118","41559419","chrX","125302543","125302844","35","83743425"
"JH378106","41564470","41564758","chr9","94521914","94522196","35","52957444"
"JH378106","41605410","41605705","chr1","103415790","103416081","45","61810380"
"JH378106","41611895","41612105","chr14","89949072","89949278","31","48337177"
"JH378106","41612440","41612530","chr22","82220107","82220203","9","40607667"
"JH378106","41651008","41651110","chrX","2017984","2018087","12","39633024"
"JH378106","41663197","41663422","chr1","121417341","121417548","50","79754144"
"JH378106","41676539","41676852","chr11","115525233","115525542","33","73848694"
"JH378106","41736650","41736744","chr22","82220107","82220203","8","40483457"
"JH378106","41749782","41749922","chr22","8892875","8893015","15","32856907"
"JH378106","41775398","41775694","chr12","10064948","10065242","33","31710450"
"JH378106","41800780","41801089","chr22","5079064","5079372","47","36721716"
"JH378106","41898107","41898398","chr6","38437831","38438120","32","3460276"
"JH378106","41917802","41918118","chr2","34891557","34891863","52","7026245"
"JH378106","42005419","42005728","chr5","33074148","33074451","38","8931271"
"JH378106","42020604","42020920","chr14","22799686","22799991","50","19220918"
"JH378106","42039450","42039744","chrX","23977849","23978143","38","18061601"
"JH378106","42090793","42091085","chr11","42686451","42686741","44","595658"
"JH378106","42175087","42175395","chr20","99538718","99539034","45","57363631"
"JH378106","42193291","42193572","chr1","69161184","69161465","43","26967893"
"JH378106","42317714","42318025","chr1","65504304","65504612","32","23186590"
"JH378106","42363317","42363627","chr11","115525233","115525542","36","73161916"
"JH378106","42428072","42428385","chr1","2872653","2872961","37","39555419"
"JH378106","42466770","42467068","chr12","10064948","10065242","33","32401822"
"JH378106","42493672","42493976","chr16","51501244","51501546","42","9007572"
"JH378106","42509925","42510188","chr18","6191401","6191675","52","36318524"
"JH378106","42571119","42571410","chr10","117336899","117337182","40","74765780"
"JH378106","42572483","42572712","chr13","54942555","54942779","34","12370072"
"JH378106","42731057","42731361","chr12","10064948","10065242","31","32666109"
"JH378106","42798328","42798424","chr22","82220107","82220203","7","39421779"
"JH378106","42815331","42815626","chr9","89859310","89859604","31","47043979"
"JH378106","42880081","42880166","chr14","82610477","82610563","9","39730396"
"JH378106","43022933","43023241","chr12","74217361","74217667","36","31194428"
"JH378106","43047226","43047512","chrX","23977849","23978143","42","19069377"
"JH378106","43048495","43048797","chr5","2273487","2273788","27","40775008"
"JH378106","43051690","43051769","chr5","67880800","67880883","10","24829110"
"JH378106","43103326","43103641","chr1","92441279","92441586","42","49337953"
"JH378106","43116394","43116524","chr3","91348390","91348521","11","48231996"
"JH378106","43206596","43206849","chr9","92500633","92500888","46","49294037"
"JH378106","43250750","43251040","chr1","10803268","10803561","34","32447482"
"JH378106","43283362","43283614","chr15","5915602","5915856","37","37367760"
"JH378106","43323503","43323798","chr1","19002101","19002396","33","24321402"
"JH378106","43326810","43326867","chr28","6781936","6782000","12","36544874"
"JH378106","43386994","43387324","chr2","34891557","34891863","46","8495437"
"JH378106","43442606","43442908","chr26","12826886","12827179","34","30615720"
"JH378106","43469682","43469979","chr9","33892184","33892482","40","9577498"
"JH378106","43473227","43473524","chr10","34266329","34266612","47","9206898"
"JH378106","43482261","43482569","chr29","2740091","2740398","25","40742170"
"JH378106","43563905","43564207","chr17","21524478","21524775","44","22039427"
"JH378106","43623812","43623907","chr22","82220107","82220203","6","38596295"
"JH378106","43716068","43716367","chr12","10064948","10065242","29","33651120"
"JH378106","43729410","43729699","chr20","46550281","46550570","35","2820871"
"JH378106","43777573","43777865","chr7","558873","559169","43","43218700"
"JH378106","43804186","43804448","chr12","45033039","45033309","43","1228853"
"JH378106","43809068","43809339","chr13","21308021","21308290","56","22501047"
"JH378106","43911693","43911988","chr2","78231915","78232210","37","34320222"
"JH378106","44006402","44006710","chr9","95969759","95970062","37","51963357"
"JH378106","44045062","44045191","chr24","49206715","49206844","12","5161653"
"JH378106","44098712","44098856","chr9","86109665","86109806","22","42010953"
"JH378106","44114603","44114773","chr3","19484690","19484859","29","24629913"
"JH378106","44201758","44202048","chr25","2480161","2480453","37","41721597"
"JH378106","44224813","44224908","chr22","82220107","82220203","9","37995294"
"JH378106","44326015","44326296","chrX","49498574","49498857","41","5172559"
"JH378106","44342843","44343116","chr24","1945702","1945972","40","42397141"
"JH378106","44352102","44352220","chr5","50162142","50162259","32","5810040"
"JH378106","44387390","44387494","chrX","2017984","2018087","10","42369406"
"JH378106","44418631","44418935","chr5","2273487","2273788","33","42145144"
"JH378106","44442350","44442655","chr24","68895333","68895641","45","24452983"
"JH378106","44462870","44463179","chr10","68558120","68558423","36","24095250"
"JH378106","44543241","44543381","chr22","66760031","66760178","23","22216790"
"JH378106","44571904","44572197","chr2","85255263","85255560","42","40683359"
"JH378106","44613565","44613807","chrX","109934724","109934968","41","65321159"
"JH378106","44769430","44769554","chr1","8688937","8689061","11","36080493"
"JH378106","44795036","44795329","chr8","15997778","15998069","46","28797258"
"JH378106","44822168","44822454","chr26","5821015","5821307","47","39001153"
"JH378106","44909511","44909798","chr14","80284365","80284655","38","35374854"
"JH378106","44948639","44948935","chr6","38437831","38438120","38","6510808"
"JH378106","44966176","44966465","chr13","65577132","65577425","39","20610956"
"JH378106","44999335","44999546","chr16","6238673","6238883","26","38760662"
"JH378106","45078451","45078747","chr12","45517357","45517652","34","438906"
"JH378106","45106580","45106880","chrX","11815348","11815650","41","33291232"
"JH378106","45130604","45130832","chr14","79480409","79480636","37","34349805"
"JH378106","45286060","45286334","chr11","106959024","106959308","43","61672964"
"JH378106","45295738","45295983","chr16","65341402","65341647","38","20045664"
"JH378106","45297025","45297320","chr12","10064948","10065242","24","35232077"
"JH378106","45379646","45379933","chr8","138416364","138416651","37","93036718"
"JH378106","45487441","45487707","chr9","92538933","92539203","45","47051492"
"JH378106","45495275","45495588","chr20","33470229","33470535","46","12025046"
"JH378106","45528861","45528999","chr7","123657100","123657244","26","78128239"
"JH378106","45612448","45612739","chr28","2825551","2825833","45","42786897"
"JH378106","45643748","45643930","chr28","2681054","2681236","34","42962694"
"JH378106","45694328","45694421","chr22","82220107","82220203","8","36525779"
"JH378106","45705742","45706050","chr1","65504304","65504612","33","19798562"
"JH378106","45731805","45732098","chr26","32903565","32903858","45","12828240"
"JH378106","45768607","45768911","chr5","2273487","2273788","29","43495120"
"JH378106","45775883","45776097","chr22","38963900","38964108","36","6811983"
"JH378106","45807130","45807418","chr21","107752220","107752506","34","61945090"
"JH378106","45838594","45838783","chr20","9877477","9877659","31","35961117"
"JH378106","45861882","45862151","chr5","21193983","21194260","41","24667899"
"JH378106","45922798","45922965","chr27","8342111","8342276","24","37580687"
"JH378106","45948776","45949066","chr27","7936386","7936673","50","38012390"
"JH378106","46040985","46041247","chr24","27023895","27024155","34","19017090"
"JH378106","46046353","46046653","chr11","117268211","117268509","34","71221858"
"JH378106","46115096","46115306","chr15","82175072","82175282","18","36059976"
"JH378106","46131901","46132208","chr16","14358940","14359244","37","31772961"
"JH378106","46203960","46204255","chr13","68876389","68876691","44","22672429"
"JH378106","46238453","46238753","chr6","29168940","29169240","37","17069513"
"JH378106","46362455","46362725","chr10","80956912","80957185","41","34594457"
"JH378106","46379333","46379625","chr23","75152697","75152982","33","28773364"
"JH378106","46445718","46446026","chr2","34891557","34891863","40","11554161"
"JH378106","46450796","46450883","chr19","7758593","7758681","11","38692203"
"JH378106","46469793","46470099","chr2","25122492","25122796","40","21347301"
"JH378106","46497224","46497518","chr21","22838763","22839060","41","23658461"
"JH378106","46660840","46661133","chr1","16060873","16061165","35","30599967"
"JH378106","46700394","46700483","chr3","65349691","65349782","11","18649297"
"JH378106","46825157","46825447","chr9","39095858","39096151","34","7729299"
"JH378106","46874755","46875023","chr20","122757628","122757904","48","75882873"
"JH378106","46940006","46940288","chr6","8081928","8082213","39","38858078"
"JH378106","47085790","47085912","chr15","90834689","90834810","12","43748899"
"JH378106","47108966","47109040","chr13","63031813","63031889","9","15922847"
"JH378106","47138366","47138685","chr13","14498006","14498310","52","32640360"
"JH378106","47415183","47415485","chr21","56994229","56994528","50","9579046"
"JH378106","47418007","47418307","chr8","129732115","129732413","46","82314108"
"JH378106","47444433","47444736","chr8","52124179","52124487","41","4679746"
"JH378106","47472181","47472495","chr11","115525233","115525542","34","68053052"
"JH378106","47544405","47544703","chr12","10064948","10065242","33","37479457"
"JH378106","47557171","47557363","chr11","117573457","117573649","22","70016286"
"JH378106","47648524","47648626","chrX","2017984","2018087","10","45630540"
"JH378106","47656608","47656835","chr16","25738562","25738782","44","21918046"
"JH378106","47743115","47743412","chr17","32995247","32995540","36","14747868"
"JH378106","47788513","47788793","chrX","44064777","44065058","42","3723736"
"JH378106","47921313","47921441","chr3","91348390","91348521","13","43427077"
"JH378106","47991607","47991753","chr9","59130238","59130387","16","11138631"
"JH378106","48089527","48089828","chr22","5960095","5960396","35","42129432"
"JH378106","48100560","48100645","chr16","4405728","4405812","9","43694832"
"JH378106","48109139","48109449","chr20","115078321","115078628","29","66969182"
"JH378106","48507989","48508296","chr2","34891557","34891863","28","13616432"
"JH378106","48563370","48563609","chr11","82771168","82771402","39","34207798"
"JH378106","48649354","48649634","chr5","53255334","53255620","38","4605980"
"JH378106","48726531","48726621","chr3","65349691","65349782","11","16623160"
"JH378106","48762677","48762977","chr22","48709160","48709458","36","53517"
"JH378106","48820451","48820538","chr5","67880800","67880883","10","19060349"
"JH378106","48832964","48833261","chr22","16185372","16185668","35","32647592"
"JH378106","48835371","48835465","chr22","82220107","82220203","9","33384736"
"JH378106","48859881","48860174","chr12","96870067","96870353","35","48010186"
"JH378106","48861583","48861837","chr8","75940142","75940407","51","27078559"
"JH378106","48864763","48864879","chr20","115102100","115102215","14","66237337"
"JH378106","48872782","48872867","chr17","51048221","51048316","28","2175439"
"JH378106","48872979","48873163","chr13","12236374","12236552","25","36636605"
"JH378106","48907631","48907725","chr22","82220107","82220203","10","33312476"
"JH378106","48921140","48921440","chr25","55441921","55442218","38","6520781"
"JH378106","48971737","48972046","chr11","115525233","115525542","31","66553496"
"JH378106","48979236","48979541","chr17","28137789","28138092","36","20841447"
"JH378106","49197032","49197326","chr6","4113565","4113862","42","45083467"
"JH378106","49228259","49228558","chr8","21494594","21494885","36","27733665"
"JH378106","49246468","49246772","chr19","27021956","27022259","36","22224512"
"JH378106","49250886","49251097","chr25","73647297","73647508","29","24396411"
"JH378106","49368825","49369081","chr16","23133571","23133812","44","26235254"
"JH378106","49394706","49395001","chrX","104601258","104601549","36","55206552"
"JH378106","49529286","49529572","chr25","51030152","51030441","40","1500866"
"JH378106","49655000","49655130","chr1","97802296","97802426","14","48147296"
"JH378106","49689461","49689760","chr24","65527838","65528136","40","15838377"
"JH378106","49704643","49704747","chr9","51073130","51073242","26","1368487"
"JH378106","49704749","49704912","chr8","134258549","134258711","24","84553800"
"JH378106","49730313","49730561","chr21","61152043","61152312","56","11421730"
"JH378106","49744471","49744780","chr8","1760359","1760667","30","47984112"
"JH378106","49760426","49760733","chr2","25122492","25122796","37","24637934"
"JH378106","49815182","49815481","chrX","23977849","23978143","34","25837333"
"JH378106","49982783","49983072","chr5","20366749","20367033","43","29616034"
"JH378106","50055707","50056000","chr1","10803268","10803561","37","39252439"
"JH378106","50342409","50342725","chr5","2273487","2273788","37","48068922"
"JH378106","50347215","50347322","chr6","1067449","1067558","11","49279766"
"JH378106","50380378","50380670","chr6","29168940","29169240","34","21211438"
"JH378106","50389063","50389145","chr15","90232343","90232421","14","39843280"
"JH378106","50392780","50393097","chr5","2324242","2324550","43","48068538"
"JH378106","50426403","50426540","chr9","59130238","59130387","27","8703835"
"JH378106","50522032","50522326","chr12","52675776","52676069","43","2153744"
"JH378106","50545326","50545421","chr22","82220107","82220203","9","31674781"
"JH378106","50562832","50563098","chr20","116428512","116428772","41","65865680"
"JH378106","50606796","50606886","chr3","65349691","65349782","11","14742895"
"JH378106","50611860","50612158","chr11","117737181","117737478","27","67125321"
"JH378106","50679560","50679869","chr2","65511339","65511645","39","14831779"
"JH378106","50683851","50684133","chr5","21193983","21194260","36","29489868"
"JH378106","50725498","50725757","chr22","88832832","88833087","46","38107334"
"JH378106","50769230","50769523","chr11","46816354","46816653","45","3952876"
"JH378106","50784186","50784276","chr19","7758593","7758681","9","43025593"
"JH378106","50835707","50836015","chr24","68895333","68895641","37","18059626"
"JH378106","50856212","50856472","chr4","89003238","89003495","47","38147026"
"JH378106","51027614","51027923","chr2","34891557","34891863","36","16136057"
"JH378106","51063963","51064263","chr5","2273487","2273788","33","48790476"
"JH378106","51075586","51075899","chr2","85264724","85265026","39","34189138"
"JH378106","51244786","51244943","chr21","50746620","50746779","22","498166"
"JH378106","51245328","51245386","chr1","104514801","104514865","14","53269473"
"JH378106","51356970","51357260","chr18","72052984","72053276","34","20696014"
"JH378106","51362723","51362871","chrUn_KE147649v1","9029","9176","15","51353694"
"JH378106","51470094","51470399","chr17","36743623","36743924","37","14726471"
"JH378106","51515348","51515663","chr6","10625136","10625443","53","40890212"
"JH378106","51578176","51578469","chr12","10064948","10065242","28","41513228"
"JH378106","51766983","51767268","chr2","65957747","65958034","40","14190764"
"JH378106","51785640","51785947","chr2","58045145","58045453","33","6259505"
"JH378106","51842626","51842924","chr9","120647454","120647750","37","68804828"
"JH378106","51844955","51845266","chr13","55480293","55480602","45","3635338"
"JH378106","51891994","51892130","chr26","6591504","6591639","13","45300490"
"JH378106","51927922","51928238","chr11","115525233","115525542","36","63597311"
"JH378106","51966556","51966856","chr15","48893872","48894165","38","3072684"
"JH378106","51999625","51999743","chr9","113030266","113030377","28","61030641"
"JH378106","52042718","52043021","chr12","13047845","13048153","47","38994873"
"JH378106","52044605","52044912","chr5","2324242","2324550","32","49720363"
"JH378106","52210606","52210711","chr12","39370512","39370618","14","12840094"
"JH378106","52219372","52219679","chr9","45852177","45852483","45","6367195"
"JH378106","52226367","52226468","chrX","2017984","2018087","12","50208383"
"JH378106","52257961","52258255","chr2","5168180","5168471","40","47089781"
"JH378106","52275014","52275307","chr7","39206995","39207286","38","13068019"
"JH378106","52320198","52320495","chr20","51588447","51588742","47","731751"
"JH378106","52327153","52327261","chr6","1067449","1067558","12","51259704"
"JH378106","52503774","52503846","chr13","63031813","63031889","11","10528039"
"JH378106","52509476","52509587","chr6","1067449","1067558","11","51442027"
"JH378106","52607732","52608021","chr16","54927155","54927443","46","2319423"
"JH378106","52681241","52681352","chr21","41830697","41830813","21","10850544"
"JH378106","52683293","52683577","chrX","117291137","117291418","38","64607844"
"JH378106","52782964","52783252","chr20","8158676","8158965","41","44624288"
"JH378106","52841151","52841225","chr13","63031813","63031889","8","10190662"
"JH378106","52862944","52863246","chr13","54881753","54882053","46","2018809"
"JH378106","52864719","52865023","chr12","10064948","10065242","32","42799771"
"JH378106","52873510","52873626","chr20","115102100","115102215","10","62228590"
"JH378106","52874806","52874947","chr23","56978905","56979044","14","4104099"
"JH378106","52881110","52881415","chr24","77151054","77151355","42","24269944"
"JH378106","52894018","52894310","chr12","10064948","10065242","42","42829070"
"JH378106","52910199","52910461","chr21","125309394","125309672","55","72399195"
"JH378106","52930873","52931177","chr19","11766129","11766433","41","41164744"
"JH378106","52951565","52951881","chr11","111871509","111871825","61","58919944"
"JH378106","53000935","53001221","chr18","43891559","43891849","40","9109376"
"JH378106","53032542","53032840","chr11","117737181","117737478","35","64704639"
"JH378106","53046801","53046967","chr11","95752322","95752481","44","42705521"
"JH378106","53048992","53049297","chr1","19002101","19002396","46","34046891"
"JH378106","53093377","53093506","chr26","22510592","22510729","21","30582785"
"JH378106","53116250","53116566","chr1","102143184","102143506","38","49026934"
"JH378106","53116971","53117058","chr16","4405728","4405812","9","48711243"
"JH378106","53159945","53160253","chr12","74217361","74217667","44","21057416"
"JH378106","53193266","53193538","chrX","13548339","13548610","38","39644927"
"JH378106","53202733","53203039","chr20","38826409","38826710","39","14376324"
"JH378106","53203472","53203769","chr2","35931939","35932239","47","17271533"
"JH378106","53207151","53207223","chr13","63031813","63031889","7","9824662"
"JH378106","53242640","53242824","chr11","29582135","29582322","31","23660505"
"JH378106","53349470","53349768","chr16","4139491","4139787","31","49209979"
"JH378106","53441291","53441594","chr14","44038439","44038738","36","9402852"
"JH378106","53490761","53491018","chr9","31823888","31824144","34","21666873"
"JH378106","53554674","53554929","chr11","44436513","44436764","30","9118161"
"JH378106","53600014","53600301","chr5","1720771","1721058","42","51879243"
"JH378106","53611153","53611239","chr6","2242595","2242681","13","51368558"
"JH378106","53611639","53611947","chr14","40253871","40254177","38","13357768"
"JH378106","53673171","53673465","chr26","23072554","23072847","48","30600617"
"JH378106","53699777","53699865","chr26","46418099","46418189","23","7281678"
"JH378106","53700123","53700306","chr16","23137037","23137212","32","30563086"
"JH378106","53717667","53717739","chr13","63031813","63031889","9","9314146"
"JH378106","53740629","53740706","chr13","63031813","63031889","8","9291184"
"JH378106","53909154","53909431","chr3","5645732","5646008","46","48263422"
"JH378106","53936007","53936322","chr20","23968980","23969282","49","29967027"
"JH378106","53986418","53986720","chr11","127481198","127481493","43","73494780"
"JH378106","53995338","53995566","chr16","6238673","6238883","47","47756665"
"JH378106","54003304","54003531","chr20","109416530","109416751","32","55413226"
"JH378106","54192135","54192441","chr2","74744689","74744996","56","20552554"
"JH378106","54353502","54353581","chr16","3308866","3308945","8","51044636"
"JH378106","54374997","54375296","chr24","1147887","1148184","37","53227110"
"JH378106","54440442","54440561","chr6","44144914","44145033","11","10295528"
"JH378106","54476673","54476976","chr20","105941906","105942211","46","51465233"
"JH378106","54535847","54536227","chr1","114379739","114380108","79","59843892"
"JH378106","54575683","54575982","chr2","14954130","14954422","43","39621553"
"JH378106","54584501","54584757","chr11","44436513","44436764","50","10147988"
"JH378106","54693556","54693864","chr20","46933799","46934103","48","7759757"
"JH378106","54694397","54694708","chr26","38024857","38025165","40","16669540"
"JH378106","54726015","54726267","chr9","92500633","92500888","37","37774618"
"JH378106","54823141","54823445","chr14","35994131","35994432","41","18829010"
"JH378106","54840372","54840663","chr2","34541558","34541838","39","20298814"
"JH378106","54842381","54842685","chr8","40351555","40351858","49","14490826"
"JH378106","54921286","54921571","chr1","80884068","80884343","40","25962782"
"JH378106","54973213","54973489","chr21","111443534","111443810","49","56470321"
"JH378106","55096858","55097156","chr2","15063446","15063745","42","40033412"
"JH378106","55158413","55158694","chr21","100817101","100817381","33","45658688"
"JH378106","55180947","55181072","chr9","58173292","58173413","17","2992345"
"JH378106","55201459","55201739","chr9","39095858","39096151","59","16105601"
"JH378106","55499886","55500000","chr24","81527278","81527388","27","26027392"
"JH378106","55500002","55500122","chrX","49059100","49059226","29","6440902"
"JH378106","55526838","55527136","chr1","108565860","108566161","32","53039022"
"JH378106","55655607","55655921","chr5","2273487","2273788","43","53382120"
"JH378106","55657012","55657280","chr12","18835626","18835904","44","36821386"
"JH378106","55696624","55696827","chr23","65926626","65926824","39","10230002"
"JH378106","55906755","55907048","chr11","40006393","40006682","44","15900362"
"JH378106","56116702","56117007","chr20","101506461","101506755","46","45389759"
"JH378106","56151930","56152208","chr3","1469978","1470251","50","54681952"
"JH378106","56231167","56231383","chr13","7317370","7317589","26","48913797"
"JH378106","56245633","56245904","chr10","93256104","93256376","43","37010471"
"JH378106","56323164","56323252","chr16","4405728","4405812","11","51917436"
"JH378106","56329956","56330211","chr19","21060924","21061180","37","35269032"
"JH378106","56349091","56349398","chr8","84962180","84962487","38","28613089"
"JH378106","56367907","56368219","chrX","62513903","62514213","30","6145996"
"JH378106","56384891","56385198","chr16","30398852","30399159","28","25986039"
"JH378106","56413092","56413402","chr3","27466416","27466725","43","28946676"
"JH378106","56422974","56423262","chr20","12510060","12510355","41","43912914"
"JH378106","56426139","56426444","chr17","35258575","35258878","39","21167564"
"JH378106","56475931","56476240","chr11","125798758","125799061","32","69322827"
"JH378106","56476242","56476536","chr1","33922850","33923136","47","22553392"
"JH378106","56644132","56644441","chr14","22799686","22799991","38","33844446"
"JH378106","56732669","56732940","chr5","20366749","20367033","42","36365920"
"JH378106","56815642","56815761","chr25","78291219","78291335","13","21475577"
"JH378106","56916870","56917145","chrX","61008485","61008763","40","4091615"
"JH378106","56928054","56928351","chr10","36597919","36598206","34","20330135"
"JH378106","56949777","56949867","chr3","65349691","65349782","11","8399914"
"JH378106","57097280","57097563","chr3","89507258","89507533","42","32409978"
"JH378106","57166466","57166761","chr16","47237674","47237971","47","9928792"
"JH378106","57382070","57382373","chr26","16008721","16009029","35","41373349"
"JH378106","57478664","57478977","chr5","2273487","2273788","37","55205177"
"JH378106","57480371","57480605","chrX","104545437","104545671","28","47065066"
"JH378106","57482650","57482779","chr16","4500752","4500881","14","52981898"
"JH378106","57505859","57506164","chr5","2273487","2273788","36","55232372"
"JH378106","57540211","57540522","chr1","108565860","108566161","41","51025649"
"JH378106","57540738","57541046","chr12","74217361","74217667","45","16676623"
"JH378106","57578596","57578675","chr19","23494523","23494608","18","34084073"
"JH378106","57613202","57613506","chr5","2273487","2273788","30","55339715"
"JH378106","57614997","57615304","chr15","4774522","4774830","40","52840475"
"JH378106","57652820","57652934","chr20","115102100","115102215","11","57449280"
"JH378106","57686340","57686639","chr12","10064948","10065242","30","47621392"
"JH378106","57716443","57716755","chr1","65504304","65504612","33","7787861"
"JH378106","57747143","57747428","chr9","87675035","87675319","38","29927892"
"JH378106","57827715","57828018","chr24","32741171","32741475","44","25086544"
"JH378106","57832964","57833257","chrX","95460911","95461200","35","37627947"
"JH378106","57880956","57881240","chr12","104595406","104595692","35","46714450"
"JH378106","57891818","57892136","chr24","68895333","68895641","39","11003515"
"JH378106","57921660","57921942","chr12","18835626","18835904","38","39086034"
"JH378106","57960186","57960476","chr12","10064948","10065242","28","47895238"
"JH378106","57982372","57982497","chr1","97802296","97802426","20","39819924"
"JH378106","58010106","58010412","chr2","56143790","56144095","43","1866316"
"JH378106","58113794","58114096","chr11","120207458","120207761","27","62093664"
"JH378106","58155663","58155840","chr19","13766360","13766532","21","44389303"
"JH378106","58158799","58159107","chrX","125978862","125979170","39","67820063"
"JH378106","58197933","58198235","chr9","13973543","13973840","34","44224390"
"JH378106","58207022","58207330","chr29","8289755","8290055","39","49917267"
"JH378106","58273547","58273858","chr20","113550217","113550515","46","55276670"
"JH378106","58325132","58325419","chr28","13556614","13556903","40","44768518"
"JH378106","58374887","58375193","chr16","66960790","66961092","35","8585903"
"JH378106","58397004","58397310","chr24","68895333","68895641","40","10498329"
"JH378106","58398348","58398485","chr6","7501396","7501533","13","50896952"
"JH378106","58419500","58419574","chr10","95538249","95538325","9","37118749"
"JH378106","58503354","58503430","chr13","63031813","63031889","6","4528459"
"JH378106","58593973","58594106","chr16","13694176","13694300","28","44899797"
"JH378106","58601374","58601678","chr6","5143118","5143416","40","53458256"
"JH378106","58608745","58608923","chr11","124921379","124921559","27","66312634"
"JH378106","58608930","58609229","chr15","86928795","86929095","41","28319865"
"JH378106","58671470","58671776","chr9","103899907","103900209","40","45228437"
"JH378106","58685813","58686101","chr20","48692641","48692936","47","9993172"
"JH378106","58712698","58712991","chr12","10064948","10065242","35","48647750"
"JH378106","58713938","58714229","chr9","61065672","61065962","36","2351734"
"JH378106","58725561","58725859","chr9","71188923","71189219","29","12463362"
"JH378106","58731148","58731453","chr5","2273487","2273788","26","56457661"
"JH378106","58747012","58747321","chr1","65504304","65504612","29","6757292"
"JH378106","58755758","58755846","chr19","7758593","7758681","11","50997165"
"JH378106","58757154","58757233","chr16","3308866","3308945","7","55448288"
"JH378106","58832217","58832520","chr5","2273487","2273788","30","56558730"
"JH378106","58914982","58915061","chr5","67880800","67880883","8","8965818"
"JH378106","58942938","58943239","chr12","10064948","10065242","33","48877990"
"JH378106","58961327","58961626","chr12","10064948","10065242","25","48896379"
"JH378106","58976983","58977065","chr5","67880800","67880883","12","8903817"
"JH378106","58977611","58977808","chrX","46578018","46578222","38","12399593"
"JH378106","58981059","58981357","chr2","28360564","28360853","48","30620495"
"JH378106","59000742","59000961","chr9","21639574","21639785","33","37361168"
"JH378106","59024249","59024334","chr14","82610477","82610563","10","23586228"
"JH378106","59026852","59027156","chr10","57819140","57819444","31","1207712"
"JH378106","59071601","59071878","chr6","2852604","2852883","40","56218997"
"JH378106","59074915","59075011","chr22","82220107","82220203","10","23145192"
"JH378106","59078722","59078811","chr19","7758593","7758681","10","51320129"
"JH378106","59081191","59081320","chr27","32448797","32448927","9","26632394"
"JH378106","59081323","59081620","chr12","10064948","10065242","24","49016375"
"JH378106","59094609","59094758","chr16","21687282","21687429","16","37407327"
"JH378106","59097574","59097722","chr9","59130238","59130387","17","32664"
"JH378106","59100729","59100818","chr19","7758593","7758681","9","51342136"
"JH378106","59106443","59106745","chr12","10064948","10065242","32","49041495"
"JH378106","59133760","59134077","chr4","47248139","47248451","41","11885621"
"JH378106","59144368","59144680","chr1","65504304","65504612","36","6359936"
"JH378106","59161875","59162090","chr9","21639574","21639785","30","37522301"
"JH378106","59209779","59210068","chr16","69486776","69487069","44","10276997"
"JH378106","59222433","59222719","chr8","94667632","94667918","42","35445199"
"JH378106","59222831","59223135","chr12","10064948","10065242","29","49157883"
"JH378106","59232996","59233286","chr6","38437831","38438120","34","20795165"
"JH378106","59276964","59277252","chr5","1720771","1721058","44","57556193"
"JH378106","59281589","59281851","chr8","27036059","27036321","52","32245530"
"JH378106","59285362","59285609","chr9","81142136","81142376","39","21856774"
"JH378106","59299441","59299685","chr11","119259842","119260088","29","59960401"
"JH378106","59375381","59375464","chr5","67880800","67880883","7","8505419"
"JH378106","59399992","59400299","chr12","74217361","74217667","33","14817369"
"JH378106","59404638","59404932","chr24","44498613","44498908","47","14906025"
"JH378106","59415920","59416222","chr15","86758708","86759003","31","27342788"
"JH378106","59491603","59491898","chr12","10064948","10065242","32","49426655"
"JH378106","59519619","59519748","chr1","97802296","97802426","11","38282677"
"JH378106","59536124","59536381","chr20","123718654","123718910","31","64182530"
"JH378106","59552850","59553157","chr6","5143118","5143416","38","54409732"
"JH378106","59554381","59554648","chr25","82379602","82379865","41","22825221"
"JH378106","59578750","59578849","chr1","39939684","39939788","13","19639066"
"JH378106","59592008","59592317","chr6","15953108","15953417","34","43638900"
"JH378106","59593732","59594036","chr11","115525233","115525542","36","55931501"
"JH378106","59596977","59597277","chr12","10064948","10065242","32","49532029"
"JH378106","59597725","59598011","chr1","31818411","31818697","36","27779314"
"JH378106","59607515","59607804","chr22","50629443","50629736","37","8978072"
"JH378106","59608576","59608653","chr14","81623906","81623982","8","22015330"
"JH378106","59620546","59620831","chr5","20366749","20367033","39","39253797"
"JH378106","59622348","59622632","chr16","18383575","18383864","39","41238773"
"JH378106","59624505","59624803","chr5","2273487","2273788","39","57351018"
"JH378106","59626252","59626401","chr9","59130238","59130387","12","496014"
"JH378106","59653578","59653882","chr16","68064668","68064974","39","8411090"
"JH378106","59657724","59657885","chr9","85564984","85565140","25","25907260"
"JH378106","59669971","59670061","chr19","7758593","7758681","9","51911378"
"JH378106","59672815","59672910","chr6","5216779","5216886","19","54456036"
"JH378106","59678518","59678803","chrX","15732035","15732323","37","43946483"
"JH378106","59687177","59687383","chr27","1935336","1935553","50","57751841"
"JH378106","59688238","59688330","chr16","16463904","16464000","16","43224334"
"JH378106","59694712","59694988","chr12","26827271","26827548","35","32867441"
"JH378106","59699717","59699835","chr20","115102100","115102215","13","55402383"
"JH378106","59734847","59734929","chr12","7441397","7441481","8","52293450"
"JH378106","59738529","59738623","chr22","82220107","82220203","7","22481578"
"JH378106","59752456","59752586","chr11","106843296","106843425","13","47090840"
"JH378106","59756269","59756558","chr15","50409986","50410276","51","9346283"
"JH378106","59769013","59769129","chr20","115102100","115102215","10","55333087"
"JH378106","59781928","59782248","chr20","122541228","122541520","58","62759300"
"JH378106","59782538","59782849","chr28","13557476","13557782","40","46225062"
"JH378106","59793953","59794258","chr16","7515507","7515811","34","52278446"
"JH378106","59820642","59820935","chr11","60172405","60172698","28","351763"
"JH378106","59822082","59822389","chr12","10064948","10065242","35","49757134"
"JH378106","59848279","59848574","chr20","12369295","12369590","37","47478984"
"JH378106","59865401","59865710","chr10","56962901","56963211","37","2902500"
"JH378106","59868202","59868315","chr6","1067449","1067558","11","58800753"
"JH378106","59885369","59885685","chr11","115525233","115525542","39","55639864"
"JH378106","59901544","59901852","chr1","65504304","65504612","34","5602760"
"JH378106","59907249","59907353","chr1","39939684","39939788","8","19967565"
"JH378106","59912241","59912325","chr5","67880800","67880883","7","7968559"
"JH378106","59919441","59919733","chr25","57252016","57252312","38","2667425"
"JH378106","59941785","59941843","chr1","104514801","104514865","15","44573016"
"JH378106","59942392","59942655","chr4","67341451","67341711","40","7399059"
"JH378106","59968869","59968959","chr22","82220107","82220203","10","22251238"
"JH378106","60036338","60036628","chr12","6781553","6781865","123","53254785"
"JH378106","60090580","60090882","chrX","23977849","23978143","40","36112731"
"JH378106","60108783","60109084","chr23","35045928","35046223","42","25062855"
"JH378106","60128393","60128697","chr16","66960790","66961092","33","6832397"
"JH378106","60163917","60164215","chr12","18922571","18922865","35","41241346"
"JH378106","60186989","60187297","chr23","41434219","41434517","36","18752770"
"JH378106","60228615","60228928","chr6","16598509","16598818","33","43630106"
"JH378106","60335876","60336113","chr16","25738562","25738782","52","34597314"
"JH378106","60338384","60338668","chr24","29119932","29120221","38","31218452"
"JH378106","60358804","60359082","chr21","107752220","107752506","41","47393416"
"JH378106","60362330","60362621","chr4","30926814","30927112","39","29435516"
"JH378106","60374459","60374748","chr14","80284365","80284655","35","19909906"
"JH378106","60379268","60379553","chr16","18511407","18511683","65","41867861"
"JH378106","60389379","60389669","chr12","10064948","10065242","35","50324431"
"JH378106","60393284","60393565","chr10","81788933","81789221","42","21395649"
"JH378106","60406317","60406618","chr12","10064948","10065242","25","50341369"
"JH378106","60410395","60410615","chr25","9469970","9470189","39","50940425"
"JH378106","60411563","60411781","chr2","41986599","41986802","29","18424964"
"JH378106","60429850","60430128","chr4","58986195","58986478","40","1443655"
"JH378106","60433688","60434000","chrX","28194989","28195297","39","32238699"
"JH378106","60443125","60443213","chrX","124732633","124732721","13","64289508"
"JH378106","60445759","60446050","chr7","115787008","115787298","46","55341249"
"JH378106","60470395","60470471","chr13","63031813","63031889","8","2561418"
"JH378106","60483773","60484072","chr29","10722547","10722839","34","49761226"
"JH378106","60487151","60487453","chr12","73484608","73484904","41","12997457"
"JH378106","60547151","60547455","chr5","2273487","2273788","34","58273664"
"JH378106","60577177","60577483","chr26","18977354","18977652","31","41599823"
"JH378106","60579953","60580247","chr7","70741606","70741891","39","10161653"
"JH378106","60607968","60608058","chr19","7758593","7758681","10","52849375"
"JH378106","60622915","60623205","chr12","18820776","18821076","46","41802139"
"JH378106","60698830","60699145","chr6","16598509","16598818","35","44100321"
"JH378106","60702448","60702668","chr10","51762293","51762512","42","8940155"
"JH378106","60762471","60762710","chr16","19345558","19345771","45","41416913"
"JH378106","60767846","60768138","chr23","40570123","40570417","41","20197723"
"JH378106","60773004","60773310","chr5","2273487","2273788","27","58499517"
"JH378106","60848449","60848739","chr8","52344592","52344885","34","8503857"
"JH378106","60853666","60853988","chr6","16598509","16598818","43","44255157"
"JH378106","60861848","60862125","chr23","49903103","49903380","34","10958745"
"JH378106","60877193","60877490","chr22","47793370","47793666","37","13083823"
"JH378106","60883117","60883415","chr12","10064948","10065242","28","50818169"
"JH378106","60898463","60898774","chr1","65504304","65504612","33","4605841"
"JH378106","60946192","60946481","chr1","62770679","62770970","34","1824487"
"JH378106","60982655","60982795","chr9","86109665","86109806","15","25127010"
"JH378106","61060929","61061235","chr12","40352484","40352792","38","20708445"
"JH378106","61088829","61089121","chr2","34541558","34541838","50","26547271"
"JH378106","61129049","61129341","chr8","125046904","125047196","35","63917855"
"JH378106","61141542","61141665","chr1","8688937","8689061","14","52452605"
"JH378106","61142388","61142671","chr17","37762440","37762723","53","23379948"
"JH378106","61180130","61180438","chr24","48882719","48883016","41","12297411"
"JH378106","61195837","61196162","chr7","12288332","12288635","59","48907505"
"JH378106","61221107","61221412","chr11","1963972","1964269","41","59257135"
"JH378106","61225312","61225611","chrX","23977849","23978143","34","37247463"
"JH378106","61232719","61233021","chr16","54373356","54373655","33","6859363"
"JH378106","61251220","61251522","chr19","13613108","13613413","41","47638112"
"JH378106","61271348","61271605","chr3","27543319","27543573","40","33728029"
"JH378106","61274017","61274231","chr7","98446578","98446794","34","37172561"
"JH378106","61282018","61282305","chr11","16140631","16140920","43","45141387"
"JH378106","61311668","61311974","chr1","93361306","93361613","43","32049638"
"JH378106","61312493","61312804","chrX","84956070","84956370","54","23643577"
"JH378106","61334066","61334393","chr8","126772280","126772584","59","65438214"
"JH378106","61362200","61362514","chr11","115525233","115525542","35","54163033"
"JH378106","61385135","61385393","chr9","86179627","86179895","47","24794492"
"JH378106","61413430","61413726","chr20","109038872","109039168","36","47625442"
"JH378106","61427279","61427567","chr13","65577132","65577425","38","4149853"
"JH378106","61524454","61524752","chr12","10064948","10065242","23","51459506"
"JH378106","61534432","61534725","chr12","10064948","10065242","37","51469484"
"JH378106","61561414","61561706","chr12","10064948","10065242","32","51496466"
"JH378106","61568005","61568242","chr1","94073946","94074182","40","32505941"
"JH378106","61593026","61593323","chr14","38813996","38814293","42","22779030"
"JH378106","61600741","61601004","chr27","18765383","18765650","43","42835358"
"JH378106","61602444","61602739","chr14","37615851","37616147","28","23986593"
"JH378106","61604176","61604484","chrX","125302543","125302844","35","63698367"
"JH378106","61615361","61615488","chr11","106843296","106843425","17","45227935"
"JH378106","61627545","61627638","chr22","82220107","82220203","9","20592562"
"JH378106","61630341","61630636","chr12","10064948","10065242","31","51565393"
"JH378106","61646775","61646900","chr1","8688937","8689061","13","52957838"
"JH378106","61650098","61650387","chr12","14821307","14821598","47","46828791"
"JH378106","61653705","61653977","chr21","125118620","125118898","40","63464915"
"JH378106","61659160","61659289","chr3","91348390","91348521","12","29689230"
"JH378106","61659980","61660288","chr26","9936991","9937289","49","51722989"
"JH378106","61665835","61666049","chr6","17024084","17024303","39","44641751"
"JH378106","61671108","61671231","chr15","90834689","90834810","12","29163581"
"JH378106","61674815","61675121","chr11","117737181","117737478","38","56062366"
"JH378106","61695758","61695878","chr15","90834689","90834810","8","29138931"
"JH378106","61699673","61699934","chr9","92500633","92500888","33","30800960"
"JH378106","61727800","61727908","chr12","53065987","53066095","11","8661813"
"JH378106","61739200","61739500","chr28","8251803","8252103","40","53487397"
"JH378106","61827050","61827344","chr12","10064948","10065242","27","51762102"
"JH378106","61892957","61893262","chr5","27918350","27918656","35","33974607"
"JH378106","61925812","61926128","chr9","34816974","34817291","51","27108838"
"JH378106","61938036","61938335","chr8","95885898","95886192","43","33947862"
"JH378106","61954303","61954439","chr26","6591504","6591639","16","55362799"
"JH378106","61957758","61957898","chr11","51685544","51685686","14","10272214"
"JH378106","61960502","61960574","chr13","63031813","63031889","10","1071311"
"JH378106","61974069","61974371","chr1","108565860","108566161","33","46591791"
"JH378106","61974729","61974804","chr13","63031813","63031889","5","1057084"
"JH378106","62029218","62029525","chr5","2273487","2273788","31","59755731"
"JH378106","62030801","62030909","chr1","62097932","62098038","13","67131"
"JH378106","62038337","62038467","chr23","82201349","82201479","17","20163012"
"JH378106","62050024","62050309","chrX","29936084","29936366","33","32113940"
"JH378106","62055765","62055930","chr20","123229741","123229907","26","61173976"
"JH378106","62082714","62083009","chr13","65577132","65577425","34","3494418"
"JH378106","62098150","62098451","chr12","10064948","10065242","31","52033202"
"JH378106","62133473","62133769","chr12","10064948","10065242","24","52068525"
"JH378106","62138073","62138349","chr13","33769077","33769360","47","28368996"
"JH378106","62180444","62180579","chr26","6591504","6591639","12","55588940"
"JH378106","62181368","62181654","chr3","3973222","3973508","42","58208146"
"JH378106","62198580","62198720","chr9","86109665","86109806","14","23911085"
"JH378106","62213694","62213784","chr3","65349691","65349782","10","3135997"
"JH378106","62218873","62218998","chr15","90834689","90834810","12","28615816"
"JH378106","62233441","62233741","chr12","10064948","10065242","43","52168493"
"JH378106","62240789","62241099","chr1","93361306","93361613","60","31120517"
"JH378106","62302665","62302787","chr15","90834689","90834810","12","28532024"
"JH378106","62314293","62314591","chr12","10064948","10065242","33","52249345"
"JH378106","62372879","62373184","chr6","16598509","16598818","34","45774370"
"JH378106","62382677","62382962","chr29","23708330","23708618","36","38674347"
"JH378106","62450482","62450774","chr17","32995247","32995540","37","29455235"
"JH378106","62507830","62508134","chr12","10064948","10065242","29","52442882"
"JH378106","62526200","62526491","chr5","59378793","59379083","34","3147407"
"JH378106","62578059","62578364","chr8","84962180","84962487","38","22384121"
"JH378106","62730732","62731047","chr20","107972036","107972343","39","45241304"
"JH378106","62775667","62775788","chr15","90834689","90834810","10","28059022"
"JH378106","62823218","62823442","chr20","92882451","92882681","27","30059233"
"JH378106","62877695","62878003","chr12","74217361","74217667","35","11339666"
"JH378106","62909933","62910230","chr12","10064948","10065242","26","52844985"
"JH378106","62925616","62925723","chr1","62097932","62098038","13","827684"
"JH378106","62958778","62959070","chr9","112377154","112377443","32","49418376"
"JH378106","62963989","62964283","chr2","57283040","57283331","34","5680949"
"JH378106","62965309","62965607","chr21","74368618","74368909","39","11403309"
"JH378106","62977310","62977601","chr14","83371933","83372231","40","20394623"
"JH378106","62987429","62987725","chr18","53646284","53646585","57","9341145"
"JH378106","62998806","62999103","chr1","65504304","65504612","41","2505498"
"JH378106","63002272","63002553","chr2","42753591","42753868","42","20248681"
"JH378106","63018304","63018575","chr7","119123451","119123716","57","56105147"
"JH378106","63019962","63020118","chr9","59130238","59130387","31","3889724"
"JH378106","63029393","63029691","chr16","53213011","53213300","47","9816382"
"JH378106","63029979","63030288","chr2","34891557","34891863","38","28138422"
"JH378106","63056649","63056770","chr15","90834689","90834810","8","27778040"
"JH378106","63077544","63077838","chr26","23072554","23072847","32","40004990"
"JH378106","63113898","63114201","chr14","83371933","83372231","37","20258035"
"JH378106","63121980","63122064","chr16","4405728","4405812","5","58716252"
"JH378106","63126922","63127215","chr18","72052984","72053276","34","8926062"
"JH378106","63138201","63138489","chr11","89383370","89383667","39","26245169"
"JH378106","63146387","63146681","chr1","47766353","47766648","28","15380034"
"JH378106","63159953","63160243","chr2","85085680","85085970","30","21925727"
"JH378106","63184892","63185199","chr21","74419316","74419612","37","11234424"
"JH378106","63209204","63209491","chr24","52251014","52251304","45","10958190"
"JH378106","63229080","63229389","chr4","71100937","71101237","38","7871857"
"JH378106","63229529","63229656","chr1","8688937","8689061","12","54540592"
"JH378106","63241132","63241268","chr26","6591504","6591639","13","56649628"
"JH378106","63255342","63255638","chrX","115847772","115848064","32","52592430"
"JH378106","63258242","63258556","chr1","65504304","65504612","37","2246062"
"JH378106","63308279","63308592","chr9","85823742","85824047","42","22515463"
"JH378106","63359017","63359092","chr13","63031813","63031889","7","327204"
"JH378106","63404080","63404374","chr16","15159609","15159898","39","48244471"
"JH378106","63424885","63425177","chr8","20434231","20434523","34","42990654"
"JH378106","63451267","63451597","chr6","15953108","15953417","54","47498159"
"JH378106","63465250","63465519","chr2","90183349","90183641","53","26718099"
"JH378106","63496160","63496419","chr2","38469015","38469263","42","25027145"
"JH378106","63509502","63509805","chr5","2273487","2273788","33","61236015"
"JH378106","63511717","63511917","chr13","12227176","12227375","29","51284541"
"JH378106","63547839","63548098","chr9","17868657","17868921","37","45679182"
"JH378106","63572704","63572970","chr17","71095479","71095744","35","7522775"
"JH378106","63595957","63596260","chr3","10188258","10188557","41","53407699"
"JH378106","63596680","63596810","chr19","12162955","12163085","15","51433725"
"JH378106","63600262","63600545","chr11","7026513","7026795","54","56573749"
"JH378106","63620948","63621195","chr13","68161433","68161684","43","4540485"
"JH378106","63632161","63632247","chrX_KE148108v1_random","2164794","2164877","21","61467367"
"JH378106","63635990","63636289","chr7","19605160","19605458","39","44030830"
"JH378106","63639445","63639732","chr9","26807010","26807295","37","36832435"
"JH378106","63653993","63654292","chr29","8289755","8290055","32","55364238"
"JH378106","63681058","63681335","chr21","98632427","98632705","42","34951369"
"JH378106","63721637","63721941","chr12","10064948","10065242","27","53656689"
"JH378106","63750858","63751161","chr1","65504304","65504612","44","1753446"
"JH378106","63751206","63751507","chr9","55359531","55359839","44","8391675"
"JH378106","63753755","63754056","chr12","42496121","42496421","38","21257634"
"JH378106","63762980","63763272","chr15","5747412","5747699","46","58015568"
"JH378106","63797302","63797449","chr17","47733511","47733658","14","16063791"
"JH378106","63909476","63909747","chr22","91959188","91959456","35","28049712"
"JH378106","63964500","63964747","chr1","93562580","93562822","34","29598080"
"JH378106","64191175","64191309","chr26","6591504","6591639","12","57599671"
"JH378106","64286519","64286815","chr5","18957272","18957569","31","45329247"
"JH378106","64299371","64299643","chr10","117587529","117587810","57","53288158"
"JH378106","64312810","64313102","chr14","83371933","83372231","49","19059123"
"JH378106","64349481","64349772","chr5","53255334","53255620","40","11094147"
"JH378106","64382517","64382793","chrX","126393011","126393284","39","62010494"
"JH378106","64389941","64389992","chr22","16771172","16771219","7","47618769"
"JH378106","64390027","64390320","chr14","41748186","41748475","36","22641841"
"JH378106","64419194","64419502","chr23","78958611","78958915","34","14539417"
"JH378106","64486545","64486844","chr29","8289755","8290055","31","56196790"
"JH378106","64492717","64493019","chr11","120207458","120207761","31","55714741"
"JH378106","64522746","64522891","chr11","95753406","95753542","15","31230660"
"JH378106","64539690","64539820","chr3","91348390","91348521","14","26808700"
"JH378106","64574303","64574607","chr29","8289755","8290055","33","56284548"
"JH378106","64575367","64575665","chr1","18554019","18554319","40","46021348"
"JH378106","64592517","64592813","chr14","37615851","37616147","31","26976666"
"JH378106","64603475","64603779","chr22","47793370","47793666","42","16810105"
"JH378106","64606478","64606779","chr12","10064948","10065242","29","54541530"
"JH378106","64635616","64635712","chr22","82220107","82220203","9","17584491"
"JH378106","64644906","64644982","chr13","63031813","63031889","9","1613093"
"JH378106","64658044","64658342","chr10","60755280","60755585","51","3902764"
"JH378106","64824419","64824717","chr12","42810804","42811100","39","22013615"
"JH378106","64995801","64996105","chr11","108802921","108803224","36","43807120"
"JH378106","65001048","65001341","chr12","88464534","88464821","40","23463486"
"JH378106","65005612","65005913","chr1","33958409","33958712","42","31047203"
"JH378106","65006777","65007038","chr21","56145194","56145454","34","8861583"
"JH378106","65024344","65024633","chr20","51671715","51672004","42","13352629"
"JH378106","65070243","65070536","chr3","77036872","77037165","28","11966629"
"JH378106","65072301","65072604","chr23","41434219","41434517","40","23638082"
"JH378106","65092774","65093074","chr12","10064948","10065242","30","55027826"
"JH378106","65094377","65094515","chr11","95753406","95753542","19","30659029"
"JH378106","65128294","65128591","chr12","10064948","10065242","39","55063346"
"JH378106","65145275","65145583","chr20","85624325","85624630","47","20479050"
"JH378106","65148831","65149120","chr25","53413042","53413331","43","11735789"
"JH378106","65356371","65356679","chr16","30398852","30399159","32","34957519"
"JH378106","65368840","65369138","chr18","62480022","62480312","42","2888818"
"JH378106","65369448","65369742","chr12","10064948","10065242","26","55304500"
"JH378106","65414712","65415016","chr12","10064948","10065242","33","55349764"
"JH378106","65457758","65458053","chr29","12355751","12356042","37","53102007"
"JH378106","65458308","65458404","chr22","82220107","82220203","6","16761799"
"JH378106","65468048","65468360","chr9","56811131","56811438","37","8656917"
"JH378106","65478538","65478839","chr25","5256755","5257049","32","60221783"
"JH378106","65590768","65591049","chr9","90465987","90466268","40","24875219"
"JH378106","65593240","65593560","chr16","14358940","14359244","56","51234300"
"JH378106","65626762","65627061","chr22","5789574","5789867","37","59837188"
"JH378106","65676054","65676208","chr22","66760031","66760178","28","1083977"
"JH378106","65719965","65720274","chr11","115525233","115525542","31","49805268"
"JH378106","65741005","65741308","chrX","105513142","105513439","39","39772137"
"JH378106","65767898","65768203","chr1","46712446","46712753","40","19055452"
"JH378106","65935845","65936129","chr17","36278420","36278681","48","29657425"
"JH378106","65951644","65951943","chr20","40940162","40940460","40","25011482"
"JH378106","65971221","65971536","chr7","119273691","119273998","46","53302470"
"JH378106","65976935","65977198","chr29","10878757","10879017","36","55098178"
"JH378106","65991870","65992164","chr9","39095858","39096151","40","26896012"
"JH378106","66011540","66011820","chr16","31788140","31788419","33","34223400"
"JH378106","66037885","66038172","chr20","111128795","111129075","38","45090910"
"JH378106","66052397","66052704","chr5","2273487","2273788","33","63778910"
"JH378106","66059593","66059682","chr19","7758593","7758681","11","58301000"
"JH378106","66092850","66093043","chr12","104574975","104575178","45","38482125"
"JH378106","66111366","66111680","chr11","115525233","115525542","36","49413867"
"JH378106","66134148","66134241","chr22","82220107","82220203","7","16085959"
"JH378106","66145955","66146269","chr21","25123896","25124189","55","41022059"
"JH378106","66203905","66204094","chr11","96721458","96721661","34","30517553"
"JH378106","66204453","66204531","chr25","80275829","80275903","13","14071376"
"JH378106","66379265","66379538","chr24","73585240","73585507","35","7205975"
"JH378106","66384350","66384638","chr20","104630107","104630400","26","38245757"
"JH378106","66387164","66387447","chr9","25030769","25031053","41","41356395"
"JH378106","66582835","66583000","chr27","8342111","8342276","25","58240724"
"JH378106","66803992","66804295","chr9","63398508","63398810","42","3405484"
"JH378106","66805065","66805194","chr27","32448797","32448927","13","34356268"
"JH378106","66883614","66883862","chr10","88865481","88865727","35","21981867"
"JH378106","66888361","66888526","chr11","32608275","32608436","23","34280086"
"JH378106","66930041","66930355","chr1","65504304","65504612","38","1425737"
"JH378106","67070536","67070825","chr20","121618255","121618545","29","54547719"
"JH378106","67071719","67071795","chr13","63031813","63031889","8","4039906"
"JH378106","67097149","67097384","chr5","17972207","17972425","56","49124942"
"JH378106","67164514","67164818","chr2","55900648","55900952","49","11263866"
"JH378106","67185549","67185798","chr16","58425585","58425837","49","8759964"
"JH378106","67259413","67259722","chr23","45284082","45284386","37","21975331"
"JH378106","67279851","67280146","chr2","35933723","35934028","39","31346128"
"JH378106","67317398","67317688","chr6","19815995","19816283","40","47501403"
"JH378106","67441585","67441729","chr8","56146921","56147068","18","11294664"
"JH378106","67441833","67441993","chr4","88563874","88564027","28","21122041"
"JH378106","67498793","67498915","chr15","90834689","90834810","8","23335896"
"JH378106","67518687","67518968","chr17","31244746","31245027","39","36273941"
"JH378106","67523301","67523547","chrX","56071415","56071659","33","11451886"
"JH378106","67564087","67564162","chr13","63031813","63031889","7","4532274"
"JH378106","67575287","67575469","chr16","23780412","23780597","28","43794875"
"JH378106","67582779","67583088","chr12","74217361","74217667","32","6634582"
"JH378106","67616309","67616602","chr12","10064948","10065242","26","57551361"
"JH378106","67636020","67636316","chr12","10064948","10065242","26","57571072"
"JH378106","67636796","67637103","chr17","56537353","56537660","41","11099443"
"JH378106","67646566","67646690","chr15","90834689","90834810","13","23188123"
"JH378106","67654173","67654484","chr1","65504304","65504612","33","2149869"
"JH378106","67752986","67753298","chr11","115525233","115525542","32","47772247"
"JH378106","67803387","67803648","chr16","65208467","65208738","41","2594920"
"JH378106","67815833","67816106","chr23","25972738","25973023","45","41843095"
"JH378106","67818316","67818621","chr11","115525233","115525542","43","47706917"
"JH378106","67861776","67862075","chr10","118597337","118597632","44","50735561"
"JH378106","67927263","67927563","chr18","71629517","71629808","44","3702254"
"JH378106","67935535","67935831","chr12","6781553","6781865","77","61153982"
"JH378106","67940387","67940696","chr3","10033243","10033549","37","57907144"
"JH378106","67951611","67951915","chr22","18232920","18233227","41","49718691"
"JH378106","68020535","68020842","chr11","54528058","54528364","40","13492477"
"JH378106","68033803","68034098","chr16","48421590","48421886","36","19612213"
"JH378106","68046404","68046711","chr1","2138825","2139131","42","65907579"
"JH378106","68054714","68054997","chr11","52728921","52729205","34","15325793"
"JH378106","68120038","68120333","chr15","86758708","86759003","36","18638670"
"JH378106","68125782","68125906","chr10","55427325","55427446","16","12698457"
"JH378106","68128552","68128867","chr22","34065717","34066029","51","34062835"
"JH378106","68143418","68143721","chr17","35258575","35258878","36","32884843"
"JH378106","68147401","68147700","chr16","4400493","4400795","36","63746908"
"JH378106","68149712","68150008","chr1","108565860","108566161","46","40416148"
"JH378106","68191026","68191313","chr12","88109150","88109426","57","19918124"
"JH378106","68228385","68228692","chr19","10628119","10628425","32","57600266"
"JH378106","68234196","68234223","chr4","82834877","82834904","8","14600681"
"JH378106","68234244","68234373","chr15","69428245","69428375","32","1194001"
"JH378106","68268065","68268359","chrUn_KE147587v1","1367","1658","36","68266698"
"JH378106","68306922","68307218","chr7","24845846","24846142","46","43461076"
"JH378106","68311296","68311399","chrX","2017984","2018087","7","66293312"
"JH378106","68318688","68318965","chr20","105051171","105051455","49","36732483"
"JH378106","68421490","68421778","chr21","107752220","107752506","33","39330730"
"JH378106","68489876","68490178","chr15","86758708","86759003","52","18268832"
"JH378106","68517733","68518021","chr16","71030167","71030460","38","2512434"
"JH378106","68521407","68521717","chr21","98330604","98330913","50","29809197"
"JH378106","68524088","68524377","chr7","106084853","106085147","42","37560765"
"JH378106","68527337","68527640","chr20","46933799","46934103","35","21593538"
"JH378106","68531146","68531442","chr17","41932814","41933121","39","26598332"
"JH378106","68568469","68568735","chr5","34103098","34103364","37","34465371"
"JH378106","68594617","68594909","chr12","10064948","10065242","28","58529669"
"JH378106","68629974","68630280","chr1","92441279","92441586","33","23811305"
"JH378106","68657042","68657345","chrX","61008485","61008763","62","7648557"
"JH378106","68662830","68663088","chr15","66191136","66191389","35","2471694"
"JH378106","68680642","68680719","chr10","95538249","95538325","8","26857607"
"JH378106","68681236","68681320","chr16","4405728","4405812","7","64275508"
"JH378106","68696833","68697142","chr17","50662690","50662993","36","18034143"
"JH378106","68703681","68703970","chr12","6781553","6781865","115","61922128"
"JH378106","68737535","68737736","chr2","41986599","41986802","26","26750936"
"JH378106","68744161","68744476","chr5","27918350","27918656","35","40825811"
"JH378106","68766513","68766638","chr11","104248796","104248920","13","35482283"
"JH378106","68806009","68806310","chr12","10064948","10065242","32","58741061"
"JH378106","68814281","68814580","chr5","2273487","2273788","30","66540794"
"JH378106","68886398","68886474","chr10","109797655","109797738","15","40911257"
"JH378106","68965557","68965840","chr15","5747412","5747699","41","63218145"
"JH378106","68973988","68974290","chr12","10064948","10065242","31","58909040"
"JH378106","68994728","68995030","chr4","34972989","34973291","38","34021739"
"JH378106","69019181","69019271","chr3","65349691","65349782","12","3669490"
"JH378106","69022756","69022831","chr13","63031813","63031889","6","5990943"
"JH378106","69024751","69024846","chr19","23494523","23494608","18","45530228"
"JH378106","69025615","69025853","chr4","36151312","36151541","38","32874303"
"JH378106","69095454","69095543","chr20","119761262","119761350","10","50665808"
"JH378106","69096489","69096565","chr13","63031813","63031889","8","6064676"
"JH378106","69135231","69135318","chr16","4405728","4405812","10","64729503"
"JH378106","69162930","69163060","chr3","91348390","91348521","12","22185460"
"JH378106","69251535","69251825","chr1","12453278","12453560","40","56798257"
"JH378106","69295519","69295666","chr9","59130238","59130387","17","10165281"
"JH378106","69328376","69328590","chr25","73647297","73647508","31","4318921"
"JH378106","69386821","69387124","chr26","17944990","17945291","42","51441831"
"JH378106","69393960","69394145","chr16","9387055","9387231","33","60006905"
"JH378106","69394525","69394610","chr16","4405728","4405812","7","64988797"
"JH378106","69407189","69407500","chr16","64430366","64430669","46","4976823"
"JH378106","69417969","69418260","chr21","125118620","125118898","42","55700651"
"JH378106","69448267","69448548","chr21","35798011","35798296","54","33650256"
"JH378106","69467028","69467320","chr26","23072554","23072847","31","46394474"
"JH378106","69479728","69480036","chr5","57912411","57912720","35","11567317"
"JH378106","69492098","69492406","chrX","28194989","28195297","37","41297109"
"JH378106","69526943","69527222","chr27","46741693","46741970","35","22785250"
"JH378106","69541219","69541523","chr2","80145635","80145937","37","10604416"
"JH378106","69658873","69658947","chr13","63031813","63031889","11","6627060"
"JH378106","69688709","69689015","chr26","9300679","9300984","42","60388030"
"JH378106","69709264","69709394","chr20","20852752","20852882","11","48856512"
"JH378106","69735000","69735158","chr13","50294389","50294543","23","19440611"
"JH378106","69740394","69740498","chr1","39939684","39939788","8","29800710"
"JH378106","69744719","69745023","chr12","10064948","10065242","33","59679771"
"JH378106","69756774","69757096","chr22","34364166","34364488","45","35392608"
"JH378106","69808737","69808939","chr17","1077383","1077588","29","68731354"
"JH378106","69813879","69814181","chr11","668771","669076","50","69145108"
"JH378106","69831251","69831398","chr17","47733511","47733658","18","22097740"
"JH378106","69837048","69837120","chr13","63031813","63031889","9","6805235"
"JH378106","69837221","69837303","chr5","67880800","67880883","7","1956421"
"JH378106","69868345","69868568","chr22","6719548","6719763","29","63148797"
"JH378106","69869911","69870214","chr19","10459494","10459800","43","59410417"
"JH378106","69894418","69894721","chr9","39095858","39096151","37","30798560"
"JH378106","69909320","69909618","chr12","10064948","10065242","34","59844372"
"JH378106","69921733","69921809","chr13","63031813","63031889","6","6889920"
"JH378106","69922335","69922624","chr16","17016732","17017024","32","52905603"
"JH378106","69943863","69944091","chr4","36151312","36151541","38","33792551"
"JH378106","69983480","69983625","chr8","6220418","6220561","20","63763062"
"JH378106","70001554","70001856","chr3","1424957","1425259","39","68576597"
"JH378106","70011510","70011808","chr21","22838763","22839060","34","47172747"
"JH378106","70031868","70032153","chr9","25030769","25031053","45","45001099"
"JH378106","70058736","70058840","chrX","2017984","2018087","10","68040752"
"JH378106","70084736","70085089","chr12","49907171","49907495","76","20177565"
"JH378106","70092101","70092387","chr1","47766353","47766648","39","22325748"
"JH378106","70124754","70125065","chr20","46933799","46934103","35","23190955"
"JH378106","70152037","70152342","chr5","2273487","2273788","33","67878550"
"JH378106","70174812","70175118","chr25","77313930","77314228","37","7139118"
"JH378106","70188153","70188459","chr19","9467262","9467569","44","60720891"
"JH378106","70268656","70268955","chrX","23977849","23978143","29","46290807"
"JH378106","70298166","70298460","chr8","1916519","1916819","37","68381647"
"JH378106","70315382","70315666","chr1","121610285","121610574","37","51294903"
"JH378106","70360942","70361231","chr2","5168180","5168471","38","65192762"
"JH378106","70362299","70362609","chr5","27918350","27918656","31","42443949"
"JH378106","70385799","70386078","chr25","14438271","14438549","38","55947528"
"JH378106","70410837","70410973","chr14","63670638","63670776","22","6740199"
"JH378106","70419442","70419711","chr1","63057759","63058034","39","7361683"
"JH378106","70440502","70440649","chr24","12006231","12006380","18","58434271"
"JH378106","70441005","70441157","chr1","116153598","116153752","26","45712593"
"JH378106","70486618","70486928","chr16","7515507","7515811","40","62971111"
"JH378106","70524214","70524523","chr20","107972036","107972343","40","37447822"
"JH378106","70596449","70596743","chr16","10875666","10875959","40","59720783"
"JH378106","70608387","70608684","chr20_KE148049v1_random","535731","536028","42","70072656"
"JH378106","70609705","70609995","chr12","10064948","10065242","35","60544757"
"JH378106","70612456","70612765","chr15","82186660","82186963","48","11574204"
"JH378106","70613631","70613777","chr10","2023320","2023469","25","68590311"
"JH378106","70614136","70614277","chr3","90669571","90669712","12","20055435"
"JH378106","70619823","70620131","chr15","86758708","86759003","49","16138885"
"JH378106","70668352","70668649","chr12","10064948","10065242","35","60603404"
"JH378106","70673680","70673759","chr5","67880800","67880883","9","2792880"
"JH378106","70688912","70689000","chr19","7758593","7758681","9","62930319"
"JH378106","70705403","70705709","chr2","34891557","34891863","34","35813846"
"JH378106","70741416","70741719","chr12","10064948","10065242","29","60676468"
"JH378106","70745606","70745887","chr23","63398344","63398624","39","7347262"
"JH378106","70802039","70802324","chr14","70441301","70441579","47","360738"
"JH378106","70811991","70812284","chr4","35988129","35988423","40","34823862"
"JH378106","70816287","70816580","chr12","10064948","10065242","30","60751339"
"JH378106","70836467","70836687","chr10","111379050","111379269","30","40542583"
"JH378106","70842087","70842161","chr13","63031813","63031889","10","7810274"
"JH378106","70853107","70853395","chr5","42662951","42663235","31","28190156"
"JH378106","70856060","70856202","chr18","27283722","27283868","27","43572338"
"JH378106","70886939","70887116","chr7","30766435","30766612","22","40120504"
"JH378106","70894615","70894923","chr26","38024857","38025165","29","32869758"
"JH378106","70895632","70895870","chr16","56478278","56478518","32","14417354"
"JH378106","70913486","70913590","chr1","39939684","39939788","9","30973802"
"JH378106","70949640","70949948","chr2","34891557","34891863","40","36058083"
"JH378106","70961850","70962105","chrX","43757721","43757978","37","27204129"
"JH378106","70963644","70963928","chrX","104601258","104601549","42","33637614"
"JH378106","70977400","70977651","chr4","89127811","89128065","33","18150411"
"JH378106","70987718","70987873","chr5","75015928","75016086","25","4028210"
"JH378106","70997640","70997924","chr15","86758708","86759003","41","15761068"
"JH378106","71053779","71054075","chr5","2273487","2273788","37","68780292"
"JH378106","71098796","71098907","chr4","33533383","33533496","21","37565413"
"JH378106","71118613","71118717","chrX_KE148108v1_random","4900425","4900526","17","66218188"
"JH378106","71133543","71133792","chr20","20049923","20050167","48","51083620"
"JH378106","71222315","71222618","chr5","2273487","2273788","32","68948828"
"JH378106","71231483","71231762","chr12","102038153","102038431","52","30806670"
"JH378107","2883511","2883760","chr4","35832302","35832548","40","32948791"
"JH378107","59297","59618","chr3","20237905","20238212","47","20178608"
"JH378107","89986","90085","chr14","42989086","42989186","11","42899100"
"JH378107","116526","116672","chr29","3983516","3983668","19","3866990"
"JH378107","171883","172173","chr20","23803939","23804231","34","23632056"
"JH378107","186661","186933","chr4","13341175","13341445","41","13154514"
"JH378107","200941","201223","chr1","54471485","54471761","45","54270544"
"JH378107","387919","388228","chr1","65504304","65504612","29","65116385"
"JH378107","450665","450971","chr6","30836295","30836597","39","30385630"
"JH378107","452630","452901","chr16","26067530","26067803","43","25614900"
"JH378107","471639","471940","chr2","35933723","35934028","41","35462084"
"JH378107","475992","476279","chr18","58296276","58296560","36","57820284"
"JH378107","485565","485874","chr17","28137789","28138092","38","27652224"
"JH378107","525781","526084","chr17","35258575","35258878","43","34732794"
"JH378107","560756","561048","chr14","83371933","83372231","41","82811177"
"JH378107","574782","574912","chr1","97802296","97802426","13","97227514"
"JH378107","580956","581249","chr15","86758708","86759003","38","86177752"
"JH378107","581411","581720","chr27","46746352","46746657","39","46164941"
"JH378107","582810","582934","chr15","90834689","90834810","13","90251879"
"JH378107","608251","608539","chr10","127495198","127495486","34","126886947"
"JH378107","641938","642247","chr20","41083983","41084274","54","40442045"
"JH378107","658817","659021","chr7","87436857","87437045","40","86778040"
"JH378107","671320","671589","chrX","50224688","50224957","43","49553368"
"JH378107","674963","675053","chr3","65349691","65349782","12","64674728"
"JH378107","679860","679947","chr16","4405728","4405812","7","3725868"
"JH378107","691921","691977","chr13","50294323","50294383","11","49602402"
"JH378107","698467","698766","chr2","85725803","85726102","37","85027336"
"JH378107","699360","699672","chr9","85823742","85824047","43","85124382"
"JH378107","705236","705496","chr8","41144891","41145148","33","40439655"
"JH378107","719403","719705","chr12","10064948","10065242","29","9345545"
"JH378107","723290","723374","chr1","39939684","39939788","24","39216394"
"JH378107","726467","726710","chr26","18788769","18789007","38","18062302"
"JH378107","758900","759098","chr27","1726697","1726898","54","967797"
"JH378107","792176","792476","chr20","40940162","40940460","36","40147986"
"JH378107","797148","797436","chr21","74368618","74368909","38","73571470"
"JH378107","836980","837283","chr8","66644262","66644564","31","65807282"
"JH378107","848721","849036","chr3","20237905","20238212","45","19389184"
"JH378107","868731","868931","chr6","8384876","8385077","22","7516145"
"JH378107","878085","878389","chr5","2273487","2273788","35","1395402"
"JH378107","884361","884666","chr12","10064948","10065242","31","9180587"
"JH378107","896413","896536","chrX","22570455","22570575","19","21674042"
"JH378107","908702","908979","chr20","121847799","121848075","38","120939097"
"JH378107","965263","965578","chr1","65504304","65504612","36","64539041"
"JH378107","971498","971803","chrX","125302543","125302844","34","124331045"
"JH378107","974721","975025","chrX","125302543","125302844","35","124327822"
"JH378107","996069","996224","chr1","105262714","105262876","31","104266645"
"JH378107","1027227","1027522","chr10","111637485","111637783","31","110610258"
"JH378107","1047357","1047638","chr25","75337182","75337464","37","74289825"
"JH378107","1108331","1108427","chr22","82220107","82220203","9","81111776"
"JH378107","1138526","1138829","chr13","65577132","65577425","43","64438606"
"JH378107","1166158","1166271","chr11","128539002","128539115","9","127372844"
"JH378107","1185377","1185689","chr8","91434027","91434331","41","90248650"
"JH378107","1199087","1199296","chr22","58750746","58750957","33","57551659"
"JH378107","1229021","1229129","chr12","53065987","53066095","10","51836966"
"JH378107","1264545","1264845","chr10","93544662","93544960","38","92280117"
"JH378107","1282877","1283145","chr22","7571525","7571790","38","6288648"
"JH378107","1292245","1292508","chrX","50208947","50209208","36","48916702"
"JH378107","1305894","1306187","chr12","42810804","42811100","39","41504910"
"JH378107","1309793","1310096","chr5","2273487","2273788","29","963694"
"JH378107","1342788","1343115","chr10","75286845","75287146","50","73944057"
"JH378107","1351181","1351478","chrX","23977849","23978143","29","22626668"
"JH378107","1388627","1388920","chr16","53397850","53398143","37","52009223"
"JH378107","1415655","1415948","chr1","10803268","10803561","38","9387613"
"JH378107","1510114","1510193","chr16","3308866","3308945","9","1798752"
"JH378107","1522606","1522705","chr22","82220107","82220203","12","80697501"
"JH378107","1530801","1531112","chr2","58045145","58045453","32","56514344"
"JH378107","1619035","1619311","chr20","75127208","75127485","35","73508173"
"JH378107","1641061","1641335","chr22","37637582","37637856","36","35996521"
"JH378107","1664164","1664474","chr29","21613557","21613871","127","19949393"
"JH378107","1666689","1666992","chr20","12923354","12923654","38","11256665"
"JH378107","1670094","1670390","chr12","10064948","10065242","23","8394854"
"JH378107","1703333","1703641","chr14","22799686","22799991","29","21096353"
"JH378107","1719228","1719531","chr5","2273487","2273788","33","554259"
"JH378107","1817378","1817541","chr27","11685310","11685466","24","9867932"
"JH378107","1833610","1833902","chr11","99829082","99829372","46","97995472"
"JH378107","1839661","1839940","chr3","82509225","82509507","34","80669564"
"JH378107","1853003","1853302","chrX","125302543","125302844","51","123449540"
"JH378107","1907977","1908263","chr4","16657129","16657419","39","14749152"
"JH378107","1945080","1945390","chr6","29168940","29169240","37","27223860"
"JH378107","1950008","1950319","chr26","9300679","9300984","37","7350671"
"JH378107","1980184","1980468","chr21","97980668","97980956","44","96000484"
"JH378107","2181501","2181758","chr2","28528551","28528816","41","26347050"
"JH378107","2214960","2215264","chr20","93545480","93545771","44","91330520"
"JH378107","2267053","2267316","chr24","27023895","27024155","41","24756842"
"JH378107","2278580","2278888","chr26","52776076","52776384","37","50497496"
"JH378107","2281429","2281514","chr16","4405728","4405812","7","2124299"
"JH378107","2290548","2290801","chr9","92500633","92500888","32","90210085"
"JH378107","2324656","2324959","chr1","108565860","108566161","43","106241204"
"JH378107","2363382","2363648","chr13","90277401","90277674","42","87914019"
"JH378107","2390651","2390958","chr20","19825871","19826167","44","17435220"
"JH378107","2468105","2468413","chr26","38024857","38025165","33","35556752"
"JH378107","2511861","2512166","chr11","114846906","114847210","41","112335045"
"JH378107","2574977","2575275","chr12","10064948","10065242","33","7489971"
"JH378107","2628817","2629139","chr2","21278006","21278325","49","18649189"
"JH378107","2633052","2633357","chr5","2273487","2273788","36","359565"
"JH378107","2636732","2637053","chr21","126773609","126773919","49","124136877"
"JH378107","2660090","2660375","chr5","55713931","55714212","41","53053841"
"JH378107","2736967","2737237","chr1","48310359","48310627","48","45573392"
"JH378107","2783344","2783637","chr1","10803268","10803561","43","8019924"
"JH378107","2784870","2785128","chr5","1545752","1546005","49","1239118"
"JH378107","2891994","2892100","chr6","1067449","1067558","12","1824545"
"JH378107","2912194","2912476","chr7","132373500","132373784","36","129461306"
"JH378107","2920615","2920913","chr11","117737181","117737478","31","114816566"
"JH378107","2930046","2930325","chr2","7120315","7120593","40","4190269"
"JH378107","2932966","2933061","chr22","82220107","82220203","9","79287141"
"JH378107","2963885","2964001","chr14","29302671","29302789","26","26338786"
"JH378107","2991466","2991774","chr1","63705945","63706249","34","60714479"
"JH378107","3013413","3013704","chr22","50629443","50629736","48","47616030"
"JH378107","3020897","3021198","chr5","2273487","2273788","29","747410"
"JH378107","3022522","3022823","chr1","18554019","18554319","45","15531497"
"JH378107","3153683","3153972","chr20","121618255","121618545","42","118464572"
"JH378107","3241065","3241365","chr2","49104477","49104770","50","45863412"
"JH378107","3283800","3284079","chrX","86312241","86312522","37","83028441"
"JH378107","3328779","3329069","chr28","2825551","2825833","47","503228"
"JH378107","3364444","3364737","chr6","19815995","19816283","38","16451551"
"JH378107","3396412","3396732","chr15","76857404","76857733","43","73460992"
"JH378107","3499215","3499522","chr1","10959790","10960093","41","7460575"
"JH378107","3569728","3570025","chr18","35878777","35879068","34","32309049"
"JH378107","3585681","3586016","chr3","37955466","37955795","49","34369785"
"JH378107","3801859","3802150","chr9","90943231","90943523","41","87141372"
"JH378107","3856540","3856848","chr1","115641705","115642012","36","111785165"
"JH378107","3878774","3879088","chr11","66008567","66008871","49","62129793"
"JH378107","3921413","3921718","chr16","55157456","55157764","41","51236043"
"JH378107","3937989","3938270","chr28","2825551","2825833","48","1112438"
"JH378107","4006184","4006330","chr24","41019747","41019893","17","37013563"
"JH378107","4046322","4046635","chr26","38024857","38025165","29","33978535"
"JH378107","4152388","4152704","chr15","91197825","91198133","41","87045437"
"JH378107","4172400","4172714","chr2","35933723","35934028","34","31761323"
"JH378107","4361104","4361395","chr21","74368618","74368909","35","70007514"
"JH378107","4368896","4369206","chr27","25506578","25506885","44","21137682"
"JH378107","4400565","4400850","chr21","35798011","35798296","35","31397446"
"JH378107","4414405","4414513","chr1","62097932","62098038","12","57683527"
"JH378107","4436088","4436375","chr8","134989821","134990115","43","130553733"
"JH378107","4468286","4468429","chr9","86109665","86109806","17","81641379"
"JH378107","4484665","4484957","chr14","33324028","33324320","45","28839363"
"JH378107","4487754","4487971","chr6","17024084","17024303","26","12536330"
"JH378107","4500390","4500601","chr2","41986599","41986802","29","37486209"
"JH378107","4504901","4505186","chr29","12355751","12356042","41","7850850"
"JH378107","4544361","4544673","chr1","68219231","68219530","53","63674870"
"JH378107","4552542","4552800","chr10","118182665","118182918","33","113630123"
"JH378107","4557259","4557408","chr24","12006231","12006380","20","7448972"
"JH378107","4564055","4564351","chr12","10064948","10065242","27","5500893"
"JH378107","4566890","4567169","chr6","40582273","40582553","30","36015383"
"JH378107","4577551","4577624","chrY","449824","449897","10","4127727"
"JH378107","4596782","4597009","chr14","45072316","45072556","50","40475534"
"JH378107","4600176","4600438","chr9","92500633","92500888","36","87900457"
"JH378107","4603367","4603672","chr24","70146905","70147203","33","65543538"
"JH378107","4605829","4606130","chrX","6760221","6760522","33","2154392"
"JH378107","4623899","4624195","chr12","10064948","10065242","36","5441049"
"JH378107","4629482","4629791","chr11","115525233","115525542","40","110895751"
"JH378107","4635072","4635365","chr8","52344592","52344885","33","47709520"
"JH378107","4638501","4638795","chr8","52344592","52344885","30","47706091"
"JH378107","4681673","4681970","chr12","10064948","10065242","30","5383275"
"JH378107","4704849","4705140","chr9","90943231","90943523","30","86238382"
"JH378107","4732697","4733015","chr16","33931179","33931485","43","29198482"
"JH378107","4767370","4767660","chr12","58820917","58821209","40","54053547"
"JH378107","4770354","4770658","chr23","40811725","40812019","41","36041371"
"JH378107","4827033","4827342","chr2","34891557","34891863","32","30064524"
"JH378107","4842912","4843184","chr23","72119497","72119773","45","67276585"
"JH378107","4929860","4930154","chr21","43613374","43613673","38","38683514"
"JH378107","4947303","4947604","chr1","103050659","103050957","41","98103356"
"JH378107","4972654","4972970","chr12","106807603","106807904","48","101834949"
"JH378107","5038527","5038772","chr16","10013512","10013752","34","4974985"
"JH378107","5050286","5050569","chr7","100037094","100037378","39","94986808"
"JH378107","5051662","5051939","chr13","21308021","21308290","41","16256359"
"JH378107","5110581","5110833","chr16","65341402","65341647","32","60230821"
"JH378107","5118999","5119306","chr8","18530878","18531178","44","13411879"
"JH378107","5139963","5140188","chr6","1954290","1954517","33","3185673"
"JH378107","5150978","5151267","chr12","10064948","10065242","31","4913970"
"JH378107","5196305","5196579","chr6","16102856","16103121","48","10906551"
"JH378107","5224048","5224367","chrX","62513903","62514213","41","57289855"
"JH378107","5235784","5235905","chr8","117395089","117395200","25","112159305"
"JH378107","5266337","5266649","chr2","35933723","35934028","42","30667386"
"JH378107","5286206","5286519","chr11","53220620","53220917","60","47934414"
"JH378107","5306229","5306506","chr16","30637924","30638212","44","25331695"
"JH378107","5309118","5309406","chr25","5524017","5524300","36","214899"
"JH378107","5363669","5363754","chr16","4405728","4405812","7","957941"
"JH378107","5409651","5409954","chr23","37096225","37096531","38","31686574"
"JH378107","5474840","5475144","chr29","8289755","8290055","40","2814915"
"JH378107","5478936","5479013","chr13","63031813","63031889","7","57552877"
"JH378107","5483880","5484186","chr8","52344592","52344885","49","46860712"
"JH378107","5497726","5498028","chr6","32590825","32591128","36","27093099"
"JH378107","5506403","5506691","chr11","16140631","16140920","50","10634228"
"JH378107","5516229","5516509","chr12","34078602","34078880","37","28562373"
"JH378107","5526215","5526425","chr9","21639574","21639785","41","16113359"
"JH378107","5547070","5547197","chrX","103218804","103218929","11","97671734"
"JH378107","5610473","5610768","chr19","1421502","1421792","43","4188971"
"JH378107","5659109","5659212","chrX","2017984","2018087","8","3641125"
"JH378107","5682185","5682507","chr24","32411214","32411567","116","26729029"
"JH378107","5725326","5725636","chr17","55932609","55932918","43","50207283"
"JH378107","5762880","5763189","chr16","44672648","44672947","46","38909768"
"JH378107","5806450","5806759","chr2","34891557","34891863","33","29085107"
"JH378107","5819755","5820041","chr24","14289375","14289667","42","8469620"
"JH378107","5828978","5829081","chrX","2017984","2018087","6","3810994"
"JH378107","5834828","5835103","chr9","68188524","68188799","44","62353696"
"JH378107","5843724","5844015","chr28","2826163","2826453","55","3017561"
"JH378107","5844392","5844708","chr20","89561089","89561394","38","83716697"
"JH378107","5853105","5853235","chr3","91348390","91348521","12","85495285"
"JH378107","5855385","5855687","chr6","37075091","37075389","32","31219706"
"JH378107","5877289","5877586","chr26","42771314","42771606","33","36894025"
"JH378107","5894948","5895250","chr18","60118008","60118306","43","54223060"
"JH378107","5925752","5926052","chr11","51624065","51624366","35","45698313"
"JH378107","5932377","5932654","chr12","10064948","10065242","41","4132571"
"JH378107","5937587","5937894","chr12","10064948","10065242","32","4127361"
"JH378107","5969344","5969484","chr11","95753406","95753542","16","89784062"
"JH378107","5973488","5973787","chr12","10064948","10065242","27","4091460"
"JH378107","5984333","5984633","chr8","89963957","89964248","33","83979624"
"JH378107","5990825","5991110","chr18","45420766","45421049","33","39429941"
"JH378107","5996781","5996910","chr11","106843296","106843425","13","100846515"
"JH378107","5998082","5998212","chr11","106843296","106843425","12","100845214"
"JH378107","6011209","6011498","chr20","96649193","96649480","32","90637984"
"JH378107","6018241","6018538","chr12","10064948","10065242","29","4046707"
"JH378107","6018542","6018672","chr3","91348390","91348521","8","85329848"
"JH378107","6024354","6024507","chr3","90669571","90669712","26","84645217"
"JH378107","6059615","6059830","chr25","73647297","73647508","26","67587682"
"JH378107","6064539","6064610","chr13","63031813","63031889","9","56967274"
"JH378107","6070241","6070530","chr12","10064948","10065242","30","3994707"
"JH378107","6083135","6083261","chr15","90834689","90834810","14","84751554"
"JH378107","6097633","6097762","chr1","8688937","8689061","12","2591304"
"JH378107","6119270","6119504","chr9","106743255","106743488","25","100623985"
"JH378107","6144855","6145143","chr10","90056980","90057260","44","83912125"
"JH378107","6153665","6153920","chr4","17756420","17756679","40","11602755"
"JH378107","6157716","6158011","chr1","103415790","103416081","37","97258074"
"JH378107","6159116","6159420","chr20","67956614","67956912","32","61797498"
"JH378107","6180061","6180140","chr13","63031813","63031889","9","56851752"
"JH378107","6191169","6191461","chr21","74368618","74368909","35","68177449"
"JH378107","6197328","6197615","chr17","47632997","47633278","43","41435669"
"JH378107","6207260","6207530","chr9","114015180","114015455","31","107807920"
"JH378107","6211946","6212138","chr11","117573457","117573649","25","111361511"
"JH378107","6235321","6235625","chr14","83570862","83571166","42","77335541"
"JH378107","6258890","6259199","chr12","10064948","10065242","34","3806058"
"JH378107","6271182","6271474","chr12","58820917","58821209","28","52549735"
"JH378107","6274093","6274369","chr16","31788140","31788419","40","25514047"
"JH378107","6280569","6280866","chrX","23977849","23978143","34","17697280"
"JH378107","6289853","6290140","chr8","15769237","15769531","51","9479384"
"JH378107","6293370","6293621","chr12","6573809","6574052","62","280439"
"JH378107","6294414","6294723","chr12","10064948","10065242","38","3770534"
"JH378107","6305205","6305345","chr3","90669571","90669712","14","84364366"
"JH378107","6323686","6323998","chr26","16008721","16009029","36","9685035"
"JH378107","6326427","6326724","chr12","10064948","10065242","30","3738521"
"JH378107","6346139","6346449","chr1","108565860","108566161","44","102219721"
"JH378107","6357647","6357954","chr5","2273487","2273788","32","4084160"
"JH378107","6358838","6358928","chr22","82220107","82220203","10","75861269"
"JH378107","6363335","6363639","chr26","18927734","18928036","34","12564399"
"JH378107","6365393","6365657","chr16","63471279","63471543","43","57105886"
"JH378107","6371836","6372114","chr4","53346939","53347217","35","46975103"
"JH378107","6399532","6399841","chr1","65504304","65504612","33","59104772"
"JH378107","6404765","6405068","chr29","8289755","8290055","42","1884990"
"JH378107","6406122","6406424","chr5","2273487","2273788","30","4132635"
"JH378107","6417664","6417969","chr11","51624065","51624366","33","45206401"
"JH378107","6445774","6446074","chr3","73862068","73862373","43","67416294"
"JH378107","6456446","6456717","chr19","1411739","1412015","45","5044707"
"JH378107","6458640","6458944","chr4","41297981","41298275","46","34839341"
"JH378107","6460661","6460955","chr18","24772318","24772613","37","18311657"
"JH378107","6465219","6465302","chr5","67880800","67880883","5","61415581"
"JH378107","6466829","6466908","chr20","86496231","86496314","10","80029402"
"JH378107","6474495","6474786","chr8","89963957","89964248","32","83489462"
"JH378107","6508172","6508282","chr6","1067449","1067558","12","5440723"
"JH378107","6509072","6509368","chr1","103415790","103416081","46","96906718"
"JH378107","6529767","6529994","chr12","47348391","47348610","30","40818624"
"JH378107","6548017","6548169","chr8","56146921","56147068","17","49598904"
"JH378107","6575476","6575659","chr11","106130585","106130765","19","99555109"
"JH378107","6584863","6585172","chr23","34591432","34591727","39","28006569"
"JH378107","6589055","6589339","chr21","68740816","68741105","37","62151761"
"JH378107","6605926","6606232","chr14","69985061","69985356","43","63379135"
"JH378107","6608619","6608890","chr26","38944787","38945056","49","32336168"
"JH378107","6615527","6615749","chr18","10390098","10390320","31","3774571"
"JH378107","6663369","6663678","chrX","14268019","14268317","46","7604650"
"JH378107","6668933","6669230","chr12","60432247","60432540","37","53763314"
"JH378107","6672532","6672847","chr16","26209578","26209873","125","19537046"
"JH378107","6720475","6720623","chr17","47733511","47733658","19","41013036"
"JH378107","6741156","6741239","chr5","67880800","67880883","7","61139644"
"JH378107","6774715","6774831","chr4","60395666","60395783","13","53620951"
"JH378107","6797785","6798083","chr22","47793370","47793666","30","40995585"
"JH378107","6806781","6807091","chr1","65504304","65504612","33","58697523"
"JH378107","6811304","6811609","chr12","91248203","91248508","30","84436899"
"JH378107","6874328","6874424","chr22","82220107","82220203","7","75345779"
"JH378107","6888995","6889237","chr16","58425585","58425837","39","51536590"
"JH378107","6915713","6916002","chr10","77130270","77130559","62","70214557"
"JH378107","6935897","6936181","chrX","449812","450099","37","6486085"
"JH378107","6936396","6936690","chr7","19605160","19605458","38","12668764"
"JH378107","6949020","6949107","chr16","4405728","4405812","8","2543292"
"JH378107","6949987","6950141","chr2","35445244","35445401","29","28495257"
"JH378107","6950431","6950462","chr23","57292004","57292037","9","50341573"
"JH378107","6954262","6954555","chr8","52344592","52344885","41","45390330"
"JH378107","7017733","7018021","chr23","41857795","41858086","37","34840062"
"JH378107","7019104","7019406","chr3","29967257","29967552","40","22948153"
"JH378107","7029212","7029502","chr14","41748186","41748475","32","34718974"
"JH378107","7037222","7037497","chr1","63057759","63058034","35","56020537"
"JH378107","7039823","7040111","chr26","45312145","45312438","43","38272322"
"JH378107","7058691","7058983","chr12","10064948","10065242","37","3006257"
"JH378107","7083128","7083223","chr22","82220107","82220203","6","75136979"
"JH378107","7112240","7112416","chr7","30766435","30766612","29","23654195"
"JH378107","7114657","7114957","chr10","109681392","109681687","37","102566735"
"JH378107","7154308","7154438","chr16","4500752","4500881","10","2653556"
"JH378107","7251459","7251767","chr3","22013697","22014006","40","14762238"
"JH378107","7271778","7272063","chr23","42847204","42847487","32","35575426"
"JH378107","7346631","7346935","chr5","2273487","2273788","35","5073144"
"JH378107","7355618","7355749","chr11","75221230","75221358","20","67865612"
"JH378107","7356874","7357021","chr9","59130238","59130387","17","51773364"
"JH378107","7380089","7380386","chr12","10064948","10065242","26","2684859"
"JH378107","7384213","7384512","chr23","41434219","41434517","34","34050006"
"JH378107","7399239","7399532","chr5","20366749","20367033","36","12967510"
"JH378107","7403855","7403938","chr5","67880800","67880883","7","60476945"
"JH378107","7412503","7412804","chr19","11539137","11539442","44","4126634"
"JH378107","7414747","7414979","chrX","112046945","112047179","25","104632198"
"JH378107","7430401","7430521","chr22","70066935","70067055","11","62636534"
"JH378107","7444292","7444595","chr12","10064948","10065242","33","2620656"
"JH378107","7456683","7456812","chr3","91348390","91348521","10","83891707"
"JH378107","7461134","7461448","chr9","21505206","21505505","45","14044072"
"JH378107","7467639","7467943","chr20","46933799","46934103","38","39466160"
"JH378107","7481994","7482297","chr5","2273487","2273788","25","5208507"
"JH378107","7497950","7498079","chr9","71632727","71632860","14","64134777"
"JH378107","7511910","7512203","chr12","10064948","10065242","31","2553038"
"JH378107","7550179","7550330","chrX","128612638","128612797","27","121062459"
"JH378107","7589038","7589257","chr22","35904405","35904609","65","28315367"
"JH378107","7589276","7589328","chr21","32336794","32336841","17","24747518"
"JH378107","7592647","7592723","chr13","63031813","63031889","8","55439166"
"JH378107","7597144","7597234","chr3","65349691","65349782","9","57752547"
"JH378107","7597591","7597889","chr13","81585158","81585455","33","73987567"
"JH378107","7600120","7600358","chr15","81131321","81131560","30","73531201"
"JH378107","7632976","7633265","chr13","65577132","65577425","31","57944156"
"JH378107","7669798","7670071","chr1","32180141","32180418","57","24510343"
"JH378107","7701133","7701432","chr21","66269520","66269815","40","58568387"
"JH378107","7856783","7857089","chr14","3307027","3307330","47","4549756"
"JH378107","7920677","7920977","chrX","913213","913513","32","7007464"
"JH378107","7968399","7968696","chr12","102135104","102135405","41","94166705"
"JH378107","7980084","7980394","chr2","25122492","25122796","31","17142408"
"JH378107","7991978","7992192","chr4","51756043","51756258","25","43764065"
"JH378107","7992294","7992571","chr15","55521355","55521620","74","47529061"
"JH378107","8026929","8027225","chr16","53397850","53398143","41","45370921"
"JH378107","8088676","8088784","chr12","53065987","53066095","12","44977311"
"JH378107","8149260","8149543","chr12","20281711","20282011","44","12132451"
"JH378107","8157115","8157411","chr18","9608405","9608702","38","1451290"
"JH378107","8183549","8183848","chr12","10064948","10065242","28","1881399"
"JH378107","8204902","8205030","chr20","67637645","67637774","13","59432743"
"JH378107","8257217","8257513","chr2","11314027","11314314","50","3056810"
"JH378107","8272499","8272810","chr23","44247755","44248062","38","35975256"
"JH378107","8286425","8286721","chr28","17258986","17259280","45","8972561"
"JH378107","8360426","8360562","chr11","122176225","122176359","27","113815799"
"JH378107","8360562","8360674","chr24","48537275","48537387","21","40176713"
"JH378107","8381048","8381355","chr11","120207458","120207761","33","111826410"
"JH378107","8389622","8389906","chr21","31428138","31428419","35","23038516"
"JH378107","8390788","8391015","chr6","2372111","2372337","26","6018677"
"JH378107","8411239","8411374","chr11","95753406","95753542","13","87342167"
"JH378107","8489944","8490236","chr9","21505206","21505505","62","13015262"
"JH378107","8550672","8550975","chr11","120207458","120207761","24","111656786"
"JH378107","8645456","8645714","chr26","32485027","32485291","38","23839571"
"JH378107","8659979","8660281","chr21","32338307","32338599","39","23678328"
"JH378107","8783577","8783862","chr13","65577132","65577425","44","56793555"
"JH378107","8792181","8792479","chr13","98083939","98084236","34","89291758"
"JH378107","8795621","8795727","chrX","89286738","89286848","19","80491117"
"JH378107","8831783","8832066","chr11","50444820","50445106","44","41613037"
"JH378107","8840364","8840672","chr12","94592202","94592508","39","85751838"
"JH378107","8840783","8841080","chr12","10064948","10065242","36","1224165"
"JH378107","8884461","8884770","chr8","40060771","40061076","33","31176310"
"JH378107","8999200","8999475","chr10","102632008","102632285","34","93632808"
"JH378107","9051393","9051696","chr5","12221637","12221934","34","3170244"
"JH378107","9106032","9106315","chr26","32869066","32869339","44","23763034"
"JH378107","9118953","9119249","chrX","23977849","23978143","38","14858896"
"JH378107","9160221","9160509","chrX","43388473","43388761","39","34228252"
"JH378107","9165647","9165953","chrX","38691784","38692092","33","29526137"
"JH378107","9199892","9200197","chr5","2273487","2273788","33","6926405"
"JH378107","9217761","9218059","chr11","117737181","117737478","30","108519420"
"JH378107","9283249","9283538","chrX","22171201","22171487","44","12887952"
"JH378107","9335191","9335489","chr2","18936818","18937115","42","9601627"
"JH378107","9344870","9345127","chr17","17514120","17514376","39","8169250"
"JH378107","9400081","9400392","chr11","77493952","77494259","56","68093871"
"JH378107","9404890","9405200","chr5","36774379","36774687","33","27369489"
"JH378107","9408488","9408764","chr18","57515738","57516021","43","48107250"
"JH378107","9414078","9414342","chr13","15986125","15986391","41","6572047"
"JH378107","9420540","9420757","chr25","73647297","73647508","29","64226757"
"JH378107","9428801","9429075","chr6","41127353","41127636","48","31698552"
"JH378107","9429084","9429378","chr26","12826886","12827179","37","3397802"
"JH378107","9444341","9444678","chr3","37955466","37955795","48","28511125"
"JH378107","9461187","9461479","chr23","35836286","35836573","40","26375099"
"JH378107","9472402","9472707","chr13","98083939","98084236","38","88611537"
"JH378107","9479205","9479530","chrX","110113644","110113974","50","100634439"
"JH378107","9521048","9521344","chr21","22838763","22839060","32","13317715"
"JH378107","9601719","9602025","chr12","102135104","102135405","40","92533385"
"JH378107","9761553","9761862","chr1","120119656","120119957","44","110358103"
"JH378107","9822844","9823141","chr10","85309131","85309424","35","75486287"
"JH378107","9838427","9838737","chr2","34891557","34891863","29","25053130"
"JH378107","9850677","9850817","chr3","90669571","90669712","14","80818894"
"JH378107","9931990","9932301","chr20","114354247","114354555","38","104422257"
"JH378107","9936324","9936613","chr12","14821307","14821598","44","4884983"
"JH378107","10086263","10086557","chr12","10064948","10065242","31","21315"
"JH378107","10119257","10119375","chrX","2017984","2018087","24","8101273"
"JH378107","10168167","10168426","chr1","83625954","83626213","34","73457787"
"JH378107","10214712","10214977","chr10","109081946","109082223","39","98867234"
"JH378107","10221524","10221613","chr19","7758593","7758681","12","2462931"
"JH378107","10225115","10225416","chr23","29805653","29805948","36","19580538"
"JH378107","10303110","10303413","chr20","81450094","81450393","53","71146984"
"JH378107","10389258","10389545","chr16","70230869","70231159","51","59841611"
"JH378107","10422091","10422399","chr12","103011241","103011542","44","92589150"
"JH378107","10424382","10424674","chr9","37163037","37163327","44","26738655"
"JH378107","10462908","10462984","chr13","63031813","63031889","7","52568905"
"JH378107","10591615","10591904","chr12","14821307","14821598","52","4229692"
"JH378107","10593017","10593287","chr22","37637582","37637856","47","27044565"
"JH378107","10611807","10612093","chr16","11247440","11247731","48","635633"
"JH378107","10623494","10623802","chr3","87034060","87034367","37","76410566"
"JH378107","10654920","10655226","chr17","55932609","55932918","41","45277689"
"JH378107","10666382","10666690","chr16","30398852","30399159","34","19732470"
"JH378107","10742683","10742983","chr12","10064948","10065242","37","677735"
"JH378107","10753080","10753388","chr21","66610145","66610450","44","55857065"
"JH378107","10815100","10815399","chr24","11323049","11323346","40","507949"
"JH378107","10889827","10890118","chr22","50629443","50629736","48","39739616"
"JH378107","10893173","10893477","chr5","2273487","2273788","28","8619686"
"JH378107","10969634","10969968","chr20","7801942","7802255","66","3167692"
"JH378107","11007265","11007563","chr1","52760185","52760478","47","41752920"
"JH378107","11021257","11021560","chr14","36991957","36992258","39","25970700"
"JH378107","11023332","11023627","chr2","50191924","50192218","47","39168592"
"JH378107","11057394","11057665","chr10","11579646","11579921","41","522252"
"JH378107","11078569","11078874","chr12","94431712","94432016","32","83353143"
"JH378107","11089890","11090204","chr1","117421772","117422077","43","106331882"
"JH378107","11163504","11163791","chr10","100948433","100948723","38","89784929"
"JH378107","11192824","11193116","chr21","47017721","47018004","39","35824897"
"JH378107","11297651","11297960","chr12","10064948","10065242","39","1232703"
"JH378107","11400355","11400667","chr16","30398852","30399159","35","18998497"
"JH378107","11411472","11411594","chr1","8688937","8689061","11","2722535"
"JH378107","11411802","11412124","chr17","34674902","34675220","48","23263100"
"JH378107","11442075","11442358","chr22","32960055","32960340","37","21517980"
"JH378107","11453178","11453484","chr23","35370403","35370708","32","23917225"
"JH378107","11507763","11507901","chr17","41966499","41966632","25","30458736"
"JH378107","11510746","11511062","chrX","16957257","16957574","49","5446511"
"JH378107","11654310","11654617","chr16","30398852","30399159","31","18744542"
"JH378107","11665549","11665857","chrX","111217777","111218082","42","99552228"
"JH378107","11672619","11672878","chr24","27023895","27024155","53","15351276"
"JH378107","11767159","11767274","chr20","115102100","115102215","12","103334941"
"JH378107","11869336","11869572","chr28","17931800","17932040","56","6062464"
"JH378107","12005287","12005591","chr5","2273487","2273788","33","9731800"
"JH378107","12080573","12080881","chr2","10204715","10205019","32","1875858"
"JH378107","12083112","12083431","chr10","89459842","89460157","39","77376730"
"JH378107","12202160","12202461","chr12","10064948","10065242","24","2137212"
"JH378107","12232175","12232305","chr11","106843296","106843425","9","94611121"
"JH378107","12306386","12306494","chr1","39939684","39939788","17","27633298"
"JH378107","12340052","12340362","chr20","89561089","89561394","28","77221037"
"JH378107","12432053","12432360","chr14","75577127","75577428","44","63145074"
"JH378107","12574167","12574477","chr8","40351555","40351858","41","27777388"
"JH378107","12611653","12611946","chr13","65577132","65577425","35","52965479"
"JH378107","12633618","12633893","chr12","87620481","87620757","41","74986863"
"JH378107","12647778","12647853","chr13","63031813","63031889","7","50384035"
"JH378107","12652697","12652836","chr6","7501396","7501533","13","5151301"
"JH378107","12751091","12751401","chr5","36774379","36774687","31","24023288"
"JH378107","12778819","12778895","chr13","63031813","63031889","7","50252994"
"JH378107","12784104","12784402","chr1","103415790","103416081","41","90631686"
"JH378107","12798366","12798648","chr1","31818411","31818697","45","19020045"
"JH378107","12840950","12841244","chrX","23977849","23978143","35","11136899"
"JH378107","12893898","12894181","chr12","27124486","27124768","35","14230588"
"JH378107","12944710","12944992","chr19","19697247","19697527","43","6752537"
"JH378107","13029696","13029996","chr7","57917629","57917927","39","44887933"
"JH378107","13047745","13048018","chr14","82309362","82309629","44","69261617"
"JH378107","13128769","13128859","chr3","65349691","65349782","12","52220922"
"JH378107","13183609","13183833","chr6","2372111","2372337","33","10811498"
"JH378107","13220114","13220324","chr18","30352624","30352836","40","17132510"
"JH378107","13341915","13342219","chr5","2273487","2273788","29","11068428"
"JH378107","13346263","13346576","chr1","65504304","65504612","37","52158041"
"JH378107","13364330","13364637","chr16","23423370","23423672","30","10059040"
"JH378107","13404149","13404456","chr25","62962788","62963089","47","49558639"
"JH378107","13472728","13473040","chrX","29620881","29621183","43","16148153"
"JH378107","13553937","13554156","chr9","7317367","7317591","50","6236570"
"JH378107","13554161","13554476","chr14","83570862","83571166","41","70016701"
"JH378107","13599401","13599697","chr12","10064948","10065242","24","3534453"
"JH378107","13621752","13622051","chrX","496016","496321","48","13125736"
"JH378107","13697378","13697672","chrX","23977849","23978143","38","10280471"
"JH378107","13758324","13758622","chr12","10064948","10065242","26","3693376"
"JH378107","13759363","13759673","chr26","38024857","38025165","31","24265494"
"JH378107","13764128","13764434","chr9","67598943","67599249","40","53834815"
"JH378107","13766446","13766535","chr19","7758593","7758681","11","6007853"
"JH378107","13810762","13811067","chr9","118970228","118970526","44","105159466"
"JH378107","13833621","13833817","chr16","46156303","46156497","29","32322682"
"JH378107","13941918","13942230","chr11","106816675","106816977","43","92874757"
"JH378107","13944402","13944695","chr10","90402340","90402635","45","76457938"
"JH378107","14001387","14001606","chr13","7317370","7317589","24","6684017"
"JH378107","14015856","14016158","chr25","54772141","54772447","46","40756285"
"JH378107","14042161","14042452","chr1","115205454","115205746","43","101163293"
"JH378107","14066780","14067086","chr12","106807603","106807904","34","92740823"
"JH378107","14124171","14124471","chr12","10064948","10065242","29","4059223"
"JH378107","14162071","14162372","chr16","33182065","33182368","31","19019994"
"JH378107","14224000","14224122","chr15","90834689","90834810","13","76610689"
"JH378107","14552484","14552797","chr1","2872653","2872961","32","11679831"
"JH378107","14613114","14613352","chr6","1954290","1954517","52","12658824"
"JH378107","14807886","14808013","chr1","8688937","8689061","12","6118949"
"JH378107","14830656","14830967","chr20","89561089","89561394","33","74730433"
"JH378107","14856506","14856902","chr8","97506802","97507104","139","82650296"
"JH378107","14863595","14863882","chr21","85602981","85603272","45","70739386"
"JH378107","14887210","14887509","chr25","63410988","63411291","39","48523778"
"JH378107","14946544","14946850","chr14","83371933","83372231","48","68425389"
"JH378107","15046232","15046535","chr12","10064948","10065242","30","4981284"
"JH378107","15195299","15195585","chr13","65577132","65577425","42","50381833"
"JH378107","15202484","15202589","chr6","5216779","5216886","13","9985705"
"JH378107","15214624","15214932","chr20","119900333","119900636","40","104685709"
"JH378107","15243489","15243721","chr20","92882451","92882681","39","77638962"
"JH378107","15349803","15349953","chr9","59130238","59130387","16","43780435"
"JH378107","15369150","15369411","chr1","6232367","6232627","45","9136783"
"JH378107","15420623","15420744","chr6","44144914","44145033","11","28724291"
"JH378107","15426846","15426944","chr22","82220107","82220203","12","66793261"
"JH378107","15583958","15584268","chr1","65504304","65504612","34","49920346"
"JH378107","15662607","15662943","chr1","10803268","10803561","77","4859339"
"JH378107","15849539","15849757","chr12","22471276","22471481","36","6621737"
"JH378107","15853932","15854052","chr10","119600285","119600402","12","103746353"
"JH378107","15917447","15917740","chr11","52684567","52684863","46","36767120"
"JH378107","15918863","15919164","chr11","64732415","64732714","36","48813552"
"JH378107","15954393","15954636","chr11","119259842","119260088","51","103305449"
"JH378107","16083942","16084187","chr4","41989352","41989604","41","25905410"
"JH378107","16136342","16136651","chr11","60144426","60144728","45","44008084"
"JH378107","16260335","16260408","chr13","63031813","63031889","9","46771478"
"JH378107","16299020","16299296","chr10","11579646","11579921","48","4719374"
"JH378107","16380442","16380734","chr24","22113783","22114076","47","5733341"
"JH378107","16425293","16425585","chr16","62200117","62200409","67","45774824"
"JH378107","16449610","16449855","chr21","113049286","113049534","54","96599676"
"JH378107","16514270","16514552","chr11","90996628","90996901","37","74482358"
"JH378107","16530303","16530614","chr2","58045145","58045453","46","41514842"
"JH378107","16532218","16532299","chr5","67880800","67880883","7","51348582"
"JH378107","16557236","16557530","chr13","65577132","65577425","36","49019896"
"JH378107","16633322","16633486","chr20","118734823","118734994","23","102101501"
"JH378107","16658128","16658440","chr11","51930789","51931091","52","35272661"
"JH378107","16665963","16666273","chr21","74368618","74368909","51","57702655"
"JH378107","16680061","16680353","chr12","10064948","10065242","29","6615113"
"JH378107","16708859","16709135","chr2","10469163","10469450","51","6239696"
"JH378107","16771036","16771166","chr20","20852752","20852882","14","4081716"
"JH378107","16787977","16788280","chr1","10959790","10960093","45","5828187"
"JH378107","16837005","16837308","chr7","99172603","99172901","36","82335598"
"JH378107","16975235","16975345","chr6","1067449","1067558","12","15907786"
"JH378107","17080335","17080640","chr1","66807483","66807786","50","49727148"
"JH378107","17116181","17116493","chr11","115525233","115525542","30","98409052"
"JH378107","17155833","17156124","chr2","89357867","89358158","38","72202034"
"JH378107","17179934","17180042","chr6_AQIB01159090v1_random","13065","13172","14","17166869"
"JH378107","17277298","17277613","chr8","38418621","38418929","38","21141323"
"JH378107","17308768","17308853","chr18","50216699","50216788","18","32907931"
"JH378107","17344417","17344618","chr1","121417341","121417548","31","104072924"
"JH378107","17365543","17365844","chr11","103943753","103944060","35","86578210"
"JH378107","17414212","17414511","chr12","10064948","10065242","31","7349264"
"JH378107","17542077","17542384","chr1","65504304","65504612","32","47962227"
"JH378107","17583288","17583585","chr16","34626069","34626365","40","17042781"
"JH378107","17712283","17712575","chr7","11713500","11713791","48","5998783"
"JH378107","17751630","17751928","chr12","10064948","10065242","28","7686682"
"JH378107","17803523","17803806","chr4","68750844","68751128","41","50947321"
"JH378107","17814835","17815129","chr13","45058548","45058844","36","27243713"
"JH378107","17839958","17840251","chr11","46451973","46452263","33","28612015"
"JH378107","17885491","17885783","chrX","22075293","22075574","40","4189802"
"JH378107","17899218","17899520","chr19","26418779","26419081","51","8519561"
"JH378107","17907964","17908263","chr12","10064948","10065242","33","7843016"
"JH378107","17914539","17914833","chr2","5168180","5168471","35","12746359"
"JH378107","17916876","17917178","chr17","36106487","36106784","47","18189611"
"JH378107","18022444","18022715","chr28","8665513","8665780","40","9356931"
"JH378107","18048551","18048863","chr11","115525233","115525542","29","97476682"
"JH378107","18061583","18061878","chr24","1147887","1148184","34","16913696"
"JH378107","18064043","18064356","chr10","77119526","77119834","44","59055483"
"JH378107","18087244","18087527","chr11","105752473","105752754","43","87665229"
"JH378107","18092001","18092298","chr21","66269520","66269815","39","48177519"
"JH378107","18174198","18174496","chr6","31719773","31720073","40","13545575"
"JH378107","18189734","18190038","chr1","66807483","66807786","36","48617749"
"JH378107","18229594","18229892","chr14","44038439","44038738","25","25808845"
"JH378107","18241176","18241457","chr14","81578712","81578996","41","63337536"
"JH378107","18245929","18246016","chr19","7758593","7758681","12","10487336"
"JH378107","18290158","18290234","chr10","95538249","95538325","8","77248091"
"JH378107","18293059","18293283","chr1","94137343","94137564","35","75844284"
"JH378107","18322797","18323091","chr23","23808139","23808429","58","5485342"
"JH378107","18378114","18378410","chr9","62431776","62432068","41","44053662"
"JH378107","18478791","18479067","chr8","6165315","6165593","43","12313476"
"JH378107","18508051","18508341","chr4","70022578","70022864","42","51514527"
"JH378107","18564058","18564350","chr19","1553694","1553987","37","17010364"
"JH378107","18571462","18571552","chr3","65349691","65349782","11","46778229"
"JH378107","18638733","18639025","chrX","22653522","22653815","42","4014789"
"JH378107","18683456","18683605","chr9","59130238","59130387","14","40446782"
"JH378107","18706571","18706866","chr24","43912331","43912621","45","25205760"
"JH378107","18721991","18722060","chr10","53898197","53898267","8","35176206"
"JH378107","18725204","18725469","chr5","71310488","71310745","49","52585284"
"JH378107","18786344","18786438","chr22","82220107","82220203","9","63433763"
"JH378107","18799683","18799975","chr28_KE148105v1_random","309394","309684","37","18490289"
"JH378107","18925177","18925483","chr5","2273487","2273788","27","16651690"
"JH378107","19084398","19084681","chr21","74368618","74368909","50","55284220"
"JH378107","19111168","19111458","chr11","42115371","42115662","31","23004203"
"JH378107","19144054","19144172","chr4","60395666","60395783","15","41251612"
"JH378107","19321044","19321353","chr25","76931399","76931705","43","57610355"
"JH378107","19338930","19339030","chr1","89170355","89170458","19","69831425"
"JH378107","19350251","19350533","chr16","24986279","24986556","55","5636028"
"JH378107","19353180","19353275","chr22","82220107","82220203","6","62866927"
"JH378107","19354431","19354549","chr25","78291219","78291335","10","58936788"
"JH378107","19427124","19427422","chr5","2273487","2273788","36","17153637"
"JH378107","19589096","19589386","chr20","53341407","53341694","51","33752311"
"JH378107","19863307","19863568","chr17","36278420","36278681","49","16415113"
"JH378107","19969012","19969272","chr1","111829907","111830168","39","91860895"
"JH378107","20107830","20107903","chr13","63031813","63031889","9","42923983"
"JH378107","20145889","20146130","chr29","23219262","23219510","45","3073373"
"JH378107","20350896","20350986","chr19","7758593","7758681","10","12592303"
"JH378107","20585667","20585930","chr1","17545145","17545417","43","3040522"
"JH378107","20702723","20703009","chr4","37492559","37492840","53","16789836"
"JH378107","20809476","20809763","chr14","33085378","33085658","38","12275902"
"JH378107","20819052","20819338","chr13","75976745","75977032","37","55157693"
"JH378107","20851878","20852167","chr14","79729598","79729899","46","58877720"
"JH378107","21012746","21012825","chr16","3308866","3308945","7","17703880"
"JH378107","21032148","21032256","chr1","39939684","39939788","13","18907536"
"JH378107","21033519","21033726","chr6","8384876","8385077","31","12648643"
"JH378107","21054840","21055152","chr1","65504304","65504612","30","44449464"
"JH378107","21074126","21074421","chrX","95460911","95461200","42","74386785"
"JH378107","21110583","21110881","chr10","93596989","93597285","31","72486406"
"JH378107","21155563","21155863","chr12","10064948","10065242","38","11090615"
"JH378107","21252198","21252433","chr11","126175108","126175340","25","104922910"
"JH378107","21292957","21293253","chr9","71188923","71189219","42","49895966"
"JH378107","21393369","21393652","chr1","64505503","64505779","38","43112134"
"JH378107","21410275","21410569","chr16","30637924","30638212","39","9227649"
"JH378107","21418816","21419106","chr9","43165199","43165493","38","21746383"
"JH378107","21424340","21424649","chr1","65504304","65504612","31","44079964"
"JH378107","21432029","21432339","chr13","14856342","14856650","39","6575687"
"JH378107","21447534","21447820","chr15","81108917","81109201","50","59661383"
"JH378107","21470030","21470359","chr1","65504304","65504612","47","44034274"
"JH378107","21769820","21770105","chr5","42662951","42663235","30","20893131"
"JH378107","21927307","21927597","chr9","39095858","39096151","42","17168551"
"JH378107","21951608","21951913","chr16","55027247","55027554","44","33075639"
"JH378107","21956483","21956785","chr5","72489958","72490261","41","50533475"
"JH378107","21980278","21980545","chr21","13632094","13632355","45","8348184"
"JH378107","21992236","21992365","chr13","78809250","78809378","21","56817014"
"JH378107","22070015","22070333","chr5","20221828","20222136","48","1848187"
"JH378107","22281556","22281848","chr12","10064948","10065242","27","12216608"
"JH378107","22298585","22298894","chr26","38024857","38025165","36","15726272"
"JH378107","22365531","22365823","chr5","52368103","52368393","35","30002572"
"JH378107","22438013","22438312","chr21","30590903","30591190","40","8152890"
"JH378107","22558744","22559053","chr15","60324899","60325206","42","37766155"
"JH378107","22568727","22569040","chr12","74217361","74217667","38","51648634"
"JH378107","22601362","22601677","chr2","34891557","34891863","36","12290195"
"JH378107","22602730","22603024","chr16","44721557","44721850","41","22118827"
"JH378107","22628419","22628687","chr18","66249703","66249966","49","43621284"
"JH378107","22638257","22638555","chr12","10064948","10065242","25","12573309"
"JH378107","22640347","22640462","chr13","87948735","87948855","18","65308388"
"JH378107","22644070","22644158","chr19","7758593","7758681","9","14885477"
"JH378107","22651474","22651615","chr3","90669571","90669712","14","68018097"
"JH378107","22714407","22714697","chr11","42115371","42115662","34","19400964"
"JH378107","22761256","22761363","chr6","1067449","1067558","10","21693807"
"JH378107","22763236","22763349","chrX","25194654","25194764","13","2431418"
"JH378107","22987017","22987325","chr29","8289755","8290055","34","14697262"
"JH378107","22988334","22988630","chr11","120207458","120207761","34","97219124"
"JH378107","23012906","23013205","chr12","10064948","10065242","26","12947958"
"JH378107","23039534","23039824","chr12","14821307","14821598","50","8218227"
"JH378107","23069791","23070075","chr20","108653796","108654082","39","85584005"
"JH378107","23131363","23131647","chr1","46924304","46924587","40","23792941"
"JH378107","23241403","23241483","chr16","3308866","3308945","10","19932537"
"JH378107","23295764","23296069","chr14","83371933","83372231","31","60076169"
"JH378107","23327730","23328030","chr14","83371933","83372231","46","60044203"
"JH378107","23345503","23345829","chr10","72956484","72956800","51","49610981"
"JH378107","23473029","23473327","chrX","913213","913513","40","22559816"
"JH378107","23524411","23524690","chr24","76614329","76614607","41","53089918"
"JH378107","23529705","23530009","chr14","68117423","68117735","43","44587718"
"JH378107","23564548","23564859","chr22","79312691","79312998","37","55748143"
"JH378107","23597614","23597904","chr14","83371933","83372231","40","59774319"
"JH378107","23640609","23640916","chr5","2273487","2273788","36","21367122"
"JH378107","23717576","23717868","chr20","108907026","108907317","37","85189450"
"JH378107","23734975","23735266","chr7","91833238","91833529","41","68098263"
"JH378107","23785094","23785406","chr11","115525233","115525542","41","91740139"
"JH378107","23801032","23801167","chr20","20852752","20852882","14","2948280"
"JH378107","23809677","23809897","chr13","7317370","7317589","25","16492307"
"JH378107","23821792","23821879","chr19","7758593","7758681","8","16063199"
"JH378107","23825095","23825388","chr8","1641343","1641640","49","22183752"
"JH378107","23850732","23851022","chr2","58318292","58318586","32","34467560"
"JH378107","23856401","23856478","chr13","63031813","63031889","8","39175412"
"JH378107","23856844","23856984","chr12","42755129","42755268","15","18898285"
"JH378107","23916673","23916965","chrX","115847772","115848064","42","91931099"
"JH378107","23957277","23957582","chr27","29581793","29582088","46","5624516"
"JH378107","23986782","23987076","chr13","75976745","75977032","44","51989963"
"JH378107","23989824","23990117","chr8","52344592","52344885","41","28354768"
"JH378107","24006806","24006949","chr9","86109665","86109806","14","62102859"
"JH378107","24058434","24058579","chr15","57712545","57712693","27","33654111"
"JH378107","24080286","24080559","chr14","42700952","42701223","55","18620666"
"JH378107","24094722","24095021","chr7","86104707","86105000","42","62009985"
"JH378107","24122683","24122987","chr8","32187026","32187333","38","8064343"
"JH378107","24167637","24167743","chr1","39939684","39939788","11","15772047"
"JH378107","24210157","24210446","chr1","50373457","50373747","37","26163300"
"JH378107","24246634","24246945","chr2","34891557","34891863","36","10644923"
"JH378107","24292832","24293110","chr5","19227235","19227515","39","5065597"
"JH378107","24333049","24333177","chr20","20852752","20852882","9","3480297"
"JH378107","24337473","24337781","chr4","88788880","88789184","45","64451407"
"JH378107","24450609","24450914","chr12","93295464","93295762","38","68844855"
"JH378107","24584692","24584991","chr11","55020829","55021127","42","30436137"
"JH378107","24838571","24838835","chr7","89929570","89929835","40","65090999"
"JH378107","24945008","24945313","chr20","109484203","109484510","37","84539195"
"JH378107","24982781","24982886","chr1","39939684","39939788","13","14956903"
"JH378107","25076339","25076649","chr10","3510859","3511166","42","21565480"
"JH378107","25164559","25164688","chr20","20852752","20852882","9","4311807"
"JH378107","25204052","25204265","chr22","57497856","57498055","45","32293804"
"JH378107","25278008","25278324","chr21","13830726","13831028","41","11447282"
"JH378107","25343666","25343971","chr12","53704460","53704753","50","28360794"
"JH378107","25356490","25356789","chr1","10803268","10803561","41","14553222"
"JH378107","25394050","25394360","chr12","10064948","10065242","38","15329102"
"JH378107","25405110","25405417","chr5","2273487","2273788","32","23131623"
"JH378107","25416893","25417193","chr12","10064948","10065242","28","15351945"
"JH378107","25553754","25554058","chr20","40940162","40940460","37","15386408"
"JH378107","25564038","25564167","chr3","91348390","91348521","13","65784352"
"JH378107","25570515","25570829","chr25","6178482","6178787","38","19392033"
"JH378107","25704226","25704315","chr3","65349691","65349782","13","39645465"
"JH378107","25730703","25731010","chr1","57357225","57357526","43","31626522"
"JH378107","25740296","25740599","chr12","10064948","10065242","34","15675348"
"JH378107","25759048","25759331","chr8","73800363","73800645","63","48041315"
"JH378107","25832108","25832417","chr14","22799686","22799991","38","3032422"
"JH378107","25839959","25840054","chr22","82220107","82220203","9","56380148"
"JH378107","25852357","25852627","chr21","49966203","49966477","42","24113846"
"JH378107","25888244","25888516","chr16","18902865","18903120","57","6985379"
"JH378107","25894905","25894987","chr5","67880800","67880883","6","41985895"
"JH378107","26149834","26150085","chrX","68948097","68948354","41","42798263"
"JH378107","26184288","26184586","chr12","10064948","10065242","32","16119340"
"JH378107","26187845","26187938","chr6","5216779","5216886","19","20971066"
"JH378107","26242844","26243153","chr1","65504304","65504612","39","39261460"
"JH378107","26299291","26299603","chr12","42496121","42496421","51","16196830"
"JH378107","26366192","26366498","chr1","65504304","65504612","31","39138112"
"JH378107","26443731","26444004","chr2","9893972","9894245","47","16549759"
"JH378107","26449017","26449128","chr11","128539002","128539115","15","102089985"
"JH378107","26646828","26647139","chr21","98330604","98330913","41","71683776"
"JH378107","26671061","26671195","chr26","6591504","6591639","12","20079557"
"JH378107","26687274","26687569","chr20","115776946","115777232","48","89089672"
"JH378107","26716169","26716471","chr9","62128581","62128882","39","35412412"
"JH378107","26728347","26728644","chr12","10064948","10065242","23","16663399"
"JH378107","26747129","26747202","chr10","95538249","95538325","12","68791120"
"JH378107","26748119","26748234","chrX","90197506","90197623","13","63449387"
"JH378107","26753903","26754235","chr5","24362564","24362891","43","2391339"
"JH378107","26758814","26759111","chr12","10064948","10065242","27","16693866"
"JH378107","26800458","26800537","chr5","67880800","67880883","14","41080342"
"JH378107","26801005","26801121","chr4","60395666","60395783","12","33594661"
"JH378107","26808199","26808348","chr24","69210369","69210513","27","42402170"
"JH378107","26809324","26809449","chr26","6591504","6591639","24","20217820"
"JH378107","26813887","26814016","chr11","106843296","106843425","12","80029409"
"JH378107","26814872","26815169","chr12","6781553","6781865","76","20033319"
"JH378107","26824277","26824568","chr23","52118830","52119121","32","25294553"
"JH378107","26834819","26834920","chrX","2017984","2018087","10","24816835"
"JH378107","26840892","26841105","chr25","73647297","73647508","26","46806405"
"JH378107","26843637","26843936","chr8","11575259","11575553","37","15268378"
"JH378107","26845122","26845427","chr11","51624065","51624366","37","24778943"
"JH378107","26859416","26859714","chr23","43687025","43687322","42","16827609"
"JH378107","26875511","26875807","chr12","10064948","10065242","23","16810563"
"JH378107","26877098","26877354","chr8","130278670","130278926","26","103401572"
"JH378107","26891822","26892127","chr12","26753805","26754107","41","138017"
"JH378107","26896430","26896735","chr12","74217361","74217667","31","47320931"
"JH378107","26911580","26911885","chr24","67239754","67240052","31","40328174"
"JH378107","26948324","26948614","chr29","10722547","10722839","32","16225777"
"JH378107","26997501","26997797","chr12","10064948","10065242","33","16932553"
"JH378107","27006294","27006417","chr3","72385674","72385796","12","45379380"
"JH378107","27039773","27040081","chr20","1672158","1672466","42","25367615"
"JH378107","27052819","27052987","chr19","19234581","19234749","30","7818238"
"JH378107","27067816","27068104","chr1","69657377","69657663","36","42589561"
"JH378107","27126146","27126447","chr10","118597337","118597632","28","91471191"
"JH378107","27150590","27150887","chr7","11835258","11835554","37","15315332"
"JH378107","27199972","27200156","chr20","118734823","118734994","31","91534851"
"JH378107","27337074","27337367","chr5","58245349","58245645","37","30908275"
"JH378107","27349326","27349621","chr18","71629517","71629808","33","44280191"
"JH378107","27350832","27351077","chr12","6573809","6574052","46","20777023"
"JH378107","27355411","27355716","chr12","105714638","105714940","39","78359227"
"JH378107","27399029","27399331","chr6","29168940","29169240","36","1769911"
"JH378107","27435518","27435822","chr1","65504304","65504612","36","38068786"
"JH378107","27455590","27455883","chr9","90471365","90471661","38","63015775"
"JH378107","27490746","27491031","chr7","134173480","134173773","45","106682734"
"JH378107","27498098","27498377","chr24","27023895","27024155","40","474203"
"JH378107","27517802","27517887","chr16","4405728","4405812","9","23112074"
"JH378107","27537479","27537743","chr13","90139987","90140258","54","62602508"
"JH378107","27553236","27553550","chr24","11819038","11819352","38","15734198"
"JH378107","27793213","27793474","chrX","34398814","34399073","36","6605601"
"JH378107","27810949","27811050","chr6","1067449","1067558","16","26743500"
"JH378107","27866841","27867037","chr2","41986599","41986802","31","14119758"
"JH378107","27901920","27902234","chr22","45313893","45314198","40","17411973"
"JH378107","27917254","27917543","chrX","43388473","43388761","38","15471219"
"JH378107","27931414","27931704","chr21","26939851","26940136","38","991563"
"JH378107","27952972","27953263","chr29","17541354","17541647","32","10411618"
"JH378107","27965792","27966098","chr2","5168180","5168471","36","22797612"
"JH378107","27969340","27969621","chr7","108339145","108339416","57","80369805"
"JH378107","27978424","27978733","chr20","85624325","85624630","37","57645901"
"JH378107","28020615","28020839","chr6","2372111","2372337","28","25648504"
"JH378107","28032607","28032737","chr3","91348390","91348521","12","63315783"
"JH378107","28033221","28033351","chr20","20852752","20852882","12","7180469"
"JH378107","28039896","28040061","chr4","60395470","60395634","33","32355574"
"JH378107","28043036","28043152","chr22","52501284","52501397","18","24458248"
"JH378107","28053744","28054047","chr11","115525233","115525542","48","87471489"
"JH378107","28065546","28065847","chr12","10064948","10065242","29","18000598"
"JH378107","28079392","28079688","chr1","12522750","12523040","40","15556642"
"JH378107","28154295","28154487","chr18","48776398","48776587","30","20622103"
"JH378107","28167635","28167941","chr26","18593596","18593901","34","9574039"
"JH378107","28182734","28183040","chr24","80996460","80996769","42","52813726"
"JH378107","28198677","28198985","chr6","29861707","29862004","47","1663030"
"JH378107","28199017","28199313","chr5","33074148","33074451","40","4875131"
"JH378107","28199314","28199490","chr19","32968149","32968324","30","4768835"
"JH378107","28207364","28207669","chr14","83371933","83372231","41","55164569"
"JH378107","28214889","28215171","chr3","73466676","73466959","39","45251787"
"JH378107","28244909","28245198","chr10","55224096","55224386","34","26979187"
"JH378107","28322124","28322431","chr12","6781553","6781865","110","21540571"
"JH378107","28335514","28335785","chr9","90020907","90021183","52","61685393"
"JH378107","28353002","28353288","chr10","118597337","118597632","42","90244335"
"JH378107","28354508","28354682","chr20","95353832","95354005","27","66999324"
"JH378107","28369657","28369787","chr20","20852752","20852882","13","7516905"
"JH378107","28381618","28381926","chr2","34891557","34891863","31","6509939"
"JH378107","28387844","28387928","chr5","67880800","67880883","6","39492956"
"JH378107","28390346","28390637","chr7","128524439","128524738","36","100134093"
"JH378107","28398133","28398441","chr15","86928795","86929095","36","58530662"
"JH378107","28408017","28408111","chr22","82220107","82220203","9","53812090"
"JH378107","28410422","28410596","chr16","23137037","23137212","26","5273385"
"JH378107","28415592","28415888","chr5","20203598","20203894","35","8211994"
"JH378107","28419180","28419486","chr23","44247755","44248062","43","15828575"
"JH378107","28429615","28429905","chr1","17369469","17369762","50","11060146"
"JH378107","28432155","28432440","chr24","40999233","40999521","38","12567078"
"JH378107","28459708","28459857","chrX","128768607","128768755","18","100308899"
"JH378107","28466738","28467025","chr3","11551653","11551932","45","16915085"
"JH378107","28606045","28606350","chr5","2273487","2273788","30","26332558"
"JH378107","28635711","28636028","chr16","55189324","55189631","37","26553613"
"JH378107","28645751","28646050","chr1","103415790","103416081","39","74770039"
"JH378107","28692381","28692709","chr12","72236547","72236866","65","43544166"
"JH378107","28713809","28714185","chrX","7571937","7572250","92","21141872"
"JH378107","28745383","28745677","chr18","71629517","71629808","43","42884134"
"JH378107","28810665","28810974","chr22","79312691","79312998","36","50502026"
"JH378107","28848310","28848573","chr12","105898394","105898656","43","77050084"
"JH378107","28865094","28865398","chr20","46576708","46577001","38","17711614"
"JH378107","28935276","28935577","chr22","47793370","47793666","33","18858094"
"JH378107","28966921","28967205","chr15","2359863","2360137","47","26607058"
"JH378107","29002552","29002801","chr16","65341402","65341647","35","36338850"
"JH378107","29024616","29024914","chr12","107726061","107726359","42","78701445"
"JH378107","29026792","29027091","chr11","117737181","117737478","29","88710389"
"JH378107","29061535","29061846","chr1","65504304","65504612","33","36442769"
"JH378107","29109702","29110007","chr19","24287600","24287907","38","4822102"
"JH378107","29133282","29133573","chrX","23977849","23978143","44","5155433"
"JH378107","29170556","29170867","chr5","2324242","2324550","49","26846314"
"JH378107","29173880","29174168","chr15","41116201","41116485","38","11942321"
"JH378107","29185827","29186033","chr10","51256642","51256845","31","22070815"
"JH378107","29194796","29195031","chr13","65129209","65129444","36","35934413"
"JH378107","29196878","29197126","chr12","25844767","25845026","46","3352111"
"JH378107","29200002","29200292","chrX","55595964","55596261","42","26395962"
"JH378107","29217655","29217953","chr2","42952836","42953140","38","13735181"
"JH378107","29220687","29220986","chr11","117737181","117737478","33","88516494"
"JH378107","29237741","29238046","chr20","89561089","89561394","41","60323348"
"JH378107","29256924","29257210","chr3","3973222","3973508","37","25283702"
"JH378107","29265667","29265817","chr9","38192622","38192768","16","8926955"
"JH378107","29266388","29266494","chr20","25652388","25652489","11","3614000"
"JH378107","29338434","29338584","chr9","59130238","59130387","11","29791804"
"JH378107","29345333","29345639","chr5","2273487","2273788","28","27071846"
"JH378107","29376712","29377011","chr12","10064948","10065242","30","19311764"
"JH378107","29401778","29402073","chr11","90825564","90825850","49","61423786"
"JH378107","29407594","29407903","chr17","71603189","71603494","32","42195595"
"JH378107","29418012","29418151","chr6","3375709","3375847","12","26042303"
"JH378107","29425833","29426120","chr14","75577127","75577428","54","46151294"
"JH378107","29463517","29463828","chr1","65504304","65504612","35","36040787"
"JH378107","29475626","29475922","chr12","10064948","10065242","23","19410678"
"JH378107","29531196","29531504","chr5","2273487","2273788","25","27257709"
"JH378107","29556009","29556100","chr20","8489737","8489826","14","21066272"
"JH378107","29556813","29557034","chr26","4566313","4566531","26","24990500"
"JH378107","29583965","29584060","chr22","82220107","82220203","7","52636142"
"JH378107","29614442","29614719","chr14","33085378","33085658","35","3470936"
"JH378107","29628334","29628635","chr12","10064948","10065242","28","19563386"
"JH378107","29636220","29636520","chr3","29967257","29967552","47","331037"
"JH378107","29640620","29640917","chr6","39327037","39327335","38","9686417"
"JH378107","29664161","29664467","chr5","2273487","2273788","30","27390674"
"JH378107","29664909","29665215","chr5","2273487","2273788","31","27391422"
"JH378107","29669334","29669646","chr1","65504304","65504612","32","35834970"
"JH378107","29675587","29675902","chr3","10937420","10937729","36","18738167"
"JH378107","29676377","29676670","chr1","74894063","74894357","34","45217686"
"JH378107","29712351","29712611","chr4","13341175","13341445","43","16371176"
"JH378107","29728859","29728962","chr1","39939684","39939788","11","10210825"
"JH378107","29730627","29730936","chr5","36774379","36774687","31","7043752"
"JH378107","29731812","29731929","chr19","20225547","20225670","18","9506265"
"JH378107","29747245","29747374","chr6","50606227","50606356","10","20858982"
"JH378107","29772563","29772647","chr16","4405728","4405812","6","25366835"
"JH378107","29774383","29774652","chr6","27850626","27850898","41","1923757"
"JH378107","29775443","29775725","chr15","5804164","5804445","30","23971279"
"JH378107","29804928","29805029","chrX","2017984","2018087","12","27786944"
"JH378107","29808821","29809124","chr1","68219231","68219530","41","38410410"
"JH378107","29817383","29817680","chr23","44818219","44818516","30","15000836"
"JH378107","29824361","29824657","chr12","10064948","10065242","28","19759413"
"JH378107","29825083","29825382","chr18","42680392","42680688","42","12855309"
"JH378107","29879986","29880288","chr24","67239754","67240052","26","37359768"
"JH378107","29900175","29900377","chr8","13496115","13496333","63","16404060"
"JH378107","29917395","29917680","chr23","35045928","35046223","36","5128533"
"JH378107","29917685","29917814","chr6","50606227","50606356","19","20688542"
"JH378107","29923960","29924249","chr19","22892545","22892830","37","7031415"
"JH378107","29943600","29943867","chr21","102480056","102480324","44","72536456"
"JH378107","29956219","29956313","chr22","82220107","82220203","10","52263888"
"JH378107","29971352","29971638","chr6","2852604","2852883","39","27118748"
"JH378107","29980001","29980126","chr1","8688937","8689061","11","21291064"
"JH378107","29982391","29982692","chr5","2273487","2273788","28","27708904"
"JH378107","29995398","29995711","chrX","28194989","28195297","47","1800409"
"JH378107","30000741","30000871","chr20","20852752","20852882","14","9147989"
"JH378107","30007937","30008155","chr4","53346339","53346552","36","23338402"
"JH378107","30039498","30039798","chr11","55020829","55021127","31","24981331"
"JH378107","30046093","30046183","chr3","65349691","65349782","9","35303598"
"JH378107","30048529","30048636","chr12","53065987","53066095","12","23017458"
"JH378107","30071132","30071450","chr11","105441883","105442183","68","75370751"
"JH378107","30090208","30090504","chr12","10064948","10065242","30","20025260"
"JH378107","30113095","30113407","chr7","116263883","116264190","50","86150788"
"JH378107","30116072","30116365","chr5","18957272","18957569","44","11158800"
"JH378107","30119116","30119415","chr12","10064948","10065242","23","20054168"
"JH378107","30126667","30126988","chr15","81017660","81017975","53","50890993"
"JH378107","30144516","30144820","chr12","10064948","10065242","31","20079568"
"JH378107","30147591","30147887","chr13","64989908","64990202","31","34842317"
"JH378107","30166374","30166684","chr20","2886301","2886610","34","27280073"
"JH378107","30211653","30211801","chr9","59130238","59130387","17","28918585"
"JH378107","30230055","30230299","chr10","88156512","88156744","39","57926457"
"JH378107","30230596","30230715","chr8","30179506","30179631","21","51090"
"JH378107","30232114","30232425","chr12","10064948","10065242","47","20167166"
"JH378107","30241479","30241789","chr26","38024857","38025165","28","7783378"
"JH378107","30271771","30272049","chr4","52117674","52117951","39","21845903"
"JH378107","30302850","30303133","chr7","31825222","31825504","45","1522372"
"JH378107","30303462","30303765","chr12","10064948","10065242","31","20238514"
"JH378107","30333735","30334017","chr23","34328669","34328947","45","3994934"
"JH378107","30336848","30336997","chr24","12006231","12006380","16","18330617"
"JH378107","30362112","30362235","chr3","72385674","72385796","12","42023562"
"JH378107","30376194","30376475","chr9","94521914","94522196","32","64145720"
"JH378107","30379156","30379227","chr10","53898197","53898267","9","23519041"
"JH378107","30381364","30381472","chr6","1067449","1067558","12","29313915"
"JH378107","30384196","30384486","chr5","17074579","17074870","40","13309617"
"JH378107","30400460","30400579","chr1","8688937","8689061","15","21711523"
"JH378107","30407427","30407543","chr13","61112232","61112346","14","30704805"
"JH378107","30429751","30430042","chr4","68750844","68751128","45","38321093"
"JH378107","30497118","30497407","chr2","16485138","16485431","39","14011980"
"JH378107","30522153","30522353","chr19","5662814","5663015","23","24859339"
"JH378107","30535492","30535794","chr2","57722205","57722501","47","27186713"
"JH378107","30541546","30541855","chr21","118395212","118395519","45","87853666"
"JH378107","30596849","30597141","chrX","49498574","49498857","36","18901725"
"JH378107","30604827","30605126","chr16","30637924","30638212","32","33097"
"JH378107","30722447","30722767","chr1","65504304","65504612","40","34781857"
"JH378107","30851466","30851767","chr1","38274204","38274498","50","7422738"
"JH378107","30879464","30879746","chr9","114015180","114015455","40","83135716"
"JH378107","30887437","30887689","chr6","38195454","38195705","40","7308017"
"JH378107","30917080","30917387","chr29","2740091","2740398","38","28176989"
"JH378107","30926042","30926276","chr8","38324602","38324842","37","7398560"
"JH378107","30927280","30927591","chr6","36093451","36093759","51","5166171"
"JH378107","30950452","30950765","chr5","23301788","23302102","34","7648664"
"JH378107","31035680","31035954","chr4","36172764","36173040","55","5137084"
"JH378107","31044364","31044647","chr22","3003323","3003622","41","28041041"
"JH378107","31230369","31230674","chr11","1072049","1072341","48","30158320"
"JH378107","31278953","31279259","chr5","2273487","2273788","39","29005466"
"JH378107","31279520","31279623","chrX","2017984","2018087","8","29261536"
"JH378107","31300908","31301212","chr27","2779062","2779370","40","28521846"
"JH378107","31323848","31324130","chr16","63652876","63653158","30","32329028"
"JH378107","31360236","31360532","chr12","86044059","86044354","43","54683823"
"JH378107","31382798","31383103","chr11","64732415","64732714","42","33349617"
"JH378107","31446087","31446359","chr16","26067530","26067803","45","5378557"
"JH378107","31456040","31456324","chr8","75450257","75450544","41","43994217"
"JH378107","31487404","31487490","chr16","4405728","4405812","8","27081676"
"JH378107","31497237","31497507","chr22","9600661","9600931","38","21896576"
"JH378107","31498491","31498787","chr22","50629443","50629736","30","19130952"
"JH378107","31540342","31540626","chr1","101091218","101091491","34","69550876"
"JH378107","31556742","31557026","chr11","115463553","115463842","35","83906811"
"JH378107","31599661","31599782","chr5","22108764","22108885","18","9490897"
"JH378107","31631140","31631443","chr1","108565860","108566161","44","76934720"
"JH378107","31653315","31653609","chr12","10064948","10065242","33","21588367"
"JH378107","31776614","31776921","chr12","79050585","79050880","41","47273971"
"JH378107","31851903","31852208","chr2","34891557","34891863","38","3039654"
"JH378107","31909379","31909670","chr15","60517231","60517522","43","28607852"
"JH378107","31912527","31912830","chr13","79221592","79221883","50","47309065"
"JH378107","31939963","31940266","chr5","2273487","2273788","28","29666476"
"JH378107","31960740","31960852","chr6","1067449","1067558","14","30893291"
"JH378107","31965216","31965309","chr22","82220107","82220203","10","50254891"
"JH378107","31966124","31966196","chr13","63031813","63031889","8","31065689"
"JH378107","31975815","31975912","chr20","25652388","25652489","17","6323427"
"JH378107","32000002","32000226","chr23","45013845","45014070","29","13013843"
"JH378107","32005291","32005402","chr24","81412056","81412162","14","49406765"
"JH378107","32005951","32006067","chr29","2215379","2215495","13","29790572"
"JH378107","32020464","32020764","chr15","12031507","12031804","34","19988957"
"JH378107","32026596","32026903","chr25","60133396","60133696","34","28106800"
"JH378107","32029065","32029370","chr5","2273487","2273788","33","29755578"
"JH378107","32040548","32040844","chr12","6781553","6781865","95","25258995"
"JH378107","32046794","32046876","chr5","67880800","67880883","8","35834006"
"JH378107","32057699","32057979","chr12","26827271","26827548","31","5230428"
"JH378107","32106581","32106880","chr12","10064948","10065242","35","22041633"
"JH378107","32132089","32132402","chr12","10064948","10065242","40","22067141"
"JH378107","32147169","32147268","chr24","34051581","34051688","21","1904412"
"JH378107","32165102","32165410","chr1","65504304","65504612","27","33339202"
"JH378107","32174267","32174574","chr2","10204715","10205019","31","21969552"
"JH378107","32206289","32206597","chr12","102135104","102135405","38","69928815"
"JH378107","32331234","32331366","chr20","93091808","93091940","23","60760574"
"JH378107","32350278","32350408","chr1","97802296","97802426","10","65452018"
"JH378107","32363022","32363292","chr2","44912969","44913240","39","12549947"
"JH378107","32407201","32407487","chr20","38826409","38826710","41","6419208"
"JH378107","32442199","32442495","chr14","68909365","68909660","47","36467166"
"JH378107","32446693","32446978","chrX","49498574","49498857","34","17051881"
"JH378107","32451517","32451827","chr20","105941906","105942211","48","73490389"
"JH378107","32499881","32500000","chr6","44144914","44145033","13","11645033"
"JH378107","32547019","32547308","chr18","72052984","72053276","32","39505965"
"JH378107","32565410","32565695","chr12","103110602","103110890","29","70545192"
"JH378107","32619884","32620166","chr4","9966968","9967256","38","22652916"
"JH378107","32639065","32639165","chrX","2017984","2018087","9","30621081"
"JH378107","32639359","32639486","chr20","90305716","90305843","18","57666357"
"JH378107","32646890","32647195","chr3","87034060","87034367","46","54387170"
"JH378107","32649443","32649741","chr24","78580914","78581207","40","45931471"
"JH378107","32651316","32651627","chr3","76549432","76549732","42","43898116"
"JH378107","32668782","32669117","chr20","96800606","96800937","36","64131824"
"JH378107","32670349","32670680","chr16","35144511","35144831","54","2474162"
"JH378107","32716239","32716328","chr19","7758593","7758681","11","24957646"
"JH378107","32722188","32722492","chr10","55224096","55224386","49","22501908"
"JH378107","32739026","32739122","chr22","82220107","82220203","12","49481081"
"JH378107","32739127","32739202","chr25","80275829","80275903","16","47536702"
"JH378107","32739206","32739322","chr4","60395666","60395783","12","27656460"
"JH378107","32757833","32758120","chr12","104595406","104595692","32","71837573"
"JH378107","32758522","32758827","chr12","71286635","71286941","52","38528113"
"JH378107","32762610","32762920","chr17","56537353","56537660","42","23774743"
"JH378107","32770133","32770187","chrX","43431654","43431712","10","10661521"
"JH378107","32775187","32775484","chr12","10064948","10065242","28","22710239"
"JH378107","32778823","32779099","chr12","26827271","26827548","40","5951552"
"JH378107","32792184","32792483","chr26","18593596","18593901","54","14198588"
"JH378107","32804769","32805055","chr8","75315240","75315524","39","42510471"
"JH378107","32817997","32818239","chr24","55709174","55709409","41","22891177"
"JH378107","32857557","32857841","chr6","19815995","19816283","45","13041562"
"JH378107","32860326","32860448","chr15","90834689","90834810","11","57974363"
"JH378107","32867090","32867342","chr14","1503310","1503557","40","31363780"
"JH378107","32875902","32875990","chr16","4405728","4405812","9","28470174"
"JH378107","32911979","32912296","chr12","52957621","52957929","52","20045642"
"JH378107","32944113","32944236","chr15","90834689","90834810","11","57890576"
"JH378107","32949375","32949662","chr20","20117789","20118077","36","12831586"
"JH378107","32968283","32968604","chr5","2324242","2324550","37","30644041"
"JH378107","32971566","32971856","chrX","115847772","115848064","43","82876206"
"JH378107","32981744","32982034","chr13","14614965","14615259","41","18366779"
"JH378107","32985173","32985470","chr10","87911378","87911678","56","54926205"
"JH378107","32987169","32987435","chr14","95964336","95964605","35","62977167"
"JH378107","32998732","32998922","chr11","117106298","117106484","39","84107566"
"JH378107","33011827","33012117","chr6","38437831","38438120","37","5426004"
"JH378107","33014192","33014493","chr3","56591334","56591642","47","23577142"
"JH378107","33020091","33020394","chr17","35258575","35258878","40","2238484"
"JH378107","33031807","33032122","chr2","35933723","35934028","41","2901916"
"JH378107","33080308","33080398","chr3","65349691","65349782","11","32269383"
"JH378107","33101563","33101653","chr19","7758593","7758681","8","25342970"
"JH378107","33111337","33111422","chr16","4405728","4405812","8","28705609"
"JH378107","33118087","33118387","chr16","12235438","12235730","48","20882649"
"JH378107","33160128","33160426","chr20","87404408","87404710","42","54244280"
"JH378107","33232427","33232737","chr1","108565860","108566161","42","75333433"
"JH378107","33291401","33291531","chr3","91348390","91348521","12","58056989"
"JH378107","33308746","33309047","chr24","35541584","35541883","38","2232838"
"JH378107","33413588","33413879","chr25","71563599","71563876","50","38150011"
"JH378107","33441774","33442073","chr6","38582923","38583209","41","5141149"
"JH378107","33542221","33542533","chr11","115525233","115525542","41","81983012"
"JH378107","33552333","33552670","chr25","1277023","1277349","47","32275310"
"JH378107","33580168","33580474","chr6","32638803","32639103","35","941365"
"JH378107","33633401","33633696","chr23","52163513","52163808","40","18530112"
"JH378107","33641904","33642200","chr10","118597337","118597632","39","84955433"
"JH378107","33649508","33649613","chrX","2017984","2018087","11","31631524"
"JH378107","33870964","33871246","chr6","44675473","44675756","38","10804509"
"JH378107","33888282","33888588","chr15","18549945","18550246","31","15338337"
"JH378107","33899769","33900073","chr29","23170158","23170463","35","10729611"
"JH378107","33928043","33928342","chr19","2333965","2334263","36","31594078"
"JH378107","33945375","33945669","chr2","38853293","38853590","33","4907918"
"JH378107","33964260","33964390","chr1","97802296","97802426","10","63838036"
"JH378107","33964698","33964979","chr25","29316988","29317268","38","4647710"
"JH378107","33977740","33978044","chr2","42763208","42763513","49","8785468"
"JH378107","34151498","34151602","chr1","39939684","39939788","9","5788186"
"JH378107","34326923","34327214","chr1","97089521","97089816","39","62762598"
"JH378107","34336451","34336529","chr13","63031813","63031889","8","28695362"
"JH378107","34384559","34384864","chr27","44013205","44013511","36","9628646"
"JH378107","34479363","34479690","chr9","123749848","123750155","53","89270485"
"JH378107","34551858","34552139","chr19","13804648","13804927","39","20747210"
"JH378107","34620259","34620327","chr18","58491347","58491410","11","23871088"
"JH378107","34620514","34620796","chr15","48936475","48936753","36","14315961"
"JH378107","34701935","34702259","chr20","99538718","99539034","52","64836783"
"JH378107","34708294","34708597","chr16","30398852","30399159","41","4309442"
"JH378107","34764121","34764252","chr10","112254623","112254751","21","77490502"
"JH378107","34808430","34808737","chr28","4550302","4550608","35","30258128"
"JH378107","34810669","34810767","chr22","82220107","82220203","10","47409438"
"JH378107","34810868","34810954","chr14","14498795","14498888","23","20312073"
"JH378107","34841348","34841659","chr2","34891557","34891863","49","50209"
"JH378107","34890446","34890754","chr5","2273487","2273788","33","32616959"
"JH378107","34990576","34990886","chr6","29168940","29169240","46","5821636"
"JH378107","35005053","35005350","chr14","29983447","29983738","32","5021606"
"JH378107","35036561","35036666","chr6","1067449","1067558","11","33969112"
"JH378107","35128573","35128886","chr20","1672158","1672466","43","33456415"
"JH378107","35144245","35144554","chr13","74228181","74228481","44","39083936"
"JH378107","35313338","35313623","chr9","14851427","14851711","40","20461911"
"JH378107","35328731","35329030","chr1","115205454","115205746","49","79876723"
"JH378107","35333378","35333678","chr22","15477531","15477829","38","19855847"
"JH378107","35367029","35367164","chr26","6591504","6591639","13","28775525"
"JH378107","35369235","35369545","chr11","115525233","115525542","30","80155998"
"JH378107","35382410","35382711","chr12","10064948","10065242","24","25317462"
"JH378107","35397341","35397516","chrX","90197657","90197833","33","54800316"
"JH378107","35397619","35397767","chr9","38192622","38192768","18","2795003"
"JH378107","35429300","35429596","chr18","71480316","71480609","35","36051016"
"JH378107","35434267","35434350","chr5","67880800","67880883","5","32446533"
"JH378107","35434969","35435276","chr3","22013697","22014006","47","13421272"
"JH378107","35445184","35445462","chr20","38394705","38394980","39","2949521"
"JH378107","35447388","35447461","chr13","63031813","63031889","10","27584425"
"JH378107","35562032","35562177","chr6","7229588","7229731","15","28332444"
"JH378107","35640052","35640356","chrX","125302543","125302844","36","89662491"
"JH378107","35687555","35687853","chr18","72052984","72053276","31","36365429"
"JH378107","35741752","35742051","chr9","113888497","113888793","39","78146745"
"JH378107","35758595","35758899","chrX","14268019","14268317","43","21490576"
"JH378107","35767327","35767445","chr10","55427325","55427446","19","19659998"
"JH378107","35821015","35821303","chr29","23114673","23114962","36","12706342"
"JH378107","35940835","35940929","chr22","82220107","82220203","9","46279272"
"JH378107","35966360","35966666","chr12","102135104","102135405","43","66168744"
"JH378107","35975534","35975828","chr8","95885898","95886192","47","59910364"
"JH378107","36088025","36088151","chr25","8712866","8712996","20","27375159"
"JH378107","36105106","36105420","chr9","12848067","12848359","65","23257039"
"JH378107","36120502","36120795","chr8","115068172","115068461","47","78947670"
"JH378107","36139044","36139344","chr11","30888575","30888871","40","5250469"
"JH378107","36169395","36169711","chr8","81998382","81998693","38","45828987"
"JH378107","36204675","36204759","chr12","7441397","7441481","9","28763278"
"JH378107","36205830","36206108","chr6","35943573","35943854","41","262257"
"JH378107","36230964","36231232","chr10","15720676","15720947","57","20510288"
"JH378107","36251361","36251654","chr11","88769811","88770104","45","52518450"
"JH378107","36335220","36335527","chr11","115525233","115525542","35","79190013"
"JH378107","36414700","36414998","chr29","10722547","10722839","46","25692153"
"JH378107","36503936","36504245","chr18","31547372","31547677","40","4956564"
"JH378107","36512417","36512707","chr2_KE147945v1_random","5016","5306","30","36507401"
"JH378107","36526460","36526741","chr16","63652876","63653158","28","27126416"
"JH378107","36559914","36560215","chr24","1147887","1148184","34","35412027"
"JH378107","36610203","36610509","chr26","38024857","38025165","28","1414654"
"JH378107","36736678","36736952","chr16","10266291","10266567","43","26470387"
"JH378107","36744099","36744398","chr1","64563640","64563943","42","27819541"
"JH378107","36781710","36782043","chr10","72956484","72956800","64","36174774"
"JH378107","36811357","36811666","chr5","36774379","36774687","33","36978"
"JH378107","36880718","36881003","chr11","38736656","38736955","44","1855938"
"JH378107","36895092","36895373","chr23","46545944","46546226","43","9650852"
"JH378107","36980786","36981090","chr24","79792988","79793292","28","42812202"
"JH378107","37108337","37108625","chr28","9359301","9359592","45","27749036"
"JH378107","37173460","37173542","chr5","67880800","67880883","6","30707340"
"JH378107","37178735","37179025","chr13","22116830","22117114","43","15061905"
"JH378107","37179920","37180213","chr1","68956704","68956993","37","31776784"
"JH378107","37213501","37213816","chr11","115525233","115525542","43","78311732"
"JH378107","37222522","37222823","chr5","2273487","2273788","28","34949035"
"JH378107","37265568","37265832","chr18","66420662","66420922","36","29155094"
"JH378107","37504085","37504390","chr1","68219231","68219530","41","30715146"
"JH378107","37534819","37534949","chr26","24262347","24262477","11","13272472"
"JH378107","37668830","37669147","chr26","38024857","38025165","37","356027"
"JH378107","37689400","37689687","chr17","44976591","44976881","52","7287191"
"JH378107","37730870","37731161","chr23","52118830","52119121","37","14387960"
"JH378107","37770242","37770550","chr2","34891557","34891863","29","2878685"
"JH378107","37839718","37839826","chr26","7916320","7916432","17","29923398"
"JH378107","37898544","37898850","chrX","104770340","104770622","48","66871796"
"JH378107","38053295","38053580","chr1","31818411","31818697","32","6234884"
"JH378107","38089266","38089558","chr21","25123896","25124189","35","12965370"
"JH378107","38093019","38093312","chr12","10064948","10065242","28","28028071"
"JH378107","38144748","38145034","chr20","46550281","46550570","36","8405533"
"JH378107","38205210","38205507","chr14","44038439","44038738","38","5833229"
"JH378107","38240284","38240568","chr21","35798011","35798296","38","2442273"
"JH378107","38269294","38269568","chr6","39821159","39821430","43","1551865"
"JH378107","38270819","38270969","chr9","59130238","59130387","14","20859419"
"JH378107","38302374","38302667","chr13","14510612","14510906","53","23791762"
"JH378107","38469325","38469566","chr9","16492964","16493209","41","21976361"
"JH378107","38546211","38546523","chr11","115525233","115525542","31","76979022"
"JH378107","38642943","38643250","chr3","22013697","22014006","33","16629246"
"JH378107","38647833","38648115","chr12","6781553","6781865","124","31866280"
"JH378107","38670589","38670679","chr3","65349691","65349782","11","26679102"
"JH378107","38674823","38675003","chrX","23635650","23635832","27","15039173"
"JH378107","38711815","38712113","chr21","120616384","120616686","45","81904569"
"JH378107","38799615","38799917","chr12","6781553","6781865","57","32018062"
"JH378107","38816336","38816631","chr8","52344592","52344885","41","13528256"
"JH378107","38885469","38885719","chr16","63471279","63471543","48","24585810"
"JH378107","38898570","38898878","chr5","2273487","2273788","31","36625083"
"JH378107","38902740","38902972","chr2","71829717","71829942","39","32926977"
"JH378107","38951796","38952085","chr23","52118830","52119121","36","13167034"
"JH378107","38959751","38960061","chr26","38024857","38025165","38","934894"
"JH378107","39091494","39091750","chr9","96390861","96391117","37","57299367"
"JH378107","39096168","39096468","chr10","55116363","55116664","46","16020195"
"JH378107","39125799","39126109","chr2","34891557","34891863","34","4234242"
"JH378107","39128011","39128320","chr18","56208944","56209251","33","17080933"
"JH378107","39251590","39251889","chr22","40701009","40701309","39","1449419"
"JH378107","39276775","39277077","chr12","6781553","6781865","112","32495222"
"JH378107","39281604","39281920","chrX","28194989","28195297","40","11086615"
"JH378107","39296182","39296471","chr15","54120993","54121279","42","14824811"
"JH378107","39331304","39331527","chr9","21639574","21639785","44","17691730"
"JH378107","39365978","39366276","chr12","10064948","10065242","30","29301030"
"JH378107","39394005","39394301","chr12","10064948","10065242","39","29329057"
"JH378107","39402655","39402895","chr15","42506389","42506634","36","3103734"
"JH378107","39422502","39422828","chr12","18450793","18451114","52","20971709"
"JH378107","39581574","39581866","chr11","42115371","42115662","39","2533797"
"JH378107","39645763","39645904","chr3","90669571","90669712","13","51023808"
"JH378107","39724788","39725082","chr6","32045639","32045931","38","7679149"
"JH378107","39761184","39761299","chr13","61112232","61112346","12","21351048"
"JH378107","39867562","39867865","chr12","6781553","6781865","120","33086009"
"JH378107","39922036","39922312","chr21","56602482","56602744","43","16680446"
"JH378107","39958577","39958815","chr20","112474403","112474657","56","72515826"
"JH378107","39985640","39985784","chr15","19514175","19514311","30","20471465"
"JH378107","39999362","39999440","chr13","80920057","80920137","7","40920695"
"JH378107","40168794","40169098","chr16","18710057","18710354","50","21458737"
"JH378107","40190405","40190700","chr20","122789292","122789589","44","82598887"
"JH378107","40220670","40220975","chr15","19604675","19604974","47","20615995"
"JH378107","40254280","40254548","chr16","63652876","63653158","53","23398596"
"JH378107","40356295","40356581","chr11","934179","934468","45","39422116"
"JH378107","40361837","40362142","chr11","117737181","117737478","44","77375344"
"JH378107","40467208","40467501","chr2","5168180","5168471","35","35299028"
"JH378107","40556483","40556778","chr1","115205454","115205746","42","74648971"
"JH378107","40682842","40683141","chr13","74351346","74351645","43","33668504"
"JH378107","40835482","40835794","chr1","65504304","65504612","39","24668822"
"JH378107","40971849","40972144","chr12","10064948","10065242","27","30906901"
"JH378107","40988402","40988684","chr14","97941700","97941982","46","56953298"
"JH378107","41037960","41038260","chr8","52344592","52344885","41","11306632"
"JH378107","41096900","41096942","chrX","39302727","39302770","10","1794173"
"JH378107","41097112","41097323","chr25","73647297","73647508","39","32550185"
"JH378107","41156784","41157075","chr22","83647766","83648055","45","42490982"
"JH378107","41167665","41167783","chr6","8802293","8802413","11","32365372"
"JH378107","41347637","41347948","chr19","10628119","10628425","42","30719518"
"JH378107","41385762","41385962","chr9","20865524","20865726","34","20520238"
"JH378107","41453382","41453671","chr24","68542345","68542633","41","27088963"
"JH378107","41462459","41462760","chr12","10064948","10065242","26","31397511"
"JH378107","41463585","41463707","chr15","90834689","90834810","15","49371104"
"JH378107","41488941","41489240","chr1","46456050","46456345","40","4967109"
"JH378107","41524302","41524582","chr19","19502742","19503020","36","22021560"
"JH378107","41582275","41582399","chr20","104220685","104220809","17","62638410"
"JH378107","41600968","41601251","chr20","5974072","5974356","41","35626896"
"JH378107","41654378","41654650","chr26","50395265","50395544","41","8740887"
"JH378107","41729049","41729258","chr7","942802","942998","61","40786247"
"JH378107","41980216","41980515","chr2","36684882","36685179","42","5295334"
"JH378107","42018571","42018877","chr1","63634267","63634566","38","21615696"
"JH378107","42110148","42110440","chr7","111160999","111161297","47","69050851"
"JH378107","42216364","42216594","chr26","14438107","14438343","33","27778257"
"JH378107","42220134","42220439","chr17","55932609","55932918","42","13712475"
"JH378107","42372145","42372451","chr2","34891557","34891863","39","7480588"
"JH378107","42423263","42423529","chr20","116428512","116428772","42","74005249"
"JH378107","42453420","42453555","chr26","6591504","6591639","13","35861916"
"JH378107","42471318","42471616","chr12","10064948","10065242","30","32406370"
"JH378107","42513178","42513494","chrX","28194989","28195297","41","14318189"
"JH378107","42524415","42524732","chr11","115525233","115525542","39","73000818"
"JH378107","42568173","42568479","chr9","15987970","15988276","41","26580203"
"JH378107","42571934","42572222","chr1","64505503","64505779","48","21933569"
"JH378107","42576925","42577234","chr5","36774379","36774687","34","5802546"
"JH378107","42589606","42589914","chr26","46287307","46287615","40","3697701"
"JH378107","42615881","42616189","chr2","56143790","56144095","38","13527909"
"JH378107","42642895","42643193","chr1","10803268","10803561","37","31839627"
"JH378107","42663702","42663986","chr23","40696217","40696499","40","1967485"
"JH378107","42775522","42775834","chr26","47869038","47869341","45","5093516"
"JH378107","42873493","42873794","chr11","125798758","125799061","38","82925265"
"JH378107","42874092","42874361","chr9","41148065","41148333","41","1726027"
"JH378107","42899299","42899610","chr5","36774379","36774687","31","6124920"
"JH378107","42912972","42913282","chr1","65504304","65504612","35","22591332"
"JH378107","42947281","42947560","chr16","63652876","63653158","42","20705595"
"JH378107","42965000","42965307","chr8","39162872","39163180","40","3802128"
"JH378107","42970553","42970852","chr15","86758708","86759003","43","43788155"
"JH378107","42995830","42995979","chr9","59130238","59130387","17","16134408"
"JH378107","43019589","43019890","chr14","33103010","33103314","33","9916579"
"JH378107","43046286","43046577","chr12","10064948","10065242","33","32981338"
"JH378107","43307253","43307498","chr11","119259842","119260088","26","75952589"
"JH378107","43314504","43314810","chr16","2999161","2999470","50","40315343"
"JH378107","43465428","43465748","chr28_KE148105v1_random","340378","340686","41","43125050"
"JH378107","43488455","43488654","chr4","2418896","2419089","32","41069559"
"JH378107","43511875","43512164","chrX","23977849","23978143","47","19534026"
"JH378107","43629611","43629782","chr11","6683169","6683338","22","36946442"
"JH378107","43725984","43726285","chr8","24458170","24458474","43","19267814"
"JH378107","43736048","43736353","chr5","2273487","2273788","31","41462561"
"JH378107","43882424","43882554","chr3","91348390","91348521","11","47465966"
"JH378107","43952777","43953031","chr21","56602482","56602744","37","12649705"
"JH378107","44209562","44209641","chr16","3308866","3308945","8","40900696"
"JH378107","44220664","44220958","chr2","59461683","59461977","35","15241019"
"JH378107","44313083","44313165","chr5","67880800","67880883","13","23567717"
"JH378107","44313571","44313777","chr8","79585083","79585287","30","35271512"
"JH378107","44325050","44325368","chr5","24038204","24038515","57","20286846"
"JH378107","44336044","44336338","chr22","11671614","11671903","48","32664430"
"JH378107","44375960","44376253","chr14","33654873","33655167","45","10721087"
"JH378107","44393212","44393307","chr22","82220107","82220203","8","37826895"
"JH378107","44424537","44424626","chr3","65349691","65349782","13","20925154"
"JH378107","44460037","44460329","chr23","73077881","73078169","39","28617844"
"JH378107","44509899","44510208","chr2","35933723","35934028","37","8576176"
"JH378107","44533562","44533852","chr5","5727763","5728058","48","38805799"
"JH378107","44663773","44664077","chr14","38813996","38814293","48","5849777"
"JH378107","44675898","44676180","chr1","105168338","105168617","29","60492440"
"JH378107","44705466","44705772","chr3","78322458","78322761","35","33616992"
"JH378107","44710665","44710752","chr14","82610477","82610563","9","37899812"
"JH378107","44733546","44733623","chr13","63031813","63031889","8","18298267"
"JH378107","44735144","44735244","chr22","82220107","82220203","11","37484963"
"JH378107","44778466","44778756","chr1","105168338","105168617","45","60389872"
"JH378107","44856958","44857272","chr1","65504304","65504612","33","20647346"
"JH378107","44878385","44878709","chr8","66644262","66644564","43","21765877"
"JH378107","44912485","44912768","chr1","31818411","31818697","44","13094074"
"JH378107","44945520","44945811","chr9","81056861","81057162","48","36111341"
"JH378107","44952856","44953160","chr5","2273487","2273788","29","42679369"
"JH378107","44984476","44984769","chr18","56165308","56165595","40","11180832"
"JH378107","45013868","45013974","chr6","1067449","1067558","15","43946419"
"JH378107","45029046","45029134","chr19","7758593","7758681","11","37270453"
"JH378107","45046660","45046868","chr12","47348391","47348610","34","2301731"
"JH378107","45066503","45066798","chr12","10064948","10065242","23","35001555"
"JH378107","45068555","45068653","chr22","82220107","82220203","12","37151552"
"JH378107","45099199","45099500","chr12","6781553","6781865","128","38317646"
"JH378107","45100964","45101259","chr12","10064948","10065242","33","35036016"
"JH378107","45113370","45113518","chr24","12006231","12006380","16","33107139"
"JH378107","45136423","45136675","chr9","92500633","92500888","31","47364210"
"JH378107","45161699","45161987","chr11","42115371","42115662","40","3046328"
"JH378107","45189467","45189781","chr16","36083795","36084104","49","9105672"
"JH378107","45189785","45189936","chr1","7934683","7934834","27","37255102"
"JH378107","45241841","45242128","chr25","27279592","27279878","45","17962249"
"JH378107","45249152","45249466","chr21","56205015","56205329","37","10955863"
"JH378107","45265059","45265370","chr5","32919222","32919525","44","12345837"
"JH378107","45271319","45271624","chrX","125302543","125302844","33","80031224"
"JH378107","45291019","45291296","chr16","18091158","18091443","45","27199861"
"JH378107","45320169","45320434","chr4","77180812","77181084","40","31860643"
"JH378107","45328984","45329297","chr6","10625136","10625443","52","34703848"
"JH378107","45351807","45352071","chr5","21193983","21194260","48","24157824"
"JH378107","45419961","45420110","chr9","59130238","59130387","15","13710277"
"JH378107","45434655","45434925","chr11","40227465","40227746","46","5207190"
"JH378107","45446638","45446712","chr13","63031813","63031889","7","17585175"
"JH378107","45618079","45618228","chr9","38192622","38192768","17","7425457"
"JH378107","45645134","45645434","chr24","1147887","1148184","33","44497247"
"JH378107","45981280","45981573","chr13","65577132","65577425","33","19595852"
"JH378107","46020269","46020556","chr11","115292126","115292409","53","69271857"
"JH378107","46045708","46046018","chr11","45833907","45834215","38","211801"
"JH378107","46127619","46127923","chr12","10064948","10065242","36","36062671"
"JH378107","46381086","46381376","chr3","82509225","82509507","30","36128139"
"JH378107","46487889","46488193","chr11","105852933","105853227","43","59365044"
"JH378107","46710551","46710857","chr5","2273487","2273788","34","44437064"
"JH378107","46777388","46777729","chr7","114556572","114556907","63","67779184"
"JH378107","46784078","46784304","chr5","17972207","17972425","53","28811871"
"JH378107","46785529","46785791","chr4","41709370","41709628","60","5076159"
"JH378107","46800297","46800604","chr3","63768734","63769038","36","16968437"
"JH378107","46805668","46805961","chr12","10064948","10065242","30","36740720"
"JH378107","46808079","46808198","chr6","44144914","44145033","11","2663165"
"JH378107","46821892","46822188","chr12","10064948","10065242","31","36756944"
"JH378107","46822217","46822509","chr12","60432247","60432540","36","13610030"
"JH378107","46826177","46826494","chr1","65504304","65504612","43","18678127"
"JH378107","46851572","46851701","chr14","86477174","86477304","15","39625602"
"JH378107","46855949","46856259","chr15","86928795","86929095","39","40072846"
"JH378107","46888742","46888837","chr14","76690705","76690804","28","29801963"
"JH378107","46917700","46917838","chr3","90669571","90669712","12","43751871"
"JH378107","46923879","46924168","chr21","85602981","85603272","52","38679102"
"JH378107","46946165","46946475","chr6","15953108","15953417","45","30993057"
"JH378107","46967158","46967288","chr3","91348390","91348521","10","44381232"
"JH378107","46988644","46988774","chr16","4500752","4500881","15","42487892"
"JH378107","47000925","47001224","chr1","62770679","62770970","48","15769754"
"JH378107","47005380","47005670","chr5","20203598","20203894","48","26801782"
"JH378107","47013057","47013306","chr16","73748539","73748789","40","26735482"
"JH378107","47063779","47064062","chr12","18835626","18835904","34","28228153"
"JH378107","47069925","47070090","chr13","51619899","51620061","25","4549974"
"JH378107","47096305","47096604","chr12","10064948","10065242","24","37031357"
"JH378107","47145750","47145892","chr3","90669571","90669712","24","43523821"
"JH378107","47161104","47161400","chr26","18708576","18708870","33","28452528"
"JH378107","47174175","47174432","chr13","35645639","35645888","42","11528536"
"JH378107","47203013","47203298","chr8","25441190","25441481","40","21761823"
"JH378107","47226709","47227007","chr11","64255685","64255978","39","17028976"
"JH378107","47234382","47234677","chr14","99056270","99056566","44","51821888"
"JH378107","47274538","47274615","chr13","63031813","63031889","8","15757275"
"JH378107","47275497","47275790","chr12","10064948","10065242","36","37210549"
"JH378107","47279370","47279446","chr13","63031813","63031889","8","15752443"
"JH378107","47285202","47285512","chr12","17915779","17916084","30","29369423"
"JH378107","47286030","47286325","chrX","104601258","104601549","45","57315228"
"JH378107","47308699","47308826","chr16","31737705","31737835","12","15570994"
"JH378107","47329974","47330174","chr12","104574975","104575178","34","57245001"
"JH378107","47505540","47505837","chr12","10064948","10065242","23","37440592"
"JH378107","47514934","47515240","chr5","2273487","2273788","32","45241447"
"JH378107","47637106","47637389","chr26","21070479","21070763","39","26566627"
"JH378107","47637396","47637436","chr2","1310567","1310606","7","46326829"
"JH378107","47656561","47656772","chr16","6238673","6238883","29","41417888"
"JH378107","47766197","47766502","chr5","55151098","55151402","42","7384901"
"JH378107","47770254","47770384","chr3","91348390","91348521","13","43578136"
"JH378107","47775073","47775384","chr8","1760359","1760667","33","46014714"
"JH378107","47842494","47842624","chr20","20852752","20852882","13","26989742"
"JH378107","47861091","47861398","chr5","2273487","2273788","27","45587604"
"JH378107","47861767","47862066","chr28","7149615","7149903","38","40712152"
"JH378107","47891408","47891518","chr16","42164895","42165003","17","5726513"
"JH378107","47891558","47891791","chr20","92882451","92882681","30","44990893"
"JH378107","47927463","47927593","chr20","20852752","20852882","10","27074711"
"JH378107","48020425","48020464","chr16","40010881","40010918","6","8009544"
"JH378107","48044967","48045247","chr22","43966779","43967052","47","4078188"
"JH378107","48119702","48119998","chr11","96783900","96784200","59","48664198"
"JH378107","48129893","48130023","chr23","82201349","82201479","15","34071456"
"JH378107","48250729","48251030","chr12","10064948","10065242","29","38185781"
"JH378107","48346705","48346984","chr5","21193983","21194260","38","27152722"
"JH378107","48404096","48404375","chr14","60694393","60694674","38","12290297"
"JH378107","48522369","48522675","chr5","2273487","2273788","34","46248882"
"JH378107","48562138","48562437","chr12","10064948","10065242","28","38497190"
"JH378107","48588612","48588897","chr26","20269198","20269489","35","28319414"
"JH378107","48589336","48589423","chr15","39050206","39050292","18","9539130"
"JH378107","48612447","48612782","chr16","52975249","52975580","58","4362802"
"JH378107","48642213","48642428","chr3","83606508","83606722","32","34964295"
"JH378107","48707039","48707333","chrX","23977849","23978143","33","24729190"
"JH378107","48757858","48757929","chr13","63031813","63031889","11","14273955"
"JH378107","48784008","48784308","chr12","10064948","10065242","33","38719060"
"JH378107","48814820","48815079","chr20","116428512","116428772","41","67613692"
"JH378107","48996753","48997062","chr12","74217361","74217667","34","25220608"
"JH378107","49049397","49049704","chr16","30398852","30399159","35","18650545"
"JH378107","49119737","49120052","chr26","6059541","6059849","38","43060196"
"JH378107","49309069","49309344","chr9","114015180","114015455","38","64706111"
"JH378107","49317175","49317478","chr11","115525233","115525542","42","66208058"
"JH378107","49319415","49319727","chr1","65504304","65504612","34","16184889"
"JH378107","49342431","49342735","chr16","30398852","30399159","29","18943579"
"JH378107","49349528","49349770","chr15","77680668","77680924","38","28331140"
"JH378107","49351845","49352069","chr6","2372111","2372337","30","46979734"
"JH378107","49352959","49353074","chr15","90834689","90834810","15","41481730"
"JH378107","49358941","49359258","chr2","58045145","58045453","38","8686204"
"JH378107","49399102","49399179","chr13","63031813","63031889","9","13632711"
"JH378107","49464233","49464545","chr2","34891557","34891863","44","14572676"
"JH378107","49763541","49763810","chr5","27332348","27332618","40","22431193"
"JH378107","49834707","49835008","chr10","122219967","122220268","39","72385260"
"JH378107","49900390","49900663","chr21","61152043","61152312","39","11251653"
"JH378107","49958906","49959203","chr4","49245649","49245947","44","713257"
"JH378107","49961473","49961781","chr29","8278863","8279172","35","41682610"
"JH378107","49980461","49980765","chr5","2273487","2273788","34","47706974"
"JH378107","50080723","50081029","chr12","10064948","10065242","32","40015775"
"JH378107","50086154","50086447","chr16","4166820","4167115","33","45919334"
"JH378107","50111080","50111371","chr29","12355751","12356042","40","37755329"
"JH378107","50151494","50151629","chr26","6591504","6591639","13","43559990"
"JH378107","50154129","50154421","chr20","101506461","101506755","36","51352332"
"JH378107","50204758","50205056","chrX","15732035","15732323","40","34472723"
"JH378107","50273230","50273522","chr11","75291146","75291441","39","25017916"
"JH378107","50291909","50292217","chr8","96089866","96090170","36","45797957"
"JH378107","50457907","50458203","chr17","41790355","41790647","35","8667552"
"JH378107","50493253","50493560","chr15","3702894","3703194","43","46790359"
"JH378107","50519355","50519662","chr1","65504304","65504612","34","14984949"
"JH378107","50566222","50566497","chr15","57939854","57940135","47","7373632"
"JH378107","50625416","50625722","chr20","2877456","2877758","44","47747960"
"JH378107","50637097","50637391","chr13","65577132","65577425","39","14940035"
"JH378107","50675853","50676150","chr28","13557476","13557782","48","37118377"
"JH378107","50709752","50710045","chr7","86104707","86105000","41","35394955"
"JH378107","50725978","50726270","chrX","122834172","122834462","42","72108194"
"JH378107","51074140","51074437","chr8","95885898","95886192","27","44811758"
"JH378107","51120674","51120983","chr2","34891557","34891863","31","16229117"
"JH378107","51155223","51155348","chr20","115102100","115102215","18","63946877"
"JH378107","51155703","51155863","chr9","85564984","85565140","29","34409281"
"JH378107","51168866","51169168","chr18","14936633","14936932","39","36232233"
"JH378107","51187406","51187521","chr19","4737644","4737758","16","46449762"
"JH378107","51192705","51193005","chr12","10064948","10065242","31","41127757"
"JH378107","51276783","51276983","chr16","46156303","46156497","34","5120480"
"JH378107","51381274","51381585","chr6","16598509","16598818","32","34782765"
"JH378107","51559834","51560120","chr13","65577132","65577425","44","14017298"
"JH378107","51582515","51582809","chr3","73421645","73421940","52","21839130"
"JH378107","51585435","51585579","chr17","47733511","47733658","14","3851924"
"JH378107","51606230","51606521","chr9","55812466","55812757","36","4206236"
"JH378107","51674962","51675243","chr10","16080212","16080493","34","35594750"
"JH378107","51685691","51685969","chr18","57500422","57500700","35","5814731"
"JH378107","51697933","51698231","chr16","33182065","33182368","36","18515868"
"JH378107","51707382","51707663","chr25","14438271","14438549","35","37269111"
"JH378107","51711712","51711991","chr5","52781293","52781575","41","1069581"
"JH378107","51717377","51717679","chr5","2273487","2273788","38","49443890"
"JH378107","51723560","51723855","chr1","19523613","19523919","44","32199947"
"JH378107","51732232","51732533","chr23","68451127","68451430","36","16718895"
"JH378107","51800088","51800370","chr11","111209354","111209643","55","59409266"
"JH378107","51907309","51907612","chr1","68219231","68219530","39","16311922"
"JH378107","51936216","51936447","chr2","47319068","47319298","33","4617148"
"JH378107","51969509","51969793","chr5","20366749","20367033","34","31602760"
"JH378107","52004647","52004962","chr24","68895333","68895641","33","16890686"
"JH378107","52020233","52020532","chr11","96783900","96784200","33","44763667"
"JH378107","52023909","52024215","chr12","96420838","96421145","38","44396929"
"JH378107","52058906","52059199","chr5","26503887","26504181","32","25555019"
"JH378107","52127381","52127693","chrX","62513903","62514213","34","10386522"
"JH378107","52146141","52146451","chr12","10064948","10065242","40","42081193"
"JH378107","52148248","52148530","chr12","10064948","10065242","39","42083300"
"JH378107","52201731","52202032","chr6","41679859","41680157","33","10521872"
"JH378107","52210595","52210720","chr15","90834689","90834810","13","38624094"
"JH378107","52247745","52248012","chr20","23609000","23609272","47","28638745"
"JH378107","52336072","52336379","chr29","2740091","2740398","45","49595981"
"JH378107","52390356","52390449","chr22","82220107","82220203","10","29829751"
"JH378107","52403350","52403660","chr8","81998382","81998693","35","29595032"
"JH378107","52408825","52409122","chr12","10064948","10065242","29","42343877"
"JH378107","52447614","52447906","chrX","17246394","17246689","44","35201220"
"JH378107","52661774","52661893","chr10","8087797","8087917","13","44573977"
"JH378107","52666105","52666418","chr2","21278006","21278325","41","31388099"
"JH378107","52680810","52681115","chr19","26137721","26138026","39","26543089"
"JH378107","52682592","52682902","chr11","20333718","20334026","38","32348874"
"JH378107","52697091","52697370","chrX","17642477","17642761","45","35054614"
"JH378107","52698270","52698580","chr16","33182065","33182368","39","19516205"
"JH378107","52714922","52715080","chr17","26054914","26055076","24","26660008"
"JH378107","52732754","52733051","chrX","23977849","23978143","37","28754905"
"JH378107","52758181","52758470","chr16","30637924","30638212","36","22120257"
"JH378107","52796857","52797180","chr13","84743392","84743699","65","31946535"
"JH378107","52876005","52876306","chr12","10064948","10065242","40","42811057"
"JH378107","52880381","52880659","chr19","12562553","12562828","41","40317828"
"JH378107","52906571","52906870","chr20","105293149","105293436","50","52386578"
"JH378107","52982087","52982176","chr3","65349691","65349782","12","12367604"
"JH378107","53006697","53007011","chr26","38024857","38025165","34","14981840"
"JH378107","53007456","53007764","chr18","3203332","3203636","33","49804124"
"JH378107","53119067","53119191","chr15","90834689","90834810","12","37715622"
"JH378107","53138793","53139090","chr6","32045639","32045931","37","21093154"
"JH378107","53163312","53163614","chr6","17436440","17436738","54","35726872"
"JH378107","53206770","53206981","chr15","82175072","82175282","22","28968302"
"JH378107","53271933","53272162","chr5","36485418","36485657","35","16786515"
"JH378107","53321866","53322173","chr23","44247755","44248062","38","9074111"
"JH378107","53346123","53346200","chr13","63031813","63031889","8","9685690"
"JH378107","53358540","53358847","chrX","86900198","86900506","38","33541658"
"JH378107","53360198","53360499","chr1","1743379","1743679","50","51616819"
"JH378107","53441738","53442049","chr4","88788880","88789184","41","35347142"
"JH378107","53535123","53535435","chr2","34891557","34891863","39","18643566"
"JH378107","53567170","53567387","chr7","81053847","81054047","47","27486677"
"JH378107","53567725","53567945","chr15","17645426","17645647","35","35922299"
"JH378107","53655481","53655652","chr9","94274278","94274439","33","40618797"
"JH378107","53655838","53655981","chr3","90669571","90669712","25","37013733"
"JH378107","53792506","53792751","chr11","119259842","119260088","31","65467336"
"JH378107","53794875","53795181","chr5","2273487","2273788","37","51521388"
"JH378107","53845745","53846003","chrX","38948847","38949111","44","14896898"
"JH378107","53915648","53915913","chrX","112037324","112037590","47","58121676"
"JH378107","53978617","53978901","chr14","46079115","46079407","53","7899502"
"JH378107","54030124","54030419","chr12","71369424","71369716","51","17339300"
"JH378107","54123234","54123512","chrX","49498574","49498857","34","4624660"
"JH378107","54206535","54206835","chr16","56358222","56358516","46","2151687"
"JH378107","54239239","54239541","chr9","96331615","96331919","38","42092376"
"JH378107","54261705","54262013","chr11","58110010","58110310","46","3848305"
"JH378107","54268671","54268976","chr20","91789557","91789859","36","37520886"
"JH378107","54298710","54298993","chr7","100037094","100037378","36","45738384"
"JH378107","54299634","54299816","chr1","62235075","62235265","35","7935441"
"JH378107","54331627","54331756","chr16","4500752","4500881","13","49830875"
"JH378107","54375433","54375727","chr13","65577132","65577425","29","11201699"
"JH378107","54446407","54446510","chr1","39939684","39939788","9","14506723"
"JH378107","54470763","54471070","chr8","96089866","96090170","42","41619103"
"JH378107","54508798","54509106","chr11","45679891","45680196","37","8828907"
"JH378107","54539314","54539607","chr12","10064948","10065242","37","44474366"
"JH378107","54598491","54598786","chr29","10722547","10722839","37","43875944"
"JH378107","54633161","54633475","chr20","98111845","98112145","44","43478684"
"JH378107","54738821","54739064","chr16","5798617","5798859","31","48940204"
"JH378107","54746981","54747028","chr3","23169107","23169155","5","31577874"
"JH378107","54821044","54821267","chr1","33314536","33314751","42","21506508"
"JH378107","54897758","54898055","chr21","32338307","32338599","45","22559451"
"JH378107","55009615","55009935","chrX","94817369","94817685","51","39807754"
"JH378107","55025233","55025498","chr21","56602482","56602744","33","1577249"
"JH378107","55066969","55067191","chrX","112046945","112047179","32","56979976"
"JH378107","55163563","55163772","chr16","6238673","6238883","22","48924890"
"JH378107","55303312","55303399","chr19","7758593","7758681","9","47544719"
"JH378107","55368356","55368671","chrX","88987469","88987776","36","33619113"
"JH378107","55524651","55524949","chr12","10064948","10065242","27","45459703"
"JH378107","55527785","55528084","chr1","16060873","16061165","37","39466912"
"JH378107","55652534","55652636","chr1","62097932","62098038","18","6445398"
"JH378107","55656575","55656892","chr20","105941906","105942211","36","50285331"
"JH378107","55684903","55685199","chr12","10064948","10065242","32","45619955"
"JH378107","55691607","55691868","chr6","38291436","38291692","35","17400171"
"JH378107","55742541","55742855","chr1","65504304","65504612","37","9761763"
"JH378107","55752603","55752903","chr23","25972738","25973023","58","29779865"
"JH378107","55798843","55799168","chr15","51285449","51285770","44","4513394"
"JH378107","55818335","55818648","chr1","65504304","65504612","32","9685969"
"JH378107","55828772","55829057","chr12","62670007","62670295","35","6841235"
"JH378107","55869153","55869238","chr16","4405728","4405812","7","51463425"
"JH378107","55871332","55871621","chr2","5168180","5168471","38","50703152"
"JH378107","55889387","55889687","chr11","51624065","51624366","37","4265322"
"JH378107","55921024","55921152","chr3","91348390","91348521","12","35427366"
"JH378107","55926343","55926624","chr12","62836963","62837235","39","6910620"
"JH378107","55928805","55928888","chr5","67880800","67880883","7","11951995"
"JH378107","55933130","55933430","chr5","45564984","45565290","46","10368146"
"JH378107","55935065","55935322","chr9","96390861","96391117","31","40455796"
"JH378107","55956508","55956803","chr12","10064948","10065242","31","45891560"
"JH378107","55983429","55983551","chr3","72385674","72385796","15","16402245"
"JH378107","56005720","56005797","chr13","63031813","63031889","7","7026093"
"JH378107","56021191","56021482","chr7","91833238","91833529","49","35812047"
"JH378107","56051242","56051526","chr28","13556614","13556903","37","42494628"
"JH378107","56068146","56068387","chr25","28824650","28824889","59","27243496"
"JH378107","56086428","56086516","chr3","65349691","65349782","10","9263263"
"JH378107","56129094","56129390","chr12","6781553","6781865","80","49347541"
"JH378107","56168106","56168280","chr10","63425686","63425865","32","7257580"
"JH378107","56172347","56172630","chr1","10803268","10803561","41","45369079"
"JH378107","56177806","56178102","chr10","21690582","21690883","35","34487224"
"JH378107","56204421","56204720","chr6","32045639","32045931","37","24158782"
"JH378107","56212944","56213255","chr6","15953108","15953417","31","40259836"
"JH378107","56262137","56262433","chr21","13834100","13834395","33","42428037"
"JH378107","56272917","56273227","chr2","34891557","34891863","33","21381360"
"JH378107","56288950","56289241","chr22","40701009","40701309","40","15587941"
"JH378107","56346040","56346363","chr14","48869797","48870112","44","7476243"
"JH378107","56430978","56431278","chr1","15620791","15621092","29","40810187"
"JH378107","56462943","56463247","chr12","60432247","60432540","41","3969304"
"JH378107","56468247","56468551","chr12","10064948","10065242","30","46403299"
"JH378107","56589725","56590000","chr6","10577820","10578099","40","46011905"
"JH378107","56716197","56716493","chrX","26639649","26639945","34","30076548"
"JH378107","56720911","56721178","chr2","6843755","6844035","41","49877156"
"JH378107","56734957","56735271","chr8","110871825","110872139","41","54136868"
"JH378107","56735763","56736065","chr1","21495000","21495304","41","35240763"
"JH378107","56792925","56793219","chr22","51191011","51191308","38","5601914"
"JH378107","56811850","56812141","chr12","10064948","10065242","33","46746902"
"JH378107","56814907","56815164","chr6","38291436","38291692","36","18523471"
"JH378107","56818593","56818884","chr26","3416516","3416812","43","53402077"
"JH378107","56830931","56831022","chrX","2017984","2018087","19","54812947"
"JH378107","56834472","56834764","chrX","44778985","44779274","49","12055487"
"JH378107","56835621","56835928","chr5","2273487","2273788","34","54562134"
"JH378107","56865339","56865488","chr7","75271378","75271525","18","18406039"
"JH378107","56870279","56870486","chrX","44433684","44433881","31","12436595"
"JH378107","56879835","56880125","chr15","11054557","11054844","52","45825278"
"JH378107","56896051","56896337","chrX","95460911","95461200","38","38564860"
"JH378107","56900200","56900490","chr21","36464675","36464969","33","20435525"
"JH378107","56901046","56901329","chr8","21701926","21702207","45","35199120"
"JH378107","56941176","56941477","chr8","52344592","52344885","36","4596584"
"JH378107","56953643","56953939","chr6","1566908","1567205","54","55386735"
"JH378107","56967706","56968003","chr12","10064948","10065242","36","46902758"
"JH378107","56981082","56981196","chr4","60395666","60395783","12","3414584"
"JH378107","56995126","56995434","chr3","4141125","4141428","49","52854001"
"JH378107","57010773","57011045","chr16","58425585","58425837","42","1414812"
"JH378107","57035299","57035596","chr21","30590903","30591190","36","26444396"
"JH378107","57043655","57043960","chrX","21828880","21829177","38","35214775"
"JH378107","57049387","57049688","chr11","4350721","4351023","37","52698666"
"JH378107","57052344","57052639","chr18","71629517","71629808","40","14577173"
"JH378107","57076365","57076547","chr5","74155066","74155247","24","17078701"
"JH378107","57078827","57079118","chrX","468680","468977","43","56610147"
"JH378107","57115068","57115323","chr23","27842421","27842672","35","29272647"
"JH378107","57230086","57230323","chr20","22435405","22435643","51","34794681"
"JH378107","57238457","57238749","chr1","10803268","10803561","40","46435189"
"JH378107","57262658","57262737","chr6","39129950","39130034","17","18132708"
"JH378107","57262947","57263097","chr9","59130238","59130387","13","1867291"
"JH378107","57273767","57274061","chr14","63350504","63350803","42","6076737"
"JH378107","57275344","57275647","chr16","36083795","36084104","39","21191549"
"JH378107","57279204","57279284","chr20","86496231","86496314","10","29217027"
"JH378107","57284479","57284715","chr4","65263354","65263597","38","7978875"
"JH378107","57292838","57293143","chr5","2273487","2273788","29","55019351"
"JH378107","57340004","57340080","chr13","63031813","63031889","6","5691809"
"JH378107","57341445","57341703","chr21","49966203","49966477","44","7375242"
"JH378107","57344878","57345173","chr6","11944778","11945070","55","45400100"
"JH378107","57347396","57347694","chr12","10064948","10065242","35","47282448"
"JH378107","57371194","57371494","chr20","87404408","87404710","39","30033214"
"JH378107","57371526","57371621","chr22","82220107","82220203","11","24848581"
"JH378107","57371800","57372086","chr9","28771476","28771762","33","28600324"
"JH378107","57386457","57386774","chr1","65504304","65504612","38","8117847"
"JH378107","57387004","57387133","chr20","20852752","20852882","11","36534252"
"JH378107","57396527","57396837","chr10","87768101","87768408","40","30371574"
"JH378107","57399614","57399924","chr12","74217361","74217667","35","16817747"
"JH378107","57400069","57400377","chr25","43964747","43965050","36","13435322"
"JH378107","57490746","57490984","chr26","14438107","14438343","33","43052639"
"JH378107","57503236","57503527","chr13","36927522","36927813","44","20575714"
"JH378107","57506809","57506898","chr22","82220107","82220203","10","24713298"
"JH378107","57535180","57535309","chr20","20852752","20852882","11","36682428"
"JH378107","57593935","57594025","chr3","65349691","65349782","11","7755756"
"JH378107","57600181","57600309","chr11","106843296","106843425","11","49243115"
"JH378107","57602658","57602788","chr3","91348390","91348521","10","33745732"
"JH378107","57642066","57642154","chr19","7758593","7758681","9","49883473"
"JH378107","57643221","57643515","chr12","10064948","10065242","26","47578273"
"JH378107","57666153","57666246","chr22","82220107","82220203","11","24553954"
"JH378107","57675372","57675683","chr6","9315866","9316173","33","48359506"
"JH378107","57676640","57676738","chr22","82220107","82220203","7","24543467"
"JH378107","57686004","57686303","chr21","22838763","22839060","33","34847241"
"JH378107","57690883","57691177","chr8","134989821","134990115","39","77298938"
"JH378107","57730562","57730652","chr19","7758593","7758681","10","49971969"
"JH378107","57740633","57740947","chr1","68219231","68219530","44","10478598"
"JH378107","57748614","57748912","chr2","5168180","5168471","42","52580434"
"JH378107","57750749","57751028","chr11","125862515","125862792","50","68111766"
"JH378107","57755588","57755717","chr15","3100918","3101052","18","54654670"
"JH378107","57767047","57767335","chr12","10064948","10065242","44","47702099"
"JH378107","57821583","57821698","chr20","115102100","115102215","10","57280517"
"JH378107","57840529","57840809","chr10","117336899","117337182","36","59496370"
"JH378107","57850309","57850392","chr5","67880800","67880883","6","10030491"
"JH378107","57856988","57857281","chr12","10064948","10065242","34","47792040"
"JH378107","57861792","57862080","chr26","38637329","38637616","37","19224463"
"JH378107","57867901","57868188","chr1","103415790","103416081","38","45547889"
"JH378107","57871320","57871631","chr11","115525233","115525542","33","57653913"
"JH378107","57887433","57887562","chr20","20852752","20852882","11","37034681"
"JH378107","57901605","57901864","chr24","67332324","67332577","32","9430719"
"JH378107","57908779","57908898","chr6","44144914","44145033","16","13763865"
"JH378107","57921172","57921459","chr9","83383980","83384273","43","25462808"
"JH378107","57921502","57921592","chr5","67880800","67880883","13","9959298"
"JH378107","57925770","57925921","chr9","22587849","22587997","17","35337921"
"JH378107","57934822","57935126","chr5","2273487","2273788","26","55661335"
"JH378107","57950078","57950362","chr10","55224096","55224386","32","2725982"
"JH378107","57955218","57955507","chr5","20366749","20367033","38","37588469"
"JH378107","57963060","57963355","chr12","10064948","10065242","39","47898112"
"JH378107","58054240","58054549","chr27","25506578","25506885","39","32547662"
"JH378107","58088906","58089023","chr16","66101721","66101851","25","8012815"
"JH378107","58118786","58118933","chr9","59130238","59130387","16","1011452"
"JH378107","58128164","58128258","chr22","82220107","82220203","8","24091943"
"JH378107","58146905","58147211","chr5","36774379","36774687","36","21372526"
"JH378107","58147332","58147460","chr3","91348390","91348521","13","33201058"
"JH378107","58148626","58148720","chr22","82220107","82220203","9","24071481"
"JH378107","58152554","58152662","chr6","1067449","1067558","12","57085105"
"JH378107","58177290","58177385","chr22","82220107","82220203","6","24042817"
"JH378107","58192028","58192331","chr11","53220620","53220917","39","4971408"
"JH378107","58202276","58202395","chr6","44144914","44145033","12","14057362"
"JH378107","58203331","58203636","chr5","2273487","2273788","32","55929844"
"JH378107","58206671","58206746","chr13","63031813","63031889","6","4825142"
"JH378107","58208585","58208715","chr9","99766001","99766131","13","41557416"
"JH378107","58235328","58235464","chr3","91348390","91348521","16","33113062"
"JH378107","58238961","58239061","chr22","82220107","82220203","11","23981146"
"JH378107","58252820","58253123","chr8","52344592","52344885","37","5908228"
"JH378107","58254366","58254650","chr20","18848288","18848574","33","39406078"
"JH378107","58275480","58275569","chr16","4405728","4405812","11","53869752"
"JH378107","58284606","58284696","chr22","82220107","82220203","9","23935501"
"JH378107","58285422","58285500","chr13","63031813","63031889","8","4746391"
"JH378107","58290962","58291264","chr12","10064948","10065242","35","48226014"
"JH378108","50855780","50856061","chr26","18036323","18036609","36","32819457"
"JH378108","72624","72935","chr2","34891557","34891863","31","34818933"
"JH378108","118851","119153","chr12","10064948","10065242","23","9946097"
"JH378108","124818","125088","chr11","18922624","18922897","41","18797806"
"JH378108","135023","135291","chr12","6781553","6781865","98","6646530"
"JH378108","236184","236498","chr11","115525233","115525542","37","115289049"
"JH378108","288127","288410","chr8","71156733","71157020","37","70868606"
"JH378108","345692","345982","chr12","74716502","74716795","49","74370810"
"JH378108","416613","416912","chr12","10064948","10065242","32","9648335"
"JH378108","433843","433993","chr9","59130238","59130387","18","58696395"
"JH378108","458355","458493","chr3","90669571","90669712","17","90211216"
"JH378108","475340","475636","chr20","57949871","57950172","28","57474531"
"JH378108","497276","497548","chr6","35943573","35943854","44","35446297"
"JH378108","563634","563939","chr17","35258575","35258878","40","34694941"
"JH378108","607274","607578","chr16","33182065","33182368","41","32574791"
"JH378108","674818","675094","chr11","4583577","4583855","51","3908759"
"JH378108","682196","682441","chrX","100815170","100815406","47","100132974"
"JH378108","701590","701898","chr5","33074148","33074451","38","32372558"
"JH378108","711485","711784","chr2","35931939","35932239","36","35220454"
"JH378108","843287","843467","chrX","69874323","69874503","33","69031036"
"JH378108","852407","852690","chr8","52344592","52344885","42","51492185"
"JH378108","902103","902411","chr1","2872653","2872961","41","1970550"
"JH378108","915648","915939","chr10","56533422","56533699","37","55617774"
"JH378108","931049","931342","chr16","48421590","48421886","36","47490541"
"JH378108","958173","958294","chr3","72385674","72385796","11","71427501"
"JH378108","965477","965781","chr11","51624065","51624366","37","50658588"
"JH378108","1023942","1024242","chr8","21063370","21063667","42","20039428"
"JH378108","1063413","1063713","chr1","68219231","68219530","29","67155818"
"JH378108","1139224","1139306","chr5","67880800","67880883","7","66741576"
"JH378108","1292169","1292263","chr26","9983962","9984057","20","8691793"
"JH378108","1292574","1292762","chr2_KE147952v1_random","10305","10493","24","1282269"
"JH378108","1317332","1317427","chr22","82220107","82220203","7","80902775"
"JH378108","1322003","1322301","chr1","120119656","120119957","35","118797653"
"JH378108","1344310","1344588","chr23","74701091","74701369","40","73356781"
"JH378108","1378383","1378691","chr2","34891557","34891863","30","33513174"
"JH378108","1433224","1433503","chr20","111128795","111129075","33","109695571"
"JH378108","1434776","1435062","chr1","68832399","68832687","40","67397623"
"JH378108","1452949","1453054","chr6","1067449","1067558","9","385500"
"JH378108","1504879","1505153","chr4","53346939","53347217","39","51842060"
"JH378108","1507916","1508216","chr8","66644262","66644564","27","65136346"
"JH378108","1552947","1553244","chr24","56631751","56632042","59","55078804"
"JH378108","1597608","1597894","chr23","45052808","45053089","46","43455200"
"JH378108","1604102","1604366","chr25","82379602","82379865","36","80775500"
"JH378108","1644176","1644476","chr12","10064948","10065242","25","8420772"
"JH378108","1652556","1652874","chr11","40006393","40006682","67","38353837"
"JH378108","1657931","1658080","chr3","90669571","90669712","28","89011640"
"JH378108","1699089","1699393","chr12","100081445","100081751","44","98382356"
"JH378108","1736022","1736112","chr3","65349691","65349782","10","63613669"
"JH378108","1756961","1757251","chr7","29650533","29650818","36","27893572"
"JH378108","1757749","1758039","chr7","29650533","29650818","36","27892784"
"JH378108","1784029","1784325","chr12","10064948","10065242","28","8280919"
"JH378108","1794624","1794899","chr20","48800294","48800565","44","47005670"
"JH378108","1795604","1795912","chr20","85624325","85624630","42","83828721"
"JH378108","1802598","1802702","chr1","39939684","39939788","12","38137086"
"JH378108","1809771","1810052","chrX","34293530","34293809","37","32483759"
"JH378108","1890377","1890669","chr5","43051685","43051979","40","41161308"
"JH378108","1944079","1944383","chr12","17691442","17691738","38","15747363"
"JH378108","1995660","1995955","chr12","10064948","10065242","29","8069288"
"JH378108","2004229","2004481","chr14","68709926","68710177","34","66705697"
"JH378108","2032880","2033186","chr1","19199189","19199495","43","17166309"
"JH378108","2048260","2048543","chr11","118169406","118169696","47","116121146"
"JH378108","2068675","2068959","chrX","29936084","29936366","40","27867409"
"JH378108","2108184","2108489","chr7","70016163","70016465","36","67907979"
"JH378108","2254664","2254966","chr20_KE148049v1_random","1207969","1208266","36","1046695"
"JH378108","2265800","2266094","chr17","66575990","66576280","35","64310190"
"JH378108","2272559","2272868","chr14","38826241","38826549","46","36553682"
"JH378108","2277732","2277811","chr5","67880800","67880883","11","65603068"
"JH378108","2329787","2330096","chr16","33182065","33182368","41","30852278"
"JH378108","2369951","2370232","chr25","48211707","48211986","37","45841756"
"JH378108","2437554","2437701","chr17","47733511","47733658","15","45295957"
"JH378108","2487065","2487349","chr2","76921775","76922048","40","74434710"
"JH378108","2494096","2494411","chr18","9388916","9389224","36","6894820"
"JH378108","2516519","2516810","chr14","92191883","92192164","43","89675364"
"JH378108","2603228","2603527","chr12","10064948","10065242","28","7461720"
"JH378108","2605247","2605509","chr1","111829907","111830168","38","109224660"
"JH378108","2610645","2610953","chr16","51501244","51501546","40","48890599"
"JH378108","2646759","2647050","chr12","10064948","10065242","33","7418189"
"JH378108","2665457","2665556","chr17","40217264","40217370","18","37551807"
"JH378108","2693401","2693704","chr16","53213011","53213300","52","50519610"
"JH378108","2693714","2694021","chr16","14358940","14359244","34","11665226"
"JH378108","2711816","2712105","chrX","18278407","18278706","59","15566591"
"JH378108","2811550","2811844","chr11","42115371","42115662","40","39303821"
"JH378108","2829618","2829710","chr16","16463904","16464000","18","13634286"
"JH378108","2967289","2967568","chr20","98557643","98557919","39","95590354"
"JH378108","3046133","3046442","chr24","68895333","68895641","32","65849200"
"JH378108","3103895","3104195","chr12","10064948","10065242","28","6961053"
"JH378108","3162029","3162314","chr4","53346939","53347217","34","50184910"
"JH378108","3180830","3181138","chr28","4550302","4550608","31","1369472"
"JH378108","3212601","3212695","chr22","82220107","82220203","9","79007506"
"JH378108","3254613","3254898","chr21","68740816","68741105","39","65486203"
"JH378108","3266478","3266783","chr21","13830726","13831028","32","10564248"
"JH378108","3318695","3318995","chr14","83371933","83372231","34","80053238"
"JH378108","3488275","3488572","chrX","23977849","23978143","35","20489574"
"JH378108","3523503","3523793","chr5","1720771","1721058","35","1802732"
"JH378108","3564580","3564871","chr5","1720771","1721058","38","1843809"
"JH378108","3632610","3632897","chr11","46825621","46825911","43","43193011"
"JH378108","3666484","3666779","chr12","10064948","10065242","32","6398464"
"JH378108","3671439","3671728","chr18","71629517","71629808","46","67958078"
"JH378108","3705088","3705381","chr5","27382337","27382623","37","23677249"
"JH378108","3711960","3712153","chr6","20765823","20766016","30","17053863"
"JH378108","3733568","3733866","chr1","10803268","10803561","47","7069700"
"JH378108","3745163","3745444","chr13","62340632","62340913","44","58595469"
"JH378108","3848071","3848380","chr9","15987970","15988276","33","12139899"
"JH378108","3924911","3925205","chr1","2872653","2872961","48","1052258"
"JH378108","3948232","3948549","chr15","81144878","81145188","54","77196646"
"JH378108","3969621","3969744","chr15","90834689","90834810","12","86865068"
"JH378108","4077962","4078270","chr8","58049968","58050277","37","53972006"
"JH378108","4082548","4082802","chr2","18407718","18407972","40","14325170"
"JH378108","4105798","4106100","chr17","55932609","55932918","41","51826811"
"JH378108","4119027","4119319","chr22","11245549","11245836","51","7126522"
"JH378108","4225392","4225679","chr7","36238086","36238370","37","32012694"
"JH378108","4241152","4241455","chr22","16005168","16005472","34","11764016"
"JH378108","4281023","4281319","chr12","10064948","10065242","29","5783925"
"JH378108","4335415","4335722","chr18","31501692","31501998","43","27166277"
"JH378108","4363876","4364041","chr4","65157978","65158146","27","60794102"
"JH378108","4364427","4364736","chr6","15953108","15953417","44","11588681"
"JH378108","4441872","4442152","chr22","12985335","12985622","50","8543463"
"JH378108","4445705","4445987","chr16","31788140","31788419","40","27342435"
"JH378108","4456231","4456334","chrX","2017984","2018087","7","2438247"
"JH378108","4465779","4466083","chr12","10064948","10065242","41","5599169"
"JH378108","4570093","4570378","chr10","86547030","86547304","45","81976937"
"JH378108","4586914","4587199","chr11","16140631","16140920","41","11553717"
"JH378108","4596127","4596398","chr9","56771730","56771998","47","52175603"
"JH378108","4609522","4609826","chr10","16495371","16495677","41","11885849"
"JH378108","4628360","4628450","chr3","65349691","65349782","11","60721331"
"JH378108","4699853","4700141","chrX","15732035","15732323","38","11032182"
"JH378108","4703577","4703774","chr13","86585007","86585200","24","81881430"
"JH378108","4706281","4706556","chr10","127201999","127202278","38","122495718"
"JH378108","4724864","4724925","chr8","83564197","83564256","12","78839333"
"JH378108","4728130","4728421","chr10","2890263","2890553","37","1837867"
"JH378108","4743871","4744169","chr1","115205454","115205746","50","110461583"
"JH378108","4758566","4758877","chr11","91500540","91500844","45","86741974"
"JH378108","4772013","4772328","chr29","8289755","8290055","43","3517742"
"JH378108","4977678","4977800","chr3","72385674","72385796","11","67407996"
"JH378108","5035947","5036255","chr2","35933723","35934028","32","30897776"
"JH378108","5257602","5257847","chr3","1164767","1164996","39","4092835"
"JH378108","5258691","5259000","chr26","17944990","17945291","39","12686299"
"JH378108","5275103","5275177","chr13","63031813","63031889","10","57756710"
"JH378108","5322761","5323073","chr12","10064948","10065242","37","4742187"
"JH378108","5329885","5330150","chr9","92500633","92500888","39","87170748"
"JH378108","5356266","5356575","chr17","65095030","65095335","44","59738764"
"JH378108","5428597","5428894","chr20","8140980","8141279","47","2712383"
"JH378108","5481899","5482206","chr2","34891557","34891863","49","29409658"
"JH378108","5516068","5516205","chr15","3100918","3101052","15","2415150"
"JH378108","5516487","5516776","chr5","22668022","22668311","36","17151535"
"JH378108","5517961","5518220","chr4","87728103","87728358","55","82210142"
"JH378108","5567513","5567595","chr5","67880800","67880883","6","62313287"
"JH378108","5599840","5600148","chr1","68219231","68219530","41","62619391"
"JH378108","5615119","5615428","chr14","83371933","83372231","38","77756814"
"JH378108","5634150","5634440","chr12","104595406","104595692","40","98961256"
"JH378108","5696379","5696453","chr13","63031813","63031889","10","57335434"
"JH378108","5763953","5764256","chr12","10064948","10065242","36","4300995"
"JH378108","5887006","5887303","chr12","10064948","10065242","36","4177942"
"JH378108","5917147","5917277","chr16","4500752","4500881","10","1416395"
"JH378108","5946947","5947041","chr6","1067449","1067558","22","4879498"
"JH378108","6010711","6011021","chr2","34891557","34891863","39","28880846"
"JH378108","6149394","6149701","chrX","59127830","59128128","35","52978436"
"JH378108","6285289","6285583","chr29","23088099","23088392","49","16802810"
"JH378108","6319242","6319535","chr2","36594604","36594898","34","30275362"
"JH378108","6341404","6341700","chr12","10064948","10065242","32","3723544"
"JH378108","6400961","6401083","chr1","55628072","55628195","19","49227111"
"JH378108","6534240","6534548","chr7","115033901","115034201","53","108499661"
"JH378108","6584273","6584486","chr9","21639574","21639785","42","15055301"
"JH378108","6625579","6625849","chr11","64833784","64834059","38","58208205"
"JH378108","6630565","6630875","chrX","62513903","62514213","51","55883338"
"JH378108","6739331","6739634","chr14","3058807","3059104","30","3680524"
"JH378108","6862375","6862640","chr12","45033039","45033309","41","38170664"
"JH378108","7072686","7072978","chr18","72052984","72053276","33","64980298"
"JH378108","7085774","7086047","chr4","13341175","13341445","40","6255401"
"JH378108","7093597","7093880","chr11","128270446","128270730","42","121176849"
"JH378108","7096531","7096827","chr20","112829822","112830113","42","105733291"
"JH378108","7098616","7098918","chr16","34548874","34549171","38","27450258"
"JH378108","7137429","7137728","chr26","17907530","17907825","41","10770101"
"JH378108","7244118","7244414","chrX","23977849","23978143","42","16733731"
"JH378108","7288342","7288628","chr23","16142942","16143228","43","8854600"
"JH378108","7356455","7356749","chr17","66575990","66576280","36","59219535"
"JH378108","7400949","7401257","chr12","6781553","6781865","98","619396"
"JH378108","7460342","7460598","chr18","66249703","66249966","35","58789361"
"JH378108","7461604","7461896","chr16","32369324","32369619","42","24907720"
"JH378108","7532434","7532740","chr14","44038439","44038738","39","36506005"
"JH378108","7597117","7597434","chr7","135174441","135174751","46","127577324"
"JH378108","7643578","7643708","chr3","91348390","91348521","9","83704812"
"JH378108","7656667","7656980","chr5","27918350","27918656","33","20261683"
"JH378108","7671691","7671998","chr11","115525233","115525542","39","107853542"
"JH378108","7674416","7674731","chr11","29946186","29946494","43","22271770"
"JH378108","7860733","7860999","chr21","26073983","26074262","50","18213250"
"JH378108","7903069","7903379","chr11","115525233","115525542","38","107622164"
"JH378108","8018329","8018398","chr28","14799270","14799340","6","6780941"
"JH378108","8032032","8032309","chr1","85364685","85364961","38","77332653"
"JH378108","8061627","8061720","chr15","39050206","39050292","16","30988579"
"JH378108","8070398","8070660","chr1","83625954","83626213","37","75555556"
"JH378108","8084069","8084369","chr13","65577132","65577425","43","57493063"
"JH378108","8088889","8088972","chr16","4405728","4405812","8","3683161"
"JH378108","8118366","8118628","chr9","96390861","96391117","37","88272495"
"JH378108","8148668","8148969","chr10","87911378","87911678","36","79762710"
"JH378108","8152912","8153250","chr1","108565860","108566161","127","100412948"
"JH378108","8164259","8164567","chr12","32317211","32317511","42","24152952"
"JH378108","8166543","8166844","chr9","86640988","86641280","39","78474445"
"JH378108","8173003","8173294","chr2","25122492","25122796","50","16949489"
"JH378108","8201116","8201406","chr6","38437831","38438120","41","30236715"
"JH378108","8206809","8206886","chr13","63031813","63031889","7","54825004"
"JH378108","8226992","8227286","chr12","10064948","10065242","35","1837956"
"JH378108","8244526","8244816","chr5","37860748","37861034","63","29616222"
"JH378108","8275418","8275547","chr11","106843296","106843425","13","98567878"
"JH378108","8277690","8277780","chr3","65349691","65349782","12","57072001"
"JH378108","8291784","8291997","chr25","73647297","73647508","25","65355513"
"JH378108","8293058","8293141","chr5","67880800","67880883","9","59587742"
"JH378108","8304438","8304734","chr12","10064948","10065242","37","1760510"
"JH378108","8305754","8305861","chr1","62097932","62098038","12","53792178"
"JH378108","8339040","8339345","chr12","10064948","10065242","36","1725908"
"JH378108","8346191","8346485","chr12","6781553","6781865","129","1564638"
"JH378108","8361698","8362003","chr6","6151723","6152020","38","2209975"
"JH378108","8363655","8363958","chr14","79729598","79729899","30","71365943"
"JH378108","8382380","8382673","chr12","10064948","10065242","34","1682568"
"JH378108","8383547","8383677","chr3","91348390","91348521","15","82964843"
"JH378108","8390948","8391076","chr3","91348390","91348521","13","82957442"
"JH378108","8398082","8398329","chr22","58083115","58083361","41","49685033"
"JH378108","8398430","8398481","chr6","45685543","45685583","17","37287113"
"JH378108","8408393","8408701","chr12","102135104","102135405","36","93726711"
"JH378108","8409658","8409932","chr17","49198839","49199105","48","40789181"
"JH378108","8417462","8417576","chr20","115102100","115102215","11","106684638"
"JH378108","8444368","8444677","chr1","32648047","32648351","49","24203679"
"JH378108","8446355","8446463","chr6","1067449","1067558","12","7378906"
"JH378108","8481503","8481576","chr13","63031813","63031889","10","54550310"
"JH378108","8505146","8505443","chr12","10064948","10065242","27","1559802"
"JH378108","8508499","8508808","chr14","79729598","79729899","36","71221099"
"JH378108","8512068","8512159","chr13","23647091","23647185","15","15135023"
"JH378108","8525909","8526202","chr2","56143790","56144095","43","47617881"
"JH378108","8527490","8527611","chr15","90834689","90834810","13","82307199"
"JH378108","8531543","8531629","chr16","4405728","4405812","8","4125815"
"JH378108","8545440","8545568","chr3","91348390","91348521","14","82802950"
"JH378108","8547947","8548251","chrX","114744806","114745112","35","106196859"
"JH378108","8572722","8573023","chr9","57875604","57875901","35","49302882"
"JH378108","8578820","8579110","chr18","71309352","71309642","32","62730532"
"JH378108","8585379","8585683","chr5","56921180","56921483","46","48335801"
"JH378108","8604410","8604702","chrX","45242049","45242343","56","36637639"
"JH378108","8623909","8624214","chr8","91463159","91463468","49","82839250"
"JH378108","8656472","8656787","chr8","96089866","96090170","45","87433394"
"JH378108","8663187","8663489","chr5","2273487","2273788","38","6389700"
"JH378108","8684585","8684878","chr9","56718610","56718906","35","48034025"
"JH378108","8696009","8696318","chr10","58133451","58133746","47","49437442"
"JH378108","8708641","8708949","chr20","116596870","116597178","35","107888229"
"JH378108","8713315","8713609","chr8","108286640","108286933","31","99573325"
"JH378108","8713700","8714011","chr17","35258575","35258878","32","26544875"
"JH378108","8753903","8754216","chr9","34182892","34183200","36","25428989"
"JH378108","8770087","8770383","chr24","64868751","64869042","47","56098664"
"JH378108","8803148","8803448","chr1","115205454","115205746","42","106402306"
"JH378108","8835315","8835613","chr14","68909365","68909660","45","60074050"
"JH378108","8880575","8880877","chr11","77493952","77494259","43","68613377"
"JH378108","8949061","8949302","chr11","46995583","46995816","39","38046522"
"JH378108","9022937","9023226","chr12","10064948","10065242","28","1042011"
"JH378108","9024042","9024324","chr7","100037094","100037378","43","91013052"
"JH378108","9028480","9028785","chr10","88076209","88076509","33","79047729"
"JH378108","9034876","9035174","chr1","68219231","68219530","36","59184355"
"JH378108","9161950","9162240","chr3","28179904","28180189","45","19017954"
"JH378108","9219224","9219371","chr7","134171220","134171369","18","124951996"
"JH378108","9347969","9348265","chr13","65577132","65577425","41","56229163"
"JH378108","9457452","9457757","chr3","76874233","76874536","44","67416781"
"JH378108","9476033","9476278","chr20","70905825","70906081","39","61429792"
"JH378108","9514307","9514603","chr8","52344592","52344885","35","42830285"
"JH378108","9580656","9580960","chr16","25791548","25791851","48","16210892"
"JH378108","9651419","9651506","chr5","67880800","67880883","10","58229381"
"JH378108","9654583","9654669","chr16","4405728","4405812","7","5248855"
"JH378108","9936130","9936426","chr20_KE148049v1_random","535731","536028","33","9400399"
"JH378108","9958689","9959006","chrX","89393412","89393716","45","79434723"
"JH378108","9967502","9967822","chrX","28194989","28195297","50","18227487"
"JH378108","10000407","10000651","chr14","45072316","45072556","32","35071909"
"JH378108","10060916","10061205","chr5","52522090","52522374","40","42461174"
"JH378108","10064352","10064659","chr29","8289755","8290055","33","1774597"
"JH378108","10096662","10096927","chr9","61123989","61124258","39","51027327"
"JH378108","10128144","10128420","chr6","2768739","2769024","51","7359405"
"JH378108","10147729","10147879","chr1","110600953","110601102","24","100453224"
"JH378108","10169083","10169368","chr7","86776983","86777262","57","76607900"
"JH378108","10184320","10184579","chr3","1100614","1100874","46","9083706"
"JH378108","10195185","10195504","chr6","15953108","15953417","46","5757923"
"JH378108","10220946","10221096","chr9","59130238","59130387","12","48909292"
"JH378108","10308475","10308588","chr6","1067449","1067558","12","9241026"
"JH378108","10348536","10348809","chr17","37817184","37817450","46","27468648"
"JH378108","10385769","10386063","chr12","104595406","104595692","36","94209637"
"JH378108","10394508","10394809","chr5","33074148","33074451","33","22679640"
"JH378108","10410020","10410326","chr2","34891557","34891863","44","24481537"
"JH378108","10503926","10504222","chr14","41748186","41748475","37","31244260"
"JH378108","10513848","10514156","chr16","30398852","30399159","32","19885004"
"JH378108","10522661","10522971","chr1","87458669","87458972","43","76936008"
"JH378108","10547467","10547688","chr1","94137343","94137564","36","83589876"
"JH378108","10609932","10610222","chr20","46933799","46934103","53","36323867"
"JH378108","10640156","10640351","chr16","40442198","40442397","41","29802042"
"JH378108","10660021","10660317","chr3","29967257","29967552","45","19307236"
"JH378108","10673997","10674227","chr11","126175108","126175340","36","115501111"
"JH378108","10771756","10772066","chr12","88692034","88692338","37","77920278"
"JH378108","10803235","10803380","chr17","47733511","47733658","15","36930276"
"JH378108","10841480","10841781","chr2","29605687","29605989","40","18764207"
"JH378108","10874971","10875268","chr1","18044690","18044986","42","7169719"
"JH378108","10935387","10935682","chr16","42923722","42924007","42","31988335"
"JH378108","11119475","11119762","chr7","15698627","15698919","47","4579152"
"JH378108","11155483","11155783","chr12","103818042","103818341","32","92662559"
"JH378108","11159003","11159297","chr8","25441190","25441481","37","14282187"
"JH378108","11161213","11161518","chr11","117737181","117737478","33","106575968"
"JH378108","11185908","11186195","chr21","19686661","19686955","48","8500753"
"JH378108","11209202","11209282","chr5","67880800","67880883","10","56671598"
"JH378108","11348116","11348412","chr12","10064948","10065242","24","1283168"
"JH378108","11456391","11456580","chr9","51072627","51072814","38","39616236"
"JH378108","11617371","11617589","chr15","6643378","6643590","35","4973993"
"JH378108","11664635","11664945","chr16","23423370","23423672","39","11758735"
"JH378108","11735786","11736096","chr17","35258575","35258878","40","23522789"
"JH378108","11743757","11744059","chr5","2273487","2273788","30","9470270"
"JH378108","11776318","11776638","chr10","88177543","88177855","39","76401225"
"JH378108","11850246","11850521","chr26","50395265","50395544","45","38545019"
"JH378108","11884669","11884865","chr19","5662814","5663015","26","6221855"
"JH378108","11922537","11922829","chr1","10803268","10803561","53","1119269"
"JH378108","12002588","12002879","chrX","115847772","115848064","47","103845184"
"JH378108","12032882","12033004","chr27","25501361","25501473","21","13468479"
"JH378108","12135159","12135471","chr25","28319618","28319927","44","16184459"
"JH378108","12142360","12142671","chr18","56208944","56209251","31","44066584"
"JH378108","12161145","12161444","chr23","7352412","7352713","48","4808733"
"JH378108","12202199","12202500","chr6","41565819","41566119","39","29363620"
"JH378108","12225671","12225926","chr20","116428512","116428772","40","104202841"
"JH378108","12403486","12403785","chr15","86758708","86759003","41","74355222"
"JH378108","12445168","12445480","chr22","3142838","3143140","45","9302330"
"JH378108","12611094","12611374","chr9","99606197","99606478","44","86995103"
"JH378108","12634418","12634720","chr12","106797672","106797971","38","94163254"
"JH378108","12650177","12650473","chr12","10064948","10065242","29","2585229"
"JH378108","12759538","12759786","chr11","63143554","63143815","42","50384016"
"JH378108","12819848","12820155","chr12","10064948","10065242","38","2754900"
"JH378108","12880674","12880987","chrX","114744806","114745112","50","101864132"
"JH378108","12933679","12933985","chr16","33931179","33931485","56","20997500"
"JH378108","12977700","12978001","chr11","108802921","108803224","41","95825221"
"JH378108","12994149","12994441","chr13","65577132","65577425","32","52582983"
"JH378108","13099236","13099319","chr5","67880800","67880883","6","54781564"
"JH378108","13153292","13153575","chr5","58140296","58140584","63","44987004"
"JH378108","13244969","13245063","chr22","82220107","82220203","9","68975138"
"JH378108","13245757","13246019","chr15","34985662","34985922","52","21739905"
"JH378108","13516518","13516826","chr25","55441921","55442218","39","41925403"
"JH378108","13553789","13554085","chr18","44879897","44880198","44","31326108"
"JH378108","13594069","13594292","chr22","72356293","72356532","50","58762224"
"JH378108","13617937","13618242","chr9","15987970","15988276","36","2370033"
"JH378108","13630982","13631065","chr5","67880800","67880883","7","54249818"
"JH378108","13652133","13652436","chr20","119900333","119900636","43","106248200"
"JH378108","13730129","13730425","chr13","65577132","65577425","33","51847003"
"JH378108","13778006","13778303","chr10","57124869","57125163","38","43346863"
"JH378108","13817996","13818294","chr17","67066249","67066554","53","53248253"
"JH378108","13965133","13965419","chr26","38637329","38637616","36","24672196"
"JH378108","13977907","13977997","chr22","82220107","82220203","9","68242200"
"JH378108","14125574","14125879","chr12","10064948","10065242","34","4060626"
"JH378108","14255210","14255499","chr11","75033337","75033630","36","60778127"
"JH378108","14313099","14313222","chrX_KE148108v1_random","3252366","3252488","12","11060733"
"JH378108","14338790","14339112","chrX","28194989","28195297","46","13856199"
"JH378108","14354124","14354399","chr24","50106580","50106856","34","35752456"
"JH378108","14402849","14403113","chr14","46056234","46056500","47","31653385"
"JH378108","14410100","14410377","chr4","52117674","52117951","40","37707574"
"JH378108","14423798","14424095","chr2","14954130","14954422","34","530332"
"JH378108","14431497","14431798","chr12","58820917","58821209","38","44389420"
"JH378108","14492586","14492872","chr20","66273963","66274240","40","51781377"
"JH378108","14503832","14504133","chr2","5829314","5829613","46","8674518"
"JH378108","14519353","14519656","chr4","88331964","88332268","47","73812611"
"JH378108","14557616","14557914","chr20","104630107","104630400","33","90072491"
"JH378108","14575404","14575656","chr7","120728275","120728523","35","106152871"
"JH378108","14609946","14610264","chr26","38024857","38025165","44","23414911"
"JH378108","14666301","14666600","chr12","10064948","10065242","26","4601353"
"JH378108","14717244","14717539","chr22","47793370","47793666","29","33076126"
"JH378108","14783040","14783333","chr12","60432247","60432540","34","45649207"
"JH378108","14837753","14838041","chr18","21477853","21478141","34","6640100"
"JH378108","14864091","14864252","chr9","62461783","62461944","46","47597692"
"JH378108","14864254","14864526","chr20","80488123","80488397","60","65623869"
"JH378108","14876307","14876615","chr5","2273487","2273788","29","12602820"
"JH378108","14878735","14878864","chr24","49206715","49206844","11","34327980"
"JH378108","14900389","14900622","chrX","112046945","112047179","28","97146556"
"JH378108","14969945","14970241","chr12","10064948","10065242","34","4904997"
"JH378108","15071796","15072016","chr5","17972207","17972425","52","2900411"
"JH378108","15206845","15207157","chrX","62513903","62514213","37","47307058"
"JH378108","15262516","15262818","chr16","33182065","33182368","32","17919549"
"JH378108","15288420","15288719","chr12","10064948","10065242","36","5223472"
"JH378108","15306984","15307282","chrX","44976189","44976495","45","29669205"
"JH378108","15342758","15342883","chr1","8688937","8689061","10","6653821"
"JH378108","15369815","15369911","chr22","82220107","82220203","8","66850292"
"JH378108","15370552","15370784","chr11","126175108","126175340","26","110804556"
"JH378108","15385286","15385590","chr14","83371933","83372231","38","67986647"
"JH378108","15402266","15402383","chrX","113356544","113356653","34","97954278"
"JH378108","15414198","15414344","chr9","59130238","59130387","16","43716040"
"JH378108","15417287","15417584","chrX","60987121","60987417","47","45569834"
"JH378108","15419140","15419440","chr23","40897282","40897583","39","25478142"
"JH378108","15420436","15420746","chr11","115525233","115525542","36","100104797"
"JH378108","15439421","15439658","chr20","87219787","87220022","32","71780366"
"JH378108","15439984","15440268","chr29","1616258","1616545","48","13823726"
"JH378108","15444279","15444574","chr20","89156961","89157254","34","73712682"
"JH378108","15459486","15459797","chr11","760562","760866","43","14698924"
"JH378108","15461756","15462045","chr17","41731096","41731387","50","26269340"
"JH378108","15462682","15462981","chr14","37615851","37616147","31","22153169"
"JH378108","15468993","15469298","chr25","77313930","77314228","38","61844937"
"JH378108","15478588","15478735","chr9","59130238","59130387","14","43651650"
"JH378108","15492562","15492700","chr12","42755129","42755268","12","27262567"
"JH378108","15530233","15530517","chr10","2335946","2336238","43","13194287"
"JH378108","15532815","15532905","chr3","65349691","65349782","11","49816876"
"JH378108","15534388","15534512","chr15","90834689","90834810","12","75300301"
"JH378108","15593677","15593980","chr8","18530878","18531178","41","2937201"
"JH378108","15651134","15651438","chr12","10064948","10065242","36","5586186"
"JH378108","15719571","15719649","chr16","3308866","3308945","6","12410705"
"JH378108","15796458","15796757","chr9","118970228","118970526","36","103173770"
"JH378108","15835665","15835941","chr23","72119497","72119773","43","56283832"
"JH378108","15940416","15940691","chr17","53320376","53320642","42","37379960"
"JH378108","16084130","16084433","chr29","10722547","10722839","51","5361583"
"JH378108","16143890","16144194","chr12","10064948","10065242","37","6078942"
"JH378108","16163877","16164160","chr10","110563941","110564224","40","94400064"
"JH378108","16304146","16304437","chr8","52344592","52344885","33","36040446"
"JH378108","16310698","16311014","chr23","40755032","40755334","55","24444334"
"JH378108","16313319","16313615","chr26","23072554","23072847","36","6759235"
"JH378108","16321931","16322182","chr20","63647823","63648093","61","47325892"
"JH378108","16323326","16323629","chr9","34182892","34183200","45","17859566"
"JH378108","16415676","16415766","chr22","82220107","82220203","10","65804431"
"JH378108","16675959","16676200","chr7","11474606","11474836","44","5201353"
"JH378108","16697387","16697511","chr15","90834689","90834810","12","74137302"
"JH378108","16698781","16698992","chr21","75206302","75206509","30","58507521"
"JH378108","16897801","16898096","chr1","68219231","68219530","31","51321430"
"JH378108","16928783","16929046","chr22","9600661","9600931","44","7328122"
"JH378108","16939517","16939593","chr13","63031813","63031889","6","46092296"
"JH378108","17018766","17019050","chr1","38728987","38729275","40","21710221"
"JH378108","17125302","17125613","chr12","6805616","6805924","39","10319686"
"JH378108","17300561","17300863","chr13","65577132","65577425","29","48276571"
"JH378108","17371013","17371315","chr16","64118189","64118498","39","46747176"
"JH378108","17401557","17401630","chr13","63031813","63031889","8","45630256"
"JH378108","17427864","17428203","chr14","33410997","33411341","70","15983133"
"JH378108","17428778","17429089","chr1","65504304","65504612","31","48075526"
"JH378108","17444216","17444525","chr2","58045145","58045453","34","40600929"
"JH378108","17465613","17465858","chr7","44770275","44770514","51","27304662"
"JH378108","17491785","17491865","chr16","3308866","3308945","7","14182919"
"JH378108","17493293","17493599","chr15","3702894","3703194","34","13790399"
"JH378108","17496490","17496711","chr10","39070013","39070233","30","21573523"
"JH378108","17510641","17510782","chr3","90669571","90669712","15","73158930"
"JH378108","17551222","17551518","chr12","10064948","10065242","28","7486274"
"JH378108","17581905","17582207","chr16","14358940","14359244","44","3222965"
"JH378108","17604986","17605280","chr12","10064948","10065242","27","7540038"
"JH378108","17645810","17646095","chr9","82012344","82012620","39","64366534"
"JH378108","17666654","17666958","chr12","10064948","10065242","26","7601706"
"JH378108","17728303","17728527","chr1","94137343","94137564","33","76409040"
"JH378108","17728628","17728722","chr22","82220107","82220203","9","64491479"
"JH378108","17753959","17754232","chr8","120256979","120257251","45","102503020"
"JH378108","17766902","17766992","chr3","65349691","65349782","11","47582789"
"JH378108","17823120","17823430","chr2","34891557","34891863","36","17068437"
"JH378108","17875262","17875566","chr11","60148033","60148342","44","42272771"
"JH378108","17879362","17879487","chr16","2122967","2123086","20","15756395"
"JH378108","17957979","17958278","chr20","121677059","121677356","41","103719080"
"JH378108","17977587","17977893","chr5","4142056","4142360","31","13835531"
"JH378108","17981445","17981756","chr24","43712222","43712528","47","25730777"
"JH378108","18027532","18027817","chr26","13888046","13888328","36","4139486"
"JH378108","18063402","18063707","chr26","9300679","9300984","42","8762723"
"JH378108","18071192","18071475","chr18","70191042","70191329","39","52119850"
"JH378108","18072723","18073014","chr9","83383980","83384273","37","65311257"
"JH378108","18079426","18079747","chr1","65504304","65504612","46","47424878"
"JH378108","18132664","18132969","chrX","46158804","46159112","34","28026140"
"JH378108","18204030","18204177","chr16","21687282","21687429","13","3483252"
"JH378108","18252939","18253232","chr4","438009","438301","39","17814930"
"JH378108","18273388","18273700","chr29","8289755","8290055","39","9983633"
"JH378108","18343551","18343855","chr10","47669467","47669767","38","29325916"
"JH378108","18351000","18351297","chr24","1051567","1051864","32","17299433"
"JH378108","18358031","18358340","chr26","38024857","38025165","27","19666826"
"JH378108","18377784","18377901","chr5","22108764","22108885","20","3730980"
"JH378108","18387909","18388199","chr25","61615818","61616106","37","43227909"
"JH378108","18391270","18391570","chr12","10064948","10065242","27","8326322"
"JH378108","18412875","18413181","chrX","125302543","125302844","32","106889668"
"JH378108","18452220","18452329","chr6","1067449","1067558","12","17384771"
"JH378108","18454629","18454705","chr13","63031813","63031889","7","44577184"
"JH378108","18488032","18488170","chr26","6591504","6591639","12","11896528"
"JH378108","18502964","18503260","chrX","95460911","95461200","43","76957947"
"JH378108","18522916","18523064","chr9","59130238","59130387","13","40607322"
"JH378108","18527907","18527992","chr14","82610477","82610563","8","64082570"
"JH378108","18529054","18529140","chr5","67880800","67880883","8","49351746"
"JH378108","18556536","18556609","chr13","63031813","63031889","9","44475277"
"JH378108","18560563","18560862","chr12","10064948","10065242","30","8495615"
"JH378108","18578449","18578551","chrX","2017984","2018087","10","16560465"
"JH378108","18584830","18585144","chr10","88177543","88177855","31","69592713"
"JH378108","18588831","18589129","chr10","68340309","68340598","44","49751478"
"JH378108","18596976","18597126","chr3","32929079","32929226","18","14332103"
"JH378108","18602317","18602415","chr22","82220107","82220203","8","63617790"
"JH378108","18627506","18627750","chr16","44121787","44122031","49","25494281"
"JH378108","18679816","18679924","chr6","1067449","1067558","12","17612367"
"JH378108","18689433","18689735","chr12","10064948","10065242","31","8624485"
"JH378108","18700517","18700804","chr12","62670007","62670295","39","43969490"
"JH378108","18705586","18705805","chr12","9336995","9337224","45","9368591"
"JH378108","18741640","18741946","chrX","28194989","28195297","48","9453349"
"JH378108","18758033","18758274","chr25","83059316","83059553","25","64301283"
"JH378108","18758280","18758573","chr5","58245349","58245645","37","39487069"
"JH378108","18760607","18760911","chr23","68451127","68451430","44","49690520"
"JH378108","18764487","18764787","chrX","125302543","125302844","31","106538056"
"JH378108","18765926","18766015","chr3","65349691","65349782","10","46583765"
"JH378108","18776155","18776233","chr13","63031813","63031889","8","44255658"
"JH378108","18835371","18835658","chr15","54120993","54121279","35","35285622"
"JH378108","18865893","18866192","chr12","10064948","10065242","33","8800945"
"JH378108","18886273","18886569","chr14","83371933","83372231","36","64485660"
"JH378108","18889003","18889307","chr25","78596820","78597112","40","59707817"
"JH378108","18932225","18932302","chr14","82607999","82608075","9","63675774"
"JH378108","18980344","18980632","chr20","111374247","111374540","47","92393903"
"JH378108","18981821","18981950","chr16","4500752","4500881","10","14481069"
"JH378108","19038624","19038917","chr16","54927155","54927443","36","35888531"
"JH378108","19089466","19089742","chr13","14614965","14615259","42","4474501"
"JH378108","19118181","19118485","chrX","125302543","125302844","29","106184362"
"JH378108","19118712","19118809","chr29","19490159","19490257","20","371447"
"JH378108","19121083","19121372","chr12","10064948","10065242","34","9056135"
"JH378108","19298384","19298676","chr18","72052984","72053276","29","52754600"
"JH378108","19422547","19422837","chr2","6843755","6844035","41","12578792"
"JH378108","19449175","19449498","chr6","28629982","28630297","49","9180807"
"JH378108","19503067","19503354","chr4","89486587","89486883","40","69983520"
"JH378108","19648245","19648392","chr3","90669571","90669712","14","71021326"
"JH378108","19653482","19653779","chr20","43793716","43794008","42","24140234"
"JH378108","19761766","19762069","chr8","66644262","66644564","34","46882496"
"JH378108","19762536","19762610","chr13","63031813","63031889","6","43269277"
"JH378108","19782789","19783091","chr9","13789985","13790287","41","5992804"
"JH378108","19798980","19799281","chr6","30540703","30540993","36","10741723"
"JH378108","19819814","19820119","chr13","52488910","52489210","45","32669096"
"JH378108","19825319","19825612","chr23","52118830","52119121","42","32293511"
"JH378108","19831348","19831656","chrX","60520190","60520498","48","40688842"
"JH378108","19874721","19874898","chr20","35970245","35970417","35","16095524"
"JH378108","19952722","19953025","chr23","5564311","5564614","37","14388411"
"JH378108","19970730","19971026","chr5","56921180","56921483","54","36950450"
"JH378108","19972055","19972360","chr12","34498666","34498976","44","14526611"
"JH378108","20051792","20052086","chr12","10064948","10065242","21","9986844"
"JH378108","20114100","20114407","chr18","71175402","71175700","43","51061302"
"JH378108","20152232","20152311","chr8","1864456","1864539","15","18287776"
"JH378108","20196996","20197280","chr12","6781553","6781865","78","13415443"
"JH378108","20197521","20197796","chr17","67556877","67557151","40","47359356"
"JH378108","20322390","20322463","chr13","63031813","63031889","8","42709423"
"JH378108","20342654","20342931","chr25","61615818","61616106","43","41273164"
"JH378108","20347445","20347524","chr5","21170991","21171075","15","823546"
"JH378108","20347525","20347601","chr13","63031813","63031889","5","42684288"
"JH378108","20351224","20351526","chr10","82423074","82423377","43","62071850"
"JH378108","20357087","20357404","chr7","13881902","13882206","41","6475185"
"JH378108","20362683","20362782","chr22","82220107","82220203","6","61857424"
"JH378108","20367975","20368254","chr11","64833784","64834059","45","44465809"
"JH378108","20372277","20372407","chr16","4500752","4500881","11","15871525"
"JH378108","20385374","20385669","chr2","59461683","59461977","44","39076309"
"JH378108","20386121","20386390","chr9","24162830","24163092","43","3776709"
"JH378108","20421603","20421686","chr5","67880800","67880883","6","47459197"
"JH378108","20467937","20468231","chr13","65577132","65577425","39","45109195"
"JH378108","20488116","20488264","chr9","59130238","59130387","16","38642122"
"JH378108","20491469","20491766","chr12","6781553","6781865","75","13709916"
"JH378108","20502776","20503087","chr23","40478839","40479148","37","19976063"
"JH378108","20503354","20503665","chr5","36774379","36774687","44","16271025"
"JH378108","20507067","20507364","chr12","10064948","10065242","35","10442119"
"JH378108","20507365","20507497","chr1","97802296","97802426","18","77294931"
"JH378108","20522890","20522985","chr22","82220107","82220203","9","61697217"
"JH378108","20526992","20527069","chr13","63031813","63031889","8","42504821"
"JH378108","20545842","20545972","chr3","91348390","91348521","11","70802548"
"JH378108","20551597","20551899","chr29","8556711","8557016","39","11994886"
"JH378108","20581299","20581618","chr28","13557476","13557782","44","7023823"
"JH378108","20592238","20592538","chr14","83371933","83372231","38","62779695"
"JH378108","20614165","20614468","chr11","115525233","115525542","43","94911068"
"JH378108","20631699","20631836","chr27","8311216","8311350","14","12320483"
"JH378108","20647079","20647209","chr20","20852752","20852882","11","205673"
"JH378108","20656179","20656277","chr22","82220107","82220203","7","61563928"
"JH378108","20676188","20676492","chr2","56143790","56144095","48","35467602"
"JH378108","20743288","20743590","chr7","105479991","105480292","41","84736703"
"JH378108","20762708","20762831","chr15","90834689","90834810","12","70071981"
"JH378108","20768452","20768542","chr3","65349691","65349782","13","44581239"
"JH378108","20777761","20777986","chr13","7317370","7317589","32","13460391"
"JH378108","20877375","20877687","chr17","12943828","12944133","59","7933547"
"JH378108","20895842","20896141","chr13","98083939","98084236","43","77188097"
"JH378108","20915466","20915769","chrX","125302543","125302844","24","104387077"
"JH378108","20951979","20952273","chr12","10064948","10065242","25","10887031"
"JH378108","20994620","20994692","chr4","11929707","11929771","20","9064913"
"JH378108","21087529","21087606","chr13","63031813","63031889","6","41944284"
"JH378108","21119069","21119349","chr26","42299852","42300131","46","21180783"
"JH378108","21187434","21187730","chr9","96314869","96315163","48","75127435"
"JH378108","21232137","21232438","chr8","66333732","66334037","47","45101595"
"JH378108","21247190","21247485","chr10","37233627","37233913","35","15986437"
"JH378108","21275579","21275667","chr6","39129950","39130034","14","17854371"
"JH378108","21317986","21318268","chr11","73431457","73431745","35","52113471"
"JH378108","21326514","21326809","chr9","113690758","113691056","41","92364244"
"JH378108","21381277","21381354","chr13","63031813","63031889","7","41650536"
"JH378108","21489797","21490088","chr12","10064948","10065242","30","11424849"
"JH378108","21500523","21500842","chr5","9902768","9903074","40","11597755"
"JH378108","21510942","21511240","chr18","22556888","22557196","48","1045946"
"JH378108","21540354","21540647","chr12","10064948","10065242","30","11475406"
"JH378108","21602364","21602681","chr9","31512918","31513226","37","9910554"
"JH378108","21672945","21673201","chr16","65208467","65208738","46","43535522"
"JH378108","21715498","21715806","chr8","18530878","18531178","41","3184620"
"JH378108","21791336","21791631","chr11","55020829","55021127","38","33229493"
"JH378108","21866563","21866860","chr24","1051567","1051864","38","20814996"
"JH378108","21913417","21913713","chr12","10064948","10065242","30","11848469"
"JH378108","21988269","21988539","chr20","69787133","69787406","37","47798864"
"JH378108","22049736","22050044","chr1","103415790","103416081","51","81366054"
"JH378108","22058078","22058370","chr9","86640988","86641280","32","64582910"
"JH378108","22060969","22061272","chr7","133505901","133506203","30","111444932"
"JH378108","22115617","22115832","chr2","34664561","34664778","31","12548944"
"JH378108","22123347","22123651","chr20","100392884","100393179","37","78269537"
"JH378108","22153729","22154025","chr15","81340971","81341270","36","59187242"
"JH378108","22187311","22187476","chr14","93045548","93045716","20","70858237"
"JH378108","22207624","22207933","chr2","34891557","34891863","32","12683933"
"JH378108","22214672","22214802","chr3","91348390","91348521","12","69133718"
"JH378108","22218277","22218565","chr10","127495198","127495486","36","105276921"
"JH378108","22218657","22218955","chr12","10064948","10065242","32","12153709"
"JH378108","22262905","22263184","chr19","19697247","19697527","41","2565658"
"JH378108","22281719","22282025","chr26","56179571","56179873","35","33897852"
"JH378108","22303490","22303790","chr16","14358940","14359244","36","7944550"
"JH378108","22306783","22306877","chr22","82220107","82220203","8","59913324"
"JH378108","22329430","22329733","chr11","25842009","25842308","37","3512579"
"JH378108","22343405","22343750","chr14","48869797","48870112","73","26526392"
"JH378108","22345048","22345136","chr5","67880800","67880883","10","45535752"
"JH378108","22346788","22347103","chr8","65829182","65829494","39","43482394"
"JH378108","22405761","22405870","chr6","1067449","1067558","9","21338312"
"JH378108","22413504","22413798","chr14","58657898","58658189","37","36244394"
"JH378108","22415331","22415646","chr28_KE148105v1_random","340378","340686","42","22074953"
"JH378108","22416153","22416272","chr6","8802293","8802413","13","13613860"
"JH378108","22452830","22453137","chr8","96089866","96090170","36","73637036"
"JH378108","22487480","22487786","chr1","2872653","2872961","29","19614827"
"JH378108","22497438","22497546","chr1","62097932","62098038","12","39600494"
"JH378108","22516447","22516753","chr1","1743379","1743679","35","20773068"
"JH378108","22539880","22540159","chr13","23281867","23282148","37","741987"
"JH378108","22787563","22787862","chr13","64989908","64990202","36","42202345"
"JH378108","22787938","22788260","chr21","56205015","56205329","37","33417077"
"JH378108","22794356","22794503","chr17","47733511","47733658","16","24939155"
"JH378108","22800711","22801018","chr5","2273487","2273788","28","20527224"
"JH378108","22802706","22802998","chr9","112522290","112522580","34","89719584"
"JH378108","22813660","22813836","chr11","126322509","126322685","22","103508849"
"JH378108","22864296","22864599","chr11","77493952","77494259","38","54629656"
"JH378108","22866789","22867102","chr26","38024857","38025165","33","15158068"
"JH378108","22878169","22878416","chr11","119259842","119260088","33","96381673"
"JH378108","22926820","22926926","chr6","1067449","1067558","10","21859371"
"JH378108","22939608","22939697","chr3","65349691","65349782","12","42410083"
"JH378108","22954723","22954813","chr3","65349691","65349782","12","42394968"
"JH378108","22962821","22962992","chr21","109527100","109527269","30","86564279"
"JH378108","22968027","22968342","chr2","34891557","34891863","38","11923530"
"JH378108","22968772","22968847","chr13","63031813","63031889","6","40063041"
"JH378108","22990126","22990179","chr6","11873615","11873662","12","11116511"
"JH378108","22991313","22991560","chr24","66946035","66946274","34","43954722"
"JH378108","23011169","23011296","chr16","31737705","31737835","13","8726536"
"JH378108","23026392","23026478","chr16","4405728","4405812","7","18620664"
"JH378108","23030100","23030201","chrX","2017984","2018087","11","21012116"
"JH378108","23071874","23072024","chr7","42961800","42961947","15","19889926"
"JH378108","23078458","23078736","chr11","4583577","4583855","37","18494881"
"JH378108","23085187","23085414","chr20","80623744","80623973","31","57538557"
"JH378108","23103084","23103336","chr27","39315008","39315257","37","16211924"
"JH378108","23106778","23107064","chr25","51030152","51030441","40","27923374"
"JH378108","23121711","23121776","chr11","19235944","19236012","10","3885767"
"JH378108","23125467","23125764","chr12","30324456","30324749","39","7198989"
"JH378108","23166493","23166580","chr16","4405728","4405812","9","18760765"
"JH378108","23199083","23199215","chr1","8688937","8689061","21","14510146"
"JH378108","23267240","23267321","chr5","67880800","67880883","10","44613560"
"JH378108","23302888","23303194","chr2","34891557","34891863","34","11588669"
"JH378108","23311606","23311902","chr12","10064948","10065242","27","13246658"
"JH378108","23319449","23319527","chr13","63031813","63031889","8","39712364"
"JH378108","23327818","23328136","chr20","19895512","19895822","48","3432306"
"JH378108","23337132","23337225","chr22","82220107","82220203","10","58882975"
"JH378108","23355133","23355415","chr2","6843755","6844035","40","16511378"
"JH378108","23393539","23393835","chr13","65577132","65577425","42","42183593"
"JH378108","23401797","23402106","chr2","34891557","34891863","34","11489760"
"JH378108","23419449","23419746","chr10","118597337","118597632","42","95177888"
"JH378108","23427374","23427674","chr5","26254744","26255037","39","2827370"
"JH378108","23435305","23435392","chr19","7758593","7758681","8","15676712"
"JH378108","23475422","23475724","chr12","10064948","10065242","29","13410474"
"JH378108","23499502","23499602","chr22","82220107","82220203","12","58720605"
"JH378108","23510517","23510760","chr8","54877111","54877353","35","31366594"
"JH378108","23511770","23512063","chr6","19815995","19816283","39","3695775"
"JH378108","23521848","23521927","chr16","3308866","3308945","8","20212982"
"JH378108","23522415","23522714","chr2","5829314","5829613","42","17693101"
"JH378108","23524177","23524290","chr4","60395666","60395783","16","36871489"
"JH378108","23543774","23544042","chr5","53917499","53917768","41","30373725"
"JH378108","23546952","23547249","chr18","71629517","71629808","37","48082565"
"JH378108","23549687","23549771","chr16","4405728","4405812","6","19143959"
"JH378108","23554242","23554525","chr11","19611133","19611417","37","3943109"
"JH378108","23556540","23556849","chr26","6059541","6059849","27","17496999"
"JH378108","23561073","23561365","chr10","8909912","8910203","37","14651161"
"JH378108","23562416","23562698","chr15","57519003","57519283","44","33956587"
"JH378108","23571530","23571834","chr8","95885898","95886192","38","72314368"
"JH378108","23576672","23576972","chr7","30430087","30430386","42","6853415"
"JH378108","23613102","23613367","chr29","1280279","1280549","55","22332823"
"JH378108","23618823","23618899","chr13","63031813","63031889","7","39412990"
"JH378108","23625576","23625829","chr4","16815657","16815937","59","6809919"
"JH378108","23646651","23646905","chr11","119259842","119260088","34","95613191"
"JH378108","23664413","23664679","chr1","83625954","83626213","40","59961541"
"JH378108","23665890","23665982","chr19","23494523","23494608","19","171367"
"JH378108","23677319","23677621","chr25","53511952","53512257","40","29834633"
"JH378108","23732656","23732943","chr14","103730867","103731155","34","79998211"
"JH378108","23737646","23737931","chr28","9524525","9524809","37","14213121"
"JH378108","23740756","23741054","chr8","40351555","40351858","37","16610799"
"JH378108","23743053","23743332","chrX","49498574","49498857","39","25755521"
"JH378108","23760130","23760429","chr12","10064948","10065242","35","13695182"
"JH378108","23774977","23775203","chr6","2372111","2372337","27","21402866"
"JH378108","23800199","23800517","chr11","115525233","115525542","37","91725034"
"JH378108","23836215","23836491","chr20","77868884","77869164","37","54032669"
"JH378108","23878028","23878330","chr12","10064948","10065242","30","13813080"
"JH378108","23911380","23911678","chr8","134989821","134990115","54","111078441"
"JH378108","23926933","23927241","chr5","2273487","2273788","34","21653446"
"JH378108","23927609","23927819","chr21","75206302","75206509","35","51278693"
"JH378108","23930823","23930913","chr3","65349691","65349782","11","41418868"
"JH378108","23943786","23944076","chr7","99816095","99816383","37","75872309"
"JH378108","23965236","23965309","chr13","63031813","63031889","9","39066577"
"JH378108","23979591","23979862","chr12","45033039","45033309","40","21053448"
"JH378108","23984433","23984505","chr13","63031813","63031889","11","39047380"
"JH378108","23988228","23988504","chr9","114015180","114015455","36","90026952"
"JH378108","23996115","23996393","chr20","116987724","116988002","49","92991609"
"JH378108","24012419","24012524","chrX","2017984","2018087","11","21994435"
"JH378108","24013931","24014005","chr13","63031813","63031889","9","39017882"
"JH378108","24046505","24046816","chr1","12475254","12475562","29","11571251"
"JH378108","24059477","24059730","chr22","88832832","88833087","29","64773355"
"JH378108","24072880","24073138","chr5","71310488","71310745","45","47237608"
"JH378108","24085215","24085514","chr13","51133904","51134203","37","27048689"
"JH378108","24094969","24095059","chr3","65349691","65349782","10","41254722"
"JH378108","24095163","24095413","chr22","34922795","34923044","36","10827632"
"JH378108","24097293","24097603","chr8","92572288","92572604","62","68474995"
"JH378108","24121045","24121358","chr1","65504304","65504612","47","41383259"
"JH378108","24130967","24131280","chr11","115525233","115525542","36","91394266"
"JH378108","24162375","24162437","chr1","104514801","104514865","10","80352426"
"JH378108","24162466","24162605","chr11","95753406","95753542","16","71590940"
"JH378108","24162749","24162938","chr12","92610890","92611076","35","68448141"
"JH378108","24177590","24177897","chr16","30398852","30399159","32","6221262"
"JH378108","24212797","24213090","chr23","68451127","68451430","47","44238330"
"JH378108","24225401","24225598","chr17","38850899","38851097","30","14625498"
"JH378108","24226501","24226589","chr26","9983962","9984057","20","14242539"
"JH378108","24276933","24277243","chr5","53668530","53668830","47","29391597"
"JH378108","24296540","24296837","chr12","10064948","10065242","23","14231592"
"JH378108","24392314","24392614","chrX","62513903","62514213","40","38121589"
"JH378108","24420613","24420918","chr8","20093961","20094256","42","4326652"
"JH378108","24439713","24440018","chr8","66644262","66644564","44","42204549"
"JH378108","24483454","24483701","chr27","39315008","39315257","35","14831554"
"JH378108","24494533","24494829","chr17","11389361","11389657","44","13105172"
"JH378108","24533685","24533982","chr11","75291146","75291441","33","50757461"
"JH378108","24595665","24595967","chr12","74716502","74716795","43","50120837"
"JH378108","24627846","24628142","chr8","98897946","98898241","34","74270100"
"JH378108","24656196","24656498","chr2","22390377","22390668","48","2265819"
"JH378108","24680449","24680756","chr14","18383551","18383859","39","6296898"
"JH378108","24693766","24694041","chr24","27023895","27024155","41","2330129"
"JH378108","24723282","24723444","chr27","11685310","11685466","24","13037972"
"JH378108","24726130","24726407","chr16","49538893","49539169","42","24812763"
"JH378108","24742903","24743208","chr21","70936017","70936326","40","46193114"
"JH378108","24796255","24796545","chr11","46412480","46412774","35","21616225"
"JH378108","24798074","24798383","chr13","84743392","84743699","58","59945318"
"JH378108","24805030","24805300","chr4","52117674","52117951","46","27312644"
"JH378108","24855081","24855389","chr12","10064948","10065242","36","14790133"
"JH378108","24891311","24891460","chr1","110600953","110601102","26","85709642"
"JH378108","24967881","24967991","chr17","64121986","64122099","21","39154105"
"JH378108","24979785","24979891","chr1","39939684","39939788","11","14959899"
"JH378108","24980554","24980655","chr1","39939684","39939788","15","14959130"
"JH378108","24986960","24987047","chr5","67880800","67880883","8","42893840"
"JH378108","25068402","25068704","chr23","48457842","48458139","42","23389440"
"JH378108","25101998","25102100","chrX","2017984","2018087","13","23084014"
"JH378108","25473715","25473947","chr14","2433021","2433252","39","23040694"
"JH378108","25890033","25890332","chr1","26491346","26491637","40","601313"
"JH378108","26000335","26000635","chr1","108565860","108566161","42","82565525"
"JH378108","26009127","26009433","chr12","74217361","74217667","34","48208234"
"JH378108","26040884","26041160","chr5","17006315","17006587","29","9034569"
"JH378108","26123285","26123597","chr1","65504304","65504612","34","39381019"
"JH378108","26202831","26203135","chr6","48805984","48806285","48","22603153"
"JH378108","26355014","26355327","chr24","49079387","49079698","52","22724373"
"JH378108","26458242","26458522","chr8","132346365","132346635","49","105888123"
"JH378108","26459985","26460291","chr2","42763208","42763513","40","16303223"
"JH378108","26527898","26528187","chr12","10064948","10065242","30","16462950"
"JH378108","26538051","26538307","chr12","11261196","11261451","72","15276855"
"JH378108","26697306","26697581","chr18","31146894","31147169","32","4449588"
"JH378108","26734463","26734737","chr16","33892649","33892928","35","7158186"
"JH378108","26767929","26768182","chr5","57856103","57856358","34","31088174"
"JH378108","26863108","26863376","chr8","120256979","120257251","30","93393871"
"JH378108","26883323","26883626","chrX","50127586","50127886","39","23244263"
"JH378108","26916954","26917238","chr25","14438271","14438549","31","12478683"
"JH378108","26921455","26921755","chr11","38736656","38736955","37","11815201"
"JH378108","27016264","27016403","chr6","3375709","3375847","14","23640555"
"JH378108","27066213","27066511","chr20","33470229","33470535","52","6404016"
"JH378108","27130204","27130496","chr8","21494594","21494885","42","5635610"
"JH378108","27169683","27169997","chr17","41932814","41933121","37","14763131"
"JH378108","27265056","27265146","chr3","65349691","65349782","12","38084635"
"JH378108","27378340","27378640","chr1","103415790","103416081","37","76037450"
"JH378108","27505218","27505507","chr20","41083983","41084274","39","13578765"
"JH378108","27528852","27529158","chr9","31512918","31513226","34","3984066"
"JH378108","27534374","27534639","chr7","102676311","102676585","54","75141937"
"JH378108","27552676","27552991","chr14","40253871","40254177","45","12701195"
"JH378108","27582683","27582974","chr10","85309131","85309424","47","57726448"
"JH378108","27598813","27599088","chr4","68750844","68751128","43","41152031"
"JH378108","27629379","27629681","chr17","28137789","28138092","37","508410"
"JH378108","27792188","27792500","chr20","119900333","119900636","44","92108145"
"JH378108","27823745","27824036","chr16","25556785","25557082","42","2266960"
"JH378108","27839524","27839618","chr6","1067449","1067558","22","26772075"
"JH378108","27841172","27841477","chr11","58110010","58110310","33","30268838"
"JH378108","27863158","27863425","chr15","2359863","2360137","38","25503295"
"JH378108","27865513","27865825","chr5","36774379","36774687","33","8908866"
"JH378108","27892321","27892633","chr10","56962901","56963211","37","29070580"
"JH378108","27952801","27952877","chr13","63031813","63031889","7","35079012"
"JH378108","28000619","28000847","chr3","55755","55969","38","27944864"
"JH378108","28013540","28013828","chr22","46167136","46167420","42","18153596"
"JH378108","28042199","28042489","chr13","51212545","51212830","65","23170346"
"JH378108","28043917","28044222","chr5","2273487","2273788","35","25770430"
"JH378108","28097455","28097754","chr8","95885898","95886192","45","67788443"
"JH378108","28264415","28264719","chr15","18549945","18550246","28","9714470"
"JH378108","28307854","28308147","chr12","10064948","10065242","32","18242906"
"JH378108","28598569","28598866","chr5","2273487","2273788","33","26325082"
"JH378108","28663718","28664024","chr3","22013697","22014006","41","6650021"
"JH378108","28679716","28680030","chr2","34891557","34891863","40","6211841"
"JH378108","28747203","28747462","chr17","17514120","17514376","29","11233083"
"JH378108","28768363","28768653","chr20","108907026","108907317","42","80138663"
"JH378108","28867064","28867375","chr12","10064948","10065242","41","18802116"
"JH378108","28907988","28908267","chr10","127201999","127202278","31","98294011"
"JH378108","28973322","28973420","chr22","82220107","82220203","11","53246785"
"JH378108","28980822","28981117","chr14","102270773","102271057","51","73289951"
"JH378108","29011770","29012065","chr12","10064948","10065242","27","18946822"
"JH378108","29025111","29025421","chr28","4550302","4550608","32","24474809"
"JH378108","29030949","29031266","chr29","8289755","8290055","53","20741194"
"JH378108","29039003","29039318","chr9","34182892","34183200","43","5143889"
"JH378108","29044790","29045043","chr11","44436513","44436764","29","15391723"
"JH378108","29098544","29098847","chrX","14268019","14268317","40","14830525"
"JH378108","29103949","29104264","chr24","74279753","74280055","54","45175804"
"JH378108","29151618","29151927","chr20","38826409","38826710","39","9674791"
"JH378108","29180438","29180731","chr12","93030877","93031180","44","63850439"
"JH378108","29188011","29188321","chr26","38024857","38025165","35","8836846"
"JH378108","29191613","29191696","chr5","67880800","67880883","6","38689187"
"JH378108","29250951","29251090","chr1","110380135","110380266","17","81129184"
"JH378108","29251091","29251372","chr14","79801787","79802070","37","50550696"
"JH378108","29303136","29303247","chr6","1067449","1067558","14","28235687"
"JH378108","29327489","29327785","chr12","10064948","10065242","38","19262541"
"JH378108","29353588","29353880","chr8","52344592","52344885","34","22991004"
"JH378108","29377999","29378086","chr16","4405728","4405812","11","24972271"
"JH378108","29411106","29411366","chr9","104139191","104139453","38","74728085"
"JH378108","29480430","29480714","chr26","13888046","13888328","49","15592384"
"JH378108","29495746","29495978","chr17","44703760","44703972","46","15208014"
"JH378108","29521692","29521999","chr12","6781553","6781865","79","22740139"
"JH378108","29559451","29559740","chr13","75976745","75977032","41","46417294"
"JH378108","29631529","29631826","chr25","50317854","50318151","33","20686325"
"JH378108","29786147","29786452","chr10","47669467","47669767","40","17883320"
"JH378108","29933348","29933520","chr1","8688727","8688904","28","21244621"
"JH378108","30038524","30038828","chr13","81598386","81598684","39","51559862"
"JH378108","30044336","30044627","chr11","38461191","38461481","38","8416855"
"JH378108","30185478","30185776","chr6","32045639","32045931","45","1860161"
"JH378108","30271189","30271496","chr13","22834581","22834886","39","7436608"
"JH378108","30324898","30325190","chr17","2526217","2526510","39","27798681"
"JH378108","30395709","30396003","chr8","21494594","21494885","41","8901115"
"JH378108","30485745","30486034","chr5","1720771","1721058","34","28764974"
"JH378108","30617159","30617458","chr16","10875666","10875959","35","19741493"
"JH378108","30625742","30626059","chr18","67218974","67219278","42","36593232"
"JH378108","30630395","30630510","chr20","115102100","115102215","11","84471705"
"JH378108","30636496","30636638","chr3","90669571","90669712","15","60033075"
"JH378108","30747346","30747643","chr3","8206210","8206505","39","22541136"
"JH378108","30758107","30758483","chr1","114379739","114380108","103","83621632"
"JH378108","30824612","30824921","chr11","115525233","115525542","32","84700621"
"JH378108","30833575","30833866","chr23","73077881","73078169","34","42244306"
"JH378108","30848086","30848396","chr2","34891557","34891863","29","4043471"
"JH378108","30908024","30908330","chr1","92441279","92441586","44","61533255"
"JH378108","30923342","30923458","chr20","115102100","115102215","14","84178758"
"JH378108","30924857","30925164","chr2","35933723","35934028","31","5008866"
"JH378108","30948240","30948543","chr16","33182065","33182368","41","2233825"
"JH378108","30991959","30992034","chr13","63031813","63031889","6","32039854"
"JH378108","31034697","31034800","chrX","2017984","2018087","10","29016713"
"JH378108","31070611","31070824","chr25","73647297","73647508","27","42576686"
"JH378108","31090345","31090618","chr24","11806440","11806728","47","19283905"
"JH378108","31094427","31094516","chr3","65349691","65349782","9","34255264"
"JH378108","31095940","31096220","chr20","112562278","112562560","33","81466338"
"JH378108","31096867","31097179","chr26","38024857","38025165","30","6927990"
"JH378108","31097816","31098117","chr12","10064948","10065242","39","21032868"
"JH378108","31100361","31100556","chr11","117573457","117573649","23","86473096"
"JH378108","31111322","31111471","chr9","59130238","59130387","15","28018916"
"JH378108","31113749","31114030","chrX","29924254","29924528","41","1189495"
"JH378108","31114747","31115043","chr12","10064948","10065242","29","21049799"
"JH378108","31115052","31115357","chr10","87911378","87911678","37","56796326"
"JH378108","31120816","31121126","chrX","111977290","111977599","35","80856474"
"JH378108","31342510","31342801","chr20","40940162","40940460","38","9597652"
"JH378108","31363033","31363331","chr12","10064948","10065242","30","21298085"
"JH378108","31375649","31375897","chr27","19036842","19037092","44","12338807"
"JH378108","31377118","31377401","chr24","8484177","8484457","31","22892941"
"JH378108","31387199","31387431","chr25","59449721","59449941","33","28062522"
"JH378108","31387432","31387730","chr11","34002757","34003053","35","2615325"
"JH378108","31387731","31387804","chr28","14799270","14799340","18","16588461"
"JH378108","31405644","31405959","chr2","35969900","35970194","59","4564256"
"JH378108","31426110","31426416","chr15","3702894","3703194","38","27723216"
"JH378108","31452671","31452918","chr3","27147134","27147379","38","4305537"
"JH378108","31472486","31472775","chr24","40562105","40562391","41","9089619"
"JH378108","31480893","31481036","chr6","3375709","3375847","17","28105184"
"JH378108","31525415","31525719","chr5","2273487","2273788","32","29251928"
"JH378108","31530482","31530782","chr1","68219231","68219530","30","36688749"
"JH378108","31543355","31543650","chr20","12510060","12510355","34","19033295"
"JH378108","31546175","31546471","chr18","71480316","71480609","35","39934141"
"JH378108","31548662","31548969","chr5","2273487","2273788","35","29275175"
"JH378108","31558735","31559042","chr5","26425551","26425855","40","5133184"
"JH378108","31563800","31564096","chrX","23977849","23978143","40","7585951"
"JH378108","31566043","31566257","chrX","63929276","63929493","34","32363233"
"JH378108","31577862","31578000","chr11","95753406","95753542","15","64175544"
"JH378108","31580159","31580289","chr25","8712866","8712996","12","22867293"
"JH378108","31594082","31594176","chr22","82220107","82220203","9","50626025"
"JH378108","31597858","31598139","chr4","74273029","74273305","51","42675171"
"JH378108","31600638","31600896","chr4","41989352","41989604","38","10388714"
"JH378108","31604777","31605087","chr2","34891557","34891863","28","3286780"
"JH378108","31634026","31634277","chr4","41989352","41989604","37","10355326"
"JH378108","31643303","31643375","chr25","80842336","80842405","12","49199033"
"JH378108","31675656","31675958","chr11","64255685","64255978","39","32580029"
"JH378108","31679826","31680133","chr14","83371933","83372231","38","51692107"
"JH378108","31709752","31710063","chr1","65504304","65504612","36","33794552"
"JH378108","31732643","31732942","chr24","51004467","51004765","34","19271824"
"JH378108","31735507","31735799","chr22","47793370","47793666","28","16057863"
"JH378108","31759054","31759360","chr5","2273487","2273788","36","29485567"
"JH378108","31773353","31773635","chrX","26505521","26505804","42","5267832"
"JH378108","31991408","31991722","chr1","65504304","65504612","37","33512896"
"JH378108","32055995","32056302","chr13","80456777","80457063","56","48400782"
"JH378108","32095713","32096016","chr12","74217361","74217667","35","42121648"
"JH378108","32108279","32108583","chrX","23977849","23978143","42","8130430"
"JH378108","32152879","32153193","chr2","34891557","34891863","39","2738678"
"JH378108","32200154","32200461","chr26","9300679","9300984","34","22899475"
"JH378108","32311369","32311518","chr22","66760031","66760178","25","34448662"
"JH378108","32362088","32362388","chr26","16008721","16009029","44","16353367"
"JH378108","32467200","32467512","chr1","2872653","2872961","43","29594547"
"JH378108","32477472","32477764","chr20","69535670","69535967","53","37058198"
"JH378108","32484138","32484233","chr22","82220107","82220203","8","49735969"
"JH378108","32499497","32499791","chr13","22116830","22117114","40","10382667"
"JH378108","32503370","32503446","chr13","63031813","63031889","8","30528443"
"JH378108","32531165","32531473","chr5","36774379","36774687","36","4243214"
"JH378108","32549841","32550140","chr12","10064948","10065242","26","22484893"
"JH378108","32553731","32553966","chr11","126175108","126175340","31","93621377"
"JH378108","32554755","32555066","chr1","65504304","65504612","30","32949549"
"JH378108","32561275","32561586","chr6","16598509","16598818","36","15962766"
"JH378108","32573847","32573931","chr16","4405728","4405812","11","28168119"
"JH378108","32589594","32589807","chrX","82637136","82637350","56","50047542"
"JH378108","32590160","32590412","chrX","43757721","43757978","46","11167561"
"JH378108","32592685","32592746","chr7","65719861","65719921","10","33127176"
"JH378108","32638083","32638183","chrX_KE148108v1_random","4900425","4900526","20","27737658"
"JH378108","32642431","32642718","chr5","1720771","1721058","36","30921660"
"JH378108","32660883","32661050","chr16","23235798","23235960","29","9425085"
"JH378108","32661832","32662141","chr4","16808054","16808360","46","15853778"
"JH378108","32667288","32667573","chr1","3525480","3525763","34","29141808"
"JH378108","32672255","32672368","chr13","61112232","61112346","13","28439977"
"JH378108","32674695","32675009","chr6","38206989","38207297","52","5532294"
"JH378108","32676417","32676546","chr20","20852752","20852882","10","11823665"
"JH378108","32677429","32677576","chr18","58918281","58918426","17","26240852"
"JH378108","32681230","32681319","chr3","65349691","65349782","12","32668461"
"JH378108","32695527","32695821","chr19","4267958","4268239","50","28427569"
"JH378108","32715653","32715946","chrX","23977849","23978143","46","8737804"
"JH378108","32735229","32735530","chr22","40701009","40701309","33","7965780"
"JH378108","32746876","32747198","chr24","51035783","51036100","52","18288907"
"JH378108","32752474","32752564","chr3","65349691","65349782","12","32597217"
"JH378108","32753556","32753799","chr15","88815486","88815733","38","56061930"
"JH378108","32795026","32795223","chr17","38850899","38851097","28","6055873"
"JH378108","32801727","32801843","chr4","60395666","60395783","14","27593939"
"JH378108","32805578","32805884","chr10","93820092","93820389","60","61014514"
"JH378108","32805991","32806276","chr10","127495198","127495486","36","94689207"
"JH378108","32832482","32832786","chrX","29620881","29621183","43","3211601"
"JH378108","32834262","32834560","chr12","10064948","10065242","28","22769314"
"JH378108","32843220","32843519","chr12","10064948","10065242","35","22778272"
"JH378108","32844511","32844588","chr25","80275829","80275903","17","47431318"
"JH378108","32845048","32845177","chr16","66101721","66101851","16","33256673"
"JH378108","32886436","32886726","chr8","95885898","95886192","33","62999462"
"JH378108","32891655","32891751","chr22","82220107","82220203","8","49328452"
"JH378108","32895196","32895486","chr20","121618255","121618545","26","88723059"
"JH378108","32919184","32919314","chr20","20852752","20852882","10","12066432"
"JH378108","32921565","32921810","chr10","52997867","52998109","34","20076302"
"JH378108","32930746","32931045","chr4","35412757","35413052","31","2482011"
"JH378108","32947388","32947617","chr20","92882451","92882681","32","59935063"
"JH378108","32965113","32965402","chr6","18084077","18084362","44","14881036"
"JH378108","32967671","32967875","chr16","40442198","40442397","28","7474527"
"JH378108","32973452","32973754","chr5","2273487","2273788","35","30699965"
"JH378108","32974939","32975033","chr22","82220107","82220203","10","49245168"
"JH378108","32987806","32987977","chr22","90599011","90599179","25","57611205"
"JH378108","32989548","32989853","chr12","30324456","30324749","38","2665092"
"JH378108","33002905","33002981","chr13","63031813","63031889","6","30028908"
"JH378108","33007413","33007549","chr1","110380135","110380266","14","77372722"
"JH378108","33014148","33014456","chr5","26425551","26425855","44","6588597"
"JH378108","33026857","33027185","chr20","88398727","88399047","63","55371870"
"JH378108","33032846","33033137","chr22","4646329","4646625","43","28386517"
"JH378108","33040834","33040955","chr15","90834689","90834810","9","57793855"
"JH378108","33042044","33042256","chr4","53346339","53346552","34","20304295"
"JH378108","33043918","33044038","chr15","90834689","90834810","9","57790771"
"JH378108","33062572","33062702","chr3","91348390","91348521","11","58285818"
"JH378108","33067773","33068067","chr8","94667632","94667918","39","61599859"
"JH378108","33099842","33100145","chr9","43165199","43165493","43","10065357"
"JH378108","33138510","33138808","chr15","39385008","39385302","47","6246498"
"JH378108","33138930","33139149","chr20","92882451","92882681","38","59743521"
"JH378108","33142827","33142974","chr9","59130238","59130387","13","25987411"
"JH378108","33156953","33157257","chr9","38833439","38833737","46","5676486"
"JH378108","33161612","33161905","chr20","93545480","93545771","30","60383868"
"JH378108","33178890","33179186","chr12","10064948","10065242","23","23113942"
"JH378108","33184939","33185236","chr12","10064948","10065242","28","23119991"
"JH378108","33256256","33256561","chr9","22769458","22769754","42","10486798"
"JH378108","33258130","33258440","chr16","53397850","53398143","64","20139720"
"JH378108","33284704","33284833","chr11","106843296","106843425","14","73558592"
"JH378108","33302083","33302397","chr22","2509630","2509937","44","30792453"
"JH378108","33312231","33312316","chr6","39129950","39130034","12","5817719"
"JH378108","33321375","33321465","chr3","65349691","65349782","11","32028316"
"JH378108","33322402","33322490","chr19","7758593","7758681","10","25563809"
"JH378108","33332277","33332575","chr8","1641343","1641640","39","31690934"
"JH378108","33349822","33350125","chr15","12031507","12031804","37","21318315"
"JH378108","33358804","33359097","chr22","47793370","47793666","41","14434566"
"JH378108","33372071","33372365","chr2","22390377","22390668","34","10981694"
"JH378108","33386196","33386470","chr9","114015180","114015455","29","80628984"
"JH378108","33394759","33395005","chrX","95980944","95981178","44","62586185"
"JH378108","33395305","33395387","chr5","67880800","67880883","8","34485495"
"JH378108","33397130","33397249","chr6","44144914","44145033","11","10747784"
"JH378108","33402539","33402823","chr12","76875410","76875697","40","43472871"
"JH378108","33403395","33403697","chr1","66807483","66807786","34","33404088"
"JH378108","33417999","33418304","chr5","2273487","2273788","32","31144512"
"JH378108","33432579","33432810","chr24","3079549","3079787","57","30353030"
"JH378108","33462037","33462352","chr20","105941906","105942211","37","72479869"
"JH378108","33471290","33471366","chr13","63031813","63031889","9","29560523"
"JH378108","33476920","33477046","chr11","46682256","46682382","18","13205336"
"JH378108","33503800","33503882","chr5","67880800","67880883","9","34377000"
"JH378108","33504842","33504958","chr10","24288306","24288421","12","9216536"
"JH378108","33506396","33506495","chr22","82220107","82220203","12","48713711"
"JH378108","33508095","33508378","chr18","71629517","71629808","40","38121422"
"JH378108","33510084","33510174","chr3","65349691","65349782","11","31839607"
"JH378108","33511857","33512000","chr3","90669571","90669712","16","57157714"
"JH378108","33513860","33514163","chr5","2273487","2273788","34","31240373"
"JH378108","33522458","33522547","chr3","65349691","65349782","10","31827233"
"JH378108","33542633","33542875","chrX","109934724","109934968","45","76392091"
"JH378108","33550201","33550326","chr10","8410405","8410528","11","25139796"
"JH378108","33559203","33559415","chr2","41986599","41986802","24","8427396"
"JH378108","33561982","33562273","chr4","16735950","16736241","37","16826032"
"JH378108","33568341","33568461","chr15","90834689","90834810","11","57266348"
"JH378108","33604010","33604311","chr1","2872653","2872961","38","30731357"
"JH378108","33616508","33616631","chr3","72385674","72385796","14","38769166"
"JH378108","33617940","33618251","chr1","65504304","65504612","32","31886364"
"JH378108","33625329","33625459","chr1","97802296","97802426","11","64176967"
"JH378108","33628746","33629034","chrX","29936084","29936366","36","3692662"
"JH378108","33629707","33630015","chr23","43259660","43259966","42","9629953"
"JH378108","33652940","33653250","chr1","65504304","65504612","28","31851364"
"JH378108","33710026","33710333","chr5","27918350","27918656","30","5791676"
"JH378108","33717168","33717243","chr13","63031813","63031889","7","29314645"
"JH378108","33718629","33718922","chr6","38437831","38438120","31","4719202"
"JH378108","33722063","33722139","chr5","73931250","73931330","19","40209187"
"JH378108","33726875","33727166","chr21","32338307","32338599","43","1388568"
"JH378108","33730467","33730767","chr26","17944990","17945291","43","15785477"
"JH378108","33737551","33737855","chr1","65504304","65504612","37","31766753"
"JH378108","33766729","33767012","chrUn_KE147935v1","289006","289277","46","33477723"
"JH378108","33790018","33790090","chr13","63031813","63031889","8","29241795"
"JH378108","33791740","33792052","chr1","65504304","65504612","30","31712564"
"JH378108","33799419","33799704","chr1","68449198","68449484","53","34649779"
"JH378108","33856304","33856599","chr12","10064948","10065242","26","23791356"
"JH378108","33858527","33858829","chr9","39095858","39096151","40","5237331"
"JH378108","33858841","33859129","chr20","122789292","122789589","48","88930451"
"JH378108","33860081","33860369","chr18","71309352","71309642","37","37449271"
"JH378108","33861205","33861490","chr5","53255334","53255620","37","19394129"
"JH378108","33866009","33866305","chrX","22279223","22279520","45","11586786"
"JH378108","33916360","33916509","chr9","59130238","59130387","14","25213878"
"JH378108","33931612","33931905","chr26","19153190","19153484","33","14778422"
"JH378108","33933628","33933724","chr22","82220107","82220203","6","48286479"
"JH378108","33934825","33934933","chr6","1067449","1067558","12","32867376"
"JH378108","33938377","33938525","chr9","59130238","59130387","15","25191861"
"JH378108","33941232","33941499","chr2","28528551","28528816","46","5412681"
"JH378108","33954777","33955073","chr12","10064948","10065242","34","23889829"
"JH378108","33961715","33962001","chr10","83081189","83081479","36","49119474"
"JH378108","33963560","33963850","chr12","72770338","72770629","31","38806778"
"JH378108","33965161","33965459","chr22","29306264","29306563","36","4658897"
"JH378108","33967250","33967558","chr11","84795218","84795524","37","50827968"
"JH378108","33968758","33969059","chr12","10064948","10065242","33","23903810"
"JH378108","33969095","33969406","chr6","3992311","3992619","38","29976784"
"JH378108","34006551","34006872","chr13","84743392","84743699","47","50736841"
"JH378108","34039079","34039194","chr20","115102100","115102215","12","81063021"
"JH378108","34085512","34085803","chr12","10064948","10065242","38","24020564"
"JH378108","34089259","34089564","chr21","22838763","22839060","35","11250496"
"JH378108","34090015","34090325","chr5","66812818","66813124","44","32722803"
"JH378108","34135544","34135848","chr20","35476161","35476461","33","1340617"
"JH378108","34152439","34152725","chrX","38432492","38432776","39","4280053"
"JH378108","34155069","34155367","chr12","10064948","10065242","27","24090121"
"JH378108","34224539","34224845","chrX","13647323","13647630","41","20577216"
"JH378108","34233066","34233367","chrX","60987121","60987417","39","26754055"
"JH378108","34245580","34245709","chr6","50606227","50606356","11","16360647"
"JH378108","34283993","34284291","chr26","12826886","12827179","35","21457107"
"JH378108","34301070","34301375","chr9","15987970","15988276","30","18313100"
"JH378108","34301621","34301924","chr12","10064948","10065242","30","24236673"
"JH378108","34331883","34332179","chr21","25123896","25124189","37","9207987"
"JH378108","34336577","34336877","chr3","76631999","76632293","39","42295422"
"JH378108","34383387","34383677","chr26","20269198","20269489","30","14114189"
"JH378108","34402981","34403279","chr12","42496121","42496421","34","8093140"
"JH378108","34442036","34442339","chr23","41434219","41434517","29","6992183"
"JH378108","34444594","34444891","chr7","105324216","105324513","35","70879622"
"JH378108","34446697","34446938","chr21","32763620","32763857","37","1683077"
"JH378108","34449415","34449729","chr5","12318876","12319187","38","22130539"
"JH378108","34453016","34453322","chr5","2273487","2273788","34","32179529"
"JH378108","34464736","34464866","chr3","91348390","91348521","14","56883654"
"JH378108","34474993","34475295","chr12","74217361","74217667","33","39742368"
"JH378108","34492191","34492512","chr6","36184281","36184603","40","1692090"
"JH378108","34506313","34506609","chr14","36991957","36992258","32","2485644"
"JH378108","34531712","34531840","chr3","92101699","92101829","13","57569987"
"JH378108","34559249","34559536","chr19","19502742","19503020","36","15056507"
"JH378108","34569704","34570007","chrX","125302543","125302844","31","90732839"
"JH378108","34573505","34573589","chr5","21170991","21171075","10","13402514"
"JH378108","34573590","34573867","chr1","105168338","105168617","32","70594748"
"JH378108","34573880","34574113","chr28","18355531","18355757","35","16218349"
"JH378108","34590225","34590519","chr13","65577132","65577425","35","30986907"
"JH378108","34591267","34591380","chr6","1067449","1067558","12","33523818"
"JH378108","34667583","34667892","chr11","127249496","127249797","43","92581913"
"JH378108","34694885","34695025","chr23","56978905","56979044","13","22284020"
"JH378108","34712239","34712543","chr16","23257562","23257868","35","11454677"
"JH378108","34769836","34770145","chr12","10064948","10065242","38","24704888"
"JH378108","34809335","34809627","chrX","81745493","81745791","41","46936158"
"JH378108","34853667","34853796","chr3","91348390","91348521","13","56494723"
"JH378108","34854527","34854714","chr14","5565186","5565369","32","29289341"
"JH378108","34856801","34856986","chr20","45817691","45817873","30","10960890"
"JH378108","34858204","34858293","chr3","65349691","65349782","11","30491487"
"JH378108","34882037","34882336","chr1","50157843","50158142","39","15275806"
"JH378108","34898804","34899119","chr2","34891557","34891863","40","7247"
"JH378108","34926858","34927160","chr12","10064948","10065242","33","24861910"
"JH378108","34928212","34928512","chr23","41434219","41434517","36","6506007"
"JH378108","34939971","34940194","chrX","116141726","116141949","29","81201755"
"JH378108","34941892","34942047","chr25","51153412","51153567","24","16211520"
"JH378108","34945672","34945964","chr12","10064948","10065242","26","24880724"
"JH378108","34964708","34965000","chrX","23977849","23978143","39","10986859"
"JH378108","34975252","34975557","chr2","12113745","12114044","42","22861507"
"JH378108","34979500","34979813","chr7","111533390","111533704","41","76553890"
"JH378108","34991938","34992072","chr26","22510592","22510729","21","12481346"
"JH378108","34992731","34992915","chr17","34208091","34208271","40","784640"
"JH378108","34999707","34999845","chr16","187527","187668","21","34812180"
"JH378108","35005986","35006278","chr22","16185372","16185668","31","18820614"
"JH378108","35087597","35087906","chrUn_KE147935v1","100630","100932","37","34986967"
"JH378108","35105705","35106003","chr11","117737181","117737478","35","82631476"
"JH378108","35115138","35115432","chr14","37615851","37616147","27","2500713"
"JH378108","35170940","35171260","chr1","65504304","65504612","39","30333364"
"JH378108","35184233","35184515","chr24","21860561","21860847","37","13323672"
"JH378108","35233666","35233965","chr21","74368618","74368909","52","39134952"
"JH378108","35253928","35254223","chr26","3416516","3416812","41","31837412"
"JH378108","35300865","35300952","chr16","4405728","4405812","9","30895137"
"JH378108","35356163","35356454","chr27","7936386","7936673","38","27419777"
"JH378108","35368942","35369254","chr1","65504304","65504612","39","30135362"
"JH378108","35372231","35372521","chr14","80080816","80081107","45","44708585"
"JH378108","35498899","35499198","chr11","115525233","115525542","47","80026334"
"JH378108","35508848","35509146","chr10","118597337","118597632","40","83088489"
"JH378108","35560073","35560356","chr20","101506461","101506755","41","65946388"
"JH378108","35609779","35609907","chrX","60368209","60368339","12","24758430"
"JH378108","35610127","35610391","chr15","53488808","53489080","47","17878681"
"JH378108","35615197","35615468","chr11","90996628","90996901","50","55381431"
"JH378108","35828412","35828501","chr3","65349691","65349782","13","29521279"
"JH378108","35841249","35841546","chrX","95460911","95461200","39","59619662"
"JH378108","35850688","35850870","chr13","33714206","33714393","25","2136482"
"JH378108","35874461","35874765","chrX","86900198","86900506","33","51025737"
"JH378108","35894285","35894572","chr8","21892030","21892319","43","14002255"
"JH378108","36001978","36002267","chr9","38826637","38826932","48","2824659"
"JH378108","36013969","36014262","chr8","94667632","94667918","50","58653663"
"JH378108","36051907","36052215","chr2","34891557","34891863","34","1160350"
"JH378108","36077564","36077839","chr4","52117674","52117951","48","16040110"
"JH378108","36417088","36417372","chr17","53020197","53020476","39","16603109"
"JH378108","36444597","36444899","chr12","10064948","10065242","31","26379649"
"JH378108","36567736","36568035","chr8","6110253","6110536","45","30457483"
"JH378108","36573078","36573416","chrX","27457923","27458252","54","9115155"
"JH378108","36634422","36634715","chr23","41419601","41419894","44","4785179"
"JH378108","36648111","36648403","chr14","41748186","41748475","35","5100075"
"JH378108","36692270","36692558","chr15","49165833","49166121","36","12473563"
"JH378108","36831344","36831648","chr12","10064948","10065242","29","26766396"
"JH378108","36871655","36871967","chr6","16598509","16598818","33","20273146"
"JH378108","36927886","36928004","chr9","113030266","113030377","14","76102380"
"JH378108","37015504","37015797","chr12","52675776","52676069","37","15660272"
"JH378108","37177789","37178005","chr16","6238673","6238883","28","30939116"
"JH378108","37218130","37218399","chrX","94518298","94518576","53","57300168"
"JH378108","37227425","37227710","chr11","126818840","126819124","40","89591415"
"JH378108","37236045","37236294","chr16","69318389","69318626","32","32082344"
"JH378108","37272158","37272421","chr27","37334117","37334370","41","61959"
"JH378108","37451066","37451381","chr19","11539137","11539442","36","25911929"
"JH378108","37510844","37511155","chr15","91197825","91198133","30","53686981"
"JH378108","37541892","37542196","chrX","125302543","125302844","33","87760651"
"JH378108","37700730","37701041","chr16","55157456","55157764","52","17456726"
"JH378108","37787926","37788011","chr6","39129950","39130034","12","1342024"
"JH378108","37918826","37918915","chr19","7758593","7758681","10","30160233"
"JH378108","37951746","37952042","chr12","10064948","10065242","27","27886798"
"JH378108","37998706","37998989","chr14","37097278","37097571","40","901428"
"JH378108","38064652","38064768","chr20","115102100","115102215","11","77037448"
"JH378108","38086094","38086385","chrX","23977849","23978143","37","14108245"
"JH378108","38098142","38098247","chr1","62097932","62098038","14","23999790"
"JH378108","38102893","38103022","chr16","4500752","4500881","11","33602141"
"JH378108","38103225","38103390","chr24","80191005","80191166","37","42087780"
"JH378108","38106662","38106951","chr7","60020612","60020903","43","21913950"
"JH378108","38114510","38114631","chr20","115102100","115102215","14","76987590"
"JH378108","38124100","38124188","chr19","7758593","7758681","9","30365507"
"JH378108","38135175","38135469","chr25","85642603","85642903","38","47507428"
"JH378108","38141541","38141837","chr16","12235438","12235730","41","25906103"
"JH378108","38151762","38151979","chr3","83606508","83606722","54","45454746"
"JH378108","38152171","38152439","chr12","12434992","12435260","46","25717179"
"JH378108","38154125","38154426","chr7","767770","768068","42","37386355"
"JH378108","38159818","38160109","chr19","29490853","29491144","30","8668965"
"JH378108","38169333","38169634","chr1","53048749","53049051","40","14879416"
"JH378108","38187456","38187562","chr6","1067449","1067558","12","37120007"
"JH378108","38194366","38194597","chr20","5981397","5981623","30","32212969"
"JH378108","38204290","38204589","chr1","68219231","68219530","39","30014941"
"JH378108","38205922","38206207","chr12","10064948","10065242","34","28140974"
"JH378108","38210568","38210869","chr1","83672883","83673171","39","45462315"
"JH378108","38221697","38221869","chr19","23989888","23990060","42","14231809"
"JH378108","38412961","38413248","chr18","66189352","66189642","32","27776391"
"JH378108","38470221","38470530","chr8","118719215","118719522","50","80248994"
"JH378108","38544474","38544764","chr14","45112834","45113124","36","6568360"
"JH378108","38615380","38615681","chr6","38582923","38583209","41","32457"
"JH378108","38644134","38644428","chr10","8909912","8910203","33","29734222"
"JH378108","38679108","38679313","chr9","20865524","20865726","34","17813584"
"JH378108","38681366","38681520","chr16","1226938","1227089","33","37454428"
"JH378108","38745614","38745924","chr1","65504304","65504612","31","26758690"
"JH378108","38748380","38748659","chr26","17907530","17907825","43","20840850"
"JH378108","38775627","38775912","chr12","98031784","98032064","40","59256157"
"JH378108","38786732","38787022","chr16","58367651","58367941","46","19580919"
"JH378108","38837354","38837661","chr1","65504304","65504612","36","26666950"
"JH378108","38875250","38875526","chr4","68750844","68751128","51","29875594"
"JH378108","38881111","38881418","chr9","28365288","28365588","43","10515823"
"JH378108","38898004","38898296","chr14","80284365","80284655","38","41386361"
"JH378108","38981984","38982291","chr5","2273487","2273788","27","36708497"
"JH378108","39094956","39095128","chr7","6870804","6870978","34","32224152"
"JH378108","39135005","39135286","chr18","71309352","71309642","47","32174347"
"JH378108","39137907","39138173","chr19","8029624","8029893","49","31108283"
"JH378108","39183565","39183896","chr12","6781553","6781865","131","32402012"
"JH378108","39210347","39210647","chr2","14718646","14718944","29","24491701"
"JH378108","39218959","39219255","chr2","35931939","35932239","44","3287020"
"JH378108","39223197","39223502","chr12","6781553","6781865","127","32441644"
"JH378108","39304827","39305120","chr11","28325337","28325632","44","10979490"
"JH378108","39386369","39386665","chr1","108565860","108566161","42","69179491"
"JH378108","39411647","39411931","chr5","1720771","1721058","39","37690876"
"JH378108","39426082","39426382","chr7","19605160","19605458","44","19820922"
"JH378108","39447865","39448148","chr23","16142942","16143228","41","23304923"
"JH378108","39448241","39448508","chr1","105168338","105168617","41","65720097"
"JH378108","39524509","39524730","chr14","14967089","14967332","43","24557420"
"JH378108","39525364","39525661","chr2","43185063","43185371","41","3659699"
"JH378108","39536607","39536890","chr7","134145542","134145831","45","94608935"
"JH378108","39538350","39538652","chr18","14936633","14936932","48","24601717"
"JH378108","39553141","39553430","chr16","53397850","53398143","37","13844709"
"JH378108","39571790","39572126","chr12","49907171","49907495","62","10335381"
"JH378108","39582073","39582354","chr22","58976642","58976922","35","19394569"
"JH378108","39626716","39627026","chr5","36774379","36774687","32","2852337"
"JH378108","39633632","39633926","chrX","23977849","23978143","43","15655783"
"JH378108","39695611","39695925","chr24","74842667","74842971","45","35147056"
"JH378108","39707773","39707885","chr13","61112232","61112346","12","21404459"
"JH378108","39793012","39793307","chr13","65577132","65577425","32","25784120"
"JH378108","39797759","39798060","chrX","84956070","84956370","42","45158311"
"JH378108","39885827","39886122","chr19","25347288","25347585","31","14538539"
"JH378108","39891127","39891444","chr17","35258575","35258878","42","4632552"
"JH378108","39943972","39944255","chr10","89371705","89371992","41","49427733"
"JH378108","39963016","39963263","chr10","88865481","88865727","33","48902465"
"JH378108","39972862","39973165","chr22","73263557","73263857","34","33290695"
"JH378108","40006097","40006384","chr8","115068172","115068461","39","75062075"
"JH378108","40031060","40031341","chr19","19502742","19503020","36","20528318"
"JH378108","40037705","40038008","chr3","3384565","3384867","40","36653140"
"JH378108","40073596","40073895","chr22","16005168","16005472","48","24068428"
"JH378108","40108146","40108416","chr22","61639452","61639723","33","21531306"
"JH378108","40111817","40112090","chr20","116987724","116988002","47","76875907"
"JH378108","40221306","40221598","chr1","115205454","115205746","45","74984148"
"JH378108","40299657","40299953","chr10","118597337","118597632","46","78297680"
"JH378108","40337349","40337650","chr28","15068931","15069228","40","25268418"
"JH378108","40389587","40389682","chr22","82220107","82220203","9","41830520"
"JH378108","40402839","40403138","chr12","10064948","10065242","27","30337891"
"JH378108","40417599","40417891","chr20","108907026","108907317","38","68489427"
"JH378108","40470414","40470564","chr14","72807657","72807809","27","32337243"
"JH378108","40514846","40515145","chr13","65577132","65577425","33","25062286"
"JH378108","40588713","40589014","chr9","13169552","13169851","36","27419161"
"JH378108","40624665","40624855","chr11","117106298","117106484","28","76481633"
"JH378108","40624956","40625075","chr29","5133677","5133795","13","35491279"
"JH378108","40652618","40652972","chr16","45558939","45559277","75","4906321"
"JH378108","40768740","40769038","chr12","10064948","10065242","27","30703792"
"JH378108","40844152","40844416","chr16","11362824","11363098","45","29481328"
"JH378108","40849934","40850242","chr24","68895333","68895641","44","28045399"
"JH378108","40886987","40887265","chr19","19502742","19503020","33","21384245"
"JH378108","40888287","40888587","chr2","68581531","68581822","40","27693244"
"JH378108","40960487","40960587","chrX","2017984","2018087","13","38942503"
"JH378108","40994144","40994428","chr1","69161184","69161465","40","28167040"
"JH378108","41094905","41095198","chr12","86044059","86044354","48","44949154"
"JH378108","41103897","41104197","chr13","65577132","65577425","37","24473235"
"JH378108","41216290","41216583","chr11","60172405","60172698","46","18956115"
"JH378108","41246485","41246774","chr20","66273963","66274240","44","25027478"
"JH378108","41259574","41259884","chr12","74217361","74217667","39","32957787"
"JH378108","41304116","41304180","chr28","14799270","14799340","11","26504846"
"JH378108","41311595","41311902","chr14","22799686","22799991","43","18511909"
"JH378108","41324522","41324804","chr13","597287","597572","54","40727235"
"JH378108","41356951","41357027","chr13","63031813","63031889","5","21674862"
"JH378108","41366411","41366704","chr13","65577132","65577425","33","24210721"
"JH378108","41372083","41372136","chr3","49614140","49614198","8","8242057"
"JH378108","41451865","41452123","chr21","105930798","105931061","39","64478933"
"JH378108","41478239","41478554","chr3","77294257","77294565","47","35816018"
"JH378108","41506657","41506857","chr13","12227176","12227375","30","29279481"
"JH378108","41558660","41558946","chrX","18750094","18750379","32","22808566"
"JH378108","41633540","41633828","chr17","35667633","35667930","54","5965907"
"JH378108","41657900","41658235","chr25","83501873","83502135","124","41843973"
"JH378108","41693834","41694093","chr21","58536106","58536360","42","16842272"
"JH378108","41712899","41713191","chr15","48893872","48894165","47","7180973"
"JH378108","41719842","41720096","chr18","21204026","21204277","37","20515816"
"JH378108","41755537","41755840","chr19","23732962","23733259","36","18022575"
"JH378108","41826681","41826993","chr20","71071763","71072067","38","29245082"
"JH378108","41934073","41934374","chr11","12843454","12843759","38","29090619"
"JH378108","41981811","41982114","chr5","2273487","2273788","39","39708324"
"JH378108","42009530","42009831","chr12","10064948","10065242","26","31944582"
"JH378108","42028837","42029123","chr29","3912227","3912519","44","38116610"
"JH378108","42043852","42044074","chr13","28367835","28368071","56","13676017"
"JH378108","42052330","42052608","chr10","67568456","67568727","48","25516126"
"JH378108","42086733","42087022","chr20","7605671","7605957","45","34481062"
"JH378108","42091628","42091937","chr18","56208944","56209251","33","14117316"
"JH378108","42109394","42109671","chr13","56916327","56916592","48","14806933"
"JH378108","42126406","42126690","chr11","126818840","126819124","42","84692434"
"JH378108","42131949","42132248","chr9","81056861","81057162","43","38924912"
"JH378108","42174681","42174988","chr5","36774379","36774687","36","5400302"
"JH378108","42203676","42203976","chr8","1641343","1641640","32","40562333"
"JH378108","42206611","42206878","chr8","132346365","132346635","51","90139754"
"JH378108","42255375","42255609","chr18","16752670","16752900","30","25502705"
"JH378108","42260300","42260595","chrX","17246394","17246689","34","25013906"
"JH378108","42263513","42263845","chr2","44525545","44525868","57","2262032"
"JH378108","42268822","42269115","chr20","80826383","80826678","46","38557561"
"JH378108","42271404","42271722","chr10","88177543","88177855","40","45906139"
"JH378108","42291305","42291608","chr5","23732417","23732687","69","18558888"
"JH378108","42300527","42300778","chr1","581839","582102","45","41718688"
"JH378108","42319054","42319340","chr9","25030769","25031053","39","17288285"
"JH378108","42351399","42351485","chr5","67880800","67880883","9","25529401"
"JH378108","42358653","42358959","chr5","36774379","36774687","34","5584274"
"JH378108","42370157","42370469","chr11","115525233","115525542","35","73155076"
"JH378108","42370593","42370877","chrX","15732035","15732323","33","26638558"
"JH378108","42371913","42372158","chr24","52862824","52863076","38","10490911"
"JH378108","42384877","42385182","chr20","85624943","85625248","40","43240066"
"JH378108","42395734","42396047","chrX","62513903","62514213","41","20118169"
"JH378108","42438170","42438246","chr10","95538249","95538325","8","53100079"
"JH378108","42459071","42459365","chr12","10064948","10065242","29","32394123"
"JH378108","42479644","42479909","chr4","89323616","89323879","36","46843972"
"JH378108","42497548","42497804","chr25","69800878","69801130","41","27303330"
"JH378108","42517039","42517326","chr5","20366749","20367033","42","22150290"
"JH378108","42552637","42552933","chr17","14670888","14671181","33","27881749"
"JH378108","42576568","42576866","chr1","65504304","65504612","36","22927736"
"JH378108","42609053","42609353","chr29","8289755","8290055","45","34319298"
"JH378108","42614739","42614816","chr13","63031813","63031889","8","20417074"
"JH378108","42622706","42623002","chr25","56498862","56499159","35","13876156"
"JH378108","42626015","42626303","chr13","65577132","65577425","38","22951117"
"JH378108","42627939","42628079","chr3","90669571","90669712","12","48041632"
"JH378108","42630403","42630702","chr12","10064948","10065242","24","32565455"
"JH378108","42647500","42647803","chr5","70970615","70970911","36","28323115"
"JH378108","42651248","42651536","chrX","29936084","29936366","48","12715164"
"JH378108","42652391","42652544","chr10","81533997","81534152","28","38881606"
"JH378108","42658366","42658674","chr27","24614858","24615165","37","18043508"
"JH378108","42658712","42658997","chr10","110727371","110727653","52","68068659"
"JH378108","42662627","42662917","chr1","74384612","74384899","40","31721985"
"JH378108","42674660","42674952","chr6","8133556","8133849","53","34541104"
"JH378108","42675815","42676119","chr20","96210594","96210893","35","53534779"
"JH378108","42684591","42684669","chr16","3308866","3308945","7","39375725"
"JH378108","42686093","42686399","chr23","68956622","68956918","46","26270529"
"JH378108","42695119","42695400","chr11","126818840","126819124","37","84123721"
"JH378108","42731780","42732076","chr22","12575289","12575585","35","30156491"
"JH378108","42832830","42833126","chr14","44038439","44038738","41","1205609"
"JH378108","42873417","42873711","chr19","25347288","25347585","35","17526129"
"JH378108","42895364","42895458","chr22","82220107","82220203","7","39324743"
"JH378108","42913508","42913810","chr20","47366404","47366703","34","4452896"
"JH378108","42933960","42934080","chr13","62920050","62920173","17","19986090"
"JH378108","43003821","43004131","chr5","20221828","20222136","33","22781993"
"JH378108","43017220","43017522","chr5","58245349","58245645","35","15228129"
"JH378108","43072177","43072487","chr2","34891557","34891863","32","8180620"
"JH378108","43100032","43100317","chr17","44472831","44473118","38","1372799"
"JH378108","43126644","43126949","chr23","40897282","40897583","32","2229362"
"JH378108","43150277","43150534","chr20","93036377","93036637","40","49886100"
"JH378108","43169852","43170149","chr12","10064948","10065242","32","33104904"
"JH378108","43282271","43282550","chr11","19611133","19611417","42","23671138"
"JH378108","43322607","43322903","chr20","113550217","113550515","40","70227610"
"JH378108","43331742","43332059","chr10","86092327","86092631","42","42760585"
"JH378108","43357688","43357928","chr28","18638236","18638468","37","24719452"
"JH378108","43469199","43469497","chr22","4912713","4913009","42","38556486"
"JH378108","43473719","43473991","chr12","105898394","105898656","49","62424675"
"JH378108","43482754","43483014","chr24","22369755","22370013","45","21112999"
"JH378108","43497729","43498013","chr8","51983313","51983590","38","8485584"
"JH378108","43524914","43525167","chr16","64819318","64819582","41","21294404"
"JH378108","43529371","43529673","chr2","18936818","18937115","55","24592553"
"JH378108","43535249","43535531","chr1","55082622","55082912","43","11547373"
"JH378108","43566163","43566457","chr6","48913632","48913921","37","5347469"
"JH378108","43579566","43579861","chr14","79801787","79802070","45","36222221"
"JH378108","43636875","43637169","chr2","49104477","49104770","43","5467602"
"JH378108","43716719","43717008","chr7","99816095","99816383","41","56099376"
"JH378108","43750954","43751259","chr5","43051685","43051979","46","699269"
"JH378108","43792511","43792822","chr26","38024857","38025165","33","5767654"
"JH378108","43845775","43846083","chr5","36774379","36774687","38","7071396"
"JH378108","43899865","43900155","chr10","75983953","75984248","51","32084088"
"JH378108","43930597","43930862","chr21","106798480","106798745","42","62867883"
"JH378108","43937957","43938065","chr6","1067449","1067558","11","42870508"
"JH378108","43950953","43951042","chr19","7758593","7758681","10","36192360"
"JH378108","43955383","43955510","chr6","50606227","50606356","16","6650844"
"JH378108","43965759","43965905","chr16","21687282","21687429","12","22278477"
"JH378108","43978976","43979271","chr1","68219231","68219530","30","24240255"
"JH378108","44050631","44050909","chr20","79311368","79311650","47","35260737"
"JH378108","44093322","44093613","chr13","75976745","75977032","58","31883423"
"JH378108","44128788","44129098","chr2","34891557","34891863","37","9237231"
"JH378108","44135004","44135303","chr15","4075521","4075817","34","40059483"
"JH378108","44136350","44136646","chr13","65577132","65577425","32","21440782"
"JH378108","44210763","44211059","chr20","105941906","105942211","41","61731143"
"JH378108","44218019","44218294","chr26","53987975","53988244","33","9769956"
"JH378108","44246249","44246554","chr1","105165144","105165451","46","60918895"
"JH378108","44279816","44280116","chr6","7190985","7191277","37","37088831"
"JH378108","44293032","44293310","chr9","19449982","19450259","46","24843050"
"JH378108","44294268","44294482","chr15","32708871","32709084","32","11585397"
"JH378108","44299285","44299588","chr12","6781553","6781865","107","37517732"
"JH378108","44328429","44328684","chr11","32873626","32873870","44","11454803"
"JH378108","44352901","44353205","chr5","2273487","2273788","35","42079414"
"JH378108","44384653","44384950","chr1","103316080","103316378","41","58931427"
"JH378108","44422376","44422676","chr6","16598509","16598818","36","27823867"
"JH378108","44452863","44453162","chr12","10064948","10065242","28","34387915"
"JH378108","44465871","44466177","chr5","16792567","16792878","43","27673304"
"JH378108","44471216","44471284","chr11","19235944","19236012","8","25235272"
"JH378108","44498426","44498724","chr4","41297981","41298275","36","3200445"
"JH378108","44508885","44509161","chr25","48348123","48348403","35","3839238"
"JH378108","44565372","44565461","chr22","82220107","82220203","11","37654735"
"JH378108","44606201","44606331","chr16","4500752","4500881","11","40105449"
"JH378108","44614570","44614865","chr8","65946650","65946949","44","21332080"
"JH378108","44632892","44632969","chr13","63031813","63031889","8","18398921"
"JH378108","44660142","44660451","chr5","27918350","27918656","40","16741792"
"JH378108","44691735","44691801","chr25","7998593","7998655","16","36693142"
"JH378108","44695891","44696193","chr24","67239754","67240052","30","22543863"
"JH378108","44712229","44712527","chr12","10064948","10065242","29","34647281"
"JH378108","44723470","44723756","chr15","54120993","54121279","38","9397523"
"JH378108","44730186","44730429","chr10","52997867","52998109","47","8267681"
"JH378108","44732878","44733193","chr20","100075355","100075661","44","55342477"
"JH378108","44735562","44735677","chr22","89377556","89377669","17","44641994"
"JH378108","44742799","44743115","chr17","35258575","35258878","34","9484224"
"JH378108","44746793","44747100","chr14","27700149","27700448","35","17046644"
"JH378108","44758390","44758689","chr11","64732415","64732714","49","19974025"
"JH378108","44780512","44780723","chr2","41986599","41986802","24","2793913"
"JH378108","44789566","44789660","chr2","56143676","56143777","25","11354110"
"JH378108","44796312","44796596","chr2","6843755","6844035","36","37952557"
"JH378108","44801420","44801725","chr14","44038439","44038738","43","762981"
"JH378108","44811964","44812229","chr5","75378114","75378380","51","30566150"
"JH378108","44821406","44821632","chr5","1545752","1546005","72","43275654"
"JH378108","44821752","44822045","chr13","65577132","65577425","25","20755380"
"JH378108","44830850","44830939","chr22","82220107","82220203","12","37389257"
"JH378108","44834200","44834479","chr21","16706230","16706512","47","28127970"
"JH378108","44849581","44849671","chr3","65349691","65349782","12","20500110"
"JH378108","44851496","44851801","chr20","114354247","114354555","47","69502751"
"JH378108","44863225","44863528","chr2","89639074","89639380","47","44775849"
"JH378108","44867072","44867201","chr16","4500752","4500881","13","40366320"
"JH378108","44873554","44873849","chr16","53397850","53398143","33","8524296"
"JH378108","44881469","44881552","chr5","67880800","67880883","8","22999331"
"JH378108","44910084","44910397","chr2","34891557","34891863","44","10018527"
"JH378108","44935091","44935397","chr9","28365288","28365588","44","16569803"
"JH378108","44955590","44955876","chr1","69657377","69657663","37","24701787"
"JH378108","44964555","44964662","chr6","5216779","5216886","9","39747776"
"JH378108","44981620","44981746","chr3","72385674","72385796","15","27404054"
"JH378108","45047472","45047555","chr5","67880800","67880883","9","22833328"
"JH378108","45047556","45047623","chr1","104514801","104514865","12","59467245"
"JH378108","45047901","45048065","chr27","48334454","48334629","38","3286553"
"JH378108","45059819","45059923","chr1","62097932","62098038","12","17038113"
"JH378108","45062598","45062686","chr19","7758593","7758681","11","37304005"
"JH378108","45081158","45081459","chr3","78322458","78322761","31","33241300"
"JH378108","45084202","45084486","chr25","85642603","85642903","51","40558401"
"JH378108","45087252","45087555","chr1","65504304","65504612","36","20417052"
"JH378108","45091980","45092230","chr1","31168555","31168794","45","13923425"
"JH378108","45097331","45097517","chr20","28787815","28787990","32","16309516"
"JH378108","45131040","45131170","chr1","97802296","97802426","12","52671256"
"JH378108","45135212","45135331","chr6","44144914","44145033","13","990298"
"JH378108","45135504","45135673","chr27","8342111","8342276","21","36793393"
"JH378108","45137054","45137353","chr17","21524478","21524775","36","23612576"
"JH378108","45190225","45190355","chr3","91348390","91348521","11","46158165"
"JH378108","45222618","45222695","chr13","63031813","63031889","9","17809195"
"JH378108","45226676","45226893","chr28","1883537","1883753","27","43343139"
"JH378108","45278165","45278462","chr12","10064948","10065242","30","35213217"
"JH378108","45290330","45290567","chr20","92882451","92882681","35","47592121"
"JH378108","45309315","45309405","chr3","65349691","65349782","10","20040376"
"JH378108","45311125","45311230","chr1","39939684","39939788","10","5371441"
"JH378108","45318750","45319034","chrX","95460911","95461200","37","50142161"
"JH378108","45335000","45335306","chr5","27918350","27918656","30","17416650"
"JH378108","45343890","45344038","chr24","12006231","12006380","17","33337659"
"JH378108","45346920","45347167","chr11","119259842","119260088","30","73912922"
"JH378108","45350638","45350901","chrX","38948847","38949111","35","6401791"
"JH378108","45414646","45414910","chr8","90211831","90212082","38","44797185"
"JH378108","45423826","45424108","chr15","30875086","30875377","55","14548740"
"JH378108","45476047","45476350","chr12","10064948","10065242","29","35411099"
"JH378108","45482311","45482613","chr24","1051567","1051864","40","44430744"
"JH378108","45493356","45493660","chr11","58110010","58110310","33","12616654"
"JH378108","45503466","45503757","chr20","121618255","121618545","37","76114789"
"JH378108","45505072","45505177","chr17","40217264","40217370","9","5287808"
"JH378108","45514073","45514178","chrX","2017984","2018087","10","43496089"
"JH378108","45531271","45531493","chr25","59449721","59449941","32","13918450"
"JH378108","45538297","45538594","chr1","103050659","103050957","42","57512362"
"JH378108","45599154","45599460","chr20","119900333","119900636","42","74301179"
"JH378108","45601216","45601508","chr20","51671715","51672004","32","6070499"
"JH378108","45634067","45634359","chr11","42115371","42115662","39","3518696"
"JH378108","45635193","45635504","chr11","115525233","115525542","30","69890040"
"JH378108","45639544","45639850","chr11","125798758","125799061","30","80159214"
"JH378108","45641509","45641762","chr24","79718722","79718979","36","34077213"
"JH378108","45645255","45645533","chr9","90465987","90466268","29","44820732"
"JH378108","45646329","45646630","chrX","55595964","55596261","41","9949635"
"JH378108","45653797","45654107","chr26","16855091","16855398","36","28798706"
"JH378108","45655618","45655993","chr5","24362564","24362891","96","21293054"
"JH378108","45661879","45662171","chr8","137926865","137927160","39","92264986"
"JH378108","45672607","45672728","chr15","90834689","90834810","12","45162082"
"JH378108","45708527","45708827","chr11","117737181","117737478","35","72028654"
"JH378108","45709498","45709574","chr13","63031813","63031889","5","17322315"
"JH378108","45714746","45715044","chr12","10064948","10065242","29","35649798"
"JH378108","45725846","45726144","chr1","103415790","103416081","48","57689944"
"JH378108","45762423","45762723","chr7","123616853","123617149","39","77854430"
"JH378108","45782020","45782300","chr21","49966203","49966477","34","4184183"
"JH378108","45877451","45877744","chr7","115787008","115787298","47","69909557"
"JH378108","45918658","45918970","chr1","65504304","65504612","32","19585646"
"JH378108","45998263","45998548","chr28","9524525","9524809","28","36473738"
"JH378108","45999941","46000000","chr22","38828463","38828520","9","7171478"
"JH378108","46014250","46014544","chr18","60118008","60118306","29","14103758"
"JH378108","46043261","46043388","chr20","20852752","20852882","14","25190509"
"JH378108","46044194","46044344","chr9","85564984","85565140","27","39520790"
"JH378108","46069472","46069569","chr22","82220107","82220203","10","36150635"
"JH378108","46074656","46074968","chr16","30398852","30399159","36","15675804"
"JH378108","46085653","46085960","chr22","47793370","47793666","38","1707717"
"JH378108","46127685","46127999","chr11","115525233","115525542","31","69397548"
"JH378108","46139628","46139900","chr26","18693171","18693445","52","27446457"
"JH378108","46147557","46147858","chr29","8289755","8290055","41","37857802"
"JH378108","46162602","46162896","chr12","10064948","10065242","21","36097654"
"JH378108","46177646","46177940","chr28","17207213","17207514","47","28970433"
"JH378108","46180787","46180919","chr21","2304649","2304779","12","43876138"
"JH378108","46182055","46182117","chr19","14579948","14580013","10","31602107"
"JH378108","46200675","46200842","chr21","109527100","109527269","18","63326425"
"JH378108","46215089","46215389","chr21","74368618","74368909","32","28153529"
"JH378108","46223734","46223807","chr13","63031813","63031889","8","16808079"
"JH378108","46231147","46231272","chr1","8688937","8689061","10","37542210"
"JH378108","46232341","46232430","chr20","119761262","119761350","9","73528921"
"JH378108","46261835","46262055","chrX","14987614","14987831","44","31274221"
"JH378108","46264341","46264650","chr2","58045145","58045453","37","11780804"
"JH378108","46288408","46288493","chr16","4405728","4405812","6","41882680"
"JH378108","46292285","46292591","chrX","18278407","18278706","45","28013878"
"JH378108","46330198","46330341","chr3","90669571","90669712","15","44339373"
"JH378108","46330584","46330853","chr4","64874371","64874646","56","18543787"
"JH378108","46336128","46336433","chr12","74217361","74217667","39","27881233"
"JH378108","46372287","46372385","chr22","82220107","82220203","10","35847820"
"JH378108","46390543","46390798","chr12","6401463","6401710","32","39989080"
"JH378108","46415588","46415891","chr15","18549945","18550246","31","27865643"
"JH378108","46438608","46438706","chr22","82220107","82220203","13","35781499"
"JH378108","46442435","46442524","chr3","65349691","65349782","9","18907256"
"JH378108","46448862","46448942","chr16","4405728","4405812","8","42043134"
"JH378108","46470137","46470442","chr17","55864125","55864431","35","9393988"
"JH378108","46580471","46580776","chr12","6781553","6781865","81","39798918"
"JH378108","46583692","46583987","chr12","10064948","10065242","32","36518744"
"JH378108","46625970","46626280","chr2","34891557","34891863","31","11734413"
"JH378108","46684033","46684335","chr1","108565860","108566161","34","61881827"
"JH378108","46696183","46696286","chrX","2017984","2018087","7","44678199"
"JH378108","46743986","46744288","chr5","2273487","2273788","32","44470499"
"JH378108","46753174","46753475","chr16","14854865","14855159","45","31898309"
"JH378108","46753502","46753615","chr20","115102100","115102215","16","68348598"
"JH378108","46817822","46818122","chr12","10064948","10065242","35","36752874"
"JH378108","46881590","46881779","chr20","45817691","45817873","23","1063899"
"JH378108","46922129","46922424","chr13","65577132","65577425","34","18655003"
"JH378108","46934197","46934304","chr12","53065987","53066095","11","6131790"
"JH378108","47079428","47079732","chr11","120207458","120207761","41","73128030"
"JH378108","47175373","47175503","chr11","106843296","106843425","16","59667923"
"JH378108","47307823","47308123","chr12","103818042","103818341","38","56510219"
"JH378108","47332485","47332778","chrX","115072365","115072649","38","67739880"
"JH378108","47417736","47418031","chr12","10064948","10065242","30","37352788"
"JH378108","47438040","47438341","chr12","10064948","10065242","29","37373092"
"JH378108","47502393","47502653","chr12","9839563","9839832","51","37662830"
"JH378108","47565836","47566146","chr24","68895333","68895641","32","21329497"
"JH378108","47572441","47572751","chr11","20333718","20334026","29","27238723"
"JH378108","47583903","47584211","chr2","34891557","34891863","43","12692346"
"JH378108","47673583","47673879","chr15","86758708","86759003","40","39085125"
"JH378108","47677583","47677875","chr6","38582923","38583209","46","9094660"
"JH378108","47817388","47817685","chr9","116427602","116427896","40","68610214"
"JH378108","47848465","47848772","chr5","2273487","2273788","29","45574978"
"JH378108","47870952","47871011","chr5","8923767","8923819","14","38947185"
"JH378108","47875694","47875983","chr18","66189352","66189642","34","18313658"
"JH378108","47909635","47909940","chr11","51624065","51624366","34","3714430"
"JH378108","47915377","47915679","chr12","6781553","6781865","95","41133824"
"JH378108","48035785","48035904","chr24","48537275","48537387","26","501490"
"JH378108","48136779","48137073","chr16","30637924","30638212","35","17498855"
"JH378108","48173361","48173676","chr8","119289066","119289374","43","71115705"
"JH378108","48226222","48226346","chr16","73730787","73730904","30","25504565"
"JH378108","48237370","48237678","chr1","65504304","65504612","34","17266934"
"JH378108","48398892","48399203","chr16","19104450","19104748","42","29294442"
"JH378108","48439349","48439642","chr13","86022245","86022540","41","37582896"
"JH378108","48500001","48500248","chr16","25914638","25914900","55","22585363"
"JH378108","48670901","48671211","chr8","66644262","66644564","36","17973361"
"JH378108","48701134","48701433","chr14","83371933","83372231","39","34670799"
"JH378108","48742497","48742741","chr11","119259842","119260088","31","70517345"
"JH378108","48756450","48756767","chr5","57912411","57912720","40","9155961"
"JH378108","48764691","48764983","chr12","10064948","10065242","28","38699743"
"JH378108","48810688","48810984","chr6","11870631","11870930","33","36940057"
"JH378108","48825242","48825538","chr25","73838548","73838836","51","25013306"
"JH378108","48984947","48985257","chr16","13389805","13390111","36","35595142"
"JH378108","49046806","49047032","chr5","58344526","58344744","33","9297720"
"JH378108","49135355","49135650","chr12","10064948","10065242","31","39070407"
"JH378108","49166144","49166425","chr11","52684567","52684863","45","3518423"
"JH378108","49168017","49168320","chr12","6781553","6781865","97","42386464"
"JH378108","49198317","49198622","chr12","10064948","10065242","33","39133369"
"JH378108","49198997","49199296","chr5","2273487","2273788","29","46925510"
"JH378108","49227290","49227590","chr10","55224096","55224386","47","5996806"
"JH378108","49250981","49251282","chr15","86758708","86759003","31","37507727"
"JH378108","49258851","49258940","chr19","7758593","7758681","10","41500258"
"JH378108","49277418","49277726","chr8","96089866","96090170","35","46812448"
"JH378108","49285069","49285352","chr13","89452546","89452829","43","40167477"
"JH378108","49286771","49287074","chr15","18549945","18550246","32","30736826"
"JH378108","49307711","49308017","chr2","34891557","34891863","48","14416154"
"JH378108","49321986","49322290","chr1","68219231","68219530","43","18897245"
"JH378108","49333667","49333975","chr1","108565860","108566161","32","59232193"
"JH378108","49347987","49348292","chr5","2273487","2273788","32","47074500"
"JH378108","49356910","49356982","chr4","11929707","11929771","14","37427203"
"JH378108","49358149","49358225","chr13","63031813","63031889","8","13673664"
"JH378108","49365074","49365355","chr21","26939851","26940136","46","22425223"
"JH378108","49438259","49438344","chr22","82220107","82220203","14","32781848"
"JH378108","49441183","49441437","chr13","24683312","24683564","38","24757871"
"JH378108","49446564","49446806","chr15","88815486","88815733","55","39368922"
"JH378108","49490201","49490489","chr16","21816012","21816308","41","27674189"
"JH378108","49535864","49536158","chr7","97740515","97740805","37","48204651"
"JH378108","49540645","49540915","chr8","119751470","119751733","50","70210825"
"JH378108","49545751","49546081","chr12","10064948","10065242","117","39480803"
"JH378108","49585487","49585783","chrX","120462714","120463001","42","70877227"
"JH378108","49586954","49587239","chr22","22816178","22816465","41","26770776"
"JH378108","49626405","49626558","chr2","39050730","39050870","37","10575675"
"JH378108","49626674","49626803","chr21","75559315","75559443","12","25932641"
"JH378108","49631244","49631566","chr4","73384340","73384660","51","23753096"
"JH378108","49645945","49646258","chr3","22013697","22014006","41","27632248"
"JH378108","49662818","49662908","chr3","65349691","65349782","12","15686873"
"JH378108","49698834","49699094","chr16","63471279","63471543","42","13772445"
"JH378108","49706580","49706884","chr5","2273487","2273788","26","47433093"
"JH378108","49713261","49713542","chr21","33287053","33287331","29","16426208"
"JH378108","49726798","49727117","chr26","6059541","6059849","45","43667257"
"JH378108","49732672","49732975","chr26","6059541","6059849","41","43673131"
"JH378108","49741394","49741650","chr8","130278670","130278926","34","80537276"
"JH378108","49744016","49744297","chr18","59096008","59096287","40","9351992"
"JH378108","49744324","49744652","chr20","94983084","94983392","51","45238760"
"JH378108","49766143","49766451","chr21","50992069","50992377","33","1225926"
"JH378108","49771188","49771488","chr12","106797672","106797971","35","57026484"
"JH378108","49819195","49819289","chr22","82220107","82220203","8","32400912"
"JH378108","49823261","49823556","chr7","103202277","103202569","58","53379016"
"JH378108","49824613","49824913","chrX","23977849","23978143","37","25846764"
"JH378108","49826118","49826412","chr1","103632877","103633176","50","53806759"
"JH378108","49834661","49834939","chr1","83625954","83626213","63","33791293"
"JH378108","49852576","49852664","chr19","7758593","7758681","12","42093983"
"JH378108","49865533","49865823","chr5","4021909","4022200","39","45843624"
"JH378108","49869774","49870068","chr12","10064948","10065242","27","39804826"
"JH378108","49876119","49876414","chr3","17742689","17742974","44","32133430"
"JH378108","49880867","49881171","chr2","58561712","58562013","36","8680845"
"JH378108","49894878","49895020","chr15","19514175","19514311","17","30380703"
"JH378108","49914213","49914514","chr5","2273487","2273788","28","47640726"
"JH378108","49915334","49915610","chr15","17609837","17610117","47","32305497"
"JH378108","49922621","49922875","chr5","57856103","57856358","34","7933482"
"JH378108","49936348","49936641","chr2","22390377","22390668","39","27545971"
"JH378108","49981342","49981647","chr12","71286635","71286941","38","21305293"
"JH378108","49997338","49997645","chr12","6781553","6781865","50","43215785"
"JH378108","50005256","50005430","chr25","22704616","22704787","19","27300640"
"JH378108","50035315","50035480","chr24","50322210","50322373","33","286895"
"JH378108","50096014","50096323","chr5","2273487","2273788","31","47822527"
"JH378108","50104917","50105135","chr11","44436513","44436764","51","5668404"
"JH378108","50149194","50149498","chr15","58638141","58638447","52","8488947"
"JH378108","50202908","50203216","chr5","45564984","45565290","32","4637924"
"JH378108","50205435","50205733","chr12","10064948","10065242","27","40140487"
"JH378108","50223606","50223898","chrX","95460911","95461200","34","45237305"
"JH378108","50313275","50313584","chr28","11531803","11532106","50","38781472"
"JH378108","50378339","50378644","chr7","12288332","12288635","44","38090007"
"JH378108","50410366","50410659","chrX","116145376","116145674","51","65735010"
"JH378108","50415901","50416142","chr17","41920077","41920310","40","8495824"
"JH378108","50420916","50421210","chrX","23977849","23978143","28","26443067"
"JH378108","50460397","50460703","chr15","18549945","18550246","30","31910452"
"JH378108","50461979","50462277","chr2","66530405","66530698","44","16068426"
"JH378108","50473874","50474178","chr5","2273487","2273788","41","48200387"
"JH378108","50507727","50507849","chr6","8802293","8802413","18","41705434"
"JH378108","50550439","50550746","chr7","99172603","99172901","45","48622164"
"JH378108","50599753","50600049","chr10","54966942","54967236","35","4367189"
"JH378108","50611303","50611376","chr13","63031813","63031889","7","12420510"
"JH378108","50619204","50619496","chr1","26491346","26491637","31","24127858"
"JH378108","50639731","50640018","chr16","30637924","30638212","33","20001807"
"JH378108","50640030","50640175","chr20_KE148049v1_random","716927","717071","24","49923103"
"JH378108","50644718","50644792","chr13","63031813","63031889","8","12387095"
"JH378108","50645334","50645457","chr15","90834689","90834810","10","40189355"
"JH378108","50650552","50650862","chr6","15953108","15953417","36","34697444"
"JH378108","50667412","50667492","chr5","67880800","67880883","9","17213388"
"JH378108","50728509","50728812","chr5","2273487","2273788","30","48455022"
"JH378108","50736657","50736841","chr27","10292078","10292249","33","40444579"
"JH378108","50740227","50740520","chr12","10064948","10065242","30","40675279"
"JH378108","50758806","50759108","chrX","23977849","23978143","34","26780957"
"JH378108","50778143","50778440","chr9","66377782","66378079","31","15599639"
"JH378108","50781818","50782105","chr22","22816178","22816465","36","27965640"
"JH378108","50784176","50784323","chr9","59130238","59130387","15","8346062"
"JH378108","50801509","50801767","chr21","33287053","33287331","46","17514456"
"JH378108","50840669","50840914","chr11","119259842","119260088","27","68419173"
"JH378108","50851369","50851661","chr10","93998775","93999074","44","43147406"
"JH378108","50866357","50866656","chr10","111637485","111637783","29","60771128"
"JH378108","50889170","50889302","chr21","72996628","72996759","21","22107458"
"JH378108","50889399","50889693","chr1","85711795","85712099","49","34822396"
"JH378108","50895570","50895804","chr9","106743255","106743488","23","55847685"
"JH378108","50896918","50897038","chr15","90834689","90834810","10","39937771"
"JH378108","50906263","50906559","chr1","66807483","66807786","38","15901220"
"JH378108","50912613","50912912","chr12","10064948","10065242","37","40847665"
"JH378108","50928618","50928906","chr3","3973222","3973508","41","46955396"
"JH378108","50952515","50952825","chr11","115525233","115525542","34","64572718"
"JH378108","50955209","50955521","chr26","38024857","38025165","34","12930352"
"JH378108","50963838","50964117","chr23","29781662","29781939","51","21182176"
"JH378108","50965966","50966023","chr21","19468014","19468074","12","31497952"
"JH378108","50967555","50967651","chr22","82220107","82220203","7","31252552"
"JH378108","50972516","50972788","chr11","118849670","118849939","37","67877154"
"JH378108","50972994","50973286","chr12","10064948","10065242","36","40908046"
"JH378108","50975948","50976247","chr13","68876389","68876691","37","17900441"
"JH378108","50976748","50976842","chr22","82220107","82220203","7","31243359"
"JH378108","50984317","50984627","chr11","115525233","115525542","32","64540916"
"JH378108","50986686","50986990","chr23","40897282","40897583","35","10089404"
"JH378108","51001873","51002177","chr15","3702894","3703194","37","47298979"
"JH378108","51014028","51014325","chr12","10064948","10065242","25","40949080"
"JH378108","51019932","51020241","chrX","125978862","125979170","36","74958930"
"JH378108","51030422","51030711","chr1","31818411","31818697","38","19212011"
"JH378108","51045480","51045749","chr14","169805","170090","44","50875675"
"JH378108","51089946","51090234","chr21","125309394","125309672","35","74219448"
"JH378108","51090759","51091045","chr11","38461191","38461481","39","12629568"
"JH378108","51097018","51097328","chr12","74217361","74217667","37","23120343"
"JH378108","51100500","51100789","chr4","89471515","89471796","52","38371015"
"JH378108","51159688","51159996","chr17","35258575","35258878","37","15901113"
"JH378108","51161108","51161249","chr22","36072301","36072434","20","15088807"
"JH378108","51182487","51182779","chr16","70747010","70747310","37","19564523"
"JH378108","51187182","51187471","chr23","57616217","57616508","34","6429035"
"JH378108","51194125","51194420","chr1","103542998","103543287","45","52348873"
"JH378108","51226221","51226513","chr9","96314869","96315163","34","45088648"
"JH378108","51230347","51230616","chr1","93328858","93329129","38","42098511"
"JH378108","51294466","51294769","chr8","89963957","89964248","40","38669491"
"JH378108","51300439","51300746","chr12","34498666","34498976","44","16801773"
"JH378108","51306913","51307015","chr20","25652388","25652489","10","25654525"
"JH378108","51322785","51323072","chrX","18750094","18750379","34","32572691"
"JH378108","51326587","51326883","chr6","32068883","32069174","41","19257704"
"JH378108","51440838","51441133","chr2","22390377","22390668","41","29050461"
"JH378108","51491093","51491305","chr2","41986599","41986802","28","9504494"
"JH378108","51513060","51513374","chr3","27466416","27466725","37","24046644"
"JH378108","51523155","51523431","chr26","53987975","53988244","38","2464820"
"JH378108","51557741","51558056","chr28","4550302","4550608","41","47007439"
"JH378108","51598567","51598832","chr24","73585240","73585507","36","21986673"
"JH378108","51604269","51604565","chrX","23977849","23978143","36","27626420"
"JH378108","51625332","51625640","chr2","3720339","3720645","42","47904993"
"JH378108","51652739","51653037","chr8","95885898","95886192","36","44233159"
"JH378108","51667839","51667942","chr2","56143676","56143777","19","4475837"
"JH378108","51701161","51701250","chr3","65349691","65349782","12","13648530"
"JH378108","51710741","51710925","chr13","1182759","1182946","29","50527982"
"JH378108","51728407","51728663","chr21","10780465","10780722","40","40947942"
"JH378108","51781289","51781362","chrY","449824","449897","13","51331465"
"JH378108","51804100","51804218","chr15","53595698","53595816","13","1791598"
"JH378108","51806762","51807067","chr27","29581793","29582088","47","22224969"
"JH378108","51818984","51819279","chr13","78919804","78920100","36","27100820"
"JH378108","51874645","51874942","chr10","111637485","111637783","33","59762840"
"JH378108","51881071","51881307","chr15","3975852","3976110","55","47905219"
"JH378108","51900553","51900847","chr12","10064948","10065242","26","41835605"
"JH378108","51925780","51926084","chr26","38024857","38025165","35","13900923"
"JH378108","51993966","51994160","chr6","8749758","8749947","27","43244208"
"JH378108","52003810","52004103","chr2","5829314","5829613","37","46174496"
"JH378108","52027464","52027764","chr11","117737181","117737478","32","65709717"
"JH378108","52051059","52051367","chr14","22799686","22799991","33","29251373"
"JH378108","52059762","52060072","chr26","38024857","38025165","33","14034905"
"JH378108","52061743","52062037","chr12","10064948","10065242","27","41996795"
"JH378108","52064987","52065293","chr8","91434027","91434331","39","39369040"
"JH378108","52065701","52065821","chr15","90834689","90834810","11","38768988"
"JH378108","52074016","52074317","chr12","9938852","9939154","43","42135164"
"JH378108","52086835","52087142","chr5","2273487","2273788","35","49813348"
"JH378108","52105281","52105375","chr22","82220107","82220203","7","30114826"
"JH378108","52106163","52106447","chr6","8669039","8669314","37","43437124"
"JH378108","52148773","52149087","chr8","6082827","6083134","44","46065946"
"JH378108","52162241","52162562","chrX","94817369","94817685","50","42655128"
"JH378108","52167855","52168097","chr16","23133571","23133812","46","29034284"
"JH378108","52177626","52177882","chr22","88832832","88833087","33","36655206"
"JH378108","52184508","52184800","chr12","10064948","10065242","31","42119560"
"JH378108","52197665","52197954","chr1","10803268","10803561","36","41394397"
"JH378108","52220974","52221269","chr1","26491346","26491637","36","25729628"
"JH378108","52241518","52241819","chr12","10064948","10065242","35","42176570"
"JH378108","52244386","52244690","chr5","2273487","2273788","30","49970899"
"JH378108","52274116","52274426","chr5","36774379","36774687","36","15499737"
"JH378108","52275367","52275683","chr15","76857404","76857733","56","24582037"
"JH378108","52291104","52291358","chr15","61272363","61272620","40","8981259"
"JH378108","52319580","52319858","chr19","22521438","22521721","42","29798142"
"JH378108","52343111","52343384","chr10","81088081","81088364","45","28744970"
"JH378108","52346146","52346456","chr9","15987970","15988276","32","36358176"
"JH378108","52366265","52366573","chr11","115525233","115525542","36","63158968"
"JH378108","52367806","52368110","chr26","47869038","47869341","28","4498768"
"JH378108","52416777","52417071","chr12","10064948","10065242","30","42351829"
"JH378108","52419377","52419637","chr14","48495310","48495583","57","3924067"
"JH378108","52421274","52421579","chr22","5079064","5079372","40","47342210"
"JH378108","52439455","52439764","chr2","35931939","35932239","36","16507516"
"JH378108","52454786","52455092","chr16","14358940","14359244","38","38095846"
"JH378108","52458117","52458325","chr2","41986599","41986802","38","10471518"
"JH378108","52463345","52463649","chr5","2273487","2273788","32","50189858"
"JH378108","52471750","52472059","chr2","34732692","34732999","41","17739058"
"JH378108","52543376","52543569","chr16","68347258","68347451","23","15803882"
"JH378108","52555930","52556246","chr17","35258575","35258878","38","17297355"
"JH378108","52680905","52681202","chr8","134989821","134990115","35","82308916"
"JH378108","52681205","52681508","chr2","34891557","34891863","35","17789648"
"JH378108","52693886","52694187","chr17","68374727","68375030","39","15680841"
"JH378108","52717194","52717322","chr16","4500752","4500881","16","48216442"
"JH378108","52740759","52741072","chr25","77313930","77314228","45","24573171"
"JH378108","52755926","52756122","chr1","62235075","62235265","32","9479149"
"JH378108","52781977","52782284","chr3","22013697","22014006","40","30768280"
"JH378108","52798852","52799147","chr6","38437831","38438120","35","14361021"
"JH378108","52801225","52801534","chr8","1760359","1760667","28","51040866"
"JH378108","52803291","52803426","chr12","9930715","9930847","12","42872576"
"JH378108","52804767","52805056","chr12","6781553","6781865","104","46023214"
"JH378108","52812550","52812857","chr14","83371933","83372231","31","30559383"
"JH378108","52822536","52822613","chr13","63031813","63031889","6","10209277"
"JH378108","52841365","52841657","chr6","38437831","38438120","31","14403534"
"JH378108","52877439","52877734","chr23","41434219","41434517","38","11443220"
"JH378108","52889084","52889382","chr6","38437831","38438120","35","14451253"
"JH378108","52896177","52896473","chr12","10064948","10065242","27","42831229"
"JH378108","52901541","52901844","chr5","2273487","2273788","33","50628054"
"JH378108","52903503","52903584","chr5","67880800","67880883","6","14977297"
"JH378108","52908144","52908440","chr12","10064948","10065242","33","42843196"
"JH378108","52912966","52913264","chr12","10064948","10065242","41","42848018"
"JH378108","52925806","52925936","chr16","31737705","31737835","11","21188101"
"JH378108","52927975","52928260","chr11","128270446","128270730","34","75342471"
"JH378108","52933791","52934105","chr1","2872653","2872961","33","50061138"
"JH378108","52941763","52942056","chr12","10064948","10065242","28","42876815"
"JH378108","52956950","52957244","chr1","103415790","103416081","35","50458840"
"JH378108","52972771","52972874","chr13","42116553","42116656","11","10856218"
"JH378108","52979282","52979361","chr16","3308866","3308945","9","49670416"
"JH378108","52981861","52982152","chr12","10064948","10065242","25","42916913"
"JH378108","52990598","52990903","chr6","16598509","16598818","31","36392089"
"JH378108","52991485","52991778","chr14","45112834","45113124","37","7878651"
"JH378108","52993459","52993583","chr15","90834689","90834810","12","37841230"
"JH378108","52995735","52996041","chrX","125302543","125302844","32","72306808"
"JH378108","52999343","52999641","chr12","10064948","10065242","25","42934395"
"JH378108","53001293","53001596","chr12","10064948","10065242","34","42936345"
"JH378108","53002285","53002585","chr5","2273487","2273788","30","50728798"
"JH378108","53012597","53012899","chr5","2273487","2273788","24","50739110"
"JH378108","53024169","53024475","chr12","74716502","74716795","56","21692333"
"JH378108","53032378","53032675","chr12","10064948","10065242","25","42967430"
"JH378108","53040158","53040470","chr11","115525233","115525542","29","62485075"
"JH378108","53066060","53066348","chr12","10064948","10065242","34","43001112"
"JH378108","53072703","53072806","chr6","30515543","30515632","23","22557160"
"JH378108","53072907","53073120","chr2","41986599","41986802","27","11086308"
"JH378108","53096482","53096792","chr1","65504304","65504612","35","12407822"
"JH378108","53103669","53103960","chr8","52344592","52344885","25","759077"
"JH378108","53131911","53132131","chr27","23304894","23305107","33","29827017"
"JH378108","53141378","53141687","chr23","44247755","44248062","32","8893623"
"JH378108","53145748","53146041","chr12","10064948","10065242","32","43080800"
"JH378108","53173713","53173790","chr13","63031813","63031889","8","9858100"
"JH378108","53208260","53208409","chr9","59130238","59130387","15","5921978"
"JH378108","53217577","53217882","chr5","2273487","2273788","37","50944090"
"JH378108","53231285","53231564","chr9","125390627","125390905","40","72159342"
"JH378108","53289706","53289995","chr21","112154660","112154950","41","58864954"
"JH378108","53297857","53298171","chr15","91197825","91198133","39","37899968"
"JH378108","53332820","53333093","chr17","53320376","53320642","40","12444"
"JH378108","53373482","53373791","chr11","77493952","77494259","29","24120470"
"JH378108","53469359","53469664","chr28","4550302","4550608","32","48919057"
"JH378108","53523105","53523405","chr11","75291146","75291441","34","21768041"
"JH378108","53540574","53540672","chr20","25652388","25652489","19","27888186"
"JH378108","53540867","53541055","chr11","117106298","117106484","32","63565431"
"JH378108","53638727","53639033","chr5","2273487","2273788","36","51365240"
"JH378108","53645150","53645452","chr10","111637485","111637783","36","57992335"
"JH378108","53661797","53662085","chr17","48876018","48876313","45","4785779"
"JH378108","53678829","53679131","chr5","2273487","2273788","25","51405342"
"JH378108","53688436","53688517","chr5","67880800","67880883","8","14192364"
"JH378108","53695660","53695759","chr20","25652388","25652489","13","28043272"
"JH378108","53695898","53696196","chr22","40701009","40701309","39","12994889"
"JH378108","53715995","53716082","chr19","7758593","7758681","14","45957402"
"JH378108","53716680","53716757","chr13","63031813","63031889","8","9315133"
"JH378108","53723582","53723868","chr14","27700149","27700448","50","26023433"
"JH378108","53727805","53728107","chr17","28137789","28138092","38","25590016"
"JH378108","53742615","53742913","chr12","10064948","10065242","29","43677667"
"JH378108","53747397","53747691","chr12","10064948","10065242","35","43682449"
"JH378108","53749625","53749927","chr8","91434027","91434331","37","37684402"
"JH378108","53751785","53752081","chr26","42777772","42778066","44","10974013"
"JH378108","53762218","53762509","chr13","65577132","65577425","36","11814914"
"JH378108","53785177","53785478","chr2","24978863","24979157","44","28806314"
"JH378108","53786081","53786393","chr11","115668060","115668370","40","61881979"
"JH378108","53786486","53786790","chr11","19799143","19799445","44","33987343"
"JH378108","53789093","53789398","chr14","83371933","83372231","39","29582840"
"JH378108","53791302","53791583","chr1","103050659","103050957","49","49259357"
"JH378108","53796764","53796860","chr22","82220107","82220203","7","28423343"
"JH378108","53806164","53806308","chr14","105426089","105426232","26","51619925"
"JH378108","53823286","53823597","chr2","34891557","34891863","41","18931729"
"JH378108","53857909","53858166","chr2","37708072","37708327","49","16149837"
"JH378108","53869529","53869827","chr12","10064948","10065242","24","43804581"
"JH378108","53887023","53887325","chr26","51816415","51816717","44","2070608"
"JH378108","53909373","53909684","chr8","40351555","40351858","43","13557818"
"JH378108","54011905","54012042","chr1","3373839","3373973","41","50638066"
"JH378108","54021803","54021996","chr12","100925982","100926172","25","46904179"
"JH378108","54035689","54036001","chr11","115525233","115525542","32","61489544"
"JH378108","54042518","54042818","chr23","41434219","41434517","43","12608299"
"JH378108","54059219","54059315","chr22","82220107","82220203","8","28160888"
"JH378108","54067947","54068223","chr16","11261049","11261322","40","42806898"
"JH378108","54108319","54108399","chr19","23494523","23494608","20","30613796"
"JH378108","54177407","54177697","chr11","42115371","42115662","43","12062036"
"JH378108","54187155","54187455","chr10","90056980","90057260","48","35869825"
"JH378108","54189449","54189598","chr18","21257151","21257299","14","32932298"
"JH378108","54201670","54201963","chr11","49537220","49537510","51","4664450"
"JH378108","54213085","54213393","chr15","3702894","3703194","36","50510191"
"JH378108","54214465","54214744","chr25","61615818","61616106","45","7401353"
"JH378108","54215441","54215741","chr14","21926381","21926681","34","32289060"
"JH378108","54240682","54240974","chr20","121618255","121618545","35","67377573"
"JH378108","54270349","54270640","chr20","97353520","97353811","33","43083171"
"JH378108","54271498","54271787","chr21","124958727","124959019","31","70687229"
"JH378108","54280223","54280310","chr20","119761262","119761350","11","65481039"
"JH378108","54283487","54283762","chr7","12288332","12288635","60","41995155"
"JH378108","54313812","54314074","chr8","75940142","75940407","43","21626330"
"JH378108","54314955","54315242","chr6","29312602","29312894","44","25002353"
"JH378108","54324281","54324588","chr5","2273487","2273788","34","52050794"
"JH378108","54370027","54370343","chr20","70184160","70184468","30","15814133"
"JH378108","54379373","54379676","chrX","125302543","125302844","35","70923170"
"JH378108","54449054","54449347","chr13","65577132","65577425","36","11128078"
"JH378108","54472641","54472941","chr13","8870800","8871100","33","45601841"
"JH378108","54484942","54485224","chr11","118902964","118903240","36","64418022"
"JH378108","54515103","54515379","chrX","125507553","125507844","58","70992450"
"JH378108","54538983","54539283","chr12","10064948","10065242","36","44474035"
"JH378108","54601290","54601582","chrX","104601258","104601549","33","49999968"
"JH378108","54627297","54627599","chr12","10064948","10065242","38","44562349"
"JH378108","54646953","54647257","chr16","30398852","30399159","36","24248101"
"JH378108","54663567","54663875","chr2","58045145","58045453","34","3381578"
"JH378108","54687893","54688196","chr12","42496121","42496421","45","12191772"
"JH378108","54705200","54705320","chr1","8688937","8689061","14","46016263"
"JH378108","54720778","54721071","chr7","558873","559169","39","54161905"
"JH378108","54721189","54721320","chr1","97802296","97802426","11","43081107"
"JH378108","54722026","54722213","chr18","34174854","34175029","34","20547172"
"JH378108","54741175","54741267","chr13","23647091","23647185","13","31094084"
"JH378108","54751696","54751782","chr16","4405728","4405812","10","50345968"
"JH378108","54757096","54757370","chr5","13917062","13917330","55","40840034"
"JH378108","54761351","54761644","chr1","68219231","68219530","31","13457880"
"JH378108","54763317","54763577","chr5","26284335","26284591","40","28478982"
"JH378108","54764411","54764495","chr16","4405728","4405812","7","50358683"
"JH378108","54782785","54782925","chr5","22000705","22000847","16","32782080"
"JH378108","54786596","54786881","chrX","22171201","22171487","37","32615395"
"JH378108","54787029","54787220","chr11","113198591","113198787","33","58411562"
"JH378108","54791420","54791718","chr21","112047561","112047854","41","57256141"
"JH378108","54792585","54792844","chr11","119259842","119260088","49","64467257"
"JH378108","54799600","54799681","chr14","82610477","82610563","13","27810877"
"JH378108","54799990","54800228","chr1","93347733","93347964","46","38547743"
"JH378108","54807342","54807660","chr12","60432247","60432540","64","5624905"
"JH378108","54826987","54827102","chrX","90197506","90197623","16","35370519"
"JH378108","54827478","54827714","chrX","112046945","112047179","34","57219467"
"JH378108","54848279","54848408","chr19","20225547","20225670","19","34622732"
"JH378109","49282815","49283128","chr26","38024857","38025165","39","11257958"
"JH378109","936","1021","chr21","54551014","54551085","26","54550078"
"JH378109","51529","51821","chr2","66530405","66530698","46","66478876"
"JH378109","61552","61803","chr20","112474403","112474657","46","112412851"
"JH378109","75350","75637","chr26","51082691","51082985","44","51007341"
"JH378109","82449","82747","chr24","8381796","8382090","37","8299347"
"JH378109","92844","93127","chr14","41748186","41748475","38","41655342"
"JH378109","114414","114726","chr26","40597720","40598027","33","40483306"
"JH378109","115711","115945","chr16","69318389","69318626","29","69202678"
"JH378109","121084","121399","chr16","22394234","22394538","48","22273150"
"JH378109","131358","131664","chr8","120119487","120119791","35","119988129"
"JH378109","172955","173194","chr17","64724290","64724530","40","64551335"
"JH378109","189173","189490","chr18","67218974","67219278","42","67029801"
"JH378109","192186","192459","chr1","9765275","9765547","36","9573089"
"JH378109","194381","194681","chr10","2350876","2351174","34","2156495"
"JH378109","200069","200355","chr11","19611133","19611417","37","19411064"
"JH378109","248319","248618","chr12","10064948","10065242","33","9816629"
"JH378109","304831","305088","chr22","88832832","88833087","34","88528001"
"JH378109","340755","341046","chr9","89859310","89859604","36","89518555"
"JH378109","343471","343574","chrX","2017984","2018087","8","1674513"
"JH378109","450536","450807","chr9","74498847","74499116","33","74048311"
"JH378109","470639","470928","chr8","89963957","89964248","36","89493318"
"JH378109","526236","526524","chr8","44727875","44728165","46","44201639"
"JH378109","551925","552235","chr16","23423370","23423672","39","22871445"
"JH378109","666377","666690","chr8","26153865","26154167","53","25487488"
"JH378109","683375","683679","chr12","6781553","6781865","77","6098178"
"JH378109","770778","771068","chr8","21494594","21494885","43","20723816"
"JH378109","791119","791212","chr22","82220107","82220203","10","81428988"
"JH378109","804762","805066","chr20","89561089","89561394","37","88756327"
"JH378109","898158","898464","chr9","72282914","72283221","42","71384756"
"JH378109","952523","952801","chr10","8657343","8657622","49","7704820"
"JH378109","981914","982049","chr7","92029614","92029746","34","91047700"
"JH378109","1044168","1044403","chr4","54959889","54960128","50","53915721"
"JH378109","1093883","1094163","chr22","43966779","43967052","46","42872896"
"JH378109","1098216","1098349","chr15","19514175","19514311","19","18415959"
"JH378109","1117206","1117494","chr13","65577132","65577425","44","64459926"
"JH378109","1162028","1162343","chr16","21276866","21277175","45","20114838"
"JH378109","1192944","1193179","chr20","20049923","20050167","48","18856979"
"JH378109","1340408","1340725","chr7","102201341","102201656","47","100860933"
"JH378109","1370536","1370812","chr17","30341532","30341804","57","28970996"
"JH378109","1377944","1378241","chr14","37615851","37616147","37","36237907"
"JH378109","1406738","1407005","chr26","22549804","22550079","41","21143066"
"JH378109","1464012","1464301","chr20","106894013","106894292","52","105430001"
"JH378109","1466964","1467219","chr15","84238122","84238375","53","82771158"
"JH378109","1528925","1529012","chr19","7758593","7758681","9","6229668"
"JH378109","1539714","1540020","chr5","2273487","2273788","32","733773"
"JH378109","1665779","1665901","chr15","90834689","90834810","11","89168910"
"JH378109","1678805","1679068","chr20","82255291","82255555","43","80576486"
"JH378109","1736559","1736874","chr1","65504304","65504612","27","63767745"
"JH378109","1774944","1775235","chr22","73210121","73210411","39","71435177"
"JH378109","1794108","1794390","chr28","9647706","9647995","54","7853598"
"JH378109","1801227","1801532","chr5","2273487","2273788","33","472260"
"JH378109","1841024","1841331","chr3","20237905","20238212","31","18396881"
"JH378109","1914299","1914406","chr6","5216779","5216886","13","3302480"
"JH378109","1921289","1921592","chr12","62681503","62681796","45","60760214"
"JH378109","1935229","1935496","chr2","4327055","4327322","43","2391826"
"JH378109","2058097","2058309","chr17","44703760","44703972","41","42645663"
"JH378109","2115460","2115732","chr27","10440998","10441273","55","8325538"
"JH378109","2163249","2163530","chr4","68750844","68751128","34","66587595"
"JH378109","2167464","2167767","chr14","75577127","75577428","38","73409663"
"JH378109","2173678","2174002","chr1","65504304","65504612","43","63330626"
"JH378109","2257023","2257305","chr7","132429422","132429698","42","130172399"
"JH378109","2381589","2381849","chr8","111520402","111520660","39","109138813"
"JH378109","2504876","2505174","chr16","4139491","4139787","30","1634615"
"JH378109","2534558","2534790","chr11","126175108","126175340","26","123640550"
"JH378109","2709721","2710039","chr8","75592574","75592882","41","72882853"
"JH378109","2750270","2750553","chr20","112829822","112830113","64","110079552"
"JH378109","2806906","2807201","chr4","62222786","62223086","41","59415880"
"JH378109","2917345","2917655","chr2","34891557","34891863","37","31974212"
"JH378109","2953822","2954129","chr1","65504304","65504612","41","62550482"
"JH378109","3000080","3000152","chr13","63031813","63031889","11","60031733"
"JH378109","3093270","3093368","chr22","82220107","82220203","8","79126837"
"JH378109","3111139","3111246","chr6","1067449","1067558","11","2043690"
"JH378109","3112131","3112219","chr19","7758593","7758681","10","4646462"
"JH378109","3130659","3130933","chr9","38583771","38584041","34","35453112"
"JH378109","3138271","3138581","chr26","38024857","38025165","32","34886586"
"JH378109","3154875","3155169","chr13","14614965","14615259","36","11460090"
"JH378109","3161511","3161626","chr20","115102100","115102215","12","111940589"
"JH378109","3167359","3167660","chr6","12826841","12827138","46","9659482"
"JH378109","3188571","3188857","chr22","91959188","91959456","46","88770617"
"JH378109","3206399","3206547","chr9","59130238","59130387","18","55923839"
"JH378109","3310165","3310477","chr18","56208944","56209251","40","52898779"
"JH378109","3312299","3312579","chr23","74701091","74701369","37","71388792"
"JH378109","3395473","3395619","chr17","47733511","47733658","16","44338038"
"JH378109","3395849","3396155","chr2","35933723","35934028","34","32537874"
"JH378109","3517774","3518067","chr11","40065935","40066232","44","36548161"
"JH378109","3532944","3533245","chr11","19333618","19333921","45","15800674"
"JH378109","3543101","3543397","chr25","77313930","77314228","40","73770829"
"JH378109","3548418","3548715","chr8","11350557","11350856","33","7802139"
"JH378109","3549380","3549681","chr23","41915645","41915946","38","38366265"
"JH378109","3586902","3587036","chr6","47088798","47088916","40","43501896"
"JH378109","3618572","3618880","chr26","38024857","38025165","33","34406285"
"JH378109","3656805","3656913","chr6","1067449","1067558","12","2589356"
"JH378109","3829981","3830149","chr11","102413320","102413487","22","98583339"
"JH378109","3952357","3952640","chr13","597287","597572","46","3355070"
"JH378109","3958560","3958898","chr7","11558472","11558799","49","7599912"
"JH378109","4053851","4054149","chr9","57875604","57875901","44","53821753"
"JH378109","4082778","4083086","chr5","36774379","36774687","38","32691601"
"JH378109","4131515","4131816","chr5","12235639","12235938","42","8104124"
"JH378109","4133015","4133310","chr12","10064948","10065242","30","5931933"
"JH378109","4307035","4307343","chr6","15953108","15953417","35","11646073"
"JH378109","4321520","4321820","chr6","5143118","5143416","44","821598"
"JH378109","4349218","4349543","chr8","19896234","19896527","64","15547016"
"JH378109","4365906","4366217","chr16","30398852","30399159","35","26032946"
"JH378109","4436276","4436579","chr8","52124179","52124487","39","47687903"
"JH378109","4475338","4475428","chr3","65349691","65349782","9","60874353"
"JH378109","4487301","4487601","chr17","71351423","71351722","42","66864122"
"JH378109","4497378","4497672","chr20","104630107","104630400","40","100132729"
"JH378109","4554019","4554322","chrX","14268019","14268317","42","9714000"
"JH378109","4601380","4601683","chr17","28137789","28138092","39","23536409"
"JH378109","4685614","4685924","chr14","83465314","83465623","37","78779700"
"JH378109","4882695","4883004","chr11","29946186","29946494","36","25063491"
"JH378109","4885363","4885478","chr20","115102100","115102215","12","110216737"
"JH378109","4892794","4893022","chr20","5981397","5981623","33","1088603"
"JH378109","4950880","4951190","chr6","16598509","16598818","33","11647629"
"JH378109","5013451","5013528","chr13","63031813","63031889","7","58018362"
"JH378109","5016937","5017213","chr6","2852604","2852883","39","2164333"
"JH378109","5066940","5067218","chr18","70191042","70191329","46","65124102"
"JH378109","5119746","5120042","chr28","11865661","11865960","45","6745915"
"JH378109","5128747","5129049","chr2","54111844","54112143","38","48983097"
"JH378109","5140767","5141069","chr11","64732415","64732714","34","59591648"
"JH378109","5150659","5150787","chr11","106843296","106843425","13","101692637"
"JH378109","5151572","5151872","chr14","63536540","63536834","41","58384968"
"JH378109","5243112","5243402","chr20","87066517","87066810","46","81823405"
"JH378109","5299135","5299454","chr20","12722365","12722671","57","7423230"
"JH378109","5359667","5359763","chr22","82220107","82220203","6","76860440"
"JH378109","5414274","5414582","chr5","2273487","2273788","36","3140787"
"JH378109","5419720","5420014","chr18","17624355","17624650","38","12204635"
"JH378109","5659356","5659635","chr22","37637582","37637856","39","31978226"
"JH378109","5754474","5754783","chr29","2740091","2740398","51","3014383"
"JH378109","5888898","5889103","chr1","33314536","33314751","43","27425638"
"JH378109","5897106","5897402","chr19","11766129","11766433","43","5869023"
"JH378109","5900975","5901283","chr28","4550302","4550608","29","1350673"
"JH378109","5959972","5960291","chr20","99538718","99539034","44","93578746"
"JH378109","5977886","5978163","chr4","33775163","33775439","35","27797277"
"JH378109","6019310","6019379","chr7","116991223","116991283","13","110971913"
"JH378109","6027425","6027730","chr7","14471577","14471884","40","8444152"
"JH378109","6115483","6115792","chr14","18052145","18052449","42","11936662"
"JH378109","6217859","6218136","chr11","934179","934468","57","5283680"
"JH378109","6238290","6238597","chr3","22013697","22014006","37","15775407"
"JH378109","6291482","6291779","chr16","4139491","4139787","38","2151991"
"JH378109","6387188","6387434","chrX_KE148108v1_random","8115587","8115844","43","1728399"
"JH378109","6496911","6497196","chr5","59378793","59379083","42","52881882"
"JH378109","6559406","6559711","chr5","2273487","2273788","24","4285919"
"JH378109","6561696","6561992","chr4","88194345","88194643","32","81632649"
"JH378109","6592671","6592946","chr19","5953014","5953286","41","639657"
"JH378109","6749819","6750125","chr20","96210594","96210893","40","89460775"
"JH378109","6765286","6765569","chr9","66838731","66839011","40","60073445"
"JH378109","6824218","6824499","chrX","29435784","29436066","40","22611566"
"JH378109","6856519","6856602","chr5","67880800","67880883","7","61024281"
"JH378109","6874830","6874903","chrX","61343536","61343611","13","54468706"
"JH378109","6887054","6887314","chr1","83625954","83626213","40","76738900"
"JH378109","6933896","6934187","chr10","43260034","43260322","47","36326138"
"JH378109","6962715","6962993","chr23","5517272","5517549","38","1445443"
"JH378109","7078330","7078606","chr20","80564542","80564813","42","73486212"
"JH378109","7140513","7140784","chr2_AQIB01159141v1_random","18538","18806","38","7121975"
"JH378109","7156218","7156513","chr15","29954614","29954908","32","22798396"
"JH378109","7248142","7248248","chr24","34051581","34051688","14","26803439"
"JH378109","7318326","7318474","chr9","59130238","59130387","15","51811912"
"JH378109","7417431","7417700","chr24","1945702","1945972","41","5471729"
"JH378109","7566982","7567159","chr13","1182759","1182946","29","6384223"
"JH378109","7601456","7601742","chr20","121618255","121618545","43","114016799"
"JH378109","7617185","7617491","chr5","2273487","2273788","33","5343698"
"JH378109","7643826","7644079","chr22","88832832","88833087","30","81189006"
"JH378109","7680720","7681014","chr24","44498613","44498908","32","36817893"
"JH378109","7703039","7703344","chr5","2273487","2273788","33","5429552"
"JH378109","7704805","7704887","chr5","67880800","67880883","6","60175995"
"JH378109","7727510","7727809","chr4","31597964","31598265","34","23870454"
"JH378109","7767563","7767840","chr17","24997084","24997356","53","17229521"
"JH378109","7836774","7837061","chr11","42115371","42115662","37","34278597"
"JH378109","7845246","7845535","chr21","73254495","73254785","34","65409249"
"JH378109","7901139","7901341","chr19","5662814","5663015","33","2238325"
"JH378109","7903711","7904013","chr12","10064948","10065242","31","2161237"
"JH378109","7919894","7920196","chr12","10064948","10065242","32","2145054"
"JH378109","7934245","7934335","chr3","65349691","65349782","11","57415446"
"JH378109","7946751","7946892","chr17","28507557","28507698","15","20560806"
"JH378109","7947902","7948200","chr12","10064948","10065242","28","2117046"
"JH378109","7992667","7992730","chr23","79062097","79062166","13","71069430"
"JH378109","7994311","7994591","chr15","89412041","89412323","40","81417730"
"JH378109","8052862","8053166","chr2","44932006","44932309","49","36879144"
"JH378109","8091421","8091543","chr15","90834689","90834810","14","82743268"
"JH378109","8093707","8093797","chr3","65349691","65349782","11","57255984"
"JH378109","8131397","8131684","chr21","74368618","74368909","37","66237221"
"JH378109","8137296","8137597","chr8","52344592","52344885","44","44207296"
"JH378109","8285385","8285544","chr4","67422946","67423115","22","59137561"
"JH378109","8372940","8373230","chr6","19296137","19296425","30","10923197"
"JH378109","8383244","8383513","chr12","13083707","13083986","41","4700463"
"JH378109","8385083","8385381","chr1","10803268","10803561","40","2418185"
"JH378109","8477719","8477958","chr20","87219787","87220022","27","78742068"
"JH378109","8481409","8481709","chr14","83371933","83372231","33","74890524"
"JH378109","8486287","8486583","chr12","10064948","10065242","28","1578661"
"JH378109","8536165","8536358","chr13","1182759","1182946","35","7353406"
"JH378109","8626752","8627046","chr2","59461683","59461977","31","50834931"
"JH378109","8644372","8644679","chr15","48893872","48894165","46","40249500"
"JH378109","8653586","8653901","chr2","34891557","34891863","34","26237971"
"JH378109","8657198","8657442","chr10","52997867","52998109","27","44340669"
"JH378109","8663310","8663618","chr12","6781553","6781865","75","1881757"
"JH378109","8667195","8667492","chr22","47793370","47793666","39","39126175"
"JH378109","8673555","8673849","chr13","85808234","85808530","43","77134679"
"JH378109","8697016","8697312","chr12","45472757","45473055","42","36775741"
"JH378109","8733656","8733918","chr19","22892545","22892830","52","14158889"
"JH378109","8749460","8749762","chr5","2273487","2273788","30","6475973"
"JH378109","8758462","8758738","chr10","109502373","109502664","47","100743911"
"JH378109","8781003","8781215","chr25","73647297","73647508","29","64866294"
"JH378109","8793017","8793111","chr6","1067449","1067558","23","7725568"
"JH378109","8810096","8810288","chr20","81465174","81465359","31","72655078"
"JH378109","8855949","8856044","chr22","82220107","82220203","8","73364158"
"JH378109","8859722","8860005","chr23","34328669","34328947","50","25468947"
"JH378109","8910873","8911167","chr20","46550281","46550570","43","37639408"
"JH378109","8936510","8936816","chr2","35933723","35934028","48","26997213"
"JH378109","8978924","8979049","chr1","8688937","8689061","15","289987"
"JH378109","9078977","9079275","chr1","69161184","69161465","43","60082207"
"JH378109","9226220","9226498","chr3","5010076","5010363","42","4216144"
"JH378109","9241885","9242175","chr12","10064948","10065242","37","823063"
"JH378109","9299429","9299708","chrX","671272","671550","36","8628157"
"JH378109","9340261","9340570","chr11","27009805","27010108","43","17669544"
"JH378109","9410566","9410672","chr17","40217264","40217370","11","30806698"
"JH378109","9521160","9521388","chr6","2372111","2372337","29","7149049"
"JH378109","9554932","9555236","chr5","2273487","2273788","30","7281445"
"JH378109","9596419","9596595","chr9","72328262","72328439","36","62731843"
"JH378109","9627106","9627408","chr19","9824759","9825062","44","197653"
"JH378109","9635214","9635530","chrX","114744806","114745112","41","105109592"
"JH378109","9687064","9687368","chr14","21926381","21926681","46","12239317"
"JH378109","9754240","9754540","chr1","68219231","68219530","37","58464991"
"JH378109","9888008","9888223","chr22","35904405","35904609","50","26016397"
"JH378109","9914418","9914657","chr24","38336411","38336647","29","28421993"
"JH378109","9917523","9917821","chr21","120785425","120785719","39","110867902"
"JH378109","10133643","10133969","chr9","26178148","26178457","63","16044505"
"JH378109","10137403","10137743","chr16","40165752","40166083","55","30028349"
"JH378109","10406094","10406386","chr13","65577132","65577425","27","55171038"
"JH378109","10456214","10456518","chr19","23732962","23733259","36","13276748"
"JH378109","10598081","10598375","chr9","96314869","96315163","34","85716788"
"JH378109","10615700","10616010","chr5","42870195","42870502","35","32254495"
"JH378109","10698543","10698716","chr13","33915587","33915755","34","23217044"
"JH378109","10772682","10772981","chr12","10064948","10065242","25","707734"
"JH378109","10795093","10795395","chr15","29954614","29954908","39","19159521"
"JH378109","10833266","10833355","chr22","82220107","82220203","13","71386841"
"JH378109","10883703","10884007","chr5","2273487","2273788","33","8610216"
"JH378109","10886293","10886605","chr5","2273487","2273788","39","8612806"
"JH378109","10911476","10911575","chr22","82220107","82220203","10","71308631"
"JH378109","10922137","10922441","chr1","68219231","68219530","30","57297094"
"JH378109","10926725","10927018","chr2","16485138","16485431","36","5558413"
"JH378109","10933316","10933602","chr26","42771314","42771606","39","31837998"
"JH378109","10959858","10960163","chr5","2273487","2273788","31","8686371"
"JH378109","10964659","10964962","chr14","44038439","44038738","36","33073780"
"JH378109","10988445","10988754","chr3","22013697","22014006","34","11025252"
"JH378109","11001159","11001284","chr11","46682256","46682382","17","35681097"
"JH378109","11001950","11002248","chr1","68219231","68219530","38","57217281"
"JH378109","11048944","11049242","chr12","10064948","10065242","26","983996"
"JH378109","11120590","11120873","chr8","138416364","138416651","42","127295774"
"JH378109","11131332","11131643","chr1","65504304","65504612","36","54372972"
"JH378109","11149241","11149368","chrX_KE148108v1_random","895745","895871","13","10253496"
"JH378109","11173784","11174015","chr6","2372111","2372337","29","8801673"
"JH378109","11206045","11206332","chr8","40746812","40747099","47","29540767"
"JH378109","11236817","11236946","chr16","4500752","4500881","11","6736065"
"JH378109","11303706","11303783","chr13","63031813","63031889","7","51728107"
"JH378109","11309905","11310211","chr5","2273487","2273788","30","9036418"
"JH378109","11373455","11373712","chr1","56838660","56838912","38","45465205"
"JH378109","11392166","11392445","chr4","53346939","53347217","36","41954773"
"JH378109","11403573","11403870","chr27","25041069","25041364","40","13637496"
"JH378109","11419041","11419331","chr8","52344592","52344885","34","40925551"
"JH378109","11419603","11419899","chr12","86044059","86044354","37","74624456"
"JH378109","11434823","11435121","chr21","22838763","22839060","38","11403940"
"JH378109","11473207","11473497","chr21","70887610","70887890","57","59414403"
"JH378109","11478726","11479025","chr23","41434219","41434517","33","29955493"
"JH378109","11501432","11501721","chr2","34891557","34891863","48","23390125"
"JH378109","11568206","11568334","chr3","91348390","91348521","14","79780184"
"JH378109","11569587","11569697","chr6","1067449","1067558","11","10502138"
"JH378109","11629784","11630077","chr12","10064948","10065242","40","1564836"
"JH378109","11677794","11678095","chr12","10064948","10065242","31","1612846"
"JH378109","11679108","11679420","chr11","115525233","115525542","33","103846125"
"JH378109","11680459","11680557","chr10","53767400","53767494","14","42086941"
"JH378109","11689779","11690086","chr1","65504304","65504612","31","53814525"
"JH378109","11691146","11691282","chr26","6591504","6591639","13","5099642"
"JH378109","11717558","11717864","chr23","25811471","25811771","33","14093913"
"JH378109","11719834","11720116","chr11","19611133","19611417","37","7891299"
"JH378109","11774583","11774887","chr12","10064948","10065242","41","1709635"
"JH378109","11795345","11795642","chr11","2839835","2840132","34","8955510"
"JH378109","11797430","11797726","chr1","103415790","103416081","31","91618360"
"JH378109","11850308","11850592","chr4","65658384","65658661","36","53808076"
"JH378109","11858478","11858772","chr12","10064948","10065242","29","1793530"
"JH378109","11859375","11859652","chr11","31810061","31810353","60","19950686"
"JH378109","11876278","11876355","chr13","63031813","63031889","7","51155535"
"JH378109","11888378","11888670","chr20","66243623","66243916","33","54355245"
"JH378109","11892283","11892561","chr9","106562693","106562969","40","94670410"
"JH378109","11893643","11893945","chr11","75087377","75087675","40","63193734"
"JH378109","11917661","11917960","chr25","55441921","55442218","34","43524260"
"JH378109","11974027","11974347","chr20","99538718","99539034","47","87564691"
"JH378109","12006195","12006488","chr21","14906800","14907094","37","2900605"
"JH378109","12080637","12080947","chr11","20333718","20334026","34","8253081"
"JH378109","12118646","12118941","chr12","10064948","10065242","27","2053698"
"JH378109","12140978","12141278","chr6","4113565","4113862","29","8027413"
"JH378109","12149099","12149398","chr11","120207458","120207761","29","108058359"
"JH378109","12185551","12185854","chr20","12923354","12923654","38","737803"
"JH378109","12200539","12200831","chr12","10064948","10065242","31","2135591"
"JH378109","12274007","12274328","chr7","37159294","37159601","49","24885287"
"JH378109","12286721","12287015","chr20","69801141","69801434","39","57514420"
"JH378109","12326257","12326372","chr19","22023981","22024101","15","9697724"
"JH378109","12443608","12443906","chr16","9673447","9673744","46","2770161"
"JH378109","12508179","12508484","chr26","33275046","33275354","39","20766867"
"JH378109","12514011","12514299","chr9","57832158","57832449","39","45318147"
"JH378109","12517099","12517391","chr15","51754493","51754791","52","39237394"
"JH378109","12542979","12543271","chr8","115068172","115068461","42","102525193"
"JH378109","12561217","12561520","chr20","85624943","85625248","36","73063726"
"JH378109","12569966","12570266","chr12","42496121","42496421","39","29926155"
"JH378109","12572236","12572414","chr9","48534070","48534248","36","35961834"
"JH378109","12576242","12576575","chr16","35144511","35144831","53","22568269"
"JH378109","12578115","12578419","chr20","74511199","74511503","42","61933084"
"JH378109","12580367","12580660","chr20","23803939","23804231","32","11223572"
"JH378109","12584869","12584940","chr13","63031813","63031889","8","50446944"
"JH378109","12594282","12594574","chr7","122220778","122221068","40","109626496"
"JH378109","12598573","12598753","chr13","12236374","12236552","21","362199"
"JH378109","12599381","12599456","chrY","449824","449897","20","12149557"
"JH378109","12603255","12603543","chr9","84278819","84279099","34","71675564"
"JH378109","12609411","12609701","chr18","72052984","72053276","39","59443573"
"JH378109","12619836","12620127","chr18","21497106","21497394","35","8877270"
"JH378109","12630160","12630468","chr5","36774379","36774687","33","24144219"
"JH378109","12633229","12633532","chr1","115205454","115205746","39","102572225"
"JH378109","12635704","12635998","chr8","138416364","138416651","42","125780660"
"JH378109","12640126","12640411","chr14","80284365","80284655","30","67644239"
"JH378109","12650319","12650620","chr9","37163037","37163327","45","24512718"
"JH378109","12673945","12674252","chr19","23732962","23733259","39","11059017"
"JH378109","12678065","12678363","chr14","36991957","36992258","31","24313892"
"JH378109","12705934","12706259","chr1","77741968","77742289","59","65036034"
"JH378109","12723672","12723959","chr14","41748186","41748475","35","29024514"
"JH378109","12736293","12736568","chr12","26827271","26827548","38","14090978"
"JH378109","12739902","12740179","chr20","105088115","105088384","43","92348213"
"JH378109","12749593","12749899","chr7","116263883","116264190","38","103514290"
"JH378109","12800147","12800450","chr24","1051567","1051864","40","11748580"
"JH378109","12801316","12801622","chr1","67597856","67598157","47","54796540"
"JH378109","12801653","12801963","chr16","30398852","30399159","32","17597199"
"JH378109","12803899","12804216","chr2","58314913","58315215","53","45511014"
"JH378109","12834189","12834496","chr2","66238030","66238331","42","53403841"
"JH378109","12844749","12844933","chr1","99579422","99579604","25","86734673"
"JH378109","12886918","12887224","chr6","29168940","29169240","33","16282022"
"JH378109","12895983","12896293","chr1","65504304","65504612","43","52608321"
"JH378109","12922018","12922306","chr22","16005168","16005472","44","3083150"
"JH378109","12945002","12945292","chr2","24522982","24523277","43","11577980"
"JH378109","12948860","12949143","chr9","81627454","81627740","45","68678594"
"JH378109","12950190","12950497","chr16","33182065","33182368","41","20231875"
"JH378109","12959720","12959826","chr17","40217264","40217370","16","27257544"
"JH378109","12966499","12966580","chr5","67880800","67880883","9","54914301"
"JH378109","12998470","12998786","chr1","65504304","65504612","36","52505834"
"JH378109","13057271","13057574","chr18","14936633","14936932","32","1879362"
"JH378109","13071829","13072110","chr6","15466085","15466358","48","2394256"
"JH378109","13164597","13164889","chr1","32168654","32168947","35","19004057"
"JH378109","13176816","13177119","chr6","5143118","5143416","37","8033698"
"JH378109","13189170","13189451","chr5","42662951","42663235","38","29473781"
"JH378109","13238010","13238253","chr26","14438107","14438343","33","1200097"
"JH378109","13274696","13275004","chr22","16005168","16005472","34","2730472"
"JH378109","13276733","13277029","chr20","113550217","113550515","39","100273484"
"JH378109","13312445","13312740","chr9","29841404","29841709","50","16528959"
"JH378109","13341090","13341402","chr9","22769458","22769754","57","9428368"
"JH378109","13402837","13403122","chr20","41327248","41327538","44","27924411"
"JH378109","13472247","13472544","chr12","26853370","26853664","42","13381123"
"JH378109","13504703","13505018","chr5","2273487","2273788","42","11231216"
"JH378109","13553236","13553519","chr25","48211707","48211986","31","34658471"
"JH378109","13569920","13570188","chr7","134662977","134663252","39","121093057"
"JH378109","13610152","13610462","chr2","34891557","34891863","31","21281405"
"JH378109","13611302","13611596","chr4","65823519","65823812","41","52212217"
"JH378109","13642636","13642942","chr17","34547332","34547638","32","20904696"
"JH378109","13660120","13660214","chr22","82220107","82220203","8","68559987"
"JH378109","13695874","13696165","chr6","42761091","42761382","41","29065217"
"JH378109","13697380","13697686","chr1","108565860","108566161","33","94868480"
"JH378109","13703579","13703819","chr21","117703982","117704214","33","104000403"
"JH378109","13805593","13805898","chr11","125798758","125799061","30","111993165"
"JH378109","13809152","13809440","chr17","53020197","53020476","50","39211045"
"JH378109","13819581","13819874","chr21","10972629","10972920","43","2846952"
"JH378109","13828214","13828506","chr7","98055883","98056171","33","84227669"
"JH378109","13847744","13847887","chr6","7229588","7229731","14","6618156"
"JH378109","13848149","13848438","chr17","58288761","58289051","46","44440612"
"JH378109","13858447","13858732","chr19_AQIB01158124v1_random","22438","22725","39","13836009"
"JH378109","13859507","13859803","chr12","10064948","10065242","27","3794559"
"JH378109","13861626","13861916","chr29","10722547","10722839","42","3139079"
"JH378109","13882632","13882730","chr22","82220107","82220203","10","68337475"
"JH378109","13882831","13883118","chr28","19249070","19249347","39","5366239"
"JH378109","13883460","13883759","chr2","87553030","87553329","44","73669570"
"JH378109","13892349","13892650","chr5","58245349","58245645","41","44353000"
"JH378109","13898648","13898748","chrX","2017984","2018087","11","11880664"
"JH378109","13903961","13904249","chr6","38437831","38438120","32","24533870"
"JH378109","13910049","13910179","chr3","91348390","91348521","12","77438341"
"JH378109","13931263","13931509","chr7","120728275","120728523","38","106797012"
"JH378109","13932528","13932814","chr14","41748186","41748475","36","27815658"
"JH378109","13944000","13944291","chr13","89452546","89452829","29","75508546"
"JH378109","13944860","13945151","chr2","5168180","5168471","41","8776680"
"JH378109","13956461","13956550","chr19","7758593","7758681","9","6197868"
"JH378109","13976465","13976761","chr16","53397850","53398143","42","39421385"
"JH378109","13985423","13985696","chr8","51983313","51983590","35","37997890"
"JH378109","13995592","13995896","chr16","23423370","23423672","32","9427778"
"JH378109","14005624","14005929","chr24","35424839","35425141","35","21419215"
"JH378109","14020646","14020954","chr8","98243736","98244042","45","84223090"
"JH378109","14062075","14062361","chr21","74368618","74368909","33","60306543"
"JH378109","14082415","14082702","chr11","28371626","28371919","40","14289211"
"JH378109","14089500","14089800","chr1","10803268","10803561","32","3286232"
"JH378109","14136361","14136637","chr15","57939854","57940135","41","43803493"
"JH378109","14140143","14140428","chr25","68652973","68653262","33","54512830"
"JH378109","14166868","14167164","chr20_KE148049v1_random","535731","536028","40","13631137"
"JH378109","14216931","14217233","chr5","26425551","26425855","35","12208620"
"JH378109","14257117","14257192","chr13","63031813","63031889","8","48774696"
"JH378109","14258658","14258735","chr10","95538249","95538325","14","81279591"
"JH378109","14287294","14287572","chr16","24986279","24986556","39","10698985"
"JH378109","14301249","14301557","chr8","93926175","93926473","41","79624926"
"JH378109","14319573","14319885","chr12","74217361","74217667","39","59897788"
"JH378109","14325837","14326130","chrX","26639649","26639945","34","12313812"
"JH378109","14334142","14334227","chr5","67880800","67880883","8","53546658"
"JH378109","14340899","14341202","chr13","39281080","39281381","43","24940181"
"JH378109","14352207","14352330","chrX","103218804","103218929","13","88866597"
"JH378109","14393906","14394218","chr23","41434219","41434517","40","27040313"
"JH378109","14396673","14396789","chr4","60395666","60395783","14","45998993"
"JH378109","14404142","14404316","chr11","126322509","126322685","19","111918367"
"JH378109","14417016","14417308","chr2","57111387","57111678","36","42694371"
"JH378109","14454943","14455236","chr12","10064948","10065242","33","4389995"
"JH378109","14479107","14479400","chr17","55553834","55554125","35","41074727"
"JH378109","14507913","14508222","chr1","93361306","93361613","32","78853393"
"JH378109","14549012","14549298","chrX","15732035","15732323","37","1183023"
"JH378109","14554711","14554960","chr12","9281546","9281802","45","5273165"
"JH378109","14561652","14561942","chr25","61615818","61616106","43","47054166"
"JH378109","14567487","14567637","chr9","59130238","59130387","13","44562751"
"JH378109","14578092","14578396","chr23","41434219","41434517","30","26856127"
"JH378109","14583435","14583534","chr22","82220107","82220203","8","67636672"
"JH378109","14612521","14612804","chr2","6843755","6844035","30","7768766"
"JH378109","14622017","14622317","chr24","1147887","1148184","29","13474130"
"JH378109","14633175","14633441","chrX","22015718","22015995","46","7382543"
"JH378109","14641033","14641341","chr2","35933723","35934028","31","21292690"
"JH378109","14667513","14667802","chr21","32338307","32338599","24","17670794"
"JH378109","14669576","14669695","chr6","44144914","44145033","14","29475338"
"JH378109","14674855","14675127","chrX","13548339","13548610","35","1126516"
"JH378109","14677790","14678098","chr9","95969759","95970062","34","81291969"
"JH378109","14684237","14684535","chr12","10064948","10065242","31","4619289"
"JH378109","14685926","14686220","chr24","48034622","48034916","38","33348696"
"JH378109","14686911","14687189","chr12","6781553","6781865","131","7905358"
"JH378109","14701951","14702249","chr24","1147887","1148184","32","13554064"
"JH378109","14703490","14703799","chr1","63237962","63238271","40","48534472"
"JH378109","14704034","14704147","chr20","25652388","25652489","25","10948354"
"JH378109","14733769","14734049","chr20","101772334","101772615","33","87038565"
"JH378109","14734319","14734623","chr2","34891557","34891863","43","20157238"
"JH378109","14765667","14765757","chr3","65349691","65349782","11","50584024"
"JH378109","14804410","14804692","chr23","46545944","46546226","38","31741534"
"JH378109","14809759","14810015","chr10","48308299","48308554","41","33498540"
"JH378109","14817554","14817641","chr16","4405728","4405812","9","10411826"
"JH378109","14822771","14823063","chr8","138416364","138416651","41","123593593"
"JH378109","14838114","14838417","chr27","12419487","12419794","38","2418627"
"JH378109","14852954","14853237","chrX","81238532","81238811","35","66385578"
"JH378109","14868750","14869004","chr9_KE147979v1_random","256926","257189","48","14611824"
"JH378109","14902383","14902679","chr11","52684567","52684863","37","37782184"
"JH378109","14933195","14933275","chr5","67880800","67880883","8","52947605"
"JH378109","14938273","14938580","chr5","2273487","2273788","31","12664786"
"JH378109","14960007","14960084","chr17","40341447","40341524","10","25381440"
"JH378109","14972319","14972609","chr10","232689","232976","52","14739630"
"JH378109","14998901","14999201","chr16","30398852","30399159","35","15399951"
"JH378109","15047203","15047508","chr12","47198532","47198833","39","32151329"
"JH378109","15098099","15098397","chr27","22888845","22889148","41","7790746"
"JH378109","15112621","15112910","chr22","40583559","40583852","48","25470938"
"JH378109","15127881","15128181","chr19","13613108","13613413","40","1514773"
"JH378109","15139226","15139514","chr6","38437831","38438120","38","23298605"
"JH378109","15156034","15156342","chr2","58045145","58045453","41","42889111"
"JH378109","15244407","15244712","chrX","125302543","125302844","34","110058136"
"JH378109","15275742","15276035","chr12","10064948","10065242","26","5210794"
"JH378109","15315162","15315448","chr12","18835626","18835904","46","3520464"
"JH378109","15326135","15326438","chr9","90471365","90471661","34","75145230"
"JH378109","15327282","15327576","chr12","10064948","10065242","28","5262334"
"JH378109","15341123","15341441","chr26","38024857","38025165","39","22683734"
"JH378109","15359238","15359518","chr23","73077881","73078169","40","57718643"
"JH378109","15364416","15364699","chrX","29435784","29436066","47","14071368"
"JH378109","15381278","15381582","chr9","15425870","15426174","31","44592"
"JH378109","15383028","15383326","chr23","43687025","43687322","32","28303997"
"JH378109","15438455","15438731","chr19","19502742","19503020","37","4064287"
"JH378109","15442087","15442396","chr22","15477531","15477829","36","35444"
"JH378109","15456118","15456408","chr11","74038820","74039113","45","58582702"
"JH378109","15466090","15466402","chr20","26295629","26295937","46","10829539"
"JH378109","15476125","15476438","chr11","115525233","115525542","31","100049108"
"JH378109","15546817","15547110","chr8","84962180","84962487","49","69415363"
"JH378109","15610342","15610646","chr23","70748596","70748897","36","55138254"
"JH378109","15654235","15654513","chrX","16818999","16819278","30","1164764"
"JH378109","15780158","15780502","chr14","78634025","78634378","71","62853867"
"JH378109","15800746","15801021","chrX","29924254","29924528","35","14123508"
"JH378109","15851156","15851464","chr3","24687634","24687936","59","8836478"
"JH378109","15871275","15871419","chr9","86109665","86109806","13","70238390"
"JH378109","15918507","15918812","chr19","13613108","13613413","37","2305399"
"JH378109","15950678","15950984","chr6","15953108","15953417","39","2430"
"JH378109","15987901","15988191","chr15","86758708","86759003","35","70770807"
"JH378109","16020189","16020473","chr15","17839771","17840058","30","1819582"
"JH378109","16061048","16061364","chr16","35475208","35475516","47","19414160"
"JH378109","16064288","16064441","chr28","1220035","1220195","21","14844253"
"JH378109","16099402","16099663","chr20","118541939","118542192","47","102442537"
"JH378109","16102540","16102689","chr9","59130238","59130387","13","43027698"
"JH378109","16108376","16108484","chr1","62097932","62098038","12","45989556"
"JH378109","16109547","16109746","chr19","5662814","5663015","25","10446733"
"JH378109","16116480","16116572","chr3","5114625","5114714","15","11001855"
"JH378109","16116673","16116955","chr23","45052808","45053089","30","28936135"
"JH378109","16145481","16145580","chr22","82220107","82220203","11","66074626"
"JH378109","16146245","16146456","chr25","73647297","73647508","29","57501052"
"JH378109","16154746","16154828","chr5","67880800","67880883","7","51726054"
"JH378109","16169891","16170082","chr16","68347258","68347451","26","52177367"
"JH378109","16176033","16176290","chr9","86179627","86179895","42","70003594"
"JH378109","16177351","16177649","chr8","115068172","115068461","46","98890821"
"JH378109","16201472","16201555","chr16","4405728","4405812","9","11795744"
"JH378109","16206998","16207071","chr13","63031813","63031889","8","46824815"
"JH378109","16212647","16212775","chr20","20852752","20852882","13","4640105"
"JH378109","16219112","16219414","chr2","5119768","5120064","35","11099344"
"JH378109","16234546","16234616","chr11","19235944","19236012","11","3001398"
"JH378109","16262253","16262554","chr15","86758708","86759003","34","70496455"
"JH378109","16271985","16272281","chr12","10064948","10065242","26","6207037"
"JH378109","16317658","16317951","chr13","53151712","53151994","73","36834054"
"JH378109","16345723","16346023","chr13","65577132","65577425","45","49231409"
"JH378109","16349002","16349276","chr23","42208499","42208769","31","25859497"
"JH378109","16359474","16359750","chr23","57301558","57301845","49","40942084"
"JH378109","16372633","16372918","chr9","94564326","94564616","35","78191693"
"JH378109","16384664","16384796","chr9","71632727","71632860","18","55248063"
"JH378109","16402856","16402955","chr22","82220107","82220203","7","65817251"
"JH378109","16422265","16422435","chr4","65157978","65158146","24","48735713"
"JH378109","16426150","16426453","chr25","18828195","18828491","38","2402045"
"JH378109","16440510","16440813","chr12","10064948","10065242","45","6375562"
"JH378109","16443761","16444069","chr18","1021717","1022020","40","15422044"
"JH378109","16454615","16454896","chr16","31285176","31285459","47","14830561"
"JH378109","16460454","16460753","chr15","3766888","3767181","53","12693566"
"JH378109","16461684","16461980","chr13","36927522","36927813","41","20465838"
"JH378109","16463270","16463567","chr13","65577132","65577425","36","49113862"
"JH378109","16470763","16470864","chr1","39939684","39939788","12","23468921"
"JH378109","16475515","16475605","chr3","65349691","65349782","10","48874176"
"JH378109","16477068","16477348","chr2","69953381","69953665","42","53476313"
"JH378109","16479866","16479956","chr3","65349691","65349782","10","48869825"
"JH378109","16486715","16486811","chr22","82220107","82220203","8","65733392"
"JH378109","16499790","16499880","chr22","82220107","82220203","11","65720317"
"JH378109","16515431","16515582","chr9","59130238","59130387","12","42614807"
"JH378109","16520836","16521137","chr8","36061210","36061506","39","19540374"
"JH378109","16525333","16525460","chr3","91348390","91348521","12","74823057"
"JH378109","16555488","16555578","chr22","82220107","82220203","9","65664619"
"JH378109","16622901","16623199","chr24","1147887","1148184","36","15475014"
"JH378109","16623850","16624148","chr5","48851832","48852114","60","32227982"
"JH378109","16629806","16630085","chr10","90102153","90102431","35","73472347"
"JH378109","16642742","16643035","chr12","60432247","60432540","35","43789505"
"JH378109","16708101","16708398","chr12","10064948","10065242","29","6643153"
"JH378109","16719811","16720114","chr2","5056935","5057232","42","11662876"
"JH378109","16770143","16770226","chr16","4405728","4405812","7","12364415"
"JH378109","16805826","16806111","chrX","23977849","23978143","36","7172023"
"JH378109","16814743","16815044","chr26","18977354","18977652","33","2162611"
"JH378109","16833102","16833409","chr17","43634884","43635190","45","26801782"
"JH378109","17048741","17049027","chr22","71679206","71679494","30","54630465"
"JH378109","17065894","17066198","chr16","30398852","30399159","32","13332958"
"JH378109","17142453","17142569","chr8","117395089","117395200","20","100252636"
"JH378109","17142670","17142853","chr6","19694757","19694941","22","2552087"
"JH378109","17146495","17146699","chr12","79606132","79606326","31","62459637"
"JH378109","17146862","17147174","chr1","65504304","65504612","33","48357442"
"JH378109","17208731","17209021","chr20","90555240","90555528","44","73346509"
"JH378109","17294531","17294621","chr3","65349691","65349782","9","48055160"
"JH378109","17371176","17371477","chr6","29168940","29169240","31","11797764"
"JH378109","17436310","17436609","chrX","29093856","29094150","38","11657546"
"JH378109","17444526","17444842","chr20","89561089","89561394","37","72116563"
"JH378109","17454481","17454606","chr1","8688937","8689061","12","8765544"
"JH378109","17455676","17455937","chr24","79718722","79718979","41","62263046"
"JH378109","17571635","17571928","chr11","117737181","117737478","41","100165546"
"JH378109","17580975","17581284","chr16","53397850","53398143","48","35816875"
"JH378109","17590396","17590532","chr15","19514175","19514311","24","1923779"
"JH378109","17618373","17618496","chr3","91348390","91348521","18","73730017"
"JH378109","17622259","17622534","chr13","21308021","21308290","45","3685762"
"JH378109","17641443","17641555","chr24","81527278","81527388","16","63885835"
"JH378109","17642334","17642439","chr1","39939684","39939788","8","22297350"
"JH378109","17754929","17755228","chr20","106884868","106885166","33","89129939"
"JH378109","17792651","17792947","chr11","42046506","42046798","39","24253855"
"JH378109","17819934","17820223","chr22","73210121","73210411","32","55390187"
"JH378109","17841671","17841986","chr5","57912411","57912720","40","40070740"
"JH378109","17975245","17975528","chr28","16049480","16049772","41","1925765"
"JH378109","18007764","18008048","chr26","44775906","44776194","48","26768142"
"JH378109","18010653","18010968","chr2","34891557","34891863","35","16880904"
"JH378109","18024011","18024320","chr20_KE148049v1_random","535731","536028","41","17488280"
"JH378109","18035136","18035445","chr1","65504304","65504612","34","47469168"
"JH378109","18138727","18138971","chr16","65341402","65341647","40","47202675"
"JH378109","18186875","18187024","chr9","59130238","59130387","16","40943363"
"JH378109","18257201","18257490","chr15","65122808","65123099","40","46865607"
"JH378109","18260780","18261086","chr16","33182065","33182368","32","14921285"
"JH378109","18288294","18288382","chr26","8414162","8414250","18","9874132"
"JH378109","18296368","18296620","chr7","24257558","24257809","46","5961190"
"JH378109","18415074","18415385","chr1","65504304","65504612","31","47089230"
"JH378109","18487028","18487334","chr27","22888845","22889148","42","4401817"
"JH378109","18521421","18521725","chr10","86561071","86561368","33","68039650"
"JH378109","18570843","18571120","chr16","46021279","46021555","43","27450436"
"JH378109","18716343","18716650","chr6","4113565","4113862","34","14602778"
"JH378109","18719968","18720256","chr9","93607030","93607319","44","74887062"
"JH378109","18751539","18751847","chr16","30398852","30399159","28","11647313"
"JH378109","18780867","18781086","chr20","30471188","30471408","37","11690321"
"JH378109","18803465","18803614","chr9","59130238","59130387","12","40326773"
"JH378109","18872582","18872873","chr12","10064948","10065242","35","8807634"
"JH378109","18921487","18921780","chr9","71188923","71189219","34","52267436"
"JH378109","18939836","18940148","chr7","25436903","25437209","44","6497067"
"JH378109","19036993","19037296","chrX","125302543","125302844","29","106265550"
"JH378109","19053069","19053375","chr23","45130342","45130639","51","26077273"
"JH378109","19059039","19059338","chr21","117562514","117562819","51","98503475"
"JH378109","19062823","19063081","chr21","104564775","104565035","48","85501952"
"JH378109","19087683","19087990","chr16","33182065","33182368","34","14094382"
"JH378109","19129176","19129484","chr2","34891557","34891863","42","15762381"
"JH378109","19163005","19163299","chr7","115787008","115787298","56","96624003"
"JH378109","19173086","19173391","chr2","20242750","20243052","48","1069664"
"JH378109","19176451","19176766","chr1","65504304","65504612","32","46327853"
"JH378109","19193482","19193806","chr6","36184281","36184603","43","16990799"
"JH378109","19252355","19252667","chr11","115525233","115525542","33","96272878"
"JH378109","19310072","19310201","chr20","20852752","20852882","11","1542680"
"JH378109","19413507","19413785","chrX","49498574","49498857","46","30085067"
"JH378109","19444046","19444140","chr22","82220107","82220203","7","62776061"
"JH378109","19456344","19456434","chr3","65349691","65349782","10","45893347"
"JH378109","19495492","19495566","chr8","124135402","124135476","12","104639910"
"JH378109","19498090","19498334","chr14","81599978","81600217","43","62101888"
"JH378109","19587888","19588189","chr18","67218974","67219278","52","47631086"
"JH378109","19652016","19652100","chr5","67880800","67880883","5","48228784"
"JH378109","19663553","19663641","chr19","7758593","7758681","10","11904960"
"JH378109","19769066","19769360","chr22","16997011","16997301","43","2772055"
"JH378109","19789450","19789737","chr24","79759655","79759940","39","59970205"
"JH378109","19799561","19799872","chr1","63705945","63706249","48","43906384"
"JH378109","19834132","19834234","chr1","39939684","39939788","13","20105552"
"JH378109","19834905","19835023","chr25","78291219","78291335","13","58456314"
"JH378109","20188213","20188523","chr20","46933799","46934103","42","26745586"
"JH378109","20230022","20230323","chr6","4113565","4113862","41","16116457"
"JH378109","20304859","20305160","chr8","40351555","40351858","49","20046696"
"JH378109","20312062","20312335","chr11","118902964","118903240","41","98590902"
"JH378109","20375449","20375761","chr12","102135104","102135405","51","81759655"
"JH378109","20391454","20391542","chr19","7758593","7758681","9","12632861"
"JH378109","20421079","20421368","chr23","57605786","57606076","36","37184707"
"JH378109","20515177","20515499","chr12","78876188","78876493","66","58361011"
"JH378109","20531923","20532028","chr1","39939684","39939788","12","19407761"
"JH378109","20575584","20575883","chr21","102943759","102944057","47","82368175"
"JH378109","20684537","20684845","chr3","54751576","54751883","39","34067039"
"JH378109","20711509","20711800","chr23","57605786","57606076","42","36894277"
"JH378109","20777717","20778010","chr12","10064948","10065242","26","10712769"
"JH378109","20786667","20786970","chr12","6781553","6781865","110","14005114"
"JH378109","20809145","20809239","chr22","82220107","82220203","9","61410962"
"JH378109","20824932","20825224","chr12","10064948","10065242","31","10759984"
"JH378109","20837314","20837622","chr7","129859280","129859586","41","109021966"
"JH378109","20882600","20882764","chrX_KE148108v1_random","6315746","6315901","31","14566854"
"JH378109","21005625","21005926","chr15","14243308","14243606","38","6762317"
"JH378109","21041639","21041950","chr11","62643241","62643549","47","41601602"
"JH378109","21054346","21054646","chr17","30370058","30370364","42","9315712"
"JH378109","21060570","21060861","chr16","63566270","63566562","40","42505700"
"JH378109","21074137","21074446","chr1","65504304","65504612","31","44430167"
"JH378109","21076037","21076217","chr10","8912735","8912909","53","12163302"
"JH378109","21101552","21101862","chr20","111008432","111008743","41","89906880"
"JH378109","21143663","21143971","chr12","44274197","44274504","43","23130534"
"JH378109","21152321","21152628","chr25","17717251","17717558","39","3435070"
"JH378109","21187839","21188137","chr23","71257246","71257544","38","50069407"
"JH378109","21326980","21327257","chr1","99004891","99005171","47","77677911"
"JH378109","21492630","21492706","chr13","63031813","63031889","8","41539183"
"JH378109","21493596","21493906","chr2","58045145","58045453","40","36551549"
"JH378109","21563954","21564251","chrX","111103631","111103930","41","89539677"
"JH378109","21610594","21610884","chr20","108907026","108907317","39","87296432"
"JH378109","21684538","21684701","chr11","3007595","3007753","24","18676943"
"JH378109","21716193","21716505","chr16","30398852","30399159","35","8682659"
"JH378109","21741919","21742188","chr21","106798480","106798745","38","85056561"
"JH378109","21788942","21789251","chr24","68895333","68895641","35","47106391"
"JH378109","21816818","21817112","chrX","125302543","125302844","35","103485725"
"JH378109","21837920","21838228","chr6","15953108","15953417","42","5884812"
"JH378109","21901083","21901390","chr12","7463147","7463451","39","14437936"
"JH378109","21911158","21911467","chr23","34683155","34683450","49","12771997"
"JH378109","21926014","21926252","chr7","86161196","86161431","31","64235182"
"JH378109","21931156","21931464","chr1","65504304","65504612","33","43573148"
"JH378109","21981362","21981536","chr4","65157978","65158146","24","43176616"
"JH378109","21988471","21988620","chr9","59130238","59130387","14","37141767"
"JH378109","22085975","22086288","chr2","34891557","34891863","39","12805582"
"JH378109","22102455","22102542","chr5","67880800","67880883","9","45778345"
"JH378109","22141859","22142207","chr3","37955466","37955795","51","15813607"
"JH378109","22276012","22276313","chr5","2273487","2273788","32","20002525"
"JH378109","22341489","22341783","chr10","54966942","54967236","41","32625453"
"JH378109","22467521","22467801","chr4","15532519","15532799","39","6935002"
"JH378109","22497851","22498158","chr5","2273487","2273788","31","20224364"
"JH378109","22538822","22539108","chr6","38437831","38438120","30","15899009"
"JH378109","22544958","22545274","chr8","65829182","65829494","48","43284224"
"JH378109","22553576","22553755","chr17","34208091","34208271","27","11654515"
"JH378109","22612781","22613079","chr1","17369469","17369762","53","5243312"
"JH378109","22647975","22648281","chr5","42870195","42870502","30","20222220"
"JH378109","22887039","22887337","chrX","23977849","23978143","31","1090810"
"JH378109","22907211","22907291","chr9","37970607","37970689","14","15063396"
"JH378109","22915794","22916093","chr12","10064948","10065242","27","12850846"
"JH378109","23047965","23048263","chr13","65577132","65577425","35","42529167"
"JH378109","23084083","23084369","chr13","75976745","75977032","49","52892662"
"JH378109","23141676","23141960","chr9","114015180","114015455","35","90873504"
"JH378109","23173369","23173665","chr13","65577132","65577425","37","42403763"
"JH378109","23175810","23176086","chr4","68750844","68751128","49","45575034"
"JH378109","23185167","23185311","chr9","86109665","86109806","16","62924498"
"JH378109","23247332","23247626","chrX","60704113","60704406","77","37456781"
"JH378109","23401630","23401923","chr21","112047561","112047854","38","88645931"
"JH378109","23444384","23444634","chr10","11428973","11429227","34","12015411"
"JH378109","23447828","23448106","chr12","87620481","87620757","47","64172653"
"JH378109","23505533","23505836","chr12","98832610","98832913","37","75327077"
"JH378109","23513403","23513700","chr12","10064948","10065242","29","13448455"
"JH378109","23642646","23642734","chr16","4405728","4405812","10","19236918"
"JH378109","23654550","23654856","chr5","2273487","2273788","31","21381063"
"JH378109","23753153","23753433","chr24","76614329","76614607","39","52861176"
"JH378109","23866405","23866705","chrX","23977849","23978143","41","111444"
"JH378109","23905216","23905335","chr14","74477589","74477703","26","50572373"
"JH378109","23989029","23989251","chr10","39070013","39070233","26","15080984"
"JH378109","24025587","24025864","chr27","18765383","18765650","49","5260204"
"JH378109","24082343","24082493","chr9","59130238","59130387","16","35047895"
"JH378109","24085794","24086100","chr5","2273487","2273788","34","21812307"
"JH378109","24116064","24116366","chr11","115525233","115525542","31","91409169"
"JH378109","24160644","24160946","chr2","12113745","12114044","43","12046899"
"JH378109","24219096","24219401","chr20","89561089","89561394","39","65341993"
"JH378109","24226469","24226587","chr5","44000002","44000120","12","19773533"
"JH378109","24247169","24247475","chr14","44038439","44038738","40","19791270"
"JH378109","24278503","24278799","chr2","35931939","35932239","34","11653436"
"JH378109","24284102","24284401","chr1","64693832","64694133","37","40409730"
"JH378109","24290117","24290444","chr5","36774379","36774687","56","12484262"
"JH378109","24343920","24344230","chr20","89561089","89561394","40","65217169"
"JH378109","24389571","24389695","chr3","72385674","72385796","17","47996103"
"JH378109","24405348","24405652","chr4","76490088","76490394","47","52084740"
"JH378109","24416080","24416187","chr1","62097932","62098038","13","37681852"
"JH378109","24425090","24425383","chr18","72052984","72053276","32","47627894"
"JH378109","24440386","24440670","chr9","28574183","28574477","51","4133797"
"JH378109","24473693","24473823","chr3","91348390","91348521","13","66874697"
"JH378109","24481622","24481911","chr10","90402340","90402635","34","65920718"
"JH378109","24501399","24501476","chr17","40341447","40341524","9","15840048"
"JH378109","24848328","24848625","chr14","37615851","37616147","37","12767523"
"JH378109","24961582","24961852","chr22","65830729","65830999","40","40869147"
"JH378109","25048221","25048518","chr21","30727419","30727713","47","5679198"
"JH378109","25058989","25059267","chr1","105754889","105755174","57","80695900"
"JH378109","25073490","25073794","chr13","89494705","89495012","44","64421215"
"JH378109","25135418","25135725","chr3","77036872","77037165","53","51901454"
"JH378109","25137663","25137953","chr16","63812388","63812679","38","38674725"
"JH378109","25178234","25178507","chr11","119196126","119196391","47","94017892"
"JH378109","25213982","25214268","chr8","29590101","29590383","39","4376119"
"JH378109","25225811","25226038","chr22","52509076","52509295","38","27283265"
"JH378109","25631737","25632094","chr10","105121069","105121335","143","79489332"
"JH378109","25677269","25677408","chr6","7501396","7501533","11","18175873"
"JH378109","25693152","25693448","chr8","66644262","66644564","39","40951110"
"JH378109","25801216","25801514","chr16","12093535","12093829","44","13707681"
"JH378109","25807602","25807897","chr13","64989908","64990202","34","39182306"
"JH378109","25831262","25831566","chr12","10064948","10065242","41","15766314"
"JH378109","25837637","25837905","chr21","56602482","56602744","38","30764845"
"JH378109","25895088","25895324","chr5","74183714","74183949","25","48288626"
"JH378109","25904916","25905224","chrX","23977849","23978143","49","1927067"
"JH378109","25908534","25908831","chr16","70684193","70684489","42","44775659"
"JH378109","25940570","25940764","chr11","29582135","29582322","39","3641565"
"JH378109","25941782","25942078","chr27","8771956","8772256","33","17169826"
"JH378109","25949885","25950171","chr5","42662951","42663235","29","16713066"
"JH378109","25960768","25961069","chr2","38853293","38853590","37","12892525"
"JH378109","25966604","25966887","chr3","29967257","29967552","54","4000653"
"JH378109","26006197","26006404","chr2","41986599","41986802","30","15980402"
"JH378109","26007675","26007776","chr22","82220107","82220203","9","56212432"
"JH378109","26017704","26018005","chr12","10064948","10065242","24","15952756"
"JH378109","26027885","26028191","chr24","35541584","35541883","33","9513699"
"JH378109","26059983","26060297","chr1","108565860","108566161","42","82505877"
"JH378109","26068049","26068354","chr14","83570862","83571166","39","57502813"
"JH378109","26068813","26069075","chr1","406008","406263","41","25662805"
"JH378109","26073318","26073582","chr7","49713033","49713293","38","23639715"
"JH378109","26123988","26124302","chr13","88997728","88998037","42","62873740"
"JH378109","26163536","26163832","chr12","10064948","10065242","27","16098588"
"JH378109","26178078","26178348","chr16","26067530","26067803","38","110548"
"JH378109","26258246","26258532","chr8","97086054","97086339","45","70827808"
"JH378109","26275731","26276037","chr7","99122760","99123061","38","72847029"
"JH378109","26300404","26300704","chr10","111637485","111637783","29","85337081"
"JH378109","26376331","26376634","chr2","43246770","43247066","46","16870439"
"JH378109","26410803","26411092","chr23","57301558","57301845","48","30890755"
"JH378109","26461402","26461707","chr12","10064948","10065242","34","16396454"
"JH378109","26480884","26480963","chr20","86496231","86496314","10","60015347"
"JH378109","26485486","26485777","chr1","9280050","9280342","36","17205436"
"JH378109","26519513","26519729","chr25","59449721","59449941","35","32930208"
"JH378109","26519790","26520089","chr14","73906375","73906679","46","47386585"
"JH378109","26598675","26598977","chr7","31905488","31905795","40","5306813"
"JH378109","26628306","26628607","chr9","7525227","7525525","40","19103079"
"JH378109","26752335","26752640","chr12","74217361","74217667","35","47465026"
"JH378109","26766996","26767131","chr3","91348390","91348521","12","64581394"
"JH378109","26801680","26801972","chr20","104630107","104630400","34","77828427"
"JH378109","26995911","26996041","chr3","91348390","91348521","14","64352479"
"JH378109","27037563","27037892","chr8","64261352","64261687","47","37223789"
"JH378109","27070004","27070307","chr8","93926175","93926473","41","66856171"
"JH378109","27128195","27128493","chr21","22838763","22839060","42","4289432"
"JH378109","27153319","27153616","chr17","41790355","41790647","39","14637036"
"JH378109","27190022","27190307","chr11","19611133","19611417","33","7578889"
"JH378109","27411986","27412289","chr5","2273487","2273788","38","25138499"
"JH378109","27418351","27418642","chr16","5199994","5200279","41","22218357"
"JH378109","27421353","27421437","chr16","4405728","4405812","7","23015625"
"JH378109","27542961","27543250","chr7","86776983","86777262","51","59234022"
"JH378109","27609232","27609437","chr4","14257616","14257822","43","13351616"
"JH378109","27673950","27674255","chr5","2273487","2273788","28","25400463"
"JH378109","27678957","27679246","chr2","14954130","14954422","47","12724827"
"JH378109","27683164","27683467","chr10","75286845","75287146","37","47603681"
"JH378109","27688825","27689130","chr4","71749386","71749693","43","44060561"
"JH378109","27695211","27695431","chr13","7317370","7317589","23","20377841"
"JH378109","27700109","27700234","chr16","73730787","73730904","25","46030678"
"JH378109","27700313","27700535","chr9","28573966","28574178","43","873653"
"JH378109","27746602","27746887","chr8","97086054","97086339","46","69339452"
"JH378109","27777600","27777689","chr16","4405728","4405812","11","23371872"
"JH378109","27931084","27931396","chr1","117421772","117422077","51","89490688"
"JH378109","28019329","28019644","chr1","65504304","65504612","36","37484975"
"JH378109","28028543","28028830","chr9","112522290","112522580","49","84493747"
"JH378109","28039132","28039322","chr1","99579422","99579604","27","71540290"
"JH378109","28040913","28041042","chrX","60368209","60368339","12","32327296"
"JH378109","28056916","28057211","chr14","38813996","38814293","35","10757080"
"JH378109","28106797","28107124","chr7","11558472","11558799","46","16548325"
"JH378109","28111992","28112256","chr21","39597822","39598086","38","11485830"
"JH378109","28113052","28113332","chr10","16080212","16080493","39","12032840"
"JH378109","28121796","28122101","chr5","12318876","12319187","42","15802920"
"JH378109","28122105","28122422","chr2","34891557","34891863","52","6769452"
"JH378109","28150343","28150634","chr1","115205454","115205746","44","87055111"
"JH378109","28166141","28166195","chr10","63425876","63425932","14","35259735"
"JH378109","28169773","28170058","chr2","6843755","6844035","48","21326018"
"JH378109","28191616","28191929","chr12","74217361","74217667","55","46025745"
"JH378109","28199944","28200242","chrX","23977849","23978143","37","4222095"
"JH378109","28238117","28238426","chr5","36774379","36774687","36","8536262"
"JH378109","28253253","28253554","chr11","52684567","52684863","43","24431314"
"JH378109","28255820","28256130","chr20","86951906","86952213","33","58696086"
"JH378109","28347987","28348274","chr20","46550281","46550570","34","18202294"
"JH378109","28397822","28398108","chr20","112829822","112830113","45","84432000"
"JH378109","28453478","28453791","chr11","115525233","115525542","34","87071755"
"JH378109","28457298","28457594","chr26","18977354","18977652","34","9479944"
"JH378109","28483123","28483427","chr12","10064948","10065242","27","18418175"
"JH378109","28499007","28499312","chr5","2273487","2273788","30","26225520"
"JH378109","28524926","28525204","chr13","68048794","68049075","27","39523868"
"JH378109","28534541","28534642","chr8","71008102","71008200","19","42473561"
"JH378109","28538734","28539016","chr26","41826486","41826758","50","13287752"
"JH378109","28544405","28544488","chr5","67880800","67880883","8","39336395"
"JH378109","28605474","28605780","chr4","51478135","51478441","54","22872661"
"JH378109","28644998","28645276","chr1","99004891","99005171","37","70359893"
"JH378109","28687560","28687859","chr12","10064948","10065242","31","18622612"
"JH378109","28709004","28709307","chr22","18234123","18234429","41","10474881"
"JH378109","28865191","28865475","chr10","127495198","127495486","30","98630007"
"JH378109","28866413","28866679","chr22","1667472","1667748","47","27198941"
"JH378109","28875275","28875362","chr1","22994752","22994836","16","5880523"
"JH378109","28875463","28875656","chr8","28200570","28200766","33","674893"
"JH378109","28883880","28884173","chr7","46997352","46997651","56","18113472"
"JH378109","29063149","29063280","chr3","91348390","91348521","10","62285241"
"JH378109","29076601","29076902","chr14","83371933","83372231","36","54295332"
"JH378109","29078858","29079170","chr20","89561089","89561394","33","60482231"
"JH378109","29080657","29080772","chr11","74863209","74863330","13","45782552"
"JH378109","29100349","29100657","chr28","15102309","15102616","35","13998040"
"JH378109","29112768","29113062","chr25","62770797","62771090","38","33658029"
"JH378109","29132209","29132498","chr10","2890263","2890553","26","26241946"
"JH378109","29223158","29223479","chr11","115525233","115525542","41","86302075"
"JH378109","29272995","29273295","chr1","68219231","68219530","38","38946236"
"JH378109","29287612","29287795","chr8","39777061","39777253","45","10489449"
"JH378109","29309755","29310062","chr12","40352484","40352792","37","11042729"
"JH378109","29310176","29310501","chr20","99538718","99539034","52","70228542"
"JH378109","29353457","29353677","chr25","59449721","59449941","33","30096264"
"JH378109","29354882","29355174","chr6","44675473","44675756","43","15320591"
"JH378109","29459670","29459779","chr6","1067449","1067558","9","28392221"
"JH378109","29550614","29550923","chr25","85642603","85642903","53","56091989"
"JH378109","29663861","29664155","chr9","78752005","78752301","38","49088144"
"JH378109","29721331","29721643","chr16","8024486","8024785","51","21696845"
"JH378109","29937920","29938228","chr20","12923354","12923654","32","17014566"
"JH378109","30104516","30104795","chr9","82012344","82012620","38","51907828"
"JH378109","30168963","30169050","chr22","82220107","82220203","13","52051144"
"JH378109","30216036","30216344","chr12","74217361","74217667","28","44001325"
"JH378109","30278147","30278249","chr20","25652388","25652489","19","4625759"
"JH378109","30334933","30335244","chrX","114744806","114745112","45","84409873"
"JH378109","30366133","30366425","chrX","115847772","115848064","37","85481639"
"JH378109","30429531","30429809","chr27","38279601","38279882","40","7850070"
"JH378109","30512983","30513278","chr12","10064948","10065242","25","20448035"
"JH378109","30514945","30515255","chr1","7267031","7267336","44","23247914"
"JH378109","30556391","30556602","chr20","117372129","117372341","30","86815738"
"JH378109","30571481","30571770","chr9","96314869","96315163","44","65743388"
"JH378109","30653733","30653850","chr15","53595698","53595816","13","22941965"
"JH378109","30739276","30739572","chr8","134989821","134990115","43","104250545"
"JH378109","30795803","30796065","chr14","15004628","15004889","45","15791175"
"JH378109","30810042","30810349","chr6","15953108","15953417","35","14856934"
"JH378109","30853259","30853518","chr26","20324672","20324931","38","10528587"
"JH378109","30887342","30887630","chr19","19502742","19503020","57","11384600"
"JH378109","30894508","30894588","chr6","39357640","39357710","22","8463132"
"JH378109","31019561","31019852","chr1","110767904","110768194","40","79748343"
"JH378109","31049502","31049746","chr5","1545752","1546005","49","29503750"
"JH378109","31067501","31067747","chr16","34493428","34493672","48","3425927"
"JH378109","31080011","31080253","chr5","66835799","66836030","44","35755788"
"JH378109","31087989","31088299","chr11","12843454","12843759","41","18244535"
"JH378109","31107403","31107692","chr12","10064948","10065242","30","21042455"
"JH378109","31109862","31110150","chr16","55323651","55323938","40","24213789"
"JH378109","31193146","31193442","chr8","52344592","52344885","36","21151446"
"JH378109","31198669","31198936","chr21","56145194","56145454","39","24946525"
"JH378109","31245676","31245983","chr5","36774379","36774687","30","5528703"
"JH378109","31287262","31287559","chr22","11237891","11238177","41","20049371"
"JH378109","31313043","31313319","chr21","98632427","98632705","42","67319384"
"JH378109","31360447","31360577","chr3","91348390","91348521","10","59987943"
"JH378109","31492843","31493156","chr3","20237905","20238212","40","11254938"
"JH378109","31510056","31510333","chr23","2089812","2090086","57","29420244"
"JH378109","31662064","31662362","chr12","10064948","10065242","27","21597116"
"JH378109","31664040","31664323","chr9","114015180","114015455","44","82351140"
"JH378109","31694357","31694653","chr19","2333965","2334263","41","29360392"
"JH378109","31728927","31729236","chr11","115525233","115525542","29","83796306"
"JH378109","31738332","31738414","chr5","67880800","67880883","7","36142468"
"JH378109","31742295","31742609","chr29","8289755","8290055","35","23452540"
"JH378109","31766137","31766426","chr18","5486172","5486451","41","26279965"
"JH378109","31792296","31792610","chr2","56143790","56144095","38","24351494"
"JH378109","31831186","31831496","chr1","65504304","65504612","30","33673118"
"JH378109","31876919","31877217","chr21","25123896","25124189","52","6753023"
"JH378109","31957543","31957838","chr5","32880211","32880505","41","922668"
"JH378109","31958528","31958623","chr22","82220107","82220203","10","50261579"
"JH378109","31971002","31971088","chr16","4405728","4405812","6","27565274"
"JH378109","32082204","32082353","chr24","12006231","12006380","14","20075973"
"JH378109","32089961","32090090","chr3","91348390","91348521","13","59258429"
"JH378109","32157885","32158162","chr1","80884068","80884343","43","48726183"
"JH378109","32210517","32210818","chr2","35931939","35932239","43","3721422"
"JH378109","32325161","32325471","chr17","64670150","64670452","43","32344989"
"JH378109","32393062","32393368","chr23","41434219","41434517","35","9041157"
"JH378109","32582880","32583181","chr9","38833439","38833737","43","6250559"
"JH378109","32636179","32636479","chr25","5442274","5442573","43","27193905"
"JH378109","32640980","32641271","chr25","43923916","43924203","39","11282936"
"JH378109","32692788","32693119","chr6","16598509","16598818","55","16094279"
"JH378109","32696481","32696794","chr6","32590825","32591128","42","105656"
"JH378109","32779369","32779631","chr8","19980415","19980674","42","12798954"
"JH378109","32792729","32793035","chr5","36774379","36774687","34","3981650"
"JH378109","32806318","32806622","chr2","86876402","86876694","45","54070084"
"JH378109","32839974","32840270","chr13","65577132","65577425","26","32737158"
"JH378109","32854326","32854615","chr13","91635851","91636141","41","58781525"
"JH378109","32862986","32863281","chr22","47793370","47793666","44","14930384"
"JH378109","32880802","32881090","chrX","122834172","122834462","38","89953370"
"JH378109","32910102","32910242","chr3","90669571","90669712","14","57759469"
"JH378109","32911711","32912011","chr12","106593499","106593797","41","73681788"
"JH378109","32917115","32917404","chr1","4171685","4171979","35","28745430"
"JH378109","32931830","32932123","chr7","69511197","69511486","42","36579367"
"JH378109","32934861","32935170","chr11","115525233","115525542","32","82590372"
"JH378109","32946156","32946444","chr28","18543247","18543535","34","14402909"
"JH378109","33032778","33033075","chr25","73081087","73081379","38","40048309"
"JH378109","33060431","33060738","chr20","99124367","99124674","43","66063936"
"JH378109","33067113","33067211","chr22","82220107","82220203","7","49152994"
"JH378109","33086601","33086890","chr5","1720771","1721058","42","31365830"
"JH378109","33087038","33087359","chr17","30184322","30184640","42","2902716"
"JH378109","33113064","33113182","chr6","44144914","44145033","20","11031850"
"JH378109","33123939","33124000","chr2","56072345","56072402","10","22948406"
"JH378109","33134203","33134492","chr1","68219231","68219530","39","35085028"
"JH378109","33138296","33138593","chr15","12031507","12031804","26","21106789"
"JH378109","33143361","33143671","chr5","2324242","2324550","29","30819119"
"JH378109","33148543","33148619","chr13","63031813","63031889","8","29883270"
"JH378109","33163008","33163317","chr1","65504304","65504612","29","32341296"
"JH378109","33179366","33179456","chr3","65349691","65349782","12","32170325"
"JH378109","33181162","33181460","chr6","46241899","46242187","50","13060737"
"JH378109","33216052","33216319","chr14","22579568","22579829","41","10636484"
"JH378109","33225670","33225967","chr2","9424142","9424441","50","23801528"
"JH378109","33245393","33245683","chr6","38437831","38438120","35","5192438"
"JH378109","33260792","33261084","chr18","56165308","56165595","38","22904516"
"JH378109","33281086","33281207","chr6","44144914","44145033","12","10863828"
"JH378109","33309472","33309735","chr20","51576321","51576583","40","18266849"
"JH378109","33341575","33341883","chr26","24278477","24278782","40","9063098"
"JH378109","33368214","33368344","chr20","20852752","20852882","13","12515462"
"JH378109","33374894","33375202","chr2","5805844","5806152","35","27569050"
"JH378109","33419456","33419747","chr3","29967257","29967552","38","3452199"
"JH378109","33423810","33424091","chr12","31966354","31966622","46","1457456"
"JH378109","33455574","33455870","chr18","71480316","71480609","32","38024742"
"JH378109","33467601","33467902","chr12","10064948","10065242","41","23402653"
"JH378109","33490984","33491090","chr6","1067449","1067558","10","32423535"
"JH378109","33491305","33491476","chr19","18957089","18957239","57","14534216"
"JH378109","33501843","33502155","chr1","2872653","2872961","31","30629190"
"JH378109","33532653","33532970","chr1","97675659","97675967","45","64143006"
"JH378109","33541011","33541310","chr6","29168940","29169240","43","4372071"
"JH378109","33585240","33585333","chr12","29290524","29290635","29","4294716"
"JH378109","33648890","33649201","chr11","115525233","115525542","34","81876343"
"JH378109","33663714","33663855","chr9","86109665","86109806","14","52445951"
"JH378109","33734927","33735234","chr24","51004467","51004765","40","17269540"
"JH378109","33760995","33761275","chrX","23142148","23142431","35","10618847"
"JH378109","33768252","33768556","chr11","115525233","115525542","36","81756981"
"JH378109","33787369","33787671","chr2","34891557","34891863","38","1104188"
"JH378109","33828310","33828602","chr24","70146905","70147203","46","36318595"
"JH378109","33852716","33852960","chr10","52997867","52998109","40","19145151"
"JH378109","33863518","33863608","chr3","65349691","65349782","10","31486173"
"JH378109","33864136","33864346","chrX","112046945","112047179","40","78182809"
"JH378109","33885025","33885173","chr9","59130238","59130387","18","25245213"
"JH378109","33904476","33904783","chr12","74217361","74217667","32","40312885"
"JH378109","33934872","33935188","chrX","62513903","62514213","40","28579031"
"JH378109","33949080","33949367","chr25","73838548","73838836","53","39889468"
"JH378109","33969004","33969306","chr26","42154061","42154364","35","8185057"
"JH378109","33978178","33978474","chr8","17136913","17137217","46","16841265"
"JH378109","33990952","33991264","chr26","38024857","38025165","31","4033905"
"JH378109","34013541","34013841","chr24","68895333","68895641","36","34881792"
"JH378109","34042821","34043113","chr20","20797538","20797831","40","13245283"
"JH378109","34071959","34072251","chr6","44675473","44675756","49","10603514"
"JH378109","34105603","34105851","chr8","34831138","34831378","44","725535"
"JH378109","34141214","34141508","chr12","10064948","10065242","27","24076266"
"JH378109","34254535","34254840","chr20_KE148049v1_random","1207969","1208266","37","33046566"
"JH378109","34275861","34276151","chr12","10064948","10065242","26","24210913"
"JH378109","34287070","34287354","chr11","24803908","24804194","41","9483162"
"JH378109","34340442","34340764","chr5","14569519","14569836","41","19770923"
"JH378109","34491888","34492199","chr10","56962901","56963211","34","22471013"
"JH378109","34508543","34508643","chrX","2017984","2018087","12","32490559"
"JH378109","34572261","34572555","chr11","52684567","52684863","50","18112306"
"JH378109","34623562","34623871","chr14","87649967","87650279","44","53026405"
"JH378109","34634733","34634989","chr11","44436513","44436764","42","9801780"
"JH378109","34641674","34641970","chr8","138416364","138416651","40","103774690"
"JH378109","34663586","34663871","chr5","42662951","42663235","33","7999365"
"JH378109","34666069","34666391","chr2","34891557","34891863","49","225488"
"JH378109","34684294","34684583","chr10","10320195","10320485","36","24364099"
"JH378109","34705457","34705787","chr10","89459842","89460157","51","54754385"
"JH378109","34736996","34737125","chr20","20852752","20852882","12","13884244"
"JH378109","34738911","34739207","chrX","22279223","22279520","50","12459688"
"JH378109","34759148","34759443","chr21","66269520","66269815","40","31510372"
"JH378109","34759481","34759778","chr2","78231915","78232210","46","43472434"
"JH378109","34793150","34793339","chr9","113954093","113954283","27","79160943"
"JH378109","34802408","34802484","chr15","51653626","51653702","14","16851218"
"JH378109","34890940","34891166","chr7","97152314","97152538","31","62261374"
"JH378109","34911667","34911977","chr12","74217361","74217667","44","39305694"
"JH378109","34980528","34980854","chr17","50651792","50652112","68","15671264"
"JH378109","35117086","35117405","chr7","111518752","111519065","50","76401666"
"JH378109","35140681","35140839","chr9","27023661","27023804","28","8117020"
"JH378109","35162261","35162543","chr23","19366821","19367097","37","15795440"
"JH378109","35189114","35189388","chr21","50410494","50410784","53","15221380"
"JH378109","35190963","35191238","chr2","70152176","70152452","40","34961213"
"JH378109","35224121","35224416","chr3","9603791","9604094","43","25620330"
"JH378109","35283956","35284246","chr11","90996628","90996901","50","55712672"
"JH378109","35324628","35324921","chr7","122220778","122221068","40","86896150"
"JH378109","35331594","35331743","chr9","59130238","59130387","18","23798644"
"JH378109","35342751","35343058","chr6","15953108","15953417","35","19389643"
"JH378109","35354557","35354855","chr12","10064948","10065242","27","25289609"
"JH378109","35375105","35375395","chr7","28991342","28991633","46","6383763"
"JH378109","35389995","35390208","chr25","73647297","73647508","25","38257302"
"JH378109","35422153","35422460","chr20","46933799","46934103","38","11511646"
"JH378109","35525386","35525681","chr22","47793370","47793666","41","12267984"
"JH378109","35595346","35595646","chr12","6781553","6781865","90","28813793"
"JH378109","35731711","35732013","chr23","70748596","70748897","49","35016885"
"JH378109","35754150","35754444","chr18","5166611","5166907","41","30587539"
"JH378109","35786654","35786961","chr1","68219231","68219530","34","32432577"
"JH378109","35819411","35819706","chr13","65577132","65577425","29","29757721"
"JH378109","35826935","35827010","chr13","63031813","63031889","11","27204878"
"JH378109","35894109","35894404","chr12","10064948","10065242","26","25829161"
"JH378109","35916024","35916313","chr6","38437831","38438120","34","2521807"
"JH378109","35986129","35986445","chr11","115525233","115525542","36","79539104"
"JH378109","36120539","36120829","chr19","4652264","4652554","36","31468275"
"JH378109","36134300","36134593","chr9","96314869","96315163","35","60180569"
"JH378109","36196504","36196799","chr12","10064948","10065242","28","26131556"
"JH378109","36300888","36301043","chrX_KE148108v1_random","6315746","6315901","18","29985142"
"JH378109","36315119","36315403","chr1","120681465","120681751","47","84366346"
"JH378109","36316387","36316554","chr1","105262714","105262876","29","68946327"
"JH378109","36324489","36324775","chr19","1411739","1412015","41","34912750"
"JH378109","36345529","36345616","chr16","4405728","4405812","9","31939801"
"JH378109","36379663","36379969","chr1","32648047","32648351","34","3731616"
"JH378109","36419086","36419385","chr12","10064948","10065242","26","26354138"
"JH378109","36521029","36521320","chr1","120627658","120627951","33","84106629"
"JH378109","36550550","36550833","chr26","50395265","50395544","39","13844715"
"JH378109","36588494","36588793","chr18","44879897","44880198","39","8291403"
"JH378109","36597310","36597605","chr16","14680425","14680719","42","21916885"
"JH378109","36614676","36614981","chr7","88673781","88674082","45","52059105"
"JH378109","36660413","36660705","chr22","79089199","79089487","39","42428786"
"JH378109","36754513","36754817","chr20","46933799","46934103","36","10179286"
"JH378109","36773399","36773726","chrX","70268757","70269082","43","33495358"
"JH378109","36801000","36801248","chr11","119259842","119260088","32","82458842"
"JH378109","36820603","36820916","chr11","47505921","47506226","44","10685318"
"JH378109","36941213","36941509","chr3","9603791","9604094","34","27337422"
"JH378109","36952304","36952647","chr12","49907171","49907495","80","12954867"
"JH378109","36962350","36962655","chr1","99384482","99384781","40","62422132"
"JH378109","36992566","36992864","chr20","23803939","23804231","42","13188627"
"JH378109","37036283","37036591","chr20","20539479","20539784","49","16496804"
"JH378109","37067561","37067860","chr13","65577132","65577425","40","28509571"
"JH378109","37107287","37107382","chr22","82220107","82220203","9","45112820"
"JH378109","37150088","37150264","chr4","82829588","82829761","32","45679500"
"JH378109","37151317","37151616","chr27","48451545","48451843","42","11300228"
"JH378109","37275313","37275618","chr15","3702894","3703194","38","33572419"
"JH378109","37463042","37463341","chr6","4113565","4113862","37","33349477"
"JH378109","37521055","37521381","chr8","26352201","26352513","46","11168854"
"JH378109","37545247","37545542","chr5","58571929","58572227","37","21026682"
"JH378109","37585271","37585491","chr13","7317370","7317589","26","30267901"
"JH378109","37677081","37677285","chr2","41986599","41986802","48","4309518"
"JH378109","37677401","37677689","chr5","20366749","20367033","39","17310652"
"JH378109","37677827","37678133","chr16","23423370","23423672","31","14254457"
"JH378109","37684295","37684584","chr28","17615275","17615550","45","20069020"
"JH378109","37780241","37780538","chr12","10064948","10065242","45","27715293"
"JH378109","37844454","37844786","chr16","52975249","52975580","48","15130795"
"JH378109","38007786","38008061","chr5","20366749","20367033","52","17641037"
"JH378109","38048083","38048188","chr12","6168925","6169033","13","31879158"
"JH378109","38052127","38052430","chr6","11944778","11945070","44","26107349"
"JH378109","38138904","38139153","chr9","83338968","83339217","39","45200064"
"JH378109","38164944","38165242","chr27","25506578","25506885","34","12658366"
"JH378109","38245955","38246039","chr16","4405728","4405812","6","33840227"
"JH378109","38376929","38377194","chr4","89003238","89003495","49","50626309"
"JH378109","38412866","38413167","chrX","22735419","22735722","46","15677447"
"JH378109","38414180","38414509","chr17","48989632","48989972","68","10575452"
"JH378109","38424243","38424553","chr11","6744487","6744782","47","31679756"
"JH378109","38603640","38603715","chr13","63031813","63031889","8","24428173"
"JH378109","38744074","38744193","chr20","115102100","115102215","13","76358026"
"JH378109","38805728","38806043","chr13","84743392","84743699","48","45937664"
"JH378109","38869310","38869387","chr13","63031813","63031889","7","24162503"
"JH378109","38880549","38880807","chrX","68948097","68948354","40","30067548"
"JH378109","38904346","38904449","chrX","2017984","2018087","11","36886362"
"JH378109","38919775","38920076","chr16","62150336","62150630","46","23230561"
"JH378109","39028394","39028701","chr24","1147887","1148184","33","37880507"
"JH378109","39046040","39046325","chrX","23977849","23978143","45","15068191"
"JH378109","39078360","39078656","chr13","65577132","65577425","35","26498772"
"JH378109","39134429","39134764","chr20","96800606","96800937","52","57666177"
"JH378109","39140204","39140483","chr14","76428270","76428549","39","37288066"
"JH378109","39172676","39172984","chr12","84113723","84114031","36","44941047"
"JH378109","39204984","39205293","chr23","78958611","78958915","41","39753627"
"JH378109","39245041","39245333","chr11","19611133","19611417","36","19633908"
"JH378109","39284423","39284727","chr22","68337184","68337490","41","29052761"
"JH378109","39329930","39330073","chr17","28507557","28507698","14","10822373"
"JH378109","39366590","39366886","chr13","22116830","22117114","48","17249760"
"JH378109","39429676","39429984","chr1","65504304","65504612","33","26074628"
"JH378109","39446256","39446561","chr11","106816675","106816977","40","67370419"
"JH378109","39477819","39478126","chr12","10064948","10065242","44","29412871"
"JH378109","39594259","39594570","chr11","117737181","117737478","38","78142922"
"JH378109","39638159","39638454","chr13","65577132","65577425","36","25938973"
"JH378109","39663155","39663449","chr14","64881304","64881598","43","25218149"
"JH378109","39831890","39832194","chr3","29967257","29967552","41","9864633"
"JH378109","39877209","39877299","chr3","65349691","65349782","12","25472482"
"JH378109","39987707","39987982","chr3","88243214","88243491","40","48255507"
"JH378109","40027111","40027419","chr20","46933799","46934103","48","6906688"
"JH378109","40046964","40047247","chr10","110669639","110669914","53","70622675"
"JH378109","40073370","40073635","chr10","17745887","17746154","48","22327483"
"JH378109","40262056","40262386","chr12","33076915","33077242","56","7185141"
"JH378109","40416812","40416934","chr15","90834689","90834810","9","50417877"
"JH378109","40434132","40434428","chr7","19605160","19605458","35","20828972"
"JH378109","40642929","40643249","chr2","34891557","34891863","51","5751372"
"JH378109","40656756","40657054","chr20","96210594","96210893","35","55553838"
"JH378109","40712975","40713273","chr12","10064948","10065242","32","30648027"
"JH378109","40728718","40729013","chrX","23977849","23978143","33","16750869"
"JH378109","40779665","40779948","chr26","25242576","25242845","43","15537089"
"JH378109","40788360","40788644","chr16","62200117","62200409","55","21411757"
"JH378109","40843328","40843583","chr20","41224673","41224931","35","381345"
"JH378109","40854793","40855086","chr21","74368618","74368909","36","33513825"
"JH378109","40866818","40867107","chr26","5821015","5821307","38","35045803"
"JH378109","40890095","40890436","chr8","64261352","64261687","49","23371257"
"JH378109","40970991","40971258","chr13","59266134","59266405","43","18295143"
"JH378109","40998646","40998948","chr12","74217361","74217667","33","33218715"
"JH378109","41012214","41012355","chr9","86109665","86109806","14","45097451"
"JH378109","41054953","41055255","chr17","55864125","55864431","45","14809172"
"JH378109","41261573","41261862","chr11","117942437","117942738","50","76680864"
"JH378109","41553108","41553266","chr9","59130238","59130387","22","17577130"
"JH378109","41686677","41686884","chr8","28200570","28200766","37","13486107"
"JH378109","41808954","41809270","chr11","62643241","62643549","38","20834287"
"JH378109","41830069","41830368","chr8","36103526","36103822","33","5726543"
"JH378109","41926552","41926867","chr18","67218974","67219278","55","25292422"
"JH378109","41963884","41964028","chr22","87450041","87450185","16","45486157"
"JH378109","41964129","41964362","chr4","36151312","36151541","34","5812817"
"JH378109","41999876","41999993","chrX","90197506","90197623","13","48197630"
"JH378109","42122575","42122652","chr13","63031813","63031889","8","20909238"
"JH378109","42235804","42236099","chr12","6781553","6781865","82","35454251"
"JH378109","42361202","42361523","chrX","62513903","62514213","46","20152701"
"JH378109","42374407","42374720","chr12","74217361","74217667","36","31842954"
"JH378109","42413944","42414020","chr10","53898197","53898267","12","11484253"
"JH378109","42587781","42588042","chr21","61152043","61152312","55","18564262"
"JH378109","42659629","42659708","chr27","34351719","34351797","15","8307910"
"JH378109","42714595","42714679","chr16","4405728","4405812","9","38308867"
"JH378109","42744490","42744774","chr26","11222898","11223188","45","31521592"
"JH378109","42746023","42746330","chr11","64732415","64732714","54","21986392"
"JH378109","42835271","42835369","chr22","82220107","82220203","12","39384836"
"JH378109","43025155","43025234","chr13","63031813","63031889","9","20006658"
"JH378109","43026616","43026873","chrX","125586139","125586393","53","82559523"
"JH378109","43037259","43037547","chr19","13591797","13592090","47","29445462"
"JH378109","43056719","43056928","chr24","35708286","35708498","48","7348433"
"JH378109","43292604","43292716","chr6","1067449","1067558","11","42225155"
"JH378109","43333969","43334245","chr9","114015180","114015455","47","70681211"
"JH378109","43339176","43339485","chr8","97088740","97089048","46","53749564"
"JH378109","43366537","43366850","chr29","8289755","8290055","49","35076782"
"JH378109","43386543","43386828","chr10","29907498","29907779","32","13479045"
"JH378109","43389857","43390165","chr11","105441883","105442183","51","62052026"
"JH378109","43503144","43503246","chrX","2017984","2018087","10","41485160"
"JH378109","43524160","43524437","chr9","62431776","62432068","58","18907616"
"JH378109","43592265","43592414","chr9","59130238","59130387","13","15537973"
"JH378109","43611899","43612217","chr13","74528437","74528748","56","30916538"
"JH378109","43694050","43694355","chr7","96637694","96637997","44","52943644"
"JH378109","43735034","43735274","chr8","29099796","29100041","45","14635238"
"JH378109","43735277","43735354","chr25","26359985","26360065","13","17375292"
"JH378109","43782647","43782890","chr14","45072316","45072556","32","1289669"
"JH378109","43907357","43907624","chr21","56602482","56602744","42","12695125"
"JH378109","44001941","44002156","chr25","73647297","73647508","33","29645356"
"JH378109","44046188","44046290","chr1","39939684","39939788","11","4106504"
"JH378109","44104859","44105164","chr9","66377782","66378079","42","22272923"
"JH378109","44219212","44219449","chr7","120728275","120728523","58","76509063"
"JH378109","44228450","44228780","chr3","63768734","63769038","65","19540284"
"JH378109","44256155","44256245","chr3","65349691","65349782","11","21093536"
"JH378109","44302954","44303261","chr12","10064948","10065242","38","34238006"
"JH378109","44323179","44323397","chr13","7317370","7317589","29","37005809"
"JH378109","44377047","44377330","chr24","67904448","67904733","38","23527401"
"JH378109","44525140","44525227","chr16","4405728","4405812","9","40119412"
"JH378109","44659113","44659369","chr9","96390861","96391117","34","51731748"
"JH378109","44661588","44661922","chrX","70268757","70269082","54","25607169"
"JH378109","44727455","44727757","chr16","23423370","23423672","35","21304085"
"JH378109","44752058","44752229","chr4","65157978","65158146","27","20405920"
"JH378109","44812612","44812909","chr12","62681503","62681796","41","17868891"
"JH378109","44824833","44824975","chr6","3375709","3375847","16","41449124"
"JH378109","44935466","44935773","chr6","16598509","16598818","31","28336957"
"JH378109","44956356","44956640","chr13","65577132","65577425","39","20620776"
"JH378109","44997709","44997998","chr9","114015180","114015455","47","69017471"
"JH378109","45116492","45116782","chr12","77711353","77711643","47","32594861"
"JH378109","45144949","45145254","chr5","64637755","64638059","39","19492806"
"JH378109","45196568","45196879","chr8","96089866","96090170","40","50893298"
"JH378109","45233539","45233845","chr26","40460513","40460818","46","4773026"
"JH378109","45269445","45269744","chr26","16748407","16748708","45","28521038"
"JH378109","45277177","45277492","chr3","22013697","22014006","41","23263480"
"JH378109","45311248","45311556","chr11","103943753","103944060","34","58632505"
"JH378109","45355619","45355926","chr2","34891557","34891863","43","10464062"
"JH378109","45429586","45429902","chr1","65504304","65504612","36","20074718"
"JH378109","45466489","45466778","chr16","30637924","30638212","37","14828565"
"JH378109","45594628","45594851","chr12","25779469","25779689","29","19815159"
"JH378109","45637882","45638028","chr23","56978905","56979044","17","11341023"
"JH378109","45651713","45651942","chr20","92882451","92882681","33","47230738"
"JH378109","45804186","45804483","chr9","92415292","92415589","42","46611106"
"JH378109","45892770","45892892","chr15","90834689","90834810","12","44941919"
"JH378109","45913522","45913603","chr16","3308866","3308945","8","42604656"
"JH378109","45916163","45916262","chr22","82220107","82220203","12","36303944"
"JH378109","45958213","45958523","chr4","68085346","68085654","43","22127133"
"JH378109","45964184","45964488","chr5","33074148","33074451","35","12890036"
"JH378109","45990198","45990270","chr13","63031813","63031889","7","17041615"
"JH378109","46000001","46000131","chr11","106843296","106843425","12","60843295"
"JH378109","46006552","46006853","chr12","10064948","10065242","33","35941604"
"JH378109","46056346","46056459","chr14","51398076","51398183","21","5341730"
"JH378109","46088567","46088846","chr24","40562105","40562391","43","5526462"
"JH378109","46106765","46106849","chr16","4405728","4405812","6","41701037"
"JH378109","46109838","46110145","chr11","51624065","51624366","30","5514227"
"JH378109","46177067","46177368","chr1","103415790","103416081","37","57238723"
"JH378109","46249136","46249446","chr1","65504304","65504612","27","19255168"
"JH378109","46381700","46381982","chr14","79801787","79802070","35","33420087"
"JH378109","46387888","46387987","chr22","82220107","82220203","11","35832219"
"JH378109","46396706","46396988","chr7","37224879","37225161","41","9171827"
"JH378109","46408857","46409164","chr12","6781553","6781865","83","39627304"
"JH378109","46534162","46534260","chr22","82220107","82220203","11","35685945"
"JH378109","46564260","46564551","chr22","71679206","71679494","35","25114946"
"JH378109","46641338","46641439","chrX","2017984","2018087","10","44623354"
"JH378109","46665455","46665748","chr13","65577132","65577425","32","18911677"
"JH378109","46723537","46723821","chr10","37233627","37233913","36","9489910"
"JH378109","46727952","46728040","chr19","7758593","7758681","10","38969359"
"JH378109","46765211","46765355","chr8","60323540","60323681","19","13558329"
"JH378109","46901478","46901765","chr20","23803939","23804231","33","23097539"
"JH378109","47027118","47027416","chr1","68219231","68219530","37","21192113"
"JH378109","47037810","47038017","chr6","19048983","19049194","31","27988827"
"JH378109","47047281","47047536","chr22","29496650","29496903","34","17550631"
"JH378109","47147880","47148191","chr26","6059541","6059849","40","41088339"
"JH378109","47148357","47148651","chr12","10064948","10065242","36","37083409"
"JH378109","47167701","47167999","chr21","14884324","14884621","58","32283377"
"JH378109","47241457","47241771","chr20","99538718","99539034","40","52297261"
"JH378109","47263274","47263586","chr5","59404363","59404669","46","12141089"
"JH378109","47287396","47287694","chr20","122789292","122789589","35","75501896"
"JH378109","47296533","47296848","chr23","29679186","29679494","41","17617347"
"JH378109","47341488","47341778","chr11","4583577","4583855","37","42757911"
"JH378109","47412952","47413028","chr15","51653626","51653702","13","4240674"
"JH378109","47464722","47465025","chr21","11500105","11500406","45","35964617"
"JH378109","47654030","47654340","chr16","2999161","2999470","31","44654869"
"JH378109","47664751","47665040","chr14","104155259","104155553","44","56490508"
"JH378109","47754360","47754644","chr11","19611133","19611417","33","28143227"
"JH378109","47846519","47846813","chr7","100037094","100037378","43","52190575"
"JH378109","47961734","47962030","chr14","44038439","44038738","41","3923295"
"JH378109","48074485","48074797","chr11","4350721","4351023","41","43723764"
"JH378109","48192238","48192534","chr12","10064948","10065242","28","38127290"
"JH378109","48214229","48214452","chr23","43376123","43376346","26","4838106"
"JH378109","48293081","48293383","chr22","29306264","29306563","41","18986817"
"JH378109","48418881","48419182","chr10","95665357","95665659","44","47246476"
"JH378109","48463663","48463963","chr14","83371933","83372231","48","34908270"
"JH378109","48464054","48464319","chrX_KE148109v1_random","1713715","1713978","35","46750339"
"JH378109","48466226","48466529","chr5","36774379","36774687","49","11691847"
"JH378109","48479471","48479781","chr12","74217361","74217667","33","25737890"
"JH378109","48482263","48482356","chr12","73245235","73245330","11","24762972"
"JH378109","48518748","48519056","chr21","8441745","8442044","39","40077003"
"JH378109","48520514","48520825","chr16","31242321","31242629","46","17278193"
"JH378109","48586930","48586998","chr21","57520837","57520907","11","8933907"
"JH378109","48592737","48592826","chr19","7758593","7758681","9","40834144"
"JH378109","48637238","48637549","chr1","65504304","65504612","26","16867066"
"JH378109","48644308","48644613","chr22","34065717","34066029","45","14578591"
"JH378109","48645171","48645485","chr11","115525233","115525542","43","66880062"
"JH378109","48648281","48648549","chr11","90825564","90825850","55","42177283"
"JH378109","48648948","48649259","chr1","2872653","2872961","33","45776295"
"JH378109","48651072","48651380","chr16","2999161","2999470","41","45651911"
"JH378109","48651733","48652025","chr12","10064948","10065242","25","38586785"
"JH378109","48657192","48657479","chr1","28970435","28970727","43","19686757"
"JH378109","48671384","48671518","chr1","97802296","97802426","14","49130912"
"JH378109","48720669","48720945","chr16","63471279","63471543","50","14750610"
"JH378109","48731917","48732211","chr5","15803446","15803731","41","32928471"
"JH378109","48755759","48755858","chr22","82220107","82220203","10","33464348"
"JH378109","48763665","48763984","chr11","115525233","115525542","46","66761568"
"JH378109","48771077","48771385","chr21","121143183","121143493","38","72372106"
"JH378109","48772703","48773013","chr17","35258575","35258878","29","13514128"
"JH378109","48774738","48775026","chr5","53255334","53255620","35","4480596"
"JH378109","48790598","48790894","chr12","10064948","10065242","28","38725650"
"JH378109","48799472","48799763","chr12","10064948","10065242","31","38734524"
"JH378109","48802487","48802783","chr12","10064948","10065242","26","38737539"
"JH378109","48811690","48811985","chr18","71175402","71175700","48","22363712"
"JH378109","48818794","48818889","chr22","82220107","82220203","6","33401313"
"JH378109","48855532","48855661","chr1","97802296","97802426","13","48946764"
"JH378109","48869815","48870126","chr16","55157456","55157764","37","6287641"
"JH378109","48884014","48884291","chr11","40278508","40278779","44","8605506"
"JH378109","48885656","48885750","chr22","82220107","82220203","7","33334451"
"JH378109","48886573","48886663","chr3","65349691","65349782","11","16463118"
"JH378109","48887093","48887367","chr14","33085378","33085658","38","15801715"
"JH378109","48901897","48902002","chr1","62097932","62098038","11","13196035"
"JH378109","48903129","48903205","chr13","63031813","63031889","6","14128684"
"JH378109","48915266","48915563","chr21","22838763","22839060","33","26076503"
"JH378109","48925086","48925394","chr1","44604324","44604630","44","4320762"
"JH378109","48928004","48928278","chr5","12340804","12341092","53","36587200"
"JH378109","48934628","48934701","chr13","63031813","63031889","12","14097185"
"JH378109","48945011","48945319","chr2","43185063","43185371","30","5759948"
"JH378109","48999318","48999605","chr12","10064948","10065242","33","38934370"
"JH378109","49030286","49030558","chr21","2739728","2740008","52","46290558"
"JH378109","49037623","49037919","chr19","22724276","22724577","35","26313347"
"JH378109","49064246","49064551","chr23","61905659","61905961","41","12841413"
"JH378109","49090146","49090442","chr12","10064948","10065242","26","39025198"
"JH378109","49105280","49105561","chr14","41748186","41748475","41","7357094"
"JH378109","49110171","49110468","chr18","71309352","71309642","34","22199181"
"JH378109","49133693","49133987","chrX","119919523","119919820","39","70785830"
"JH378109","49135381","49135454","chr13","63031813","63031889","7","13896432"
"JH378109","49138934","49139220","chr12","104595406","104595692","33","55456472"
"JH378109","49156235","49156526","chrX","23977849","23978143","46","25178386"
"JH378109","49208835","49209144","chr5","42870195","42870502","32","6338640"
"JH378109","49209798","49210106","chr12","10064948","10065242","42","39144850"
"JH378109","49210835","49211132","chr10","2350876","2351174","32","46859959"
"JH378109","49219877","49220154","chr15","40765315","40765586","50","8454562"
"JH378109","49220758","49221048","chr15","54108063","54108350","58","4887305"
"JH378109","49242793","49243099","chr20","114354247","114354555","38","65111454"
"JH378109","49252313","49252620","chr24","68895333","68895641","42","19643020"
"JH378109","49252942","49253222","chr6","32884104","32884392","53","16368838"
"JH378109","49281600","49281899","chr1","16060873","16061165","42","33220727"
"JH378109","49283692","49283983","chr8","134989821","134990115","37","85706129"
"JH378109","49304012","49304226","chr14","49637882","49638092","36","333870"
"JH378109","49329730","49329853","chr29","5133677","5133795","17","44196053"
"JH378109","49338308","49338438","chr6","50606227","50606356","14","1267919"
"JH378109","49341936","49342169","chr20","92882451","92882681","33","43540515"
"JH378109","49342384","49342625","chr5","18117869","18118109","37","31224515"
"JH378109","49351985","49352295","chr6","15953108","15953417","38","33398877"
"JH378109","49370190","49370301","chr3","66613019","66613136","26","17242829"
"JH378109","49386483","49386717","chr11","126175108","126175340","28","76788625"
"JH378109","49401084","49401380","chr14","80022461","80022769","45","30621377"
"JH378109","49409542","49409834","chr24","38919481","38919776","45","10490061"
"JH378109","49411549","49411843","chr12","10064948","10065242","34","39346601"
"JH378109","49426026","49426324","chrX","23977849","23978143","42","25448177"
"JH378109","49453284","49453593","chr1","108565860","108566161","38","59112576"
"JH378109","49479961","49480055","chr22","82220107","82220203","9","32740146"
"JH378109","49490860","49491151","chr21","74368618","74368909","28","24877758"
"JH378109","49497530","49497675","chrX","128768607","128768755","17","79271077"
"JH378109","49531175","49531451","chr11","19611133","19611417","47","29920042"
"JH378109","49533510","49533825","chr3","47196267","47196575","53","2337243"
"JH378109","49583592","49583899","chr20","13280174","13280479","43","36303418"
"JH378109","49606511","49606785","chr1","108265208","108265479","47","58658697"
"JH378109","49664777","49664849","chr13","63031813","63031889","10","13367036"
"JH378109","49751365","49751662","chr12","10064948","10065242","32","39686417"
"JH378109","49812381","49812630","chr4","41989352","41989604","36","7823029"
"JH378109","49829678","49829777","chrX","2017984","2018087","12","47811694"
"JH378109","49839223","49839519","chrX_KE148108v1_random","4720064","4720364","32","45119159"
"JH378109","50032979","50033118","chr3","90669571","90669712","12","40636592"
"JH378109","50086610","50086916","chr11","95828364","95828669","46","45741754"
"JH378109","50151325","50151612","chr2","5168180","5168471","37","44983145"
"JH378109","50176020","50176329","chr1","2872653","2872961","38","47303367"
"JH378109","50197925","50198220","chr10","122219967","122220268","43","72022042"
"JH378109","50249117","50249421","chr5","2273487","2273788","32","47975630"
"JH378109","50262617","50262889","chr25","19776575","19776847","40","30486042"
"JH378109","50262991","50263067","chr14","82607999","82608075","11","32345008"
"JH378109","50268643","50268876","chrX","45786398","45786636","36","4482245"
"JH378109","50272814","50273116","chr8","1916519","1916819","35","48356295"
"JH378109","50281025","50281149","chr1","8688937","8689061","12","41592088"
"JH378109","50282339","50282565","chr6","2372111","2372337","34","47910228"
"JH378109","50304674","50304969","chr15","86758708","86759003","37","36454034"
"JH378109","50306263","50306553","chrX","18750094","18750379","49","31556169"
"JH378109","50316377","50316453","chr13","63031813","63031889","7","12715436"
"JH378109","50319299","50319527","chr7","97152314","97152538","28","46833015"
"JH378109","50320768","50321058","chr8","66644262","66644564","44","16323494"
"JH378109","50332143","50332416","chr22","9600661","9600931","48","40731482"
"JH378109","50353042","50353350","chr5","2273487","2273788","38","48079555"
"JH378109","50359652","50359952","chr29","8289755","8290055","34","42069897"
"JH378109","50394158","50394468","chr25","77988113","77988421","37","27593955"
"JH378109","50438206","50438504","chr14","83371933","83372231","33","32933727"
"JH378109","50500906","50501211","chr25","29130483","29130784","51","21370423"
"JH378109","50527278","50527584","chr5","2273487","2273788","34","48253791"
"JH378109","50531417","50531691","chr5","21193983","21194260","41","29337434"
"JH378109","50592153","50592369","chr13","7317370","7317589","27","43274783"
"JH378109","50597971","50598264","chr12","18588349","18588640","47","32009622"
"JH378109","50618574","50618901","chr25","65108190","65108510","48","14489616"
"JH378109","50630181","50630484","chr1","68219231","68219530","45","17589050"
"JH378109","50648237","50648334","chr24","34051581","34051688","19","16596656"
"JH378109","50677607","50677917","chr9","27940156","27940466","47","22737451"
"JH378109","50690300","50690430","chr1","97802296","97802426","13","47111996"
"JH378109","50694145","50694266","chr15","90834689","90834810","10","40140544"
"JH378109","50721024","50721126","chrX","2017984","2018087","10","48703040"
"JH378109","50740103","50740251","chr9","59130238","59130387","16","8390135"
"JH378109","50742810","50743116","chr8","1916519","1916819","45","48826291"
"JH378109","50754421","50754730","chr24","68895333","68895641","43","18140912"
"JH378109","50756962","50757071","chr6","1067449","1067558","12","49689513"
"JH378109","50759237","50759520","chr13","89452546","89452829","42","38693309"
"JH378109","50783173","50783460","chr7","35838622","35838911","49","14944551"
"JH378109","50786682","50786772","chr3","65349691","65349782","11","14563009"
"JH378110","3145477","3145786","chr1","65504304","65504612","37","62358827"
"JH378110","14548887","14549195","chr16","2999161","2999470","36","11549726"
"JH378110","45826","46131","chr14","37570935","37571241","40","37525109"
"JH378110","101298","101413","chr4","60395666","60395783","14","60294368"
"JH378110","150827","151107","chr21","74368618","74368909","46","74217791"
"JH378110","315383","315679","chr16","33925418","33925712","45","33610035"
"JH378110","383112","383357","chrX","66838893","66839148","34","66455781"
"JH378110","506304","506590","chrX","18750094","18750379","37","18243790"
"JH378110","553285","553567","chr12","104595406","104595692","41","104042121"
"JH378110","650369","650661","chr18","72052984","72053276","42","71402615"
"JH378110","682449","682737","chr21","22373480","22373773","46","21691031"
"JH378110","716674","716972","chr12","10064948","10065242","26","9348274"
"JH378110","889299","889597","chr12","87877203","87877495","42","86987904"
"JH378110","1120989","1121276","chr12","10064948","10065242","39","8943959"
"JH378110","1139807","1140072","chr16","46021279","46021555","42","44881472"
"JH378110","1156476","1156756","chr23","71125189","71125474","41","69968713"
"JH378110","1223011","1223280","chr23","34328669","34328947","50","33105658"
"JH378110","1417361","1417673","chr23","44247755","44248062","46","42830394"
"JH378110","1528879","1528973","chr22","82220107","82220203","7","80691228"
"JH378110","1529955","1530266","chr5","2273487","2273788","32","743532"
"JH378110","1683782","1684081","chrX","11815348","11815650","30","10131566"
"JH378110","1852534","1852837","chrX","22643602","22643906","42","20791068"
"JH378110","1992955","1993249","chr18","71309352","71309642","35","69316397"
"JH378110","2022951","2023241","chr6","48913632","48913921","28","46890681"
"JH378110","2265815","2266086","chr6","18070","18342","52","2247745"
"JH378110","2415084","2415389","chr7","57917629","57917927","39","55502545"
"JH378110","2521382","2521705","chrX","13675893","13676208","43","11154511"
"JH378110","2591971","2592269","chr7","23372056","23372352","40","20780085"
"JH378110","2764767","2765069","chr12","10064948","10065242","29","7300181"
"JH378110","2834647","2834942","chr9","118970228","118970526","33","116135581"
"JH378110","2843207","2843276","chr19","14579948","14580013","11","11736741"
"JH378110","2906579","2906845","chr5","34103098","34103364","35","31196519"
"JH378110","3070441","3070732","chr19","24257248","24257538","37","21186807"
"JH378110","3105193","3105476","chr10","55161197","55161486","40","52056004"
"JH378110","3112655","3112744","chr3","65349691","65349782","12","62237036"
"JH378110","3125363","3125667","chr16","36083795","36084104","51","32958432"
"JH378110","3143966","3144280","chr4","88788880","88789184","43","85644914"
"JH378110","3173021","3173130","chr6","1067449","1067558","11","2105572"
"JH378110","3173952","3174068","chr10","24288306","24288421","13","21114354"
"JH378110","3182077","3182382","chr16","23423370","23423672","36","20241293"
"JH378110","3189299","3189375","chr13","63031813","63031889","8","59842514"
"JH378110","3215396","3215520","chr2","83398316","83398447","27","80182920"
"JH378110","3669434","3669715","chr13","34350307","34350589","38","30680873"
"JH378110","3828791","3829095","chr12","10064948","10065242","27","6236157"
"JH378110","3865011","3865311","chr14","79729598","79729899","29","75864587"
"JH378110","3866267","3866565","chr12","2544442","2544740","41","1321825"
"JH378110","3878099","3878438","chr14","46171515","46171849","41","42293416"
"JH378110","3961397","3961699","chr11","120207458","120207761","31","116246061"
"JH378110","4257778","4258077","chr24","48082241","48082536","37","43824463"
"JH378110","4384553","4384861","chr1","65504304","65504612","30","61119751"
"JH378110","4576817","4577133","chr8","26352201","26352513","37","21775384"
"JH378110","4675475","4675791","chr5","20221828","20222136","34","15546353"
"JH378110","4681001","4681312","chr6","28329740","28330046","46","23648739"
"JH378110","4781617","4781921","chr2","34891557","34891863","34","30109940"
"JH378110","4821613","4821921","chr11","115525233","115525542","36","110703620"
"JH378110","4848319","4848617","chr9","96341327","96341621","47","91493008"
"JH378110","4880420","4880711","chr12","10064948","10065242","31","5184528"
"JH378110","4902654","4902957","chr12","10064948","10065242","26","5162294"
"JH378110","4924189","4924303","chr16","42164895","42165003","19","37240706"
"JH378110","5071501","5071805","chr13","74228181","74228481","51","69156680"
"JH378110","5090268","5090552","chr14","15633040","15633320","33","10542772"
"JH378110","5092834","5093128","chr12","6781553","6781865","104","1688719"
"JH378110","5099948","5100253","chr10","111637485","111637783","35","106537537"
"JH378110","5102850","5103152","chr1","68219231","68219530","42","63116381"
"JH378110","5113787","5113972","chr27","40357127","40357305","33","35243340"
"JH378110","5118942","5119242","chr29","8289755","8290055","39","3170813"
"JH378110","5144097","5144402","chr5","58458905","58459214","48","53314808"
"JH378110","5291824","5292117","chr23","52118830","52119121","42","46827006"
"JH378110","5350542","5350832","chr11","42115371","42115662","34","36764829"
"JH378110","5360844","5360949","chr12","39370512","39370618","17","34009668"
"JH378110","5362867","5363144","chr1","10803268","10803561","51","5440401"
"JH378110","5427313","5427600","chr22","10940743","10941034","38","5513430"
"JH378110","5650387","5650677","chr17","42287654","42287939","39","36637267"
"JH378110","5678223","5678446","chr2","9968196","9968421","37","4289973"
"JH378110","5706689","5706986","chr29","19069989","19070286","46","13363300"
"JH378110","5810856","5811159","chr6","39741779","39742079","40","33930923"
"JH378110","5834770","5835072","chr2","20242750","20243052","36","14407980"
"JH378110","5891648","5891924","chr5","26494257","26494539","44","20602609"
"JH378110","5895517","5895807","chr22","89496756","89497047","43","83601239"
"JH378110","5948800","5949084","chr20","8554893","8555178","37","2606093"
"JH378110","5949775","5950079","chr5","2273487","2273788","34","3676288"
"JH378110","6101434","6101743","chr11","50850288","50850595","43","44748854"
"JH378110","6128369","6128504","chr26","6591504","6591639","14","463135"
"JH378110","6167371","6167673","chr20","19825871","19826167","34","13658500"
"JH378110","6225399","6225701","chr12","10064948","10065242","32","3839549"
"JH378110","6236968","6237267","chr12","10064948","10065242","31","3827980"
"JH378110","6242007","6242286","chr1","18162340","18162615","48","11920333"
"JH378110","6255064","6255358","chr10","90402340","90402635","44","84147276"
"JH378110","6274316","6274602","chr21","35798011","35798296","39","29523695"
"JH378110","6292972","6293269","chr12","10064948","10065242","24","3771976"
"JH378110","6313709","6314020","chr2","34891557","34891863","42","28577848"
"JH378110","6323193","6323282","chr3","65349691","65349782","12","59026498"
"JH378110","6480772","6481064","chr6","38437831","38438120","32","31957059"
"JH378110","6482770","6483073","chrX","130006157","130006457","41","123523387"
"JH378110","6507870","6508176","chr19","13613108","13613413","46","7105238"
"JH378110","6927361","6927648","chrX","95460911","95461200","37","88533550"
"JH378110","6960242","6960536","chr5","22668022","22668311","44","15707780"
"JH378110","6965653","6965967","chr5","2273487","2273788","37","4692166"
"JH378110","7181987","7182280","chr1","121610285","121610574","46","114428298"
"JH378110","7211994","7212283","chr25","51030152","51030441","40","43818158"
"JH378110","7215564","7215878","chr26","6059541","6059849","36","1156023"
"JH378110","7229449","7229748","chr13","64392075","64392369","54","57162626"
"JH378110","7242687","7243012","chr8","84651477","84651798","63","77408790"
"JH378110","7246487","7246779","chr8","52344592","52344885","34","45098105"
"JH378110","7249587","7249666","chr5","67880800","67880883","10","60631213"
"JH378110","7335822","7336110","chr28","13973057","13973343","44","6637235"
"JH378110","7345628","7345919","chr2","5168180","5168471","34","2177448"
"JH378110","7373364","7373662","chr13","65577132","65577425","31","58203768"
"JH378110","7398150","7398330","chr11","106130585","106130765","24","98732435"
"JH378110","7398431","7398551","chr5","22108764","22108885","18","14710333"
"JH378110","7412300","7412417","chr9","113030266","113030377","18","105617966"
"JH378110","7417108","7417406","chr17","54366743","54367041","34","46949635"
"JH378110","7428993","7429285","chr22","51404529","51404822","37","43975536"
"JH378110","7487050","7487230","chr20","43888530","43888712","27","36401480"
"JH378110","7487757","7487883","chr6","50606227","50606356","13","43118470"
"JH378110","7594022","7594335","chr22","41691571","41691875","43","34097549"
"JH378110","7609150","7609437","chr24","67904448","67904733","35","60295298"
"JH378110","7688958","7689233","chr20","80564542","80564813","33","72875584"
"JH378110","7690859","7691166","chr12","74217361","74217667","32","66526502"
"JH378110","7747461","7747774","chr29","8278863","8279172","41","531402"
"JH378110","7757015","7757302","chr6","42823853","42824139","29","35066838"
"JH378110","7811534","7811624","chr3","65349691","65349782","10","57538157"
"JH378110","7812482","7812582","chr22","82220107","82220203","11","74407625"
"JH378110","7813310","7813592","chr28_KE148105v1_random","309394","309684","39","7503916"
"JH378110","7835361","7835661","chr2","35931939","35932239","31","28096578"
"JH378110","7836985","7837248","chr10","117904134","117904410","46","110067149"
"JH378110","7847777","7847853","chr13","63031813","63031889","7","55184036"
"JH378110","7894044","7894337","chr12","10064948","10065242","38","2170904"
"JH378110","7895230","7895307","chr13","63031813","63031889","8","55136583"
"JH378110","7911835","7912165","chrX","110113644","110113974","53","102201809"
"JH378110","7921068","7921377","chr1","2872653","2872961","31","5048415"
"JH378110","7936336","7936634","chr20","44741831","44742122","39","36805495"
"JH378110","7949190","7949465","chr6","38291436","38291692","54","30342246"
"JH378110","7950314","7950626","chr4","88788880","88789184","47","80838566"
"JH378110","7964185","7964258","chr13","63031813","63031889","8","55067628"
"JH378110","7990640","7990755","chr10","24288306","24288421","13","16297666"
"JH378110","8002534","8002826","chr10","8909912","8910203","33","907378"
"JH378110","8059773","8059887","chr4","2202556","2202678","28","5857217"
"JH378110","8064873","8064952","chr16","3308866","3308945","8","4756007"
"JH378110","8081643","8081804","chr24","12006231","12006380","24","3924588"
"JH378110","8082516","8082801","chr4","15279610","15279907","44","7197094"
"JH378110","8107228","8107531","chr17","54691676","54691976","28","46584448"
"JH378110","8109173","8109480","chr12","96420838","96421145","30","88311665"
"JH378110","8138737","8139036","chr12","10064948","10065242","29","1926211"
"JH378110","8159068","8159371","chr29","8289755","8290055","33","130687"
"JH378110","8164654","8164958","chr5","45564984","45565290","42","37400330"
"JH378110","8179796","8180006","chr2","41986599","41986802","33","33806803"
"JH378110","8180008","8180151","chr8","69446972","69447117","28","61266964"
"JH378110","8211577","8211682","chr1","39939684","39939788","8","31728107"
"JH378110","8213112","8213412","chr12","6781553","6781865","95","1431559"
"JH378110","8238743","8239031","chr20","38826409","38826710","52","30587666"
"JH378110","8239733","8240020","chr4","37484917","37485197","41","29245184"
"JH378110","8253884","8254011","chr3","91348390","91348521","12","83094506"
"JH378110","8287914","8288175","chr11","52105444","52105706","37","43817530"
"JH378110","8295882","8296193","chr22","16005168","16005472","32","7709286"
"JH378110","8316036","8316340","chr1","1743379","1743679","49","6572657"
"JH378110","8337697","8337800","chrX","2017984","2018087","10","6319713"
"JH378110","8345420","8345727","chr5","2273487","2273788","35","6071933"
"JH378110","8348493","8348819","chr6","40772232","40772536","55","32423739"
"JH378110","8362849","8363157","chr9","103899907","103900209","39","95537058"
"JH378110","8402331","8402636","chr14","83371933","83372231","41","74969602"
"JH378110","8493234","8493297","chr25","6483343","6483411","13","2009891"
"JH378110","8521985","8522286","chr9","14938295","14938598","43","6416310"
"JH378110","8526431","8526724","chr6","15953108","15953417","51","7426677"
"JH378110","8526945","8527239","chr12","10064948","10065242","33","1538003"
"JH378110","8547251","8547564","chr5","26425551","26425855","38","17878300"
"JH378110","8589789","8590089","chr10","118597337","118597632","33","110007548"
"JH378110","8602350","8602669","chr18","9388916","9389224","47","786566"
"JH378110","8627905","8628089","chr1","11673452","11673637","24","3045547"
"JH378110","8634728","8634820","chrX","37078391","37078475","19","28443663"
"JH378110","8652152","8652294","chr1","63883321","63883461","17","55231169"
"JH378110","8677165","8677390","chr6","2372111","2372337","26","6305054"
"JH378110","8702958","8703245","chr5","42662951","42663235","27","33959993"
"JH378110","8767073","8767363","chr10","18371829","18372121","29","9604756"
"JH378110","8794623","8794893","chr12","13083707","13083986","50","4289084"
"JH378110","8803622","8803913","chr26","44953744","44954034","53","36150122"
"JH378110","8812685","8812991","chr5","2273487","2273788","36","6539198"
"JH378110","8844720","8844998","chr15","81108917","81109201","43","72264197"
"JH378110","8935253","8935361","chr15","13792351","13792461","15","4857098"
"JH378110","9041694","9041779","chr16","4405728","4405812","6","4635966"
"JH378110","9101701","9102006","chr5","2273487","2273788","32","6828214"
"JH378110","9288164","9288453","chr21","25123896","25124189","30","15835732"
"JH378110","9309714","9309982","chr11","117793063","117793332","40","108483349"
"JH378110","9344399","9344687","chr1","83672883","83673171","36","74328484"
"JH378110","9380507","9380628","chr15","90834689","90834810","7","81454182"
"JH378110","9384271","9384558","chr9","38435503","38435778","42","29051232"
"JH378110","9425108","9425412","chr14","79729598","79729899","37","70304490"
"JH378110","9439595","9439907","chr11","20333718","20334026","28","10894123"
"JH378110","9446265","9446539","chr12","12434992","12435260","45","2988727"
"JH378110","9482555","9482840","chr10","118597337","118597632","42","109114782"
"JH378110","9490094","9490389","chr26","9730122","9730417","38","240028"
"JH378110","9515673","9515805","chr21","72996628","72996759","27","63480955"
"JH378110","9737249","9737504","chr9","92500633","92500888","36","82763384"
"JH378110","9746168","9746476","chr20","104630107","104630400","50","94883939"
"JH378110","9785826","9786154","chr14","96204689","96205021","51","86418863"
"JH378110","9985822","9985899","chr13","63031813","63031889","6","53045991"
"JH378110","9986672","9986972","chr22","47793370","47793666","36","37806698"
"JH378110","10069939","10070244","chr3","45992321","45992621","39","35922382"
"JH378110","10076566","10076861","chr20","40940162","40940460","40","30863596"
"JH378110","10195974","10196285","chr5","2273487","2273788","36","7922487"
"JH378110","10196907","10197207","chr11","84786098","84786398","32","74589191"
"JH378110","10300570","10300866","chrX","23977849","23978143","34","13677279"
"JH378110","10416376","10416582","chr13","7317370","7317589","31","3099006"
"JH378110","10435121","10435410","chr13","65577132","65577425","36","55142011"
"JH378110","10602859","10603128","chr16","68347000","68347257","39","57744141"
"JH378110","10733387","10733690","chr11","115179293","115179595","29","104445906"
"JH378110","10746602","10746901","chr23","81776363","81776665","37","71029761"
"JH378110","10776287","10776597","chr5","36774379","36774687","37","25998092"
"JH378110","10814703","10815003","chrX","23977849","23978143","42","13163146"
"JH378110","10818061","10818362","chr14","83371933","83372231","45","72553872"
"JH378110","10843423","10843568","chr24","27558986","27559131","14","16715563"
"JH378110","10880531","10880845","chr16","64430366","64430669","46","53549835"
"JH378110","10884071","10884290","chr13","7317370","7317589","27","3566701"
"JH378110","10897210","10897518","chr23","41434219","41434517","34","30537009"
"JH378110","10906687","10906990","chr12","102954295","102954602","36","92047608"
"JH378110","10908282","10908588","chr3","22013697","22014006","37","11105415"
"JH378110","10923179","10923484","chr9","119299436","119299742","39","108376257"
"JH378110","10925840","10926131","chr15","50409986","50410276","40","39484146"
"JH378110","10928485","10928624","chrX","4336765","4336906","21","6591720"
"JH378110","10936246","10936547","chr14","83371933","83372231","41","72435687"
"JH378110","10938919","10939150","chr11","126175108","126175340","32","115236189"
"JH378110","10940123","10940463","chr14","78634025","78634378","71","67693902"
"JH378110","10951745","10952022","chr21","33287053","33287331","37","22335308"
"JH378110","10970530","10970830","chr11","125798758","125799061","48","114828228"
"JH378110","10997934","10998222","chr9","90465987","90466268","49","79468053"
"JH378110","10998388","10998650","chr9","92500633","92500888","36","81502245"
"JH378110","11018300","11018591","chr9","26527953","26528246","32","15509653"
"JH378110","11018611","11018737","chrX","7665538","7665663","11","3353073"
"JH378110","11036341","11036484","chr6","7229588","7229731","18","3806753"
"JH378110","11068626","11068750","chr1","8688937","8689061","13","2379689"
"JH378110","11069637","11069830","chr12","79606132","79606326","37","68536495"
"JH378110","11101465","11101739","chr21","26073983","26074262","39","14972518"
"JH378110","11114421","11114522","chrX_KE148108v1_random","4900425","4900526","16","6213996"
"JH378110","11127039","11127335","chr12","10064948","10065242","28","1062091"
"JH378110","11184860","11185167","chr12","10064948","10065242","36","1119912"
"JH378110","11197121","11197388","chr5","23000001","23000267","36","11802880"
"JH378110","11240182","11240461","chr9","14851427","14851711","49","3611245"
"JH378110","11254905","11255210","chr20","12020026","12020324","39","765121"
"JH378110","11313118","11313426","chr1","93361306","93361613","36","82048188"
"JH378110","11322228","11322310","chr5","67880800","67880883","6","56558572"
"JH378110","11371662","11371966","chr12","10064948","10065242","39","1306714"
"JH378110","11474010","11474116","chr6","1067449","1067558","14","10406561"
"JH378110","11479209","11479497","chr21","50483629","50483920","35","39004420"
"JH378110","11529970","11530275","chr5","2273487","2273788","34","9256483"
"JH378110","11571836","11572131","chr12","10064948","10065242","28","1506888"
"JH378110","11597391","11597699","chr12","101848062","101848370","40","90250671"
"JH378110","11787475","11787760","chr9","40692527","40692797","51","28905052"
"JH378110","11801093","11801381","chr4","88194345","88194643","49","76393252"
"JH378110","11917094","11917374","chr14","67049623","67049907","42","55132529"
"JH378110","11967781","11968056","chr26","42299852","42300131","45","30332071"
"JH378110","11971667","11971961","chr1","55082622","55082912","40","43110955"
"JH378110","11997660","11997955","chr17","34891895","34892184","41","22894235"
"JH378110","12039918","12040227","chr11","115525233","115525542","35","103485315"
"JH378110","12047486","12047616","chr3","91348390","91348521","11","79300904"
"JH378110","12082307","12082401","chr22","82220107","82220203","10","70137800"
"JH378110","12175053","12175356","chr6","4113565","4113862","46","8061488"
"JH378110","12256693","12256983","chr21","74368618","74368909","37","62111925"
"JH378110","12297435","12297730","chr12","10064948","10065242","30","2232487"
"JH378110","12406540","12406839","chrX","23977849","23978143","29","11571309"
"JH378110","12438614","12438921","chr4","71100937","71101237","39","58662323"
"JH378110","12456387","12456689","chr9","70702230","70702537","42","58245843"
"JH378110","12650454","12650558","chrX_KE148108v1_random","4900425","4900526","22","7750029"
"JH378110","12823736","12824032","chr29","10722547","10722839","28","2101189"
"JH378110","12867352","12867647","chrX","23977849","23978143","35","11110497"
"JH378110","12890201","12890503","chr17","35258575","35258878","43","22368374"
"JH378110","12933739","12934032","chr16","56713117","56713411","49","43779378"
"JH378110","12936773","12937029","chr9","96390861","96391117","36","83454088"
"JH378110","12942367","12942670","chr12","10064948","10065242","41","2877419"
"JH378110","12944883","12945174","chr15","42041636","42041931","35","29096753"
"JH378110","12946861","12947161","chr6","10960962","10961262","41","1985899"
"JH378110","12948672","12948983","chr6","29168940","29169240","38","16220268"
"JH378110","12952865","12952943","chr16","3308866","3308945","9","9643999"
"JH378110","12981983","12982278","chr12","10064948","10065242","24","2917035"
"JH378110","12982570","12982872","chrX","23977849","23978143","34","10995279"
"JH378110","12983804","12983927","chr6","41901224","41901352","14","28917420"
"JH378110","12983932","12984179","chr11","44436513","44436764","22","31452581"
"JH378110","12984434","12984746","chr5","27918350","27918656","41","14933916"
"JH378110","12989755","12989985","chr18","38006673","38006895","60","25016918"
"JH378110","12991777","12991867","chr19","7758593","7758681","8","5233184"
"JH378110","12992779","12992882","chr1","62097932","62098038","10","49105153"
"JH378110","12994577","12994672","chr22","82220107","82220203","10","69225530"
"JH378110","13000588","13000880","chr15","49266000","49266294","42","36265412"
"JH378110","13003706","13003823","chr1","89170355","89170458","25","76166649"
"JH378110","13004108","13004215","chr12","53065987","53066095","12","40061879"
"JH378110","13014946","13015067","chr15","90834689","90834810","7","77819743"
"JH378110","13015827","13016119","chr13","65577132","65577425","27","52561305"
"JH378110","13056511","13056816","chr5","2273487","2273788","29","10783024"
"JH378110","13112787","13113102","chr9","56811131","56811438","37","43698344"
"JH378110","13125327","13125585","chrX","26356044","26356314","45","13230717"
"JH378110","13130257","13130392","chr26","6591504","6591639","15","6538753"
"JH378110","13160591","13160879","chr12","10064948","10065242","41","3095643"
"JH378110","13161105","13161404","chr12","10064948","10065242","31","3096157"
"JH378110","13163192","13163486","chr24","35594235","35594529","35","22431043"
"JH378110","13164933","13165240","chr12","74217361","74217667","31","61052428"
"JH378110","13169947","13170255","chr5","2273487","2273788","35","10896460"
"JH378110","13171585","13171882","chr12","10064948","10065242","22","3106637"
"JH378110","13208774","13208882","chr6","1067449","1067558","13","12141325"
"JH378110","13238058","13238130","chr10","95538249","95538325","10","82300191"
"JH378110","13242431","13242526","chr22","82220107","82220203","7","68977676"
"JH378110","13262605","13262684","chr16","3308866","3308945","7","9953739"
"JH378110","13272564","13272816","chr1","88408126","88408393","44","75135562"
"JH378110","13313723","13313999","chr21","125118620","125118898","39","111804897"
"JH378110","13329823","13330127","chr5","2273487","2273788","26","11056336"
"JH378110","13336402","13336691","chr16","30637924","30638212","33","17301522"
"JH378110","13356794","13357092","chr7","115033901","115034201","39","101677107"
"JH378110","13357094","13357399","chr27","22888845","22889148","37","9531751"
"JH378110","13371303","13371392","chr3","65349691","65349782","11","51978388"
"JH378110","13373168","13373480","chr24","58517000","58517299","41","45143832"
"JH378110","13475866","13476153","chr26","50395265","50395544","38","36919399"
"JH378110","13514776","13515016","chr3","1164767","1164996","46","12350009"
"JH378110","13578266","13578572","chr11","120207458","120207761","32","106629192"
"JH378110","13613160","13613463","chr8","98897946","98898241","35","85284786"
"JH378110","13630647","13630876","chr23","45013845","45014070","33","31383198"
"JH378110","13658586","13658893","chr1","2872653","2872961","37","10785933"
"JH378110","13677009","13677320","chr5","2273487","2273788","37","11403522"
"JH378110","13680859","13680936","chr9","62921501","62921569","16","49240642"
"JH378110","13693492","13693583","chr22","82220107","82220203","9","68526615"
"JH378110","13698965","13699256","chr15","37672879","37673180","46","23973914"
"JH378110","13702500","13702759","chr7","33890716","33890967","40","20188216"
"JH378110","13739955","13740265","chr20","86951906","86952213","33","73211951"
"JH378110","13749821","13750120","chr2","59461683","59461977","35","45711862"
"JH378110","13750293","13750584","chr21","74368618","74368909","41","60618325"
"JH378110","13753172","13753249","chr13","63031813","63031889","8","49278641"
"JH378110","13779888","13779977","chr19","7758593","7758681","10","6021295"
"JH378110","13782264","13782403","chr9","71632727","71632860","17","57850463"
"JH378110","13822720","13823014","chr22","57424074","57424362","52","43601354"
"JH378110","13823247","13823543","chr1","46456050","46456345","38","32632803"
"JH378110","13828334","13828634","chr3","63041062","63041361","45","49212728"
"JH378110","13859285","13859590","chr11","115525233","115525542","36","101665948"
"JH378110","13870235","13870532","chr8","95885898","95886192","33","82015663"
"JH378110","13911466","13911782","chr5","36774379","36774687","45","22862913"
"JH378110","13938989","13939179","chr14","51196868","51197060","33","37257879"
"JH378110","13946586","13946882","chr18","71629517","71629808","37","57682931"
"JH378110","13950533","13950839","chr29","8289755","8290055","40","5660778"
"JH378110","13982554","13982823","chr16","58425585","58425837","46","44443031"
"JH378110","14060473","14060767","chr20","113550217","113550515","34","99489744"
"JH378110","14072634","14072929","chr12","10064948","10065242","28","4007686"
"JH378110","14087154","14087238","chr6","39129950","39130034","13","25042796"
"JH378110","14087283","14087525","chr20","20049923","20050167","36","5962640"
"JH378110","14093747","14094003","chr17","17514120","17514376","37","3420373"
"JH378110","14134328","14134627","chr12","10064948","10065242","34","4069380"
"JH378110","14143268","14143563","chr29","23088099","23088392","31","8944831"
"JH378110","14158224","14158526","chr14","83570862","83571166","34","69412638"
"JH378110","14172855","14173146","chr10","58648849","58649141","35","44475994"
"JH378110","14238833","14239142","chr4","80896246","80896552","37","66657413"
"JH378110","14262803","14263091","chr22","71679206","71679494","32","57416403"
"JH378110","14330472","14330752","chr23","46545944","46546226","52","32215472"
"JH378110","14389986","14390285","chr16","33182065","33182368","37","18792079"
"JH378110","14391850","14392156","chr15","63862817","63863113","44","49470967"
"JH378110","14499452","14499697","chr22","72356293","72356532","34","57856841"
"JH378110","14525371","14525676","chr12","101848062","101848370","40","87322691"
"JH378110","14603018","14603309","chr11","31834827","31835123","44","17231809"
"JH378110","14645205","14645438","chr11","126175108","126175340","35","111529903"
"JH378110","14892262","14892563","chr13","65577132","65577425","36","50684870"
"JH378110","14962447","14962747","chr11","108802921","108803224","44","93840474"
"JH378110","15004804","15005092","chr15","58837851","58838136","41","43833047"
"JH378110","15105265","15105461","chr11","117573457","117573649","28","102468192"
"JH378110","15447263","15447582","chr2","21278006","21278325","54","5830743"
"JH378110","15479008","15479302","chr13","6388414","6388708","31","9090594"
"JH378110","15608291","15608511","chr27","34555371","34555601","47","18947080"
"JH378110","15624394","15624523","chr1","97802296","97802426","13","82177902"
"JH378110","15643648","15643942","chr15","39385008","39385302","34","23741360"
"JH378110","15693288","15693594","chr9","56811131","56811438","40","41117843"
"JH378110","15695025","15695323","chr22","47436649","47436943","51","31741624"
"JH378110","15721862","15722182","chr11","115525233","115525542","43","99803371"
"JH378110","15769766","15770068","chr19","22892545","22892830","40","7122779"
"JH378110","15780129","15780218","chr22","82220107","82220203","12","66439978"
"JH378110","15789249","15789549","chr18","72052984","72053276","41","56263735"
"JH378110","15862923","15863224","chr20","67956614","67956912","35","52093691"
"JH378110","15868184","15868475","chr16","30637924","30638212","40","14769740"
"JH378110","15872924","15873200","chrX","29924254","29924528","35","14051330"
"JH378110","15902053","15902137","chr16","4405728","4405812","13","11496325"
"JH378110","16010524","16010838","chr13","64989908","64990202","58","48979384"
"JH378110","16038430","16038723","chr20","8544951","8545251","47","7493479"
"JH378110","16072038","16072203","chr11","32608275","32608436","29","16536237"
"JH378110","16090543","16090842","chr24","68888617","68888915","32","52798074"
"JH378110","16177858","16178144","chr12","87620481","87620757","43","71442623"
"JH378110","16219577","16219874","chr12","10064948","10065242","27","6154629"
"JH378110","16230548","16230845","chr12","10064948","10065242","28","6165600"
"JH378110","16278135","16278436","chr12","10064948","10065242","26","6213187"
"JH378110","16301628","16301857","chr16","65938492","65938715","33","49636864"
"JH378110","16311268","16311554","chr16","30637924","30638212","34","14326656"
"JH378110","16390839","16391130","chr22","18084841","18085135","39","1694002"
"JH378110","16407704","16407996","chr26","47943327","47943618","46","31535623"
"JH378110","16503905","16504197","chr8","52344592","52344885","33","35840687"
"JH378110","16528483","16528712","chr12","13499048","13499278","26","3029435"
"JH378110","16581118","16581404","chr23","71125189","71125474","33","54544071"
"JH378110","16619555","16619845","chr9","41350361","41350653","38","24730806"
"JH378110","16620200","16620497","chr20","92481976","92482271","37","75861776"
"JH378110","16635039","16635352","chr27","12149934","12150235","43","4485105"
"JH378110","16704693","16704972","chr13","23281867","23282148","33","6577174"
"JH378110","16792733","16793038","chr12","106807603","106807904","41","90014870"
"JH378110","16866000","16866303","chr22","69241913","69242221","42","52375913"
"JH378110","16918746","16919020","chr18","31146894","31147169","36","14228148"
"JH378110","17021206","17021496","chr8","8996994","8997284","40","8024212"
"JH378110","17054002","17054157","chr6","24024976","24025120","31","6970974"
"JH378110","17067550","17067855","chr7","37159294","37159601","50","20091744"
"JH378110","17111013","17111301","chr13","74442159","74442450","48","57331146"
"JH378110","17115824","17116125","chr13","15613354","15613644","40","1502470"
"JH378110","17150979","17151276","chr21","30590903","30591190","43","13439924"
"JH378110","17169348","17169650","chr1","68219231","68219530","35","51049883"
"JH378110","17183161","17183461","chr14","22799686","22799991","38","5616525"
"JH378110","17194592","17194881","chr3","28153009","28153301","44","10958417"
"JH378110","17232705","17232976","chr22","9600661","9600931","46","7632044"
"JH378110","17243299","17243580","chr16","31788140","31788419","44","14544841"
"JH378110","17248141","17248271","chr16","4500752","4500881","13","12747389"
"JH378110","17294078","17294228","chr9","59130238","59130387","16","41836160"
"JH378110","17317913","17318200","chr29","1616258","1616545","40","15701655"
"JH378110","17442574","17442661","chr16","4405728","4405812","8","13036846"
"JH378110","17497002","17497310","chr5","33074148","33074451","51","15577146"
"JH378110","17523446","17523742","chr13","65577132","65577425","31","48053686"
"JH378110","17631929","17632223","chr18","5166611","5166907","41","12465318"
"JH378110","17633841","17634147","chr3","89101024","89101330","36","71467183"
"JH378110","17681714","17682025","chr2","34891557","34891863","29","17209843"
"JH378110","17703117","17703419","chr5","36774379","36774687","40","19071262"
"JH378110","17715945","17716043","chr22","82220107","82220203","8","64504162"
"JH378110","17745463","17745754","chr14","41748186","41748475","31","24002723"
"JH378110","17881608","17881854","chr22","72356293","72356532","44","54474685"
"JH378110","17888127","17888440","chr11","114846906","114847210","45","96958779"
"JH378110","17894625","17894928","chr5","2273487","2273788","32","15621138"
"JH378110","17907336","17907624","chr10","8909912","8910203","30","8997424"
"JH378110","17943606","17943905","chr3","4399018","4399312","40","13544588"
"JH378110","18003391","18003668","chr10","110669639","110669914","43","92666248"
"JH378110","18016567","18016874","chrUn_KE147575v1","33049","33353","44","17983518"
"JH378110","18019895","18020176","chrX","49498574","49498857","37","31478679"
"JH378110","18028141","18028450","chr5","2324242","2324550","33","15703899"
"JH378110","18115246","18115548","chr18","17378098","17378399","36","737148"
"JH378110","18116944","18117046","chr1","39939684","39939788","10","21822740"
"JH378110","18148409","18148714","chr18","71480316","71480609","38","53331907"
"JH378110","18163218","18163505","chr5","42662951","42663235","34","24499733"
"JH378110","18179325","18179631","chr19","9824759","9825062","37","8354566"
"JH378110","18182090","18182398","chr11","115525233","115525542","32","97343143"
"JH378110","18214367","18214670","chr16","11247440","11247731","48","6966927"
"JH378110","18230769","18231059","chr11","42115371","42115662","33","23884602"
"JH378110","18236895","18237197","chrX","23977849","23978143","43","5740954"
"JH378110","18267952","18268256","chr3","30490520","30490820","41","12222568"
"JH378110","18309638","18309759","chrX","60368209","60368339","20","42058571"
"JH378110","18309763","18310072","chr11","115525233","115525542","28","97215470"
"JH378110","18330128","18330437","chr20","115078321","115078628","37","96748193"
"JH378110","18383347","18383653","chr6","31365170","31365478","36","12981823"
"JH378110","18392923","18393210","chr25","8795606","8795892","33","9597317"
"JH378110","18403500","18403814","chr5","57912411","57912720","35","39508911"
"JH378110","18409207","18409419","chr8","94927525","94927744","44","76518318"
"JH378110","18424877","18425183","chr4","88331964","88332268","44","69907087"
"JH378110","18465135","18465434","chr5","2273487","2273788","27","16191648"
"JH378110","18511378","18511699","chr10","89459842","89460157","39","70948464"
"JH378110","18514754","18514897","chr16","6254228","6254373","23","12260526"
"JH378110","18546591","18546903","chr5","2273487","2273788","37","16273104"
"JH378110","18558086","18558380","chr12","18922571","18922865","40","364485"
"JH378110","18571630","18571914","chr1","107130951","107131245","53","88559321"
"JH378110","18580256","18580531","chr5","34103098","34103364","34","15522842"
"JH378110","18584764","18585053","chr8","44270945","44271229","34","25686181"
"JH378110","18647609","18647914","chr16","34548874","34549171","42","15901265"
"JH378110","18675507","18675765","chr10","112517178","112517443","44","93841671"
"JH378110","18699684","18699987","chr5","2273487","2273788","28","16426197"
"JH378110","18714690","18714990","chr14","83371933","83372231","30","64657243"
"JH378110","18715319","18715610","chr2","5168180","5168471","31","13547139"
"JH378110","18731251","18731561","chr2","34891557","34891863","37","16160306"
"JH378110","18782234","18782546","chr20","103527592","103527902","39","84745358"
"JH378110","18803092","18803274","chr4","41419660","41419841","25","22616568"
"JH378110","18835714","18836031","chr18","34769557","34769861","48","15933843"
"JH378110","18950632","18950912","chr3","74383891","74384174","38","55433259"
"JH378110","18965187","18965496","chr1","65504304","65504612","34","46539117"
"JH378110","19060522","19060777","chr3","81094285","81094529","43","62033763"
"JH378110","19289561","19289819","chr4","52736916","52737178","39","33447355"
"JH378110","19335485","19335744","chr4","41709370","41709628","55","22373885"
"JH378110","19369008","19369314","chr7","114427012","114427315","38","95058004"
"JH378110","19375818","19376094","chr23","5517272","5517549","32","13858546"
"JH378110","19378450","19378754","chr26","24278477","24278782","49","4900027"
"JH378110","19424550","19424861","chr22","18232920","18233227","35","1191630"
"JH378110","19438684","19438969","chr9","94521914","94522196","31","75083230"
"JH378110","19449268","19449573","chr23","80808335","80808640","35","61359067"
"JH378110","19571040","19571302","chr15","3975852","3976110","40","15595188"
"JH378110","19628684","19628991","chr22","18234123","18234429","44","1394561"
"JH378110","19637285","19637555","chr5","70435792","70436070","45","50798507"
"JH378110","19681799","19682098","chr15","86758708","86759003","38","67076909"
"JH378110","19697196","19697493","chrX","23977849","23978143","38","4280653"
"JH378110","19711083","19711391","chr15","91197825","91198133","29","71486742"
"JH378110","19747207","19747518","chr11","84795218","84795524","48","65048011"
"JH378110","19753539","19753846","chr20","18816134","18816443","40","937405"
"JH378110","19775382","19775665","chr14","37138980","37139278","46","17363598"
"JH378110","19796983","19797273","chr1","103415790","103416081","40","83618807"
"JH378110","19801923","19802217","chr9","12091044","12091343","39","7710879"
"JH378110","19811991","19812065","chr13","63031813","63031889","6","43219822"
"JH378110","19826301","19826582","chr8","75195748","75196034","43","55369447"
"JH378110","19846014","19846118","chr1","39939684","39939788","10","20093670"
"JH378110","19847024","19847212","chrX","91096314","91096505","33","71249290"
"JH378110","19980018","19980318","chr12","10064948","10065242","32","9915070"
"JH378110","20026507","20026804","chr24","40856144","40856446","33","20829637"
"JH378110","20081465","20081767","chr15","30834435","30834736","48","10752970"
"JH378110","20084373","20084669","chr8","19896234","19896527","40","188139"
"JH378110","20087382","20087668","chr10","8909912","8910203","42","11177470"
"JH378110","20114983","20115279","chr11","53220620","53220917","40","33105637"
"JH378110","20148249","20148540","chr10","118597337","118597632","38","98449088"
"JH378110","20171849","20172147","chr8","61573708","61574011","50","41401859"
"JH378110","20189127","20189429","chr20","89561089","89561394","41","69371962"
"JH378110","20229172","20229452","chr6","9228253","9228531","45","11000919"
"JH378110","20265995","20266287","chr14","80284365","80284655","34","60018370"
"JH378110","20270141","20270433","chr20","104630107","104630400","36","84359966"
"JH378110","20286121","20286268","chr16","70302991","70303139","15","50016870"
"JH378110","20325380","20325683","chr5","2273487","2273788","28","18051893"
"JH378110","20361187","20361482","chr2","38038096","38038389","48","17676909"
"JH378110","20361821","20362129","chr11","4229918","4230223","45","16131903"
"JH378110","20412168","20412456","chr5","32550374","32550665","39","12138206"
"JH378110","20415382","20415707","chr26","31618552","31618873","60","11203170"
"JH378110","20432331","20432645","chr11","106816675","106816977","32","86384344"
"JH378110","20463109","20463410","chr16","34474642","34474941","33","14011533"
"JH378110","20467738","20468044","chr24","28860583","28860885","40","8392845"
"JH378110","20487075","20487369","chr12","10064948","10065242","28","10422127"
"JH378110","20590837","20591137","chr5","2273487","2273788","34","18317350"
"JH378110","20657154","20657455","chr14","41748186","41748475","33","21091032"
"JH378110","20747806","20747913","chr1","62097932","62098038","10","41350126"
"JH378110","20758273","20758495","chr2","9968196","9968421","46","10790077"
"JH378110","20812210","20812516","chr25","55441921","55442218","38","34629711"
"JH378110","20858892","20859181","chr7","14621204","14621498","41","6237688"
"JH378110","20917075","20917371","chr1","69274418","69274712","38","48357343"
"JH378110","20988816","20989121","chr26","19153190","19153484","39","1835626"
"JH378110","20990515","20990822","chr6","15953108","15953417","43","5037407"
"JH378110","21023182","21023486","chr9","15987970","15988276","41","5035212"
"JH378110","21101871","21102180","chr1","65504304","65504612","33","44402433"
"JH378110","21149818","21150162","chr1","93334125","93334462","52","72184307"
"JH378110","21153187","21153483","chr22","8920180","8920477","39","12233007"
"JH378110","21228974","21229242","chr2","44912969","44913240","39","23683995"
"JH378110","21383111","21383402","chr24","41171875","41172170","42","19788764"
"JH378110","21459925","21460224","chr1","18554019","18554319","37","2905906"
"JH378110","21478916","21479204","chr12","98056887","98057178","45","76577971"
"JH378110","21525924","21526222","chr8","18530878","18531178","39","2995046"
"JH378110","21578020","21578279","chr29","18787442","18787699","45","2790578"
"JH378110","21717688","21717993","chr2","34891557","34891863","41","13173869"
"JH378110","21725472","21725727","chr8","16250981","16251236","47","5474491"
"JH378110","21787867","21788163","chr12","10064948","10065242","36","11722919"
"JH378110","21806254","21806356","chr1","39939684","39939788","8","18133430"
"JH378110","21854775","21854878","chrX","2017984","2018087","10","19836791"
"JH378110","21866136","21866468","chr9","113317909","113318231","52","91451773"
"JH378110","21885541","21885803","chr24","67332324","67332577","37","45446783"
"JH378110","21909792","21909890","chr22","82220107","82220203","7","60310315"
"JH378110","21930444","21930551","chr17","40217264","40217370","10","18286820"
"JH378110","21935229","21935546","chr22","16005168","16005472","46","5930061"
"JH378110","21936656","21936949","chr12","10064948","10065242","29","11871708"
"JH378110","21941294","21941582","chr20","104630107","104630400","39","82688813"
"JH378110","21948438","21948734","chr12","60432247","60432540","36","38483809"
"JH378110","21950036","21950351","chrX","28194989","28195297","41","6244953"
"JH378110","21955389","21955667","chrX","95460911","95461200","40","73505522"
"JH378110","22077268","22077506","chr21","71246060","71246287","38","49168792"
"JH378110","22085132","22085261","chr3","91348390","91348521","9","69263258"
"JH378110","22099315","22099446","chr19","8077296","8077434","20","14022019"
"JH378110","22107611","22107707","chr22","82220107","82220203","6","60112496"
"JH378110","22119628","22119926","chr26","33226493","33226795","34","11106865"
"JH378110","22122641","22122942","chr15","3702894","3703194","34","18419747"
"JH378110","22125380","22125637","chr9","96390861","96391117","28","74265481"
"JH378110","22137571","22137714","chr5","1767922","1768061","33","20369649"
"JH378110","22138666","22138731","chrUn_AQIB01157951v1","804","866","13","22137862"
"JH378110","22170068","22170162","chr22","82220107","82220203","8","60050039"
"JH378110","22171767","22172074","chr12","10064948","10065242","31","12106819"
"JH378110","22176090","22176390","chr8","95885898","95886192","43","73709808"
"JH378110","22183543","22183841","chr2","35931939","35932239","37","13748396"
"JH378110","22220315","22220428","chr8","26997994","26998102","17","4777679"
"JH378110","22221281","22221404","chr15","90834689","90834810","9","68613408"
"JH378110","22236131","22236439","chr2","34891557","34891863","35","12655426"
"JH378110","22249874","22249967","chr22","82220107","82220203","12","59970233"
"JH378110","22250752","22250968","chr25","73647297","73647508","23","51396545"
"JH378110","22282745","22283043","chr12","10064948","10065242","25","12217797"
"JH378110","22283048","22283361","chr8","1760359","1760667","39","20522689"
"JH378110","22284810","22285110","chr16","25791548","25791851","40","3506738"
"JH378110","22286035","22286101","chr1","104514801","104514865","10","82228766"
"JH378110","22286599","22286759","chr6","12418421","12418593","29","9868178"
"JH378110","22301797","22302064","chr16","68347000","68347257","39","46045203"
"JH378110","22318976","22319219","chr13","68161433","68161684","45","45842457"
"JH378110","22357824","22358038","chr22","52509076","52509295","35","30151252"
"JH378110","22390853","22390947","chr22","82220107","82220203","6","59829254"
"JH378110","22410489","22410765","chr19","19502742","19503020","28","2907747"
"JH378110","22427648","22427953","chr11","120207458","120207761","34","97779810"
"JH378110","22451239","22451540","chr24","51004467","51004765","39","28553228"
"JH378110","22466818","22467137","chr20","99538718","99539034","40","77071900"
"JH378110","22476195","22476490","chr12","10064948","10065242","33","12411247"
"JH378110","22483113","22483420","chr27","24614858","24615165","37","2131745"
"JH378110","22497002","22497256","chr23","27842421","27842672","31","5345419"
"JH378110","22500610","22500809","chr11","96721458","96721661","25","74220848"
"JH378110","22503360","22503669","chr27","8771956","8772256","49","13731404"
"JH378110","22523002","22523301","chr17","33923310","33923610","44","11400308"
"JH378110","22529378","22529675","chrX","18278407","18278706","41","4250971"
"JH378110","22530984","22531276","chr11","105213946","105214237","34","82682962"
"JH378110","22558032","22558311","chr2","36833892","36834171","34","14275860"
"JH378110","22571128","22571426","chrX","29093856","29094150","37","6522728"
"JH378110","22605333","22605630","chr20","41122725","41123014","40","18517392"
"JH378110","22610010","22610304","chr21","25123896","25124189","35","2513886"
"JH378110","22630125","22630419","chr20","18848288","18848574","35","3781837"
"JH378110","22638300","22638389","chr3","65349691","65349782","11","42711391"
"JH378110","22653569","22653880","chr17","58080479","58080781","51","35426910"
"JH378110","22668429","22668644","chr16","40442198","40442397","32","17773769"
"JH378110","22684916","22685196","chr16","10517520","10517802","42","12167396"
"JH378110","22703288","22703578","chr16","25791548","25791851","41","3088260"
"JH378110","22707816","22708116","chr21","36464675","36464969","34","13756859"
"JH378110","22719798","22720060","chr21","56602482","56602744","36","33882684"
"JH378110","22722391","22722687","chr4","16735950","16736241","35","5986441"
"JH378110","22742566","22742850","chr25","61615818","61616106","43","38873252"
"JH378110","22743053","22743181","chr16","4500752","4500881","17","18242301"
"JH378110","22745966","22746257","chr8","38640628","38640921","37","15894662"
"JH378110","22756279","22756554","chr25","83039629","83039900","57","60283350"
"JH378110","22756834","22757128","chr7","69565483","69565774","45","46808649"
"JH378110","22762046","22762325","chr15","48936475","48936753","33","26174429"
"JH378110","22763304","22763607","chrX","468680","468977","39","22294624"
"JH378110","22766905","22767219","chr3","10937420","10937729","36","11829485"
"JH378110","22786938","22787031","chr22","82220107","82220203","13","59433169"
"JH378110","22800673","22800957","chr16","63652876","63653158","34","40852203"
"JH378110","22847871","22848194","chr22","34065717","34066029","68","11217846"
"JH378110","23012509","23012795","chr14","79952339","79952627","34","56939830"
"JH378110","23024973","23025251","chr7","133549380","133549654","39","110524407"
"JH378110","23142482","23142531","chr1","86029534","86029578","7","62887052"
"JH378110","23156209","23156509","chr9","15425870","15426174","36","7730339"
"JH378110","23164461","23164724","chr23","36968203","36968460","53","13803742"
"JH378110","23165824","23166131","chr20","109484203","109484510","37","86318379"
"JH378110","23177961","23178260","chr12","10064948","10065242","37","13113013"
"JH378110","23182350","23182600","chr12","6401463","6401710","32","16780887"
"JH378110","23184976","23185209","chrX","112046945","112047179","33","88861969"
"JH378110","23200799","23200895","chr22","82220107","82220203","7","59019308"
"JH378110","23250618","23250914","chr17","41731096","41731387","39","18480478"
"JH378110","23265566","23265800","chr20","20049923","20050167","34","3215643"
"JH378110","23317393","23317696","chr12","10064948","10065242","33","13252445"
"JH378110","23341200","23341322","chr15","90834689","90834810","10","67493489"
"JH378110","23354886","23355219","chr20","119195719","119196046","49","95840833"
"JH378110","23450747","23451046","chr9","116427602","116427896","50","92976855"
"JH378110","23518012","23518313","chr2","20242750","20243052","41","3275262"
"JH378110","23526639","23526942","chr10","16495371","16495677","40","7031268"
"JH378110","23606754","23607095","chr16","52975249","52975580","60","29368495"
"JH378110","23619587","23619886","chr12","10064948","10065242","28","13554639"
"JH378110","23628505","23628794","chr29","1616258","1616545","41","22012247"
"JH378110","23638709","23638847","chr11","95753406","95753542","12","72114697"
"JH378110","23693460","23693728","chr10","103785854","103786121","53","80092394"
"JH378110","23714672","23714971","chr6","39327037","39327335","44","15612365"
"JH378110","23736311","23736608","chr14","44038439","44038738","29","20302128"
"JH378110","23790443","23790757","chr18","31501692","31501998","47","7711249"
"JH378110","23792890","23793205","chr24","68895333","68895641","41","45102443"
"JH378110","23871380","23871660","chr26","50395265","50395544","44","26523885"
"JH378110","23971025","23971290","chrX","13548339","13548610","46","10422686"
"JH378110","24087663","24087956","chr13","65577132","65577425","34","41489469"
"JH378110","24130915","24131199","chr20","97353520","97353811","43","73222605"
"JH378110","24178747","24178848","chrX","2017984","2018087","10","22160763"
"JH378110","24202494","24202589","chr22","82220107","82220203","9","58017613"
"JH378110","24245705","24245995","chr11","109925394","109925674","43","85679689"
"JH378110","24311180","24311493","chr12","38929699","38930002","39","14618519"
"JH378110","24341860","24342152","chr22","17233759","17234048","40","7108101"
"JH378110","24352716","24353023","chr9","95969759","95970062","35","71617043"
"JH378110","24404390","24404701","chr5","2273487","2273788","39","22130903"
"JH378110","24532722","24532980","chr1","83625954","83626213","44","59093232"
"JH378110","24572920","24573014","chr22","82220107","82220203","8","57647187"
"JH378110","24586740","24587024","chr4","85449450","85449734","49","60862710"
"JH378110","24639400","24639477","chr10","95538249","95538325","10","70898849"
"JH378110","24721149","24721436","chr9","111737688","111737961","47","87016539"
"JH378110","24884686","24884972","chr20","75127208","75127485","49","50242522"
"JH378110","24917249","24917532","chr16","18091158","18091443","42","6826091"
"JH378110","25055751","25056027","chr8","47469435","47469719","62","22413684"
"JH378110","25078998","25079299","chr11","84795218","84795524","38","59716220"
"JH378110","25131857","25132146","chr29","10722547","10722839","36","14409310"
"JH378110","25138155","25138453","chr12","10064948","10065242","22","15073207"
"JH378110","25214593","25214892","chr24","1147887","1148184","37","24066706"
"JH378110","25350129","25350366","chr11","31855723","31855965","45","6505594"
"JH378110","25368598","25368719","chr15","90834689","90834810","13","65466091"
"JH378110","25372243","25372339","chr22","82220107","82220203","5","56847864"
"JH378110","25414467","25414781","chr10","89459842","89460157","47","64045375"
"JH378110","25420965","25421250","chr3","3973222","3973508","40","21447743"
"JH378110","25448780","25449076","chr20","92866717","92867016","35","67417937"
"JH378110","25450268","25450576","chr4","88331964","88332268","37","62881696"
"JH378110","25462570","25462776","chr6","2372111","2372337","44","23090459"
"JH378110","25463457","25463740","chr12","96013629","96013909","40","70550172"
"JH378110","25490736","25491037","chr18","71629517","71629808","35","46138781"
"JH378110","25500090","25500393","chr4","16808054","16808360","38","8692036"
"JH378110","25503961","25504203","chr13","28367835","28368071","52","2863874"
"JH378110","25521487","25521774","chr10","81088081","81088364","42","55566594"
"JH378110","25523877","25524171","chr1","103415790","103416081","35","77891913"
"JH378110","25530594","25530739","chr17","47733511","47733658","18","22202917"
"JH378110","25538141","25538436","chr10","82423074","82423377","46","56884933"
"JH378110","25550992","25551322","chr15","76857404","76857733","49","51306412"
"JH378110","25565289","25565463","chr10","66316936","66317106","23","40751647"
"JH378110","25596215","25596511","chr19","22892545","22892830","39","2703670"
"JH378110","25603526","25603826","chr1","10803268","10803561","35","14800258"
"JH378110","25625875","25626188","chr16","33931179","33931485","42","8305304"
"JH378110","25632520","25632815","chr4","41297981","41298275","55","15665461"
"JH378110","25633351","25633660","chr8","68070857","68071156","44","42437506"
"JH378110","25648226","25648321","chr22","82220107","82220203","7","56571881"
"JH378110","25724379","25724455","chr13","63031813","63031889","9","37307434"
"JH378110","25732775","25733058","chr20","22602515","22602803","39","3130260"
"JH378110","25750276","25750569","chr22","51404529","51404822","45","25654253"
"JH378110","25752137","25752327","chr5","15053410","15053591","29","10698727"
"JH378110","25788345","25788666","chr9","84479248","84479554","54","58690903"
"JH378110","25806998","25807298","chr5","2273487","2273788","32","23533511"
"JH378110","25831569","25831898","chr10","89459842","89460157","42","63628273"
"JH378110","25847215","25847525","chr9","92563314","92563617","37","66716099"
"JH378110","25862081","25862394","chr17","64670150","64670452","36","38808069"
"JH378110","25920634","25920936","chr20","103824795","103825094","32","77904161"
"JH378110","25926732","25926997","chr2","84221689","84221944","43","58294957"
"JH378110","25927629","25927933","chr11","99073611","99073919","36","73145982"
"JH378110","25939051","25939331","chr21","102480056","102480324","38","76541005"
"JH378110","25989133","25989435","chr11","58110010","58110310","42","32120877"
"JH378110","26002362","26002484","chr15","90834689","90834810","12","64832327"
"JH378110","26102847","26102988","chr12","41717459","41717600","25","15614612"
"JH378110","26104791","26105065","chr8","94942905","94943180","42","68838114"
"JH378110","26106437","26106724","chr10","90402340","90402635","47","64295903"
"JH378110","26148714","26149019","chr14","75577127","75577428","44","49428413"
"JH378110","26247993","26248223","chr10","88002660","88002883","62","61754667"
"JH378110","26278537","26278820","chr20","47540691","47540961","53","21262154"
"JH378110","26288904","26289207","chr29","8289755","8290055","36","17999149"
"JH378110","26306697","26306997","chr12","10064948","10065242","26","16241749"
"JH378110","26443081","26443384","chr5","2273487","2273788","29","24169594"
"JH378110","26469905","26470207","chr1","68219231","68219530","43","41749326"
"JH378110","26505232","26505515","chr12","13083707","13083986","39","13421525"
"JH378110","26569094","26569411","chr6","16598509","16598818","44","9970585"
"JH378110","26587963","26588239","chr22","37637582","37637856","38","11049619"
"JH378110","26741701","26741917","chr9","28573966","28574178","41","1832265"
"JH378110","26777571","26777872","chr12","60432247","60432540","37","33654676"
"JH378110","26827339","26827663","chr8","26352201","26352513","53","475138"
"JH378110","26860535","26860839","chr16","14358940","14359244","44","12501595"
"JH378110","26886821","26887137","chrX","7571937","7572250","40","19314884"
"JH378110","26893526","26893800","chr16","25914638","25914900","39","978888"
"JH378110","26932076","26932161","chr16","4405728","4405812","8","22526348"
"JH378110","26939369","26939667","chr12","10064948","10065242","28","16874421"
"JH378110","26948230","26948536","chr12","10064948","10065242","28","16883282"
"JH378110","26965916","26966216","chr12","10064948","10065242","28","16900968"
"JH378110","27096089","27096377","chr7","31800018","31800305","40","4703929"
"JH378110","27183347","27183645","chr12","10064948","10065242","30","17118399"
"JH378110","27238413","27238618","chr7","34990366","34990570","35","7751953"
"JH378110","27309053","27309268","chr4","48163994","48164203","41","20854941"
"JH378110","27341752","27342061","chr16","2999161","2999470","37","24342591"
"JH378110","27343029","27343318","chr21","32338307","32338599","36","4995278"
"JH378110","27360519","27360810","chrX","23977849","23978143","42","3382670"
"JH378110","27373964","27374272","chr18","3292161","3292459","35","24081803"
"JH378110","27414995","27415288","chr9","56054568","56054867","42","28639573"
"JH378110","27475979","27476288","chr14","79729598","79729899","40","52253619"
"JH378110","27620238","27620327","chr3","65349691","65349782","13","37729453"
"JH378110","27679235","27679554","chr7","13881902","13882206","39","13797333"
"JH378110","27699355","27699637","chr9","86179627","86179895","39","58480272"
"JH378110","27895337","27895616","chr16","26067530","26067803","39","1827807"
"JH378110","27901296","27901598","chr14","83371933","83372231","39","55470637"
"JH378110","28045844","28046106","chr11","19771878","19772142","45","8273966"
"JH378110","28052362","28052673","chrX","49418051","49418357","36","21365689"
"JH378110","28085181","28085472","chr3","78426010","78426296","38","50340829"
"JH378110","28093749","28094069","chr1","29348293","29348592","65","1254544"
"JH378110","28096057","28096136","chr16","3308866","3308945","8","24787191"
"JH378110","28109612","28109680","chr17","40314853","40314924","9","12205241"
"JH378110","28111016","28111272","chr9","96390861","96391117","32","68279845"
"JH378110","28114264","28114540","chr12","95930384","95930680","54","67816120"
"JH378110","28119146","28119235","chr19","7758593","7758681","10","20360553"
"JH378110","28125588","28125887","chr15","12031507","12031804","36","16094081"
"JH378110","28138857","28139141","chr5","26494257","26494539","33","1644600"
"JH378110","28155074","28155367","chr3","3973222","3973508","39","24181852"
"JH378110","28165516","28165630","chr20","115102100","115102215","13","86936584"
"JH378110","28173089","28173183","chr22","82220107","82220203","10","54047018"
"JH378110","28181559","28181861","chr12","10064948","10065242","26","18116611"
"JH378110","28187937","28188234","chr7","115033901","115034201","34","86845964"
"JH378110","28202093","28202396","chr10","2350876","2351174","33","25851217"
"JH378110","28214621","28214931","chr2","34891557","34891863","35","6676936"
"JH378110","28229387","28229684","chr29","10722547","10722839","41","17506840"
"JH378110","28246323","28246622","chr12","10064948","10065242","36","18181375"
"JH378110","28251997","28252297","chr29","12355751","12356042","42","15896246"
"JH378110","28265264","28265425","chr21","109527100","109527269","25","81261836"
"JH378110","28270252","28270546","chr10","62769074","62769367","46","34498822"
"JH378110","28277814","28277891","chr13","63031813","63031889","8","34753999"
"JH378110","28279565","28279685","chr15","90834689","90834810","10","62555124"
"JH378110","28296116","28296208","chr22","82220107","82220203","10","53923991"
"JH378110","28311072","28311162","chr3","65349691","65349782","10","37038619"
"JH378110","28317216","28317513","chr12","10064948","10065242","27","18252268"
"JH378110","28358650","28358730","chr16","3308866","3308945","8","25049784"
"JH378110","28379632","28379928","chr12","10064948","10065242","30","18314684"
"JH378110","28380228","28380506","chr7","122286890","122287183","38","93906662"
"JH378110","28382661","28382741","chr5","67880800","67880883","9","39498139"
"JH378110","28383376","28383492","chr4","60395666","60395783","12","32012290"
"JH378110","28386216","28386421","chr17","58619356","58619558","23","30233140"
"JH378110","28402329","28402636","chr5","2273487","2273788","30","26128842"
"JH378110","28403067","28403387","chr1","2872653","2872961","42","25530414"
"JH378110","28409870","28410181","chr9","15987970","15988276","34","12421900"
"JH378110","28415208","28415503","chr12","10064948","10065242","22","18350260"
"JH378110","28433951","28434034","chr5","67880800","67880883","8","39446849"
"JH378110","28448560","28448878","chr1","65504304","65504612","37","37055744"
"JH378110","28455999","28456309","chr1","65504304","65504612","32","37048305"
"JH378110","28495546","28495848","chr5","2273487","2273788","34","26222059"
"JH378110","28497758","28498070","chr20","94983084","94983392","49","66485326"
"JH378110","28500849","28501118","chr12","87620481","87620757","43","59119632"
"JH378110","28522992","28523301","chr28","4550302","4550608","42","23972690"
"JH378110","28532938","28533083","chr11","51685544","51685686","17","23152606"
"JH378110","28534449","28534734","chr19","27346836","27347117","48","1187613"
"JH378110","28539243","28539471","chr20","92882451","92882681","29","64343208"
"JH378110","28554703","28555004","chr12","10064948","10065242","29","18489755"
"JH378110","28556587","28556895","chr5","2273487","2273788","43","26283100"
"JH378110","28564963","28565049","chr12","7441397","7441481","9","21123566"
"JH378110","28606908","28607197","chr21","26939851","26940136","38","1667057"
"JH378110","28608050","28608331","chr4","62404432","62404702","40","33796382"
"JH378110","28623302","28623522","chr13","7317370","7317589","30","21305932"
"JH378110","28635249","28635560","chr2","20242750","20243052","42","8392499"
"JH378110","28648511","28648601","chr3","65349691","65349782","10","36701180"
"JH378110","28664456","28664753","chr12","10064948","10065242","30","18599508"
"JH378110","28667484","28667794","chr5","2273487","2273788","37","26393997"
"JH378110","28676107","28676397","chr7","97868515","97868805","38","69192408"
"JH378110","28676582","28676881","chr12","10064948","10065242","24","18611634"
"JH378110","28679349","28679643","chr16","54214553","54214848","41","25535204"
"JH378110","28696244","28696328","chr16","4405728","4405812","6","24290516"
"JH378110","28701960","28702261","chr29","8289755","8290055","29","20412205"
"JH378110","28848594","28848905","chr5","36774379","36774687","31","7925785"
"JH378110","28885175","28885429","chr16","70763617","70763882","44","41878442"
"JH378110","29022962","29023271","chr1","65504304","65504612","34","36481342"
"JH378110","29027601","29027722","chr11","74863209","74863330","13","45835608"
"JH378110","29040264","29040391","chr1","110380135","110380266","14","81339871"
"JH378110","29056549","29056847","chr12","10064948","10065242","31","18991601"
"JH378110","29077892","29078188","chr23","44818219","44818516","50","15740327"
"JH378110","29081484","29081566","chr5","67880800","67880883","8","38799316"
"JH378110","29114071","29114301","chr1","94137343","94137564","39","65023272"
"JH378110","29119889","29120202","chr1","65504304","65504612","43","36384415"
"JH378110","29121701","29121993","chr21","74368618","74368909","36","45246917"
"JH378110","29150978","29151249","chr9","86179627","86179895","34","57028649"
"JH378110","29164733","29164841","chrX","25194654","25194764","14","3970079"
"JH378110","29165253","29165561","chr22","3142838","3143140","38","26022415"
"JH378110","29182810","29183091","chr2","54795759","54796045","54","25612949"
"JH378110","29184186","29184426","chr24","66946035","66946274","29","37761849"
"JH378110","29184927","29185232","chr3","63768734","63769038","48","34583807"
"JH378110","29188509","29188813","chr1","68219231","68219530","42","39030722"
"JH378110","29202364","29202464","chr22","82220107","82220203","20","53017743"
"JH378110","29203839","29203921","chr19","23494523","23494608","15","5709316"
"JH378110","29207431","29207686","chr10","118182665","118182918","40","88975234"
"JH378110","29220199","29220416","chr28","1883537","1883753","30","27336662"
"JH378110","29225866","29226142","chr20","93651432","93651707","43","64425566"
"JH378110","29237115","29237244","chr20","67637645","67637774","15","38400530"
"JH378110","29258578","29258733","chr9","54589494","54589649","30","25330916"
"JH378110","29267930","29268157","chr6","2372111","2372337","28","26895819"
"JH378110","29269357","29269530","chr14","93045548","93045716","29","63776191"
"JH378110","29271818","29272111","chr10","43260034","43260322","35","13988216"
"JH378110","29282669","29282922","chr20","105784326","105784576","40","76501657"
"JH378110","29286596","29286877","chr21","50410494","50410784","53","21123898"
"JH378110","29289877","29290186","chrX","49418051","49418357","32","20128174"
"JH378110","29291552","29291833","chr16","69554950","69555239","43","40263398"
"JH378110","29292306","29292593","chrX","23977849","23978143","40","5314457"
"JH378110","29296322","29296395","chr5","1831151","1831223","9","27465171"
"JH378110","29310707","29311012","chrX","125302543","125302844","33","95991836"
"JH378110","29318280","29318526","chr8","47343690","47343945","38","18025410"
"JH378110","29323206","29323496","chr20","41083983","41084274","44","11760777"
"JH378110","29325591","29325890","chr3","59293484","59293789","52","29967893"
"JH378110","29334030","29334323","chr9","90943231","90943523","30","61609201"
"JH378110","29336913","29337209","chr2","35969900","35970194","38","6632987"
"JH378110","29343144","29343435","chr20","121618255","121618545","33","92275111"
"JH378110","29344821","29345130","chr22","34065717","34066029","52","4720896"
"JH378110","29353736","29353853","chr15","53595698","53595816","13","24241962"
"JH378110","29361476","29361786","chr23","44247755","44248062","39","14886279"
"JH378110","29365915","29366005","chr3","65349691","65349782","11","35983776"
"JH378110","29367150","29367460","chr9","103899907","103900209","35","74532757"
"JH378110","29377905","29378203","chr29","12355751","12356042","46","17022154"
"JH378110","29388346","29388653","chr14","29139539","29139843","37","248807"
"JH378110","29391117","29391428","chr3","59410224","59410528","43","30019107"
"JH378110","29393914","29394021","chr6","1067449","1067558","11","28326465"
"JH378110","29394152","29394454","chr5","2273487","2273788","33","27120665"
"JH378110","29400201","29400505","chr18","31501692","31501998","31","2101491"
"JH378110","29413486","29413795","chr2","34891557","34891863","28","5478071"
"JH378110","29448669","29448947","chrX","49809048","49809324","40","20360379"
"JH378110","29454648","29454750","chrX","2017984","2018087","10","27436664"
"JH378110","29465684","29465981","chr12","10064948","10065242","22","19400736"
"JH378110","29479630","29479883","chr12","6401463","6401710","41","23078167"
"JH378110","29486570","29486872","chr2","51514899","51515202","37","22028329"
"JH378110","29508427","29508726","chr12","10064948","10065242","30","19443479"
"JH378110","29529148","29529445","chrX","23977849","23978143","41","5551299"
"JH378110","29548390","29548697","chr5","2273487","2273788","32","27274903"
"JH378110","29556865","29557165","chr12","10064948","10065242","32","19491917"
"JH378110","29559451","29559695","chrX","19806502","19806744","37","9752949"
"JH378110","29592274","29592552","chr6","35943573","35943854","47","6351299"
"JH378110","29616279","29616564","chr4","47192618","47192904","34","17576339"
"JH378110","29621347","29621654","chr23","41434219","41434517","36","11812872"
"JH378110","29637467","29637773","chr16","2877815","2878124","44","26759652"
"JH378110","29640498","29640627","chr3","91348390","91348521","14","61707892"
"JH378110","29643433","29643727","chr12","10064948","10065242","32","19578485"
"JH378110","29647813","29647920","chr1","62097932","62098038","11","32450119"
"JH378110","29673219","29673526","chr6","50396221","50396522","33","20723002"
"JH378110","29685288","29685582","chr12","10064948","10065242","23","19620340"
"JH378110","29693237","29693537","chr14","83371933","83372231","37","53678696"
"JH378110","29708364","29708642","chr3","82509225","82509507","42","52800861"
"JH378110","29709816","29709893","chr13","63031813","63031889","7","33321997"
"JH378110","29720640","29720945","chr26","6059541","6059849","51","23661099"
"JH378110","29722431","29722686","chr20","70905825","70906081","40","41183394"
"JH378110","29736093","29736387","chr1","103542998","103543287","39","73806905"
"JH378110","29752473","29752799","chr20","121618255","121618545","70","91865782"
"JH378110","29773670","29773974","chr7","37159294","37159601","43","7385624"
"JH378110","29783678","29783986","chr2","74744689","74744996","37","44961011"
"JH378110","29796248","29796337","chr3","65349691","65349782","12","35553443"
"JH378110","29801217","29801324","chr6","1067449","1067558","13","28733768"
"JH378110","29804673","29804757","chr16","4405728","4405812","8","25398945"
"JH378110","29809636","29809733","chr22","82220107","82220203","9","52410471"
"JH378110","29817115","29817191","chr13","63031813","63031889","5","33214698"
"JH378110","29828187","29828277","chr19","7758593","7758681","11","22069594"
"JH378110","29831865","29832168","chr11","12843454","12843759","42","16988411"
"JH378110","29832314","29832435","chr8","54516250","54516374","26","24683936"
"JH378110","29832798","29832920","chr1","97802296","97802426","20","67969498"
"JH378110","29860212","29860341","chr6","50606227","50606356","13","20746015"
"JH378110","29875920","29876212","chr8","21494594","21494885","30","8381326"
"JH378110","29929253","29929442","chr8","39777061","39777253","41","9847808"
"JH378110","29930895","29931206","chr6","15953108","15953417","32","13977787"
"JH378110","29934069","29934375","chr1","65504304","65504612","34","35570235"
"JH378110","29964575","29964886","chrX","2052395","2052700","51","27912180"
"JH378110","29971636","29971726","chr3","65349691","65349782","13","35378055"
"JH378110","29976742","29977033","chr21","25123896","25124189","35","4852846"
"JH378110","30023843","30024136","chr20","80826383","80826678","37","50802540"
"JH378110","30078031","30078107","chr1","22078573","22078650","8","7999458"
"JH378110","30082837","30082911","chr13","63031813","63031889","6","32948976"
"JH378110","30087426","30087733","chr16","36406475","36406775","35","6319049"
"JH378110","30101064","30101373","chrX","61294682","61294983","42","31193618"
"JH378110","30102344","30102608","chr27","1254903","1255173","72","28847441"
"JH378110","30150753","30150847","chr22","82220107","82220203","7","52069354"
"JH378110","30155150","30155390","chr22","83737648","83737885","49","53582498"
"JH378110","30164957","30165246","chrX","95460911","95461200","32","65295954"
"JH378110","30168746","30169052","chr26","9300679","9300984","36","20868067"
"JH378110","30184002","30184075","chr13","63031813","63031889","7","32847811"
"JH378110","30198762","30199071","chr1","65504304","65504612","32","35305542"
"JH378110","30215786","30216094","chr1","65504304","65504612","33","35288518"
"JH378110","30247070","30247381","chr17","35258575","35258878","41","5011505"
"JH378110","30260362","30260659","chr15","86758708","86759003","33","56498346"
"JH378110","30287225","30287512","chr8","17913918","17914205","42","12373307"
"JH378110","30326704","30326926","chr10","39070013","39070233","30","8743309"
"JH378110","30340853","30340938","chr16","4405728","4405812","8","25935125"
"JH378110","30341041","30341171","chr3","91348390","91348521","10","61007349"
"JH378110","30354795","30354847","chr7","134069414","134069465","5","103714619"
"JH378110","30363403","30363687","chr10","127495198","127495486","36","97131795"
"JH378110","30384422","30384532","chr9","113030266","113030377","14","82645844"
"JH378110","30395793","30396093","chr11","117268211","117268509","39","86872418"
"JH378110","30396588","30396798","chr14","66404707","66404912","37","36008119"
"JH378110","30397435","30397525","chr3","65349691","65349782","11","34952256"
"JH378110","30399520","30399598","chr13","63031813","63031889","8","32632293"
"JH378110","30402236","30402365","chr3","91348390","91348521","12","60946154"
"JH378110","30458516","30458619","chrX","2017984","2018087","10","28440532"
"JH378110","30461733","30462039","chr6","15953108","15953417","38","14508625"
"JH378110","30470360","30470629","chrX","26356044","26356314","55","4114316"
"JH378110","30473148","30473276","chr11","106843296","106843425","12","76370148"
"JH378110","30474065","30474359","chr8","36061210","36061506","48","5587145"
"JH378110","30496916","30497065","chr9","59130238","59130387","13","28633322"
"JH378110","30528282","30528516","chr25","83059316","83059553","31","52531034"
"JH378110","30545113","30545192","chr16","3308866","3308945","10","27236247"
"JH378110","30568509","30568817","chr27","22888845","22889148","39","7679664"
"JH378110","30580973","30581269","chr12","10064948","10065242","29","20516025"
"JH378110","30589213","30589319","chr6","5216779","5216886","9","25372434"
"JH378110","30591725","30592015","chr3","3973222","3973508","39","26618503"
"JH378110","30596432","30596518","chr20","86496231","86496314","10","55899799"
"JH378110","30601110","30601411","chr21","19686661","19686955","34","10914449"
"JH378110","30617672","30617808","chr26","6591504","6591639","12","24026168"
"JH378110","30617909","30618013","chr1","39939684","39939788","11","9321775"
"JH378110","30650999","30651301","chr12","60432247","60432540","39","29781248"
"JH378110","30656146","30656442","chr1","103415790","103416081","32","72759644"
"JH378110","30661157","30661453","chr20","119507147","119507436","35","88845990"
"JH378110","30672428","30672536","chr6","1067449","1067558","11","29604979"
"JH378110","30682219","30682511","chr13","66570526","66570820","39","35888307"
"JH378110","30732919","30733253","chr8","64261352","64261687","44","33528433"
"JH378110","30767960","30768056","chr22","82220107","82220203","8","51452147"
"JH378110","30772150","30772448","chr18","71629517","71629808","49","40857367"
"JH378110","30783429","30783509","chr5","67880800","67880883","7","37097371"
"JH378110","30785444","30785648","chr7","96197334","96197535","31","65411890"
"JH378110","30786120","30786406","chr6","40582273","40582553","39","9796153"
"JH378110","30800405","30800699","chr7","27215416","27215707","39","3584989"
"JH378110","30841902","30842209","chr17","61465042","61465349","41","30623140"
"JH378110","30851855","30851993","chr12","42755129","42755268","10","11903274"
"JH378110","30866608","30866725","chr5","44000002","44000120","13","13133394"
"JH378110","30868211","30868519","chr5","2273487","2273788","33","28594724"
"JH378110","30882405","30882697","chr3","51320753","51321046","46","20438348"
"JH378110","30898493","30898794","chr14","83371933","83372231","30","52473440"
"JH378110","30940841","30941136","chr24","67349680","67349967","40","36408839"
"JH378110","30974396","30974668","chr2","90265734","90266000","40","59291338"
"JH378110","30991454","30991737","chr20","108907026","108907317","37","77915572"
"JH378110","30996544","30996781","chr16","69318389","69318626","36","38321845"
"JH378110","31004503","31004814","chr11","115525233","115525542","30","84520730"
"JH378110","31006226","31006328","chrX","2017984","2018087","11","28988242"
"JH378110","31009078","31009283","chr25","73647297","73647508","29","42638219"
"JH378110","31052144","31052436","chr21","75861886","75862178","35","44809742"
"JH378110","31060351","31060647","chr17","1754748","1755029","42","29305603"
"JH378110","31090963","31091249","chr11","19611133","19611417","33","11479830"
"JH378110","31101969","31102266","chr11","117737181","117737478","36","86635212"
"JH378110","31105321","31105601","chr25","46262641","46262933","46","15157320"
"JH378110","31121460","31121755","chr13","65577132","65577425","33","34455672"
"JH378110","31133348","31133631","chr13","14576776","14577059","41","16556572"
"JH378110","31172053","31172175","chrX","7665538","7665663","18","23506515"
"JH378110","31190241","31190562","chr9","69831981","69832300","48","38641740"
"JH378110","31193340","31193447","chr6","5216779","5216886","12","25976561"
"JH378110","31197267","31197540","chr10","113724906","113725174","42","82527639"
"JH378110","31211712","31211814","chrX","2017984","2018087","7","29193728"
"JH378110","31232354","31232645","chr1","119118334","119118623","41","87885980"
"JH378110","31236250","31236546","chr28","17135669","17135965","33","14100581"
"JH378110","31299174","31299494","chr18","67218974","67219278","48","35919800"
"JH378110","31406022","31406317","chr9","38947932","38948226","37","7541910"
"JH378110","31496686","31497001","chr2","7494757","7495063","40","24001929"
"JH378110","31521145","31521453","chr12","6781553","6781865","100","24739592"
"JH378110","31628239","31628369","chr16","4500752","4500881","10","27127487"
"JH378110","31632072","31632372","chr20","8544951","8545251","37","23087121"
"JH378110","31635498","31635807","chr11","115525233","115525542","32","83889735"
"JH378110","31636771","31637063","chr20","24783089","24783379","39","6853682"
"JH378110","31641819","31642050","chr1","31168555","31168794","51","473264"
"JH378110","31668111","31668194","chr5","67880800","67880883","6","36212689"
"JH378110","31722670","31722970","chr6","16598509","16598818","38","15124161"
"JH378110","31760697","31760975","chr9","114015180","114015455","39","82254483"
"JH378110","31774104","31774414","chr5","2273487","2273788","29","29500617"
"JH378110","31893249","31893552","chr8","52344592","52344885","42","20451343"
"JH378110","31948101","31948325","chr7","97152314","97152538","28","65204213"
"JH378110","31966159","31966466","chr24","68895333","68895641","33","36929174"
"JH378110","32003197","32003500","chr12","22745335","22745633","33","9257862"
"JH378110","32008272","32008362","chr3","65349691","65349782","10","33341419"
"JH378110","32020285","32020591","chr14","22799686","22799991","41","9220599"
"JH378110","32025021","32025103","chr18","50216699","50216788","22","18191678"
"JH378110","32027903","32027992","chr19","7758593","7758681","11","24269310"
"JH378110","32039908","32040035","chr20","20852752","20852882","12","11187156"
"JH378110","32071902","32071978","chr13","63031813","63031889","8","30959911"
"JH378110","32127091","32127394","chr14","51273804","51274102","31","19146713"
"JH378110","32141578","32141703","chr1","8688937","8689061","12","23452641"
"JH378110","32150315","32150404","chr20","119761262","119761350","12","87610947"
"JH378110","32167804","32168125","chr25","81648621","81648928","44","49480817"
"JH378110","32231301","32231575","chr1","54988752","54989030","33","22757451"
"JH378110","32249380","32249528","chr22","14395100","14395247","14","17854280"
"JH378110","32263992","32264302","chr26","38024857","38025165","32","5760865"
"JH378110","32264945","32265249","chr1","66807483","66807786","39","34542538"
"JH378110","32285182","32285362","chr11","106130585","106130765","22","73845403"
"JH378110","32319602","32319867","chr9","105375839","105376103","47","73056237"
"JH378110","32341902","32342199","chr24","1147887","1148184","30","31194015"
"JH378110","32386540","32386838","chr21","22838763","22839060","34","9547777"
"JH378110","32422068","32422359","chr20","108907026","108907317","41","76484958"
"JH378110","32442551","32442845","chr13","14614965","14615259","33","17827586"
"JH378110","32463871","32464166","chr3","29967257","29967552","44","2496614"
"JH378110","32472649","32472934","chr10","85994531","85994826","35","53521882"
"JH378110","32486048","32486319","chr5","42662951","42663235","37","10176903"
"JH378110","32489058","32489368","chr18","22124397","22124708","37","10364661"
"JH378110","32491249","32491399","chr9","59130238","59130387","16","26638989"
"JH378110","32509977","32510278","chr5","53129573","53129878","43","20619596"
"JH378110","32549279","32549393","chr20","115102100","115102215","11","82552821"
"JH378110","32576952","32577243","chr8","52344592","52344885","39","19767640"
"JH378110","32594650","32594920","chr7","86776983","86777262","55","54182333"
"JH378110","32607128","32607406","chr1","101091218","101091491","37","68484090"
"JH378110","32610648","32610937","chr22","9515138","9515426","39","23095510"
"JH378110","32618416","32618724","chr20","70184160","70184468","38","37565744"
"JH378110","32618866","32619061","chr8","79585083","79585287","36","46966217"
"JH378110","32619399","32619502","chr1","39939684","39939788","8","7320285"
"JH378110","32688037","32688327","chr20","41122725","41123014","35","8434688"
"JH378110","32695851","32695941","chr22","82220107","82220203","10","49524256"
"JH378110","32713554","32713777","chr7","98446578","98446794","36","65733024"
"JH378110","32724643","32724943","chr2","36594604","36594898","33","3869961"
"JH378110","32727455","32727726","chr1","9765275","9765547","41","22962180"
"JH378110","32730670","32730921","chr1","53812534","53812785","32","21081864"
"JH378110","32758144","32758454","chr12","74217361","74217667","42","41459217"
"JH378110","32789081","32789365","chr12","65527548","65527825","44","32738467"
"JH378110","32809366","32809674","chr12","10064948","10065242","37","22744418"
"JH378110","32815612","32815922","chr10","72956484","72956800","52","40140872"
"JH378110","32825185","32825492","chr5","4142056","4142360","34","28683129"
"JH378110","32851254","32851550","chr12","10064948","10065242","30","22786306"
"JH378110","32872517","32872806","chr1","55333544","55333833","49","22461027"
"JH378110","32885524","32885604","chr16","3308866","3308945","8","29576658"
"JH378110","32887535","32887833","chr8","95885898","95886192","41","62998363"
"JH378110","32908902","32909040","chr26","6591504","6591639","13","26317398"
"JH378110","32913734","32914024","chr15","48893872","48894165","32","15980138"
"JH378110","32914862","32914943","chr5","67880800","67880883","8","34965938"
"JH378110","32924482","32924560","chr16","3308866","3308945","7","29615616"
"JH378110","32947222","32947529","chr14","22799686","22799991","34","10147536"
"JH378110","32961184","32961349","chr4","65157978","65158146","22","32196794"
"JH378110","32962962","32963260","chr8","95885898","95886192","38","62922936"
"JH378110","32980392","32980700","chr5","2273487","2273788","32","30706905"
"JH378110","33050420","33050699","chr24","73585240","73585507","43","40534820"
"JH378110","33056192","33056490","chr13","14614965","14615259","43","18441227"
"JH378110","33075765","33076042","chr16","18091158","18091443","44","14984607"
"JH378110","33091136","33091444","chr26","18927734","18928036","34","14163402"
"JH378110","33101505","33101809","chrX","11815348","11815650","28","21286157"
"JH378110","33199211","33199506","chr8","1641343","1641640","40","31557868"
"JH378110","33211634","33211876","chr4","74669745","74669991","41","41458111"
"JH378110","33234787","33235060","chr11","90996628","90996901","47","57761841"
"JH378110","33296690","33296996","chr5","2273487","2273788","34","31023203"
"JH378110","33336592","33336863","chr5","55713931","55714212","55","22377339"
"JH378110","33505799","33506106","chr16","11113407","11113716","42","22392392"
"JH378110","33585483","33585605","chr15","90834689","90834810","10","57249206"
"JH378110","33710842","33711138","chr12","10064948","10065242","28","23645894"
"JH378110","33777323","33777604","chr11","1011946","1012238","48","32765377"
"JH378110","33853324","33853601","chr16","46021279","46021555","41","12167955"
"JH378110","33868800","33869114","chr25","81648621","81648928","39","47779821"
"JH378110","33885783","33886091","chr4","34972989","34973291","40","1087206"
"JH378110","33891718","33892015","chr21","22838763","22839060","45","11052955"
"JH378110","33938321","33938623","chr5","2273487","2273788","31","31664834"
"JH378110","33957705","33958013","chr1","44604324","44604630","46","10646619"
"JH378110","34096756","34097077","chr1","65504304","65504612","40","31407548"
"JH378110","34129555","34129872","chr28","4550302","4550608","36","29579253"
"JH378110","34157543","34157847","chr14","101842471","101842766","45","67684928"
"JH378110","34188982","34189281","chr8","43947071","43947379","44","9758089"
"JH378110","34218706","34219002","chr5","36774379","36774687","50","2555673"
"JH378110","34222585","34222876","chr12","10064948","10065242","31","24157637"
"JH378110","34274967","34275259","chr25","51030152","51030441","38","16755185"
"JH378110","34293081","34293180","chr22","82220107","82220203","8","47927026"
"JH378110","34333113","34333379","chr28","2906914","2907184","37","31426199"
"JH378110","34351535","34351804","chr9","92538933","92539203","54","58187398"
"JH378110","34761923","34762012","chr3","65349691","65349782","13","30587768"
"JH378110","34766267","34766526","chr5","57856103","57856358","33","23089836"
"JH378110","34766527","34766659","chr1","110380135","110380266","18","75613608"
"JH378110","34769641","34769794","chr9","59130238","59130387","18","24360597"
"JH378110","34777725","34778035","chr20","46933799","46934103","38","12156074"
"JH378110","34793103","34793399","chr12","10064948","10065242","27","24728155"
"JH378110","34794276","34794365","chr3","65349691","65349782","10","30555415"
"JH378110","34802745","34802811","chr16","62367669","62367730","17","27564924"
"JH378110","34803117","34803416","chr12","10064948","10065242","23","24738169"
"JH378110","34805483","34805586","chrX","2017984","2018087","7","32787499"
"JH378110","34809830","34809882","chr1","122100988","122101042","6","87291158"
"JH378110","34834574","34834649","chr13","63031813","63031889","5","28197239"
"JH378110","34857264","34857550","chr17","12200444","12200691","132","22656820"
"JH378110","34865722","34865802","chr5","67880800","67880883","9","33015078"
"JH378110","34874555","34874779","chr3","1164767","1164996","35","33709788"
"JH378110","34906486","34906765","chr11","121067171","121067454","58","86160685"
"JH378110","34919713","34919797","chr16","4405728","4405812","7","30513985"
"JH378110","35002600","35002880","chrX","104770340","104770622","45","69767740"
"JH378110","35012684","35012964","chr23","77364024","77364301","32","42351340"
"JH378110","35014955","35015272","chr12","20410802","20411117","40","14604153"
"JH378110","35017189","35017469","chr12","10064948","10065242","41","24952241"
"JH378110","35035734","35036036","chr5","2273487","2273788","31","32762247"
"JH378110","35050132","35050429","chr6","38437831","38438120","41","3387699"
"JH378110","35064879","35065167","chr11","8097243","8097529","38","26967636"
"JH378110","35073411","35073566","chr9","59130238","59130387","20","24056827"
"JH378110","35080890","35080963","chr13","63031813","63031889","8","27950923"
"JH378110","35089371","35089482","chr15","53667122","53667237","15","18577751"
"JH378110","35098299","35098489","chr4","31110764","31110947","27","3987535"
"JH378110","35101603","35101811","chr15","82175072","82175282","29","47073469"
"JH378110","35103471","35103602","chr3","91348390","91348521","14","56244919"
"JH378110","35105127","35105265","chr6","4211334","4211463","20","30893793"
"JH378110","35105266","35105551","chr16","14680425","14680719","56","20424841"
"JH378110","35124160","35124469","chr11","51624065","51624366","38","16499905"
"JH378110","35125743","35126035","chr12","10064948","10065242","37","25060795"
"JH378110","35133842","35133946","chr1","39939684","39939788","11","4805842"
"JH378110","35143283","35143357","chr13","63031813","63031889","9","27888530"
"JH378110","35150725","35151035","chr12","74217361","74217667","33","39066636"
"JH378110","35159352","35159652","chr29","10722547","10722839","41","24436805"
"JH378110","35162990","35163120","chr3","91348390","91348521","14","56185400"
"JH378110","35169824","35169975","chr2","64956808","64956953","32","29786984"
"JH378110","35170866","35170981","chr22","52342236","52342347","19","17171370"
"JH378110","35171157","35171459","chr1","68219231","68219530","40","33048074"
"JH378110","35180585","35180818","chr11","126175108","126175340","23","90994523"
"JH378110","35212644","35212939","chr9","68468865","68469160","36","33256221"
"JH378110","35215019","35215114","chr22","82220107","82220203","5","47005088"
"JH378110","35217386","35217693","chr20","107972036","107972343","35","72754650"
"JH378110","35222838","35222941","chrX","2017984","2018087","7","33204854"
"JH378110","35223767","35223884","chr20","7771242","7771360","20","27452525"
"JH378110","35234842","35235138","chr18","71629517","71629808","40","36394675"
"JH378110","35245793","35246076","chr12","6781553","6781865","103","28464240"
"JH378110","35275740","35276051","chr20","99538718","99539034","39","64262978"
"JH378110","35320891","35321191","chr12","58820917","58821209","33","23500026"
"JH378110","35337397","35337685","chr15","16475485","16475782","53","18861912"
"JH378110","35365324","35365590","chr20","80564542","80564813","35","45199218"
"JH378110","35368047","35368137","chr3","65349691","65349782","12","29981644"
"JH378110","35370761","35371054","chr9","3190906","3191203","41","32179855"
"JH378110","35414491","35414775","chr28","13556614","13556903","34","21857877"
"JH378110","35424061","35424341","chr11","66091794","66092077","42","30667733"
"JH378110","35474981","35475032","chr16","67981503","67981556","10","32506522"
"JH378110","35507299","35507595","chr12","10064948","10065242","27","25442351"
"JH378110","35527599","35527901","chrX","125302543","125302844","29","89774944"
"JH378110","35533573","35533882","chr1","65504304","65504612","29","29970731"
"JH378110","35588212","35588291","chr16","3308866","3308945","8","32279346"
"JH378110","35591307","35591382","chr13","63031813","63031889","6","27440506"
"JH378110","35609995","35610079","chr16","4405728","4405812","7","31204267"
"JH378110","35611716","35611993","chr15","54050703","54050983","43","18438987"
"JH378110","35640513","35640800","chr1","115205454","115205746","48","79564941"
"JH378110","35641541","35641856","chr1","65504304","65504612","39","29862763"
"JH378110","35652751","35653045","chr12","10064948","10065242","27","25587803"
"JH378110","35654907","35655010","chrX","2017984","2018087","11","33636923"
"JH378110","35656108","35656403","chr12","10064948","10065242","28","25591160"
"JH378110","35678166","35678456","chr6","40582273","40582553","45","4904107"
"JH378110","35682320","35682541","chr13","7317370","7317589","30","28364950"
"JH378110","35686378","35686591","chr2","34664561","34664778","38","1021817"
"JH378110","35696076","35696155","chr16","3308866","3308945","7","32387210"
"JH378110","35713714","35714012","chr14","37097278","37097571","43","1383564"
"JH378110","35716949","35717255","chr5","182042","182348","39","35534907"
"JH378110","35721691","35721806","chr20","115102100","115102215","11","79380409"
"JH378110","35723519","35723627","chr6","1067449","1067558","7","34656070"
"JH378110","35743370","35743686","chr6","15953108","15953417","34","19790262"
"JH378110","35752025","35752150","chr1","8688937","8689061","15","27063088"
"JH378110","35801391","35801473","chr17","40314853","40314924","20","4513462"
"JH378110","35824758","35825054","chr16","70684193","70684489","34","34859435"
"JH378110","35850086","35850164","chr28","14799270","14799340","12","21050816"
"JH378110","35903608","35903683","chr13","63031813","63031889","6","27128205"
"JH378110","35939690","35939978","chr5","1720771","1721058","33","34218919"
"JH378110","35966443","35966545","chr1","39939684","39939788","13","3973241"
"JH378110","36040477","36040783","chr5","2273487","2273788","32","33766990"
"JH378110","36066723","36067017","chr24","1051567","1051864","23","35015156"
"JH378110","36129523","36129833","chr6","16598509","16598818","27","19531014"
"JH378110","36136683","36136966","chr23","35836286","35836573","42","300397"
"JH378110","36187583","36187849","chr7","120036367","120036642","41","83848784"
"JH378110","36207114","36207421","chr8","91463159","91463468","46","55256045"
"JH378110","36307024","36307329","chr16","23423370","23423672","29","12883654"
"JH378110","36344191","36344498","chr25","28319618","28319927","38","8024573"
"JH378110","36363103","36363175","chr13","63031813","63031889","8","26668710"
"JH378110","36388618","36388912","chr6","10103123","10103415","38","26285495"
"JH378110","36401277","36401537","chr1","111829907","111830168","41","75428630"
"JH378110","36447642","36447933","chr7","86104707","86105000","36","49657065"
"JH378110","36467774","36468064","chr2","57283040","57283331","33","20815266"
"JH378110","36503930","36504230","chr2","58045145","58045453","37","21541215"
"JH378110","36523272","36523569","chr12","10064948","10065242","27","26458324"
"JH378110","36564422","36564677","chr25","57681048","57681304","32","21116626"
"JH378110","36579624","36579869","chr6","32727280","32727534","37","3852344"
"JH378110","36585443","36585731","chr2","14954130","14954422","29","21631313"
"JH378110","36588675","36588974","chr16","8171351","8171636","38","28417324"
"JH378110","36619575","36619883","chr5","2273487","2273788","38","34346088"
"JH378110","36629477","36629774","chr21","108991689","108991988","39","72362212"
"JH378110","36630113","36630306","chrX","44433684","44433881","38","7803571"
"JH378110","36635054","36635352","chr20","84320789","84321083","40","47685735"
"JH378110","36676182","36676463","chrX","449812","450099","38","36226370"
"JH378110","36677074","36677370","chr12","10064948","10065242","30","26612126"
"JH378110","36679121","36679407","chr11","44951723","44952013","39","8272602"
"JH378110","36685499","36685770","chr8","112873509","112873779","41","76188010"
"JH378110","36690680","36690727","chr3","23169107","23169155","8","13521573"
"JH378110","36694709","36695016","chr23","33276315","33276619","35","3418394"
"JH378110","36718532","36718845","chr23","78958611","78958915","38","42240079"
"JH378110","36721895","36722025","chr23","65334609","65334739","15","28612714"
"JH378110","36730500","36730794","chr17","51306448","51306746","35","14575948"
"JH378110","36746826","36747111","chr25","73081087","73081379","35","36334261"
"JH378110","36747386","36747687","chr5","32919222","32919525","35","3828164"
"JH378110","36749114","36749238","chrX","7665538","7665663","12","29083576"
"JH378110","36777669","36777967","chr18","5878184","5878487","42","30899485"
"JH378110","36779515","36779641","chr1","8688937","8689061","14","28090578"
"JH378110","36791119","36791420","chr6","13549508","13549808","44","23241611"
"JH378110","36795046","36795182","chr14","98512734","98512870","20","61717688"
"JH378110","36823111","36823415","chr1","87458669","87458972","32","50635558"
"JH378110","36833703","36833998","chr10","118597337","118597632","32","81763634"
"JH378110","36844084","36844395","chr1","65504304","65504612","31","28660220"
"JH378110","36852749","36853017","chr20","80564542","80564813","35","43711793"
"JH378110","36857608","36857908","chr29","8289755","8290055","42","28567853"
"JH378110","36864191","36864458","chr12","4983870","4984143","48","31880321"
"JH378110","36877463","36877768","chr5","2273487","2273788","31","34603976"
"JH378110","36921751","36922046","chr1","10803268","10803561","42","26118483"
"JH378110","36926507","36926784","chr6","32884104","32884392","39","4042403"
"JH378110","36941922","36941999","chr13","63031813","63031889","8","26089891"
"JH378110","36944343","36944639","chr23","16142942","16143228","51","20801401"
"JH378110","36973633","36973931","chr14","37615851","37616147","29","642218"
"JH378110","36978714","36978964","chr17","1674331","1674578","45","35304383"
"JH378110","37012627","37012925","chr12","10064948","10065242","33","26947679"
"JH378110","37043868","37044180","chr4","73035785","73036085","37","35991917"
"JH378110","37086534","37086843","chr2","7494757","7495063","42","29591777"
"JH378110","37120107","37120351","chr1","31168555","31168794","50","5951552"
"JH378110","37162399","37162706","chr5","2273487","2273788","27","34888912"
"JH378110","37230273","37230555","chr17","18793777","18794057","42","18436496"
"JH378110","37245072","37245382","chr23","44247755","44248062","34","7002683"
"JH378110","37258042","37258305","chr24","79718722","79718979","36","42460680"
"JH378110","37261395","37261660","chr12","19091026","19091293","46","18170369"
"JH378110","37270864","37271135","chr1","18162340","18162615","38","19108524"
"JH378110","37320231","37320533","chr6","29168940","29169240","33","8151291"
"JH378110","37349774","37350075","chrY","2316241","2316538","36","35033533"
"JH378110","37534772","37535069","chr4","85818931","85819228","32","48284159"
"JH378110","37609667","37609961","chr12","10064948","10065242","31","27544719"
"JH378110","37654542","37654853","chr1","65504304","65504612","27","27849762"
"JH378110","37683870","37683953","chr5","67880800","67880883","13","30196930"
"JH378110","37685703","37686001","chr1","10803268","10803561","38","26882435"
"JH378110","37748774","37749075","chr20","8544951","8545251","40","29203823"
"JH378110","37765192","37765490","chr14","37615851","37616147","32","149341"
"JH378110","37769649","37769940","chr21","97980668","97980956","39","60211019"
"JH378110","37780192","37780394","chr10","88064831","88065025","47","50284639"
"JH378110","37782501","37782591","chr3","65349691","65349782","12","27567190"
"JH378110","37790286","37790400","chr20","115102100","115102215","8","77311814"
"JH378110","37818924","37819217","chr16","40207063","40207352","42","2388139"
"JH378110","37821756","37821886","chr1","97802296","97802426","10","59980540"
"JH378110","37829909","37830206","chr12","10064948","10065242","22","27764961"
"JH378110","37845207","37845292","chr16","4405728","4405812","8","33439479"
"JH378110","37867783","37867944","chr1","40342760","40342931","39","2474977"
"JH378110","37915720","37915840","chr6","8802293","8802413","16","29113427"
"JH378110","37923899","37924037","chr24","12006231","12006380","27","25917668"
"JH378110","37928036","37928353","chr5","14569519","14569836","40","23358517"
"JH378110","37960748","37960876","chr1","8688937","8689061","13","29271811"
"JH378110","37982247","37982410","chr12","26362540","26362701","28","11619707"
"JH378110","38003179","38003494","chr2","34891557","34891863","37","3111622"
"JH378110","38011285","38011576","chr12","10064948","10065242","39","27946337"
"JH378110","38012660","38012963","chr5","2273487","2273788","29","35739173"
"JH378110","38063771","38064046","chr9","114015180","114015455","47","75951409"
"JH378110","38071083","38071383","chr24","1147887","1148184","33","36923196"
"JH378110","38076563","38076872","chr29","2740091","2740398","33","35336472"
"JH378110","38138417","38138715","chr16","12093535","12093829","41","26044882"
"JH378110","38153595","38153697","chr3","12343592","12343685","23","25810003"
"JH378110","38211069","38211372","chr5","2273487","2273788","39","35937582"
"JH378110","38218325","38218639","chr22","4912713","4913009","58","33305612"
"JH378110","38224801","38224896","chr22","82220107","82220203","7","43995306"
"JH378110","38324208","38324465","chr7","75949681","75949953","50","37625473"
"JH378110","38356342","38356625","chrX","29936084","29936366","39","8420258"
"JH378110","38409736","38410014","chr28","16995383","16995661","31","21414353"
"JH378110","38415034","38415234","chr7","15932553","15932750","32","22482481"
"JH378110","38454476","38454780","chr8","96089866","96090170","31","57635390"
"JH378110","38500838","38501130","chr12","82992980","82993275","33","44492142"
"JH378110","38530513","38530660","chr6","41321360","41321506","15","2790847"
"JH378110","38537294","38537594","chr3","9525767","9526055","54","29011527"
"JH378110","38610416","38610724","chr11","112592054","112592362","40","73981638"
"JH378110","38674769","38675075","chr14","79729598","79729899","32","41054829"
"JH378110","38703408","38703724","chr2","34891557","34891863","43","3811851"
"JH378110","38746060","38746345","chrX","95460911","95461200","38","56714851"
"JH378110","38780105","38780400","chr6","37075091","37075389","44","1705014"
"JH378110","38795590","38795742","chrX","128768607","128768755","27","89973017"
"JH378110","38795777","38795907","chr15","69428245","69428375","17","30632468"
"JH378110","38851922","38852219","chr15","86758708","86759003","33","47906786"
"JH378110","38875601","38875894","chr6","19815995","19816283","41","19059606"
"JH378110","38932956","38933198","chr24","66946035","66946274","43","28013079"
"JH378110","38933299","38933358","chr2","56072345","56072402","7","17139046"
"JH378110","38957895","38958196","chr5","2273487","2273788","33","36684408"
"JH378110","38992328","38992635","chr26","38024857","38025165","41","967471"
"JH378110","39001490","39001789","chr12","10064948","10065242","24","28936542"
"JH378110","39005231","39005541","chr1","65504304","65504612","30","26499073"
"JH378110","39007950","39008185","chr11","126175108","126175340","38","87167158"
"JH378110","39038195","39038298","chrX","2017984","2018087","9","37020211"
"JH378110","39076375","39076523","chr9","59130238","59130387","13","20053863"
"JH378110","39112807","39113090","chr12","10064948","10065242","39","29047859"
"JH378110","39123139","39123443","chr24","51004467","51004765","32","11881328"
"JH378110","39125590","39125903","chr11","84795218","84795524","45","45669628"
"JH378110","39130838","39131147","chr1","65504304","65504612","31","26373466"
"JH378110","39140986","39141274","chr1","9850880","9851166","45","29290106"
"JH378110","39151633","39151928","chr1","108565860","108566161","46","69414227"
"JH378110","39183201","39183494","chr13","65577132","65577425","36","26393931"
"JH378110","39192826","39193107","chr24","62151870","62152146","41","22959044"
"JH378110","39250761","39250870","chr6","1067449","1067558","12","38183312"
"JH378110","39253877","39254155","chr9","25030769","25031053","40","14223108"
"JH378110","39263473","39263801","chr24","32730307","32730629","43","6533166"
"JH378110","39312250","39312380","chr3","91348390","91348521","11","52036140"
"JH378110","39312394","39312688","chr14","37114849","37115150","46","2197545"
"JH378110","39343874","39344182","chr20","8805962","8806270","31","30537912"
"JH378110","39351296","39351580","chr6","2852604","2852883","34","36498692"
"JH378110","39390622","39390921","chr12","10064948","10065242","25","29325674"
"JH378110","39425564","39425671","chr1","62097932","62098038","12","22672368"
"JH378110","39430877","39431178","chr24","81385197","81385487","49","41954320"
"JH378110","39447837","39448136","chr13","22116830","22117114","43","17331007"
"JH378110","39473234","39473477","chr9","109040412","109040645","49","69567178"
"JH378110","39503000","39503292","chr10","37346044","37346337","36","2156956"
"JH378110","39533556","39533850","chr1","69161184","69161465","46","29627628"
"JH378110","39537286","39537585","chr19","7193786","7194075","33","32343500"
"JH378110","39557791","39558024","chr11","126175108","126175340","29","86617317"
"JH378110","39558027","39558326","chr4","38262034","38262328","42","1295993"
"JH378110","39579312","39579610","chr10","118597337","118597632","33","79018025"
"JH378110","39582482","39582763","chr4","15532519","15532799","32","24049963"
"JH378110","39636064","39636340","chr9","114015180","114015455","34","74379116"
"JH378110","39639389","39639668","chr9","10630699","10630993","51","29008690"
"JH378110","39659659","39659951","chr23","75152697","75152982","37","35493038"
"JH378110","39662671","39662966","chr20","41083983","41084274","47","1421312"
"JH378110","39682659","39682951","chr29","10722547","10722839","31","28960112"
"JH378110","39683436","39683604","chr21","109527100","109527269","21","69843664"
"JH378110","39683891","39683991","chr22","82220107","82220203","9","42536216"
"JH378110","39697207","39697420","chr25","73647297","73647508","23","33950090"
"JH378110","39700681","39700948","chr25","82379602","82379865","33","42678921"
"JH378110","39741449","39741555","chr12","53065987","53066095","13","13324538"
"JH378110","39758418","39758508","chr3","65349691","65349782","9","25591273"
"JH378110","39759487","39759671","chr14","5565186","5565369","31","34194301"
"JH378110","39776012","39776320","chr9","56811131","56811438","32","17035119"
"JH378110","39793303","39793559","chr12","25844767","25845026","46","13948536"
"JH378110","39822600","39822675","chr13","63031813","63031889","7","23209213"
"JH378110","39826736","39827038","chr9","907212","907509","38","38919524"
"JH378110","39830336","39830630","chr13","65577132","65577425","32","25746796"
"JH378110","39836881","39837189","chrX","17727413","17727721","41","22109468"
"JH378110","39854487","39854615","chr16","4500752","4500881","13","35353735"
"JH378110","39854760","39855053","chr12","10064948","10065242","41","29789812"
"JH378110","39861934","39862023","chr3","65349691","65349782","12","25487757"
"JH378110","39884880","39885177","chr12","10064948","10065242","24","29819932"
"JH378110","39887393","39887469","chr13","63031813","63031889","6","23144420"
"JH378110","39889109","39889252","chr7","123657100","123657244","21","83767991"
"JH378110","39889382","39889692","chr18","56893429","56893739","36","17004047"
"JH378110","39890845","39891131","chr29","11994906","11995194","34","27895939"
"JH378110","39891838","39891969","chr9","99766001","99766131","17","59874163"
"JH378110","39941370","39941521","chrX","4336765","4336906","25","35604605"
"JH378110","39942456","39942577","chr6","44144914","44145033","12","4202458"
"JH378110","39949057","39949299","chr13","65129209","65129444","44","25180152"
"JH378110","39972170","39972274","chrX","2017984","2018087","11","37954186"
"JH378110","39977260","39977341","chr5","67880800","67880883","9","27903540"
"JH378110","39997423","39997529","chr6","1067449","1067558","12","38929974"
"JH378110","40000001","40000189","chrX","69874323","69874503","33","29874322"
"JH378110","40010187","40010341","chr4","88563874","88564027","24","48553687"
"JH378110","40030670","40030959","chr9","111105813","111106102","44","71075143"
"JH378110","40043019","40043295","chr21","47329418","47329697","45","7286399"
"JH378110","40066828","40067099","chr4","13341175","13341445","31","26725653"
"JH378110","40067215","40067472","chrX","50208947","50209208","40","10141732"
"JH378110","40084277","40084559","chr6","38437831","38438120","39","1646446"
"JH378110","40127194","40127499","chr26","38024857","38025165","29","2102337"
"JH378110","40132768","40133077","chr16","30398852","30399159","29","9733916"
"JH378110","40171269","40171574","chr7","96637694","96637997","41","56466425"
"JH378110","40181284","40181585","chr29","10722547","10722839","41","29458737"
"JH378110","40185614","40185907","chr1","49455532","49455836","52","9269918"
"JH378110","40193141","40193357","chr22","6719548","6719763","27","33473593"
"JH378110","40221914","40222208","chr8","40397453","40397751","39","175539"
"JH378110","40224118","40224423","chr9","63581525","63581830","37","23357407"
"JH378110","40226399","40226685","chr11","115292126","115292409","37","75065727"
"JH378110","40228941","40229244","chr2","34891557","34891863","33","5337384"
"JH378110","40240870","40240974","chr1","39939684","39939788","11","301186"
"JH378110","40245754","40246076","chr12","74217361","74217667","39","33971607"
"JH378110","40266004","40266302","chr9","24652371","24652664","34","15613633"
"JH378110","40267056","40267158","chrX","2017984","2018087","11","38249072"
"JH378110","40280765","40281026","chr10","408694","408969","48","39872071"
"JH378110","40346578","40346663","chr16","4405728","4405812","10","35940850"
"JH378110","40352601","40352894","chr23","39674723","39675021","41","677878"
"JH378110","40380351","40380554","chr3","19045440","19045645","47","21334911"
"JH378110","40403174","40403425","chr21","98546018","98546268","38","58142844"
"JH378110","40404910","40405029","chr15","90834689","90834810","11","50429779"
"JH378110","40406961","40407063","chrX","2017984","2018087","8","38388977"
"JH378110","40411194","40411471","chr26","53987975","53988244","35","13576781"
"JH378110","40437535","40437847","chr1","65504304","65504612","34","25066769"
"JH378110","40462054","40462337","chr14","70441301","70441579","49","29979247"
"JH378110","40463447","40463748","chr12","10064948","10065242","35","30398499"
"JH378110","40481100","40481391","chr12","10064948","10065242","34","30416152"
"JH378110","40570473","40570775","chr14","83371933","83372231","50","42801460"
"JH378110","40576552","40576648","chr22","82220107","82220203","6","41643555"
"JH378110","40584542","40584843","chr3","28007846","28008143","38","12576696"
"JH378110","40676489","40676784","chr1","103415790","103416081","31","62739301"
"JH378110","40722226","40722527","chr8","52344592","52344885","40","11622366"
"JH378110","40845082","40845212","chr6","47011698","47011831","22","6166616"
"JH378110","40938427","40938733","chrX","18278407","18278706","39","22660020"
"JH378110","41140825","41140988","chr8","134258549","134258711","26","93117724"
"JH378110","41140989","41141287","chr3","5473800","5474098","39","35667189"
"JH378110","41188424","41188729","chr1","10959790","10960093","40","30228634"
"JH378110","41242144","41242426","chr6","2768739","2769024","41","38473405"
"JH378110","41261332","41261404","chr13","63031813","63031889","8","21770481"
"JH378110","41285625","41285913","chr8","138416364","138416651","29","97130739"
"JH378110","41303981","41304246","chr1","65249888","65250148","39","23945907"
"JH378110","41318878","41319186","chr17","54691676","54691976","33","13372798"
"JH378110","41329999","41330309","chr29","10722547","10722839","48","30607452"
"JH378110","41342644","41342792","chr9","59130238","59130387","15","17787594"
"JH378110","41368379","41368570","chr2","37145074","37145258","26","4223305"
"JH378110","41369928","41370071","chr3","90669571","90669712","17","49299643"
"JH378110","41376999","41377303","chr5","2273487","2273788","34","39103512"
"JH378110","41390268","41390352","chr5","67880800","67880883","11","26490532"
"JH378110","41423372","41423682","chr2","43185063","43185371","36","1761691"
"JH378110","41478698","41478792","chr22","82220107","82220203","11","40741409"
"JH378110","41481924","41482220","chr1","99384482","99384781","40","57902558"
"JH378110","41483598","41483913","chr3","22013697","22014006","38","19469901"
"JH378110","41530386","41530672","chr8","95885898","95886192","38","54355512"
"JH378110","41531169","41531463","chr26","56179571","56179873","51","14648402"
"JH378110","41541820","41541897","chr13","63031813","63031889","7","21489993"
"JH378110","41610204","41610492","chr8","94667632","94667918","40","53057428"
"JH378110","41770430","41770724","chr11","75291146","75291441","42","33520716"
"JH378110","41831425","41831734","chr9","28452635","28452941","41","13378790"
"JH378110","42004212","42004507","chr12","10064948","10065242","23","31939264"
"JH378110","42081696","42081994","chr15","19512647","19512952","43","22569049"
"JH378110","42197664","42197968","chr10","90402340","90402635","38","48204676"
"JH378110","42257414","42257664","chr1","28183924","28184171","34","14073490"
"JH378110","42290363","42290659","chr14","80981878","80982171","37","38691515"
"JH378110","42317665","42317968","chrX","6760221","6760522","39","35557444"
"JH378110","42365451","42365765","chr1","65504304","65504612","29","23138853"
"JH378110","42405265","42405361","chr22","82220107","82220203","4","39814842"
"JH378110","42414099","42414413","chr1","65504304","65504612","43","23090205"
"JH378110","42444038","42444133","chr22","82220107","82220203","8","39776069"
"JH378110","42490112","42490388","chr27","46741693","46741970","31","4251581"
"JH378110","42500215","42500507","chr20","51671715","51672004","34","9171500"
"JH378110","42504701","42504830","chr16","31737705","31737835","13","10766996"
"JH378110","42505936","42506061","chrX","7665538","7665663","13","34840398"
"JH378110","42520554","42520847","chr26","12826886","12827179","37","29693668"
"JH378110","42595167","42595291","chr1","8688937","8689061","13","33906230"
"JH378110","42597655","42597925","chr10","120920133","120920412","49","78322478"
"JH378110","42602424","42602565","chr9","86109665","86109806","15","43507241"
"JH378110","42621748","42622087","chr10","91421180","91421507","62","48799432"
"JH378110","42622310","42622601","chr11","8208169","8208454","48","34414141"
"JH378110","42676471","42676546","chr13","63031813","63031889","9","20355342"
"JH378110","42738846","42739081","chr3","12158483","12158716","30","30580363"
"JH378110","42828151","42828445","chr12","10064948","10065242","27","32763203"
"JH378110","42847981","42848256","chr26","22549804","22550079","33","20298177"
"JH378110","42849565","42849860","chr12","10064948","10065242","28","32784617"
"JH378110","42854382","42854679","chr12","10064948","10065242","28","32789434"
"JH378110","42883127","42883267","chr17","47733511","47733658","19","4850384"
"JH378110","42883368","42883576","chr25","73647297","73647508","29","30763929"
"JH378110","42905811","42906118","chr5","36774379","36774687","33","6131432"
"JH378110","42937246","42937544","chr3","5473800","5474098","41","37463446"
"JH378110","42966808","42967099","chr11","42115371","42115662","33","851437"
"JH378110","42990916","42991227","chr21","117562514","117562819","44","74571598"
"JH378110","43011040","43011296","chr8","16250981","16251236","37","26760059"
"JH378110","43046442","43046744","chr24","1147887","1148184","37","41898555"
"JH378110","43114050","43114343","chrX","23977849","23978143","36","19136201"
"JH378110","43181142","43181435","chr12","10064948","10065242","47","33116194"
"JH378110","43316958","43317266","chr1","108565860","108566161","37","65248902"
"JH378110","43339279","43339583","chr24","70146905","70147203","36","26807626"
"JH378110","43340988","43341294","chr22","4646329","4646625","48","38694659"
"JH378110","43348017","43348094","chr13","63031813","63031889","8","19683796"
"JH378110","43411521","43411664","chr1","110251255","110251400","26","66839734"
"JH378110","43489011","43489312","chr1","115205454","115205746","50","71716443"
"JH378110","43621800","43622089","chr16","30637924","30638212","36","12983876"
"JH378110","43665721","43666020","chr12","33052172","33052472","43","10613549"
"JH378110","43687200","43687498","chr2","90183349","90183641","39","46496149"
"JH378110","43709865","43710152","chr7","25101902","25102178","43","18607963"
"JH378110","43914484","43914740","chr20","70905825","70906081","37","26991341"
"JH378110","43958029","43958328","chr1","26491346","26491637","33","17466683"
"JH378110","44126233","44126367","chr3","91348390","91348521","14","47222157"
"JH378110","44245672","44245825","chr9","85564984","85565140","27","41319312"
"JH378110","44298871","44299163","chr8","134989821","134990115","36","90690950"
"JH378110","44348030","44348131","chr22","82220107","82220203","12","37872077"
"JH378110","44362447","44362561","chr20","115102100","115102215","11","70739653"
"JH378110","44452447","44452741","chr24","1147887","1148184","32","43304560"
"JH378110","44456153","44456450","chr11","83799590","83799883","37","39343437"
"JH378110","44529781","44530085","chr1","2872653","2872961","36","41657128"
"JH378110","44539513","44539645","chr9","99766001","99766131","17","55226488"
"JH378110","44579985","44580123","chr1","63883321","63883461","19","19303336"
"JH378110","44586211","44586461","chr29","11365553","11365795","45","33220658"
"JH378110","44741121","44741423","chr22","3003323","3003622","43","41737798"
"JH378110","44744003","44744306","chr19","11766129","11766433","35","32977874"
"JH378110","44789626","44789932","chr8","20336222","20336525","39","24453404"
"JH378110","44849622","44849780","chr11","94902702","94902858","33","50053080"
"JH378110","44851053","44851114","chr2","56072345","56072402","13","11221292"
"JH378110","44851215","44851417","chr10","25944293","25944495","24","18906922"
"JH378110","44919452","44919648","chr14","80491970","80492166","25","35572518"
"JH378110","44954890","44955189","chr9","13973543","13973840","41","30981347"
"JH378110","44983460","44983750","chr6","44675473","44675756","40","307987"
"JH378110","45027269","45027376","chr6","1067449","1067558","11","43959820"
"JH378110","45196488","45196784","chr23","40897282","40897583","43","4299206"
"JH378110","45501484","45501722","chr5","1545752","1546005","49","43955732"
"JH378110","45603775","45604007","chr20","92882451","92882681","35","47278676"
"JH378110","45618403","45618704","chrX","23977849","23978143","38","21640554"
"JH378110","45620150","45620450","chr11","104546841","104547142","38","58926691"
"JH378110","45682213","45682504","chr5","59378793","59379083","40","13696580"
"JH378110","45752851","45753155","chr26","9300679","9300984","33","36452172"
"JH378110","45860061","45860150","chr19","7758593","7758681","9","38101468"
"JH378110","45903151","45903454","chr16","54214553","54214848","32","8311402"
"JH378110","46076107","46076186","chr16","3308866","3308945","7","42767241"
"JH378110","46148365","46148670","chr13","84743392","84743699","32","38595027"
"JH378110","46196586","46196888","chr16","33182065","33182368","50","13014521"
"JH378110","46239844","46240046","chr19","5662814","5663015","25","40577030"
"JH378110","46242669","46242966","chr2","25122492","25122796","43","21120177"
"JH378110","46243702","46244015","chr20","57949871","57950172","49","11706169"
"JH378110","46262213","46262510","chr14","73401178","73401474","30","27138965"
"JH378110","46262793","46263075","chr3","89507258","89507533","42","43244465"
"JH378110","46281970","46282137","chr29","4365210","4365376","15","41916760"
"JH378110","46296277","46296587","chr5","36774379","36774687","29","9521898"
"JH378110","46321997","46322306","chr6","27630523","27630831","42","18691474"
"JH378110","46354798","46355087","chr19","9617472","9617762","44","36737326"
"JH378110","46379866","46380166","chr12","10064948","10065242","26","36314918"
"JH378110","46382054","46382150","chr12","73245235","73245330","14","26863181"
"JH378110","46398348","46398639","chr10","90402340","90402635","48","44003992"
"JH378110","46497423","46497718","chr9","71188923","71189219","36","24691500"
"JH378110","46505377","46505676","chr27","8771956","8772256","35","37733421"
"JH378110","46535054","46535322","chr12","25844767","25845026","44","20690287"
"JH378110","46538111","46538406","chr18","68547001","68547299","35","22008890"
"JH378110","46553693","46553973","chr11","79391637","79391920","44","32837944"
"JH378110","46578883","46579176","chr20","23803939","23804231","40","22774944"
"JH378110","46589647","46589965","chr1","2872653","2872961","47","43716994"
"JH378110","46605163","46605449","chr26","21070479","21070763","37","25534684"
"JH378110","46821820","46822125","chr9","15987970","15988276","33","30833850"
"JH378110","46830076","46830379","chr11","120207458","120207761","34","73377382"
"JH378110","46885550","46885822","chr2","28528551","28528816","37","18356999"
"JH378110","46904808","46904982","chr25","22704616","22704787","23","24200192"
"JH378110","47006385","47006721","chr5","22820418","22820746","54","24185967"
"JH378110","47029253","47029347","chr22","82220107","82220203","10","35190854"
"JH378110","47160673","47160974","chr5","19592106","19592407","39","27568567"
"JH378110","47203669","47203934","chr9","104139191","104139453","40","56935522"
"JH378110","47205313","47205618","chr12","10064948","10065242","38","37140365"
"JH378110","47257643","47257924","chr21","33287053","33287331","37","13970590"
"JH378110","47278119","47278401","chr10","100050803","100051085","40","52772684"
"JH378110","47408888","47409206","chr1","65504304","65504612","36","18095416"
"JH378110","47494793","47495064","chr20","80564542","80564813","45","33069749"
"JH378110","47497314","47497598","chr6","9993126","9993409","34","37504188"
"JH378110","47557747","47558034","chr20","108907026","108907317","39","61349279"
"JH378110","47769612","47769906","chr14","83371933","83372231","36","35602321"
"JH378110","47857398","47857706","chr5","27918350","27918656","35","19939048"
"JH378110","47881537","47881625","chr19","7758593","7758681","8","40122944"
"JH378110","47889761","47889975","chr2","60446942","60447164","37","12557181"
"JH378110","48114156","48114437","chr6","40582273","40582553","35","7531883"
"JH378110","48194808","48195097","chr26","48706173","48706462","50","511365"
"JH378110","48255242","48255467","chr10","88156512","88156744","42","39901270"
"JH378110","48268991","48269301","chr9","13973543","13973840","39","34295448"
"JH378110","48308228","48308480","chr20","20049923","20050167","43","28258305"
"JH378110","48334120","48334427","chr3","22013697","22014006","43","26320423"
"JH378110","48341407","48341691","chr25","6963897","6964187","40","41377510"
"JH378110","48343270","48343568","chr11","42115371","42115662","38","6227899"
"JH378110","48412870","48413179","chr12","39592282","39592581","43","8820588"
"JH378110","48433343","48433455","chr6","1067449","1067558","15","47365894"
"JH378110","48534834","48535129","chr10","2350876","2351174","41","46183958"
"JH378110","48552431","48552736","chr8","21478742","21479048","48","27073689"
"JH378110","48591231","48591520","chr1","115205454","115205746","35","66614223"
"JH378110","48614008","48614290","chr19","4267958","4268239","52","44346050"
"JH378110","48645031","48645121","chr3","65349691","65349782","11","16704660"
"JH378110","48664888","48665170","chr24","73585240","73585507","39","24920352"
"JH378110","48673089","48673402","chr1","2872653","2872961","37","45800436"
"JH378110","48682357","48682655","chr4","50290090","50290388","43","1607733"
"JH378110","48689053","48689335","chr4","38256403","38256677","48","10432650"
"JH378110","48722909","48723206","chr9","11744453","11744760","57","36978456"
"JH378110","48733771","48733893","chr24","81549581","81549693","24","32815810"
"JH378110","48743304","48743451","chr17","47733511","47733658","15","1009793"
"JH378110","48836623","48836911","chr28","18543247","18543535","43","30293376"
"JH378110","48845598","48845880","chr5","20366749","20367033","42","28478849"
"JH378110","48856129","48856391","chr3","68276039","68276310","48","19419910"
"JH378110","48873077","48873388","chr28","4994318","4994631","50","43878759"
"JH378111","2097113","2097428","chr1","65504304","65504612","42","63407191"
"JH378111","38797189","38797482","chr12","10064948","10065242","34","28732241"
"JH378111","4718589","4718879","chr13","51212545","51212830","61","46493956"
"JH378111","42336225","42336522","chr12","10064948","10065242","27","32271277"
"JH378111","43253490","43253785","chr12","10064948","10065242","29","33188542"
"JH378111","32306","32599","chr12","10064948","10065242","30","10032642"
"JH378111","65082","65384","chr22","10282335","10282631","38","10217253"
"JH378111","99058","99296","chr7","86161196","86161431","33","86062138"
"JH378111","122811","123094","chr1","105168338","105168617","38","105045527"
"JH378111","169556","169819","chr18","39941690","39941965","51","39772134"
"JH378111","205775","205905","chr16","31737705","31737835","10","31531930"
"JH378111","251837","252150","chrX","62513903","62514213","39","62262066"
"JH378111","282132","282439","chr1","15620791","15621092","41","15338659"
"JH378111","300919","301216","chrX","23977849","23978143","36","23676930"
"JH378111","305478","305792","chr4","88788880","88789184","41","88483402"
"JH378111","568617","568914","chr26","16748407","16748708","41","16179790"
"JH378111","569525","569826","chr2","66530405","66530698","46","65960880"
"JH378111","759373","759655","chr1","103415790","103416081","50","102656417"
"JH378111","761307","761437","chr3","91348390","91348521","12","90587083"
"JH378111","842451","842655","chr11","96721458","96721661","37","95879007"
"JH378111","884460","884740","chr22","43966779","43967052","45","43082319"
"JH378111","934132","934420","chr11","47164289","47164580","35","46230157"
"JH378111","962428","962746","chr1","77741968","77742289","53","76779540"
"JH378111","1016758","1017007","chr11","119259842","119260088","31","118243084"
"JH378111","1060026","1060337","chr24","74842667","74842971","47","73782641"
"JH378111","1104504","1104793","chr12","107544377","107544660","43","106439873"
"JH378111","1106099","1106407","chr24","42191698","42192006","31","41085599"
"JH378111","1242842","1243158","chrX","44976189","44976495","41","43733347"
"JH378111","1342010","1342304","chr8","115068172","115068461","42","113726162"
"JH378111","1357683","1357991","chr21","58597604","58597912","34","57239921"
"JH378111","1380454","1380749","chrX","29936084","29936366","41","28555630"
"JH378111","1402327","1402631","chr16","66960790","66961092","46","65558463"
"JH378111","1410090","1410400","chr18","31547372","31547677","35","30137282"
"JH378111","1411885","1412158","chr18","21477853","21478141","52","20065968"
"JH378111","1421301","1421571","chr5","34103098","34103364","46","32681797"
"JH378111","1443984","1444275","chr13","65577132","65577425","37","64133148"
"JH378111","1452075","1452380","chrX","125302543","125302844","36","123850468"
"JH378111","1456153","1456418","chr20","39709402","39709680","57","38253249"
"JH378111","1460184","1460463","chr23","52118830","52119121","41","50658646"
"JH378111","1481744","1481834","chr23","79422711","79422794","17","77940967"
"JH378111","1521896","1522203","chr12","74217361","74217667","35","72695465"
"JH378111","1619757","1620069","chr28","4550302","4550608","38","2930545"
"JH378111","1734465","1734763","chr27","25041069","25041364","43","23306604"
"JH378111","1741496","1741799","chr11","2839835","2840132","37","1098339"
"JH378111","1795632","1795909","chrX","94518298","94518576","38","92722666"
"JH378111","1813095","1813389","chr13","74442159","74442450","42","72629064"
"JH378111","1921919","1922221","chr1","108565860","108566161","48","106643941"
"JH378111","1941194","1941256","chr9","62921501","62921569","15","60980307"
"JH378111","1977047","1977338","chr4","68750844","68751128","51","66773797"
"JH378111","1982898","1983193","chr21","21813668","21813965","39","19830770"
"JH378111","2002519","2002660","chr9","86109665","86109806","14","84107146"
"JH378111","2078238","2078570","chr16","13646472","13646792","79","11568234"
"JH378111","2093414","2093717","chr11","117737181","117737478","31","115643767"
"JH378111","2102680","2102974","chr16","35336459","35336744","50","33233779"
"JH378111","2180426","2180539","chr6","1067449","1067558","11","1112977"
"JH378111","2243678","2243979","chr11","117737181","117737478","33","115493503"
"JH378111","2251121","2251425","chr11","120207458","120207761","31","117956337"
"JH378111","2294731","2295028","chr14","40253871","40254177","46","37959140"
"JH378111","2342741","2342883","chr16","187527","187668","24","2155214"
"JH378111","2342981","2343266","chr6","19815995","19816283","39","17473014"
"JH378111","2348063","2348292","chr12","13499048","13499278","32","11150985"
"JH378111","2382727","2383040","chr16","14358940","14359244","55","11976213"
"JH378111","2395765","2396030","chr16","68347000","68347257","37","65951235"
"JH378111","2399692","2400003","chr26","5907158","5907461","39","3507466"
"JH378111","2442847","2443155","chrX","23977849","23978143","63","21535002"
"JH378111","2498187","2498492","chr24","1147887","1148184","35","1350300"
"JH378111","2515388","2515695","chr13","68876389","68876691","38","66361001"
"JH378111","2570849","2570924","chr13","63031813","63031889","6","60460964"
"JH378111","2582896","2583190","chr24","21274276","21274566","47","18691380"
"JH378111","2605877","2606114","chr5","74183714","74183949","32","71577837"
"JH378111","2642671","2642773","chrX","2017984","2018087","11","624687"
"JH378111","2758683","2758813","chr23","42246070","42246198","18","39487387"
"JH378111","2836118","2836299","chr19","14732662","14732852","38","11896544"
"JH378111","2836499","2836583","chr12","7441397","7441481","8","4604898"
"JH378111","2857026","2857317","chr19","6172896","6173184","47","3315870"
"JH378111","2956982","2957264","chr2","7719308","7719587","43","4762326"
"JH378111","2984084","2984369","chr8","75450257","75450544","25","72466173"
"JH378111","3009829","3009970","chrX","4336765","4336906","23","1326936"
"JH378111","3012973","3013291","chr17","28137789","28138092","47","25124816"
"JH378111","3023391","3023700","chr2","34891557","34891863","45","31868166"
"JH378111","3031390","3031656","chr18","66249703","66249966","52","63218313"
"JH378111","3146443","3146751","chr23","30724398","30724709","35","27577955"
"JH378111","3168509","3168586","chr13","63031813","63031889","8","59863304"
"JH378111","3200509","3200819","chr1","65504304","65504612","34","62303795"
"JH378111","3219895","3220150","chr6","38291436","38291692","38","35071541"
"JH378111","3370317","3370624","chr1","66807483","66807786","51","63437166"
"JH378111","3401719","3402015","chrX","22279223","22279520","58","18877504"
"JH378111","3478292","3478616","chr10","89459842","89460157","42","85981550"
"JH378111","3605610","3605722","chr11","128539002","128539115","12","124933392"
"JH378111","3605909","3606090","chr22","43767979","43768155","33","40162070"
"JH378111","3640637","3640948","chr22","18232920","18233227","43","14592283"
"JH378111","3706121","3706426","chr25","77209883","77210187","45","73503762"
"JH378111","3726381","3726613","chr17","50569576","50569808","38","46843195"
"JH378111","3728221","3728466","chr19_AQIB01158124v1_random","16144","16393","46","3712077"
"JH378111","3734625","3734850","chr10","43946028","43946253","30","40211403"
"JH378111","3862483","3862766","chr9","66838731","66839011","52","62976248"
"JH378111","3887329","3887620","chr16","2431144","2431438","39","1456185"
"JH378111","3926890","3927015","chrX","22570455","22570575","24","18643565"
"JH378111","3985381","3985666","chr9","28771476","28771762","42","24786095"
"JH378111","3991488","3991793","chr26","35545576","35545878","43","31554088"
"JH378111","4086289","4086596","chr5","2273487","2273788","31","1812802"
"JH378111","4139530","4139835","chr8","66644262","66644564","47","62504732"
"JH378111","4327070","4327372","chr11","120207458","120207761","31","115880388"
"JH378111","4369240","4369327","chr16","4405728","4405812","9","36488"
"JH378111","4382016","4382319","chr19","13269054","13269354","27","8887038"
"JH378111","4388948","4389246","chr19","7770961","7771261","45","3382013"
"JH378111","4403829","4404132","chr10","119612962","119613263","41","115209133"
"JH378111","4422135","4422411","chr4","53346939","53347217","47","48924804"
"JH378111","4546678","4546963","chr14","36948045","36948324","51","32401367"
"JH378111","4550187","4550499","chr1","65504304","65504612","35","60954117"
"JH378111","4599102","4599407","chr4","88331964","88332268","38","83732862"
"JH378111","4707281","4707581","chr16","12093535","12093829","33","7386254"
"JH378111","4720541","4720763","chr26","48519267","48519507","40","43798726"
"JH378111","4790565","4790853","chr10","45809751","45810041","44","41019186"
"JH378111","4851241","4851532","chr11","99829082","99829372","43","94977841"
"JH378111","4984503","4984787","chr29","8289755","8290055","44","3305252"
"JH378111","5211111","5211412","chr6","5507628","5507929","33","296517"
"JH378111","5283080","5283200","chr6","11193830","11193948","18","5910750"
"JH378111","5322661","5322954","chr21","97277296","97277589","44","91954635"
"JH378111","5360129","5360410","chr14","92191883","92192164","46","86831754"
"JH378111","5438724","5438860","chr26","6591504","6591639","8","1152780"
"JH378111","5515406","5515717","chr12","74217361","74217667","35","68701955"
"JH378111","5528949","5529263","chr24","68895333","68895641","45","63366384"
"JH378111","5634427","5634723","chr1","66807483","66807786","32","61173056"
"JH378111","5801982","5802277","chr14","83371933","83372231","48","77569951"
"JH378111","5827755","5828050","chr13","65577132","65577425","33","59749377"
"JH378111","5830100","5830391","chr10","12423774","12424067","35","6593674"
"JH378111","5882023","5882220","chr12","102536119","102536321","35","96654096"
"JH378111","5899730","5900058","chr22","34065717","34066029","73","28165987"
"JH378111","5965678","5965762","chr16","4405728","4405812","5","1559950"
"JH378111","6096616","6096918","chr14","83371933","83372231","39","77275317"
"JH378111","6115033","6115152","chr15","90834689","90834810","14","84719656"
"JH378111","6174425","6174726","chr28","15068931","15069228","47","8894506"
"JH378111","6308808","6309112","chr9","66377782","66378079","37","60068974"
"JH378111","6332618","6332714","chr22","82220107","82220203","8","75887489"
"JH378111","6356850","6356963","chr6","1067449","1067558","13","5289401"
"JH378111","6368472","6368774","chr23","41434219","41434517","39","35065747"
"JH378111","6372993","6373308","chr14","75233845","75234151","45","68860852"
"JH378111","6382071","6382389","chr24","68895333","68895641","41","62513262"
"JH378111","6404511","6404808","chr12","10064948","10065242","29","3660437"
"JH378111","6422531","6422838","chr29","8289755","8290055","36","1867224"
"JH378111","6448396","6448468","chr13","63031813","63031889","9","56583417"
"JH378111","6466898","6467172","chr26","50395265","50395544","35","43928367"
"JH378111","6469337","6469638","chr25","53511952","53512257","48","47042615"
"JH378111","6478842","6478960","chr23","79426242","79426372","24","72947400"
"JH378111","6485720","6486040","chr13","84743392","84743699","45","78257672"
"JH378111","6490932","6491247","chr5","9902768","9903074","44","3411836"
"JH378111","6497717","6497806","chr3","65349691","65349782","13","58851974"
"JH378111","6523163","6523456","chr6","7190985","7191277","31","667822"
"JH378111","6530568","6530716","chr9","59130238","59130387","16","52599670"
"JH378111","6542228","6542377","chrX","128768607","128768755","15","122226379"
"JH378111","6544696","6544786","chr3","65349691","65349782","11","58804995"
"JH378111","6571299","6571533","chr5","74183714","74183949","37","67612415"
"JH378111","6571679","6571761","chr16","6773247","6773332","12","201568"
"JH378111","6572370","6572498","chr20","20852752","20852882","12","14280382"
"JH378111","6640160","6640468","chr8","93926175","93926473","43","87286015"
"JH378111","6642506","6642791","chr11","19611133","19611417","40","12968627"
"JH378111","6646010","6646312","chr12","10064948","10065242","25","3418938"
"JH378111","6667228","6667537","chr5","2273487","2273788","33","4393741"
"JH378111","6698120","6698432","chr9","123749848","123750155","38","117051728"
"JH378111","6706825","6707119","chr13","65577132","65577425","32","58870307"
"JH378111","6710458","6710768","chr5","57912411","57912720","42","51201953"
"JH378111","6783147","6783429","chr22","9600661","9600931","47","2817514"
"JH378111","6797937","6798237","chr15","29954614","29954908","49","23156677"
"JH378111","6802861","6803151","chr8","1641343","1641640","41","5161518"
"JH378111","6826284","6826355","chr13","63031813","63031889","7","56205529"
"JH378111","6849204","6849328","chr5","22108764","22108885","18","15259560"
"JH378111","6856354","6856665","chr1","65504304","65504612","31","58647950"
"JH378111","6860402","6860532","chr1","97802296","97802426","11","90941894"
"JH378111","6862477","6862562","chr16","4405728","4405812","6","2456749"
"JH378111","6869346","6869654","chr11","117737181","117737478","33","110867835"
"JH378111","6891878","6892178","chr12","10064948","10065242","37","3173070"
"JH378111","6976408","6976714","chr6","50396221","50396522","42","43419813"
"JH378111","6979869","6980172","chr5","2273487","2273788","29","4706382"
"JH378111","7046575","7046671","chr22","82220107","82220203","5","75173532"
"JH378111","7063998","7064092","chr22","82220107","82220203","9","75156109"
"JH378111","7064981","7065069","chr16","4405728","4405812","10","2659253"
"JH378111","7083016","7083286","chr1","70853162","70853435","51","63770146"
"JH378111","7085295","7085594","chr5","2273487","2273788","35","4811808"
"JH378111","7138173","7138479","chr12","10064948","10065242","36","2926775"
"JH378111","7155968","7156055","chr1","22078573","22078650","17","14922605"
"JH378111","7166294","7166538","chr7","120728275","120728523","43","113561981"
"JH378111","7168390","7168463","chr13","63031813","63031889","7","55863423"
"JH378111","7185931","7186228","chr12","10064948","10065242","22","2879017"
"JH378111","7189111","7189404","chr7","11740840","11741130","37","4551729"
"JH378111","7263431","7263737","chr16","34317681","34317983","40","27054250"
"JH378111","7302742","7303004","chr1","406008","406263","46","6896734"
"JH378111","7323761","7324050","chr22","46167136","46167420","38","38843375"
"JH378111","7329422","7329552","chr3","91348390","91348521","12","84018968"
"JH378111","7338543","7338831","chr24","81840285","81840579","43","74501742"
"JH378111","7347816","7348096","chr3","1469978","1470251","40","5877838"
"JH378111","7356202","7356499","chr10","122219967","122220268","41","114863765"
"JH378111","7366996","7367294","chr12","10064948","10065242","30","2697952"
"JH378111","7384493","7384788","chr21","22838763","22839060","30","15454270"
"JH378111","7389264","7389396","chr4","58677259","58677388","29","51287995"
"JH378111","7392018","7392160","chr6","7229588","7229731","16","162430"
"JH378111","7425285","7425578","chr9","83383980","83384273","34","75958695"
"JH378111","7427724","7428035","chr1","2872653","2872961","31","4555071"
"JH378111","7451771","7451853","chr19","7758593","7758681","13","306822"
"JH378111","7451855","7452141","chr11","105213946","105214237","47","97762091"
"JH378111","7469315","7469605","chr2","85255263","85255560","52","77785948"
"JH378111","7472264","7472569","chr15","67986062","67986349","54","60513798"
"JH378111","7527865","7528171","chr27","12419487","12419794","34","4891622"
"JH378111","7627537","7627853","chr1","65504304","65504612","39","57876767"
"JH378111","7628295","7628602","chr18","31547372","31547677","34","23919077"
"JH378111","7643406","7643697","chr15","89412041","89412323","42","81768635"
"JH378111","7684821","7685078","chr15","53659001","53659271","44","45974180"
"JH378111","7722747","7723044","chr2","13830641","13830935","33","6107894"
"JH378111","7794820","7795123","chr14","83371933","83372231","35","75577113"
"JH378111","7804013","7804315","chr13","94693351","94693648","41","86889338"
"JH378111","7832759","7833066","chr5","36774379","36774687","38","28941620"
"JH378111","7844832","7845123","chr1","9280050","9280342","32","1435218"
"JH378111","7898080","7898356","chr5","27812983","27813260","45","19914903"
"JH378111","7938356","7938657","chr12","10064948","10065242","31","2126592"
"JH378111","7940651","7940945","chr12","10064948","10065242","30","2124297"
"JH378111","7986639","7986945","chr12","5303669","5303965","39","2682970"
"JH378111","8026157","8026462","chr14","33103010","33103314","38","25076853"
"JH378111","8042840","8042935","chr22","82220107","82220203","7","74177267"
"JH378111","8057795","8058090","chr11","42115371","42115662","33","34057576"
"JH378111","8066229","8066342","chr13","61112232","61112346","13","53046003"
"JH378111","8073925","8074219","chr12","10064948","10065242","33","1991023"
"JH378111","8099220","8099512","chrX","23977849","23978143","32","15878629"
"JH378111","8135174","8135250","chr13","63031813","63031889","7","54896639"
"JH378111","8138280","8138584","chr12","10064948","10065242","40","1926668"
"JH378111","8145942","8146245","chr12","6781553","6781865","140","1364389"
"JH378111","8158788","8158864","chr13","63031813","63031889","8","54873025"
"JH378111","8165559","8165859","chr26","19365376","19365670","42","11199817"
"JH378111","8167106","8167415","chr5","2273487","2273788","29","5893619"
"JH378111","8199505","8199650","chr18","58918281","58918426","15","50718776"
"JH378111","8212855","8212952","chr22","82220107","82220203","8","74007252"
"JH378111","8231874","8231950","chr13","63031813","63031889","6","54799939"
"JH378111","8232896","8233189","chr14","61508265","61508551","40","53275369"
"JH378111","8251716","8252023","chr4","1541929","1542231","43","6709787"
"JH378111","8252288","8252579","chr13","74442159","74442450","48","66189871"
"JH378111","8255763","8255862","chr22","82220107","82220203","12","73964344"
"JH378111","8260366","8260496","chr11","128230087","128230214","18","119969721"
"JH378111","8336428","8336639","chr22","35904405","35904609","32","27567977"
"JH378111","8354763","8355062","chrX","23977849","23978143","31","15623086"
"JH378111","8366512","8366611","chr22","82220107","82220203","12","73853595"
"JH378111","8551924","8552234","chr26","38024857","38025165","32","29472933"
"JH378111","8556564","8556819","chr8","90211831","90212082","39","81655267"
"JH378111","8564972","8565292","chr9","72282914","72283221","51","63717942"
"JH378111","8589074","8589161","chr16","4405728","4405812","8","4183346"
"JH378111","8599974","8600276","chr8","36061210","36061506","42","27461236"
"JH378111","8639046","8639347","chr12","38877611","38877905","42","30238565"
"JH378111","8640683","8640984","chrX","23977849","23978143","36","15337166"
"JH378111","8775728","8776021","chr7","99172603","99172901","35","90396875"
"JH378111","8864724","8865021","chr13","65577132","65577425","32","56712408"
"JH378111","8891480","8891772","chr11","124380849","124381147","36","115489369"
"JH378111","8941112","8941426","chr1","42818371","42818688","48","33877259"
"JH378111","9091052","9091323","chrX","1302529","1302805","39","7788523"
"JH378111","9106836","9107126","chr19","26245927","26246218","36","17139091"
"JH378111","9113607","9113895","chr8","29590101","29590383","45","20476494"
"JH378111","9129137","9129448","chr20","105941906","105942211","41","96812769"
"JH378111","9167849","9168141","chr6","9445783","9446070","40","277934"
"JH378111","9243058","9243358","chr2","14718646","14718944","32","5475588"
"JH378111","9401470","9401610","chr3","90669571","90669712","15","81268101"
"JH378111","9421068","9421384","chr6","15953108","15953417","36","6532040"
"JH378111","9581280","9581590","chr1","44604324","44604630","35","35023044"
"JH378111","9637835","9638128","chr16","17016732","17017024","33","7378897"
"JH378111","9691527","9691835","chr29","7442350","7442654","35","2249177"
"JH378111","9760216","9760523","chr26","42154061","42154364","39","32393845"
"JH378111","9918409","9918709","chr25","85642603","85642903","40","75724194"
"JH378111","10054832","10055140","chr21","96520058","96520357","53","86465226"
"JH378111","10073884","10074215","chr8","64261352","64261687","43","54187468"
"JH378111","10087003","10087303","chr13","65577132","65577425","32","55490129"
"JH378111","10105417","10105507","chr19","7758593","7758681","8","2346824"
"JH378111","10109184","10109449","chr9","95589503","95589780","45","85480319"
"JH378111","10141913","10141996","chr5","67880800","67880883","7","57738887"
"JH378111","10145401","10145474","chr13","63031813","63031889","9","52886412"
"JH378111","10146466","10146573","chr6","1067449","1067558","11","9079017"
"JH378111","10156938","10157243","chr21","118465137","118465443","37","108308199"
"JH378111","10209129","10209430","chr5","2273487","2273788","29","7935642"
"JH378111","10212043","10212171","chr20","20852752","20852882","13","10640709"
"JH378111","10265373","10265446","chr5","1831151","1831223","16","8434222"
"JH378111","10266326","10266497","chr1","118985363","118985528","30","108719037"
"JH378111","10295576","10295875","chr18","21936146","21936435","41","11640570"
"JH378111","10321205","10321515","chr5","36774379","36774687","33","26453174"
"JH378111","10327656","10327917","chr9","92500633","92500888","35","82172977"
"JH378111","10358763","10359073","chr2","34891557","34891863","52","24532794"
"JH378111","10424160","10424446","chr1","103415790","103416081","36","92991630"
"JH378111","10456532","10456826","chrX","66483446","66483732","35","56026914"
"JH378111","10503292","10503588","chr11","127481198","127481493","37","116977906"
"JH378111","10553209","10553512","chr28","6714579","6714885","41","3838630"
"JH378111","10643837","10644142","chr14","80080816","80081107","51","69436979"
"JH378111","10677768","10678077","chr6","47319701","47320005","42","36641933"
"JH378111","10719973","10720262","chr22","10940743","10941034","33","220770"
"JH378111","10813497","10813784","chr14","41748186","41748475","35","30934689"
"JH378111","10829083","10829348","chr11","95354076","95354345","38","84524993"
"JH378111","10832537","10832833","chr12","10064948","10065242","25","767589"
"JH378111","10835008","10835308","chr14","83371933","83372231","40","72536925"
"JH378111","10868379","10868687","chr2","34891557","34891863","33","24023178"
"JH378111","10872761","10873035","chr5","27812983","27813260","47","16940222"
"JH378111","10943905","10944207","chr20","85624325","85624630","29","74680420"
"JH378111","10977411","10977721","chr5","2273487","2273788","38","8703924"
"JH378111","10988935","10989003","chr25","80842336","80842405","8","69853401"
"JH378111","10989104","10989359","chr19","1625867","1626118","41","9363237"
"JH378111","11023019","11023108","chr3","65349691","65349782","12","54326672"
"JH378111","11025909","11026031","chr15","90834689","90834810","13","79808780"
"JH378111","11030804","11030926","chr15","90834689","90834810","13","79803885"
"JH378111","11070374","11070661","chr10","127495198","127495486","33","116424824"
"JH378111","11076648","11076753","chrX","2017984","2018087","9","9058664"
"JH378111","11098332","11098638","chr23","63610971","63611275","32","52512639"
"JH378111","11100906","11101029","chr9","58173292","58173413","21","47072386"
"JH378111","11101506","11101595","chr3","65349691","65349782","10","54248185"
"JH378111","11114482","11114584","chrX","2017984","2018087","11","9096498"
"JH378111","11116816","11117068","chr12","6401463","6401710","30","4715353"
"JH378111","11118129","11118365","chr4","12251160","12251400","38","1133031"
"JH378111","11119479","11119785","chr18","54267550","54267836","63","43148071"
"JH378111","11120830","11120970","chr23","56978905","56979044","15","45858075"
"JH378111","11121552","11121843","chr21","22838763","22839060","41","11717211"
"JH378111","11131034","11131315","chr12","26397452","26397733","36","15266418"
"JH378111","11133328","11133636","chr11","115525233","115525542","33","104391905"
"JH378111","11137138","11137444","chr1","65504304","65504612","43","54367166"
"JH378111","11140771","11141067","chr12","10064948","10065242","30","1075823"
"JH378111","11144771","11145064","chr12","10064948","10065242","28","1079823"
"JH378111","11147260","11147558","chrX","89331427","89331730","44","78184167"
"JH378111","11158809","11159067","chr18","48128094","48128335","44","36969285"
"JH378111","11175298","11175447","chr17","47733511","47733658","14","36558213"
"JH378111","11185225","11185528","chr6","4113565","4113862","38","7071660"
"JH378111","11190861","11191162","chr9","105044695","105044992","44","93853834"
"JH378111","11196201","11196314","chr20","115102100","115102215","12","103905899"
"JH378111","11207175","11207469","chr29","3201869","3202168","39","8005306"
"JH378111","11210934","11211081","chr17","47733511","47733658","14","36522577"
"JH378111","11211468","11211616","chr20_KE148049v1_random","716927","717071","25","10494541"
"JH378111","11212878","11213021","chr5","22000705","22000847","14","10787827"
"JH378111","11214211","11214506","chr23","52118830","52119121","35","40904619"
"JH378111","11217497","11217805","chr1","108565860","108566161","31","97348363"
"JH378111","11226323","11226613","chr10","118597337","118597632","33","107371014"
"JH378111","11228894","11229188","chr12","10064948","10065242","22","1163946"
"JH378111","11230238","11230341","chrX","2017984","2018087","9","9212254"
"JH378111","11233412","11233719","chr17","35258575","35258878","35","24025163"
"JH378111","11239413","11239692","chr11","90117382","90117661","42","78877969"
"JH378111","11242648","11242758","chr6","1067449","1067558","9","10175199"
"JH378111","11242763","11243045","chr25","7110717","7110998","45","4132046"
"JH378111","11243728","11243802","chr13","63031813","63031889","9","51788085"
"JH378111","11246619","11246902","chr20","75127208","75127485","41","63880589"
"JH378111","11276207","11276512","chr27","8771956","8772256","39","2504251"
"JH378111","11285486","11285783","chr14","44038439","44038738","34","32752953"
"JH378111","11305935","11306227","chr8","95885898","95886192","32","84579963"
"JH378111","11309133","11309428","chr29","10722547","10722839","35","586586"
"JH378111","11333845","11333970","chr1","8688937","8689061","12","2644908"
"JH378111","11335766","11336069","chr11","117737181","117737478","44","106401415"
"JH378111","11346675","11346976","chr5","2273487","2273788","43","9073188"
"JH378111","11349011","11349297","chr23","16142942","16143228","41","4793931"
"JH378111","11379925","11380176","chr12","99041950","99042202","37","87662025"
"JH378111","11383996","11384288","chr29","10722547","10722839","38","661449"
"JH378111","11388246","11388533","chr1","10803268","10803561","45","584978"
"JH378111","11388952","11389165","chr15","59058452","59058663","46","47669500"
"JH378111","11391462","11391764","chr8","27070266","27070572","43","15678804"
"JH378111","11400835","11401147","chr1","65504304","65504612","39","54103469"
"JH378111","11439482","11439782","chr14","79729598","79729899","32","68290116"
"JH378111","11554957","11555264","chr3","3085736","3086032","35","8469221"
"JH378111","11577510","11577817","chr9","56718102","56718406","39","45140592"
"JH378111","11662994","11663305","chr9","56811131","56811438","40","45148137"
"JH378111","11711005","11711041","chr16","40010881","40010918","9","28299876"
"JH378111","11714488","11714792","chr12","10064948","10065242","29","1649540"
"JH378111","11719427","11719737","chr13","53151712","53151994","133","41432285"
"JH378111","11743847","11744152","chr5","2273487","2273788","31","9470360"
"JH378111","11746941","11747085","chr9","86109665","86109806","15","74362724"
"JH378111","11759248","11759398","chr9","59130238","59130387","13","47370990"
"JH378111","11782415","11782717","chr25","55441921","55442218","38","43659506"
"JH378111","11848848","11848945","chr24","34051581","34051688","20","22202733"
"JH378111","11864729","11864859","chr20","20852752","20852882","10","8988023"
"JH378111","11886122","11886229","chr9","51073130","51073242","18","39187008"
"JH378111","11926063","11926357","chr1","103415790","103416081","35","91489727"
"JH378111","11946528","11946617","chr16","4405728","4405812","9","7540800"
"JH378111","11951391","11951677","chr5","41130094","41130375","44","29178703"
"JH378111","11955508","11955624","chr20","115102100","115102215","15","103146592"
"JH378111","11955992","11956108","chr4","60395666","60395783","13","48439674"
"JH378111","11966512","11966793","chr8","102788872","102789152","37","90822360"
"JH378111","11970331","11970420","chr3","65349691","65349782","11","53379360"
"JH378111","11980695","11981009","chr12","24854834","24855139","50","12874139"
"JH378111","11993424","11993731","chr6","15953108","15953417","32","3959684"
"JH378111","12017319","12017605","chr11","934179","934468","52","11083140"
"JH378111","12028089","12028381","chr7","99172603","99172901","46","87144514"
"JH378111","12035458","12035548","chr3","65349691","65349782","9","53314233"
"JH378111","12081340","12081650","chr11","115525233","115525542","32","103443893"
"JH378111","12102182","12102289","chr6","1067449","1067558","10","11034733"
"JH378111","12103442","12103726","chr23","25972738","25973023","42","13869296"
"JH378111","12176336","12176631","chr17","39626947","39627230","43","27450611"
"JH378111","12192880","12193191","chr29","8278863","8279172","33","3914017"
"JH378111","12235601","12235880","chr19","22521438","22521721","45","10285837"
"JH378111","12288937","12289245","chr28","4550302","4550608","36","7738635"
"JH378111","12301677","12301969","chr8","134989821","134990115","28","122688144"
"JH378111","12348824","12349131","chrX","28194989","28195297","34","15846165"
"JH378111","12433270","12433386","chr22","52501284","52501397","21","40068014"
"JH378111","12628189","12628381","chr11","27204161","27204345","36","14575972"
"JH378111","12768673","12768986","chr1","68836205","68836506","46","56067532"
"JH378111","12948040","12948119","chr17","40314853","40314924","20","27366813"
"JH378111","12956926","12957183","chr9","11896631","11896910","52","1060295"
"JH378111","12979394","12979469","chr13","63031813","63031889","4","50052419"
"JH378111","13097409","13097694","chr10","37346044","37346337","40","24248635"
"JH378111","13111466","13111767","chrX","18278407","18278706","28","5166941"
"JH378111","13133607","13133910","chr12","104238774","104239072","41","91105167"
"JH378111","13147609","13147715","chr1","62097932","62098038","10","48950323"
"JH378111","13180553","13180694","chr16","187527","187668","13","12993026"
"JH378111","13182491","13182591","chr1","62097932","62098038","20","48915441"
"JH378111","13184973","13185111","chr12","42755129","42755268","12","29570156"
"JH378111","13273646","13273953","chr1","65504304","65504612","37","52230658"
"JH378111","13529541","13529834","chr28","16165976","16166267","45","2636435"
"JH378111","13695540","13695760","chr13","7317370","7317589","29","6378170"
"JH378111","13737370","13737675","chr9","45852177","45852483","42","32114807"
"JH378111","13779145","13779384","chr24","66946035","66946274","36","53166890"
"JH378111","13833966","13834263","chr12","10064948","10065242","24","3769018"
"JH378111","13917582","13917869","chrX","23977849","23978143","38","10060267"
"JH378111","13973699","13973993","chr15","44287299","44287595","44","30313600"
"JH378111","14036655","14036932","chr21","33287053","33287331","34","19250398"
"JH378111","14086927","14087058","chr23","82201349","82201479","12","68114422"
"JH378111","14205555","14205857","chr11","42111316","42111618","35","27905761"
"JH378111","14206442","14206741","chr12","10064948","10065242","36","4141494"
"JH378111","14365955","14366242","chr9","26807010","26807295","31","12441055"
"JH378111","14391265","14391407","chr17","28507557","28507698","18","14116292"
"JH378111","14423022","14423326","chr11","117737181","117737478","32","103314159"
"JH378111","14496656","14496969","chr2","34891557","34891863","39","20394901"
"JH378111","14526493","14526782","chr6","38437831","38438120","31","23911338"
"JH378111","14538526","14538819","chrX","23977849","23978143","28","9439323"
"JH378111","14598014","14598338","chr9","93627438","93627726","66","79029424"
"JH378111","14598739","14598858","chr3","72385674","72385796","12","57786935"
"JH378111","14626351","14626654","chr5","12318876","12319187","46","2307475"
"JH378111","14650426","14650686","chr26","8594374","8594631","44","6056052"
"JH378111","14765845","14766159","chr2","38120078","38120390","33","23354233"
"JH378111","14961771","14962038","chr8","76996108","76996377","39","62034337"
"JH378111","15001806","15002109","chr11","52565146","52565448","51","37563340"
"JH378111","15206264","15206570","chr23","80808335","80808640","43","65602071"
"JH378111","15222401","15222690","chr15","29954614","29954908","49","14732213"
"JH378111","15227072","15227360","chr2","80372739","80373024","44","65145667"
"JH378111","15257324","15257399","chr17","40341447","40341524","9","25084123"
"JH378111","15389756","15390067","chr11","106816675","106816977","37","91426919"
"JH378111","15482089","15482392","chr11","51624065","51624366","26","36141976"
"JH378111","15512699","15513006","chr11","84795218","84795524","35","69282519"
"JH378111","15532713","15533034","chr28","4550302","4550608","47","10982411"
"JH378111","15538866","15538995","chr16","31737705","31737835","11","16198839"
"JH378111","15560690","15561009","chr11","115525233","115525542","44","99964543"
"JH378111","15589408","15589654","chr1","55903397","55903645","39","40313989"
"JH378111","15591093","15591350","chr16","65251314","65251569","39","49660221"
"JH378111","15603441","15603736","chr1","46456050","46456345","34","30852609"
"JH378111","15623804","15623953","chr9","38192622","38192768","17","22568818"
"JH378111","15635310","15635410","chr22","82220107","82220203","9","66584797"
"JH378111","15637184","15637480","chr5","58245349","58245645","35","42608165"
"JH378111","15645885","15646015","chr1","97802296","97802426","11","82156411"
"JH378111","15683699","15683823","chr1","8688937","8689061","16","6994762"
"JH378111","15690637","15690714","chr13","63031813","63031889","7","47341176"
"JH378111","15711981","15712283","chr5","2273487","2273788","25","13438494"
"JH378111","15720669","15720745","chr13","63031813","63031889","9","47311144"
"JH378111","15727231","15727527","chr27","8771956","8772256","33","6955275"
"JH378111","15732106","15732290","chr14","81643384","81643566","29","65911278"
"JH378111","15747219","15747528","chr2","34891557","34891863","33","19144338"
"JH378111","15747934","15748246","chr5","36774379","36774687","37","21026445"
"JH378111","15759724","15760020","chr18","17624355","17624650","36","1864631"
"JH378111","15760398","15760686","chr14","80284365","80284655","44","64523967"
"JH378111","15763949","15764253","chr11","20333718","20334026","45","4569769"
"JH378111","15860789","15860872","chr5","67880800","67880883","6","52020011"
"JH378111","15884304","15884598","chr17","11389361","11389657","37","4494943"
"JH378111","15888851","15888934","chr16","4405728","4405812","7","11483123"
"JH378111","15892594","15892873","chr4","90239392","90239675","56","74346798"
"JH378111","15893097","15893396","chr12","10064948","10065242","26","5828149"
"JH378111","15896608","15896920","chr11","29946186","29946494","37","14049578"
"JH378111","15952984","15953275","chr8","95885898","95886192","38","79932914"
"JH378111","15960824","15961121","chr1","112577097","112577392","49","96616273"
"JH378111","15966526","15966822","chr12","10064948","10065242","29","5901578"
"JH378111","15974135","15974234","chr22","82220107","82220203","12","66245972"
"JH378111","15988855","15989005","chr9","59130238","59130387","15","43141383"
"JH378111","16005371","16005679","chr5","36774379","36774687","31","20769008"
"JH378111","16008719","16009036","chr5","2324242","2324550","40","13684477"
"JH378111","16023363","16023670","chr5","2273487","2273788","30","13749876"
"JH378111","16024807","16024928","chr15","90834689","90834810","9","74809882"
"JH378111","16040586","16040878","chr21","25971507","25971796","38","9930921"
"JH378111","16042057","16042349","chr20","100923565","100923861","43","84881508"
"JH378111","16042350","16042653","chr2","34891557","34891863","51","18849207"
"JH378111","16048849","16048964","chr6","19249545","19249649","21","3200696"
"JH378111","16058515","16058825","chr1","65504304","65504612","28","49445789"
"JH378111","16076613","16076703","chr22","82220107","82220203","9","66143494"
"JH378111","16094840","16094949","chr9","51073130","51073242","20","34978290"
"JH378111","16133650","16133951","chr9","118970228","118970526","34","102836578"
"JH378111","16140867","16141008","chr9","86109665","86109806","16","69968798"
"JH378111","16143232","16143512","chr8","75450257","75450544","29","59307025"
"JH378111","16185031","16185326","chr5","40251597","40251893","41","24066566"
"JH378111","16209806","16210091","chr5","42662951","42663235","40","26453145"
"JH378111","16245448","16245535","chr16","4405728","4405812","10","11839720"
"JH378111","16246873","16247168","chr15","37672879","37673180","43","21426006"
"JH378111","16370094","16370399","chr1","46712446","46712753","33","30342352"
"JH378111","16378849","16379138","chr7","36238086","36238370","39","19859237"
"JH378111","16393265","16393542","chrX","94518298","94518576","29","78125033"
"JH378111","16483768","16484076","chr5","2273487","2273788","31","14210281"
"JH378111","16537480","16537767","chr9","71188923","71189219","37","54651443"
"JH378111","16553304","16553559","chr11","44436513","44436764","29","27883209"
"JH378111","16591166","16591478","chr17","19090296","19090606","43","2499130"
"JH378111","16618717","16618981","chr1","83625954","83626213","44","67007237"
"JH378111","16671126","16671421","chr10","35983988","35984284","36","19312862"
"JH378111","16690239","16690521","chr14","37322067","37322349","39","20631828"
"JH378111","16695341","16695647","chr20","89561089","89561394","41","72865748"
"JH378111","16824653","16824961","chr28","4550302","4550608","39","12274351"
"JH378111","16922707","16923009","chr10","18371829","18372121","33","1449122"
"JH378111","17006981","17007264","chr5","20366749","20367033","42","3359768"
"JH378111","17014238","17014517","chr1","10281581","10281864","52","6732657"
"JH378111","17031413","17031717","chr17","28137789","28138092","39","11106376"
"JH378111","17039110","17039313","chr16","40442198","40442397","28","23403088"
"JH378111","17050122","17050419","chr20","92481976","92482271","34","75431854"
"JH378111","17109274","17109576","chr10","122219967","122220268","45","105110693"
"JH378111","17127039","17127323","chr15","32529392","32529671","38","15402353"
"JH378111","17129645","17129950","chr14","22799686","22799991","51","5670041"
"JH378111","17158342","17158626","chrX","15732035","15732323","34","1426307"
"JH378111","17163235","17163330","chr22","82220107","82220203","6","65056872"
"JH378111","17171125","17171272","chr11","4201860","4202001","19","12969265"
"JH378111","17175671","17175955","chr24","43912331","43912621","42","26736660"
"JH378111","17190003","17190299","chr12","10064948","10065242","25","7125055"
"JH378111","17225828","17226085","chr21","19734529","19734792","37","2508701"
"JH378111","17234996","17235295","chr29","8289755","8290055","33","8945241"
"JH378111","17339410","17339731","chr14","48869797","48870112","37","31530387"
"JH378111","17380725","17381038","chr11","14201994","14202301","44","3178731"
"JH378111","17382460","17382751","chr8","52344592","52344885","39","34962132"
"JH378111","17423230","17423537","chr5","2273487","2273788","33","15149743"
"JH378111","17426222","17426515","chr21","13834100","13834395","35","3592122"
"JH378111","17466885","17467175","chr11","105213946","105214237","33","87747061"
"JH378111","17479132","17479444","chr20","99124367","99124674","53","81645235"
"JH378111","17483462","17483752","chr12","60432247","60432540","28","42948785"
"JH378111","17513533","17513838","chr19","13613108","13613413","40","3900425"
"JH378111","17517923","17518221","chr24","1147887","1148184","34","16370036"
"JH378111","17537114","17537413","chr5","60410105","60410402","38","42872991"
"JH378111","17538809","17539092","chr4","50225644","50225922","32","32686835"
"JH378111","17568571","17568662","chr10","124866541","124866629","15","107297970"
"JH378111","17570453","17570751","chr12","10064948","10065242","21","7505505"
"JH378111","17572573","17572881","chr21","22838763","22839060","39","5266190"
"JH378111","17597493","17597787","chr1","103415790","103416081","41","85818297"
"JH378111","17601391","17601540","chr9","59130238","59130387","17","41528847"
"JH378111","17602860","17602950","chr19","7758593","7758681","8","9844267"
"JH378111","17603382","17603684","chr29","10722547","10722839","38","6880835"
"JH378111","17609215","17609511","chr9","7525227","7525525","46","10083988"
"JH378111","17627139","17627445","chr5","2273487","2273788","35","15353652"
"JH378111","17641856","17642158","chr15","3702894","3703194","26","13938962"
"JH378111","17695214","17695522","chr1","65504304","65504612","39","47809090"
"JH378111","17712495","17712786","chr8","95885898","95886192","51","78173403"
"JH378111","17739768","17740053","chr11","111088295","111088583","47","93348527"
"JH378111","17785434","17785705","chr12","54143646","54143894","54","36358212"
"JH378111","17789494","17789570","chr13","63031813","63031889","9","45242319"
"JH378111","17820844","17821120","chr7","36238086","36238370","46","18417242"
"JH378111","17880939","17881043","chrX","2017984","2018087","12","15862955"
"JH378111","17900491","17900791","chr2","38197046","38197344","44","20296555"
"JH378111","17918063","17918291","chr24","38336411","38336647","35","20418348"
"JH378111","17973861","17974169","chr25","77313930","77314228","41","59340069"
"JH378111","18103264","18103594","chr3","22013697","22014006","56","3910433"
"JH378111","18111830","18112134","chr11","53220620","53220917","44","35108790"
"JH378111","18155757","18156073","chr11","115525233","115525542","46","97369476"
"JH378111","18179463","18179676","chr6","8384876","8385077","41","9794587"
"JH378111","18179978","18180070","chr6","30515543","30515632","11","12335565"
"JH378111","18246387","18246689","chr13","65577132","65577425","40","47330745"
"JH378111","18266675","18266805","chr27","32448797","32448927","11","14182122"
"JH378111","18295834","18296103","chr16","46021279","46021555","40","27725445"
"JH378111","18356557","18356857","chr18","44879897","44880198","40","26523340"
"JH378111","18370286","18370591","chr5","2273487","2273788","32","16096799"
"JH378111","18441748","18442039","chr1","16060873","16061165","37","2380875"
"JH378111","18442777","18443017","chr1","93562580","93562822","46","75119803"
"JH378111","18507688","18508002","chr1","2872653","2872961","39","15635035"
"JH378111","18585811","18586124","chr2","74744689","74744996","37","56158878"
"JH378111","18595075","18595369","chr22","50629443","50629736","35","32034368"
"JH378111","18604633","18604939","chr14","79729598","79729899","32","61124965"
"JH378111","18614787","18615079","chr2","60638073","60638366","37","42023286"
"JH378111","18620652","18620965","chr29","8289755","8290055","39","10330897"
"JH378111","18634867","18635148","chr16","69184494","69184777","41","50549627"
"JH378111","18662643","18662745","chrX","2017984","2018087","12","16644659"
"JH378111","18696599","18696866","chr16","68347000","68347257","44","49650401"
"JH378111","18733574","18733879","chr12","6781553","6781865","106","11952021"
"JH378111","18736003","18736284","chr18","57400262","57400530","41","38664259"
"JH378111","18741522","18741830","chr2","43185063","43185371","33","24443541"
"JH378111","18747699","18748020","chr11","115525233","115525542","48","96777534"
"JH378111","18760209","18760496","chr2","90183349","90183641","41","71423140"
"JH378111","18789478","18789788","chr1","65504304","65504612","35","46714826"
"JH378111","18798868","18799171","chr10","2350876","2351174","30","16447992"
"JH378111","18820629","18820948","chr5","57912411","57912720","42","39091782"
"JH378111","18827977","18828308","chr3","37955466","37955795","44","19127489"
"JH378111","18840161","18840284","chr3","72385674","72385796","13","53545513"
"JH378111","18865612","18865828","chr1","33314536","33314751","39","14448924"
"JH378111","18877095","18877393","chr12","10064948","10065242","31","8812147"
"JH378111","18888834","18889140","chr4","30926814","30927112","52","12037980"
"JH378111","18896642","18896913","chrX","50427940","50428208","38","31531298"
"JH378111","18913679","18913761","chr5","67880800","67880883","6","48967121"
"JH378111","18920406","18920726","chrX","70268757","70269082","42","51348351"
"JH378111","18924344","18924663","chrX","2716850","2717166","49","16207494"
"JH378111","18931843","18931986","chr3","90669571","90669712","14","71737728"
"JH378111","18945401","18945490","chr3","65349691","65349782","12","46404290"
"JH378111","18945591","18945811","chr15","5706332","5706549","37","13239259"
"JH378111","18996419","18996732","chr1","65504304","65504612","36","46507885"
"JH378111","18999348","18999645","chr5","4621031","4621327","39","14378317"
"JH378111","19000054","19000134","chr28","10739382","10739452","25","8260672"
"JH378111","19000309","19000534","chr13","7317370","7317589","24","11682939"
"JH378111","19002287","19002578","chr19","26245927","26246218","38","7243640"
"JH378111","19013069","19013367","chr12","10064948","10065242","28","8948121"
"JH378111","19018103","19018410","chr5","64637755","64638059","43","45619652"
"JH378111","19037443","19037619","chr1","27999713","27999874","43","8962270"
"JH378111","19050712","19050931","chr15","6643378","6643590","56","12407334"
"JH378111","19060397","19060541","chr6","3375709","3375847","19","15684688"
"JH378111","19075250","19075556","chr20","121583912","121584213","36","102508662"
"JH378111","19079672","19079976","chr23","41434219","41434517","40","22354547"
"JH378111","19085121","19085398","chr8","39996799","39997082","34","20911678"
"JH378111","19086159","19086460","chr26","18927734","18928036","26","158425"
"JH378111","19112188","19112309","chr9","18815789","18815908","24","296399"
"JH378111","19120315","19120622","chr29","8289755","8290055","35","10830560"
"JH378111","19125970","19126268","chr7","99172603","99172901","34","80046633"
"JH378111","19127061","19127345","chr11","81267825","81268109","39","62140764"
"JH378111","19139657","19139960","chr17","28137789","28138092","40","8998132"
"JH378111","19144149","19144444","chr8","89963957","89964248","34","70819808"
"JH378111","19153577","19153729","chr9","54589494","54589649","39","35435917"
"JH378111","19163953","19164255","chr13","65577132","65577425","39","46413179"
"JH378111","19178963","19179272","chr18","56893429","56893739","33","37714466"
"JH378111","19202818","19203124","chr24","68895333","68895641","38","49692515"
"JH378111","19206965","19207068","chrX","2017984","2018087","10","17188981"
"JH378111","19218668","19218966","chr2","90183349","90183641","36","70964681"
"JH378111","19232181","19232476","chr23","34591432","34591727","37","15359251"
"JH378111","19284514","19284608","chr22","82220107","82220203","6","62935593"
"JH378111","19310175","19310227","chr10","99734047","99734096","12","80423872"
"JH378111","19311275","19311395","chr9","58246772","58246894","21","38935497"
"JH378111","19316704","19316879","chr25","55164055","55164223","16","35847351"
"JH378111","19321819","19322069","chrX","67750498","67750751","46","48428679"
"JH378111","19366939","19367248","chr20","20539479","20539784","34","1172540"
"JH378111","19370029","19370307","chr24","5978279","5978558","47","13391750"
"JH378111","19377872","19378157","chrX","449812","450099","51","18928060"
"JH378111","19381768","19382054","chr6","38582923","38583209","35","19201155"
"JH378111","19384542","19384823","chr5","23732417","23732687","57","4347875"
"JH378111","19415142","19415420","chr11","19611133","19611417","38","195991"
"JH378111","19435311","19435596","chr4","50225644","50225922","35","30790333"
"JH378111","19463626","19463923","chr24","1147887","1148184","28","18315739"
"JH378111","19476509","19476795","chr19","19502742","19503020","35","26233"
"JH378111","19483058","19483373","chr1","65504304","65504612","33","46021246"
"JH378111","19511395","19511655","chr5","1545752","1546005","43","17965643"
"JH378111","19515003","19515106","chrX","2017984","2018087","8","17497019"
"JH378111","19530672","19530747","chr13","63031813","63031889","5","43501141"
"JH378111","19570740","19571039","chr12","10064948","10065242","30","9505792"
"JH378111","19584856","19584952","chr22","82220107","82220203","8","62635251"
"JH378111","19609582","19609893","chr20","122189567","122189870","44","102579985"
"JH378111","19620675","19620747","chr13","63031813","63031889","9","43411138"
"JH378111","19623872","19624144","chr15","2355556","2355831","33","17268316"
"JH378111","19628840","19629127","chrX_KE148109v1_random","822873","823154","38","18805967"
"JH378111","19638973","19639278","chr29","8189456","8189758","41","11449517"
"JH378111","19643859","19644159","chr22","1439839","1440125","53","18204020"
"JH378111","19647024","19647119","chr22","82220107","82220203","9","62573083"
"JH378111","19677409","19677529","chr15","90834689","90834810","12","71157280"
"JH378111","19693351","19693441","chr3","65349691","65349782","12","45656340"
"JH378111","19720014","19720331","chr8","26352201","26352513","50","6632187"
"JH378111","19732028","19732339","chr26","38024857","38025165","30","18292829"
"JH378111","19742851","19743066","chr22","6719548","6719763","26","13023303"
"JH378111","19744657","19744770","chr6","1067449","1067558","14","18677208"
"JH378111","19750935","19751155","chr11","81214349","81214567","26","61463414"
"JH378111","19760746","19761042","chr13","65577132","65577425","35","45816386"
"JH378111","19764590","19764697","chr15","13792351","13792461","12","5972239"
"JH378111","19776403","19776706","chr29","8289755","8290055","42","11486648"
"JH378111","19779246","19779516","chrX","111062211","111062478","47","91282965"
"JH378111","19789329","19789479","chr9","59130238","59130387","16","39340909"
"JH378111","19792544","19792672","chr20","20852752","20852882","13","1060208"
"JH378111","19795186","19795480","chr23","52118830","52119121","39","32323644"
"JH378111","19796306","19796591","chr9","26807010","26807295","39","7010704"
"JH378111","19821221","19821415","chr6","16017631","16017832","36","3803590"
"JH378111","19821820","19821901","chr5","67880800","67880883","7","48058980"
"JH378111","19823387","19823532","chr7","111596213","111596360","21","91772826"
"JH378111","19824257","19824382","chrX","7665538","7665663","12","12158719"
"JH378111","19826614","19826701","chr19","7758593","7758681","9","12068021"
"JH378111","19840867","19840957","chr3","65349691","65349782","9","45508824"
"JH378111","19843021","19843307","chr11","19611133","19611417","35","231888"
"JH378111","19851814","19851936","chr1","8688937","8689061","12","11162877"
"JH378111","19866204","19866414","chr4","53346339","53346552","31","33480135"
"JH378111","19874523","19874812","chr11","19611133","19611417","37","263390"
"JH378111","19887498","19887795","chr12","10064948","10065242","23","9822550"
"JH378111","19892267","19892570","chr11","120207458","120207761","28","100315191"
"JH378111","19910004","19910298","chr10","68340309","68340598","48","48430305"
"JH378111","19923322","19923622","chr24","81738052","81738347","41","61814730"
"JH378111","19948918","19949225","chr20","91789557","91789859","44","71840639"
"JH378111","19954623","19954926","chr23","41434219","41434517","41","21479596"
"JH378111","19959941","19960244","chrX","92019624","92019932","38","72059683"
"JH378111","19968318","19968651","chr2","49825326","49825657","57","29857008"
"JH378111","20008560","20008844","chr4","68750844","68751128","42","48742284"
"JH378111","20013604","20013905","chr11","51624065","51624366","28","31610461"
"JH378111","20053318","20053620","chr1","65504304","65504612","31","45450986"
"JH378111","20053631","20053891","chr5","1545752","1546005","51","18507879"
"JH378111","20069110","20069397","chr10","8909912","8910203","35","11159198"
"JH378111","20102487","20102745","chr5","26284335","26284591","48","6181848"
"JH378111","20130203","20130504","chr12","10064948","10065242","26","10065255"
"JH378111","20132264","20132343","chr5","67880800","67880883","10","47748536"
"JH378111","20140101","20140394","chr10","8909912","8910203","40","11230189"
"JH378111","20144367","20144645","chr25","8795606","8795892","37","11348761"
"JH378111","20159655","20159731","chr10","95538249","95538325","6","75378594"
"JH378111","20170068","20170232","chr7","128354173","128354335","26","108184105"
"JH378111","20176769","20177070","chr8","95885898","95886192","35","75709129"
"JH378111","20178330","20178633","chr5","70176671","70176961","35","49998341"
"JH378111","20201433","20201737","chr10","90402340","90402635","39","70200907"
"JH378111","20240404","20240497","chr22","82220107","82220203","8","61979703"
"JH378111","20269959","20270217","chr5","75332537","75332800","54","55062578"
"JH378111","20290946","20291044","chr22","82220107","82220203","7","61929161"
"JH378111","20293445","20293740","chrX","23977849","23978143","31","3684404"
"JH378111","20295588","20295664","chr10","95538249","95538325","7","75242661"
"JH378111","20356258","20356545","chr11","42115371","42115662","39","21759113"
"JH378111","20358807","20359117","chr28","13557476","13557782","34","6801331"
"JH378111","20369511","20369667","chr19","25206463","25206616","25","4836952"
"JH378111","20369807","20369876","chr11","106084212","106084282","25","85714405"
"JH378111","20393926","20394076","chrX","128768607","128768755","21","108374681"
"JH378111","20411505","20411798","chr18","72052984","72053276","30","51641479"
"JH378111","20415295","20415581","chrX","95460911","95461200","36","75045616"
"JH378111","20421638","20421714","chr13","63031813","63031889","10","42610175"
"JH378111","20429198","20429328","chr27","32448797","32448927","16","12019599"
"JH378111","20457336","20457649","chr5","2273487","2273788","35","18183849"
"JH378111","20490945","20491253","chr2","34891557","34891863","31","14400612"
"JH378111","20510362","20510672","chr2","43185063","43185371","30","22674701"
"JH378111","20524065","20524373","chr2","34891557","34891863","41","14367492"
"JH378111","20553508","20553755","chr7","43303903","43304156","43","22750395"
"JH378111","20570304","20570587","chr20","108907026","108907317","36","88336722"
"JH378111","20609072","20609382","chr16","51501244","51501546","41","30892172"
"JH378111","20613494","20613584","chr3","65349691","65349782","11","44736197"
"JH378111","20650569","20650866","chr25","61615818","61616106","42","40965249"
"JH378111","20658309","20658396","chr16","4405728","4405812","8","16252581"
"JH378111","20669621","20669918","chr9","96314869","96315163","41","75645248"
"JH378111","20699781","20699864","chr5","67880800","67880883","6","47181019"
"JH378111","20870153","20870435","chr22","57342101","57342380","39","36471948"
"JH378111","20876721","20877014","chr4","3408595","3408891","39","17468126"
"JH378111","20881813","20882119","chr1","108565860","108566161","39","87684047"
"JH378111","20905111","20905419","chr11","84795218","84795524","31","63890107"
"JH378111","20906906","20906990","chrX_KE148108v1_random","2164794","2164877","18","18742112"
"JH378111","20982587","20982871","chr11","19611133","19611417","38","1371454"
"JH378111","20997031","20997315","chr13","80432714","80432989","38","59435683"
"JH378111","21016555","21016852","chr5","20203598","20203894","38","812957"
"JH378111","21033499","21033790","chr9","62273501","62273789","44","41240002"
"JH378111","21055595","21055907","chr1","65504304","65504612","32","44448709"
"JH378111","21076121","21076406","chr11","94157931","94158218","61","73081810"
"JH378111","21265319","21265623","chr8","1916519","1916819","40","19348800"
"JH378111","21555744","21555893","chr9","59130238","59130387","10","37574494"
"JH378111","21595283","21595592","chr2","34891557","34891863","37","13296274"
"JH378111","21677139","21677471","chr22","12995756","12996062","67","8681383"
"JH378111","21723716","21724015","chr5","43051685","43051979","43","21327969"
"JH378111","21929981","21930291","chr16","2999161","2999470","32","18930820"
"JH378111","21960167","21960261","chr6","1067449","1067558","24","20892718"
"JH378111","22106994","22107042","chr1","17610762","17610812","5","4496232"
"JH378111","22195893","22196188","chr10","90402340","90402635","36","68206447"
"JH378111","22208496","22208804","chr12","74217361","74217667","34","52008865"
"JH378111","22217307","22217611","chr20","85624325","85624630","37","63407018"
"JH378111","22536418","22536720","chr22","70744630","70744933","38","48208212"
"JH378111","22537290","22537599","chr19","10628119","10628425","35","11909171"
"JH378111","22538695","22538991","chr12","10064948","10065242","31","12473747"
"JH378111","22585987","22586294","chr28","4550302","4550608","47","18035685"
"JH378111","22598370","22598672","chr10","93544662","93544960","52","70946292"
"JH378111","22691392","22691693","chr12","10064948","10065242","28","12626444"
"JH378111","22709250","22709514","chr5","34103098","34103364","32","11393848"
"JH378111","22711405","22711711","chr18","5878184","5878487","39","16833221"
"JH378111","22713235","22713531","chr9","21936410","21936708","42","776825"
"JH378111","22725760","22726069","chr28","6714579","6714885","33","16011181"
"JH378111","22816588","22816856","chr10","18978271","18978526","38","3838317"
"JH378111","22854905","22855207","chr22","41190010","41190309","36","18335105"
"JH378111","22864458","22864766","chr11","20333718","20334026","39","2530740"
"JH378111","22899086","22899370","chr3","85907085","85907369","48","63007999"
"JH378111","23021424","23021719","chr20","104630107","104630400","39","81608683"
"JH378111","23024742","23025051","chr27","26149585","26149888","42","3124843"
"JH378111","23094432","23094741","chr5","2273487","2273788","33","20820945"
"JH378111","23108712","23109004","chr2","90183349","90183641","45","67074637"
"JH378111","23222876","23223169","chr21","74368618","74368909","42","51145742"
"JH378111","23224719","23224795","chr13","63031813","63031889","6","39807094"
"JH378111","23371168","23371282","chr13","61112232","61112346","11","37741064"
"JH378111","23396972","23397272","chr9","71188923","71189219","38","47791951"
"JH378111","23436089","23436374","chr6","2768739","2769024","46","20667350"
"JH378111","23670343","23670643","chr12","10064948","10065242","30","13605395"
"JH378111","23810597","23810674","chr16","3308866","3308945","9","20501731"
"JH378111","23849390","23849694","chr5","2273487","2273788","31","21575903"
"JH378111","23985374","23985678","chr25","2480161","2480453","50","21505213"
"JH378111","24209272","24209582","chr6","16598509","16598818","37","7610763"
"JH378111","24218588","24218885","chr14","83570862","83571166","45","59352274"
"JH378111","24256136","24256430","chr21","13834100","13834395","38","10422036"
"JH378111","24262384","24262578","chr11","117573457","117573649","26","93311073"
"JH378111","24262680","24262784","chr3","73832741","73832841","11","49570061"
"JH378111","24435939","24436069","chr8","30816712","30816842","14","6380773"
"JH378111","24574575","24574864","chr25","26145805","26146097","46","1571230"
"JH378111","24689373","24689676","chrX","125302543","125302844","36","100613170"
"JH378111","24709733","24710027","chr13","22116830","22117114","38","2592903"
"JH378111","24718704","24719014","chr11","115525233","115525542","34","90806529"
"JH378111","24797432","24797711","chr21","71680175","71680449","51","46882743"
"JH378111","24891244","24891556","chr11","115525233","115525542","34","90633989"
"JH378111","24962451","24962762","chr9","67598943","67599249","46","42636492"
"JH378111","24997663","24997750","chr16","4405728","4405812","9","20591935"
"JH378111","25140219","25140433","chr9","7317367","7317591","50","17822852"
"JH378111","25201345","25201651","chr19","17766943","17767245","40","7434402"
"JH378111","25232880","25233177","chr9","103498946","103499244","39","78266066"
"JH378111","25245972","25246273","chr9","118970228","118970526","35","93724256"
"JH378111","25317089","25317389","chr4","38262034","38262328","34","12944945"
"JH378111","25354753","25355052","chr3","56327942","56328243","46","30973189"
"JH378111","25356156","25356458","chr12","10064948","10065242","27","15291208"
"JH378111","25362199","25362426","chr21","71246060","71246287","29","45883861"
"JH378111","25380410","25380718","chr5","2273487","2273788","36","23106923"
"JH378111","25383038","25383337","chr10","103142273","103142574","40","77759235"
"JH378111","25443034","25443316","chr5","20366749","20367033","38","5076285"
"JH378111","25458229","25458428","chr22","35904405","35904609","39","10446176"
"JH378111","25459358","25459444","chr15","39050206","39050292","16","13590848"
"JH378111","25467333","25467599","chr19","1411739","1412015","39","24055594"
"JH378111","25469294","25469601","chr25","17717251","17717558","42","7752043"
"JH378111","25475383","25475673","chr21","74368618","74368909","36","48893235"
"JH378111","25528705","25529021","chr13","30058745","30059058","49","4530040"
"JH378111","25538142","25538438","chr12","17402005","17402302","30","8136137"
"JH378111","25552314","25552620","chr20","89561089","89561394","34","64008775"
"JH378111","25560829","25560919","chr22","82220107","82220203","9","56659278"
"JH378111","25570236","25570533","chr12","10064948","10065242","31","15505288"
"JH378111","25589437","25589691","chr21","58536106","58536360","37","32946669"
"JH378111","25608255","25608551","chr25","18828195","18828491","33","6780060"
"JH378111","25629840","25630098","chr15","58710126","58710382","32","33080286"
"JH378111","25660826","25661136","chr14","29139539","29139843","46","3478713"
"JH378111","25666326","25666611","chr12","76875410","76875697","42","51209084"
"JH378111","25667722","25668009","chr19","1421502","1421792","40","24246220"
"JH378111","25683127","25683434","chr11","115525233","115525542","32","89842106"
"JH378111","25760022","25760277","chr4","89003238","89003495","40","63243216"
"JH378111","25783311","25783615","chr25","85642603","85642903","41","59859292"
"JH378111","25824718","25825029","chr11","115525233","115525542","31","89700515"
"JH378111","25825190","25825487","chrX","15264353","15264644","35","10560837"
"JH378111","25834094","25834393","chr20","104668275","104668578","42","78834181"
"JH378111","25856403","25856668","chr12","108375375","108375646","53","82518972"
"JH378111","25868255","25868510","chr1","109378962","109379215","39","83510707"
"JH378111","25893442","25893571","chr19","33133171","33133306","20","7239729"
"JH378111","25951518","25951816","chr17","35258575","35258878","32","9307057"
"JH378111","25982287","25982571","chr11","19611133","19611417","30","6371154"
"JH378111","25993041","25993286","chr14","81599978","81600217","53","55606937"
"JH378111","26017300","26017590","chr21","14884324","14884621","42","11132976"
"JH378111","26023679","26023969","chr26","8657287","8657566","49","17366392"
"JH378111","26056614","26056904","chr26","13914208","13914487","42","12142406"
"JH378111","26075601","26075679","chr13","63031813","63031889","10","36956212"
"JH378111","26105447","26105503","chr17","51711247","51711311","12","25605800"
"JH378111","26131972","26132284","chr9","56718102","56718406","46","30586130"
"JH378111","26137801","26138094","chr6","4113565","4113862","45","22024236"
"JH378111","26188501","26188788","chr11","74038820","74039113","41","47850319"
"JH378111","26217383","26217677","chr2","25122492","25122796","43","1094891"
"JH378111","26266656","26266963","chr1","92441279","92441586","42","66174623"
"JH378111","26273342","26273650","chr14","70652150","70652458","31","44378808"
"JH378111","26294786","26295084","chr26","17948662","17948962","36","8346124"
"JH378111","26329896","26330140","chr14","1503310","1503557","53","24826586"
"JH378111","26332142","26332430","chr7","100037094","100037378","50","73704952"
"JH378111","26362950","26363221","chrX","1302529","1302805","48","25060421"
"JH378111","26379732","26380029","chr5","2273487","2273788","34","24106245"
"JH378111","26381429","26381716","chr18","26746608","26746895","38","365179"
"JH378111","26394610","26394901","chr6","38437831","38438120","28","12043221"
"JH378111","26395596","26395901","chr12","17915779","17916084","42","8479817"
"JH378111","26412560","26412872","chr5","27897300","27897610","45","1484740"
"JH378111","26450472","26450745","chr21","56602482","56602744","41","30152010"
"JH378111","26461433","26461733","chr12","10064948","10065242","31","16396485"
"JH378111","26465625","26465925","chr13","29495614","29495913","30","3029989"
"JH378111","26478082","26478387","chr11","29946186","29946494","33","3468104"
"JH378111","26513114","26513412","chr12","10064948","10065242","37","16448166"
"JH378111","26563039","26563261","chr4","29433478","29433699","35","2870439"
"JH378111","26574648","26574795","chr3","90669571","90669712","16","64094923"
"JH378111","26594362","26594411","chr5","61040036","61040083","10","34445674"
"JH378111","26623320","26623448","chr11","67336740","67336866","14","40713420"
"JH378111","26640231","26640321","chr3","65349691","65349782","12","38709460"
"JH378111","26649580","26649879","chr5","2273487","2273788","37","24376093"
"JH378111","26731506","26731804","chr3","27466416","27466725","45","734910"
"JH378111","26766425","26766557","chr11","128198219","128198344","24","101431794"
"JH378111","26808312","26808559","chr3","27147134","27147379","39","338822"
"JH378111","26820533","26820841","chr23","44247755","44248062","42","17427222"
"JH378111","26823487","26823798","chr1","65504304","65504612","35","38680817"
"JH378111","26838814","26839114","chr12","10064948","10065242","28","16773866"
"JH378111","26839382","26839690","chr1","2872653","2872961","33","23966729"
"JH378111","26912838","26913127","chr12","10064948","10065242","40","16847890"
"JH378111","26971011","26971309","chr23","35045928","35046223","43","8074917"
"JH378111","26992390","26992685","chr12","10064948","10065242","27","16927442"
"JH378111","27024353","27024429","chr13","63031813","63031889","6","36007460"
"JH378111","27025193","27025341","chr8","43638745","43638907","43","16613552"
"JH378111","27037688","27037982","chr5","2273487","2273788","32","24764201"
"JH378111","27043756","27044059","chr2","35931939","35932239","45","8888183"
"JH378111","27048997","27049288","chr8","138416364","138416651","49","111367367"
"JH378111","27058875","27059180","chr4","71100937","71101237","50","44042062"
"JH378111","27083547","27083633","chr5","67880800","67880883","8","40797253"
"JH378111","27088811","27089111","chr18","5166611","5166907","37","21922200"
"JH378111","27114700","27114935","chr11","126175108","126175340","28","99060408"
"JH378111","27116882","27117095","chr22","6719548","6719763","26","20397334"
"JH378111","27121062","27121334","chr5","53917499","53917768","37","26796437"
"JH378111","27143342","27143650","chr7","99172603","99172901","45","72029261"
"JH378111","27160750","27160950","chr13","22050336","22050526","34","5110414"
"JH378111","27162117","27162407","chr14","80080816","80081107","44","52918699"
"JH378111","27171188","27171315","chr15","90834689","90834810","12","63663501"
"JH378111","27173766","27174065","chr10","60981243","60981543","45","33807477"
"JH378111","27175728","27176029","chr8","25441190","25441481","51","1734538"
"JH378111","27186014","27186114","chr17","32460239","32460340","19","5274225"
"JH378111","27199944","27200208","chr9","104139191","104139453","44","76939247"
"JH378111","27211569","27211876","chr14","83348314","83348610","40","56136745"
"JH378111","27270754","27270988","chr5","74183714","74183949","38","46912960"
"JH378111","27291298","27291439","chr11","95753406","95753542","15","68462108"
"JH378111","27305950","27306237","chr26","15737333","15737619","35","11568617"
"JH378111","27345860","27346104","chr11","119259842","119260088","26","91913982"
"JH378111","27380757","27381066","chr2","34891557","34891863","37","7510800"
"JH378111","27415090","27415352","chr5","34103098","34103364","44","6688008"
"JH378111","27416233","27416522","chrX","84956070","84956370","43","57539837"
"JH378111","27429525","27429829","chr7","131303574","131303874","48","103874049"
"JH378111","27437818","27438038","chr10","39070013","39070233","30","11632195"
"JH378111","27479956","27480234","chr16","26067530","26067803","38","1412426"
"JH378111","27522578","27522886","chr23","41390216","41390518","36","13867638"
"JH378111","27568422","27568725","chr2","35931939","35932239","36","8363517"
"JH378111","27571793","27572088","chr24","1051567","1051864","29","26520226"
"JH378111","27627069","27627363","chrX","15264353","15264644","41","12362716"
"JH378111","27636464","27636765","chr22","18084841","18085135","32","9551623"
"JH378111","27671132","27671429","chr20_KE148049v1_random","535731","536028","37","27135401"
"JH378111","27675216","27675499","chr6","40582273","40582553","35","12907057"
"JH378111","27685408","27685540","chr16","47028773","47028903","18","19343365"
"JH378111","27689832","27690141","chr27","22888845","22889148","44","4800987"
"JH378111","27700038","27700360","chr2","12958922","12959236","50","14741116"
"JH378111","27755992","27756305","chr11","50850288","50850595","40","23094296"
"JH378111","27775151","27775457","chr5","2273487","2273788","32","25501664"
"JH378111","27792970","27793243","chr7","47018747","47019038","47","19225777"
"JH378111","27874024","27874261","chr22","72356293","72356532","54","44482269"
"JH378111","27891719","27892034","chr16","12344031","12344341","44","15547688"
"JH378111","27987589","27987665","chr13","63031813","63031889","7","35044224"
"JH378111","28066367","28066673","chr1","99510509","99510815","49","71444142"
"JH378111","28103006","28103203","chr14","80491970","80492166","35","52388964"
"JH378111","28146664","28146969","chr5","2273487","2273788","35","25873177"
"JH378111","28159933","28160165","chr3","54105063","54105296","54","25945130"
"JH378111","28175293","28175592","chr17","35258575","35258878","36","7083282"
"JH378111","28184554","28184794","chr11","126175108","126175340","38","97990554"
"JH378111","28213236","28213516","chr14","95964336","95964605","38","67751100"
"JH378111","28297009","28297150","chr19","8077296","8077434","26","20219713"
"JH378111","28338129","28338433","chr20","20539479","20539784","40","7798650"
"JH378111","28341497","28341787","chr12","10064948","10065242","34","18276549"
"JH378111","28491082","28491340","chr5","57856103","57856358","37","29365021"
"JH378111","28499112","28499400","chr20","121618255","121618545","31","93119143"
"JH378111","28505041","28505328","chr8","75315240","75315524","44","46810199"
"JH378111","28512458","28512764","chr20","89561089","89561394","31","61048631"
"JH378111","28512773","28513059","chr9","87675035","87675319","36","59162262"
"JH378111","28573528","28573640","chr6","1067449","1067558","14","27506079"
"JH378111","28593647","28593948","chr14","18052145","18052449","50","10541502"
"JH378111","28601443","28601749","chr2","34891557","34891863","47","6290114"
"JH378111","28617619","28617909","chr1","85364685","85364961","44","56747066"
"JH378111","28656479","28656597","chr6","11193830","11193948","13","17462649"
"JH378111","28732739","28733049","chr10","47669467","47669767","50","18936728"
"JH378111","28778784","28779047","chr16","63471279","63471543","43","34692495"
"JH378111","28800279","28800572","chr16","30637924","30638212","36","1837645"
"JH378111","28842433","28842522","chr19","7758593","7758681","11","21083840"
"JH378111","28862849","28862998","chr9","59130238","59130387","17","30267389"
"JH378111","28947034","28947342","chr22","70744630","70744933","35","41797596"
"JH378111","28983925","28984228","chr14","79729598","79729899","35","50745673"
"JH378111","29037312","29037598","chr6","44675473","44675756","38","15638161"
"JH378111","29141438","29141564","chrX","22438872","22438995","20","6702566"
"JH378111","29182584","29182863","chr5","56273551","56273834","50","27090967"
"JH378111","29201748","29202022","chr9","61123989","61124258","37","31922241"
"JH378111","29267253","29267556","chr12","10064948","10065242","34","19202305"
"JH378111","29278199","29278487","chr6","40957719","40958012","48","11679520"
"JH378111","29291278","29291588","chr21","13830726","13831028","39","15460552"
"JH378111","29291716","29292025","chr20","24122071","24122376","36","5169645"
"JH378111","29318736","29318959","chr20","109416530","109416751","33","80097794"
"JH378111","29328701","29329013","chr1","66807483","66807786","49","37478782"
"JH378111","29439296","29439605","chr1","10938341","10938635","46","18500955"
"JH378111","29490753","29491063","chr5","2273487","2273788","32","27217266"
"JH378111","29524630","29524779","chr9","59130238","59130387","16","29605608"
"JH378111","29563852","29564164","chr12","60432247","60432540","59","30868395"
"JH378111","29583394","29583682","chr12","74716502","74716795","46","45133108"
"JH378111","29588798","29589109","chr23","78958611","78958915","37","49369813"
"JH378111","29765401","29765700","chr14","27700149","27700448","51","2065252"
"JH378111","29800234","29800536","chr5","33074148","33074451","48","3273914"
"JH378111","29832359","29832502","chr11","95753406","95753542","15","65921047"
"JH378111","29832605","29832771","chr9","85564984","85565140","33","55732379"
"JH378111","29851407","29851710","chr12","10064948","10065242","27","19786459"
"JH378111","29921299","29921539","chr25","83059316","83059553","31","53138017"
"JH378111","30018170","30018480","chr26","38024857","38025165","31","8006687"
"JH378111","30033687","30033987","chr12","10064948","10065242","27","19968739"
"JH378111","30106934","30107196","chr9","68188524","68188799","55","38081590"
"JH378111","30364549","30364843","chr6","17802140","17802439","43","12562409"
"JH378111","30474435","30474517","chr5","67880800","67880883","5","37406365"
"JH378111","30510449","30510681","chr20","92882451","92882681","25","62372002"
"JH378111","30557186","30557495","chr11","115525233","115525542","29","84968047"
"JH378111","30580105","30580401","chr7","122220778","122221068","40","91640673"
"JH378111","30610122","30610433","chr24","68895333","68895641","41","38285211"
"JH378111","30754009","30754300","chr17","48876018","48876313","38","18122009"
"JH378111","30782615","30782920","chr5","9902768","9903074","47","20879847"
"JH378111","30789057","30789343","chr13","23287578","23287859","47","7501479"
"JH378111","30847994","30848296","chr12","10064948","10065242","28","20783046"
"JH378111","30898841","30898936","chr22","82220107","82220203","8","51321266"
"JH378111","30902736","30903040","chr5","2273487","2273788","30","28629249"
"JH378111","30943574","30943870","chr19","27900655","27900949","39","3042919"
"JH378111","30973428","30973716","chr12","55113250","55113544","34","24139822"
"JH378111","30974252","30974561","chr1","65504304","65504612","36","34530052"
"JH378111","30983807","30984102","chr12","10064948","10065242","25","20918859"
"JH378111","31013481","31013707","chr9","48364842","48365088","52","17351361"
"JH378111","31018759","31019038","chr21","74261357","74261632","53","43242598"
"JH378111","31113747","31114045","chr24","1147887","1148184","30","29965860"
"JH378111","31140619","31140927","chr20","71071763","71072067","37","39931144"
"JH378111","31171723","31171999","chr20","75127208","75127485","40","43955485"
"JH378111","31182595","31182807","chr16","6238673","6238883","23","24943922"
"JH378111","31201556","31201851","chr14","83371933","83372231","35","52170377"
"JH378111","31225902","31226188","chr25","54732656","54732934","41","23506754"
"JH378111","31278022","31278326","chr18","44879897","44880198","36","13601875"
"JH378111","31282382","31282689","chr11","4229918","4230223","34","27052464"
"JH378111","31326689","31326765","chr13","63031813","63031889","9","31705124"
"JH378111","31372149","31372455","chr15","76433661","76433968","38","45061512"
"JH378111","31389355","31389663","chr5","57462893","57463195","35","26073538"
"JH378111","31422424","31422732","chr1","65504304","65504612","44","34081880"
"JH378111","31539961","31540255","chr17","66575990","66576280","36","35036029"
"JH378111","31645880","31646184","chr5","5605686","5606000","69","26040194"
"JH378111","31690694","31690997","chr13","79895992","79896295","44","48205298"
"JH378111","31714645","31714725","chr5","67880800","67880883","8","36166155"
"JH378111","31716690","31717000","chr8","1760359","1760667","38","29956331"
"JH378111","31717615","31717915","chr8","40060771","40061076","43","8343156"
"JH378111","31739859","31740172","chr8","1760359","1760667","38","29979500"
"JH378111","31962865","31963164","chrX","50127586","50127886","45","18164721"
"JH378111","31975563","31975834","chr15","5774285","5774563","69","26201278"
"JH378111","32025758","32026062","chr1","65504304","65504612","39","33478546"
"JH378111","32244231","32244527","chr12","10064948","10065242","31","22179283"
"JH378111","32257131","32257431","chr16","726327","726624","42","31530804"
"JH378111","32323938","32324234","chr14","21331402","21331700","39","10992536"
"JH378111","32380665","32380872","chr20","117372129","117372341","28","84991464"
"JH378111","32397286","32397581","chr18","55497484","55497775","36","23100198"
"JH378111","32402456","32402754","chr8","52344592","52344885","39","19942136"
"JH378111","32412196","32412503","chr12","74217361","74217667","34","41805165"
"JH378111","32422814","32423119","chr12","10064948","10065242","32","22357866"
"JH378111","32441307","32441614","chr9","13789985","13790287","39","18651322"
"JH378111","32545881","32546190","chr5","2273487","2273788","35","30272394"
"JH378111","32557026","32557336","chr1","65504304","65504612","33","32947278"
"JH378111","32562195","32562305","chr6","1067449","1067558","10","31494746"
"JH378111","32575055","32575338","chr15","12477396","12477679","48","20097659"
"JH378111","32579148","32579272","chr3","72385674","72385796","18","39806526"
"JH378111","32610563","32610658","chr22","82220107","82220203","8","49609544"
"JH378111","32675619","32675929","chr12","74217361","74217667","27","41541742"
"JH378111","32686076","32686379","chr21","22838763","22839060","37","9847313"
"JH378111","32687925","32688223","chr11","42115371","42115662","40","9427446"
"JH378111","32697945","32698091","chr9","59130238","59130387","12","26432293"
"JH378111","32700271","32700346","chr13","63031813","63031889","5","30331542"
"JH378111","32701039","32701344","chr8","28306647","28306944","36","4394392"
"JH378111","32711768","32712067","chr29","8289755","8290055","27","24422013"
"JH378111","32720381","32720475","chr13","23647091","23647185","11","9073290"
"JH378111","32721398","32721684","chr24","76614329","76614607","36","43892931"
"JH378111","32761308","32761624","chr2","34891557","34891863","38","2130249"
"JH378111","32771279","32771608","chr10","89459842","89460157","47","56688563"
"JH378111","32797959","32798265","chrX","125302543","125302844","36","92504584"
"JH378111","32853795","32853874","chr16","3308866","3308945","8","29544929"
"JH378111","32868433","32868572","chr1","89404945","89405080","17","56536512"
"JH378111","32869652","32869746","chr22","82220107","82220203","9","49350455"
"JH378111","32879047","32879141","chr22","82220107","82220203","10","49341060"
"JH378111","32912238","32912327","chr19","7758593","7758681","10","25153645"
"JH378111","32913198","32913321","chr20","104220685","104220809","14","71307487"
"JH378111","32913515","32913606","chr26","2410971","2411056","16","30502544"
"JH378111","32945099","32945381","chr25","11351761","11352045","46","21593338"
"JH378111","32962980","32963280","chr17","28137789","28138092","41","4825191"
"JH378111","33010590","33010883","chr25","5442274","5442573","36","27568316"
"JH378111","33018869","33019178","chr6","16598509","16598818","35","16420360"
"JH378111","33031863","33032121","chr1","8544759","8545018","51","24487104"
"JH378111","33056048","33056355","chr5","2273487","2273788","32","30782561"
"JH378111","33109983","33110062","chr5","67880800","67880883","10","34770817"
"JH378111","33113430","33113541","chr9","58173292","58173413","24","25059862"
"JH378111","33127682","33127988","chr12","74217361","74217667","31","41089679"
"JH378111","33182088","33182175","chr19","7758593","7758681","10","25423495"
"JH378111","33183494","33183797","chr21","13830726","13831028","38","19352768"
"JH378111","33189772","33189888","chr3","66613019","66613136","21","33423247"
"JH378111","33189889","33190157","chr22","91959188","91959456","32","58769299"
"JH378111","33259215","33259513","chr11","40478597","40478899","35","7219382"
"JH378111","33260633","33260762","chr19","5294457","5294586","13","27966176"
"JH378111","33264376","33264675","chr5","2273487","2273788","36","30990889"
"JH378111","33294161","33294474","chr17","35258575","35258878","30","1964414"
"JH378111","33295712","33295802","chr3","65349691","65349782","12","32053979"
"JH378111","33319291","33319398","chr24","40919436","40919535","29","7600145"
"JH378111","33332803","33333022","chr7","10159882","10160097","38","23172921"
"JH378111","33340410","33340696","chr12","82326389","82326672","53","48985979"
"JH378111","33342359","33342670","chr11","115525233","115525542","32","82182874"
"JH378111","33364573","33364881","chr17","35258575","35258878","47","1894002"
"JH378111","33367340","33367627","chr16","63471279","63471543","54","30103939"
"JH378111","33369328","33369474","chr17","28507557","28507698","16","4861771"
"JH378111","33398130","33398269","chr3","90669571","90669712","13","57271441"
"JH378111","33405751","33405971","chr7","97152314","97152538","31","63746563"
"JH378111","33411214","33411494","chr20","108907026","108907317","36","75495812"
"JH378111","33412039","33412343","chr18","66152378","66152674","43","32740339"
"JH378111","33420268","33420482","chr15","82175072","82175282","28","48754804"
"JH378111","33423512","33423814","chr22","47793370","47793666","36","14369858"
"JH378111","33432900","33433199","chr12","10064948","10065242","26","23367952"
"JH378111","33454534","33454724","chr1","99579422","99579604","31","66124888"
"JH378111","33461689","33461983","chr10","89183195","89183488","41","55721506"
"JH378111","33468479","33468779","chr29","10722547","10722839","35","22745932"
"JH378111","33470978","33471068","chr19","7758593","7758681","11","25712385"
"JH378111","33478845","33479134","chr5","42662951","42663235","41","9184106"
"JH378111","33480272","33480345","chr25","80842336","80842405","15","47362064"
"JH378111","33480724","33480953","chr5","66835799","66836030","35","33355075"
"JH378111","33549889","33550193","chr6","7190985","7191277","35","26358904"
"JH378111","33608529","33608828","chr12","10064948","10065242","30","23543581"
"JH378111","33723283","33723593","chr11","115525233","115525542","29","81801950"
"JH378111","33764508","33764802","chr12","10064948","10065242","32","23699560"
"JH378111","33772992","33773111","chr24","48537275","48537387","18","14764283"
"JH378111","33784292","33784375","chr5","67880800","67880883","7","34096508"
"JH378111","33798926","33799211","chr25","61615818","61616106","41","27816892"
"JH378111","33804867","33805105","chr10","114621703","114621933","40","80816836"
"JH378111","33806976","33807274","chr24","8381796","8382090","39","25425180"
"JH378111","33825996","33826304","chr2","35933723","35934028","38","2107727"
"JH378111","33858873","33859129","chr20","93260402","93260679","52","59401529"
"JH378111","33870255","33870524","chr21","61152043","61152312","45","27281788"
"JH378111","33876275","33876414","chr6","7501396","7501533","12","26374879"
"JH378111","33890448","33890632","chr7","30766435","30766612","30","3124013"
"JH378111","33932847","33933152","chr1","29150994","29151294","43","4781853"
"JH378111","33965231","33965514","chr22","11237891","11238177","40","22727340"
"JH378111","33966430","33966520","chr3","65349691","65349782","8","31383261"
"JH378111","33968375","33968461","chr16","4405728","4405812","7","29562647"
"JH378111","33973035","33973347","chr3","22013697","22014006","44","11959338"
"JH378111","33995881","33996190","chr2","34891557","34891863","33","895676"
"JH378111","33997281","33997564","chr7","33626384","33626662","40","370897"
"JH378111","33997778","33998072","chr12","10064948","10065242","28","23932830"
"JH378111","33998087","33998208","chr6","44144914","44145033","14","10146827"
"JH378111","34010448","34010741","chr9","96314869","96315163","31","62304421"
"JH378111","34022040","34022113","chr6","5083611","5083684","23","28938429"
"JH378111","34022463","34022593","chr3","91348390","91348521","18","57325927"
"JH378111","34027950","34028245","chr12","6781553","6781865","77","27246397"
"JH378111","34030754","34030857","chr13","42116553","42116656","8","8085799"
"JH378111","34035066","34035196","chr3","91348390","91348521","11","57313324"
"JH378111","34037113","34037207","chr22","82220107","82220203","7","48182994"
"JH378111","34060711","34061016","chr14","83371933","83372231","41","49311222"
"JH378111","34066549","34066622","chr13","63031813","63031889","9","28965264"
"JH378111","34089248","34089338","chr3","65349691","65349782","10","31260443"
"JH378111","34100776","34100894","chr4","60395666","60395783","10","26294890"
"JH378111","34105491","34105797","chr1","53919172","53919477","46","19813681"
"JH378111","34147352","34147441","chr3","65349691","65349782","11","31202339"
"JH378111","34217412","34217694","chr19","1553694","1553987","47","32663718"
"JH378111","34338914","34339210","chr15","5114677","5114969","38","29224237"
"JH378111","34542210","34542505","chr9","96314869","96315163","39","61772659"
"JH378111","34568921","34569240","chr6","10625136","10625443","62","23943785"
"JH378111","34585673","34586005","chr26","15539813","15540127","61","19045860"
"JH378111","34622284","34622589","chr8","62334634","62334934","41","27712350"
"JH378111","34633037","34633330","chr3","77036872","77037165","36","42403835"
"JH378111","34641503","34641795","chr15","86758708","86759003","35","52117205"
"JH378111","34654420","34654730","chr8","1641343","1641640","44","33013077"
"JH378111","34665585","34665887","chrX","23977849","23978143","45","10687736"
"JH378111","34738862","34739158","chr22","18234123","18234429","32","16504739"
"JH378111","34778017","34778114","chr22","82220107","82220203","10","47442090"
"JH378111","34811158","34811457","chr2","22390377","22390668","39","12420781"
"JH378111","34829407","34829694","chr23","52163513","52163808","34","17334106"
"JH378111","34851568","34851860","chr24","58320013","58320301","40","23468445"
"JH378111","34904099","34904400","chr4","73035785","73036085","35","38131686"
"JH378111","34916347","34916646","chr16","3215358","3215658","47","31700989"
"JH378111","34917169","34917456","chr3","3085736","3086032","39","31831433"
"JH378111","34925741","34926011","chr6","2672448","2672721","46","32253293"
"JH378111","34937741","34937834","chr22","82220107","82220203","10","47282366"
"JH378111","34939631","34939726","chr22","82220107","82220203","8","47280476"
"JH378111","34957354","34957634","chr6","37843963","37844249","43","2886609"
"JH378111","34969901","34970195","chr12","10064948","10065242","29","24904953"
"JH378111","34992681","34992804","chr26","50406966","50407092","16","15414285"
"JH378111","35011117","35011247","chr3","92101699","92101829","15","57090582"
"JH378111","35036816","35036914","chr22","82220107","82220203","9","47183291"
"JH378111","35038788","35038884","chr22","82220107","82220203","6","47181319"
"JH378111","35066963","35067076","chr24","48537275","48537387","19","13470312"
"JH378111","35074793","35075002","chr1","121417341","121417548","30","86342548"
"JH378111","35078320","35078593","chr1","18863875","18864153","59","16214445"
"JH378111","35086594","35086897","chr2","5168180","5168471","34","29918414"
"JH378111","35100093","35100230","chr3","90669571","90669712","14","55569478"
"JH378111","35132915","35133212","chr9","13973543","13973840","33","21159372"
"JH378111","35142513","35142810","chr12","10064948","10065242","26","25077565"
"JH378111","35159320","35159604","chr14","80284365","80284655","40","45125045"
"JH378111","35211709","35211996","chr10","44316765","44317039","44","9105056"
"JH378111","35234274","35234557","chr26","15737333","15737619","38","19496941"
"JH378111","35405052","35405348","chr12","10064948","10065242","31","25340104"
"JH378111","35419227","35419522","chr1","18554019","18554319","44","16865208"
"JH378111","35457565","35457850","chr15","5114677","5114969","53","30342888"
"JH378111","35477272","35477374","chrX","2017984","2018087","7","33459288"
"JH378111","35505582","35505678","chr22","82220107","82220203","13","46714525"
"JH378111","35506972","35507286","chrX","44976189","44976495","37","9469217"
"JH378111","35573206","35573513","chr9","85823742","85824047","43","50250536"
"JH378111","35676780","35677122","chr16","52975249","52975580","61","17298469"
"JH378111","35747814","35748089","chr8","96501172","96501435","50","60753358"
"JH378111","35787028","35787300","chr10","127738843","127739102","40","91951815"
"JH378111","35794992","35795277","chr9","12848067","12848359","49","22946925"
"JH378111","35836893","35837135","chr29","11365553","11365795","36","24471340"
"JH378111","35858083","35858380","chr12","10064948","10065242","24","25793135"
"JH378111","36019677","36019925","chr17","26329506","26329728","53","9690171"
"JH378111","36033281","36033569","chr9","96314869","96315163","46","60281588"
"JH378111","36128201","36128510","chr3","20237905","20238212","37","15890296"
"JH378111","36134366","36134671","chr1","103415790","103416081","39","67281424"
"JH378111","36146375","36146656","chr6","11944778","11945070","45","24201597"
"JH378111","36175116","36175400","chr14","5195618","5195911","48","30979498"
"JH378111","36310826","36310921","chr20","119761262","119761350","18","83450436"
"JH378111","36366289","36366590","chr5","2273487","2273788","33","34092802"
"JH378111","36465117","36465419","chr1","10803268","10803561","39","25661849"
"JH378111","36503477","36503760","chr12","26397452","26397733","41","10106025"
"JH378111","36529718","36530027","chr17","21524478","21524775","36","15005240"
"JH378111","36621541","36621724","chr24","29806361","29806550","34","6815180"
"JH378111","36857486","36857596","chr6","1067449","1067558","12","35790037"
"JH378111","36858807","36858965","chr18","16359736","16359900","29","20499071"
"JH378111","36875407","36875698","chr18","57857287","57857580","34","20981880"
"JH378111","36889144","36889447","chr12","10064948","10065242","34","26824196"
"JH378111","36892743","36893039","chr9","68468865","68469160","42","31576122"
"JH378111","36942550","36942839","chrX","95460911","95461200","47","58518361"
"JH378111","36957705","36958013","chr20","70184160","70184468","45","33226455"
"JH378111","37014559","37014865","chr1","63079944","63080250","33","26065385"
"JH378111","37021097","37021403","chr5","36774379","36774687","39","246718"
"JH378111","37025523","37025804","chr1","11027455","11027735","33","25998068"
"JH378111","37063931","37064231","chr20","40940162","40940460","38","3876231"
"JH378111","37084275","37084548","chr18","66249703","66249966","39","29165428"
"JH378111","37129855","37129953","chr22","82220107","82220203","8","45090252"
"JH378111","37295482","37295787","chr5","2273487","2273788","30","35021995"
"JH378111","37326238","37326513","chr26","53987975","53988244","41","16661737"
"JH378111","37400011","37400273","chr6","42144090","42144355","42","4744079"
"JH378111","37419040","37419357","chr6","15953108","15953417","45","21465932"
"JH378111","37435411","37435708","chr12","10064948","10065242","24","27370463"
"JH378111","37464156","37464446","chr7","54574189","54574489","41","17110033"
"JH378111","37469683","37469978","chr12","10064948","10065242","22","27404735"
"JH378111","37480664","37480750","chr16","4405728","4405812","10","33074936"
"JH378111","37529729","37530039","chr1","65504304","65504612","32","27974575"
"JH378111","37675689","37676006","chr12","6781553","6781865","128","30894136"
"JH378111","37679394","37679701","chr12","10064948","10065242","38","27614446"
"JH378111","37786404","37786694","chr6","48913632","48913921","33","11127228"
"JH378111","37810086","37810384","chr1","10803268","10803561","53","27006818"
"JH378111","37818214","37818504","chr26","20269198","20269489","42","17549016"
"JH378111","37821878","37821934","chr5","8923767","8923819","15","28898111"
"JH378111","37831054","37831353","chr2","14954130","14954422","35","22876924"
"JH378111","37841058","37841369","chr11","115525233","115525542","40","77684175"
"JH378111","37918979","37919286","chr22","79290115","79290425","39","41371136"
"JH378111","37980577","37980854","chr1","80884068","80884343","53","42903491"
"JH378111","38032906","38033204","chr14","36991957","36992258","42","1040949"
"JH378111","38060765","38061060","chr21","96446008","96446310","36","58385243"
"JH378111","38102992","38103296","chr1","108565860","108566161","43","70462868"
"JH378111","38114056","38114308","chr3","27147134","27147379","42","10966922"
"JH378111","38124216","38124525","chr17","34547332","34547638","38","3576884"
"JH378111","38131594","38131882","chr21","115159074","115159359","36","77027480"
"JH378111","38146825","38147124","chr11","51624065","51624366","42","13477240"
"JH378111","38158242","38158326","chr12","7441397","7441481","10","30716845"
"JH378111","38166633","38166873","chr27","34555371","34555601","48","3611262"
"JH378111","38180830","38181159","chr20","96800606","96800937","40","58619776"
"JH378111","38208578","38208890","chr5","42870195","42870502","32","4661617"
"JH378111","38221848","38222163","chr6","28157270","28157576","38","10064578"
"JH378111","38243526","38243831","chr9","85823742","85824047","34","47580216"
"JH378111","38317571","38317879","chr2","65511339","65511645","39","27193768"
"JH378111","38367982","38368285","chr18","20071743","20072032","44","18296239"
"JH378111","38388574","38388861","chr11","104722303","104722593","30","66333729"
"JH378111","38392460","38392766","chr15","18549945","18550246","34","19842515"
"JH378111","38421202","38421545","chr20","96800606","96800937","44","58379404"
"JH378111","38462799","38463058","chr4","84585619","84585878","41","46122820"
"JH378111","38606084","38606385","chr15","12031507","12031804","30","26574577"
"JH378111","38609033","38609320","chr6","38582923","38583209","26","26110"
"JH378111","38684499","38684786","chr7","36238086","36238370","37","2446413"
"JH378111","38734756","38735065","chr12","60432247","60432540","59","21697491"
"JH378111","38745949","38746232","chr22","5608441","5608728","46","33137508"
"JH378111","38753975","38754280","chr9","39095858","39096151","45","341883"
"JH378111","38800335","38800645","chr21","107419313","107419621","43","68618978"
"JH378111","38843064","38843325","chr25","82379602","82379865","32","43536538"
"JH378111","38870578","38870855","chr16","10517520","10517802","52","28353058"
"JH378111","38899322","38899633","chr1","65504304","65504612","27","26604982"
"JH378111","38957103","38957238","chr26","6591504","6591639","14","32365599"
"JH378111","38958888","38959097","chr2","41986599","41986802","22","3027711"
"JH378111","38970766","38971068","chr17","54691676","54691976","40","15720910"
"JH378111","38998429","38998691","chr4","52736916","52737178","33","13738487"
"JH378111","39045831","39046122","chr29","7315108","7315400","44","31730723"
"JH378111","39069024","39069320","chr1","115205454","115205746","48","76136430"
"JH378111","39107166","39107476","chr8","62334634","62334934","52","23227468"
"JH378111","39229021","39229342","chr3","87034060","87034367","54","47805039"
"JH378111","39262180","39262496","chr2","34891557","34891863","39","4370623"
"JH378111","39345624","39345925","chr14","83348314","83348610","47","44002690"
"JH378111","39391497","39391810","chr10","72956484","72956800","40","33564987"
"JH378111","39398882","39399183","chr26","3432917","3433216","47","35965965"
"JH378111","39574987","39575289","chr12","104946499","104946793","47","65371512"
"JH378111","39591546","39591715","chr20","95353832","95354005","31","55762286"
"JH378111","39591717","39592023","chr11","117737181","117737478","52","78145464"
"JH378111","39604516","39604795","chr8","94942905","94943180","34","55338389"
"JH378111","39608399","39608692","chr24","6282434","6282731","47","33325965"
"JH378111","39630776","39631060","chrX","49498574","49498857","42","9867798"
"JH378111","39664788","39665095","chr12","18116348","18116654","45","21548440"
"JH378111","39726821","39726890","chr5","26226134","26226199","16","13500687"
"JH378111","39848717","39849026","chr14","37502367","37502673","37","2346350"
"JH378111","39911078","39911360","chr16","54367117","54367400","43","14456039"
"JH378111","39938974","39939279","chr15","10069952","10070256","46","29869022"
"JH378111","40195008","40195301","chr21","75861886","75862178","35","35666878"
"JH378111","40201662","40201785","chr15","90834689","90834810","11","50633027"
"JH378111","40264051","40264350","chr25","18828195","18828491","38","21435856"
"JH378111","40289067","40289357","chr1","46924304","46924587","36","6635237"
"JH378111","40299422","40299707","chr12","86946922","86947202","48","46647500"
"JH378111","40313773","40314075","chr2","66238030","66238331","37","25924257"
"JH378111","40331591","40331884","chr28","8166965","8167266","37","32164626"
"JH378111","40412836","40413140","chr4","62222786","62223086","42","21809950"
"JH378111","40599670","40599969","chr12","10064948","10065242","33","30534722"
"JH378111","40660783","40661072","chr2","57111387","57111678","39","16450604"
"JH378111","40759711","40760013","chr11","117737181","117737478","34","76977470"
"JH378111","40952668","40952952","chr8","114583053","114583349","48","73630385"
"JH378111","40979617","40979699","chr5","67880800","67880883","6","26901183"
"JH378111","41005523","41005815","chr1","10803268","10803561","34","30202255"
"JH378111","41075827","41076097","chr23","31836812","31837073","59","9239015"
"JH378111","41095965","41096259","chr16","17016732","17017024","32","24079233"
"JH378111","41098224","41098536","chr12","12869342","12869649","49","28228882"
"JH378111","41127857","41128168","chr20","12923354","12923654","41","28204503"
"JH378111","41205462","41205602","chr3","90669571","90669712","15","49464109"
"JH378111","41273308","41273420","chr10","119600285","119600402","26","78326977"
"JH378111","41308954","41309255","chr10","2350876","2351174","34","38958078"
"JH378111","41348209","41348508","chr27","22888845","22889148","40","18459364"
"JH378111","41432110","41432397","chr21","112154660","112154950","37","70722550"
"JH378111","41445091","41445390","chr12","10064948","10065242","29","31380143"
"JH378111","41446791","41447068","chr20","98743174","98743451","37","57296383"
"JH378111","41475070","41475362","chr24","21274276","21274566","48","20200794"
"JH378111","41496962","41497260","chr24","46239760","46240049","57","4742798"
"JH378111","41512268","41512401","chr14","85253092","85253225","20","43740824"
"JH378111","41521452","41521703","chr27","39315008","39315257","36","2206444"
"JH378111","41570489","41570778","chr10","88358087","88358381","43","46787598"
"JH378111","41593866","41594171","chr21","8886041","8886345","40","32707825"
"JH378111","41627270","41627563","chr12","10064948","10065242","32","31562322"
"JH378111","41650702","41651004","chr8","1916519","1916819","44","39734183"
"JH378111","41777002","41777203","chr28","3271954","3272157","37","38505048"
"JH378111","41788847","41789155","chr2","25122492","25122796","36","16666355"
"JH378111","41815061","41815369","chr2","37683001","37683306","40","4132060"
"JH378111","41818393","41818696","chr10","10921561","10921863","42","30896832"
"JH378111","41819117","41819330","chr24","48462678","48462899","40","6643561"
"JH378111","41928191","41928264","chr13","63031813","63031889","9","21103622"
"JH378111","41929037","41929323","chr25","5524017","5524300","36","36405020"
"JH378111","41947137","41947449","chr5","36774379","36774687","40","5172758"
"JH378111","41953864","41953929","chr6","40614111","40614179","11","1339753"
"JH378111","41978720","41979029","chr1","65504304","65504612","33","23525584"
"JH378111","41998629","41998929","chr17","25327775","25328080","43","16670854"
"JH378111","41999663","41999946","chr9","26807010","26807295","32","15192653"
"JH378111","42008942","42009239","chr12","10064948","10065242","26","31943994"
"JH378111","42025222","42025468","chr2","38469015","38469263","36","3556207"
"JH378111","42029609","42029912","chr23","78958611","78958915","29","36929002"
"JH378111","42036131","42036424","chr22","47793370","47793666","47","5757239"
"JH378111","42043760","42044056","chr1","103415790","103416081","46","61372030"
"JH378111","42052021","42052308","chr4","67444451","67444740","40","25392430"
"JH378111","42062703","42062838","chr2","47575182","47575315","16","5512479"
"JH378111","42072538","42072833","chr9","62128581","62128882","54","20056043"
"JH378111","42081923","42082188","chr16","26067530","26067803","55","16014393"
"JH378111","42136495","42136584","chr3","65349691","65349782","13","23213196"
"JH378111","42141785","42142093","chr23","41434219","41434517","31","707566"
"JH378111","42142282","42142575","chr8","96745804","96746095","38","54603522"
"JH378111","42173534","42173822","chr6","48913632","48913921","37","6740098"
"JH378111","42180440","42180729","chr1","19002101","19002396","42","23178339"
"JH378111","42188444","42188558","chr6","1067449","1067558","12","41120995"
"JH378111","42239961","42240254","chr16","36406475","36406775","47","5833486"
"JH378111","42256221","42256504","chr25","3517710","3517996","41","38738511"
"JH378111","42302745","42303114","chr11","45826349","45826644","128","3523604"
"JH378111","42303562","42303851","chr10","8909912","8910203","38","33393650"
"JH378111","42352959","42353256","chr18","67218974","67219278","46","24866015"
"JH378111","42359320","42359623","chr4","67663418","67663723","45","25304098"
"JH378111","42365040","42365334","chr12","10064948","10065242","39","32300092"
"JH378111","42387588","42387880","chrX","23977849","23978143","31","18409739"
"JH378111","42438434","42438532","chr22","82220107","82220203","9","39781673"
"JH378111","42462457","42462712","chr22","88832832","88833087","26","46370375"
"JH378111","42486965","42487257","chr9","26807010","26807295","48","15679955"
"JH378111","42489590","42489883","chr6","11944778","11945070","32","30544812"
"JH378111","42510497","42510780","chr5","42662951","42663235","36","152454"
"JH378111","42539054","42539357","chr8","1760359","1760667","34","40778695"
"JH378111","42643189","42643500","chr14","83570862","83571166","44","40927673"
"JH378111","42658981","42659071","chr3","65349691","65349782","11","22690710"
"JH378111","42704428","42704724","chr22","79089199","79089487","38","36384771"
"JH378111","42709308","42709602","chr25","5442274","5442573","32","37267034"
"JH378111","42713708","42714015","chr2","60904952","60905253","46","18191244"
"JH378111","42789540","42789836","chr7","86104707","86105000","49","43315167"
"JH378111","42808440","42808564","chr1","8688937","8689061","14","34119503"
"JH378111","42811052","42811354","chr9","24652371","24652664","44","18158681"
"JH378111","42825803","42826102","chr8","18530878","18531178","29","24294925"
"JH378111","42852080","42852387","chr5","2273487","2273788","30","40578593"
"JH378111","42891253","42891525","chr7","87348687","87348960","39","44457434"
"JH378111","42906297","42906610","chr3","22013697","22014006","41","20892600"
"JH378111","42935705","42935998","chr9","85606741","85607040","41","42671036"
"JH378111","42947137","42947418","chr15","5747412","5747699","39","37199725"
"JH378111","43080526","43080826","chr9","907212","907509","39","42173314"
"JH378111","43091076","43091377","chr24","68895333","68895641","38","25804257"
"JH378111","43101543","43101789","chr16","65341402","65341647","38","22239859"
"JH378111","43126137","43126432","chr6","11944778","11945070","29","31181359"
"JH378111","43147101","43147219","chr15","53595698","53595816","12","10448597"
"JH378111","43169024","43169149","chr24","79691236","79691360","17","36522212"
"JH378111","43170428","43170575","chr9","59130238","59130387","17","15959810"
"JH378111","43286278","43286565","chr2","16485138","16485431","46","26801140"
"JH378111","43304307","43304583","chr22","9600661","9600931","33","33703646"
"JH378111","43310958","43311178","chr22","52509076","52509295","29","9198118"
"JH378111","43355757","43355999","chr7","12193381","12193629","48","31162376"
"JH378111","43400137","43400436","chr2","49104477","49104770","55","5704340"
"JH378111","43444057","43444154","chr22","82220107","82220203","9","38776050"
"JH378111","43522117","43522421","chr18","64029732","64030036","43","20507615"
"JH378111","43608345","43608644","chr20","19825871","19826167","43","23782474"
"JH378111","43658797","43659096","chr11","42115371","42115662","43","1543426"
"JH378111","44004722","44004813","chr20","119761262","119761350","14","75756540"
"JH378111","44253246","44253514","chr16","63471279","63471543","39","19218033"
"JH378111","44280959","44281202","chrX","109934724","109934968","34","65653765"
"JH378111","44491369","44491675","chr11","77493952","77494259","42","33002583"
"JH378111","44575864","44576168","chr17","35258575","35258878","34","9317289"
"JH378111","44585972","44586197","chr26","38356813","38357036","34","6229159"
"JH378111","44611056","44611371","chr4","81142392","81142703","43","36531336"
"JH378111","44622655","44622967","chr1","65504304","65504612","30","20881649"
"JH378111","44639660","44639970","chr5","2324242","2324550","35","42315418"
"JH378111","44641101","44641402","chr21","13830726","13831028","33","30810375"
"JH378111","44643907","44644220","chr2","34891557","34891863","32","9752350"
"JH378111","44647825","44647962","chr14","63670638","63670776","21","19022813"
"JH378111","44658267","44658348","chr5","67880800","67880883","9","23222533"
"JH378111","44662648","44662949","chr11","58110010","58110310","44","13447362"
"JH378111","44742297","44742614","chr11","115525233","115525542","35","70782936"
"JH378111","44750618","44750811","chr6","8749758","8749947","25","36000860"
"JH378111","44771387","44771694","chr14","75679811","75680118","35","30908424"
"JH378111","44810590","44810881","chr6","38437831","38438120","34","6372759"
"JH378111","44824395","44824681","chr1","19019153","19019427","55","25805242"
"JH378111","44886344","44886642","chr23","80713034","80713332","34","35826690"
"JH378111","44926591","44926905","chr8","36880801","36881113","46","8045790"
"JH378111","44944633","44944789","chr19","28685874","28686028","31","16258759"
"JH378111","44957169","44957454","chr3","3973222","3973508","39","40983947"
"JH378111","44998361","44998511","chr26","19804986","19805135","18","25193375"
"JH378111","45005471","45005632","chr27","11685310","11685466","24","33320161"
"JH378111","45014605","45014695","chr3","65349691","65349782","13","20335086"
"JH378111","45016909","45017203","chr12","10064948","10065242","29","34951961"
"JH378111","45036069","45036359","chr15","48893872","48894165","37","3857803"
"JH378111","45036419","45036709","chr9","62273501","62273789","30","17237082"
"JH378111","45043902","45044067","chr2","31532683","31532844","32","13511219"
"JH378111","45054604","45054902","chrX","468680","468977","38","44585924"
"JH378111","45057089","45057381","chr20","40940162","40940460","47","4116927"
"JH378111","45066455","45066544","chr3","65349691","65349782","14","20283236"
"JH378111","45072411","45072685","chr4","15532519","15532799","43","29539892"
"JH378111","45084250","45084379","chrX","60368209","60368339","13","15283959"
"JH378111","45092638","45092733","chr22","82220107","82220203","9","37127469"
"JH378111","45097022","45097266","chr24","81696706","81696945","32","36599684"
"JH378111","45101416","45101527","chr6","1067449","1067558","11","44033967"
"JH378111","45149549","45149855","chr5","66812818","66813124","43","21663269"
"JH378111","45182244","45182541","chr17","28726827","28727065","122","16455417"
"JH378111","45210079","45210216","chr5","71170946","71171077","26","25960867"
"JH378111","45212541","45212697","chr24","12006231","12006380","23","33206310"
"JH378111","45215902","45216197","chr9","68468865","68469160","44","23252963"
"JH378111","45289633","45289925","chr4","16735950","16736241","46","28553683"
"JH378111","45335856","45336157","chr14","83371933","83372231","39","38036077"
"JH378111","45505781","45506073","chr4","69375030","69375329","41","23869249"
"JH378111","45853092","45853383","chr5","2273487","2273788","49","43579605"
"JH378111","45868000","45868280","chr11","90825564","90825850","34","44957564"
"JH378111","45882171","45882448","chr9","32646450","32646711","48","13235721"
"JH378111","45922780","45923070","chr1","103415790","103416081","43","57493010"
"JH378111","45926945","45927191","chr12","9336995","9337224","62","36589950"
"JH378111","45927553","45927855","chrX","8531639","8531937","37","37395914"
"JH378111","45934624","45934910","chr11","81267825","81268109","36","35333201"
"JH378111","45989839","45990027","chr24","58749928","58750117","23","12760089"
"JH378111","46114765","46115052","chr13","36927522","36927813","49","9187243"
"JH378111","46126787","46127096","chr1","65504304","65504612","35","19377517"
"JH378112","26214107","26214401","chrX","104601258","104601549","41","78387151"
"JH378112","20840210","20840517","chr22","18232920","18233227","41","2607290"
"JH378112","33685467","33685763","chr1","68219231","68219530","36","34533764"
"JH378112","34209739","34210043","chr2","57283040","57283331","47","23073301"
"JH378112","5463","5718","chr8","130278670","130278926","37","130273207"
"JH378112","33242","33546","chr2","34891557","34891863","52","34858315"
"JH378112","85277","85365","chr16","4405728","4405812","9","4320451"
"JH378112","102119","102426","chr20","67956614","67956912","31","67854495"
"JH378112","134693","134787","chr22","82220107","82220203","10","82085414"
"JH378112","172359","172572","chr25","73647297","73647508","29","73474938"
"JH378112","176676","176976","chr12","6781553","6781865","113","6604877"
"JH378112","283628","283949","chr24","78070344","78070656","59","77786716"
"JH378112","374894","375151","chr6","38291436","38291692","32","37916542"
"JH378112","393590","393903","chr22","34065717","34066029","46","33672127"
"JH378112","411966","412247","chrUn_KE147935v1","289006","289277","59","122960"
"JH378112","454806","455099","chr1","97089521","97089816","39","96634715"
"JH378112","473226","473524","chr14","22799686","22799991","51","22326460"
"JH378112","598756","599076","chr14","48869797","48870112","39","48271041"
"JH378112","649339","649658","chr11","115525233","115525542","36","114875894"
"JH378112","668328","668498","chr9","12914565","12914736","39","12246237"
"JH378112","681372","681687","chr1","65504304","65504612","38","64822932"
"JH378112","722970","723281","chr5","2273487","2273788","33","1550517"
"JH378112","734834","735077","chr24","66946035","66946274","32","66211201"
"JH378112","776722","777024","chr12","10064948","10065242","32","9288226"
"JH378112","850031","850343","chr8","92812126","92812433","37","91962095"
"JH378112","866452","866747","chr12","10064948","10065242","28","9198496"
"JH378112","869872","870182","chr2","34891557","34891863","31","34021685"
"JH378112","954062","954144","chr16","4405728","4405812","7","3451666"
"JH378112","1006862","1007111","chr24","45434532","45434780","33","44427670"
"JH378112","1068143","1068239","chr22","82220107","82220203","12","81151964"
"JH378112","1089295","1089589","chr11","42115371","42115662","32","41026076"
"JH378112","1197599","1197850","chr16","65251314","65251569","28","64053715"
"JH378112","1340826","1341112","chr7","36238086","36238370","37","34897260"
"JH378112","1436125","1436435","chr14","22799686","22799991","41","21363561"
"JH378112","1466826","1467112","chr9","26807010","26807295","39","25340184"
"JH378112","1494078","1494217","chr3","90669571","90669712","15","89175493"
"JH378112","1590894","1591188","chr7","31825222","31825504","43","30234328"
"JH378112","1622440","1622745","chr12","74217361","74217667","33","72594921"
"JH378112","1755747","1756004","chrX","66838893","66839148","45","65083146"
"JH378112","1810447","1810748","chr5","36774379","36774687","47","34963932"
"JH378112","1855385","1855521","chr26","6591504","6591639","14","4736119"
"JH378112","1878440","1878566","chr20","20852752","20852882","13","18974312"
"JH378112","1913550","1913838","chr10","105121069","105121335","116","103207519"
"JH378112","1917562","1917878","chr1","65504304","65504612","42","63586742"
"JH378112","1952811","1952858","chr1","9056479","9056526","8","7103668"
"JH378112","1968943","1969248","chr14","83371933","83372231","44","81402990"
"JH378112","1979808","1980107","chr16","23138348","23138648","47","21158540"
"JH378112","2175464","2175762","chr8","1916519","1916819","41","258945"
"JH378112","2219871","2219955","chr16","4405728","4405812","8","2185857"
"JH378112","2269582","2269869","chr6","38582923","38583209","33","36313341"
"JH378112","2329958","2330236","chr4","74202712","74202991","42","71872754"
"JH378112","2333908","2334199","chr10","76395422","76395710","44","74061514"
"JH378112","2372415","2372560","chr9","59130238","59130387","18","56757823"
"JH378112","2409945","2410249","chr23","78958611","78958915","28","76548666"
"JH378112","2427136","2427421","chr2","34541558","34541838","41","32114422"
"JH378112","2446968","2447235","chr5","34103098","34103364","32","31656130"
"JH378112","2451607","2451919","chr23","40897282","40897583","42","38445675"
"JH378112","2482546","2482852","chr11","125798758","125799061","35","123316212"
"JH378112","2515642","2515719","chr13","63031813","63031889","7","60516171"
"JH378112","2540009","2540236","chr6","2372111","2372337","37","167898"
"JH378112","2574891","2575182","chr12","10064948","10065242","25","7490057"
"JH378112","2604795","2604884","chr19","7758593","7758681","12","5153798"
"JH378112","2606144","2606279","chr26","6591504","6591639","14","3985360"
"JH378112","2774933","2775235","chr23","41434219","41434517","38","38659286"
"JH378112","2812233","2812526","chr11","123334457","123334749","40","120522224"
"JH378112","2824683","2824969","chr13","597287","597572","48","2227396"
"JH378112","2834917","2835006","chr19","7758593","7758681","10","4923676"
"JH378112","2970017","2970297","chr6","44675473","44675756","39","41705456"
"JH378112","2972602","2972855","chr27","10234079","10234323","39","7261477"
"JH378112","3068993","3069276","chr11","40227465","40227746","46","37158472"
"JH378112","3077763","3078062","chr5","2273487","2273788","37","804276"
"JH378112","3149014","3149307","chr12","10064948","10065242","34","6915934"
"JH378112","3151657","3151948","chr21","74368618","74368909","43","71216961"
"JH378112","3157084","3157402","chr16","55157456","55157764","42","52000372"
"JH378112","3169989","3170094","chrX","2017984","2018087","9","1152005"
"JH378112","3171334","3171615","chr19","16595712","16595987","41","13424378"
"JH378112","3183670","3183958","chr4","71259031","71259315","42","68075361"
"JH378112","3204609","3204917","chr6","29168940","29169240","44","25964331"
"JH378112","3207414","3207711","chr15","3702894","3703194","44","495480"
"JH378112","3223346","3223631","chr5","42662951","42663235","42","39439605"
"JH378112","3224888","3224987","chr22","82220107","82220203","11","78995219"
"JH378112","3267101","3267195","chr19","23494523","23494608","18","20227422"
"JH378112","3319295","3319584","chrX","23977849","23978143","44","20658554"
"JH378112","3332297","3332590","chr16","10875666","10875959","32","7543369"
"JH378112","3339515","3339664","chr22","66760031","66760178","26","63420516"
"JH378112","3359473","3359561","chr16","4405728","4405812","7","1046255"
"JH378112","3362587","3362706","chr15","90834689","90834810","12","87472102"
"JH378112","3385245","3385460","chr22","6719548","6719763","25","3334303"
"JH378112","3429941","3430014","chr9","62921501","62921569","12","59491560"
"JH378112","3444129","3444429","chr1","103050659","103050957","47","99606530"
"JH378112","3497763","3498064","chr5","2273487","2273788","35","1224276"
"JH378112","3526661","3526953","chr13","65577132","65577425","34","62050471"
"JH378112","3589200","3589288","chr14","82610477","82610563","11","79021277"
"JH378112","3731175","3731475","chr22","73263557","73263857","31","69532382"
"JH378112","3841293","3841608","chr1","65504304","65504612","45","61663011"
"JH378112","3874711","3875018","chr2","34891557","34891863","28","31016846"
"JH378112","4008437","4008734","chr8","93926175","93926473","42","89917738"
"JH378112","4031158","4031471","chr12","105714638","105714940","49","101683480"
"JH378112","4034363","4034661","chr9","43165199","43165493","39","39130836"
"JH378112","4037733","4038032","chr22","18988381","18988682","46","14950648"
"JH378112","4167200","4167503","chr2","25122492","25122796","42","20955292"
"JH378112","4326257","4326562","chr15","77713575","77713870","46","73387318"
"JH378112","4345840","4346150","chr24","68895333","68895641","31","64549493"
"JH378112","4389389","4389634","chr16","65341402","65341647","45","60952013"
"JH378112","4431210","4431521","chr1","65504304","65504612","31","61073094"
"JH378112","4740526","4740840","chr8","84962180","84962487","41","80221654"
"JH378112","4786186","4786501","chr10","123344048","123344356","40","118557862"
"JH378112","4844971","4845271","chr12","10064948","10065242","33","5219977"
"JH378112","4900644","4900943","chr16","66960790","66961092","41","62060146"
"JH378112","4946901","4947204","chr20","119900333","119900636","41","114953432"
"JH378112","5053709","5053999","chr7","98055883","98056171","42","93002174"
"JH378112","5183324","5183638","chr12","20410802","20411117","44","15227478"
"JH378112","5255995","5256285","chr8","9351114","9351401","45","4095119"
"JH378112","5289194","5289284","chr3","65349691","65349782","10","60060497"
"JH378112","5333579","5333918","chr20","6694667","6694982","85","1361088"
"JH378112","5367855","5367935","chr20","86496231","86496314","9","81128376"
"JH378112","5405058","5405187","chr26","24262347","24262477","14","18857289"
"JH378112","5421410","5421716","chr16","30398852","30399159","37","24977442"
"JH378112","5425905","5426202","chr12","10064948","10065242","32","4639043"
"JH378112","5432234","5432537","chr16","33182065","33182368","35","27749831"
"JH378112","5439600","5439674","chr13","63031813","63031889","11","57592213"
"JH378112","5462842","5463146","chr11","51930789","51931091","38","46467947"
"JH378112","5472723","5473028","chr12","20281711","20282011","48","14808988"
"JH378112","5546507","5546792","chr15","4075521","4075817","53","1470986"
"JH378112","5718485","5718796","chr11","64977264","64977571","48","59258779"
"JH378112","5723979","5724291","chr5","2324242","2324550","36","3399737"
"JH378112","5725921","5726173","chr4","41989352","41989604","35","36263431"
"JH378112","5863900","5863971","chr13","63031813","63031889","7","57167913"
"JH378112","5911035","5911161","chr1","8688937","8689061","14","2777902"
"JH378112","5912532","5912614","chr5","67880800","67880883","5","61968268"
"JH378112","5991413","5991716","chr12","86044059","86044354","37","80052646"
"JH378112","6007856","6008168","chr2","34891557","34891863","34","28883701"
"JH378112","6057070","6057371","chr5","2273487","2273788","35","3783583"
"JH378112","6250639","6250761","chr3","72385674","72385796","13","66135035"
"JH378112","6254206","6254518","chrX","116145376","116145674","45","109891170"
"JH378112","6263846","6264109","chr10","49912163","49912425","43","43648317"
"JH378112","6274582","6274786","chr12","79606132","79606326","36","73331550"
"JH378112","6288744","6289043","chr7","131303574","131303874","40","125014830"
"JH378112","6354251","6354549","chr23","35045928","35046223","34","28691677"
"JH378112","6366377","6366652","chr5","20366749","20367033","49","14000372"
"JH378112","6392554","6392864","chr19","11766129","11766433","39","5373575"
"JH378112","6458848","6459141","chr12","10064948","10065242","23","3606100"
"JH378112","6477793","6478091","chr12","10064948","10065242","28","3587155"
"JH378112","6484655","6484961","chr12","84113723","84114031","40","77629068"
"JH378112","6559178","6559486","chr21","107765900","107766206","43","101206722"
"JH378112","6561697","6561970","chr28","5538595","5538865","36","1023102"
"JH378112","6613621","6613909","chr25","61615818","61616106","40","55002197"
"JH378112","6704204","6704511","chr17","38841022","38841322","44","32136818"
"JH378112","6711490","6711790","chr11","58110010","58110310","30","51398520"
"JH378112","6783870","6783941","chr13","63031813","63031889","9","56247943"
"JH378112","6864791","6865091","chr20","111359593","111359887","59","104494802"
"JH378112","6985680","6986000","chr29","8278863","8279172","41","1293183"
"JH378112","7039339","7039621","chr21","110320401","110320685","41","103281062"
"JH378112","7051313","7051612","chr24","58588355","58588654","49","51537042"
"JH378112","7055362","7055655","chr26","48796674","48796967","38","41741312"
"JH378112","7099165","7099472","chr1","68219231","68219530","38","61120066"
"JH378112","7136821","7137105","chr7","86776983","86777262","40","79640162"
"JH378112","7176558","7176849","chr13","78919804","78920100","59","71743246"
"JH378112","7282211","7282490","chr24","76614329","76614607","37","69332118"
"JH378112","7336430","7336730","chr10","111637485","111637783","33","104301055"
"JH378112","7397725","7398031","chr5","21193983","21194260","60","13796258"
"JH378112","7508102","7508410","chr9","15987970","15988276","39","8479868"
"JH378112","7741749","7742037","chr15","41116201","41116485","37","33374452"
"JH378112","7846996","7847225","chrX","112046945","112047179","24","104199949"
"JH378112","7861387","7861684","chr14","83371933","83372231","50","75510546"
"JH378112","7953651","7953960","chr10","87768101","87768408","39","79814450"
"JH378112","7999166","7999461","chr16","17016732","17017024","47","9017566"
"JH378112","8049425","8049713","chr6","38437831","38438120","30","30388406"
"JH378112","8052650","8052924","chr15","2355556","2355831","45","5697094"
"JH378112","8130615","8130923","chr8","18530878","18531178","45","10400263"
"JH378112","8264766","8264842","chr13","63031813","63031889","6","54767047"
"JH378112","8282323","8282617","chr17","38518678","38518971","52","30236355"
"JH378112","8339153","8339447","chr9","119538503","119538790","43","111199350"
"JH378112","8391021","8391096","chr13","63031813","63031889","5","54640792"
"JH378112","8414098","8414326","chr16_KE148038v1_random","8733","8960","36","8405365"
"JH378112","8423443","8423651","chr27","36014075","36014280","27","27590632"
"JH378112","8499597","8499880","chr9","114015180","114015455","36","105515583"
"JH378112","8521516","8521782","chr14","82309362","82309629","46","73787846"
"JH378112","8522355","8522665","chr16","30398852","30399159","31","21876497"
"JH378112","8539430","8539739","chr11","115525233","115525542","30","106985803"
"JH378112","8557345","8557423","chr10","83206416","83206499","11","74649071"
"JH378112","8566495","8566796","chr9","57832158","57832449","40","49265663"
"JH378112","8612297","8612565","chr12","45033039","45033309","41","36420742"
"JH378112","8663912","8664233","chr15","20063044","20063353","44","11399132"
"JH378112","8669642","8669964","chr24","68895333","68895641","36","60225691"
"JH378112","8685878","8686205","chr24","61233185","61233509","43","52547307"
"JH378112","8689776","8690080","chr5","2273487","2273788","29","6416289"
"JH378112","8726110","8726231","chr15","90834689","90834810","12","82108579"
"JH378112","8728236","8728312","chr13","63031813","63031889","7","54303577"
"JH378112","8746056","8746351","chr11","55020829","55021127","44","46274773"
"JH378112","8753055","8753298","chr13","18667507","18667763","53","9914452"
"JH378112","8854769","8854900","chr6","40691195","40691322","19","31836426"
"JH378112","8867242","8867531","chr14","80284365","80284655","34","71417123"
"JH378112","8881483","8881758","chr22","91959188","91959456","33","83077705"
"JH378112","8941540","8941800","chr8","16250981","16251236","54","7309441"
"JH378112","9036871","9037167","chrX","23977849","23978143","33","14940978"
"JH378112","9059180","9059460","chr11","105213946","105214237","40","96154766"
"JH378112","9086300","9086616","chr9","112566830","112567124","50","103480530"
"JH378112","9239084","9239376","chr11","8097243","8097529","44","1141841"
"JH378112","9320963","9321268","chr8","1916519","1916819","51","7404444"
"JH378112","9327602","9327915","chr11","115525233","115525542","27","106197631"
"JH378112","9348543","9348847","chr9","95969759","95970062","45","86621216"
"JH378112","9362452","9362782","chr1","14078045","14078365","48","4715593"
"JH378112","9369380","9369701","chr6","29168940","29169240","54","19799560"
"JH378112","9426560","9426845","chr3","23574252","23574536","39","14147692"
"JH378112","9435282","9435587","chr12","10064948","10065242","37","629666"
"JH378112","9496863","9497152","chr1","32168654","32168947","42","22671791"
"JH378112","9547923","9548166","chr4","87741292","87741532","43","78193369"
"JH378112","9554381","9554684","chr17","69092086","69092383","37","59537705"
"JH378112","9571022","9571312","chr1","68219231","68219530","53","58648209"
"JH378112","9603418","9603732","chr1","65504304","65504612","36","55900886"
"JH378112","9612740","9613015","chr15","71310158","71310433","46","61697418"
"JH378112","9663698","9663957","chr16","65251314","65251569","43","55587616"
"JH378112","9683481","9683791","chr25","71808137","71808447","33","62124656"
"JH378112","9724611","9724711","chr22","82220107","82220203","9","72495496"
"JH378112","9754912","9755190","chrX","126393011","126393284","43","116638099"
"JH378112","9789244","9789374","chr20","20852752","20852882","9","11063508"
"JH378112","9897659","9897771","chr6","1067449","1067558","10","8830210"
"JH378112","9901632","9901948","chr9","85823742","85824047","44","75922110"
"JH378112","9955766","9956058","chr23","37747056","37747344","43","27791290"
"JH378112","9989745","9990033","chr11","45826349","45826644","51","35836604"
"JH378112","10069038","10069337","chr12","10064948","10065242","25","4090"
"JH378112","10155628","10155925","chr8","134989821","134990115","48","124834193"
"JH378112","10205574","10205775","chr2","41986599","41986802","26","31781025"
"JH378112","10295186","10295496","chr5","2273487","2273788","39","8021699"
"JH378112","10361728","10362016","chr1","8067455","8067746","53","2294273"
"JH378112","10403636","10403893","chr4","67341451","67341711","43","56937815"
"JH378112","10471105","10471407","chr5","63342385","63342674","49","52871280"
"JH378112","10487602","10487948","chr20","96800606","96800937","53","86313004"
"JH378112","10507916","10507993","chr16","3308866","3308945","7","7199050"
"JH378112","10572790","10573096","chr16","30398852","30399159","33","19826062"
"JH378112","10651650","10651962","chr1","117421772","117422077","34","106770122"
"JH378112","10708845","10709133","chr18","71629517","71629808","50","60920672"
"JH378112","10742222","10742522","chr9","28365288","28365588","41","17623066"
"JH378112","10747341","10747634","chr19","27300898","27301192","43","16553557"
"JH378112","10788871","10788978","chr17","40217264","40217370","11","29428393"
"JH378112","10789673","10789763","chr3","65349691","65349782","10","54560018"
"JH378112","10930383","10930695","chrX","70268757","70269082","54","59338374"
"JH378112","10961792","10962068","chr4","50225644","50225922","45","39263852"
"JH378112","11110206","11110506","chr1","68219231","68219530","28","57109025"
"JH378112","11113327","11113639","chr25","17717251","17717558","39","6603924"
"JH378112","11172601","11172916","chr20","19895512","19895822","41","8722911"
"JH378112","11346141","11346248","chr1","39939684","39939788","12","28593543"
"JH378112","11349955","11350211","chr4","89003238","89003495","35","77653283"
"JH378112","11410256","11410546","chr9","56910898","56911189","39","45500642"
"JH378112","11432827","11432912","chr16","4405728","4405812","7","7027099"
"JH378112","11461361","11461663","chr12","17915779","17916084","41","6454418"
"JH378112","11581082","11581373","chr12","10064948","10065242","32","1516134"
"JH378112","11717537","11717610","chr13","63031813","63031889","8","51314276"
"JH378112","11773446","11773534","chr7","10960175","10960263","17","813271"
"JH378112","11824468","11824696","chr6","2372111","2372337","32","9452357"
"JH378112","11850015","11850323","chr7","21889275","21889582","33","10039260"
"JH378112","11864173","11864472","chrX","23977849","23978143","34","12113676"
"JH378112","11891413","11891690","chr21","30638863","30639141","46","18747450"
"JH378112","11984968","11985301","chr9","58121351","58121675","49","46136383"
"JH378112","12011709","12012019","chr12","74217361","74217667","46","62205652"
"JH378112","12077992","12078297","chr1","66807483","66807786","40","54729491"
"JH378112","12096803","12097117","chr7","13881902","13882206","40","1785099"
"JH378112","12114422","12114727","chr2","34891557","34891863","35","22777135"
"JH378112","12151356","12151656","chr17","40300693","40300992","42","28149337"
"JH378112","12160082","12160382","chr20","101340029","101340325","57","89179947"
"JH378112","12217254","12217530","chr13","23281867","23282148","41","11064613"
"JH378112","12368813","12369121","chr1","65504304","65504612","35","53135491"
"JH378112","12372112","12372368","chr19","21060924","21061180","30","8688812"
"JH378112","12402047","12402309","chr20","116428512","116428772","33","104026465"
"JH378112","12429976","12430065","chr3","65349691","65349782","11","52919715"
"JH378112","12441785","12442085","chr11","51624065","51624366","34","39182280"
"JH378112","12456961","12457038","chr13","63031813","63031889","8","50574852"
"JH378112","12472873","12473174","chr12","28068319","28068608","55","15595446"
"JH378112","12474308","12474615","chr8","96089866","96090170","40","83615558"
"JH378112","12479743","12480021","chr10","29612728","29613005","47","17132985"
"JH378112","12486953","12487245","chr28","17766563","17766868","48","5279610"
"JH378112","12494166","12494314","chr17","47733511","47733658","13","35239345"
"JH378112","12506731","12506992","chr23","36968203","36968460","43","24461472"
"JH378112","12512330","12512602","chr7","134662977","134663252","38","122150647"
"JH378112","12540594","12540862","chr12","31966354","31966622","33","19425760"
"JH378112","12562174","12562484","chr11","4229918","4230223","49","8332256"
"JH378112","12574130","12574432","chr11","51930789","51931091","35","39356659"
"JH378112","12577633","12577780","chr16","21687282","21687429","15","9109649"
"JH378112","12588264","12588542","chr13","597287","597572","46","11990977"
"JH378112","12592992","12593282","chr1","65294853","65295136","42","52701861"
"JH378112","12607644","12607957","chr14","79798783","79799095","38","67191139"
"JH378112","12624011","12624301","chr10","109502373","109502664","42","96878362"
"JH378112","12653083","12653182","chr22","82220107","82220203","9","69567024"
"JH378112","12654745","12654895","chr9","59130238","59130387","15","46475493"
"JH378112","12657560","12657867","chr11","4229918","4230223","53","8427642"
"JH378112","12658192","12658491","chr5","4621031","4621327","44","8037161"
"JH378112","12658498","12658790","chr25","51030152","51030441","35","38371654"
"JH378112","12675011","12675141","chr3","91348390","91348521","10","78673379"
"JH378112","12698482","12698784","chr1","66807483","66807786","33","54109001"
"JH378112","12725394","12725692","chr12","10064948","10065242","31","2660446"
"JH378112","12792633","12792723","chr3","65349691","65349782","12","52557058"
"JH378112","12808698","12808967","chr10","45213362","45213632","42","32404664"
"JH378112","12814103","12814399","chr10","90402340","90402635","39","77588237"
"JH378112","12822851","12823070","chr28","1883537","1883753","26","10939314"
"JH378112","12836990","12837264","chr25","43142976","43143249","46","30305986"
"JH378112","12849979","12850275","chr17","28137789","28138092","41","15287810"
"JH378112","12881640","12881783","chr17","28507557","28507698","15","15625917"
"JH378112","12907927","12908002","chr13","63031813","63031889","7","50123886"
"JH378112","12909946","12910024","chr5","67880800","67880883","8","54970854"
"JH378112","12923653","12923960","chr2","18936818","18937115","44","6013165"
"JH378112","12946092","12946407","chr1","93361306","93361613","41","80415214"
"JH378112","12989350","12989644","chr2","66530405","66530698","42","53541055"
"JH378112","12990259","12990365","chr1","62097932","62098038","10","49107673"
"JH378112","13048522","13048827","chr2","56143790","56144095","37","43095268"
"JH378112","13050006","13050228","chr2","60289734","60289960","35","47239728"
"JH378112","13059592","13059883","chr12","10064948","10065242","25","2994644"
"JH378112","13075082","13075378","chr3","88960138","88960433","30","75885056"
"JH378112","13126907","13127213","chr1","69274418","69274712","45","56147511"
"JH378112","13134147","13134241","chr22","82220107","82220203","9","69085960"
"JH378112","13146461","13146581","chr24","48537275","48537387","24","35390814"
"JH378112","13147546","13147852","chr12","6781553","6781865","75","6365993"
"JH378112","13180908","13181217","chr24","81711485","81711790","66","68530577"
"JH378112","13185220","13185310","chr22","82220107","82220203","9","69034887"
"JH378112","13198590","13198665","chr13","63031813","63031889","5","49833223"
"JH378112","13201084","13201376","chr29","8181966","8182258","31","5019118"
"JH378112","13204065","13204148","chr20","86496231","86496314","7","73292166"
"JH378112","13223462","13223552","chr3","65349691","65349782","9","52126229"
"JH378112","13225442","13225547","chr1","62097932","62098038","14","48872490"
"JH378112","13227256","13227337","chr5","67880800","67880883","7","54653544"
"JH378112","13231783","13231883","chrX","2017984","2018087","10","11213799"
"JH378112","13234913","13235166","chr1","55903397","55903645","38","42668484"
"JH378112","13238520","13238595","chr13","63031813","63031889","6","49793293"
"JH378112","13243776","13244025","chr10","101322884","101323133","39","88079108"
"JH378112","13281956","13282060","chrX","2017984","2018087","8","11263972"
"JH378112","13284051","13284141","chr3","65349691","65349782","11","52065640"
"JH378112","13307097","13307373","chr23","73077881","73078169","43","59770784"
"JH378112","13311152","13311241","chr3","65349691","65349782","11","52038539"
"JH378112","13317962","13318113","chr9","59130238","59130387","19","45812276"
"JH378112","13321741","13322043","chr5","2273487","2273788","31","11048254"
"JH378112","13322063","13322359","chrX","60987121","60987417","33","47665058"
"JH378112","13326218","13326455","chr11","119259842","119260088","35","105933624"
"JH378112","13330072","13330182","chr6","1067449","1067558","11","12262623"
"JH378112","13351252","13351329","chr13","63031813","63031889","8","49680561"
"JH378112","13352456","13352560","chr13","42116553","42116656","13","28764097"
"JH378112","13435773","13436053","chr23","27069668","27069962","43","13633895"
"JH378112","13436870","13437174","chr24","1147887","1148184","38","12288983"
"JH378112","13491000","13491310","chr24","42191698","42192006","39","28700698"
"JH378112","13523170","13523473","chr5","33074148","33074451","40","19550978"
"JH378112","13546490","13546767","chr9","114015180","114015455","41","100468690"
"JH378112","13563880","13564180","chr16","9982178","9982471","42","3581702"
"JH378112","13576324","13576596","chr25","14438271","14438549","37","861947"
"JH378112","13613631","13613930","chr14","44038439","44038738","32","30424808"
"JH378112","13625173","13625469","chr14","45112834","45113124","45","31487661"
"JH378112","13736473","13736586","chrX","106983938","106984050","25","93247465"
"JH378112","13736687","13736859","chr21","109527100","109527269","20","95790413"
"JH378112","13759393","13759707","chr1","108565860","108566161","39","94806467"
"JH378112","13797539","13797824","chr21","107752220","107752506","39","93954681"
"JH378112","13850791","13851103","chr11","115525233","115525542","32","101674442"
"JH378112","13854178","13854443","chr27","25223093","25223351","41","11368915"
"JH378112","13891700","13891996","chr17","37762440","37762723","64","23870740"
"JH378112","13894692","13894968","chr16","26067530","26067803","32","12172838"
"JH378112","13932589","13932872","chr24","76614329","76614607","29","62681740"
"JH378112","13945808","13946107","chr2","35476085","35476388","41","21530277"
"JH378112","13950476","13950782","chr1","68219231","68219530","32","54268755"
"JH378112","13962046","13962343","chr13","68659616","68659913","42","54697570"
"JH378112","13982061","13982354","chrX","74570252","74570545","38","60588191"
"JH378112","14050178","14050458","chr2","58242661","58242943","42","44192483"
"JH378112","14057478","14057776","chr12","18922571","18922865","41","4865093"
"JH378112","14074407","14074699","chr10","109316551","109316848","36","95242144"
"JH378112","14086823","14086965","chr14","14979057","14979194","33","892234"
"JH378112","14087677","14087967","chr10","81998601","81998888","33","67910924"
"JH378112","14138126","14138412","chr12","103110602","103110890","39","88972476"
"JH378112","14149018","14149312","chr18","71629517","71629808","39","57480499"
"JH378112","14228819","14229067","chr2","38469015","38469263","48","24240196"
"JH378112","14246548","14246840","chr22","47886169","47886460","39","33639621"
"JH378112","14256762","14257049","chr9","94521914","94522196","44","80265152"
"JH378112","14281695","14281995","chr12","10064948","10065242","29","4216747"
"JH378112","14319657","14319746","chr20","119761262","119761350","10","105441605"
"JH378112","14427134","14427264","chr9","99766001","99766131","15","85338867"
"JH378112","14450160","14450250","chr19","7758593","7758681","8","6691567"
"JH378112","14454117","14454406","chr29","13784596","13784883","40","669521"
"JH378112","14455327","14455477","chr8","56146921","56147068","18","41691594"
"JH378112","14503702","14503968","chrX","44649847","44650120","41","30146145"
"JH378112","14517514","14517818","chr22","18232920","18233227","42","3715406"
"JH378112","14526659","14526942","chr24","45239751","45240045","42","30713092"
"JH378112","14528281","14528376","chr22","82220107","82220203","6","67691826"
"JH378112","14598859","14599167","chr2","10310486","10310786","48","4288373"
"JH378112","14599724","14600032","chr24","35541584","35541883","38","20941860"
"JH378112","14620618","14620924","chr9","54702015","54702318","43","40081397"
"JH378112","14637894","14638024","chr23","82201349","82201479","11","67563455"
"JH378112","14717816","14718125","chr5","58458905","58459214","39","43741089"
"JH378112","14721185","14721315","chr3","91348390","91348521","9","76627205"
"JH378112","14732118","14732427","chr5","2273487","2273788","34","12458631"
"JH378112","14744016","14744224","chr11","45536523","45536736","32","30792507"
"JH378112","14772713","14772999","chr26","15737333","15737619","29","964620"
"JH378112","14780399","14780688","chr9","39095858","39096151","40","24315459"
"JH378112","14791010","14791305","chr13","65577132","65577425","36","50786122"
"JH378112","14823784","14824091","chr6","15953108","15953417","33","1129324"
"JH378112","14844071","14844372","chr20","87404408","87404710","41","72560337"
"JH378112","14898260","14898543","chr10","2757257","2757542","33","12141003"
"JH378112","14955485","14955580","chr22","82220107","82220203","7","67264622"
"JH378112","14963708","14964010","chrX","50127586","50127886","38","35163878"
"JH378112","14979031","14979338","chr14","83371933","83372231","44","68392902"
"JH378112","14987223","14987520","chr21","66269520","66269815","35","51282297"
"JH378112","15053727","15054049","chr5","2273487","2273788","45","12780240"
"JH378112","15058745","15059010","chr15","2359863","2360137","44","12698882"
"JH378112","15059046","15059351","chr10","72956484","72956800","56","57897438"
"JH378112","15109415","15109715","chrX","28194989","28195297","42","13085574"
"JH378112","15111851","15112143","chr12","10064948","10065242","33","5046903"
"JH378112","15168190","15168495","chr24","28059825","28060130","31","12891635"
"JH378112","15177428","15177746","chr26","6059541","6059849","42","9117887"
"JH378112","15194114","15194261","chr9","59130238","59130387","15","43936124"
"JH378112","15214332","15214617","chr9","30542548","30542831","37","15328216"
"JH378112","15363581","15363683","chrX","2017984","2018087","12","13345597"
"JH378112","15390121","15390434","chr24","1079358","1079656","42","14310763"
"JH378112","15433598","15433869","chr22","91959188","91959456","30","76525590"
"JH378112","15445259","15445453","chr13","86585007","86585200","20","71139748"
"JH378112","15447522","15447815","chr10","8909912","8910203","40","6537610"
"JH378112","15558817","15558904","chr19","7758593","7758681","9","7800224"
"JH378112","15591137","15591441","chr9","43165199","43165493","42","27574062"
"JH378112","15811248","15811549","chr16","30398852","30399159","53","14587604"
"JH378112","15815214","15815325","chr6","1067449","1067558","10","14747765"
"JH378112","16001733","16002027","chrX","49498574","49498857","41","33496841"
"JH378112","16137570","16137848","chr10","8657343","8657622","43","7480227"
"JH378112","16236394","16236523","chr9","96281358","96281488","14","80044964"
"JH378112","16264152","16264213","chrX","68146306","68146368","10","51882154"
"JH378112","16270689","16270976","chr11","19611133","19611417","38","3340444"
"JH378112","16278526","16278834","chr12","8388168","8388498","67","7890358"
"JH378112","16290458","16290703","chr4","35832302","35832548","48","19541844"
"JH378112","16290739","16290837","chr22","82220107","82220203","12","65929368"
"JH378112","16307379","16307678","chr12","10064948","10065242","26","6242431"
"JH378112","16309897","16310192","chr2","59461683","59461977","35","43151786"
"JH378112","16322441","16322589","chr24","12006231","12006380","15","4316210"
"JH378112","16329429","16329735","chr29","8289755","8290055","43","8039674"
"JH378112","16379739","16380031","chr23","41434219","41434517","48","25054480"
"JH378112","16380811","16381110","chr5","2273487","2273788","31","14107324"
"JH378112","16384342","16384654","chr26","50892406","50892715","51","34508064"
"JH378112","16388790","16388863","chr13","63031813","63031889","10","46643023"
"JH378112","16416130","16416252","chrX_KE148108v1_random","895745","895871","14","15520385"
"JH378112","16429585","16429755","chr4","65157978","65158146","20","48728393"
"JH378112","16436437","16436734","chr12","10064948","10065242","28","6371489"
"JH378112","16461075","16461385","chr25","71808137","71808447","31","55347062"
"JH378112","16469308","16469617","chr29","8278863","8279172","38","8190445"
"JH378112","16475322","16475616","chr25","69293378","69293673","35","52818056"
"JH378112","16481204","16481447","chr23","53384802","53385036","47","36903598"
"JH378112","16485390","16485693","chr17","28137789","28138092","31","11652399"
"JH378112","16496021","16496326","chr5","2273487","2273788","35","14222534"
"JH378112","16507456","16507543","chr14","82610477","82610563","9","66103021"
"JH378112","16511206","16511301","chr22","82220107","82220203","7","65708901"
"JH378112","16513040","16513324","chr22","10940743","10941034","34","5572297"
"JH378112","16518046","16518346","chr22","50629443","50629736","48","34111397"
"JH378112","16524932","16525009","chr13","63031813","63031889","7","46506881"
"JH378112","16532779","16533045","chr3","16150666","16150931","61","382113"
"JH378112","16537656","16537903","chr1","51957048","51957301","52","35419392"
"JH378112","16543867","16544173","chr14","79729598","79729899","29","63185731"
"JH378112","16569539","16569791","chr25","37870398","37870649","33","21300859"
"JH378112","16582260","16582353","chr22","82220107","82220203","10","65637847"
"JH378112","16610079","16610171","chr13","23647091","23647185","14","7037012"
"JH378112","16612464","16612767","chr9","39095858","39096151","35","22483394"
"JH378112","16625768","16625852","chr5","67880800","67880883","10","51255032"
"JH378112","16633754","16634066","chr11","84795218","84795524","39","68161464"
"JH378112","16636104","16636398","chr12","10064948","10065242","28","6571156"
"JH378112","16652183","16652426","chr24","66946035","66946274","32","50293852"
"JH378112","16681346","16681655","chr2","35933723","35934028","37","19252377"
"JH378112","16707910","16708208","chrY","2316241","2316538","33","14391669"
"JH378112","16732029","16732287","chr10","127201999","127202278","55","110469970"
"JH378112","16740964","16741246","chrX","29936084","29936366","31","13195120"
"JH378112","16745958","16746086","chr20","67637645","67637774","11","50891687"
"JH378112","16786716","16787021","chr11","51624065","51624366","28","34837349"
"JH378112","16796748","16797051","chr12","6781553","6781865","87","10015195"
"JH378112","16813918","16814228","chr11","51624065","51624366","39","34810147"
"JH378112","16823934","16824198","chr1","111829907","111830168","35","95005973"
"JH378112","16849397","16849705","chr23","56646135","56646425","71","39796738"
"JH378112","16892552","16892826","chr5","17006315","17006587","44","113763"
"JH378112","16915234","16915528","chr21","21813668","21813965","36","4898434"
"JH378112","16956889","16957202","chr1","65504304","65504612","29","48547415"
"JH378112","17374155","17374438","chr9","25030769","25031053","42","7656614"
"JH378112","17395018","17395332","chr18","67218974","67219278","50","49823956"
"JH378112","17405042","17405316","chr29","12615312","12615586","43","4789730"
"JH378112","17464166","17464463","chr8","92675371","92675672","44","75211205"
"JH378112","17599197","17599508","chr11","115525233","115525542","30","97926036"
"JH378112","18036267","18036357","chr3","65349691","65349782","10","47313424"
"JH378112","18206131","18206421","chr12","10064948","10065242","32","8141183"
"JH378112","18289203","18289504","chr12","10064948","10065242","31","8224255"
"JH378112","18298054","18298359","chr5","2273487","2273788","32","16024567"
"JH378112","18331679","18331833","chr28","9879323","9879479","28","8452356"
"JH378112","18345535","18345837","chr8","32187026","32187333","38","13841491"
"JH378112","18409621","18409931","chr21","121143183","121143493","47","102733562"
"JH378112","18426028","18426334","chr9","56811131","56811438","44","38385103"
"JH378112","18467219","18467532","chr1","65504304","65504612","37","47037085"
"JH378112","18519885","18520178","chr4","30926814","30927112","42","12406929"
"JH378112","18622716","18623036","chr1","18857485","18857790","56","234769"
"JH378112","18663912","18664198","chr3","82509225","82509507","34","63845313"
"JH378112","18674389","18674477","chr16","4405728","4405812","10","14268661"
"JH378112","18700000","18700299","chr12","10064948","10065242","25","8635052"
"JH378112","18733399","18733675","chr21","125309394","125309672","34","106575995"
"JH378112","18795656","18795919","chr14","22745498","22745760","37","3949842"
"JH378112","18822140","18822299","chr4","1424040","1424205","29","17398100"
"JH378112","18963133","18963417","chr19","26245927","26246218","45","7282794"
"JH378112","18967285","18967579","chr10","118597337","118597632","34","99630052"
"JH378112","18998508","18998811","chr26","16748407","16748708","45","2250101"
"JH378112","19081523","19081616","chr22","82220107","82220203","8","63138584"
"JH378112","19110095","19110200","chrX","2017984","2018087","13","17092111"
"JH378112","19173930","19174226","chr12","10064948","10065242","35","9108982"
"JH378112","19233678","19233972","chr12","10064948","10065242","29","9168730"
"JH378112","19295941","19296256","chr11","115525233","115525542","33","96229292"
"JH378112","19414751","19415058","chr5","36774379","36774687","31","17359628"
"JH378112","19415065","19415368","chr20","89561089","89561394","30","70146024"
"JH378112","19500333","19500461","chr20","67637645","67637774","11","48137312"
"JH378112","19525149","19525431","chr21","31428138","31428419","33","11902989"
"JH378112","19585197","19585494","chr22","10282335","10282631","29","9302862"
"JH378112","19588179","19588287","chr6","1067449","1067558","13","18520730"
"JH378112","19592081","19592372","chr12","10064948","10065242","31","9527133"
"JH378112","19601572","19601868","chrX","92294937","92295232","44","72693365"
"JH378112","19601973","19602122","chr9","59130238","59130387","11","39528265"
"JH378112","19627855","19627927","chr13","63031813","63031889","8","43403958"
"JH378112","19661603","19661898","chr16","70684193","70684489","31","51022590"
"JH378112","19664825","19665134","chr25","55441921","55442218","37","35777096"
"JH378112","19724125","19724434","chr16","30398852","30399159","35","10674727"
"JH378112","19724980","19725242","chr1","581839","582102","37","19143141"
"JH378112","19747836","19747916","chr5","67880800","67880883","9","48132964"
"JH378112","19749176","19749473","chr18","68547001","68547299","41","48797825"
"JH378112","19755814","19755888","chr13","63031813","63031889","9","43275999"
"JH378112","19759844","19760121","chrX","81523521","81523796","41","61763677"
"JH378112","19770341","19770636","chr21","25123896","25124189","40","5353555"
"JH378112","19809472","19809559","chr16","4405728","4405812","10","15403744"
"JH378112","19810407","19810703","chr12","10064948","10065242","36","9745459"
"JH378112","19912843","19912973","chr1","97802296","97802426","9","77889453"
"JH378112","19913341","19913504","chr18","16359736","16359900","25","3553605"
"JH378112","19930003","19930268","chr6","35489845","35490118","45","15559842"
"JH378112","19969748","19969852","chr1","39939684","39939788","8","19969936"
"JH378112","19980427","19980712","chr25","14438271","14438549","43","5542156"
"JH378112","20049810","20050078","chr20","10245280","10245547","40","9804530"
"JH378112","20070576","20070872","chr9","78752005","78752301","40","58681429"
"JH378112","20072065","20072375","chr1","15620791","15621092","39","4451274"
"JH378112","20149705","20149999","chr4","35988129","35988423","35","15838424"
"JH378112","20196327","20196629","chr5","2273487","2273788","34","17922840"
"JH378112","20214812","20215113","chr12","10064948","10065242","29","10149864"
"JH378112","20244387","20244682","chr5","71506496","71506804","47","51262109"
"JH378112","20247142","20247457","chr2","34891557","34891863","43","14644415"
"JH378112","20438689","20438980","chr23","41419601","41419894","48","20980912"
"JH378112","20486695","20486774","chr24","32655625","32655699","14","12168930"
"JH378112","20488758","20489060","chrX","23977849","23978143","51","3489091"
"JH378112","20551806","20552054","chr26","32335903","32336144","33","11784097"
"JH378112","20568438","20568530","chr22","82220107","82220203","13","61651669"
"JH378112","20577136","20577450","chr26","38024857","38025165","48","17447721"
"JH378112","20591068","20591145","chr13","63031813","63031889","8","42440745"
"JH378112","20609888","20610185","chr16","30398852","30399159","39","9788964"
"JH378112","20612491","20612799","chr12","12869342","12869649","33","7743149"
"JH378112","20641951","20642250","chr27","32702186","32702484","46","12060235"
"JH378112","20645280","20645588","chr8","96089866","96090170","30","75444586"
"JH378112","20652897","20653193","chr21","19686661","19686955","40","966236"
"JH378112","20695360","20695440","chr16","3308866","3308945","8","17386494"
"JH378112","20697083","20697378","chr11","114846906","114847210","44","94149823"
"JH378112","20719383","20719512","chr16","4500752","4500881","11","16218631"
"JH378112","20744177","20744472","chr20","100183338","100183634","39","79439161"
"JH378112","20761418","20761713","chrX","6760221","6760522","33","14001197"
"JH378112","20763172","20763262","chr5","67880800","67880883","11","47117628"
"JH378112","20763475","20763786","chrX","44976189","44976495","41","24212714"
"JH378112","20766348","20766643","chr10","55116363","55116664","42","34350015"
"JH378112","20778651","20778739","chr19","7758593","7758681","8","13020058"
"JH378112","20779262","20779413","chr9","59130238","59130387","20","38350976"
"JH378112","20783184","20783491","chr28","17766563","17766868","43","3016621"
"JH378112","20833168","20833478","chr2","34891557","34891863","33","14058389"
"JH378112","20836658","20836767","chr6","1067449","1067558","10","19769209"
"JH378112","20839849","20839952","chrX","2017984","2018087","10","18821865"
"JH378112","20846831","20847107","chr7","31825222","31825504","49","10978391"
"JH378112","20848822","20849115","chr20_KE148049v1_random","332549","332842","36","20516273"
"JH378112","20858946","20859254","chr2","11859803","11860104","40","8999143"
"JH378112","20880251","20880381","chr3","91348390","91348521","11","70468139"
"JH378112","20884699","20885034","chr3","37955466","37955795","60","17070767"
"JH378112","20888100","20888399","chr20","104630107","104630400","34","83742007"
"JH378112","20890008","20890292","chrX","22171201","22171487","41","1281193"
"JH378112","20891592","20891880","chr25","74240319","74240606","34","53348727"
"JH378112","20894518","20894803","chr13","14576776","14577059","40","6317742"
"JH378112","20897390","20897518","chr1","104985644","104985768","28","84088254"
"JH378112","20899489","20899566","chr13","63031813","63031889","9","42132324"
"JH378112","20899863","20900170","chr21","121143183","121143493","56","100243320"
"JH378112","20903499","20903796","chr9","96331615","96331919","49","75428116"
"JH378112","20920183","20920478","chr12","60432247","60432540","36","39512064"
"JH378112","20922734","20922832","chr22","82220107","82220203","7","61297373"
"JH378112","20932893","20933189","chr12","10064948","10065242","29","10867945"
"JH378112","20953445","20953528","chr5","67880800","67880883","6","46927355"
"JH378112","20956678","20956785","chr1","62097932","62098038","12","41141254"
"JH378112","20957142","20957433","chr18","55497484","55497775","37","34540342"
"JH378112","20958490","20958801","chr26","38024857","38025165","32","17066367"
"JH378112","20962565","20962867","chrX","125302543","125302844","30","104339978"
"JH378112","20966470","20966578","chr6","1067449","1067558","11","19899021"
"JH378112","20967923","20968030","chr6","1067449","1067558","12","19900474"
"JH378112","20973931","20974241","chr6","16598509","16598818","30","4375422"
"JH378112","20977813","20978125","chr11","12843454","12843759","40","8134359"
"JH378112","20978364","20978669","chr12","10064948","10065242","32","10913416"
"JH378112","20984113","20984238","chr1","8688937","8689061","13","12295176"
"JH378112","20989865","20990107","chrX","109934724","109934968","27","88944859"
"JH378112","20990798","20991074","chr3","52124083","52124361","41","31133285"
"JH378112","20992873","20993187","chr2","32498014","32498321","42","11505141"
"JH378112","21011237","21011467","chr9","109040412","109040645","59","88029175"
"JH378112","21016047","21016374","chr2","34891557","34891863","56","13875510"
"JH378112","21048305","21048591","chr10","127201999","127202278","59","106153694"
"JH378112","21059326","21059611","chr18","66189352","66189642","39","45130026"
"JH378112","21064502","21064799","chr2","22390377","22390668","33","1325875"
"JH378112","21076673","21076967","chr20","89112398","89112687","32","68035725"
"JH378112","21107720","21108024","chr3","29782872","29783177","32","8675152"
"JH378112","21134667","21134892","chr21","71246060","71246287","26","50111393"
"JH378112","21134995","21135115","chr9","51073130","51073242","35","29938135"
"JH378112","21143980","21144273","chr15","86758708","86759003","30","65614728"
"JH378112","21151442","21151728","chr20","121618255","121618545","28","100466813"
"JH378112","21191403","21191706","chr9","15987970","15988276","39","5203433"
"JH378112","21199186","21199500","chr22","79290115","79290425","51","58090929"
"JH378112","21216679","21216987","chr5","26263351","26263657","42","5046672"
"JH378112","21238725","21238993","chr25","73791320","73791585","31","52552595"
"JH378112","21241898","21242170","chr4","77180812","77181084","39","55938914"
"JH378112","21265872","21266160","chr28","3738086","3738370","38","17527786"
"JH378112","21287914","21288202","chr6","32068883","32069174","35","10780969"
"JH378112","21313424","21313716","chr8","20434231","20434523","31","879193"
"JH378112","21339606","21339916","chr5","36774379","36774687","31","15434773"
"JH378112","21378091","21378402","chr29","8289755","8290055","41","13088336"
"JH378112","21404833","21405113","chr20","43683482","43683765","39","22278649"
"JH378112","21436347","21436611","chr12","58801201","58801471","50","37364854"
"JH378112","21440207","21440521","chr5","2273487","2273788","40","19166720"
"JH378112","21477384","21477695","chr1","65504304","65504612","30","44026920"
"JH378112","21484880","21485192","chr11","115525233","115525542","31","94040353"
"JH378112","21499300","21499589","chr17","54842736","54843030","38","33343436"
"JH378112","21530340","21530626","chr2","90183349","90183641","44","68653009"
"JH378112","21532263","21532339","chr13","63031813","63031889","7","41499550"
"JH378112","21539177","21539270","chr1","39939684","39939788","22","18400507"
"JH378112","21541912","21542213","chr5","57912411","57912720","39","36370499"
"JH378112","21543598","21543738","chr12","42755129","42755268","13","21211531"
"JH378112","21554704","21554998","chr10","83081189","83081479","42","61526485"
"JH378112","21589006","21589090","chr16","4405728","4405812","5","17183278"
"JH378112","21604490","21604760","chr11","40227465","40227746","42","18622975"
"JH378112","21614017","21614325","chr14","36954936","36955240","45","15340919"
"JH378112","21614592","21614701","chr6","17087051","17087162","18","4527541"
"JH378112","21615544","21615656","chr6","1067449","1067558","13","20548095"
"JH378112","21617238","21617439","chr26","32683011","32683216","35","11065773"
"JH378112","21621186","21621275","chr3","65349691","65349782","12","43728505"
"JH378112","21635885","21636187","chr12","74217361","74217667","39","52581476"
"JH378112","21637299","21637520","chrX","38298995","38299216","33","16661696"
"JH378112","21663755","21663896","chr23","56978905","56979044","14","35315150"
"JH378112","21697562","21697639","chr13","63031813","63031889","8","41334251"
"JH378112","21722455","21722762","chr29","23130533","23130830","37","1408078"
"JH378112","21728421","21728653","chr26","38356813","38357036","34","16628392"
"JH378112","21734915","21735193","chr12","103437156","103437446","48","81702241"
"JH378112","21738042","21738180","chr15","69428245","69428375","27","47690203"
"JH378112","21747542","21747887","chr16","40165752","40166083","57","18418210"
"JH378112","21748743","21748891","chr21","18419470","18419618","17","3329273"
"JH378112","21758538","21758853","chr26","6059541","6059849","42","15698997"
"JH378112","21802842","21803147","chrX","44976189","44976495","32","23173347"
"JH378112","21832274","21832576","chr6","30836295","30836597","42","9004021"
"JH378112","21842291","21842350","chr17","51711247","51711311","9","29868956"
"JH378112","21849628","21849945","chr5","64637755","64638059","47","42788127"
"JH378112","21897166","21897449","chr5","26494257","26494539","33","4597091"
"JH378112","21913174","21913429","chr16","65251314","65251569","29","43338140"
"JH378112","21913733","21914037","chr9","68468865","68469160","36","46555132"
"JH378112","21931048","21931126","chr13","63031813","63031889","8","41100765"
"JH378112","21938604","21938728","chr1","8688937","8689061","14","13249667"
"JH378112","21984717","21984874","chr19","18957089","18957239","40","3027628"
"JH378112","21985524","21985623","chr22","82220107","82220203","10","60234583"
"JH378112","21987438","21987721","chr2","34541558","34541838","36","12554120"
"JH378112","21989755","21990053","chr5","2273487","2273788","40","19716268"
"JH378112","22007659","22007964","chr3","10937420","10937729","35","11070239"
"JH378112","22025966","22026210","chr6","38291436","38291692","46","16265470"
"JH378112","22043040","22043130","chr19","7758593","7758681","10","14284447"
"JH378112","22069321","22069631","chr11","11906301","11906607","35","10163020"
"JH378112","22098358","22098606","chr15","34985662","34985922","63","12887304"
"JH378112","22098617","22098986","chr16","67875180","67875547","92","45776563"
"JH378112","22111986","22112254","chr25","21354242","21354511","37","757744"
"JH378112","22118488","22118782","chr12","10064948","10065242","33","12053540"
"JH378112","22127400","22127493","chr22","82220107","82220203","11","60092707"
"JH378112","22149372","22149451","chr5","67880800","67880883","8","45731428"
"JH378112","22152569","22152837","chr8","85089060","85089325","36","62936491"
"JH378112","22160958","22161053","chr22","82220107","82220203","7","60059149"
"JH378112","22175633","22175939","chr26","40460513","40460818","40","18284880"
"JH378112","22193723","22194011","chr23","73077881","73078169","30","50884158"
"JH378112","22199251","22199547","chr12","10064948","10065242","29","12134303"
"JH378112","22236617","22236696","chr5","67880800","67880883","8","45644183"
"JH378112","22239328","22239453","chr1","8688937","8689061","11","13550391"
"JH378112","22242390","22242695","chr20","109484203","109484510","43","87241813"
"JH378112","22278330","22278628","chr27","29581793","29582088","34","7303463"
"JH378112","22295181","22295271","chr19","7758593","7758681","8","14536588"
"JH378112","22297987","22298072","chr16","4405728","4405812","7","17892259"
"JH378112","22299519","22299808","chr18","72052984","72053276","40","49753465"
"JH378112","22301908","22302037","chr3","91348390","91348521","15","69046482"
"JH378112","22315758","22315854","chr22","82220107","82220203","5","59904349"
"JH378112","22345802","22346044","chr23","43713146","43713393","45","21367344"
"JH378112","22352538","22352679","chr3","90669571","90669712","12","68317033"
"JH378112","22353152","22353415","chr9","96096107","96096359","54","73742955"
"JH378112","22359148","22359441","chr19","13613108","13613413","41","8746040"
"JH378112","22363446","22363730","chr10","56533422","56533699","38","34169976"
"JH378112","22386118","22386351","chr3","1164767","1164996","39","21221351"
"JH378112","22389915","22390197","chr8","17913918","17914205","31","4475997"
"JH378112","22411091","22411264","chr1","14103001","14103184","30","8308090"
"JH378112","22424165","22424421","chr20","70905825","70906081","29","48481660"
"JH378112","22424805","22425110","chr1","18554019","18554319","42","3870786"
"JH378112","22434770","22434850","chr16","3308866","3308945","8","19125904"
"JH378112","22473447","22473754","chr5","2273487","2273788","31","20199960"
"JH378112","22505026","22505328","chr18","35264268","35264567","42","12759242"
"JH378112","22548509","22548812","chr20","92481976","92482271","36","69933467"
"JH378112","22553024","22553331","chr29","22212342","22212650","45","340682"
"JH378112","22661694","22661808","chr20","115102100","115102215","11","92440406"
"JH378112","22664101","22664402","chr12","10064948","10065242","31","12599153"
"JH378112","22787135","22787443","chr1","112946303","112946609","38","90159168"
"JH378112","22823772","22824081","chr1","49514376","49514681","39","26690604"
"JH378112","22882728","22882972","chr16","5798617","5798859","28","17084111"
"JH378112","22887813","22888103","chr13","65577132","65577425","38","42689319"
"JH378112","22917456","22917756","chr29","10722547","10722839","31","12194909"
"JH378112","22951642","22951939","chr7","86104707","86105000","37","63153065"
"JH378112","22959276","22959354","chr1","10251103","10251180","14","12708173"
"JH378112","22976365","22976436","chr24","36657153","36657222","13","13680788"
"JH378112","23008151","23008460","chrX","28194989","28195297","29","5186838"
"JH378112","23089890","23090168","chr16","26067530","26067803","50","2977640"
"JH378112","23098711","23099018","chr12","13047845","13048153","42","10050866"
"JH378112","23168376","23168676","chr12","10064948","10065242","34","13103428"
"JH378112","23173738","23174039","chr16","12093535","12093829","36","11080203"
"JH378112","23194050","23194331","chrX","2950536","2950821","32","20243514"
"JH378112","23202176","23202431","chr9","96390861","96391117","32","73188685"
"JH378112","23221565","23221686","chr4","19620761","19620882","21","3600804"
"JH378112","23381175","23381483","chr20","46933799","46934103","32","23552624"
"JH378112","23428560","23428863","chrX","125302543","125302844","32","101873983"
"JH378112","23444469","23444759","chr2","5168180","5168471","35","18276289"
"JH378112","23498401","23498677","chr7","134662977","134663252","44","111164576"
"JH378112","23679708","23680002","chr14","97941700","97941982","45","74261992"
"JH378112","23689217","23689512","chr9","19449982","19450259","53","4239235"
"JH378112","23728994","23729272","chr7","132429422","132429698","38","108700428"
"JH378112","23772329","23772625","chrX","60987121","60987417","44","37214792"
"JH378112","23773073","23773375","chr23","41434219","41434517","30","17661146"
"JH378112","23833826","23833947","chr11","106843296","106843425","18","83009470"
"JH378112","23833951","23834191","chr16","8257003","8257236","35","15576948"
"JH378112","23852435","23852756","chr16","20822626","20822924","50","3029809"
"JH378112","23880446","23880741","chrX","130006157","130006457","36","106125711"
"JH378112","23919577","23919878","chr11","28371626","28371919","39","4452049"
"JH378112","23957166","23957469","chr14","83570862","83571166","46","59613696"
"JH378112","23984360","23984658","chr23","41434219","41434517","43","17449859"
"JH378112","23985092","23985222","chr19","5294457","5294586","12","18690635"
"JH378112","24023451","24023744","chr11","50584728","50585012","42","26561277"
"JH378112","24033352","24033649","chr16","33925418","33925712","41","9892066"
"JH378112","24038670","24038961","chr21","74368618","74368909","29","50329948"
"JH378112","24092316","24092614","chr12","10064948","10065242","31","14027368"
"JH378112","24129224","24129514","chr5","53255334","53255620","32","29126110"
"JH378112","24132441","24132563","chr18","59267220","59267341","23","35134779"
"JH378112","24168877","24169157","chr12","87825477","87825754","43","63656600"
"JH378112","24254869","24255145","chrX","105703916","105704192","30","81449047"
"JH378112","24346333","24346640","chr18","34769557","34769861","54","10423224"
"JH378112","24371190","24371482","chr12","10064948","10065242","33","14306242"
"JH378112","24378620","24378918","chr3","75030450","75030748","32","50651830"
"JH378112","24456665","24456963","chr12","10064948","10065242","31","14391717"
"JH378112","24500318","24500553","chr5","74183714","74183949","33","49683396"
"JH378112","24521754","24522055","chr20","119900333","119900636","29","95378579"
"JH378112","24534856","24535128","chr9","65380038","65380301","46","40845182"
"JH378112","24584719","24585028","chr17","35258575","35258878","40","10673856"
"JH378112","24592385","24592668","chr9","87675035","87675319","42","63082650"
"JH378112","24667991","24668293","chr18","71480316","71480609","35","46812325"
"JH378112","24754891","24755193","chr1","68219231","68219530","37","43464340"
"JH378112","24759286","24759583","chr12","52936909","52937202","44","28177623"
"JH378112","24766929","24767243","chr3","20237905","20238212","29","4529024"
"JH378112","24844221","24844490","chr8","114481281","114481543","41","89637060"
"JH378112","24852228","24852544","chr11","77493952","77494259","46","52641724"
"JH378112","24892529","24892837","chr2","34891557","34891863","29","9999028"
"JH378112","24908616","24908916","chr12","10064948","10065242","33","14843668"
"JH378112","24939849","24939968","chr15","53595698","53595816","14","28655849"
"JH378112","25054139","25054445","chr1","2872653","2872961","34","22181486"
"JH378112","25059051","25059352","chr1","68219231","68219530","43","43160180"
"JH378112","25084734","25084964","chr11","126175108","126175340","32","101090374"
"JH378112","25138511","25138810","chr24","1147887","1148184","28","23990624"
"JH378112","25173909","25173998","chr19","7758593","7758681","11","17415316"
"JH378112","25238112","25238397","chrX","29936084","29936366","46","4697972"
"JH378112","25241874","25242107","chr15","59058452","59058663","48","33816578"
"JH378112","25285585","25285726","chr10","8700232","8700372","17","16585353"
"JH378112","25321830","25321935","chr6","1067449","1067558","14","24254381"
"JH378112","25373328","25373644","chr5","13154183","13154488","41","12219145"
"JH378112","25395198","25395492","chr26","26157512","26157808","35","762314"
"JH378112","25399671","25399990","chr5","2324242","2324550","47","23075429"
"JH378112","25492313","25492566","chr17","42447017","42447271","27","16954704"
"JH378112","25528512","25528787","chr7","95011114","95011391","53","69482602"
"JH378112","25629864","25630175","chr18","3203332","3203636","39","22426532"
"JH378112","25638231","25638504","chr11","90996628","90996901","44","65358397"
"JH378112","25764249","25764522","chr19","10367966","10368243","34","15396283"
"JH378112","25777885","25778183","chr14","86828082","86828375","46","61050197"
"JH378112","25796024","25796282","chr1","83625954","83626213","36","57829930"
"JH378112","25854360","25854654","chr11","42115371","42115662","31","16261011"
"JH378112","25878515","25878605","chr3","65349691","65349782","10","39471176"
"JH378112","25926265","25926438","chr14","79865197","79865363","27","53938932"
"JH378112","25926539","25926674","chr23","82201349","82201479","18","56274810"
"JH378112","25975935","25976251","chr12","13047845","13048153","38","12928090"
"JH378112","26028244","26028358","chr6","11193830","11193948","14","14834414"
"JH378112","26096700","26097008","chr2","34891557","34891863","32","8794857"
"JH378112","26111083","26111159","chr13","63031813","63031889","7","36920730"
"JH378112","26114179","26114494","chr24","68895333","68895641","38","42781154"
"JH378112","26131202","26131502","chr22","40701009","40701309","32","14569807"
"JH378112","26133628","26133924","chr12","10064948","10065242","34","16068680"
"JH378112","26179519","26179667","chr9","59130238","59130387","17","32950719"
"JH378112","26181839","26181929","chr3","65349691","65349782","12","39167852"
"JH378112","26183967","26184081","chr6","1067449","1067558","16","25116518"
"JH378112","26191048","26191352","chr17","54691676","54691976","35","28500628"
"JH378112","26205769","26206071","chr8","8298278","8298571","40","17907491"
"JH378112","26223872","26224179","chr16","30398852","30399159","31","4174980"
"JH378112","26225584","26225884","chr5","2273487","2273788","28","23952097"
"JH378112","26231288","26231585","chr13","65577132","65577425","32","39345844"
"JH378112","26252557","26252850","chr12","10064948","10065242","32","16187609"
"JH378112","26451292","26451642","chr24","62512585","62512926","90","36061293"
"JH378112","26558469","26558794","chr2","21278006","21278325","62","5280463"
"JH378112","26657026","26657156","chr1","97802296","97802426","12","71145270"
"JH378112","26659306","26659601","chr23","41434219","41434517","40","14774913"
"JH378112","26703828","26703958","chr3","91348390","91348521","11","64644562"
"JH378112","26729162","26729474","chr15","10069952","10070256","44","16659210"
"JH378112","26810860","26811162","chr11","117737181","117737478","35","90926321"
"JH378112","26850485","26850574","chr19","7758593","7758681","11","19091892"
"JH378112","26855160","26855380","chr18","10390098","10390320","41","16465062"
"JH378112","26882672","26882972","chrX","23977849","23978143","29","2904823"
"JH378112","26886980","26887279","chr10","68340309","68340598","42","41453329"
"JH378112","26923667","26923743","chr3","73406235","73406314","19","46482568"
"JH378112","26976872","26977186","chr1","65504304","65504612","41","38527432"
"JH378112","27029620","27029913","chr24","1147887","1148184","38","25881733"
"JH378112","27097352","27097431","chr16","3308866","3308945","7","23788486"
"JH378112","27099211","27099300","chr20","119761262","119761350","9","92662051"
"JH378112","27102529","27102757","chr11","126175108","126175340","28","99072579"
"JH378112","27103464","27103558","chr22","82220107","82220203","9","55116643"
"JH378112","27115458","27115554","chr22","82220107","82220203","6","55104649"
"JH378112","27233198","27233490","chr14","64881304","64881598","47","37648106"
"JH378112","27234896","27235211","chr1","65504304","65504612","31","38269408"
"JH378112","27320964","27321264","chrX","111217777","111218082","40","83896813"
"JH378112","27328088","27328191","chrX","2017984","2018087","11","25310104"
"JH378112","27331210","27331512","chr12","10064948","10065242","29","17266262"
"JH378112","27349381","27349691","chr11","115525233","115525542","28","88175852"
"JH378112","27353027","27353312","chr17","53937556","53937842","49","26584529"
"JH378112","27383545","27383811","chr20","80564542","80564813","36","53180997"
"JH378112","27430012","27430108","chr22","82220107","82220203","7","54790095"
"JH378112","27515812","27516127","chr2","72445396","72445702","40","44929584"
"JH378112","27523350","27523427","chr13","63031813","63031889","7","35508463"
"JH378112","27529704","27529997","chr16","15335379","15335674","40","12194325"
"JH378112","27584569","27584675","chr17","64121986","64122099","20","36537417"
"JH378112","27645997","27646252","chr6","38291436","38291692","32","10645439"
"JH378112","27689719","27689876","chr9","85564984","85565140","26","57875265"
"JH378112","27746448","27746657","chr2","41986599","41986802","25","14240151"
"JH378112","27759805","27760100","chr17","41731096","41731387","43","13971291"
"JH378112","27796037","27796328","chr1","115205454","115205746","47","87409417"
"JH378112","27831468","27831751","chrX","41800526","41800808","44","13969058"
"JH378112","27883560","27883803","chr7","12193381","12193629","46","15690179"
"JH378112","27931111","27931299","chr20","45817691","45817873","21","17886580"
"JH378112","27956501","27956804","chrX","125302543","125302844","34","97346042"
"JH378112","27968357","27968445","chr19","7758593","7758681","8","20209764"
"JH378112","27975976","27976286","chr8","18530878","18531178","34","9445098"
"JH378112","28001985","28002267","chr20","122757628","122757904","50","94755643"
"JH378112","28016606","28016861","chr15","16888886","16889132","41","11127720"
"JH378112","28137546","28137633","chr12","7441397","7441481","12","20696149"
"JH378112","28185207","28185499","chr8","108286640","108286933","39","80101433"
"JH378112","28297313","28297622","chrX","82159275","82159580","53","53861962"
"JH378112","28462950","28463260","chr11","115525233","115525542","41","87062283"
"JH378112","28549266","28549547","chr14","95964336","95964605","53","67415070"
"JH378112","28637014","28637324","chr14","36954936","36955240","52","8317922"
"JH378112","28659091","28659398","chr5","36774379","36774687","33","8115288"
"JH378112","28682445","28682728","chr2","34541558","34541838","36","5859113"
"JH378112","28710574","28710873","chr8","11575259","11575553","39","17135315"
"JH378112","28725487","28725577","chrX","37543042","37543130","15","8817555"
"JH378112","28725627","28725920","chr8","138598605","138598895","39","109872978"
"JH378112","28813077","28813377","chr12","10064948","10065242","28","18748129"
"JH378112","28944013","28944152","chr12","42755129","42755268","14","13811116"
"JH378112","28976674","28976984","chr1","63705945","63706249","43","34729271"
"JH378112","29049338","29049631","chr23","25811471","25811771","43","3237867"
"JH378112","29071798","29072069","chr26","24844219","24844484","36","4227579"
"JH378112","29109682","29109812","chrX","60368209","60368339","16","31258527"
"JH378112","29248294","29248443","chr9","59130238","59130387","17","29881944"
"JH378112","29279365","29279668","chr22","73831063","73831352","40","44551698"
"JH378112","29370382","29370694","chr6","14858513","14858821","39","14511869"
"JH378112","29453322","29453618","chr12","10064948","10065242","26","19388374"
"JH378112","29605980","29606300","chr2","55900648","55900952","44","26294668"
"JH378112","29650824","29651127","chr7","54574189","54574489","44","24923365"
"JH378112","29685074","29685389","chr13","84743392","84743699","38","55058318"
"JH378112","29691540","29691628","chr3","12343592","12343685","18","17347948"
"JH378112","29734024","29734084","chr1","95659730","95659794","16","65925706"
"JH378112","29758111","29758215","chr24","81527278","81527388","20","51769167"
"JH378112","29780157","29780462","chr20","87404408","87404710","37","57624251"
"JH378112","29786623","29786946","chr16","52975249","52975580","43","23188626"
"JH378112","29886495","29886786","chrX","9678315","9678613","45","20208180"
"JH378112","30047085","30047394","chr23","41434219","41434517","37","11387134"
"JH378112","30049957","30050252","chr7","86104707","86105000","31","56054750"
"JH378112","30080389","30080688","chr12","40352484","40352792","43","10272095"
"JH378112","30094127","30094370","chr11","119259842","119260088","31","89165715"
"JH378112","30115465","30115753","chr21","33185455","33185724","45","3069990"
"JH378112","30150702","30151002","chr8","134989821","134990115","34","104839119"
"JH378112","30158804","30159089","chr16","56594844","56595126","39","26436040"
"JH378112","30244170","30244366","chr17","20376713","20376907","30","9867457"
"JH378112","30317928","30318233","chr11","59698647","59698947","50","29380719"
"JH378112","30375997","30376087","chr3","65349691","65349782","11","34973694"
"JH378112","30380060","30380338","chr7","49713033","49713293","57","19332973"
"JH378112","30420083","30420371","chr12","6781553","6781865","60","23638530"
"JH378112","30425886","30426198","chr6","27469431","27469732","44","2956455"
"JH378112","30428080","30428368","chr5","22668022","22668311","44","7760058"
"JH378112","30450405","30450709","chr12","10064948","10065242","34","20385457"
"JH378112","30468038","30468278","chr11","119259842","119260088","34","88791804"
"JH378112","30590548","30590834","chr9","22769458","22769754","49","7821090"
"JH378112","30643907","30644037","chr3","91348390","91348521","12","60704483"
"JH378112","30663394","30663692","chr10","100948433","100948723","37","70285039"
"JH378112","30670120","30670412","chr12","10064948","10065242","31","20605172"
"JH378112","30687125","30687412","chr1","26491346","26491637","38","4195779"
"JH378112","30701423","30701553","chr1","97802296","97802426","9","67100873"
"JH378112","30707194","30707492","chr12","10064948","10065242","19","20642246"
"JH378112","30729848","30730134","chr17","39089157","39089440","37","8359309"
"JH378112","30736969","30737262","chr12","10064948","10065242","27","20672021"
"JH378112","30742899","30743049","chr8","56146921","56147068","19","25404022"
"JH378112","30761079","30761370","chr18","71629517","71629808","37","40868438"
"JH378112","30812451","30812756","chr18","5166611","5166907","36","25645840"
"JH378112","30819513","30819824","chr1","65504304","65504612","28","34684791"
"JH378112","30829197","30829482","chr8","75195748","75196034","35","44366551"
"JH378112","30865921","30866204","chr2","86876402","86876694","44","56010481"
"JH378112","30884260","30884571","chr1","65504304","65504612","28","34620044"
"JH378112","30918467","30918770","chr16","53213011","53213300","44","22294544"
"JH378112","30957973","30958177","chr11","96721458","96721661","25","65763485"
"JH378112","30972351","30972663","chr1","65504304","65504612","35","34531953"
"JH378112","30976863","30977150","chr18","60090253","60090534","33","29113390"
"JH378112","30984445","30984727","chrX","125507553","125507844","45","94523108"
"JH378112","30996293","30996572","chr6","9993126","9993409","39","21003167"
"JH378112","31066641","31066955","chr7","99172603","99172901","48","68105962"
"JH378112","31073261","31073562","chr10","87911378","87911678","42","56838117"
"JH378112","31086009","31086300","chr10","8909912","8910203","34","22176097"
"JH378112","31115136","31115445","chr16","64430366","64430669","37","33315230"
"JH378112","31144265","31144571","chr12","10064948","10065242","35","21079317"
"JH378112","31152917","31153235","chr7","119273691","119273998","52","88120774"
"JH378112","31184824","31184989","chr21","8308918","8309086","28","22875906"
"JH378112","31203318","31203402","chr5","67880800","67880883","13","36677482"
"JH378112","31204188","31204426","chr12","7263828","7264071","31","23940360"
"JH378112","31207246","31207449","chr20","65386146","65386357","39","34178900"
"JH378112","31224391","31224696","chr27","8771956","8772256","44","22452435"
"JH378112","31226182","31226277","chr22","82220107","82220203","9","50993925"
"JH378112","31320029","31320323","chr18","71629517","71629808","32","40309488"
"JH378112","31330868","31330971","chrX","2017984","2018087","11","29312884"
"JH378112","31354444","31354547","chr1","39939684","39939788","12","8585240"
"JH378112","31363551","31363689","chr26","41630792","41630929","22","10267241"
"JH378112","31363693","31363929","chr11","126175108","126175340","31","94811415"
"JH378112","31364691","31364992","chr18","67218974","67219278","45","35854283"
"JH378112","31365342","31365644","chr17","35258575","35258878","47","3893233"
"JH378112","31368166","31368284","chr15","53595698","53595816","12","22227532"
"JH378112","31388139","31388446","chr2","20242750","20243052","38","11145389"
"JH378112","31398161","31398445","chr2","49104477","49104770","50","17706316"
"JH378112","31414620","31414918","chr12","10064948","10065242","28","21349672"
"JH378112","31421859","31422142","chr20","108907026","108907317","35","77485167"
"JH378112","31447898","31448200","chr17","41837618","41837917","33","10389720"
"JH378112","31448728","31448814","chr14","82610477","82610563","10","51161749"
"JH378112","31448915","31449003","chr19","7758593","7758681","8","23690322"
"JH378112","31453772","31454074","chr11","115179293","115179595","37","83725521"
"JH378112","31477618","31477705","chr16","4405728","4405812","9","27071890"
"JH378112","31482898","31483211","chr2","56217567","56217873","46","24734669"
"JH378112","31483711","31484031","chr20","105941906","105942211","45","74458195"
"JH378112","31489583","31489878","chr12","10064948","10065242","27","21424635"
"JH378112","31511794","31512093","chr4","71100937","71101237","28","39589143"
"JH378112","31538682","31538992","chr5","2324242","2324550","36","29214440"
"JH378112","31561958","31562257","chr1","68219231","68219530","34","36657273"
"JH378112","31576657","31576955","chr12","10064948","10065242","33","21511709"
"JH378112","31719225","31719398","chr11","32060463","32060631","24","341238"
"JH378112","31793448","31793722","chr15","58837851","58838136","35","27044403"
"JH378112","31825221","31825393","chr16","28611910","28612076","30","3213311"
"JH378112","31847661","31847975","chr11","115525233","115525542","33","83677572"
"JH378112","31857848","31858141","chr16","72333016","72333308","37","40475168"
"JH378112","31918100","31918392","chrX","23977849","23978143","35","7940251"
"JH378112","31932526","31932608","chr22","82220107","82220203","25","50287581"
"JH378112","31998588","31998899","chr1","65504304","65504612","30","33505716"
"JH378112","32005956","32006274","chr12","6781553","6781865","89","25224403"
"JH378112","32013174","32013482","chr5","2273487","2273788","30","29739687"
"JH378112","32026477","32026697","chr26","15425772","15425994","26","16600705"
"JH378112","32028846","32028940","chr22","82220107","82220203","8","50191261"
"JH378112","32036204","32036294","chr15","88970892","88970978","19","56934688"
"JH378112","32042746","32042833","chr16","4405728","4405812","11","27637018"
"JH378112","32048861","32048981","chr4","60395666","60395783","12","28346805"
"JH378112","32089148","32089250","chrX","2017984","2018087","9","30071164"
"JH378112","32090765","32090876","chr6","1067449","1067558","10","31023316"
"JH378112","32100352","32100657","chr5","2273487","2273788","37","29826865"
"JH378112","32128060","32128297","chr11","7931648","7931881","33","24196412"
"JH378112","32161281","32161593","chr11","115525233","115525542","33","83363952"
"JH378112","32164026","32164134","chr6","1067449","1067558","11","31096577"
"JH378112","32167191","32167420","chr25","83059316","83059553","35","50892125"
"JH378112","32169742","32169855","chr4","60395666","60395783","12","28225924"
"JH378112","32171374","32171681","chr26","33226493","33226795","37","1055119"
"JH378112","32178573","32178881","chr16","2999161","2999470","45","29179412"
"JH378112","32181172","32181247","chr13","63031813","63031889","4","30850641"
"JH378112","32187715","32187948","chr11","7931648","7931881","29","24256067"
"JH378112","32201626","32201917","chr3","77757219","77757521","44","45555593"
"JH378112","32231216","32231319","chrX","2017984","2018087","7","30213232"
"JH378112","32235385","32235664","chr20","60432830","60433110","43","28197445"
"JH378112","32236689","32236944","chr9","96390861","96391117","28","64154172"
"JH378112","32241625","32241840","chr13","7317370","7317589","28","24924255"
"JH378112","32254612","32254702","chr19","7758593","7758681","11","24496019"
"JH378112","32256105","32256357","chr15","77243205","77243455","36","44987100"
"JH378112","32266105","32266198","chr13","23647091","23647185","15","8619014"
"JH378112","32272129","32272358","chr20","92882451","92882681","28","60610322"
"JH378112","32275255","32275376","chr15","90834689","90834810","18","58559434"
"JH378112","32293560","32293710","chr6","7229588","7229731","21","25063972"
"JH378112","32345484","32345837","chr7","36526086","36526442","76","4180602"
"JH378112","32347590","32347859","chr24","27023895","27024155","39","5323695"
"JH378112","32371418","32371714","chr2","49104477","49104770","41","16733059"
"JH378112","32415236","32415539","chr5","2273487","2273788","31","30141749"
"JH378112","32452013","32452194","chr14","79057796","79057969","36","46605783"
"JH378112","32452304","32452411","chr6","5216779","5216886","9","27235525"
"JH378112","32473103","32473399","chr20","86643072","86643377","44","54169969"
"JH378112","32535714","32536023","chr2","34891557","34891863","31","2355843"
"JH378112","32553422","32553710","chr5","1720771","1721058","36","30832651"
"JH378112","32558487","32558786","chr1","66807483","66807786","40","34248996"
"JH378112","32574848","32574952","chr1","39939684","39939788","11","7364836"
"JH378112","32578510","32578660","chr9","59130238","59130387","14","26551728"
"JH378112","32594110","32594333","chr22","9316072","9316296","28","23278038"
"JH378112","32625776","32626078","chr14","44038439","44038738","42","11412663"
"JH378112","32649403","32649696","chr1","26491346","26491637","33","6158057"
"JH378112","32651952","32652251","chr6","4113565","4113862","33","28538387"
"JH378112","32653456","32653540","chr5","67880800","67880883","6","35227344"
"JH378112","32654631","32654725","chr22","82220107","82220203","9","49565476"
"JH378112","32660348","32660647","chr26","17907530","17907825","47","14752818"
"JH378112","32666306","32666592","chr11","107056850","107057135","42","74390544"
"JH378112","32671699","32672002","chr9","71188923","71189219","40","38517224"
"JH378112","32683823","32684138","chr15","91197825","91198133","37","58514002"
"JH378112","32693692","32693812","chr6","11193830","11193948","13","21499862"
"JH378112","32695465","32695723","chr9","104139191","104139453","40","71443726"
"JH378112","32726446","32726538","chr13","23647091","23647185","15","9079355"
"JH378112","32730558","32730854","chr17","54804342","54804634","44","22073784"
"JH378112","32758738","32759041","chr17","38841022","38841322","35","6082284"
"JH378112","32765595","32765712","chr24","81549581","81549693","19","48783986"
"JH378112","32774712","32774810","chr22","82220107","82220203","8","49445395"
"JH378112","32803188","32803486","chrX","7991103","7991404","37","24812085"
"JH378112","32821198","32821292","chr22","82220107","82220203","8","49398909"
"JH378112","32852805","32853103","chr12","10064948","10065242","24","22787857"
"JH378112","32874695","32874951","chr11","44436513","44436764","30","11561818"
"JH378112","32907432","32907582","chr26","52182592","52182744","21","19275160"
"JH378112","32908033","32908126","chr22","82220107","82220203","10","49312074"
"JH378112","32914480","32914629","chr9","59130238","59130387","11","26215758"
"JH378112","32950805","32950899","chr22","82220107","82220203","10","49269302"
"JH378112","32958368","32958630","chr15","89832016","89832289","56","56873648"
"JH378112","32986314","32986604","chr29","8289755","8290055","37","24696559"
"JH378112","32991543","32991828","chr13","98083939","98084236","51","65092396"
"JH378112","33011850","33012159","chr2","34891557","34891863","35","1879707"
"JH378112","33040458","33040540","chr16","4405728","4405812","5","28634730"
"JH378112","33102879","33103185","chr24","68895333","68895641","31","35792454"
"JH378112","33144173","33144478","chr13","47744604","47744907","42","14600431"
"JH378112","33145832","33145934","chrX","2017984","2018087","8","31127848"
"JH378112","33163396","33163684","chr1","7267337","7267628","40","25896059"
"JH378112","33188508","33188806","chr12","10064948","10065242","30","23123560"
"JH378112","33208989","33209300","chr11","115525233","115525542","31","82316244"
"JH378112","33233260","33233566","chr29","8278863","8279172","33","24954397"
"JH378112","33239881","33240160","chr21","33287053","33287331","51","47172"
"JH378112","33254060","33254312","chr1","56838660","56838912","37","23584600"
"JH378112","33263581","33263891","chr8","96089866","96090170","29","62826285"
"JH378112","33280411","33280490","chr5","67880800","67880883","8","34600389"
"JH378112","33289833","33290136","chrX","125302543","125302844","32","92012710"
"JH378112","33316543","33316814","chr1","61450075","61450343","39","28133532"
"JH378112","33340985","33341296","chr24","79792988","79793292","38","46452003"
"JH378112","33368997","33369297","chr11","51930789","51931091","38","18561792"
"JH378112","33386164","33386271","chr12","53065987","53066095","11","19679823"
"JH378112","33398493","33398593","chr22","82220107","82220203","11","48821614"
"JH378112","33415318","33415612","chr15","65122808","65123099","37","31707490"
"JH378112","33422003","33422306","chrX","18278407","18278706","36","15143596"
"JH378112","33426207","33426501","chr8","52344592","52344885","30","18918385"
"JH378112","33433814","33433913","chr22","82220107","82220203","11","48786293"
"JH378112","33437901","33438209","chr16","8798013","8798318","40","24639888"
"JH378112","33438807","33439084","chr4","50225644","50225922","31","16786837"
"JH378112","33439196","33439496","chr5","2273487","2273788","31","31165709"
"JH378112","33450508","33450822","chr1","65504304","65504612","31","32053796"
"JH378112","33459066","33459360","chr2","49104477","49104770","43","15645411"
"JH378112","33465839","33466060","chr25","73647297","73647508","30","40181458"
"JH378112","33489451","33489558","chr6","1067449","1067558","11","32422002"
"JH378112","33508292","33508606","chr21","121143183","121143493","41","87634891"
"JH378112","33518795","33518874","chr16","3308866","3308945","9","30209929"
"JH378112","33534646","33534955","chr16","36083795","36084104","36","2549149"
"JH378112","33540005","33540299","chr12","10064948","10065242","28","23475057"
"JH378112","33546416","33546726","chr1","65504304","65504612","31","31957888"
"JH378112","33571452","33571721","chr9","86179627","86179895","46","52608175"
"JH378112","33578579","33578864","chr2","9137399","9137684","38","24441180"
"JH378112","33590578","33590859","chr6","40582273","40582553","30","6991695"
"JH378112","33591813","33591908","chr22","82220107","82220203","9","48628294"
"JH378112","33594853","33594992","chr6","3375709","3375847","14","30219144"
"JH378112","33596013","33596302","chr19","19697247","19697527","40","13898766"
"JH378112","33601165","33601248","chr5","67880800","67880883","5","34279635"
"JH378112","33602336","33602640","chr5","2273487","2273788","32","31328849"
"JH378112","33618528","33618827","chr5","2273487","2273788","38","31345041"
"JH378112","33626158","33626464","chr15","18549945","18550246","33","15076213"
"JH378112","33712309","33712465","chr20","81056490","81056646","36","47344181"
"JH378112","33716720","33717026","chr5","2273487","2273788","31","31443233"
"JH378112","33723584","33723877","chr13","65577132","65577425","30","31853548"
"JH378112","33754502","33754802","chr23","41434219","41434517","27","7679717"
"JH378112","33755784","33756076","chr12","58820917","58821209","35","25065133"
"JH378112","33763353","33763655","chr25","85642603","85642903","34","51879250"
"JH378112","33771925","33772010","chr5","67880800","67880883","8","34108875"
"JH378112","33779657","33779907","chr26","32335903","32336144","37","1443754"
"JH378112","33785399","33785694","chr12","10064948","10065242","35","23720451"
"JH378112","33796874","33796963","chr3","65349691","65349782","11","31552817"
"JH378112","33800660","33800872","chr16","40303815","40304024","31","6503155"
"JH378112","33832126","33832423","chr5","2273487","2273788","45","31558639"
"JH378112","33865601","33865819","chr16","6238673","6238883","34","27626928"
"JH378112","33877181","33877450","chr23","5517272","5517549","40","28359909"
"JH378112","33878828","33878918","chr19","7758593","7758681","10","26120235"
"JH378112","33890595","33890881","chr8","1166679","1166964","33","32723916"
"JH378112","33894478","33894799","chr6","13995866","13996180","51","19898612"
"JH378112","33896325","33896613","chr20","24783089","24783379","35","9113236"
"JH378112","33900398","33900511","chr6","1067449","1067558","14","32832949"
"JH378112","33922771","33923059","chr24","37870533","37870821","29","3947762"
"JH378112","33929593","33929793","chr11","96721458","96721661","23","62791865"
"JH378112","33941719","33942025","chr8","14818932","14819235","38","19122787"
"JH378112","33970139","33970432","chr22","16185372","16185668","40","17784767"
"JH378112","33972312","33972605","chr13","65577132","65577425","34","31604820"
"JH378112","33976409","33976707","chr14","83371933","83372231","33","49395524"
"JH378112","33977634","33977762","chr11","67336740","67336866","13","33359106"
"JH378112","33984530","33984612","chr5","67880800","67880883","7","33896270"
"JH378112","33987881","33988011","chr20","20852752","20852882","13","13135129"
"JH378112","33990603","33990906","chr6","246214","246517","34","33744389"
"JH378112","34034900","34035035","chr3","92101699","92101829","15","58066799"
"JH378112","34035418","34035680","chr14","22579568","22579829","47","11455850"
"JH378112","34042363","34042658","chrX","95460911","95461200","42","61418548"
"JH378112","34055967","34056122","chr13","50294389","50294543","20","16238422"
"JH378112","34060866","34061159","chr12","10064948","10065242","29","23995918"
"JH378112","34081431","34081529","chr22","82220107","82220203","9","48138676"
"JH378112","34085926","34086210","chr11","19611133","19611417","35","14474793"
"JH378112","34092331","34092427","chr22","82220107","82220203","8","48127776"
"JH378112","34097512","34097599","chr19","7758593","7758681","9","26338919"
"JH378112","34145739","34145984","chr11","119259842","119260088","31","85114103"
"JH378112","34168095","34168180","chr19","23494523","23494608","9","10673572"
"JH378112","34205961","34206254","chr14","37615851","37616147","35","3409890"
"JH378112","34207657","34207787","chr11","106843296","106843425","13","72635639"
"JH378112","34240320","34240466","chr3","90669571","90669712","17","56429251"
"JH378112","34241917","34242229","chr20","92481976","92482271","55","58240059"
"JH378112","34251768","34252069","chr10","111637485","111637783","29","77385717"
"JH378112","34258354","34258655","chr11","64732415","64732714","31","30474061"
"JH378112","34266268","34266573","chr16","12093535","12093829","43","22172733"
"JH378112","34310074","34310195","chr15","90834689","90834810","11","56524615"
"JH378112","34403704","34403995","chr12","10064948","10065242","29","24338756"
"JH378112","34407761","34408051","chr18","72052984","72053276","28","37645223"
"JH378112","34411125","34411436","chr5","36774379","36774687","39","2363254"
"JH378112","34430374","34430642","chr17","53320376","53320642","30","18890002"
"JH378112","34442799","34442988","chr4","31110764","31110947","27","3332035"
"JH378112","34462348","34462652","chr22","18437881","18438179","44","16024467"
"JH378112","34482027","34482150","chr15","90834689","90834810","11","56352662"
"JH378112","34483872","34484018","chr17","47733511","47733658","15","13249639"
"JH378112","34493473","34493562","chr3","65349691","65349782","11","30856218"
"JH378112","34515455","34515751","chr18","66189352","66189642","35","31673897"
"JH378112","34519332","34519647","chr1","18554019","18554319","52","15965313"
"JH378112","34557288","34557592","chr1","108565860","108566161","42","74008572"
"JH378112","34641920","34642212","chr29","10722547","10722839","44","23919373"
"JH378112","34646264","34646568","chrX","125302543","125302844","43","90656279"
"JH378112","34657565","34657863","chr12","26753805","26754107","39","7903760"
"JH378112","34694770","34694856","chr5","67880800","67880883","9","33186030"
"JH378112","34717898","34718196","chrX","23977849","23978143","44","10740049"
"JH378112","34724558","34724867","chr1","65504304","65504612","31","30779746"
"JH378112","34792416","34792727","chr5","2273487","2273788","29","32518929"
"JH378112","34797698","34797864","chr20","118734823","118734994","23","83937125"
"JH378112","34837499","34837797","chr12","10064948","10065242","36","24772551"
"JH378112","34838454","34838703","chr18","11113940","11114191","42","23724514"
"JH378112","34866639","34866907","chr17","30039241","30039501","40","4827398"
"JH378112","34968283","34968500","chr13","7317370","7317589","32","27650913"
"JH378112","34969041","34969342","chr11","120207458","120207761","40","85238417"
"JH378112","34969951","34970032","chr5","67880800","67880883","8","32910849"
"JH378112","34978773","34979085","chr1","93361306","93361613","42","58382533"
"JH378112","35003406","35003714","chr6","33576800","33577111","32","1426606"
"JH378112","35012738","35012850","chr6","1067449","1067558","11","33945289"
"JH378112","35018012","35018122","chrX","25194654","25194764","13","9823358"
"JH378112","35020508","35020816","chrX","8531639","8531937","38","26488869"
"JH378112","35024439","35024520","chr5","67880800","67880883","8","32856361"
"JH378112","35025281","35025378","chr22","82220107","82220203","10","47194826"
"JH378112","35033101","35033400","chr1","103415790","103416081","43","68382689"
"JH378112","35033406","35033483","chr13","63031813","63031889","8","27998407"
"JH378112","35042572","35042667","chr22","82220107","82220203","9","47177535"
"JH378112","35059802","35060022","chr13","7317370","7317589","23","27742432"
"JH378112","35060833","35060918","chr25","26359985","26360065","18","8700848"
"JH378112","35066553","35066703","chr9","59130238","59130387","16","24063685"
"JH378112","35068392","35068687","chrX","23977849","23978143","42","11090543"
"JH378112","35069762","35070075","chr19","6375817","6376120","37","28693945"
"JH378112","35072026","35072328","chr11","115525233","115525542","36","80453207"
"JH378112","35098980","35099240","chr11","46995583","46995816","59","11896603"
"JH378112","35101046","35101161","chr13","61112232","61112346","13","26011186"
"JH378112","35101855","35101971","chr24","19683467","19683577","25","15418388"
"JH378112","35123206","35123308","chrX","2017984","2018087","11","33105222"
"JH378112","35151955","35152211","chrX","125586139","125586393","38","90434184"
"JH378112","35155599","35155898","chr23","68956622","68956918","45","33801023"
"JH378112","35157523","35157822","chr6","32045639","32045931","45","3111884"
"JH378112","35169296","35169385","chr3","65349691","65349782","13","30180395"
"JH378112","35173222","35173443","chr13","7317370","7317589","25","27855852"
"JH378112","35177786","35178032","chr5","57856103","57856358","41","22678317"
"JH378112","35183535","35183662","chr16","66101721","66101851","16","30918186"
"JH378112","35194010","35194299","chr12","10064948","10065242","36","25129062"
"JH378112","35197903","35198207","chr5","2273487","2273788","32","32924416"
"JH378112","35210366","35210663","chrX","95460911","95461200","41","60250545"
"JH378112","35211176","35211439","chr20","116428512","116428772","40","81217336"
"JH378112","35224293","35224381","chr19","7758593","7758681","11","27465700"
"JH378112","35242644","35242921","chr6","2852604","2852883","41","32390040"
"JH378112","35242994","35243308","chr5","36774379","36774687","37","1531385"
"JH378112","35247529","35247836","chr12","87874553","87874860","46","52627024"
"JH378112","35262121","35262210","chr20","8489737","8489826","11","26772384"
"JH378112","35290984","35291143","chr8","134258549","134258711","23","98967565"
"JH378112","35324865","35325183","chr10","58671836","58672152","49","23346971"
"JH378112","35338748","35338878","chr3","91348390","91348521","10","56009642"
"JH378112","35373775","35374061","chrX","115847772","115848064","36","80473997"
"JH378112","35401578","35401875","chr10","60396962","60397255","38","24995384"
"JH378112","35411818","35411908","chr3","65349691","65349782","8","29937873"
"JH378112","35417595","35417675","chr16","3308866","3308945","8","32108729"
"JH378112","35418922","35419218","chr12","10064948","10065242","26","25353974"
"JH378112","35444989","35445277","chr8","52344592","52344885","33","16899603"
"JH378112","35450655","35450955","chr6","32045639","32045931","47","3405016"
"JH378112","35452398","35452708","chr17","35258575","35258878","44","193823"
"JH378112","35537412","35537754","chr20","99538718","99539034","65","64001306"
"JH378112","35614341","35614642","chr20","89174590","89174892","40","53560249"
"JH378112","35652768","35653054","chr9","86640988","86641280","28","50988220"
"JH378112","35657834","35658134","chr18","44879897","44880198","42","9222063"
"JH378112","35695001","35695305","chrX","44976189","44976495","39","9281188"
"JH378112","35718412","35718712","chr27","32702186","32702484","40","3016226"
"JH378112","35740712","35740981","chr11","63143554","63143815","48","27402842"
"JH378112","35767067","35767141","chr13","63031813","63031889","9","27264746"
"JH378112","35806228","35806483","chr26","21200479","21200735","30","14605749"
"JH378112","35862397","35862689","chr23","73077881","73078169","32","37215484"
"JH378112","35865448","35865753","chr2","25122492","25122796","35","10742956"
"JH378112","35907491","35907788","chr12","10064948","10065242","40","25842543"
"JH378112","35935529","35935819","chr6","38437831","38438120","36","2502302"
"JH378112","35965762","35966070","chr16","2999161","2999470","43","32966601"
"JH378112","35995125","35995428","chr5","2273487","2273788","32","33721638"
"JH378112","36001283","36001613","chr16","52975249","52975580","45","16973966"
"JH378112","36014743","36014957","chr11","45536523","45536736","28","9521780"
"JH378112","36022000","36022256","chr9","96390861","96391117","34","60368861"
"JH378112","36037780","36038084","chr6","3845382","3845681","62","32192398"
"JH378112","36115201","36115532","chr8","17014093","17014387","61","19101108"
"JH378112","36168437","36168747","chr8","96089866","96090170","33","59921429"
"JH378112","36205295","36205600","chr5","2273487","2273788","31","33931808"
"JH378112","36225594","36225715","chr29","5133677","5133795","14","31091917"
"JH378112","36235217","36235518","chr12","10064948","10065242","28","26170269"
"JH378112","36240485","36240796","chr2","34891557","34891863","31","1348928"
"JH378112","36241913","36242214","chr5","2273487","2273788","30","33968426"
"JH378112","36279092","36279403","chr3","20237905","20238212","36","16041187"
"JH378112","36322161","36322271","chr6","1067449","1067558","9","35254712"
"JH378112","36325095","36325402","chr12","6781553","6781865","130","29543542"
"JH378112","36340946","36341266","chr12","6781553","6781865","86","29559393"
"JH378112","36407951","36408246","chr22","51404529","51404822","35","14996578"
"JH378112","36418672","36418979","chr26","6059541","6059849","38","30359131"
"JH378112","36423455","36423743","chrX","22075293","22075574","43","14348162"
"JH378112","36462178","36462475","chr5","42662951","42663235","44","6200773"
"JH378112","36481155","36481467","chr5","36774379","36774687","37","293224"
"JH378112","36501911","36502066","chr9","22587849","22587997","26","13914062"
"JH378112","36514854","36515115","chr4","87728103","87728358","48","51213249"
"JH378112","36613875","36614172","chr12","10064948","10065242","26","26548927"
"JH378112","36644814","36645099","chr11","52728921","52729205","39","16084107"
"JH378112","36689781","36690089","chr16","30398852","30399159","29","6290929"
"JH378112","36696281","36696363","chr5","67880800","67880883","7","31184519"
"JH378112","36700533","36700618","chr19","23494523","23494608","14","13206010"
"JH378112","36722951","36723271","chr17","44387479","44387789","43","7664528"
"JH378112","36723736","36724039","chr18","20938649","20938957","40","15785087"
"JH378112","36724515","36724809","chr11","15528968","15529259","31","21195547"
"JH378112","36739350","36739647","chrX","23977849","23978143","40","12761501"
"JH378112","36791271","36791346","chr13","63031813","63031889","9","26240542"
"JH378112","36876546","36876851","chr2","85255263","85255560","37","48378717"
"JH378112","36911162","36911449","chr21","113256362","113256644","35","76345200"
"JH378112","36989035","36989238","chr16","13220489","13220690","34","23768546"
"JH378112","36990556","36990685","chrX","60368209","60368339","15","23377653"
"JH378112","37010539","37010835","chr9","96314869","96315163","32","59304330"
"JH378112","37066294","37066560","chr23","60072969","60073225","41","23006675"
"JH378112","37110926","37111005","chr13","63031813","63031889","10","25920887"
"JH378112","37134625","37134911","chr24","16294021","16294310","40","20840604"
"JH378112","37142257","37142562","chr12","74217361","74217667","28","37075104"
"JH378112","37154687","37154986","chr5","2273487","2273788","30","34881200"
"JH378112","37186258","37186549","chr19","8146510","8146808","42","29039748"
"JH378112","37190984","37191060","chr13","63031813","63031889","8","25840829"
"JH378112","37194705","37195009","chr11","117737181","117737478","30","80542476"
"JH378112","37197895","37198190","chr16","68483315","68483604","36","31285420"
"JH378112","37288245","37288537","chr8","113061865","113062160","36","75773620"
"JH378112","37317084","37317189","chr1","39939684","39939788","10","2622600"
"JH378112","37373019","37373333","chr5","2273487","2273788","42","35099532"
"JH378112","37427212","37427496","chr19","22521438","22521721","33","14905774"
"JH378112","37479797","37480082","chrX","95460911","95461200","41","57981114"
"JH378112","37488330","37488631","chr5","2273487","2273788","31","35214843"
"JH378112","37498244","37498539","chr21","22838763","22839060","36","14659481"
"JH378112","37583425","37583725","chr8","114583053","114583349","46","76999628"
"JH378112","37654638","37654784","chr23","22574241","22574381","29","15080397"
"JH378112","37703296","37703567","chr19","27346836","27347117","53","10356460"
"JH378112","37730201","37730494","chr12","79050585","79050880","36","41320384"
"JH378112","37732550","37732855","chr14","79729598","79729899","33","41997048"
"JH378112","37755955","37756145","chr11","46731105","46731288","41","8975150"
"JH378112","37762885","37763177","chr22","47793370","47793666","31","10030485"
"JH378112","37780107","37780357","chr25","33404644","33404907","48","4375463"
"JH378112","37822765","37823026","chr14","95964336","95964605","51","58141571"
"JH378112","38046800","38047094","chr29","1616258","1616545","49","36430542"
"JH378112","38066830","38067132","chr9","95969759","95970062","31","57902929"
"JH378112","38109159","38109476","chr9","13404552","13404853","44","24704607"
"JH378112","38204517","38204626","chr24","81527278","81527388","17","43322761"
"JH378112","38374201","38374331","chr3","91348390","91348521","10","52974189"
"JH378112","38405730","38406032","chr12","10064948","10065242","28","28340782"
"JH378112","38495697","38496001","chrX","23977849","23978143","39","14517848"
"JH378112","38497611","38497921","chr15","18549945","18550246","38","19947666"
"JH378112","38548605","38548917","chr3","20237905","20238212","54","18310700"
"JH378112","38693665","38693954","chr21","37258785","37259074","50","1434880"
"JH378112","38705135","38705443","chr9","33892184","33892482","41","4812951"
"JH378112","38718829","38719127","chr20","91789557","91789859","45","53070728"
"JH378112","38785857","38786178","chr17","45276058","45276350","68","6490201"
"JH378112","38941402","38941716","chr1","65504304","65504612","40","26562902"
"JH378112","38990845","38991155","chr24","67239754","67240052","41","28248909"
"JH378112","38991879","38991978","chr20","25652388","25652489","20","13339491"
"JH378112","39088166","39088463","chrX","104601258","104601549","38","65513092"
"JH378112","39127480","39127767","chrX","95460911","95461200","42","56333431"
"JH378112","39141029","39141332","chr27","12149934","12150235","36","26991095"
"JH378112","39262606","39262894","chr19","19502742","19503020","42","19759864"
"JH378112","39265456","39265775","chr12","89443266","89443575","45","50177810"
"JH378112","39291402","39291688","chr20","104193158","104193437","55","64901756"
"JH378112","39299355","39299615","chr21","19734529","19734792","36","19564826"
"JH378112","39363627","39363929","chr1","10406967","10407257","61","28956660"
"JH378112","39418787","39419069","chr25","5524017","5524300","35","33894770"
"JH378112","39423348","39423664","chr24","68895333","68895641","34","29471985"
"JH378112","39441446","39441766","chr20","99538718","99539034","41","60097272"
"JH378112","39449082","39449162","chr5","67880800","67880883","10","28431718"
"JH378112","39498724","39498857","chr16","31737705","31737835","19","7761019"
"JH378112","39510113","39510414","chr12","74217361","74217667","40","34707248"
"JH378112","39547421","39547714","chr13","65577132","65577425","31","26029711"
"JH378112","39552897","39553178","chr20","111374247","111374540","48","71821350"
"JH378112","39564910","39565219","chrX","28814466","28814774","46","10750444"
"JH378112","39703448","39703755","chr1","65504304","65504612","31","25800856"
"JH378112","39729605","39729906","chr1","112577097","112577392","44","72847492"
"JH378112","39783677","39783977","chr12","10064948","10065242","27","29718729"
"JH378112","39807514","39807593","chr16","3308866","3308945","9","36498648"
"JH378112","39875237","39875531","chr20","46550281","46550570","41","6675044"
"JH378112","39911001","39911150","chr16","70302991","70303139","16","30391990"
"JH378112","39961955","39962251","chr2","57283040","57283331","46","17321085"
"JH378112","40009590","40009877","chr11","107153610","107153896","36","67144020"
"JH378112","40049663","40049752","chr19","7758593","7758681","9","32291070"
"JH378112","40064572","40064795","chrX","112046945","112047179","40","71982373"
"JH378112","40135231","40135527","chr7","29650533","29650818","38","10484698"
"JH378112","40163224","40163513","chr1","74384612","74384899","47","34221388"
"JH378112","40201601","40201856","chr9","96390861","96391117","40","56189260"
"JH378112","40278066","40278355","chr2","57283040","57283331","31","17004974"
"JH378112","40281169","40281478","chr9","16389543","16389851","34","23891626"
"JH378112","40528436","40528740","chr18","5878184","5878487","37","34650252"
"JH378112","40586807","40587105","chr8","40454824","40455110","40","131983"
"JH378112","40599425","40599724","chr20","104630107","104630400","31","64030682"
"JH378112","40627025","40627321","chr12","10064948","10065242","34","30562077"
"JH378112","40662202","40662498","chr13","65577132","65577425","31","24914930"
"JH378112","40680506","40680802","chr16","62500911","62501207","33","21820405"
"JH378112","40731674","40731981","chr23","63610971","63611275","41","22879297"
"JH378112","40777244","40777550","chr7","131200672","131200969","38","90423428"
"JH378112","40843108","40843254","chr22","87450041","87450185","17","46606933"
"JH378112","40845817","40845907","chr3","65349691","65349782","11","24503874"
"JH378112","40869283","40869593","chr6","16598509","16598818","37","24270774"
"JH378112","40934041","40934339","chr11","58110010","58110310","33","17175969"
"JH378112","40941915","40941994","chr16","3308866","3308945","8","37633049"
"JH378112","41005463","41005759","chr13","65577132","65577425","30","24571669"
"JH378112","41253250","41253543","chr20","89112398","89112687","43","47859148"
"JH378112","41381116","41381420","chr5","66812818","66813124","35","25431702"
"JH378112","41404902","41405205","chr10","113733335","113733632","39","72328433"
"JH378112","41480002","41480106","chr1","39939684","39939788","12","1540318"
"JH378112","41486692","41486954","chr7","102639391","102639652","44","61152699"
"JH378112","41509748","41510055","chr5","2273487","2273788","36","39236261"
"JH378112","41512349","41512496","chr9","59130238","59130387","13","17617889"
"JH378112","41553227","41553526","chr12","10064948","10065242","24","31488279"
"JH378112","41628139","41628438","chr6","40957719","40958012","50","670420"
"JH378112","41638070","41638377","chr24","68895333","68895641","41","27257263"
"JH378112","41640195","41640493","chr12","74217361","74217667","46","32577166"
"JH378112","41645281","41645371","chr3","65349691","65349782","9","23704410"
"JH378112","41652393","41652488","chr22","82220107","82220203","9","40567714"
"JH378112","41659196","41659286","chr3","65349691","65349782","10","23690495"
"JH378112","41660526","41660762","chr20","92882451","92882681","34","51221925"
"JH378112","41668738","41669036","chr21","74368618","74368909","41","32699880"
"JH378112","41691934","41692230","chr23","44803773","44804074","47","3111839"
"JH378112","41692249","41692551","chr10","88177543","88177855","40","46485294"
"JH378112","41710576","41710887","chr24","11819038","11819352","46","29891538"
"JH378112","41779409","41779704","chr14","44038439","44038738","40","2259030"
"JH378112","41786192","41786258","chr11","19235944","19236012","11","22550248"
"JH378112","41786259","41786458","chr12","18815667","18815860","32","22970592"
"JH378112","41792687","41792994","chr1","65504304","65504612","36","23711617"
"JH378112","41920781","41921084","chrX","22643602","22643906","37","19277179"
"JH378112","42039624","42039912","chr9","112566830","112567124","41","70527206"
"JH378112","42081635","42081937","chr1","65504304","65504612","45","23422669"
"JH378112","42163147","42163440","chr1","69161184","69161465","51","26998037"
"JH378112","42205540","42205850","chr6","10625136","10625443","42","31580404"
"JH378112","42210234","42210332","chr20","25652388","25652489","15","16557846"
"JH378112","42216093","42216397","chr3","10937420","10937729","40","31278673"
"JH378112","42225337","42225614","chr16","17307243","17307521","41","24918094"
"JH378112","42234655","42234843","chr13","64328799","64328991","26","22094144"
"JH378112","42240073","42240370","chr13","22116830","22117114","50","20123243"
"JH378112","42264827","42265080","chr5","1545752","1546005","52","40719075"
"JH378112","42267535","42267835","chr12","10064948","10065242","23","32202587"
"JH378112","42284079","42284348","chr13","90277401","90277674","40","47993322"
"JH378112","42325292","42325599","chr2","34891557","34891863","37","7433735"
"JH378112","42327668","42327794","chr11","67336740","67336866","12","25009072"
"JH378112","42343669","42343972","chr13","8870800","8871100","40","33472869"
"JH378112","42377546","42377671","chr1","8688937","8689061","13","33688609"
"JH378112","42571214","42571411","chr6","20765823","20766016","25","21805391"
"JH378112","42571966","42572264","chr3","88960138","88960433","41","46388172"
"JH378112","42592739","42593022","chr7","93852704","93852990","42","51259965"
"JH378112","42645492","42645788","chr24","22113783","22114076","38","20531709"
"JH378112","42666687","42667001","chr1","65504304","65504612","36","22837617"
"JH378112","42684446","42684722","chr20","80564542","80564813","33","37880096"
"JH378112","42822863","42822967","chr1","39939684","39939788","14","2883179"
"JH378112","42876265","42876544","chr5","21193983","21194260","34","21682282"
"JH378112","42889185","42889339","chr9","59130238","59130387","21","16241053"
"JH378112","43044313","43044473","chr15","63780376","63780536","27","20736063"
"JH378112","43449791","43450094","chr12","10064948","10065242","29","33384843"
"JH378112","43501437","43501742","chr14","79729598","79729899","30","36228161"
"JH378112","43507988","43508288","chr29","8289755","8290055","41","35218233"
"JH378112","43544706","43544986","chr10","34266329","34266612","36","9278377"
"JH378112","43633457","43633767","chr1","65504304","65504612","32","21870847"
"JH378112","43641189","43641498","chr5","2273487","2273788","41","41367702"
"JH378112","43642884","43643142","chr12","8199200","8199450","30","35443684"
"JH378112","43648301","43648449","chrUn_KE147649v1","9029","9176","16","43639272"
"JH378112","43658680","43658979","chr5","58245349","58245645","41","14586669"
"JH378112","43679757","43679844","chrX","124732633","124732721","13","81052876"
"JH378112","43696193","43696502","chr2","34891557","34891863","35","8804636"
"JH378112","43735131","43735396","chr11","12774928","12775192","38","30960203"
"JH378112","43770809","43771082","chr11","12068172","12068447","39","31702637"
"JH378112","43824089","43824178","chr19","7758593","7758681","10","36065496"
"JH378112","44023905","44024199","chr2","5168180","5168471","50","38855725"
"JH378112","44033822","44033898","chr13","63031813","63031889","8","18997991"
"JH378112","44040844","44040938","chr22","82220107","82220203","11","38179263"
"JH378112","44172208","44172324","chr10","24288306","24288421","12","19883902"
"JH378112","44194032","44194215","chr20","9877477","9877659","34","34316555"
"JH378112","44345558","44345867","chr2","34891557","34891863","31","9454001"
"JH378112","44352658","44352965","chr13","86445796","86446097","40","42093138"
"JH378112","44407332","44407473","chr23","56978905","56979044","13","12571573"
"JH378112","44456704","44457044","chr6","15174488","15174825","61","29282216"
"JH378112","44504101","44504400","chr16","31632439","31632734","41","12871662"
"JH378112","44540315","44540606","chr12","10064948","10065242","31","34475367"
"JH378112","44593808","44594093","chr11","105213946","105214237","48","60620138"
"JH378112","44618296","44618594","chr26","19408373","19408662","38","25209923"
"JH378112","44640080","44640391","chr12","10064948","10065242","39","34575132"
"JH378112","44724685","44724984","chr12","10064948","10065242","23","34659737"
"JH378112","44751647","44751955","chr5","2273487","2273788","35","42478160"
"JH378112","44778552","44778820","chr17","53320376","53320642","39","8541824"
"JH378112","44823440","44823747","chr26","38024857","38025165","32","6798583"
"JH378112","44881005","44881311","chr5","2273487","2273788","36","42607518"
"JH378112","45127773","45128066","chr8","134989821","134990115","34","89862048"
"JH378112","45143889","45144191","chr12","10064948","10065242","32","35078941"
"JH378112","45166844","45167122","chr24","76614329","76614607","42","31447485"
"JH378112","45170501","45170618","chr13","23206740","23206860","20","21963761"
"JH378112","45172110","45172409","chr1","103415790","103416081","33","58243680"
"JH378112","45173517","45173686","chr2","82552330","82552492","34","37378813"
"JH378112","45177746","45177841","chr22","82220107","82220203","8","37042361"
"JH378112","45178971","45179267","chr22","72744530","72744821","46","27565559"
"JH378112","45189850","45190145","chr2","5829314","5829613","40","39360536"
"JH378112","45200581","45200892","chr6","16598509","16598818","31","28602072"
"JH378112","45245072","45245221","chr14","72807657","72807809","24","27562585"
"JH378112","45245575","45245696","chr15","90834689","90834810","9","45589114"
"JH378112","45259453","45259751","chr21","112047561","112047854","37","66788108"
"JH378112","45272041","45272337","chr12","84540898","84541200","45","39268857"
"JH378112","45281765","45282056","chr9","111105813","111106102","40","65824048"
"JH378112","45290666","45290975","chr12","10064948","10065242","32","35225718"
"JH378112","45307693","45307997","chr10","2350876","2351174","40","42956817"
"JH378112","45313082","45313374","chr21","118261528","118261819","54","72948446"
"JH378112","45324465","45324601","chr10","8700232","8700372","17","36624233"
"JH378113","20627","20733","chr6","1067449","1067558","10","1046822"
"JH378113","21263","21393","chr20","20852752","20852882","10","20831489"
"JH378113","23974","24151","chr9","48534070","48534248","29","48510096"
"JH378113","63257","63334","chr10","95538249","95538325","9","95474992"
"JH378113","88869","89178","chr8","96089866","96090170","32","96000997"
"JH378113","213692","213988","chr12","10064948","10065242","27","9851256"
"JH378113","248005","248288","chr11","19611133","19611417","40","19363128"
"JH378113","260292","260594","chr16","51501244","51501546","32","51240952"
"JH378113","289277","289542","chr22","88832832","88833087","40","88543555"
"JH378113","313725","313966","chr16","69318389","69318626","35","69004664"
"JH378113","373536","373848","chr5","64637755","64638059","48","64264219"
"JH378113","394710","394807","chr22","82220107","82220203","11","81825397"
"JH378113","426543","426833","chr20","44741831","44742122","38","44315288"
"JH378113","473904","474025","chr15","90834689","90834810","13","90360785"
"JH378113","566606","566902","chrX","22653522","22653815","49","22086916"
"JH378113","567727","568026","chr26","38024857","38025165","41","37457130"
"JH378113","570748","571055","chr16","30398852","30399159","35","29828104"
"JH378113","587555","587644","chr19","7758593","7758681","11","7171038"
"JH378113","600572","600882","chr1","65504304","65504612","41","64903732"
"JH378113","629071","629384","chr11","115525233","115525542","33","114896162"
"JH378113","655917","656199","chr4","56550519","56550802","41","55894602"
"JH378113","734152","734456","chr12","10064948","10065242","30","9330796"
"JH378113","741459","741557","chr22","82220107","82220203","9","81478648"
"JH378113","778929","779163","chr16","52596936","52597170","39","51818007"
"JH378113","807046","807333","chr20","121618255","121618545","31","120811209"
"JH378113","820119","820195","chr13","63031813","63031889","6","62211694"
"JH378113","914196","914493","chr13","47744604","47744907","38","46830408"
"JH378113","919867","919948","chr16","4405728","4405812","9","3485861"
"JH378113","1098801","1099082","chr20","56096968","56097234","53","54998167"
"JH378113","1191051","1191343","chr20","75127208","75127485","45","73936157"
"JH378113","1459944","1460196","chr28","2906914","2907184","62","1446970"
"JH378113","1667086","1667404","chr20","115078321","115078628","46","113411235"
"JH378113","1781221","1781494","chr9","111737688","111737961","45","109956467"
"JH378113","1866400","1866712","chr7","119273691","119273998","44","117407291"
"JH378113","1873402","1873483","chr5","67880800","67880883","8","66007398"
"JH378113","1875427","1875724","chr12","6781553","6781865","131","4906126"
"JH378113","1922820","1923116","chr12","10064948","10065242","23","8142128"
"JH378113","1943233","1943519","chrX","12998946","12999224","39","11055713"
"JH378113","1951462","1951752","chr14","58657898","58658189","26","56706436"
"JH378113","1957708","1957992","chr11","19611133","19611417","33","17653425"
"JH378113","1982414","1982707","chr12","10064948","10065242","29","8082534"
"JH378113","2004544","2004618","chr13","63031813","63031889","6","61027269"
"JH378113","2019002","2019265","chr24","73585240","73585507","30","71566238"
"JH378113","2035230","2035513","chr5","42662951","42663235","38","40627721"
"JH378113","2040956","2041057","chr6","49745449","49745539","18","47704493"
"JH378113","2041972","2042153","chr11","106130585","106130765","23","104088613"
"JH378113","2071622","2071878","chr20","117598893","117599149","38","115527271"
"JH378113","2078288","2078577","chr6","38582923","38583209","41","36504635"
"JH378113","2101764","2101839","chr13","63031813","63031889","9","60930049"
"JH378113","2114421","2114644","chr22","64440815","64441040","52","62326394"
"JH378113","2124619","2124881","chr12","74130498","74130762","40","72005879"
"JH378113","2125284","2125589","chr26","21427773","21428073","37","19302489"
"JH378113","2137779","2138069","chr4","89486587","89486883","34","87348808"
"JH378113","2138097","2138405","chr17","44387479","44387789","39","42249382"
"JH378113","2141525","2141621","chr22","82220107","82220203","8","80078582"
"JH378113","2142856","2143144","chr21","18428485","18428777","39","16285629"
"JH378113","2163106","2163199","chr3","65349691","65349782","14","63186585"
"JH378113","2178192","2178486","chr17","32369635","32369925","43","30191443"
"JH378113","2182249","2182333","chr5","67880800","67880883","8","65698551"
"JH378113","2200673","2200762","chr3","65349691","65349782","11","63149018"
"JH378113","2204678","2204772","chr22","82220107","82220203","6","80015429"
"JH378113","2205111","2205240","chr16","13694176","13694300","23","11489065"
"JH378113","2214196","2214507","chr11","115525233","115525542","45","113311037"
"JH378113","2221144","2221438","chr15","5114677","5114969","45","2893533"
"JH378113","2221441","2221739","chr20","119945303","119945598","37","117723862"
"JH378113","2238140","2238229","chr3","65349691","65349782","13","63111551"
"JH378113","2244508","2244597","chr19","7758593","7758681","9","5514085"
"JH378113","2246651","2246775","chrX","30975857","30975984","25","28729206"
"JH378113","2249851","2249944","chr22","82220107","82220203","12","79970256"
"JH378113","2255551","2255634","chr6","39129950","39130034","11","36874399"
"JH378113","2257523","2257824","chr28","4550302","4550608","40","2292779"
"JH378113","2258644","2258709","chr1","104514801","104514865","9","102256157"
"JH378113","2258811","2259035","chr4","36151312","36151541","29","33892501"
"JH378113","2260700","2260882","chr13","79609427","79609608","34","77348727"
"JH378113","2261303","2261575","chr21","31869975","31870252","45","29608672"
"JH378113","2272385","2272677","chr15","54120993","54121279","38","51848608"
"JH378113","2282589","2282848","chr9","96390861","96391117","32","94108272"
"JH378113","2298168","2298258","chr3","65349691","65349782","12","63051523"
"JH378113","2300321","2300617","chrX","99018742","99019041","58","96718421"
"JH378113","2309164","2309458","chr4","53000070","53000366","45","50690906"
"JH378113","2334169","2334253","chr16","4405728","4405812","8","2071559"
"JH378113","2342387","2342677","chr12","10064948","10065242","28","7722561"
"JH378113","2346867","2347159","chr8","25441190","25441481","48","23094323"
"JH378113","2366379","2366540","chr25","67007366","67007524","37","64640987"
"JH378113","2369130","2369432","chr13","14877644","14877937","45","12508514"
"JH378113","2371700","2371987","chrX","449812","450099","38","1921888"
"JH378113","2381927","2382017","chr3","65349691","65349782","11","62967764"
"JH378113","2389094","2389171","chr13","63031813","63031889","9","60642719"
"JH378113","2415174","2415257","chr16","4405728","4405812","6","1990554"
"JH378113","2416535","2416636","chrX","2017984","2018087","10","398551"
"JH378113","2424315","2424601","chr15","10367171","10367456","41","7942856"
"JH378113","2429590","2429689","chr22","82220107","82220203","10","79790517"
"JH378113","2432126","2432429","chr15","3702894","3703194","37","1270768"
"JH378113","2439155","2439249","chr22","82220107","82220203","9","79780952"
"JH378113","2460075","2460225","chr9","59130238","59130387","13","56670163"
"JH378113","2502766","2503078","chr12","106807603","106807904","38","104304837"
"JH378113","2507184","2507498","chr2","34891557","34891863","38","32384373"
"JH378113","2539691","2539999","chr23","68581497","68581805","37","66041806"
"JH378113","2553187","2553493","chr3","21834348","21834652","33","19281161"
"JH378113","2569597","2569892","chr12","10064948","10065242","31","7495351"
"JH378113","2574683","2574984","chr8","113938611","113938905","38","111363928"
"JH378113","2577233","2577381","chr9","59130238","59130387","14","56553005"
"JH378113","2597392","2597611","chr3","27449368","27449585","25","24851976"
"JH378113","2644387","2644489","chrX","2017984","2018087","13","626403"
"JH378113","2650114","2650237","chr15","90834689","90834810","16","88184575"
"JH378113","2664164","2664241","chr13","63031813","63031889","7","60367649"
"JH378113","2671261","2671571","chr3","8766153","8766458","41","6094892"
"JH378113","2691971","2692061","chr22","82220107","82220203","10","79528136"
"JH378113","2707211","2707295","chr5","67880800","67880883","6","65173589"
"JH378113","2714616","2714763","chr17","47733511","47733658","14","45018895"
"JH378113","2770718","2771023","chr5","57408163","57408466","44","54637445"
"JH378113","2843942","2844233","chr14","83371933","83372231","39","80527991"
"JH378113","2855815","2855891","chr13","63031813","63031889","8","60175998"
"JH378113","2860786","2861081","chr12","10064948","10065242","32","7204162"
"JH378113","2863407","2863696","chr17","38518678","38518971","46","35655271"
"JH378113","2880947","2881145","chr25","58444337","58444533","42","55563390"
"JH378113","2897284","2897377","chr29","19490159","19490257","19","16592875"
"JH378113","2953562","2953867","chrX","125302543","125302844","33","122348981"
"JH378113","2957321","2957452","chr20","67637645","67637774","19","64680324"
"JH378113","2960821","2961129","chr12","6781553","6781865","87","3820732"
"JH378113","2964385","2964696","chrX","62513903","62514213","30","59549518"
"JH378113","2984684","2984979","chr11","19611133","19611417","39","16626449"
"JH378113","2995211","2995528","chr28","4550302","4550608","40","1555091"
"JH378113","3012134","3012408","chr3","73466676","73466959","40","70454542"
"JH378113","3018433","3018684","chr22","51738570","51738825","41","48720137"
"JH378113","3024085","3024366","chr11","19611133","19611417","43","16587048"
"JH378113","3025871","3026158","chr11","101959778","101960077","49","98933907"
"JH378113","3096079","3096382","chr29","8556711","8557016","35","5460632"
"JH378113","3142600","3142906","chr20","46933799","46934103","41","43791199"
"JH378113","3186934","3187235","chr20","119644477","119644775","34","116457543"
"JH378113","3278813","3279105","chr18","66152378","66152674","31","62873565"
"JH378113","3287580","3287887","chr16","14358940","14359244","36","11071360"
"JH378113","3295059","3295167","chr6","1067449","1067558","14","2227610"
"JH378113","3328092","3328173","chr16","4405728","4405812","7","1077636"
"JH378113","3452962","3453288","chr21","71527099","71527405","62","68074137"
"JH378113","3461524","3461819","chr10","118597337","118597632","41","115135813"
"JH378113","3470912","3471217","chr16","14358940","14359244","36","10888028"
"JH378113","3528142","3528483","chr3","37955466","37955795","45","34427324"
"JH378113","3572686","3573000","chr2","34891557","34891863","37","31318871"
"JH378113","3582677","3582978","chr22","18232920","18233227","42","14650243"
"JH378113","3610107","3610193","chr16","4405728","4405812","7","795621"
"JH378113","3635762","3636065","chr12","10064948","10065242","34","6429186"
"JH378113","3646648","3646733","chr16","4405728","4405812","9","759080"
"JH378113","3688608","3688682","chr13","63031813","63031889","9","59343205"
"JH378113","3690371","3690465","chr22","82220107","82220203","9","78529736"
"JH378113","3692052","3692380","chr24","32730307","32730629","41","29038255"
"JH378113","3722799","3723069","chr2","76921775","76922048","43","73198976"
"JH378113","3845754","3846055","chr2","34891557","34891863","38","31045803"
"JH378113","3870835","3870963","chr16","4500752","4500881","12","629917"
"JH378113","3878182","3878486","chr5","2273487","2273788","28","1604695"
"JH378113","3927436","3927739","chr14","21331402","21331700","37","17403966"
"JH378113","3947958","3948248","chrX","95460911","95461200","37","91512953"
"JH378113","3969321","3969597","chr14","60482496","60482769","37","56513175"
"JH378113","4022660","4022964","chr8","18530878","18531178","32","14508218"
"JH378113","4047737","4048033","chr1","103409222","103409516","37","99361485"
"JH378113","4050163","4050457","chr12","10064948","10065242","30","6014785"
"JH378113","4069032","4069312","chr1","108265208","108265479","38","104196176"
"JH378113","4084855","4085151","chr12","10064948","10065242","32","5980093"
"JH378113","4100119","4100394","chr14","33085378","33085658","39","28985259"
"JH378113","4100980","4101213","chr20","92882451","92882681","29","88781471"
"JH378113","4114910","4115172","chr14","22579568","22579829","45","18464658"
"JH378113","4118374","4118684","chr2","34891557","34891863","41","30773183"
"JH378113","4119088","4119158","chr24","81511855","81511926","11","77392767"
"JH378113","4119161","4119215","chr2","10318770","10318830","23","6199609"
"JH378113","4123170","4123457","chr18","68547001","68547299","43","64423831"
"JH378113","4131390","4131620","chr6","2372111","2372337","28","1759279"
"JH378113","4135477","4135757","chr16","26067530","26067803","42","21932053"
"JH378113","4184239","4184532","chr16","64430366","64430669","42","60246127"
"JH378113","4185637","4185918","chr21","73254495","73254785","46","69068858"
"JH378113","4200133","4200427","chrX","18278407","18278706","44","14078274"
"JH378113","4215866","4215960","chr28","6960504","6960603","15","2744638"
"JH378113","4223700","4223998","chr29","23114673","23114962","43","18890973"
"JH378113","4226093","4226183","chr3","65349691","65349782","11","61123598"
"JH378113","4233026","4233273","chr11","119259842","119260088","32","115026816"
"JH378113","4239648","4239859","chr25","73647297","73647508","27","69407649"
"JH378113","4276044","4276339","chr3","3973222","3973508","38","302822"
"JH378113","4282159","4282257","chr22","82220107","82220203","10","77937948"
"JH378113","4285461","4285761","chr24","1147887","1148184","29","3137574"
"JH378113","4312288","4312429","chr3","90669571","90669712","17","86357283"
"JH378113","4325613","4325835","chr24","70491696","70491919","26","66166083"
"JH378113","4328186","4328455","chr16","15621572","15621837","50","11293386"
"JH378113","4333093","4333170","chr13","63031813","63031889","9","58698720"
"JH378113","4337206","4337336","chr3","91348390","91348521","11","87011184"
"JH378113","4367398","4367697","chr26","26157512","26157808","27","21790114"
"JH378113","4368018","4368326","chrX","9752021","9752321","41","5384003"
"JH378113","4378213","4378513","chr12","10064948","10065242","28","5686735"
"JH378113","4378779","4379065","chr10","43260034","43260322","40","38881255"
"JH378113","4385657","4385759","chrX","2017984","2018087","10","2367673"
"JH378113","4395442","4395580","chr11","95753406","95753542","13","91357964"
"JH378113","4396834","4396947","chr13","61112232","61112346","11","56715398"
"JH378113","4400085","4400391","chr1","65504304","65504612","35","61104219"
"JH378113","4403054","4403131","chr13","63031813","63031889","10","58628759"
"JH378113","4405287","4405526","chr11","126175108","126175340","28","121769821"
"JH378113","4414802","4415106","chr2","34891557","34891863","39","30476755"
"JH378113","4419969","4420170","chr13","86585007","86585200","36","82165038"
"JH378113","4423324","4423452","chr3","91348390","91348521","10","86925066"
"JH378113","4436057","4436360","chr7","99172603","99172901","41","94736546"
"JH378113","4450183","4450478","chr26","42771314","42771606","36","38321131"
"JH378113","4479359","4479650","chr11","126818840","126819124","41","122339481"
"JH378113","4479753","4479827","chr13","63031813","63031889","6","58552060"
"JH378113","4486050","4486307","chr8","16250981","16251236","32","11764931"
"JH378113","4496491","4496802","chr1","65504304","65504612","32","61007813"
"JH378113","4497553","4497821","chr21","33287053","33287331","38","28789500"
"JH378113","4511566","4511870","chr2","35933723","35934028","33","31422157"
"JH378113","4517039","4517227","chr16","68347258","68347451","22","63830219"
"JH378113","4533812","4534112","chr1","68219231","68219530","31","63685419"
"JH378113","4557896","4558201","chr12","74217361","74217667","32","69659465"
"JH378113","4570578","4570860","chr5","20366749","20367033","35","15796171"
"JH378113","4593384","4593687","chr12","10064948","10065242","33","5471564"
"JH378113","4597816","4597893","chr13","63031813","63031889","8","58433997"
"JH378113","4597948","4598208","chr14","70441301","70441579","53","65843353"
"JH378113","4621437","4621747","chr2","74744689","74744996","37","70123252"
"JH378113","4626023","4626307","chr20","39709402","39709680","43","35083379"
"JH378113","4704709","4704985","chr18","39941690","39941965","37","35236981"
"JH378113","4706660","4706953","chr22","47793370","47793666","31","43086710"
"JH378113","4708517","4708817","chr12","10064948","10065242","35","5356431"
"JH378113","4746740","4747023","chr6","34143403","34143691","44","29396663"
"JH378113","4792500","4792630","chr16","31737705","31737835","16","26945205"
"JH378113","4797084","4797355","chr16","4608206","4608469","48","188878"
"JH378113","4808169","4808465","chrX","23977849","23978143","33","19169680"
"JH378113","4833719","4834005","chr2","6843755","6844035","37","2010036"
"JH378113","4836866","4837165","chr12","10064948","10065242","27","5228082"
"JH378113","4857691","4857979","chr8","17913918","17914205","28","13056227"
"JH378113","4870084","4870400","chr13","67235992","67236297","42","62365908"
"JH378113","4903245","4903533","chr14","79801787","79802070","45","74898542"
"JH378113","4919991","4920301","chrX","38691784","38692092","33","33771793"
"JH378113","4956808","4957117","chr3","10937420","10937729","37","5980612"
"JH378113","5021837","5022074","chr25","83059316","83059553","27","78037479"
"JH378113","5023134","5023230","chr22","82220107","82220203","9","77196973"
"JH378113","5047607","5047919","chr11","115525233","115525542","33","110477626"
"JH378113","5063847","5064139","chr16","13692422","13692717","51","8628575"
"JH378113","5092097","5092402","chr18","57857287","57857580","44","52765190"
"JH378113","5167409","5167715","chr5","36774379","36774687","38","31606970"
"JH378113","5182505","5182812","chr15","85615803","85616110","35","80433298"
"JH378113","5195276","5195573","chr12","10064948","10065242","26","4869672"
"JH378113","5208606","5208898","chr11","105213946","105214237","39","100005340"
"JH378113","5209295","5209551","chr9","96390861","96391117","27","91181566"
"JH378113","5218817","5219110","chr12","10064948","10065242","34","4846131"
"JH378113","5230537","5230831","chr18","71629517","71629808","41","66398980"
"JH378113","5244343","5244645","chr5","2273487","2273788","26","2970856"
"JH378113","5264413","5264709","chr8","52344592","52344885","36","47080179"
"JH378113","5287343","5287625","chr4","50225644","50225922","38","44938301"
"JH378113","5308949","5309248","chr12","10064948","10065242","28","4755999"
"JH378113","5319550","5319856","chr12","40352484","40352792","39","35032934"
"JH378113","5324161","5324441","chrX","1302529","1302805","40","4021632"
"JH378113","5334603","5334894","chrX","23977849","23978143","36","18643246"
"JH378113","5361949","5362250","chr16","4400493","4400795","34","961456"
"JH378113","5391695","5392005","chr5","2324242","2324550","35","3067453"
"JH378113","5395451","5395723","chr21","49966203","49966477","41","44570752"
"JH378113","5416015","5416323","chr1","108565860","108566161","42","103149845"
"JH378113","5493642","5493949","chr16","30398852","30399159","29","24905210"
"JH378113","5509390","5509682","chrX","23977849","23978143","31","18468459"
"JH378113","5556569","5556876","chr3","52307145","52307450","45","46750576"
"JH378113","5574037","5574333","chr12","10064948","10065242","33","4490911"
"JH378113","5579618","5579927","chr1","65504304","65504612","32","59924686"
"JH378113","5717704","5717906","chr6","8384876","8385077","25","2667172"
"JH378113","5717994","5718280","chr21","74368618","74368909","34","68650624"
"JH378113","5718331","5718633","chr27","22888845","22889148","44","17170514"
"JH378113","5729484","5729785","chr20","122789292","122789589","45","117059808"
"JH378113","5738096","5738180","chr16","4405728","4405812","7","1332368"
"JH378113","5778095","5778245","chr9","59130238","59130387","12","53352143"
"JH378113","5797312","5797446","chr9","59130238","59130387","34","53332926"
"JH378113","5811208","5811523","chr5","36774379","36774687","47","30963171"
"JH378113","5815728","5816028","chr2","34891557","34891863","48","29075829"
"JH378113","5816575","5816870","chr14","58657898","58658189","30","52841323"
"JH378113","5868764","5869062","chr2","14718646","14718944","32","8849882"
"JH378113","5899822","5900131","chr5","36774379","36774687","31","30874557"
"JH378113","5986971","5987115","chr21_KE148060v1_random","150383","150535","35","5836588"
"JH378113","6137713","6138006","chr15","86758708","86759003","36","80620995"
"JH378113","6140858","6141182","chr13","30058745","30059058","46","23917887"
"JH378113","6142771","6143056","chr10","3789859","3790139","44","2352912"
"JH378113","6206724","6206842","chr15","53595698","53595816","14","47388974"
"JH378113","6208751","6208900","chr9","59130238","59130387","13","52921487"
"JH378113","6209445","6209745","chr16","70684193","70684489","43","64474748"
"JH378113","6219185","6219430","chr3","34602180","34602418","32","28382995"
"JH378113","6228622","6228927","chr26","1946466","1946767","46","4282156"
"JH378113","6235878","6236165","chr26","45232903","45233182","42","38997025"
"JH378113","6242949","6243251","chr1","68219231","68219530","35","61976282"
"JH378113","6244500","6244784","chr23","25972738","25973023","42","19728238"
"JH378113","6266832","6267115","chrY","122540","122828","49","6144292"
"JH378113","6351827","6352132","chr17","35258575","35258878","39","28906748"
"JH378113","6363766","6364075","chr2","20157173","20157482","42","13793407"
"JH378113","6368263","6368567","chr9","95969759","95970062","38","89601496"
"JH378113","6428564","6428849","chr8","5910970","5911259","38","517594"
"JH378113","6604125","6604429","chr12","10064948","10065242","31","3460823"
"JH378113","6693170","6693276","chr26","50407387","50407500","21","43714217"
"JH378113","6693382","6693522","chr3","90669571","90669712","18","83976189"
"JH378113","6698369","6698517","chr9","59130238","59130387","15","52431869"
"JH378113","6723318","6723391","chr4","33654595","33654668","15","26931277"
"JH378113","6725489","6725792","chr29","8289755","8290055","38","1564266"
"JH378113","6732538","6732835","chr13","68659616","68659913","42","61927078"
"JH378113","6734357","6734430","chr4","33654595","33654668","15","26920238"
"JH378113","6751618","6751921","chr6","29168940","29169240","30","22417322"
"JH378113","6762696","6762844","chr9","59130238","59130387","12","52367542"
"JH378113","6780259","6780553","chr3","132730","133031","41","6647529"
"JH378113","6786590","6786888","chr4","62222786","62223086","36","55436196"
"JH378113","6791929","6792237","chr7","121483345","121483656","38","114691416"
"JH378113","6817294","6817619","chr1","65504304","65504612","41","58687010"
"JH378113","6831126","6831393","chr16","63471279","63471543","47","56640153"
"JH378113","6832058","6832376","chr18","67218974","67219278","58","60386916"
"JH378113","6851173","6851483","chr10","97221783","97222089","37","90370610"
"JH378113","6995585","6995872","chr2","15643914","15644197","35","8648329"
"JH378113","7111056","7111351","chr12","10064948","10065242","33","2953892"
"JH378113","7114950","7115096","chr24","5586091","5586238","19","1528859"
"JH378113","7206553","7206859","chr2","34891557","34891863","33","27685004"
"JH378113","7221028","7221331","chrX","1226626","1226926","36","5994402"
"JH378113","7228065","7228349","chr3","26110378","26110662","42","18882313"
"JH378113","7265258","7265548","chr13","65577132","65577425","36","58311874"
"JH378113","7274780","7275083","chr1","65504304","65504612","44","58229524"
"JH378113","7447414","7447691","chr12","10299780","10300061","56","2852366"
"JH378113","7560001","7560302","chr12","10064948","10065242","32","2504947"
"JH378113","7616949","7617252","chr19","23732962","23733259","45","16116013"
"JH378113","7627504","7627604","chr28","6960504","6960603","14","667000"
"JH378113","7627800","7628118","chr27","46746352","46746657","42","39118552"
"JH378113","7643792","7644087","chr22","51404529","51404822","35","43760737"
"JH378113","7737070","7737369","chr2","55900648","55900952","44","48163578"
"JH378113","7743200","7743478","chr24","74646701","74646986","43","66903501"
"JH378113","7788103","7788223","chr24","49206715","49206844","18","41418612"
"JH378113","7828337","7828412","chr13","63031813","63031889","6","55203476"
"JH378113","7882645","7882943","chr26","9178860","9179156","34","1296215"
"JH378113","7971078","7971381","chr11","117737181","117737478","46","109766103"
"JH378113","8020069","8020366","chr8","95885898","95886192","40","87865829"
"JH378113","8020842","8020944","chrX","2017984","2018087","15","6002858"
"JH378113","8043110","8043406","chr13","65577132","65577425","33","57534022"
"JH378113","8090108","8090405","chr4","50290090","50290388","38","42199982"
"JH378113","8092775","8093082","chr2","35931939","35932239","32","27839164"
"JH378113","8202823","8203120","chr14","37138980","37139278","34","28936157"
"JH378113","8247304","8247584","chr12","14821307","14821598","54","6574003"
"JH378113","8256757","8257064","chr26","6059541","6059849","40","2197216"
"JH378113","8314852","8315152","chr2","5119768","5120064","35","3195084"
"JH378113","8454179","8454480","chr24","35541584","35541883","34","27087405"
"JH378113","8494143","8494450","chr2","35933723","35934028","38","27439580"
"JH378113","8507711","8507941","chr23","42110057","42110277","26","33602346"
"JH378113","8524679","8524964","chr6","34744962","34745251","42","26220283"
"JH378113","8592095","8592403","chr20","48854198","48854498","37","40262103"
"JH378113","8716632","8716943","chr2","34891557","34891863","31","26174925"
"JH378113","8779087","8779343","chr24","67101328","67101584","38","58322241"
"JH378113","8820868","8821166","chr13","65577132","65577425","38","56756264"
"JH378113","8933517","8933809","chr12","95930384","95930680","37","86996867"
"JH378113","8973830","8974133","chr24","1147887","1148184","36","7825943"
"JH378113","8994476","8994805","chr11","88796866","88797188","49","79802390"
"JH378113","9022771","9022916","chr9","86109665","86109806","17","77086894"
"JH378113","9040971","9041269","chr18","71629517","71629808","35","62588546"
"JH378113","9063927","9064074","chr3","90669571","90669712","21","81605644"
"JH378113","9064075","9064152","chr11","46789662","46789736","12","37725587"
"JH378113","9197022","9197321","chr20","96210594","96210893","39","87013572"
"JH378113","9228707","9229017","chr5","36774379","36774687","37","27545672"
"JH378113","9235222","9235532","chr16","30398852","30399159","31","21163630"
"JH378113","9340234","9340294","chr7","116991223","116991283","8","107650989"
"JH378113","9368920","9369143","chr6","2372111","2372337","32","6996809"
"JH378113","9393954","9394259","chr12","94542878","94543181","44","85148924"
"JH378113","9534490","9534796","chr19","10628119","10628425","41","1093629"
"JH378113","9637579","9637915","chr4","16808054","16808360","72","7170475"
"JH378113","9724659","9724965","chr19","20947866","20948172","47","11223207"
"JH378113","9796363","9796662","chr20","98098070","98098370","40","88301707"
"JH378113","9914974","9915068","chr22","82220107","82220203","8","72305133"
"JH378113","9944914","9945209","chr3","1424957","1425259","47","8519957"
"JH378113","10027867","10027961","chr12","53065987","53066095","22","43038120"
"JH378113","10081286","10081584","chrX","8531639","8531937","34","1549647"
"JH378113","10136102","10136392","chr11","116153875","116154160","41","106017773"
"JH378113","10169399","10169712","chr9","85759120","85759423","41","75589721"
"JH378113","10354197","10354485","chr23","80461304","80461597","40","70107107"
"JH378113","10471040","10471340","chr11","95828364","95828669","47","85357324"
"JH378113","10496112","10496413","chr5","2273487","2273788","33","8222625"
"JH378113","10503054","10503276","chr20","47773481","47773698","30","37270427"
"JH378113","10512355","10512501","chr22","87450041","87450185","19","76937686"
"JH378113","10514031","10514262","chr10","22110914","22111133","36","11596883"
"JH378113","10516293","10516427","chr16","12732333","12732465","9","2216040"
"JH378113","10535168","10535267","chr22","82220107","82220203","9","71684939"
"JH378113","10555117","10555192","chr13","63031813","63031889","7","52476696"
"JH378113","10570985","10571292","chr9","15987970","15988276","32","5416985"
"JH378113","10583690","10583985","chr12","10064948","10065242","28","518742"
"JH378113","10586029","10586335","chr11","125798758","125799061","35","115212729"
"JH378113","10592038","10592317","chr17","32369635","32369925","48","21777597"
"JH378113","10593109","10593410","chr20","7557801","7558099","45","3035308"
"JH378113","10650733","10650983","chr3","27543319","27543573","42","16892586"
"JH378113","10661620","10661710","chr3","65349691","65349782","12","54688071"
"JH378113","10674404","10674709","chr5","2273487","2273788","32","8400917"
"JH378113","10675846","10676153","chr20","46933799","46934103","40","36257953"
"JH378113","10681846","10681987","chr12","42755129","42755268","17","32073283"
"JH378113","10709193","10709486","chr2","5168180","5168471","26","5541013"
"JH378113","10749493","10749794","chr1","68219231","68219530","40","57469738"
"JH378113","10750956","10751239","chr14","89906617","89906897","46","79155661"
"JH378113","10754460","10754746","chr5","42662951","42663235","25","31908491"
"JH378113","10755873","10755967","chr22","82220107","82220203","10","71464234"
"JH378113","10779118","10779396","chr26","13888046","13888328","28","3108928"
"JH378113","10787953","10788248","chr12","60432247","60432540","40","49644294"
"JH378113","10828283","10828590","chr5","2273487","2273788","32","8554796"
"JH378113","10837543","10837849","chr17","34393475","34393780","39","23555932"
"JH378113","10842386","10842461","chr13","63031813","63031889","10","52189427"
"JH378113","10863447","10863750","chr12","10064948","10065242","30","798499"
"JH378113","10916573","10916859","chr29","1616258","1616545","35","9300315"
"JH378113","10927280","10927556","chr29","14257784","14258062","35","3330504"
"JH378113","10969256","10969542","chrX","46002542","46002832","41","35033286"
"JH378113","10990236","10990546","chr21","13830726","13831028","36","2840490"
"JH378113","11001614","11001889","chr10","90056980","90057260","50","79055366"
"JH378113","11007384","11007678","chr6","11210331","11210630","47","202947"
"JH378113","11118433","11118612","chrX","99820785","99820950","32","88702352"
"JH378113","11133552","11133841","chr8","94667632","94667918","40","83534080"
"JH378113","11164908","11165214","chr8","65829182","65829494","49","54664274"
"JH378113","11189904","11190203","chr22","47793370","47793666","32","36603466"
"JH378113","11217030","11217325","chr15","71100240","71100531","43","59883210"
"JH378113","11331057","11331368","chr1","68219231","68219530","35","56888174"
"JH378113","11336579","11336766","chr16","15282415","15282608","28","3945836"
"JH378113","11402470","11402618","chr9","59130238","59130387","14","47727768"
"JH378113","11456427","11456724","chr12","10064948","10065242","25","1391479"
"JH378113","11494611","11494741","chr1","97802296","97802426","13","86307685"
"JH378113","11555221","11555521","chr20","89561089","89561394","35","78005868"
"JH378113","11565216","11565511","chr12","10064948","10065242","30","1500268"
"JH378113","11571927","11572017","chr19","7758593","7758681","10","3813334"
"JH378113","11613418","11613719","chr14","75577127","75577428","40","63963709"
"JH378113","11682867","11683136","chr9","118540216","118540488","33","106857349"
"JH378113","11787841","11788144","chr15","12031507","12031804","32","243666"
"JH378113","11823690","11823964","chrX","29936084","29936366","38","18112394"
"JH378113","11892210","11892505","chr16","21816012","21816308","42","9923802"
"JH378113","11906702","11906996","chr21","25123896","25124189","31","13217194"
"JH378113","11922019","11922311","chr26","43810880","43811168","41","31888861"
"JH378113","12036074","12036363","chr12","10064948","10065242","32","1971126"
"JH378113","12072873","12073172","chr10","90402340","90402635","34","78329467"
"JH378113","12127846","12128145","chr5","18622762","18623060","34","6494916"
"JH378113","12247985","12248291","chrX","125302543","125302844","33","113054558"
"JH378113","12280777","12281075","chr1","120119656","120119957","37","107838879"
"JH378113","12291389","12291676","chr8","72136120","72136401","49","59844731"
"JH378113","12295931","12296233","chr5","2273487","2273788","29","10022444"
"JH378113","12306087","12306359","chr20","66273963","66274240","46","53967876"
"JH378113","12309378","12309672","chr12","10064948","10065242","32","2244430"
"JH378113","12444738","12445043","chr2","65930999","65931302","41","53486261"
"JH378113","12594778","12594908","chr3","91348390","91348521","12","78753612"
"JH378113","12676261","12676392","chr19","5294457","5294586","14","7381804"
"JH378113","12791602","12791900","chr23","35836286","35836573","52","23044684"
"JH378113","12795306","12795619","chr23","78958611","78958915","36","66163305"
"JH378113","12813651","12813947","chr27","22888845","22889148","38","10075194"
"JH378113","12817238","12817552","chr25","7449311","7449614","51","5367927"
"JH378113","12864102","12864401","chr16","70684193","70684489","33","57820091"
"JH378113","12902786","12903085","chr24","1147887","1148184","32","11754899"
"JH378113","12964710","12964854","chr24","69210369","69210513","25","56245659"
"JH378113","12998079","12998384","chr19","10628119","10628425","52","2369960"
"JH378113","13073828","13074102","chrX","15774021","15774297","35","2700193"
"JH378113","13080906","13081046","chr6","6822935","6823078","24","6257971"
"JH378113","13081197","13081497","chr1","66807483","66807786","52","53726286"
"JH378113","13110849","13111112","chr5","46780733","46780994","41","33669884"
"JH378113","13183369","13183655","chr22","13698418","13698710","47","515049"
"JH378113","13223557","13223848","chr3","92074445","92074742","42","78850888"
"JH378113","13249853","13249936","chr5","67880800","67880883","7","54630947"
"JH378113","13333891","13334140","chr12","6401463","6401710","33","6932428"
"JH378113","13349394","13349498","chr1","39939684","39939788","9","26590290"
"JH378113","13391379","13391659","chrX","81238532","81238811","35","67847153"
"JH378113","13411088","13411176","chr20","119761262","119761350","11","106350174"
"JH378113","13589319","13589627","chr10","89018304","89018610","41","75428985"
"JH378113","13611590","13611676","chr15","39050206","39050292","18","25438616"
"JH378113","13673905","13674209","chr23","78958611","78958915","32","65284706"
"JH378113","13730030","13730230","chr7","31382586","31382774","37","17652556"
"JH378113","13856159","13856430","chrX","61267105","61267382","40","47410946"
"JH378113","13887890","13888201","chr12","88692034","88692338","50","74804144"
"JH378113","13892690","13892989","chr9","92415292","92415589","33","78522602"
"JH378113","14090578","14090840","chr3","27543319","27543573","46","13452741"
"JH378113","14117954","14118075","chr15","90834689","90834810","10","76716735"
"JH378113","14152585","14152890","chr12","10064948","10065242","39","4087637"
"JH378113","14205879","14206181","chr10","58133451","58133746","36","43927572"
"JH378113","14258737","14259025","chr23","37747056","37747344","40","23488319"
"JH378113","14293765","14293846","chr5","67880800","67880883","10","53587035"
"JH378113","14408592","14408803","chr16","6238673","6238883","23","8169919"
"JH378113","14448123","14448250","chr5","58432436","58432566","16","43984313"
"JH378113","14456238","14456552","chr13","84743392","84743699","40","70287154"
"JH378113","14469420","14469706","chr13","65577132","65577425","45","51107712"
"JH378113","14473444","14473824","chr10","102552424","102552793","85","88078980"
"JH378113","14489568","14489861","chr22","58537332","58537616","40","44047764"
"JH378113","14493042","14493370","chr12","84113723","84114031","50","69620681"
"JH378113","14500001","14500156","chr15","90845759","90845918","23","76345758"
"JH378113","14506772","14507077","chr24","51004467","51004765","35","36497695"
"JH378113","14533851","14534148","chr20","96210594","96210893","34","81676743"
"JH378113","14555763","14556061","chr9","71188923","71189219","29","56633160"
"JH378113","14572987","14573293","chr14","41748186","41748475","38","27175199"
"JH378113","14577461","14577765","chr1","68219231","68219530","34","53641770"
"JH378113","14589259","14589567","chr28","4550302","4550608","34","10038957"
"JH378113","14614274","14614570","chrX","17246394","17246689","42","2632120"
"JH378113","14641073","14641381","chr11","108802921","108803224","43","94161848"
"JH378113","14691421","14691726","chr12","10064948","10065242","34","4626473"
"JH378113","14728416","14728634","chr6","2372111","2372337","34","12356305"
"JH378113","14749163","14749466","chr7","584328","584632","47","14164835"
"JH378113","14765324","14765628","chr3","10188258","10188557","45","4577066"
"JH378113","14792103","14792381","chr14","89906617","89906897","52","75114514"
"JH378113","14853625","14853928","chr1","10803268","10803561","32","4050357"
"JH378113","14864291","14864440","chrUn_KE147649v1","9029","9176","13","14855262"
"JH378113","14920549","14920846","chr12","10064948","10065242","37","4855601"
"JH378113","14929146","14929430","chr2","5168180","5168471","38","9760966"
"JH378113","15000183","15000490","chr16","23423370","23423672","35","8423187"
"JH378113","15002242","15002502","chr9","107474072","107474328","34","92471830"
"JH378113","15042347","15042468","chr6","44144914","44145033","11","29102567"
"JH378113","15105393","15105511","chr24","48537275","48537387","20","33431882"
"JH378113","15105612","15105751","chr12","72659414","72659543","24","57553802"
"JH378113","15117895","15118020","chr1","8688937","8689061","10","6428958"
"JH378113","15145587","15145898","chr11","115525233","115525542","29","100379646"
"JH378113","15150458","15150764","chr26","17944990","17945291","38","2794532"
"JH378113","15199846","15200151","chr2","74744689","74744996","38","59544843"
"JH378113","15280767","15281057","chr26","48751377","48751666","43","33470610"
"JH378113","15283947","15284246","chr1","10803268","10803561","42","4480679"
"JH378113","15291323","15291448","chrX","7665538","7665663","14","7625785"
"JH378113","15379616","15379710","chrX","2017984","2018087","15","13361632"
"JH378113","15380541","15380620","chr2","10318770","10318830","26","5061771"
"JH378113","15398131","15398455","chr12","6781553","6781865","52","8616578"
"JH378113","15506983","15507293","chr23","77233587","77233894","46","61726604"
"JH378113","15509450","15509732","chr29","1616258","1616545","57","13893192"
"JH378113","15649813","15650118","chr5","9902768","9903074","41","5747045"
"JH378113","15670919","15671214","chr20","84320789","84321083","47","68649870"
"JH378113","15672348","15672469","chr11","74863209","74863330","12","59190861"
"JH378113","15729794","15730100","chr26","56179571","56179873","31","40449777"
"JH378113","15817384","15817468","chr16","4405728","4405812","7","11411656"
"JH378113","15950886","15951185","chr11","64255685","64255978","42","48304799"
"JH378113","15996784","15997068","chr15","5114677","5114969","39","10882107"
"JH378113","16047471","16047765","chr11","105213946","105214237","39","89166475"
"JH378113","16047943","16048234","chr12","10064948","10065242","32","5982995"
"JH378113","16215839","16215973","chr17","41966499","41966632","21","25750660"
"JH378113","16221471","16221601","chrX","60368209","60368339","15","44146738"
"JH378113","16340194","16340470","chr12","76455043","76455320","46","60114849"
"JH378113","16340553","16340835","chr5","22668022","22668311","41","6327469"
"JH378113","16375968","16376267","chr13","65577132","65577425","36","49201164"
"JH378113","16387075","16387379","chr14","83570862","83571166","40","67183787"
"JH378113","16475331","16475625","chr6","39792892","39793183","37","23317561"
"JH378113","16490160","16490466","chr12","6781553","6781865","135","9708607"
"JH378113","16494728","16494822","chr22","82220107","82220203","12","65725379"
"JH378113","16498215","16498523","chr1","122100680","122100987","38","105602465"
"JH378113","16504740","16505023","chr6","40582273","40582553","28","24077533"
"JH378113","16599537","16599620","chr5","67880800","67880883","5","51281263"
"JH378113","16631215","16631483","chr25","79258680","79258945","43","62627465"
"JH378113","16637021","16637317","chr18","71175402","71175700","37","54538381"
"JH378113","16676493","16676798","chr23","63610971","63611275","37","46934478"
"JH378113","16679653","16679882","chr20","80623744","80623973","28","63944091"
"JH378113","16702199","16702480","chr6","35943573","35943854","35","19241374"
"JH378113","16725366","16725667","chr12","10064948","10065242","34","6660418"
"JH378113","16736711","16737006","chr15","12031507","12031804","33","4705204"
"JH378113","16848497","16848809","chr11","115525233","115525542","31","98676736"
"JH378113","16886763","16887052","chr7","98055883","98056171","37","81169120"
"JH378113","16965279","16965407","chr8","30816712","30816842","14","13851433"
"JH378113","16982031","16982284","chr22","88832832","88833087","31","71850801"
"JH378113","17018698","17019004","chr3","10033243","10033549","38","6985455"
"JH378113","17050443","17050753","chr11","115525233","115525542","30","98474790"
"JH378113","17074441","17074543","chrX","2017984","2018087","8","15056457"
"JH378113","17143081","17143233","chr9","59130238","59130387","15","41987157"
"JH378113","17162158","17162462","chr10","122310682","122310986","40","105148524"
"JH378113","17187498","17187807","chr1","65504304","65504612","31","48316806"
"JH378113","17189321","17189633","chr1","65504304","65504612","33","48314983"
"JH378113","17214525","17214822","chr22","10282335","10282631","34","6932190"
"JH378113","17266591","17266891","chr15","86758708","86759003","45","69492117"
"JH378113","17281931","17282239","chr27","8771956","8772256","35","8509975"
"JH378113","17303175","17303472","chr11","12143435","12143724","42","5159740"
"JH378113","17313216","17313509","chr5","22668022","22668311","37","5354806"
"JH378113","17317929","17318222","chr12","10064948","10065242","25","7252981"
"JH378113","17339196","17339505","chr25","25444419","25444727","34","8105223"
"JH378113","17392715","17392999","chr16","15159609","15159898","39","2233106"
"JH378113","17400196","17400304","chr6","1067449","1067558","13","16332747"
"JH378113","17431121","17431396","chr7","25101902","25102178","45","7670781"
"JH378113","17455197","17455327","chr16","4500752","4500881","10","12954445"
"JH378113","17457270","17457577","chr16","30398852","30399159","37","12941582"
"JH378113","17468703","17469008","chr1","108565860","108566161","38","91097157"
"JH378113","17490747","17490891","chr6","7229588","7229731","15","10261159"
"JH378113","17597911","17598213","chr12","10064948","10065242","28","7532963"
"JH378113","17604882","17605192","chr5","36774379","36774687","38","19169497"
"JH378113","17608724","17609017","chr12","10064948","10065242","23","7543776"
"JH378113","17616755","17616845","chr3","65349691","65349782","10","47732936"
"JH378113","17627218","17627327","chr6","1067449","1067558","9","16559769"
"JH378113","17639440","17639754","chrX","62513903","62514213","38","44874463"
"JH378113","17645612","17645929","chr1","65504304","65504612","35","47858692"
"JH378113","17666860","17667154","chr29","10722547","10722839","39","6944313"
"JH378113","17671079","17671173","chr14","42989086","42989186","16","25318007"
"JH378113","17680785","17681021","chr14","100875178","100875404","38","83194393"
"JH378113","17692662","17692961","chr11","115179293","115179595","43","97486631"
"JH378113","17696670","17696800","chr27","32448797","32448927","10","14752127"
"JH378113","17738544","17738834","chr15","86758708","86759003","34","69020164"
"JH378113","17747892","17748180","chr12","104595406","104595692","35","86847514"
"JH378113","17796685","17796977","chr8","52344592","52344885","33","34547907"
"JH378113","17810513","17810625","chr9","51073130","51073242","20","33262617"
"JH378113","17827664","17827980","chr8","65829182","65829494","42","48001518"
"JH378113","17867919","17868186","chr22","91959188","91959456","34","74091269"
"JH378113","17902535","17902841","chr20","92481976","92482271","38","74579441"
"JH378113","17905700","17906010","chr1","65504304","65504612","35","47598604"
"JH378113","17930805","17930898","chr22","82220107","82220203","7","64289302"
"JH378113","17934231","17934534","chr23","40897282","40897583","34","22963051"
"JH378113","17984364","17984534","chr14","93045548","93045716","26","75061184"
"JH378113","18007517","18007813","chrX","17246394","17246689","36","761123"
"JH378113","18007863","18008169","chr5","2273487","2273788","36","15734376"
"JH378113","18022327","18022629","chrX","125302543","125302844","37","107280216"
"JH378113","18030526","18030818","chr12","102135104","102135405","35","84104578"
"JH378113","18058019","18058291","chr20","107442147","107442416","44","89384128"
"JH378113","18078160","18078452","chr13","22116830","22117114","42","4038670"
"JH378113","18091728","18091956","chr21","71246060","71246287","28","53154332"
"JH378113","18131928","18132058","chr3","91348390","91348521","12","73216462"
"JH378113","18154681","18154968","chr22","50629443","50629736","43","32474762"
"JH378113","18272717","18273000","chr28","16074896","16075181","37","2197821"
"JH378113","18281751","18282060","chr17","25327775","25328080","36","7046024"
"JH378113","18428263","18428560","chr4","62288888","62289188","33","43860625"
"JH378113","18440385","18440656","chr9","86179627","86179895","39","67739242"
"JH378113","18452074","18452357","chr9","93997915","93998191","50","75545841"
"JH378113","18453527","18453828","chr5","2273487","2273788","35","16180040"
"JH378113","18532751","18533015","chr26","45649316","45649579","35","27116565"
"JH378113","18576292","18576578","chr18","57500422","57500700","43","38924130"
"JH378113","18594798","18595093","chr10","51938751","51939050","45","33343953"
"JH378113","18653719","18653980","chr10","26099742","26100004","38","7446023"
"JH378113","18681146","18681427","chr7","100037094","100037378","32","81355948"
"JH378113","18711857","18712167","chr8","40060771","40061076","41","21348914"
"JH378113","18871277","18871574","chrX","33866467","33866758","35","14995190"
"JH378113","18884587","18884899","chr1","108565860","108566161","35","89681273"
"JH378113","18898261","18898545","chr9","26807010","26807295","39","7908749"
"JH378113","18907153","18907432","chr23","71815259","71815540","40","52908106"
"JH378113","18924524","18924687","chr8","134258549","134258711","28","115334025"
"JH378113","18963880","18964189","chr2","20242750","20243052","41","1278870"
"JH378113","19003341","19003597","chr9","96390861","96391117","39","77387520"
"JH378113","19012638","19012764","chr1","97802296","97802426","14","78789658"
"JH378113","19064126","19064415","chr8","40438332","40438620","39","21374206"
"JH378113","19070352","19070638","chr3","63727544","63727825","44","44657192"
"JH378113","19120976","19121261","chr23","72310057","72310347","44","53189081"
"JH378113","19148697","19148993","chr10","26181776","26182075","38","7033079"
"JH378113","19169139","19169425","chr19","13943002","13943292","42","5226137"
"JH378113","19187320","19187626","chr14","83570862","83571166","30","64383542"
"JH378113","19209344","19209656","chr11","115525233","115525542","29","96315889"
"JH378113","19251186","19251484","chrX","23977849","23978143","34","4726663"
"JH378113","19369905","19370194","chr14","45112834","45113124","38","25742929"
"JH378113","19383532","19383757","chr13","7317370","7317589","29","12066162"
"JH378113","19555805","19555964","chr22","71823929","71824084","25","52268124"
"JH378113","19560124","19560406","chr6","35943573","35943854","34","16383449"
"JH378113","19568391","19568676","chr26","38637329","38637616","32","19068938"
"JH378113","19593395","19593683","chr18","70191042","70191329","40","50597647"
"JH378113","19704905","19705216","chr15","10808644","10808949","46","8896261"
"JH378113","19727640","19727940","chr25","56498862","56499159","37","36771222"
"JH378113","19734865","19735086","chr7","98446578","98446794","31","78711713"
"JH378113","19799711","19800008","chr3","4850775","4851075","48","14948936"
"JH378113","19855210","19855512","chrX","22889156","22889454","31","3033946"
"JH378113","19898940","19899221","chr22","37637582","37637856","38","17738642"
"JH378113","19950971","19951212","chr13","52542437","52542669","47","32591466"
"JH378113","19954298","19954576","chr11","123957692","123957957","49","104003394"
"JH378113","19964888","19965190","chr1","108565860","108566161","38","88600972"
"JH378113","19965510","19965812","chr23","19799493","19799797","57","166017"
"JH378113","19982499","19982637","chr21","72996628","72996759","20","53014129"
"JH378113","20004838","20004985","chr20","93091808","93091940","25","73086970"
"JH378113","20021406","20021698","chr1","68219231","68219530","34","48197825"
"JH378113","20028339","20028628","chr17","55495069","55495363","45","35466730"
"JH378113","20068735","20069053","chr7","13881902","13882206","36","6186833"
"JH378113","20088480","20088795","chr1","65504304","65504612","39","45415824"
"JH378113","20090802","20091076","chr16","63471279","63471543","38","43380477"
"JH378113","20091270","20091578","chr7","47081384","47081690","41","26990114"
"JH378113","20108252","20108537","chr16","53543968","53544250","45","33435716"
"JH378113","20149998","20150316","chr5","14569519","14569836","46","5580479"
"JH378113","20229990","20230298","chr12","6781553","6781865","76","13448437"
"JH378113","20232625","20232873","chr11","119259842","119260088","38","99027217"
"JH378113","20257591","20257904","chr11","115525233","115525542","38","95267642"
"JH378113","20278519","20278809","chr25","81017700","81017987","38","60739181"
"JH378113","20279752","20280046","chr5","2273487","2273788","41","18006265"
"JH378113","20289946","20290252","chr25","50712291","50712593","36","30422345"
"JH378113","20294616","20294746","chr3","91348390","91348521","11","71053774"
"JH378113","20305340","20305648","chr1","65504304","65504612","28","45198964"
"JH378113","20425208","20425508","chr12","103011241","103011542","44","82586033"
"JH378113","20483521","20483822","chr18","67218974","67219278","41","46735453"
"JH378113","20924933","20925220","chr20","112829822","112830113","47","91904889"
"JH378113","20942043","20942345","chr7","12288332","12288635","41","8653711"
"JH378113","21065613","21065725","chr6","1067449","1067558","14","19998164"
"JH378113","21068768","21069021","chr8","90211831","90212082","34","69143063"
"JH378113","21093226","21093541","chr2","43108182","43108490","49","22014956"
"JH378113","21105358","21105505","chr5","74884904","74885051","18","53779546"
"JH378113","21149692","21149822","chr21","120831560","120831690","12","99681868"
"JH378113","21172915","21173014","chr22","82220107","82220203","10","61047192"
"JH378113","21186906","21187082","chrX","23635650","23635832","37","2448744"
"JH378113","21187741","21188013","chr9","62528165","62528449","56","41340424"
"JH378113","21212444","21212717","chr29","6558621","6558900","44","14653823"
"JH378113","21227866","21228172","chr4","31268658","31268962","40","10040792"
"JH378113","21274091","21274326","chr7","129494309","129494544","36","108220218"
"JH378113","21276427","21276713","chr1","10803268","10803561","45","10473159"
"JH378113","21298645","21298753","chr1","62097932","62098038","11","40799287"
"JH378113","21303972","21304271","chr20","112942944","112943240","47","91638972"
"JH378113","21310481","21310569","chr19","7758593","7758681","10","13551888"
"JH378113","21314466","21314763","chr8","95885898","95886192","38","74571432"
"JH378113","21325082","21325400","chr1","108565860","108566161","38","87240778"
"JH378113","21326952","21327226","chr7","47018747","47019038","44","25691795"
"JH378113","21361734","21362045","chr11","115525233","115525542","40","94163499"
"JH378113","21429640","21429946","chr23","80808335","80808640","35","59378695"
"JH378113","21434537","21434832","chrX","17246394","17246689","40","4188143"
"JH378113","21437291","21437378","chr19","7758593","7758681","10","13678698"
"JH378113","21458369","21458666","chr8","134989821","134990115","34","113531452"
"JH378113","21459610","21459740","chr3","91348390","91348521","11","69888780"
"JH378113","21464457","21464769","chr17","44387479","44387789","39","22923022"
"JH378113","21467420","21467693","chr5","22422276","22422556","50","954856"
"JH378113","21475349","21475438","chr3","65349691","65349782","14","43874342"
"JH378113","21481895","21482032","chr11","95753406","95753542","17","74271511"
"JH378113","21486914","21487056","chr11","51685544","51685686","27","30198630"
"JH378113","21487386","21487548","chr9","85564984","85565140","32","64077598"
"JH378113","21512324","21512449","chr1","8688937","8689061","12","12823387"
"JH378113","21517322","21517627","chr2","35531547","35531853","43","14014225"
"JH378113","21532334","21532457","chr3","72385674","72385796","11","50853340"
"JH378113","21547512","21547657","chr3","13775795","13775934","22","7771717"
"JH378113","21555850","21556053","chr10","25944293","25944495","27","4388443"
"JH378113","21572939","21573088","chr9","59130238","59130387","18","37557299"
"JH378113","21575745","21576044","chr23","60014754","60015055","37","38439009"
"JH378113","21595351","21595481","chr1","97802296","97802426","9","76206945"
"JH378113","21618567","21618871","chr7","38253253","38253557","50","16634686"
"JH378113","21647221","21647526","chr6","39327037","39327335","46","17679816"
"JH378113","21662918","21663068","chr1","3373839","3373973","36","18289079"
"JH378113","21667494","21667701","chr11","117573457","117573649","35","95905963"
"JH378113","21672912","21673059","chr9","59130238","59130387","17","37457326"
"JH378113","21707846","21707943","chr22","82220107","82220203","14","60512261"
"JH378113","21723902","21724083","chr9","47503162","47503340","35","25779260"
"JH378113","21724772","21724849","chr13","63031813","63031889","11","41307041"
"JH378113","21756750","21757057","chr9","34182892","34183200","36","12426142"
"JH378113","21759093","21759180","chr16","4405728","4405812","9","17353365"
"JH378113","21771720","21771813","chr22","82220107","82220203","10","60448387"
"JH378113","21772133","21772420","chr13","75976745","75977032","42","54204612"
"JH378113","21779959","21780108","chr9","59130238","59130387","15","37350279"
"JH378113","21782713","21783014","chr12","10064948","10065242","31","11717765"
"JH378113","21794001","21794112","chr6","1067449","1067558","10","20726552"
"JH378113","21795058","21795360","chr8","93926175","93926473","36","72131117"
"JH378113","21797716","21798009","chr12","10064948","10065242","34","11732768"
"JH378113","21798537","21798778","chr24","66946035","66946274","28","45147498"
"JH378113","21800026","21800282","chr22","88832832","88833087","37","67032806"
"JH378113","21803390","21803518","chr19","5294457","5294586","14","16508933"
"JH378113","21804283","21804381","chr22","82220107","82220203","13","60415824"
"JH378113","21805379","21805545","chr7","128354173","128354335","29","106548794"
"JH378113","21819697","21819996","chr24","35548945","35549247","45","13729248"
"JH378113","21842092","21842390","chr12","10064948","10065242","26","11777144"
"JH378113","21849231","21849540","chr5","2324242","2324550","35","19524989"
"JH378113","21853870","21854186","chr2","34891557","34891863","38","13037687"
"JH378113","21855323","21855633","chr2","34891557","34891863","27","13036234"
"JH378113","21864267","21864584","chr17","3848785","3849093","51","18015482"
"JH378113","21876031","21876115","chr5","67880800","67880883","7","46004769"
"JH378113","21900052","21900187","chr13","49302138","49302273","14","27402086"
"JH378113","21902481","21902631","chr9","59130238","59130387","18","37227757"
"JH378113","21910355","21910665","chr26","9300679","9300984","39","12609676"
"JH378113","21952201","21952496","chr5","52368103","52368393","49","30415902"
"JH378113","21955840","21955949","chr6","1067449","1067558","8","20888391"
"JH378113","21957056","21957298","chr26","14438107","14438343","32","7518949"
"JH378113","21966530","21966845","chr23","63610971","63611275","53","41644441"
"JH378113","21981525","21981655","chr1","97802296","97802426","13","75820771"
"JH378113","21985944","21986049","chr1","39939684","39939788","11","17953740"
"JH378113","21993184","21993309","chr1","97802296","97802426","14","75809112"
"JH378113","21999658","21999929","chr10","10722220","10722492","40","11277438"
"JH378113","22009941","22010171","chrX","7101116","7101342","30","14908825"
"JH378113","22037879","22038169","chr6","38437831","38438120","31","16399952"
"JH378113","22042609","22042862","chr16","23133571","23133812","37","1090962"
"JH378113","22043530","22043592","chr1","104514801","104514865","10","82471271"
"JH378113","22059024","22059334","chr12","10064948","10065242","41","11994076"
"JH378113","22073123","22073398","chr7","99947626","99947896","54","77874503"
"JH378113","22078406","22078532","chr1","8688937","8689061","11","13389469"
"JH378113","22087980","22088075","chr22","82220107","82220203","7","60132127"
"JH378113","22095510","22095608","chr22","82220107","82220203","11","60124597"
"JH378113","22106127","22106413","chr21","26939851","26940136","41","4833724"
"JH378113","22140478","22140585","chr12","53065987","53066095","15","30925509"
"JH378113","22159529","22159649","chr5","31993182","31993296","26","9833653"
"JH378113","22175241","22175547","chr5","36774379","36774687","36","14599138"
"JH378113","22181819","22182102","chr28","13556614","13556903","44","8625205"
"JH378113","22183320","22183395","chr13","63031813","63031889","7","40848493"
"JH378113","22185999","22186299","chr19","13254337","13254637","34","8931662"
"JH378113","22195217","22195519","chr11","96783900","96784200","36","74588683"
"JH378113","22227684","22227779","chr22","82220107","82220203","7","59992423"
"JH378113","22243379","22243527","chr9","38192622","38192768","15","15949243"
"JH378113","22244394","22244669","chr7","132429422","132429698","39","110185028"
"JH378113","22262835","22262964","chr1","97802296","97802426","13","75539461"
"JH378113","22279569","22279876","chr15","18549945","18550246","37","3729624"
"JH378113","22444088","22444394","chr11","118588547","118588845","40","96144459"
"JH378113","22452261","22452558","chr15","29954614","29954908","40","7502353"
"JH378113","22511206","22511474","chr21","106798480","106798745","48","84287274"
"JH378113","22515993","22516282","chr14","44038439","44038738","35","21522446"
"JH378113","22521515","22521684","chrUn_AQIB01158777v1","1046","1213","31","22520469"
"JH378113","22617674","22617832","chr13","59020720","59020870","31","36403046"
"JH378113","22618284","22618377","chr22","82220107","82220203","13","59601823"
"JH378113","22622252","22622560","chr17","56982683","56982990","40","34360431"
"JH378113","22664843","22665068","chrX","116141726","116141949","31","93476883"
"JH378113","22738637","22738934","chr6","4113565","4113862","28","18625072"
"JH378113","22867523","22867824","chr14","18217445","18217755","39","4650078"
"JH378113","22918747","22919026","chr15","90615245","90615523","42","67696498"
"JH378113","22960457","22960770","chr6","16389748","16390052","43","6570709"
"JH378113","22979000","22979279","chr23","32037647","32037934","45","9058647"
"JH378113","23047452","23047749","chr11","89383370","89383667","38","66335918"
"JH378113","23090040","23090329","chr22","50629443","50629736","41","27539403"
"JH378113","23147572","23147911","chr14","46171515","46171849","39","23023943"
"JH378113","23169948","23170112","chr11","3007595","3007753","25","20162353"
"JH378113","23201069","23201368","chr12","27631381","27631681","45","4430312"
"JH378113","23217872","23217956","chr28","18355143","18355228","16","4862729"
"JH378113","23222903","23223215","chr1","65504304","65504612","33","42281401"
"JH378113","23259352","23259654","chrX","125302543","125302844","27","102043191"
"JH378113","23284682","23284730","chr22","16771172","16771219","9","6513510"
"JH378113","23304690","23304820","chr1","97802296","97802426","12","74497606"
"JH378113","23305419","23305521","chr8","71008102","71008200","17","47702683"
"JH378113","23307569","23307691","chr6","47088798","47088916","23","23781229"
"JH378113","23311834","23312124","chr11","42115371","42115662","39","18803537"
"JH378113","23316076","23316223","chr3","90669571","90669712","15","67353495"
"JH378113","23320728","23321015","chr24","51032663","51032946","42","27711935"
"JH378113","23350798","23350931","chr1","110380135","110380266","13","87029337"
"JH378113","23376289","23376593","chr13","65577132","65577425","40","42200843"
"JH378113","23383825","23384120","chr14","42580822","42581115","43","19196997"
"JH378113","23404545","23404653","chr6","5216779","5216886","14","18187766"
"JH378113","23409547","23409857","chr1","65504304","65504612","31","42094757"
"JH378113","23418296","23418484","chr2","37145074","37145258","24","13726778"
"JH378113","23418496","23418566","chr11","19235944","19236012","8","4182552"
"JH378113","23434282","23434593","chr2","34891557","34891863","34","11457275"
"JH378113","23435924","23436067","chr3","90669571","90669712","17","67233647"
"JH378113","23450644","23450866","chr14","14990118","14990325","49","8460526"
"JH378113","23456890","23457180","chr3","8186932","8187227","39","15269958"
"JH378113","23479287","23479362","chr13","63031813","63031889","7","39552526"
"JH378113","23480154","23480516","chr12","10064948","10065242","143","13415206"
"JH378113","23486412","23486552","chr23","56978905","56979044","14","33492493"
"JH378113","23491934","23492220","chr5","20366749","20367033","37","3125185"
"JH378113","23495454","23495550","chr22","82220107","82220203","7","58724653"
"JH378113","23500670","23500920","chr22","14054096","14054345","32","9446574"
"JH378113","23529475","23529783","chr5","2273487","2273788","35","21255988"
"JH378113","23576026","23576256","chr9","106743255","106743488","32","83167229"
"JH378113","23588335","23588416","chr16","4405728","4405812","7","19182607"
"JH378113","23615994","23616305","chr2","58045145","58045453","35","34429151"
"JH378113","23648628","23648922","chr9","96314869","96315163","33","72666241"
"JH378113","23671318","23671615","chr22","39387314","39387616","45","15715996"
"JH378113","23689387","23689697","chr2","56143790","56144095","35","32454403"
"JH378113","23765393","23765690","chr12","10064948","10065242","32","13700445"
"JH378113","23786971","23787243","chr10","62769074","62769367","49","38982103"
"JH378113","23882659","23882984","chr1","65504304","65504612","48","41621645"
"JH378113","23924346","23924486","chr5","523440","523575","17","23400906"
"JH378113","24045885","24046154","chr24","27023895","27024155","40","2978010"
"JH378113","24052116","24052423","chr2","58045145","58045453","40","33993029"
"JH378113","24118623","24118928","chr1","65504304","65504612","36","41385681"
"JH378113","24134915","24135214","chr24","50014098","50014389","31","25879183"
"JH378113","24230580","24230906","chr12","72236547","72236866","52","48005967"
"JH378113","24303565","24303865","chr23","61905659","61905961","31","37602094"
"JH378113","24339064","24339387","chr25","65108190","65108510","36","40769126"
"JH378113","24376203","24376502","chr1","18554019","18554319","33","5822184"
"JH378113","24438584","24438883","chr29","8289755","8290055","40","16148829"
"JH378113","24596784","24597087","chr12","10064948","10065242","35","14531836"
"JH378113","24608372","24608677","chr8","96089866","96090170","34","71481494"
"JH378113","24684818","24685125","chr1","65504304","65504612","31","40819486"
"JH378113","24696505","24696816","chr12","6781553","6781865","75","17914952"
"JH378113","24766549","24766836","chr12","5303669","5303965","42","19462880"
"JH378113","24846300","24846619","chr26","16008721","16009029","41","8837579"
"JH378113","24854609","24854898","chr23","73077881","73078169","33","48223272"
"JH378113","24882946","24883252","chr2","35933723","35934028","33","11050777"
"JH378113","24952694","24952991","chr12","10064948","10065242","26","14887746"
"JH378113","25145890","25146019","chr11","106843296","106843425","12","81697406"
"JH378113","25178261","25178564","chr12","10064948","10065242","28","15113313"
"JH378113","25228082","25228388","chr11","115525233","115525542","41","90297151"
"JH378113","25318083","25318391","chr1","65504304","65504612","33","40186221"
"JH378113","25473888","25474089","chr20","79047808","79048003","42","53573920"
"JH378113","25488452","25488732","chr6","32442100","32442371","38","6953648"
"JH378113","25582260","25582567","chr24","68895333","68895641","38","43313073"
"JH378113","25686471","25686743","chr25","73791320","73791585","38","48104849"
"JH378113","25907296","25907599","chr13","23854010","23854307","34","2053286"
"JH378113","25952299","25952598","chr24","67239754","67240052","40","41287455"
"JH378113","25954627","25954930","chr7","13881902","13882206","31","12072725"
"JH378113","26005669","26005958","chr2","14954130","14954422","35","11051539"
"JH378113","26173930","26174239","chr2","34891557","34891863","31","8717627"
"JH378113","26180966","26181272","chr15","18549945","18550246","34","7631021"
"JH378113","26181659","26181974","chr23","81776363","81776665","42","55594704"
"JH378113","26188886","26189194","chr28","4550302","4550608","32","21638584"
"JH378113","26275511","26275819","chr2","56143790","56144095","37","29868279"
"JH378113","26291486","26291787","chr11","51624065","51624366","32","25332579"
"JH378113","26292522","26292824","chr13","65577132","65577425","36","39284610"
"JH378113","26297024","26297313","chr24","67904448","67904733","35","41607424"
"JH378113","26303970","26304274","chr20","19825871","19826167","41","6478099"
"JH378113","26399072","26399372","chr4","57246039","57246334","38","30846967"
"JH378113","26403735","26404063","chr10","56650043","56650365","55","30246308"
"JH378113","26404967","26405262","chr8","52344592","52344885","41","25939625"
"JH378113","26450722","26451040","chr16","2999161","2999470","42","23451561"
"JH378113","26460735","26461045","chr6","11786883","11787187","38","14673852"
"JH378113","26463629","26463931","chr1","70042459","70042762","39","43578830"
"JH378113","26476611","26476919","chr20","122777460","122777767","41","96300849"
"JH378113","26498539","26498832","chr16","47237674","47237971","34","20739135"
"JH378113","26508214","26508533","chr1","104145192","104145500","60","77636978"
"JH378113","26515118","26515406","chr28","2825551","2825833","40","23689567"
"JH378113","26571784","26572081","chr26","19153190","19153484","39","7418594"
"JH378113","26576656","26576961","chr22","56236728","56237035","38","29660072"
"JH378113","26578004","26578270","chr12","96013629","96013909","45","69435625"
"JH378113","26579708","26579979","chr18","66420662","66420922","50","39840954"
"JH378113","26603877","26603966","chr19","7758593","7758681","12","18845284"
"JH378113","26610942","26611246","chr10","111637485","111637783","33","85026543"
"JH378113","26617534","26617693","chr1","116153598","116153752","43","89536064"
"JH378113","26618385","26618512","chr15","9772277","9772407","17","16846108"
"JH378113","26626775","26627030","chr5","57856103","57856358","28","31229328"
"JH378113","26665588","26665728","chr3","90669571","90669712","13","64003983"
"JH378113","26670273","26670586","chr1","65504304","65504612","36","38834031"
"JH378113","26712983","26713289","chr12","10064948","10065242","36","16648035"
"JH378113","26740972","26741266","chr23","41434219","41434517","39","14693247"
"JH378113","26765524","26765653","chr11","106843296","106843425","11","80077772"
"JH378113","26772417","26772720","chr18","22556888","22557196","42","4215529"
"JH378113","26897234","26897528","chr16","33925418","33925712","43","7028184"
"JH378113","26946148","26946418","chr9","93266005","93266273","38","66319857"
"JH378113","26994249","26994555","chr2","56143790","56144095","41","29149541"
"JH378113","27027192","27027499","chr16","11113407","11113716","37","15913785"
"JH378113","27076351","27076635","chr18","5486172","5486451","38","21590179"
"JH378113","27077348","27077520","chr27","8342111","8342276","24","18735237"
"JH378113","27079875","27080155","chrX","81238532","81238811","31","54158657"
"JH378113","27150390","27150673","chr5","42662951","42663235","37","15512561"
"JH378113","27293512","27293782","chr17","30413244","30413518","57","3119732"
"JH378113","27298663","27298954","chr12","10064948","10065242","38","17233715"
"JH378113","27323299","27323605","chr16","64500759","64501073","48","37177460"
"JH378113","27495830","27496126","chr27","8771956","8772256","44","18723874"
"JH378113","27622432","27622695","chr5","34103098","34103364","34","6480666"
"JH378113","27690252","27690560","chr1","67065774","67066079","48","39375522"
"JH378113","27714958","27715246","chr13","66570526","66570820","38","38855568"
"JH378113","27725372","27725680","chr2","35933723","35934028","41","8208351"
"JH378113","27900133","27900401","chr5","34103098","34103364","37","6202965"
"JH378113","27977970","27978281","chr6","32590825","32591128","47","4612855"
"JH378113","28040721","28041031","chr2","58045145","58045453","33","30004424"
"JH378113","28051488","28051564","chr5","53533887","53533970","15","25482399"
"JH378113","28129157","28129355","chr23","12834916","12835120","36","15294241"
"JH378113","28136382","28136701","chr2","55900648","55900952","48","27764266"
"JH378113","28213512","28213587","chr13","63031813","63031889","7","34818301"
"JH378113","28222213","28222446","chr26","14438107","14438343","29","13784106"
"JH378113","28226431","28226719","chr18","70191042","70191329","36","41964611"
"JH378113","28238711","28238807","chr22","82220107","82220203","5","53981396"
"JH378113","28245780","28246079","chr7","132205443","132205733","41","103959663"
"JH378113","28250819","28250945","chr9","99766001","99766131","19","71515182"
"JH378113","28254239","28254320","chr9","37970607","37970689","9","9716368"
"JH378113","28281587","28281901","chr3","73862068","73862373","37","45580481"
"JH378113","28282378","28282684","chr1","46712446","46712753","40","18430068"
"JH378113","28283391","28283696","chr26","38024857","38025165","41","9741466"
"JH378113","28284907","28284978","chr13","63031813","63031889","9","34746906"
"JH378113","28288728","28289027","chr12","10064948","10065242","32","18223780"
"JH378113","28307463","28307698","chr11","126175108","126175340","28","97867645"
"JH378113","28308471","28308752","chrX","125507553","125507844","50","97199082"
"JH378113","28308783","28309091","chr24","35548945","35549247","51","7240162"
"JH378113","28315323","28315419","chr22","82220107","82220203","15","53904784"
"JH378113","28321045","28321133","chr3","65349691","65349782","12","37028646"
"JH378113","28327908","28328052","chrX","110147052","110147184","37","81819144"
"JH378113","28339073","28339375","chr5","2273487","2273788","34","26065586"
"JH378113","28345951","28346104","chr20","81056490","81056646","23","52710539"
"JH378113","28347564","28347652","chr20","119761262","119761350","8","91413698"
"JH378113","28357403","28357477","chr10","95538249","95538325","7","67180846"
"JH378113","28358551","28358766","chr10","99440483","99440697","24","71081932"
"JH378113","28372260","28372583","chr26","9300679","9300984","43","19071581"
"JH378113","28375091","28375289","chr22","6719548","6719763","36","21655543"
"JH378113","28379259","28379568","chr10","122310682","122310986","40","93931423"
"JH378113","28380270","28380574","chr5","2273487","2273788","39","26106783"
"JH378113","28383885","28384166","chr12","10064948","10065242","34","18318937"
"JH378113","28386288","28386593","chr12","6781553","6781865","115","21604735"
"JH378113","28414495","28414805","chr26","38024857","38025165","28","9610362"
"JH378113","28424425","28424701","chr9","93903244","93903516","44","65478819"
"JH378113","28429984","28430278","chr14","38813996","38814293","42","10384012"
"JH378113","28444221","28444343","chr15","90834689","90834810","10","62390468"
"JH378113","28445091","28445172","chr16","4405728","4405812","8","24039363"
"JH378113","28456017","28456312","chr1","68219231","68219530","41","39763214"
"JH378113","28460669","28460967","chr9","118970228","118970526","30","90509559"
"JH378113","28464245","28464374","chr1","8688937","8689061","17","19775308"
"JH378113","28465170","28465478","chr1","108565860","108566161","41","80100690"
"JH378113","28471575","28471881","chr20","33470229","33470535","42","4998654"
"JH378113","28489365","28489674","chr2","34891557","34891863","36","6402192"
"JH378113","28491841","28492151","chr20","89561089","89561394","33","61069248"
"JH378113","28519378","28519672","chr16","12093535","12093829","36","16425843"
"JH378113","28543935","28544232","chrX","115847772","115848064","42","87303837"
"JH378113","28568583","28568839","chr5","57856103","57856358","30","29287520"
"JH378113","28581546","28581847","chr5","2273487","2273788","32","26308059"
"JH378113","28605524","28605787","chr4","89003238","89003495","35","60397714"
"JH378113","28614270","28614379","chr6","1067449","1067558","10","27546821"
"JH378113","28631048","28631149","chr22","82220107","82220203","10","53589059"
"JH378113","28636418","28636639","chr13","7317370","7317589","24","21319048"
"JH378113","28644348","28644657","chr13","84743392","84743699","37","56099044"
"JH378113","28698533","28698819","chr23","16142942","16143228","30","12555591"
"JH378113","28715250","28715542","chr12","10064948","10065242","25","18650302"
"JH378113","28759385","28759685","chr12","10064948","10065242","26","18694437"
"JH378113","28773970","28774259","chr6","4113565","4113862","46","24660405"
"JH378113","28862108","28862377","chr19","1411739","1412015","39","27450369"
"JH378113","28883824","28884073","chr2","84221689","84221944","38","55337865"
"JH378113","29027298","29027604","chr14","83371933","83372231","38","54344635"
"JH378113","29054335","29054619","chr2","83239333","83239617","34","54184998"
"JH378113","29070918","29071218","chr5","2273487","2273788","34","26797431"
"JH378113","29114450","29114742","chr8","52344592","52344885","36","23230142"
"JH378113","29127530","29127806","chr4","89003238","89003495","46","59875708"
"JH378113","29196417","29196724","chr11","115525233","115525542","36","86328816"
"JH378113","29305696","29306006","chr22","5079064","5079372","51","24226632"
"JH378113","29581267","29581556","chr9","96314869","96315163","43","66733602"
"JH378113","29707559","29707862","chr5","9902768","9903074","35","19804791"
"JH378113","29759783","29760043","chrX","34398814","34399073","33","4639031"
"JH378113","29768291","29768563","chr6","11037302","11037575","44","18730989"
"JH378113","29796995","29797285","chr18","71629517","71629808","36","41832522"
"JH378113","29821395","29821540","chr3","90669571","90669712","14","60848176"
"JH378113","29823220","29823468","chr11","119259842","119260088","31","89436622"
"JH378113","29823845","29823975","chr3","91348390","91348521","11","61524545"
"JH378113","29892901","29892983","chr28","8740655","8740729","20","21152246"
"JH378113","29901927","29902235","chr21","50680791","50681089","44","20778864"
"JH378113","29917546","29917841","chr2","60638073","60638366","45","30720527"
"JH378113","29918737","29919034","chrX","61010412","61010706","46","31091675"
"JH378113","29919058","29919366","chr5","2273487","2273788","33","27645571"
"JH378113","29942647","29942755","chr13","42116553","42116656","11","12173906"
"JH378113","29946049","29946164","chr20","115102100","115102215","13","85156051"
"JH378113","29949766","29949896","chr3","91348390","91348521","14","61398624"
"JH378113","29950920","29951226","chr2","55900648","55900952","36","25949728"
"JH378113","29954851","29954930","chr16","3308866","3308945","11","26645985"
"JH378113","29958943","29959249","chr12","74217361","74217667","36","44258418"
"JH378113","29962367","29962680","chr9","34182892","34183200","42","4220525"
"JH378113","29969109","29969418","chr14","83371933","83372231","38","53402824"
"JH378113","29973380","29973470","chr3","65349691","65349782","10","35376311"
"JH378113","29990980","29991195","chr11","102255238","102255460","38","72264258"
"JH378113","29993987","29994133","chr9","59130238","59130387","15","29136251"
"JH378113","29997287","29997375","chr19","7758593","7758681","6","22238694"
"JH378113","30015505","30015678","chr21","109527100","109527269","23","79511595"
"JH378113","30024758","30024854","chr22","82220107","82220203","6","52195349"
"JH378113","30036055","30036357","chr12","10064948","10065242","35","19971107"
"JH378113","30048623","30048713","chr22","82220107","82220203","9","52171484"
"JH378113","30091703","30091799","chr22","82220107","82220203","7","52128404"
"JH378113","30091901","30092119","chr7","121810295","121810523","48","91718394"
"JH378113","30093704","30093878","chr25","1237063","1237237","27","28856641"
"JH378113","30099884","30100111","chr13","54942555","54942779","34","24842671"
"JH378113","30103459","30103586","chr1","8688937","8689061","13","21414522"
"JH378113","30109767","30109895","chr1","97802296","97802426","13","67692529"
"JH378113","30119782","30119910","chr3","91348390","91348521","13","61228608"
"JH378113","30125097","30125389","chr8","54942491","54942787","37","24817394"
"JH378113","30133738","30134048","chr7","13881902","13882206","41","16251836"
"JH378113","30137435","30137715","chr12","12434992","12435260","37","17702443"
"JH378113","30140978","30141103","chrX","7665538","7665663","11","22475440"
"JH378113","30187610","30187905","chr12","10064948","10065242","30","20122662"
"JH378113","30196214","30196511","chr22","18234123","18234429","37","11962091"
"JH378113","30235098","30235172","chr13","63031813","63031889","8","32796715"
"JH378113","30283011","30283321","chr21","108991689","108991988","38","78708678"
"JH378113","30311422","30311714","chr12","10064948","10065242","25","20246474"
"JH378113","30317133","30317398","chr16","58425585","58425837","48","28108452"
"JH378113","30321328","30321616","chr21","26939851","26940136","37","3381477"
"JH378113","30344328","30344580","chr22","88832832","88833087","33","58488504"
"JH378113","30366068","30366354","chr18","45420766","45421049","37","15054698"
"JH378113","30410574","30410873","chr16","21134335","21134638","40","9276239"
"JH378113","30736609","30736918","chr9","63581525","63581830","40","32844916"
"JH378113","30883715","30884013","chr2","83924911","83925209","37","53041196"
"JH378113","30891859","30892170","chr1","65504304","65504612","36","34612445"
"JH378113","30922339","30922416","chr13","63031813","63031889","8","32109474"
"JH378113","31034364","31034457","chr22","82220107","82220203","10","51185743"
"JH378113","31096030","31096309","chrX","29936084","29936366","37","1159946"
"JH378113","31314348","31314635","chr12","76875410","76875697","44","45561062"
"JH378113","31358258","31358547","chr12","10064948","10065242","29","21293310"
"JH378113","31403272","31403587","chr16","11113407","11113716","40","20289865"
"JH378113","31457997","31458223","chr2","9968196","9968421","34","21489801"
"JH378113","31516578","31516661","chr5","67880800","67880883","6","36364222"
"JH378113","31603894","31604184","chr1","121579944","121580232","40","89976050"
"JH378113","31615746","31616057","chr29","8289755","8290055","38","23325991"
"JH378113","31658621","31658876","chr5","57856103","57856358","33","26197482"
"JH378113","31692135","31692218","chr5","67880800","67880883","5","36188665"
"JH378113","31708322","31708607","chr2","8591645","8591929","37","23116677"
"JH378113","31783382","31783682","chr24","1147887","1148184","30","30635495"
"JH378113","31896282","31896590","chr5","36774379","36774687","31","4878097"
"JH378113","31915864","31916165","chr20","96210594","96210893","34","64294730"
"JH378113","31924579","31924881","chr5","64637755","64638059","40","32713176"
"JH378113","31947764","31948072","chr26","9300679","9300984","42","22647085"
"JH378113","31953470","31953754","chr1","105168338","105168617","36","73214868"
"JH378113","32014864","32015188","chr26","31618552","31618873","47","396312"
"JH378113","32025008","32025306","chr10","35324287","35324576","30","3299279"
"JH378113","32036388","32036677","chr13","22116830","22117114","42","9919558"
"JH378113","32051742","32052040","chr9","82785167","82785460","39","50733425"
"JH378113","32058507","32058611","chr1","39939684","39939788","11","7881177"
"JH378113","32071830","32071869","chr12","73477239","73477277","4","41405409"
"JH378113","32074698","32074801","chr20","35691146","35691245","25","3616448"
"JH378113","32147470","32147774","chr7","51122396","51122697","58","18974926"
"JH378113","32192763","32193058","chr10","44617741","44618035","34","12424978"
"JH378113","32201276","32201574","chr12","10064948","10065242","31","22136328"
"JH378113","32215375","32215452","chr13","63031813","63031889","9","30816438"
"JH378113","32235348","32235637","chr14","236239","236531","42","31999109"
"JH378113","32248153","32248271","chr15","53595698","53595816","14","21347545"
"JH378113","32252441","32252513","chr9","62921501","62921569","15","30669060"
"JH378113","32264319","32264429","chr6","1067449","1067558","12","31196870"
"JH378113","32271025","32271118","chr13","23647091","23647185","15","8623934"
"JH378113","32281643","32281940","chr24","44498613","44498908","40","12216970"
"JH378113","32283122","32283430","chr2","20242750","20243052","41","12040372"
"JH378113","32294833","32294975","chr6","7229588","7229731","16","25065245"
"JH378113","32296468","32296588","chr15","90834689","90834810","12","58538221"
"JH378113","32298353","32298473","chr3","72385674","72385796","13","40087321"
"JH378113","32330254","32330366","chrX","25194654","25194764","14","7135600"
"JH378113","32341559","32341772","chr19","5662814","5663015","26","26678745"
"JH378113","32431178","32431451","chr27","39479674","39479947","40","7048496"
"JH378113","32453297","32453584","chrX","29936084","29936366","32","2517213"
"JH378113","32455912","32456032","chr15","90834689","90834810","11","58378777"
"JH378113","32464171","32464295","chr1","8688937","8689061","12","23775234"
"JH378113","32485102","32485415","chr14","22799686","22799991","38","9685416"
"JH378113","32488673","32488969","chr13","65577132","65577425","38","33088459"
"JH378113","32499628","32499941","chr16","2999161","2999470","36","29500467"
"JH378113","32548152","32548287","chr26","6591504","6591639","12","25956648"
"JH378113","32550379","32550508","chr1","97802296","97802426","11","65251917"
"JH378113","32557750","32558006","chr1","83625954","83626213","46","51068204"
"JH378113","32558009","32558249","chr26","14438107","14438343","26","18119902"
"JH378113","32573960","32574274","chr11","115525233","115525542","33","82951273"
"JH378113","32578762","32578910","chr24","12006231","12006380","19","20572531"
"JH378113","32582804","32582893","chr20","8489737","8489826","11","24093067"
"JH378113","32592125","32592406","chr12","62681503","62681796","46","30089378"
"JH378113","32615195","32615507","chr12","74217361","74217667","30","41602166"
"JH378113","32674164","32674463","chr9","96314869","96315163","44","63640705"
"JH378113","32675481","32675769","chr8","1166679","1166964","42","31508802"
"JH378113","32710004","32710311","chr17","28137789","28138092","36","4572215"
"JH378113","32717639","32717943","chr2","35931939","35932239","46","3214300"
"JH378113","32761240","32761466","chr6","11019335","11019562","37","21741905"
"JH378113","32768047","32768339","chr13","65577132","65577425","36","32809085"
"JH378113","32799581","32799887","chr15","86758708","86759003","40","53959127"
"JH378113","32816986","32817293","chr24","51047617","51047923","36","18230631"
"JH378113","32817499","32817794","chr13","65577132","65577425","33","32759633"
"JH378113","32825453","32825711","chr8","41144891","41145148","32","8319438"
"JH378113","32844984","32845275","chr18","5166611","5166907","40","27678373"
"JH378113","32919424","32919706","chr13","23281867","23282148","34","9637557"
"JH378113","32979771","32980026","chr3","27147134","27147379","33","5832637"
"JH378113","33007138","33007184","chr4","71160539","71160580","11","38153401"
"JH378113","33061670","33061963","chr8","40454824","40455110","44","7393154"
"JH378113","33078720","33078781","chr7","116991223","116991283","7","83912503"
"JH378113","33106353","33106654","chr26","51816415","51816717","43","18710062"
"JH378113","33113804","33113919","chr20","115102100","115102215","12","81988296"
"JH378113","33367707","33368013","chr12","101848062","101848370","38","68480355"
"JH378113","33395844","33396146","chrX","125302543","125302844","30","91906699"
"JH378113","33398572","33398868","chr23","56646135","56646425","46","23247563"
"JH378113","33519487","33519776","chr11","104241588","104241886","41","70722101"
"JH378113","33578731","33579027","chr3","29967257","29967552","47","3611474"
"JH378113","33677586","33677700","chr15","90834689","90834810","14","57157103"
"JH378113","33700040","33700351","chr28","13557476","13557782","38","20142564"
"JH378113","33785379","33785525","chr6","7229588","7229731","17","26555791"
"JH378113","33924094","33924390","chr14","21926381","21926681","38","11997713"
"JH378113","34008974","34009280","chr5","36774379","36774687","53","2765405"
"JH378113","34113503","34113749","chr7","86161196","86161431","44","52047693"
"JH378113","34267273","34267347","chr13","63031813","63031889","10","28764540"
"JH378113","34268154","34268448","chr1","68219231","68219530","36","33951077"
"JH378113","34333307","34333591","chr22","91377867","91378157","41","57044560"
"JH378113","34509264","34509523","chrX","50208947","50209208","32","15699683"
"JH378113","34574363","34574639","chr6","35943573","35943854","38","1369210"
"JH378113","34750996","34751111","chr15","74666110","74666226","10","39915114"
"JH378113","34967429","34967728","chr14","21103818","21104118","45","13863611"
"JH378113","35040114","35040414","chr29","2983914","2984214","35","32056200"
"JH378113","35068592","35068682","chr3","65349691","65349782","11","30281099"
"JH378113","35108101","35108420","chr20","70184160","70184468","50","35076059"
"JH378113","35215889","35216185","chr11","52684567","52684863","48","17468678"
"JH378113","35285052","35285336","chr7","100037094","100037378","45","64752042"
"JH378113","35303185","35303486","chr15","86758708","86759003","30","51455523"
"JH378113","35326075","35326225","chr8","56146921","56147068","14","20820846"
"JH378113","35477123","35477421","chr12","10064948","10065242","28","25412175"
"JH378113","35489397","35489694","chr20","121618255","121618545","44","86128858"
"JH378113","35493027","35493326","chr22","47793370","47793666","37","12300343"
"JH378113","35516809","35517088","chr13","41876605","41876885","34","6359796"
"JH378113","35519107","35519390","chr7","29650533","29650818","35","5868574"
"JH378113","35767492","35767636","chrUn_KE147649v1","9029","9176","20","35758463"
"JH378113","35790435","35790737","chr6","30540703","30540993","47","5249732"
"JH378113","35815573","35815877","chr9","29841404","29841709","39","5974169"
"JH378113","35816848","35816921","chr13","63031813","63031889","7","27214965"
"JH378113","35845361","35845670","chr1","65504304","65504612","30","29658943"
"JH378113","35892629","35892913","chr6","35489845","35490118","55","402784"
"JH378113","35898324","35898632","chr9","86268193","86268501","39","50369869"
"JH378113","35996404","35996704","chr15","29954614","29954908","35","6041790"
"JH378113","36151343","36151642","chr1","68219231","68219530","37","32067888"
"JH378113","36180944","36181062","chrX","25959962","25960082","21","10220982"
"JH378113","36418073","36418358","chr5","42662951","42663235","31","6244878"
"JH378113","36440820","36441142","chr10","89459842","89460157","40","53019022"
"JH378113","36513588","36513903","chr11","51624065","51624366","39","15110477"
"JH378113","36669765","36670028","chr25","45702709","45702974","43","9032944"
"JH378113","36725856","36725942","chr16","6773247","6773332","12","29952609"
"JH378113","36789987","36790281","chr2","14954130","14954422","33","21835857"
"JH378113","36796923","36797221","chr7","107236112","107236410","34","70439189"
"JH378113","36868301","36868614","chr24","1051567","1051864","46","35816734"
"JH378113","36909377","36909682","chr12","32317211","32317511","36","4592166"
"JH378113","36955149","36955448","chr16","53397850","53398143","33","16442701"
"JH378113","36992199","36992499","chr12","10064948","10065242","34","26927251"
"JH378113","36992874","36993169","chr12","10064948","10065242","27","26927926"
"JH378113","37016858","37017107","chr16","65251314","65251569","44","28234456"
"JH378113","37051586","37051879","chr19","20052169","20052465","40","16999417"
"JH378113","37069070","37069393","chr10","12006602","12006915","38","25062468"
"JH378113","37167426","37167564","chr6","7501396","7501533","13","29666030"
"JH378113","37180475","37180756","chr24","67904448","67904733","47","30723973"
"JH378113","37387959","37388123","chr20","123229741","123229907","25","85841782"
"JH378113","37388775","37388886","chr17","28729829","28729941","20","8658946"
"JH378113","37414919","37415224","chr16","33182065","33182368","41","4232854"
"JH378113","37430458","37430768","chr18","56893429","56893739","35","19462971"
"JH378113","37482831","37482908","chr13","63031813","63031889","7","25548982"
"JH378113","37530546","37530623","chr13","63031813","63031889","7","25501267"
"JH378113","37543927","37544197","chr25","42779600","42779875","48","5235673"
"JH378113","37570182","37570270","chr20","119761262","119761350","10","82191080"
"JH378113","37573236","37573531","chr13","33442443","33442738","41","4130793"
"JH378113","37579214","37579514","chr2","9424142","9424441","36","28155072"
"JH378113","37591960","37592206","chr12","6401463","6401710","28","31190497"
"JH378113","37593556","37593845","chr19","27900655","27900949","37","9692901"
"JH378113","37596672","37596802","chr16","4500752","4500881","11","33095920"
"JH378113","37610643","37610763","chr15","90834689","90834810","12","53224046"
"JH378113","37612199","37612277","chr16","3308866","3308945","7","34303333"
"JH378113","37656574","37656862","chr8","43567746","43568036","46","5911172"
"JH378113","37692330","37692627","chr18","5166611","5166907","46","32525719"
"JH378113","37698119","37698414","chr18","66152378","66152674","32","28454259"
"JH378113","37709004","37709313","chr12","60432247","60432540","44","22723243"
"JH378113","37721890","37722110","chr13","7317370","7317589","27","30404520"
"JH378113","37755211","37755478","chr25","55361349","55361620","40","17606138"
"JH378113","37759166","37759452","chr2","57283040","57283331","36","19523874"
"JH378113","37788613","37788921","chr6","5143118","5143416","56","32645495"
"JH378113","37796083","37796363","chr16","63652876","63653158","45","25856793"
"JH378113","37813278","37813363","chr16","4405728","4405812","9","33407550"
"JH378113","37878360","37878666","chr11","117737181","117737478","31","79858821"
"JH378113","37916382","37916685","chr2","60904952","60905253","40","22988570"
"JH378113","37939014","37939212","chr20","79047808","79048003","34","41108794"
"JH378113","37942791","37943039","chr2","84221689","84221944","41","46278898"
"JH378113","37972218","37972504","chr10","113733335","113733632","46","75761117"
"JH378113","37980139","37980414","chr9","86179627","86179895","42","48199488"
"JH378113","37980829","37980904","chr13","63031813","63031889","7","25050984"
"JH378113","37993426","37993566","chr9","86109665","86109806","14","48116239"
"JH378113","38037452","38037699","chr23","27842421","27842672","38","10195031"
"JH378113","38051448","38051674","chr8","42988753","42988978","31","4937305"
"JH378113","38054008","38054130","chr6","19008633","19008759","14","19045375"
"JH378113","38056800","38057055","chr9","96390861","96391117","29","58334061"
"JH378113","38094633","38094926","chr12","10064948","10065242","29","28029685"
"JH378113","38102151","38102460","chr2","55900648","55900952","45","17798497"
"JH378113","38132080","38132373","chr22","57424074","57424362","38","19291994"
"JH378113","38186453","38186709","chr16","40443484","40443740","34","2257031"
"JH378113","38209656","38209927","chr11","90825564","90825850","56","52615908"
"JH378113","38220720","38220917","chr14","80491970","80492166","27","42271250"
"JH378113","38227600","38227676","chr13","63031813","63031889","6","24804213"
"JH378113","38228965","38229072","chr3","73832741","73832841","15","35603776"
"JH378113","38233279","38233571","chr14","41748186","41748475","47","3514907"
"JH378113","38234208","38234264","chr8","106540668","106540726","15","68306460"
"JH378113","38246936","38247228","chr12","10064948","10065242","29","28181988"
"JH378113","38276024","38276309","chr6","11227357","11227644","42","27048667"
"JH378113","38287475","38287787","chr6","16598509","16598818","37","21688966"
"JH378113","38323404","38323694","chr23","44420823","44421123","49","6097419"
"JH378113","38437805","38438086","chrX","104601258","104601549","39","66163453"
"JH378113","38440192","38440458","chr14","79801787","79802070","49","41361595"
"JH378113","38745088","38745359","chr18","5285163","5285436","45","33459925"
"JH378113","38773302","38773606","chr11","84795218","84795524","42","46021916"
"JH378113","38802016","38802329","chr1","65504304","65504612","41","26702288"
"JH378113","38808914","38809223","chr20","94983084","94983392","51","56174170"
"JH378113","38848887","38849181","chr15","5114677","5114969","46","33734210"
"JH378113","38853800","38854111","chr10","107147995","107148298","39","68294195"
"JH378113","38931150","38931386","chr24","38336411","38336647","34","594739"
"JH378113","39167175","39167472","chr13","65577132","65577425","25","26409957"
"JH378113","39224531","39224810","chr5","21193983","21194260","27","18030548"
"JH378113","39306875","39307061","chr2","57961013","57961202","27","18654138"
"JH378113","39328316","39328597","chr13","597287","597572","45","38731029"
"JH378113","39332976","39333145","chr7","119603247","119603409","31","80270271"
"JH378113","39333192","39333496","chrX","110092521","110092822","52","70759329"
"JH378113","39355288","39355575","chr4","61359725","61360018","40","22004437"
"JH378113","39362419","39362710","chr25","61615818","61616106","35","22253399"
"JH378113","39375861","39376166","chr12","10064948","10065242","32","29310913"
"JH378113","39384100","39384371","chr22","7105991","7106256","54","32278109"
"JH378113","39406450","39406759","chr2","34891557","34891863","28","4514893"
"JH378113","39428189","39428493","chr8","65946650","65946949","52","26518461"
"JH378113","39431649","39431773","chr14","86477174","86477304","19","47045525"
"JH378113","39440534","39440839","chr12","10064948","10065242","37","29375586"
"JH378113","39441328","39441619","chr8","21494594","21494885","29","17946734"
"JH378113","39466084","39466387","chr19","9824759","9825062","35","29641325"
"JH378113","39469856","39470160","chr4","35949810","35950115","46","3520046"
"JH378113","39473297","39473404","chr12","53065987","53066095","9","13592690"
"JH378113","39501219","39501533","chr29","8289755","8290055","63","31211464"
"JH378113","39527231","39527515","chr3","75158573","75158853","34","35631342"
"JH378113","39576802","39576887","chr16","4405728","4405812","7","35171074"
"JH378113","39599887","39600009","chr1","8688937","8689061","15","30910950"
"JH378113","39616249","39616555","chr19","10628119","10628425","36","28988130"
"JH378113","39646815","39647135","chr2","35792294","35792602","55","3854521"
"JH378113","39691074","39691365","chr12","10064948","10065242","28","29626126"
"JH378113","39724484","39724777","chr10","118597337","118597632","43","78872853"
"JH378113","39852097","39852403","chr9","13973543","13973840","40","25878554"
"JH378113","39930338","39930652","chr3","22013697","22014006","40","17916641"
"JH378113","39974980","39975291","chr16","30398852","30399159","27","9576128"
"JH378113","40038523","40038815","chr13","65577132","65577425","31","25538609"
"JH378113","40064747","40064855","chr12","53065987","53066095","8","13001240"
"JH378113","40086074","40086121","chr3","23169107","23169155","5","16916967"
"JH378113","40162290","40162379","chr3","65349691","65349782","12","25187401"
"JH378113","40163385","40163687","chr11","125798758","125799061","28","85635373"
"JH378113","40230990","40231298","chr28","4550302","4550608","30","35680688"
"JH378113","40354180","40354495","chr6","15953108","15953417","36","24401072"
"JH378113","40425728","40426004","chrX","61008485","61008763","38","20582757"
"JH378113","40529922","40530072","chr24","41019747","41019893","18","489825"
"JH378113","40581352","40581655","chr9","39502831","39503139","48","1078521"
"JH378113","40685303","40685611","chr1","2872653","2872961","33","37812650"
"JH378113","40699997","40700261","chr24","52926192","52926451","40","12226195"
"JH378113","40872202","40872507","chr29","8289755","8290055","42","32582447"
"JH378113","41080289","41080393","chr1","39939684","39939788","10","1140605"
"JH378113","41094741","41095030","chr16","53397850","53398143","45","12303109"
"JH378113","41116184","41116473","chr2","28360564","28360853","45","12755620"
"JH378113","41195691","41195907","chr22","6719548","6719763","29","34476143"
"JH378113","41316292","41316396","chr1","39939684","39939788","9","1376608"
"JH378113","41430843","41431145","chr16","57707441","57707732","41","16276598"
"JH378113","41436201","41436310","chr9","58173292","58173413","22","16737091"
"JH378113","41436412","41436690","chr19","23778022","23778300","43","17658390"
"JH378113","41442100","41442210","chr26","30665372","30665481","20","10776728"
"JH378113","41481710","41482016","chr16","30398852","30399159","34","11082858"
"JH378113","41504369","41504657","chr1","65294853","65295136","39","23790484"
"JH378113","41523112","41523252","chr11","99775300","99775442","23","58252188"
"JH378113","41574208","41574502","chr1","103415790","103416081","49","61841582"
"JH378113","41622163","41622461","chr12","10064948","10065242","28","31557215"
"JH378113","41627042","41627121","chr5","67880800","67880883","10","26253758"
"JH378113","41661766","41662076","chr2","34891557","34891863","37","6770209"
"JH378113","41696113","41696390","chr6","14988432","14988711","50","26707681"
"JH378113","41696448","41696751","chr12","22745335","22745633","38","18951113"
"JH378113","41700175","41700440","chr14","82309362","82309629","48","40609187"
"JH378113","41778519","41778800","chr9","62528165","62528449","46","20749646"
"JH378113","41803699","41804004","chr11","106182847","106183154","36","64379148"
"JH378113","41805245","41805551","chrX","44976189","44976495","46","3170944"
"JH378113","41807033","41807335","chr16","30398852","30399159","56","11408181"
"JH378113","41818937","41819217","chr23","34328669","34328947","56","7490268"
"JH378113","41875344","41875649","chr12","10064948","10065242","41","31810396"
"JH378113","41934240","41934517","chr18","24872228","24872506","39","17062012"
"JH378113","41973851","41974145","chrX","17246394","17246689","39","24727457"
"JH378113","41985483","41985768","chr6","42761091","42761382","43","775608"
"JH378113","42107317","42107607","chr29","23088099","23088392","48","19019218"
"JH378113","42141946","42142250","chr5","2273487","2273788","28","39868459"
"JH378113","42175888","42176183","chrX","23977849","23978143","43","18198039"
"JH378113","42250862","42251171","chr1","65504304","65504612","34","23253442"
"JH378113","42265185","42265439","chr21","56602482","56602744","51","14337297"
"JH378113","42417455","42417737","chr7","19377767","19378060","57","23039688"
"JH378113","42432100","42432189","chr22","82220107","82220203","9","39788007"
"JH378113","42433270","42433407","chr14","98512734","98512870","24","56079464"
"JH378113","42453232","42453533","chr11","58110010","58110310","41","15656778"
"JH378113","42533013","42533298","chr11","19611133","19611417","56","22921880"
"JH378113","42633900","42634199","chr21","50410494","50410784","48","7776594"
"JH378113","42653597","42653892","chr12","10064948","10065242","28","32588649"
"JH378113","42736648","42736954","chr9","10814003","10814312","51","31922645"
"JH378113","42792687","42792953","chr26","41826486","41826758","44","966201"
"JH378113","42913445","42913729","chr8","104167104","104167395","49","61253659"
"JH378113","42920854","42921161","chr1","63079944","63080250","51","20159090"
"JH378113","43002247","43002501","chr4","89003238","89003495","41","46000991"
"JH378113","43048193","43048310","chr15","74666110","74666226","13","31617917"
"JH378113","43347814","43348112","chr12","10064948","10065242","30","33282866"
"JH378113","43452848","43452931","chr5","67880800","67880883","5","24427952"
"JH378113","43484554","43484833","chr22","58976642","58976922","53","15492088"
"JH378113","43581775","43582090","chr1","108565860","108566161","40","64984085"
"JH378113","43594338","43594648","chr3","10937420","10937729","39","32656918"
"JH378113","43626144","43626273","chr3","91348390","91348521","13","47722246"
"JH378113","43644164","43644458","chr11","64732415","64732714","32","21088251"
"JH378113","43658656","43658958","chr10","125400149","125400442","41","81741493"
"JH378113","43666443","43666559","chr4","60395666","60395783","14","16729223"
"JH378113","43667038","43667325","chr24","8381796","8382090","43","35285242"
"JH378113","43676012","43676296","chr8","75315240","75315524","41","31639228"
"JH378113","43684932","43685225","chr12","10064948","10065242","28","33619984"
"JH378113","43748502","43748628","chr1","8688937","8689061","12","35059565"
"JH378113","43763300","43763386","chr16","4405728","4405812","9","39357572"
"JH378113","43781457","43781760","chr14","73509821","73510122","31","29728364"
"JH378113","43789645","43789936","chr18","71175402","71175700","43","27385757"
"JH378113","43792014","43792313","chr20","33470229","33470535","38","10321785"
"JH378113","43809210","43809516","chr12","6781553","6781865","133","37027657"
"JH378113","43834197","43834492","chr9","56910898","56911189","43","13076701"
"JH378113","43847690","43847972","chr11","116305578","116305862","32","72457888"
"JH378113","43878060","43878364","chr5","2273487","2273788","31","41604573"
"JH378113","43913884","43914180","chrX","8531639","8531937","36","35382245"
"JH378113","43916671","43916966","chr13","65577132","65577425","26","21660461"
"JH378113","43920023","43920141","chr3","91348390","91348521","19","47428367"
"JH378113","43920242","43920349","chr6","1067449","1067558","10","42852793"
"JH378113","43931640","43931938","chr12","10064948","10065242","27","33866692"
"JH378113","44010542","44010847","chr14","34657297","34657602","41","9353245"
"JH378113","44012265","44012552","chr8","94667632","94667918","44","50655367"
"JH378113","44046516","44046808","chr21","75861886","75862178","28","31815370"
"JH378113","44068762","44069056","chr23","53451974","53452266","36","9383212"
"JH378113","44147918","44148110","chr5","70340062","70340256","37","26192144"
"JH378113","44281991","44282295","chr13","98083939","98084236","40","53801948"
"JH378113","44291318","44291620","chr12","10064948","10065242","33","34226370"
"JH378114","20971463","20971773","chr2","35933723","35934028","33","14962260"
"JH378114","15166","15465","chr14","44038439","44038738","41","44023273"
"JH378114","18431","18721","chr2","5168180","5168471","36","5149749"
"JH378114","75099","75395","chr3","88960138","88960433","40","88885039"
"JH378114","86919","87228","chr5","33074148","33074451","39","32987229"
"JH378114","96306","96597","chr12","10064948","10065242","33","9968642"
"JH378114","97233","97540","chrX","17727413","17727721","46","17630180"
"JH378114","144002","144216","chr2","41986599","41986802","32","41842597"
"JH378114","161518","161671","chr29","3983516","3983668","22","3821998"
"JH378114","195462","195597","chr26","6591504","6591639","13","6396042"
"JH378114","198838","199137","chr25","49163282","49163584","56","48964444"
"JH378114","209070","209351","chr18","66189352","66189642","45","65980282"
"JH378114","219030","219330","chr3","75030450","75030748","37","74811420"
"JH378114","222964","223260","chr12","10064948","10065242","32","9841984"
"JH378114","243004","243151","chr9","59130238","59130387","15","58887234"
"JH378114","258984","259276","chr8","108286640","108286933","31","108027656"
"JH378114","275276","275583","chr12","74217361","74217667","31","73942085"
"JH378114","298783","299082","chr2","43185063","43185371","44","42886280"
"JH378114","328246","328552","chr2","58045145","58045453","33","57716899"
"JH378114","362579","362887","chr12","74217361","74217667","36","73854782"
"JH378114","364334","364428","chr26","19350273","19350367","17","18985939"
"JH378114","415336","415485","chr9","59130238","59130387","17","58714902"
"JH378114","418254","418568","chr20","46933799","46934103","36","46515545"
"JH378114","446153","446441","chr3","8638891","8639182","38","8192738"
"JH378114","457469","457562","chr22","82220107","82220203","10","81762638"
"JH378114","470719","470830","chr1","45799231","45799335","24","45328512"
"JH378114","472270","472564","chr12","10064948","10065242","31","9592678"
"JH378114","538120","538333","chr22","35904405","35904609","39","35366285"
"JH378114","547999","548299","chr12","103011241","103011542","43","102463242"
"JH378114","593221","593488","chr16","23631020","23631284","39","23037799"
"JH378114","606491","606588","chr22","82220107","82220203","16","81613616"
"JH378114","642009","642299","chr26","15737333","15737619","30","15095324"
"JH378114","651538","651758","chr13","7317370","7317589","24","6665832"
"JH378114","663510","663658","chr22","14395100","14395247","14","13731590"
"JH378114","668234","668356","chr1","55628072","55628195","16","54959838"
"JH378114","676802","677087","chr10","87916935","87917219","39","87240133"
"JH378114","705562","705866","chr9","71188923","71189219","35","70483361"
"JH378114","715435","715732","chr1","19002101","19002396","40","18286666"
"JH378114","759560","759850","chr23","52118830","52119121","35","51359270"
"JH378114","762544","762851","chr12","74217361","74217667","35","73454817"
"JH378114","780927","781241","chr27","1564766","1565071","51","783839"
"JH378114","796401","796548","chr17","47733511","47733658","14","46937110"
"JH378114","802552","802855","chr26","3416516","3416812","39","2613964"
"JH378114","803719","803831","chr11","128539002","128539115","15","127735283"
"JH378114","834916","835214","chr12","10064948","10065242","27","9230032"
"JH378114","847999","848067","chr3","90465528","90465591","18","89617529"
"JH378114","849694","849998","chr17","34983281","34983586","42","34133587"
"JH378114","885690","886002","chr5","54173206","54173504","39","53287516"
"JH378114","890542","890851","chr11","60148033","60148342","43","59257491"
"JH378114","894352","894486","chr9","71632727","71632860","14","70738375"
"JH378114","906215","906496","chr12","6781553","6781865","106","5875338"
"JH378114","915332","915619","chr16","32369324","32369619","42","31453992"
"JH378114","935006","935313","chr1","114428151","114428454","38","113493145"
"JH378114","940340","940646","chr11","55020829","55021127","41","54080489"
"JH378114","1015658","1015938","chr24","51032663","51032946","46","50017005"
"JH378114","1030902","1031196","chr12","10064948","10065242","28","9034046"
"JH378114","1071524","1071796","chrX","126393011","126393284","37","125321487"
"JH378114","1152770","1153075","chr11","89383370","89383667","39","88230600"
"JH378114","1204280","1204352","chr13","63031813","63031889","10","61827533"
"JH378114","1229865","1230180","chr14","21214163","21214469","33","19984298"
"JH378114","1273662","1273870","chr22","6719548","6719763","35","5445886"
"JH378114","1300485","1300770","chrX","86312241","86312522","42","85011756"
"JH378114","1325778","1325921","chr6","7229588","7229731","17","5903810"
"JH378114","1456543","1456835","chr12","10064948","10065242","31","8608405"
"JH378114","1456978","1457256","chrX","86312241","86312522","39","84855263"
"JH378114","1496769","1497052","chr23","71125189","71125474","35","69628420"
"JH378114","1532091","1532395","chr5","2273487","2273788","48","741396"
"JH378114","1547043","1547338","chr22","50629443","50629736","33","49082400"
"JH378114","1555070","1555304","chr11","126175108","126175340","24","124620038"
"JH378114","1568612","1568912","chr10","93596989","93597285","41","92028377"
"JH378114","1640327","1640628","chr29","8289755","8290055","35","6649428"
"JH378114","1717276","1717579","chr13","65577132","65577425","31","63859856"
"JH378114","2035008","2035253","chr27","30819526","30819775","46","28784518"
"JH378114","2330500","2330811","chr11","115525233","115525542","35","113194733"
"JH378114","2362484","2362759","chr12","45033039","45033309","40","42670555"
"JH378114","2386277","2386560","chr1","11027455","11027735","31","8641178"
"JH378114","2393784","2394096","chr12","13047845","13048153","35","10654061"
"JH378114","2405775","2406069","chr4","65823519","65823812","32","63417744"
"JH378114","2420369","2420672","chr12","10064948","10065242","32","7644579"
"JH378114","2422192","2422487","chr15","86758708","86759003","42","84336516"
"JH378114","2449804","2450019","chr28","1883537","1883753","23","566267"
"JH378114","2482247","2482554","chr2","34891557","34891863","30","32409310"
"JH378114","2492416","2492705","chr14","83371933","83372231","45","80879517"
"JH378114","2514257","2514555","chr1","34186481","34186777","35","31672224"
"JH378114","2543779","2544066","chr5","1720771","1721058","31","823008"
"JH378114","2547414","2547704","chr15","61188980","61189270","39","58641566"
"JH378114","2558046","2558346","chrX","48495320","48495611","45","45937274"
"JH378114","2561339","2561635","chr12","10064948","10065242","40","7503609"
"JH378114","2623624","2623868","chr10","118182665","118182918","41","115559041"
"JH378114","2658589","2658914","chr3","37955466","37955795","46","35296877"
"JH378114","2678237","2678324","chr19","7758593","7758681","8","5080356"
"JH378114","2806489","2806569","chr5","67880800","67880883","10","65074311"
"JH378114","2834816","2834892","chr10","95538249","95538325","9","92703433"
"JH378114","2836177","2836253","chr13","63031813","63031889","7","60195636"
"JH378114","2845618","2845724","chr6","1067449","1067558","14","1778169"
"JH378114","2925868","2925944","chr13","63031813","63031889","7","60105945"
"JH378114","2927611","2927680","chr17","40314853","40314924","6","37387242"
"JH378114","2979973","2980276","chrX","125302543","125302844","34","122322570"
"JH378114","2997648","2997943","chr19","22892545","22892830","44","19894897"
"JH378114","3003761","3004076","chr3","10937420","10937729","60","7933659"
"JH378114","3047004","3047289","chrX","119965831","119966113","39","116918827"
"JH378114","3065835","3066139","chr1","108565860","108566161","33","105500025"
"JH378114","3077566","3077861","chr8","11575259","11575553","28","8497693"
"JH378114","3098718","3098856","chr11","95753406","95753542","16","92654688"
"JH378114","3272342","3272631","chr8","75450257","75450544","38","72177915"
"JH378114","3334075","3334372","chr17","64670150","64670452","35","61336075"
"JH378114","3364941","3365245","chr1","19199189","19199495","39","15834248"
"JH378114","3379208","3379296","chr16","4405728","4405812","10","1026520"
"JH378114","3386397","3386707","chr1","65504304","65504612","32","62117907"
"JH378114","3555001","3555309","chr20","119900333","119900636","44","116345332"
"JH378114","3623752","3624053","chr16","12093535","12093829","32","8469783"
"JH378114","3647736","3648050","chr15","82595961","82596268","45","78948225"
"JH378114","3688970","3689046","chr13","63031813","63031889","7","59342843"
"JH378114","3728570","3728732","chr1","116153598","116153752","28","112425028"
"JH378114","3735069","3735352","chr22","11237891","11238177","47","7502822"
"JH378114","3796741","3797033","chr12","10064948","10065242","31","6268207"
"JH378114","4039623","4039921","chr22","47113109","47113403","39","43073486"
"JH378114","4059880","4060117","chr3","27147134","27147379","51","23087254"
"JH378114","4060123","4060426","chr29","8289755","8290055","42","4229632"
"JH378114","4221477","4221761","chr11","19611133","19611417","43","15389656"
"JH378114","4347446","4347552","chr17","40217264","40217370","11","35869818"
"JH378114","4463816","4464115","chr12","10064948","10065242","31","5601132"
"JH378114","4509950","4510271","chr5","25685527","25685852","78","21175577"
"JH378114","4587067","4587360","chr9","68468865","68469160","36","63881798"
"JH378114","4622436","4622627","chr9","113954093","113954283","31","109331657"
"JH378114","4658099","4658374","chr5","21193983","21194260","36","16535884"
"JH378114","4659335","4659604","chr20","116428512","116428772","55","111769177"
"JH378114","4741809","4742115","chr2","34891557","34891863","32","30149748"
"JH378114","4792040","4792315","chrX","120633614","120633888","40","115841574"
"JH378114","4818672","4818967","chr26","12880029","12880320","43","8061357"
"JH378114","4886311","4886435","chr3","72385674","72385796","15","67499363"
"JH378114","4943317","4943416","chr22","82220107","82220203","8","77276790"
"JH378114","5036172","5036467","chr20","23803939","23804231","34","18767767"
"JH378114","5050425","5050555","chr16","4500752","4500881","13","549673"
"JH378114","5061869","5062166","chr12","10064948","10065242","26","5003079"
"JH378114","5073333","5073427","chr22","82220107","82220203","10","77146774"
"JH378114","5114350","5114684","chr2","7575225","7575537","60","2460875"
"JH378114","5165827","5166075","chr2","58459290","58459534","44","53293463"
"JH378114","5202382","5202691","chr21","118465137","118465443","44","113262755"
"JH378114","5244446","5244681","chr11","126175108","126175340","27","120930662"
"JH378114","5381908","5382027","chr16","42164895","42165003","21","36782987"
"JH378114","5488333","5488628","chr21","119706250","119706549","50","114217917"
"JH378114","5501210","5501504","chr7","31825222","31825504","37","26324012"
"JH378114","5546460","5546596","chr14","98512734","98512870","23","92966274"
"JH378114","5655763","5656074","chr2","34891557","34891863","31","29235794"
"JH378114","5686863","5687136","chr7","134662977","134663252","42","128976114"
"JH378114","5750093","5750165","chr4","11929707","11929771","19","6179614"
"JH378114","5779652","5779970","chr5","2324242","2324550","49","3455410"
"JH378114","5814449","5814740","chr24","6282434","6282731","46","467985"
"JH378114","5852860","5853116","chrX","13548339","13548610","49","7695479"
"JH378114","5870905","5871206","chr12","10064948","10065242","25","4194043"
"JH378114","5894906","5895216","chr18","56208944","56209251","28","50314038"
"JH378114","5904322","5904466","chr3","90669571","90669712","18","84765249"
"JH378114","5906342","5906525","chr1","62235075","62235265","31","56328733"
"JH378114","5939695","5939991","chr1","103415790","103416081","40","97476095"
"JH378114","5975134","5975427","chr1","42860268","42860566","51","36885134"
"JH378114","5976525","5976781","chr20","105088115","105088384","46","99111590"
"JH378114","6012836","6013041","chr25","35754117","35754327","32","29741281"
"JH378114","6016173","6016477","chr2","35933723","35934028","38","29917550"
"JH378114","6018828","6019095","chr13","21308021","21308290","44","15289193"
"JH378114","6032356","6032661","chr23","68451127","68451430","34","62418771"
"JH378114","6087212","6087498","chrX","29936084","29936366","36","23848872"
"JH378114","6098505","6098816","chr2","34891557","34891863","32","28793052"
"JH378114","6102468","6102762","chr13","65577132","65577425","30","59474664"
"JH378114","6116909","6117211","chr1","10803268","10803561","35","4686359"
"JH378114","6122537","6122850","chr10","93596989","93597285","57","87474452"
"JH378114","6125974","6126265","chr17","55864125","55864431","41","49738151"
"JH378114","6138768","6138863","chr22","82220107","82220203","9","76081339"
"JH378114","6150955","6151240","chr4","89225105","89225388","30","83074150"
"JH378114","6157750","6158067","chr20","70184160","70184468","47","64026410"
"JH378114","6159789","6160102","chr1","65504304","65504612","34","59344515"
"JH378114","6246129","6246259","chr1","97802296","97802426","10","91556167"
"JH378114","6254912","6255228","chr24","68895333","68895641","36","62640421"
"JH378114","6256766","6256828","chr21","85530477","85530544","15","79273711"
"JH378114","6268313","6268639","chr7","30645066","30645382","59","24376753"
"JH378114","6278057","6278345","chr14","41748186","41748475","30","35470129"
"JH378114","6278686","6278932","chr22","58083115","58083361","36","51804429"
"JH378114","6318076","6318376","chr6","39327037","39327335","31","33008961"
"JH378114","6348020","6348322","chr24","51004467","51004765","32","44656447"
"JH378114","6360404","6360582","chr14","1105812","1105992","31","5254592"
"JH378114","6360920","6361028","chrX_KE148108v1_random","4900425","4900526","19","1460495"
"JH378114","6390674","6390980","chr23","45284082","45284386","39","38893408"
"JH378114","6403974","6404284","chr2","10204715","10205019","38","3800741"
"JH378114","6437484","6437766","chr10","127201999","127202278","33","120764515"
"JH378114","6472918","6473008","chr3","65349691","65349782","11","58876773"
"JH378114","6474323","6474430","chr6","5216779","5216886","9","1257544"
"JH378114","6475426","6475564","chrX","4336765","4336906","19","2138661"
"JH378114","6487337","6487645","chr8","40351555","40351858","40","33864218"
"JH378114","6491122","6491416","chr23","73077881","73078169","28","66586759"
"JH378114","6493498","6493714","chr15","82175072","82175282","28","75681574"
"JH378114","6498384","6498667","chr13","22601438","22601715","38","16103054"
"JH378114","6498701","6498988","chr27","46109934","46110222","42","39611233"
"JH378114","6529272","6529569","chr10","118597337","118597632","31","112068065"
"JH378114","6531350","6531649","chr12","10064948","10065242","27","3533598"
"JH378114","6532533","6532646","chrX","119966559","119966672","11","113434026"
"JH378114","6540803","6541094","chr20","111374247","111374540","38","104833444"
"JH378114","6548318","6548616","chr2","35931939","35932239","34","29383621"
"JH378114","6549022","6549321","chr12","10064948","10065242","39","3515926"
"JH378114","6553715","6554003","chr11","42115371","42115662","37","35561656"
"JH378114","6569513","6569798","chr8","55112604","55112890","34","48543091"
"JH378114","6574510","6574797","chr19","27900655","27900949","47","21326145"
"JH378114","6576630","6576743","chr14","51398076","51398183","19","44821446"
"JH378114","6576844","6577025","chr1","11673452","11673637","25","5096608"
"JH378114","6591483","6591772","chr29","10722547","10722839","30","4131064"
"JH378114","6591940","6592039","chr1","39939684","39939788","12","33347744"
"JH378114","6614118","6614309","chr13","86585007","86585200","20","79970889"
"JH378114","6628940","6629036","chr22","82220107","82220203","6","75591167"
"JH378114","6633486","6633717","chr9","28573966","28574178","39","21940480"
"JH378114","6638462","6638719","chr22","88832832","88833087","31","82194370"
"JH378114","6645381","6645680","chr11","117737181","117737478","36","111091800"
"JH378114","6647661","6647953","chr18","67218974","67219278","48","60571313"
"JH378114","6648662","6648939","chr19","9775851","9776131","54","3127189"
"JH378114","6678471","6678532","chrX","43431654","43431712","13","36753183"
"JH378114","6684820","6684910","chr3","65349691","65349782","13","58664871"
"JH378114","6687937","6688208","chr2","9893972","9894245","42","3206035"
"JH378114","6721900","6722170","chr12","6761154","6761426","33","39254"
"JH378114","6736684","6736987","chr3","22013697","22014006","43","15277013"
"JH378114","6767545","6767634","chr3","65349691","65349782","8","58582146"
"JH378114","6779118","6779424","chr25","16032111","16032417","38","9252993"
"JH378114","6784862","6784955","chr22","82220107","82220203","10","75435245"
"JH378114","6789253","6789545","chr12","10064948","10065242","34","3275695"
"JH378114","6793246","6793543","chr3","4850775","4851075","38","1942471"
"JH378114","6801057","6801357","chr13","84743392","84743699","45","77942335"
"JH378114","6805473","6805547","chr13","63031813","63031889","9","56226340"
"JH378114","6807296","6807502","chr3","7625847","7626050","31","818551"
"JH378114","6807937","6808024","chr14","82610477","82610563","13","75802540"
"JH378114","6834007","6834221","chr21","75206302","75206509","32","68372295"
"JH378114","6865653","6865769","chr4","60395666","60395783","12","53530013"
"JH378114","6930804","6931103","chr16","65250770","65251068","36","58319966"
"JH378114","6937581","6937870","chr14","80284365","80284655","37","73346784"
"JH378114","6992046","6992342","chr13","89452546","89452829","40","82460500"
"JH378114","6995197","6995493","chr23","35045928","35046223","31","28050731"
"JH378114","7040717","7040860","chr8","6220418","6220561","19","820299"
"JH378114","7055239","7055545","chr14","22799686","22799991","35","15744447"
"JH378114","7069465","7069737","chr26","48796674","48796967","47","41727209"
"JH378114","7091390","7091713","chr24","32411214","32411567","108","25319824"
"JH378114","7103091","7103395","chr5","2273487","2273788","32","4829604"
"JH378114","7105364","7105584","chr20","87018484","87018704","36","79913120"
"JH378114","7105870","7105985","chr20","115102100","115102215","13","107996230"
"JH378114","7111816","7112120","chr16","30398852","30399159","38","23287036"
"JH378114","7137280","7137567","chr20","108907026","108907317","33","101769746"
"JH378114","7146297","7146436","chr10","112254623","112254751","24","105108326"
"JH378114","7170963","7171052","chr19","7758593","7758681","11","587630"
"JH378114","7184487","7184771","chr19","7193786","7194075","45","9299"
"JH378114","7187318","7187608","chr10","8909912","8910203","29","1722594"
"JH378114","7197338","7197651","chr10","105560798","105561107","38","98363460"
"JH378114","7229560","7229855","chr24","73652397","73652694","34","66422837"
"JH378114","7388543","7388852","chr5","36774379","36774687","34","29385836"
"JH378114","7467521","7467768","chr7","98644776","98645016","42","91177255"
"JH378114","7475700","7476012","chr11","84795218","84795524","44","77319518"
"JH378114","7504424","7504554","chr3","91348390","91348521","9","83843966"
"JH378114","7515466","7515768","chr12","10064948","10065242","28","2549482"
"JH378114","7724419","7724699","chr19","4267958","4268239","37","3456461"
"JH378114","7743016","7743256","chr28","17931800","17932040","39","10188784"
"JH378114","7754731","7754897","chr7","128354173","128354335","26","120599442"
"JH378114","7758837","7759127","chr2","49104477","49104770","41","41345640"
"JH378114","7936346","7936421","chr13","63031813","63031889","8","55095467"
"JH378114","8029166","8029477","chr16","36083795","36084104","42","28054629"
"JH378114","8176570","8176837","chr28","1947273","1947535","44","6229297"
"JH378114","8239977","8240284","chr12","10064948","10065242","34","1824971"
"JH378114","8250979","8251107","chr6","50606227","50606356","15","42355248"
"JH378114","8252181","8252493","chr6","15953108","15953417","33","7700927"
"JH378114","8270251","8270541","chrX","23977849","23978143","37","15707598"
"JH378114","8290670","8290983","chr1","2872653","2872961","35","5418017"
"JH378114","8432480","8432776","chr12","10064948","10065242","30","1632468"
"JH378114","8439030","8439178","chr17","47733511","47733658","15","39294481"
"JH378114","8465911","8466206","chr10","90402340","90402635","39","81936429"
"JH378114","8476319","8476625","chr4","16808054","16808360","42","8331735"
"JH378114","8517658","8517772","chrX","25194654","25194764","18","16676996"
"JH378114","8533600","8533917","chrX","22346559","22346864","42","13812959"
"JH378114","8536946","8537250","chr14","79729598","79729899","33","71192652"
"JH378114","8541340","8541639","chrX","23977849","23978143","36","15436509"
"JH378114","8575981","8576280","chr12","10064948","10065242","29","1488967"
"JH378114","8604329","8604417","chr19","7758593","7758681","8","845736"
"JH378114","8620048","8620316","chr24","44732847","44733117","39","36112799"
"JH378114","8661034","8661336","chr20","111374247","111374540","41","102713213"
"JH378114","8689247","8689542","chrX","23977849","23978143","35","15288602"
"JH378114","8717617","8717875","chr16","58425585","58425837","33","49707968"
"JH378114","8872217","8872516","chr23","41390216","41390518","39","32517999"
"JH378114","8886031","8886296","chr16","25134176","25134444","32","16248145"
"JH378114","8996156","8996447","chr6","38437831","38438120","33","29441675"
"JH378114","9165806","9165956","chr8","56146921","56147068","16","46981115"
"JH378114","9231752","9232028","chr16","35336459","35336744","55","26104707"
"JH378114","9423392","9423690","chr12","10064948","10065242","29","641556"
"JH378114","9491614","9491875","chr3","69261778","69262040","41","59770164"
"JH378114","9548082","9548227","chr6","7229588","7229731","16","2318494"
"JH378114","9642926","9643227","chr15","41538766","41539063","36","31895840"
"JH378114","9656497","9656799","chrX","125302543","125302844","30","115646046"
"JH378114","9694421","9694709","chr26","36103659","36103942","37","26409238"
"JH378114","9711595","9711924","chr20","99538718","99539034","49","89827123"
"JH378114","9768823","9768947","chr9","51073130","51073242","26","41304307"
"JH378114","9788748","9789045","chr6","38437831","38438120","44","28649083"
"JH378114","9799034","9799096","chr8","133192812","133192872","7","123393778"
"JH378114","9806521","9806826","chr2","43185063","43185371","39","33378542"
"JH378114","9842839","9842929","chr3","65349691","65349782","9","55506852"
"JH378114","9871789","9872088","chr18","71480316","71480609","40","61608527"
"JH378114","9927624","9927833","chr13","12227176","12227375","35","2299552"
"JH378114","9968236","9968350","chr13","61112232","61112346","10","51143996"
"JH378114","10057948","10058233","chr9","87536800","87537086","36","77478852"
"JH378114","10067361","10067652","chr5","53255334","53255620","38","43187973"
"JH378114","10120827","10120976","chr13","14542923","14543070","17","4422096"
"JH378114","10147929","10148238","chr1","65504304","65504612","33","55356375"
"JH378114","10158777","10158859","chr5","67880800","67880883","8","57722023"
"JH378114","10186582","10186872","chr4","67311901","67312186","36","57125319"
"JH378114","10191476","10191785","chr10","11533950","11534258","42","1342474"
"JH378114","10203860","10203950","chr3","65349691","65349782","9","55145831"
"JH378114","10204697","10204780","chr16","4405728","4405812","7","5798969"
"JH378114","10206292","10206595","chr21","22838763","22839060","42","12632471"
"JH378114","10224351","10224488","chr26","6591504","6591639","13","3632847"
"JH378114","10235169","10235290","chr15","90834689","90834810","12","80599520"
"JH378114","10238195","10238331","chr27","8311216","8311350","21","1926979"
"JH378114","10264316","10264541","chr16","25738562","25738782","36","15474246"
"JH378114","10297489","10297702","chr2","41986599","41986802","28","31689110"
"JH378114","10298412","10298562","chr7","75271378","75271525","18","64972966"
"JH378114","10312348","10312625","chr12","76875410","76875697","45","66563062"
"JH378114","10317780","10317870","chr3","65349691","65349782","13","55031911"
"JH378114","10322507","10322762","chr29","12411847","12412100","28","2089340"
"JH378114","10329773","10330073","chr1","10803268","10803561","36","473495"
"JH378114","10330601","10330734","chr9","99766001","99766131","16","89435400"
"JH378114","10339203","10339504","chr28","11865661","11865960","37","1526458"
"JH378114","10369415","10369725","chr2","59051284","59051595","45","48681869"
"JH378114","10434229","10434330","chrX","2017984","2018087","12","8416245"
"JH378114","10487234","10487539","chr23","77233587","77233894","38","66746353"
"JH378114","10502058","10502360","chr4","63659352","63659655","43","53157294"
"JH378114","10503104","10503231","chr3","91348390","91348521","14","80845286"
"JH378114","10504386","10504686","chr12","10064948","10065242","27","439438"
"JH378114","10560006","10560146","chr12","42755129","42755268","15","32195123"
"JH378114","10560271","10560405","chr29","7668087","7668221","10","2892184"
"JH378114","10568177","10568274","chr22","82220107","82220203","11","71651930"
"JH378114","10575934","10576224","chr15","66204401","66204692","29","55628467"
"JH378114","10590691","10590806","chr10","24288306","24288421","15","13697615"
"JH378114","10612711","10613001","chr12","10064948","10065242","26","547763"
"JH378114","10615764","10616061","chr4","88194345","88194643","44","77578581"
"JH378114","10626645","10626739","chr22","82220107","82220203","13","71593462"
"JH378114","10654112","10654222","chr6","1067449","1067558","10","9586663"
"JH378114","10674954","10675238","chr15","10367171","10367456","36","307783"
"JH378114","10692928","10693211","chr8","55112604","55112890","43","44419676"
"JH378114","10762794","10763104","chr16","64430366","64430669","43","53667572"
"JH378114","10795704","10796016","chr1","65504304","65504612","32","54708600"
"JH378114","10812691","10812986","chr16","12093535","12093829","39","1280844"
"JH378114","10820790","10821101","chr26","38024857","38025165","35","27204067"
"JH378114","10836293","10836602","chr11","115525233","115525542","34","104688940"
"JH378114","10880163","10880449","chr10","48189037","48189325","35","37308874"
"JH378114","10881768","10881898","chr6","47011698","47011831","17","36129930"
"JH378114","10947829","10948138","chr1","65504304","65504612","30","54556475"
"JH378114","10954284","10954560","chr26","12592711","12592991","44","1638427"
"JH378114","10979197","10979294","chr2","34024008","34024103","18","23044811"
"JH378114","11003254","11003557","chr12","74217361","74217667","33","63214107"
"JH378114","11077566","11077788","chr25","73647297","73647508","30","62569731"
"JH378114","11131013","11131294","chr7","95011114","95011391","41","83880101"
"JH378114","11136723","11137043","chr12","13236801","13237114","54","2100078"
"JH378114","11151467","11151817","chr20","99538718","99539034","62","88387251"
"JH378114","11216195","11216289","chr22","82220107","82220203","10","71003912"
"JH378114","11226052","11226358","chr29","8289755","8290055","28","2936297"
"JH378114","11227226","11227530","chr20","40866506","40866800","39","29639280"
"JH378114","11235991","11236296","chr26","3416516","3416812","41","7819475"
"JH378114","11367414","11367727","chr21","15654302","15654610","38","4286888"
"JH378114","11403582","11403686","chr1","39939684","39939788","11","28536102"
"JH378114","11419371","11419638","chrX","68948097","68948354","34","57528726"
"JH378114","11474232","11474542","chr11","115525233","115525542","29","104051001"
"JH378114","11478047","11478357","chr2","34891557","34891863","43","23413510"
"JH378114","11555851","11555923","chr13","63031813","63031889","7","51475962"
"JH378114","11617688","11617996","chr3","8766153","8766458","43","2851535"
"JH378114","11651509","11651803","chr21","22838763","22839060","43","11187254"
"JH378114","11663413","11663694","chr28","2906914","2907184","41","8756499"
"JH378114","11685966","11686264","chr20","106884868","106885166","34","95198902"
"JH378114","11697265","11697562","chr14","53397424","53397717","37","41700159"
"JH378114","11711726","11712029","chr2","20157173","20157482","47","8445447"
"JH378114","11726080","11726303","chr17","41920077","41920310","28","30193997"
"JH378114","11812079","11812381","chr2","13875754","13876050","38","2063675"
"JH378114","11838125","11838433","chr8","97506802","97507104","40","85668677"
"JH378114","11847659","11847808","chr7","134171220","134171369","24","122323561"
"JH378114","11951803","11952024","chr10","3519976","3520199","43","8431827"
"JH378114","11965860","11966114","chr3","27147134","27147379","40","15181274"
"JH378114","11999113","11999202","chr3","65349691","65349782","13","53350578"
"JH378114","12022238","12022526","chr24","45239751","45240045","38","33217513"
"JH378114","12023191","12023386","chr16","68347258","68347451","28","56324067"
"JH378114","12121504","12121822","chr12","6781553","6781865","74","5339951"
"JH378114","12237515","12237854","chr14","46171515","46171849","43","33934000"
"JH378114","12240170","12240457","chr5","1720771","1721058","33","10519399"
"JH378114","12300841","12300966","chrX_KE148108v1_random","895745","895871","12","11405096"
"JH378114","12364863","12365112","chr3","81094285","81094529","43","68729422"
"JH378114","12402942","12403235","chr11","42115371","42115662","42","29712429"
"JH378114","12431230","12431529","chr1","66807483","66807786","37","54376253"
"JH378114","12484936","12485224","chr8","76430965","76431254","35","63946029"
"JH378114","12534161","12534316","chr18","16359736","16359900","30","3825575"
"JH378114","12535869","12536166","chr12","10064948","10065242","34","2470921"
"JH378114","12700145","12700450","chr5","56921180","56921483","43","44221035"
"JH378114","12767899","12768210","chr25","54772141","54772447","39","42004242"
"JH378114","12769472","12769757","chr7","132205443","132205733","36","119435971"
"JH378114","12809146","12809448","chr11","14881252","14881555","51","2072106"
"JH378114","12842830","12843125","chr12","10064948","10065242","28","2777882"
"JH378114","12877096","12877387","chr25","56498862","56499159","51","43621766"
"JH378114","12880748","12881032","chr22","9600661","9600931","37","3280087"
"JH378114","12881033","12881285","chr5","59945043","59945289","46","47064010"
"JH378114","12905825","12906160","chr14","46171515","46171849","46","33265690"
"JH378114","12923821","12923878","chr5","8923767","8923819","12","4000054"
"JH378114","12932876","12933186","chr26","38024857","38025165","29","25091981"
"JH378114","12976166","12976463","chr26","56179571","56179873","37","43203405"
"JH378114","12999495","12999805","chr9","63581525","63581830","39","50582030"
"JH378114","13138170","13138474","chr14","82779746","82780053","43","69641576"
"JH378114","13244351","13244560","chrX","107162073","107162271","43","93917722"
"JH378114","13276930","13277196","chr21","105930798","105931061","42","92653868"
"JH378114","13280736","13281040","chr15","12031507","12031804","40","1249229"
"JH378114","13289797","13290098","chr5","2273487","2273788","30","11016310"
"JH378114","13321694","13321981","chr12","10064948","10065242","32","3256746"
"JH378114","13331540","13331841","chr5","2273487","2273788","33","11058053"
"JH378114","13347079","13347387","chr5","2273487","2273788","31","11073592"
"JH378114","13376921","13377231","chr11","115525233","115525542","31","102148312"
"JH378114","13384491","13384564","chr17","40341447","40341524","15","26956956"
"JH378114","13384871","13385096","chr25","59449721","59449941","34","46064850"
"JH378114","13390163","13390470","chr11","115525233","115525542","33","102135070"
"JH378114","13446676","13446958","chr12","102455066","102455352","40","89008390"
"JH378114","13475083","13475368","chrX","22171201","22171487","37","8696118"
"JH378114","13539017","13539314","chr13","65577132","65577425","32","52038115"
"JH378114","13600228","13600533","chr5","2273487","2273788","30","11326741"
"JH378114","13676914","13677182","chr1","6232367","6232627","41","7444547"
"JH378114","13706063","13706368","chr11","51624065","51624366","28","37918002"
"JH378114","13861474","13861807","chr29","8278863","8279172","52","5582611"
"JH378114","13888664","13888988","chr19","6886292","6886611","49","7002372"
"JH378114","13933812","13933942","chr3","91348390","91348521","10","77414578"
"JH378114","13971370","13971641","chr22","91959188","91959456","39","77987818"
"JH378114","13972890","13973171","chr12","96013629","96013909","41","82040739"
"JH378114","14002393","14002674","chr9","96303742","96304026","48","82301349"
"JH378114","14013919","14014067","chr14","54820333","54820479","20","40806414"
"JH378114","14038739","14039039","chr19","25347288","25347585","42","11308549"
"JH378114","14059817","14059932","chr20","115102100","115102215","12","101042283"
"JH378114","14092984","14093291","chr27","3949561","3949866","43","10143423"
"JH378114","14110193","14110270","chr13","63031813","63031889","8","48921620"
"JH378114","14115964","14116252","chr20","41122725","41123014","49","27006761"
"JH378114","14199057","14199316","chr4","41709370","41709628","57","27510313"
"JH378114","14232222","14232528","chr4","31268658","31268962","40","17036436"
"JH378114","14277851","14278128","chr15","5774285","5774563","48","8503566"
"JH378114","14314371","14314657","chr24","40562105","40562391","43","26247734"
"JH378114","14401818","14402125","chr29","8804102","8804404","45","5597716"
"JH378114","14402509","14402805","chr12","10064948","10065242","30","4337561"
"JH378114","14448865","14449176","chr2","34891557","34891863","32","20442692"
"JH378114","14452443","14452738","chr10","55224096","55224386","44","40771653"
"JH378114","14519481","14519790","chr11","115525233","115525542","36","101005752"
"JH378114","14657218","14657516","chr10","118597337","118597632","27","103940119"
"JH378114","14856449","14856592","chrX","45741850","45741992","17","30885401"
"JH378114","14919758","14920070","chr1","65504304","65504612","38","50584546"
"JH378114","15000001","15000119","chr15","90834689","90834810","14","75834688"
"JH378114","15094066","15094375","chr2","34891557","34891863","27","19797491"
"JH378114","15104616","15104923","chr26","6059541","6059849","42","9045075"
"JH378114","15148555","15148771","chr12","25779469","25779689","29","10630914"
"JH378114","15215532","15215833","chr3","29967257","29967552","57","14751725"
"JH378114","15250082","15250373","chr24","51039147","51039434","42","35789065"
"JH378114","15327323","15327639","chr4","16808054","16808360","36","1480731"
"JH378114","15366400","15366712","chr2","34891557","34891863","44","19525157"
"JH378114","15466051","15466355","chr9","56811131","56811438","58","41345080"
"JH378114","15481171","15481245","chr13","63031813","63031889","8","47550642"
"JH378114","15618213","15618522","chr13","67235992","67236297","41","51617779"
"JH378114","15678267","15678593","chr24","32730307","32730629","46","17052040"
"JH378114","15692725","15692840","chr4","60395666","60395783","14","44702941"
"JH378114","15723626","15723924","chr18","60118008","60118306","42","44394382"
"JH378114","15800634","15800949","chr1","65504304","65504612","39","49703670"
"JH378114","15894128","15894417","chr15","81108917","81109201","45","65214789"
"JH378114","15925590","15925886","chrX","45682235","45682542","53","29756645"
"JH378114","15927230","15927533","chr21","13830726","13831028","31","2096504"
"JH378114","15927902","15928032","chr1","97802296","97802426","13","81874394"
"JH378114","15996786","15997051","chr20","82255291","82255555","44","66258505"
"JH378114","16038037","16038366","chr12","29654642","29654971","40","13616605"
"JH378114","16169967","16170271","chr29","8289755","8290055","37","7880212"
"JH378114","16212866","16212942","chr13","63031813","63031889","7","46818947"
"JH378114","16270589","16270881","chr7","31825222","31825504","48","15554633"
"JH378114","16377853","16378160","chr26","18977354","18977652","34","2599501"
"JH378114","16378949","16379245","chr26","3416516","3416812","39","12962433"
"JH378114","16433406","16433702","chr3","88960138","88960433","43","72526732"
"JH378114","16438740","16439025","chr23","52118830","52119121","44","35680090"
"JH378114","16507047","16507356","chr20","86643072","86643377","50","70136025"
"JH378114","16508984","16509282","chr14","78204084","78204383","44","61695100"
"JH378114","16520058","16520366","chr5","36774379","36774687","33","20254321"
"JH378114","16529207","16529494","chr7","70741606","70741891","46","54212399"
"JH378114","16531815","16532093","chr25","14438271","14438549","37","2093544"
"JH378114","16571622","16571920","chrX","23977849","23978143","43","7406227"
"JH378114","16589354","16589630","chr12","44167700","44167973","43","27578346"
"JH378114","16626951","16627210","chr24","73585240","73585507","39","56958289"
"JH378114","16749651","16749960","chr11","115525233","115525542","38","98775582"
"JH378114","16784134","16784415","chr10","56533422","56533699","25","39749288"
"JH378114","16827464","16827767","chr7","70016163","70016465","40","53188699"
"JH378114","16830648","16830940","chr19","21173854","21174146","32","4343206"
"JH378114","16893133","16893216","chr16","4405728","4405812","6","12487405"
"JH378114","17012061","17012367","chr12","6781553","6781865","133","10230508"
"JH378114","17097243","17097518","chr20","41568447","41568725","38","24471204"
"JH378114","17107363","17107674","chr29","8289755","8290055","38","8817608"
"JH378114","17146939","17147049","chrX","113356544","113356653","24","96209605"
"JH378114","17147052","17147151","chr21","29238156","29238256","20","12091104"
"JH378114","17173995","17174288","chr25","5524017","5524300","35","11649978"
"JH378114","17176832","17177118","chr5","42662951","42663235","36","25486119"
"JH378114","17222725","17223045","chr11","115525233","115525542","39","98302508"
"JH378114","17349843","17350156","chr2","34891557","34891863","35","17541714"
"JH378114","17355943","17356247","chr7","12288332","12288635","53","5067611"
"JH378114","17385971","17386195","chr6","2372111","2372337","32","15013860"
"JH378114","17388120","17388426","chr16","30398852","30399159","33","13010732"
"JH378114","17459842","17460143","chr10","95665357","95665659","39","78205515"
"JH378114","17461224","17461504","chr2","6843755","6844035","44","10617469"
"JH378114","17469997","17470297","chrX","84956070","84956370","44","67486073"
"JH378114","17515952","17516248","chr28","17897249","17897546","34","381297"
"JH378114","17527825","17527938","chr15","69227071","69227179","21","51699246"
"JH378114","17548077","17548208","chr21","72996628","72996759","19","55448551"
"JH378114","17557997","17558287","chr2","16485138","16485431","39","1072859"
"JH378114","17596514","17596822","chr5","2273487","2273788","34","15323027"
"JH378114","17603835","17604104","chr25","79258680","79258945","38","61654845"
"JH378114","17614272","17614571","chr24","1147887","1148184","29","16466385"
"JH378114","17641130","17641425","chr16","12093535","12093829","41","5547595"
"JH378114","17720543","17720848","chr4","35412757","35413052","33","17692214"
"JH378114","17791816","17792124","chr2","34891557","34891863","35","17099741"
"JH378114","17802100","17802194","chr22","82220107","82220203","8","64418007"
"JH378114","17816463","17816582","chr21","120630787","120630900","15","102814324"
"JH378114","18214142","18214398","chr20","116428512","116428772","42","98214370"
"JH378114","18262379","18262502","chr15","90834689","90834810","14","72572310"
"JH378114","18307446","18307747","chr1","68219231","68219530","33","49911785"
"JH378114","18318629","18318931","chr11","42115371","42115662","43","23796742"
"JH378114","18329339","18329446","chr6_AQIB01159090v1_random","13065","13172","12","18316274"
"JH378114","18338770","18339064","chr13","65577132","65577425","30","47238362"
"JH378114","18488325","18488638","chr15","18549945","18550246","38","61620"
"JH378114","18531336","18531626","chr9","68955444","68955728","55","50424108"
"JH378114","18713020","18713319","chr12","10064948","10065242","25","8648072"
"JH378114","18721856","18722145","chr19","17615169","17615460","40","1106687"
"JH378114","18732096","18732403","chr16","4139491","4139787","43","14592605"
"JH378114","18794387","18794699","chr11","115525233","115525542","32","96730846"
"JH378114","19081026","19081303","chr20","72215964","72216240","36","53134938"
"JH378114","19187115","19187244","chr27","45989091","45989221","13","26801976"
"JH378114","19305244","19305557","chr12","74217361","74217667","36","54912117"
"JH378114","19362846","19363156","chr11","115525233","115525542","33","96162387"
"JH378114","19395594","19395901","chr16","17216306","17216606","42","2179288"
"JH378114","19464721","19465028","chr23","40897282","40897583","35","21432561"
"JH378114","19482597","19482898","chr12","10064948","10065242","26","9417649"
"JH378114","19485026","19485328","chr12","10064948","10065242","29","9420078"
"JH378114","19496619","19496861","chrX","125586139","125586393","50","106089520"
"JH378114","19503953","19504075","chr15","90834689","90834810","11","71330736"
"JH378114","19521677","19521988","chr1","65504304","65504612","31","45982627"
"JH378114","19550035","19550338","chr5","2273487","2273788","29","17276548"
"JH378114","19567858","19567932","chr13","63031813","63031889","9","43463955"
"JH378114","19584541","19584698","chr21","50746620","50746779","20","31162079"
"JH378114","19609412","19609508","chr22","82220107","82220203","9","62610695"
"JH378114","19619190","19619493","chr1","68219231","68219530","33","48600041"
"JH378114","19630908","19631141","chr4","70631421","70631655","27","51000513"
"JH378114","19658036","19658226","chr11","117573457","117573649","27","97915421"
"JH378114","19660147","19660236","chr3","65349691","65349782","11","45689544"
"JH378114","19683956","19684059","chrX","2017984","2018087","12","17665972"
"JH378114","19704189","19704493","chr2","34891557","34891863","33","15187368"
"JH378114","19722155","19722448","chr2","14954130","14954422","36","4768025"
"JH378114","19757182","19757477","chr25","18828195","18828491","31","928987"
"JH378114","19758975","19759272","chr13","81585158","81585455","39","61826183"
"JH378114","19816664","19816966","chr14","75577127","75577428","36","55760463"
"JH378114","19817589","19817884","chr9","37163037","37163327","47","17345448"
"JH378114","19818721","19819021","chr15","86758708","86759003","31","66939987"
"JH378114","19831595","19831905","chr3","10937420","10937729","29","8894175"
"JH378114","19835123","19835416","chr1","26491346","26491637","36","6656223"
"JH378114","19836233","19836522","chr6","48913632","48913921","35","29077399"
"JH378114","19855717","19856001","chr13","89452546","89452829","50","69596829"
"JH378114","19862674","19862842","chr26","17659470","17659643","29","2203204"
"JH378114","19863415","19863715","chr5","2273487","2273788","39","17589928"
"JH378114","19865067","19865371","chr26","5907158","5907461","44","13957909"
"JH378114","19871688","19872022","chr7","11558472","11558799","46","8313216"
"JH378114","19889940","19890194","chr25","68612508","68612749","54","48722568"
"JH378114","19895835","19896135","chr6","15953108","15953417","48","3942727"
"JH378114","19896859","19897164","chr23","33276315","33276619","28","13379456"
"JH378114","19931270","19931584","chr8","21494594","21494885","61","1563324"
"JH378114","19934347","19934649","chr10","47669467","47669767","37","27735120"
"JH378114","19939842","19940137","chr12","10064948","10065242","28","9874894"
"JH378114","19960357","19960444","chr19","7758593","7758681","9","12201764"
"JH378114","19974796","19975093","chr12","10064948","10065242","26","9909848"
"JH378114","19980281","19980356","chr13","63031813","63031889","10","43051532"
"JH378114","19989922","19990005","chrY","3923565","3923649","10","16066357"
"JH378114","19990681","19990921","chr26","14438107","14438343","33","5552574"
"JH378114","19993650","19993937","chr25","73838548","73838836","45","53844898"
"JH378114","20023116","20023431","chr5","57818139","57818452","66","37795023"
"JH378114","20031560","20031641","chr5","67880800","67880883","8","47849240"
"JH378114","20033305","20033435","chr20","20852752","20852882","9","819447"
"JH378114","20033962","20034180","chr11","45536523","45536736","48","25502561"
"JH378114","20037755","20038052","chr14","80160276","80160567","36","60122521"
"JH378114","20068957","20069252","chr3","88960138","88960433","33","68891181"
"JH378114","20085714","20086011","chr9","71188923","71189219","45","51103209"
"JH378114","20092806","20093111","chr12","10064948","10065242","34","10027858"
"JH378114","20118043","20118332","chr3","29967257","29967552","45","9849214"
"JH378114","20131911","20132194","chr23","73077881","73078169","32","52945970"
"JH378114","20147207","20147525","chr12","6781553","6781865","168","13365654"
"JH378114","20181260","20181306","chr21","32336794","32336841","10","12155534"
"JH378114","20183530","20183845","chr2","34891557","34891863","40","14708027"
"JH378114","20229553","20229855","chr7","131303574","131303874","44","111074021"
"JH378114","20242296","20242594","chr11","14140136","14140434","41","6102160"
"JH378114","20265752","20266061","chr1","65504304","65504612","31","45238552"
"JH378114","20281980","20282077","chr22","82220107","82220203","9","61938127"
"JH378114","20288264","20288354","chr19","7758593","7758681","9","12529671"
"JH378114","20294613","20294909","chr12","10064948","10065242","29","10229665"
"JH378114","20310351","20310571","chr9","100323043","100323258","49","80012692"
"JH378114","20312964","20313278","chr2","34891557","34891863","42","14578593"
"JH378114","20317401","20317704","chr17","38841022","38841322","35","18523621"
"JH378114","20325547","20325841","chr11","64255685","64255978","38","43930138"
"JH378114","20336878","20337193","chr4","16808054","16808360","34","3528824"
"JH378114","20353837","20354127","chr8","31545666","31545957","32","11191829"
"JH378114","20360980","20361101","chr15","90834689","90834810","9","70473709"
"JH378114","20361813","20362081","chrX","13548339","13548610","37","6813474"
"JH378114","20366358","20366502","chr8","6220418","6220561","20","14145940"
"JH378114","20378447","20378525","chr5","67880800","67880883","8","47502353"
"JH378114","20388557","20388866","chr1","65504304","65504612","33","45115747"
"JH378114","20392511","20392818","chr2","34891557","34891863","33","14499046"
"JH378114","20394263","20394372","chr6","1067449","1067558","12","19326814"
"JH378114","20396157","20396264","chr6","1067449","1067558","11","19328708"
"JH378114","20396976","20397063","chr21","2190534","2190635","23","18206442"
"JH378114","20401291","20401597","chr14","36954936","36955240","39","16553645"
"JH378114","20406103","20406249","chr17","47733511","47733658","15","27327408"
"JH378114","20411794","20412009","chr2","41986599","41986802","32","21574805"
"JH378114","20414097","20414218","chr15","90834689","90834810","13","70420592"
"JH378114","20420380","20420679","chr2","13842925","13843217","42","6577455"
"JH378114","20441007","20441143","chr26","6591504","6591639","15","13849503"
"JH378114","20441974","20442104","chr20","20852752","20852882","11","410778"
"JH378114","20450899","20451207","chr17","58080479","58080781","35","37629580"
"JH378114","20463177","20463476","chr12","10064948","10065242","25","10398229"
"JH378114","20476791","20476881","chr3","65349691","65349782","13","44872900"
"JH378114","20497965","20498271","chr5","2273487","2273788","35","18224478"
"JH378114","20530709","20531008","chr12","10064948","10065242","27","10465761"
"JH378114","20550136","20550443","chr12","10064948","10065242","50","10485188"
"JH378114","20565104","20565406","chr12","10064948","10065242","31","10500156"
"JH378114","20639992","20640298","chr5","2273487","2273788","29","18366505"
"JH378114","20710850","20711155","chr5","2273487","2273788","26","18437363"
"JH378114","20734044","20734209","chr21","115158900","115159069","26","94424856"
"JH378114","20864272","20864549","chr11","101902346","101902617","45","81038074"
"JH378114","20923712","20924015","chr1","15620791","15621092","36","5302921"
"JH378114","20936535","20936847","chr1","65504304","65504612","34","44567769"
"JH378114","20937485","20937783","chr19","18383422","18383722","31","2554063"
"JH378114","20960164","20960478","chr27","25506578","25506885","35","4546414"
"JH378114","20975550","20975654","chrX","2017984","2018087","9","18957566"
"JH378114","20978764","20979081","chr20","94983084","94983392","45","74004320"
"JH378114","21006395","21006702","chr18","21975862","21976165","42","969467"
"JH378114","21030768","21031049","chrX","29936084","29936366","33","8905316"
"JH378114","21032809","21032898","chr19","7758593","7758681","9","13274216"
"JH378114","21045681","21045974","chr9","51163712","51164001","39","30118031"
"JH378114","21061677","21061971","chr19","18137467","18137770","45","2924210"
"JH378114","21070597","21070896","chr9","118970228","118970526","27","97899631"
"JH378114","21074358","21074631","chr14","82309362","82309629","46","61235004"
"JH378114","21075252","21075329","chr13","63031813","63031889","7","41956561"
"JH378114","21080492","21080630","chr6","7501396","7501533","13","13579096"
"JH378114","21088135","21088286","chr9","105785828","105785985","41","84697693"
"JH378114","21128579","21128873","chr6","4113565","4113862","34","17015014"
"JH378114","21142438","21142726","chr19","2333965","2334263","44","18808473"
"JH378114","21143290","21143367","chr13","63031813","63031889","8","41888523"
"JH378114","21144710","21144813","chrX","2017984","2018087","8","19126726"
"JH378114","21145906","21146209","chr7","57917629","57917927","41","36771723"
"JH378114","21175126","21175425","chr12","10064948","10065242","26","11110178"
"JH378114","21201321","21201650","chr10","89459842","89460157","45","68258521"
"JH378114","21227703","21228000","chr12","10064948","10065242","42","11162755"
"JH378114","21237458","21237538","chr5","67880800","67880883","8","46643342"
"JH378114","21245708","21245832","chr15","90834689","90834810","12","69588981"
"JH378114","21263735","21263889","chr27","23314293","23314443","24","2050558"
"JH378114","21264209","21264265","chr1","104514801","104514865","15","83250592"
"JH378114","21268951","21269260","chr9","62995564","62995868","42","41726613"
"JH378114","21276926","21277177","chr22","58083115","58083361","32","36806189"
"JH378114","21283673","21283980","chr14","83371933","83372231","46","62088260"
"JH378114","21304708","21304835","chr3","91348390","91348521","12","70043682"
"JH378114","21409894","21410175","chr6","40582273","40582553","28","19172379"
"JH378114","21756954","21757256","chr11","34002757","34003053","31","12245803"
"JH378114","21894778","21895072","chr10","21690582","21690883","38","204196"
"JH378114","22073646","22073790","chrY","2747802","2747940","28","19325844"
"JH378114","22074547","22074707","chr7","128354173","128354335","25","106279626"
"JH378114","22151501","22151605","chr1","39939684","39939788","10","17788183"
"JH378114","22203266","22203576","chr16","51501244","51501546","38","29297978"
"JH378114","22227877","22228175","chr12","10064948","10065242","24","12162929"
"JH378114","22265208","22265502","chr5","70176671","70176961","42","47911463"
"JH378114","22351073","22351382","chr5","2273487","2273788","33","20077586"
"JH378114","22367933","22368212","chr15","51873344","51873627","46","29505411"
"JH378114","22372478","22372786","chr12","87874553","87874860","37","65502075"
"JH378114","22473804","22474109","chr6","5143118","5143416","39","17330686"
"JH378114","22493996","22494307","chr2","58676840","58677137","53","36182844"
"JH378114","22643321","22643624","chr14","41573331","41573633","32","18930010"
"JH378114","22676366","22676674","chr15","3702894","3703194","31","18973472"
"JH378114","22693414","22693563","chr9","59130238","59130387","12","36436824"
"JH378114","22772310","22772619","chr5","57462893","57463195","33","34690583"
"JH378114","22774551","22774864","chr11","20333718","20334026","35","2440833"
"JH378114","22787902","22787979","chr13","63031813","63031889","9","40243911"
"JH378114","22843423","22843727","chr18","60118008","60118306","38","37274585"
"JH378114","22850921","22851172","chr16","73748539","73748789","34","50897618"
"JH378114","22852112","22852384","chr19","19502742","19503020","35","3349370"
"JH378114","22853249","22853524","chr24","50014098","50014389","40","27160849"
"JH378114","22861833","22862080","chr11","119259842","119260088","27","96398009"
"JH378114","22868255","22868552","chr12","10064948","10065242","30","12803307"
"JH378114","22872542","22872671","chr1","97802296","97802426","12","74929754"
"JH378114","22880164","22880293","chr1","97802296","97802426","12","74922132"
"JH378114","22880414","22880667","chr16","18902865","18903120","33","3977549"
"JH378114","22923310","22923451","chr11","95753406","95753542","13","72830096"
"JH378114","22933915","22934212","chr9","118970228","118970526","30","96036313"
"JH378114","22973161","22973395","chr9","106743255","106743488","28","83770094"
"JH378114","22978441","22978571","chr11","106843296","106843425","13","83864855"
"JH378114","23010121","23010377","chr8","130278670","130278926","45","107268549"
"JH378114","23028019","23028324","chr5","2273487","2273788","31","20754532"
"JH378114","23145756","23145832","chr13","63031813","63031889","9","39886057"
"JH378114","23200769","23201053","chr15","79051694","79051974","35","55850925"
"JH378114","23242880","23243175","chr21","74368618","74368909","34","51125738"
"JH378114","23301799","23302069","chr11","12774928","12775192","50","10526871"
"JH378114","23564784","23565111","chr19","6886292","6886611","42","16678492"
"JH378114","23730058","23730365","chr8","96089866","96090170","32","72359808"
"JH378114","23772441","23772740","chr5","18957272","18957569","33","4815169"
"JH378114","23796479","23796773","chr2","14954130","14954422","30","8842349"
"JH378114","23869655","23869952","chr18","44879897","44880198","34","21010242"
"JH378114","24002220","24002532","chr11","4229918","4230223","44","19772302"
"JH378114","24123790","24124094","chr5","2273487","2273788","33","21850303"
"JH378114","24129777","24130069","chr12","10064948","10065242","26","14064829"
"JH378114","24136025","24136322","chr16","12093535","12093829","49","12042490"
"JH378114","24327798","24328085","chrX","95460911","95461200","40","71133113"
"JH378114","24435416","24435645","chr6","2372111","2372337","28","22063305"
"JH378114","24532285","24532586","chr12","10064948","10065242","28","14467337"
"JH378114","24584556","24584831","chr22","65720201","65720477","44","41135645"
"JH378114","24594998","24595289","chr14","41748186","41748475","35","17153188"
"JH378114","24604182","24604330","chrUn_KE147649v1","9029","9176","14","24595153"
"JH378114","24694907","24695211","chr11","46412480","46412774","46","21717573"
"JH378114","24743266","24743559","chr9","43165199","43165493","37","18421933"
"JH378114","24864206","24864511","chr3","22013697","22014006","44","2850509"
"JH378114","24951246","24951551","chr5","2273487","2273788","38","22677759"
"JH378114","24971931","24972185","chr5","56834491","56834744","39","31862560"
"JH378114","24974756","24975052","chr12","58820917","58821209","40","33846161"
"JH378114","24977077","24977137","chr24","62423541","62423605","12","37446464"
"JH378114","24977903","24978209","chr5","17069346","17069647","46","7908557"
"JH378114","25043675","25043824","chr9","59130238","59130387","15","34086563"
"JH378114","25055701","25056003","chr5","2273487","2273788","43","22782214"
"JH378114","25101449","25101757","chr3","8766153","8766458","36","16335296"
"JH378114","25107414","25107722","chr12","10064948","10065242","31","15042466"
"JH378114","25113198","25113308","chr9","51073130","51073242","17","25959932"
"JH378114","25116275","25116376","chrX","2017984","2018087","12","23098291"
"JH378114","25125835","25126133","chr10","118597337","118597632","30","93471502"
"JH378114","25134543","25134647","chr1","39939684","39939788","10","14805141"
"JH378114","25143501","25143609","chr12","53065987","53066095","12","27922486"
"JH378114","25145798","25145874","chr13","63031813","63031889","6","37886015"
"JH378114","25149984","25150078","chr22","82220107","82220203","9","57070123"
"JH378114","25163190","25163271","chr5","67880800","67880883","6","42717610"
"JH378114","25182463","25182593","chr1","97802296","97802426","13","72619833"
"JH378114","25185407","25185495","chr3","65349691","65349782","12","40164284"
"JH378114","25190138","25190220","chr5","67880800","67880883","7","42690662"
"JH378114","25197470","25197765","chr12","10064948","10065242","21","15132522"
"JH378114","25216087","25216160","chr13","63031813","63031889","10","37815726"
"JH378114","25223435","25223747","chr11","115525233","115525542","30","90301798"
"JH378114","25227171","25227296","chr15","90834689","90834810","13","65607518"
"JH378114","25241665","25241966","chr2","35931939","35932239","34","10690274"
"JH378114","25267857","25267988","chr1","97802296","97802426","14","72534439"
"JH378114","25297218","25297518","chr12","10064948","10065242","27","15232270"
"JH378114","25355502","25355803","chr12","10064948","10065242","29","15290554"
"JH378114","25378699","25378827","chr8","30816712","30816842","11","5438013"
"JH378114","25434247","25434538","chr12","10064948","10065242","32","15369299"
"JH378114","25475009","25475318","chr1","108565860","108566161","33","83090851"
"JH378114","25478550","25478663","chrX","119966559","119966672","11","94488009"
"JH378114","25494908","25495217","chr12","74217361","74217667","29","48722453"
"JH378114","25496368","25496675","chr8","96089866","96090170","34","70593498"
"JH378114","25499556","25499827","chr5","75378114","75378380","42","49878558"
"JH378114","25577219","25577515","chr18","35878777","35879068","33","10301558"
"JH378114","25718821","25719120","chr22","18084841","18085135","40","7633980"
"JH378114","25738107","25738402","chr9","29697224","29697520","40","3959117"
"JH378114","25738508","25738791","chr16","31788140","31788419","36","6049632"
"JH378114","25749522","25749780","chr7","102534363","102534610","42","76784841"
"JH378114","25819527","25819828","chr29","6466530","6466826","37","19352997"
"JH378114","25820151","25820409","chr3","75770245","75770511","54","49950094"
"JH378114","25841723","25842025","chr2","23330549","23330849","38","2511174"
"JH378114","25863115","25863423","chr5","2273487","2273788","31","23589628"
"JH378114","25904274","25904423","chr16","21687282","21687429","17","4216992"
"JH378114","25954614","25954918","chr17","35258575","35258878","44","9303961"
"JH378114","25993439","25993760","chr20","93864095","93864399","46","67870656"
"JH378114","26012245","26012421","chr19","32968149","32968324","24","6955904"
"JH378114","26038622","26038918","chr29","17541354","17541647","36","8497268"
"JH378114","26167246","26167545","chr20","71659942","71660232","39","45492696"
"JH378114","26202669","26202943","chr11","19611133","19611417","43","6591536"
"JH378114","26273716","26273812","chr10","124866541","124866629","17","98592825"
"JH378114","26273814","26273979","chr4","65157978","65158146","20","38884164"
"JH378114","26282114","26282349","chr9","109040412","109040645","44","82758298"
"JH378114","26315157","26315456","chr6","32045639","32045931","38","5730482"
"JH378114","26333925","26334002","chr13","63031813","63031889","7","36697888"
"JH378114","26390562","26390841","chr2","14954130","14954422","43","11436432"
"JH378114","26410026","26410113","chr16","4405728","4405812","9","22004298"
"JH378114","26533476","26533785","chr3","20237905","20238212","55","6295571"
"JH378114","26562801","26563104","chr24","1051567","1051864","39","25511234"
"JH378114","26710910","26711205","chrX","23977849","23978143","34","2733061"
"JH378114","26791440","26791677","chr25","83059316","83059553","26","56267876"
"JH378114","26794147","26794453","chr20","105865081","105865382","46","79070934"
"JH378114","26824158","26824449","chr17","69092086","69092383","44","42267928"
"JH378114","26843008","26843313","chr9","13789985","13790287","32","13053023"
"JH378114","26860999","26861106","chr6","1067449","1067558","10","25793550"
"JH378114","26896387","26896677","chrX","104601258","104601549","40","77704871"
"JH378114","26903014","26903215","chrX","63929276","63929493","36","37026262"
"JH378114","26940427","26940544","chr16","7915853","7915973","14","19024574"
"JH378114","26958912","26959219","chr5","2273487","2273788","37","24685425"
"JH378114","26969899","26970204","chr1","46456050","46456345","47","19486151"
"JH378114","26984996","26985301","chr6","4113565","4113862","43","22871431"
"JH378114","27072194","27072498","chr19","9412547","9412853","37","17659647"
"JH378114","27169892","27170207","chr8","1760359","1760667","39","25409533"
"JH378114","27349150","27349448","chr22","23399144","23399441","51","3950006"
"JH378114","27436953","27437054","chrX","2017984","2018087","10","25418969"
"JH378114","27586520","27586795","chr9","114015180","114015455","34","86428660"
"JH378114","27616783","27617093","chr18","67218974","67219278","48","39602191"
"JH378114","27639495","27639781","chr5","42662951","42663235","29","15023456"
"JH378114","27658261","27658344","chr16","4405728","4405812","6","23252533"
"JH378114","27665539","27665847","chr12","74217361","74217667","30","46551822"
"JH378114","27680805","27680886","chr5","67880800","67880883","7","40199995"
"JH378114","27688776","27689011","chr1","114051139","114051372","41","86362363"
"JH378114","27706806","27707099","chr8","20506687","20506977","40","7200119"
"JH378114","27711884","27712190","chr20","46933799","46934103","42","19221915"
"JH378114","27725026","27725142","chr2","23010920","23011031","17","4714106"
"JH378114","27754825","27755130","chr5","23719109","23719410","41","4035716"
"JH378114","27781372","27781447","chr13","63031813","63031889","5","35250441"
"JH378114","27840821","27841125","chr12","10064948","10065242","41","17775873"
"JH378114","27860026","27860333","chr9","92753415","92753717","45","64893389"
"JH378114","27882533","27882792","chr6","38291436","38291692","41","10408903"
"JH378114","27884593","27884885","chr9","56718610","56718906","41","28834017"
"JH378114","27929872","27930022","chrX","128768607","128768755","18","100838735"
"JH378114","27947594","27947906","chr5","24362564","24362891","56","3585030"
"JH378114","28019700","28020005","chr11","20333718","20334026","33","7685982"
"JH378114","28024115","28024396","chr29","1616258","1616545","44","26407857"
"JH378114","28030368","28030608","chr3","12158483","12158716","36","15871885"
"JH378114","28131998","28132278","chr19","19502742","19503020","31","8629256"
"JH378114","28132279","28132413","chr6","42065807","42065938","16","13933528"
"JH378114","28176630","28176919","chr19","12726378","12726668","41","15450252"
"JH378114","28259321","28259622","chr14","44038439","44038738","48","15779118"
"JH378114","28326225","28326533","chr1","93546352","93546653","42","65220127"
"JH378114","28379679","28379995","chr11","115525233","115525542","41","87145554"
"JH378114","28395909","28396223","chr29","10722547","10722839","48","17673362"
"JH378114","28405920","28406198","chr20","88316924","88317201","40","59911004"
"JH378114","28448884","28449160","chr26","39306794","39307057","42","10857910"
"JH378114","28488262","28488351","chr3","65349691","65349782","13","36861429"
"JH378114","28513048","28513123","chr13","63031813","63031889","5","34518765"
"JH378114","28601619","28601749","chr3","91348390","91348521","9","62746771"
"JH378114","28629936","28630241","chr5","2273487","2273788","29","26356449"
"JH378114","28644731","28645015","chr24","76614329","76614607","45","47969598"
"JH378114","28662445","28662700","chr12","8199200","8199450","34","20463245"
"JH378114","28679304","28679611","chr1","108565860","108566161","45","79886556"
"JH378114","28691889","28691989","chr22","82220107","82220203","12","53528218"
"JH378114","28698701","28699003","chrX","89010280","89010587","58","60311579"
"JH378114","28845106","28845397","chr22","10940743","10941034","38","17904363"
"JH378114","28937998","28938303","chr26","38024857","38025165","32","9086859"
"JH378114","29018210","29018496","chr23","73077881","73078169","31","44059671"
"JH378114","29072348","29072644","chr10","93596989","93597285","38","64524641"
"JH378114","29076940","29077079","chr26","6591504","6591639","14","22485436"
"JH378114","29092311","29092617","chr12","6781553","6781865","122","22310758"
"JH378114","29092685","29092979","chr17","34891895","34892184","42","5799210"
"JH378114","29096963","29097253","chr13","14576776","14577059","40","14520187"
"JH378114","29128047","29128347","chr10","104127514","104127810","47","74999467"
"JH378114","29351737","29352033","chr23","45284082","45284386","43","15932345"
"JH378114","29532248","29532545","chrX","23977849","23978143","32","5554399"
"JH378114","29539014","29539261","chr16","61676884","61677139","38","32137870"
"JH378114","29560444","29560718","chr21","49966203","49966477","33","20405759"
"JH378114","29612471","29612552","chr5","67880800","67880883","10","38268329"
"JH378114","29619018","29619309","chr7","29650533","29650818","41","31515"
"JH378114","29641350","29641646","chr22","18234123","18234429","49","11407227"
"JH378114","29644460","29644757","chr25","57252016","57252312","38","27607556"
"JH378114","29661156","29661238","chr5","67880800","67880883","6","38219644"
"JH378114","29696327","29696416","chr15","64591806","64591895","17","34895479"
"JH378114","29704815","29704881","chr9_KE147980v1_random","190436","190502","11","29514379"
"JH378114","29727180","29727488","chr11","115525233","115525542","34","85798053"
"JH378114","29834096","29834372","chr12","26827271","26827548","38","3006825"
"JH378114","29835445","29835741","chr21","4612570","4612870","40","25222875"
"JH378114","29868316","29868616","chr7","55940173","55940475","39","26071857"
"JH378114","29895536","29895842","chr12","6781553","6781865","85","23113983"
"JH378114","29933027","29933323","chr12","10064948","10065242","25","19868079"
"JH378114","29935594","29935883","chr22","32960055","32960340","46","3024461"
"JH378114","29961349","29961622","chr14","82309362","82309629","52","52348013"
"JH378114","29974521","29974632","chr6","1067449","1067558","10","28907072"
"JH378114","30101492","30101593","chr9","45427965","45428076","21","15326473"
"JH378114","30104496","30104641","chr22","87450041","87450185","15","57345545"
"JH378114","30129127","30129441","chr11","114596263","114596576","41","84467136"
"JH378114","30178980","30179274","chr28","10678285","10678575","38","19500695"
"JH378114","30190588","30190702","chr20","115102100","115102215","11","84911512"
"JH378114","30225929","30226004","chr13","63031813","63031889","7","32805884"
"JH378114","30233717","30234024","chr2","20157173","20157482","45","10076544"
"JH378114","30270075","30270193","chr4","60395666","60395783","12","30125591"
"JH378114","30271570","30271820","chr12","6401463","6401710","29","23870107"
"JH378114","30280786","30280861","chr13","63031813","63031889","8","32751027"
"JH378114","30282767","30283055","chr5","2845195","2845485","44","27437572"
"JH378114","30284296","30284379","chr5","67880800","67880883","9","37596504"
"JH378114","30296149","30296239","chr3","65349691","65349782","10","35053542"
"JH378114","30298119","30298248","chr20","20852752","20852882","11","9445367"
"JH378114","30307553","30307831","chr16","26067530","26067803","45","4240023"
"JH378114","30311018","30311167","chr9","59130238","59130387","14","28819220"
"JH378114","30324029","30324158","chr20","67637645","67637774","11","37313616"
"JH378114","30338762","30338845","chr5","67880800","67880883","6","37542038"
"JH378114","30381500","30381758","chr8","130278670","130278926","33","99897170"
"JH378114","30469465","30469766","chr20","81877677","81877985","63","51408212"
"JH378114","30629408","30629712","chr9","120711299","120711606","46","90081891"
"JH378114","30649433","30649584","chr9","59130238","59130387","17","28480805"
"JH378114","30712387","30712672","chr14","61508265","61508551","36","30795878"
"JH378114","30714988","30715298","chr2","58045145","58045453","32","27330157"
"JH378114","30750489","30750777","chr5","22668022","22668311","31","8082467"
"JH378114","30832177","30832475","chr12","10064948","10065242","26","20767229"
"JH378114","30839554","30839852","chr12","10064948","10065242","24","20774606"
"JH378114","31171356","31171643","chr18","35878777","35879068","36","4707421"
"JH378114","31186898","31187151","chr23","45516798","45517043","39","14329900"
"JH378114","31338864","31339155","chr12","10064948","10065242","32","21273916"
"JH378114","31354756","31355051","chr12","10064948","10065242","29","21289808"
"JH378114","31401583","31401879","chr12","10064948","10065242","30","21336635"
"JH378114","31408257","31408347","chr3","65349691","65349782","11","33941434"
"JH378114","31427928","31428199","chr20","80564542","80564813","35","49136614"
"JH378114","31488847","31489147","chr12","10064948","10065242","27","21423899"
"JH378114","31494154","31494461","chr20","116394483","116394783","41","84900329"
"JH378114","31674921","31675121","chr17","58619356","58619558","21","26944435"
"JH378114","31675736","31675865","chr16","4500752","4500881","12","27174984"
"JH378114","31725467","31725769","chr5","2273487","2273788","32","29451980"
"JH378114","31728313","31728624","chr5","2273487","2273788","31","29454826"
"JH378114","31815019","31815168","chr3","79969936","79970091","27","48154917"
"JH378114","31901654","31901737","chr16","4405728","4405812","8","27495926"
"JH378114","31904567","31904864","chr12","10064948","10065242","23","21839619"
"JH378114","31923924","31924218","chr12","10064948","10065242","26","21858976"
"JH378114","31942740","31942814","chr13","63031813","63031889","7","31089073"
"JH378114","31947246","31947325","chr13","63031813","63031889","8","31084567"
"JH378114","32026900","32027205","chr14","79729598","79729899","32","47702698"
"JH378114","32065912","32066207","chr12","10064948","10065242","29","22000964"
"JH378114","32075411","32075690","chr5","19227235","19227515","36","12848176"
"JH378114","32157287","32157584","chr12","10064948","10065242","27","22092339"
"JH378114","32163113","32163212","chr22","82220107","82220203","8","50056994"
"JH378114","32175883","32175991","chr6","1067449","1067558","10","31108434"
"JH378114","32210687","32210783","chr22","82220107","82220203","5","50009420"
"JH378114","32233853","32233932","chr5","67880800","67880883","8","35646947"
"JH378114","32249804","32249889","chr20","119761262","119761350","17","87511458"
"JH378114","32263616","32263904","chrX","22075293","22075574","41","10188323"
"JH378114","32268206","32268496","chr6","21181855","21182135","60","11086351"
"JH378114","32286526","32286814","chr3","88243214","88243491","37","55956688"
"JH378114","32290233","32290483","chr8","21882287","21882536","30","10407946"
"JH378114","32351272","32351585","chr7","63402233","63402550","49","31050961"
"JH378114","32393841","32394195","chr16","45558939","45559277","72","13165098"
"JH378114","32394655","32394942","chr9","39095858","39096151","42","6701203"
"JH378114","32436049","32436349","chr9","96314869","96315163","37","63878820"
"JH378114","32463977","32464062","chr16","4405728","4405812","5","28058249"
"JH378114","32621297","32621598","chr2","5119768","5120064","33","27501529"
"JH378114","32722868","32723166","chr11","28325337","28325632","29","4397531"
"JH378114","32794917","32795213","chr10","118597337","118597632","35","85802420"
"JH378114","32810702","32810830","chr24","79691236","79691360","25","46880534"
"JH378114","32874578","32874873","chr10","85309131","85309424","37","52434553"
"JH378114","33024977","33025259","chr4","58986195","58986478","37","25961218"
"JH378114","33032275","33032587","chr12","18922571","18922865","46","14109704"
"JH378114","33306205","33306510","chr5","2273487","2273788","33","31032718"
"JH378114","33315473","33315707","chrX","112046945","112047179","34","78731472"
"JH378114","33382344","33382640","chr14","83371933","83372231","29","49989589"
"JH378114","33391433","33391727","chr10","2522233","2522526","39","30869200"
"JH378114","33430933","33431062","chr1","97802296","97802426","14","64371363"
"JH378114","33438046","33438349","chr5","2273487","2273788","35","31164559"
"JH378114","33468345","33468538","chr28","11844218","11844412","37","21624127"
"JH378114","33504594","33504902","chr9","57779688","57779991","37","24275094"
"JH378114","33557475","33557704","chr1","114051139","114051372","49","80493664"
"JH378114","33581709","33582012","chr12","10064948","10065242","37","23516761"
"JH378114","33609575","33609876","chr19","19115190","19115492","40","14494385"
"JH378114","33651677","33651776","chr22","82220107","82220203","10","48568430"
"JH378114","33659914","33660212","chr17","2203045","2203346","42","31456869"
"JH378114","33660337","33660530","chr13","64328799","64328991","37","30668462"
"JH378114","33665521","33665831","chr15","60324899","60325206","42","26659378"
"JH378114","33693233","33693527","chr10","85309131","85309424","34","51615898"
"JH378114","33700342","33700645","chr11","1072049","1072341","31","32628293"
"JH378114","33709197","33709503","chr3","58165812","58166117","43","24456615"
"JH378114","33716953","33717263","chr17","40266696","40267004","38","6549743"
"JH378114","33730779","33731068","chr1","32168654","32168947","30","1562125"
"JH378114","33737961","33738142","chr14","81643384","81643566","28","47905423"
"JH378114","33899565","33899685","chr22","52501284","52501397","27","18601719"
"JH378114","33978044","33978161","chr6","11193830","11193948","13","22784214"
"JH378114","34142730","34143038","chr8","52124179","52124487","36","17981449"
"JH378114","34159016","34159326","chr16","55157456","55157764","39","20998440"
"JH378114","34166899","34167186","chr3","20121207","20121487","40","14045692"
"JH378114","34260378","34260682","chr5","2273487","2273788","30","31986891"
"JH378114","34372167","34372245","chrX","124510500","124510570","17","90138333"
"JH378114","34487788","34488038","chr11","119259842","119260088","43","84772054"
"JH378114","34594907","34595217","chr2","34891557","34891863","33","296650"
"JH378114","34689859","34690155","chr16","33925418","33925712","30","764441"
"JH378114","34706417","34706721","chr4","88331964","88332268","44","53625547"
"JH378114","34735714","34736035","chr13","47744604","47744907","48","13008890"
"JH378114","34754168","34754445","chr7","132429422","132429698","34","97675254"
"JH378114","34812458","34812769","chr16","23423370","23423672","38","11389088"
"JH378114","34880495","34880807","chr1","65504304","65504612","31","30623809"
"JH378114","35055947","35056023","chr13","63031813","63031889","6","27975866"
"JH378114","35075483","35075814","chr10","72956484","72956800","50","37881001"
"JH378114","35136748","35136832","chr24","67407767","67407850","17","32271019"
"JH378114","35175092","35175411","chrX","11441899","11442207","53","23733193"
"JH378114","35259576","35259875","chr2","35931939","35932239","41","672363"
"JH378114","35267167","35267454","chr8","17913918","17914205","39","17353249"
"JH378114","35271031","35271326","chr9","96314869","96315163","35","61043838"
"JH378114","35309698","35309992","chr14","80981878","80982171","38","45672180"
"JH378114","35345613","35345718","chr26","41787612","41787715","17","6441999"
"JH378114","35374406","35374683","chr9","87675035","87675319","37","52300629"
"JH378114","35402570","35402652","chr5","67880800","67880883","5","32478230"
"JH378114","35461943","35462255","chr19","21835261","21835566","58","13626682"
"JH378114","35523192","35523493","chr9","63398508","63398810","39","27875316"
"JH378114","35667952","35668248","chr26","23072554","23072847","40","12595398"
"JH378114","35696515","35696645","chr20","20852752","20852882","8","14843763"
"JH378114","35746222","35746345","chr3","72385674","72385796","13","36639452"
"JH378114","35809134","35809406","chrX","26356044","26356314","42","9453090"
"JH378114","35821412","35821718","chr5","2273487","2273788","36","33547925"
"JH378114","35859933","35860239","chr14","83371933","83372231","38","47512000"
"JH378114","35901531","35901835","chr12","74217361","74217667","36","38315830"
"JH378114","35973207","35973358","chr9","59130238","59130387","13","23157031"
"JH378114","35989649","35989726","chr13","63031813","63031889","7","27042164"
"JH378114","35990697","35990841","chr9","27023661","27023804","24","8967036"
"JH378114","35991250","35991344","chr6","28096907","28097003","14","7894343"
"JH378114","36016945","36017022","chr13","63031813","63031889","7","27014868"
"JH378114","36030351","36030481","chr3","91348390","91348521","10","55318039"
"JH378114","36033842","36034129","chr11","46412480","46412774","42","10378638"
"JH378114","36052400","36052477","chr13","63031813","63031889","8","26979413"
"JH378114","36054684","36054809","chr3","72385674","72385796","12","36330990"
"JH378114","36077986","36078269","chr8","75450257","75450544","43","39372271"
"JH378114","36085421","36085507","chr16","4405728","4405812","10","31679693"
"JH378114","36107267","36107414","chr9","59130238","59130387","16","23022971"
"JH378114","36111883","36111972","chr19","7758593","7758681","8","28353290"
"JH378114","36123331","36123624","chr28","9389017","9389310","29","26734314"
"JH378114","36134417","36134496","chr16","3308866","3308945","7","32825551"
"JH378114","36144231","36144321","chr3","65349691","65349782","10","29205460"
"JH378114","36152551","36152861","chr6","15953108","15953417","30","20199443"
"JH378114","36235863","36236169","chr11","117737181","117737478","36","81501318"
"JH378114","36268847","36268972","chr20","20852752","20852882","22","15416095"
"JH378114","36383484","36383546","chr21","117704619","117704687","14","81321135"
"JH378114","36383650","36383867","chr23","45013845","45014070","32","8630195"
"JH378114","36386440","36386744","chr14","79729598","79729899","32","43343158"
"JH378114","36390614","36390733","chr6","44144914","44145033","12","7754300"
"JH378114","36393522","36393814","chr10","35324287","35324576","28","1069235"
"JH378114","36433609","36433904","chr12","10064948","10065242","26","26368661"
"JH378114","36473342","36473658","chr8","28841721","28842030","50","7631621"
"JH378114","36475997","36476127","chr1","97802296","97802426","11","61326299"
"JH378114","36476130","36476440","chr2","35933723","35934028","38","542407"
"JH378114","36483353","36483607","chr26","41505698","41505951","31","5022345"
"JH378114","36511833","36512141","chr16","30398852","30399159","31","6112981"
"JH378114","36519118","36519396","chr23","71815259","71815540","41","35296141"
"JH378114","36540646","36540941","chr20","124912397","124912692","35","88371751"
"JH378114","36551000","36551097","chr22","82220107","82220203","9","45669107"
"JH378114","36605374","36605662","chrX","95460911","95461200","45","58855537"
"JH378114","36608765","36609064","chr23","35045928","35046223","41","1562837"
"JH378114","36611164","36611239","chr13","63031813","63031889","4","26420649"
"JH378114","36618433","36618509","chr13","63031813","63031889","4","26413380"
"JH378114","36631967","36632069","chr6","1067449","1067558","15","35564518"
"JH378114","36632070","36632146","chr13","63031813","63031889","8","26399743"
"JH378114","36635633","36635935","chr12","10064948","10065242","30","26570685"
"JH378114","36657416","36657712","chr2","54111844","54112143","37","17454428"
"JH378114","36670309","36670396","chr16","4405728","4405812","9","32264581"
"JH378114","36685506","36685796","chr10","48189037","48189325","34","11503531"
"JH378114","36693758","36693847","chr3","65349691","65349782","11","28655933"
"JH378114","36694689","36694819","chr1","97802296","97802426","11","61107607"
"JH378114","36701136","36701220","chr16","4405728","4405812","6","32295408"
"JH378114","36715654","36715949","chr12","74716502","74716795","28","38000848"
"JH378114","36724551","36724901","chr24","32411214","32411567","125","4313337"
"JH378114","36725078","36725356","chr1","68449198","68449484","49","31724120"
"JH378114","36733225","36733337","chr6","1067449","1067558","12","35665776"
"JH378114","36739889","36740186","chr12","10064948","10065242","37","26674941"
"JH378114","36755383","36755467","chr11","103619310","103619394","8","66863927"
"JH378114","36755765","36756000","chr10","88156512","88156744","32","51400747"
"JH378114","36771574","36771874","chr27","25041069","25041364","46","11730505"
"JH378114","36839108","36839408","chr15","18549945","18550246","34","18289163"
"JH378114","36874300","36874599","chr25","53511952","53512257","41","16637652"
"JH378114","36874841","36875144","chr10","87911378","87911678","37","51036537"
"JH378114","36883989","36884115","chrX","111922835","111922961","25","75038846"
"JH378114","36904263","36904559","chr15","48893872","48894165","39","11989609"
"JH378114","36915427","36915532","chr1","39939684","39939788","9","3024257"
"JH378114","36940209","36940443","chr26","14438107","14438343","26","22502102"
"JH378114","36951853","36952150","chr20","87404408","87404710","40","50452555"
"JH378114","36973007","36973084","chr13","63031813","63031889","8","26058806"
"JH378114","36981675","36981966","chr7","115196055","115196349","47","78214380"
"JH378114","36991627","36991910","chr21","112860099","112860381","38","75868472"
"JH378114","37001220","37001481","chr5","17006315","17006587","43","19994905"
"JH378114","37009908","37010209","chrX","89331427","89331730","34","52321519"
"JH378114","37022560","37022838","chr11","119458899","119459180","42","82436339"
"JH378114","37022994","37023223","chr20","92882451","92882681","25","55859457"
"JH378114","37024874","37024972","chr22","82220107","82220203","7","45195233"
"JH378114","37033989","37034269","chr20","9584627","9584911","39","27449362"
"JH378114","37035306","37035595","chrX","17246394","17246689","37","19788912"
"JH378114","37041590","37041871","chr10","123854771","123855058","40","86813181"
"JH378114","37046984","37047082","chr22","82220107","82220203","17","45173123"
"JH378114","37053069","37053181","chr6","1067449","1067558","12","35985620"
"JH378114","37062792","37063090","chr12","10064948","10065242","34","26997844"
"JH378114","37078800","37079098","chr20","5766510","5766817","40","31312290"
"JH378114","37082792","37082883","chr22","82220107","82220203","8","45137315"
"JH378114","37086194","37086409","chr9","104853321","104853537","36","67767127"
"JH378114","37090767","37091048","chr6","35943573","35943854","37","1147194"
"JH378114","37139579","37139871","chr20","97353520","97353811","37","60213941"
"JH378114","37143861","37144160","chr25","28758987","28759284","36","8384874"
"JH378114","37149678","37149973","chr12","10064948","10065242","28","27084730"
"JH378114","37178320","37178551","chr27","22925259","22925491","30","14253061"
"JH378114","37244838","37245139","chr15","86758708","86759003","39","49513870"
"JH378114","37274679","37274963","chr21","84160775","84161060","45","46886096"
"JH378114","37278016","37278232","chr1","44694159","44694378","35","7416143"
"JH378114","37286514","37286818","chr5","2273487","2273788","28","35013027"
"JH378114","37295318","37295605","chr21","11216134","11216421","45","26079184"
"JH378114","37313125","37313430","chrX","41868880","41869186","39","4555755"
"JH378114","37445386","37445669","chr14","70441301","70441579","39","32995915"
"JH378114","37634165","37634450","chr13","65577132","65577425","41","27942967"
"JH378114","37668076","37668387","chr25","6178482","6178787","43","31489594"
"JH378114","37693063","37693347","chr20","112829822","112830113","45","75136759"
"JH378114","37787556","37787849","chr21","14906800","14907094","33","22880756"
"JH378114","37822239","37822361","chr11","104248796","104248920","13","66426557"
"JH378114","37822372","37822562","chr1","8400713","8400900","32","29421659"
"JH378114","37841873","37841952","chr16","3308866","3308945","8","34533007"
"JH378114","37849244","37849369","chr1","8688937","8689061","11","29160307"
"JH378114","37855178","37855460","chr15","32529392","32529671","40","5325786"
"JH378114","37867084","37867163","chr16","3308866","3308945","8","34558218"
"JH378114","38341681","38341976","chr12","5303669","5303965","34","33038012"
"JH378114","38382219","38382528","chr12","74217361","74217667","32","35835142"
"JH378114","38406085","38406341","chr5","56834491","56834744","37","18428406"
"JH378114","38586805","38587093","chr3","55886251","55886541","36","17299446"
"JH378114","38681632","38681925","chr8","134989821","134990115","34","96308189"
"JH378114","38692442","38692740","chr18","71629517","71629808","29","32937075"
"JH378114","38717323","38717604","chr6","18084717","18084998","28","20632606"
"JH378114","38776896","38777190","chr15","48893872","48894165","35","10116976"
"JH378114","38866206","38866512","chr1","97675659","97675967","38","58809453"
"JH378114","38871321","38871610","chr12","10064948","10065242","37","28806373"
"JH378114","38878503","38878798","chr12","10064948","10065242","32","28813555"
"JH378114","38887514","38887596","chr5","67880800","67880883","8","28993286"
"JH378114","38899823","38900121","chr12","10064948","10065242","24","28834875"
"JH378114","38916281","38916597","chr6","10625136","10625443","49","28291145"
"JH378114","38939088","38939390","chr1","49514376","49514681","45","10575288"
"JH378114","38951215","38951530","chr9","86268193","86268501","41","47316978"
"JH378114","38952254","38952524","chr14","70441301","70441579","47","31489047"
"JH378114","38966968","38967223","chr16","65251314","65251569","25","26284346"
"JH378114","38971212","38971287","chr13","63031813","63031889","7","24060601"
"JH378114","39001910","39001989","chr5","67880800","67880883","9","28878890"
"JH378114","39011042","39011337","chr12","10064948","10065242","23","28946094"
"JH378114","39062400","39062696","chr21","23749183","23749478","31","15313217"
"JH378114","39072404","39072533","chr3","91348390","91348521","12","52275986"
"JH378114","39108066","39108165","chr22","82220107","82220203","11","43112041"
"JH378114","39112957","39113231","chr23","36968203","36968460","42","2144754"
"JH378114","39127365","39127671","chr5","33074148","33074451","39","6053217"
"JH378114","39128627","39128945","chr26","38024857","38025165","39","1103770"
"JH378114","39250801","39250902","chr21","109601709","109601808","19","70350908"
"JH378114","39279291","39279612","chr8","26352201","26352513","46","12927090"
"JH378114","39392689","39392818","chr16","4500752","4500881","11","34891937"
"JH378114","39395540","39395832","chr13","65577132","65577425","35","26181592"
"JH378114","39400759","39401033","chr8","71038501","71038775","48","31637742"
"JH378114","39476585","39476892","chr16","23423370","23423672","33","16053215"
"JH378114","39510957","39511107","chr9","59130238","59130387","16","19619281"
"JH378114","39511225","39511532","chr29","8289755","8290055","34","31221470"
"JH378114","39514780","39515079","chrX","23977849","23978143","39","15536931"
"JH378114","39522429","39522732","chrX","125302543","125302844","30","85780114"
"JH378114","39528765","39529053","chr6","38437831","38438120","35","1090934"
"JH378114","39622205","39622502","chr10","118597337","118597632","32","78975132"
"JH378114","39668882","39669117","chrX","112046945","112047179","29","72378063"
"JH378114","39702340","39702620","chr6","39804140","39804419","38","101800"
"JH378114","39742239","39742545","chr2","34891557","34891863","31","4850682"
"JH378114","39766886","39767178","chr12","10064948","10065242","29","29701938"
"JH378114","39796185","39796297","chr6","1067449","1067558","12","38728736"
"JH378114","39883603","39883693","chr3","65349691","65349782","9","25466088"
"JH378114","39898927","39899225","chr7","99816095","99816383","45","59917168"
"JH378114","40070412","40070698","chr15","66607977","66608264","52","26537565"
"JH378114","40228326","40228622","chrX","17246394","17246689","37","22981932"
"JH378114","40376710","40376830","chr20","7771242","7771360","17","32605468"
"JH378114","40623175","40623477","chr5","36774379","36774687","42","3848796"
"JH378114","40646394","40646697","chr26","7863230","7863533","40","32783164"
"JH378114","40701543","40701664","chr16","13694176","13694300","22","27007367"
"JH378114","40707143","40707450","chr29","8289755","8290055","34","32417388"
"JH378114","40714363","40714492","chr16","4500752","4500881","11","36213611"
"JH378114","40722269","40722542","chr12","6781553","6781865","100","33940716"
"JH378114","40738485","40738558","chr13","63031813","63031889","9","22293328"
"JH378114","40739357","40739454","chr22","82220107","82220203","9","41480750"
"JH378114","40743795","40744059","chr4","67341451","67341711","36","26597656"
"JH378114","40746020","40746322","chrX","125302543","125302844","36","84556523"
"JH378114","40749169","40749470","chr10","59655291","59655589","37","18906122"
"JH378114","40762832","40763125","chr12","10064948","10065242","33","30697884"
"JH378114","40780955","40781199","chr16","5798617","5798859","30","34982338"
"JH378114","40812554","40812844","chr8","125046904","125047196","31","84234350"
"JH378114","40824576","40824887","chr25","13718264","13718560","37","27106312"
"JH378114","40825692","40825963","chrX","13548339","13548610","34","27277353"
"JH378114","40833828","40833950","chr15","90834689","90834810","14","50000861"
"JH378114","40895908","40895994","chr16","4405728","4405812","10","36490180"
"JH378114","40901652","40901947","chr15","50409986","50410276","40","9508334"
"JH378114","40923935","40924247","chr8","39967282","39967581","55","956653"
"JH378114","40930892","40931185","chr1","10803268","10803561","22","30127624"
"JH378114","40942660","40942737","chr13","63031813","63031889","9","22089153"
"JH378114","40964228","40964535","chr10","111637485","111637783","37","70673257"
"JH378114","40992942","40993092","chr17","47733511","47733658","16","6740569"
"JH378114","41008330","41008424","chr22","82220107","82220203","8","41211777"
"JH378114","41024696","41024767","chr10","53898197","53898267","14","12873501"
"JH378114","41024868","41025115","chr24","66946035","66946274","34","25921167"
"JH378114","41038479","41038783","chr12","10064948","10065242","37","30973531"
"JH378114","41050866","41051166","chr12","10064948","10065242","32","30985918"
"JH378114","41079489","41079595","chr17","40217264","40217370","11","862225"
"JH378114","41094938","41095246","chr1","93361306","93361613","36","52266368"
"JH378114","41116710","41116997","chr10","62827666","62827956","36","21710956"
"JH378114","41124905","41125202","chr9","51717275","51717580","56","10592370"
"JH378114","41145269","41145565","chr14","68909365","68909660","32","27764096"
"JH378114","41181634","41181933","chr13","65577132","65577425","25","24395498"
"JH378114","41189148","41189248","chr22","82220107","82220203","9","41030959"
"JH378114","41203222","41203510","chr1","103415790","103416081","37","62212568"
"JH378114","41214241","41214533","chr12","10064948","10065242","31","31149293"
"JH378114","41232171","41232457","chr20","41083983","41084274","38","148188"
"JH378114","41234237","41234532","chr24","47719727","47720023","35","6485490"
"JH378114","41247119","41247410","chr29","10722547","10722839","30","30524572"
"JH378114","41261009","41261093","chr5","67880800","67880883","7","26619791"
"JH378114","41272730","41273009","chr7","123166157","123166440","45","81893427"
"JH378114","41284036","41284321","chr10","8909912","8910203","41","32374124"
"JH378114","41313137","41313443","chr8","135582390","135582688","50","94269253"
"JH378114","41346558","41346860","chr5","2273487","2273788","33","39073071"
"JH378114","41407600","41407902","chr6","31806349","31806656","47","9601251"
"JH378114","41426264","41426572","chr20","122961910","122962217","45","81535646"
"JH378114","41433354","41433648","chr9","28127086","28127375","34","13306268"
"JH378114","41479129","41479415","chrX","89448328","89448618","35","47969199"
"JH378114","41483541","41483850","chr5","2273487","2273788","30","39210054"
"JH378114","41498950","41499260","chr1","65504304","65504612","30","24005354"
"JH378114","41505160","41505471","chr9","85823742","85824047","35","44318582"
"JH378114","41517513","41517822","chr13","67235992","67236297","34","25718479"
"JH378114","41530823","41531121","chr8","75450257","75450544","42","33919434"
"JH378114","41564459","41564770","chr14","83371933","83372231","39","41807474"
"JH378114","41592375","41592582","chr22","38963900","38964108","37","2628475"
"JH378114","41602908","41603185","chr10","44316765","44317039","39","2713857"
"JH378114","41632491","41632778","chrX","23977849","23978143","32","17654642"
"JH378114","41660249","41660553","chr2","42952836","42953140","40","1292587"
"JH378114","41665463","41665651","chr20","114660733","114660918","28","72995270"
"JH378114","41681704","41681846","chr3","90669571","90669712","15","48987867"
"JH378114","41744551","41744716","chr14","79057796","79057969","28","37313245"
"JH378114","41757860","41758155","chr12","10064948","10065242","28","31692912"
"JH378114","41761114","41761207","chr22","82220107","82220203","10","40458993"
"JH378114","41768639","41768893","chr11","119259842","119260088","34","77491203"
"JH378114","41778669","41778968","chr16","33182065","33182368","35","8596604"
"JH378114","41787678","41787773","chr22","82220107","82220203","8","40432429"
"JH378114","41799730","41800035","chr6","14093981","14094282","34","27705749"
"JH378114","41812778","41813074","chr12","10064948","10065242","28","31747830"
"JH378114","41818198","41818507","chr6","16598509","16598818","33","25219689"
"JH378114","41822009","41822237","chr6","2372111","2372337","36","39449898"
"JH378114","41853408","41853701","chr12","10064948","10065242","32","31788460"
"JH378114","41864541","41864851","chr21","121143183","121143493","36","79278642"
"JH378114","41901032","41901307","chr26","39137557","39137827","36","2763475"
"JH378114","42002519","42002814","chr1","115205454","115205746","44","73202935"
"JH378114","42004189","42004491","chr21","26939851","26940136","44","15064338"
"JH378114","42029743","42030043","chr23","39674723","39675021","39","2355020"
"JH378114","42083728","42084021","chr25","61615818","61616106","36","19532090"
"JH378114","42089801","42090094","chr2","59461683","59461977","33","17371882"
"JH378114","42090319","42090614","chr13","65577132","65577425","32","23486813"
"JH378114","42095665","42095814","chr9","59130238","59130387","15","17034573"
"JH378114","42145884","42146145","chr9","92500633","92500888","37","50354749"
"JH378114","42148995","42149277","chr19","22892545","22892830","37","19256450"
"JH378114","42162833","42163135","chr12","10064948","10065242","33","32097885"
"JH378114","42169846","42170146","chr9","69843605","69843901","42","27673759"
"JH378114","42187742","42187868","chr23","82201349","82201479","11","40013607"
"JH378114","42230996","42231085","chr3","65349691","65349782","12","23118695"
"JH378114","42234081","42234375","chr12","74716502","74716795","31","32482421"
"JH378114","42261407","42261528","chr15","90834689","90834810","9","48573282"
"JH378114","42266301","42266586","chr20","111374247","111374540","40","69107946"
"JH378114","42290948","42291249","chr6","10625136","10625443","55","31665812"
"JH378114","42302496","42302799","chr16","33182065","33182368","36","9120431"
"JH378114","42312113","42312422","chr4","88331964","88332268","42","46019851"
"JH378114","42329831","42330122","chrX","60987121","60987417","32","18657290"
"JH378114","42422845","42423141","chr12","10064948","10065242","30","32357897"
"JH378114","42429401","42429608","chr10","9117595","9117807","38","33311806"
"JH378114","42430148","42430449","chr12","26753805","26754107","39","15676343"
"JH378114","42445418","42445721","chr5","2273487","2273788","29","40171931"
"JH378114","42458637","42458932","chr13","14614965","14615259","38","27843672"
"JH378114","42466008","42466251","chr10","52997867","52998109","31","10531859"
"JH378114","42477059","42477357","chr9","103899907","103900209","40","61422848"
"JH378114","42518752","42519065","chr12","74217361","74217667","35","31698609"
"JH378114","42541530","42541829","chr26","26157512","26157808","35","16384018"
"JH378114","42549684","42549886","chr11","96721458","96721661","34","54171774"
"JH378114","42562885","42563168","chr24","51032663","51032946","37","8469778"
"JH378114","42574872","42575001","chr16","4500752","4500881","10","38074120"
"JH378114","42584514","42584818","chr10","122219967","122220268","32","79635453"
"JH378114","42712710","42713008","chr2","89357867","89358158","36","46645157"
"JH378114","42725468","42725741","chr24","43104512","43104773","52","379044"
"JH378114","42725758","42726058","chr1","101842821","101843122","42","59117063"
"JH378114","42726235","42726556","chr21","56205015","56205329","45","13478780"
"JH378114","42741203","42741481","chr18","70191042","70191329","48","27449839"
"JH378114","42941428","42941714","chr18","70191042","70191329","36","27249614"
"JH378114","43173117","43173426","chr21","50992069","50992377","32","7818952"
"JH378114","43230524","43230859","chr1","14078045","14078365","43","29152479"
"JH378114","43252749","43253029","chr21","32338307","32338599","37","10914442"
"JH378114","43287696","43287926","chr11","126175108","126175340","34","82887412"
"JH378114","43492110","43492234","chr24","49206715","49206844","14","5714605"
"JH378114","43653088","43653376","chr19","22521438","22521721","60","21131650"
"JH378114","43723695","43723993","chr12","10064948","10065242","29","33658747"
"JH378114","43728738","43729035","chr2","39250613","39250912","37","4478125"
"JH378114","43753601","43753892","chr12","10064948","10065242","30","33688653"
"JH378114","43761476","43761781","chr1","110696522","110696824","37","66935046"
"JH378114","43810730","43810828","chr22","82220107","82220203","9","38409377"
"JH378114","43895892","43896148","chr16","61676884","61677139","30","17780992"
"JH378114","43913950","43914263","chr15","37672879","37673180","37","6241071"
"JH378114","43979917","43980208","chr1","74384612","74384899","36","30404695"
"JH378114","43999922","44000000","chr13","63031813","63031889","8","19031891"
"JH378114","44021613","44021918","chr8","116278461","116278767","37","72256848"
"JH378114","44022227","44022538","chr1","65504304","65504612","27","21482077"
"JH378114","44024697","44024996","chr25","53140858","53141157","39","9116161"
"JH378114","44025944","44026252","chr8","18530878","18531178","41","25495066"
"JH378114","44037852","44038161","chr6","30836295","30836597","33","13201557"
"JH378114","44090184","44090281","chr2","50290644","50290741","18","6200460"
"JH378114","44114783","44115074","chr15","86758708","86759003","45","42643925"
"JH378114","44120894","44121169","chr7","36238086","36238370","39","7882808"
"JH378114","44184404","44184514","chr6","1067449","1067558","10","43116955"
"JH378114","44188869","44188970","chr13","42116553","42116656","11","2072316"
"JH378114","44214242","44214530","chrX","115847772","115848064","29","71633530"
"JH378114","44215637","44215727","chr3","65349691","65349782","9","21134054"
"JH378114","44218009","44218156","chrX","128768607","128768755","26","84550598"
"JH378114","44218567","44218663","chr6","3744184","3744280","15","40474383"
"JH378114","44223439","44223569","chr14","85253092","85253225","13","41029653"
"JH378114","44228568","44228658","chr15","64591806","64591895","19","20363238"
"JH378114","44230973","44231052","chr16","3308866","3308945","8","40922107"
"JH378114","44242258","44242476","chr13","7317370","7317589","26","36924888"
"JH378114","44255562","44255708","chr7","75271378","75271525","16","31015816"
"JH378115","18743026","18743328","chrX","121211321","121211627","42","102468295"
"JH378115","21626618","21626914","chrX","23977849","23978143","33","2351231"
"JH378115","22151075","22151377","chr21","22838763","22839060","34","687688"
"JH378115","35520509","35520797","chr1","68219231","68219530","37","32698722"
"JH378115","43253614","43253919","chr5","42870195","42870502","38","383419"
"JH378115","7313","7452","chr21","72996628","72996759","30","72989315"
"JH378115","8825","8975","chr9","59130238","59130387","16","59121413"
"JH378115","130021","130313","chr15","48893872","48894165","44","48763851"
"JH378115","134028","134322","chr28","11865661","11865960","44","11731633"
"JH378115","328177","328461","chr11","19611133","19611417","30","19282956"
"JH378115","366347","366442","chr19","23494523","23494608","21","23128176"
"JH378115","451877","452187","chr9","15987970","15988276","35","15536093"
"JH378115","565803","566116","chr21","22838763","22839060","35","22272960"
"JH378115","580928","581236","chr23","44247755","44248062","52","43666827"
"JH378115","728445","728527","chr5","67880800","67880883","13","67152355"
"JH378115","859462","859637","chr4","65157978","65158146","25","64298516"
"JH378115","880379","880692","chr28","4550302","4550608","44","3669923"
"JH378115","898870","898975","chr1","39939684","39939788","10","39040814"
"JH378115","927894","927983","chr3","65349691","65349782","12","64421797"
"JH378115","974178","974496","chr8","26352201","26352513","39","25378023"
"JH378115","1026942","1027246","chr23","33516733","33517033","40","32489791"
"JH378115","1080543","1080818","chr16","63471279","63471543","53","62390736"
"JH378115","1102130","1102447","chr12","74217361","74217667","38","73115231"
"JH378115","1150659","1150964","chr11","117737181","117737478","30","116586522"
"JH378115","1217233","1217428","chr5","70340062","70340256","38","69122829"
"JH378115","1252433","1252732","chr14","83371933","83372231","32","82119500"
"JH378115","1265157","1265445","chr20","41083983","41084274","39","39818826"
"JH378115","1346056","1346357","chr12","10064948","10065242","28","8718892"
"JH378115","1416190","1416468","chr4","52117674","52117951","40","50701484"
"JH378115","1539085","1539388","chr5","51866854","51867159","39","50327769"
"JH378115","1570633","1570933","chr12","10064948","10065242","26","8494315"
"JH378115","1579891","1580187","chr12","10064948","10065242","27","8485057"
"JH378115","1658523","1658803","chr24","76614329","76614607","36","74955806"
"JH378115","1676911","1677201","chr9","12848067","12848359","54","11171156"
"JH378115","1703067","1703335","chr22","43966779","43967052","50","42263712"
"JH378115","1707084","1707358","chr4","36443988","36444270","50","34736904"
"JH378115","1822317","1822610","chr24","77151054","77151355","44","75328737"
"JH378115","1866857","1867164","chr12","53129135","53129434","48","51262278"
"JH378115","1908816","1909110","chr12","10064948","10065242","25","8156132"
"JH378115","2032059","2032361","chr12","10064948","10065242","33","8032889"
"JH378115","2114424","2114716","chrX","74570252","74570545","48","72455828"
"JH378115","2197793","2198086","chr12","10064948","10065242","26","7867155"
"JH378115","2279440","2279728","chr9","90943231","90943523","50","88663791"
"JH378115","2333804","2333980","chr15","87883137","87883311","30","85549333"
"JH378115","2341861","2342143","chr15","51873344","51873627","42","49531483"
"JH378115","2408072","2408353","chr1","10803268","10803561","47","8395196"
"JH378115","2523656","2523745","chr19","7758593","7758681","10","5234937"
"JH378115","2524497","2524585","chr19","7758593","7758681","12","5234096"
"JH378115","2563748","2564056","chr5","9902768","9903074","34","7339020"
"JH378115","2564688","2564954","chr6","42144090","42144355","43","39579402"
"JH378115","2576210","2576518","chr16","30398852","30399159","33","27822642"
"JH378115","2606925","2607047","chr15","90834689","90834810","11","88227764"
"JH378115","2613339","2613626","chr7","29650533","29650818","26","27037194"
"JH378115","2725203","2725504","chr5","2273487","2273788","28","451716"
"JH378115","2759073","2759372","chrX","23977849","23978143","32","21218776"
"JH378115","2776486","2776796","chr4","44048202","44048508","52","41271716"
"JH378115","2823442","2823590","chrX","128768607","128768755","15","125945165"
"JH378115","2929667","2929796","chr11","106843296","106843425","10","103913629"
"JH378115","2943493","2943775","chr4","68750844","68751128","36","65807351"
"JH378115","2952035","2952339","chr10","113733335","113733632","42","110781300"
"JH378115","3027585","3027719","chr26","6591504","6591639","13","3563919"
"JH378115","3032536","3032836","chr6","11870631","11870930","36","8838095"
"JH378115","3036506","3036799","chr8","134989821","134990115","41","131953315"
"JH378115","3051580","3051674","chr22","82220107","82220203","7","79168527"
"JH378115","3060363","3060667","chr11","118487553","118487848","38","115427190"
"JH378115","3065596","3065744","chr9","59130238","59130387","15","56064642"
"JH378115","3072405","3072718","chr17","35258575","35258878","39","32186170"
"JH378115","3079891","3080021","chr10","44624785","44624914","17","41544894"
"JH378115","3081073","3081374","chr24","67239754","67240052","33","64158681"
"JH378115","3087465","3087774","chr5","36774379","36774687","41","33686914"
"JH378115","3088272","3088564","chr8","40454824","40455110","39","37366552"
"JH378115","3106271","3106560","chr16","15159609","15159898","36","12053338"
"JH378115","3127465","3127761","chr18","66189352","66189642","33","63061887"
"JH378115","3132683","3132830","chr19","8077296","8077434","35","4944613"
"JH378115","3157787","3158083","chr11","6618820","6619116","37","3461033"
"JH378115","3180142","3180440","chr12","10064948","10065242","34","6884806"
"JH378115","3185023","3185328","chr20","122989801","122990099","44","119804778"
"JH378115","3232877","3233160","chr10","2943196","2943486","38","289681"
"JH378115","3234120","3234417","chr18","71629517","71629808","31","68395397"
"JH378115","3238678","3238988","chr2","20242750","20243052","37","17004072"
"JH378115","3243867","3244164","chr14","83371933","83372231","33","80128066"
"JH378115","3278482","3278786","chr14","73509821","73510122","39","70231339"
"JH378115","3282659","3282959","chr8","11575259","11575553","47","8292600"
"JH378115","3290601","3290678","chr13","63031813","63031889","8","59741212"
"JH378115","3311550","3311840","chr24","51039147","51039434","46","47727597"
"JH378115","3378324","3378625","chr1","68219231","68219530","31","64840907"
"JH378115","3402421","3402504","chr5","67880800","67880883","5","64478379"
"JH378115","3438516","3438812","chr21","85205390","85205690","37","81766874"
"JH378115","3451050","3451332","chr18","58296276","58296560","38","54845226"
"JH378115","3469427","3469736","chr5","64637755","64638059","35","61168328"
"JH378115","3488186","3488482","chrX","22171201","22171487","36","18683015"
"JH378115","3490833","3490923","chr3","65349691","65349782","10","61858858"
"JH378115","3515597","3515896","chr12","9669680","9669976","37","6154083"
"JH378115","3526193","3526334","chr3","90669571","90669712","19","87143378"
"JH378115","3538476","3538784","chr12","6781553","6781865","98","3243077"
"JH378115","3545920","3546077","chr20","80846242","80846400","27","77300322"
"JH378115","3570500","3570817","chr5","2324242","2324550","42","1246258"
"JH378115","3578436","3578755","chr6","16598509","16598818","126","13020073"
"JH378115","3586740","3587035","chr12","10064948","10065242","28","6478208"
"JH378115","3591889","3592187","chr2","43246770","43247066","46","39654881"
"JH378115","3597935","3598226","chr6","38582923","38583209","36","34984988"
"JH378115","3606752","3607060","chr12","60432247","60432540","44","56825495"
"JH378115","3621500","3621791","chr3","11376227","11376515","37","7754727"
"JH378115","3640156","3640243","chr19","7758593","7758681","10","4118437"
"JH378115","3641966","3642261","chr23","45183604","45183897","45","41541638"
"JH378115","3659852","3660026","chr11","124270013","124270182","30","120610161"
"JH378115","3674915","3675220","chr23","41434219","41434517","30","37759304"
"JH378115","3685323","3685628","chr17","28137789","28138092","34","24452466"
"JH378115","3704432","3704737","chr1","66807483","66807786","42","63103051"
"JH378115","3705783","3706077","chr6","2768739","2769024","40","937044"
"JH378115","3710601","3710897","chr18","71480316","71480609","42","67769715"
"JH378115","3713411","3713701","chr8","52344592","52344885","36","48631181"
"JH378115","3718944","3719244","chr26","6059541","6059849","47","2340597"
"JH378115","3723105","3723412","chr17","35258575","35258878","37","31535470"
"JH378115","3728386","3728683","chr24","79569054","79569345","42","75840668"
"JH378115","3734390","3734485","chr22","82220107","82220203","7","78485717"
"JH378115","3735770","3735899","chr20","20852752","20852882","15","17116982"
"JH378115","3740280","3740565","chr11","107153610","107153896","40","103413330"
"JH378115","3757271","3757491","chr13","7317370","7317589","27","3560099"
"JH378115","3783473","3783772","chrX","468680","468977","37","3314793"
"JH378115","3791899","3791981","chr10","59183654","59183722","27","55391755"
"JH378115","3802862","3803104","chr15","88815486","88815733","33","85012624"
"JH378115","3831916","3831976","chr28","6781936","6782000","10","2950020"
"JH378115","3831990","3832025","chrX","37078582","37078608","17","33246592"
"JH378115","3835205","3835485","chr5","1720771","1721058","41","2114434"
"JH378115","3860829","3861121","chr11","42115371","42115662","35","38254542"
"JH378115","3865600","3865832","chr26","37786588","37786819","31","33920988"
"JH378115","3870788","3871088","chr11","96783900","96784200","46","92913112"
"JH378115","3909060","3909359","chr12","10064948","10065242","29","6155888"
"JH378115","3911219","3911525","chr20","40866506","40866800","45","36955287"
"JH378115","3925600","3925706","chr6","1067449","1067558","11","2858151"
"JH378115","3927650","3927956","chr27","22888845","22889148","44","18961195"
"JH378115","3933618","3933918","chr28","13557476","13557782","40","9623858"
"JH378115","3934560","3934666","chr1","62097932","62098038","11","58163372"
"JH378115","3936305","3936404","chr22","82220107","82220203","10","78283802"
"JH378115","3950310","3950612","chr26","42771314","42771606","39","38821004"
"JH378115","3963240","3963355","chr3","34309315","34309432","18","30346075"
"JH378115","3971847","3972143","chr11","120207458","120207761","32","116235611"
"JH378115","3977325","3977601","chr4","39421787","39422060","42","35444462"
"JH378115","3986615","3986923","chr5","2273487","2273788","37","1713128"
"JH378115","3987795","3988094","chrX","17246394","17246689","31","13258599"
"JH378115","4007524","4007814","chr1","99566396","99566690","40","95558872"
"JH378115","4011664","4011970","chrX","125302543","125302844","35","121290879"
"JH378115","4019975","4020077","chr1","39939684","39939788","11","35919709"
"JH378115","4028112","4028216","chr17","40217264","40217370","9","36189152"
"JH378115","4050999","4051109","chr6","1067449","1067558","11","2983550"
"JH378115","4079170","4079477","chr20","89561089","89561394","29","85481919"
"JH378115","4083556","4083857","chr19","23732962","23733259","37","19649406"
"JH378115","4086844","4087106","chr16","68347000","68347257","44","64260156"
"JH378115","4100619","4100916","chr18","71629517","71629808","45","67528898"
"JH378115","4127552","4127839","chr11","19611133","19611417","37","15483581"
"JH378115","4148791","4149081","chr29","8289755","8290055","44","4140964"
"JH378115","4154522","4154618","chr22","82220107","82220203","7","78065585"
"JH378115","4182102","4182383","chr1","11431599","11431883","34","7249497"
"JH378115","4212928","4213226","chr8","134989821","134990115","34","130776893"
"JH378115","4220295","4220409","chr20","115102100","115102215","15","110881805"
"JH378115","4222135","4222445","chrX","28194989","28195297","38","23972854"
"JH378115","4227178","4227266","chr19","7758593","7758681","9","3531415"
"JH378115","4243469","4243598","chr3","91348390","91348521","11","87104921"
"JH378115","4245218","4245499","chr12","46448450","46448730","43","42203232"
"JH378115","4273112","4273422","chr17","34547332","34547638","54","30274220"
"JH378115","4284903","4285009","chr6","1067449","1067558","13","3217454"
"JH378115","4285544","4285791","chr15","88815486","88815733","40","84529942"
"JH378115","4297832","4298136","chrUn_KE147575v1","33049","33353","41","4264783"
"JH378115","4304020","4304320","chr12","10064948","10065242","36","5760928"
"JH378115","4327851","4328160","chr13","67235992","67236297","49","62908141"
"JH378115","4335283","4335481","chr12","18815667","18815860","29","14480384"
"JH378115","4336557","4336654","chr22","82220107","82220203","8","77883550"
"JH378115","4359805","4359927","chr14","74460545","74460661","19","70100740"
"JH378115","4379847","4380087","chr24","69879573","69879802","39","65499726"
"JH378115","4385185","4385305","chr3","72385674","72385796","17","68000489"
"JH378115","4399361","4399457","chr22","82220107","82220203","9","77820746"
"JH378115","4408439","4408734","chr12","10064948","10065242","28","5656509"
"JH378115","4423544","4423825","chr20","38394705","38394980","33","33971161"
"JH378115","4426668","4426980","chr11","64977264","64977571","41","60550596"
"JH378115","4432228","4432326","chr22","82220107","82220203","7","77787879"
"JH378115","4448880","4449149","chr6","36525768","36526056","58","32076888"
"JH378115","4449353","4449474","chr15","90834689","90834810","12","86385336"
"JH378115","4473475","4473714","chr10","88156512","88156744","28","83683037"
"JH378115","4483182","4483290","chr1","62097932","62098038","16","57614750"
"JH378115","4500884","4501033","chr9","59130238","59130387","15","54629354"
"JH378115","4529366","4529515","chr16","70302991","70303139","14","65773625"
"JH378115","4548791","4549078","chr12","53704460","53704753","36","49155669"
"JH378115","4558637","4558924","chrX","104770340","104770622","41","100211703"
"JH378115","4618602","4618913","chr2","58045145","58045453","37","53426543"
"JH378115","4627891","4628184","chr12","10064948","10065242","29","5437057"
"JH378115","4641188","4641490","chr15","14243308","14243606","42","9602120"
"JH378115","4658120","4658426","chr12","10064948","10065242","36","5406828"
"JH378115","4681221","4681507","chr20","112741030","112741319","38","108059809"
"JH378115","4708709","4708987","chr18","71480316","71480609","46","66771607"
"JH378115","4726212","4726511","chr6","10553413","10553705","37","5827201"
"JH378115","4826503","4826650","chr17","47733511","47733658","16","42907008"
"JH378115","4855508","4855627","chr14","74460545","74460661","17","69605037"
"JH378115","4871763","4871904","chr3","90669571","90669712","15","85797808"
"JH378115","4899042","4899325","chr2","34541558","34541838","38","29642516"
"JH378115","4903960","4904048","chr16","4405728","4405812","11","498232"
"JH378115","4907432","4907521","chr19","7758593","7758681","9","2851161"
"JH378115","4914722","4915031","chr20","89561089","89561394","35","84646367"
"JH378115","4930419","4930719","chr12","28068319","28068608","44","23137900"
"JH378115","4943444","4943729","chr28_KE148105v1_random","309394","309684","49","4634050"
"JH378115","4946079","4946372","chr16","53213011","53213300","45","48266932"
"JH378115","4973776","4974077","chr24","27282254","27282545","47","22308478"
"JH378115","4988891","4989164","chr5","20366749","20367033","44","15377858"
"JH378115","5010600","5010848","chr17","29960106","29960356","37","24949506"
"JH378115","5039943","5040058","chr20","115102100","115102215","12","110062157"
"JH378115","5076709","5077009","chr14","44038439","44038738","32","38961730"
"JH378115","5197234","5197574","chr6","46662429","46662765","46","41465195"
"JH378115","5301302","5301593","chr2","35274012","35274304","47","29972710"
"JH378115","5411325","5411636","chr26","38024857","38025165","32","32613532"
"JH378115","5469657","5469942","chr12","76875410","76875697","35","71405753"
"JH378115","5499722","5500000","chr22","9600661","9600931","38","4100939"
"JH378115","5607112","5607412","chr11","39921063","39921364","38","34313951"
"JH378115","5608655","5608965","chr5","2273487","2273788","31","3335168"
"JH378115","5697817","5698107","chr1","10803268","10803561","43","5105451"
"JH378115","5758213","5758512","chr16","8024486","8024785","38","2266273"
"JH378115","5765327","5765619","chr21","112047561","112047854","34","106282234"
"JH378115","5780695","5780996","chr19","13269054","13269354","30","7488359"
"JH378115","5950816","5951128","chr7","131303574","131303874","39","125352758"
"JH378115","6072267","6072568","chr12","10064948","10065242","43","3992681"
"JH378115","6095860","6096146","chr5","2286828","2287115","45","3809032"
"JH378115","6096265","6096581","chrX","28194989","28195297","40","22098724"
"JH378115","6118574","6118854","chr1","112935717","112935996","41","106817143"
"JH378115","6256207","6256507","chr10","21690582","21690883","55","15434375"
"JH378115","6332023","6332330","chr12","74217361","74217667","30","67885338"
"JH378115","6339751","6340038","chr4","56550519","56550802","47","50210768"
"JH378115","6395312","6395564","chr2","38469015","38469263","39","32073703"
"JH378115","6418939","6419065","chr1","8688937","8689061","12","2269998"
"JH378115","6475787","6476091","chr25","46574356","46574651","42","40098569"
"JH378115","6543115","6543413","chr10","118597337","118597632","41","112054222"
"JH378115","6627718","6628009","chr1","10803268","10803561","36","4175550"
"JH378115","6645560","6645852","chr20","41083983","41084274","34","34438423"
"JH378115","6675035","6675326","chr22","40701009","40701309","37","34025974"
"JH378115","6684814","6685104","chr20","121618255","121618545","41","114933441"
"JH378115","6689879","6690179","chr11","51624065","51624366","38","44934186"
"JH378115","6706291","6706584","chr22","50629443","50629736","34","43923152"
"JH378115","6717402","6717712","chr26","38024857","38025165","28","31307455"
"JH378115","6768159","6768441","chr16","18710057","18710354","46","11941898"
"JH378115","6909048","6909333","chr15","54120993","54121279","39","47211945"
"JH378115","6976259","6976528","chr9","92500633","92500888","47","85524374"
"JH378115","7009985","7010303","chr8","81998382","81998693","38","74988397"
"JH378115","7119453","7119635","chr27","10292078","10292249","33","3172625"
"JH378115","7177283","7177598","chr20","89561089","89561394","34","82383806"
"JH378115","7187710","7187968","chr21","19734529","19734792","40","12546819"
"JH378115","7206468","7206744","chr7","125378906","125379181","42","118172438"
"JH378115","7238116","7238417","chr20","92481976","92482271","28","85243860"
"JH378115","7280939","7281235","chrX","23977849","23978143","41","16696910"
"JH378115","7396640","7396722","chr25","80275829","80275903","13","72879189"
"JH378115","7398840","7399130","chr16","58367651","58367941","40","50968811"
"JH378115","7414660","7414956","chr12","10064948","10065242","36","2650288"
"JH378115","7414966","7415123","chr8","30179311","30179472","26","22764345"
"JH378115","7418681","7418954","chr1","70851893","70852164","44","63433212"
"JH378115","7427823","7428003","chr4","82829588","82829761","34","75401765"
"JH378115","7456711","7457000","chr20","121618255","121618545","34","114161544"
"JH378115","7471286","7471375","chr3","65349691","65349782","12","57878405"
"JH378115","7471953","7472160","chr11","90389552","90389750","33","82917599"
"JH378115","7492543","7492845","chr5","2273487","2273788","21","5219056"
"JH378115","7535593","7535732","chr11","103623975","103624123","29","96088382"
"JH378115","7569422","7569551","chr16","4500752","4500881","11","3068670"
"JH378115","7572433","7572679","chr11","119259842","119260088","30","111687409"
"JH378115","7592288","7592550","chr16","45472093","45472356","39","37879805"
"JH378115","7605189","7605484","chr14","73401178","73401474","37","65795989"
"JH378115","7608929","7609049","chr6","44144914","44145033","11","36535985"
"JH378115","7621496","7621624","chr16","31737705","31737835","15","24116209"
"JH378115","7627974","7628064","chr3","65349691","65349782","12","57721717"
"JH378115","7631446","7631751","chr27","32702186","32702484","45","25070740"
"JH378115","7632538","7632806","chr14","82309362","82309629","36","74676824"
"JH378115","7640086","7640389","chr12","10064948","10065242","30","2424862"
"JH378115","7645385","7645672","chr25","60133396","60133696","45","52488011"
"JH378115","7646301","7646597","chr9","66377782","66378079","37","58731481"
"JH378115","7647889","7648185","chr24","11849627","11849924","41","4201738"
"JH378115","7673378","7673464","chr16","4405728","4405812","7","3267650"
"JH378115","7686305","7686595","chr11","16140631","16140920","34","8454326"
"JH378115","7687300","7687586","chr16","30637924","30638212","34","22950624"
"JH378115","7698146","7698434","chr28","13973057","13973343","37","6274911"
"JH378115","7703986","7704291","chrX","28559441","28559742","37","20855455"
"JH378115","7732153","7732242","chr19","23494523","23494608","15","15762370"
"JH378115","7736185","7736482","chr12","10064948","10065242","31","2328763"
"JH378115","7743946","7744092","chr3","90669571","90669712","14","82925625"
"JH378115","7745652","7745959","chr15","3702894","3703194","43","4042758"
"JH378115","7745960","7746043","chr5","67880800","67880883","9","60134840"
"JH378115","7746855","7747125","chr24","44732847","44733117","44","36985992"
"JH378115","7765554","7765854","chr20","96210594","96210893","35","88445040"
"JH378115","7781117","7781418","chr1","105754889","105755174","46","97973772"
"JH378115","7786084","7786234","chr21","18419470","18419618","16","10633386"
"JH378115","7831217","7831477","chr4","22964909","22965182","51","15133692"
"JH378115","7832932","7833229","chr11","74038820","74039113","43","66205888"
"JH378115","7863759","7864055","chr18","72052984","72053276","36","64189225"
"JH378115","7877539","7877832","chr4","55663510","55663805","37","47785971"
"JH378115","7881473","7881769","chr11","115525233","115525542","36","107643760"
"JH378115","7891763","7892062","chr12","10064948","10065242","27","2173185"
"JH378115","7911545","7911861","chr2","34891557","34891863","43","26980012"
"JH378115","7966853","7967162","chr26","38024857","38025165","36","30058004"
"JH378115","7967452","7967750","chr11","120207458","120207761","36","112240006"
"JH378115","7974980","7975292","chr17","38715640","38715943","41","30740660"
"JH378115","8016196","8016511","chr16","30398852","30399159","36","22382656"
"JH378115","8125750","8126050","chr1","103415790","103416081","38","95290040"
"JH378115","8150851","8151073","chr11","7931648","7931881","36","219203"
"JH378115","8185331","8185631","chr5","2273487","2273788","32","5911844"
"JH378115","8186500","8186794","chr20","111374247","111374540","41","103187747"
"JH378115","8219374","8219690","chr1","65504304","65504612","35","57284930"
"JH378115","8243247","8243553","chr1","18554019","18554319","39","10310772"
"JH378115","8273344","8273612","chrX","50208947","50209208","37","41935603"
"JH378115","8315836","8316158","chr2","34891557","34891863","47","26575721"
"JH378115","8412813","8412888","chr13","63031813","63031889","6","54619000"
"JH378115","8437099","8437192","chr22","82220107","82220203","10","73783008"
"JH378115","8532678","8532985","chr28","13557476","13557782","44","5024798"
"JH378115","8790275","8790553","chr9","114015180","114015455","33","105224905"
"JH378115","8841900","8842044","chr3","90669571","90669712","15","81827671"
"JH378115","8890792","8890881","chr3","65349691","65349782","11","56458899"
"JH378115","8910406","8910486","chr5","67880800","67880883","7","58970394"
"JH378115","8926237","8926536","chr4","90774485","90774773","36","81848248"
"JH378115","8965223","8965530","chr1","62932411","62932717","43","53967188"
"JH378115","8985323","8985622","chr12","6781553","6781865","113","2203770"
"JH378115","9223092","9223403","chr3","20237905","20238212","33","11014813"
"JH378115","9283422","9283658","chr26","11007255","11007490","28","1723833"
"JH378115","9342310","9342609","chr1","103415790","103416081","47","94073480"
"JH378115","9347788","9348081","chr4","62222786","62223086","40","52874998"
"JH378115","9351786","9352087","chr19","11539137","11539442","42","2187351"
"JH378115","9355853","9355906","chr10","86486158","86486212","8","77130305"
"JH378115","9359475","9359722","chr11","44436513","44436764","36","35077038"
"JH378115","9423187","9423321","chr8","38695074","38695205","22","29271887"
"JH378115","9488330","9488613","chr6","21181855","21182135","52","11693525"
"JH378115","9583841","9584142","chr22","70744630","70744933","46","61160789"
"JH378115","9598367","9598662","chr6","37075091","37075389","41","27476724"
"JH378115","9621389","9621683","chr1","18554019","18554319","46","8932630"
"JH378115","9679713","9680012","chr18","71480316","71480609","42","61800603"
"JH378115","9692548","9692714","chr11","22522152","22522321","31","12829604"
"JH378115","9726362","9726657","chr16","14680425","14680719","38","4954063"
"JH378115","9885734","9886033","chr12","10064948","10065242","28","179214"
"JH378115","9891223","9891527","chr12","97242023","97242330","54","87350800"
"JH378115","9948766","9949063","chr6","42147529","42147824","48","32198763"
"JH378115","9952561","9952853","chr9","71188923","71189219","39","61236362"
"JH378115","9960978","9961263","chr12","6781553","6781865","125","3179425"
"JH378115","9971291","9971595","chr3","63768734","63769038","43","53797443"
"JH378115","9995816","9996128","chr2","16391419","16391724","47","6395603"
"JH378115","10066823","10066952","chr27","32448797","32448927","8","22381974"
"JH378115","10068949","10069252","chr5","2273487","2273788","36","7795462"
"JH378115","10121192","10121517","chr6","36184281","36184603","54","26063089"
"JH378115","10140564","10140874","chr21","70887610","70887890","54","60747046"
"JH378115","10218601","10218704","chrX","2017984","2018087","9","8200617"
"JH378115","10262453","10262764","chr2","34891557","34891863","33","24629104"
"JH378115","10346818","10347109","chr12","74716502","74716795","44","64369684"
"JH378115","10412097","10412401","chrX","125302543","125302844","32","114890446"
"JH378115","10423322","10423615","chr29","1616258","1616545","40","8807064"
"JH378115","10445385","10445665","chr4","33554014","33554294","41","23108629"
"JH378115","10502760","10503084","chr2","18936818","18937115","123","8434058"
"JH378115","10529570","10529870","chr14","73743004","73743304","40","63213434"
"JH378115","10548332","10548618","chr11","107153610","107153896","30","96605278"
"JH378115","10634970","10635266","chr19","10459494","10459800","45","175476"
"JH378115","10635542","10635680","chr11","51685544","51685686","20","41050002"
"JH378115","10670008","10670314","chr5","2273487","2273788","36","8396521"
"JH378115","10673971","10674129","chr4","88563874","88564027","21","77889903"
"JH378115","10734352","10734649","chr8","1641343","1641640","34","9093009"
"JH378115","10752119","10752453","chr18","1092146","1092472","46","9659973"
"JH378115","10806117","10806417","chr21","102778262","102778563","45","91972145"
"JH378115","10838254","10838547","chr14","37138980","37139278","38","26300726"
"JH378115","10859911","10860188","chr22","91959188","91959456","33","81099277"
"JH378115","10864142","10864285","chr3","90669571","90669712","12","79805429"
"JH378115","10882506","10882811","chr4","18219034","18219343","48","7336528"
"JH378115","10951811","10951910","chr25","8713478","8713590","32","2238333"
"JH378115","10989416","10989722","chr5","2273487","2273788","50","8715929"
"JH378115","11004489","11004569","chr14","82607999","82608075","11","71603510"
"JH378115","11080922","11081234","chr1","63705945","63706249","42","52625023"
"JH378115","11081442","11081760","chr29","20782496","20782804","43","9701054"
"JH378115","11125166","11125457","chr12","10064948","10065242","37","1060218"
"JH378115","11145095","11145399","chr28","13557476","13557782","31","2412381"
"JH378115","11237904","11238033","chr1","97802296","97802426","11","86564392"
"JH378115","11258314","11258634","chr9","85823742","85824047","54","74565428"
"JH378115","11261848","11261974","chrX","7665538","7665663","13","3596310"
"JH378115","11416812","11417125","chr21","71507203","71507511","50","60090391"
"JH378115","11466082","11466175","chr22","82220107","82220203","8","70754025"
"JH378115","11605107","11605412","chr21","121143183","121143493","40","109538076"
"JH378115","11621780","11622075","chr12","10064948","10065242","30","1556832"
"JH378115","11809627","11809910","chr13","68048794","68049075","36","56239167"
"JH378115","11872000","11872260","chr15","3359653","3359923","42","8512347"
"JH378115","11874840","11874957","chr14","95841736","95841859","22","83966896"
"JH378115","12007108","12007396","chr13","39494089","39494373","37","27486981"
"JH378115","12075255","12075533","chr19","19502742","19503020","34","7427487"
"JH378115","12122487","12122785","chr12","10064948","10065242","26","2057539"
"JH378115","12144901","12145195","chr23","80461304","80461597","43","68316403"
"JH378115","12247348","12247454","chr1","39939684","39939788","10","27692336"
"JH378115","12258759","12258850","chr16","16463904","16464000","18","4205145"
"JH378115","12362574","12362874","chr5","18957272","18957569","36","6594698"
"JH378115","12382228","12382301","chr13","63031813","63031889","8","50649585"
"JH378115","12403439","12403546","chr12","53065987","53066095","12","40662548"
"JH378115","12426477","12426794","chr9","63581525","63581830","42","51155048"
"JH378115","12431720","12432029","chr18","56208944","56209251","32","43777224"
"JH378115","12527245","12527531","chrX","29936084","29936366","41","17408839"
"JH378115","12715687","12715995","chr13","73235959","73236265","49","60520272"
"JH378115","12727997","12728289","chr21","74368618","74368909","49","61640621"
"JH378115","12730557","12730666","chr25","8713478","8713590","26","4017079"
"JH378115","12829739","12830047","chr2","34891557","34891863","31","22061818"
"JH378115","12910278","12910518","chr18","16752670","16752900","35","3842392"
"JH378115","13134191","13134476","chr6","32045639","32045931","45","18911448"
"JH378115","13288083","13288233","chr21","18419470","18419618","16","5131387"
"JH378115","13321402","13321595","chr16","68347258","68347451","19","55025856"
"JH378115","13329786","13330094","chr14","80026918","80027224","38","66697132"
"JH378115","13472032","13472317","chr2","15021687","15021968","33","1549655"
"JH378115","13473055","13473354","chr12","10064948","10065242","28","3408107"
"JH378115","13476328","13476633","chr4","71100937","71101237","34","57624609"
"JH378115","13520933","13521257","chr23","35686922","35687230","58","22165989"
"JH378115","13564907","13565181","chr22","91959188","91959456","40","78394281"
"JH378115","13645276","13645572","chrX","95460911","95461200","33","81815635"
"JH378115","13647684","13647994","chr11","125510140","125510453","42","111862456"
"JH378115","13820695","13820819","chr14","74477589","74477703","30","60656894"
"JH378115","13965913","13966035","chr15","90834689","90834810","17","76868776"
"JH378115","13997773","13998072","chr24","45239751","45240045","43","31241978"
"JH378115","14022772","14023076","chr2","34891557","34891863","37","20868785"
"JH378115","14147642","14147936","chr13","83084677","83084970","48","68937035"
"JH378115","14157754","14157877","chr3","72385674","72385796","13","58227920"
"JH378115","14169909","14170221","chr1","65504304","65504612","37","51334395"
"JH378115","14170897","14171103","chr14","66404707","66404912","36","52233810"
"JH378115","14173027","14173310","chr22","34185914","34186195","44","20012887"
"JH378115","14191352","14191658","chr12","10064948","10065242","33","4126404"
"JH378115","14194986","14195267","chr25","14438271","14438549","40","243285"
"JH378115","14196617","14196916","chr12","10064948","10065242","32","4131669"
"JH378115","14207169","14207445","chr2","85150306","85150585","51","70943137"
"JH378115","14242748","14242986","chr26","14438107","14438343","30","195359"
"JH378115","14246170","14246446","chr3","68134007","68134289","48","53887837"
"JH378115","14265549","14265819","chr24","67854256","67854521","40","53588707"
"JH378115","14270354","14270666","chr26","38024857","38025165","49","23754503"
"JH378115","14272058","14272351","chr10","111637485","111637783","32","97365427"
"JH378115","14311137","14311441","chrX","115854764","115855072","38","101543627"
"JH378115","14349505","14349586","chr5","67880800","67880883","10","53531295"
"JH378115","14350717","14350793","chr13","63031813","63031889","7","48681096"
"JH378115","14352572","14352875","chr12","10064948","10065242","32","4287624"
"JH378115","14384042","14384137","chr22","82220107","82220203","9","67836065"
"JH378115","14408868","14409161","chr12","10064948","10065242","37","4343920"
"JH378115","14433395","14433680","chr4","71259031","71259315","46","56825636"
"JH378115","14568206","14568505","chr7","30678842","30679135","43","16110636"
"JH378115","14593921","14594206","chr12","107544377","107544660","33","92950456"
"JH378115","14612836","14613084","chr1","55903397","55903645","40","41290561"
"JH378115","14659312","14659414","chrX","2017984","2018087","9","12641328"
"JH378115","14662608","14662903","chr10","55224096","55224386","45","40561488"
"JH378115","14691026","14691120","chr22","82220107","82220203","11","67529081"
"JH378115","14694749","14694838","chr3","65349691","65349782","11","50654942"
"JH378115","14734269","14734563","chr13","65577132","65577425","30","50842863"
"JH378115","14739760","14739863","chrX","2017984","2018087","12","12721776"
"JH378115","14772296","14772383","chr5","67880800","67880883","9","53108504"
"JH378115","14773106","14773333","chr21","71246060","71246287","29","56472954"
"JH378115","14786495","14786584","chr3","65349691","65349782","12","50563196"
"JH378115","14791447","14791751","chr4","36044960","36045267","40","21253513"
"JH378115","14793423","14793722","chr18","68547001","68547299","57","53753578"
"JH378115","14809799","14810084","chr9","26807010","26807295","29","11997211"
"JH378115","14812176","14812478","chr12","10064948","10065242","36","4747228"
"JH378115","14873289","14873590","chr5","2273487","2273788","27","12599802"
"JH378115","14927260","14927541","chr1","62934687","62934969","37","48007427"
"JH378115","14935375","14935654","chr7","86776983","86777262","47","71841608"
"JH378115","14981523","14981821","chr17","40300693","40300992","42","25319170"
"JH378115","14985324","14985431","chr1","62097932","62098038","10","47112608"
"JH378115","15009805","15009955","chr9","59130238","59130387","16","44120433"
"JH378115","15019011","15019239","chr7","14065060","14065291","34","953951"
"JH378115","15021944","15022038","chr22","82220107","82220203","9","67198163"
"JH378115","15029465","15029713","chr12","6401463","6401710","34","8628002"
"JH378115","15044829","15045137","chr16","30398852","30399159","37","15354023"
"JH378115","15046192","15046486","chr13","65577132","65577425","30","50530940"
"JH378115","15051573","15051880","chr19","10628119","10628425","45","4423454"
"JH378115","15071929","15072214","chr17","28033689","28033980","35","12961760"
"JH378115","15076831","15077103","chr21","24681927","24682198","54","9605096"
"JH378115","15088259","15088557","chr9","56718610","56718906","41","41630351"
"JH378115","15105086","15105395","chr1","65504304","65504612","34","50399218"
"JH378115","15176916","15177213","chr1","66807483","66807786","39","51630567"
"JH378115","15187070","15187370","chr29","10722547","10722839","49","4464523"
"JH378115","15191230","15191517","chr1","108791229","108791525","57","93599999"
"JH378115","15212038","15212334","chr8","1916519","1916819","37","13295519"
"JH378115","15227702","15227796","chr22","82220107","82220203","10","66992405"
"JH378115","15239360","15239646","chr11","105213946","105214237","36","89974586"
"JH378115","15256448","15256577","chr3","91348390","91348521","11","76091942"
"JH378115","15258406","15258708","chr13","47744604","47744907","35","32486198"
"JH378115","15259295","15259396","chr22","82220107","82220203","11","66960812"
"JH378115","15275349","15275452","chr1","39939684","39939788","14","24664335"
"JH378115","15287805","15288049","chr3","27147134","27147379","35","11859329"
"JH378115","15311098","15311224","chr5","70318254","70318384","24","55007156"
"JH378115","15312223","15312333","chr6","1067449","1067558","11","14244774"
"JH378115","15330775","15330929","chr26","8352283","8352439","28","6978492"
"JH378115","15339812","15340108","chrX","468680","468977","30","14871132"
"JH378115","15341149","15341369","chr26","15425772","15425994","29","84623"
"JH378115","15345188","15345453","chr18","63235586","63235856","40","47890398"
"JH378115","15370233","15370322","chr3","65349691","65349782","12","49979458"
"JH378115","15376262","15376476","chr22","6719548","6719763","26","8656714"
"JH378115","15407706","15407994","chr9","55812466","55812757","35","40404760"
"JH378115","15413770","15414044","chrX","55056274","55056537","49","39642504"
"JH378115","15420183","15420277","chr22","82220107","82220203","10","66799924"
"JH378115","15449334","15449555","chr4","74512178","74512403","35","59062844"
"JH378115","15449865","15449947","chr16","4405728","4405812","11","11044137"
"JH378115","15462490","15462788","chr6","38437831","38438120","39","22975341"
"JH378115","15463259","15463378","chr15","90834689","90834810","18","75371430"
"JH378115","15481225","15481334","chr6","1067449","1067558","11","14413776"
"JH378115","15482058","15482187","chrX","116160867","116160993","25","100678809"
"JH378115","15484106","15484208","chr1","39939684","39939788","12","24455578"
"JH378115","15505481","15505775","chr8","40235864","40236161","69","24730383"
"JH378115","15509337","15509501","chr1","27999713","27999874","20","12490376"
"JH378115","15514549","15514830","chr16","18511407","18511683","44","2996858"
"JH378115","15528098","15528185","chr16","4405728","4405812","12","11122370"
"JH378115","15530709","15530839","chr8","30816712","30816842","18","15286003"
"JH378115","15530840","15531135","chr12","10064948","10065242","35","5465892"
"JH378115","15533682","15533807","chr1","8688937","8689061","11","6844745"
"JH378115","15534693","15534986","chr16","17016732","17017024","39","1482039"
"JH378115","15543392","15543646","chr22","58083115","58083361","38","42539723"
"JH378115","15544760","15545036","chr6","13819152","13819426","38","1725608"
"JH378115","15562101","15562222","chrX","22570455","22570575","15","7008354"
"JH378115","15564008","15564308","chr21","74368618","74368909","44","58804610"
"JH378115","15573425","15573715","chr22","51783506","51783795","38","36210081"
"JH378115","15591948","15592279","chr3","37955466","37955795","41","22363518"
"JH378115","15635579","15635663","chr16","4405728","4405812","8","11229851"
"JH378115","15656391","15656472","chr5","67880800","67880883","7","52224409"
"JH378115","15697518","15697818","chr3","76969495","76969804","43","61271977"
"JH378115","15704053","15704363","chr6","16598509","16598818","31","894456"
"JH378115","15977802","15977898","chr22","82220107","82220203","11","66242305"
"JH378115","16005534","16005820","chr4","64541883","64542165","46","48536349"
"JH378115","16024771","16025073","chr14","33103010","33103314","51","17078239"
"JH378115","16050044","16050339","chr11","934179","934468","47","15115865"
"JH378115","16052190","16052493","chr8","95885898","95886192","37","79833708"
"JH378115","16069638","16069946","chr2","34891557","34891863","34","18821919"
"JH378115","16080803","16081098","chr1","83672883","83673171","44","67592080"
"JH378115","16142946","16143257","chr11","20333718","20334026","48","4190772"
"JH378115","16172895","16173203","chr5","2273487","2273788","33","13899408"
"JH378115","16307374","16307686","chr25","43964747","43965050","41","27657373"
"JH378115","16308691","16308806","chr20","115102100","115102215","12","98793409"
"JH378115","16369839","16370097","chr5","57856103","57856358","37","41486264"
"JH378115","16372166","16372263","chr22","82220107","82220203","11","65847941"
"JH378115","16372364","16372548","chr27","16303978","16304172","41","68386"
"JH378115","16393422","16393643","chr13","7317370","7317589","27","9076052"
"JH378115","16394246","16394358","chr6","1067449","1067558","13","15326797"
"JH378115","16423600","16423725","chr1","8688937","8689061","13","7734663"
"JH378115","16440303","16440385","chr5","67880800","67880883","7","51440497"
"JH378115","16443192","16443491","chr12","10064948","10065242","25","6378244"
"JH378115","16447436","16447738","chr2","35933723","35934028","35","19486287"
"JH378115","16448078","16448185","chr6","1067449","1067558","9","15380629"
"JH378115","16461382","16461684","chr5","2273487","2273788","33","14187895"
"JH378115","16463132","16463261","chr25","8712866","8712996","11","7750266"
"JH378115","16463265","16463481","chr25","73647297","73647508","27","57184032"
"JH378115","16472071","16472201","chr3","91348390","91348521","13","74876319"
"JH378115","16486557","16486691","chr26","6591504","6591639","14","9895053"
"JH378115","16490616","16490696","chr16","4405728","4405812","11","12084888"
"JH378115","16492091","16492224","chr10","2765710","2765842","24","13726381"
"JH378115","16492449","16492539","chr3","65349691","65349782","11","48857242"
"JH378115","16498021","16498129","chr1","62097932","62098038","12","45599911"
"JH378115","16500407","16500495","chr19","7758593","7758681","9","8741814"
"JH378115","16511541","16511630","chr3","65349691","65349782","10","48838150"
"JH378115","16517796","16517936","chr3","90669571","90669712","18","74151775"
"JH378115","16522494","16522568","chr10","95538249","95538325","9","79015755"
"JH378115","16524492","16524635","chr3","90669571","90669712","14","74145079"
"JH378115","16526635","16526725","chr3","65349691","65349782","11","48823056"
"JH378115","16530274","16530361","chr16","4405728","4405812","9","12124546"
"JH378115","16530663","16530951","chr27","8886013","8886300","41","7644650"
"JH378115","16533855","16533950","chr22","82220107","82220203","8","65686252"
"JH378115","16536087","16536165","chr13","63031813","63031889","8","46495726"
"JH378115","16541781","16541929","chr16","21687282","21687429","16","5145501"
"JH378115","16543187","16543460","chr13","6317455","6317719","39","10225732"
"JH378115","16545795","16545884","chr3","65349691","65349782","10","48803896"
"JH378115","16555898","16556207","chr1","117421772","117422077","38","100865874"
"JH378115","16563305","16563641","chr26","8724971","8725302","63","7838334"
"JH378115","16564430","16564558","chr20","20852752","20852882","12","4288322"
"JH378115","16565376","16565465","chr3","65349691","65349782","10","48784315"
"JH378115","16570558","16570700","chr6","7229588","7229731","14","9340970"
"JH378115","16592436","16592510","chr13","63031813","63031889","9","46439377"
"JH378115","16596326","16596451","chr1","8688937","8689061","14","7907389"
"JH378115","16597259","16597541","chr1","10803268","10803561","44","5793991"
"JH378115","16617967","16618266","chr16","73727058","73727353","49","57109091"
"JH378115","16626906","16627208","chr6","4113565","4113862","50","12513341"
"JH378115","16638493","16638792","chr12","10064948","10065242","23","6573545"
"JH378115","16658198","16658499","chr5","2273487","2273788","40","14384711"
"JH378115","16674512","16674618","chr6","5216779","5216886","11","11457733"
"JH378115","16686819","16687115","chr12","10064948","10065242","34","6621871"
"JH378115","16688095","16688196","chr11","82758939","82759024","27","66070844"
"JH378115","16694482","16694711","chr7","133981478","133981708","27","117286996"
"JH378115","16697466","16697759","chr12","10064948","10065242","27","6632518"
"JH378115","16703206","16703336","chr16","4500752","4500881","11","12202454"
"JH378115","16714185","16714481","chr24","36684908","36685202","40","19970723"
"JH378115","16724656","16724950","chr29","8289755","8290055","40","8434901"
"JH378115","16733284","16733355","chr17","40314853","40314924","12","23581569"
"JH378115","16742289","16742379","chr22","82220107","82220203","9","65477818"
"JH378115","16747877","16747983","chr12","90802389","90802495","24","74054512"
"JH378115","16748019","16748115","chr8","71008102","71008200","21","54260083"
"JH378115","16752557","16752647","chr8","130031152","130031255","29","113278595"
"JH378115","16752856","16753149","chr28","1947273","1947535","53","14805583"
"JH378115","16754073","16754334","chr27","18765383","18765650","56","2011310"
"JH378115","16760986","16761241","chr8","16250981","16251236","35","510005"
"JH378115","16763505","16763797","chr11","12143435","12143724","42","4620070"
"JH378115","16768902","16768977","chr13","63031813","63031889","6","46262911"
"JH378115","16780104","16780401","chr8","52344592","52344885","38","35564488"
"JH378115","16783857","16783956","chr22","82220107","82220203","10","65436250"
"JH378115","16795781","16795896","chr4","33533383","33533496","20","16737602"
"JH378115","16796574","16796696","chrX","103218804","103218929","15","86422230"
"JH378115","16810634","16810774","chr12","42755129","42755268","14","25944495"
"JH378115","16818263","16818487","chr13","7317370","7317589","30","9500893"
"JH378115","16822424","16822667","chr13","28367835","28368071","49","11545411"
"JH378115","16828009","16828103","chr22","82220107","82220203","6","65392098"
"JH378115","16837094","16837374","chr20","18848288","18848574","38","2011194"
"JH378115","16869388","16869492","chr1","39939684","39939788","7","23070296"
"JH378115","16872318","16872604","chr9","10969273","10969570","49","5903045"
"JH378115","16874093","16874240","chr9","59130238","59130387","14","42256145"
"JH378115","16890012","16890324","chr2","34891557","34891863","39","18001545"
"JH378115","16894562","16894852","chr19","12434503","12434790","50","4460059"
"JH378115","16906649","16906779","chr16","4500752","4500881","15","12405897"
"JH378115","16928830","16929123","chr8","44530508","44530794","43","27601678"
"JH378115","16947971","16948281","chr5","51866854","51867159","46","34918883"
"JH378115","16976705","16977007","chr5","2273487","2273788","27","14703218"
"JH378115","16990408","16990716","chr16","30398852","30399159","34","13408444"
"JH378115","17136357","17136636","chr26","45232903","45233182","37","28096546"
"JH378115","17148619","17148738","chr10","72121787","72121898","24","54973168"
"JH378115","17162657","17162737","chr16","3308866","3308945","8","13853791"
"JH378115","17183390","17183698","chr13","78919804","78920100","45","61736414"
"JH378115","17196069","17196371","chrX","14268019","14268317","42","2928050"
"JH378115","17241392","17241507","chr20","115102100","115102215","11","97860708"
"JH378115","17280643","17280950","chr20","46933799","46934103","41","29653156"
"JH378115","17284572","17284872","chr16","25791548","25791851","44","8506976"
"JH378115","17314779","17315072","chr6","13297004","13297294","58","4017775"
"JH378115","17316176","17316484","chr11","99988369","99988677","40","82672193"
"JH378115","17335543","17335848","chr12","10064948","10065242","36","7270595"
"JH378115","17360919","17361184","chr18","56819962","56820242","58","39459043"
"JH378115","17428651","17428982","chr12","6781553","6781865","77","10647098"
"JH378115","17597632","17597909","chr11","31906378","31906652","41","14308746"
"JH378115","17617794","17618090","chr11","45826349","45826644","30","28208555"
"JH378115","17639687","17639992","chr8","92575854","92576153","44","74936167"
"JH378115","17688412","17688700","chr6","2490989","2491280","42","15197423"
"JH378115","17730443","17730590","chr9","59130238","59130387","15","41399795"
"JH378115","17751275","17751359","chr5","67880800","67880883","6","50129525"
"JH378115","17835330","17835640","chr1","65504304","65504612","32","47668974"
"JH378115","17908313","17908605","chr3","29967257","29967552","51","12058944"
"JH378115","17945567","17945657","chr22","82220107","82220203","10","64274540"
"JH378115","17979508","17979816","chr12","6781553","6781865","116","11197955"
"JH378115","18048290","18048398","chr15","13792351","13792461","9","4255939"
"JH378115","18049476","18049597","chr15","90834689","90834810","13","72785213"
"JH378115","18118556","18118855","chr6","45868900","45869198","45","27750344"
"JH378115","18126956","18127102","chr22","14395100","14395247","17","3731856"
"JH378115","18172314","18172408","chr22","82220107","82220203","7","64047793"
"JH378115","18183383","18183696","chr2","7494757","7495063","40","10688626"
"JH378115","18195081","18195384","chr9","66377782","66378079","41","48182701"
"JH378115","18237767","18237899","chr9","119408868","119408992","19","101171101"
"JH378115","18260377","18260512","chr26","6591504","6591639","13","11668873"
"JH378115","18306155","18306374","chr13","7317370","7317589","27","10988785"
"JH378115","18370406","18370706","chr11","84786098","84786398","32","66415692"
"JH378115","18448556","18448886","chr3","37955466","37955795","43","19506910"
"JH378115","18738529","18738820","chr8","21494594","21494885","33","2756065"
"JH378115","18741189","18741489","chr11","99229593","99229892","52","80488404"
"JH378115","18763963","18764275","chr13","84743392","84743699","35","65979429"
"JH378115","18770172","18770480","chr20","89561089","89561394","42","70790917"
"JH378115","18780514","18780657","chr19","27340400","27340544","23","8559886"
"JH378115","18780887","18780996","chr9","51073130","51073242","17","32292243"
"JH378115","18817389","18817676","chr26","38637329","38637616","40","19819940"
"JH378115","18828608","18828902","chr10","76981805","76982099","42","58153197"
"JH378115","18842956","18843257","chr2","25122492","25122796","36","6279536"
"JH378115","18916634","18916918","chr16","12093535","12093829","47","6823099"
"JH378115","18937380","18937690","chr28","4550302","4550608","40","14387078"
"JH378115","19008537","19008832","chr13","65577132","65577425","30","46568595"
"JH378115","19038040","19038348","chr5","9902768","9903074","36","9135272"
"JH378115","19215585","19215795","chr16","6238673","6238883","22","12976912"
"JH378115","19233793","19234074","chr4","50225644","50225922","43","30991851"
"JH378115","19252146","19252452","chr23","80713034","80713332","36","61460888"
"JH378115","19260000","19260181","chr13","79609427","79609608","27","60349427"
"JH378115","19260184","19260479","chr13","36927522","36927813","57","17667338"
"JH378115","19270940","19271196","chr22","3998075","3998334","39","15272865"
"JH378115","19299775","19300077","chr21","108991689","108991988","36","89691914"
"JH378115","19303060","19303362","chr28","4550302","4550608","38","14752758"
"JH378115","19315943","19316247","chr23","80713034","80713332","41","61397091"
"JH378115","19434396","19434697","chr1","108565860","108566161","42","89131464"
"JH378115","19439223","19439527","chr11","112481505","112481809","36","93042282"
"JH378115","19446696","19447000","chr12","10064948","10065242","34","9381748"
"JH378115","19555068","19555375","chr19","10628119","10628425","38","8926949"
"JH378115","19601167","19601249","chr5","67880800","67880883","7","48279633"
"JH378115","19613179","19613289","chr9","113030266","113030377","17","93417087"
"JH378115","19645006","19645200","chrUn_KE147540v1","63679","63869","41","19581327"
"JH378115","19666956","19667106","chr9","59130238","59130387","14","39463282"
"JH378115","19671243","19671551","chr2","42763208","42763513","37","23091965"
"JH378115","19672713","19673014","chr6","11944778","11945070","49","7727935"
"JH378115","19675917","19676207","chr22","51404529","51404822","34","31728612"
"JH378115","19698339","19698629","chr1","103415790","103416081","40","83717451"
"JH378115","19709148","19709282","chr1","110380135","110380266","19","90670987"
"JH378115","19728118","19728356","chr9","44794399","44794639","41","25066281"
"JH378115","19746586","19746886","chr4","65823519","65823812","37","46076933"
"JH378115","19758349","19758648","chr12","10064948","10065242","25","9693401"
"JH378115","19814985","19815272","chr7","36238086","36238370","41","16423101"
"JH378115","19913266","19913573","chr20","46933799","46934103","37","27020533"
"JH378115","19929888","19930187","chr12","10064948","10065242","32","9864940"
"JH378115","19930888","19931190","chr6","29168940","29169240","29","9238052"
"JH378115","19972062","19972384","chr17","54561782","54562090","48","34589720"
"JH378115","20007242","20007355","chrX","25194654","25194764","13","5187412"
"JH378115","20061756","20061949","chr1","93948793","93948984","50","73887037"
"JH378115","20159286","20159592","chr17","25327775","25328080","39","5168489"
"JH378115","20177217","20177537","chr4","14329410","14329718","42","5847807"
"JH378115","20182099","20182405","chr29","8289755","8290055","44","11892344"
"JH378115","20259829","20260139","chr16","30398852","30399159","35","10139023"
"JH378115","20354291","20354595","chr22","68337184","68337490","42","47982893"
"JH378115","20507246","20507558","chr16","30398852","30399159","38","9891606"
"JH378115","20532110","20532400","chr22","10940743","10941034","35","9591367"
"JH378115","20582979","20583091","chr6","1067449","1067558","10","19515530"
"JH378115","20604588","20604884","chr20","96210594","96210893","33","75606006"
"JH378115","20631643","20631946","chr12","10064948","10065242","27","10566695"
"JH378115","20633787","20634071","chrX","23977849","23978143","41","3344062"
"JH378115","20682504","20682727","chr20","82238245","82238474","48","61555741"
"JH378115","20697631","20697934","chr16","23423370","23423672","31","2725739"
"JH378115","20719774","20719918","chrX_AQIB01158566v1_random","1","141","26","20719773"
"JH378115","20769099","20769377","chr12","18835626","18835904","26","1933473"
"JH378115","20811149","20811433","chr13","75976745","75977032","49","55165596"
"JH378115","20898587","20898884","chr2","5119768","5120064","39","15778819"
"JH378115","20903830","20904110","chr24","76614329","76614607","43","55710499"
"JH378115","21053034","21053319","chr20","124711306","124711589","38","103658272"
"JH378115","21054736","21055056","chr10","72956484","72956800","58","51901748"
"JH378115","21057513","21057812","chr2","35931939","35932239","32","14874426"
"JH378115","21111088","21111370","chr10","83081189","83081479","44","61970101"
"JH378115","21197653","21197962","chr11","115525233","115525542","37","94327580"
"JH378115","21202356","21202658","chr13","8768487","8768786","33","12433869"
"JH378115","21208645","21208914","chr11","117793063","117793332","46","96584418"
"JH378115","21322466","21322755","chr14","97500393","97500684","44","76177927"
"JH378115","21334708","21335005","chr18","71480316","71480609","37","50145608"
"JH378115","21345861","21346152","chr6","38437831","38438120","35","17091970"
"JH378115","21349419","21349615","chr13","86585007","86585200","28","65235588"
"JH378115","21361842","21362114","chr21","49966203","49966477","41","28604361"
"JH378115","21379448","21379756","chr9","96314869","96315163","40","74935421"
"JH378115","21386236","21386529","chr12","10064948","10065242","40","11321288"
"JH378115","21412814","21413108","chr20","19825871","19826167","44","1586943"
"JH378115","21418024","21418323","chr9","92789196","92789493","43","71371172"
"JH378115","21447685","21447966","chr4","50225644","50225922","39","28777959"
"JH378115","21488552","21488800","chr11","119259842","119260088","32","97771290"
"JH378115","21504418","21504710","chrX","95460911","95461200","36","73956493"
"JH378115","21542552","21542676","chr6","11415403","11415528","20","10127149"
"JH378115","21553464","21553784","chr18","67218974","67219278","56","45665510"
"JH378115","21560834","21561145","chr11","115525233","115525542","30","93964399"
"JH378115","21561966","21562269","chr7","115101451","115101753","39","93539485"
"JH378115","21572093","21572320","chr26","10744956","10745195","36","10827137"
"JH378115","21573373","21573482","chr6","1067449","1067558","11","20505924"
"JH378115","21574650","21574942","chr1","101863715","101864010","44","80289065"
"JH378115","21577991","21578289","chr17","71603189","71603494","42","50025198"
"JH378115","21579903","21580206","chr1","10803268","10803561","31","10776635"
"JH378115","21581870","21582118","chr22","72356293","72356532","42","50774423"
"JH378115","21585744","21585869","chr11","106843296","106843425","19","85257552"
"JH378115","21616067","21616132","chr24","40814775","40814832","14","19198708"
"JH378115","21620444","21620725","chr20","105293149","105293436","49","83672705"
"JH378115","21638842","21639063","chr15","82575739","82575965","49","60936897"
"JH378115","21643790","21644087","chr13","74228181","74228481","30","52584391"
"JH378115","21645140","21645327","chr2","37145074","37145258","26","15499934"
"JH378115","21648740","21648865","chrX","7665538","7665663","10","13983202"
"JH378115","21655339","21655631","chr27","43171123","43171420","38","21515784"
"JH378115","21660243","21660340","chr22","82220107","82220203","10","60559864"
"JH378115","21660949","21661087","chr11","95426931","95427069","27","73765982"
"JH378115","21685865","21686173","chr16","2999161","2999470","39","18686704"
"JH378115","21691055","21691265","chr2","41986599","41986802","24","20295544"
"JH378115","21707836","21707920","chr5","67880800","67880883","12","46172964"
"JH378115","21709933","21710198","chr1","111829907","111830168","45","90119974"
"JH378115","21713374","21713636","chr9","14014176","14014446","62","7699198"
"JH378115","21713836","21714130","chr5","52368103","52368393","40","30654267"
"JH378115","21717465","21717727","chr1","111829907","111830168","35","90112442"
"JH378115","21720363","21720491","chr3","92101699","92101829","16","70381336"
"JH378115","21729095","21729385","chr25","77646591","77646873","49","55917496"
"JH378115","21733917","21734007","chr19","7758593","7758681","9","13975324"
"JH378115","21734295","21734450","chr9","85564984","85565140","24","63830689"
"JH378115","21740810","21741118","chrX","125302543","125302844","43","103561733"
"JH378115","21750562","21750691","chr6","50606227","50606356","10","28855665"
"JH378115","21753595","21753890","chr12","10064948","10065242","26","11688647"
"JH378115","21756702","21757017","chr23","78958611","78958915","35","57201909"
"JH378115","21766933","21767217","chr14","97498994","97499277","45","75732061"
"JH378115","21770721","21770886","chr27","8342111","8342276","27","13428610"
"JH378115","21771238","21771461","chr20","92882451","92882681","30","71111213"
"JH378115","21771466","21771595","chr6","50606227","50606356","12","28834761"
"JH378115","21771901","21772197","chr4","14340542","14340837","32","7431359"
"JH378115","21776975","21777075","chr22","82220107","82220203","12","60443132"
"JH378115","21780419","21780725","chr5","2273487","2273788","37","19506932"
"JH378115","21782580","21782885","chr14","79729598","79729899","36","57947018"
"JH378115","21787683","21787776","chr22","82220107","82220203","9","60432424"
"JH378115","21789208","21789474","chr10","93256104","93256376","49","71466896"
"JH378115","21791431","21791743","chr1","50157843","50158142","50","28366412"
"JH378115","21802795","21802915","chr11","74863209","74863330","13","53060414"
"JH378115","21819134","21819260","chr6","15917147","15917274","14","5901987"
"JH378115","21826154","21826283","chr1","97802296","97802426","16","75976142"
"JH378115","21849515","21849820","chr1","87458669","87458972","36","65609154"
"JH378115","21865904","21866196","chr23","59924701","59924985","47","38058797"
"JH378115","21873897","21874183","chr24","79759655","79759940","38","57885758"
"JH378115","21876822","21877116","chr9","96341327","96341621","42","74464505"
"JH378115","21877452","21877764","chr20","70184160","70184468","53","48306708"
"JH378115","21881493","21881795","chr12","10064948","10065242","40","11816545"
"JH378115","21920148","21920444","chr17","56227541","56227836","38","34307393"
"JH378115","21928900","21929190","chr12","10064948","10065242","31","11863952"
"JH378115","21929195","21929490","chrX","23977849","23978143","33","2048654"
"JH378115","21938337","21938618","chr11","118183453","118183733","44","96245116"
"JH378115","21947115","21947411","chr26","23072554","23072847","37","1125439"
"JH378115","21950716","21951019","chr19","25347288","25347585","42","3396572"
"JH378115","21955800","21956107","chr10","111637485","111637783","36","89681685"
"JH378115","21992742","21993051","chr4","51478135","51478441","36","29485393"
"JH378115","21994945","21995019","chrX","61343536","61343611","14","39348591"
"JH378115","22013719","22014022","chr12","10064948","10065242","33","11948771"
"JH378115","22015612","22015905","chr13","65577132","65577425","32","43561520"
"JH378115","22017392","22017477","chr16","4405728","4405812","7","17611664"
"JH378115","22020877","22021167","chr9","93607030","93607319","34","71586153"
"JH378115","22021229","22021524","chr12","10064948","10065242","32","11956281"
"JH378115","22025851","22026152","chr24","11849627","11849924","35","10176224"
"JH378115","22096616","22096919","chr23","43687025","43687322","38","21590409"
"JH378115","22120719","22121022","chr14","21103818","21104118","37","1016901"
"JH378115","22145983","22146283","chr21","13830726","13831028","32","8315257"
"JH378115","22148261","22148369","chr6","1067449","1067558","10","21080812"
"JH378115","22149779","22149918","chr3","90669571","90669712","14","68519792"
"JH378115","22150333","22150643","chr24","68895333","68895641","39","46745000"
"JH378115","22166487","22166641","chr7","123901115","123901271","20","101734628"
"JH378115","22186379","22186673","chr8","103587931","103588224","36","81401552"
"JH378115","22198192","22198484","chr12","10064948","10065242","29","12133244"
"JH378115","22204428","22204504","chr13","63031813","63031889","9","40827385"
"JH378115","22210034","22210331","chr9","96314869","96315163","45","74104835"
"JH378115","22212247","22212546","chr12","10064948","10065242","37","12147299"
"JH378115","22224153","22224441","chr5","53255334","53255620","39","31031181"
"JH378115","22238333","22238638","chr2","58670056","58670356","39","36431723"
"JH378115","22248697","22248989","chr2","50191924","50192218","37","27943227"
"JH378115","22251285","22251598","chr28","4550302","4550608","39","17700983"
"JH378115","22271551","22271861","chr20","67956614","67956912","40","45685063"
"JH378115","22287997","22288212","chr13","7317370","7317589","25","14970627"
"JH378115","22288339","22288412","chr3","66669278","66669339","21","44380939"
"JH378115","22313632","22313935","chrX","125302543","125302844","30","102988911"
"JH378115","22315407","22315719","chr28","4684178","4684481","43","17631229"
"JH378115","22327386","22327681","chr6","40957719","40958012","38","18630333"
"JH378115","22328652","22328960","chr5","2273487","2273788","35","20055165"
"JH378115","22331363","22331443","chr16","3308866","3308945","11","19022497"
"JH378115","22340387","22340688","chr12","10064948","10065242","32","12275439"
"JH378115","22346018","22346320","chr1","65504304","65504612","44","43158286"
"JH378115","22347125","22347388","chr27","39315008","39315257","46","16967883"
"JH378115","22351364","22351532","chr16","23137037","23137212","24","785673"
"JH378115","22360399","22360655","chr5","57856103","57856358","41","35495704"
"JH378115","22366360","22366666","chrX","49418051","49418357","42","27051691"
"JH378115","22367268","22367369","chr1","39939684","39939788","10","17572416"
"JH378115","22394938","22395060","chr15","90834689","90834810","11","68439751"
"JH378115","22395061","22395145","chrY","3923565","3923649","14","18471496"
"JH378115","22423413","22423521","chr1","62097932","62098038","11","39674519"
"JH378115","22442007","22442299","chrX","23977849","23978143","31","1535842"
"JH378115","22494684","22494983","chr16","66960790","66961092","43","44466106"
"JH378115","22498062","22498363","chr1","66807483","66807786","38","44309421"
"JH378115","22498532","22498833","chr16","4139491","4139787","29","18359041"
"JH378115","22500184","22500492","chr6","15953108","15953417","36","6547076"
"JH378115","22510473","22510768","chr12","60432247","60432540","32","37921774"
"JH378115","22525680","22525972","chr10","55161197","55161486","36","32635517"
"JH378115","22538475","22538783","chr5","23332270","23332572","39","793795"
"JH378115","22539211","22539525","chr2","34891557","34891863","36","12352346"
"JH378115","22541501","22541585","chr10","44575521","44575608","24","22034020"
"JH378115","22583629","22583844","chr9","28573966","28574178","28","5990337"
"JH378115","22591455","22591761","chr6","48445355","48445664","37","25853900"
"JH378115","22593779","22594086","chr2","10204715","10205019","29","12389064"
"JH378115","22598605","22598868","chr7","49713033","49713293","33","27114428"
"JH378115","22601227","22601321","chr22","82220107","82220203","9","59618880"
"JH378115","22643476","22643562","chr20","86496231","86496314","8","63852755"
"JH378115","22645956","22646258","chr12","10064948","10065242","28","12581008"
"JH378115","22673580","22673875","chr22","50629443","50629736","30","27955863"
"JH378115","22675883","22676186","chr6","29168940","29169240","43","6493057"
"JH378115","22710143","22710440","chr10","82848664","82848963","39","60138521"
"JH378115","22732035","22732232","chr10","51256642","51256845","30","28524607"
"JH378115","22832991","22833288","chr12","10064948","10065242","29","12768043"
"JH378115","22921182","22921487","chr18","58522802","58523108","42","35601620"
"JH378115","22950828","22950913","chr16","4405728","4405812","7","18545100"
"JH378115","22956543","22956835","chr3","3973222","3973508","50","18983321"
"JH378115","22961701","22961969","chr25","71563599","71563876","45","48601898"
"JH378115","23000935","23001011","chr13","63031813","63031889","7","40030878"
"JH378115","23001754","23002039","chr10","87916935","87917219","31","64915181"
"JH378115","23044191","23044483","chr15","5114677","5114969","40","17929514"
"JH378115","23052913","23053007","chr22","82220107","82220203","11","59167194"
"JH378115","23086059","23086340","chrX","29936084","29936366","46","6850025"
"JH378115","23109748","23110057","chr1","65504304","65504612","35","42394556"
"JH378115","23114016","23114321","chr5","2273487","2273788","30","20840529"
"JH378115","23127141","23127230","chr19","7758593","7758681","9","15368548"
"JH378115","23128516","23128789","chrX","1302529","1302805","40","21825987"
"JH378115","23130767","23131048","chr14","70441301","70441579","44","47310534"
"JH378115","23162687","23162975","chr10","8909912","8910203","35","14252775"
"JH378115","23174926","23175223","chr20_KE148049v1_random","535731","536028","32","22639195"
"JH378115","23220103","23220177","chr13","63031813","63031889","8","39811710"
"JH378115","23235695","23236008","chr12","27315202","27315510","38","4079507"
"JH378115","23266665","23266959","chr13","45058548","45058844","42","21791883"
"JH378115","23271216","23271523","chr25","43964747","43965050","37","20693531"
"JH378115","23279918","23280213","chr8","94667632","94667918","44","71387714"
"JH378115","23300785","23300926","chrX","60368209","60368339","23","37067424"
"JH378115","23312635","23312925","chr9","3190906","3191203","40","20121729"
"JH378115","23313143","23313475","chr7","11558472","11558799","45","11754671"
"JH378115","23333802","23334105","chr11","115525233","115525542","37","92191431"
"JH378115","23342084","23342383","chr16","65250770","65251068","38","41908686"
"JH378115","23346219","23346508","chrX","33866467","33866758","36","10520248"
"JH378115","23381881","23382165","chr20","104470523","104470807","43","81088642"
"JH378115","23391065","23391361","chr15","81443631","81443929","37","58052566"
"JH378115","23435653","23435736","chr5","67880800","67880883","6","44445147"
"JH378115","23438682","23438975","chr10","8909912","8910203","41","14528770"
"JH378115","23440519","23440824","chr5","2273487","2273788","34","21167032"
"JH378115","23498206","23498421","chr22","6719548","6719763","26","16778658"
"JH378115","23510823","23511108","chr16","12235438","12235730","41","11275385"
"JH378115","23516137","23516430","chr2","16485138","16485431","36","7030999"
"JH378115","23556463","23556767","chr21","107309200","107309498","34","83752737"
"JH378115","23559405","23559687","chr13","90277401","90277674","47","66717996"
"JH378115","23568184","23568490","chr26","18927734","18928036","34","4640450"
"JH378115","23589840","23590121","chr26","48706173","48706462","43","25116333"
"JH378115","23622054","23622348","chr6","30540703","30540993","36","6918649"
"JH378115","23697310","23697404","chr22","82220107","82220203","12","58522797"
"JH378115","23707525","23707815","chr12","62681503","62681796","45","38973978"
"JH378115","23806139","23806432","chr3","54751576","54751883","39","30945437"
"JH378115","23815248","23815540","chr2","60638073","60638366","38","36822825"
"JH378115","23889181","23889440","chr24","43104512","43104773","43","19215331"
"JH378115","24236613","24236736","chr9","58173292","58173413","17","33936679"
"JH378115","24490590","24490692","chr1","39939684","39939788","11","15449094"
"JH378115","24514472","24514791","chr23","41434219","41434517","53","16919747"
"JH378115","24515231","24515511","chrX","114968992","114969270","50","90453761"
"JH378115","24520341","24520630","chr6","4113565","4113862","47","20406776"
"JH378115","24535005","24535260","chr9","96390861","96391117","32","71855856"
"JH378115","24611555","24611861","chr5","2273487","2273788","32","22338068"
"JH378115","24626460","24626634","chr24","62463254","62463431","34","37836794"
"JH378115","24666664","24666962","chr13","65577132","65577425","38","40910468"
"JH378115","24687953","24688060","chr6_AQIB01159090v1_random","13065","13172","11","24674888"
"JH378115","24691421","24691700","chr9","114015180","114015455","36","89323759"
"JH378115","24704445","24704748","chr21","22838763","22839060","42","1865682"
"JH378115","24709558","24709804","chr11","44436513","44436764","41","19726955"
"JH378115","24719327","24719624","chr10","34266329","34266612","37","9547002"
"JH378115","24735537","24735834","chr20","106884868","106885166","38","82149331"
"JH378115","24744415","24744720","chr12","6781553","6781865","75","17962862"
"JH378115","24754023","24754298","chr21","26939851","26940136","49","2185828"
"JH378115","24768040","24768330","chr28","9754429","9754714","42","15013611"
"JH378115","24775147","24775440","chr7","69565483","69565774","41","44790336"
"JH378115","24846905","24847205","chr10","118597337","118597632","47","93750432"
"JH378115","24847540","24847822","chr23","46545944","46546226","37","21698404"
"JH378115","24869514","24869736","chr20","30471188","30471408","31","5601674"
"JH378115","24927664","24927964","chr7","86104707","86105000","46","61177043"
"JH378115","24957165","24957453","chr7","97868515","97868805","44","72911350"
"JH378115","24961528","24961823","chr12","10064948","10065242","27","14896580"
"JH378115","24978462","24978609","chr3","90669571","90669712","17","65691109"
"JH378115","24988797","24989105","chr2","74744689","74744996","42","49755892"
"JH378115","25052926","25053227","chr24","83135028","83135331","34","58082102"
"JH378115","25097437","25097733","chr12","10064948","10065242","28","15032489"
"JH378115","25109619","25109914","chr12","10064948","10065242","34","15044671"
"JH378115","25119222","25119516","chr2","86876402","86876694","39","61757180"
"JH378115","25135300","25135444","chr17","47733511","47733658","15","22598211"
"JH378115","25139687","25139991","chr12","10064948","10065242","33","15074739"
"JH378115","25175694","25175814","chr15","90834689","90834810","12","65658995"
"JH378115","25180285","25180582","chr11","74038820","74039113","32","48858535"
"JH378115","25222828","25222938","chr6","1067449","1067558","10","24155379"
"JH378115","25233092","25233209","chr15","90834689","90834810","12","65601597"
"JH378115","25236262","25236541","chr13","65577132","65577425","48","40340870"
"JH378115","25258802","25258892","chr3","65349691","65349782","8","40090889"
"JH378115","25259951","25260056","chrX","2017984","2018087","9","23241967"
"JH378115","25271543","25271848","chr23","78958611","78958915","42","53687068"
"JH378115","25309645","25309949","chr5","2273487","2273788","23","23036158"
"JH378115","25315613","25315907","chr2","16485138","16485431","41","8830475"
"JH378115","25329730","25330022","chr21","74368618","74368909","36","49038888"
"JH378115","25333050","25333356","chr24","28860583","28860885","36","3527533"
"JH378115","25334683","25334969","chr5","20366749","20367033","50","4967934"
"JH378115","25345619","25345914","chr12","10064948","10065242","31","15280671"
"JH378115","25364786","25365087","chr16","65250770","65251068","30","39885984"
"JH378115","25496240","25496514","chr8","75940142","75940407","42","50443902"
"JH378115","25537923","25538224","chr11","120207458","120207761","35","94669535"
"JH378115","25545862","25546175","chr20","99538718","99539034","48","73992856"
"JH378115","25561972","25562106","chr26","6591504","6591639","12","18970468"
"JH378115","25571723","25572013","chr9","90465987","90466268","38","64894264"
"JH378115","25574613","25574921","chr11","115525233","115525542","33","89950620"
"JH378115","25592398","25592682","chrX","23977849","23978143","40","1614549"
"JH378115","25613908","25613997","chr3","65349691","65349782","11","39735783"
"JH378115","25618302","25618593","chr8","21494594","21494885","37","4123708"
"JH378115","25645104","25645244","chr3","90669571","90669712","14","65024467"
"JH378115","25648116","25648423","chr5","2273487","2273788","35","23374629"
"JH378115","25670064","25670365","chr12","10064948","10065242","33","15605116"
"JH378115","25673368","25673664","chr13","65577132","65577425","28","39903764"
"JH378115","25676655","25676745","chr19","7758593","7758681","9","17918062"
"JH378115","25708793","25709092","chr12","10064948","10065242","26","15643845"
"JH378115","25735974","25736274","chr12","5303669","5303965","44","20432305"
"JH378115","25748104","25748182","chr13","63031813","63031889","8","37283709"
"JH378115","25808201","25808512","chr11","115525233","115525542","30","89717032"
"JH378115","25843827","25844122","chr12","10064948","10065242","31","15778879"
"JH378115","25860163","25860249","chr5","67880800","67880883","7","42020637"
"JH378115","25879094","25879389","chr25","61615818","61616106","39","35736724"
"JH378115","25915859","25916154","chr14","33654873","33655167","41","7739014"
"JH378115","25917420","25917699","chr22","9600661","9600931","41","16316759"
"JH378115","25924292","25924407","chr20","115102100","115102215","10","89177808"
"JH378115","25943903","25943983","chr5","67880800","67880883","9","41936897"
"JH378115","25949116","25949408","chr21","112047561","112047854","32","86098445"
"JH378115","25960893","25961022","chr20","87247609","87247737","17","61286716"
"JH378115","25996608","25996909","chr8","95885898","95886192","43","69889290"
"JH378115","26065655","26065960","chr8","96089866","96090170","30","70024211"
"JH378115","26066017","26066295","chr21","125608475","125608766","38","99542458"
"JH378115","26078012","26078294","chr4","53346939","53347217","38","27268927"
"JH378115","26228988","26229076","chr19","7758593","7758681","9","18470395"
"JH378115","26239426","26239728","chr16","65250770","65251068","38","39011344"
"JH378115","26255226","26255498","chrX","15774021","15774297","41","10481205"
"JH378115","26256536","26256824","chr9","25030769","25031053","39","1225767"
"JH378115","26287187","26287491","chr10","104127514","104127810","43","77840327"
"JH378115","26306975","26307268","chr21","22838763","22839060","32","3468212"
"JH378115","26353490","26353778","chr9","87675035","87675319","38","61321545"
"JH378115","26377431","26377733","chr12","5303669","5303965","38","21073762"
"JH378115","26471562","26471701","chr6","7501396","7501533","14","18970166"
"JH378115","26474507","26474811","chr20","24215600","24215905","35","2258907"
"JH378115","26478200","26478513","chr20","94983084","94983392","47","68504884"
"JH378115","26481541","26481845","chr6","11210331","11210630","47","15271210"
"JH378115","26490182","26490457","chr6","2852604","2852883","49","23637578"
"JH378115","26805163","26805467","chr5","2273487","2273788","32","24531676"
"JH378115","26884728","26885032","chr5","2273487","2273788","30","24611241"
"JH378115","26926870","26927170","chr26","17944990","17945291","38","8981880"
"JH378115","26948142","26948438","chr20","101506461","101506755","27","74558319"
"JH378115","26979240","26979525","chr7","99816095","99816383","41","72836855"
"JH378115","26992230","26992527","chr20","96210594","96210893","37","69218364"
"JH378115","27000015","27000325","chr5","36774379","36774687","29","9774364"
"JH378115","27036088","27036383","chr27","42048680","42048976","39","15012592"
"JH378115","27057272","27057366","chr22","82220107","82220203","9","55162835"
"JH378115","27072035","27072313","chr16","10266291","10266567","38","16805744"
"JH378115","27080711","27081028","chr1","65504304","65504612","36","38423593"
"JH378115","27110578","27110875","chr21","66269520","66269815","39","39158942"
"JH378115","27115732","27115855","chr15","90834689","90834810","13","63718957"
"JH378115","27338900","27339203","chr1","68219231","68219530","34","40880331"
"JH378115","27345934","27346225","chr24","27282254","27282545","52","63680"
"JH378115","27411079","27411387","chr12","10064948","10065242","38","17346131"
"JH378115","27440091","27440396","chr1","108565860","108566161","35","81125769"
"JH378115","27442202","27442508","chr22","18845367","18845673","39","8596835"
"JH378115","27476332","27476468","chr12","8113672","8113811","16","19362660"
"JH378115","27488010","27488302","chr17","41731096","41731387","47","14243086"
"JH378115","27510052","27510280","chr16","25738562","25738782","36","1771490"
"JH378115","27522591","27522903","chr11","115525233","115525542","30","88002642"
"JH378115","27542283","27542564","chr10","16080212","16080493","34","11462071"
"JH378115","27568667","27568967","chr1","103632877","103633176","37","76064210"
"JH378115","27620221","27620533","chr2","34891557","34891863","32","7271336"
"JH378115","27633146","27633430","chr4","15532519","15532799","39","12100627"
"JH378115","27643675","27643765","chr19","7758593","7758681","10","19885082"
"JH378115","27683601","27683897","chr10","111637485","111637783","34","83953884"
"JH378115","27684876","27685181","chr8","97506802","97507104","43","69821926"
"JH378115","27715340","27715649","chr26","38024857","38025165","35","10309517"
"JH378115","27736834","27737147","chr13","84743392","84743699","39","57006558"
"JH378115","27759471","27759764","chrX","29093856","29094150","46","1334385"
"JH378115","27765345","27765648","chr16","25791548","25791851","34","1973797"
"JH378115","27850328","27850446","chr6","11193830","11193948","10","16656498"
"JH378115","27872538","27872803","chr12","25844767","25845026","47","2027771"
"JH378115","27883618","27883915","chr11","120207458","120207761","40","92323840"
"JH378115","27918910","27919220","chr11","99073611","99073919","40","71154701"
"JH378115","27936735","27937046","chr12","10064948","10065242","41","17871787"
"JH378115","27995333","27995617","chr1","50373457","50373747","37","22378124"
"JH378115","28156297","28156577","chr26","26651133","26651417","44","1505164"
"JH378115","28166424","28166727","chr15","18549945","18550246","48","9616479"
"JH378115","28174276","28174566","chr12","10064948","10065242","34","18109328"
"JH378115","28202562","28202813","chr9","92500633","92500888","46","64298071"
"JH378115","28208080","28208380","chr12","10064948","10065242","28","18143132"
"JH378115","28229600","28229903","chr5","2273487","2273788","27","25956113"
"JH378115","28248549","28248847","chr1","103415790","103416081","36","75167241"
"JH378115","28270623","28270902","chr12","44167700","44167973","39","15897077"
"JH378115","28301479","28301791","chr12","74217361","74217667","37","45915882"
"JH378115","28317161","28317250","chr5","67880800","67880883","10","39563639"
"JH378115","28321363","28321528","chr8","134258549","134258711","24","105937186"
"JH378115","28346868","28347017","chr9","59130238","59130387","16","30783370"
"JH378115","28347949","28348182","chr9","3280384","3280605","53","25067565"
"JH378115","28379949","28380190","chr11","60455118","60455363","46","32075169"
"JH378115","28397568","28397869","chr23","41061171","41061479","43","12663603"
"JH378115","28404339","28404642","chr8","93926175","93926473","35","65521836"
"JH378115","28483788","28484093","chrX","89331427","89331730","40","60847639"
"JH378115","28516991","28517075","chr16","4405728","4405812","8","24111263"
"JH378115","28521610","28521822","chr20","47773481","47773698","31","19251871"
"JH378115","28550256","28550564","chr1","65504304","65504612","34","36954048"
"JH378115","28559267","28559546","chr12","18835626","18835904","30","9723641"
"JH378115","28593341","28593620","chr1","105168338","105168617","32","76574997"
"JH378115","28607295","28607598","chr14","79729598","79729899","29","51122303"
"JH378115","28616206","28616471","chr9","95589503","95589780","40","66973297"
"JH378115","28675716","28676003","chr21","25123896","25124189","43","3551820"
"JH378115","28681711","28682048","chr26","6059541","6059849","66","22622170"
"JH378115","28699032","28699296","chr23","31836812","31837073","43","3137780"
"JH378115","28719363","28719671","chr6","16598509","16598818","33","12120854"
"JH378115","28723625","28723900","chr27","9784171","9784455","40","18939454"
"JH378115","28766539","28766837","chr15","66204401","66204692","38","37437862"
"JH378115","28776139","28776323","chr11","106130585","106130765","18","77354446"
"JH378115","28778507","28778819","chr16","2999161","2999470","32","25779346"
"JH378115","28784229","28784539","chr13","84743392","84743699","37","55959163"
"JH378115","28784654","28784947","chr6","38437831","38438120","27","9653177"
"JH378115","28799973","28800276","chr12","10064948","10065242","32","18735025"
"JH378115","28800916","28801226","chr1","65504304","65504612","24","36703388"
"JH378115","28806214","28806518","chr26","18927734","18928036","28","9878480"
"JH378115","28810970","28811079","chr6","1067449","1067558","12","27743521"
"JH378115","28816543","28816847","chr24","81526980","81527277","49","52710437"
"JH378115","28827319","28827631","chr2","36268783","36269087","35","7441464"
"JH378115","28836668","28836938","chr23","35239183","35239453","36","6402515"
"JH378115","28867610","28867739","chr19","5294457","5294586","16","23573153"
"JH378115","28901709","28901946","chr10","88865481","88865727","40","59963772"
"JH378115","28949108","28949408","chr2","38853293","38853590","43","9904185"
"JH378115","28959345","28959645","chr11","1963972","1964269","37","26995373"
"JH378115","29002177","29002444","chr14","43410379","43410648","45","14408202"
"JH378115","29005741","29006017","chr3","88671361","88671641","45","59665620"
"JH378115","29045167","29045457","chr20","121618255","121618545","28","92573088"
"JH378115","29051939","29052234","chr16","70684193","70684489","31","41632254"
"JH378115","29074644","29074942","chr11","125798758","125799061","39","96724114"
"JH378115","29084114","29084416","chr22","66295172","66295471","30","37211058"
"JH378115","29098889","29099198","chr5","2273487","2273788","38","26825402"
"JH378115","29102139","29102445","chr11","115525233","115525542","40","86423094"
"JH378115","29118350","29118432","chr5","67880800","67880883","7","38762450"
"JH378115","29134640","29134936","chr16","12235438","12235730","33","16899202"
"JH378115","29157823","29158123","chr11","51624065","51624366","29","22466242"
"JH378115","29170576","29170852","chr1","54471485","54471761","44","25300909"
"JH378115","29227766","29228059","chr5","59894211","59894508","45","30666445"
"JH378115","29270446","29270754","chr2","34891557","34891863","43","5621111"
"JH378115","29271071","29271158","chr19","7758593","7758681","11","21512478"
"JH378115","29340929","29341221","chr13","65577132","65577425","36","36236203"
"JH378115","29379464","29379727","chr12","25844767","25845026","44","3534697"
"JH378115","29408719","29408849","chr3","91348390","91348521","10","61939671"
"JH378115","29410199","29410490","chr13","65577132","65577425","38","36166933"
"JH378115","29413863","29413984","chr24","81549581","81549693","22","52135718"
"JH378115","29428394","29428544","chr17","47733511","47733658","18","18305117"
"JH378115","29499751","29500000","chr11","119259842","119260088","24","89760091"
"JH378115","29612500","29612809","chr1","65504304","65504612","42","35891804"
"JH378115","29616449","29616742","chr23","41434219","41434517","49","11817770"
"JH378115","29635097","29635187","chr20","8489737","8489826","13","21145360"
"JH378115","29642816","29643097","chr5","42662951","42663235","38","13020135"
"JH378115","29653982","29654066","chr16","4405728","4405812","6","25248254"
"JH378115","29680126","29680421","chr1","55427275","55427570","32","25747149"
"JH378115","29681664","29681962","chr10","111637485","111637783","29","81955821"
"JH378115","29745479","29745730","chr16","68347000","68347257","40","38601521"
"JH378115","29768475","29768770","chr12","10064948","10065242","29","19703527"
"JH378115","29773354","29773670","chr23","44247755","44248062","52","14474401"
"JH378115","29800734","29801034","chr12","10064948","10065242","26","19735786"
"JH378115","29871136","29871420","chr24","73585240","73585507","52","43714104"
"JH378115","29933209","29933313","chr1","39939684","39939788","9","10006475"
"JH378115","30037521","30037862","chrX","70268757","70269082","47","40231236"
"JH378115","30055470","30055753","chr16","63652876","63653158","40","33597406"
"JH378115","30060018","30060328","chr16","31332134","31332443","47","1272116"
"JH378115","30067381","30067687","chr12","44274197","44274504","41","14206816"
"JH378115","30099575","30099882","chr12","74217361","74217667","30","44117786"
"JH378115","30114345","30114658","chr1","93361306","93361613","38","63246961"
"JH378115","30254503","30254795","chr10","58648849","58649141","34","28394346"
"JH378115","30302589","30302899","chr14","70652150","70652458","41","40349561"
"JH378115","30442695","30443003","chr11","115525233","115525542","31","85082538"
"JH378115","30525912","30526226","chr2","34891557","34891863","37","4365645"
"JH378115","30690199","30690289","chr3","65349691","65349782","8","34659492"
"JH378115","30717518","30717812","chr12","60432247","60432540","32","29714729"
"JH378115","30718887","30719193","chr1","68219231","68219530","38","37500344"
"JH378115","30721722","30722023","chr9","118970228","118970526","35","88248506"
"JH378115","30723881","30724010","chr20","20852752","20852882","12","9871129"
"JH378115","30737893","30738180","chr12","10064948","10065242","29","20672945"
"JH378115","30746769","30746846","chr13","63031813","63031889","7","32285044"
"JH378115","30770224","30770534","chr2","58045145","58045453","30","27274921"
"JH378115","30783338","30783643","chr23","43687025","43687322","51","12903687"
"JH378115","30795299","30795582","chr13","14576776","14577059","37","16218523"
"JH378115","30801009","30801113","chr1","39939684","39939788","9","9138675"
"JH378115","30806213","30806309","chr22","82220107","82220203","6","51413894"
"JH378115","30817535","30817841","chr16","30398852","30399159","31","418683"
"JH378115","30827368","30827701","chr21","102388557","102388876","47","71561189"
"JH378115","30833403","30833709","chr3","4141125","4141428","42","26692278"
"JH378115","30838302","30838594","chr20","12839494","12839781","50","17998808"
"JH378115","30840865","30841132","chr3","48921579","48921843","58","18080714"
"JH378115","30857190","30857456","chr23","36968203","36968460","44","6111013"
"JH378115","30876166","30876466","chr9","81056861","81057162","34","50180695"
"JH378115","30895136","30895266","chr3","91348390","91348521","9","60453254"
"JH378115","30903519","30903806","chr20","111628300","111628588","43","80724781"
"JH378115","30907838","30907942","chrX","2017984","2018087","9","28889854"
"JH378115","30915143","30915445","chr23","12048184","12048474","51","18866959"
"JH378115","30917175","30917450","chr1","85364685","85364961","36","54447510"
"JH378115","30928476","30928733","chr29","12411847","12412100","34","18516629"
"JH378115","30929479","30929784","chr5","2273487","2273788","39","28655992"
"JH378115","30939660","30939750","chr3","65349691","65349782","11","34410031"
"JH378115","30944567","30944881","chr1","65504304","65504612","44","34559737"
"JH378115","30950285","30950506","chr3","30681959","30682178","34","268326"
"JH378115","30952822","30952899","chr13","63031813","63031889","11","32078991"
"JH378115","30955624","30955841","chr7","33258241","33258457","41","2302617"
"JH378115","30962659","30962744","chr11","103619310","103619394","9","72656651"
"JH378115","30976154","30976415","chr1","100104255","100104516","48","69128101"
"JH378115","30982573","30982873","chr21","22838763","22839060","33","8143810"
"JH378115","30985626","30985748","chr29","5133677","5133795","18","25851949"
"JH378115","30994229","30994376","chrX","128768607","128768755","18","97774378"
"JH378115","30998313","30998393","chr6","39129950","39130034","17","8131637"
"JH378115","30998970","30999094","chrX","7665538","7665663","12","23333432"
"JH378115","31000754","31001031","chrX","91060509","91060794","53","60059755"
"JH378115","31006516","31006781","chr9","104139191","104139453","42","73132675"
"JH378115","31014705","31014823","chr15","53595698","53595816","14","22580993"
"JH378115","31032376","31032665","chr23","29765674","29765961","33","1266702"
"JH378115","31035322","31035616","chr1","26491346","26491637","36","4543976"
"JH378115","31040285","31040577","chr1","74384612","74384899","46","43344327"
"JH378115","31060394","31060502","chr6","1067449","1067558","11","29992945"
"JH378115","31069188","31069483","chr18","3203332","3203636","49","27865856"
"JH378115","31081710","31081924","chr17","44703760","44703972","33","13622050"
"JH378115","31087916","31088218","chr12","10064948","10065242","34","21022968"
"JH378115","31094260","31094560","chr19","9824759","9825062","41","21269501"
"JH378115","31105539","31105829","chr12","10064948","10065242","31","21040591"
"JH378115","31106692","31106982","chr15","50409986","50410276","30","19303294"
"JH378115","31110921","31111236","chr2","34891557","34891863","38","3780636"
"JH378115","31115423","31115717","chr12","10064948","10065242","28","21050475"
"JH378115","31122096","31122189","chr22","82220107","82220203","9","51098011"
"JH378115","31123425","31123713","chr5","1720771","1721058","40","29402654"
"JH378115","31124536","31124643","chr6_AQIB01159090v1_random","13065","13172","11","31111471"
"JH378115","31156957","31157107","chr9","59130238","59130387","16","27973281"
"JH378115","31160557","31160860","chr26","26157512","26157808","39","5003045"
"JH378115","31169861","31170160","chr14","79526788","79527087","42","48356927"
"JH378115","31182131","31182440","chr1","65504304","65504612","29","34322173"
"JH378115","31191231","31191304","chr5","1831151","1831223","11","29360080"
"JH378115","31196569","31196875","chr22","66471801","66472101","36","35275232"
"JH378115","31211183","31211482","chr12","10064948","10065242","35","21146235"
"JH378115","31230476","31230789","chr20","19918907","19919212","36","11311569"
"JH378115","31234536","31234838","chr5","2273487","2273788","26","28961049"
"JH378115","31263449","31263736","chr22","50629443","50629736","36","19365994"
"JH378115","31265043","31265132","chr3","65349691","65349782","12","34084648"
"JH378115","31280932","31281031","chrX","119966559","119966672","21","88685627"
"JH378115","31289321","31289611","chr20","121618255","121618545","29","90328934"
"JH378115","31323835","31323985","chr9","59130238","59130387","14","27806403"
"JH378115","31326052","31326138","chr16","4405728","4405812","8","26920324"
"JH378115","31333733","31334001","chr8","95788673","95788945","53","64454940"
"JH378115","31349001","31349297","chr18","72052984","72053276","32","40703983"
"JH378115","31364264","31364377","chr20","115102100","115102215","10","83737836"
"JH378115","31366756","31367045","chr9","62273501","62273789","36","30906745"
"JH378115","31368318","31368628","chr2","51514899","51515202","43","20146581"
"JH378115","31389175","31389305","chr3","91348390","91348521","11","59959215"
"JH378115","31399337","31399427","chr3","65349691","65349782","10","33950354"
"JH378115","31412782","31413087","chr25","71808137","71808447","33","40395355"
"JH378115","31446149","31446383","chrX","95980944","95981178","33","64534795"
"JH378115","31447839","31448131","chr12","10064948","10065242","29","21382891"
"JH378115","31449742","31449861","chr6","11193830","11193948","11","20255912"
"JH378115","31461177","31461300","chr4","65607061","65607174","22","34145884"
"JH378115","31471557","31471841","chr12","6781553","6781865","134","24690004"
"JH378115","31472881","31473196","chr2","55900648","55900952","59","24427767"
"JH378115","31477571","31477854","chr21","22838763","22839060","41","8638808"
"JH378115","31500614","31500761","chr24","12006231","12006380","14","19494383"
"JH378115","31501396","31501486","chr22","82220107","82220203","10","50718711"
"JH378115","31503851","31504154","chr14","40454289","40454584","40","8950438"
"JH378115","31507854","31508163","chr5","2273487","2273788","31","29234367"
"JH378115","31515991","31516138","chr6","7229588","7229731","21","24286403"
"JH378115","31544239","31544538","chr11","58110010","58110310","39","26565771"
"JH378115","31559105","31559182","chr13","63031813","63031889","7","31472708"
"JH378115","31564051","31564360","chr16","32552491","32552795","36","988440"
"JH378115","31596514","31596859","chr2","44525545","44525868","64","12929031"
"JH378115","31604387","31604516","chr3","91348390","91348521","11","59744003"
"JH378115","31639230","31639539","chr2","35933723","35934028","34","4294493"
"JH378115","31651545","31651617","chr13","63031813","63031889","8","31380268"
"JH378115","31652165","31652237","chr13","63031813","63031889","9","31379648"
"JH378115","31667901","31667978","chr13","63031813","63031889","7","31363912"
"JH378115","31671650","31671827","chr4","41419660","41419841","27","9748010"
"JH378115","31674221","31674519","chr9","71188923","71189219","28","39514702"
"JH378115","31701523","31701604","chr14","48495218","48495299","8","16793695"
"JH378115","31731949","31732261","chr28","4550302","4550608","39","27181647"
"JH378115","31736215","31736507","chr12","31307598","31307893","45","428617"
"JH378115","31738477","31738746","chr8","13556260","13556521","43","18182217"
"JH378115","31742847","31743132","chr1","98775223","98775509","40","67032376"
"JH378115","31745426","31745730","chr8","54396459","54396759","46","22651033"
"JH378115","31755949","31756255","chr1","108565860","108566161","31","76809911"
"JH378115","31789918","31790000","chr5","67880800","67880883","7","36090882"
"JH378115","31793787","31794014","chr16","70124254","70124478","23","38330467"
"JH378115","31811188","31811318","chr16","31737705","31737835","15","73483"
"JH378115","31815034","31815120","chr19","23494523","23494608","20","8320511"
"JH378115","31819097","31819252","chr1","7934683","7934834","22","23884414"
"JH378115","31819937","31820044","chr1","62097932","62098038","18","30277995"
"JH378115","31857356","31857647","chr20","112562278","112562560","39","80704922"
"JH378115","31862983","31863224","chr10","52997867","52998109","35","21134884"
"JH378115","31865255","31865564","chr1","65504304","65504612","29","33639049"
"JH378115","31882132","31882431","chr16","12093535","12093829","38","19788597"
"JH378115","31889046","31889343","chr29","8289755","8290055","25","23599291"
"JH378115","31924741","31925031","chr9","56910898","56911189","40","24986157"
"JH378115","31926325","31926533","chr15","82175072","82175282","33","50248747"
"JH378115","31927695","31927785","chr3","65349691","65349782","11","33421996"
"JH378115","31932016","31932093","chr13","63031813","63031889","9","31099797"
"JH378115","31932453","31932726","chr9","31823888","31824144","48","108565"
"JH378115","31933280","31933583","chr19","9824759","9825062","37","22108521"
"JH378115","31934704","31935017","chr2","34891557","34891863","36","2956853"
"JH378115","31937593","31937880","chr5","42662951","42663235","40","10725358"
"JH378115","31951879","31952179","chr8","18530878","18531178","32","13421001"
"JH378115","31953610","31953782","chr8","124837672","124837846","19","92884062"
"JH378115","31957092","31957396","chr4","88331964","88332268","37","56374872"
"JH378115","31964533","31964763","chr20","92882451","92882681","52","60917918"
"JH378115","31986357","31986440","chr14","48495218","48495299","11","16508861"
"JH378115","31986741","31986980","chr9","47740997","47741232","41","15754256"
"JH378115","31996451","31996759","chr1","2872653","2872961","37","29123798"
"JH378115","31998572","31998856","chr13","14576776","14577059","37","17421796"
"JH378115","32028374","32028682","chr1","10803268","10803561","41","21225106"
"JH378115","32040914","32041223","chr5","2273487","2273788","32","29767427"
"JH378115","32051285","32051368","chr12","6843924","6844005","13","25207361"
"JH378115","32058214","32058321","chr6","1067449","1067558","10","30990765"
"JH378115","32059299","32059449","chr10","127708801","127708958","31","95649502"
"JH378115","32116920","32117219","chr14","21331402","21331700","45","10785518"
"JH378115","32131044","32131349","chr18","5166611","5166907","38","26964433"
"JH378115","32164819","32164908","chr3","65349691","65349782","11","33184872"
"JH378115","32174880","32174990","chr6","1067449","1067558","9","31107431"
"JH378115","32208353","32208431","chr16","3308866","3308945","7","28899487"
"JH378115","32211465","32211750","chr28","9389017","9389310","40","22822448"
"JH378115","32228904","32229103","chr5","70340062","70340256","32","38111158"
"JH378115","32234783","32235021","chr23","53807731","53807970","31","21572948"
"JH378115","32247550","32247699","chr24","12006231","12006380","13","20241319"
"JH378115","32262400","32262530","chr1","97802296","97802426","13","65539896"
"JH378115","32271337","32271431","chr22","82220107","82220203","10","49948770"
"JH378115","32280714","32280795","chr5","67880800","67880883","9","35600086"
"JH378115","32280797","32280879","chr5","67880800","67880883","7","35600003"
"JH378115","32304784","32305057","chr28","19249070","19249347","47","13055714"
"JH378115","32341815","32342126","chrX","45808298","45808607","40","13466483"
"JH378115","32352684","32352990","chr5","2273487","2273788","37","30079197"
"JH378115","32353925","32354031","chr9","51073130","51073242","22","18719205"
"JH378115","32372954","32373268","chr5","2273487","2273788","38","30099467"
"JH378115","32420548","32420827","chr25","48211707","48211986","39","15791159"
"JH378115","32474672","32474801","chr16","4500752","4500881","11","27973920"
"JH378115","32475257","32475565","chr1","92441279","92441586","41","59966022"
"JH378115","32498071","32498200","chr20","20852752","20852882","12","11645319"
"JH378115","32505338","32505643","chr16","21816012","21816308","42","10689326"
"JH378115","32525141","32525310","chr13","76496648","76496820","31","43971507"
"JH378115","32557854","32558143","chr12","6781553","6781865","122","25776301"
"JH378115","32584842","32585138","chrX","23977849","23978143","27","8606993"
"JH378115","32593910","32594177","chr5","34103098","34103364","41","1509188"
"JH378115","32612862","32613248","chr17","29133407","29133763","99","3479455"
"JH378115","32632388","32632692","chr5","2273487","2273788","25","30358901"
"JH378115","32693795","32694081","chr9","34144083","34144368","39","1450288"
"JH378115","32712252","32712556","chr10","89380638","89380940","40","56668386"
"JH378115","32741985","32742297","chr5","2324242","2324550","36","30417743"
"JH378115","32746216","32746517","chr5","69923908","69924203","45","37177692"
"JH378115","32792645","32792951","chr16","25791548","25791851","47","7001097"
"JH378115","32806497","32806639","chr9","86109665","86109806","15","53303168"
"JH378115","32813733","32814016","chr2","5168180","5168471","45","27645553"
"JH378115","32826337","32826467","chr20","104508233","104508366","15","71681896"
"JH378115","32860230","32860535","chr16","25791548","25791851","40","7068682"
"JH378115","32873752","32874060","chr5","2273487","2273788","38","30600265"
"JH378115","32899851","32899981","chr3","91348390","91348521","9","58448539"
"JH378115","32909918","32910224","chr5","2273487","2273788","34","30636431"
"JH378115","32911692","32911994","chr12","6781553","6781865","77","26130139"
"JH378115","32919141","32919235","chr22","82220107","82220203","10","49300966"
"JH378115","32928003","32928099","chr22","82220107","82220203","6","49292104"
"JH378115","32938033","32938292","chr24","27023895","27024155","38","5914138"
"JH378115","32960497","32960800","chr28","4550302","4550608","37","28410195"
"JH378115","32971331","32971415","chr16","4405728","4405812","6","28565603"
"JH378115","32974115","32974328","chr22","6719548","6719763","27","26254567"
"JH378115","33000595","33000889","chr24","21274276","21274566","44","11726319"
"JH378115","33009762","33010057","chr12","6781553","6781865","123","26228209"
"JH378115","33024348","33024642","chr16","53213011","53213300","45","20188663"
"JH378115","33026109","33026208","chr22","82220107","82220203","10","49193998"
"JH378115","33036574","33036882","chr20","87404408","87404710","34","54367834"
"JH378115","33050322","33050627","chr2","25122492","25122796","39","7927830"
"JH378115","33063886","33064174","chr2","62299133","62299420","43","29235247"
"JH378115","33087907","33088202","chr12","10064948","10065242","27","23022959"
"JH378115","33091869","33092180","chr1","2872653","2872961","40","30219216"
"JH378115","33097756","33098049","chr9","90943231","90943523","31","57845475"
"JH378115","33112932","33113222","chr10","15167400","15167690","52","17945532"
"JH378115","33132675","33132985","chr26","44423957","44424265","47","11291282"
"JH378115","33144964","33145256","chr2","5168180","5168471","32","27976784"
"JH378115","33159936","33160241","chr11","99073611","99073919","35","65913675"
"JH378115","33177098","33177358","chr9","11896631","11896910","58","21280467"
"JH378115","33189261","33189356","chr22","82220107","82220203","8","49030846"
"JH378115","33192802","33193100","chr19","10628119","10628425","49","22564683"
"JH378115","33237644","33237914","chrX","126393011","126393284","39","93155367"
"JH378115","33244811","33245131","chr17","50651792","50652112","53","17406981"
"JH378115","33247897","33248189","chrX","95460911","95461200","37","62213014"
"JH378115","33252014","33252310","chr12","10064948","10065242","33","23187066"
"JH378115","33312690","33312979","chr9","86640988","86641280","41","53328298"
"JH378115","33329474","33329787","chr22","18084841","18085135","42","15244633"
"JH378115","33336788","33336901","chr2","23010920","23011031","26","10325868"
"JH378115","33386343","33386637","chr9","22769458","22769754","56","10616885"
"JH378115","33441917","33442223","chrX","125978862","125979170","34","92536945"
"JH378115","33454158","33454456","chr8","116154503","116154798","44","82700345"
"JH378115","33456091","33456393","chr26","5907158","5907461","31","27548933"
"JH378115","33519180","33519488","chrX","8019183","8019485","39","25499997"
"JH378115","33533335","33533619","chr15","85316844","85317125","44","51783509"
"JH378115","33543963","33544252","chr10","118597337","118597632","39","85053374"
"JH378115","33552777","33553086","chr14","34657297","34657602","39","1104520"
"JH378115","33627758","33628070","chr1","65504304","65504612","30","31876546"
"JH378115","33633681","33633959","chr28","12961660","12961942","35","20672021"
"JH378115","33636240","33636528","chr16","53397850","53398143","33","19761610"
"JH378115","33645821","33646151","chr14","48869797","48870112","38","15223976"
"JH378115","33684420","33684712","chr12","60432247","60432540","27","26747827"
"JH378115","33704111","33704408","chr21","66269520","66269815","32","32565409"
"JH378115","33711863","33712157","chr15","29954614","29954908","35","3757249"
"JH378115","33751038","33751353","chr10","122219967","122220268","51","88468929"
"JH378115","33778357","33778653","chr5","1720771","1721058","36","32057586"
"JH378115","33791362","33791435","chr13","63031813","63031889","8","29240451"
"JH378115","33825643","33825953","chrX","88987469","88987776","34","55161826"
"JH378115","33878512","33878813","chr7","60485129","60485426","37","26606617"
"JH378115","33882181","33882473","chr15","77913325","77913616","33","44031144"
"JH378115","33921089","33921169","chr5","67880800","67880883","9","33959711"
"JH378115","33935517","33935647","chr15","86433300","86433428","17","52497783"
"JH378115","34015200","34015512","chr2","81099452","81099749","54","47084252"
"JH378115","34022329","34022614","chr12","103011241","103011542","52","68988912"
"JH378115","34022702","34023016","chr11","84795218","84795524","43","50772516"
"JH378115","34088455","34088753","chr11","106816675","106816977","33","72728220"
"JH378115","34111310","34111618","chr2","35933723","35934028","32","1822413"
"JH378115","34136386","34136688","chrX","60814207","60814515","43","26677821"
"JH378115","34173838","34174132","chr11","90825564","90825850","44","56651726"
"JH378115","34220148","34220446","chr12","10064948","10065242","23","24155200"
"JH378115","34240882","34241005","chr15","90834689","90834810","11","56593807"
"JH378115","34301306","34301621","chr12","74217361","74217667","42","39916055"
"JH378115","34315662","34315968","chr2","34891557","34891863","31","575895"
"JH378115","34352423","34352703","chr7","129558257","129558545","42","95205834"
"JH378115","34354332","34354457","chr1","8688937","8689061","12","25665395"
"JH378115","34359881","34360164","chr8","118055576","118055860","40","83695695"
"JH378115","34370299","34370580","chr1","69161184","69161465","42","34790885"
"JH378115","34386468","34386772","chr16","64430366","64430669","44","30043898"
"JH378115","34414940","34415242","chr2","35531547","35531853","40","1116607"
"JH378115","34453283","34453360","chr13","63031813","63031889","7","28578530"
"JH378115","34485110","34485402","chrX","89448328","89448618","36","54963218"
"JH378115","34490438","34490726","chr21","22373480","22373773","44","12116958"
"JH378115","34533287","34533468","chr11","106130585","106130765","39","71597298"
"JH378115","34533569","34533642","chr13","63031813","63031889","9","28498244"
"JH378115","34590312","34590614","chr12","10064948","10065242","38","24525364"
"JH378115","34599547","34599712","chr20","118734823","118734994","30","84135276"
"JH378115","34609119","34609411","chr12","102954295","102954602","44","68345176"
"JH378115","34613595","34613736","chr6","3375709","3375847","17","31237886"
"JH378115","34614617","34614924","chr12","10064948","10065242","33","24549669"
"JH378115","34615697","34615960","chr13","10195017","10195275","46","24420680"
"JH378115","34616303","34616379","chr13","63031813","63031889","5","28415510"
"JH378115","34633992","34634286","chr12","60432247","60432540","39","25798255"
"JH378115","34712480","34712767","chr21","26939851","26940136","39","7772629"
"JH378115","34729686","34729988","chr7","119273691","119273998","38","84544005"
"JH378115","34741385","34741693","chrX","121211321","121211627","38","86469936"
"JH378115","34759648","34759924","chr20","107442147","107442416","52","72682499"
"JH378115","34766432","34766729","chr23","39674723","39675021","37","4908291"
"JH378115","34789321","34789619","chr14","83348314","83348610","39","48558993"
"JH378115","34799985","34800064","chr16","3308866","3308945","6","31491119"
"JH378115","34807830","34808136","chr2","35931939","35932239","40","1124109"
"JH378115","34814165","34814348","chr2","37145074","37145258","26","2330909"
"JH378115","34839749","34839826","chr13","63031813","63031889","7","28192064"
"JH378115","34843252","34843382","chr20","20852752","20852882","10","13990500"
"JH378115","34878063","34878353","chrX","95460911","95461200","32","60582848"
"JH378115","34898447","34898675","chr28","18355531","18355757","31","16542916"
"JH378115","34902884","34903208","chrX","28194989","28195297","48","6707895"
"JH378115","34905611","34905836","chr16","33633380","33633606","32","1272231"
"JH378115","34920605","34920664","chr10","99734047","99734096","14","64813442"
"JH378115","34925249","34925548","chr12","10064948","10065242","30","24860301"
"JH378115","34929506","34929654","chr22","14395100","14395247","14","20534406"
"JH378115","34937999","34938143","chr22","87450041","87450185","15","52512042"
"JH378115","34957086","34957279","chr11","117573457","117573649","22","82616371"
"JH378115","34974147","34974444","chr3","8186932","8187227","37","26787215"
"JH378115","34978836","34978910","chr13","63031813","63031889","8","28052977"
"JH378115","35032505","35032802","chr12","10064948","10065242","28","24967557"
"JH378115","35038009","35038300","chr5","55537531","55537825","44","20499522"
"JH378115","35049936","35050238","chr5","2273487","2273788","31","32776449"
"JH378115","35096876","35096966","chr19","7758593","7758681","9","27338283"
"JH378115","35115695","35115980","chr4","67444451","67444740","37","32328756"
"JH378115","35249710","35249831","chr15","90834689","90834810","10","55584979"
"JH378115","35250343","35250472","chr11","46682256","46682382","11","11431913"
"JH378115","35257483","35257585","chrX","2017984","2018087","11","33239499"
"JH378115","35269036","35269332","chr20","96210594","96210893","28","60941558"
"JH378115","35291394","35291685","chr15","86758708","86759003","41","51467314"
"JH378115","35293483","35293780","chr1","103050659","103050957","35","67757176"
"JH378115","35309523","35309612","chr19","7758593","7758681","12","27550930"
"JH378115","35310920","35311232","chr12","45472757","45473055","42","10161837"
"JH378115","35315215","35315491","chr3","82509225","82509507","36","47194010"
"JH378115","35323114","35323255","chr7","59722042","59722193","25","24398928"
"JH378115","35323621","35323676","chr1","104514801","104514865","17","69191180"
"JH378115","35325329","35325415","chr16","4405728","4405812","7","30919601"
"JH378115","35327507","35327605","chr22","82220107","82220203","7","46892600"
"JH378115","35361230","35361527","chr15","12031507","12031804","26","23329723"
"JH378115","35366141","35366231","chr3","65349691","65349782","11","29983550"
"JH378115","35377526","35377615","chr5","67880800","67880883","10","32503274"
"JH378115","35382857","35383154","chr4","9212130","9212434","51","26170727"
"JH378115","35392742","35393041","chr12","10064948","10065242","34","25327794"
"JH378115","35393049","35393179","chr20","20852752","20852882","9","14540297"
"JH378115","35395161","35395430","chr25","82379602","82379865","41","46984441"
"JH378115","35400065","35400343","chr9","114015180","114015455","31","78615115"
"JH378115","35432816","35433115","chrX","22653522","22653815","38","12779294"
"JH378115","35443084","35443385","chr7","19605160","19605458","38","15837924"
"JH378115","35452472","35452613","chr3","90669571","90669712","11","55217099"
"JH378115","35454747","35455040","chr13","29243449","29243746","47","6211298"
"JH378115","35467525","35467648","chr15","90834689","90834810","11","55367164"
"JH378115","35484684","35484814","chr16","4500752","4500881","11","30983932"
"JH378115","35504205","35504504","chr1","8067455","8067746","36","27436750"
"JH378115","35526243","35526545","chr12","10064948","10065242","31","25461295"
"JH378115","35562477","35562567","chr3","65349691","65349782","10","29787214"
"JH378115","35571264","35571410","chr22","14395100","14395247","14","21176164"
"JH378115","35580496","35580805","chr14","27700149","27700448","42","7880347"
"JH378115","35596389","35596465","chr10","95538249","95538325","7","59941860"
"JH378115","35610332","35610624","chr1","17604745","17605031","42","18005587"
"JH378115","35612673","35612805","chr20","20852752","20852882","9","14759921"
"JH378115","35625223","35625540","chr10","88177543","88177855","40","52552320"
"JH378115","35635990","35636307","chr1","65504304","65504612","33","29868314"
"JH378115","35638335","35638632","chr2","5119768","5120064","34","30518567"
"JH378115","35643442","35643507","chr17","40314853","40314924","14","4671411"
"JH378115","35659314","35659615","chr5","2273487","2273788","32","33385827"
"JH378115","35660416","35660729","chr7","131303574","131303874","39","95643158"
"JH378115","35669013","35669309","chr13","65577132","65577425","26","29908119"
"JH378115","35672708","35672838","chr23","82201349","82201479","12","46528641"
"JH378115","35674807","35675050","chr3","1164767","1164996","33","34510040"
"JH378115","35678066","35678353","chr12","10064948","10065242","27","25613118"
"JH378115","35685757","35686005","chr11","119259842","119260088","34","83574085"
"JH378115","35707996","35708296","chr19","13269054","13269354","32","22438942"
"JH378115","35719872","35720007","chr26","6591504","6591639","13","29128368"
"JH378115","35722231","35722532","chr1","120119656","120119957","35","84397425"
"JH378115","35731215","35731523","chr23","34683155","34683450","72","1048060"
"JH378115","35778060","35778383","chr1","65504304","65504612","46","29726244"
"JH378115","35785272","35785404","chr17","47733511","47733658","26","11948239"
"JH378115","35787984","35788063","chr16","3308866","3308945","8","32479118"
"JH378115","35806948","35807172","chr13","7317370","7317589","30","28489578"
"JH378115","35825838","35826135","chr10","111637485","111637783","34","75811647"
"JH378115","35835252","35835495","chr18","9469870","9470118","35","26365382"
"JH378115","35928921","35929051","chr16","4500752","4500881","14","31428169"
"JH378115","35961341","35961635","chr16","33925418","33925712","33","2035923"
"JH378115","35975750","35976048","chr12","10064948","10065242","25","25910802"
"JH378115","35992470","35992559","chr3","65349691","65349782","11","29357221"
"JH378115","36035722","36036015","chr6","4113565","4113862","34","31922157"
"JH378115","36111309","36111398","chr3","65349691","65349782","12","29238382"
"JH378115","36118734","36119047","chr14","22799686","22799991","42","13319048"
"JH378115","36136176","36136491","chrX","44976189","44976495","42","8840013"
"JH378115","36186025","36186288","chr4","64874371","64874646","47","28688346"
"JH378115","36214574","36214884","chr5","42870195","42870502","36","6655621"
"JH378115","36234908","36235128","chr15","32708871","32709084","34","3526037"
"JH378115","36307876","36308186","chr28","13557476","13557782","39","22750400"
"JH378115","36517219","36517528","chr14","83371933","83372231","45","46854714"
"JH378115","36551476","36551757","chr1","101091218","101091491","35","64539742"
"JH378115","36554758","36554969","chr15","6643378","6643590","38","29911380"
"JH378115","36559868","36559970","chrX","2017984","2018087","11","34541884"
"JH378115","36575795","36576081","chr23","5517272","5517549","33","31058523"
"JH378115","36592833","36593133","chr23","41434219","41434517","43","4841386"
"JH378115","36621528","36621831","chr12","10064948","10065242","33","26556580"
"JH378115","36633085","36633390","chr12","104821270","104821569","38","68188185"
"JH378115","36638482","36638777","chr2","57111387","57111678","40","20472905"
"JH378115","36692271","36692567","chr13","65577132","65577425","34","28884861"
"JH378115","36697314","36697588","chr11","97465933","97466200","43","60768619"
"JH378115","36729422","36729718","chr12","10064948","10065242","29","26664474"
"JH378115","36730716","36730855","chr10","89061991","89062134","23","52331275"
"JH378115","36740542","36740845","chr26","38024857","38025165","40","1284315"
"JH378115","36802390","36802695","chr11","120207458","120207761","33","83405068"
"JH378115","36809662","36809971","chr26","16021451","16021759","44","20788211"
"JH378115","36813584","36813880","chr3","77036872","77037165","35","40223288"
"JH378115","36835321","36835628","chr5","33074148","33074451","42","3761173"
"JH378115","36846604","36846914","chr20","67956614","67956912","41","31110010"
"JH378115","36860187","36860480","chr12","11973166","11973460","34","24887021"
"JH378115","36888939","36889243","chr20","89561089","89561394","45","52672150"
"JH378115","37119402","37119710","chr24","11806440","11806728","44","25312962"
"JH378115","37132464","37132744","chr19","23729255","23729536","46","13403209"
"JH378115","37149316","37149616","chr12","93030877","93031180","53","55881561"
"JH378115","37163683","37163813","chr23","82201349","82201479","11","45037666"
"JH378115","37196577","37196892","chr11","115525233","115525542","39","78328656"
"JH378115","37303234","37303542","chr20","71071763","71072067","35","33768529"
"JH378115","37307101","37307405","chr18","5878184","5878487","31","31428917"
"JH378115","37345705","37345996","chr16","70684193","70684489","34","33338488"
"JH378115","37388582","37388891","chr6","15953108","15953417","38","21435474"
"JH378115","37404654","37404983","chr6","14784916","14785238","62","22619738"
"JH378115","37425617","37425816","chr19","5662814","5663015","27","31762803"
"JH378115","37427685","37427813","chr16","4500752","4500881","13","32926933"
"JH378115","37440997","37441291","chr14","83371933","83372231","36","45930936"
"JH378115","37453298","37453593","chr20_KE148050v1_random","487712","488013","49","36965586"
"JH378115","37496061","37496294","chr7","129494309","129494544","40","91998248"
"JH378115","37500420","37500518","chr22","82220107","82220203","8","44719687"
"JH378115","37550726","37550958","chr20","33212853","33213091","48","4337873"
"JH378115","37562025","37562324","chr8","44628773","44629068","56","7066748"
"JH378115","37593186","37593457","chr1","84974809","84975074","49","47381623"
"JH378115","37595488","37595774","chr1","10803268","10803561","42","26792220"
"JH378115","37596393","37596701","chr16","23423370","23423672","34","14173023"
"JH378115","37614361","37614654","chr25","51030152","51030441","43","13415791"
"JH378115","37637701","37638013","chr2","34891557","34891863","41","2746144"
"JH378115","37676277","37676576","chr25","7449311","7449614","33","30226966"
"JH378115","37926282","37926585","chr11","115525233","115525542","42","77598951"
"JH378115","37983279","37983580","chr13","7014741","7015042","35","30968538"
"JH378115","38022495","38022782","chr15","17839771","17840058","35","20182724"
"JH378115","38058108","38058400","chrX","99122912","99123196","48","61064804"
"JH378115","38060230","38060507","chr5","67910631","67910909","37","29850401"
"JH378115","38072231","38072535","chr17","63630719","63631021","43","25558488"
"JH378115","38088384","38088665","chrX","95460911","95461200","43","57372527"
"JH378115","38143643","38143951","chr2","37683001","37683306","39","460642"
"JH378115","38200702","38201015","chr1","7754247","7754552","39","30446455"
"JH378115","38350934","38351229","chr20","12574520","12574823","39","25776414"
"JH378115","38504941","38505249","chr18","14936633","14936932","40","23568308"
"JH378115","38516543","38516861","chr9","22121663","22121971","39","16394880"
"JH378115","38522602","38522891","chr19","22167847","22168138","38","16354755"
"JH378115","38609333","38609628","chr12","10064948","10065242","32","28544385"
"JH378115","38681766","38682053","chr10","85309131","85309424","29","46627365"
"JH378115","38709501","38709787","chr16","13801423","13801707","47","24908078"
"JH378115","38731389","38731694","chr16","32552491","32552795","36","6178898"
"JH378115","38743649","38743709","chr1","95659730","95659794","16","56916081"
"JH378115","38792711","38793006","chr12","10064948","10065242","31","28727763"
"JH378115","38868015","38868312","chr12","10064948","10065242","44","28803067"
"JH378115","38870125","38870307","chr13","79609427","79609608","35","40739302"
"JH378115","38917727","38917935","chr2","41986599","41986802","21","3068872"
"JH378115","38964444","38964740","chr6","4113565","4113862","33","34850879"
"JH378115","38978196","38978486","chr6","11944778","11945070","52","27033418"
"JH378115","38995954","38996248","chrX","95460911","95461200","39","56464957"
"JH378115","39003384","39003680","chr21","74368618","74368909","31","35365234"
"JH378115","39048736","39049040","chr15","3702894","3703194","33","35345842"
"JH378115","39112515","39112599","chr16","4405728","4405812","6","34706787"
"JH378115","39121402","39121689","chr6","38437831","38438120","38","683571"
"JH378115","39122159","39122447","chr11","88285467","88285763","43","49163308"
"JH378115","39149787","39150084","chr12","10064948","10065242","24","29084839"
"JH378115","39160374","39160684","chr11","115525233","115525542","36","76364859"
"JH378115","39167493","39167623","chr1","97802296","97802426","20","58634803"
"JH378115","39169316","39169588","chr2","76921775","76922048","48","37752459"
"JH378115","39178401","39178487","chr5","67880800","67880883","10","28702399"
"JH378115","39181644","39181943","chr12","10064948","10065242","32","29116696"
"JH378115","39263940","39264256","chr2","34891557","34891863","38","4372383"
"JH378115","39289967","39290180","chr3","27449368","27449585","32","11840599"
"JH378115","39300649","39300942","chr14","58657898","58658189","28","19357249"
"JH378115","39333059","39333347","chr20","18848288","18848574","35","20484771"
"JH378115","39339535","39339835","chr14","36954936","36955240","43","2384599"
"JH378115","39360982","39361283","chr19","13269054","13269354","33","26091928"
"JH378115","39372827","39373065","chr10","52997867","52998109","29","13625040"
"JH378115","39373872","39373942","chr5","26226134","26226199","15","13147738"
"JH378115","39383703","39384008","chr1","108565860","108566161","35","69182157"
"JH378115","39401309","39401414","chr1","39939684","39939788","11","538375"
"JH378115","39404113","39404415","chr21","13830726","13831028","35","25573387"
"JH378115","39406404","39406692","chr7","115304873","115305164","38","75898469"
"JH378115","39408248","39408555","chr14","9188068","9188370","37","30220180"
"JH378115","39415619","39415910","chr9","112377154","112377443","40","72961535"
"JH378115","39419405","39419714","chr26","38024857","38025165","30","1394548"
"JH378115","39429035","39429343","chr5","27918350","27918656","34","11510685"
"JH378115","39432244","39432522","chr12","46448450","46448730","42","7016206"
"JH378115","39444949","39445012","chr13","52542683","52542737","18","13097734"
"JH378115","39543545","39543837","chr16","24707968","24708265","36","14835577"
"JH378115","39583781","39584045","chr1","6232367","6232627","35","33351414"
"JH378115","39631775","39632072","chr12","10064948","10065242","39","29566827"
"JH378115","39646393","39646679","chr5","42662951","42663235","32","3016558"
"JH378115","39707912","39708166","chr9","96390861","96391117","38","56682949"
"JH378115","39824093","39824374","chr15","21358124","21358405","31","18465969"
"JH378115","39846086","39846397","chr22","18232920","18233227","43","21613166"
"JH378115","39983780","39984067","chr7","81697289","81697568","38","41713509"
"JH378115","40081840","40081938","chr22","82220107","82220203","9","42138267"
"JH378115","40129763","40130061","chr11","42115371","42115662","35","1985608"
"JH378115","40153509","40153796","chr4","71259031","71259315","35","31105522"
"JH378115","40167384","40167682","chr10","125400149","125400442","34","85232765"
"JH378115","40173103","40173403","chr9","118970228","118970526","34","78797125"
"JH378115","40202830","40203123","chr2","57283040","57283331","49","17080210"
"JH378115","40271168","40271463","chr12","10064948","10065242","33","30206220"
"JH378115","40459973","40460054","chr5","67880800","67880883","7","27420827"
"JH378115","40637134","40637438","chr15","18549945","18550246","36","22087189"
"JH378115","40697995","40698286","chr5","73146138","73146430","53","32448143"
"JH378115","40744359","40744658","chr11","121127007","121127315","49","80382648"
"JH378115","40766468","40766691","chr7","97152314","97152538","31","56385846"
"JH378115","40802382","40802675","chr13","65577132","65577425","32","24774750"
"JH378115","40861496","40861603","chr1","39939684","39939788","14","921812"
"JH378115","40888545","40888855","chr24","68895333","68895641","45","28006788"
"JH378115","40902003","40902078","chr13","63031813","63031889","8","22129810"
"JH378115","40988602","40988910","chr17","50716976","50717279","45","9728374"
"JH378115","41001950","41002028","chr13","63031813","63031889","8","22029863"
"JH378115","41010548","41010602","chr1","105453517","105453571","14","64442969"
"JH378115","41072821","41073102","chr13","23281867","23282148","33","17790954"
"JH378115","41085013","41085137","chr14","85253092","85253225","26","44168079"
"JH378115","41100679","41100755","chr13","63031813","63031889","7","21931134"
"JH378115","41104155","41104233","chr5","67880800","67880883","9","26776645"
"JH378115","41108110","41108415","chr5","2273487","2273788","29","38834623"
"JH378115","41221372","41221669","chr1","110510553","110510852","44","69289181"
"JH378115","41273824","41274134","chr21","13830726","13831028","38","27443098"
"JH378115","41304530","41304837","chr20","89561089","89561394","30","48256559"
"JH378115","41392184","41392331","chr9","59130238","59130387","16","17738054"
"JH378115","41414881","41415190","chr2","34891557","34891863","34","6523324"
"JH378115","41434284","41434581","chr10","2350876","2351174","31","39083408"
"JH378115","41464694","41464990","chrX","15264353","15264644","43","26200341"
"JH378115","41481115","41481420","chr9","29841404","29841709","46","11639711"
"JH378115","41499537","41499783","chr3","20351334","20351576","42","21148203"
"JH378115","41532311","41532513","chr25","73647297","73647508","58","32114986"
"JH378115","41562880","41563130","chr29","12411847","12412100","36","29151033"
"JH378115","41687276","41687564","chr20","121618255","121618545","36","79930979"
"JH378115","41796279","41796361","chr5","67880800","67880883","8","26084521"
"JH378115","41967827","41968137","chr13","94277855","94278163","49","52310028"
"JH378115","41974228","41974534","chr9","123749848","123750155","44","81775620"
"JH378115","41984742","41985042","chr15","12031507","12031804","46","29953235"
"JH378115","41991243","41991525","chr24","5978279","5978558","58","36012964"
"JH378115","42018356","42018617","chr11","107257671","107257928","42","65239315"
"JH378115","42029704","42030012","chr1","65504304","65504612","36","23474600"
"JH378115","42064142","42064452","chr1","69274418","69274712","53","27210276"
"JH378115","42127991","42128288","chrX","23977849","23978143","42","18150142"
"JH378115","42135020","42135318","chr9","68468865","68469160","38","26333845"
"JH378115","42320300","42320593","chr26","26157512","26157808","44","16162788"
"JH378115","42324714","42324804","chr3","65349691","65349782","12","23024977"
"JH378115","42359094","42359389","chr1","67228631","67228917","42","24869537"
"JH378115","42360766","42361071","chr5","20221828","20222136","43","22138938"
"JH378115","42381125","42381345","chr13","7317370","7317589","33","35063755"
"JH378115","42400251","42400380","chr3","91348390","91348521","9","48948139"
"JH378115","42425336","42425393","chr17","51711247","51711311","12","9285911"
"JH378115","42462433","42462742","chr3","38938861","38939168","43","3523572"
"JH378115","42558464","42558777","chrX","62513903","62514213","34","19955439"
"JH378115","42636178","42636484","chr7","99172603","99172901","38","56536425"
"JH378115","42675407","42675707","chr10","11035049","11035344","38","31640358"
"JH378115","42761833","42762130","chr22","10282335","10282631","43","32479498"
"JH378115","42765452","42765729","chr26","2408433","2408721","51","40357019"
"JH378115","42872507","42872812","chr8","43496239","43496540","38","623732"
"JH378115","42881213","42881331","chr14","29302671","29302789","36","13578542"
"JH378115","42886649","42886971","chr22","34364166","34364488","73","8522483"
"JH378115","42892107","42892392","chr10","90056980","90057260","46","47164873"
"JH378115","42908671","42908984","chr12","74217361","74217667","46","31308690"
"JH378115","42914415","42914625","chr3","83606508","83606722","44","40692093"
"JH378115","42931690","42931782","chr23","76751750","76751843","19","33820060"
"JH378115","42947614","42947920","chr29","8189456","8189758","39","34758158"
"JH378115","43003126","43003381","chr6","38291436","38291692","36","4711690"
"JH378115","43096007","43096311","chr2","34891557","34891863","32","8204450"
"JH378115","43106309","43106622","chr8","96089866","96090170","43","52983557"
"JH378115","43295213","43295497","chr25","8795606","8795892","35","34499607"
"JH378115","43349074","43349379","chr11","125798758","125799061","33","82449684"
"JH378115","43362479","43362797","chr24","11819038","11819352","51","31543441"
"JH378115","43377988","43378305","chr12","74217361","74217667","35","30839373"
"JH378115","43449297","43449398","chr1","39939684","39939788","12","3509613"
"JH378115","43464050","43464361","chr13","72044009","72044321","69","28579959"
"JH378115","43480150","43480462","chr1","65504304","65504612","34","22024154"
"JH378115","43492780","43492911","chr14","75440936","75441072","26","31948156"
"JH378115","43520370","43520676","chr2","34891557","34891863","34","8628813"
"JH378115","43550121","43550361","chr22","72356293","72356532","42","28806172"
"JH378115","43621325","43621511","chr28","16816325","16816501","39","26805000"
"JH378115","43630617","43630909","chr1","32168654","32168947","41","11461963"
"JH378115","43632882","43633185","chr11","51624065","51624366","35","7991183"
"JH378115","43645318","43645620","chr13","64989908","64990202","37","21344590"
"JH378115","43670393","43670699","chr5","2273487","2273788","32","41396906"
"JH378115","43788426","43788736","chr14","83371933","83372231","41","39583507"
"JH378115","43792457","43792546","chr19","7758593","7758681","11","36033864"
"JH378115","43802013","43802309","chr23","35045928","35046223","41","8756085"
"JH378115","43814516","43814827","chr2","34891557","34891863","40","8922959"
"JH378116","3669903","3670184","chr23","45052808","45053089","34","41382905"
"JH378116","15073222","15073430","chr14","89949072","89949278","28","74875850"
"JH378116","33947636","33947925","chr22","50629443","50629736","40","16681807"
"JH378116","6510","6716","chr28","3271954","3272157","24","3265444"
"JH378116","9344","9639","chr7","21437726","21438029","44","21428382"
"JH378116","31583","31884","chr16","21816012","21816308","48","21784429"
"JH378116","32957","33119","chr7","128354173","128354335","27","128321216"
"JH378116","41400","41698","chr20","16522937","16523231","57","16481537"
"JH378116","67966","68023","chr22","51929857","51929917","9","51861891"
"JH378116","91702","91980","chr9","125390627","125390905","37","125298925"
"JH378116","232976","233253","chr1","64505503","64505779","39","64272527"
"JH378116","234960","235048","chr19","7758593","7758681","9","7523633"
"JH378116","237968","238056","chr19","7758593","7758681","9","7520625"
"JH378116","273868","273942","chr13","63031813","63031889","12","62757945"
"JH378116","347145","347441","chr12","10064948","10065242","27","9717803"
"JH378116","383644","383962","chrX","28194989","28195297","44","27811345"
"JH378116","385585","385769","chr12","100925982","100926172","31","100540397"
"JH378116","418583","418856","chr24","62151870","62152146","52","61733287"
"JH378116","550804","551178","chr7","36526086","36526442","86","35975282"
"JH378116","552807","553112","chr26","9697876","9698175","38","9145069"
"JH378116","562835","563134","chr16","56782872","56783169","38","56220037"
"JH378116","571346","571633","chrX","1302529","1302805","48","731183"
"JH378116","616066","616369","chr4","88331964","88332268","39","87715898"
"JH378116","636940","637237","chrX","44976189","44976495","37","44339249"
"JH378116","660608","660919","chr9","34182892","34183200","42","33522284"
"JH378116","682881","683191","chr5","36774379","36774687","33","36091498"
"JH378116","733507","733817","chr12","84113723","84114031","36","83380216"
"JH378116","743209","743466","chr10","11579646","11579921","56","10836437"
"JH378116","747277","747565","chr7","25626075","25626364","38","24878798"
"JH378116","775726","775833","chr6","5216779","5216886","12","4441053"
"JH378116","776855","777147","chr17","48876018","48876313","35","48099163"
"JH378116","789402","789698","chr24","35541584","35541883","31","34752182"
"JH378116","791130","791318","chr2","37145074","37145258","23","36353944"
"JH378116","793114","793414","chrX","23977849","23978143","30","23184735"
"JH378116","808750","808900","chrX","128768607","128768755","21","127959857"
"JH378116","831811","831940","chr3","91348390","91348521","14","90516579"
"JH378116","854995","855293","chr14","44038439","44038738","34","43183444"
"JH378116","855294","855597","chr19","23732962","23733259","35","22877668"
"JH378116","875849","876112","chr25","82379602","82379865","51","81503753"
"JH378116","908739","909014","chr10","11579646","11579921","41","10670907"
"JH378116","909065","909348","chr12","104595406","104595692","31","103686341"
"JH378116","942613","942735","chr15","90834689","90834810","11","89892076"
"JH378116","959433","959744","chr7","135159498","135159805","31","134200065"
"JH378116","975692","975916","chr20","100235393","100235618","49","99259701"
"JH378116","986284","986588","chr5","2273487","2273788","34","1287203"
"JH378116","1061201","1061500","chr2","39250613","39250912","42","38189412"
"JH378116","1089697","1089995","chr1","10803268","10803561","34","9713571"
"JH378116","1141459","1141772","chr11","115525233","115525542","38","114383774"
"JH378116","1147024","1147331","chr14","38813996","38814293","43","37666972"
"JH378116","1253020","1253309","chr6","38582923","38583209","38","37329903"
"JH378116","1297994","1298271","chr5","20366749","20367033","35","19068755"
"JH378116","1569816","1570116","chrX","61033205","61033507","44","59463389"
"JH378116","1658558","1658858","chr1","68219231","68219530","32","66560673"
"JH378116","1695332","1695637","chr5","45564984","45565290","44","43869652"
"JH378116","1697818","1698104","chr12","104595406","104595692","36","102897588"
"JH378116","1814477","1814772","chr15","5365434","5365729","42","3550957"
"JH378116","1923384","1923681","chr12","10064948","10065242","33","8141564"
"JH378116","2002209","2002489","chr12","87620481","87620757","43","85618272"
"JH378116","2008390","2008689","chr18","66612219","66612522","39","64603829"
"JH378116","2011809","2012087","chr28_KE148105v1_random","309394","309684","42","1702415"
"JH378116","2133831","2134130","chr3","69332563","69332863","47","67198732"
"JH378116","2182873","2183166","chr13","85708397","85708693","46","83525524"
"JH378116","2226757","2227067","chr28","4550302","4550608","32","2323545"
"JH378116","2233839","2234115","chr14","95964336","95964605","37","93730497"
"JH378116","2243431","2243736","chr15","37037766","37038071","39","34794335"
"JH378116","2341517","2341645","chr11","128230087","128230214","17","125888570"
"JH378116","2360257","2360568","chr22","2509630","2509937","35","149373"
"JH378116","2396116","2396425","chr14","75577127","75577428","42","73181011"
"JH378116","2425251","2425530","chr12","13260494","13260774","50","10835243"
"JH378116","2426322","2426565","chr24","53825747","53825994","52","51399425"
"JH378116","2435504","2435587","chr5","67880800","67880883","5","65445296"
"JH378116","2451383","2451679","chr10","123663828","123664125","35","121212445"
"JH378116","2475271","2475568","chr10","118597337","118597632","34","116122066"
"JH378116","2519483","2519778","chr7","11835258","11835554","45","9315775"
"JH378116","2545213","2545506","chr18","26746608","26746895","42","24201395"
"JH378116","2555268","2555552","chr9","106562693","106562969","48","104007425"
"JH378116","2682784","2682879","chr22","82220107","82220203","8","79537323"
"JH378116","2740649","2740940","chr27","46109934","46110222","35","43369285"
"JH378116","2797765","2797886","chr15","90834689","90834810","10","88036924"
"JH378116","2814608","2814916","chr16","30398852","30399159","31","27584244"
"JH378116","2916418","2916707","chr24","40562105","40562391","51","37645687"
"JH378116","2949771","2949864","chr14","82260777","82260865","23","79311006"
"JH378116","2956150","2956455","chr11","120207458","120207761","42","117251308"
"JH378116","3025949","3026024","chr13","63031813","63031889","7","60005864"
"JH378116","3026841","3027118","chr11","90996628","90996901","45","87969787"
"JH378116","3105686","3105980","chr15","5114677","5114969","44","2008991"
"JH378116","3113082","3113211","chr3","91348390","91348521","9","88235308"
"JH378116","3127218","3127510","chr12","10064948","10065242","31","6937730"
"JH378116","3170313","3170616","chr1","103415790","103416081","47","100245477"
"JH378116","3371219","3371360","chr17","28507557","28507698","14","25136338"
"JH378116","3373502","3373771","chr15","66191136","66191389","45","62817634"
"JH378116","3417273","3417547","chr19","1411739","1412015","43","2005534"
"JH378116","3486578","3486868","chr16","54184964","54185255","46","50698386"
"JH378116","3586890","3587010","chr15","90834689","90834810","12","87247799"
"JH378116","3605055","3605310","chr12","6401463","6401710","36","2796408"
"JH378116","3619923","3620212","chr8","20434231","20434523","48","16814308"
"JH378116","3761500","3761750","chr19","9017172","9017426","41","5255672"
"JH378116","3868201","3868506","chr1","10803268","10803561","31","6935067"
"JH378116","3884576","3884878","chrX","23977849","23978143","48","20093273"
"JH378116","3905716","3906010","chr12","18922571","18922865","39","15016855"
"JH378116","3956111","3956206","chr22","82220107","82220203","8","78263996"
"JH378116","3976437","3976715","chr6","9628489","9628772","45","5652052"
"JH378116","4035563","4035820","chr3","64590447","64590699","48","60554884"
"JH378116","4043431","4043720","chr12","10064948","10065242","29","6021517"
"JH378116","4086323","4086578","chr11","44436513","44436764","27","40350190"
"JH378116","4133250","4133338","chr19","7758593","7758681","7","3625343"
"JH378116","4140059","4140355","chr13","65577132","65577425","26","61437073"
"JH378116","4154060","4154337","chr5","21193983","21194260","32","17039923"
"JH378116","4165291","4165600","chr12","6781553","6781865","72","2616262"
"JH378116","4236152","4236445","chr3","22013697","22014006","42","17777545"
"JH378116","4255388","4255689","chr13","36927522","36927813","51","32672134"
"JH378116","4275963","4276268","chr5","36774379","36774687","53","32498416"
"JH378116","4343011","4343297","chr26","8387650","8387944","41","4044639"
"JH378116","4399489","4399566","chr13","63031813","63031889","8","58632324"
"JH378116","4504771","4505077","chr5","58458905","58459214","45","53954134"
"JH378116","4524290","4524600","chrX","44976189","44976495","41","40451899"
"JH378116","4790889","4791196","chr10","89018304","89018610","43","84227415"
"JH378116","4889325","4889502","chr20","118734823","118734994","26","113845498"
"JH378116","4908363","4908668","chr5","2273487","2273788","35","2634876"
"JH378116","4926793","4926994","chr19","5662814","5663015","22","736021"
"JH378116","4972305","4972385","chr5","67880800","67880883","11","62908495"
"JH378116","5010464","5010760","chrX","23977849","23978143","47","18967385"
"JH378116","5033582","5033881","chr12","10064948","10065242","25","5031366"
"JH378116","5069214","5069302","chr19","7758593","7758681","10","2689379"
"JH378116","5167531","5167836","chr26","3416516","3416812","39","1751015"
"JH378116","5189757","5190074","chr2","35933723","35934028","37","30743966"
"JH378116","5255393","5255694","chr20","92377799","92378094","70","87122406"
"JH378116","5349137","5349406","chrX","13548339","13548610","29","8199202"
"JH378116","5453135","5453360","chr14","2433021","2433252","42","3020114"
"JH378116","5556909","5557213","chr28","4550302","4550608","43","1006607"
"JH378116","5669536","5669830","chr12","10064948","10065242","30","4395412"
"JH378116","5729239","5729532","chr11","126818840","126819124","47","121089601"
"JH378116","5760747","5761046","chr29","8289755","8290055","35","2529008"
"JH378116","5812706","5813014","chr8","84962180","84962487","37","79149474"
"JH378116","5820635","5820938","chrX","23977849","23978143","46","18157214"
"JH378116","5865208","5865513","chr12","102135104","102135405","39","96269896"
"JH378116","5908556","5908761","chrX","14987614","14987831","47","9079058"
"JH378116","5910448","5910773","chr5","2273487","2273788","51","3636961"
"JH378116","6027073","6027183","chr6","1067449","1067558","11","4959624"
"JH378116","6066712","6067026","chr6","16598509","16598818","29","10531797"
"JH378116","6102284","6102429","chr21","23764178","23764325","29","17661894"
"JH378116","6214319","6214614","chr22","4912713","4913009","41","1301606"
"JH378116","6239912","6240209","chr14","96854620","96854908","47","90614708"
"JH378116","6322727","6323005","chr9","114585954","114586241","52","108263227"
"JH378116","6338244","6338555","chr12","103011241","103011542","46","96672997"
"JH378116","6348798","6349097","chr3","29967257","29967552","45","23618459"
"JH378116","6396292","6396598","chr5","2273487","2273788","36","4122805"
"JH378116","6449614","6449906","chr1","50373457","50373747","45","43923843"
"JH378116","6460076","6460366","chr24","14616635","14616927","56","8156559"
"JH378116","6526042","6526348","chrX","44976189","44976495","43","38450147"
"JH378116","6541640","6541934","chr26","23072554","23072847","35","16530914"
"JH378116","6543751","6543835","chr16","4405728","4405812","7","2138023"
"JH378116","6599100","6599208","chr6_AQIB01159090v1_random","13065","13172","17","6586035"
"JH378116","6615927","6616211","chr1","69161184","69161465","40","62545257"
"JH378116","6686532","6686840","chr5","36774379","36774687","34","30087847"
"JH378116","6716216","6716462","chr7","44770275","44770514","49","38054059"
"JH378116","6718797","6719093","chr12","10064948","10065242","37","3346151"
"JH378116","6832222","6832520","chrX","13120282","13120584","68","6288060"
"JH378116","6906419","6906722","chr12","102171360","102171663","49","95264941"
"JH378116","6911157","6911465","chr13","89494705","89495012","45","82583548"
"JH378116","6924505","6924788","chr8","115068172","115068461","37","108143667"
"JH378116","7039123","7039428","chr20","67956614","67956912","38","60917491"
"JH378116","7056557","7056867","chr1","65504304","65504612","36","58447747"
"JH378116","7298918","7299180","chr13","78313871","78314147","53","71014953"
"JH378116","7308428","7308736","chr23","44247755","44248062","44","36939327"
"JH378116","7338532","7338768","chr16","69318389","69318626","25","61979857"
"JH378116","7356140","7356447","chr5","51866854","51867159","44","44510714"
"JH378116","7424553","7424859","chrX_KE148109v1_random","2307269","2307566","37","5117284"
"JH378116","7453728","7453963","chr17","69655565","69655786","41","62201837"
"JH378116","7468210","7468518","chr9","15987970","15988276","30","8519760"
"JH378116","7484244","7484421","chr14","79057796","79057969","21","71573552"
"JH378116","7509292","7509510","chr26","15425772","15425994","35","7916480"
"JH378116","7519395","7519694","chr14","36817397","36817692","48","29298002"
"JH378116","7555847","7556128","chr12","26827271","26827548","36","19271424"
"JH378116","7587032","7587306","chrX","29093856","29094150","47","21506824"
"JH378116","7629781","7630081","chr1","10959790","10960093","47","3330009"
"JH378116","7647297","7647594","chr2","44239450","44239751","34","36592153"
"JH378116","7852310","7852586","chr4","58986195","58986478","56","51133885"
"JH378116","7891288","7891600","chr14","83371933","83372231","41","75480645"
"JH378116","7902661","7902965","chr5","2273487","2273788","35","5629174"
"JH378116","7923378","7923682","chr1","63079944","63080250","41","55156566"
"JH378116","8002303","8002580","chr23","16142942","16143228","45","8140639"
"JH378116","8133800","8134083","chr14","70441301","70441579","45","62307501"
"JH378116","8176376","8176656","chrX","29936084","29936366","43","21759708"
"JH378116","8253050","8253179","chr6","7772479","7772609","11","480571"
"JH378116","8303315","8303612","chr14","83371933","83372231","37","75068618"
"JH378116","8388392","8388522","chr1","97802296","97802426","10","89413904"
"JH378116","8389052","8389123","chr6","34741700","34741761","15","26352648"
"JH378116","8408643","8408954","chr5","36774379","36774687","33","28365736"
"JH378116","8427887","8428017","chr9","96281358","96281488","14","87853471"
"JH378116","8544326","8544630","chr15","12031507","12031804","49","3487181"
"JH378116","8552782","8553078","chrX","23977849","23978143","34","15425067"
"JH378116","8602124","8602418","chr12","5303669","5303965","34","3298455"
"JH378116","8677833","8678133","chr14","79729598","79729899","36","71051765"
"JH378116","8683571","8683873","chr22","79312691","79312998","37","70629120"
"JH378116","8874572","8874802","chr16","25738562","25738782","52","16863990"
"JH378116","8874977","8875022","chr7","30771070","30771116","7","21896093"
"JH378116","8942330","8942519","chr11","117106298","117106484","33","108163968"
"JH378116","8961670","8961937","chr2","28528551","28528816","44","19566881"
"JH378116","9340538","9340846","chr14","22799686","22799991","35","13459148"
"JH378116","9371065","9371364","chr23","48457842","48458139","30","39086777"
"JH378116","9558119","9558433","chr26","40850019","40850319","43","31291900"
"JH378116","9566805","9566901","chr3","73832741","73832841","18","64265936"
"JH378116","9590220","9590537","chr26","16008721","16009029","34","6418501"
"JH378116","9644946","9645029","chr5","67880800","67880883","6","58235854"
"JH378116","9734295","9734592","chr6","11944778","11945070","35","2210483"
"JH378116","9738238","9738559","chr1","65504304","65504612","35","55766066"
"JH378116","9879984","9880195","chr15","6643378","6643590","27","3236606"
"JH378116","9906941","9907060","chr19","14401204","14401331","19","4494263"
"JH378116","9979956","9980249","chr12","10064948","10065242","32","84992"
"JH378116","9997034","9997345","chr28","17766563","17766868","49","7769529"
"JH378116","10009419","10009728","chr21","119219538","119219836","36","109210119"
"JH378116","10023865","10024160","chrX","23977849","23978143","34","13953984"
"JH378116","10064410","10064661","chr29","23220694","23220954","49","13156284"
"JH378116","10248870","10249190","chr1","65504304","65504612","42","55255434"
"JH378116","10286235","10286535","chr26","20547547","20547851","49","10261312"
"JH378116","10333252","10333514","chr14","95964336","95964605","48","85631084"
"JH378116","10344444","10344769","chr3","18868415","18868732","54","8523971"
"JH378116","10399843","10400094","chr13","68161433","68161684","41","57761590"
"JH378116","10598978","10599054","chr13","63031813","63031889","7","52432835"
"JH378116","10599602","10599902","chr3","60319284","60319583","37","49719682"
"JH378116","10623125","10623255","chr3","91348390","91348521","8","80725265"
"JH378116","10626448","10626747","chr26","16013102","16013402","28","5386654"
"JH378116","10636341","10636471","chr1","97802296","97802426","11","87165955"
"JH378116","10660460","10660763","chr6","10625136","10625443","50","35324"
"JH378116","10680249","10680550","chr5","46158393","46158690","48","35478144"
"JH378116","10718552","10718865","chr26","38024857","38025165","37","27306305"
"JH378116","10741225","10741300","chrX","61343536","61343611","12","50602311"
"JH378116","10759274","10759562","chr8","117858086","117858376","38","107098812"
"JH378116","10781113","10781421","chr17","50662690","50662993","40","39881577"
"JH378116","10808988","10809278","chr3","38369292","38369574","41","27560304"
"JH378116","10820460","10820589","chr24","49206715","49206844","12","38386255"
"JH378116","10822733","10823034","chr21","97980668","97980956","48","87157935"
"JH378116","10831682","10831802","chr10","8087797","8087917","13","2743885"
"JH378116","10832062","10832368","chr9","56811131","56811438","39","45979069"
"JH378116","10843948","10844186","chr5","74183714","74183949","30","63339766"
"JH378116","10952634","10952940","chr12","10064948","10065242","40","887686"
"JH378116","10953778","10953867","chr19","7758593","7758681","10","3195185"
"JH378116","10966276","10966571","chr12","10064948","10065242","28","901328"
"JH378116","11036388","11036690","chr16","4139491","4139787","38","6896897"
"JH378116","11038919","11039196","chr20","18984552","18984832","35","7945633"
"JH378116","11069778","11069896","chr25","78291219","78291335","11","67221441"
"JH378116","11099271","11099561","chr15","89700311","89700603","40","78601040"
"JH378116","11151109","11151192","chr5","67880800","67880883","7","56729691"
"JH378116","11168533","11168843","chr1","65504304","65504612","31","54335771"
"JH378116","11185205","11185305","chr22","82220107","82220203","9","71034902"
"JH378116","11326838","11327139","chr1","108565860","108566161","37","97239022"
"JH378116","11359009","11359312","chr23","78958611","78958915","35","67599602"
"JH378116","11383963","11384271","chrX","28194989","28195297","42","16811026"
"JH378116","11424374","11424457","chr5","67880800","67880883","5","56456426"
"JH378116","11462727","11463034","chr5","2273487","2273788","32","9189240"
"JH378116","11504661","11504963","chr24","47719727","47720023","41","36215066"
"JH378116","11507986","11508287","chr12","10064948","10065242","34","1443038"
"JH378116","11517484","11517788","chr16","7515507","7515811","31","4001977"
"JH378116","11530390","11530703","chr1","65504304","65504612","31","53973914"
"JH378116","11577924","11578232","chr1","65504304","65504612","36","53926380"
"JH378116","11585378","11585658","chr6","44675473","44675756","39","33090095"
"JH378116","11780471","11780586","chr13","61112232","61112346","14","49331761"
"JH378116","11866554","11866849","chr12","40352484","40352792","41","28485930"
"JH378116","11885140","11885439","chr5","2273487","2273788","31","9611653"
"JH378116","11891001","11891315","chr3","8766153","8766458","57","3124848"
"JH378116","11953266","11953564","chr9","112566830","112567124","44","100613564"
"JH378116","12030867","12031173","chr20","60339182","60339479","48","48308315"
"JH378116","12085746","12086047","chr1","93373561","93373860","32","81287815"
"JH378116","12238374","12238602","chr6","31448321","31448565","62","19209947"
"JH378116","12346595","12346896","chr21","30590903","30591190","38","18244308"
"JH378116","12354385","12354665","chr18","5486172","5486451","41","6868213"
"JH378116","12613697","12614002","chr17","35258575","35258878","40","22644878"
"JH378116","12622399","12622673","chr5","20366749","20367033","39","7744350"
"JH378116","12664291","12664410","chr15","90834689","90834810","14","78170398"
"JH378116","12715625","12715866","chr24","66946035","66946274","32","54230410"
"JH378116","12784515","12784804","chr12","103110602","103110890","44","90326087"
"JH378116","12944886","12945016","chr20","20852752","20852882","9","7907866"
"JH378116","12962749","12962981","chr22","72356293","72356532","38","59393544"
"JH378116","13058993","13059293","chr21","22838763","22839060","50","9779770"
"JH378116","13110603","13110679","chr13","63031813","63031889","7","49921210"
"JH378116","13127584","13127886","chr10","122219967","122220268","35","109092383"
"JH378116","13242726","13243023","chr20","92481976","92482271","37","79239250"
"JH378116","13287627","13287899","chr1","80884068","80884343","42","67596441"
"JH378116","13291604","13291889","chr4","15532519","15532799","39","2240915"
"JH378116","13457901","13458159","chr13","42434183","42434442","44","28976282"
"JH378116","13496839","13497150","chr5","20221828","20222136","45","6724989"
"JH378116","13541953","13542256","chr9","56811131","56811438","43","43269178"
"JH378116","13566922","13567051","chr11","106843296","106843425","13","93276374"
"JH378116","13855218","13855536","chr2","34891557","34891863","40","21036339"
"JH378116","13899067","13899373","chr2","19453671","19453980","51","5554604"
"JH378116","13998261","13998390","chr5","71170946","71171077","19","57172685"
"JH378116","14085658","14085952","chr11","127481198","127481493","43","113395540"
"JH378116","14167975","14168196","chr25","59449721","59449941","31","45281746"
"JH378116","14222795","14223097","chr29","8289755","8290055","32","5933040"
"JH378116","14224236","14224460","chr25","59449721","59449941","28","45225485"
"JH378116","14263238","14263390","chr9","59130238","59130387","17","44867000"
"JH378116","14278441","14278713","chr5","70435792","70436070","42","56157351"
"JH378116","14304054","14304189","chr21","120831560","120831690","19","106527506"
"JH378116","14314375","14314613","chr14","73658757","73658993","37","59344382"
"JH378116","14318906","14319187","chr21","32338307","32338599","32","18019401"
"JH378116","14324147","14324415","chr4","52736916","52737178","41","38412769"
"JH378116","14331095","14331384","chr20","46550281","46550570","40","32219186"
"JH378116","14338545","14338655","chr6","1067449","1067558","10","13271096"
"JH378116","14347350","14347528","chr9","48534070","48534248","32","34186720"
"JH378116","14367558","14367860","chr29","19198164","19198468","39","4830606"
"JH378116","14375138","14375240","chrX","2017984","2018087","9","12357154"
"JH378116","14410108","14410415","chr3","27466416","27466725","38","13056308"
"JH378116","14413471","14413619","chr25","57371824","57371973","18","42958353"
"JH378116","14437535","14437844","chr2","34891557","34891863","35","20454022"
"JH378116","14439958","14440218","chr15","45869204","45869463","37","31429246"
"JH378116","14482317","14482439","chr9","103739806","103739931","15","89257489"
"JH378116","14498132","14498231","chr22","82220107","82220203","10","67721975"
"JH378116","14504494","14504795","chr24","51004467","51004765","35","36499973"
"JH378116","14510704","14510987","chr24","52251014","52251304","51","37740310"
"JH378116","14541151","14541444","chr8","132387351","132387652","39","117846200"
"JH378116","14560530","14560828","chr3","86055345","86055648","48","71494815"
"JH378116","14570310","14570612","chr23","78958611","78958915","32","64388301"
"JH378116","14573024","14573330","chr2","35933723","35934028","44","21360699"
"JH378116","14593212","14593512","chr11","117737181","117737478","32","103143969"
"JH378116","14607117","14607428","chr27","25506578","25506885","42","10899461"
"JH378116","14619541","14619847","chr29","8289755","8290055","40","6329786"
"JH378116","14636850","14637147","chr16","14854865","14855159","42","218015"
"JH378116","14639666","14639748","chr5","67880800","67880883","12","53241134"
"JH378116","14647905","14648201","chr12","10064948","10065242","32","4582957"
"JH378116","14653299","14653429","chr1","97802296","97802426","12","83148997"
"JH378116","14666810","14667054","chr3","81094285","81094529","27","66427475"
"JH378116","14669491","14669781","chr14","20553984","20554275","49","5884493"
"JH378116","14721562","14721876","chr8","66644262","66644564","36","51922700"
"JH378116","14846153","14846442","chr23","52163513","52163808","34","37317360"
"JH378116","14922419","14922711","chr7","767770","768068","48","14154649"
"JH378116","14962821","14963119","chr9","86896343","86896639","51","71933522"
"JH378116","14977308","14977596","chr23","72310057","72310347","33","57332749"
"JH378116","14998708","14998857","chrX","128768607","128768755","21","113769899"
"JH378116","14999471","14999756","chr9","94521914","94522196","40","79522443"
"JH378116","15043606","15043900","chr10","81788933","81789221","47","66745327"
"JH378116","15101606","15101698","chr26","46418099","46418189","21","31316493"
"JH378116","15111016","15111314","chr12","10064948","10065242","29","5046068"
"JH378116","15145371","15145670","chr2","5168180","5168471","38","9977191"
"JH378116","15202129","15202413","chr8","51983313","51983590","43","36781184"
"JH378116","15307865","15307929","chr6","21157971","21158035","13","5850106"
"JH378116","15380732","15381031","chr11","34002757","34003053","31","18622025"
"JH378116","15586835","15587089","chr3","27147134","27147379","39","11560299"
"JH378116","15715620","15715718","chr22","82220107","82220203","12","66504487"
"JH378116","15833312","15833521","chr2","41986599","41986802","24","26153287"
"JH378116","15948439","15948753","chr5","57912411","57912720","45","41963972"
"JH378116","16050411","16050730","chr24","59131299","59131612","50","43080888"
"JH378116","16099877","16100155","chr2","5168180","5168471","50","10931697"
"JH378116","16185565","16185692","chr14","59545740","59545870","17","43360175"
"JH378116","16210267","16210573","chr2","7494757","7495063","38","8715510"
"JH378116","16237692","16237992","chr12","10064948","10065242","31","6172744"
"JH378116","16273581","16273866","chr18","70191042","70191329","45","53917461"
"JH378116","16542584","16542800","chr25","73647297","73647508","27","57104713"
"JH378116","16665577","16665833","chr8","130278670","130278926","33","113613093"
"JH378116","16671439","16671737","chr15","86758708","86759003","33","70087269"
"JH378116","16844867","16845102","chr11","91279925","91280168","41","74435058"
"JH378116","16907626","16907922","chr12","87273258","87273561","45","70365632"
"JH378116","16969299","16969420","chr15","90834689","90834810","13","73865390"
"JH378116","16984162","16984457","chr15","18549945","18550246","35","1565783"
"JH378116","16992137","16992464","chr28","6160407","6160742","57","10831730"
"JH378116","17122483","17122774","chr10","125400149","125400442","40","108277666"
"JH378116","17170485","17170623","chr5","523440","523575","16","16647045"
"JH378116","17175222","17175315","chr22","82220107","82220203","12","65044885"
"JH378116","17244334","17244633","chr27","12149934","12150235","33","5094400"
"JH378116","17285565","17285863","chr13","65577132","65577425","40","48291567"
"JH378116","17303798","17304098","chr18","72052984","72053276","43","54749186"
"JH378116","17312380","17312688","chr8","96089866","96090170","34","78777486"
"JH378116","17335522","17335605","chr5","67880800","67880883","7","50545278"
"JH378116","17372011","17372321","chr17","30184322","30184640","59","12812311"
"JH378116","17405719","17406003","chr12","6781553","6781865","101","10624166"
"JH378116","17435350","17435651","chr24","27587630","27587930","42","10152280"
"JH378116","17451018","17451333","chr1","65504304","65504612","38","48053286"
"JH378116","17471471","17471788","chr19","26883126","26883437","39","9411655"
"JH378116","17598306","17598605","chr9","90943231","90943523","36","73344925"
"JH378116","17628443","17628743","chr11","115525233","115525542","49","97896790"
"JH378116","17652128","17652442","chr25","6602420","6602725","38","11049708"
"JH378116","17707829","17708125","chr16","70684193","70684489","29","52976364"
"JH378116","17732840","17733124","chr18","56819962","56820242","39","39087122"
"JH378116","17748050","17748346","chrX","23977849","23978143","44","6229799"
"JH378116","17808401","17808699","chr16","66778933","66779236","45","48970532"
"JH378116","17858921","17859189","chrX","29924254","29924528","44","12065333"
"JH378116","17898301","17898593","chr1","68219231","68219530","38","50320930"
"JH378116","17918159","17918465","chrX","11815348","11815650","35","6102811"
"JH378116","17926472","17926727","chr4","90050753","90051007","51","72124281"
"JH378116","17973796","17974092","chr12","10064948","10065242","30","7908848"
"JH378116","17977553","17977848","chr25","69293378","69293673","39","51315825"
"JH378116","18000418","18000722","chr8","1916519","1916819","35","16083899"
"JH378116","18040898","18041160","chr16","18902865","18903120","35","861967"
"JH378116","18047557","18047859","chrX","123533571","123533868","40","105486014"
"JH378116","18086622","18086917","chr18","17102881","17103179","40","983741"
"JH378116","18087383","18087503","chr6","8802293","8802413","13","9285090"
"JH378116","18115254","18115371","chr16","73730787","73730904","23","55615533"
"JH378116","18211530","18211829","chr4","68750844","68751128","47","50539314"
"JH378116","18221066","18221372","chr28","4550302","4550608","39","13670764"
"JH378116","18276320","18276618","chr27","48451545","48451843","37","30175225"
"JH378116","18319338","18319648","chr6","15953108","15953417","39","2366230"
"JH378116","18351003","18351289","chr5","42662951","42663235","28","24311948"
"JH378116","18378243","18378456","chrX","46578018","46578222","39","28199775"
"JH378116","18427764","18427859","chr22","82220107","82220203","5","63792343"
"JH378116","18451562","18451853","chr12","72770338","72770629","47","54318776"
"JH378116","18455293","18455593","chr26","21427773","21428073","38","2972480"
"JH378116","18470127","18470429","chr9","56811131","56811438","36","38341004"
"JH378116","18473401","18473699","chr21","120861494","120861791","38","102388093"
"JH378116","18474083","18474376","chr21","112047561","112047854","44","93573478"
"JH378116","18485716","18485973","chr27","37334117","37334370","37","18848401"
"JH378116","18621398","18621708","chr29","22212342","22212650","45","3590944"
"JH378116","18763118","18763418","chr23","56378326","56378623","46","37615208"
"JH378116","18828701","18828970","chr24","73585240","73585507","38","54756539"
"JH378116","18892442","18892740","chr21","29246883","29247191","39","10354441"
"JH378116","18944268","18944601","chr12","13047845","13048153","56","5896423"
"JH378116","19018774","19019070","chr9","116253602","116253902","32","97234828"
"JH378116","19036134","19036402","chr2","82904028","82904295","36","63867894"
"JH378116","19059849","19060131","chr27","45824808","45825099","39","26764959"
"JH378116","19118695","19118821","chr11","104248796","104248920","10","85130101"
"JH378116","19144468","19144769","chr1","105860959","105861258","44","86716491"
"JH378116","19147091","19147169","chr13","63031813","63031889","8","43884722"
"JH378116","19209203","19209508","chr5","2273487","2273788","40","16935716"
"JH378116","19215935","19216233","chr18","71629517","71629808","32","52413582"
"JH378116","19249907","19250212","chr15","86928795","86929095","35","67678888"
"JH378116","19256497","19256581","chr16","4405728","4405812","7","14850769"
"JH378116","19282590","19282901","chr20","86951906","86952213","35","67669316"
"JH378116","19308855","19309154","chr18","72052984","72053276","33","52744129"
"JH378116","19309993","19310262","chr21","56602482","56602744","40","37292489"
"JH378116","19326463","19326727","chr22","81976155","81976422","36","62649692"
"JH378116","19337393","19337681","chr6","48913632","48913921","41","29576239"
"JH378116","19367916","19367995","chr8","81772932","81773010","16","62405016"
"JH378116","19377284","19377577","chr9","94680666","94680961","39","75303382"
"JH378116","19512527","19512818","chr18","34769557","34769861","44","15257030"
"JH378116","19538489","19538780","chr6","38437831","38438120","29","18899342"
"JH378116","19542829","19543124","chr18","59261435","59261732","49","39718606"
"JH378116","19558579","19558875","chr1","31234271","31234571","40","11675692"
"JH378116","19569618","19569930","chr14","73509821","73510122","38","53940203"
"JH378116","19570221","19570532","chr5","36774379","36774687","30","17204158"
"JH378116","19575999","19576294","chr22","50629443","50629736","34","31053444"
"JH378116","19582504","19582787","chr22","58976642","58976922","39","39394138"
"JH378116","19582893","19583057","chr23","82156276","82156438","30","62573383"
"JH378116","19626729","19627027","chr12","10064948","10065242","29","9561781"
"JH378116","19633128","19633410","chr20","16622523","16622804","37","3010605"
"JH378116","19643663","19643964","chr14","79801787","79802070","57","60158124"
"JH378116","19743590","19743674","chr14","82610477","82610563","11","62866887"
"JH378116","19763382","19763679","chr12","10064948","10065242","31","9698434"
"JH378116","19776509","19776782","chr9","104139191","104139453","44","84362682"
"JH378116","19781164","19781254","chr3","65349691","65349782","11","45568527"
"JH378116","19795639","19795952","chr6","40772232","40772536","39","20976593"
"JH378116","19810882","19811032","chr9","59130238","59130387","13","39319356"
"JH378116","19812097","19812241","chr9","86109665","86109806","16","66297568"
"JH378116","19813561","19813858","chr8","40235864","40236161","46","20422303"
"JH378116","19888478","19888775","chr12","10064948","10065242","26","9823530"
"JH378116","19890396","19890498","chrX","2017984","2018087","10","17872412"
"JH378116","19900695","19901003","chr2","12618857","12619164","43","7281838"
"JH378116","19911072","19911356","chr14","1899716","1900013","44","18011356"
"JH378116","19932465","19932746","chr24","12085510","12085792","42","7846955"
"JH378116","19946394","19946504","chr6","1067449","1067558","11","18878945"
"JH378116","19967744","19968053","chr9","72282914","72283221","45","52315170"
"JH378116","19981193","19981492","chr16","7280272","7280575","35","12700921"
"JH378116","19984966","19985265","chr1","103733461","103733745","60","83748495"
"JH378116","19994679","19994990","chr17","44387479","44387789","36","24392800"
"JH378116","20012083","20012367","chr20","22602515","22602803","45","2590432"
"JH378116","20015485","20015784","chr13","8870800","8871100","34","11144685"
"JH378116","20036923","20037218","chr16","53397850","53398143","38","33360927"
"JH378116","20040788","20041091","chr12","10064948","10065242","35","9975840"
"JH378116","20043410","20043726","chr2","34891557","34891863","38","14848147"
"JH378116","20062074","20062365","chr18","71309352","71309642","40","51247278"
"JH378116","20090375","20090664","chr15","49165833","49166121","28","29075458"
"JH378116","20093344","20093643","chr12","10064948","10065242","35","10028396"
"JH378116","20123583","20123883","chr29","8289755","8290055","31","11833828"
"JH378116","20159703","20159953","chr8","47343690","47343945","35","27183987"
"JH378116","20250250","20250565","chr3","10937420","10937729","40","9312830"
"JH378116","20330257","20330561","chr10","87174408","87174705","38","66844151"
"JH378116","20343342","20343609","chr6","44835018","44835282","49","24491676"
"JH378116","20444158","20444464","chr2","34891557","34891863","36","14447399"
"JH378116","20523856","20524125","chr12","12434992","12435260","40","8088864"
"JH378116","20540723","20541043","chr13","69332697","69333009","52","48791974"
"JH378116","20611067","20611254","chrX","69874323","69874503","45","49263256"
"JH378116","20930911","20931194","chr2","80048882","80049173","43","59117971"
"JH378116","20951278","20951588","chrX","125302543","125302844","42","104351265"
"JH378116","20961039","20961335","chrX","23977849","23978143","39","3016810"
"JH378116","21013710","21014015","chr22","2509630","2509937","42","18504080"
"JH378116","21023058","21023280","chr17","44703760","44703972","36","23680702"
"JH378116","21099972","21100267","chr17","28033689","28033980","45","6933717"
"JH378116","21108922","21109215","chr12","27689757","27690055","43","6580835"
"JH378116","21131619","21131922","chr8","40351555","40351858","35","19219936"
"JH378116","21136413","21136702","chr1","96642389","96642670","53","75505976"
"JH378116","21148260","21148569","chr6","16598509","16598818","32","4549751"
"JH378116","21204678","21204898","chr26","38617987","38618194","33","17413309"
"JH378116","21230079","21230351","chrX","29924254","29924528","44","8694175"
"JH378116","21231562","21231873","chr2","3720339","3720645","50","17511223"
"JH378116","21331324","21331642","chr7","30645066","30645382","56","9313742"
"JH378116","21334125","21334396","chr5","42662951","42663235","37","21328826"
"JH378116","21391873","21392159","chr22","57424074","57424362","34","36032201"
"JH378116","21449522","21449828","chr6","46398197","46398498","40","24948675"
"JH378116","21486520","21486680","chr1","116153598","116153752","31","94667078"
"JH378116","21530965","21531260","chr9","43165199","43165493","53","21634234"
"JH378116","21547721","21547811","chr3","65349691","65349782","9","43801970"
"JH378116","21553132","21553165","chrY_KE148137v1_random","26088","26121","7","21527044"
"JH378116","21553527","21553738","chr12","106138723","106138941","37","84585196"
"JH378116","21568667","21568952","chr5","53255334","53255620","43","31686667"
"JH378116","21602260","21602551","chr8","89963957","89964248","37","68361697"
"JH378116","21633806","21634125","chr20","106884868","106885166","42","85251062"
"JH378116","21637543","21637841","chr8","134989821","134990115","42","113352278"
"JH378116","21678017","21678305","chr10","62769074","62769367","50","41091057"
"JH378116","21682625","21682709","chr16","4405728","4405812","6","17276897"
"JH378116","21687432","21687611","chrX","890333","890519","44","20797099"
"JH378116","21689191","21689397","chr17","58619356","58619558","25","36930165"
"JH378116","21691836","21691966","chr20","20852752","20852882","8","839084"
"JH378116","21701617","21701764","chr9","59130238","59130387","15","37428621"
"JH378116","21712570","21712700","chr20","20852752","20852882","11","859818"
"JH378116","21712705","21712933","chr1","80319221","80319440","36","58606516"
"JH378116","21738347","21738652","chr7","37159294","37159601","34","15420947"
"JH378116","21778574","21778870","chr12","10064948","10065242","27","11713626"
"JH378116","21784834","21785128","chr1","10803268","10803561","41","10981566"
"JH378116","21810909","21811195","chr20","41122725","41123014","38","19311816"
"JH378116","21847887","21848179","chr12","10064948","10065242","33","11782939"
"JH378116","21854909","21855187","chr10","103304408","103304688","41","81449499"
"JH378116","21859840","21860118","chr7","125378906","125379181","40","103519066"
"JH378116","21862976","21863272","chr12","10064948","10065242","27","11798028"
"JH378116","21872329","21872638","chr6","15953108","15953417","31","5919221"
"JH378116","21875433","21875755","chr16","36997585","36997892","59","15122152"
"JH378116","21881156","21881459","chr12","10064948","10065242","35","11816208"
"JH378116","21881809","21882073","chr16","4608206","4608469","46","17273603"
"JH378116","22078237","22078540","chr8","40060771","40061076","38","17982534"
"JH378116","22093598","22093881","chr16","11510009","11510291","36","10583589"
"JH378116","22095293","22095576","chr16","35336459","35336744","43","13241166"
"JH378116","22134685","22134971","chr6","32156917","32157206","36","10022232"
"JH378116","22166208","22166478","chr4","67341451","67341711","39","45175243"
"JH378116","22234204","22234496","chr2","90183349","90183641","42","67949145"
"JH378116","22269598","22269880","chrY","122540","122828","44","22147058"
"JH378116","22325636","22325943","chr2","34891557","34891863","29","12565921"
"JH378116","22348283","22348577","chr24","22113783","22114076","41","234500"
"JH378116","22374018","22374310","chr18","71629517","71629808","33","49255499"
"JH378116","22382894","22382968","chr13","63031813","63031889","10","40648919"
"JH378116","22411256","22411566","chr18","9388916","9389224","44","13022340"
"JH378116","22422760","22423070","chr2","58045145","58045453","32","35622385"
"JH378116","22468630","22468924","chr12","6781553","6781865","69","15687077"
"JH378116","22496242","22496534","chr12","10064948","10065242","32","12431294"
"JH378116","22513809","22514106","chr18","72052984","72053276","50","49539175"
"JH378116","22514991","22515277","chr9","26807010","26807295","39","4292019"
"JH378116","22526076","22526143","chrX","64309154","64309214","12","41783078"
"JH378116","22571891","22572200","chr4","88331964","88332268","41","65760073"
"JH378116","22578048","22578330","chr16","63652876","63653158","39","41074828"
"JH378116","22605483","22605789","chr6","17802140","17802439","35","4803343"
"JH378116","22617643","22617732","chr3","65349691","65349782","12","42732048"
"JH378116","22665826","22666131","chr28","17766563","17766868","30","4899263"
"JH378116","22674016","22674313","chr8","95885898","95886192","34","73211882"
"JH378116","22697818","22698113","chr18","66152378","66152674","30","43454560"
"JH378116","22734701","22735009","chr1","108565860","108566161","35","85831159"
"JH378116","22746563","22746869","chr8","91434027","91434331","36","68687464"
"JH378116","22758234","22758383","chr16","21687282","21687429","19","1070952"
"JH378116","22828160","22828457","chr13","65577132","65577425","32","42748972"
"JH378116","22836963","22837276","chr20","85624325","85624630","39","62787362"
"JH378116","22850806","22850883","chr13","63031813","63031889","9","40181007"
"JH378116","22880091","22880345","chr5","57856103","57856358","31","34976012"
"JH378116","22893074","22893366","chr6","38437831","38438120","36","15544757"
"JH378116","22911617","22911933","chr10","88177543","88177855","39","65265926"
"JH378116","22934930","22935210","chr22","9600661","9600931","48","13334269"
"JH378116","22941746","22941849","chrX","2017984","2018087","9","20923762"
"JH378116","22957339","22957506","chr4","65157978","65158146","19","42200639"
"JH378116","22961083","22961377","chr3","88960138","88960433","38","65999055"
"JH378116","22979740","22980040","chr1","7320511","7320810","34","15659229"
"JH378116","22987568","22987845","chr5","26756445","26756721","38","3768877"
"JH378116","22992635","22992926","chr12","30324456","30324749","44","7331821"
"JH378116","23043472","23043548","chr13","63031813","63031889","7","39988341"
"JH378116","23071109","23071387","chr1","69161184","69161465","41","46090075"
"JH378116","23086880","23086989","chr2","56143676","56143777","27","33056796"
"JH378116","23092004","23092293","chr12","10064948","10065242","41","13027056"
"JH378116","23112774","23113085","chr2","34891557","34891863","38","11778783"
"JH378116","23116430","23116645","chr13","7317370","7317589","25","15799060"
"JH378116","23119398","23119702","chr8","70024490","70024791","40","46905092"
"JH378116","23160363","23160650","chr11","40065935","40066232","40","16905572"
"JH378116","23171280","23171527","chr14","49196743","49196984","40","26025463"
"JH378116","23182388","23182685","chr11","31834827","31835123","47","8652439"
"JH378116","23196946","23197265","chr24","68895333","68895641","39","45698387"
"JH378116","23203311","23203625","chr11","120207458","120207761","53","97004147"
"JH378116","23235227","23235530","chr2","24842636","24842933","47","1607409"
"JH378116","23250703","23250851","chr9","59130238","59130387","14","35879535"
"JH378116","23326115","23326370","chr17","53533666","53533914","43","30207551"
"JH378116","23378660","23378963","chr6","5143118","5143416","37","18235542"
"JH378116","23420477","23420778","chrX","23977849","23978143","32","557372"
"JH378116","23472107","23472422","chr13","84743392","84743699","37","61271285"
"JH378116","23595369","23595663","chr5","33074148","33074451","40","9478779"
"JH378116","23606835","23606909","chr13","63031813","63031889","8","39424978"
"JH378116","23633757","23634068","chr1","110566972","110567281","41","86933215"
"JH378116","23723247","23723553","chr16","64190652","64190961","36","40467405"
"JH378116","23763952","23764141","chr17","36128189","36128374","40","12364237"
"JH378116","23764731","23764856","chr2","35943542","35943664","19","12178811"
"JH378116","23776655","23776953","chr20","12510060","12510355","32","11266595"
"JH378116","23785411","23785708","chr6","29168940","29169240","49","5383529"
"JH378116","23791085","23791377","chr11","126818840","126819124","43","103027755"
"JH378116","23800101","23800299","chr17","40172220","40172415","25","16372119"
"JH378116","23803231","23803313","chr5","67880800","67880883","8","44077569"
"JH378116","23834361","23834646","chr10","8909912","8910203","40","14924449"
"JH378116","23844535","23844618","chr16","4405728","4405812","6","19438807"
"JH378116","23848651","23848944","chr13","65577132","65577425","35","41728481"
"JH378116","23907021","23907317","chr12","10064948","10065242","34","13842073"
"JH378116","23923841","23924084","chr3","12158483","12158716","38","11765358"
"JH378116","23928651","23928787","chr26","6591504","6591639","13","17337147"
"JH378116","23930108","23930329","chr13","7317370","7317589","29","16612738"
"JH378116","23935071","23935355","chr6","19815995","19816283","39","4119076"
"JH378116","23935738","23935822","chr16","4405728","4405812","5","19530010"
"JH378116","23936950","23937255","chr12","58820917","58821209","38","34883967"
"JH378116","23945984","23946281","chr25","25337534","25337836","40","1391550"
"JH378116","23973620","23973704","chrX_KE148108v1_random","2164794","2164877","11","21808826"
"JH378116","23989085","23989217","chr19","5294457","5294586","16","18694628"
"JH378116","24001632","24001951","chr1","49455532","49455836","51","25453900"
"JH378116","24008068","24008372","chr12","10064948","10065242","30","13943120"
"JH378116","24029232","24029522","chr23","52118830","52119121","36","28089598"
"JH378116","24033714","24033961","chr10","52997867","52998109","28","28964153"
"JH378116","24040929","24041043","chr16","37093185","37093297","16","13052256"
"JH378116","24047147","24047455","chr11","1561198","1561507","50","22485949"
"JH378116","24065080","24065364","chr27","32667682","32667970","47","8602602"
"JH378116","24103673","24103987","chr1","10267383","10267691","46","13836290"
"JH378116","24108912","24109002","chr3","65349691","65349782","10","41240779"
"JH378116","24110286","24110380","chr15","39050206","39050292","17","14939920"
"JH378116","24133783","24134091","chr1","65504304","65504612","41","41370521"
"JH378116","24142062","24142353","chr12","10064948","10065242","26","14077114"
"JH378116","24151285","24151576","chr6","38437831","38438120","30","14286546"
"JH378116","24181079","24181286","chr15","82175072","82175282","32","57993993"
"JH378116","24189010","24189305","chr12","2544442","2544740","51","21644568"
"JH378116","24191518","24191835","chr1","98815535","98815843","46","74624017"
"JH378116","24198805","24198946","chr22","65091173","65091314","16","40892368"
"JH378116","24214530","24214811","chr9","108597950","108598239","46","84383420"
"JH378116","24217266","24217394","chr1","97802296","97802426","10","73585030"
"JH378116","24258791","24259089","chr21","74368618","74368909","30","50109827"
"JH378116","24297324","24297630","chr11","40065935","40066232","37","15768611"
"JH378116","24300546","24300847","chr20","46933799","46934103","40","22633253"
"JH378116","24306006","24306298","chr16","11247440","11247731","45","13058566"
"JH378116","24316569","24316879","chr18","67218974","67219278","49","42902405"
"JH378116","24332854","24332960","chr2","23010920","23011031","22","1321934"
"JH378116","24341293","24341592","chr2","35931939","35932239","26","11590646"
"JH378116","24352366","24352495","chr3","91348390","91348521","11","66996024"
"JH378116","24358173","24358467","chr12","10064948","10065242","27","14293225"
"JH378116","24366474","24366750","chr15","57939854","57940135","46","33573380"
"JH378116","24382265","24382338","chr13","63031813","63031889","9","38649548"
"JH378116","24385498","24385789","chr5","22668022","22668311","37","1717476"
"JH378116","24404453","24404725","chr1","80884068","80884343","34","56479615"
"JH378116","24415911","24416204","chr16","2431144","2431438","33","21984767"
"JH378116","24427655","24427765","chr6","5216779","5216886","17","19210876"
"JH378116","24428414","24428603","chr21","73442861","73443050","26","49014447"
"JH378116","24428733","24428840","chr24","81412056","81412162","12","56983323"
"JH378116","24444686","24444945","chr11","44436513","44436764","44","19991827"
"JH378116","24449784","24450064","chr29","12355751","12356042","46","12094033"
"JH378116","24450065","24450359","chr12","10064948","10065242","28","14385117"
"JH378116","24452604","24452910","chr22","18232920","18233227","33","6219684"
"JH378116","24455443","24455542","chr22","82220107","82220203","10","57764664"
"JH378116","24456015","24456092","chr13","63031813","63031889","7","38575798"
"JH378116","24456517","24456673","chr27","8342111","8342276","30","16114406"
"JH378116","24459672","24459950","chr1","69161184","69161465","37","44701512"
"JH378116","24465419","24465718","chr10","118597337","118597632","29","94131918"
"JH378116","24474239","24474347","chr12","100917835","100917936","17","76443596"
"JH378116","24477041","24477324","chr12","87825477","87825754","42","63348436"
"JH378116","24486706","24486905","chr1","10019025","10019205","46","14467681"
"JH378116","24487903","24488011","chr12","53065987","53066095","12","28578084"
"JH378116","24490490","24490814","chr26","6059541","6059849","49","18430949"
"JH378116","24497391","24497673","chr16","13801423","13801707","46","10695968"
"JH378116","24523769","24523859","chr3","65349691","65349782","10","40825922"
"JH378116","24538442","24538757","chr26","18919148","18919455","42","5619294"
"JH378116","24555428","24555720","chr2","5168180","5168471","37","19387248"
"JH378116","24578243","24578390","chrUn_KE147649v1","9029","9176","15","24569214"
"JH378116","24588255","24588554","chr1","103415790","103416081","32","78827535"
"JH378116","24591852","24591932","chr5","67880800","67880883","10","43288948"
"JH378116","24608579","24608655","chr13","63031813","63031889","6","38423234"
"JH378116","24610096","24610405","chr5","42870195","42870502","37","18260099"
"JH378116","24625049","24625349","chr12","86116506","86116809","45","61491457"
"JH378116","24631937","24632247","chr4","71100937","71101237","36","46469000"
"JH378116","24663616","24663905","chr13","22116830","22117114","46","2546786"
"JH378116","24663960","24664263","chr20","24215600","24215905","35","448360"
"JH378116","24674318","24674615","chr4","31400267","31400561","38","6725949"
"JH378116","24683751","24684050","chr8","95885898","95886192","40","71202147"
"JH378116","24694455","24694756","chr3","23092778","23093082","42","1601677"
"JH378116","24695131","24695235","chrX","2017984","2018087","10","22677147"
"JH378116","24696613","24696917","chr6","10855614","10855920","46","13840999"
"JH378116","24713067","24713342","chr24","26938119","26938393","40","2225052"
"JH378116","24725738","24726032","chr26","12826886","12827179","29","11898852"
"JH378116","24733025","24733323","chrX","18278407","18278706","55","6454618"
"JH378116","24749585","24749683","chr22","82220107","82220203","9","57470522"
"JH378116","24749724","24750018","chr13","65577132","65577425","37","40827408"
"JH378116","24765116","24765401","chr17","26704948","26705231","34","1939832"
"JH378116","24778231","24778541","chr2","34891557","34891863","35","10113326"
"JH378116","24797134","24797463","chr5","24362564","24362891","52","434570"
"JH378116","24803244","24803344","chrX","2017984","2018087","11","22785260"
"JH378116","24804523","24804653","chr3","91348390","91348521","13","66543867"
"JH378116","24805638","24805934","chr12","10064948","10065242","37","14740690"
"JH378116","24810263","24810547","chrX","46136481","46136772","48","21326218"
"JH378116","24810560","24810869","chr5","36774379","36774687","34","11963819"
"JH378116","24815571","24815866","chr16","14358940","14359244","42","10456631"
"JH378116","24820028","24820323","chr24","22113783","22114076","33","2706245"
"JH378116","24822136","24822445","chr13","84743392","84743699","42","59921256"
"JH378116","24832801","24833107","chr8","26615780","26616077","39","1782979"
"JH378116","24866696","24866817","chr20","67637645","67637774","21","42770949"
"JH378116","24886908","24887017","chr20","35691146","35691245","28","10804238"
"JH378116","24891247","24891298","chr22","7099436","7099491","7","17791811"
"JH378116","24894113","24894203","chr3","65349691","65349782","10","40455578"
"JH378116","24905880","24906164","chr9","56910898","56911189","35","32005018"
"JH378116","24918350","24918640","chr10","11035049","11035344","43","13883301"
"JH378116","24919467","24919756","chr12","30324456","30324749","41","5404989"
"JH378116","24920583","24920873","chr23","52118830","52119121","29","27198247"
"JH378116","24925734","24925870","chr26","6591504","6591639","15","18334230"
"JH378116","24934174","24934468","chr25","43964747","43965050","44","19030573"
"JH378116","24969535","24969833","chr12","10064948","10065242","27","14904587"
"JH378116","25002688","25002910","chr20","8490122","8490344","41","16512566"
"JH378116","25027840","25028144","chr8","66036288","66036600","63","41008448"
"JH378116","25066552","25066854","chr13","67235992","67236297","43","42169440"
"JH378116","25082120","25082413","chr13","45058548","45058844","37","19976428"
"JH378116","25119724","25120019","chr23","43687025","43687322","44","18567301"
"JH378116","25153529","25153832","chr4","35412757","35413052","34","10259228"
"JH378116","25153866","25154183","chr17","55864125","55864431","64","30710259"
"JH378116","25176075","25176348","chrX","120633614","120633888","39","95457539"
"JH378116","25179084","25179248","chr18","16359736","16359900","22","8819348"
"JH378116","25230984","25231267","chr5","20366749","20367033","40","4864235"
"JH378116","25298513","25298749","chr1","114051139","114051372","39","88752626"
"JH378116","25300114","25300244","chr3","91348390","91348521","13","66048276"
"JH378116","25303753","25303841","chr19","7758593","7758681","9","17545160"
"JH378116","25327640","25327896","chr19","12446187","12446429","50","12881453"
"JH378116","25331161","25331277","chr4","60395666","60395783","14","35064505"
"JH378116","25401905","25402210","chr2","34891557","34891863","38","9489652"
"JH378116","25458098","25458330","chr11","126175108","126175340","27","100717010"
"JH378116","25490027","25490324","chr3","26331221","26331516","43","841194"
"JH378116","25511410","25511703","chr9","83383980","83384273","34","57872570"
"JH378116","25521614","25521883","chr18","63235586","63235856","40","37713972"
"JH378116","25529638","25529727","chr19","7758593","7758681","9","17771045"
"JH378116","25531362","25531445","chr16","4405728","4405812","6","21125634"
"JH378116","25531446","25531735","chr12","10064948","10065242","34","15466498"
"JH378116","25552759","25552853","chr1","39939684","39939788","19","14386925"
"JH378116","25555566","25555661","chr22","82220107","82220203","10","56664541"
"JH378116","25557747","25558064","chr15","81017660","81017975","45","55459913"
"JH378116","25566833","25567142","chr23","61905659","61905961","35","36338826"
"JH378116","25589011","25589120","chr20","115102100","115102215","13","89513089"
"JH378116","25594966","25595256","chr11","8939882","8940158","47","16655084"
"JH378116","25597582","25597878","chr1","69161184","69161465","48","43563602"
"JH378116","25617085","25617381","chr12","10064948","10065242","36","15552137"
"JH378116","25654605","25654861","chr27","47423413","47423674","31","21768808"
"JH378116","25661097","25661327","chr10","3519976","3520199","38","22141121"
"JH378116","25692427","25692743","chr11","115525233","115525542","35","89832806"
"JH378116","25695179","25695479","chr12","10064948","10065242","33","15630231"
"JH378116","25709630","25709931","chr19","9824759","9825062","37","15884871"
"JH378116","25738142","25738451","chr2","58045145","58045453","35","32307003"
"JH378116","25738981","25739249","chr23","5517272","5517549","45","20221709"
"JH378116","25746016","25746307","chr3","19154026","19154319","32","6591990"
"JH378116","25752718","25753020","chr11","115525233","115525542","39","89772515"
"JH378116","25754550","25754629","chr13","63031813","63031889","9","37277263"
"JH378116","25760558","25760848","chr25","61615818","61616106","36","35855260"
"JH378116","25762056","25762345","chr6","38437831","38438120","36","12675775"
"JH378116","25811688","25811984","chr24","1051567","1051864","37","24760121"
"JH378116","25821848","25821942","chr22","82220107","82220203","9","56398259"
"JH378116","25822826","25822992","chr9","106685775","106685937","31","80862949"
"JH378116","25823019","25823030","chr4","27717094","27717106","2","1894075"
"JH378116","25833740","25833929","chr5","74155066","74155247","46","48321326"
"JH378116","25834729","25834856","chr1","97802296","97802426","14","71967567"
"JH378116","25856011","25856305","chr1","68219231","68219530","33","42363220"
"JH378116","25866880","25867178","chrX","50127586","50127886","54","24260706"
"JH378116","25872118","25872263","chr6","7229588","7229731","15","18642530"
"JH378116","25874771","25874865","chr22","82220107","82220203","9","56345336"
"JH378116","25875727","25875819","chr17","51048221","51048316","32","25172494"
"JH378116","25876422","25876512","chr20","119761262","119761350","10","93884840"
"JH378116","25982815","25983097","chr1","50359254","50359531","40","24376439"
"JH378116","26002985","26003288","chr5","2273487","2273788","31","23729498"
"JH378116","26019736","26019814","chr17","40341447","40341524","8","14321711"
"JH378116","26038083","26038383","chr27","1254903","1255173","71","24783180"
"JH378116","26120031","26120321","chr7","36238086","36238370","37","10118055"
"JH378116","26257502","26257804","chr13","8870800","8871100","44","17386702"
"JH378116","26327669","26327934","chr26","39306794","39307057","36","12979125"
"JH378116","26340392","26340610","chr9","7317367","7317591","47","19023025"
"JH378116","26357166","26357323","chr29","3983516","3983668","27","22373650"
"JH378116","26369295","26369585","chrX","22653522","22653815","45","3715773"
"JH378116","26471437","26471743","chr1","92441279","92441586","44","65969842"
"JH378116","26490278","26490593","chr11","115525233","115525542","36","89034955"
"JH378116","26504147","26504433","chr10","8909912","8910203","54","17594235"
"JH378116","26574325","26574392","chr25","13959361","13959428","13","12614964"
"JH378116","26611830","26612137","chr18","67218974","67219278","44","40607144"
"JH378116","26655274","26655588","chr20","105941906","105942211","52","79286632"
"JH378116","26657879","26658167","chr20","82191530","82191818","35","55533651"
"JH378116","26694182","26694483","chr12","10064948","10065242","42","16629234"
"JH378116","26700371","26700685","chr1","108565860","108566161","46","81865489"
"JH378116","26855610","26855921","chr15","76433661","76433968","31","49578051"
"JH378116","26971272","26971570","chr14","68345485","68345780","48","41374213"
"JH378116","27122674","27122981","chr6","16598509","16598818","35","10524165"
"JH378116","27130522","27130832","chr12","10064948","10065242","40","17065574"
"JH378116","27170134","27170443","chr16","2999161","2999470","43","24170973"
"JH378116","27200340","27200655","chr9","63581525","63581830","40","36381185"
"JH378116","27205793","27206076","chr16","63652876","63653158","44","36447083"
"JH378116","27249058","27249359","chr3","37060125","37060426","44","9811067"
"JH378116","27317354","27317453","chr3","73832741","73832841","18","46515387"
"JH378116","27368998","27369289","chr3","51320753","51321046","42","23951755"
"JH378116","27501382","27501534","chrUn_KE147649v1","9029","9176","18","27492353"
"JH378116","27519709","27519999","chrX","43388473","43388761","47","15868764"
"JH378116","27572143","27572447","chr2","85255263","85255560","40","57683120"
"JH378116","27580354","27580659","chrX","60987121","60987417","43","33406767"
"JH378116","27590674","27590969","chr29","10722547","10722839","35","16868127"
"JH378116","27717686","27717825","chr15","5596503","5596636","13","22121183"
"JH378116","27728348","27728637","chr9","123820285","123820575","39","96091937"
"JH378116","27798363","27798673","chr11","115525233","115525542","43","87726870"
"JH378116","27843429","27843737","chr2","25122492","25122796","41","2720937"
"JH378116","27847078","27847383","chr5","2273487","2273788","30","25573591"
"JH378116","27890513","27890804","chr1","69657377","69657663","34","41766864"
"JH378116","27936454","27936602","chr9","59130238","59130387","15","31193784"
"JH378116","27938018","27938123","chr1","39939684","39939788","14","12001666"
"JH378116","27967226","27967530","chr4","68085346","68085654","38","40118120"
"JH378116","27979505","27979787","chr20","104133543","104133820","47","76154038"
"JH378116","27981329","27981619","chr21","97980668","97980956","31","69999339"
"JH378116","27998588","27998878","chr8","40748173","40748466","42","12749585"
"JH378116","28001907","28002195","chr21","74368618","74368909","39","46366711"
"JH378116","28107526","28107831","chr21","80602269","80602572","39","52494743"
"JH378116","28112016","28112315","chr12","10064948","10065242","35","18047068"
"JH378116","28146682","28146944","chrX","43757721","43757978","41","15611039"
"JH378116","28218850","28219132","chr22","37637582","37637856","43","9418732"
"JH378116","28255401","28255681","chr12","25422159","25422437","38","2833242"
"JH378116","28260955","28261239","chr2","66530405","66530698","47","38269450"
"JH378116","28281453","28281782","chr3","37955466","37955795","60","9674013"
"JH378116","28289818","28290126","chr29","2740091","2740398","39","25549727"
"JH378116","28301770","28302074","chr19","9412547","9412853","44","18889223"
"JH378116","28323837","28323942","chr1","62097932","62098038","11","33774095"
"JH378116","28389728","28390025","chr12","62594571","62594866","34","34204843"
"JH378116","28407780","28408104","chr1","14078045","14078365","48","14329735"
"JH378116","28418407","28418485","chr13","63031813","63031889","10","34613406"
"JH378116","28457877","28458177","chr12","10064948","10065242","31","18392929"
"JH378116","28463145","28463384","chr5","74183714","74183949","29","45720569"
"JH378116","28472346","28472676","chr6","9932620","9932946","57","18539726"
"JH378116","28480951","28481257","chr15","3702894","3703194","39","24778057"
"JH378116","28487784","28487873","chr20","119761262","119761350","10","91273478"
"JH378116","28519231","28519551","chr21","63007458","63007779","38","34488227"
"JH378116","28522656","28522744","chr19","7758593","7758681","11","20764063"
"JH378116","28523346","28523648","chr29","2740091","2740398","41","25783255"
"JH378116","28542963","28543282","chr20","99538718","99539034","38","70995755"
"JH378116","28580077","28580300","chr25","59449721","59449941","31","30869644"
"JH378116","28608830","28609128","chr12","10064948","10065242","33","18543882"
"JH378116","28614889","28615196","chr13","84743392","84743699","38","56128503"
"JH378116","28616298","28616590","chr11","94025022","94025317","40","65408724"
"JH378116","28627863","28628103","chr3","12158483","12158716","39","16469380"
"JH378116","28629284","28629433","chr9","59130238","59130387","15","30500954"
"JH378116","28639857","28639941","chr16","4405728","4405812","8","24234129"
"JH378116","28643385","28643475","chr9","108559192","108559284","15","79915807"
"JH378116","28667550","28667654","chrX","2017984","2018087","11","26649566"
"JH378116","28698205","28698466","chr2","28528551","28528816","38","169654"
"JH378116","28711453","28711747","chr14","7668832","7669114","47","21042621"
"JH378116","28725633","28725922","chr16","30637924","30638212","47","1912291"
"JH378116","28769788","28770090","chr14","64881304","64881598","46","36111516"
"JH378116","28814333","28814624","chr3","72686035","72686330","39","43871702"
"JH378116","28818496","28818616","chr15","90834689","90834810","12","62016193"
"JH378116","28818717","28818804","chr16","4405728","4405812","9","24412989"
"JH378116","28820042","28820350","chr23","44247755","44248062","41","15427713"
"JH378116","28825669","28825969","chr5","2273487","2273788","31","26552182"
"JH378116","28835941","28836044","chrX","2017984","2018087","13","26817957"
"JH378116","28836511","28836703","chr1","62235075","62235265","33","33398564"
"JH378116","28837431","28837527","chr22","82220107","82220203","10","53382676"
"JH378116","28850068","28850154","chr16","4405728","4405812","9","24444340"
"JH378116","28877461","28877748","chr11","24811886","24812177","37","4065575"
"JH378116","28882113","28882421","chr23","71257246","71257544","44","42375133"
"JH378116","28887307","28887574","chr24","42312226","42312481","43","13424919"
"JH378116","28895570","28895851","chr20","18848288","18848574","40","10047282"
"JH378116","28954468","28954732","chr7","36238086","36238370","49","7283618"
"JH378116","28955632","28955922","chr20","41327248","41327538","39","12371616"
"JH378116","28979643","28979946","chr5","2273487","2273788","38","26706156"
"JH378116","28991245","28991547","chr11","120207458","120207761","38","91216213"
"JH378116","29032824","29033136","chr28","4550302","4550608","33","24482522"
"JH378116","29038223","29038534","chr11","115525233","115525542","33","86487010"
"JH378116","29116866","29117079","chr16","40442198","40442397","41","11325332"
"JH378116","29127454","29127721","chr21","56602482","56602744","39","27475028"
"JH378116","29170036","29170333","chr25","51030152","51030441","38","21860116"
"JH378116","29185643","29185933","chr2","13671962","13672253","44","15513681"
"JH378116","29196780","29197036","chr8","41144891","41145148","34","11948111"
"JH378116","29199586","29199821","chr3","1164767","1164996","46","28034819"
"JH378116","29201572","29201877","chr26","41473633","41473929","42","12272061"
"JH378116","29216478","29216774","chr22","47793370","47793666","38","18576892"
"JH378116","29222474","29222767","chr13","65577132","65577425","28","36354658"
"JH378116","29228657","29228787","chr8","30816712","30816842","15","1588055"
"JH378116","29278587","29278897","chr26","38024857","38025165","34","8746270"
"JH378116","29297604","29297897","chr12","10064948","10065242","27","19232656"
"JH378116","29352980","29353198","chrX","63929276","63929493","37","34576296"
"JH378116","29484860","29485146","chr22","5608441","5608728","32","23876419"
"JH378116","29550269","29550557","chr12","74716502","74716795","39","45166233"
"JH378116","29556508","29556814","chr5","2273487","2273788","30","27283021"
"JH378116","29626801","29627103","chr2","56217567","56217873","48","26590766"
"JH378116","29644145","29644443","chr1","64693832","64694133","44","35049687"
"JH378116","29690329","29690623","chr12","10064948","10065242","33","19625381"
"JH378116","29702921","29703222","chrX","125507553","125507844","46","95804632"
"JH378116","29742552","29742680","chr15","90834689","90834810","18","61092137"
"JH378116","29756303","29756595","chr22","10940743","10941034","39","18815560"
"JH378116","29758937","29759249","chr2","34385406","34385706","50","4626469"
"JH378116","29770378","29770686","chr2","35933723","35934028","34","6163345"
"JH378116","29828875","29829177","chr13","65577132","65577425","34","35748257"
"JH378116","29962967","29963053","chr12","7441397","7441481","10","22521570"
"JH378116","29972608","29972707","chr22","82220107","82220203","11","52247499"
"JH378116","29979545","29979834","chr25","28758987","28759284","50","1220558"
"JH378116","30009439","30009742","chr6","6735277","6735582","38","23274162"
"JH378116","30163623","30163682","chr21","46963431","46963488","7","16799808"
"JH378116","30176730","30177037","chr23","44247755","44248062","39","14071025"
"JH378116","30245575","30245890","chr14","22799686","22799991","41","7445889"
"JH378116","30255161","30255464","chr12","10064948","10065242","36","20190213"
"JH378116","30308035","30308343","chr12","74217361","74217667","41","43909326"
"JH378116","30335272","30335573","chr12","18922571","18922865","53","11412701"
"JH378116","30391933","30392241","chr14","4549995","4550302","38","25841938"
"JH378116","30461290","30461593","chr22","23399144","23399441","52","7062146"
"JH378116","30507372","30507685","chr14","21051881","21052186","47","9455491"
"JH378116","30662350","30662631","chr6","19815995","19816283","43","10846355"
"JH378116","30679494","30679790","chr10","85309131","85309424","34","54629637"
"JH378116","30765793","30766099","chr13","8870800","8871100","37","21894993"
"JH378116","30769438","30769741","chr5","2273487","2273788","29","28495951"
"JH378116","30934222","30934511","chr28","13050742","13051033","38","17883480"
"JH378116","30954828","30955124","chr12","10064948","10065242","26","20889880"
"JH378116","30963947","30964221","chr8","6165315","6165593","42","24798632"
"JH378116","31050937","31051233","chr20","9985239","9985531","44","21065698"
"JH378116","31113578","31113857","chr29","1616258","1616545","48","29497320"
"JH378116","31213523","31213834","chr12","88692034","88692338","43","57478511"
"JH378116","31328279","31328388","chr24","81959636","81959739","23","50631357"
"JH378116","31379133","31379437","chr18","64029732","64030036","44","32650599"
"JH378116","31397003","31397079","chr13","63031813","63031889","7","31634810"
"JH378116","31425466","31425737","chr22","19278893","19279170","56","12146573"
"JH378116","31435919","31436184","chr17","1674331","1674578","50","29761588"
"JH378116","31472479","31472788","chrX","55595964","55596261","39","24123485"
"JH378116","31538822","31539098","chr22","72356293","72356532","67","40817471"
"JH378116","31739554","31739841","chr12","10064948","10065242","36","21674606"
"JH378116","31744379","31744685","chr2","20242750","20243052","41","11501629"
"JH378116","31747186","31747477","chr11","84680430","84680719","43","52933244"
"JH378116","31758796","31759092","chr8","134989821","134990115","29","103231025"
"JH378116","31783142","31783449","chr3","27069317","27069607","49","4713825"
"JH378116","31783996","31784295","chr20_KE148049v1_random","535731","536028","41","31248265"
"JH378116","31794680","31794955","chr12","31820475","31820752","41","25795"
"JH378116","31818534","31818840","chr29","8556711","8557016","38","23261823"
"JH378116","31907762","31908070","chr1","68219231","68219530","41","36311469"
"JH378116","31919744","31920044","chr12","10064948","10065242","24","21854796"
"JH378116","31924496","31924609","chr25","78291219","78291335","14","46366723"
"JH378116","31955337","31955478","chr23","56978905","56979044","14","25023568"
"JH378116","31959693","31959962","chr8","132346365","132346635","49","100386672"
"JH378116","31961841","31962137","chr8","95885898","95886192","38","63924057"
"JH378116","32009301","32009612","chr2","58045145","58045453","35","26035844"
"JH378116","32024061","32024369","chr21","121143183","121143493","36","89119122"
"JH378116","32033034","32033176","chr9","86109665","86109806","12","54076631"
"JH378116","32073452","32073753","chr8","43248566","43248865","35","11175114"
"JH378116","32144857","32145160","chr9","22769458","22769754","50","9375399"
"JH378116","32153061","32153340","chr10","34266329","34266612","46","2113268"
"JH378116","32155247","32155525","chr11","19611133","19611417","34","12544114"
"JH378116","32172279","32172590","chr1","65504304","65504612","33","33332025"
"JH378116","32186110","32186413","chr20","23803939","23804231","40","8382171"
"JH378116","32200036","32200355","chr20","99538718","99539034","48","67338682"
"JH378116","32214358","32214465","chr6","1067449","1067558","12","31146909"
"JH378116","32220356","32220639","chr14","81578712","81578996","46","49358356"
"JH378116","32226273","32226569","chr15","86758708","86759003","38","54532435"
"JH378116","32240799","32241097","chr1","115205454","115205746","42","82964655"
"JH378116","32249847","32250158","chr9","72868923","72869227","41","40619076"
"JH378116","32271383","32271679","chr8","52344592","52344885","41","20073209"
"JH378116","32284793","32285090","chr15","86758708","86759003","45","54473915"
"JH378116","32285302","32285597","chr7","37129147","37129442","40","4843845"
"JH378116","32288734","32289012","chr12","31966354","31966622","41","322380"
"JH378116","32293176","32293456","chr16","18091158","18091443","31","14202018"
"JH378116","32314645","32314717","chr5","1831151","1831223","13","30483494"
"JH378116","32323190","32323279","chr20","119761262","119761350","8","87438072"
"JH378116","32326444","32326721","chr19","19502742","19503020","30","12823702"
"JH378116","32335008","32335286","chr11","65101250","65101538","51","32766242"
"JH378116","32339372","32339459","chr16","4405728","4405812","8","27933644"
"JH378116","32340510","32340600","chr3","65349691","65349782","11","33009181"
"JH378116","32342510","32342830","chr26","38024857","38025165","54","5682347"
"JH378116","32358572","32358861","chr1","10803268","10803561","41","21555304"
"JH378116","32364644","32364937","chr10","57787441","57787731","39","25422797"
"JH378116","32368289","32368527","chr20","87219787","87220022","37","54851498"
"JH378116","32381139","32381435","chr12","8195857","8196154","42","24185282"
"JH378116","32394270","32394570","chr8","91434027","91434331","40","59039757"
"JH378116","32409000","32409296","chr21","22838763","22839060","30","9570237"
"JH378116","32411794","32411991","chr7","25651942","25652136","45","6759852"
"JH378116","32422573","32422882","chr5","2273487","2273788","32","30149086"
"JH378116","32429163","32429472","chr26","18927734","18928036","35","13501429"
"JH378116","32450882","32451190","chr1","110696522","110696824","39","78245640"
"JH378116","32451391","32451676","chr18","14936633","14936932","47","17514758"
"JH378116","32454155","32454471","chr21","42212520","42212828","39","9758365"
"JH378116","32457436","32457697","chr26","19173163","19173413","46","13284273"
"JH378116","32524505","32524806","chrX","50127586","50127886","41","17603081"
"JH378116","32552439","32552632","chr14","5565186","5565369","39","26987253"
"JH378116","32559752","32560063","chr2","34891557","34891863","40","2331805"
"JH378116","32577821","32578118","chr21","39597822","39598086","64","7020001"
"JH378116","32578119","32578300","chr14","63599097","63599278","32","31020978"
"JH378116","32635593","32635896","chr5","26425551","26425855","35","6210042"
"JH378116","32671250","32671552","chr24","44498613","44498908","41","11827363"
"JH378116","32677795","32678091","chr10","113733335","113733632","47","81055540"
"JH378116","32687035","32687330","chrUn_KE147612v1","9727","10030","42","32677308"
"JH378116","32691461","32691766","chr20","124697510","124697808","39","92006049"
"JH378116","32707387","32707671","chr18","17624355","17624650","40","15083032"
"JH378116","32718213","32718487","chr12","53001863","53002127","48","20283650"
"JH378116","32718488","32718767","chr22","9600661","9600931","36","23117827"
"JH378116","32756296","32756580","chr2","34541558","34541838","59","1785262"
"JH378116","32774044","32774356","chr9","125590772","125591079","41","92816728"
"JH378116","32838826","32839139","chr7","99172603","99172901","42","66333777"
"JH378116","32846689","32846983","chr12","10064948","10065242","32","22781741"
"JH378116","32864709","32865014","chr14","37615851","37616147","47","4751142"
"JH378116","32909995","32910293","chr22","18084841","18085135","49","14825154"
"JH378116","32946812","32947108","chr15","67021856","67022152","50","34075044"
"JH378116","33003549","33003659","chr6","1067449","1067558","16","31936100"
"JH378116","33005607","33005910","chr19","8146510","8146808","38","24859097"
"JH378116","33022811","33023117","chr12","74217361","74217667","48","41194550"
"JH378116","33031401","33031710","chr17","11272656","11272963","47","21758745"
"JH378116","33044932","33045247","chr3","29967257","29967552","56","3077675"
"JH378116","33049008","33049295","chrX","22279223","22279520","48","10769785"
"JH378116","33063861","33063989","chr23","45163369","45163497","12","12099508"
"JH378116","33182711","33182995","chr12","10064948","10065242","44","23117763"
"JH378116","33196289","33196598","chr16","14358940","14359244","40","18837349"
"JH378116","33259461","33259753","chr20","81137435","81137718","38","47877974"
"JH378116","33291033","33291336","chr21","8441745","8442044","42","24849288"
"JH378116","33296999","33297293","chr12","10064948","10065242","28","23232051"
"JH378116","33304194","33304517","chr5","65290373","65290690","68","31986179"
"JH378116","33409378","33409687","chr15","5036234","5036539","57","28373144"
"JH378116","33433009","33433264","chr12","8199200","8199450","36","25233809"
"JH378116","33437106","33437415","chr26","21427773","21428073","35","12009333"
"JH378116","33480819","33481052","chr2","60289734","60289960","41","26808915"
"JH378116","33531174","33531390","chr25","59449721","59449941","39","25918547"
"JH378116","33540925","33541212","chr1","31818411","31818697","34","1722514"
"JH378116","33575372","33575628","chr9","49235195","49235441","40","15659823"
"JH378116","33657881","33658188","chr20","92481976","92482271","37","58824095"
"JH378116","33666586","33666891","chr12","74217361","74217667","34","40550775"
"JH378116","33700782","33701086","chrX","23977849","23978143","40","9722933"
"JH378116","33733278","33733588","chr2","58045145","58045453","31","24311867"
"JH378116","33782307","33782603","chr12","10064948","10065242","28","23717359"
"JH378116","33839847","33840153","chr8","15222719","15223018","46","18617128"
"JH378116","33843858","33844154","chr1","66807483","66807786","47","32963625"
"JH378116","33907223","33907354","chr3","91348390","91348521","14","57441167"
"JH378116","33916126","33916429","chr18","67218974","67219278","40","33302848"
"JH378116","34004264","34004571","chr12","10064948","10065242","33","23939316"
"JH378116","34028795","34029085","chrX","115847772","115848064","38","81818977"
"JH378116","34053313","34053533","chr22","35904405","35904609","57","1851092"
"JH378116","34189049","34189139","chr3","65349691","65349782","10","31160642"
"JH378116","34268980","34269261","chr24","44818791","44819074","38","10549811"
"JH378116","34278027","34278298","chr20","77868884","77869164","40","43590857"
"JH378116","34278874","34279168","chr12","10064948","10065242","23","24213926"
"JH378116","34280857","34281162","chr5","2273487","2273788","34","32007370"
"JH378116","34326881","34326996","chr6","47088798","47088916","22","12761917"
"JH378116","34343366","34343660","chr21","25123896","25124189","33","9219470"
"JH378116","34368404","34368710","chr6","5143118","5143416","50","29225286"
"JH378116","34373671","34373982","chr2","34891557","34891863","38","517886"
"JH378116","34423715","34423992","chr19","4267958","4268239","45","30155757"
"JH378116","34461425","34461728","chr12","40352484","40352792","43","5891059"
"JH378116","34462326","34462615","chr19","22167847","22168138","31","12294479"
"JH378116","34493772","34494042","chr21","43783746","43784023","39","9289974"
"JH378116","34524713","34525016","chr26","38024857","38025165","43","3500144"
"JH378116","34525302","34525570","chr7","102676311","102676585","46","68151009"
"JH378116","34530779","34531086","chr2","27770119","27770427","44","6760660"
"JH378116","34549132","34549450","chr8","21558341","21558649","54","12990791"
"JH378116","34558809","34559099","chr15","66204401","66204692","30","31645592"
"JH378116","34578527","34578605","chr17","40314853","40314924","21","5736326"
"JH378116","34623804","34624064","chr28","2586167","2586428","41","32037637"
"JH378116","34646339","34646547","chr22","38963900","38964108","28","4317561"
"JH378116","34664627","34664949","chr11","62958002","62958317","55","28293375"
"JH378116","34749817","34750117","chrX","125302543","125302844","41","90552726"
"JH378116","34750453","34750612","chr15","63780376","63780536","23","29029923"
"JH378116","34754376","34754687","chr20","89561089","89561394","28","54806713"
"JH378116","34797822","34797925","chr1","39939684","39939788","11","5141862"
"JH378116","34830615","34830893","chr22","9600661","9600931","39","25229954"
"JH378116","34843618","34843906","chr5","22668022","22668311","34","12175596"
"JH378116","34860014","34860314","chr1","10803268","10803561","39","24056746"
"JH378116","34871554","34871706","chr10","11080423","11080572","29","23791131"
"JH378116","34966427","34966736","chr11","58110010","58110310","37","23143583"
"JH378116","35034414","35034721","chr14","83570862","83571166","30","48536448"
"JH378116","35035606","35035896","chr12","26853370","26853664","40","8182236"
"JH378116","35066023","35066320","chr12","10064948","10065242","31","25001075"
"JH378116","35079262","35079513","chr19","1625867","1626118","32","33453395"
"JH378116","35116858","35117159","chr9","57172579","57172879","40","22055721"
"JH378116","35132096","35132388","chr13","45058548","45058844","41","9926452"
"JH378116","35179872","35180004","chr15","19514175","19514311","26","15665697"
"JH378116","35228054","35228336","chrX","13548339","13548610","39","21679715"
"JH378116","35272298","35272591","chr9","90943231","90943523","34","55670933"
"JH378116","35379737","35380006","chr5","21193983","21194260","48","14185754"
"JH378116","35411775","35412075","chr20","115427829","115428127","42","80016054"
"JH378116","35548389","35548652","chr1","111829907","111830168","33","76281518"
"JH378116","35731570","35731866","chr12","10064948","10065242","28","25666622"
"JH378116","35823546","35823645","chr22","82220107","82220203","13","46396561"
"JH378116","35972138","35972455","chr5","2273487","2273788","48","33698651"
"JH378116","35972890","35973184","chr13","75976745","75977032","35","40003855"
"JH378116","36025074","36025325","chr17","53533666","53533914","51","17508592"
"JH378116","36038834","36039144","chr1","2872653","2872961","41","33166181"
"JH378116","36065916","36066211","chr12","10064948","10065242","30","26000968"
"JH378116","36100617","36100911","chr12","10064948","10065242","33","26035669"
"JH378116","36110099","36110404","chr11","51624065","51624366","30","15513966"
"JH378116","36119588","36119895","chrX","9162903","9163205","41","26956685"
"JH378116","36170654","36170976","chr7","85949776","85950095","46","49779122"
"JH378116","36242855","36243139","chr24","35076784","35077072","42","1166071"
"JH378116","36293174","36293473","chr7","34628820","34629115","74","1664354"
"JH378116","36294694","36294995","chr12","10064948","10065242","34","26229746"
"JH378116","36312739","36313062","chr5","25685527","25685852","55","10627212"
"JH378116","36318191","36318480","chr8","52344592","52344885","43","16026401"
"JH378116","36322597","36322695","chr22","82220107","82220203","7","45897510"
"JH378116","36331180","36331482","chr19","22167847","22168138","46","14163333"
"JH378116","36377860","36378144","chr14","81578712","81578996","46","45200852"
"JH378116","36390586","36390880","chr12","10064948","10065242","27","26325638"
"JH378116","36402484","36402787","chr29","8289755","8290055","36","28112729"
"JH378116","36528405","36528635","chr21","71246060","71246287","27","34717655"
"JH378116","36535999","36536290","chr5","1720771","1721058","36","34815228"
"JH378116","36542339","36542647","chr27","3949561","3949866","39","32592778"
"JH378116","36699306","36699593","chr3","8206210","8206505","53","28493096"
"JH378116","36716159","36716327","chrX","128589701","128589874","26","91873542"
"JH378116","36870944","36871252","chr2","34891557","34891863","36","1979387"
"JH378116","36900604","36900879","chr1","108265208","108265479","48","71364604"
"JH378116","36926313","36926608","chr10","85309131","85309424","30","48382818"
"JH378116","36999887","37000000","chr11","128539002","128539115","15","91539115"
"JH378116","37009503","37009575","chr13","63031813","63031889","9","26022310"
"JH378116","37039390","37039538","chr9","59130238","59130387","13","22090848"
"JH378116","37054877","37055181","chr14","75577127","75577428","33","38522250"
"JH378116","37063894","37064205","chr2","34891557","34891863","32","2172337"
"JH378116","37068772","37068848","chr13","63031813","63031889","9","25963041"
"JH378116","37096983","37097061","chr13","63031813","63031889","8","25934830"
"JH378116","37109342","37109485","chr6","7229588","7229731","13","29879754"
"JH378116","37135922","37136212","chr21","75861886","75862178","35","38725964"
"JH378116","37146070","37146341","chr20","80564542","80564813","42","43418472"
"JH378116","37158133","37158429","chr29","2596909","2597205","39","34561224"
"JH378116","37166270","37166570","chr6","28640342","28640652","45","8525928"
"JH378116","37166977","37167271","chr12","10064948","10065242","35","27102029"
"JH378116","37168054","37168334","chr9","61097089","61097369","35","23929035"
"JH378116","37173199","37173498","chr12","10064948","10065242","29","27108251"
"JH378116","37173976","37174273","chr2","14718646","14718944","36","22455330"
"JH378116","37206537","37206840","chr7","70893063","70893363","35","33686526"
"JH378116","37207749","37208045","chr10","68558120","68558423","49","31350371"
"JH378116","37296240","37296538","chr12","10064948","10065242","28","27231292"
"JH378116","37299559","37299869","chr11","115525233","115525542","31","78225674"
"JH378116","37334367","37334663","chr28","15068931","15069228","47","22265436"
"JH378116","37352697","37352998","chr5","2273487","2273788","31","35079210"
"JH378116","37365427","37365711","chr3","9525767","9526055","47","27839660"
"JH378116","37368637","37368935","chr21","22838763","22839060","38","14529874"
"JH378116","37403918","37404213","chr20","108907026","108907317","36","71503108"
"JH378116","37417689","37417992","chr12","6781553","6781865","72","30636136"
"JH378116","37438811","37439119","chr1","2872653","2872961","32","34566158"
"JH378116","37479697","37480029","chr12","107035658","107036011","70","69555961"
"JH378116","37598946","37599026","chr16","3308866","3308945","8","34290080"
"JH378116","37606921","37607187","chr23","29781662","29781939","54","7825259"
"JH378116","37625252","37625551","chr17","41333000","41333294","42","3707748"
"JH378116","37635136","37635444","chrX","89331427","89331730","34","51696291"
"JH378116","37667697","37667976","chr16","30731330","30731612","35","6936367"
"JH378116","37697904","37698192","chr22","25505403","25505689","48","12192501"
"JH378116","37709703","37709997","chr11","46412480","46412774","34","8702777"
"JH378116","37721921","37722214","chr13","14614965","14615259","35","23106956"
"JH378116","37755050","37755378","chr18","56893429","56893739","44","19138379"
"JH378116","37777790","37778086","chr25","51340438","51340729","33","13562648"
"JH378116","37795203","37795493","chr19","14078930","14079216","39","23716273"
"JH378116","37799086","37799388","chr21","8441745","8442044","35","29357341"
"JH378116","37806385","37806473","chr22","82220107","82220203","17","44413722"
"JH378116","37810898","37811047","chr23","82652206","82652351","20","44841308"
"JH378116","37811400","37811573","chr18","16359736","16359900","32","21451664"
"JH378116","37845842","37845918","chr13","63031813","63031889","7","25185971"
"JH378116","37856570","37856869","chr20","46933799","46934103","38","9077229"
"JH378116","37869087","37869401","chr1","65504304","65504612","40","27635217"
"JH378116","37878274","37878564","chr14","41748186","41748475","35","3869912"
"JH378116","37883364","37883451","chr15","39050206","39050292","14","1166842"
"JH378116","37890656","37890775","chr22","70066935","70067055","11","32176279"
"JH378116","37918732","37919046","chr1","21495000","21495304","39","16423732"
"JH378116","37922317","37922610","chr12","10064948","10065242","40","27857369"
"JH378116","37923660","37923896","chr5","74183714","74183949","33","36260054"
"JH378116","37939962","37940243","chr18","57515738","57516021","48","19575776"
"JH378116","37959296","37959568","chr9","92538933","92539203","56","54579637"
"JH378116","37974926","37975162","chr14","2433021","2433252","27","35541905"
"JH378116","37995249","37995520","chr24","32228197","32228473","53","5767052"
"JH378116","37997019","37997317","chr25","61615818","61616106","41","23618799"
"JH378116","38054577","38054888","chr16","34548874","34549171","55","3505703"
"JH378116","38073650","38073937","chr15","48893872","48894165","50","10820222"
"JH378116","38078393","38078482","chr3","65349691","65349782","12","27271298"
"JH378116","38112818","38113125","chr5","2273487","2273788","31","35839331"
"JH378116","38159105","38159415","chr8","1760359","1760667","33","36398746"
"JH378116","38163192","38163482","chr1","121399104","121399383","48","83235912"
"JH378116","38177306","38177606","chr12","10064948","10065242","25","28112358"
"JH378116","38200652","38200959","chr6","4113565","4113862","41","34087087"
"JH378116","38227298","38227415","chrX","90197506","90197623","13","51970208"
"JH378116","38278302","38278595","chr17","34891895","34892184","45","3386407"
"JH378116","38301079","38301403","chr24","32730307","32730629","45","5570772"
"JH378116","38302802","38302879","chr13","63031813","63031889","8","24729011"
"JH378116","38309214","38309501","chr6","19815995","19816283","38","18493219"
"JH378116","38317205","38317483","chr1","105168338","105168617","31","66851133"
"JH378116","38324877","38325170","chr1","103415790","103416081","41","65090913"
"JH378116","38356951","38357068","chr14","74460545","74460661","12","36103594"
"JH378116","38378858","38379154","chr13","81585158","81585455","57","43206300"
"JH378116","38379581","38379870","chr20","121618255","121618545","31","83238674"
"JH378116","38389944","38390252","chr5","2273487","2273788","30","36116457"
"JH378116","38391326","38391622","chr16","59390770","59391059","43","20999444"
"JH378116","38506878","38507163","chr6","2490989","2491280","38","36015889"
"JH378116","38598898","38599198","chr17","71351423","71351722","31","32752525"
"JH378116","38694418","38694712","chr12","10064948","10065242","32","28629470"
"JH378116","38695163","38695454","chr10","8909912","8910203","42","29785251"
"JH378116","38843755","38844052","chr16","9043988","9044286","28","29799767"
"JH378116","38851076","38851369","chr12","6781553","6781865","131","32069523"
"JH378116","38874004","38874325","chr8","1760359","1760667","45","37113645"
"JH378116","38901571","38901659","chr19","7758593","7758681","9","31142978"
"JH378116","38950213","38950520","chr26","41201246","41201544","39","2251033"
"JH378116","38997650","38997945","chr1","103415790","103416081","37","64418140"
"JH378116","39006946","39007011","chr4","11929707","11929771","10","27077239"
"JH378116","39032017","39032153","chr6","27397763","27397896","22","11634254"
"JH378116","39062996","39063305","chr1","63079944","63080250","38","24016948"
"JH378116","39081593","39081802","chr25","73647297","73647508","29","34565704"
"JH378116","39125726","39125935","chr2","41986599","41986802","22","2860873"
"JH378116","39493200","39493503","chr5","2273487","2273788","30","37219713"
"JH378116","39496358","39496662","chr12","13047845","13048153","40","26448513"
"JH378116","39508527","39508830","chr12","10064948","10065242","45","29443579"
"JH378116","39510914","39511232","chr3","20237905","20238212","44","19273009"
"JH378116","39642694","39642994","chr1","32648047","32648351","37","6994647"
"JH378116","39698831","39699127","chr8","40454824","40455110","52","755993"
"JH378117","6291405","6291459","chr6","11873615","11873662","11","5582210"
"JH378117","32243450","32243746","chrX","95460911","95461200","42","63217461"
"JH378117","5639","5919","chr3","82509225","82509507","30","82503586"
"JH378117","6508","6822","chr8","26352201","26352513","40","26345693"
"JH378117","29190","29493","chr6","14702739","14703043","42","14673549"
"JH378117","29829","29938","chr6","1067449","1067558","11","1037620"
"JH378117","36062","36371","chr4","16808054","16808360","42","16771992"
"JH378117","90275","90562","chr21","97980668","97980956","41","97890393"
"JH378117","98772","98902","chr20","20852752","20852882","11","20753980"
"JH378117","108694","108994","chr12","10064948","10065242","32","9956254"
"JH378117","163248","163528","chr12","87620481","87620757","38","87457233"
"JH378117","170724","170959","chr20","109416530","109416751","45","109245806"
"JH378117","218783","219073","chr21","99901485","99901776","38","99682702"
"JH378117","232294","232578","chr12","26827271","26827548","40","26594977"
"JH378117","247621","247761","chr9","86109665","86109806","13","85862044"
"JH378117","270583","270868","chr24","67904448","67904733","39","67633865"
"JH378117","278381","278687","chr5","2273487","2273788","28","1995106"
"JH378117","286205","286350","chr7","75271378","75271525","16","74985173"
"JH378117","351550","351847","chr12","10064948","10065242","32","9713398"
"JH378117","390526","390820","chrX","23977849","23978143","34","23587323"
"JH378117","412162","412453","chrX","45158744","45159035","51","44746582"
"JH378117","440533","440839","chr12","10064948","10065242","40","9624415"
"JH378117","502893","503179","chr8","104167104","104167395","34","103664211"
"JH378117","510780","511082","chr2","5119768","5120064","39","4608988"
"JH378117","542863","543168","chr20","119900333","119900636","44","119357470"
"JH378117","555102","555401","chr24","1147887","1148184","32","592785"
"JH378117","673141","673419","chr12","25844767","25845026","55","25171626"
"JH378117","718621","718924","chr14","83371933","83372231","34","82653312"
"JH378117","732643","732951","chr27","25506578","25506885","39","24773935"
"JH378117","745892","746191","chr2","34891557","34891863","36","34145665"
"JH378117","749829","750135","chr16","31193766","31194071","37","30443937"
"JH378117","932291","932600","chr11","58110010","58110310","39","57177719"
"JH378117","991721","992003","chrX","61267105","61267382","41","60275384"
"JH378117","1014612","1014897","chr1","105168338","105168617","36","104153726"
"JH378117","1096364","1096673","chr5","57462893","57463195","34","56366529"
"JH378117","1272256","1272551","chr13","65577132","65577425","29","64304876"
"JH378117","1451513","1451802","chr6","9628489","9628772","39","8176976"
"JH378117","1456051","1456364","chr1","65504304","65504612","38","64048253"
"JH378117","1520830","1521114","chr25","55333584","55333868","39","53812754"
"JH378117","1558580","1558887","chr12","6781553","6781865","118","5222973"
"JH378117","1579135","1579230","chr22","82220107","82220203","7","80640972"
"JH378117","1727376","1727683","chr15","12031507","12031804","40","10304131"
"JH378117","1745008","1745333","chrX","110113644","110113974","44","108368636"
"JH378117","1832622","1832903","chr16","10517520","10517802","42","8684898"
"JH378117","1886696","1887006","chr2","34891557","34891863","33","33004861"
"JH378117","1903103","1903242","chr9","62820050","62820189","14","60916947"
"JH378117","1903432","1903506","chr10","53898197","53898267","18","51994765"
"JH378117","2092746","2092959","chr22","6719548","6719763","28","4626802"
"JH378117","2152925","2153233","chr1","65504304","65504612","29","63351379"
"JH378117","2366851","2367125","chr1","18162340","18162615","42","15795489"
"JH378117","2372596","2372686","chr3","65349691","65349782","9","62977095"
"JH378117","2394857","2395132","chr23","80241051","80241328","58","77846194"
"JH378117","2415338","2415635","chr1","56195203","56195499","40","53779865"
"JH378117","2446041","2446351","chr9","34199089","34199398","30","31753048"
"JH378117","2500300","2500592","chr20","111374247","111374540","47","108873947"
"JH378117","2507678","2507904","chr7","97152314","97152538","32","94644636"
"JH378117","2610823","2611135","chr16","55189324","55189631","46","52578501"
"JH378117","2659972","2660052","chr16","4405728","4405812","8","1745756"
"JH378117","2688299","2688617","chr10","20308373","20308680","60","17620074"
"JH378117","2771202","2771483","chr5","13853354","13853652","47","11082152"
"JH378117","2938160","2938397","chrX","112046945","112047179","35","109108785"
"JH378117","2986562","2986856","chr13","65577132","65577425","30","62590570"
"JH378117","3086273","3086564","chr8","89963957","89964248","35","86877684"
"JH378117","3148375","3148673","chr14","83371933","83372231","37","80223558"
"JH378117","3151930","3152233","chr5","2273487","2273788","31","878443"
"JH378117","3175010","3175312","chr3","72036282","72036585","34","68861272"
"JH378117","3180092","3180400","chr17","40056784","40057092","38","36876692"
"JH378117","3196347","3196652","chr6","5143118","5143416","33","1946771"
"JH378117","3207404","3207698","chr24","1147887","1148184","36","2059517"
"JH378117","3232589","3232871","chr5","42662951","42663235","35","39430362"
"JH378117","3249334","3249636","chr17","68422706","68423003","34","65173372"
"JH378117","3253688","3253974","chr8","71156733","71157020","37","67903045"
"JH378117","3257267","3257532","chr20","82255291","82255555","35","78998024"
"JH378117","3293872","3294163","chr2","57283040","57283331","43","53989168"
"JH378117","3297607","3297899","chr22","57424074","57424362","44","54126467"
"JH378117","3305676","3305983","chr28","13851856","13852158","35","10546180"
"JH378117","3317999","3318294","chr12","10064948","10065242","26","6746949"
"JH378117","3334661","3334960","chr20","112829822","112830113","39","109495161"
"JH378117","3364600","3364905","chr8","96089866","96090170","41","92725266"
"JH378117","3366241","3366533","chr5","42662951","42663235","32","39296710"
"JH378117","3399749","3400047","chr18","71480316","71480609","38","68080567"
"JH378117","3400102","3400403","chr20","47366404","47366703","31","43966302"
"JH378117","3424201","3424288","chr5","67880800","67880883","9","64456599"
"JH378117","3431333","3431410","chr13","63031813","63031889","7","59600480"
"JH378117","3499839","3499963","chr24","48537275","48537387","23","45037436"
"JH378117","3503554","3503632","chr5","67880800","67880883","10","64377246"
"JH378117","3504094","3504392","chr13","65577132","65577425","38","62073038"
"JH378117","3520731","3521046","chr1","65504304","65504612","35","61983573"
"JH378117","3523153","3523400","chr19","9017172","9017426","30","5494019"
"JH378117","3540863","3540987","chr11","106843296","106843425","14","103302433"
"JH378117","3586036","3586246","chr15","18551267","18551455","54","14965231"
"JH378117","3595272","3595590","chr2","34891557","34891863","39","31296285"
"JH378117","3645283","3645586","chr10","89080966","89081261","41","85435683"
"JH378117","3662881","3663185","chr14","44038439","44038738","32","40375558"
"JH378117","3715862","3715965","chrX","2017984","2018087","10","1697878"
"JH378117","3818616","3818700","chr16","4405728","4405812","6","587112"
"JH378117","3889597","3889696","chr22","82220107","82220203","10","78330510"
"JH378117","3895626","3895930","chr11","125798758","125799061","31","121903132"
"JH378117","3993834","3994121","chr5","21193983","21194260","55","17200149"
"JH378117","4030984","4031106","chr11","104248796","104248920","16","100217812"
"JH378117","4285154","4285454","chr16","4139491","4139787","38","145663"
"JH378117","4305448","4305661","chr19","13942078","13942282","34","9636630"
"JH378117","4337121","4337449","chr20","27208613","27208952","64","22871492"
"JH378117","4422216","4422320","chr1","39939684","39939788","13","35517468"
"JH378117","4448421","4448720","chr1","68219231","68219530","35","63770810"
"JH378117","4476457","4476621","chr1","63021934","63022098","26","58545477"
"JH378117","4556131","4556402","chr8","107870349","107870628","43","103314218"
"JH378117","4728682","4728963","chr10","117336899","117337182","47","112608217"
"JH378117","4749665","4749964","chr25","2013361","2013652","44","2736304"
"JH378117","4801998","4802275","chr9","114015180","114015455","37","109213182"
"JH378117","4867770","4867913","chr11","22740963","22741102","22","17873193"
"JH378117","5004096","5004409","chr11","58110010","58110310","45","53105914"
"JH378117","5012696","5013009","chr29","8289755","8290055","40","3277059"
"JH378117","5022013","5022310","chr15","12031507","12031804","32","7009494"
"JH378117","5138347","5138590","chr1","28183924","28184171","37","23045577"
"JH378117","5214915","5215078","chr11","8328793","8328952","27","3113878"
"JH378117","5291056","5291351","chr4","30926814","30927112","38","25635758"
"JH378117","5372455","5372744","chr12","18922571","18922865","38","13550116"
"JH378117","5382371","5382682","chr1","2872653","2872961","31","2509718"
"JH378117","5390669","5390755","chr14","82610477","82610563","10","77219808"
"JH378117","5391149","5391250","chr6","43764611","43764709","17","38373462"
"JH378117","5419862","5420155","chr17","33923310","33923610","43","28503448"
"JH378117","5441807","5442099","chr5","4021909","4022200","48","1419898"
"JH378117","5443071","5443364","chr6","35242299","35242593","42","29799228"
"JH378117","5445892","5446197","chr12","27315202","27315510","48","21869310"
"JH378117","5446515","5446625","chr8","117395089","117395200","15","111948574"
"JH378117","5447565","5447874","chr23","81776363","81776665","29","76328798"
"JH378117","5458734","5459035","chr24","35541584","35541883","40","30082850"
"JH378117","5470579","5470884","chr12","10064948","10065242","53","4594369"
"JH378117","5471582","5471711","chr3","78734006","78734135","12","73262424"
"JH378117","5549431","5549752","chr8","54467463","54467771","64","48918032"
"JH378117","5560447","5560733","chr1","31818411","31818697","29","26257964"
"JH378117","5562246","5562527","chr19","19697247","19697527","38","14135001"
"JH378117","5599456","5599534","chr5","67880800","67880883","9","62281344"
"JH378117","5668185","5668345","chr11","6668470","6668632","29","1000285"
"JH378117","5728389","5728681","chr9","30416228","30416495","57","24687839"
"JH378117","5782117","5782431","chr1","93361306","93361613","42","87579189"
"JH378117","5824626","5824925","chr12","10064948","10065242","29","4240322"
"JH378117","5896067","5896339","chr1","69161184","69161465","44","63265117"
"JH378117","5901784","5902110","chr11","118751247","118751571","40","112849463"
"JH378117","6023586","6023716","chr1","97802296","97802426","12","91778710"
"JH378117","6128368","6128667","chr11","96783900","96784200","35","90655532"
"JH378117","6142305","6142392","chr19","23494523","23494608","12","17352218"
"JH378117","6372610","6372897","chr4","89789202","89789491","39","83416592"
"JH378117","6394987","6395280","chr6","7190985","7191277","29","795998"
"JH378117","6504866","6505138","chr20","17548707","17548983","42","11043841"
"JH378117","6519976","6520278","chr4","35949810","35950115","49","29429834"
"JH378117","6738702","6739003","chr12","10064948","10065242","40","3326246"
"JH378117","6789322","6789573","chr10","19609569","19609825","40","12820247"
"JH378117","6814184","6814273","chr3","65349691","65349782","12","58535507"
"JH378117","6863941","6864172","chr3","10499770","10500000","50","3635829"
"JH378117","6870041","6870351","chr6","15953108","15953417","32","9083067"
"JH378117","6885597","6885693","chr22","82220107","82220203","8","75334510"
"JH378117","6920573","6920870","chr13","65577132","65577425","30","58656559"
"JH378117","7092781","7093106","chr11","75241201","75241523","58","68148420"
"JH378117","7099938","7100244","chr5","2273487","2273788","30","4826451"
"JH378117","7127137","7127218","chr5","67880800","67880883","9","60753663"
"JH378117","7135757","7136076","chr7","85949776","85950095","43","78814019"
"JH378117","7141991","7142298","chrX","28194989","28195297","34","21052998"
"JH378117","7143363","7143668","chr12","98832610","98832913","33","91689247"
"JH378117","7152178","7152486","chr16","30398852","30399159","39","23246674"
"JH378117","7164076","7164370","chr12","10064948","10065242","28","2900872"
"JH378117","7211091","7211394","chr21","22838763","22839060","40","15627672"
"JH378117","7213464","7213595","chr2","10254254","10254390","34","3040790"
"JH378117","7230218","7230479","chr1","83625954","83626213","43","76395736"
"JH378117","7317078","7317175","chr22","82220107","82220203","12","74903029"
"JH378117","7317786","7317891","chrX","25194654","25194764","13","17876868"
"JH378117","7318720","7318864","chr3","90669571","90669712","17","83350851"
"JH378117","7331164","7331461","chr11","6744487","6744782","59","586677"
"JH378117","7350237","7350529","chrX","111217777","111218082","46","103867540"
"JH378117","7359415","7359679","chr9","92500633","92500888","39","85141218"
"JH378117","7371217","7371375","chr22","22619064","22619222","27","15247847"
"JH378117","7371687","7371815","chr16","31737705","31737835","13","24366018"
"JH378117","7372349","7372638","chr20","24344213","24344511","39","16971864"
"JH378117","7389233","7389323","chr22","82220107","82220203","10","74830874"
"JH378117","7390707","7391000","chr8","8742930","8743223","40","1352223"
"JH378117","7396954","7397066","chr6","1067449","1067558","13","6329505"
"JH378117","7407613","7407858","chr8","1753364","1753610","35","5654249"
"JH378117","7412796","7413092","chr12","10064948","10065242","22","2652152"
"JH378117","7438741","7438834","chr22","82220107","82220203","10","74781366"
"JH378117","7485683","7485773","chr22","82220107","82220203","10","74734424"
"JH378117","7488208","7488319","chrX","89286738","89286848","13","81798530"
"JH378117","7505802","7506099","chr10","55224096","55224386","57","47718294"
"JH378117","7522096","7522385","chr1","83672883","83673171","31","76150787"
"JH378117","7524270","7524560","chr16","19104450","19104748","44","11580180"
"JH378117","7607757","7607934","chr7","30766435","30766612","30","23158678"
"JH378117","7620054","7620345","chr16","12235438","12235730","32","4615384"
"JH378117","7646657","7646948","chr15","86758708","86759003","42","79112051"
"JH378117","7685599","7685850","chr9","96390861","96391117","38","88705262"
"JH378117","7693681","7693953","chr2","34541558","34541838","43","26847877"
"JH378117","7697735","7697850","chr20","115102100","115102215","12","107404365"
"JH378117","7729152","7729290","chr3","90669571","90669712","20","82940419"
"JH378117","7735406","7735488","chr18","54117703","54117786","26","46382297"
"JH378117","7757113","7757382","chr21","102480056","102480324","35","94722943"
"JH378117","7770382","7770472","chr3","65349691","65349782","10","57579309"
"JH378117","7859697","7859989","chr7","98055883","98056171","35","90196186"
"JH378117","7868010","7868301","chr13","65577132","65577425","28","57709122"
"JH378117","7878130","7878413","chr9","67548311","67548600","38","59670181"
"JH378117","7891954","7892254","chr8","18530878","18531178","33","10638924"
"JH378117","7894790","7895090","chr9","34410226","34410521","37","26515436"
"JH378117","7930340","7930623","chr11","30826525","30826807","43","22896185"
"JH378117","7932639","7932878","chr16","68347000","68347257","50","60414361"
"JH378117","7936497","7936747","chr20","104658576","104658837","42","96722079"
"JH378117","7941934","7942225","chr13","79895992","79896295","41","71954058"
"JH378117","7958226","7958301","chr13","63031813","63031889","7","55073587"
"JH378117","7964761","7964977","chr23","42110057","42110277","35","34145296"
"JH378117","7974296","7974589","chrX","46083894","46084187","40","38109598"
"JH378117","7974596","7974913","chr11","114596263","114596576","42","106621667"
"JH378117","7998029","7998295","chr1","49351534","49351800","48","41353505"
"JH378117","8057705","8057987","chr24","76614329","76614607","34","68556624"
"JH378117","8103963","8104085","chr15","90834689","90834810","12","82730726"
"JH378117","8157751","8158045","chr10","8909912","8910203","43","752161"
"JH378117","8225530","8225793","chr16","4608206","4608469","46","3617324"
"JH378117","8324727","8325019","chr12","60432247","60432540","34","52107520"
"JH378117","8375314","8375619","chr5","2273487","2273788","29","6101827"
"JH378117","8389781","8389888","chr6","5216779","5216886","14","3173002"
"JH378117","8404100","8404405","chr23","78958611","78958915","40","70554511"
"JH378117","8409236","8409335","chr22","82220107","82220203","11","73810871"
"JH378117","8413876","8413970","chr22","82220107","82220203","17","73806231"
"JH378117","8419684","8419761","chr16","3308866","3308945","9","5110818"
"JH378117","8421269","8421568","chr16","25791548","25791851","38","17370279"
"JH378117","8424885","8425085","chr16","187262","187454","39","8237623"
"JH378117","8425086","8425144","chr17","51711247","51711311","12","43286161"
"JH378117","8431307","8431421","chr6","1067449","1067558","15","7363858"
"JH378117","8437104","8437246","chr22","87450041","87450185","15","79012937"
"JH378117","8449100","8449421","chr8","65829182","65829494","44","57380082"
"JH378117","8469791","8469937","chr6","7229588","7229731","18","1240203"
"JH378117","8485806","8485913","chr6","1067449","1067558","9","7418357"
"JH378117","8526916","8527001","chr16","4405728","4405812","7","4121188"
"JH378117","8536911","8537172","chr24","11395460","11395716","41","2858549"
"JH378117","8540297","8540586","chr8","52344592","52344885","36","43804295"
"JH378117","8542382","8542676","chr8","125046904","125047196","40","116504522"
"JH378117","8544284","8544374","chr3","65349691","65349782","12","56805407"
"JH378117","8546103","8546193","chr3","65349691","65349782","10","56803588"
"JH378117","8547591","8547892","chr10","118597337","118597632","38","110049746"
"JH378117","8547895","8548023","chrX","111922835","111922961","14","103374940"
"JH378117","8548479","8548574","chr22","82220107","82220203","4","73671628"
"JH378117","8559097","8559292","chr16","68347258","68347451","18","59788161"
"JH378117","8575131","8575429","chr25","2013361","2013652","38","6561770"
"JH378117","8592323","8592465","chr3","90669571","90669712","21","82077248"
"JH378117","8610566","8610685","chr15","90834689","90834810","9","82224123"
"JH378117","8623798","8624123","chr1","65504304","65504612","46","56880506"
"JH378117","8649835","8649976","chr3","90669571","90669712","17","82019736"
"JH378117","8678161","8678401","chr10","52997867","52998109","43","44319706"
"JH378117","8689235","8689544","chr6","30836295","30836597","38","22147060"
"JH378117","8695206","8695493","chr10","48189037","48189325","43","39493831"
"JH378117","8700801","8700912","chr6","1067449","1067558","9","7633352"
"JH378117","8726414","8726719","chr5","2273487","2273788","29","6452927"
"JH378117","8728868","8728986","chr6","44144914","44145033","12","35416046"
"JH378117","8735789","8736070","chrX","61008485","61008763","33","52272696"
"JH378117","8764730","8765025","chr12","10064948","10065242","27","1300218"
"JH378117","8778290","8778582","chr21","112199394","112199687","32","103421104"
"JH378117","8832808","8832891","chr16","4405728","4405812","6","4427080"
"JH378117","8855062","8855176","chrX","90197506","90197623","13","81342444"
"JH378117","8873741","8873999","chr5","34103098","34103364","39","25229357"
"JH378117","8881815","8882080","chr5","34103098","34103364","40","25221283"
"JH378117","8888902","8889200","chr1","16060873","16061165","40","7171971"
"JH378117","8893197","8893507","chr2","22505936","22506236","38","13612739"
"JH378117","8898603","8898880","chr4","74202712","74202991","39","65304109"
"JH378117","8900600","8900906","chr5","36774379","36774687","43","27873779"
"JH378117","8905707","8906010","chr5","2273487","2273788","28","6632220"
"JH378117","8917497","8917727","chr5","1545752","1546005","55","7371745"
"JH378117","8944110","8944402","chr4","67444451","67444740","38","58500341"
"JH378117","8952719","8953020","chr1","115205454","115205746","47","106252735"
"JH378117","8961729","8962052","chr4","76926689","76927005","39","67964960"
"JH378117","9023203","9023277","chr13","63031813","63031889","9","54008610"
"JH378117","9048685","9048768","chr5","67880800","67880883","4","58832115"
"JH378117","9107037","9107242","chr13","64328799","64328991","33","55221762"
"JH378117","9142603","9142891","chr12","10064948","10065242","30","922345"
"JH378117","9454323","9454627","chr12","10064948","10065242","39","610625"
"JH378117","9456037","9456319","chr2","6843755","6844035","39","2612282"
"JH378117","9537078","9537365","chr4","67444451","67444740","45","57907373"
"JH378117","9569453","9569768","chr18","67218974","67219278","47","57649521"
"JH378117","9641930","9642238","chr1","65504304","65504612","35","55862374"
"JH378117","9662310","9662618","chrX","125302543","125302844","39","115640233"
"JH378117","9743406","9743708","chr15","82971345","82971639","39","73227939"
"JH378117","9761522","9761817","chrX","23977849","23978143","36","14216327"
"JH378117","9770548","9770669","chr6","8802293","8802413","13","968255"
"JH378117","9793516","9793810","chr15","12031507","12031804","27","2237991"
"JH378117","9830293","9830373","chr5","67880800","67880883","9","58050507"
"JH378117","9848358","9848667","chr11","4229918","4230223","50","5618440"
"JH378117","9853549","9853840","chr23","35199164","35199454","47","25345615"
"JH378117","9920377","9920686","chr16","2999161","2999470","28","6921216"
"JH378117","10054863","10055151","chr11","42115371","42115662","45","32060508"
"JH378117","10060956","10061099","chr20_KE148049v1_random","716927","717071","30","9344029"
"JH378117","10084417","10084722","chr5","2273487","2273788","31","7810930"
"JH378117","10136189","10136506","chr10","88177543","88177855","40","78041354"
"JH378117","10153818","10154113","chr14","97499278","97499568","31","87345460"
"JH378117","10262590","10262867","chr22","73340870","73341158","56","63078280"
"JH378117","10280845","10281137","chr6","40512912","40513203","36","30232067"
"JH378117","10457974","10458063","chr19","7758593","7758681","10","2699381"
"JH378117","10494245","10494323","chr13","63031813","63031889","9","52537568"
"JH378117","10545170","10545466","chr8","57496665","57496959","32","46951495"
"JH378117","10653505","10653795","chr21","22838763","22839060","33","12185258"
"JH378117","10702642","10702950","chr5","2273487","2273788","29","8429155"
"JH378117","10725375","10725683","chr16","23423370","23423672","33","12697995"
"JH378117","10819326","10819629","chr22","73263557","73263857","33","62444231"
"JH378117","10829067","10829365","chr11","64977264","64977571","42","54148197"
"JH378117","10975133","10975422","chr20","18848288","18848574","32","7873155"
"JH378117","10994550","10994835","chr23","12048184","12048474","41","1053634"
"JH378117","11013485","11013776","chr12","26397452","26397733","55","15383967"
"JH378117","11023833","11024111","chr11","40227465","40227746","48","29203632"
"JH378117","11038826","11039079","chr3","1100614","1100874","53","9938212"
"JH378117","11168971","11169280","chr20","86643072","86643377","35","75474101"
"JH378117","11298315","11298637","chr28","4550302","4550608","45","6748013"
"JH378117","11333929","11334023","chr28","6960504","6960603","14","4373425"
"JH378117","11344396","11344619","chr10","111379050","111379269","34","100034654"
"JH378117","11507568","11507876","chr24","79072145","79072449","32","67564577"
"JH378117","11611126","11611397","chr10","11579646","11579921","43","31480"
"JH378117","11624146","11624440","chr20","12510060","12510355","39","885914"
"JH378117","11629613","11629890","chr12","45033039","45033309","43","33403426"
"JH378117","11675710","11675996","chr8","20434231","20434523","46","8758521"
"JH378117","11743096","11743403","chr20","46933799","46934103","34","35190703"
"JH378117","11785390","11785669","chr9","118446169","118446455","44","106660779"
"JH378117","11834937","11835242","chr29","23170158","23170463","32","11335221"
"JH378117","11915615","11915920","chr11","51624065","51624366","31","39708450"
"JH378117","11949940","11950242","chr12","5303669","5303965","44","6646271"
"JH378117","11970898","11971175","chr3","82509225","82509507","47","70538327"
"JH378117","11973350","11973488","chr11","95753406","95753542","13","83780056"
"JH378117","12132237","12132545","chr23","41434219","41434517","35","29301982"
"JH378117","12172979","12173280","chr5","2273487","2273788","30","9899492"
"JH378117","12185961","12186258","chr8","58292960","58293261","43","46106999"
"JH378117","12186356","12186630","chr12","31966354","31966622","44","19779998"
"JH378117","12230647","12230948","chr12","10064948","10065242","29","2165699"
"JH378117","12247804","12247911","chr12","53065987","53066095","10","40818183"
"JH378117","12289302","12289610","chr22","78437044","78437348","32","66147742"
"JH378117","12339022","12339335","chr14","48869797","48870112","40","36530775"
"JH378117","12342917","12343207","chr23","73077881","73078169","35","60734964"
"JH378117","12354197","12354297","chr22","82220107","82220203","12","69865910"
"JH378117","12394723","12395000","chr16","17891698","17891982","56","5496975"
"JH378117","12400227","12400524","chrX","23977849","23978143","37","11577622"
"JH378117","12449981","12450298","chr23","41434219","41434517","45","28984238"
"JH378117","12477327","12477421","chr22","82220107","82220203","10","69742780"
"JH378117","12523635","12523833","chr16","6238673","6238883","30","6284962"
"JH378117","12545738","12546034","chr1","10803268","10803561","44","1742470"
"JH378117","12649457","12649777","chr1","75035294","75035600","60","62385837"
"JH378117","12651916","12652214","chr11","108802921","108803224","54","96151005"
"JH378117","12693968","12694272","chr12","10064948","10065242","34","2629020"
"JH378117","12725789","12726060","chr12","45033039","45033309","33","32307250"
"JH378117","12733496","12733563","chrX_KE148116v1_random","65751","65817","15","12667745"
"JH378117","12746593","12746918","chr5","14569519","14569836","46","1822926"
"JH378117","12759582","12759879","chr12","10064948","10065242","24","2694634"
"JH378117","12771635","12771698","chr3","49614140","49614198","10","36842505"
"JH378117","12912088","12912400","chr12","74217361","74217667","34","61305273"
"JH378117","12938950","12939244","chr9","71188923","71189219","36","58249973"
"JH378117","12972817","12973087","chr17","53320376","53320642","38","40347559"
"JH378117","13046348","13046646","chr11","58110010","58110310","34","45063662"
"JH378117","13114702","13114975","chr10","79986579","79986855","51","66871877"
"JH378117","13169893","13170195","chr11","34002757","34003053","36","20832864"
"JH378117","13183664","13183897","chr26","37786588","37786819","38","24602924"
"JH378117","13183909","13184217","chr16","30398852","30399159","36","17214943"
"JH378117","13197502","13197632","chr20","20852752","20852882","11","7655250"
"JH378117","13217336","13217644","chr16","62200117","62200409","53","48982781"
"JH378117","13271699","13271869","chr1","118985363","118985528","29","105713664"
"JH378117","13393032","13393264","chr9","106743255","106743488","40","93350223"
"JH378117","13435041","13435321","chr19","13804648","13804927","55","369607"
"JH378117","13465169","13465298","chr10","112254623","112254751","19","98789454"
"JH378117","13529084","13529370","chr14","18384975","18385256","42","4855891"
"JH378117","13557547","13557851","chr2","13864060","13864367","52","306513"
"JH378117","13690399","13690664","chr16","68347000","68347257","37","54656601"
"JH378117","13709417","13709506","chr16","4405728","4405812","10","9303689"
"JH378117","13713315","13713623","chr15","44287299","44287595","45","30573984"
"JH378117","13749672","13749966","chr20","19825871","19826167","37","6076199"
"JH378117","13792863","13793169","chr11","114596263","114596576","43","100803400"
"JH378117","13825218","13825517","chr12","10064948","10065242","25","3760270"
"JH378117","13835182","13835482","chr12","10064948","10065242","25","3770234"
"JH378117","13889206","13889516","chr2","58124714","58125012","61","44235508"
"JH378117","13952119","13952422","chr5","32919222","32919525","48","18967103"
"JH378117","14048081","14048355","chr16","30731330","30731612","42","16683249"
"JH378117","14051987","14052276","chr2","34891557","34891863","48","20839570"
"JH378117","14134124","14134422","chr12","10064948","10065242","27","4069176"
"JH378117","14182735","14183039","chr11","110226655","110226961","44","96043920"
"JH378117","14219855","14220161","chrX","125302543","125302844","35","111082688"
"JH378117","14227071","14227209","chr12","72659414","72659543","27","58432343"
"JH378117","14227732","14227976","chr24","66946035","66946274","26","52718303"
"JH378117","14230610","14230894","chr11","12143435","12143724","33","2087175"
"JH378117","14234277","14234580","chr12","60432247","60432540","42","46197970"
"JH378117","14245991","14246291","chr22","8920180","8920477","39","5325811"
"JH378117","14293614","14293860","chr3","16150666","16150931","57","1857052"
"JH378117","14328371","14328682","chr2","35933723","35934028","35","21605352"
"JH378117","14338771","14339029","chr24","79718722","79718979","38","65379951"
"JH378117","14350995","14351294","chr17","61366684","61366990","49","47015689"
"JH378117","14409361","14409481","chr20","104220685","104220809","16","89811324"
"JH378117","14434976","14435106","chr1","97802296","97802426","13","83367320"
"JH378117","14499845","14499999","chr28","1220035","1220195","26","13279810"
"JH378117","14537733","14538019","chr21","125309394","125309672","32","110771661"
"JH378117","14558124","14558272","chr17","47733511","47733658","16","33175387"
"JH378117","14650854","14651148","chr13","65577132","65577425","35","50926278"
"JH378117","14678524","14678831","chr2","34891557","34891863","32","20213033"
"JH378117","14706418","14706648","chr2","22421816","22422048","32","7715398"
"JH378117","14718337","14718633","chr25","51030152","51030441","42","36311815"
"JH378117","14799472","14799571","chr22","82220107","82220203","10","67420635"
"JH378117","14806959","14807164","chr6","16017631","16017832","28","1210672"
"JH378117","14879280","14879580","chr1","103632877","103633176","50","88753597"
"JH378117","14897154","14897429","chr5","32595643","32595919","44","17698489"
"JH378117","15060528","15060825","chr12","10064948","10065242","24","4995580"
"JH378117","15070311","15070600","chr22","40622609","40622898","33","25552298"
"JH378117","15097038","15097347","chr22","40701009","40701309","47","25603971"
"JH378117","15156607","15156891","chr10","34266329","34266612","52","19109722"
"JH378117","15157802","15158088","chr23","29781662","29781939","56","14623860"
"JH378117","15162076","15162398","chr10","102857571","102857891","45","87695495"
"JH378117","15181162","15181453","chr12","10064948","10065242","29","5116214"
"JH378117","15250624","15250719","chr22","82220107","82220203","7","66969483"
"JH378117","15259496","15259793","chr6","41565819","41566119","36","26306323"
"JH378117","15292096","15292404","chr5","2273487","2273788","44","13018609"
"JH378117","15303093","15303390","chr23","44818219","44818516","30","29515126"
"JH378117","15333451","15333744","chr23","76279630","76279926","33","60946179"
"JH378117","15354833","15354962","chr20","20852752","20852882","10","5497919"
"JH378117","15394304","15394593","chr12","31966354","31966622","49","16572050"
"JH378117","15419201","15419315","chr20","115102100","115102215","11","99682899"
"JH378117","15432613","15432712","chr22","82220107","82220203","9","66787494"
"JH378117","15447837","15448140","chr16","66960790","66961092","39","51512953"
"JH378117","15540428","15540572","chr9","86109665","86109806","15","70569237"
"JH378117","15553017","15553316","chr12","10064948","10065242","30","5488069"
"JH378117","15577271","15577584","chr20","89561089","89561394","35","73983818"
"JH378117","15578001","15578300","chr16","30637924","30638212","35","15059923"
"JH378117","15601214","15601510","chr18","62480022","62480312","43","46878808"
"JH378117","15607564","15607869","chr5","2273487","2273788","30","13334077"
"JH378117","15623701","15624015","chr12","74217361","74217667","40","58593660"
"JH378117","15644523","15644819","chr8","57496665","57496959","41","41852142"
"JH378117","15667180","15667302","chr15","90834689","90834810","12","75167509"
"JH378117","15690923","15691030","chr6_AQIB01159090v1_random","13065","13172","11","15677858"
"JH378117","15691780","15691954","chr27","8342111","8342276","23","7349669"
"JH378117","15697356","15697476","chr15","90834689","90834810","11","75137333"
"JH378117","15704616","15704912","chr25","51030152","51030441","39","35325536"
"JH378117","15712236","15712312","chr13","63031813","63031889","7","47319577"
"JH378117","15716280","15716582","chr10","95665357","95665659","43","79949077"
"JH378117","15725330","15725468","chr11","95753406","95753542","13","80028076"
"JH378117","15737607","15737916","chr3","27466416","27466725","36","11728809"
"JH378117","15765939","15766183","chr16","65341402","65341647","37","49575463"
"JH378117","15770174","15770304","chr1","97802296","97802426","12","82032122"
"JH378117","15778254","15778539","chr23","41434219","41434517","42","25655965"
"JH378117","15813958","15814277","chr5","2273487","2273788","41","13540471"
"JH378117","15815351","15815479","chr3","91348390","91348521","11","75533039"
"JH378117","15870063","15870350","chr3","18138903","18139190","44","2268840"
"JH378117","15877873","15878159","chr20","1540081","1540367","35","14337792"
"JH378117","15879765","15880051","chr8","75315240","75315524","36","59435475"
"JH378117","15926830","15927140","chr16","33182065","33182368","34","17255235"
"JH378117","15944960","15945272","chr26","38024857","38025165","30","22079897"
"JH378117","15995819","15996120","chr12","10064948","10065242","27","5930871"
"JH378117","16099251","16099571","chr6","16598509","16598818","42","499258"
"JH378117","16111596","16111898","chr5","2273487","2273788","35","13838109"
"JH378117","16127305","16127608","chr12","10064948","10065242","27","6062357"
"JH378117","16138544","16138627","chr5","67880800","67880883","3","51742256"
"JH378117","16185705","16185763","chr15","82575966","82576022","9","66390261"
"JH378117","16189140","16189455","chr1","65504304","65504612","36","49315164"
"JH378117","16210892","16211192","chr25","10448633","10448929","49","5762259"
"JH378117","16211369","16211678","chr12","10064948","10065242","41","6146421"
"JH378117","16228205","16228447","chr14","37999753","38000000","43","21771548"
"JH378117","16240109","16240367","chr9","96390861","96391117","28","80150752"
"JH378117","16285460","16285759","chr1","26491346","26491637","44","10205886"
"JH378117","16293304","16293572","chr13","56916327","56916592","42","40623023"
"JH378117","16299722","16299799","chr13","63031813","63031889","8","46732091"
"JH378117","16331434","16331541","chr6","5216779","5216886","15","11114655"
"JH378117","16357569","16357855","chrX","22015718","22015995","49","5658149"
"JH378117","16362598","16362891","chr13","65577132","65577425","34","49214534"
"JH378117","16388135","16388443","chr3","9603791","9604094","45","6784344"
"JH378117","16389997","16390232","chr2","60289734","60289960","34","43899737"
"JH378117","16420077","16420377","chr12","10064948","10065242","31","6355129"
"JH378117","16423770","16424042","chr12","31966354","31966622","50","15542584"
"JH378117","16434716","16435013","chr12","10064948","10065242","32","6369768"
"JH378117","16445492","16445709","chr13","7317370","7317589","32","9128122"
"JH378117","16454080","16454341","chr4","41989352","41989604","40","25535272"
"JH378117","16461608","16461916","chr16","55189324","55189631","36","38727716"
"JH378117","16462767","16462945","chr12","18815667","18815860","34","2352900"
"JH378117","16463787","16464076","chr11","45826349","45826644","35","29362562"
"JH378117","16476184","16476464","chrX","25484429","25484712","38","9008245"
"JH378117","16477867","16477966","chr22","82220107","82220203","16","65742240"
"JH378117","16499240","16499530","chr25","68652973","68653262","41","52153733"
"JH378117","16505854","16506099","chr9","92500633","92500888","47","75994779"
"JH378117","16531582","16531888","chr16","34831303","34831609","37","18299721"
"JH378117","16553086","16553394","chr20","87404408","87404710","35","70851322"
"JH378117","16557355","16557651","chr16","14358940","14359244","37","2198415"
"JH378117","16557962","16558250","chr12","10064948","10065242","53","6493014"
"JH378117","16584699","16584787","chr19","7758593","7758681","8","8826106"
"JH378117","16594394","16594700","chr14","70652150","70652458","33","54057756"
"JH378117","16620246","16620548","chr26","52198181","52198481","42","35577935"
"JH378117","16640283","16640553","chr14","95964336","95964605","49","79324053"
"JH378117","16682307","16682619","chr2","20458247","20458552","51","3775940"
"JH378117","16683858","16684143","chrX","95460911","95461200","43","78777053"
"JH378117","16704799","16705076","chr2","35448072","35448350","37","18743273"
"JH378117","16728120","16728424","chr11","115525233","115525542","40","98797113"
"JH378117","16744454","16744757","chr12","44274197","44274504","42","27529743"
"JH378117","16748110","16748252","chr12","8113672","8113811","28","8634438"
"JH378117","16792001","16792321","chr10","89459842","89460157","46","72667841"
"JH378117","16896470","16896754","chr14","41748186","41748475","38","24851716"
"JH378117","16994821","16995132","chr11","115525233","115525542","28","98530412"
"JH378117","17057213","17057458","chr5","52512307","52512567","56","35455094"
"JH378117","17243397","17243697","chr8","125046904","125047196","45","107803507"
"JH378117","17371780","17372070","chr2","22390377","22390668","34","5018597"
"JH378117","17392737","17393026","chr12","82326389","82326672","43","64933652"
"JH378117","17494701","17494983","chr5","56273551","56273834","51","38778850"
"JH378117","17520109","17520415","chr2","55900648","55900952","38","38380539"
"JH378117","17553932","17554228","chrX","60987121","60987417","40","43433189"
"JH378117","17582249","17582528","chr19","22521438","22521721","55","4939189"
"JH378117","17614131","17614429","chrX","23977849","23978143","25","6363718"
"JH378117","17641967","17642247","chr19","12562553","12562828","51","5079414"
"JH378117","17719050","17719095","chr3","23169107","23169155","6","5450057"
"JH378117","17719148","17719392","chr6","38291436","38291692","40","20572288"
"JH378117","17738767","17739060","chr8","95885898","95886192","43","78147131"
"JH378117","17764745","17765042","chrX","9162903","9163205","40","8601842"
"JH378117","17774883","17775192","chr1","2872653","2872961","43","14902230"
"JH378117","17980784","17981077","chr13","65577132","65577425","29","47596348"
"JH378117","18031520","18031822","chr10","15843660","15843962","37","2187860"
"JH378117","18215422","18215699","chr12","96013629","96013909","50","77798207"
"JH378117","18231425","18231612","chrX","69874323","69874503","43","51642898"
"JH378117","18300274","18300565","chr13","65577132","65577425","28","47276858"
"JH378117","18321014","18321292","chr5","13482664","13482950","44","4838350"
"JH378117","18354690","18354995","chr11","119389138","119389437","45","101034448"
"JH378117","18418631","18418934","chr3","29782872","29783177","45","11364241"
"JH378117","18436655","18436745","chr3","65349691","65349782","8","46913036"
"JH378117","18565844","18566061","chr22","6719548","6719763","28","11846296"
"JH378117","18774247","18774577","chr24","32730307","32730629","41","13956060"
"JH378117","18788530","18788833","chr12","10064948","10065242","31","8723582"
"JH378117","18900767","18901068","chrX","18278407","18278706","39","622360"
"JH378117","19021970","19022072","chrX","2017984","2018087","8","17003986"
"JH378117","19022230","19022309","chr13","63031813","63031889","8","44009583"
"JH378117","19031437","19031715","chr22","9600661","9600931","42","9430776"
"JH378117","19061852","19062158","chr28","16165976","16166267","46","2895876"
"JH378117","19246848","19246986","chr11","95753406","95753542","14","76506558"
"JH378117","19283862","19284167","chr11","84795218","84795524","33","65511356"
"JH378117","19344555","19344850","chr1","97089521","97089816","38","77744966"
"JH378117","19388286","19388626","chr8","81998382","81998693","60","62610096"
"JH378117","19493548","19493676","chr20","20852752","20852882","11","1359204"
"JH378117","19510835","19511134","chrX","60987121","60987417","33","41476286"
"JH378117","19544340","19544620","chr19","19502742","19503020","37","41598"
"JH378117","19612200","19612458","chr1","111829907","111830168","34","92217707"
"JH378117","19641009","19641267","chr22","88832832","88833087","31","69191823"
"JH378117","19642997","19643118","chr15","90834689","90834810","11","71191692"
"JH378117","19678756","19679044","chr8","94667632","94667918","43","74988876"
"JH378117","19859928","19860152","chr10","114621703","114621933","34","94761775"
"JH378117","19860450","19860526","chr20","86496231","86496314","14","66635781"
"JH378117","19862009","19862293","chr5","20366749","20367033","35","504740"
"JH378117","19881838","19882146","chr9","56479961","56480252","50","36598123"
"JH378117","19943054","19943295","chr25","28824650","28824889","49","8881596"
"JH378117","20015332","20015614","chr11","19611133","19611417","36","404199"
"JH378117","20019448","20019730","chr11","19611133","19611417","36","408315"
"JH378117","20021557","20021857","chr12","10064948","10065242","27","9956609"
"JH378117","20046763","20047063","chr22","50629443","50629736","43","30582680"
"JH378117","20056934","20057188","chr17","71095479","71095744","50","51038545"
"JH378117","20069261","20069389","chr1","97802296","97802426","11","77733035"
"JH378117","20078736","20079018","chr7","21678655","21678937","41","1599919"
"JH378117","20085942","20086256","chr11","115525233","115525542","33","95439291"
"JH378117","20109652","20109766","chr4","60395666","60395783","12","40286014"
"JH378117","20117742","20118048","chr5","2273487","2273788","29","17844255"
"JH378117","20132335","20132471","chr26","6591504","6591639","14","13540831"
"JH378117","20140982","20141077","chr22","82220107","82220203","11","62079125"
"JH378117","20150839","20151135","chr12","10064948","10065242","25","10085891"
"JH378117","20163736","20164031","chr12","10064948","10065242","31","10098788"
"JH378117","20206798","20206892","chr22","82220107","82220203","9","62013309"
"JH378117","20207973","20208050","chr13","63031813","63031889","6","42823840"
"JH378117","20213229","20213374","chr9","86109665","86109806","14","65896436"
"JH378117","20222540","20222832","chr5","20366749","20367033","43","144209"
"JH378117","20248429","20248737","chr21","107419313","107419621","52","87170884"
"JH378117","20263604","20263732","chr20","20852752","20852882","15","589148"
"JH378117","20273110","20273316","chr4","53346339","53346552","38","33073229"
"JH378117","20291565","20291769","chr17","32896166","32896370","38","12604601"
"JH378117","20388163","20388310","chr9","59130238","59130387","18","38742075"
"JH378117","20388809","20388937","chr27","32448797","32448927","13","12059988"
"JH378117","20391256","20391559","chr7","11740840","11741130","50","8650416"
"JH378117","20435432","20435718","chr18","17624355","17624650","44","2811077"
"JH378117","20439143","20439444","chr2","34891557","34891863","36","14452414"
"JH378117","20491017","20491333","chr7","111518752","111519065","39","91027735"
"JH378117","20519822","20520129","chr26","22861850","22862152","35","2342028"
"JH378117","20524654","20524962","chr5","42870195","42870502","42","22345541"
"JH378117","20529302","20529412","chrX","25194654","25194764","12","4665352"
"JH378117","20535816","20536108","chr22","50629443","50629736","41","30093627"
"JH378117","20536880","20537201","chr22","51298632","51298938","53","30761752"
"JH378117","20542108","20542413","chr18","44879897","44880198","36","24337789"
"JH378117","20543864","20543953","chr3","65349691","65349782","11","44805827"
"JH378117","20560358","20560650","chr16","10875666","10875959","40","9684692"
"JH378117","20575107","20575354","chr16","58425585","58425837","38","37850478"
"JH378117","20598997","20599288","chrY","122540","122828","49","20476457"
"JH378117","20599435","20599737","chr29","10722547","10722839","40","9876888"
"JH378117","20610973","20611291","chr1","65504304","65504612","39","44893331"
"JH378117","20628819","20628966","chr9","59130238","59130387","17","38501419"
"JH378117","20659439","20659685","chr16","5798617","5798859","28","14860822"
"JH378117","20673933","20674255","chr7","111518752","111519065","45","90844819"
"JH378117","20677016","20677323","chr1","92441279","92441586","43","71764263"
"JH378117","20805979","20806261","chr1","72070763","72071050","40","51264784"
"JH378117","20812914","20812964","chr21","108068871","108068923","7","87255957"
"JH378117","20820476","20820753","chr16","18091158","18091443","49","2729318"
"JH378117","20874372","20874668","chr15","60517231","60517522","42","39642859"
"JH378117","20877125","20877378","chr11","119259842","119260088","31","98382717"
"JH378117","20904876","20905129","chr2","18407718","18407972","36","2497158"
"JH378117","20938662","20938967","chr12","10064948","10065242","29","10873714"
"JH378117","20989145","20989443","chr12","10064948","10065242","33","10924197"
"JH378117","21006059","21006136","chr13","63031813","63031889","7","42025754"
"JH378117","21042835","21043116","chr14","89906617","89906897","51","68863782"
"JH378117","21079329","21079412","chr5","67880800","67880883","6","46801471"
"JH378117","21129523","21129612","chr16","4405728","4405812","9","16723795"
"JH378117","21254206","21254531","chr9","123749848","123750155","44","102495642"
"JH378117","21298558","21298648","chr3","65349691","65349782","10","44051133"
"JH378117","21300435","21300703","chr26","32869066","32869339","50","11568631"
"JH378117","21303482","21303767","chr18","21477853","21478141","37","174371"
"JH378117","21305711","21305975","chr23","42812151","42812409","41","21506440"
"JH378117","21312008","21312307","chr12","10064948","10065242","30","11247060"
"JH378117","21328501","21328575","chr10","95538249","95538325","9","74209748"
"JH378117","21448216","21448525","chr13","14614965","14615259","54","6833251"
"JH378117","21549324","21549634","chr10","105715587","105715902","43","84166263"
"JH378117","21756701","21757002","chr12","10064948","10065242","26","11691753"
"JH378117","21801852","21802150","chr4","31597964","31598265","37","9796112"
"JH378117","21836455","21836782","chr9","34816974","34817291","48","12980519"
"JH378117","21846656","21846950","chr14","53397424","53397717","36","31550768"
"JH378117","21937942","21938191","chrX","43757721","43757978","54","21819779"
"JH378117","21959376","21959669","chrX","43388473","43388761","35","21429097"
"JH378117","21981016","21981144","chr20","20852752","20852882","17","1128264"
"JH378117","21988324","21988616","chr13","65577132","65577425","33","43588808"
"JH378117","22009761","22010056","chr21","36464675","36464969","51","14454914"
"JH378117","22010165","22010294","chr16","31737705","31737835","13","9727540"
"JH378117","22068340","22068637","chr12","10064948","10065242","24","12003392"
"JH378117","22137713","22138012","chr1","68219231","68219530","35","46081518"
"JH378117","22155960","22156251","chr2","77049897","77050189","45","54893937"
"JH378117","22187155","22187457","chr9","86640988","86641280","41","64453833"
"JH378117","22207154","22207461","chr26","15925027","15925332","31","6282127"
"JH378117","22210136","22210425","chr12","10064948","10065242","35","12145188"
"JH378117","22233964","22234273","chr22","18232920","18233227","47","4001044"
"JH378117","22251126","22251396","chr9","30416228","30416495","35","8165102"
"JH378117","22265693","22266004","chr6","37075091","37075389","45","14809398"
"JH378117","22283180","22283475","chr23","45130342","45130639","38","22847162"
"JH378117","22283714","22283987","chr9","114015180","114015455","31","91731466"
"JH378117","22285980","22286282","chr11","51624065","51624366","37","29338085"
"JH378117","22305159","22305456","chr12","10064948","10065242","28","12240211"
"JH378117","22309627","22309933","chr16","12643813","12644120","36","9665814"
"JH378117","22328729","22328836","chr29","19490159","19490257","14","2838570"
"JH378117","22352037","22352336","chr12","6781553","6781865","89","15570484"
"JH378117","22376550","22376849","chr21","30590903","30591190","47","8214353"
"JH378117","22421857","22422003","chr17","47733511","47733658","18","25311654"
"JH378117","22453762","22454024","chrX","91081140","91081393","41","68627378"
"JH378117","22456554","22456866","chr21","117705069","117705378","43","95248515"
"JH378117","22460069","22460284","chr13","7317370","7317589","34","15142699"
"JH378117","22487518","22487814","chrX","45739064","45739363","36","23251546"
"JH378117","22488964","22489264","chr17","71351423","71351722","36","48862459"
"JH378117","22504078","22504347","chr9","118540216","118540488","43","96036138"
"JH378117","22506044","22506341","chr6","4113565","4113862","38","18392479"
"JH378117","22623676","22623771","chr6","30515543","30515632","16","7891867"
"JH378117","22650555","22650649","chr22","82220107","82220203","8","59569552"
"JH378117","22725836","22726140","chrX","125302543","125302844","33","102576707"
"JH378117","22773493","22773755","chr14","82309362","82309629","36","59535869"
"JH378117","22859466","22859638","chr25","22704616","22704787","21","154850"
"JH378117","22862404","22862493","chr5","67880800","67880883","10","45018396"
"JH378117","22876496","22876613","chr14","74460545","74460661","14","51584049"
"JH378117","22883426","22883565","chr6","7501396","7501533","13","15382030"
"JH378117","22907459","22907769","chr26","32814470","32814770","44","9907011"
"JH378117","22943659","22943748","chr6","2242595","2242681","13","20701064"
"JH378117","22982056","22982349","chr5","7299480","7299767","42","15682576"
"JH378117","23014115","23014415","chr20_KE148049v1_random","535731","536028","35","22478384"
"JH378117","23023154","23023459","chr20","104630107","104630400","41","81606953"
"JH378117","23116948","23117244","chr17","33923310","33923610","50","10806362"
"JH378117","23166586","23166662","chr13","63031813","63031889","7","39865227"
"JH378117","23181390","23181617","chr20","80623744","80623973","29","57442354"
"JH378117","23213029","23213318","chr17","47391727","47392017","38","24178698"
"JH378117","23259441","23259739","chr16","54373356","54373655","37","31113915"
"JH378117","23309864","23310140","chr16","4445987","4446264","38","18863877"
"JH378117","23347529","23347841","chr17","41932814","41933121","38","18585285"
"JH378117","23381777","23382028","chr9","16492964","16493209","38","6888813"
"JH378117","23498245","23498347","chrX","2017984","2018087","8","21480261"
"JH378117","23510532","23510801","chr21","33185455","33185724","32","9674923"
"JH378117","23527800","23528093","chr1","103050659","103050957","42","79522859"
"JH378117","23596025","23596333","chr12","10064948","10065242","36","13531077"
"JH378117","23656481","23656780","chr18","14936633","14936932","32","8719848"
"JH378117","23673713","23673889","chr14","79057796","79057969","27","55384083"
"JH378117","23804967","23805258","chr25","69293378","69293673","31","45488411"
"JH378117","23809833","23810121","chr3","15370462","15370750","32","8439371"
"JH378117","23826469","23826755","chr16","35436154","35436450","41","11609685"
"JH378117","23899789","23900085","chr1","103415790","103416081","36","79516001"
"JH378117","23907742","23907836","chr22","82220107","82220203","10","58312365"
"JH378117","23920603","23920905","chr5","18492977","18493282","38","5427626"
"JH378117","23950664","23950938","chr1","85364685","85364961","52","61414021"
"JH378117","24030451","24030756","chr29","8189456","8189758","46","15840995"
"JH378117","24048693","24049002","chr14","32637306","32637607","35","8588613"
"JH378117","24086710","24087027","chr2","34891557","34891863","40","10804847"
"JH378117","24148397","24148703","chr26","38024857","38025165","34","13876460"
"JH378117","24224153","24224446","chr11","1011946","1012238","34","23212207"
"JH378117","24255379","24255438","chr23","79062097","79062166","15","54806718"
"JH378117","24276143","24276437","chrX","23977849","23978143","37","298294"
"JH378117","24330367","24330651","chr8","119911703","119911981","35","95581336"
"JH378117","24362119","24362428","chr3","37060125","37060426","42","12698006"
"JH378117","24385969","24386279","chr9","15987970","15988276","31","8397999"
"JH378117","24428859","24429169","chr11","115525233","115525542","34","91096374"
"JH378117","24446664","24446970","chr5","33074148","33074451","36","8627484"
"JH378117","24476201","24476278","chr13","63031813","63031889","7","38555612"
"JH378117","24518343","24518432","chr3","65349691","65349782","12","40831348"
"JH378117","24544681","24544979","chr12","10064948","10065242","30","14479733"
"JH378117","24553185","24553483","chr12","10064948","10065242","27","14488237"
"JH378117","24555931","24556222","chr25","69293378","69293673","27","44737447"
"JH378117","24564959","24565258","chr12","10064948","10065242","28","14500011"
"JH378117","24573478","24573583","chr1","39939684","39939788","9","15366206"
"JH378117","24590651","24590961","chr12","9938852","9939154","36","14651799"
"JH378117","24608147","24608451","chr12","10064948","10065242","26","14543199"
"JH378117","24610079","24610182","chr1","39939684","39939788","12","15329605"
"JH378117","24629651","24629780","chr3","91348390","91348521","14","66718739"
"JH378117","24631809","24632098","chr13","65577132","65577425","35","40945323"
"JH378117","24636336","24636644","chr11","127249496","127249797","42","102613160"
"JH378117","24651823","24652136","chr5","33074148","33074451","37","8422325"
"JH378117","24681708","24681980","chr1","32180141","32180418","38","7498433"
"JH378117","24684257","24684337","chr5","67880800","67880883","9","43196543"
"JH378117","24742945","24743200","chr7","102639391","102639652","52","77896446"
"JH378117","24817880","24818178","chr12","10064948","10065242","26","14752932"
"JH378117","24820898","24821027","chr3","91348390","91348521","12","66527492"
"JH378117","24875084","24875209","chr1","8688937","8689061","10","16186147"
"JH378117","24890621","24890740","chr6","44144914","44145033","11","19254293"
"JH378117","24902562","24902867","chr23","45284082","45284386","41","20381520"
"JH378117","24913722","24914009","chr23","57605786","57606076","33","32692064"
"JH378117","24936104","24936408","chr13","67235992","67236297","36","42299888"
"JH378117","24937596","24937756","chr24","80191005","80191166","27","55253409"
"JH378117","24960938","24961276","chr9","91503825","91504152","47","66542887"
"JH378117","24964587","24964888","chr23","41434219","41434517","35","16469632"
"JH378117","25014480","25014563","chr5","67880800","67880883","6","42866320"
"JH378117","25071985","25072283","chr16","33182065","33182368","47","8110080"
"JH378117","25128358","25128641","chr7","36238086","36238370","37","11109728"
"JH378117","25172782","25173084","chrX","11815348","11815650","43","13357434"
"JH378117","25212505","25212789","chr23","16142942","16143228","30","9069563"
"JH378117","25218142","25218251","chr12","53065987","53066095","11","27847845"
"JH378117","25218352","25218614","chr21","56602482","56602744","33","31384130"
"JH378117","25339384","25339685","chr1","103415790","103416081","39","78076406"
"JH378117","25387455","25387721","chr21","104564775","104565035","44","79177320"
"JH378117","25402662","25402963","chr5","2273487","2273788","36","23129175"
"JH378117","25410583","25410874","chr12","10064948","10065242","32","15345635"
"JH378117","25451292","25451581","chr9","61985831","61986122","35","36534539"
"JH378117","25452874","25453161","chr21","25123896","25124189","39","328978"
"JH378117","25487246","25487540","chr17","36106487","36106784","42","10619241"
"JH378117","25491086","25491377","chr27","46109934","46110222","39","20618848"
"JH378117","25518465","25518693","chr21","71246060","71246287","29","45727595"
"JH378117","25523211","25523483","chr1","8091760","8092044","67","17431451"
"JH378117","25541567","25541863","chr5","4621031","4621327","40","20920536"
"JH378117","25548624","25548791","chr21","11464488","11464665","50","14084136"
"JH378117","25561181","25561295","chr11","128539002","128539115","17","102977821"
"JH378117","25579952","25580253","chr12","26753805","26754107","36","1173853"
"JH378117","25602346","25602651","chr5","2273487","2273788","27","23328859"
"JH378117","25607413","25607674","chr21","33185455","33185724","48","7578042"
"JH378117","25613718","25614020","chrX","18278407","18278706","36","7335311"
"JH378117","25618727","25618809","chr5","67880800","67880883","8","42262073"
"JH378117","25622650","25622859","chr12","104574975","104575178","50","78952325"
"JH378117","25623336","25623637","chr12","10064948","10065242","26","15558388"
"JH378117","25627771","25628035","chr21","105930798","105931061","39","80303027"
"JH378117","25660476","25660768","chr6","48913632","48913921","33","23253156"
"JH378117","25660772","25661055","chr2","5168180","5168471","53","20492592"
"JH378117","25661847","25662147","chr27","8771956","8772256","31","16889891"
"JH378117","25711460","25711760","chr12","10064948","10065242","39","15646512"
"JH378117","25711929","25712262","chr3","37955466","37955795","47","12243537"
"JH378117","25732417","25732716","chr5","68574322","68574627","46","42841905"
"JH378117","25764717","25765017","chr19","4492291","4492589","43","21272426"
"JH378117","25765573","25765874","chr12","103011241","103011542","31","77245668"
"JH378117","25793605","25793695","chr3","65349691","65349782","11","39556086"
"JH378117","25797273","25797563","chr16","58367651","58367941","40","32570378"
"JH378117","25907045","25907122","chr13","63031813","63031889","7","37124768"
"JH378117","25908308","25908398","chr3","65349691","65349782","10","39441383"
"JH378117","25964244","25964563","chr6","16598509","16598818","37","9365735"
"JH378117","25994209","25994501","chr14","64881304","64881598","35","38887095"
"JH378117","26005477","26005775","chr4","44048202","44048508","48","18042725"
"JH378117","26023328","26023579","chr2","18933242","18933492","46","7090086"
"JH378117","26037334","26037640","chr25","81397810","81398119","32","55360476"
"JH378117","26048966","26049249","chr8","55112604","55112890","38","29063638"
"JH378117","26091478","26091798","chr5","36774379","36774687","48","10682901"
"JH378117","26101818","26102120","chr10","47669467","47669767","37","21567649"
"JH378117","26115965","26116257","chr21","30727419","30727713","32","4611454"
"JH378117","26163973","26164276","chr3","75030450","75030748","47","48866477"
"JH378117","26212347","26212540","chr13","86585007","86585200","29","60372660"
"JH378117","26241627","26241933","chr6","23579903","23580200","41","2661724"
"JH378117","26244151","26244244","chr22","82220107","82220203","14","55975956"
"JH378117","26246197","26246501","chr12","10064948","10065242","31","16181249"
"JH378117","26365395","26365484","chr20","119761262","119761350","9","93395867"
"JH378117","26383841","26384151","chr18","69272117","69272421","38","42888276"
"JH378117","26403915","26404172","chr10","118182665","118182918","35","91778750"
"JH378117","26482944","26483154","chr22","38963900","38964108","34","12480956"
"JH378117","26518506","26518796","chr8","21494594","21494885","43","5023912"
"JH378117","26526513","26526823","chr2","58045145","58045453","36","31518632"
"JH378117","26540535","26540619","chr20","35691146","35691245","25","9150611"
"JH378117","26541831","26542134","chr11","117737181","117737478","36","91195350"
"JH378117","26582028","26582322","chr1","19002101","19002396","40","7579927"
"JH378117","26584853","26585160","chr16","34317681","34317983","44","7732828"
"JH378117","26633877","26634176","chr9","56910898","56911189","48","30277021"
"JH378117","26639064","26639343","chr1","83672883","83673171","45","57033819"
"JH378117","26662297","26662555","chr9","30416228","30416495","47","3753931"
"JH378117","26662956","26663236","chr7","97868515","97868805","46","71205559"
"JH378117","26727930","26728215","chr1","69657377","69657663","32","42929447"
"JH378117","26803162","26803344","chr1","14103001","14103184","20","12700161"
"JH378117","26816164","26816442","chr4","12331299","12331574","46","14484865"
"JH378117","26851117","26851220","chr1","39939684","39939788","10","13088567"
"JH378117","26856645","26856943","chr7","123616853","123617149","35","96760208"
"JH378117","26862456","26862587","chr9","92950935","92951071","25","66088479"
"JH378117","26871776","26872078","chr12","10064948","10065242","28","16806828"
"JH378117","26947117","26947390","chr1","32180141","32180418","47","5233024"
"JH378117","26999877","27000000","chr1","8688937","8689061","15","18310940"
"JH378117","27113503","27113812","chr17","44387479","44387789","43","17273976"
"JH378117","27124296","27124594","chr14","38826241","38826549","44","11701945"
"JH378117","27294767","27295039","chr12","45033039","45033309","34","17738272"
"JH378117","27352084","27352395","chr2","34891557","34891863","35","7539473"
"JH378117","27400885","27401183","chr13","8870800","8871100","37","18530085"
"JH378117","27449622","27449916","chr16","9673447","9673744","37","17776175"
"JH378117","27498931","27499041","chr13","92797101","92797208","20","65298170"
"JH378117","27660341","27660646","chr12","10064948","10065242","33","17595393"
"JH378117","27681180","27681489","chr1","68219231","68219530","35","40538051"
"JH378117","27727653","27727924","chr29","12615312","12615586","39","15112341"
"JH378117","27736423","27736709","chr1","10803268","10803561","41","16933155"
"JH378117","27793787","27794089","chr9","21505206","21505505","51","6288581"
"JH378117","28036284","28036576","chr24","15878513","15878804","42","12157771"
"JH378117","28043107","28043405","chr12","10064948","10065242","30","17978159"
"JH378117","28077813","28078090","chr16","18091158","18091443","48","9986655"
"JH378117","28240727","28241014","chr4","57339887","57340171","44","29099160"
"JH378117","28251542","28251818","chr5","27332348","27332618","37","919194"
"JH378117","28277579","28277681","chr1","39939684","39939788","15","11662105"
"JH378117","28286213","28286503","chr2","37721011","37721305","38","9434798"
"JH378117","28309932","28310145","chr16","25738562","25738782","36","2571370"
"JH378117","28431197","28431477","chr9","114585954","114586241","47","86154757"
"JH378117","28512911","28513144","chr9","106743255","106743488","26","78230344"
"JH378117","28513713","28513802","chr19","7758593","7758681","11","20755120"
"JH378117","28531188","28531493","chr16","20822626","20822924","39","7708562"
"JH378117","28545648","28545899","chr23","35723955","35724210","48","7178307"
"JH378117","28597588","28597894","chr24","33897816","33898116","43","5300228"
"JH378117","28600656","28600751","chr22","82220107","82220203","9","53619451"
"JH378117","28638199","28638512","chr1","65504304","65504612","35","36866105"
"JH378117","28657124","28657198","chr13","63031813","63031889","9","34374689"
"JH378117","28659768","28660055","chr5","1720771","1721058","40","26938997"
"JH378117","28663939","28664090","chr24","27664460","27664615","20","999479"
"JH378117","28672212","28672339","chr3","91348390","91348521","12","62676178"
"JH378117","28682560","28682634","chr13","63031813","63031889","7","34349253"
"JH378117","28685461","28685785","chr2","21278006","21278325","56","7407455"
"JH378117","28716829","28717032","chr16","5228661","5228864","54","23488168"
"JH378117","28721746","28722013","chr16","46021279","46021555","39","17299533"
"JH378117","28727171","28727440","chr23","5517272","5517549","37","23209899"
"JH378117","28728237","28728527","chr16","17016732","17017024","44","11711505"
"JH378117","28766894","28767205","chr12","6781553","6781865","80","21985341"
"JH378117","28769152","28769401","chr17","29960106","29960356","34","1190954"
"JH378117","28770102","28770335","chr11","126175108","126175340","30","97405006"
"JH378117","28797412","28797502","chr19","7758593","7758681","10","21038819"
"JH378117","28818321","28818626","chr12","74217361","74217667","33","45399040"
"JH378117","28857225","28857519","chr8","52344592","52344885","32","23487367"
"JH378117","28899038","28899328","chr5","42662951","42663235","31","13763913"
"JH378117","28943666","28943976","chr11","115525233","115525542","33","86581567"
"JH378117","28992808","28992990","chr24","28513654","28513827","26","479154"
"JH378117","29002512","29002601","chr3","65349691","65349782","11","36347179"
"JH378117","29221227","29221535","chr11","115525233","115525542","36","86304006"
"JH378117","29222002","29222297","chr6","4113565","4113862","32","25108437"
"JH378117","29441309","29441386","chr13","63031813","63031889","9","33590504"
"JH378117","29447268","29447545","chrX","22075293","22075574","34","7371975"
"JH378117","29450887","29451001","chr20","115102100","115102215","11","85651213"
"JH378117","29452156","29452301","chr17","47733511","47733658","14","18281355"
"JH378117","29488727","29489008","chr14","33085378","33085658","36","3596651"
"JH378117","29494565","29494653","chr19","7758593","7758681","9","21735972"
"JH378117","29506187","29506486","chr12","10064948","10065242","31","19441239"
"JH378117","29538629","29538862","chr6","2372111","2372337","33","27166518"
"JH378117","29604399","29604677","chr19","12562553","12562828","53","17041846"
"JH378117","29638185","29638258","chr13","63031813","63031889","12","33393628"
"JH378117","29639637","29639726","chr3","65349691","65349782","12","35710054"
"JH378117","29671322","29671447","chrX","7665538","7665663","12","22005784"
"JH378117","29673670","29673815","chr9","59130238","59130387","14","29456568"
"JH378117","29731945","29732249","chr20","46933799","46934103","43","17201854"
"JH378117","29735527","29735824","chr4","73035785","73036085","37","43300258"
"JH378117","29746982","29747294","chrX","125302543","125302844","33","95555561"
"JH378117","29776191","29776498","chr5","2273487","2273788","36","27502704"
"JH378117","29792417","29792715","chr12","10064948","10065242","27","19727469"
"JH378117","29800046","29800302","chr8","41144891","41145148","32","11344845"
"JH378117","29817481","29817575","chr22","82220107","82220203","10","52402626"
"JH378117","29819808","29820096","chr20","105293149","105293436","31","75473341"
"JH378117","29847104","29847240","chr9","71632727","71632860","14","41785623"
"JH378117","29852731","29853031","chr9","15987970","15988276","39","13864761"
"JH378117","29892384","29892680","chr16","65250770","65251068","36","35358386"
"JH378117","29900233","29900519","chr12","10064948","10065242","29","19835285"
"JH378117","29908870","29909173","chr12","10064948","10065242","26","19843922"
"JH378117","29939782","29940076","chr12","10064948","10065242","28","19874834"
"JH378117","29942623","29942922","chr10","118597337","118597632","34","88654714"
"JH378117","30054976","30055256","chr12","6781553","6781865","105","23273423"
"JH378117","30063750","30064017","chr16","65208467","65208738","42","35144717"
"JH378117","30159318","30159614","chr22","12575289","12575585","35","17584029"
"JH378117","30178011","30178308","chr13","65577132","65577425","31","35399121"
"JH378117","30186257","30186529","chr19","24120892","24121176","41","6065365"
"JH378117","30218984","30219288","chr1","68219231","68219530","30","38000247"
"JH378117","30295499","30295615","chrX","90197506","90197623","12","59902007"
"JH378117","30332897","30333213","chr27","25506578","25506885","39","4826319"
"JH378117","30423100","30423392","chr15","1523949","1524238","36","28899151"
"JH378117","30427487","30427803","chr7","135159498","135159805","50","104732011"
"JH378117","30448234","30448341","chr12","53065987","53066095","14","22617753"
"JH378117","30539084","30539192","chr6","1067449","1067558","9","29471635"
"JH378117","30543072","30543377","chr4","16169050","16169359","48","14374022"
"JH378117","30578908","30579207","chr14","83371933","83372231","36","52793025"
"JH378117","30614735","30614822","chr5","67880800","67880883","8","37266065"
"JH378117","30639419","30639495","chr13","63031813","63031889","7","32392394"
"JH378117","30717298","30717428","chr16","4500752","4500881","11","26216546"
"JH378117","30720399","30720695","chr4","62288888","62289188","42","31568489"
"JH378117","30764147","30764459","chr1","65504304","65504612","30","34740157"
"JH378117","30819050","30819344","chr15","44651799","44652082","39","13832749"
"JH378117","30847993","30848298","chr20","107972036","107972343","36","77124043"
"JH378117","30886635","30886735","chrX","2017984","2018087","10","28868651"
"JH378117","30904599","30904851","chr12","91770803","91771053","37","60866204"
"JH378117","30937417","30937718","chr24","8381796","8382090","38","22555621"
"JH378117","30957584","30957864","chr4","24698722","24699000","45","6258862"
"JH378117","30999847","30999997","chr9","59130238","59130387","10","28130391"
"JH378117","31070206","31070531","chr5","24362564","24362891","49","6707642"
"JH378117","31099630","31099755","chrX","103218804","103218929","11","72119174"
"JH378117","31103874","31104137","chr14","1503310","1503557","49","29600564"
"JH378117","31187197","31187322","chr1","8688937","8689061","13","22498260"
"JH378117","31188623","31188713","chr19","7758593","7758681","8","23430030"
"JH378117","31235221","31235523","chr23","71257246","71257544","42","40022025"
"JH378117","31249624","31249934","chr2","58045145","58045453","35","26795521"
"JH378117","31255635","31255932","chr11","117737181","117737478","32","86481546"
"JH378117","31270469","31270783","chr27","23849907","23850213","43","7420562"
"JH378117","31271925","31272229","chr12","88692034","88692338","31","57420109"
"JH378117","31273812","31273891","chr16","3308866","3308945","8","27964946"
"JH378117","31276418","31276728","chr1","65504304","65504612","39","34227886"
"JH378117","31294468","31294610","chr6","7229588","7229731","14","24064880"
"JH378117","31304076","31304373","chr12","10064948","10065242","26","21239128"
"JH378117","31359861","31359989","chr20","20852752","20852882","16","10507109"
"JH378117","31360090","31360256","chr24","68110420","68110592","30","36750330"
"JH378117","31374406","31374689","chrX","81238532","81238811","31","49864126"
"JH378117","31414023","31414319","chr15","5114677","5114969","36","26299346"
"JH378117","31445338","31445639","chr5","2273487","2273788","37","29171851"
"JH378117","31509184","31509259","chr9","62921501","62921569","14","31412317"
"JH378117","31521873","31522170","chr12","10064948","10065242","33","21456925"
"JH378117","31572178","31572465","chr12","13083707","13083986","37","18488471"
"JH378117","31587963","31588246","chr14","37322067","37322349","39","5734104"
"JH378117","31616408","31616497","chr20","119761262","119761350","10","88144854"
"JH378117","31654483","31654778","chr1","10803268","10803561","53","20851215"
"JH378117","31841558","31841867","chrX","9162903","9163205","48","22678655"
"JH378117","31850554","31850827","chr18","60090253","60090534","42","28239699"
"JH378117","31875380","31875488","chr6","5216779","5216886","11","26658601"
"JH378117","31919887","31920189","chr12","106807603","106807904","35","74887716"
"JH378117","31931484","31931706","chr26","15425772","15425994","31","16505712"
"JH378117","31957365","31957586","chr2","41986599","41986802","33","10029234"
"JH378117","31984201","31984300","chr22","82220107","82220203","7","50235906"
"JH378117","31997481","31997558","chr13","63031813","63031889","7","31034332"
"JH378117","32022047","32022350","chr9","114015180","114015455","60","81993133"
"JH378117","32029471","32029768","chr8","52344592","52344885","40","20315121"
"JH378117","32073187","32073492","chr5","2273487","2273788","34","29799700"
"JH378117","32105797","32106098","chr9","28365288","28365588","39","3740509"
"JH378117","32110846","32111119","chr21","56602482","56602744","37","24491636"
"JH378117","32145850","32146161","chr26","38024857","38025165","28","5879007"
"JH378117","32149364","32149675","chr6","15953108","15953417","33","16196256"
"JH378117","32152175","32152478","chr5","2273487","2273788","41","29878688"
"JH378117","32157175","32157480","chrX","125302543","125302844","28","93145368"
"JH378117","32172942","32173234","chr22","41230857","41231149","48","9057915"
"JH378117","32305361","32305673","chr10","88177543","88177855","31","55872182"
"JH378117","32337398","32337524","chr16","73730787","73730904","20","41393389"
"JH378117","32348942","32349228","chr1","8067455","8067746","40","24281487"
"JH378117","32373644","32373781","chr1","110380135","110380266","19","78006491"
"JH378117","32444040","32444294","chr11","41864632","41864888","42","9420592"
"JH378117","32482940","32483068","chr27","45989091","45989221","17","13506151"
"JH378117","32483890","32483983","chr11","25034035","25034127","24","7449855"
"JH378117","32485649","32485774","chr1","8688937","8689061","15","23796712"
"JH378117","32501469","32501680","chr16","6238673","6238883","20","26262796"
"JH378117","32521232","32521525","chr2","66530405","66530698","37","34009173"
"JH378117","32563606","32563923","chr1","65504304","65504612","42","32940698"
"JH378117","32581591","32581871","chr5","10449692","10449967","43","22131899"
"JH378117","32585063","32585365","chr6","39327037","39327335","27","6741974"
"JH378117","32606670","32606747","chr13","63031813","63031889","7","30425143"
"JH378117","32609275","32609416","chr23","56978905","56979044","16","24369630"
"JH378117","32611069","32611176","chr1","62097932","62098038","11","29486863"
"JH378117","32622274","32622574","chr12","10064948","10065242","30","22557326"
"JH378117","32633803","32633907","chr10","100080068","100080174","20","67446265"
"JH378117","32634556","32634664","chr26","50407387","50407500","25","17772831"
"JH378117","32678425","32678716","chr24","27282254","27282545","30","5396171"
"JH378117","32687833","32688023","chr1","16743166","16743353","31","15944667"
"JH378117","32710756","32711065","chr16","33182065","33182368","34","471309"
"JH378117","32720872","32721182","chr5","2273487","2273788","35","30447385"
"JH378117","32737463","32737553","chr3","65349691","65349782","10","32612228"
"JH378117","32739928","32740057","chr1","97802296","97802426","13","65062368"
"JH378117","32743175","32743282","chr6","1067449","1067558","12","31675726"
"JH378117","32747296","32747602","chr1","108565860","108566161","32","75818564"
"JH378117","32767234","32767544","chr6","16598509","16598818","36","16168725"
"JH378117","32789089","32789389","chr12","10064948","10065242","28","22724141"
"JH378117","32803237","32803289","chr4","24611028","24611082","7","8192209"
"JH378117","32834032","32834180","chr9","59130238","59130387","14","26296206"
"JH378117","32835813","32836106","chr12","10064948","10065242","34","22770865"
"JH378117","32840248","32840356","chr6","1067449","1067558","11","31772799"
"JH378117","32848498","32848647","chr9","59130238","59130387","15","26281740"
"JH378117","32870716","32871020","chrX","496016","496321","45","32374700"
"JH378117","32874742","32874987","chr11","119259842","119260088","33","86385100"
"JH378117","32879099","32879406","chr17","35258575","35258878","32","2379476"
"JH378117","32886487","32886764","chr5","27332348","27332618","42","5554139"
"JH378117","32894485","32894779","chr26","11222898","11223188","46","21671587"
"JH378117","32901571","32901863","chr12","10064948","10065242","27","22836623"
"JH378117","32903299","32903592","chr16","53213011","53213300","38","20309712"
"JH378117","32908249","32908559","chr1","104145192","104145500","42","71236943"
"JH378117","32913251","32913550","chrX","26639649","26639945","34","6273602"
"JH378117","32917644","32917930","chr7","93852704","93852990","45","60935060"
"JH378117","32926233","32926530","chr9","103899907","103900209","41","70973674"
"JH378117","32935191","32935487","chr11","19611133","19611417","46","13324058"
"JH378117","32938220","32938534","chr15","81443631","81443929","47","48505411"
"JH378117","32942660","32942765","chr1","39939684","39939788","10","6997024"
"JH378117","32953915","32954063","chr15","39904807","39904956","21","6950892"
"JH378117","32955185","32955486","chr7","131200672","131200969","38","98245487"
"JH378117","32957577","32957825","chr19","9017172","9017426","36","23940405"
"JH378117","32989076","32989386","chrX","28194989","28195297","33","4794087"
"JH378117","32991530","32991809","chr19","19697247","19697527","39","13294283"
"JH378117","33017666","33017953","chr25","61615818","61616106","38","28598152"
"JH378117","33032143","33032414","chr4","52117674","52117951","37","19085531"
"JH378117","33054928","33055235","chr13","84743392","84743699","34","51688464"
"JH378117","33060376","33060668","chrX","46002542","46002832","35","12942166"
"JH378117","33082931","33083235","chr9","62128581","62128882","46","29045650"
"JH378117","33107945","33108239","chr24","31782318","31782620","38","1325627"
"JH378117","33141993","33142303","chr12","13047845","13048153","33","20094148"
"JH378117","33144266","33144564","chr5","2273487","2273788","31","30870779"
"JH378117","33160099","33160391","chr7","97868515","97868805","44","64708416"
"JH378117","33174167","33174297","chr6","45164832","45164960","18","11990665"
"JH378117","33197493","33197791","chr6","48913632","48913921","45","15716139"
"JH378117","33202628","33202926","chr1","66807483","66807786","44","33604855"
"JH378117","33210485","33210792","chr20","89561089","89561394","51","56350604"
"JH378117","33220004","33220340","chr7","30645066","30645382","57","2574938"
"JH378117","33230642","33230938","chr24","22113783","22114076","35","11116859"
"JH378117","33238972","33239279","chr12","6781553","6781865","102","26457419"
"JH378117","33318553","33318863","chr2","74744689","74744996","41","41426136"
"JH378117","33365567","33365881","chr28","4550302","4550608","43","28815265"
"JH378117","33376158","33376306","chr3","90669571","90669712","18","57293413"
"JH378117","33396801","33397095","chr4","73035785","73036085","41","39638984"
"JH378117","33412373","33412519","chr22","14395100","14395247","18","19017273"
"JH378117","33422821","33423138","chr11","115525233","115525542","44","82102412"
"JH378117","33478514","33478640","chr1","55628072","55628195","20","22149558"
"JH378117","33480064","33480312","chr8","16250981","16251236","37","17229083"
"JH378117","33497149","33497431","chr21","100817101","100817381","35","67319952"
"JH378117","33498453","33498746","chr10","118597337","118597632","32","85098884"
"JH378117","33513361","33513654","chr12","10064948","10065242","27","23448413"
"JH378117","33532590","33532909","chr10","88177543","88177855","45","54644953"
"JH378117","33546779","33547054","chr7","87834519","87834797","40","54287740"
"JH378117","33583878","33584156","chr5","4298696","4298983","48","29285182"
"JH378117","33647663","33647880","chr20","96791492","96791709","30","63143829"
"JH378117","33648449","33648762","chr2","34891557","34891863","40","1243108"
"JH378117","33648767","33649053","chr14","80284365","80284655","33","46635598"
"JH378117","33657944","33658247","chr19","10628119","10628425","35","23029825"
"JH378117","33668177","33668299","chr15","90834689","90834810","9","57166512"
"JH378117","33679265","33679389","chr11","128230087","128230214","20","94550822"
"JH378117","33685626","33685925","chr12","56379607","56379905","39","22693981"
"JH378117","33719302","33719589","chr9","26807010","26807295","32","6912292"
"JH378117","33723066","33723377","chr5","2273487","2273788","38","31449579"
"JH378117","33728502","33728802","chr13","65577132","65577425","31","31848630"
"JH378117","33744809","33745116","chr9","13973543","13973840","36","19771266"
"JH378117","33803440","33803750","chr1","65504304","65504612","37","31700864"
"JH378117","33809195","33809477","chr24","76614329","76614607","35","42805134"
"JH378117","33856364","33856592","chr2","9968196","9968421","40","23888168"
"JH378117","33891477","33891773","chrX","115847772","115848064","33","81956295"
"JH378117","33894481","33894798","chr26","38024857","38025165","34","4130376"
"JH378117","33907815","33907922","chr22","89377556","89377669","17","55469741"
"JH378117","33940612","33940878","chrX","50208947","50209208","40","16268335"
"JH378117","33942694","33942990","chr4","89855078","89855370","38","55912384"
"JH378117","34059020","34059324","chr11","51624065","51624366","35","17565045"
"JH378117","34081831","34082123","chrX","90756972","90757264","38","56675141"
"JH378117","34099441","34099672","chr4","36151312","36151541","44","2051871"
"JH378117","34104083","34104386","chr5","2273487","2273788","34","31830596"
"JH378117","34160619","34160787","chr1","105262714","105262876","29","71102095"
"JH378117","34235840","34236137","chr12","10064948","10065242","21","24170892"
"JH378117","34243161","34243461","chr12","10064948","10065242","25","24178213"
"JH378117","34296181","34296482","chr1","65504304","65504612","36","31208123"
"JH378117","34314447","34314732","chr9","26807010","26807295","37","7507437"
"JH378117","34351829","34352118","chr29","23708330","23708618","37","10643499"
"JH378117","34429903","34430128","chr16","33633380","33633606","112","796523"
"JH378117","34478145","34478454","chr2","58045145","58045453","37","23567000"
"JH378117","34507119","34507248","chr3","91348390","91348521","11","56841271"
"JH378117","34563138","34563441","chr4","62222786","62223086","46","27659648"
"JH378117","34579269","34579574","chr20","105941906","105942211","47","71362637"
"JH378117","34642242","34642527","chr5","1720771","1721058","42","32921471"
"JH378117","34651417","34651566","chr9","59130238","59130387","12","24478821"
"JH378117","34656174","34656491","chr2","34891557","34891863","43","235383"
"JH378117","34693771","34694055","chr6","9228253","9228531","36","25465518"
"JH378117","34756188","34756497","chr29","8289755","8290055","47","26466433"
"JH378117","34874834","34874936","chrX","2017984","2018087","9","32856850"
"JH378117","34902948","34903260","chr16","30398852","30399159","38","4504096"
"JH378117","34947074","34947383","chr9","15987970","15988276","34","18959104"
"JH378117","34980488","34980779","chr1","103415790","103416081","46","68435302"
"JH378117","34998617","34998694","chr13","63031813","63031889","7","28033196"
"JH378117","35004560","35004872","chr25","7449311","7449614","39","27555249"
"JH378117","35030080","35030176","chr22","82220107","82220203","10","47190027"
"JH378117","35031406","35031711","chr8","91434027","91434331","37","56402621"
"JH378117","35078797","35079134","chr14","46171515","46171849","50","11092718"
"JH378117","35170249","35170537","chrX","104601258","104601549","35","69431009"
"JH378117","35212360","35212436","chr13","63031813","63031889","8","27819453"
"JH378117","35253082","35253241","chr14","96081034","96081168","43","60827952"
"JH378117","35262711","35263019","chr8","1760359","1760667","32","33502352"
"JH378117","35289495","35289727","chr11","7931648","7931881","27","27357847"
"JH378117","35291123","35291257","chr26","6591504","6591639","12","28699619"
"JH378117","35292388","35292673","chr7","19377767","19378060","58","15914621"
"JH378117","35336249","35336536","chr7","133891339","133891635","51","98555090"
"JH378117","35388052","35388111","chr28","9006574","9006630","9","26381478"
"JH378117","35415074","35415375","chr11","127481198","127481493","37","92066124"
"JH378117","35422248","35422531","chr9","99606197","99606478","41","64183949"
"JH378117","35437028","35437338","chr9","34182892","34183200","37","1254136"
"JH378117","35446016","35446306","chr5","1720771","1721058","31","33725245"
"JH378117","35566635","35566740","chr1","39939684","39939788","9","4373049"
"JH378117","35582430","35582737","chr1","65504304","65504612","31","29921874"
"JH378117","35653346","35653426","chr5","67880800","67880883","8","32227454"
"JH378117","35704992","35705289","chrX","23977849","23978143","41","11727143"
"JH378117","35724070","35724375","chr1","2872653","2872961","31","32851417"
"JH378117","35736200","35736361","chr9","54589494","54589649","26","18853294"
"JH378117","35784736","35785037","chr12","10064948","10065242","34","25719788"
"JH378117","35835385","35835692","chr13","22834581","22834886","50","13000804"
"JH378117","35880974","35881272","chr24","1147887","1148184","30","34733087"
"JH378117","36078134","36078442","chr17","35258575","35258878","36","819559"
"JH378117","36229950","36230085","chr26","6591504","6591639","13","29638446"
"JH378117","36250603","36250909","chr17","53838481","53838787","48","17587878"
"JH378117","36274184","36274453","chr25","82379602","82379865","39","46105418"
"JH378117","36295885","36296149","chr6","35489845","35490118","51","806040"
"JH378117","36319749","36320053","chr11","4229918","4230223","39","32089831"
"JH378117","36344880","36345089","chr17","44703760","44703972","42","8358880"
"JH378117","36367943","36368231","chr28","13973057","13973343","38","22394886"
"JH378117","36384244","36384549","chr16","30398852","30399159","29","5985392"
"JH378117","36401032","36401287","chr4","41989352","41989604","37","5588320"
"JH378117","36441054","36441337","chr20","118646429","118646721","42","82205375"
"JH378117","36465722","36466021","chr2","42567087","42567385","46","6101365"
"JH378117","36499887","36500000","chr11","128539002","128539115","13","92039115"
"JH378117","36508459","36508658","chr19","5662814","5663015","22","30845645"
"JH378117","36560424","36560731","chr9","85759120","85759423","44","49198696"
"JH378117","36576866","36577169","chr5","2273487","2273788","34","34303379"
"JH378117","36590481","36590780","chr17","14778815","14779108","37","21811666"
"JH378117","36620072","36620177","chr6","1067449","1067558","13","35552623"
"JH378117","36709898","36710114","chrX","14987614","14987831","35","21722284"
"JH378117","36731975","36732246","chrX","55056274","55056537","39","18324299"
"JH378117","36742792","36743097","chr4","71100937","71101237","39","34358145"
"JH378117","36786144","36786413","chr24","27023895","27024155","36","9762249"
"JH378117","36812930","36813232","chr15","18549945","18550246","40","18262985"
"JH378117","36828960","36829269","chr5","2273487","2273788","29","34555473"
"JH378117","36841600","36841908","chr8","119841238","119841547","42","82999638"
"JH378117","36858759","36859023","chr10","49912163","49912425","44","13053404"
"JH378117","36869811","36870118","chr18","14936633","14936932","39","21933178"
"JH378117","36874467","36874769","chr5","2273487","2273788","26","34600980"
"JH378117","36876842","36877141","chr12","10064948","10065242","28","26811894"
"JH378117","36897737","36898043","chr29","8278863","8279172","38","28618874"
"JH378117","36908560","36908856","chr12","10064948","10065242","26","26843612"
"JH378117","36968178","36968482","chr4","71100937","71101237","41","34132759"
"JH378117","36986660","36986986","chr9","6670722","6671032","53","30315938"
"JH378117","37004204","37004493","chr9","90943231","90943523","34","53939027"
"JH378117","37018298","37018587","chr6","38582923","38583209","31","1564625"
"JH378117","37053176","37053451","chr12","19091026","19091293","41","17962150"
"JH378117","37137330","37137627","chr12","10064948","10065242","29","27072382"
"JH378117","37210777","37211068","chr12","10064948","10065242","33","27145829"
"JH378117","37213024","37213317","chr8","134989821","134990115","36","97776797"
"JH378117","37256392","37256699","chr16","36083795","36084104","34","1172597"
"JH378117","37262125","37262272","chr17","47733511","47733658","19","10471386"
"JH378117","37265502","37265793","chr14","79801787","79802070","44","42536285"
"JH378117","37280150","37280449","chr12","10064948","10065242","31","27215202"
"JH378117","37282525","37282602","chr10","95538249","95538325","11","58255724"
"JH378117","37308914","37309215","chr11","51624065","51624366","33","14315151"
"JH378117","37318884","37319158","chr20","12039372","12039649","39","25279512"
"JH378117","37391961","37392048","chr16","4405728","4405812","13","32986233"
"JH378117","37398763","37399073","chr1","65504304","65504612","34","28105541"
"JH378117","37420265","37420369","chr1","39939684","39939788","6","2519419"
"JH378117","37428646","37428898","chr24","81696706","81696945","38","44268060"
"JH378117","37445218","37445500","chr24","76614329","76614607","33","39169111"
"JH378117","37446740","37446994","chr3","27543319","27543573","45","9903421"
"JH378117","37455399","37455692","chr12","10064948","10065242","25","27390451"
"JH378117","37484800","37485056","chr4","41989352","41989604","31","4504552"
"JH378117","37497708","37498017","chr11","115525233","115525542","35","78027525"
"JH378117","37535294","37535603","chr24","80996460","80996769","41","43461166"
"JH378117","37541534","37541825","chr16","62200117","62200409","57","24658583"
"JH378117","37552753","37552987","chr23","36968203","36968460","63","584550"
"JH378117","37570377","37570647","chr5","8110698","8110979","56","29459679"
"JH378117","37612243","37612333","chr3","65349691","65349782","9","27737448"
"JH378117","37628367","37628619","chr4","41709370","41709628","55","4081003"
"JH378117","37629080","37629169","chr19","7758593","7758681","10","29870487"
"JH378117","37656631","37656936","chr12","28068319","28068608","56","9588312"
"JH378117","37670574","37670711","chr11","95753406","95753542","16","58082832"
"JH378117","37672500","37672649","chr9","59130238","59130387","15","21457738"
"JH378117","37679385","37679481","chr22","82220107","82220203","5","44540722"
"JH378117","37679946","37680236","chr3","78426010","78426296","40","40746064"
"JH378117","37681229","37681536","chr22","18232920","18233227","44","19448309"
"JH378117","37682102","37682300","chr11","96721458","96721661","23","59039356"
"JH378117","37682303","37682435","chr21","75559315","75559443","19","37877012"
"JH378117","37691733","37692020","chr11","50584728","50585012","44","12892995"
"JH378117","37692770","37693066","chr1","10803268","10803561","36","26889502"
"JH378117","37702353","37702558","chr9","28573966","28574178","32","9128387"
"JH378117","37722180","37722485","chr1","108565860","108566161","34","70843680"
"JH378117","37736500","37736610","chr6","1067449","1067558","10","36669051"
"JH378117","37736991","37737135","chr17","37316933","37317077","26","420058"
"JH378117","37739190","37739492","chr12","10064948","10065242","28","27674242"
"JH378117","37759072","37759349","chr19","19502742","19503020","29","18256330"
"JH378117","37762795","37762871","chr13","63031813","63031889","6","25269018"
"JH378117","37766730","37766877","chr9","59130238","59130387","14","21363508"
"JH378117","37768418","37768679","chr24","79718722","79718979","36","41950304"
"JH378117","37771564","37771789","chr3","1164767","1164996","33","36606797"
"JH378117","37772220","37772542","chr20","99538718","99539034","44","61766498"
"JH378117","37773180","37773435","chr17","29960106","29960356","38","7813074"
"JH378117","37778267","37778532","chr1","9765275","9765547","36","28012992"
"JH378117","37797942","37798064","chr3","72385674","72385796","12","34587732"
"JH378117","37804472","37804742","chr14","95964336","95964605","37","58159864"
"JH378117","37808734","37808878","chr6","7229588","7229731","15","30579146"
"JH378117","37815432","37815730","chr12","10064948","10065242","30","27750484"
"JH378117","37821953","37822177","chr27","1935336","1935553","34","35886617"
"JH378117","37827312","37827617","chr5","57462893","57463195","35","19635581"
"JH378117","37830831","37831143","chr7","75897956","75898256","44","38067125"
"JH378117","37844705","37845007","chr14","83371933","83372231","39","45527228"
"JH378117","37847107","37847410","chr22","47793370","47793666","37","9946263"
"JH378117","37873517","37873808","chr2","234230","234521","34","37639287"
"JH378117","37910517","37910837","chr5","27918350","27918656","55","9992167"
"JH378117","37918946","37919072","chr20","122929007","122929129","22","85010061"
"JH378117","37921088","37921171","chr5","67880800","67880883","5","29959712"
"JH378117","37927534","37927848","chr10","20244736","20245036","48","17682798"
"JH378117","37933404","37933703","chr12","10064948","10065242","33","27868456"
"JH378117","37936005","37936298","chr2","49104477","49104770","35","11168472"
"JH378117","37943950","37944044","chr22","82220107","82220203","10","44276157"
"JH378117","37950943","37951243","chr15","18549945","18550246","34","19400998"
"JH378117","37990255","37990394","chr3","90669571","90669712","9","52679316"
"JH378117","38006852","38006999","chr3","90669571","90669712","17","52662719"
"JH378117","38015628","38015926","chr24","1051567","1051864","29","36964061"
"JH378117","38052312","38052582","chr20","46377705","46377957","48","8325393"
"JH378117","38059925","38060216","chr6","44675473","44675756","47","6615548"
"JH378117","38084084","38084384","chr16","34548874","34549171","41","3535210"
"JH378117","38097363","38097662","chr26","18977354","18977652","34","19120009"
"JH378117","38111290","38111604","chr5","2324242","2324550","40","35787048"
"JH378117","38112691","38113000","chr1","65504304","65504612","28","27391613"
"JH378117","38139354","38139622","chr5","34103098","34103364","43","4036256"
"JH378117","38158388","38158690","chr9","63398508","63398810","38","25240120"
"JH378117","38171072","38171370","chr12","10064948","10065242","39","28106124"
"JH378117","38180857","38181138","chr8","94667632","94667918","42","56486775"
"JH378117","38181829","38182127","chrX","12481691","12481997","49","25700138"
"JH378117","38196479","38196746","chr21","33185455","33185724","39","5011024"
"JH378117","38196999","38197293","chr5","34210182","34210464","50","3986817"
"JH378117","38202528","38202775","chr20","20049923","20050167","41","18152605"
"JH378117","38225580","38225702","chr11","107097898","107098019","16","68872318"
"JH378117","38257236","38257354","chr15","90834689","90834810","13","52577453"
"JH378117","38274207","38274368","chr23","82156276","82156438","23","43882069"
"JH378117","38289511","38289768","chr23","42812151","42812409","37","4522640"
"JH378117","38315711","38316021","chr14","7617718","7618023","43","30697993"
"JH378117","38382768","38383076","chr4","30926814","30927112","41","7455954"
"JH378117","38401319","38401627","chr19","16836777","16837087","46","21564542"
"JH378117","38453631","38453928","chr12","10064948","10065242","22","28388683"
"JH378117","38461547","38461828","chr3","52124083","52124361","50","13662536"
"JH378117","38502483","38502776","chr12","10064948","10065242","29","28437535"
"JH378117","38529728","38530038","chr2","58045145","58045453","31","19515417"
"JH378117","38532978","38533280","chr9","15425870","15426174","40","23107108"
"JH378117","38546094","38546402","chrX","125302543","125302844","34","86756449"
"JH378117","38551832","38552145","chr2","34891557","34891863","48","3660275"
"JH378117","38588687","38588961","chr23","72119497","72119773","45","33530810"
"JH378117","38623943","38624227","chr5","42662951","42663235","29","4039008"
"JH378117","38645066","38645374","chr23","25443754","25444059","41","13201312"
"JH378117","38655516","38655585","chr9","62921501","62921569","9","24265985"
"JH378117","38657637","38657845","chr2","41986599","41986802","29","3328962"
"JH378117","38690316","38690402","chr12","7441397","7441481","11","31248919"
"JH378117","38691279","38691378","chr22","82220107","82220203","10","43528828"
"JH378117","38705867","38706176","chr28","4550302","4550608","38","34155565"
"JH378117","38730221","38730389","chr15","52387925","52388100","31","13657704"
"JH378117","38741519","38741812","chr29","17541354","17541647","32","21200165"
"JH378117","38832174","38832455","chr4","68750844","68751128","34","29918670"
"JH378117","38864204","38864510","chr5","2273487","2273788","37","36590717"
"JH378117","38913625","38913939","chr24","78070344","78070656","48","39156719"
"JH378117","38915686","38915998","chr24","51047617","51047923","47","12131931"
"JH378117","38972905","38973213","chr5","13154183","13154488","46","25818722"
"JH378117","38976127","38976405","chr29","14257784","14258062","40","24718343"
"JH378117","39013739","39014031","chr12","10064948","10065242","30","28948791"
"JH378117","39027172","39027469","chr12","10064948","10065242","34","28962224"
"JH378118","27131805","27132078","chrX","98085056","98085331","39","70953251"
"JH378118","6617","6919","chr2","44932006","44932309","46","44925389"
"JH378118","35735","35810","chr13","63031813","63031889","6","62996078"
"JH378118","91081","91387","chr1","56195203","56195499","50","56104122"
"JH378118","99043","99336","chrX","468680","468977","35","369637"
"JH378118","103251","103324","chr13","63031813","63031889","9","62928562"
"JH378118","155947","156259","chr12","74217361","74217667","35","74061414"
"JH378118","169989","170236","chr11","119259842","119260088","34","119089853"
"JH378118","193220","193510","chr5","22611081","22611372","42","22417861"
"JH378118","197860","198091","chr20","22435405","22435643","48","22237545"
"JH378118","214712","214791","chr16","3308866","3308945","7","3094154"
"JH378118","256662","256776","chr6","1067449","1067558","13","810787"
"JH378118","258482","258770","chr6","47082404","47082694","36","46823922"
"JH378118","265322","265649","chr2","34891557","34891863","45","34626235"
"JH378118","271614","271703","chr5","67880800","67880883","11","67609186"
"JH378118","273570","273859","chr3","3973222","3973508","33","3699652"
"JH378118","368901","369189","chr29","10722547","10722839","40","10353646"
"JH378118","371202","371500","chr2","22390377","22390668","37","22019175"
"JH378118","410144","410429","chr24","11806440","11806728","33","11396296"
"JH378118","436318","436435","chr2","83240001","83240118","18","82803683"
"JH378118","483721","483944","chr13","7317370","7317589","27","6833649"
"JH378118","636882","637179","chrX","23977849","23978143","33","23340967"
"JH378118","640994","641299","chr6","29168940","29169240","39","28527946"
"JH378118","736940","737224","chr27","20178866","20179144","52","19441926"
"JH378118","809265","809340","chr13","63031813","63031889","7","62222548"
"JH378118","831988","832284","chrX","23977849","23978143","33","23145861"
"JH378118","879489","879780","chr17","40318201","40318498","38","39438712"
"JH378118","949279","949584","chr5","2273487","2273788","36","1324208"
"JH378118","977289","977594","chr29","23130533","23130830","35","22153244"
"JH378118","986600","986909","chr14","83570862","83571166","36","82584262"
"JH378118","1004766","1005082","chr13","67235992","67236297","41","66231226"
"JH378118","1019745","1019820","chr24","71310208","71310284","14","70290463"
"JH378118","1020234","1020372","chr5","22000705","22000847","12","20980471"
"JH378118","1073440","1073746","chr7","46651106","46651412","35","45577666"
"JH378118","1120528","1120808","chr15","21358124","21358405","42","20237596"
"JH378118","1123076","1123371","chr12","10064948","10065242","32","8941872"
"JH378118","1146230","1146353","chr1","97802296","97802426","19","96656066"
"JH378118","1151692","1151997","chr13","8870800","8871100","35","7719108"
"JH378118","1174685","1174974","chr22","72744530","72744821","34","71569845"
"JH378118","1245448","1245567","chr20","104220685","104220809","18","102975237"
"JH378118","1245767","1245948","chr16","7550282","7550466","28","6304515"
"JH378118","1259583","1259851","chr8","111520402","111520660","42","110260819"
"JH378118","1263035","1263323","chr16","64283871","64284157","38","63020836"
"JH378118","1272161","1272463","chr1","10803268","10803561","34","9531107"
"JH378118","1287365","1287468","chr1","39939684","39939788","11","38652319"
"JH378118","1294213","1294510","chr12","10064948","10065242","23","8770735"
"JH378118","1297559","1297869","chr6","16598509","16598818","37","15300950"
"JH378118","1305174","1305475","chrX","125302543","125302844","30","123997369"
"JH378118","1335019","1335108","chr19","7758593","7758681","13","6423574"
"JH378118","1335472","1335753","chr10","109681392","109681687","45","108345920"
"JH378118","1362849","1363154","chr5","2273487","2273788","32","910638"
"JH378118","1369117","1369406","chr17","60319237","60319527","32","58950120"
"JH378118","1387674","1387782","chr20","25652388","25652489","17","24264714"
"JH378118","1389825","1389944","chr6","44144914","44145033","12","42755089"
"JH378118","1428093","1428201","chr6","1067449","1067558","10","360644"
"JH378118","1446752","1446956","chr10","51256642","51256845","34","49809890"
"JH378118","1523369","1523674","chr20","20539479","20539784","40","19016110"
"JH378118","1526995","1527294","chr6","40772232","40772536","40","39245237"
"JH378118","1585511","1585802","chr18","66189352","66189642","39","64603841"
"JH378118","1600144","1600441","chr11","31834827","31835123","34","30234683"
"JH378118","1601120","1601404","chr13","22116830","22117114","40","20515710"
"JH378118","1616062","1616182","chr20","104220685","104220809","14","102604623"
"JH378118","1639562","1639859","chr3","69332563","69332863","49","67693001"
"JH378118","1651933","1652212","chr5","27812983","27813260","38","26161050"
"JH378118","1659841","1660148","chr5","43884595","43884900","38","42224754"
"JH378118","1697281","1697583","chr5","2273487","2273788","32","576206"
"JH378118","1705363","1705617","chr9","96390861","96391117","27","94685498"
"JH378118","1706057","1706192","chrX","61140658","61140793","12","59434601"
"JH378118","1715327","1715628","chrX","2052395","2052700","39","337068"
"JH378118","1758102","1758381","chr22","79089199","79089487","39","77331097"
"JH378118","1781046","1781345","chr14","44038439","44038738","31","42257393"
"JH378118","1785127","1785423","chr14","38813996","38814293","32","37028869"
"JH378118","1824415","1824710","chr15","29954614","29954908","35","28130199"
"JH378118","1844940","1845223","chr19","9617472","9617762","42","7772532"
"JH378118","1897503","1897798","chrX","22279223","22279520","33","20381720"
"JH378118","1921203","1921483","chr27","20178866","20179144","56","18257663"
"JH378118","1943122","1943416","chr12","10064948","10065242","22","8121826"
"JH378118","1959204","1959504","chr15","18549945","18550246","32","16590741"
"JH378118","1968960","1969263","chr23","65874998","65875305","37","63906038"
"JH378118","1974715","1975006","chr20","93545480","93545771","31","91570765"
"JH378118","2118493","2118795","chr14","79729598","79729899","35","77611105"
"JH378118","2287270","2287564","chr10","85309131","85309424","30","83021861"
"JH378118","2301049","2301342","chr1","32168654","32168947","42","29867605"
"JH378118","2307032","2307327","chr4","65823519","65823812","47","63516487"
"JH378118","2358161","2358372","chr22","35904405","35904609","45","33546244"
"JH378118","2403050","2403396","chr4","46814182","46814507","72","44411132"
"JH378118","2433139","2433457","chr10","12006602","12006915","39","9573463"
"JH378118","2436533","2436824","chr8","52344592","52344885","33","49908059"
"JH378118","2600713","2601005","chr8","31545666","31545957","35","28944953"
"JH378118","2712771","2713054","chr16","18091158","18091443","35","15378387"
"JH378118","2780967","2781273","chr25","5442274","5442573","38","2661307"
"JH378118","2817329","2817599","chr16","26067530","26067803","41","23250201"
"JH378118","2819421","2819534","chr24","48537275","48537387","16","45717854"
"JH378118","2897397","2897689","chr9","22769458","22769754","51","19872061"
"JH378118","2951839","2952061","chr25","59449721","59449941","38","56497882"
"JH378118","3067549","3067847","chr13","65577132","65577425","34","62509583"
"JH378118","3105177","3105280","chr1","39939684","39939788","12","36834507"
"JH378118","3146095","3146415","chr8","43266375","43266669","60","40120280"
"JH378118","3225182","3225468","chr20","41083983","41084274","38","37858801"
"JH378118","3241072","3241381","chr10","20244736","20245036","37","17003664"
"JH378118","3275359","3275655","chr3","10937420","10937729","45","7662061"
"JH378118","3402981","3403243","chr2","28528551","28528816","38","25125570"
"JH378118","3589829","3590112","chr11","19611133","19611417","41","16021304"
"JH378118","3736109","3736412","chr1","68836205","68836506","48","65100096"
"JH378118","3776586","3776865","chr4","77180812","77181084","45","73404226"
"JH378118","3819998","3820139","chr17","28507557","28507698","15","24687559"
"JH378118","3944775","3945046","chr20","105088115","105088384","34","101143340"
"JH378118","3992258","3992564","chr5","33074148","33074451","43","29081890"
"JH378118","4002165","4002429","chr10","18978271","18978526","42","14976106"
"JH378118","4135305","4135435","chrX","60368209","60368339","13","56232904"
"JH378118","4145732","4146029","chr7","30430087","30430386","41","26284355"
"JH378118","4271115","4271373","chr20","116428512","116428772","48","112157397"
"JH378118","4297880","4298003","chr15","90834689","90834810","11","86536809"
"JH378118","4301220","4301339","chr6","44144914","44145033","13","39843694"
"JH378118","4370657","4370937","chrX","95460911","95461200","40","91090254"
"JH378118","4400483","4400731","chr25","76520718","76520969","42","72120235"
"JH378118","4607215","4607511","chr12","10064948","10065242","25","5457733"
"JH378118","4620512","4620815","chr6","16598509","16598818","38","11977997"
"JH378118","4686000","4686259","chr7","102534363","102534610","40","97848363"
"JH378118","4700530","4700813","chr9","99606197","99606478","48","94905667"
"JH378118","4741208","4741522","chr8","96089866","96090170","45","91348658"
"JH378118","4831835","4832085","chr14","51346372","51346616","47","46514537"
"JH378118","4845338","4845615","chr15","32529392","32529671","38","27684054"
"JH378118","4852008","4852309","chr12","10064948","10065242","33","5212940"
"JH378118","4954089","4954392","chr16","48421590","48421886","42","43467501"
"JH378118","4955606","4955788","chr1","27999713","27999874","37","23044107"
"JH378118","5077843","5077969","chr26","50406966","50407092","24","45329123"
"JH378118","5089296","5089585","chr9","71188923","71189219","43","66099627"
"JH378118","5091239","5091523","chr9","108597950","108598239","40","103506711"
"JH378118","5140940","5141235","chr13","8870800","8871100","43","3729860"
"JH378118","5150246","5150535","chr11","24803908","24804194","39","19653662"
"JH378118","5168712","5168859","chr9","59130238","59130387","18","53961526"
"JH378118","5184036","5184166","chr3","91348390","91348521","12","86164354"
"JH378118","5356125","5356427","chr25","66285511","66285811","47","60929386"
"JH378118","5402457","5402762","chr5","2273487","2273788","32","3128970"
"JH378118","5433401","5433694","chr22","66295172","66295471","48","60861771"
"JH378118","5437853","5438163","chr1","65504304","65504612","37","60066451"
"JH378118","5490130","5490220","chr3","65349691","65349782","8","59859561"
"JH378118","5554729","5554836","chr1","62097932","62098038","14","56543203"
"JH378118","5555765","5556059","chr12","74716502","74716795","38","69160737"
"JH378118","5564228","5564536","chr19","29399544","29399849","40","23835316"
"JH378118","5645871","5646162","chr22","47793370","47793666","46","42147499"
"JH378118","5659574","5659846","chr20","116428512","116428772","46","110768938"
"JH378118","5688643","5688953","chr16","23423370","23423672","33","17734727"
"JH378118","5731699","5732037","chr2","330376","330695","53","5401323"
"JH378118","5747845","5747934","chr12","7441397","7441481","10","1693552"
"JH378118","5787433","5787511","chr13","63031813","63031889","8","57244380"
"JH378118","5802011","5802315","chr7","11862262","11862563","35","6060251"
"JH378118","5813754","5814048","chr12","18922571","18922865","34","13108817"
"JH378118","5868127","5868425","chrX","23977849","23978143","37","18109722"
"JH378118","5913085","5913381","chr27","9266735","9267030","33","3353650"
"JH378118","6121824","6121906","chr5","67880800","67880883","7","61758976"
"JH378118","6152865","6152954","chr3","65349691","65349782","9","59196826"
"JH378118","6201589","6201679","chr3","65349691","65349782","10","59148102"
"JH378118","6213194","6213509","chr1","65504304","65504612","34","59291110"
"JH378118","6234147","6234427","chr25","73453984","73454261","39","67219837"
"JH378118","6244171","6244475","chr3","19526751","19527052","35","13282580"
"JH378118","6290946","6291070","chr6","50606227","50606356","14","44315281"
"JH378118","6298831","6298940","chr6","1067449","1067558","9","5231382"
"JH378118","6299347","6299654","chrX","105513142","105513439","37","99213795"
"JH378118","6324876","6325175","chr20","41083983","41084274","38","34759107"
"JH378118","6428780","6428915","chrX","116160867","116160993","23","109732087"
"JH378118","6508382","6508671","chrX","104601258","104601549","34","98092876"
"JH378118","6518427","6518693","chr21","56145194","56145454","43","49626767"
"JH378118","6598742","6598885","chr8","6220418","6220561","17","378324"
"JH378118","6703635","6703942","chr26","38024857","38025165","34","31321222"
"JH378118","6819099","6819188","chr22","82220107","82220203","10","75401008"
"JH378118","6848512","6848801","chr13","89452546","89452829","36","82604034"
"JH378118","6912434","6912761","chr3","58328493","58328814","53","51416059"
"JH378118","6941939","6942238","chr10","111637485","111637783","27","104695546"
"JH378118","6978407","6978694","chr22","11237891","11238177","41","4259484"
"JH378118","6998679","6998977","chrX","23977849","23978143","33","16979170"
"JH378118","7132187","7132483","chr2","5168180","5168471","34","1964007"
"JH378118","7224598","7224908","chr20","46933799","46934103","39","39709201"
"JH378118","7272592","7272828","chr16","69318389","69318626","32","62045797"
"JH378118","7284945","7285237","chr21","71154226","71154527","51","63869281"
"JH378118","7439556","7439696","chr23","56978905","56979044","14","49539349"
"JH378118","7481982","7482282","chr1","62303396","62303696","44","54821414"
"JH378118","7502068","7502330","chr20","116428512","116428772","38","108926444"
"JH378118","7574178","7574266","chr19","7758593","7758681","8","184415"
"JH378118","7638017","7638325","chr26","16021451","16021759","34","8383434"
"JH378118","7641718","7642016","chr13","65577132","65577425","30","57935414"
"JH378118","7712639","7712908","chr9","118540216","118540488","37","110827577"
"JH378118","7759380","7759680","chr2","14718646","14718944","37","6959266"
"JH378118","7767063","7767150","chr16","4405728","4405812","10","3361335"
"JH378118","7794657","7794961","chrX","125302543","125302844","37","117507886"
"JH378118","7807262","7807533","chr8","132346365","132346635","42","124539103"
"JH378118","7827761","7828062","chr25","78866403","78866700","60","71038642"
"JH378118","7847683","7847781","chr22","82220107","82220203","5","74372424"
"JH378118","7850597","7850908","chr1","65504304","65504612","33","57653707"
"JH378118","7854233","7854519","chr6","44675473","44675756","38","36821240"
"JH378118","7857927","7858196","chr12","6761154","6761426","45","1096773"
"JH378118","7869495","7869809","chr8","32187026","32187333","40","24317531"
"JH378118","7881524","7881800","chr25","14438271","14438549","34","6556747"
"JH378118","7927727","7928023","chr3","58165812","58166117","50","50238085"
"JH378118","7948269","7948382","chr6","1067449","1067558","12","6880820"
"JH378118","7994952","7995254","chr1","108565860","108566161","35","100570908"
"JH378118","8000133","8000439","chr12","74217361","74217667","40","66217228"
"JH378118","8063528","8063797","chr9","11318736","11319004","47","3255208"
"JH378118","8111739","8112050","chr11","115525233","115525542","27","107413494"
"JH378118","8114605","8114891","chr8","60663035","60663328","38","52548430"
"JH378118","8261794","8262096","chr16","24927962","24928257","43","16666168"
"JH378118","8271441","8271714","chr19","12562553","12562828","45","4291112"
"JH378118","8285961","8286263","chr14","37246949","37247246","40","28960988"
"JH378118","8316682","8316760","chr16","3308866","3308945","8","5007816"
"JH378118","8332590","8332865","chr15","57939854","57940135","44","49607264"
"JH378118","8404370","8404668","chr8","96089866","96090170","40","87685496"
"JH378118","8459335","8459638","chr11","125798758","125799061","33","117339423"
"JH378118","8498326","8498622","chr7","133891339","133891635","51","125393013"
"JH378118","8514562","8514876","chr13","84743392","84743699","42","76228830"
"JH378118","8572394","8572683","chr23","34591432","34591727","41","26019038"
"JH378118","8607655","8607917","chr1","93328858","93329129","37","84721203"
"JH378118","8699239","8699525","chrX_KE148108v1_random","108689","108980","33","8590550"
"JH378118","8755411","8755706","chr1","10803268","10803561","36","2047857"
"JH378118","8768324","8768432","chr12","53065987","53066095","13","44297663"
"JH378118","8917208","8917504","chr16","1441922","1442216","37","7475286"
"JH378118","8979430","8979731","chrX","28559441","28559742","35","19580011"
"JH378118","8988003","8988116","chr20","115102100","115102215","12","106114097"
"JH378118","9047794","9048089","chr12","10064948","10065242","28","1017154"
"JH378118","9072335","9072618","chr13","597287","597572","50","8475048"
"JH378118","9079823","9080112","chr20","46550281","46550570","39","37470458"
"JH378118","9118451","9118717","chr12","19091026","19091293","43","9972575"
"JH378118","9205069","9205363","chr12","10064948","10065242","34","859879"
"JH378118","9222209","9222503","chr24","22113783","22114076","37","12891574"
"JH378118","9227704","9228019","chr27","8771956","8772256","44","455748"
"JH378118","9310163","9310465","chr12","30608513","30608813","40","21298350"
"JH378118","9324573","9324859","chr13","22116830","22117114","29","12792257"
"JH378118","9373855","9374158","chrX","121211321","121211627","40","111837466"
"JH378118","9458951","9459234","chr3","81003695","81003974","41","71544744"
"JH378118","9460806","9461093","chr2","8591645","8591929","39","869161"
"JH378118","9474178","9474434","chr27","39315008","39315257","35","29840830"
"JH378118","9532494","9532608","chrX","90197506","90197623","16","80665012"
"JH378118","9536400","9536652","chr16","34493428","34493672","39","24957028"
"JH378118","9536716","9536993","chr1","32180141","32180418","40","22643425"
"JH378118","9556613","9556923","chr16","30398852","30399159","36","20842239"
"JH378118","9560492","9560660","chr1","97798878","97799049","31","88238386"
"JH378118","9562625","9562734","chr9","56409397","56409500","22","46846772"
"JH378118","9564295","9564579","chr4","67444451","67444740","39","57880156"
"JH378118","9580957","9581033","chr13","63031813","63031889","7","53450856"
"JH378118","9587318","9587615","chrX","23977849","23978143","41","14390531"
"JH378118","9600573","9600882","chr6","47319701","47320005","62","37719128"
"JH378118","9611526","9611622","chr22","82220107","82220203","6","72608581"
"JH378118","9618391","9618593","chr7","98446578","98446794","38","88828187"
"JH378118","9628888","9628998","chr6","1067449","1067558","12","8561439"
"JH378118","9709855","9710150","chr12","10064948","10065242","27","355093"
"JH378118","9717854","9718091","chr11","126175108","126175340","32","116457254"
"JH378118","9771134","9771454","chr22","34065717","34066029","44","24294583"
"JH378118","9789896","9790198","chrX","23977849","23978143","38","14187953"
"JH378118","9805264","9805354","chr3","65349691","65349782","11","55544427"
"JH378118","9815265","9815348","chr5","67880800","67880883","9","58065535"
"JH378118","9815776","9816037","chr18","31513308","31513564","43","21697532"
"JH378118","9819741","9820037","chr14","21331402","21331700","37","11511661"
"JH378118","9832282","9832464","chr6","19694757","19694941","28","9862475"
"JH378118","9839122","9839438","chr12","6781553","6781865","82","3057569"
"JH378118","9887367","9887446","chr16","3308866","3308945","9","6578501"
"JH378118","9894859","9895140","chr28","13556614","13556903","40","3661755"
"JH378118","9897884","9898006","chr11","74863209","74863330","12","64965325"
"JH378118","9913276","9913325","chr29","12718823","12718869","11","2805547"
"JH378118","9919067","9919351","chr11","12143435","12143724","30","2224368"
"JH378118","9939783","9939870","chr19","7758593","7758681","7","2181190"
"JH378118","9941022","9941294","chr20","80564542","80564813","29","70623520"
"JH378118","9952512","9952825","chr2","56143790","56144095","46","46191278"
"JH378118","9971490","9971790","chr2","37683001","37683306","33","27711511"
"JH378118","9992839","9993138","chr12","10064948","10065242","33","72109"
"JH378118","10001079","10001205","chr11","104248796","104248920","14","94247717"
"JH378118","10021496","10021797","chr9","118970228","118970526","33","108948732"
"JH378118","10031738","10031873","chr9","71632727","71632860","14","61600989"
"JH378118","10033545","10033647","chrX","2017984","2018087","9","8015561"
"JH378118","10040263","10040560","chr11","12843454","12843759","40","2803191"
"JH378118","10043028","10043333","chr7","99172603","99172901","41","89129575"
"JH378118","10093249","10093328","chr10","95538249","95538325","9","85445000"
"JH378118","10103227","10103522","chr8","120119487","120119791","46","110016260"
"JH378118","10113044","10113342","chrX","23977849","23978143","35","13864805"
"JH378118","10116495","10116624","chr6","45224433","45224558","27","35107938"
"JH378118","10152989","10153282","chr17","60319237","60319527","37","50166248"
"JH378118","10254022","10254323","chrX","18278407","18278706","39","8024385"
"JH378118","10287035","10287120","chr16","4405728","4405812","7","5881307"
"JH378118","10290258","10290550","chr1","62770679","62770970","37","52480421"
"JH378118","10295130","10295208","chr13","63031813","63031889","9","52736683"
"JH378118","10296138","10296253","chr10","24288306","24288421","13","13992168"
"JH378118","10316995","10317084","chr19","7758593","7758681","10","2558402"
"JH378118","10331392","10331479","chr16","4405728","4405812","9","5925664"
"JH378118","10409786","10410083","chr8","25891449","25891737","45","15481663"
"JH378118","10428994","10429098","chr1","39939684","39939788","10","29510690"
"JH378118","10442549","10442785","chr20","92882451","92882681","25","82439902"
"JH378118","10475239","10475525","chr1","97089521","97089816","41","86614282"
"JH378118","10487592","10487896","chr8","134989821","134990115","44","124502229"
"JH378118","10498378","10498497","chr4","60395666","60395783","14","49897288"
"JH378118","10501629","10501920","chr11","93857268","93857560","44","83355639"
"JH378118","10505658","10505910","chr14","49196743","49196984","50","38691085"
"JH378118","10537301","10537578","chr15","5768097","5768372","44","4769204"
"JH378118","10639068","10639165","chr22","82220107","82220203","10","71581039"
"JH378118","10682269","10682354","chr16","4405728","4405812","11","6276541"
"JH378118","10690995","10691269","chr22","9600661","9600931","41","1090334"
"JH378118","10694655","10694868","chr3","83606508","83606722","32","72911853"
"JH378118","10698041","10698341","chr12","10064948","10065242","27","633093"
"JH378118","10727569","10727651","chr5","67880800","67880883","6","57153231"
"JH378118","10727922","10728207","chr6","38582923","38583209","32","27855001"
"JH378118","10746680","10746927","chr8","16250981","16251236","41","5504301"
"JH378118","10747236","10747316","chr5","67880800","67880883","7","57133564"
"JH378118","10776419","10776527","chr6","1067449","1067558","11","9708970"
"JH378118","10790449","10790554","chr1","39939684","39939788","15","29149235"
"JH378118","10798526","10798588","chr4","11929707","11929771","9","1131181"
"JH378118","10803190","10803459","chr22","37637582","37637856","36","26834392"
"JH378118","10831311","10831401","chr3","65349691","65349782","11","54518380"
"JH378118","10878463","10878570","chr6","1067449","1067558","11","9811014"
"JH378118","10920289","10920616","chr26","52316372","52316686","52","41396083"
"JH378118","10958877","10959185","chr24","68895333","68895641","30","57936456"
"JH378118","10974967","10975230","chr9","32646450","32646711","52","21671483"
"JH378118","10980817","10981083","chr20","116428512","116428772","52","105447695"
"JH378118","11029611","11029915","chr28","4550302","4550608","37","6479309"
"JH378118","11141849","11141989","chr3","90669571","90669712","15","79527722"
"JH378118","11172647","11172929","chr17","31244746","31245027","39","20072099"
"JH378118","11197490","11197796","chrX","125302543","125302844","36","114105053"
"JH378118","11230615","11230913","chr8","132387351","132387652","61","121156736"
"JH378118","11245356","11245659","chr23","41434219","41434517","44","30188863"
"JH378118","11280308","11280608","chr12","10064948","10065242","33","1215360"
"JH378118","11319470","11319556","chrY","3923565","3923649","12","7395905"
"JH378118","11376051","11376357","chr2","34891557","34891863","38","23515506"
"JH378118","11406040","11406342","chr10","28883789","28884096","46","17477749"
"JH378118","11607840","11608141","chr5","2273487","2273788","32","9334353"
"JH378118","11686996","11687292","chr11","117737181","117737478","29","106050185"
"JH378118","11698497","11698781","chr17","31244746","31245027","38","19546249"
"JH378118","11729398","11729697","chr19","10459494","10459800","39","1269904"
"JH378118","11751443","11751696","chr17","17514120","17514376","33","5762677"
"JH378118","11810768","11811079","chr23","39674723","39675021","44","27863955"
"JH378118","11845389","11845463","chr13","63031813","63031889","7","51186424"
"JH378118","11857571","11857906","chr11","118751247","118751571","46","106893676"
"JH378118","11929746","11930041","chr12","6781553","6781865","104","5148193"
"JH378118","11974811","11975091","chr22","9600661","9600931","34","2374150"
"JH378118","11998603","11998707","chr12","29290524","29290635","22","17291921"
"JH378118","11998884","11999189","chr25","60811789","60812090","44","48812905"
"JH378118","12015860","12016166","chr5","2273487","2273788","33","9742373"
"JH378118","12056690","12056989","chr21","50410494","50410784","38","38353804"
"JH378118","12109716","12110018","chr12","10064948","10065242","37","2044768"
"JH378118","12117049","12117312","chr14","43587127","43587393","38","31470078"
"JH378118","12140855","12141155","chr7","99172603","99172901","35","87031748"
"JH378118","12171621","12171900","chr14","33085378","33085658","32","20913757"
"JH378118","12192702","12192784","chr5","67880800","67880883","7","55688098"
"JH378118","12205699","12205988","chr20","96210594","96210893","46","84004895"
"JH378118","12208271","12208495","chrX","112046945","112047179","34","99838674"
"JH378118","12214106","12214185","chr5","67880800","67880883","9","55666694"
"JH378118","12332803","12333052","chr22","14054096","14054345","34","1721293"
"JH378118","12384385","12384683","chr8","52344592","52344885","39","39960207"
"JH378118","12440351","12440612","chr8","36243912","36244173","45","23803561"
"JH378118","12466026","12466293","chr17","53320376","53320642","36","40854350"
"JH378118","12545031","12545257","chr20","92882451","92882681","32","80337420"
"JH378118","12586355","12586644","chrX","17642477","17642761","39","5056122"
"JH378118","12613291","12613554","chr14","82309362","82309629","38","69696071"
"JH378118","12633119","12633397","chr17","42287654","42287939","37","29654535"
"JH378118","12806109","12806416","chr13","67235992","67236297","33","54429883"
"JH378118","12839149","12839442","chr14","42580822","42581115","37","29741673"
"JH378118","12888601","12888907","chr2","58045145","58045453","40","45156544"
"JH378118","12896961","12897263","chr16","2999161","2999470","45","9897800"
"JH378118","12917055","12917368","chr1","93361306","93361613","45","80444251"
"JH378118","12932745","12933054","chr22","3142838","3143140","42","9789907"
"JH378118","13025836","13026118","chr11","19611133","19611417","34","6585297"
"JH378118","13040778","13041080","chr16","21816012","21816308","38","8775234"
"JH378118","13045322","13045626","chr25","77881584","77881883","40","64836262"
"JH378118","13046878","13047100","chr3","27449368","27449585","30","14402490"
"JH378118","13071391","13071688","chr19","8146510","8146808","37","4924881"
"JH378118","13106255","13106351","chr14","42989086","42989186","15","29882831"
"JH378118","13122500","13122832","chr24","61233185","61233509","53","48110685"
"JH378118","13126526","13126821","chr24","1051567","1051864","39","12074959"
"JH378118","13174662","13174961","chr10","118597337","118597632","32","105422675"
"JH378118","13196360","13196603","chr8","90211831","90212082","37","77015471"
"JH378118","13201274","13201580","chr11","97795304","97795611","34","84594030"
"JH378118","13205069","13205369","chr11","51624065","51624366","31","38418996"
"JH378118","13218596","13218902","chr12","7463147","7463451","48","5755449"
"JH378118","13267483","13267792","chr5","27918350","27918656","41","14650867"
"JH378118","13312466","13312774","chr9","13404552","13404853","39","92086"
"JH378118","13351598","13351892","chr23","52118830","52119121","27","38767232"
"JH378118","13352116","13352402","chr21","115159074","115159359","36","101806958"
"JH378118","13410808","13411077","chr25","55007275","55007538","39","41596467"
"JH378118","13510141","13510444","chr5","2273487","2273788","30","11236654"
"JH378118","13514347","13514432","chr28","18355143","18355228","8","4840796"
"JH378118","13530978","13531083","chrX","2017984","2018087","9","11512994"
"JH378118","13533147","13533427","chr15","91741998","91742285","42","78208851"
"JH378118","13547555","13547844","chr10","81998601","81998888","46","68451046"
"JH378118","13712907","13713178","chr11","19611133","19611417","46","5898226"
"JH378118","13726108","13726386","chrX","67091222","67091500","33","53365114"
"JH378118","13765561","13765847","chr28","9524525","9524809","43","4241036"
"JH378118","13901551","13901861","chr16","2999161","2999470","29","10902390"
"JH378118","13918779","13919069","chr16","11247440","11247731","41","2671339"
"JH378118","13934490","13934777","chr22","59273962","59274249","27","45339472"
"JH378118","14012896","14012974","chr13","63031813","63031889","9","49018917"
"JH378118","14064908","14065209","chr2","49104477","49104770","41","35039569"
"JH378118","14116516","14116815","chr18","44879897","44880198","40","30763381"
"JH378118","14134774","14135106","chr20","96800606","96800937","45","82665832"
"JH378118","14172969","14173275","chr2","25122492","25122796","32","10949523"
"JH378118","14257455","14257654","chrX","47605371","47605562","33","33347916"
"JH378118","14287413","14287699","chr11","15528968","15529259","39","1241555"
"JH378118","14339052","14339348","chr22","39387314","39387616","37","25048262"
"JH378118","14417010","14417302","chrX","104601258","104601549","47","90184248"
"JH378118","14521496","14521801","chr5","26425551","26425855","39","11904055"
"JH378118","14565926","14566231","chr15","89070427","89070731","45","74504501"
"JH378118","14569129","14569424","chrX","23977849","23978143","38","9408720"
"JH378118","14572314","14572403","chr3","65349691","65349782","11","50777377"
"JH378118","14590250","14590545","chr1","62850660","62850952","53","48260410"
"JH378118","14607971","14608061","chr3","65349691","65349782","13","50741720"
"JH378118","14658116","14658419","chr5","64637755","64638059","43","49979639"
"JH378118","14677843","14678148","chr27","32521779","32522086","39","17843936"
"JH378118","14695136","14695442","chr12","30608513","30608813","41","15913377"
"JH378118","14706029","14706320","chr11","11869136","11869427","48","2836893"
"JH378118","14708546","14708851","chr8","18530878","18531178","43","3822332"
"JH378118","14718766","14719063","chr8","52344592","52344885","38","37625826"
"JH378118","14722953","14723222","chr16","68347000","68347257","42","53624047"
"JH378118","14743816","14744022","chr21","75206302","75206509","32","60462486"
"JH378118","14746591","14746904","chrX","60987121","60987417","51","46240530"
"JH378118","14756653","14756954","chr29","8289755","8290055","33","6466898"
"JH378118","14757361","14757643","chr18","66189352","66189642","42","51431991"
"JH378118","14763267","14763379","chr15","13792351","13792461","13","970916"
"JH378118","14796921","14797224","chr2","25122492","25122796","45","10325571"
"JH378118","14824614","14824920","chr12","74217361","74217667","31","59392747"
"JH378118","14827648","14827903","chr16","61676884","61677139","33","46849236"
"JH378118","14836603","14836692","chr19","7758593","7758681","11","7078010"
"JH378118","14846715","14846839","chr3","91348390","91348521","19","76501675"
"JH378118","14859128","14859422","chr1","110696522","110696824","44","95837394"
"JH378118","14861599","14861898","chr16","4139491","4139787","36","10722108"
"JH378118","14881777","14881983","chr1","14102710","14102921","41","779067"
"JH378118","14883549","14883655","chr17","40217264","40217370","11","25333715"
"JH378118","14904867","14904982","chr8","117395089","117395200","20","102490222"
"JH378118","14912724","14913022","chr2","26527788","26528079","51","11615064"
"JH378118","14941483","14941793","chr26","38024857","38025165","31","23083374"
"JH378118","14984091","14984381","chr15","54120993","54121279","34","39136902"
"JH378118","14994034","14994337","chr12","10064948","10065242","37","4929086"
"JH378118","14997178","14997481","chrX","125302543","125302844","41","110305365"
"JH378118","14999889","15000000","chr6","1067449","1067558","13","13932440"
"JH378118","15018120","15018440","chr12","89443266","89443575","41","74425146"
"JH378118","15024713","15025026","chr23","78958611","78958915","37","63933898"
"JH378118","15057496","15057782","chr10","29425754","29426051","49","14368258"
"JH378118","15161906","15162203","chr12","10064948","10065242","24","5096958"
"JH378118","15174962","15175268","chr21","122213203","122213507","41","107038241"
"JH378118","15278144","15278465","chr22","34065717","34066029","52","18787573"
"JH378118","15294359","15294619","chr18","48128094","48128335","45","32833735"
"JH378118","15300310","15300602","chr4","65823519","65823812","31","50523209"
"JH378118","15320448","15320743","chr24","45239751","45240045","29","29919303"
"JH378118","15365059","15365367","chr14","83371933","83372231","33","68006874"
"JH378118","15396041","15396319","chr28","8665513","8665780","43","6730528"
"JH378118","15475205","15475490","chr17","31244746","31245027","42","15769541"
"JH378118","15734836","15734914","chr19","23494523","23494608","20","7759687"
"JH378118","15778820","15779135","chr1","121870683","121870990","34","106091863"
"JH378118","15789471","15789774","chr22","47793370","47793666","35","32003899"
"JH378118","15838834","15839143","chrX","17246394","17246689","51","1407560"
"JH378118","15852270","15852529","chr23","72474299","72474566","50","56622029"
"JH378118","15885602","15885908","chr14","22799686","22799991","34","6914084"
"JH378118","15909969","15910119","chr9","59130238","59130387","13","43220269"
"JH378118","15983282","15983554","chr5","27812983","27813260","48","11829701"
"JH378118","16057724","16058010","chr15","89412041","89412323","33","73354317"
"JH378118","16120029","16120332","chr1","65504304","65504612","36","49384275"
"JH378118","16208515","16208826","chr11","115525233","115525542","37","99316718"
"JH378118","16343016","16343300","chr9","114015180","114015455","37","97672164"
"JH378118","16348929","16349191","chr14","97749740","97750002","43","81400811"
"JH378118","16464871","16465149","chr24","73585240","73585507","38","57120369"
"JH378118","16471496","16471784","chr19","21173854","21174146","37","4702358"
"JH378118","16497973","16498280","chr29","8278863","8279172","37","8219110"
"JH378118","16522577","16522860","chrX","29936084","29936366","39","13413507"
"JH378118","16670085","16670394","chr11","20333718","20334026","38","3663633"
"JH378118","16698572","16698894","chr5","14569519","14569836","38","2129053"
"JH378118","16700063","16700356","chr12","10064948","10065242","27","6635115"
"JH378118","16732850","16733139","chr2","49104477","49104770","37","32371627"
"JH378118","16738731","16739030","chr8","134989821","134990115","32","118251090"
"JH378118","16747755","16748034","chrX","671272","671550","33","16076483"
"JH378118","16831246","16831546","chr10","87911378","87911678","42","71080132"
"JH378118","16849742","16850031","chr1","108565860","108566161","35","91716118"
"JH378118","17049693","17049986","chr11","46451973","46452263","32","29402280"
"JH378118","17057900","17058193","chr10","109681392","109681687","36","92623492"
"JH378118","17062986","17063308","chr16","55157456","55157764","51","38094470"
"JH378118","17064635","17064720","chr16","4405728","4405812","8","12658907"
"JH378118","17078483","17078784","chr20","91789557","91789859","26","74711074"
"JH378118","17081091","17081371","chr4","10143744","10144031","51","6937347"
"JH378118","17120240","17120532","chr23","43687025","43687322","42","26566785"
"JH378118","17124178","17124454","chr13","89452546","89452829","52","72328368"
"JH378118","17134860","17135167","chr1","65504304","65504612","32","48369444"
"JH378118","17164842","17165130","chr12","10064948","10065242","37","7099894"
"JH378118","17285605","17285834","chr16","65938492","65938715","43","48652887"
"JH378118","17323828","17324102","chr2","80816936","80817209","44","63493108"
"JH378118","17325362","17325653","chr8","21494594","21494885","33","4169232"
"JH378118","17352186","17352494","chr11","115525233","115525542","38","98173047"
"JH378118","17369286","17369588","chr5","2273487","2273788","32","15095799"
"JH378118","17437128","17437421","chr1","10803268","10803561","36","6633860"
"JH378118","17497387","17497673","chr5","18507215","18507511","34","1009828"
"JH378118","17500673","17500984","chr11","115525233","115525542","34","98024560"
"JH378118","17573194","17573504","chr11","115525233","115525542","30","97952039"
"JH378118","17579005","17579294","chr22","51404529","51404822","40","33825524"
"JH378118","17593650","17593916","chr24","67854256","67854521","39","50260606"
"JH378118","17682640","17682932","chr9","41350361","41350653","32","23667721"
"JH378118","17739319","17739601","chr9","118446169","118446455","38","100706850"
"JH378118","17845793","17846088","chr12","19091026","19091293","61","1245233"
"JH378118","17857486","17857765","chr22","50629443","50629736","43","32771957"
"JH378118","17866869","17867146","chr20","112562278","112562560","38","94695409"
"JH378118","17870305","17870589","chr5","20366749","20367033","42","2496444"
"JH378118","17876220","17876502","chr8","102560476","102560759","37","84684256"
"JH378118","17884187","17884448","chr2","28528551","28528816","39","10644364"
"JH378118","17903496","17903782","chr16","17307243","17307521","37","596253"
"JH378118","17926800","17926930","chr20","20852752","20852882","11","2925952"
"JH378118","17948406","17948681","chr5","61434066","61434345","44","43485660"
"JH378118","17974286","17974481","chr9","77783876","77784052","42","59809590"
"JH378118","17996378","17996705","chr16","12344031","12344341","48","5652347"
"JH378118","18021256","18021558","chr24","67239754","67240052","34","49218498"
"JH378118","18032860","18033155","chrX","29093856","29094150","32","11060996"
"JH378118","18059137","18059443","chr14","21051881","21052186","41","2992744"
"JH378118","18070262","18070561","chr12","27631381","27631681","40","9561119"
"JH378118","18118350","18118449","chr22","82220107","82220203","10","64101757"
"JH378118","18142372","18142645","chr5","34103098","34103364","45","15960726"
"JH378118","18149180","18149429","chr27","39315008","39315257","32","21165828"
"JH378118","18236211","18236498","chr12","76875410","76875697","42","58639199"
"JH378118","18284629","18284775","chr14","87397209","87397357","26","69112580"
"JH378118","18299592","18299675","chr5","67880800","67880883","6","49581208"
"JH378118","18308814","18309111","chr7","69565483","69565774","40","51256669"
"JH378118","18326480","18326777","chr10","8909912","8910203","42","9416568"
"JH378118","18379116","18379411","chr12","10064948","10065242","25","8314168"
"JH378118","18391554","18391867","chr6","16598509","16598818","34","1793045"
"JH378118","18396942","18397230","chr28","9418448","9418736","59","8978494"
"JH378118","18443517","18443790","chr12","25422159","25422437","49","6978642"
"JH378118","18459666","18459960","chr10","127495198","127495486","43","109035532"
"JH378118","18519021","18519309","chr21","17058605","17058893","41","1460416"
"JH378118","18520752","18521068","chr2","34891557","34891863","38","16370805"
"JH378118","18659448","18659762","chr22","18232920","18233227","41","426528"
"JH378118","18666819","18667121","chr5","2273487","2273788","30","16393332"
"JH378118","18740280","18740614","chr4","90416054","90416382","43","71675774"
"JH378118","18746146","18746461","chr17","4291651","4291958","38","14454495"
"JH378118","18776735","18777032","chr26","42771314","42771606","38","23994579"
"JH378118","18791649","18791931","chr4","15532519","15532799","33","3259130"
"JH378118","18795273","18795383","chr6","1067449","1067558","12","17727824"
"JH378118","18806423","18806710","chr12","10064948","10065242","33","8741475"
"JH378118","18836285","18836580","chr15","3702894","3703194","41","15133391"
"JH378118","18888920","18889217","chr5","58245349","58245645","36","39356429"
"JH378118","18921765","18922038","chr5","17006315","17006587","51","1915450"
"JH378118","18997861","18998145","chr14","45225707","45225990","40","26227846"
"JH378118","19018304","19018620","chr5","36774379","36774687","45","17756075"
"JH378118","19048815","19049126","chr1","77741968","77742289","64","58693153"
"JH378118","19068305","19068609","chr14","22799686","22799991","45","3731381"
"JH378118","19073077","19073330","chr5","1545752","1546005","40","17527325"
"JH378118","19099541","19099853","chr11","115525233","115525542","39","96425692"
"JH378118","19146785","19147100","chr10","89459842","89460157","43","70313057"
"JH378118","19230830","19230959","chr11","106843296","106843425","10","87612466"
"JH378118","19269190","19269411","chr11","46995583","46995816","43","27726393"
"JH378118","19289470","19289778","chr26","6059541","6059849","41","13229929"
"JH378118","19323596","19323890","chr12","10064948","10065242","31","9258648"
"JH378118","19362498","19362754","chr13","18486860","18487116","51","875638"
"JH378118","19376032","19376359","chr7","12288332","12288635","63","7087700"
"JH378118","19437478","19437743","chr18","26618829","26619114","54","7181351"
"JH378118","19521564","19521699","chr16","12732333","12732465","11","6789231"
"JH378118","19631565","19631687","chr15","90834689","90834810","9","71203124"
"JH378118","19637818","19637885","chr26","1495070","1495140","14","18142748"
"JH378118","19658746","19659054","chr16","64430366","64430669","34","44771620"
"JH378118","19751447","19751747","chr2","89357867","89358158","39","69606420"
"JH378118","19774123","19774408","chr11","52684567","52684863","41","32910444"
"JH378118","19799545","19799664","chrX","15339948","15340070","18","4459597"
"JH378118","19837921","19838216","chr13","74348531","74348815","43","54510610"
"JH378118","19871284","19871571","chr14","15633040","15633320","39","4238244"
"JH378118","19960291","19960593","chrX","125302543","125302844","34","105342252"
"JH378118","19971327","19971504","chr13","12236374","12236552","19","7734953"
"JH378118","20050980","20051241","chr27","37334117","37334370","46","17283137"
"JH378118","20201636","20201916","chr14","7619665","7619943","38","12581971"
"JH378118","20272697","20273010","chr17","35258575","35258878","29","14985878"
"JH378118","20306840","20307138","chr11","124380849","124381147","44","104074009"
"JH378118","20444641","20444838","chr17","36941326","36941541","51","16496685"
"JH378118","20543562","20543845","chr5","42662951","42663235","41","22119389"
"JH378118","20602226","20602530","chr9","1052717","1053012","46","19549509"
"JH378118","20631571","20631674","chr2","56143676","56143777","17","35512105"
"JH378118","20682065","20682346","chr17","52044625","52044916","47","31362560"
"JH378118","20761996","20762274","chr26","22549804","22550079","51","1787808"
"JH378118","21112920","21113220","chr1","62770679","62770970","47","41657759"
"JH378118","21301361","21301644","chr7","100037094","100037378","36","78735733"
"JH378118","21318370","21318681","chr11","90973880","90974189","44","69655510"
"JH378118","21337379","21337676","chr15","3702894","3703194","32","17634485"
"JH378118","21338847","21339153","chr4","16808054","16808360","43","4530793"
"JH378118","21381170","21381472","chr11","51930789","51931091","47","30549619"
"JH378118","21432717","21433022","chr26","17944990","17945291","38","3487727"
"JH378118","21470122","21470198","chr14","81623906","81623982","12","60153784"
"JH378118","21500291","21500395","chr1","39939684","39939788","9","18439393"
"JH378118","21523320","21523599","chr24","26938119","26938393","45","5414799"
"JH378118","21562773","21563057","chr21","35798011","35798296","34","14235238"
"JH378118","21574991","21575278","chr18","71309352","71309642","35","49734361"
"JH378118","21600484","21600761","chr9","66838731","66839011","39","45238247"
"JH378118","21620298","21620573","chrX","105703916","105704192","35","84083618"
"JH378118","21620676","21620991","chr13","84743392","84743699","42","63122716"
"JH378118","21629318","21629420","chr2","34024008","34024103","16","12394690"
"JH378118","21638366","21638645","chr9","114015180","114015455","40","92376814"
"JH378118","21648944","21649231","chr5","70465733","70466025","44","48816789"
"JH378118","21655520","21655815","chr14","103730867","103731155","48","82075347"
"JH378118","21661927","21662218","chr15","86758708","86759003","47","65096781"
"JH378118","21668666","21668927","chr15","4035361","4035624","39","17633305"
"JH378118","21675108","21675225","chrX","90197506","90197623","11","68522398"
"JH378118","21675772","21675907","chr13","50406818","50406956","36","28731046"
"JH378118","21679700","21680008","chr23","40897282","40897583","33","19217582"
"JH378118","21683330","21683420","chr3","65349691","65349782","12","43666361"
"JH378118","21707375","21707666","chr1","103415790","103416081","35","81708415"
"JH378118","21711741","21711836","chr22","82220107","82220203","7","60508366"
"JH378118","21720896","21721001","chr6","1067449","1067558","13","20653447"
"JH378118","21726370","21726618","chr15","77243205","77243455","40","55516835"
"JH378118","21740745","21740848","chrX","2017984","2018087","11","19722761"
"JH378118","21748812","21749105","chr15","5114677","5114969","31","16634135"
"JH378118","21762429","21762728","chr7","61864331","61864634","35","40101902"
"JH378118","21765782","21766071","chr8","52344592","52344885","30","30578810"
"JH378118","21790296","21790573","chr7","134662977","134663252","36","112872681"
"JH378118","21800553","21800814","chr23","27842421","27842672","49","6041868"
"JH378118","21802798","21803108","chr2","34891557","34891863","46","13088759"
"JH378118","21823301","21823603","chr12","10064948","10065242","30","11758353"
"JH378118","21850931","21851225","chr29","10722547","10722839","39","11128384"
"JH378118","21864593","21864896","chrX","125302543","125302844","34","103437950"
"JH378118","21875387","21875521","chr11","95753406","95753542","12","73878019"
"JH378118","21878907","21879194","chr10","114533304","114533589","35","92654397"
"JH378118","21879794","21880102","chr1","65504304","65504612","30","43624510"
"JH378118","21887662","21887756","chr22","82220107","82220203","8","60332445"
"JH378118","21889994","21890235","chr26","48519267","48519507","35","26629273"
"JH378118","21891328","21891496","chr1","105262714","105262876","21","83371386"
"JH378118","21893347","21893624","chr22","40622609","40622898","43","18729262"
"JH378118","21921761","21922060","chr9","92415292","92415589","40","70493531"
"JH378118","21925726","21926014","chr2","12113745","12114044","45","9811981"
"JH378118","21959398","21959697","chr16","31632439","31632734","34","9673041"
"JH378118","21967633","21967890","chr16","49115869","49116136","44","27148236"
"JH378118","22022300","22022609","chr28","13557476","13557782","38","8464824"
"JH378118","22032185","22032492","chr17","35258575","35258878","37","13226390"
"JH378118","22067739","22068036","chr9","32166463","32166757","47","10098724"
"JH378118","22083257","22083552","chrX","122834172","122834462","35","100750915"
"JH378118","22105738","22106037","chr12","10064948","10065242","27","12040790"
"JH378118","22130578","22130866","chr13","83281053","83281342","38","61150475"
"JH378118","22133824","22134118","chr12","10064948","10065242","25","12068876"
"JH378118","22187782","22188076","chr21","25123896","25124189","40","2936114"
"JH378118","22211217","22211514","chr9","96314869","96315163","39","74103652"
"JH378118","22217324","22217473","chr9","59130238","59130387","17","36912914"
"JH378118","22232862","22233026","chr11","57827390","57827554","22","35594528"
"JH378118","22235188","22235301","chr20","115102100","115102215","12","92866912"
"JH378118","22236744","22237037","chr4","16657129","16657419","53","5579615"
"JH378118","22240083","22240160","chr17","40341447","40341524","9","18101364"
"JH378118","22242065","22242369","chr5","27918350","27918656","37","5676285"
"JH378118","22245579","22245711","chr20","20852752","20852882","13","1392827"
"JH378118","22257087","22257373","chrX","81238532","81238811","40","58981445"
"JH378118","22289457","22289606","chr17","37316933","37317077","29","15027476"
"JH378118","22289909","22290219","chr1","65504304","65504612","29","43214395"
"JH378118","22323656","22323952","chr12","10064948","10065242","32","12258708"
"JH378118","22376760","22377070","chr12","6781553","6781865","80","15595207"
"JH378118","22519986","22520134","chr9","22587849","22587997","18","67863"
"JH378118","22522754","22523054","chr22","1962961","1963260","50","20559793"
"JH378118","22717103","22717400","chr12","10064948","10065242","24","12652155"
"JH378118","22757196","22757326","chr20","20852752","20852882","12","1904444"
"JH378118","22770519","22770644","chr1","97802296","97802426","15","75031777"
"JH378118","22801637","22801944","chr5","2273487","2273788","32","20528150"
"JH378118","22882442","22882737","chr11","117268211","117268509","35","94385769"
"JH378118","22963172","22963250","chr4","11929707","11929771","22","11033465"
"JH378118","23062291","23062573","chr7","31482605","31482888","43","8420314"
"JH378118","23072058","23072360","chr22","50629443","50629736","36","27557385"
"JH378118","23117675","23117957","chr8","73800363","73800645","54","50682688"
"JH378118","23119202","23119338","chr26","6591504","6591639","16","16527698"
"JH378118","23127812","23128104","chrX","104601258","104601549","39","81473446"
"JH378118","23131509","23131816","chr14","22799686","22799991","41","331823"
"JH378118","23176688","23176984","chr20","121583912","121584213","39","98407224"
"JH378118","23178862","23179165","chr15","4655338","4655639","40","18523524"
"JH378118","23179520","23179822","chr5","2324242","2324550","43","20855278"
"JH378118","23193987","23194085","chr15","39050206","39050292","21","15856219"
"JH378118","23228276","23228573","chr12","10064948","10065242","27","13163328"
"JH378118","23246537","23246823","chr20","86435911","86436197","44","63189374"
"JH378118","23259439","23259736","chrX","104601258","104601549","33","81341819"
"JH378118","23262399","23262701","chr15","86758708","86759003","39","63496309"
"JH378118","23268829","23269124","chr12","10064948","10065242","33","13203881"
"JH378118","23272670","23272980","chr14","83371933","83372231","40","60099263"
"JH378118","23274498","23274775","chr5","10449692","10449967","51","12824806"
"JH378118","23278325","23278561","chr5","20112871","20113109","51","3165454"
"JH378118","23302906","23303215","chr6","29168940","29169240","39","5866034"
"JH378118","23328930","23329022","chr16","16463904","16464000","16","6865026"
"JH378118","23354395","23354688","chr28_KE148105v1_random","309394","309684","42","23045001"
"JH378118","23366016","23366310","chr6","4113565","4113862","37","19252451"
"JH378118","23418077","23418379","chr2","34891557","34891863","37","11473480"
"JH378118","23447844","23448150","chr4","16810841","16811146","38","6637003"
"JH378118","23522917","23523216","chr17","28137789","28138092","36","4614872"
"JH378118","23537345","23537649","chr4","35993041","35993346","35","12455696"
"JH378118","23622078","23622380","chr20","122541228","122541520","52","98919150"
"JH378118","23676744","23676798","chr22","38828463","38828520","10","15151719"
"JH378118","23736933","23737222","chr9","33892184","33892482","51","10155251"
"JH378118","23843295","23843596","chr2","34891557","34891863","44","11048262"
"JH378118","23858784","23858877","chr22","82220107","82220203","9","58361323"
"JH378118","23900762","23901067","chr22","13966470","13966771","38","9934292"
"JH378118","23911073","23911150","chr13","63031813","63031889","7","39120740"
"JH378118","23938273","23938583","chr2","58045145","58045453","29","34106872"
"JH378118","24025797","24026129","chr8","26352201","26352513","55","2326404"
"JH378118","24087660","24087886","chr13","7317370","7317589","32","16770290"
"JH378118","24112406","24112704","chr5","53640739","53641037","33","29528333"
"JH378118","24170361","24170668","chr6","31365170","31365478","34","7194809"
"JH378118","24344444","24344755","chr11","115525233","115525542","30","91180789"
"JH378118","24372527","24372789","chr1","111829907","111830168","41","87457380"
"JH378118","24378003","24378274","chr6","45847068","45847349","42","21469065"
"JH378118","24384219","24384514","chr20","108907026","108907317","32","84522807"
"JH378118","24431502","24431795","chr5","42662951","42663235","52","18231449"
"JH378118","24444039","24444331","chrX","104601258","104601549","37","80157219"
"JH378118","24464628","24464896","chr21","99692867","99693133","41","75228239"
"JH378118","24473743","24474043","chr1","9952483","9952780","29","14521260"
"JH378118","24477656","24477958","chr23","44235597","44235893","39","19757941"
"JH378118","24477965","24478244","chr20","75127208","75127485","39","50649243"
"JH378118","24510679","24510975","chr12","10064948","10065242","25","14445731"
"JH378118","24524557","24524869","chr5","27918350","27918656","32","3393793"
"JH378118","24536570","24536875","chr12","93295464","93295762","41","68758894"
"JH378118","24555110","24555410","chr23","41434219","41434517","41","16879109"
"JH378118","24571146","24571451","chr2","35933723","35934028","41","11362577"
"JH378118","24591182","24591331","chr9","59130238","59130387","15","34539056"
"JH378118","24591714","24591815","chrX","2017984","2018087","10","22573730"
"JH378118","24703632","24703738","chr1","39939684","39939788","12","15236052"
"JH378118","24747897","24748027","chr16","31737705","31737835","11","6989808"
"JH378118","24780848","24780937","chr3","65349691","65349782","12","40568843"
"JH378118","24791660","24791830","chr19","10233569","10233740","27","14558091"
"JH378118","24801173","24801481","chr13","14856342","14856650","40","9944831"
"JH378118","24834068","24834202","chr13","87477413","87477530","28","62643345"
"JH378118","24920699","24920829","chr1","97802296","97802426","11","72881597"
"JH378118","24924415","24924713","chr24","1147887","1148184","28","23776528"
"JH378118","24926478","24926778","chr26","16748407","16748708","36","8178071"
"JH378118","24939887","24940189","chr7","105479991","105480292","36","80540104"
"JH378118","25008993","25009289","chr1","103415790","103416081","41","78406797"
"JH378118","25013403","25013718","chr16","7515507","7515811","49","17497896"
"JH378118","25033641","25033908","chr6","27850626","27850898","34","2816985"
"JH378118","25074593","25074899","chr14","44038439","44038738","37","18963846"
"JH378118","25094675","25094979","chr14","37138980","37139278","39","12044305"
"JH378118","25098514","25098807","chr7","86104707","86105000","36","61006193"
"JH378118","25126977","25127257","chr4","50225644","50225922","27","25098667"
"JH378118","25161253","25161361","chr24","48537275","48537387","16","23376022"
"JH378118","25189103","25189394","chr21","25123896","25124189","36","65207"
"JH378118","25220973","25221251","chr23","49903103","49903380","36","24682130"
"JH378118","25222417","25222502","chr16","4405728","4405812","9","20816689"
"JH378118","25238291","25238364","chr13","63031813","63031889","10","37793522"
"JH378118","25240978","25241103","chr3","72385674","72385796","13","47144696"
"JH378118","25253334","25253634","chr12","10064948","10065242","44","15188386"
"JH378118","25265015","25265145","chr16","4500752","4500881","15","20764263"
"JH378118","25265306","25265458","chr11","121284211","121284371","28","96018905"
"JH378118","25269274","25269554","chr11","14140136","14140434","55","11129138"
"JH378118","25311112","25311412","chr25","18828195","18828491","36","6482917"
"JH378118","25336189","25336497","chr2","34891557","34891863","34","9555368"
"JH378118","25362036","25362105","chr14","82607999","82608075","12","57245963"
"JH378118","25379518","25379611","chr22","82220107","82220203","10","56840589"
"JH378118","25415657","25415956","chr24","83135028","83135331","32","57719371"
"JH378118","25470917","25470995","chr13","63031813","63031889","8","37560896"
"JH378118","25520282","25520563","chr5","42662951","42663235","35","17142669"
"JH378118","25730720","25730836","chr4","60395666","60395783","14","34664946"
"JH378118","25774553","25774863","chr6","31365170","31365478","34","5590617"
"JH378118","25809990","25810261","chr12","44311127","44311411","49","18501137"
"JH378118","25812506","25812763","chr16","68347000","68347257","35","42534494"
"JH378118","25818923","25819232","chr26","16021451","16021759","40","9797472"
"JH378118","25824352","25824658","chr26","9300679","9300984","33","16523673"
"JH378118","25833115","25833193","chr16","3308866","3308945","8","22524249"
"JH378118","25834623","25834830","chr2","41986599","41986802","22","16151976"
"JH378118","25923855","25924153","chr12","10064948","10065242","32","15858907"
"JH378118","25927315","25927604","chr5","22668022","22668311","37","3259293"
"JH378118","25953036","25953330","chr27","42103785","42104071","43","16150749"
"JH378118","25966663","25966945","chr14","95964336","95964605","44","69997673"
"JH378118","26004158","26004469","chr5","27918350","27918656","39","1914192"
"JH378118","26049841","26050141","chr12","10064948","10065242","39","15984893"
"JH378118","26098538","26098844","chr12","10064948","10065242","35","16033590"
"JH378118","26208957","26209214","chr20","7729822","7730074","42","18479135"
"JH378118","26209683","26209997","chr2","11403572","11403878","51","14806111"
"JH378118","26267554","26267820","chr11","12774928","12775192","35","13492626"
"JH378118","26288077","26288381","chr12","6781553","6781865","67","19506524"
"JH378118","26345950","26346104","chr17","47733511","47733658","18","21387561"
"JH378118","26367748","26367872","chr1","8688937","8689061","14","17678811"
"JH378118","26472312","26472619","chr11","115525233","115525542","36","89052921"
"JH378118","26481035","26481331","chr12","10064948","10065242","36","16416087"
"JH378118","26520421","26520683","chrX","34398814","34399073","31","7878393"
"JH378118","26529550","26529855","chr18","34769557","34769861","44","8240007"
"JH378118","26571909","26572182","chr6","2672448","2672721","35","23899461"
"JH378118","26598754","26599053","chr20","101506461","101506755","37","74907707"
"JH378118","26626234","26626542","chrX","29936084","29936366","49","3309850"
"JH378118","26660558","26660648","chr3","65349691","65349782","9","38689133"
"JH378118","26712474","26712566","chr26","2410971","2411056","19","24301503"
"JH378118","26732670","26732935","chr28","19249070","19249347","50","7483600"
"JH378118","26733525","26733836","chr4","88788880","88789184","41","62055355"
"JH378118","26827867","26828174","chr2","34891557","34891863","34","8063690"
"JH378118","26840355","26840653","chr12","10064948","10065242","26","16775407"
"JH378118","26879237","26879540","chr20","116596870","116597178","44","89717633"
"JH378118","26900254","26900530","chr10","127201999","127202278","31","100301745"
"JH378118","26945572","26945847","chr11","101902346","101902617","49","74956774"
"JH378118","26948287","26948600","chr11","84795218","84795524","49","57846931"
"JH378118","26953485","26953765","chr18","65640670","65640953","41","38687185"
"JH378118","26976325","26976396","chr24","32655625","32655699","10","5679300"
"JH378118","26978452","26978763","chr14","79729598","79729899","40","52751146"
"JH378118","26991025","26991315","chr4","65823519","65823812","39","38832494"
"JH378118","27027505","27027791","chr19","13873399","13873691","46","13154106"
"JH378118","27030724","27031015","chr4","65823519","65823812","38","38792795"
"JH378118","27038903","27039280","chr1","114379739","114380108","66","87340836"
"JH378118","27039375","27039650","chr28","19249070","19249347","36","7790305"
"JH378118","27181930","27182228","chr29","23130533","23130830","33","4051397"
"JH378118","27232302","27232607","chr5","2273487","2273788","28","24958815"
"JH378118","27236102","27236359","chr7","50123709","50123964","33","22887607"
"JH378118","27273927","27274181","chr11","44436513","44436764","36","17162586"
"JH378118","27327439","27327733","chr10","62769074","62769367","49","35441635"
"JH378118","27330871","27331151","chr12","4983870","4984143","46","22347001"
"JH378118","27371890","27372198","chr3","22013697","22014006","34","5358193"
"JH378118","27386730","27386860","chr9","99766001","99766131","13","72379271"
"JH378118","27407657","27407965","chr5","2273487","2273788","31","25134170"
"JH378118","27446430","27446733","chr16","53397850","53398143","42","25951420"
"JH378118","27466777","27467081","chr5","2273487","2273788","31","25193290"
"JH378118","27468324","27468453","chr20","20852752","20852882","9","6615572"
"JH378118","27485790","27485875","chr5","67880800","67880883","9","40395010"
"JH378118","27486328","27486418","chr19","7758593","7758681","11","19727735"
"JH378118","27523006","27523302","chr12","10064948","10065242","31","17458058"
"JH378118","27535898","27536206","chr5","2273487","2273788","35","25262411"
"JH378118","27543470","27543769","chr29","8289755","8290055","37","19253715"
"JH378118","27569445","27569764","chr24","32730307","32730629","42","5160862"
"JH378118","27579562","27579853","chr12","10064948","10065242","33","17514614"
"JH378118","27585216","27585526","chr1","65504304","65504612","29","37919088"
"JH378118","27597125","27597382","chr18","66232162","66232424","45","38635037"
"JH378118","27599881","27600133","chr29","12411847","12412100","38","15188034"
"JH378118","27617030","27617326","chr11","28325337","28325632","33","708307"
"JH378118","27640292","27640435","chr5","22000705","22000847","13","5639587"
"JH378118","27663580","27663831","chr24","28331197","28331454","43","667617"
"JH378118","27687110","27687404","chr9","12848067","12848359","44","14839043"
"JH378118","27696813","27697121","chrX","125978862","125979170","39","98282049"
"JH378118","27705905","27706217","chr1","65504304","65504612","43","37798399"
"JH378118","27726634","27726925","chr5","53255334","53255620","38","25528700"
"JH378118","27747076","27747345","chr29","12615312","12615586","37","15131764"
"JH378118","27769201","27769413","chr9","28573966","28574178","36","804765"
"JH378118","27771479","27771786","chr12","23204896","23205203","41","4566583"
"JH378118","27774463","27774785","chr11","103948649","103948968","47","76174186"
"JH378118","27850593","27850871","chr2","23636944","23637229","43","4213649"
"JH378118","27939604","27939896","chr21","66269520","66269815","31","38329916"
"JH378118","28015961","28016268","chr5","2273487","2273788","43","25742474"
"JH378118","28019879","28020077","chr11","117573457","117573649","28","89553578"
"JH378118","28042126","28042205","chr16","3308866","3308945","8","24733260"
"JH378118","28052118","28052431","chr15","30369850","30370153","55","2317732"
"JH378118","28063894","28063951","chr28","10955726","10955783","8","17108168"
"JH378118","28087795","28088095","chr1","57357225","57357526","45","29269430"
"JH378118","28097495","28097796","chr13","8870800","8871100","34","19226695"
"JH378118","28100456","28100633","chr11","119149911","119150079","34","91049455"
"JH378118","28121074","28121373","chr10","118597337","118597632","31","90476263"
"JH378118","28129996","28130297","chr1","10803268","10803561","45","17326728"
"JH378118","28130689","28130984","chr12","74716502","74716795","34","46585813"
"JH378118","28147330","28147620","chr17","29541635","29541926","43","1394305"
"JH378118","28147903","28148196","chr14","40454289","40454584","42","12306386"
"JH378118","28179880","28180167","chr21","107752220","107752506","31","79572340"
"JH378118","28189183","28189484","chr20","8067729","8068028","35","20121454"
"JH378118","28227305","28227381","chr13","63031813","63031889","6","34804508"
"JH378118","28249312","28249608","chr8","21494594","21494885","33","6754718"
"JH378118","28267366","28267448","chr5","67880800","67880883","6","39613434"
"JH378118","28308795","28309068","chr14","25698019","25698284","47","2610776"
"JH378118","28310994","28311084","chr3","65349691","65349782","11","37038697"
"JH378118","28314325","28314409","chr16","4405728","4405812","7","23908597"
"JH378118","28464110","28464413","chr9","96314869","96315163","32","67850759"
"JH378118","28465789","28465982","chr11","117573457","117573649","29","89107668"
"JH378118","28490322","28490630","chr1","65504304","65504612","27","37013982"
"JH378118","28499698","28499798","chr22","82220107","82220203","11","53720409"
"JH378118","28505345","28505651","chr2","34891557","34891863","30","6386212"
"JH378118","28540597","28540678","chr5","67880800","67880883","7","39340203"
"JH378118","28545700","28545776","chr13","63031813","63031889","6","34486113"
"JH378118","28569258","28569371","chr6","1067449","1067558","13","27501809"
"JH378118","28594720","28595025","chr5","2273487","2273788","28","26321233"
"JH378118","28615314","28615393","chr5","67880800","67880883","8","39265486"
"JH378118","28618490","28618776","chr19","22521438","22521721","36","6097052"
"JH378118","28623196","28623496","chr13","65577132","65577425","38","36953936"
"JH378118","28634380","28634502","chr15","90834689","90834810","9","62200309"
"JH378118","28639942","28640213","chr13","53151712","53151994","55","24511770"
"JH378118","28647993","28648095","chrX","2017984","2018087","11","26630009"
"JH378118","28668876","28669179","chr12","10064948","10065242","31","18603928"
"JH378118","28678832","28679121","chr9","39095858","39096151","37","10417026"
"JH378118","28681468","28681756","chr4","10143744","10144031","45","18537724"
"JH378118","28692789","28692866","chr13","63031813","63031889","7","34339024"
"JH378118","28693877","28693964","chr19","7758593","7758681","9","20935284"
"JH378118","28700906","28701022","chr4","60395666","60395783","15","31694760"
"JH378118","28704988","28705278","chr8","52344592","52344885","29","23639604"
"JH378118","28707491","28707762","chrX","104770340","104770622","46","76062849"
"JH378118","28720078","28720382","chr15","86928795","86929095","41","58208717"
"JH378118","28727369","28727440","chr13","63031813","63031889","9","34304444"
"JH378118","28737991","28738262","chr13","56780000","56780272","44","28042009"
"JH378118","28740485","28740769","chr10","91933773","91934048","42","63193288"
"JH378118","28747650","28747754","chr1","39939684","39939788","11","11192034"
"JH378118","28752549","28752852","chr5","2273487","2273788","30","26479062"
"JH378118","28768800","28769130","chr3","37955466","37955795","46","9186666"
"JH378118","28769447","28769740","chr20","23803939","23804231","38","4965508"
"JH378118","28771448","28771576","chr24","49206715","49206844","14","20435267"
"JH378118","28775583","28775861","chr5","20366749","20367033","37","8408834"
"JH378118","28780280","28780404","chr1","8688937","8689061","15","20091343"
"JH378118","28791697","28791968","chr9","55909986","55910260","45","27118289"
"JH378118","28803769","28804066","chr14","44038439","44038738","35","15234670"
"JH378118","28818902","28818990","chr19","7758593","7758681","11","21060309"
"JH378118","28851791","28851855","chr11","88834517","88834576","14","59982726"
"JH378118","28877043","28877325","chr6","40582273","40582553","33","11705230"
"JH378118","28905325","28905621","chr7","31800018","31800305","45","2894693"
"JH378118","28909603","28909681","chr16","3308866","3308945","7","25600737"
"JH378118","28921367","28921457","chr19","7758593","7758681","10","21162774"
"JH378118","28925749","28926031","chr14","41748186","41748475","39","12822437"
"JH378118","28969439","28969736","chr10","118597337","118597632","30","89627898"
"JH378118","28971209","28971495","chrX","95460911","95461200","45","66489702"
"JH378118","28978735","28979044","chr8","81998382","81998693","33","53019647"
"JH378118","29077609","29077904","chr12","10064948","10065242","29","19012661"
"JH378118","29105496","29105777","chr7","74493098","74493366","56","45387602"
"JH378118","29124657","29124948","chr6","38582923","38583209","37","9458266"
"JH378118","29126692","29127002","chr19","9824759","9825062","38","19301933"
"JH378118","29164725","29165031","chr5","33074148","33074451","34","3909423"
"JH378118","29172589","29172883","chr9","41350361","41350653","34","12177772"
"JH378118","29210152","29210457","chr2","74744689","74744996","39","45534537"
"JH378118","29210623","29210896","chr14","98274102","98274376","40","69063479"
"JH378118","29273349","29273649","chr9","1052717","1053012","36","28220632"
"JH378118","29295959","29296237","chr2","34541558","34541838","41","5245599"
"JH378118","29312503","29312790","chr12","10064948","10065242","31","19247555"
"JH378118","29349127","29349423","chr17","58288761","58289051","36","28939634"
"JH378118","29428677","29428985","chr10","105560798","105561107","33","76132121"
"JH378118","29500001","29500240","chr16","69318389","69318626","32","39818388"
"JH378118","29517858","29518183","chr13","84743392","84743699","55","55225534"
"JH378118","29524756","29525064","chr5","2273487","2273788","32","27251269"
"JH378118","29532503","29532771","chr15","58710126","58710382","48","29177623"
"JH378118","29541521","29541830","chr25","81648621","81648928","36","52107100"
"JH378118","29548215","29548509","chr23","41434219","41434517","45","11886004"
"JH378118","29573307","29573598","chr9","102583184","102583480","45","73009877"
"JH378118","29585965","29586254","chr23","73077881","73078169","34","43491916"
"JH378118","29605292","29605542","chrX","73749369","73749619","44","44144077"
"JH378118","29622507","29622700","chr2","36888011","36888204","32","7265504"
"JH378118","29622801","29622895","chr1","39939684","39939788","19","10316883"
"JH378118","29664942","29665144","chr6","16017631","16017832","30","13647311"
"JH378118","29690875","29691162","chr22","61137001","61137296","42","31446126"
"JH378118","29715767","29715876","chr6","1067449","1067558","10","28648318"
"JH378118","29744385","29744687","chr5","2273487","2273788","34","27470898"
"JH378118","29747645","29747946","chr4","66775624","66775927","44","37027979"
"JH378118","29765437","29765727","chr20","71659942","71660232","35","41894505"
"JH378118","29804430","29804575","chr3","90669571","90669712","14","60865141"
"JH378118","29815958","29816256","chr11","117268211","117268509","34","87452253"
"JH378118","29835801","29836106","chr2","34891557","34891863","32","5055756"
"JH378118","29843090","29843388","chr12","10064948","10065242","34","19778142"
"JH378118","29892739","29892895","chr14","3247742","3247880","36","26644997"
"JH378118","30065364","30065465","chr28","13974539","13974643","17","16090825"
"JH378118","30065566","30065756","chr16","15282415","15282608","29","14783151"
"JH378118","30073341","30073641","chr12","10064948","10065242","27","20008393"
"JH378118","30082860","30083151","chr2","49104477","49104770","35","19021617"
"JH378118","30165560","30165852","chr1","10959790","10960093","46","19205770"
"JH378118","30247200","30247500","chr12","10064948","10065242","39","20182252"
"JH378118","30296614","30296903","chr28","13032296","13032578","48","17264318"
"JH378118","30314946","30315255","chr11","115525233","115525542","36","85210287"
"JH378118","30393742","30393817","chr13","63031813","63031889","8","32638071"
"JH378118","30397910","30397998","chr20","8489737","8489826","9","21908173"
"JH378118","30493369","30493674","chr11","125798758","125799061","36","95305389"
"JH378118","30573559","30573855","chr18","72052984","72053276","30","41479425"
"JH378118","30575473","30575778","chr8","27070266","27070572","39","3505207"
"JH378118","30621939","30622231","chr26","6374183","6374474","31","24247756"
"JH378118","30622474","30622760","chr16","30637924","30638212","39","15450"
"JH378118","30665967","30666265","chr10","21690582","21690883","44","8975385"
"JH378118","30705180","30705456","chr11","115292126","115292409","47","84586946"
"JH378118","30846449","30846748","chr12","6781553","6781865","81","24064896"
"JH378118","30848480","30848751","chr24","42689954","42690241","54","11841474"
"JH378118","30920275","30920576","chr12","102135104","102135405","46","71214829"
"JH378118","30924238","30924543","chr14","83371933","83372231","35","52447695"
"JH378118","30941939","30942185","chr16","23133571","23133812","33","7808368"
"JH378118","30986892","30987198","chr5","8632743","8633050","40","22354149"
"JH378118","30995403","30995700","chr2","34891557","34891863","43","3896154"
"JH378118","31326423","31326715","chr29","11133710","11134008","37","20192713"
"JH378118","31371113","31371361","chr16","65341402","65341647","41","33970289"
"JH378118","31410507","31410802","chr19","22892545","22892830","43","8517962"
"JH378118","31453528","31453833","chr13","74228181","74228481","41","42774653"
"JH378118","31471480","31471580","chr22","82220107","82220203","11","50748627"
"JH378118","31505394","31505697","chr15","89070427","89070731","48","57565033"
"JH378118","31510003","31510303","chr14","22799686","22799991","41","8710317"
"JH378118","31519123","31519432","chr6","16598509","16598818","31","14920614"
"JH378118","31556654","31556927","chr1","9765275","9765547","38","21791379"
"JH378118","31558815","31559102","chr18","58296276","58296560","41","26737461"
"JH378118","31636783","31637044","chr4","87728103","87728358","44","56091320"
"JH378118","31660430","31660741","chrX","62513903","62514213","35","30853473"
"JH378118","31687110","31687405","chr12","10064948","10065242","26","21622162"
"JH378118","31717555","31717853","chr5","2273487","2273788","33","29444068"
"JH378118","31777110","31777415","chr5","42000847","42001154","34","10223737"
"JH378118","31788463","31788759","chr12","10064948","10065242","33","21723515"
"JH378118","31796172","31796475","chr18","60673223","60673524","35","28877051"
"JH378118","31854048","31854338","chr20","123283890","123284185","37","91429842"
"JH378118","31855409","31855700","chr12","10064948","10065242","39","21790461"
"JH378118","31859157","31859403","chr17","58200635","58200879","43","26341478"
"JH378118","31933220","31933516","chr3","9525767","9526055","39","22407453"
"JH378118","32142830","32143140","chr23","44247755","44248062","30","12104925"
"JH378118","32164464","32164769","chr24","81526980","81527277","42","49362516"
"JH378118","32194674","32194976","chr20","124607646","124607951","40","92412972"
"JH378118","32247928","32248039","chr15","53595698","53595816","20","21347770"
"JH378118","32306106","32306410","chr12","10064948","10065242","28","22241158"
"JH378118","32342664","32342972","chr6","15953108","15953417","39","16389556"
"JH378118","32384089","32384359","chr24","76614329","76614607","48","44230240"
"JH378118","32419529","32419819","chr9","90943231","90943523","36","58523702"
"JH378118","32525282","32525587","chr21","13830726","13831028","32","18694556"
"JH378118","32545952","32546197","chr5","36485418","36485657","39","3939466"
"JH378118","32590106","32590410","chr21","96520058","96520357","49","63929952"
"JH378118","32661700","32661952","chr23","27842421","27842672","30","4819279"
"JH378118","32666009","32666317","chr2","58045145","58045453","32","25379136"
"JH378118","32674914","32675223","chr22","16005168","16005472","41","16669746"
"JH378118","32679520","32679796","chr9","114015180","114015455","34","81335660"
"JH378118","32686157","32686451","chr2","57111387","57111678","34","24425230"
"JH378118","32688216","32688528","chr14","70652150","70652458","50","37963934"
"JH378118","32700033","32700340","chr26","38024857","38025165","35","5324824"
"JH378118","32718154","32718444","chr21","74368618","74368909","39","41650464"
"JH378118","32720536","32720620","chr16","4405728","4405812","6","28314808"
"JH378118","32729334","32729639","chr16","14358940","14359244","31","18370394"
"JH378118","32745200","32745295","chr22","82220107","82220203","5","49474907"
"JH378118","32766733","32767022","chr26","38637329","38637616","37","5870596"
"JH378118","32778629","32778922","chr12","10064948","10065242","32","22713681"
"JH378118","32782121","32782402","chr22","11237891","11238177","37","21544230"
"JH378118","32790148","32790437","chr1","121610285","121610574","35","88820137"
"JH378118","32800218","32800511","chr24","56298441","56298733","30","23498223"
"JH378118","32806122","32806409","chr2","250066","250354","43","32556056"
"JH378118","32810058","32810352","chr6","40957719","40958012","31","8147661"
"JH378118","32813091","32813388","chr13","65577132","65577425","29","32764041"
"JH378118","32814703","32815015","chr5","2273487","2273788","49","30541216"
"JH378118","32840896","32841209","chr1","104145192","104145500","40","71304296"
"JH378118","32865740","32866007","chr23","40954889","40955159","53","8089149"
"JH378118","32876168","32876324","chr1","63021934","63022098","30","30145766"
"JH378118","32881984","32882213","chr20","92882451","92882681","27","60000467"
"JH378118","32891547","32891848","chr22","47793370","47793666","41","14901823"
"JH378118","32934223","32934307","chr12","7441397","7441481","7","25492826"
"JH378118","32960519","32960813","chr11","42115371","42115662","39","9154852"
"JH378118","32963276","32963585","chr16","2999161","2999470","43","29964115"
"JH378118","32973982","32974274","chr13","65577132","65577425","34","32603150"
"JH378118","32991992","32992283","chr9","90943231","90943523","26","57951239"
"JH378118","32993484","32993778","chr12","10064948","10065242","27","22928536"
"JH378118","32993812","32994121","chr12","10064948","10065242","36","22928864"
"JH378118","32997270","32997569","chr12","10064948","10065242","22","22932322"
"JH378118","33016024","33016319","chr3","4637331","4637623","37","28378693"
"JH378118","33018148","33018444","chr2","20242750","20243052","37","12775398"
"JH378118","33041854","33042136","chr20","74069243","74069522","37","41027389"
"JH378118","33074700","33074912","chr25","73647297","73647508","28","40572597"
"JH378118","33092775","33093074","chr12","10064948","10065242","25","23027827"
"JH378118","33162907","33163030","chr1","8688937","8689061","12","24473970"
"JH378118","33164890","33164989","chr22","82220107","82220203","10","49055217"
"JH378118","33166264","33166582","chr2","34891557","34891863","36","1725293"
"JH378118","33189923","33190208","chr16","42923722","42924007","43","9733799"
"JH378118","33287614","33287708","chr22","82220107","82220203","9","48932493"
"JH378118","33304905","33305203","chr12","10064948","10065242","28","23239957"
"JH378118","33321373","33321682","chr2","22390377","22390668","47","10930996"
"JH378118","33328807","33329094","chr2","35931939","35932239","51","2603132"
"JH378118","33384982","33385283","chr12","10064948","10065242","27","23320034"
"JH378118","33401371","33401623","chr16","5798617","5798859","37","27602754"
"JH378118","33415844","33416119","chr20","80564542","80564813","32","47148698"
"JH378118","33437408","33437702","chr13","65577132","65577425","29","32139724"
"JH378118","33474771","33475070","chr1","103415790","103416081","38","69941019"
"JH378118","33502660","33502789","chr16","4500752","4500881","12","29001908"
"JH378118","33555456","33555773","chr10","89459842","89460157","46","55904386"
"JH378118","33559211","33559430","chr13","7317370","7317589","37","26241841"
"JH378118","33568895","33568982","chr3","65349691","65349782","12","31780796"
"JH378118","33573751","33574037","chr15","17839771","17840058","41","15733980"
"JH378118","33580092","33580310","chr22","6719548","6719763","26","26860544"
"JH378118","33590088","33590397","chr10","88177543","88177855","36","54587455"
"JH378118","33590506","33590806","chr8","55112604","55112890","48","21522098"
"JH378118","33596518","33596647","chr1","97802296","97802426","12","64205778"
"JH378118","33609700","33609815","chr13","61112232","61112346","13","27502532"
"JH378118","33612794","33612871","chr1","22078573","22078650","9","11534221"
"JH378118","33627386","33627677","chr11","107153610","107153896","30","73526224"
"JH378118","33641100","33641190","chr3","65349691","65349782","12","31708591"
"JH378118","33687481","33687788","chr5","2273487","2273788","30","31413994"
"JH378118","33699275","33699364","chr3","65349691","65349782","12","31650416"
"JH378118","33710830","33711104","chr11","115292126","115292409","43","81581296"
"JH378118","33717556","33717868","chr11","115525233","115525542","34","81807677"
"JH378118","33743623","33743753","chr3","91348390","91348521","11","57604767"
"JH378118","33744207","33744278","chr26","1495070","1495140","16","32249137"
"JH378118","33770686","33770968","chr15","57939854","57940135","31","24169168"
"JH378118","33795747","33796039","chr10","55161197","55161486","41","21365450"
"JH378118","33860877","33861007","chr16","4500752","4500881","12","29360125"
"JH378118","33888819","33888918","chr22","82220107","82220203","10","48331288"
"JH378118","33890476","33890587","chr6","1067449","1067558","15","32823027"
"JH378118","33901227","33901510","chr28","9359301","9359592","41","24541926"
"JH378118","33913617","33913930","chr1","65504304","65504612","36","31590687"
"JH378118","33958143","33958277","chr19","5294457","5294586","15","28663686"
"JH378118","33981462","33981595","chr3","91348390","91348521","15","57366928"
"JH378118","34198120","34198427","chr6","47185187","47185490","37","12987067"
"JH378118","34229095","34229400","chr1","103415790","103416081","38","69186695"
"JH378118","34233397","34233679","chr6","16578014","16578293","42","17655383"
"JH378118","34344453","34344756","chr8","94667632","94667918","53","60323179"
"JH378118","34351139","34351384","chr17","29960106","29960356","34","4391033"
"JH378118","34370818","34371116","chrX","23977849","23978143","37","10392969"
"JH378118","34381696","34381978","chr14","41748186","41748475","46","7366490"
"JH378118","34383283","34383579","chr1","50373457","50373747","39","15990174"
"JH378118","34406060","34406360","chr12","10064948","10065242","35","24341112"
"JH378118","34428322","34428620","chr12","10064948","10065242","30","24363374"
"JH378118","34500937","34501229","chr23","27069668","27069962","37","7431269"
"JH378118","34520770","34520991","chr13","7317370","7317589","28","27203400"
"JH378118","34521092","34521346","chr16","65341402","65341647","34","30820310"
"JH378118","34523380","34523676","chr10","8909912","8910203","39","25613468"
"JH378118","34552338","34552636","chr24","11323049","11323346","37","23229289"
"JH378118","34590000","34590293","chr12","10064948","10065242","31","24525052"
"JH378118","34595234","34595295","chr16","17636599","17636660","13","16958635"
"JH378118","34658870","34659077","chr2","41986599","41986802","25","7327729"
"JH378118","34659214","34659298","chr7","10960175","10960263","17","23699039"
"JH378118","34664201","34664491","chr28_KE148105v1_random","309394","309684","45","34354807"
"JH378118","34708734","34708982","chr20","33212853","33213091","36","1495881"
"JH378118","34717899","34718190","chr24","31791587","31791877","36","2926312"
"JH378118","34752469","34752775","chr8","40235864","40236161","44","5483395"
"JH378118","34772550","34772801","chr2","38469015","38469263","39","3696465"
"JH378118","34835799","34836105","chrX","114744806","114745112","43","79909007"
"JH378118","34892418","34892730","chr17","35258575","35258878","36","366157"
"JH378118","34924293","34924594","chr10","47669467","47669767","39","12745174"
"JH378118","34962923","34963234","chr17","35258575","35258878","42","295652"
"JH378118","35005221","35005520","chr5","43809000","43809295","43","8803779"
"JH378118","35049631","35049941","chr1","12475254","12475562","36","22574377"
"JH378118","35113703","35114024","chr1","24768752","24769058","47","10344951"
"JH378118","35266264","35266491","chr10","39070013","39070233","37","3803749"
"JH378118","35287260","35287396","chr26","6591504","6591639","14","28695756"
"JH378118","35343603","35343912","chr4","35993041","35993346","41","649438"
"JH378118","35349604","35349894","chr4","36443988","36444270","50","1094384"
"JH378118","35353598","35353710","chr9","113030266","113030377","15","77676668"
"JH378118","35383407","35383710","chr12","6781553","6781865","81","28601854"
"JH378118","35408335","35408620","chr15","40802197","40802483","33","5393862"
"JH378118","35419865","35419995","chr3","91348390","91348521","12","55928525"
"JH378118","35475181","35475309","chr3","92101699","92101829","14","56626518"
"JH378118","35485760","35486073","chr13","84743392","84743699","37","49257632"
"JH378118","35529846","35529936","chr3","65349691","65349782","8","29819845"
"JH378118","35560859","35560979","chr15","90834689","90834810","12","55273830"
"JH378118","35575425","35575570","chr17","47733511","47733658","17","12158086"
"JH378118","35584620","35584760","chr3","90669571","90669712","13","55084951"
"JH378118","35588057","35588201","chr6","7229588","7229731","18","28358469"
"JH378118","35595984","35596299","chr11","115525233","115525542","40","79929249"
"JH378118","35598682","35598982","chr12","10064948","10065242","31","25533734"
"JH378118","35633250","35633536","chr24","47719727","47720023","51","12086477"
"JH378118","35643881","35644011","chr20","20852752","20852882","12","14791129"
"JH378118","35649318","35649395","chr13","63031813","63031889","11","27382495"
"JH378118","35651317","35651455","chr23","56978905","56979044","17","21327588"
"JH378118","35666894","35667148","chr23","36968203","36968460","47","1301309"
"JH378118","35669319","35669393","chr13","63031813","63031889","11","27362494"
"JH378118","35670592","35670705","chr13","61112232","61112346","15","25441640"
"JH378118","35684045","35684167","chr15","90834689","90834810","11","55150644"
"JH378118","35689431","35689521","chr3","65349691","65349782","12","29660260"
"JH378118","35704628","35704918","chr18","62480022","62480312","37","26775394"
"JH378118","35704996","35705302","chr1","68219231","68219530","39","32514235"
"JH378118","35706305","35706415","chr6","1067449","1067558","10","34638856"
"JH378118","35719533","35719817","chr1","65294853","65295136","38","29575320"
"JH378118","35727557","35727872","chr1","65504304","65504612","34","29776747"
"JH378118","35755020","35755329","chr1","108565860","108566161","35","72810840"
"JH378118","35760710","35761027","chr8","26352201","26352513","40","9408509"
"JH378118","35781592","35781817","chr1","18917526","18917747","45","16864066"
"JH378118","35788663","35788975","chr18","56208944","56209251","34","20420281"
"JH378118","35793091","35793379","chr6","38437831","38438120","39","2644740"
"JH378118","35867394","35867701","chr5","2273487","2273788","35","33593907"
"JH378118","35879965","35880287","chr5","58458905","58459214","48","22578940"
"JH378118","35907758","35908066","chr19","19101096","19101404","37","16806662"
"JH378118","35925689","35925970","chrX","29936084","29936366","42","5989605"
"JH378118","35942398","35942463","chr3","90465528","90465591","16","54523130"
"JH378118","36085656","36085916","chr21","10780465","10780722","37","25305191"
"JH378118","36093280","36093588","chr11","115525233","115525542","32","79431953"
"JH378118","36145656","36145997","chr2","21278006","21278325","64","14867650"
"JH378118","36270665","36270963","chr1","103415790","103416081","29","67145125"
"JH378118","36280197","36280516","chr20","99538718","99539034","40","63258521"
"JH378118","36335512","36335807","chr12","10064948","10065242","24","26270564"
"JH378118","36428040","36428211","chr10","90852317","90852487","26","54424277"
"JH378118","36433128","36433427","chr9","81056861","81057162","33","44623733"
"JH378118","36454896","36455187","chr6","38437831","38438120","27","1982935"
"JH378118","36460866","36461135","chr17","69389035","69389312","42","32928169"
"JH378118","36467265","36467567","chr12","10064948","10065242","40","26402317"
"JH378118","36498940","36499235","chr12","28523789","28524082","33","7975151"
"JH378118","36501909","36502190","chr21","102480056","102480324","44","65978147"
"JH378118","36504119","36504428","chr1","65504304","65504612","32","29000185"
"JH378118","36531879","36532176","chr1","47766353","47766648","37","11234474"
"JH378118","36640820","36641118","chr16","4531444","4531743","36","32109376"
"JH378118","36735016","36735322","chr1","93361306","93361613","40","56626290"
"JH378118","36750548","36750801","chr27","37334117","37334370","35","583569"
"JH378118","36769668","36769990","chr11","88796866","88797188","49","52027198"
"JH378118","36825346","36825641","chr6","23579903","23580200","52","13245443"
"JH378118","36827426","36827723","chr1","19002101","19002396","36","17825325"
"JH378118","36839091","36839375","chr5","20366749","20367033","46","16472342"
"JH378118","36840332","36840610","chr12","18835626","18835904","36","18004706"
"JH378118","36869832","36870130","chr18","66189352","66189642","29","29319520"
"JH378118","36873451","36873737","chr28","13556614","13556903","43","23316837"
"JH378118","36938712","36939004","chr12","10064948","10065242","28","26873764"
"JH378118","36951199","36951333","chr26","6591504","6591639","13","30359695"
"JH378118","37051185","37051483","chrX","468680","468977","24","36582505"
"JH378118","37054630","37054921","chr7","100037094","100037378","44","62982464"
"JH378118","37067837","37068050","chr11","45536523","45536736","31","8468686"
"JH378118","37072297","37072431","chr11","128198219","128198344","25","91125922"
"JH378118","37097950","37098049","chr13","42116553","42116656","18","5018603"
"JH378118","37183726","37184015","chr10","100050803","100051085","35","62867077"
"JH378119","4325086","4325380","chr9","81056861","81057162","43","76731775"
"JH378119","8257303","8257595","chr5","18957272","18957569","44","10699969"
"JH378119","24370","24697","chr20","89561089","89561394","54","89536719"
"JH378119","47927","48236","chr8","114583053","114583349","53","114535126"
"JH378119","57281","57579","chr13","65577132","65577425","39","65519851"
"JH378119","108322","108630","chr20","85624325","85624630","39","85516003"
"JH378119","135542","135813","chr12","47922978","47923237","42","47787436"
"JH378119","143349","143640","chr23","73077881","73078169","31","72934532"
"JH378119","204634","204935","chr12","6781553","6781865","91","6576919"
"JH378119","232765","233074","chr1","65504304","65504612","32","65271539"
"JH378119","248888","249172","chr21","109767392","109767671","42","109518504"
"JH378119","255181","255289","chr6","1067449","1067558","12","812268"
"JH378119","267610","267905","chr8","20434231","20434523","40","20166621"
"JH378119","272831","273128","chr8","39735187","39735483","33","39462356"
"JH378119","276535","276823","chrX","22075293","22075574","44","21798758"
"JH378119","280715","280851","chr13","82608578","82608713","16","82327863"
"JH378119","332866","333177","chr1","66807483","66807786","53","66474617"
"JH378119","358593","358808","chr13","7317370","7317589","27","6958777"
"JH378119","365869","366015","chr1","93539244","93539398","25","93173375"
"JH378119","369825","370117","chr18","62480022","62480312","32","62110197"
"JH378119","370630","370712","chr5","67880800","67880883","6","67510170"
"JH378119","372794","372920","chr3","26755766","26755899","26","26382972"
"JH378119","383643","383685","chr2","20629238","20629281","8","20245595"
"JH378119","411829","412113","chr12","18835626","18835904","36","18423797"
"JH378119","466927","467219","chr9","71188923","71189219","31","70721996"
"JH378119","468236","468545","chr2","34891557","34891863","37","34423321"
"JH378119","489216","489473","chr7","50123709","50123964","30","49634493"
"JH378119","509703","509852","chr9","59130238","59130387","14","58620535"
"JH378119","538151","538449","chr12","10064948","10065242","29","9526797"
"JH378119","543234","543532","chr9","71188923","71189219","38","70645689"
"JH378119","561326","561586","chr11","18159873","18160122","38","17598547"
"JH378119","563465","563806","chr14","46171515","46171849","42","45608050"
"JH378119","589290","589519","chr12","20341826","20342056","55","19752536"
"JH378119","591500","591804","chr12","94431712","94432016","40","93840212"
"JH378119","641639","641930","chr8","94667632","94667918","35","94025993"
"JH378119","648252","648547","chr15","12031507","12031804","37","11383255"
"JH378119","665641","665944","chr16","33182065","33182368","44","32516424"
"JH378119","733323","733612","chr16","9673447","9673744","41","8940124"
"JH378119","740868","741176","chr5","2273487","2273788","33","1532619"
"JH378119","901889","902211","chr24","6651991","6652301","53","5750102"
"JH378119","905297","905548","chr5","25663149","25663404","40","24757852"
"JH378119","908434","908734","chr13","65577132","65577425","36","64668698"
"JH378119","925763","926053","chr14","80284365","80284655","43","79358602"
"JH378119","926861","927163","chr12","60432247","60432540","40","59505386"
"JH378119","964887","965189","chrX","26639649","26639945","44","25674762"
"JH378119","1016997","1017290","chr9","112522290","112522580","35","111505293"
"JH378119","1193192","1193483","chr20","107928137","107928428","34","106734945"
"JH378119","1309210","1309500","chr10","8909912","8910203","36","7600702"
"JH378119","1337475","1337785","chr12","27315202","27315510","40","25977727"
"JH378119","1363262","1363570","chr17","34547332","34547638","48","33184070"
"JH378119","1565351","1565653","chr20","106884868","106885166","43","105319517"
"JH378119","1602729","1602825","chr22","82220107","82220203","8","80617378"
"JH378119","1697841","1698162","chr6","14858513","14858821","55","13160672"
"JH378119","1699864","1699994","chr3","91348390","91348521","11","89648526"
"JH378119","1725553","1725858","chr5","2273487","2273788","31","547934"
"JH378119","1748924","1749210","chr3","9292150","9292431","50","7543226"
"JH378119","1784917","1785219","chr7","37159294","37159601","47","35374377"
"JH378119","1885720","1885996","chr28","8665513","8665780","41","6779793"
"JH378119","1890838","1891139","chrX","125302543","125302844","43","123411705"
"JH378119","1906786","1906948","chr20","65597447","65597611","26","63690661"
"JH378119","2054075","2054219","chr6","7229588","7229731","14","5175513"
"JH378119","2131975","2132245","chr9","114747132","114747403","35","112615157"
"JH378119","2238996","2239065","chr25","80842336","80842405","7","78603340"
"JH378119","2239343","2239558","chr8","39777061","39777253","58","37537718"
"JH378119","2315960","2316126","chr2","4697570","4697737","27","2381610"
"JH378119","2367152","2367350","chr19","5789211","5789406","34","3422059"
"JH378119","2375929","2376198","chr1","93328858","93329129","34","90952929"
"JH378119","2389578","2389851","chr7","86776983","86777262","59","84387405"
"JH378119","2423521","2423640","chr6","44144914","44145033","8","41721393"
"JH378119","2430219","2430341","chr15","90834689","90834810","14","88404470"
"JH378119","2517961","2518257","chr26","18977354","18977652","48","16459393"
"JH378119","2597992","2598292","chr7","99172603","99172901","37","96574611"
"JH378119","2608602","2608884","chr20","108653796","108654082","45","106045194"
"JH378119","2618256","2618562","chr17","58563234","58563537","39","55944978"
"JH378119","2654030","2654326","chr24","1147887","1148184","30","1506143"
"JH378119","2661621","2661917","chr9","56054568","56054867","45","53392947"
"JH378119","2686777","2687056","chr5","42662951","42663235","43","39976174"
"JH378119","2693881","2694175","chr9","56910898","56911189","41","54217017"
"JH378119","2724625","2724923","chr4","62222786","62223086","38","59498161"
"JH378119","2779635","2779935","chr21","22838763","22839060","30","20059128"
"JH378119","2780652","2780934","chr6","2768739","2769024","36","11913"
"JH378119","2802020","2802328","chr16","30398852","30399159","30","27596832"
"JH378119","2808671","2808975","chr1","108565860","108566161","36","105757189"
"JH378119","2812574","2812810","chr3","75097634","75097872","33","72285060"
"JH378119","2867150","2867457","chr5","2273487","2273788","33","593663"
"JH378119","2893325","2893596","chr21","71680175","71680449","33","68786850"
"JH378119","2898473","2898772","chr11","115986672","115986964","36","113088199"
"JH378119","3003007","3003319","chr2","34891557","34891863","33","31888550"
"JH378119","3092405","3092669","chr16","25914638","25914900","33","22822233"
"JH378119","3114593","3114891","chr8","1916519","1916819","42","1198074"
"JH378119","3127310","3127607","chr12","10064948","10065242","35","6937638"
"JH378119","3286200","3286475","chr7","133549380","133549654","38","130263180"
"JH378119","3301744","3302013","chr16","23303402","23303677","36","20001658"
"JH378119","3315260","3315410","chr1","110600953","110601102","18","107285693"
"JH378119","3317842","3318155","chr11","99073611","99073919","34","95755769"
"JH378119","3363476","3363769","chr20","121618255","121618545","32","118254779"
"JH378119","3395231","3395554","chr10","12006602","12006915","46","8611371"
"JH378119","3399554","3399856","chr7","99172603","99172901","32","95773049"
"JH378119","3448849","3449134","chr15","53507240","53507516","45","50058391"
"JH378119","3507315","3507618","chr20","107972036","107972343","34","104464721"
"JH378119","3525779","3526080","chr1","53048749","53049051","39","49522970"
"JH378119","3528094","3528386","chr15","5114677","5114969","44","1586583"
"JH378119","3562010","3562140","chr16","31737705","31737835","11","28175695"
"JH378119","3590974","3591121","chr9","38192622","38192768","16","34601648"
"JH378119","3601385","3601474","chr3","65349691","65349782","12","61748306"
"JH378119","3602033","3602163","chr3","91348390","91348521","13","87746357"
"JH378119","3652821","3653131","chr1","108565860","108566161","37","104913039"
"JH378119","3725632","3725934","chr14","75577127","75577428","37","71851495"
"JH378119","3740411","3740716","chr1","68219231","68219530","48","64478820"
"JH378119","3812243","3812534","chr14","79801787","79802070","51","75989544"
"JH378119","3823364","3823661","chr13","34251202","34251484","52","30427838"
"JH378119","3875635","3875929","chr12","10064948","10065242","21","6189313"
"JH378119","4055897","4056187","chr8","52344592","52344885","41","48288695"
"JH378119","4071071","4071328","chr8","16250981","16251236","38","12179910"
"JH378119","4074167","4074469","chr9","81056861","81057162","43","76982694"
"JH378119","4079647","4079949","chr3","75030450","75030748","45","70950803"
"JH378119","4087566","4087705","chr1","92359592","92359731","28","88272026"
"JH378119","4087807","4087897","chr10","124866541","124866629","11","120778734"
"JH378119","4092467","4092786","chr3","64213033","64213344","52","60120566"
"JH378119","4113381","4113704","chr11","49460417","49460730","63","45347036"
"JH378119","4286550","4286853","chr19","18383422","18383722","36","14096872"
"JH378119","4410987","4411246","chr20","8554893","8555178","53","4143906"
"JH378119","4515124","4515426","chr9","43667713","43668013","44","39152589"
"JH378119","4569904","4570139","chr26","14438107","14438343","32","9868203"
"JH378119","4711837","4712069","chr20","100953849","100954075","41","96242012"
"JH378119","4764065","4764373","chr18","56208944","56209251","36","51444879"
"JH378119","4770603","4770905","chr6","29168940","29169240","42","24398337"
"JH378119","4788575","4788861","chr7","87348687","87348960","54","82560112"
"JH378119","4813927","4814230","chr13","65577132","65577425","30","60763205"
"JH378119","4894847","4895144","chr27","9011251","9011540","65","4116404"
"JH378119","4925871","4926191","chr11","94011252","94011564","47","89085381"
"JH378119","4927070","4927375","chr2","5119768","5120064","38","192698"
"JH378119","5026715","5026821","chr17","40217264","40217370","10","35190549"
"JH378119","5064980","5065282","chr12","18922571","18922865","38","13857591"
"JH378119","5140000","5140309","chr11","115525233","115525542","33","110385233"
"JH378119","5193664","5193966","chr11","120207458","120207761","39","115013794"
"JH378119","5209485","5209769","chr1","121399104","121399383","50","116189619"
"JH378119","5211223","5211522","chr1","103050659","103050957","39","97839436"
"JH378119","5243107","5243182","chr13","63031813","63031889","8","57788706"
"JH378119","5298018","5298319","chr10","127201999","127202278","56","121903981"
"JH378119","5311815","5312094","chrX","13548339","13548610","30","8236524"
"JH378119","5316877","5317172","chr13","65577132","65577425","33","60260255"
"JH378119","5323811","5324109","chr11","46412480","46412774","38","41088669"
"JH378119","5329081","5329359","chr1","74982179","74982460","43","69653098"
"JH378119","5334958","5335267","chr14","27700149","27700448","42","22365191"
"JH378119","5346548","5346840","chr6","30540703","30540993","40","25194155"
"JH378119","5380057","5380358","chr11","58110010","58110310","34","52729953"
"JH378119","5387803","5388110","chr14","75577127","75577428","38","70189324"
"JH378119","5428311","5428597","chr15","40802197","40802483","31","35373886"
"JH378119","5428733","5428817","chr15","52389686","52389774","23","46960953"
"JH378119","5488913","5489219","chr5","2273487","2273788","37","3215426"
"JH378119","5495228","5495536","chr9","63581525","63581830","34","58086297"
"JH378119","5496979","5497193","chr4","14257616","14257822","39","8760637"
"JH378119","5558593","5558866","chr1","9765275","9765547","36","4206682"
"JH378119","5564185","5564473","chr22","40622609","40622898","35","35058424"
"JH378119","5566524","5566833","chr12","74217361","74217667","33","68650837"
"JH378119","5579544","5579844","chr5","13853354","13853652","41","8273810"
"JH378119","5592099","5592378","chr28","19249070","19249347","52","13656971"
"JH378119","5612002","5612287","chr12","6781553","6781865","82","1169551"
"JH378119","5659520","5659820","chr14","38813996","38814293","36","33154476"
"JH378119","5675050","5675372","chr1","65504304","65504612","43","59829254"
"JH378119","5685488","5685794","chr26","9300679","9300984","47","3615191"
"JH378119","5750895","5751172","chrX","72080616","72080892","33","66329721"
"JH378119","5818127","5818329","chr14","14990118","14990325","32","9171991"
"JH378119","5862702","5863023","chr20","99538718","99539034","43","93676016"
"JH378119","5900001","5900310","chr28","13557476","13557782","35","7657475"
"JH378119","5914327","5914635","chr27","25506578","25506885","42","19592251"
"JH378119","5922027","5922337","chr3","22013697","22014006","39","16091670"
"JH378119","5923954","5924211","chr5","26756445","26756721","45","20832491"
"JH378119","5924583","5924892","chr1","65504304","65504612","35","59579721"
"JH378119","5961656","5961742","chr16","4405728","4405812","8","1555928"
"JH378119","5961969","5962264","chr16","18710057","18710354","49","12748088"
"JH378119","6026235","6026534","chr12","10064948","10065242","29","4038713"
"JH378119","6031608","6031711","chrX","2017984","2018087","9","4013624"
"JH378119","6038345","6038616","chr24","62151870","62152146","44","56113525"
"JH378119","6049729","6049856","chr9","86370457","86370587","28","80320728"
"JH378119","6065811","6065961","chr9","59130238","59130387","14","53064427"
"JH378119","6074197","6074370","chr15","11399916","11400085","45","5325719"
"JH378119","6078871","6079167","chr21","25123896","25124189","37","19045025"
"JH378119","6080110","6080221","chr6","1067449","1067558","10","5012661"
"JH378119","6087381","6087643","chr20","20049923","20050167","40","13962542"
"JH378119","6099675","6099956","chr10","93256104","93256376","52","87156429"
"JH378119","6127075","6127365","chr19","9617472","9617762","41","3490397"
"JH378119","6227205","6227486","chr6","31033848","31034135","51","24806643"
"JH378119","6261393","6261703","chrX","44203681","44203989","30","37942288"
"JH378119","6266954","6267257","chr2","34891557","34891863","47","28624603"
"JH378119","6310164","6310472","chr1","2872653","2872961","41","3437511"
"JH378119","6323625","6323898","chr20","12720379","12720651","41","6396754"
"JH378119","6403687","6404000","chr7","20190522","20190828","53","13786835"
"JH378119","6411889","6412197","chr5","56921180","56921483","34","50509291"
"JH378119","6444421","6444732","chr9","108198695","108199002","43","101754274"
"JH378119","6453232","6453506","chr1","108265208","108265479","39","101811976"
"JH378119","6624756","6624863","chr12","53065987","53066095","12","46441231"
"JH378119","6641722","6642012","chr13","65577132","65577425","38","58935410"
"JH378119","6675190","6675485","chr24","80987817","80988115","44","74312627"
"JH378119","6688316","6688585","chr16","58425585","58425837","37","51737269"
"JH378119","6689505","6689806","chr6","23579903","23580200","42","16890398"
"JH378119","6862676","6862991","chr12","74217361","74217667","42","67354685"
"JH378119","6887090","6887378","chr12","10064948","10065242","40","3177858"
"JH378119","6912678","6912986","chr11","115525233","115525542","41","108612555"
"JH378119","6998281","6998495","chr26","38617987","38618194","29","31619706"
"JH378119","7026255","7026330","chr13","63031813","63031889","8","56005558"
"JH378119","7051408","7051711","chr14","22799686","22799991","37","15748278"
"JH378119","7089433","7089739","chr11","115525233","115525542","37","108435800"
"JH378119","7093494","7093792","chrX","468680","468977","39","6624814"
"JH378119","7099053","7099355","chr29","8289755","8290055","32","1190702"
"JH378119","7114260","7114539","chr9","114015180","114015455","36","106900920"
"JH378119","7159854","7160132","chr17","53020197","53020476","42","45860343"
"JH378119","7177775","7177871","chr22","82220107","82220203","7","75042332"
"JH378119","7193207","7193477","chr14","82309362","82309629","41","75116155"
"JH378119","7210636","7210944","chr11","117737181","117737478","41","110526545"
"JH378119","7240042","7240263","chr24","70491696","70491919","27","63251654"
"JH378119","7258363","7258508","chr22","87450041","87450185","14","80191678"
"JH378119","7259475","7259621","chr17","47733511","47733658","19","40474036"
"JH378119","7266735","7267035","chr20_KE148049v1_random","535731","536028","30","6731004"
"JH378119","7280900","7281133","chr9","12794063","12794303","45","5513163"
"JH378119","7294849","7295157","chr11","115525233","115525542","32","108230384"
"JH378119","7322794","7323078","chr9","96314869","96315163","50","88992075"
"JH378119","7437107","7437429","chr8","39162872","39163180","50","31725765"
"JH378119","7463735","7464035","chr12","6781553","6781865","66","682182"
"JH378119","7482440","7482593","chr1","8512095","8512250","33","1029655"
"JH378119","7493280","7493562","chr2","27647061","27647339","42","20153781"
"JH378119","7546187","7546495","chr26","16008721","16009029","35","8462534"
"JH378119","7567488","7567803","chr23","42208831","42209135","46","34641343"
"JH378119","7780249","7780556","chr11","20333718","20334026","31","12553469"
"JH378119","7786788","7787089","chr2","20242750","20243052","45","12455962"
"JH378119","7788419","7788723","chr20","87404408","87404710","36","79615989"
"JH378119","7794170","7794460","chr10","8909912","8910203","37","1115742"
"JH378119","7822732","7823036","chr12","10064948","10065242","33","2242216"
"JH378119","7847766","7848075","chr3","29967257","29967552","39","22119491"
"JH378119","7899882","7900171","chr9","68468865","68469160","48","60568983"
"JH378119","7965867","7966173","chr4","88788880","88789184","38","80823013"
"JH378119","7982957","7983255","chr8","66644262","66644564","36","58661305"
"JH378119","8006910","8007205","chr11","4350721","4351023","42","3656189"
"JH378119","8014525","8014655","chr20","20852752","20852882","16","12838227"
"JH378119","8077409","8077712","chr10","118597337","118597632","44","110519928"
"JH378119","8108500","8108785","chr12","103110602","103110890","45","95002102"
"JH378119","8122030","8122326","chrX","23977849","23978143","34","15855819"
"JH378119","8149830","8150140","chr2","34891557","34891863","30","26741727"
"JH378119","8202561","8202707","chr19","1626119","1626265","22","6576442"
"JH378119","8202909","8203047","chrUn_AQIB01158758v1","1","132","21","8202908"
"JH378119","8357722","8357890","chr20","104409263","104409426","28","96051541"
"JH378119","8437088","8437171","chr16","6773247","6773332","18","1663841"
"JH378119","8655964","8656259","chr12","10064948","10065242","23","1408984"
"JH378119","8705370","8705499","chr16","4500752","4500881","18","4204618"
"JH378119","8707372","8707626","chr22","88832832","88833087","32","80125460"
"JH378119","8719863","8720160","chr13","85708397","85708693","54","76988534"
"JH378119","8762349","8762650","chr1","103415790","103416081","42","94653441"
"JH378119","8801785","8802077","chr2","89315677","89315967","35","80513892"
"JH378119","8826178","8826290","chr6","1067449","1067558","11","7758729"
"JH378119","8854316","8854449","chr14","98512734","98512870","21","89658418"
"JH378119","8932453","8932724","chr9","114747132","114747403","37","105814679"
"JH378119","8962166","8962431","chr6","16578014","16578293","55","7615848"
"JH378119","8963475","8963716","chr1","99776641","99776877","42","90813166"
"JH378119","8977227","8977518","chr5","59378793","59379083","40","50401566"
"JH378119","9041082","9041163","chr16","4405728","4405812","9","4635354"
"JH378119","9200679","9200954","chr14","64992514","64992789","43","55791835"
"JH378119","9221028","9221327","chr8","62578686","62578983","43","53357658"
"JH378119","9236802","9236898","chr22","82220107","82220203","10","72983305"
"JH378119","9300006","9300101","chr15","39050206","39050292","20","29750200"
"JH378119","9313500","9313793","chrX","119965831","119966113","51","110652331"
"JH378119","9339336","9339654","chr11","31662721","31663031","45","22323385"
"JH378119","9350040","9350340","chr9","96314869","96315163","32","86964829"
"JH378119","9451647","9451954","chr15","3702894","3703194","50","5748753"
"JH378119","9459545","9459798","chr12","32322594","32322842","41","22863049"
"JH378119","9460855","9461156","chr26","38042248","38042556","57","28581393"
"JH378119","9480937","9481066","chr3","91348390","91348521","11","81867453"
"JH378119","9579836","9579983","chr17","47733511","47733658","14","38153675"
"JH378119","9607091","9607373","chr21","33287053","33287331","40","23679962"
"JH378119","9614394","9614497","chr1","39939684","39939788","8","30325290"
"JH378119","9642454","9642553","chr22","82220107","82220203","10","72577653"
"JH378119","9648066","9648355","chr21","30727419","30727713","31","21079353"
"JH378119","9661178","9661484","chr5","2324242","2324550","30","7336936"
"JH378119","9722978","9723107","chr1","97802296","97802426","13","88079318"
"JH378119","9728166","9728462","chr8","38640628","38640921","43","28912462"
"JH378119","9750656","9750945","chr9","56377908","56378203","35","46627252"
"JH378119","9782821","9783110","chr6","38437831","38438120","33","28655010"
"JH378119","9800150","9800444","chrX","60987121","60987417","35","51186971"
"JH378119","9890625","9890930","chr17","61003714","61004013","56","51113089"
"JH378119","9929610","9929911","chr5","2273487","2273788","29","7656123"
"JH378119","9939419","9939648","chr7","97152314","97152538","34","87212895"
"JH378119","10012525","10012820","chr1","69274418","69274712","42","59261893"
"JH378119","10020174","10020259","chr22","82220107","82220203","16","72199933"
"JH378119","10099600","10099894","chr10","11035049","11035344","31","935449"
"JH378119","10115817","10116108","chr9","68468865","68469160","32","58353048"
"JH378119","10147864","10148177","chr14","22799686","22799991","36","12651822"
"JH378119","10155139","10155448","chr1","2872653","2872961","34","7282486"
"JH378119","10178439","10178659","chr2","60289734","60289960","45","50111295"
"JH378119","10198374","10198686","chr22","34065717","34066029","55","23867343"
"JH378119","10203325","10203590","chr4","71835264","71835534","51","61631939"
"JH378119","10212771","10213071","chr16","2999161","2999470","43","7213610"
"JH378119","10228183","10228494","chr5","20221828","20222136","37","9993645"
"JH378119","10251436","10251743","chr5","2273487","2273788","36","7977949"
"JH378119","10290102","10290338","chr26","14438107","14438343","31","4148005"
"JH378119","10294755","10295071","chr11","115525233","115525542","37","105230478"
"JH378119","10296462","10296760","chr12","10064948","10065242","22","231514"
"JH378119","10310455","10310757","chr25","18828195","18828491","38","8517740"
"JH378119","10330548","10330861","chr19","8146510","8146808","44","2184038"
"JH378119","10413403","10413711","chr1","2872653","2872961","35","7540750"
"JH378119","10419066","10419345","chr19","8146510","8146808","51","2272556"
"JH378119","10466322","10466615","chr12","5303669","5303965","44","5162653"
"JH378119","10471179","10471483","chr5","2273487","2273788","33","8197692"
"JH378119","10490590","10490765","chr17","1847860","1848034","24","8642730"
"JH378119","10501366","10501664","chr12","10064948","10065242","31","436418"
"JH378119","10517772","10518001","chr6","2372111","2372337","27","8145661"
"JH378119","10559860","10560148","chr9","123820285","123820575","35","113260425"
"JH378119","10594787","10595081","chr12","10064948","10065242","31","529839"
"JH378119","10614777","10615083","chr5","2273487","2273788","35","8341290"
"JH378119","10637356","10637656","chr23","57330398","57330697","39","46693042"
"JH378119","10679408","10679716","chr11","115525233","115525542","29","104845825"
"JH378119","10684259","10684561","chr9","40965529","40965830","43","30281270"
"JH378119","10688780","10689083","chr2","56143790","56144095","41","45455010"
"JH378119","10689352","10689650","chr18","5166611","5166907","41","5522741"
"JH378119","10714451","10714751","chr1","10803268","10803561","43","88817"
"JH378119","10716351","10716656","chr20","89561089","89561394","32","78844738"
"JH378119","10721761","10722060","chr12","33155868","33156173","38","22434107"
"JH378119","10736521","10736835","chr17","18616378","18616688","38","7879857"
"JH378119","10805363","10805666","chr5","2273487","2273788","30","8531876"
"JH378119","10814470","10814533","chr1","104514801","104514865","9","93700331"
"JH378119","10815275","10815423","chr15","57712545","57712693","21","46897270"
"JH378119","10821663","10821939","chr9","114015180","114015455","32","103193517"
"JH378119","10942322","10942618","chr26","26157512","26157808","42","15215190"
"JH378119","10957395","10957702","chr17","35258575","35258878","37","24301180"
"JH378119","10961179","10961464","chr9","12848067","12848359","45","1886888"
"JH378119","10968324","10968620","chr14","36991957","36992258","32","26023633"
"JH378119","10970336","10970630","chr15","81443631","81443929","43","70473295"
"JH378119","10984101","10984218","chr14","68595015","68595131","27","57610914"
"JH378119","10995919","10996217","chr5","26425551","26425855","37","15429632"
"JH378119","10998864","10999165","chrX","18278407","18278706","37","7279543"
"JH378119","11035713","11036005","chr1","68219231","68219530","35","57183518"
"JH378119","11044350","11044649","chr4","33570690","33570986","42","22526340"
"JH378119","11048817","11048916","chr22","82220107","82220203","8","71171290"
"JH378119","11058604","11058909","chr2","34891557","34891863","43","23832953"
"JH378119","11064086","11064319","chr3","1164767","1164996","38","9899319"
"JH378119","11095135","11095443","chr1","122100680","122100987","36","111005545"
"JH378119","11100805","11101086","chr25","75511414","75511696","35","64410609"
"JH378119","11107499","11107809","chr1","63740682","63740987","42","52633183"
"JH378119","11117766","11117865","chr22","82220107","82220203","7","71102341"
"JH378119","11122708","11122834","chr1","8688937","8689061","14","2433771"
"JH378119","11155140","11155246","chr1","62097932","62098038","12","50942792"
"JH378119","11170699","11170822","chr16","47028773","47028903","16","35858074"
"JH378119","11171981","11172111","chr16","4500752","4500881","14","6671229"
"JH378119","11175119","11175423","chr22","40701009","40701309","43","29525890"
"JH378119","11187785","11188075","chr12","10064948","10065242","43","1122837"
"JH378119","11188076","11188382","chr16","55189324","55189631","41","44001248"
"JH378119","11188927","11189222","chr5","18957272","18957569","41","7768345"
"JH378119","11193800","11194100","chr14","101842471","101842766","47","90648671"
"JH378119","11200497","11200798","chr14","36991957","36992258","37","25791460"
"JH378119","11208636","11208943","chrX","115854764","115855072","36","104646128"
"JH378119","11216191","11216490","chr17","69092086","69092383","45","57875895"
"JH378119","11219534","11219843","chr12","74217361","74217667","35","62997827"
"JH378119","11247141","11247444","chr10","88705531","88705828","47","77458390"
"JH378119","11257750","11258058","chr6","5143118","5143416","41","6114632"
"JH378119","11258369","11258529","chr8","134258549","134258711","23","123000180"
"JH378119","11261437","11261745","chr12","46495017","46495315","47","35233580"
"JH378119","11261844","11262137","chr18","55497484","55497775","34","44235640"
"JH378119","11271086","11271181","chr22","82220107","82220203","8","70949021"
"JH378119","11274722","11274799","chr13","63031813","63031889","7","51757091"
"JH378119","11279742","11280025","chr21","50410494","50410784","35","39130752"
"JH378119","11294548","11294642","chr22","82220107","82220203","8","70925559"
"JH378119","11298650","11298958","chr24","51004467","51004765","36","39705817"
"JH378119","11323725","11324024","chr2","85255263","85255560","29","73931538"
"JH378119","11325870","11326179","chr28","4550302","4550608","43","6775568"
"JH378119","11358451","11358751","chr29","8289755","8290055","38","3068696"
"JH378119","11377306","11377609","chr12","10064948","10065242","30","1312358"
"JH378119","11378470","11378771","chr21","10972629","10972920","48","405841"
"JH378119","11386900","11387210","chr19","9824759","9825062","30","1562141"
"JH378119","11420886","11421195","chr9","63581525","63581830","37","52160639"
"JH378119","11424905","11425200","chr10","35324287","35324576","35","23899382"
"JH378119","11428342","11428508","chr7","128354173","128354335","22","116925831"
"JH378119","11429673","11429963","chr8","57496665","57496959","45","46066992"
"JH378119","11447668","11447769","chrX","2017984","2018087","12","9429684"
"JH378119","11453747","11453831","chr16","4405728","4405812","6","7048019"
"JH378119","11455300","11455539","chr9","12794063","12794303","29","1338763"
"JH378119","11470771","11471069","chr4","30926814","30927112","40","19456043"
"JH378119","11477450","11477693","chr24","66946035","66946274","32","55468585"
"JH378119","11481697","11481999","chr2","56283396","56283692","48","44801699"
"JH378119","11482543","11482786","chr24","66946035","66946274","32","55463492"
"JH378119","11483222","11483523","chr5","2273487","2273788","33","9209735"
"JH378119","11505278","11505582","chrX","23977849","23978143","40","12472571"
"JH378119","11526316","11526624","chrX","125302543","125302844","30","113776227"
"JH378119","11539873","11540186","chr22","18232920","18233227","48","6693047"
"JH378119","11549793","11550049","chr9","92500633","92500888","48","80950840"
"JH378119","11553546","11553850","chr12","9938852","9939154","50","1614694"
"JH378119","11565374","11565669","chr25","68652973","68653262","36","57087599"
"JH378119","11578373","11578665","chr6","38437831","38438120","30","26859458"
"JH378119","11588697","11588827","chr3","91348390","91348521","13","79759693"
"JH378119","11591207","11591496","chr22","23271454","23271740","35","11680247"
"JH378119","11598029","11598334","chr14","34657297","34657602","39","23059268"
"JH378119","11621091","11621316","chr6","38431658","38431885","36","26810567"
"JH378119","11625732","11625836","chr1","39939684","39939788","9","28313952"
"JH378119","11647439","11647734","chr11","42115371","42115662","34","30467932"
"JH378119","11659417","11659492","chr13","63031813","63031889","7","51372396"
"JH378119","11685768","11686050","chr8","43617560","43617835","49","31931792"
"JH378119","11689983","11690289","chr11","45826349","45826644","42","34136366"
"JH378119","11725564","11725836","chr22","7105991","7106256","48","4619573"
"JH378119","11726074","11726190","chr20","115102100","115102215","11","103376026"
"JH378119","11733718","11733998","chr12","18835626","18835904","32","7101908"
"JH378119","11746377","11746518","chr12","42755129","42755268","14","31008752"
"JH378119","11748060","11748351","chr5","53255334","53255620","36","41507274"
"JH378119","11754985","11755293","chr2","34541558","34541838","53","22786573"
"JH378119","11766672","11766759","chr22","82220107","82220203","15","70453435"
"JH378119","11802156","11802422","chr4","52736916","52737178","40","40934760"
"JH378119","11861590","11861811","chr6","2372111","2372337","30","9489479"
"JH378119","11888568","11888852","chr13","82570992","82571281","43","70682424"
"JH378119","11978608","11978901","chr18","72052984","72053276","45","60074376"
"JH378119","12130345","12130666","chr7","85949776","85950095","48","73819431"
"JH378119","12189493","12189643","chr9","59130238","59130387","14","46940745"
"JH378119","12255029","12255318","chr15","5747412","5747699","38","6507617"
"JH378119","12270258","12270558","chr12","100081445","100081751","46","87811187"
"JH378119","12297078","12297381","chr21","73606785","73607080","51","61309707"
"JH378119","12302528","12302835","chr19","11766129","11766433","41","536399"
"JH378119","12323036","12323320","chr4","68750844","68751128","45","56427808"
"JH378119","12342295","12342594","chr17","4384754","4385050","29","7957541"
"JH378119","12354166","12354298","chr15","19514175","19514311","17","7160009"
"JH378119","12473626","12473931","chr12","106797672","106797971","39","94324046"
"JH378119","12499209","12499465","chr9","31823888","31824144","30","19324679"
"JH378119","12526928","12527212","chr5","42662951","42663235","29","30136023"
"JH378119","12604570","12604866","chr12","10064948","10065242","28","2539622"
"JH378119","12674202","12674503","chrX","125302543","125302844","36","112628341"
"JH378119","12681199","12681494","chrX","22653522","22653815","49","9972323"
"JH378119","12730852","12731143","chr18","72052984","72053276","34","59322132"
"JH378119","12834042","12834334","chr5","69923908","69924203","46","57089866"
"JH378119","12893710","12893987","chr9","114015180","114015455","34","101121470"
"JH378119","12903664","12903972","chr8","52124179","52124487","33","39220515"
"JH378119","12937700","12937996","chr16","4400493","4400795","36","8537207"
"JH378119","12987654","12987963","chr5","2273487","2273788","37","10714167"
"JH378119","12995141","12995446","chr4","88331964","88332268","36","75336823"
"JH378119","13066637","13066913","chr9","114015180","114015455","38","100948543"
"JH378119","13114745","13115051","chr12","10064948","10065242","33","3049797"
"JH378119","13127689","13127984","chr2","90183349","90183641","43","77055660"
"JH378119","13150614","13150711","chr3","73832741","73832841","13","60682127"
"JH378119","13155313","13155562","chr4","65263354","65263597","36","52108041"
"JH378119","13186086","13186411","chr12","72236547","72236866","51","59050461"
"JH378119","13224438","13224515","chr13","63031813","63031889","7","49807375"
"JH378119","13246259","13246569","chr1","65504304","65504612","30","52258045"
"JH378119","13282778","13283067","chr29","1878242","1878536","36","11404536"
"JH378119","13291659","13291926","chr24","7531683","7531946","45","5759976"
"JH378119","13317514","13317789","chr20","93260402","93260679","37","79942888"
"JH378119","13339150","13339459","chr1","2872653","2872961","40","10466497"
"JH378119","13370045","13370135","chr3","65349691","65349782","11","51979646"
"JH378119","13385699","13385804","chr1","39939684","39939788","10","26553985"
"JH378119","13416279","13416587","chr5","2273487","2273788","32","11142792"
"JH378119","13452947","13453246","chr12","10064948","10065242","28","3387999"
"JH378119","13457252","13457535","chr22","72202011","72202300","43","58744759"
"JH378119","13458418","13458725","chr2","10284079","10284388","40","3174339"
"JH378119","13463236","13463481","chr14","34588103","34588349","36","21124867"
"JH378119","13466516","13466610","chr22","82220107","82220203","11","68753591"
"JH378119","13468836","13469141","chr16","7388475","7388772","36","6080361"
"JH378119","13472077","13472371","chr1","115205454","115205746","39","101733377"
"JH378119","13478148","13478397","chr19","9017172","9017426","40","4460976"
"JH378119","13535560","13535879","chr2","34891557","34891863","35","21355997"
"JH378119","13537036","13537308","chr22","97449832","97450105","40","83912796"
"JH378119","13548805","13549116","chr11","115525233","115525542","35","101976428"
"JH378119","13566406","13566480","chr13","63031813","63031889","10","49465407"
"JH378119","13569590","13569880","chr25","59164981","59165273","43","45595391"
"JH378119","13583159","13583455","chr12","10064948","10065242","33","3518211"
"JH378119","13605260","13605568","chr2","5168180","5168471","48","8437080"
"JH378119","13624455","13624721","chr1","54471485","54471761","43","40847030"
"JH378119","13634708","13635018","chr4","16518246","16518552","119","2883538"
"JH378119","13642263","13642549","chr9","26807010","26807295","35","13164747"
"JH378119","13668721","13668810","chr22","82220107","82220203","11","68551386"
"JH378119","13677248","13677516","chr12","87620481","87620757","46","73943233"
"JH378119","13679893","13680160","chr10","55484157","55484410","40","41804264"
"JH378119","13686356","13686656","chr17","41932814","41933121","59","28246458"
"JH378119","13692810","13692887","chr13","63031813","63031889","7","49339003"
"JH378119","13696592","13696834","chr16","5798617","5798859","33","7897975"
"JH378119","13714347","13714623","chr22","43966779","43967052","49","30252432"
"JH378119","13724878","13725115","chr10","88156512","88156744","29","74431634"
"JH378119","13726392","13726482","chr22","82220107","82220203","11","68493715"
"JH378119","13729074","13729366","chr25","81017700","81017987","26","67288626"
"JH378119","13734957","13735098","chr3","90669571","90669712","15","76934614"
"JH378119","13765046","13765175","chr1","97802296","97802426","13","84037250"
"JH378119","13767457","13767766","chr5","2273487","2273788","31","11493970"
"JH378119","13769527","13769823","chr9","115676900","115677193","49","101907373"
"JH378119","13770732","13771060","chr10","88177543","88177855","51","74406811"
"JH378119","13807102","13807413","chr20","105282890","105283200","60","91475788"
"JH378119","13815951","13816028","chr13","63031813","63031889","7","49215862"
"JH378119","13820121","13820421","chr11","51624065","51624366","32","37803944"
"JH378119","13843124","13843428","chr12","10064948","10065242","31","3778176"
"JH378119","13936026","13936134","chr6","1067449","1067558","12","12868577"
"JH378119","13986630","13986933","chr12","10064948","10065242","27","3921682"
"JH378119","14021925","14022219","chr2","59461683","59461977","36","45439758"
"JH378119","14040518","14040638","chr5","69339382","69339505","16","55298864"
"JH378119","14058413","14058690","chr4","52117674","52117951","34","38059261"
"JH378119","14063410","14063700","chr20","7605671","7605957","37","6457739"
"JH378119","14114819","14115117","chr11","124380849","124381147","32","110266030"
"JH378119","14131752","14131858","chr13","42116553","42116656","14","27984801"
"JH378119","14199249","14199323","chr28","10739382","10739452","20","3459867"
"JH378119","14199418","14199706","chr18","71309352","71309642","39","57109934"
"JH378119","14250490","14250760","chr7","93852704","93852990","47","79602214"
"JH378119","14264732","14265035","chr5","2273487","2273788","29","11991245"
"JH378119","14276127","14276421","chr11","127481198","127481493","36","113205071"
"JH378119","14298878","14299180","chr17","69092086","69092383","49","54793208"
"JH378119","14302110","14302403","chr3","77036872","77037165","46","62734762"
"JH378119","14324755","14325028","chr25","79383903","79384174","51","65059148"
"JH378119","14326895","14327198","chr16","33182065","33182368","37","18855170"
"JH378119","14375547","14375815","chr1","83625954","83626213","37","69250407"
"JH378119","14393237","14393384","chr3","90669571","90669712","16","76276334"
"JH378119","14405784","14406113","chr9","96517883","96518194","57","82112099"
"JH378119","14410414","14410699","chr9","26807010","26807295","30","12396596"
"JH378119","14418720","14419063","chr15","76857404","76857733","49","62438684"
"JH378119","14419928","14420227","chr20","91459342","91459640","40","77039414"
"JH378119","14426774","14427000","chrX","63929276","63929493","40","49502502"
"JH378119","14442611","14442899","chr25","51030152","51030441","31","36587541"
"JH378119","14471393","14471668","chr23","5517272","5517549","30","8954121"
"JH378119","14501569","14501857","chr11","100905009","100905284","53","86403440"
"JH378119","14563453","14563730","chr6","15466085","15466358","44","902632"
"JH378119","14604885","14605190","chr5","4142056","4142360","37","10462829"
"JH378119","14615967","14616243","chr6","21181855","21182135","50","6565888"
"JH378119","14635641","14635831","chr6","8749758","8749947","25","5885883"
"JH378119","14637655","14637950","chr15","81443631","81443929","47","66805976"
"JH378119","14651901","14652167","chr10","116260311","116260582","46","101608410"
"JH378119","14655025","14655327","chr16","65250770","65251068","35","50595745"
"JH378119","14666061","14666377","chr5","36774379","36774687","40","22108318"
"JH378119","14714492","14714766","chr20","86435911","86436197","46","71721419"
"JH378119","14748500","14748798","chr9","92789196","92789493","38","78040696"
"JH378119","14776695","14776942","chr10","55484157","55484410","50","40707462"
"JH378119","14786682","14786987","chr17","35258575","35258878","32","20471893"
"JH378119","14816880","14817036","chr9","25371941","25372092","27","10555061"
"JH378119","14826892","14827047","chr14","87397209","87397357","35","72570317"
"JH378119","14866696","14866982","chr14","37615851","37616147","40","22749155"
"JH378119","14893480","14893530","chr5","61040036","61040083","7","46146556"
"JH378119","14977382","14977488","chr6","1067449","1067558","12","13909933"
"JH378119","15021907","15022201","chr24","70146905","70147203","47","55124998"
"JH378119","15029701","15029981","chr2","85085680","85085970","43","70055979"
"JH378119","15070979","15071284","chr2","59445843","59446145","45","44374864"
"JH378119","15100685","15100827","chr15","19514175","19514311","34","4413490"
"JH378119","15259343","15259616","chr9","114015180","114015455","36","98755837"
"JH378119","15328286","15328574","chr20","90555240","90555528","40","75226954"
"JH378119","15405261","15405566","chr1","65504304","65504612","40","50099043"
"JH378119","15437234","15437364","chr1","97802296","97802426","9","82365062"
"JH378119","15443322","15443635","chr1","65504304","65504612","33","50060982"
"JH378119","15535339","15535609","chr14","95964336","95964605","41","80428997"
"JH378119","15541273","15541561","chr13","22116830","22117114","34","6575557"
"JH378119","15584374","15584675","chr3","37060125","37060426","36","21475751"
"JH378119","15689050","15689343","chr12","95930384","95930680","54","80241334"
"JH378119","15792890","15793187","chr23","44818219","44818516","50","29025329"
"JH378119","15850290","15850585","chr20","91789557","91789859","47","75939267"
"JH378119","15854339","15854625","chr9","87536800","87537086","51","71682461"
"JH378119","15888855","15889161","chr22","16005168","16005472","42","116313"
"JH378119","15933037","15933378","chr15","76857404","76857733","55","60924367"
"JH378119","16006519","16006659","chr2","64956808","64956953","29","48950289"
"JH378119","16014820","16015125","chr11","4350721","4351023","41","11664099"
"JH378119","16129231","16129531","chr2","14718646","14718944","35","1410585"
"JH378119","16159113","16159425","chr4","62222786","62223086","51","46063673"
"JH378119","16162335","16162641","chr4","16808054","16808360","41","645719"
"JH378119","16204306","16204615","chr17","61366684","61366990","39","45162378"
"JH378119","16207074","16207378","chr2","56143790","56144095","31","39936716"
"JH378119","16210212","16210507","chr9","41350361","41350653","48","25140149"
"JH378119","16257373","16257647","chr3","55036176","55036459","49","38778803"
"JH378119","16259934","16260240","chr20","96210594","96210893","48","79950660"
"JH378119","16305471","16305762","chr8","115068172","115068461","41","98762701"
"JH378119","16342449","16342714","chr20","63541052","63541316","36","47198603"
"JH378119","16360042","16360357","chr29","8278863","8279172","39","8081179"
"JH378119","16364334","16364620","chr2","34541558","34541838","47","18177224"
"JH378119","16440507","16440781","chr1","64863193","64863469","46","48422686"
"JH378119","16502007","16502312","chr24","79072145","79072449","32","62570138"
"JH378119","16518833","16519127","chr1","10803268","10803561","30","5715565"
"JH378119","16519929","16520225","chr12","10064948","10065242","32","6454981"
"JH378119","16521831","16522137","chr4","68049602","68049898","51","51527771"
"JH378119","16535809","16536104","chr7","11740840","11741130","40","4794969"
"JH378119","16541490","16541573","chr7","133723453","133723532","21","117181963"
"JH378119","16575375","16575545","chr1","7829081","7829249","38","8746294"
"JH378119","16612359","16612699","chrX","98568309","98568631","52","81955950"
"JH378119","16616330","16616604","chr5","42662951","42663235","46","26046621"
"JH378119","16628024","16628336","chr20","7540190","7540493","36","9087834"
"JH378119","16643758","16644068","chr26","16021451","16021759","34","622307"
"JH378119","16678799","16679091","chr12","79050585","79050880","39","62371786"
"JH378119","16696254","16696561","chr5","13154183","13154488","34","3542071"
"JH378119","16771751","16771894","chr10","5520953","5521079","30","11250798"
"JH378119","16800122","16800405","chr17","58920850","58921143","51","42120728"
"JH378119","16851247","16851564","chr26","6059541","6059849","39","10791706"
"JH378119","16865282","16865582","chr12","10064948","10065242","31","6800334"
"JH378119","16893864","16894171","chr21","22838763","22839060","42","5944899"
"JH378119","17031573","17031771","chr14","28028849","28029044","39","10997276"
"JH378119","17102402","17102653","chr20","46377705","46377957","42","29275303"
"JH378119","17127141","17127444","chr5","2273487","2273788","30","14853654"
"JH378119","17301510","17301801","chr14","37615851","37616147","34","20314341"
"JH378119","17326456","17326714","chr22","43966779","43967052","54","26640323"
"JH378119","17377961","17378271","chr23","41434219","41434517","45","24056258"
"JH378119","17421199","17421484","chr14","42961705","42962002","50","25540506"
"JH378119","17451702","17451992","chr15","65122808","65123099","46","47671106"
"JH378119","17557895","17558173","chr14","7619665","7619943","47","9938230"
"JH378119","17595109","17595396","chr5","18957272","18957569","41","1362163"
"JH378119","17701104","17701411","chr5","2273487","2273788","33","15427617"
"JH378119","17733181","17733481","chr24","11323049","11323346","39","6410132"
"JH378119","17749340","17749639","chr23","44235597","44235893","37","26486257"
"JH378119","17864929","17865223","chr4","70955206","70955496","53","53090277"
"JH378119","17877406","17877513","chr8","130031152","130031255","23","112153746"
"JH378119","17930735","17931023","chr25","51030152","51030441","28","33099417"
"JH378119","17975373","17975688","chr8","1760359","1760667","43","16215014"
"JH378119","18024548","18024841","chr24","56631751","56632042","52","38607203"
"JH378119","18034077","18034388","chr12","10064948","10065242","38","7969129"
"JH378119","18047315","18047628","chr2","58045145","58045453","46","39997830"
"JH378119","18063917","18064216","chr14","83371933","83372231","36","65308016"
"JH378119","18070888","18071179","chr13","68714609","68714904","40","50643721"
"JH378119","18102870","18103162","chrX","115847772","115848064","42","97744902"
"JH378119","18164366","18164445","chr14","84294465","84294542","14","66130099"
"JH378119","18195099","18195381","chr12","27124486","27124768","55","8929387"
"JH378119","18408753","18409057","chr11","115525233","115525542","33","97116480"
"JH378119","18422924","18423057","chr15","39150797","39150930","22","20727873"
"JH378119","18582618","18582889","chr22","9600661","9600931","38","8981957"
"JH378119","18619646","18619909","chr8","132556495","132556766","46","113936849"
"JH378119","18659980","18660186","chr12","102536119","102536321","33","83876139"
"JH378119","18660428","18660510","chr20","86496231","86496314","13","67835803"
"JH378119","18728247","18728381","chr5","74154623","74154755","15","55426376"
"JH378119","18876891","18877194","chr11","115179293","115179595","43","96302402"
"JH378119","18939151","18939233","chr24","67407767","67407850","13","48468616"
"JH378119","18955909","18956041","chr15","69428245","69428375","21","50472336"
"JH378119","18981842","18982145","chr9","112566830","112567124","35","93584988"
"JH378119","18990825","18991132","chr25","28024617","28024913","33","9033792"
"JH378119","19002736","19002861","chr15","53613906","53614028","22","34611170"
"JH378119","19025518","19025603","chr26","49341896","49341972","16","30316378"
"JH378119","19063552","19063858","chr14","22799686","22799991","35","3736134"
"JH378119","19105837","19106144","chr14","83371933","83372231","35","64266096"
"JH378119","19394074","19394159","chr16","4405728","4405812","8","14988346"
"JH378119","19407965","19408258","chr1","1765949","1766249","49","17642016"
"JH378119","19417506","19417789","chr28","19249070","19249347","39","168436"
"JH378119","19478456","19478758","chr9","13973543","13973840","44","5504913"
"JH378119","19490457","19490759","chrX","95460911","95461200","45","75970454"
"JH378119","19497509","19497794","chr6","38437831","38438120","37","18940322"
"JH378119","19517925","19518222","chrX","23977849","23978143","29","4459924"
"JH378119","19555823","19556115","chr10","127495198","127495486","43","107939375"
"JH378119","19558868","19559171","chr16","17020290","17020588","39","2538578"
"JH378119","19650447","19650749","chr13","67235992","67236297","32","47585545"
"JH378119","19653024","19653315","chr15","51612759","51613042","38","31959735"
"JH378119","19667724","19668002","chr10","83042840","83043117","36","63375116"
"JH378119","19688125","19688189","chr17","40314853","40314924","10","20626728"
"JH378119","19712364","19712637","chr25","73791320","73791585","44","54078956"
"JH378119","19759346","19759621","chr4","52117674","52117951","37","32358328"
"JH378119","19790916","19791214","chr22","4646329","4646625","37","15144587"
"JH378119","19915431","19915697","chr8","94162035","94162298","42","74246604"
"JH378119","19925729","19926008","chr4","89471515","89471796","37","69545786"
"JH378119","19965060","19965143","chr5","67880800","67880883","6","47915740"
"JH378119","19967190","19967501","chr11","115525233","115525542","34","95558043"
"JH378119","20151102","20151411","chr21","50992069","50992377","41","30840967"
"JH378119","20224531","20224657","chrX","60368209","60368339","24","40143678"
"JH378119","20326099","20326399","chr5","2273487","2273788","36","18052612"
"JH378119","20329404","20329707","chr11","114846906","114847210","38","94517502"
"JH378119","20410834","20411131","chr16","11247440","11247731","43","9163394"
"JH378119","20496604","20496905","chrX","23977849","23978143","48","3481245"
"JH378119","20500055","20500149","chr6","15926023","15926116","12","4574032"
"JH378119","20584594","20584888","chr20_KE148049v1_random","535731","536028","49","20048863"
"JH378119","20758674","20758756","chr27","34351719","34351797","15","13593045"
"JH378119","20868748","20869054","chr10","60755280","60755585","38","39886532"
"JH378119","20886131","20886353","chr13","54942555","54942779","29","34056424"
"JH378119","20912156","20912445","chr9","1052717","1053012","45","19859439"
"JH378119","20934703","20935004","chr18","27354794","27355095","38","6420091"
"JH378119","21091131","21091320","chr27","32449558","32449743","31","11358427"
"JH378119","21091701","21091990","chr12","92576737","92577024","37","71485036"
"JH378119","21094081","21094375","chr15","90415486","90415784","36","69321405"
"JH378119","21106758","21107040","chr1","69161184","69161465","40","48054426"
"JH378119","21123776","21124062","chr8","115068172","115068461","35","93944396"
"JH378119","21158529","21158819","chr9","112522290","112522580","38","91363761"
"JH378119","21164506","21164588","chr5","67880800","67880883","6","46716294"
"JH378119","21167177","21167417","chr24","66946035","66946274","26","45778858"
"JH378119","21170194","21170522","chr12","49907171","49907495","57","28736977"
"JH378119","21171594","21171899","chr1","68219231","68219530","30","47047637"
"JH378119","21191299","21191614","chr5","2324242","2324550","35","18867057"
"JH378119","21217680","21217893","chr25","73647297","73647508","24","52429617"
"JH378119","21247012","21247167","chr19","28685874","28686028","24","7438862"
"JH378119","21248061","21248166","chr1","39939684","39939788","12","18691623"
"JH378119","21272255","21272554","chr14","83371933","83372231","39","62099678"
"JH378119","21273307","21273429","chr1","8688937","8689061","16","12584370"
"JH378119","21321523","21321627","chrX","2017984","2018087","8","19303539"
"JH378119","21343649","21343958","chr28","4550302","4550608","40","16793347"
"JH378119","21353176","21353488","chr1","12475254","12475562","36","8877922"
"JH378119","21356542","21356850","chr11","115525233","115525542","37","94168691"
"JH378119","21374057","21374363","chr15","76433661","76433968","36","55059604"
"JH378119","21383785","21384091","chr21","70936017","70936326","36","49552232"
"JH378119","21387112","21387408","chr8","95885898","95886192","28","74498786"
"JH378119","21404713","21405008","chr17","42287654","42287939","38","20882941"
"JH378119","21410878","21411172","chr12","10064948","10065242","33","11345930"
"JH378119","21437273","21437571","chr25","50066369","50066667","38","28629096"
"JH378119","21471404","21471707","chr1","68219231","68219530","42","46747827"
"JH378119","21479704","21480004","chr14","41748186","41748475","49","20268482"
"JH378119","21498482","21498773","chr14","38813996","38814293","41","17315514"
"JH378119","21510008","21510312","chr14","44038439","44038738","45","22528431"
"JH378119","21510656","21510960","chr6","29168940","29169240","42","7658284"
"JH378119","21519416","21519571","chr9","62735394","62735547","35","41215978"
"JH378119","21522163","21522465","chr2","20242750","20243052","37","1279413"
"JH378119","21552931","21553069","chr26","6591504","6591639","13","14961427"
"JH378119","21578566","21578866","chr22","8920180","8920477","52","12658386"
"JH378119","21589198","21589291","chr13","23647091","23647185","13","2057893"
"JH378119","21600346","21600462","chr24","81527278","81527388","17","59926932"
"JH378119","21642419","21642754","chr17","35258575","35258878","59","13616156"
"JH378119","21684091","21684160","chr10","53898197","53898267","11","32214106"
"JH378119","21684459","21684711","chr8","21882287","21882536","32","197828"
"JH378119","21684837","21685135","chr16","31632439","31632734","41","9947602"
"JH378119","21699168","21699258","chr3","65349691","65349782","12","43650523"
"JH378119","21711945","21712255","chr14","83371933","83372231","46","61659988"
"JH378119","21717995","21718306","chr18","56208944","56209251","31","34490949"
"JH378119","21723387","21723688","chr12","10064948","10065242","27","11658439"
"JH378119","21729935","21730226","chr1","9886170","9886464","45","11843765"
"JH378119","21738690","21738940","chr16","40443484","40443740","42","18704794"
"JH378119","21771953","21772095","chr9","86109665","86109806","16","64337712"
"JH378119","21777812","21778106","chr7","86104707","86105000","49","64326895"
"JH378119","21778706","21778945","chr14","75452629","75452859","38","53673923"
"JH378119","21779255","21779555","chrX","84956070","84956370","35","63176815"
"JH378119","21803680","21803990","chr11","115525233","115525542","29","93721553"
"JH378119","21805257","21805561","chr11","42115371","42115662","40","20310114"
"JH378119","21806337","21806624","chr10","8909912","8910203","34","12896425"
"JH378119","21824883","21825170","chr16","49451932","49452228","39","27627049"
"JH378119","21843825","21844135","chr1","65504304","65504612","36","43660479"
"JH378119","21844535","21844846","chr27","22888845","22889148","50","1044310"
"JH378119","21859329","21859631","chr13","67235992","67236297","32","45376663"
"JH378119","21864293","21864555","chr21","39597822","39598086","39","17733529"
"JH378119","21878866","21879169","chr26","24278477","24278782","35","2399611"
"JH378119","21897916","21898207","chrX","23977849","23978143","34","2079933"
"JH378119","21923304","21923609","chr10","16495371","16495677","46","5427933"
"JH378119","22010325","22010647","chrX","20007345","20007662","44","2002980"
"JH378119","22034797","22035055","chr8","41144891","41145148","32","19110094"
"JH378119","22068154","22068411","chr27","7091149","7091409","36","14977005"
"JH378119","22184988","22185285","chr25","13718264","13718560","37","8466724"
"JH378119","22214793","22215094","chr5","2273487","2273788","21","19941306"
"JH378119","22321328","22321604","chrX","120633614","120633888","45","98312286"
"JH378119","22480716","22480816","chr22","82220107","82220203","9","59739391"
"JH378119","22517082","22517384","chr26","17944990","17945291","38","4572092"
"JH378119","22530847","22531144","chr4","30926814","30927112","36","8395967"
"JH378119","22537513","22537799","chr12","6781553","6781865","113","15755960"
"JH378119","22596965","22597272","chr13","14856342","14856650","41","7740623"
"JH378119","22635485","22635798","chr5","2324242","2324550","50","20311243"
"JH378119","22639839","22640140","chrX","112439160","112439465","38","89799321"
"JH378119","22664640","22664939","chr8","65946650","65946949","37","43282010"
"JH378119","22714222","22714526","chr14","27700149","27700448","38","4985927"
"JH378119","22792085","22792152","chr10","53898197","53898267","10","31106112"
"JH378119","22822111","22822255","chr9","86109665","86109806","15","63287554"
"JH378119","22869646","22869925","chr24","76614329","76614607","33","53744683"
"JH378119","22896164","22896474","chr5","2324242","2324550","33","20571922"
"JH378119","22911916","22912010","chr13","23647091","23647185","14","735175"
"JH378119","22916204","22916497","chr8","19896234","19896527","37","3019970"
"JH378119","22976721","22977047","chr10","102857571","102857891","45","79880850"
"JH378119","23026387","23026517","chr9","99766001","99766131","9","76739614"
"JH378119","23044394","23044705","chr19","8146510","8146808","42","14897884"
"JH378119","23065101","23065392","chr29","2122494","2122782","51","20942607"
"JH378119","23100305","23100419","chr4","60395666","60395783","13","37295361"
"JH378119","23100520","23100667","chr24","41028702","41028847","36","17928182"
"JH378119","23117865","23118105","chr1","14090193","14090432","57","9027672"
"JH378119","23131319","23131612","chr7","86104707","86105000","32","62973388"
"JH378119","23139352","23139641","chr18","71309352","71309642","39","48170000"
"JH378119","23143236","23143357","chr15","90834689","90834810","10","67691453"
"JH378119","23144927","23145207","chr19","19502742","19503020","38","3642185"
"JH378119","23154370","23154655","chr7","75749914","75750203","53","52595544"
"JH378119","23158820","23159113","chr12","10064948","10065242","28","13093872"
"JH378119","23161971","23162279","chr2","34891557","34891863","39","11729586"
"JH378119","23171298","23171594","chr10","35983988","35984284","41","12812690"
"JH378119","23208565","23208873","chr1","65504304","65504612","33","42295739"
"JH378119","23208884","23209168","chr5","53255334","53255620","31","30046450"
"JH378119","23215821","23216106","chr3","76779808","76780096","47","53563987"
"JH378119","23217429","23217710","chr23","41237609","41237892","44","18020180"
"JH378119","23217744","23218033","chr1","83672883","83673171","40","60455139"
"JH378119","23219788","23220059","chr21","39597822","39598086","44","16378034"
"JH378119","23227746","23228041","chr8","21494594","21494885","32","1733152"
"JH378119","23249348","23249451","chrX","2017984","2018087","11","21231364"
"JH378119","23260801","23260907","chr1","62097932","62098038","10","38837131"
"JH378119","23265036","23265322","chr1","55531989","55532273","41","32266953"
"JH378119","23278624","23278926","chr11","51624065","51624366","34","28345441"
"JH378119","23288354","23288655","chr12","10064948","10065242","33","13223406"
"JH378119","23326904","23327220","chr12","74217361","74217667","41","50890457"
"JH378119","23342617","23342837","chr13","7317370","7317589","28","16025247"
"JH378119","23346871","23347001","chr1","97802296","97802426","11","74455425"
"JH378119","23350343","23350650","chr15","3702894","3703194","35","19647449"
"JH378119","23356678","23356821","chr9","86109665","86109806","13","62752987"
"JH378119","23368184","23368229","chr3","23169107","23169155","6","199077"
"JH378119","23379515","23379812","chr26","18016592","18016893","42","5362923"
"JH378119","23431182","23431480","chr8","95885898","95886192","38","72454716"
"JH378119","23473588","23473891","chr14","79729598","79729899","30","56256010"
"JH378119","23478484","23478775","chr6","32156917","32157206","37","8678433"
"JH378119","23553224","23553512","chr12","10064948","10065242","30","13488276"
"JH378119","23711073","23711368","chr22","29306264","29306563","28","5595191"
"JH378119","23728505","23728798","chr1","103415790","103416081","40","79687285"
"JH378119","23871736","23872021","chr18","70191042","70191329","34","46319306"
"JH378119","23879787","23880096","chr9","63581525","63581830","39","39701738"
"JH378119","23884777","23885069","chr9","43165199","43165493","42","19280422"
"JH378119","23924776","23925085","chr13","12614631","12614939","49","11310145"
"JH378119","23934745","23935038","chr18","72052984","72053276","37","48118239"
"JH378119","23957583","23957894","chr20_KE148050v1_random","527552","527858","60","23430031"
"JH378119","23971599","23971895","chr29","17541354","17541647","42","6430245"
"JH378119","23974343","23974646","chrX","125302543","125302844","47","101328200"
"JH378119","24008207","24008509","chr26","18927734","18928036","30","5080473"
"JH378119","24017403","24017688","chr10","21690582","21690883","44","2326821"
"JH378119","24055245","24055535","chr18","67961488","67961775","38","43906243"
"JH378119","24062177","24062475","chr4","41297981","41298275","33","17235804"
"JH378119","24098418","24098542","chr15","90834689","90834810","13","66736271"
"JH378119","24104569","24104876","chr26","6059541","6059849","37","18045028"
"JH378119","24123496","24123789","chr16","33925418","33925712","39","9801922"
"JH378119","24132148","24132421","chr11","19906240","19906513","42","4225908"
"JH378119","24230116","24230390","chr9","92538933","92539203","46","68308817"
"JH378119","24346410","24346498","chr19","7758593","7758681","9","16587817"
"JH378119","24347461","24347586","chr11","106843296","106843425","16","82495835"
"JH378119","24373617","24373760","chr6","7229588","7229731","18","17144029"
"JH378119","24380126","24380412","chr22","13762780","13763069","38","10617346"
"JH378119","24413133","24413410","chrX","15732035","15732323","47","8681098"
"JH378119","24502394","24502697","chr27","25506578","25506885","45","1004184"
"JH378119","24588247","24588549","chr5","27918350","27918656","44","3330103"
"JH378119","24667651","24667944","chr2","53761030","53761320","44","29093379"
"JH378119","24761933","24762075","chr15","69428245","69428375","24","44666312"
"JH378119","24951148","24951444","chr16","17020290","17020588","38","7930858"
"JH378119","24966817","24967085","chr15","89832016","89832289","57","64865199"
"JH378119","25083315","25083607","chr13","12494916","12495210","35","12588399"
"JH378119","25098484","25098745","chr4","22964909","22965182","52","2133575"
"JH378119","25119740","25120019","chr11","46018959","46019244","38","20899219"
"JH378119","25150661","25150845","chr16","68347258","68347451","27","43196597"
"JH378119","25150846","25150986","chr11","95753406","95753542","16","70602560"
"JH378119","25151159","25151240","chr11","106084212","106084282","26","80933053"
"JH378119","25155647","25155956","chr15","5749372","5749678","44","19406275"
"JH378119","25156797","25157085","chr7","68553358","68553648","47","43396561"
"JH378119","25282088","25282376","chr2","89357867","89358158","55","64075779"
"JH378119","25308078","25308360","chrX","671272","671550","38","24636806"
"JH378119","25420577","25420864","chr6","2768739","2769024","35","22651838"
"JH378119","25451048","25451353","chr16","44672648","44672947","45","19221600"
"JH378119","25484950","25485272","chr11","115525233","115525542","43","90040283"
"JH378119","25530412","25530681","chr9","115314018","115314294","40","89783606"
"JH378119","25541393","25541705","chr16","14783139","14783447","129","10758254"
"JH378119","25566207","25566504","chr18","53646284","53646585","45","28080077"
"JH378119","25566878","25567201","chr8","64261352","64261687","40","38694474"
"JH378119","25648258","25648557","chr12","10064948","10065242","30","15583310"
"JH378119","25650820","25651112","chr9","39095858","39096151","48","13445038"
"JH378119","25662703","25662997","chr10","118597337","118597632","29","92934634"
"JH378119","25715385","25715637","chr9","31823888","31824144","40","6108503"
"JH378119","25729055","25729342","chr21","25971507","25971796","37","242452"
"JH378119","25733567","25733877","chr2","34891557","34891863","38","9157990"
"JH378119","25737520","25737820","chr21","22838763","22839060","36","2898757"
"JH378119","25742403","25742688","chr8","44530508","44530794","43","18788105"
"JH378119","25750108","25750397","chr17","51638117","51638398","55","25888009"
"JH378119","25752829","25753115","chr16","64423101","64423391","49","38670272"
"JH378119","25759180","25759459","chr22","79089199","79089487","37","53330019"
"JH378119","25806621","25806877","chr26","45649316","45649579","41","19842695"
"JH378119","25835037","25835324","chr23","75530133","75530425","48","49695096"
"JH378119","25846085","25846394","chr15","3702894","3703194","37","22143191"
"JH378119","25851900","25852208","chr6","15953108","15953417","43","9898792"
"JH378119","25859243","25859529","chr15","81108917","81109201","37","55249674"
"JH378119","25864876","25865098","chr6","2372111","2372337","33","23492765"
"JH378119","25877340","25877621","chr2","34541558","34541838","44","8664218"
"JH378119","25877757","25877894","chr23","37533012","37533155","23","11655255"
"JH378119","25891073","25891354","chr6","48913632","48913921","40","23022559"
"JH378119","25901984","25902294","chr1","65504304","65504612","34","39602320"
"JH378119","25902295","25902584","chr22","13698418","13698710","41","12203877"
"JH378119","25961208","25961498","chr18","66189352","66189642","37","40228144"
"JH378119","25983129","25983434","chr16","7515507","7515811","30","18467622"
"JH378119","25988823","25989120","chr2","20242750","20243052","51","5746073"
"JH378119","25996358","25996641","chr9","94521914","94522196","34","68525556"
"JH378119","25997261","25997556","chr21","22838763","22839060","35","3158498"
"JH378119","25999852","25999994","chr8","6220418","6220561","22","19779434"
"JH378119","26005364","26005624","chr19","12562553","12562828","61","13442811"
"JH378119","26025279","26025564","chr5","20366749","20367033","43","5658530"
"JH378119","26028175","26028430","chr8","130278670","130278926","34","104250495"
"JH378119","26032489","26032782","chr5","32550374","32550665","48","6517885"
"JH378119","26038961","26039231","chr22","81089949","81090219","40","55050988"
"JH378119","26067825","26068100","chr5","23732417","23732687","49","2335408"
"JH378119","26070125","26070412","chr23","56646135","56646425","40","30576010"
"JH378119","26070651","26070943","chr13","33442443","33442738","42","7371792"
"JH378119","26073861","26074156","chr25","60133396","60133696","51","34059535"
"JH378119","26108631","26108911","chr1","69161184","69161465","45","43052553"
"JH378119","26119283","26119559","chr17","28716008","28716284","37","2596725"
"JH378119","26121861","26121951","chr3","65349691","65349782","11","39227830"
"JH378119","26122953","26123056","chr1","39939684","39939788","9","13816731"
"JH378119","26124206","26124514","chrX","45808298","45808607","41","19684092"
"JH378119","26130619","26130927","chr5","2273487","2273788","34","23857132"
"JH378119","26144553","26144686","chr26","6591504","6591639","14","19553049"
"JH378119","26148651","26148840","chr14","80491970","80492166","28","54343319"
"JH378119","26153110","26153418","chr17","55864125","55864431","44","29711015"
"JH378119","26155270","26155557","chr25","27279592","27279878","52","1124322"
"JH378119","26157960","26158253","chr12","13064783","13065077","46","13093177"
"JH378119","26253773","26254004","chr21","11224732","11224960","35","15029041"
"JH378119","26254163","26254264","chr2","34529087","34529181","16","8274924"
"JH378119","26268761","26269057","chr8","1641343","1641640","33","24627418"
"JH378119","26313738","26314014","chr10","44316765","44317039","35","18003027"
"JH378119","26316664","26316971","chr23","56378326","56378623","41","30061662"
"JH378119","26321627","26321892","chr4","52736916","52737178","38","26415289"
"JH378119","26322720","26323010","chr9","68468865","68469160","33","42146145"
"JH378119","26349383","26349692","chr28","13557476","13557782","35","12791907"
"JH378119","26364310","26364618","chr14","22799686","22799991","36","3564624"
"JH378119","26372951","26373253","chr5","2273487","2273788","33","24099464"
"JH378119","26373688","26373988","chr16","14358940","14359244","41","12014748"
"JH378119","26418079","26418379","chr12","10064948","10065242","26","16353131"
"JH378119","26421841","26422135","chr3","82509225","82509507","36","56087384"
"JH378119","26434285","26434583","chr1","103415790","103416081","36","76981505"
"JH378119","26434597","26434899","chr8","101579883","101580191","44","75145286"
"JH378119","26434900","26435167","chr25","73791320","73791585","42","47356420"
"JH378119","26437762","26438056","chr14","80981878","80982171","41","54544116"
"JH378119","26461100","26461403","chr20","46933799","46934103","43","20472699"
"JH378119","26463546","26463855","chr25","5256755","5257049","46","21206791"
"JH378119","26468492","26468599","chr6","1067449","1067558","9","25401043"
"JH378119","26487686","26487967","chr10","16080212","16080493","31","10407474"
"JH378119","26502378","26502673","chr21","13790316","13790611","35","12712062"
"JH378119","26528979","26529277","chr14","83371933","83372231","41","56842954"
"JH378119","26535776","26536059","chr16","55817885","55818169","50","29282109"
"JH378119","26541478","26541776","chrX","50127586","50127886","35","23586108"
"JH378119","26544048","26544346","chr2","58670056","58670356","38","32126008"
"JH378119","26554557","26554849","chr14","33085378","33085658","41","6530821"
"JH378119","26559689","26559960","chr18","66249703","66249966","40","39690014"
"JH378119","26566759","26567035","chr21","25123896","25124189","46","1442863"
"JH378119","26625478","26625778","chr14","38813996","38814293","31","12188518"
"JH378119","26633315","26633421","chr6","1067449","1067558","10","25565866"
"JH378119","26638544","26638693","chr17","47733511","47733658","13","21094967"
"JH378119","26645635","26645927","chr9","96314869","96315163","44","69669234"
"JH378119","26676255","26676561","chr1","68219231","68219530","36","41542976"
"JH378119","26681428","26681719","chr13","65577132","65577425","28","38895704"
"JH378119","26687687","26687936","chr9","96390861","96391117","32","69703174"
"JH378119","26689566","26689839","chr11","64833784","64834059","46","38144218"
"JH378119","26691159","26691239","chr10","83206416","83206499","16","56515257"
"JH378119","26698039","26698340","chr12","10064948","10065242","26","16633091"
"JH378119","26708182","26708464","chr3","81003695","81003974","32","54295513"
"JH378119","26716497","26716795","chr1","108565860","108566161","38","81849363"
"JH378119","26724571","26724868","chr12","10064948","10065242","30","16659623"
"JH378119","26726684","26726989","chr12","74217361","74217667","37","47490677"
"JH378119","26744231","26744530","chr18","14936633","14936932","33","11807598"
"JH378119","26746909","26747007","chr22","82220107","82220203","8","55473198"
"JH378119","26752445","26752575","chr3","91348390","91348521","12","64595945"
"JH378119","26761274","26761555","chr29","12355751","12356042","36","14405523"
"JH378119","26772458","26772728","chr12","108375375","108375646","49","81602917"
"JH378119","26778917","26779251","chrX","94817369","94817685","56","68038452"
"JH378119","26818036","26818329","chr20","46550281","46550570","34","19732245"
"JH378119","26839963","26840271","chr5","2273487","2273788","30","24566476"
"JH378119","26849583","26849883","chr5","33074148","33074451","31","6224565"
"JH378119","26863342","26863628","chr3","27069317","27069607","48","205975"
"JH378119","26883159","26883453","chr4","41202032","41202326","36","14318873"
"JH378119","26892083","26892383","chr14","75577127","75577428","34","48685044"
"JH378119","26992409","26992708","chr1","10803268","10803561","41","16189141"
"JH378119","26997855","26998149","chr4","90774485","90774773","40","63776630"
"JH378119","27006345","27006439","chr22","82220107","82220203","10","55213762"
"JH378119","27026538","27026834","chr12","10064948","10065242","26","16961590"
"JH378119","27028903","27029209","chr2","34891557","34891863","40","7862654"
"JH378119","27034832","27035132","chr9","57779688","57779991","38","30744856"
"JH378119","27038873","27039169","chr9","43165199","43165493","39","16126326"
"JH378119","27046004","27046279","chr3","88671361","88671641","46","61625357"
"JH378119","27052345","27052473","chr1","97802296","97802426","13","70749951"
"JH378119","27058312","27058587","chr2","6843755","6844035","51","20214557"
"JH378119","27059010","27059299","chrX","29093856","29094150","38","2034846"
"JH378119","27061506","27061581","chr13","63031813","63031889","6","35970307"
"JH378119","27062844","27063126","chr6","38437831","38438120","33","11374987"
"JH378119","27065221","27065526","chr12","10064948","10065242","32","17000273"
"JH378119","27077292","27077502","chr15","82175072","82175282","24","55097780"
"JH378119","27081741","27082019","chr16","26067530","26067803","47","1014211"
"JH378119","27092717","27093004","chr8","61539136","61539422","39","34446419"
"JH378119","27102288","27102562","chr4","22964909","22965182","44","4137379"
"JH378119","27107776","27108011","chrX","112046945","112047179","28","84939169"
"JH378119","27115708","27115928","chr13","7317370","7317589","29","19798338"
"JH378119","27137558","27137688","chr1","97802296","97802426","14","70664738"
"JH378119","27175221","27175301","chr16","4405728","4405812","8","22769493"
"JH378119","27178881","27179170","chr5","53255334","53255620","34","26076453"
"JH378119","27191729","27191842","chr6","1067449","1067558","16","26124280"
"JH378119","27199735","27199819","chr16","4405728","4405812","7","22794007"
"JH378119","27204038","27204344","chr16","36083795","36084104","39","8879757"
"JH378119","27207550","27207707","chr9","85564984","85565140","16","58357434"
"JH378119","27212083","27212178","chr22","82220107","82220203","7","55008024"
"JH378119","27243011","27243097","chr16","4405728","4405812","10","22837283"
"JH378119","27248266","27248396","chr23","82201349","82201479","9","54953083"
"JH378119","27256214","27256360","chr16","6254228","6254373","29","21001986"
"JH378119","27259319","27259610","chr12","10064948","10065242","33","17194371"
"JH378119","27260397","27260491","chr22","82220107","82220203","9","54959710"
"JH378119","27262288","27262579","chr10","55224096","55224386","39","27961808"
"JH378119","27266721","27266800","chr16","3308866","3308945","6","23957855"
"JH378119","27269715","27270020","chr12","10064948","10065242","28","17204767"
"JH378119","27274665","27274970","chr23","41434219","41434517","38","14159554"
"JH378119","27278766","27279067","chr1","110767904","110768194","43","83489138"
"JH378119","27282633","27282735","chrX","2017984","2018087","12","25264649"
"JH378119","27288184","27288478","chr11","42115371","42115662","37","14827187"
"JH378119","27291872","27292180","chr11","115525233","115525542","36","88233361"
"JH378119","27304710","27304983","chr3","74383891","74384174","45","47079181"
"JH378119","27306587","27306660","chr13","63031813","63031889","8","35725226"
"JH378119","27316569","27316847","chrX","94822951","94823215","54","67506382"
"JH378119","27316880","27317124","chr24","66946035","66946274","32","39629155"
"JH378119","27319983","27320078","chr22","82220107","82220203","6","54900124"
"JH378119","27320196","27320495","chr22","47793370","47793666","40","20473174"
"JH378119","27322154","27322458","chr11","31834827","31835123","37","4512673"
"JH378119","27333105","27333203","chr22","82220107","82220203","12","54887002"
"JH378119","27334260","27334564","chr6","50396221","50396522","38","23061961"
"JH378119","27336823","27337013","chr11","117573457","117573649","22","90236634"
"JH378119","27352307","27352615","chr11","50850288","50850595","36","23497981"
"JH378119","27365109","27365379","chr14","82309362","82309629","44","54944253"
"JH378119","27379579","27379704","chr27","45989091","45989221","13","18609512"
"JH378119","27412507","27412755","chr12","6401463","6401710","29","21011044"
"JH378119","27424504","27424683","chr11","106130585","106130765","23","78706081"
"JH378119","27451414","27451504","chr3","65349691","65349782","12","37898277"
"JH378119","27476442","27476727","chr27","10682804","10683096","44","16793638"
"JH378119","27483912","27484191","chr16","63652876","63653158","33","36168964"
"JH378119","27523306","27523587","chr13","68048794","68049075","38","40525488"
"JH378119","27570435","27570737","chr17","28137789","28138092","32","567354"
"JH378119","27616149","27616429","chr16","15621572","15621837","46","11994577"
"JH378119","27656601","27656901","chr13","74442159","74442450","42","46785558"
"JH378119","27664948","27665038","chr20","119761262","119761350","10","92096314"
"JH378119","27738160","27738466","chr20","105941906","105942211","49","78203746"
"JH378119","27755090","27755362","chr7","134662977","134663252","42","106907887"
"JH378119","27844575","27844878","chr21","22838763","22839060","35","5005812"
"JH378119","27883805","27884091","chr7","115787008","115787298","45","87903203"
"JH378119","28080352","28080648","chr13","65577132","65577425","30","37496780"
"JH378119","28218459","28218533","chr10","95538249","95538325","10","67319790"
"JH378119","28280443","28280751","chr9","34182892","34183200","38","5902449"
"JH378119","28341392","28341679","chr17","34891895","34892184","40","6550503"
"JH378119","28363911","28364220","chr28","4550302","4550608","34","23813609"
"JH378119","28365839","28366080","chr16","5194515","5194756","31","23171324"
"JH378119","28373432","28373736","chr17","28137789","28138092","31","235643"
"JH378119","28414172","28414424","chr27","30819526","30819775","32","2405354"
"JH378119","28432951","28433099","chrX","128768607","128768755","15","100335656"
"JH378119","28441460","28441753","chr15","5114677","5114969","35","23326783"
"JH378119","28446604","28446896","chr19","4492291","4492589","42","23954313"
"JH378119","28472006","28472064","chr1","122100988","122101042","10","93628982"
"JH378119","28480689","28480983","chr3","88960138","88960433","34","60479449"
"JH378119","28485973","28486271","chrX","110092521","110092822","31","81606548"
"JH378119","28491205","28491506","chr19","22724276","22724577","36","5766929"
"JH378119","28494210","28494486","chr21","102480056","102480324","44","73985846"
"JH378119","28496131","28496255","chr10","119613290","119613413","20","91117159"
"JH378119","28505542","28505617","chr13","63031813","63031889","6","34526271"
"JH378119","28515601","28515899","chr1","564984","565294","47","27950617"
"JH378119","28523409","28523502","chr20","119761262","119761350","11","91237853"
"JH378119","28551577","28551881","chr13","15330822","15331129","39","13220755"
"JH378119","28552288","28552599","chr15","77713575","77713870","44","49161287"
"JH378119","28569033","28569337","chr10","122219967","122220268","45","93650934"
"JH378119","28586604","28586906","chr11","40065935","40066232","40","11479331"
"JH378119","28594247","28594556","chr19","11766129","11766433","40","16828118"
"JH378119","28596187","28596469","chr26","36103659","36103942","37","7507472"
"JH378119","28603893","28604027","chr7","130199470","130199614","31","101595577"
"JH378119","28604128","28604221","chr28","6960504","6960603","15","21643624"
"JH378119","28615101","28615397","chr12","10064948","10065242","25","18550153"
"JH378119","28629171","28629249","chr13","63031813","63031889","7","34402642"
"JH378119","28637017","28637291","chr24","27023895","27024155","38","1613122"
"JH378119","28668340","28668491","chr9","59130238","59130387","16","30461898"
"JH378119","28690451","28690580","chr20","20852752","20852882","12","7837699"
"JH378119","28697414","28697729","chr14","22799686","22799991","51","5897728"
"JH378119","28712029","28712249","chr22","83737648","83737885","59","55025619"
"JH378119","28730560","28730817","chr23","42812151","42812409","45","14081591"
"JH378119","28731074","28731369","chr2","85085680","85085970","41","56354606"
"JH378119","28738026","28738239","chr2","34664561","34664778","35","5926535"
"JH378119","28748060","28748343","chr18","26746608","26746895","51","2001452"
"JH378119","28768102","28768409","chr6","16598509","16598818","34","12169593"
"JH378119","28768790","28769085","chr7","133505901","133506203","37","104737111"
"JH378119","28769128","28769258","chr12","72773043","72773175","28","44003915"
"JH378119","28802190","28802491","chr21","56782709","56783007","37","27980519"
"JH378119","28810696","28810978","chr6","2768739","2769024","35","26041957"
"JH378119","28841116","28841236","chr15","90834689","90834810","8","61993573"
"JH378119","28848567","28848681","chr20","115102100","115102215","12","86253533"
"JH378119","28875945","28876249","chr24","6282434","6282731","41","22593511"
"JH378119","28877308","28877605","chr11","115525233","115525542","51","86647925"
"JH378119","28922467","28922775","chr16","30398852","30399159","37","1476385"
"JH378119","28935479","28935774","chr29","10722547","10722839","35","18212932"
"JH378119","28945801","28946094","chr29","10722547","10722839","35","18223254"
"JH378119","28961247","28961538","chr21","74368618","74368909","34","45407371"
"JH378119","28975372","28975675","chr19","13269054","13269354","34","15706318"
"JH378119","29097665","29097946","chr8","1166679","1166964","32","27930986"
"JH378119","29135931","29136223","chr16","33925418","33925712","33","4789487"
"JH378119","29151788","29152073","chr5","26756445","26756721","40","2395343"
"JH378119","29154545","29154631","chr16","4405728","4405812","10","24748817"
"JH378119","29162650","29162964","chr10","16495371","16495677","36","12667279"
"JH378119","29197073","29197386","chr23","41434219","41434517","40","12237146"
"JH378119","29216091","29216397","chr19","8146510","8146808","40","21069581"
"JH378119","29217719","29218025","chr20","70184160","70184468","40","40966441"
"JH378119","29228037","29228348","chr20","116596870","116597178","53","87368833"
"JH378119","29405162","29405466","chr12","10064948","10065242","37","19340214"
"JH378119","29460110","29460480","chr6","29837241","29837591","93","377131"
"JH378119","29510911","29511217","chr26","16008721","16009029","34","13502190"
"JH378119","29520613","29520716","chrX","25194654","25194764","15","4325959"
"JH378119","29523710","29524012","chr12","6781553","6781865","57","22742157"
"JH378119","29608315","29608625","chr11","115525233","115525542","32","85916918"
"JH378119","29644076","29644381","chr22","16005168","16005472","33","13638908"
"JH378119","29761611","29761909","chr22","4912713","4913009","42","24848898"
"JH378119","29796710","29797016","chr11","88285467","88285763","35","58488757"
"JH378119","29914756","29915060","chr12","10064948","10065242","32","19849808"
"JH378119","29920088","29920363","chr12","25422159","25422437","37","4497929"
"JH378119","29939178","29939438","chr11","11461111","11461367","39","18478067"
"JH378119","30036959","30037262","chr6","41679859","41680157","42","11642900"
"JH378119","30114285","30114586","chr12","55525619","55525922","44","25411334"
"JH378119","30210250","30210545","chr1","66807483","66807786","38","36597233"
"JH378119","30226925","30227061","chr23","56978905","56979044","20","26751980"
"JH378119","30232338","30232644","chr5","2273487","2273788","30","27958851"
"JH378119","30245464","30245768","chr4","31268658","31268962","38","1023194"
"JH378119","30249310","30249439","chr20","67637645","67637774","11","37388335"
"JH378119","30294264","30294554","chr11","19611133","19611417","35","10683131"
"JH378119","30298985","30299081","chr24","34051581","34051688","20","3752596"
"JH378119","30316115","30316419","chr4","62319289","62319595","43","32003174"
"JH378119","30325620","30325932","chr12","102954295","102954602","43","72628675"
"JH378119","30327344","30327660","chr6","30615970","30616291","52","288626"
"JH378119","30373370","30373668","chrX","14268019","14268317","34","16105351"
"JH378119","30373700","30373884","chr19","5662814","5663015","46","24710886"
"JH378119","30377208","30377486","chr1","105168338","105168617","31","74791130"
"JH378119","30388874","30389176","chr12","10064948","10065242","29","20323926"
"JH378119","30408339","30408647","chr1","65504304","65504612","36","35095965"
"JH378119","30542784","30543131","chr11","18426510","18426808","141","12116274"
"JH378119","30546621","30546933","chrX","44976189","44976495","40","14429568"
"JH378119","30831542","30831839","chr8","1916519","1916819","37","28915023"
"JH378119","30951914","30952187","chrX","55056274","55056537","43","24104360"
"JH378119","30972638","30972920","chr4","68750844","68751128","36","37778206"
"JH378119","31006512","31006809","chr9","81169895","81170188","45","50163383"
"JH378119","31058337","31058459","chr3","72385674","72385796","12","41327337"
"JH378119","31094689","31094997","chr9","57875604","57875901","37","26780915"
"JH378119","31116476","31116786","chr11","115525233","115525542","37","84408757"
"JH378119","31117176","31117432","chr6","38291436","38291692","37","7174260"
"JH378119","31139382","31139513","chr27","41635157","41635288","17","10495775"
"JH378119","31158404","31158617","chr22","6719548","6719763","25","24438856"
"JH378119","31220226","31220464","chr23","79737523","79737760","38","48517297"
"JH378119","31221205","31221507","chr11","95656290","95656585","48","64435085"
"JH378119","31605586","31605894","chr8","97088740","97089048","42","65483154"
"JH378119","31641895","31642025","chr1","97802296","97802426","10","66160401"
"JH378119","31741746","31742055","chr2","34891557","34891863","44","3149811"
"JH378119","31774923","31775225","chr2","42763208","42763513","41","10988285"
"JH378119","31893748","31893847","chr22","82220107","82220203","9","50326359"
"JH378119","31906618","31906917","chr12","10064948","10065242","23","21841670"
"JH378119","31918605","31918895","chrX","49498574","49498857","35","17579969"
"JH378119","31922250","31922330","chr16","3308866","3308945","8","28613384"
"JH378119","31953576","31953696","chr15","90834689","90834810","11","58881113"
"JH378119","31976897","31976975","chr5","21170991","21171075","14","10805906"
"JH378119","32007942","32008232","chr12","10064948","10065242","28","21942994"
"JH378119","32010375","32010682","chr8","40351555","40351858","37","8341180"
"JH378119","32022766","32022843","chr13","63031813","63031889","8","31009047"
"JH378119","32033553","32033842","chr21","75861886","75862178","42","43828333"
"JH378119","32079221","32079505","chr29","1616258","1616545","31","30462963"
"JH378119","32086657","32086960","chr8","50050775","50051071","46","17964118"
"JH378119","32097358","32097660","chr16","54214553","54214848","43","22117195"
"JH378119","32097797","32098107","chr2","34891557","34891863","45","2793760"
"JH378119","32103024","32103307","chr9","96208134","96208421","47","64105110"
"JH378119","32104445","32104726","chr1","11027455","11027735","38","21076990"
"JH378119","32114692","32114771","chr5","67880800","67880883","9","35766108"
"JH378119","32117533","32117819","chr11","19611133","19611417","32","12506400"
"JH378119","32124620","32124911","chr12","6781553","6781865","133","25343067"
"JH378119","32136346","32136642","chr20","104630107","104630400","37","72493761"
"JH378119","32157094","32157403","chr11","19611133","19611417","57","12545961"
"JH378119","32175968","32176271","chr5","64637755","64638059","38","32461787"
"JH378119","32177864","32177943","chr16","3308866","3308945","9","28868998"
"JH378119","32188456","32188755","chr15","3702894","3703194","33","28485562"
"JH378119","32192141","32192454","chr2","20242750","20243052","36","11949391"
"JH378119","32197758","32197848","chr16","4405728","4405812","10","27792030"
"JH378119","32202279","32202577","chr12","10064948","10065242","25","22137331"
"JH378119","32210487","32210769","chr16","15159609","15159898","43","17050878"
"JH378119","32247309","32247615","chr2","72445396","72445702","54","40198087"
"JH378119","32296935","32297231","chr11","95656290","95656585","35","63359355"
"JH378119","32366028","32366116","chr19","7758593","7758681","9","24607435"
"JH378119","32399565","32399859","chr15","5114677","5114969","36","27284888"
"JH378119","32401477","32401775","chr8","50050775","50051071","40","17649298"
"JH378119","32512142","32512450","chr20","46933799","46934103","39","14421657"
"JH378119","32593203","32593514","chr24","68895333","68895641","35","36302130"
"JH378119","32612128","32612276","chr16","9575551","9575702","23","23036577"
"JH378119","32616904","32617213","chr14","83570862","83571166","46","50953958"
"JH378119","32691297","32691602","chr23","41434219","41434517","36","8742922"
"JH378119","32743749","32744064","chr1","65504304","65504612","34","32760555"
"JH378119","32763669","32763963","chr2","9424142","9424441","49","23339527"
"JH378119","32773069","32773348","chr19","22521438","22521721","45","10251631"
"JH378119","32777320","32777631","chr1","110696522","110696824","44","77919202"
"JH378119","32823155","32823450","chr5","18957272","18957569","41","13865883"
"JH378119","32836311","32836585","chr22","65830729","65830999","40","32994418"
"JH378119","32865882","32866182","chr2","47575316","47575620","53","14709434"
"JH378119","32897281","32897589","chr24","68895333","68895641","35","35998052"
"JH378119","32914025","32914351","chr24","32411214","32411567","116","502811"
"JH378119","32918917","32919007","chr3","65349691","65349782","8","32430774"
"JH378119","32920832","32920916","chr16","4405728","4405812","8","28515104"
"JH378119","32928869","32929173","chr12","104595406","104595692","64","71666537"
"JH378119","32950486","32950781","chr16","70684193","70684489","34","37733707"
"JH378119","32968890","32969087","chr11","113198591","113198787","34","80229701"
"JH378119","32969089","32969229","chr9","27023661","27023804","20","5945428"
"JH378119","32984495","32984687","chr16","68347258","68347451","25","35362763"
"JH378119","33031730","33032029","chr10","125400149","125400442","36","92368419"
"JH378119","33162477","33162770","chr24","31782318","31782620","44","1380159"
"JH378119","33202763","33203075","chr11","115525233","115525542","31","82322470"
"JH378119","33253896","33254184","chr15","51612759","51613042","37","18358863"
"JH378119","33335601","33335862","chr12","25844767","25845026","41","7490834"
"JH378119","33356720","33357035","chr5","23301788","23302102","43","10054932"
"JH378119","33442107","33442410","chr5","2273487","2273788","29","31168620"
"JH378119","33450757","33451058","chr7","38253253","38253557","42","4802496"
"JH378119","33496911","33497218","chr12","5782232","5782537","36","27714679"
"JH378119","33641842","33641993","chr24","12006650","12006799","18","21635192"
"JH378119","33718240","33718540","chr7","99122760","99123061","36","65404520"
"JH378119","33722160","33722441","chr18","36917566","36917852","40","3195406"
"JH378119","33758788","33759103","chrX","28194989","28195297","39","5563799"
"JH378119","33792057","33792356","chr12","10064948","10065242","28","23727109"
"JH378119","33911832","33911935","chrX","2017984","2018087","9","31893848"
"JH378119","33913120","33913196","chr13","63031813","63031889","6","29118693"
"JH378119","33928416","33928519","chrX","2017984","2018087","10","31910432"
"JH378119","33932035","33932326","chr14","41748186","41748475","32","7816151"
"JH378119","33933423","33933736","chrX","88987469","88987776","43","55054046"
"JH378119","33973950","33974252","chr12","6781553","6781865","124","27192397"
"JH378119","33986909","33987004","chr22","82220107","82220203","5","48233198"
"JH378119","33998330","33998612","chr19","1421502","1421792","45","32576828"
"JH378119","34000167","34000264","chr22","82220107","82220203","11","48219940"
"JH378119","34005432","34005736","chr5","2273487","2273788","27","31731945"
"JH378119","34012496","34012586","chr3","65349691","65349782","12","31337195"
"JH378119","34027467","34027551","chr16","4405728","4405812","5","29621739"
"JH378119","34042057","34042250","chr13","35728754","35728948","34","1686697"
"JH378119","34044068","34044295","chr28","18355531","18355757","33","15688537"
"JH378119","34053563","34053867","chr14","38813996","38814293","38","4760433"
"JH378119","34072233","34072528","chr15","86758708","86759003","43","52686475"
"JH378119","34079653","34079956","chrX","59127830","59128128","34","25048177"
"JH378119","34082354","34082664","chr1","65504304","65504612","36","31421950"
"JH378119","34105033","34105123","chr22","82220107","82220203","9","48115074"
"JH378119","34121063","34121387","chr2","24099722","24100046","44","10021341"
"JH378119","34137296","34137584","chr15","54120993","54121279","37","19983697"
"JH378119","34143109","34143414","chr8","120119487","120119791","32","85976378"
"JH378119","34154318","34154634","chr1","65504304","65504612","37","31349986"
"JH378119","34190170","34190273","chrX","2017984","2018087","10","32172186"
"JH378119","34267990","34268297","chr4","88788880","88789184","32","54520890"
"JH378119","34270051","34270349","chr12","10064948","10065242","23","24205103"
"JH378119","34325602","34325691","chr19","7758593","7758681","9","26567009"
"JH378119","34331946","34332198","chr9","16492964","16493209","48","17838982"
"JH378119","34348435","34348742","chr12","100081445","100081751","45","65733010"
"JH378119","34355327","34355617","chr13","65577132","65577425","32","31221805"
"JH378119","34371660","34371960","chr22","45313893","45314198","48","10942233"
"JH378119","34443725","34444009","chr24","26938119","26938393","46","7505606"
"JH378119","34454108","34454419","chr5","2273487","2273788","35","32180621"
"JH378119","34458631","34458930","chr12","10064948","10065242","29","24393683"
"JH378119","34536422","34536728","chr2","35933723","35934028","39","1397301"
"JH378119","34567378","34567681","chr9","13404552","13404853","35","21162826"
"JH378119","34630102","34630411","chr11","115525233","115525542","33","80895131"
"JH378119","34649729","34650033","chr5","2273487","2273788","39","32376242"
"JH378119","34696608","34696906","chr1","31818411","31818697","47","2878197"
"JH378119","34728690","34728971","chr20","66273963","66274240","39","31545273"
"JH378119","34855400","34855709","chr2","34891557","34891863","34","36157"
"JH378119","34885487","34885785","chr1","120627658","120627951","31","85742171"
"JH378119","34899462","34899774","chr23","41434219","41434517","42","6534757"
"JH378119","35009460","35009770","chr1","65504304","65504612","31","30494844"
"JH378119","35069523","35069600","chr13","63031813","63031889","8","27962290"
"JH378119","35185968","35186261","chr6","38437831","38438120","32","3251863"
"JH378119","35244077","35244384","chr8","52124179","52124487","39","16880102"
"JH378119","35328630","35328900","chr24","52926192","52926451","53","17597562"
"JH378119","35388035","35388338","chr24","67239754","67240052","33","31851719"
"JH378119","35395555","35395864","chr26","38024857","38025165","33","2629302"
"JH378119","35414646","35414948","chr6","9993126","9993409","123","25421520"
"JH378119","35415323","35415617","chr1","62770679","62770970","48","27355356"
"JH378119","35431695","35431989","chr29","10722547","10722839","42","24709148"
"JH378119","35499590","35499882","chr6","38437831","38438120","32","2938241"
"JH378119","35502800","35502874","chr5","1831151","1831223","15","33671649"
"JH378119","35529065","35529354","chr26","26157512","26157808","47","9371553"
"JH378119","35569441","35569734","chr10","18726103","18726390","54","16843338"
"JH378119","35689465","35689605","chr6","3375709","3375847","18","32313756"
"JH378119","35728036","35728126","chr22","82220107","82220203","13","46492071"
"JH378119","35754399","35754701","chr5","2273487","2273788","27","33480912"
"JH378119","35850158","35850469","chr19","9824759","9825062","33","26025399"
"JH378119","35983878","35984153","chr18","29549483","29549757","36","6434395"
"JH378119","35987259","35987550","chr9","32166463","32166757","49","3820796"
"JH378119","36035543","36035628","chr16","4405728","4405812","7","31629815"
"JH378119","36106477","36106780","chr1","87458669","87458972","40","51352192"
"JH378119","36169331","36169624","chr8","116154503","116154798","43","79985172"
"JH378119","36220538","36220787","chr9","49235195","49235441","39","13014657"
"JH378119","36312780","36313095","chr27","32521779","32522086","45","3791001"
"JH378119","36322932","36323159","chr21","71246060","71246287","29","34923128"
"JH378120","13238195","13238500","chr11","77493952","77494259","36","64255757"
"JH378120","18481091","18481402","chr1","65504304","65504612","33","47023213"
"JH378120","57518","57812","chr8","104167104","104167395","42","104109586"
"JH378120","102564","102855","chrX","95460911","95461200","48","95358347"
"JH378120","103728","104034","chrX","11815348","11815650","35","11711620"
"JH378120","208258","208546","chr8","1166679","1166964","34","958421"
"JH378120","224250","224560","chr5","2273487","2273788","35","2049237"
"JH378120","368667","368931","chr11","41379026","41379306","48","41010359"
"JH378120","413255","413547","chr13","65577132","65577425","27","65163877"
"JH378120","418661","418968","chr5","2273487","2273788","37","1854826"
"JH378120","479463","479769","chr2","34891557","34891863","32","34412094"
"JH378120","519866","520084","chr13","7317370","7317589","27","6797504"
"JH378120","541027","541107","chr5","67880800","67880883","9","67339773"
"JH378120","636692","636992","chr9","54481203","54481506","38","53844511"
"JH378120","677560","677861","chr14","101842471","101842766","38","101164911"
"JH378120","680143","680257","chr24","48537275","48537387","13","47857132"
"JH378120","695109","695352","chr2","31215084","31215325","35","30519975"
"JH378120","706723","706961","chr2","60289734","60289960","37","59583011"
"JH378120","751097","751398","chr12","10064948","10065242","41","9313851"
"JH378120","844712","845014","chr16","10137565","10137859","40","9292853"
"JH378120","850355","850667","chr28","4550302","4550608","35","3699947"
"JH378120","876790","877056","chr8","19980415","19980674","40","19103625"
"JH378120","932948","933238","chr7","69511197","69511486","47","68578249"
"JH378120","956610","956903","chr26","56179571","56179873","36","55222961"
"JH378120","987908","988201","chr21","124101320","124101612","31","123113412"
"JH378120","1022695","1023003","chr16","30398852","30399159","36","29376157"
"JH378120","1094674","1094759","chr16","4405728","4405812","7","3311054"
"JH378120","1100861","1101156","chrX","23977849","23978143","36","22876988"
"JH378120","1134619","1134904","chr5","42662951","42663235","33","41528332"
"JH378120","1280878","1281188","chr23","80808335","80808640","46","79527457"
"JH378120","1294539","1294846","chr2","14718646","14718944","44","13424107"
"JH378120","1300539","1300844","chr7","99172603","99172901","49","97872064"
"JH378120","1301264","1301574","chr5","36774379","36774687","32","35473115"
"JH378120","1318224","1318338","chr20","115102100","115102215","12","113783876"
"JH378120","1333623","1333899","chrX","22015718","22015995","43","20682095"
"JH378120","1335350","1335444","chr22","82220107","82220203","8","80884757"
"JH378120","1337528","1337628","chr1","39939684","39939788","10","38602156"
"JH378120","1377845","1378141","chr20","103824795","103825094","41","102446950"
"JH378120","1393351","1393625","chr11","116106618","116106892","47","114713267"
"JH378120","1435039","1435323","chr24","76614329","76614607","47","75179290"
"JH378120","1470198","1470500","chr12","10064948","10065242","33","8594750"
"JH378120","1513228","1513507","chr28","19249070","19249347","42","17735842"
"JH378120","1702599","1702888","chr12","10064948","10065242","27","8362349"
"JH378120","1740692","1740982","chr1","103733461","103733745","49","101992769"
"JH378120","1836886","1837191","chr20","38826409","38826710","38","36989523"
"JH378120","1882627","1882920","chr9","96977034","96977330","42","95094407"
"JH378120","1892963","1893264","chr11","53220620","53220917","40","51327657"
"JH378120","1907465","1907756","chr19","12021821","12022116","43","10114356"
"JH378120","1925297","1925559","chr2","14807011","14807274","57","12881714"
"JH378120","1927966","1928258","chr20","41327248","41327538","41","39399282"
"JH378120","1971956","1972268","chr1","65504304","65504612","39","63532348"
"JH378120","1981854","1982147","chr12","10064948","10065242","36","8083094"
"JH378120","1999195","1999493","chrX","23977849","23978143","32","21978654"
"JH378120","2103953","2104255","chr19","9824759","9825062","29","7720806"
"JH378120","2123925","2124059","chr26","6591504","6591639","11","4467579"
"JH378120","2140640","2140777","chr15","44690942","44691076","41","42550302"
"JH378120","2190314","2190604","chr17","67611383","67611673","48","65421069"
"JH378120","2204644","2204935","chr12","10064948","10065242","35","7860304"
"JH378120","2269758","2270055","chr12","10064948","10065242","32","7795190"
"JH378120","2272905","2273207","chr1","32340767","32341062","46","30067862"
"JH378120","2329898","2330207","chr1","65504304","65504612","36","63174406"
"JH378120","2353015","2353283","chr16","63471279","63471543","43","61118264"
"JH378120","2402720","2402809","chr3","65349691","65349782","11","62946971"
"JH378120","2427350","2427461","chr17","40217264","40217370","19","37789914"
"JH378120","2553251","2553551","chr16","48421590","48421886","33","45868339"
"JH378120","2610601","2610904","chr1","10803268","10803561","48","8192667"
"JH378120","2628029","2628329","chr26","44953744","44954034","52","42325715"
"JH378120","2653557","2653844","chr5","20366749","20367033","34","17713192"
"JH378120","2670509","2670810","chr13","65577132","65577425","32","62906623"
"JH378120","2678929","2679224","chr12","18820776","18821076","52","16141847"
"JH378120","2688936","2689240","chr13","65577132","65577425","45","62888196"
"JH378120","2703748","2703878","chr3","91348390","91348521","8","88644642"
"JH378120","2705728","2706031","chr9","119299436","119299742","40","116593708"
"JH378120","2709780","2710007","chr22","9316072","9316296","29","6606292"
"JH378120","2732104","2732223","chr25","78291219","78291335","13","75559115"
"JH378120","2776209","2776526","chr5","54787307","54787623","39","52011098"
"JH378120","2788789","2788918","chr20","20852752","20852882","11","18063963"
"JH378120","2793317","2793615","chr12","10064948","10065242","31","7271631"
"JH378120","2803979","2804277","chr14","37615851","37616147","26","34811872"
"JH378120","2813585","2813882","chr12","10064948","10065242","26","7251363"
"JH378120","2815375","2815685","chr5","16792567","16792878","41","13977192"
"JH378120","2816945","2817237","chr7","123616853","123617149","42","120799908"
"JH378120","2827472","2827697","chr20","109416530","109416751","35","106589058"
"JH378120","2841005","2841286","chr29","1616258","1616545","45","1224747"
"JH378120","2842504","2842577","chr13","63031813","63031889","8","60189309"
"JH378120","2848031","2848156","chr1","8688937","8689061","15","5840906"
"JH378120","2854257","2854347","chr3","65349691","65349782","11","62495434"
"JH378120","2864545","2864620","chr6","1735934","1736003","23","1128611"
"JH378120","2872004","2872288","chr5","26494257","26494539","35","23622253"
"JH378120","2876771","2877072","chr10","85994531","85994826","33","83117760"
"JH378120","2884167","2884252","chr16","4405728","4405812","6","1521561"
"JH378120","2888832","2889111","chr2","80816936","80817209","53","77928104"
"JH378120","2895261","2895550","chr12","103818042","103818341","39","100922781"
"JH378120","2919560","2919830","chr3","35708120","35708402","61","32788560"
"JH378120","2928380","2928506","chr6","15917147","15917274","13","12988767"
"JH378120","2940158","2940268","chr15","13792351","13792461","11","10852193"
"JH378120","2949911","2949987","chr10","95538249","95538325","7","92588338"
"JH378120","2950970","2951112","chr1","104985644","104985768","31","102034674"
"JH378120","2959663","2959918","chr16","68347000","68347257","33","65387337"
"JH378120","2969512","2969708","chr11","117573457","117573649","29","114603945"
"JH378120","2972805","2972933","chr20","20852752","20852882","10","17879947"
"JH378120","2974938","2975066","chr3","91348390","91348521","11","88373452"
"JH378120","2975360","2975644","chr6","13819152","13819426","59","10843792"
"JH378120","2983990","2984123","chrUn_AQIB01158758v1","1","132","30","2983989"
"JH378120","2984740","2985021","chr25","51030152","51030441","41","48045412"
"JH378120","2995524","2995601","chr13","63031813","63031889","8","60036289"
"JH378120","3019670","3019749","chr16","3308866","3308945","9","289196"
"JH378120","3028205","3028282","chr13","63031813","63031889","7","60003608"
"JH378120","3037169","3037462","chr1","10803268","10803561","29","7766099"
"JH378120","3044578","3044872","chrX","23977849","23978143","29","20933271"
"JH378120","3051680","3051984","chr18","67218974","67219278","46","64167294"
"JH378120","3060837","3060914","chr13","63031813","63031889","7","59970976"
"JH378120","3064836","3064966","chr20","20852752","20852882","8","17787916"
"JH378120","3070654","3070951","chr13","65577132","65577425","32","62506478"
"JH378120","3071139","3071442","chr3","10090068","10090367","42","7018929"
"JH378120","3084297","3084601","chr19","23977337","23977645","45","20893040"
"JH378120","3093164","3093469","chr28","4550302","4550608","35","1457138"
"JH378120","3093575","3093895","chr21","70936017","70936326","48","67842442"
"JH378120","3109041","3109125","chr12","7441397","7441481","7","4332356"
"JH378120","3146376","3146625","chr9","55166194","55166434","39","52019818"
"JH378120","3152957","3153159","chr12","61255939","61256136","31","58102982"
"JH378120","3168487","3168719","chr11","126175108","126175340","29","123006621"
"JH378120","3182589","3182834","chr16","5798617","5798859","33","2616028"
"JH378120","3227443","3227589","chr17","47733511","47733658","13","44506068"
"JH378120","3236255","3236530","chr14","2384599","2384877","39","851656"
"JH378120","3236584","3236889","chr1","65504304","65504612","37","62267720"
"JH378120","3247360","3247671","chr5","66812818","66813124","46","63565458"
"JH378120","3282071","3282356","chr21","117147151","117147439","41","113865080"
"JH378120","3295775","3296094","chr24","68895333","68895641","44","65599558"
"JH378120","3299213","3299298","chr16","4405728","4405812","6","1106515"
"JH378120","3299964","3300054","chr19","7758593","7758681","11","4458629"
"JH378120","3327040","3327116","chr13","63031813","63031889","6","59704773"
"JH378120","3335223","3335326","chr1","39939684","39939788","10","36604461"
"JH378120","3338593","3338812","chr2","41986599","41986802","53","38648006"
"JH378120","3345660","3345931","chr9","30416228","30416495","34","27070568"
"JH378120","3347578","3347649","chr14","21216769","21216838","5","17869191"
"JH378120","3356029","3356330","chr12","10064948","10065242","27","6708919"
"JH378120","3361857","3362148","chr5","4915180","4915468","47","1553323"
"JH378120","3372430","3372716","chr5","42662951","42663235","37","39290521"
"JH378120","3380417","3380721","chr6","29168940","29169240","40","25788523"
"JH378120","3381632","3381737","chr1","39939684","39939788","11","36558052"
"JH378120","3383552","3383682","chr3","91348390","91348521","9","87964838"
"JH378120","3384695","3384771","chr13","63031813","63031889","7","59647118"
"JH378120","3388712","3389026","chr1","2872653","2872961","41","516059"
"JH378120","3389044","3389327","chr13","49383608","49383901","43","45994564"
"JH378120","3393206","3393506","chr12","106807603","106807904","30","103414397"
"JH378120","3400091","3400303","chr14","89949072","89949278","29","86548981"
"JH378120","3401273","3401534","chr1","9765275","9765547","41","6364002"
"JH378120","3402128","3402395","chr22","9600661","9600931","36","6198533"
"JH378120","3416231","3416428","chr11","47597052","47597250","33","44180821"
"JH378120","3425064","3425154","chr3","65349691","65349782","12","61924627"
"JH378120","3441526","3441822","chr12","10064948","10065242","26","6623422"
"JH378120","3448927","3449240","chr1","65504304","65504612","35","62055377"
"JH378120","3455042","3455334","chr20","125301133","125301424","37","121846091"
"JH378120","3474115","3474419","chr5","2273487","2273788","28","1200628"
"JH378120","3474467","3474777","chr1","65504304","65504612","34","62029837"
"JH378120","3478220","3478365","chr5","22000705","22000847","17","18522485"
"JH378120","3485265","3485567","chr12","10064948","10065242","26","6579683"
"JH378120","3498327","3498601","chr5","27812983","27813260","31","24314656"
"JH378120","3513538","3513814","chr12","12434992","12435260","37","8921454"
"JH378120","3538444","3538746","chr16","65250770","65251068","30","61712326"
"JH378120","3542189","3542383","chr16","68347258","68347451","19","64805069"
"JH378120","3563947","3564243","chr12","52675776","52676069","41","49111829"
"JH378120","3578521","3578814","chr12","10064948","10065242","26","6486427"
"JH378120","3638216","3638505","chrX","23977849","23978143","48","20339633"
"JH378120","3639924","3640001","chr13","63031813","63031889","7","59391889"
"JH378120","3675835","3675975","chr3","90669571","90669712","16","86993736"
"JH378120","3740127","3740430","chr25","55441921","55442218","43","51701794"
"JH378120","3740654","3740921","chr9","104139191","104139453","43","100398537"
"JH378120","3803506","3803793","chr14","68642036","68642333","48","64838530"
"JH378120","3880979","3881252","chr11","117793063","117793332","42","113912084"
"JH378120","3938680","3938964","chr24","69804893","69805182","47","65866213"
"JH378120","4049815","4050118","chr9","107702506","107702802","51","103652691"
"JH378120","4061539","4061813","chr23","5517272","5517549","38","1455733"
"JH378120","4117457","4117755","chr9","86640988","86641280","37","82523531"
"JH378120","4359541","4359703","chr1","27999713","27999874","30","23640172"
"JH378120","4360597","4360687","chr3","65349691","65349782","12","60989094"
"JH378120","4364571","4364845","chr4","53346939","53347217","33","48982368"
"JH378120","4378842","4379137","chr9","96314869","96315163","40","91936027"
"JH378120","4398936","4399025","chr3","65349691","65349782","12","60950755"
"JH378120","4416721","4417027","chr12","5303669","5303965","37","886948"
"JH378120","4420430","4420731","chr12","10064948","10065242","26","5644518"
"JH378120","4428890","4428986","chr22","82220107","82220203","6","77791217"
"JH378120","4477056","4477355","chr16","25791548","25791851","29","21314492"
"JH378120","4520250","4520534","chr7","4315632","4315915","38","204618"
"JH378120","4543468","4543724","chr7","102534363","102534610","42","97990895"
"JH378120","4622459","4622752","chrX","23977849","23978143","44","19355390"
"JH378120","4660393","4660469","chr18","68199380","68199448","15","63538987"
"JH378120","4660570","4660869","chr15","86758708","86759003","33","82098138"
"JH378120","4741091","4741405","chr9","63581525","63581830","38","58840434"
"JH378120","4856642","4856732","chr19","7758593","7758681","10","2901951"
"JH378120","4895851","4896158","chr12","10064948","10065242","35","5169097"
"JH378120","4926721","4926982","chr11","12774928","12775192","54","7848207"
"JH378120","4995000","4995312","chr9","62594343","62594647","49","57599343"
"JH378120","5010336","5010611","chr10","102632008","102632285","45","97621672"
"JH378120","5030824","5031130","chr2","5168180","5168471","45","137356"
"JH378120","5035489","5035762","chr17","53320376","53320642","36","48284887"
"JH378120","5103659","5103950","chr10","8909912","8910203","32","3806253"
"JH378120","5155905","5156204","chr23","56646135","56646425","53","51490230"
"JH378120","5309949","5310024","chr13","63031813","63031889","7","57721864"
"JH378120","5349021","5349314","chr13","65577132","65577425","45","60228111"
"JH378120","5391276","5391370","chr22","82220107","82220203","7","76828831"
"JH378120","5393019","5393270","chr3","27543319","27543573","30","22150300"
"JH378120","5434750","5435057","chr2","35499399","35499708","41","30064649"
"JH378120","5448051","5448357","chr26","38024857","38025165","37","32576806"
"JH378120","5491603","5491875","chr9","68188524","68188799","41","62696921"
"JH378120","5491878","5492041","chr4","72717306","72717468","25","67225428"
"JH378120","5493874","5494162","chr4","69800553","69800850","40","64306679"
"JH378120","5542772","5543061","chr6","13297004","13297294","44","7754232"
"JH378120","5603207","5603501","chr20","79129664","79129950","39","73526457"
"JH378120","5856079","5856384","chr12","74217361","74217667","29","68361282"
"JH378120","5904765","5905074","chr1","65504304","65504612","32","59599539"
"JH378120","5914031","5914334","chr5","2273487","2273788","29","3640544"
"JH378120","5954203","5954501","chr12","10064948","10065242","31","4110745"
"JH378120","6024938","6025150","chr23","12475122","12475330","36","6450184"
"JH378120","6029322","6029603","chr11","64811978","64812258","36","58782656"
"JH378120","6039578","6039875","chr4","80896246","80896552","46","74856668"
"JH378120","6123981","6124288","chr5","37860748","37861034","55","31736767"
"JH378120","6139321","6139400","chr15","39050206","39050292","15","32910885"
"JH378120","6251132","6251430","chr12","10064948","10065242","33","3813816"
"JH378120","6252475","6252778","chr2","65511339","65511645","42","59258864"
"JH378120","6281045","6281357","chr1","564984","565294","47","5716061"
"JH378120","6291615","6291913","chr18","66189352","66189642","45","59897737"
"JH378120","6295413","6295686","chr23","71125189","71125474","38","64829776"
"JH378120","6296288","6296584","chr6","5507628","5507929","51","788660"
"JH378120","6312087","6312388","chr12","10064948","10065242","37","3752861"
"JH378120","6324656","6324944","chr23","29765674","29765961","33","23441018"
"JH378120","6331405","6331682","chr9","93997915","93998191","36","87666510"
"JH378120","6370329","6370479","chr9","59130238","59130387","16","52759909"
"JH378120","6416518","6416819","chr12","10064948","10065242","27","3648430"
"JH378120","6421294","6421596","chr8","95885898","95886192","36","89464604"
"JH378120","6427345","6427649","chr5","23332270","23332572","54","16904925"
"JH378120","6449939","6450219","chr23","5517272","5517549","33","932667"
"JH378120","6462790","6463102","chr9","96206836","96207123","57","89744046"
"JH378120","6473224","6473491","chr28","14633943","14634221","46","8160719"
"JH378120","6484501","6484622","chr15","90834689","90834810","10","84350188"
"JH378120","6489021","6489329","chr6","32045639","32045931","47","25556618"
"JH378120","6492085","6492395","chr1","65504304","65504612","30","59012219"
"JH378120","6495243","6495497","chr5","71310488","71310745","48","64815245"
"JH378120","6514872","6515001","chr27","32448797","32448927","10","25933925"
"JH378120","6525008","6525314","chr12","6781553","6781865","75","256545"
"JH378120","6529017","6529165","chr3","90669571","90669712","16","84140554"
"JH378120","6533891","6534210","chr3","20237905","20238212","43","13704014"
"JH378120","6537551","6537657","chr6","1067449","1067558","12","5470102"
"JH378120","6537753","6538037","chr11","116305578","116305862","37","109767825"
"JH378120","6566877","6567151","chr16","26067530","26067803","38","19500653"
"JH378120","6581069","6581163","chr22","82220107","82220203","9","75639038"
"JH378120","6581861","6582041","chr27","48334454","48334629","57","41752593"
"JH378120","6589440","6589736","chr12","60432247","60432540","40","53842807"
"JH378120","6591255","6591398","chr6","7229588","7229731","17","638333"
"JH378120","6591859","6591934","chr13","63031813","63031889","9","56439954"
"JH378120","6620285","6620367","chr5","67880800","67880883","7","61260515"
"JH378120","6627338","6627625","chr5","42662951","42663235","30","36035613"
"JH378120","6648745","6649050","chr5","2273487","2273788","29","4375258"
"JH378120","6660143","6660436","chr10","8909912","8910203","36","2249769"
"JH378120","6677018","6677304","chrX","50193691","50193982","39","43516673"
"JH378120","6678982","6679272","chr2","11814173","11814455","49","5135191"
"JH378120","6679534","6679832","chr12","10064948","10065242","27","3385414"
"JH378120","6686644","6686927","chr23","73077881","73078169","32","66391237"
"JH378120","6696675","6696978","chr5","2273487","2273788","34","4423188"
"JH378120","6732920","6733182","chrX","30054554","30054815","39","23321634"
"JH378120","6739716","6740015","chr20","106884868","106885166","42","100145152"
"JH378120","6740280","6740583","chr22","70744630","70744933","37","64004350"
"JH378120","6771971","6772283","chr5","56921180","56921483","42","50149209"
"JH378120","6774466","6774566","chr23","60352980","60353074","17","53578514"
"JH378120","6775330","6775420","chr3","65349691","65349782","11","58574361"
"JH378120","6800149","6800460","chr2","25122492","25122796","42","18322343"
"JH378120","6810974","6811255","chr4","62404432","62404702","43","55593458"
"JH378120","6819493","6819780","chr18","56165308","56165595","35","49345815"
"JH378120","6820605","6820921","chrX","125302543","125302844","42","118481938"
"JH378120","6855738","6856045","chr29","8278863","8279172","38","1423125"
"JH378120","6862780","6863071","chr5","69791421","69791713","39","62928641"
"JH378120","6883611","6883909","chr11","42115371","42115662","45","35231760"
"JH378120","6891670","6891975","chr2","34891557","34891863","36","27999887"
"JH378120","6897873","6897957","chr5","67880800","67880883","6","60982927"
"JH378120","6927758","6927900","chr10","93481394","93481538","33","86553636"
"JH378120","6947046","6947320","chr11","117506724","117507000","38","110559678"
"JH378120","6962986","6963294","chr26","38024857","38025165","29","31061871"
"JH378120","6971128","6971410","chr26","36103659","36103942","41","29132531"
"JH378120","6973535","6973637","chrX","2017984","2018087","14","4955551"
"JH378120","6979986","6980297","chr1","65504304","65504612","32","58524318"
"JH378120","6993455","6993543","chr5","67880800","67880883","11","60887345"
"JH378120","6996653","6996937","chr22","40543331","40543611","42","33546678"
"JH378120","7013559","7013642","chr16","4405728","4405812","9","2607831"
"JH378120","7030383","7030497","chr4","60395666","60395783","14","53365283"
"JH378120","7032868","7033015","chr9","59130238","59130387","14","52097370"
"JH378120","7036063","7036344","chr16","18487100","18487391","58","11451037"
"JH378120","7051064","7051370","chr12","42496121","42496421","44","35445057"
"JH378120","7053685","7053927","chr25","73647297","73647508","50","66593612"
"JH378120","7057537","7057619","chr5","67880800","67880883","11","60823263"
"JH378120","7063146","7063461","chr6","16598509","16598818","37","9535363"
"JH378120","7065334","7065456","chr1","8688937","8689061","13","1623603"
"JH378120","7066991","7067081","chr22","82220107","82220203","9","75153116"
"JH378120","7073730","7073820","chr22","82220107","82220203","12","75146377"
"JH378120","7085676","7085983","chr23","48457842","48458139","42","41372166"
"JH378120","7090862","7091169","chr12","10064948","10065242","34","2974086"
"JH378120","7119092","7119383","chr11","6744487","6744782","48","374605"
"JH378120","7140637","7140754","chr4","60395666","60395783","14","53255029"
"JH378120","7146309","7146611","chr5","2273487","2273788","27","4872822"
"JH378120","7151549","7151698","chr16","70302991","70303139","14","63151442"
"JH378120","7158330","7158405","chr24","71310208","71310284","16","64151878"
"JH378120","7159253","7159382","chr3","91348390","91348521","11","84189137"
"JH378120","7164258","7164551","chr3","29967257","29967552","46","22802999"
"JH378120","7166286","7166582","chr12","10064948","10065242","32","2898662"
"JH378120","7182515","7182816","chr5","2273487","2273788","28","4909028"
"JH378120","7184039","7184206","chr2","15980635","15980794","21","8796596"
"JH378120","7184803","7184954","chr12","83313139","83313279","27","76128336"
"JH378120","7199211","7199513","chr5","2273487","2273788","30","4925724"
"JH378120","7214164","7214260","chr22","82220107","82220203","8","75005943"
"JH378120","7217476","7217598","chr15","90834689","90834810","9","83617213"
"JH378120","7232428","7232731","chrX","125302543","125302844","28","118070115"
"JH378120","7255904","7256205","chr7","97868515","97868805","48","90612611"
"JH378120","7279828","7280123","chr12","10064948","10065242","28","2785120"
"JH378120","7366927","7367020","chr22","82220107","82220203","9","74853180"
"JH378120","7387454","7387605","chr1","92359592","92359731","42","84972138"
"JH378120","7409691","7409995","chr12","10064948","10065242","30","2655257"
"JH378120","7421500","7421807","chr11","105213946","105214237","47","97792446"
"JH378120","7440103","7440390","chr16","53213011","53213300","39","45772908"
"JH378120","7490987","7491298","chr16","33182065","33182368","35","25691078"
"JH378120","7522427","7522549","chr15","90834689","90834810","9","83312262"
"JH378120","7585093","7585174","chr5","67880800","67880883","7","60295707"
"JH378120","7639158","7639470","chr5","36774379","36774687","34","29135221"
"JH378120","7660223","7660528","chr12","102954295","102954602","39","95294072"
"JH378120","7679736","7679866","chr1","97802296","97802426","9","90122560"
"JH378120","7774641","7774939","chr12","73484608","73484904","32","65709967"
"JH378120","7848310","7848622","chr6","16598509","16598818","31","8750199"
"JH378120","7850952","7851246","chr9","90943231","90943523","33","83092279"
"JH378120","7853153","7853443","chr12","10064948","10065242","32","2211795"
"JH378120","7856864","7857177","chr5","2273487","2273788","42","5583377"
"JH378120","7865570","7865837","chr13","78938901","78939179","54","71073331"
"JH378120","7922317","7922602","chr12","10064948","10065242","37","2142631"
"JH378120","7962482","7962578","chr22","82220107","82220203","8","74257625"
"JH378120","7973559","7973854","chr8","54015865","54016161","40","46042306"
"JH378120","7974906","7975194","chr13","65577132","65577425","31","57602226"
"JH378120","7976407","7976716","chr2","34891557","34891863","41","26915150"
"JH378120","8048845","8049146","chr14","75577127","75577428","33","67528282"
"JH378120","8058900","8059015","chr20","115102100","115102215","10","107043200"
"JH378120","8098149","8098436","chr13","91635851","91636141","38","83537702"
"JH378120","8102664","8102967","chr2","34891557","34891863","42","26788893"
"JH378120","8120345","8120660","chr19","24287600","24287907","49","16167255"
"JH378120","8264110","8264409","chr21","30590903","30591190","38","22326793"
"JH378120","8272853","8273168","chr1","65504304","65504612","45","57231451"
"JH378120","8285643","8285935","chrX","104601258","104601549","36","96315615"
"JH378120","8291015","8291262","chr16","69318389","69318626","32","61027374"
"JH378120","8314327","8314626","chrX","109088760","109089057","38","100774433"
"JH378120","8411104","8411410","chr5","2273487","2273788","26","6137617"
"JH378120","8430254","8430561","chr1","65504304","65504612","35","57074050"
"JH378120","8493703","8493809","chr1","62097932","62098038","11","53604229"
"JH378120","8518513","8518813","chr4","47192618","47192904","42","38674105"
"JH378120","8543990","8544288","chr12","10064948","10065242","27","1520958"
"JH378120","8545393","8545702","chr13","94277855","94278163","43","85732462"
"JH378120","8572968","8573051","chr5","67880800","67880883","6","59307832"
"JH378120","8600960","8601210","chr20","7729822","7730074","37","871138"
"JH378120","8618960","8619162","chr22","35904405","35904609","37","27285445"
"JH378120","8630214","8630297","chr16","4405728","4405812","7","4224486"
"JH378120","8695707","8695997","chr29","10722547","10722839","42","2026840"
"JH378120","8758036","8758171","chr11","95753406","95753542","15","86995370"
"JH378120","9082055","9082344","chr11","42115371","42115662","39","33033316"
"JH378120","9133979","9134289","chr20","89561089","89561394","36","80427110"
"JH378120","9183320","9183623","chr21","13834100","13834395","39","4650780"
"JH378120","9240993","9241285","chr21","45687118","45687407","43","36446125"
"JH378120","9309583","9309886","chrX","28194989","28195297","46","18885406"
"JH378120","9311060","9311355","chr7","99172603","99172901","35","89861543"
"JH378120","9424966","9425133","chr14","93045548","93045716","18","83620582"
"JH378120","9542777","9543084","chr3","5473800","5474098","42","4068977"
"JH378120","9580257","9580566","chr28","4550302","4550608","34","5029955"
"JH378120","9781914","9782187","chr8","34611170","34611447","43","24829256"
"JH378120","9957449","9957731","chr23","42208499","42208769","53","32251050"
"JH378120","9982972","9983274","chr12","10064948","10065242","26","81976"
"JH378120","9999326","9999424","chr6","45140746","45140843","17","35141420"
"JH378120","10043734","10043823","chr20","119761262","119761350","11","109717528"
"JH378120","10050726","10051059","chr20","96800606","96800937","36","86749880"
"JH378120","10052564","10052843","chr1","18162340","18162615","47","8109776"
"JH378120","10074702","10075069","chr17","29133407","29133763","94","19058705"
"JH378120","10075207","10075336","chr1","97802296","97802426","12","87727089"
"JH378120","10093648","10093796","chr9","59130238","59130387","12","49036590"
"JH378120","10124615","10124915","chr16","8024486","8024785","41","2100129"
"JH378120","10133284","10133568","chr10","408694","408969","38","9724590"
"JH378120","10141786","10142080","chr13","65577132","65577425","36","55435346"
"JH378120","10144158","10144457","chr12","6781553","6781865","84","3362605"
"JH378120","10187672","10187971","chr21","74368618","74368909","35","64180946"
"JH378120","10190306","10190604","chr17","30005224","30005513","45","19814918"
"JH378120","10194777","10195085","chr5","57912411","57912720","37","47717634"
"JH378120","10209247","10209549","chr19","8146510","8146808","36","2062737"
"JH378120","10239202","10239507","chr2","34891557","34891863","44","24652355"
"JH378120","10256152","10256424","chr26","45227557","45227809","60","34971405"
"JH378120","10266247","10266572","chr10","89459842","89460157","52","79193595"
"JH378120","10267499","10267779","chr12","87620481","87620757","37","77352982"
"JH378120","10314673","10314965","chr12","10064948","10065242","26","249725"
"JH378120","10448585","10448887","chrX","125952524","125952810","58","115503939"
"JH378120","10896396","10896717","chr6","36184281","36184603","44","25287885"
"JH378120","10997739","10998028","chr6","2490989","2491280","43","8506750"
"JH378120","11024397","11024707","chr13","34452961","34453269","42","23428564"
"JH378120","11051325","11051544","chr21","60470170","60470386","37","49418845"
"JH378120","11148887","11148991","chrX","2017984","2018087","9","9130903"
"JH378120","11194225","11194508","chr23","30390653","30390934","47","19196428"
"JH378120","11249191","11249442","chr4","28141859","28142107","36","16892668"
"JH378120","11250234","11250547","chr26","38024857","38025165","30","26774623"
"JH378120","11290040","11290326","chr18","45420766","45421049","49","34130726"
"JH378120","11313306","11313450","chr6","7229588","7229731","14","4083718"
"JH378120","11321137","11321411","chr5","21193983","21194260","36","9872846"
"JH378120","11486421","11486726","chr14","83371933","83372231","35","71885512"
"JH378120","11540658","11540962","chrX","125302543","125302844","33","113761885"
"JH378120","11571767","11572056","chr5","53255334","53255620","31","41683567"
"JH378120","11599967","11600253","chr3","1376967","1377258","40","10223000"
"JH378120","11614385","11614677","chr20","89156961","89157254","42","77542576"
"JH378120","11647642","11647944","chr9","22121663","22121971","48","10474021"
"JH378120","11648557","11648849","chr9","96977034","96977330","41","85328477"
"JH378120","11658886","11659163","chrX","671272","671550","43","10987614"
"JH378120","11695745","11696043","chr11","117737181","117737478","34","106041436"
"JH378120","11721539","11721842","chr26","17289901","17290201","41","5568362"
"JH378120","11801443","11801733","chr2","90183349","90183641","41","78381906"
"JH378120","11811285","11811385","chr22","82220107","82220203","15","70408822"
"JH378120","11816522","11816823","chr24","1147887","1148184","29","10668635"
"JH378120","11829601","11829905","chr29","8278863","8279172","35","3550738"
"JH378120","11933597","11933872","chr24","79982590","79982871","46","68048993"
"JH378120","11950446","11950740","chr7","132205443","132205733","119","120254997"
"JH378120","12015561","12015869","chr1","103415790","103416081","43","91400229"
"JH378120","12017370","12017671","chr16","53397850","53398143","34","41380480"
"JH378120","12110703","12110986","chr22","32960055","32960340","32","20849352"
"JH378120","12183350","12183426","chr10","95538249","95538325","12","83354899"
"JH378120","12314881","12314960","chr14","84294465","84294542","10","71979584"
"JH378120","12355120","12355425","chr16","30398852","30399159","27","18043732"
"JH378120","12393163","12393280","chr15","90834689","90834810","14","78441526"
"JH378120","12460570","12460664","chr22","82220107","82220203","8","69759537"
"JH378120","12543199","12543505","chr5","11102155","11102465","39","1441044"
"JH378120","12652045","12652347","chr9","56910898","56911189","40","44258853"
"JH378120","12673296","12673597","chr12","10064948","10065242","34","2608348"
"JH378120","12690777","12691064","chr9","118446169","118446455","35","105755392"
"JH378120","12786090","12786244","chr9","59130238","59130387","18","46344148"
"JH378120","12814657","12814953","chr2","56143790","56144095","43","43329133"
"JH378120","12818592","12818877","chr21","94455683","94455973","38","81637091"
"JH378120","12942413","12942503","chr3","65349691","65349782","11","52407278"
"JH378120","13035555","13035854","chr25","18828195","18828491","48","5792640"
"JH378120","13049385","13049684","chr9","118970228","118970526","30","105920843"
"JH378120","13076179","13076486","chr15","5036234","5036539","39","8039945"
"JH378120","13141448","13141713","chr1","111829907","111830168","40","98688459"
"JH378120","13279447","13279748","chr27","28665577","28665879","55","15386130"
"JH378120","13317894","13318196","chr14","33103010","33103314","47","19785116"
"JH378120","13387811","13388120","chr11","120207458","120207761","35","106819647"
"JH378120","13394482","13394790","chr5","36774379","36774687","31","23379897"
"JH378120","13414116","13414418","chr9","24652371","24652664","37","11238255"
"JH378120","13417429","13417594","chrX","99820785","99820950","26","86403356"
"JH378120","13417802","13417925","chr1","8688937","8689061","13","4728865"
"JH378120","13458435","13458740","chr2","35931939","35932239","38","22473504"
"JH378120","13461682","13461761","chr16","3308866","3308945","8","10152816"
"JH378120","13462248","13462342","chr22","82220107","82220203","7","68757859"
"JH378120","13469991","13470287","chr1","68219231","68219530","36","54749240"
"JH378120","13488757","13489065","chr26","38024857","38025165","30","24536100"
"JH378120","13505505","13505814","chr11","20333718","20334026","55","6828213"
"JH378120","13508633","13508854","chr13","7317370","7317589","37","6191263"
"JH378120","13510559","13510845","chr14","92191883","92192164","36","78681324"
"JH378120","13536267","13536416","chr21","18419470","18419618","16","4883203"
"JH378120","13549297","13549353","chr10","86486158","86486212","6","72936861"
"JH378120","13589420","13589729","chr11","115525233","115525542","42","101935813"
"JH378120","13589801","13590059","chr8","111520402","111520660","39","97930601"
"JH378120","13596613","13596922","chr26","38024857","38025165","33","24428244"
"JH378120","13621725","13622023","chr6","39327037","39327335","39","25705312"
"JH378120","13757758","13758045","chr20","121618255","121618545","42","107860497"
"JH378120","13868755","13869061","chr10","113733335","113733632","40","99864580"
"JH378120","13876009","13876287","chr28","19249070","19249347","41","5373061"
"JH378120","14085939","14086248","chr17","58080479","58080781","29","43994540"
"JH378120","14341260","14341571","chr5","25035588","25035890","39","10694328"
"JH378120","14404015","14404305","chr8","52344592","52344885","50","37940577"
"JH378120","14419571","14419885","chr9","56811131","56811438","48","42391560"
"JH378120","14494576","14494778","chr13","12227176","12227375","37","2267400"
"JH378120","14514423","14514752","chr1","14078045","14078365","44","436378"
"JH378120","14526127","14526389","chr25","82379602","82379865","36","67853475"
"JH378120","14527503","14527796","chr1","83672883","83673171","39","69145380"
"JH378120","14659115","14659245","chr23","65334609","65334739","14","50675494"
"JH378120","14726313","14726614","chr12","47850967","47851262","40","33124654"
"JH378120","14735515","14735777","chr15","2359863","2360137","45","12375652"
"JH378120","15038702","15039012","chr9","104042619","104042920","41","89003917"
"JH378120","15054946","15055164","chr28","1883537","1883753","25","13171409"
"JH378120","15139046","15139331","chr3","27827510","27827800","46","12688464"
"JH378120","15165406","15165496","chr3","65349691","65349782","11","50184285"
"JH378120","15312416","15312671","chr20","70905825","70906081","37","55593409"
"JH378120","15360042","15360157","chr20","115102100","115102215","11","99742058"
"JH378120","15364221","15364296","chr13","63031813","63031889","6","47667592"
"JH378120","15364552","15364832","chr14","98194331","98194605","53","82829779"
"JH378120","15397778","15398071","chr10","8909912","8910203","42","6487866"
"JH378120","15443739","15443835","chr22","82220107","82220203","12","66776368"
"JH378120","15476727","15477016","chrX","33866467","33866758","44","18389740"
"JH378120","15478108","15478397","chr22","51404529","51404822","37","35926421"
"JH378120","15482372","15482667","chr18","58296276","58296560","38","42813904"
"JH378120","15518978","15519282","chr1","93361306","93361613","40","77842328"
"JH378120","15529806","15530102","chr1","103102037","103102339","38","87572231"
"JH378120","15608671","15608958","chr2","32481199","32481484","39","16872528"
"JH378120","15623907","15624137","chr1","62360213","62360445","39","46736306"
"JH378120","15634604","15634871","chr2","28528551","28528816","31","12893947"
"JH378120","15648851","15649003","chr15","46629716","46629859","33","30980865"
"JH378120","15649006","15649244","chrX","109934724","109934968","39","94285718"
"JH378120","15655323","15655620","chr24","69891714","69892007","47","54236391"
"JH378120","15739156","15739455","chr17","41837618","41837917","38","26098462"
"JH378120","15744494","15744788","chr24","44498613","44498908","30","28754119"
"JH378120","15797355","15797665","chr11","4350721","4351023","42","11446634"
"JH378120","15815750","15816045","chr11","103038105","103038396","59","87222355"
"JH378120","15883410","15883712","chr20","51588447","51588742","47","35705037"
"JH378120","15925439","15925746","chrX","89393412","89393716","46","73467973"
"JH378120","15934869","15935179","chr16","30398852","30399159","34","14463983"
"JH378120","15938950","15939088","chr8","38695074","38695205","26","22756124"
"JH378120","15945334","15945618","chr20","12039372","12039649","32","3905962"
"JH378120","15990193","15990455","chr12","25844767","25845026","47","9854574"
"JH378120","16023978","16024283","chr14","83570862","83571166","41","67546884"
"JH378120","16068604","16068912","chr13","84743392","84743699","32","68674788"
"JH378120","16092890","16093208","chr10","89459842","89460157","44","73366952"
"JH378120","16165297","16165573","chr19","19502742","19503020","36","3337445"
"JH378120","16191638","16191928","chr12","10064948","10065242","36","6126690"
"JH378120","16220961","16221257","chr20","92481976","92482271","38","76261015"
"JH378120","16262280","16262585","chr2","34891557","34891863","40","18629277"
"JH378120","16294376","16294675","chr7","99172603","99172901","35","82878227"
"JH378120","16298417","16298583","chr20","106552476","106552637","33","90254059"
"JH378120","16312848","16313158","chr29","7828062","7828362","33","8484786"
"JH378120","16331129","16331396","chr22","81976155","81976422","42","65645026"
"JH378120","16357932","16358229","chr23","41434219","41434517","34","25076287"
"JH378120","16359635","16359940","chr13","8870800","8871100","30","7488835"
"JH378120","16367393","16367702","chr23","80398638","80398942","41","64031245"
"JH378120","16377715","16378012","chr13","81585158","81585455","47","65207443"
"JH378120","16397481","16397763","chr12","18835626","18835904","31","2438145"
"JH378120","16405438","16405537","chr22","82220107","82220203","10","65814669"
"JH378120","16408437","16408731","chr6","34744962","34745251","44","18336525"
"JH378120","16414868","16415188","chr24","42333680","42334000","41","25918812"
"JH378120","16421437","16421711","chr6","13998943","13999215","42","2422494"
"JH378120","16423479","16423774","chr11","120207458","120207761","38","103783979"
"JH378120","16439858","16439953","chr22","82220107","82220203","7","65780249"
"JH378120","16447968","16448251","chr5","1720771","1721058","30","14727197"
"JH378120","16449995","16450301","chr26","16021451","16021759","39","428544"
"JH378120","16459873","16460104","chr20","92882451","92882681","33","76422578"
"JH378120","16460205","16460478","chr5","17006315","17006587","42","546110"
"JH378120","16463937","16464235","chr9","29841404","29841709","45","13377467"
"JH378120","16485661","16485733","chr13","63031813","63031889","7","46546152"
"JH378120","16498047","16498204","chr14","84293151","84293311","32","67795104"
"JH378120","16502046","16502248","chr1","121417341","121417548","30","104915295"
"JH378120","16502698","16502951","chr6","8468978","8469229","40","8033720"
"JH378120","16505628","16505935","chr12","52905074","52905380","36","36399446"
"JH378120","16518588","16518895","chrX","125302543","125302844","33","108783955"
"JH378120","16518898","16519189","chr12","10064948","10065242","32","6453950"
"JH378120","16520901","16520991","chr3","65349691","65349782","11","48828790"
"JH378120","16530657","16530956","chr12","10064948","10065242","38","6465709"
"JH378120","16538396","16538595","chr6","8749758","8749947","27","7788638"
"JH378120","16567214","16567511","chr20","23803939","23804231","41","7236725"
"JH378120","16575383","16575680","chr4","35412757","35413052","38","18837374"
"JH378120","16580204","16580498","chr12","10064948","10065242","31","6515256"
"JH378120","16635065","16635368","chr23","63483333","63483631","39","46848268"
"JH378120","16671008","16671289","chr12","13083707","13083986","43","3587301"
"JH378120","16679047","16679361","chr1","65504304","65504612","35","48825257"
"JH378120","16708618","16708904","chr8","104167104","104167395","33","87458486"
"JH378120","16742755","16742839","chr16","4405728","4405812","3","12337027"
"JH378120","16743276","16743452","chr19","32968149","32968324","32","16224873"
"JH378120","16770299","16770589","chr12","106797672","106797971","48","90027373"
"JH378120","16781320","16781616","chr12","10064948","10065242","26","6716372"
"JH378120","16798825","16799123","chr22","18084841","18085135","40","1286016"
"JH378120","16865437","16865736","chr23","41434219","41434517","32","24568782"
"JH378120","16908838","16909154","chr2","34891557","34891863","35","17982719"
"JH378120","16989611","16989910","chr12","10064948","10065242","33","6924663"
"JH378120","17039414","17039704","chr22","47793370","47793666","39","30753956"
"JH378120","17062463","17062790","chr10","89459842","89460157","41","72397379"
"JH378120","17072767","17073076","chr12","7463147","7463451","50","9609620"
"JH378120","17087393","17087696","chr1","115641705","115642012","43","98554312"
"JH378120","17104899","17105194","chr12","60432247","60432540","32","43327348"
"JH378120","17105196","17105498","chr23","23002194","23002490","40","5896998"
"JH378120","17109397","17109687","chrX","23977849","23978143","30","6868452"
"JH378120","17121957","17122264","chr16","30398852","30399159","34","13276895"
"JH378120","17126018","17126303","chr15","47267466","47267750","45","30141448"
"JH378120","17127245","17127497","chr8","29099796","29100041","50","11972551"
"JH378120","17162703","17163004","chr12","10064948","10065242","30","7097755"
"JH378120","17209952","17210247","chrX","17246394","17246689","45","36442"
"JH378120","17216693","17216994","chr6","5143118","5143416","44","12073575"
"JH378120","17233699","17233951","chr20","20049923","20050167","39","2816224"
"JH378120","17234088","17234192","chr20","115102100","115102215","23","97868012"
"JH378120","17240740","17241023","chr1","9280050","9280342","47","7960690"
"JH378120","17256226","17256537","chr23","66764727","66765025","53","49508501"
"JH378120","17256543","17256652","chr1","62097932","62098038","10","44841389"
"JH378120","17262224","17262524","chr14","83371933","83372231","25","66109709"
"JH378120","17291411","17291517","chr20","25652388","25652489","16","8360977"
"JH378120","17303203","17303503","chr11","117737181","117737478","28","100433978"
"JH378120","17323198","17323484","chr11","19611133","19611417","36","2287935"
"JH378120","17325909","17326201","chr3","88960138","88960433","38","71634229"
"JH378120","17334911","17335194","chr20","75127208","75127485","50","57792297"
"JH378120","17386359","17386580","chrX","63929276","63929493","25","46542917"
"JH378120","17412064","17412298","chr11","126175108","126175340","26","108763044"
"JH378120","17443038","17443328","chr6","38582923","38583209","39","21139885"
"JH378120","17445784","17446088","chr18","61327910","61328211","43","43882126"
"JH378120","17469006","17469287","chr22","83647766","83648055","36","66178760"
"JH378120","17513483","17513785","chr8","18530878","18531178","40","1017395"
"JH378120","17593456","17593751","chr22","26432517","26432820","53","8839061"
"JH378120","17597510","17597784","chr5","42662951","42663235","47","25065441"
"JH378120","17728887","17729018","chr23","41903599","41903729","18","24174712"
"JH378120","17757389","17757697","chr2","34891557","34891863","32","17134168"
"JH378120","17772082","17772360","chr4","33709321","33709605","49","15937239"
"JH378120","17878622","17878919","chr28","9647706","9647995","45","8230916"
"JH378120","17909940","17910254","chr10","89018304","89018610","41","71108364"
"JH378120","18042759","18043040","chr5","52781293","52781575","43","34738534"
"JH378120","18079194","18079504","chr1","63740682","63740987","40","45661488"
"JH378120","18086906","18087196","chr15","29954614","29954908","34","11867708"
"JH378120","18133705","18133842","chr16","187527","187668","16","17946178"
"JH378120","18142077","18142386","chr2","34891557","34891863","34","16749480"
"JH378120","18155052","18155142","chr3","65349691","65349782","14","47194639"
"JH378120","18156250","18156373","chr11","67336740","67336866","11","49180490"
"JH378120","18160945","18161241","chr12","10064948","10065242","22","8095997"
"JH378120","18164634","18164937","chr19","8146510","8146808","29","10018124"
"JH378120","18178701","18178940","chr25","83059316","83059553","36","64880615"
"JH378120","18227868","18228165","chr1","68219231","68219530","39","49991363"
"JH378120","18274959","18275272","chr17","35258575","35258878","40","16983616"
"JH378120","18279973","18280256","chr2","34541558","34541838","34","16261585"
"JH378120","18286342","18286639","chr2","85264724","85265026","41","66978382"
"JH378120","18350963","18351282","chr26","9300679","9300984","46","9050284"
"JH378120","18367992","18368270","chr16","18091158","18091443","34","276834"
"JH378120","18377354","18377650","chrX","23977849","23978143","37","5600495"
"JH378120","18391683","18391970","chr14","41748186","41748475","48","23356503"
"JH378120","18398232","18398501","chr18","63235586","63235856","37","44837354"
"JH378120","18409828","18410136","chr28","13557476","13557782","34","4852352"
"JH378120","18419069","18419378","chr18","31501692","31501998","49","13082623"
"JH378120","18421365","18421672","chr6","15953108","15953417","32","2468257"
"JH378120","18436898","18437224","chr20","125088821","125089134","60","106651923"
"JH378120","18463590","18463900","chr12","100081445","100081751","33","81617855"
"JH378120","18477118","18477415","chr12","60432247","60432540","45","41955129"
"JH378120","18481438","18481733","chr14","75577127","75577428","42","57095689"
"JH378120","18503233","18503537","chr17","55864125","55864431","35","37360892"
"JH378120","18503757","18504065","chr1","65504304","65504612","35","47000547"
"JH378120","18514534","18514642","chr12","53065987","53066095","9","34551453"
"JH378120","18520822","18521118","chr13","65577132","65577425","31","47056310"
"JH378120","18562582","18562875","chrX","49498574","49498857","43","30935992"
"JH378120","18611467","18611764","chr12","10064948","10065242","28","8546519"
"JH378120","18617551","18617844","chr12","10064948","10065242","32","8552603"
"JH378120","18622531","18622629","chr22","82220107","82220203","9","63597576"
"JH378120","18656993","18657292","chr12","10064948","10065242","28","8592045"
"JH378120","18659837","18660130","chr3","8638891","8639182","39","10020946"
"JH378120","18709401","18709701","chr22","47793370","47793666","33","29083969"
"JH378120","18784023","18784322","chr14","3058807","3059104","43","15725216"
"JH378120","18792626","18792931","chr12","74217361","74217667","29","55424735"
"JH378120","19057466","19057769","chr14","68117423","68117735","45","49059957"
"JH378120","19103794","19104081","chr28","13032296","13032578","48","6071498"
"JH378120","19177309","19177631","chr1","65504304","65504612","42","46326995"
"JH378120","19270700","19271008","chr7","99172603","99172901","43","79901903"
"JH378120","19308950","19309247","chr12","10064948","10065242","37","9244002"
"JH378120","19326830","19327121","chr9","90943231","90943523","32","71616401"
"JH378120","19429518","19429817","chr10","111637485","111637783","30","92207967"
"JH378120","19468376","19468677","chr14","36991957","36992258","44","17523581"
"JH378120","19518564","19518869","chr11","115525233","115525542","38","96006669"
"JH378120","19537803","19538110","chr2","56143790","56144095","41","36605987"
"JH378120","19590750","19591042","chr13","65577132","65577425","39","45986382"
"JH378120","19716414","19716712","chr16","70684193","70684489","42","50967779"
"JH378120","19731304","19731607","chr9","66377782","66378079","46","46646478"
"JH378120","19757132","19757425","chr11","117737181","117737478","38","97980049"
"JH378120","19817200","19817492","chr2","5168180","5168471","32","14649020"
"JH378120","19894845","19894928","chr5","67880800","67880883","5","47985955"
"JH378120","19903734","19904021","chr18","72052984","72053276","44","52149250"
"JH378120","19910069","19910377","chr23","44247755","44248062","34","24337686"
"JH378120","19919965","19920147","chrX","7460557","7460734","31","12459408"
"JH378120","20058786","20058907","chr15","9772277","9772407","26","10286509"
"JH378120","20076515","20076804","chr12","6781553","6781865","73","13294962"
"JH378120","20079156","20079464","chr16","30398852","30399159","40","10319696"
"JH378120","20083204","20083495","chr18","71309352","71309642","35","51226148"
"JH378120","20104260","20104335","chr13","63031813","63031889","8","42927553"
"JH378120","20156651","20156955","chr5","17069346","17069647","37","3087305"
"JH378120","20338267","20338522","chr8","16250981","16251236","34","4087286"
"JH378120","20340657","20340962","chr15","18549945","18550246","39","1790712"
"JH378120","20379015","20379331","chr10","102857571","102857891","40","82478556"
"JH378120","20402259","20402568","chr20","46933799","46934103","41","26531540"
"JH378120","20490602","20490886","chr9","6086992","6087273","48","14403610"
"JH378120","20539684","20539955","chr14","95964336","95964605","49","75424652"
"JH378120","20618958","20619047","chr19","7758593","7758681","11","12860365"
"JH378120","20624840","20624968","chr20","20852752","20852882","16","227912"
"JH378120","20664872","20665164","chr9","83383980","83384273","36","62719108"
"JH378120","20785989","20786280","chr2","22390377","22390668","38","1604388"
"JH378120","20788569","20788873","chr12","18922571","18922865","38","1865998"
"JH378120","20882728","20883027","chr12","10064948","10065242","32","10817780"
"JH378120","20919230","20919325","chr22","82220107","82220203","7","61300877"
"JH378120","20956207","20956280","chr22","67161065","67161137","9","46204858"
"JH378120","20983381","20983687","chr16","14358940","14359244","38","6624441"
"JH378120","21074980","21075070","chr16","4405728","4405812","10","16669252"
"JH378120","21084743","21085053","chr6","28157270","28157576","37","7072527"
"JH378120","21219277","21219360","chr5","67880800","67880883","4","46661523"
"JH378120","21271007","21271114","chr6","1067449","1067558","11","20203558"
"JH378120","21395608","21395918","chr26","38024857","38025165","29","16629249"
"JH378120","21399630","21399940","chr11","51624065","51624366","36","30224435"
"JH378120","21404591","21404881","chr11","74896670","74896950","63","53492079"
"JH378120","21431197","21431483","chr11","42115371","42115662","36","20684174"
"JH378120","21450147","21450443","chr13","65577132","65577425","39","44126985"
"JH378120","21514957","21515255","chr14","37615851","37616147","28","16100894"
"JH378120","21580729","21581055","chr10","102857571","102857891","44","81276842"
"JH378120","21584893","21585179","chr13","65577132","65577425","34","43992239"
"JH378120","21640742","21641047","chr5","2273487","2273788","33","19367255"
"JH378120","21646427","21646733","chr12","12935473","12935767","52","8710954"
"JH378120","21707084","21707184","chr22","82220107","82220203","10","60513023"
"JH378120","21721082","21721371","chr13","14614965","14615259","40","7106117"
"JH378120","21805742","21806017","chr7","133549380","133549654","46","111743638"
"JH378120","21867165","21867466","chrX","20503323","20503616","54","1363842"
"JH378120","21884548","21884798","chr23","43376123","43376346","52","21491575"
"JH378120","21922550","21922837","chr8","135494495","135494787","37","113571945"
"JH378120","21937432","21937645","chr21","75206302","75206509","30","53268870"
"JH378120","21973968","21974263","chr12","10064948","10065242","28","11909020"
"JH378120","22021953","22022079","chr6","15917147","15917274","10","6104806"
"JH378120","22046797","22047103","chr2","56143790","56144095","36","34096993"
"JH378120","22049559","22049838","chr11","64937240","64937515","41","42887681"
"JH378120","22053053","22053358","chr16","23423370","23423672","31","1370317"
"JH378120","22099763","22100072","chr1","65504304","65504612","37","43404541"
"JH378120","22198622","22198917","chr16","63812388","63812679","35","41613766"
"JH378120","22238299","22238609","chr1","65504304","65504612","34","43266005"
"JH378120","22260198","22260286","chr19","7758593","7758681","10","14501605"
"JH378120","22433709","22433984","chr10","11579646","11579921","40","10854063"
"JH378120","22462670","22462778","chr6","1067449","1067558","11","21395221"
"JH378120","22464018","22464274","chr5","57856103","57856358","37","35392085"
"JH378120","22560013","22560319","chr1","49514376","49514681","42","26954363"
"JH378120","22593946","22594076","chr20","20852752","20852882","11","1741194"
"JH378120","22598009","22598089","chr16","3308866","3308945","8","19289143"
"JH378120","22637948","22638256","chr2","5119768","5120064","53","17518180"
"JH378120","22949110","22949418","chr23","41434219","41434517","48","18485109"
"JH378120","22963612","22963808","chr6","8749758","8749947","29","14213854"
"JH378120","22995881","22996176","chr2","36594604","36594898","42","13598723"
"JH378120","23037669","23037967","chr20","96210594","96210893","45","73172925"
"JH378120","23047499","23047794","chr12","10064948","10065242","30","12982551"
"JH378120","23057493","23057806","chr18","14936633","14936932","66","8120860"
"JH378120","23061285","23061582","chr3","8766153","8766458","56","14295132"
"JH378120","23075575","23075866","chr22","18084841","18085135","43","4990734"
"JH378120","23076390","23076670","chr10","88799337","88799611","54","65722947"
"JH378120","23153487","23153694","chr6","13451586","13451783","29","9701901"
"JH378120","23167312","23167595","chr12","49685171","49685455","49","26517859"
"JH378120","23185239","23185537","chr12","10064948","10065242","32","13120291"
"JH378120","23256072","23256380","chr4","34099558","34099857","41","10843486"
"JH378120","23291206","23291300","chr22","82220107","82220203","11","58928901"
"JH378120","23314602","23314869","chrX","50208947","50209208","36","26894345"
"JH378120","23442566","23442649","chr16","4405728","4405812","8","19036838"
"JH378120","23678553","23678858","chr4","35949810","35950115","43","12271257"
"JH378120","23950728","23951017","chr18","71629517","71629808","46","47678789"
"JH378120","24000317","24000624","chr13","65577132","65577425","49","41576815"
"JH378120","24086337","24086611","chr19","1411739","1412015","35","22674598"
"JH378120","24090534","24090828","chr11","90825564","90825850","33","66735030"
"JH378120","24178585","24178692","chr6_AQIB01159090v1_random","13065","13172","11","24165520"
"JH378120","24337129","24337385","chr18","66249703","66249966","39","41912574"
"JH378120","24350316","24350503","chr7","30766435","30766612","32","6416119"
"JH378120","24378815","24379120","chr12","10064948","10065242","37","14313867"
"JH378120","24386566","24386860","chr8","63257780","63258086","44","38871214"
"JH378120","24395399","24395703","chr11","55020829","55021127","39","30625430"
"JH378120","24403352","24403562","chr16","40303815","40304024","22","15900463"
"JH378120","24492124","24492423","chr5","12235639","12235938","41","12256485"
"JH378120","24530176","24530434","chr6","38291436","38291692","33","13761260"
"JH378120","24591971","24592267","chr16","17020290","17020588","43","7571681"
"JH378120","24600222","24600516","chr16","30637924","30638212","31","6037702"
"JH378120","24626834","24627122","chr17","66575990","66576280","31","41949156"
"JH378120","24650119","24650449","chr16","42159556","42159873","65","17509437"
"JH378120","24664464","24664765","chr6","14780894","14781193","35","9883570"
"JH378120","24677449","24677713","chr16","51272531","51272798","51","26595082"
"JH378120","24698584","24698671","chr16","4405728","4405812","8","20292856"
"JH378120","24700308","24700384","chr13","63031813","63031889","6","38331505"
"JH378120","24703749","24703979","chr10","51762293","51762512","46","27058544"
"JH378120","24731824","24731914","chr20","8489737","8489826","11","16242087"
"JH378120","24732304","24732552","chr11","119259842","119260088","37","94527538"
"JH378120","24733018","24733324","chr8","93926175","93926473","44","69193157"
"JH378120","24756505","24756631","chr1","104985644","104985768","21","80229139"
"JH378120","24760581","24760889","chr11","115525233","115525542","34","90764652"
"JH378120","24768051","24768333","chr1","68832399","68832687","29","44064348"
"JH378120","24781321","24781441","chr15","90834689","90834810","11","66053368"
"JH378120","24791388","24791688","chr18","60673223","60673524","43","35881835"
"JH378120","24799608","24799870","chr1","79942747","79943013","43","55143139"
"JH378120","24800799","24801093","chr20","92481976","92482271","46","67681177"
"JH378120","24815322","24815551","chr23","45013845","45014070","30","20198523"
"JH378120","24815552","24815850","chr12","10064948","10065242","36","14750604"
"JH378120","24815851","24815932","chr20","86496231","86496314","9","61680380"
"JH378120","24822894","24823177","chr2","34541558","34541838","38","9718664"
"JH378120","24837322","24837667","chr3","37955466","37955795","54","13118144"
"JH378120","24871270","24871574","chr14","79729598","79729899","29","54858328"
"JH378120","24902860","24903166","chr3","19526751","19527052","40","5376109"
"JH378120","24942637","24942939","chr2","83266456","83266759","34","58323819"
"JH378120","24943291","24943507","chr2","41986599","41986802","28","17043308"
"JH378120","24946061","24946259","chr19","5662814","5663015","30","19283247"
"JH378120","24946271","24946566","chr10","8909912","8910203","41","16036359"
"JH378120","24953939","24954242","chrX","126082617","126082923","41","101128678"
"JH378120","24957422","24957726","chr5","2273487","2273788","31","22683935"
"JH378120","24968130","24968414","chrX","22075293","22075574","33","2892837"
"JH378120","24972179","24972482","chr2","47540640","47540937","46","22568461"
"JH378120","24985457","24985748","chr7","132205443","132205733","37","107219986"
"JH378120","25009957","25010259","chr20","19825871","19826167","37","5184086"
"JH378120","25056471","25056764","chr3","11551653","11551932","49","13504818"
"JH378120","25086329","25086583","chr8","90211831","90212082","36","65125502"
"JH378120","25092543","25092841","chr16","12080021","12080319","36","13012522"
"JH378120","25135407","25135700","chr23","52118830","52119121","33","26983423"
"JH378120","25187952","25188076","chr20","104220685","104220809","20","79032733"
"JH378120","25194557","25194868","chr1","65504304","65504612","41","40309747"
"JH378120","25206466","25206790","chr1","65504304","65504612","40","40297838"
"JH378120","25237444","25237734","chr1","32168654","32168947","38","6931210"
"JH378120","25245874","25246164","chr22","71679206","71679494","39","46433332"
"JH378120","25373472","25373728","chr6","38291436","38291692","31","12917964"
"JH378120","25390800","25391098","chr6","29168940","29169240","39","3778140"
"JH378120","25456659","25456948","chr6","38437831","38438120","32","12981172"
"JH378120","25498950","25499250","chr23","34683155","34683450","30","9184205"
"JH378120","25677548","25677857","chr13","74528437","74528748","41","48850889"
"JH378120","25681801","25682090","chr12","10064948","10065242","29","15616853"
"JH378120","25733616","25733913","chr1","103415790","103416081","38","77682174"
"JH378120","25754260","25754575","chr11","115525233","115525542","40","89770973"
"JH378120","25804877","25805190","chr22","19347473","19347775","38","6457404"
"JH378120","25828043","25828303","chr13","68161433","68161684","40","42333390"
"JH378120","25838072","25838382","chr19","9824759","9825062","38","16013313"
"JH378120","25912886","25913201","chr3","54751576","54751883","39","28838690"
"JH378120","25933060","25933348","chr5","70176671","70176961","35","44243611"
"JH378120","25936067","25936359","chr8","19896234","19896527","32","6039833"
"JH378120","25995539","25995849","chr1","65504304","65504612","30","39508765"
"JH378120","26054790","26055084","chr12","10064948","10065242","26","15989842"
"JH378120","26072298","26072603","chr20","111359593","111359887","41","85287295"
"JH378120","26083725","26084011","chr1","12453278","12453560","41","13630447"
"JH378120","26090267","26090593","chr25","65108190","65108510","41","39017923"
"JH378120","26183933","26184241","chr22","68337184","68337490","39","42153251"
"JH378120","26185995","26186299","chr5","2273487","2273788","34","23912508"
"JH378120","26190784","26191072","chr14","80284365","80284655","40","54093581"
"JH378120","26285382","26285685","chr9","71188923","71189219","41","44903541"
"JH378120","26494158","26494448","chr29","10722547","10722839","36","15771611"
"JH378120","26504253","26504553","chr12","10064948","10065242","25","16439305"
"JH378120","26531995","26532303","chr29","8278863","8279172","35","18253132"
"JH378120","26560082","26560369","chr23","34328669","34328947","44","7768587"
"JH378120","26575887","26576191","chr5","2273487","2273788","26","24302400"
"JH378120","26621312","26621439","chr1","97802296","97802426","13","71180984"
"JH378120","26639611","26639929","chr22","49712266","49712578","49","23072655"
"JH378120","26652872","26653173","chr24","40358767","40359072","39","13705895"
"JH378120","26655547","26655838","chr2","5168180","5168471","31","21487367"
"JH378120","26696118","26696419","chr9","283007","283308","45","26413111"
"JH378120","26711852","26712141","chr20","125301133","125301424","35","98589281"
"JH378120","26716818","26717120","chr9","13973543","13973840","39","12743275"
"JH378120","26727146","26727426","chr6","40582273","40582553","39","13855127"
"JH378120","26741189","26741319","chr20","20852752","20852882","12","5888437"
"JH378120","26770019","26770318","chr12","10064948","10065242","27","16705071"
"JH378120","26781781","26782065","chr20","18848288","18848574","37","7933493"
"JH378120","26786693","26786914","chr16","6480696","6480912","43","20305997"
"JH378120","26799136","26799440","chr21","12239512","12239814","59","14559624"
"JH378120","26800442","26800589","chr10","88960959","88961102","20","62160517"
"JH378120","26823836","26824139","chr20","85678793","85679086","51","58854957"
"JH378120","26841370","26841667","chr1","66807483","66807786","34","39966113"
"JH378120","26842712","26842801","chr19","7758593","7758681","11","19084119"
"JH378120","26846675","26846970","chr9","7839735","7840029","45","19006940"
"JH378120","26906366","26906645","chr12","13260494","13260774","40","13645872"
"JH378120","26916726","26917011","chr24","46239760","46240049","35","19323034"
"JH378120","26956325","26956629","chr10","2038335","2038637","35","24917990"
"JH378120","26981067","26981373","chr8","52124179","52124487","41","25143112"
"JH378120","27010288","27010579","chr2","5168180","5168471","35","21842108"
"JH378120","27023128","27023369","chr6","3916811","3917038","44","23106317"
"JH378120","27050418","27050726","chr20","85624325","85624630","31","58573907"
"JH378120","27134137","27134227","chr3","65349691","65349782","13","38215554"
"JH378120","27287542","27287615","chr28","14799270","14799340","8","12488272"
"JH378120","27456186","27456490","chr4","16808054","16808360","55","10648132"
"JH378120","27486057","27486364","chr7","133505901","133506203","33","106019844"
"JH378120","27496263","27496569","chr16","30614816","30615122","41","3118553"
"JH378120","27546501","27546815","chr9","15987970","15988276","60","11558531"
"JH378120","27564992","27565280","chr16","26067530","26067803","42","1497462"
"JH378120","27662337","27662651","chr3","10937420","10937729","46","16724917"
"JH378120","27765131","27765202","chr4","11929707","11929771","16","15835424"
"JH378120","27853627","27853720","chr22","82220107","82220203","9","54366480"
"JH378120","27864940","27865224","chr19","22892545","22892830","40","4972395"
"JH378120","27889924","27890240","chr13","67235992","67236297","48","39346068"
"JH378120","27907045","27907345","chr13","65577132","65577425","38","37670087"
"JH378120","27919938","27920214","chr21","18574605","18574881","36","9345333"
"JH378120","27951377","27951666","chr7","69565483","69565774","36","41614106"
"JH378120","27952751","27953067","chr26","3416516","3416812","50","24536235"
"JH378120","27989853","27989939","chr16","4405728","4405812","9","23584125"
"JH378120","28034808","28035071","chr2","38170969","38171235","37","10136161"
"JH378120","28062786","28062873","chr16","4405728","4405812","9","23657058"
"JH378120","28064778","28065081","chr25","25522436","25522745","61","2542342"
"JH378120","28068191","28068493","chr23","40897282","40897583","31","12829091"
"JH378120","28083614","28083898","chr11","19611133","19611417","36","8472481"
"JH378120","28084826","28085128","chr12","10064948","10065242","33","18019878"
"JH378120","28100192","28100482","chr7","98055883","98056171","43","69955691"
"JH378120","28112982","28113283","chr5","2273487","2273788","29","25839495"
"JH378120","28268155","28268240","chr16","4405728","4405812","7","23862427"
"JH378120","28297952","28298162","chr2","41986599","41986802","35","13688647"
"JH378120","28301573","28301852","chr16","26067530","26067803","45","2234043"
"JH378120","28306081","28306369","chr2","5168180","5168471","34","23137901"
"JH378120","28314814","28315109","chrX","468680","468977","32","27846134"
"JH378120","28359890","28360122","chr11","126175108","126175340","29","97815218"
"JH378120","28360528","28360811","chr14","236239","236531","44","28124289"
"JH378120","28364939","28365014","chr13","63031813","63031889","10","34666874"
"JH378120","28386386","28386660","chr10","67568456","67568727","38","39182070"
"JH378120","28391477","28391783","chr11","58110010","58110310","44","29718533"
"JH378120","28396971","28397273","chr16","18710057","18710354","38","9686914"
"JH378120","28414940","28415244","chr12","6781553","6781865","97","21633387"
"JH378120","28450712","28450801","chr3","65349691","65349782","11","36898979"
"JH378120","28483066","28483169","chrX","2017984","2018087","10","26465082"
"JH378120","28502762","28502839","chr13","63031813","63031889","7","34529051"
"JH378120","28515702","28516001","chr1","108565860","108566161","36","80050158"
"JH378120","28564662","28564809","chr8","56146921","56147068","15","27582259"
"JH378120","28568391","28568696","chr2","10204715","10205019","36","18363676"
"JH378120","28656403","28656710","chr2","34891557","34891863","34","6235154"
"JH378120","28660257","28660571","chr1","65504304","65504612","33","36844047"
"JH378120","28697425","28697731","chr13","84743392","84743699","40","56045967"
"JH378120","28703359","28703646","chr11","115463553","115463842","41","86760194"
"JH378120","28725306","28725591","chr13","14576776","14577059","44","14148530"
"JH378120","28730008","28730314","chr1","2872653","2872961","34","25857355"
"JH378120","28774666","28774972","chr24","70146905","70147203","32","41372239"
"JH378120","28937562","28937862","chr1","120119656","120119957","28","91182094"
"JH378120","28948144","28948395","chr6","8468978","8469229","34","20479166"
"JH378120","28948615","28948921","chr1","65504304","65504612","32","36555689"
"JH378120","29043937","29044240","chr12","10064948","10065242","34","18978989"
"JH378120","29128916","29129221","chr5","9902768","9903074","35","19226148"
"JH378120","29177203","29177489","chr11","105213946","105214237","43","76036743"
"JH378120","29207279","29207592","chr6","15953108","15953417","37","13254171"
"JH378120","29294868","29295088","chr20","109416530","109416751","31","80121662"
"JH378120","29295092","29295386","chr6","38437831","38438120","46","9142739"
"JH378120","29299814","29300105","chr13","85808234","85808530","50","56508420"
"JH378120","29333133","29333230","chr7","66750485","66750585","13","37417352"
"JH378120","29349595","29349883","chr5","20366749","20367033","38","8982846"
"JH378120","29360671","29360960","chr19","4652264","4652554","29","24708407"
"JH378120","29366753","29367048","chr12","10064948","10065242","31","19301805"
"JH378120","29393510","29393804","chr7","23372056","23372352","35","6021454"
"JH378120","29458722","29459005","chr20","46550281","46550570","36","17091559"
"JH378120","29614800","29615086","chr22","10940743","10941034","36","18674057"
"JH378120","29632515","29632807","chr16","17016732","17017024","40","12615783"
"JH378120","29676268","29676567","chr20","24344213","24344511","34","5332055"
"JH378120","29814141","29814239","chr2","34024008","34024103","16","4209867"
"JH378120","29874323","29874605","chrX","49498574","49498857","35","19624251"
"JH378120","29948248","29948544","chr21","50410494","50410784","47","20462246"
"JH378120","29965670","29965966","chr11","74038820","74039113","30","44073150"
"JH378120","29971594","29971792","chr2","34341673","34341884","44","4370079"
"JH378120","29982035","29982345","chr24","51047617","51047923","59","21065582"
"JH378120","30010258","30010558","chr14","79729598","79729899","32","49719340"
"JH378120","30012808","30013123","chr13","24705382","24705694","46","5307426"
"JH378120","30015619","30015917","chr4","35412757","35413052","35","5397138"
"JH378120","30039266","30039581","chr8","81998382","81998693","39","51959116"
"JH378120","30065866","30066173","chr5","2324242","2324550","41","27741624"
"JH378120","30092130","30092405","chr9","38435503","38435778","40","8343373"
"JH378120","30114627","30114965","chr10","89459842","89460157","65","59345215"
"JH378120","30123019","30123101","chr5","67880800","67880883","6","37757781"
"JH378120","30124723","30125018","chrX","23977849","23978143","33","6146874"
"JH378120","30133794","30133897","chrX","2017984","2018087","10","28115810"
"JH378120","30156417","30156714","chr14","20664916","20665209","42","9491501"
"JH378120","30175652","30175736","chr5","67880800","67880883","7","37705148"
"JH378120","30197109","30197422","chr13","84743392","84743699","41","54546283"
"JH378120","30215738","30216034","chr11","46412480","46412774","36","16196742"
"JH378120","30221735","30222037","chr12","10064948","10065242","35","20156787"
"JH378120","30231408","30231717","chr6","47185187","47185490","44","16953779"
"JH378120","30233018","30233105","chr19","7758593","7758681","6","22474425"
"JH378120","30247216","30247346","chr1","97802296","97802426","10","67555080"
"JH378120","30251993","30252078","chr16","4405728","4405812","8","25846265"
"JH378120","30256409","30256538","chr16","47028773","47028903","19","16772364"
"JH378120","30260583","30260863","chr5","20366749","20367033","34","9893834"
"JH378120","30286074","30286353","chr10","44316765","44317039","44","14030691"
"JH378120","30291898","30292140","chr16","69318389","69318626","29","39026491"
"JH378120","30305907","30306209","chr10","47669467","47669767","37","17363560"
"JH378120","30310073","30310194","chr11","74863209","74863330","13","44553136"
"JH378120","30318379","30318681","chr16","64029560","64029863","35","33711181"
"JH378120","30328334","30328633","chr9","81056861","81057162","33","50728527"
"JH378120","30377143","30377436","chr9","86640988","86641280","28","56263845"
"JH378120","30377447","30377537","chr3","65349691","65349782","7","34972244"
"JH378120","30377641","30377744","chrX","2017984","2018087","9","28359657"
"JH378120","30382695","30382984","chr21","26939851","26940136","40","3442844"
"JH378120","30417084","30417377","chr18","67957737","67958030","29","37540653"
"JH378120","30421683","30421967","chr20","111374247","111374540","45","80952564"
"JH378120","30458269","30458560","chr12","10064948","10065242","32","20393321"
"JH378120","30475173","30475449","chr10","101625850","101626125","42","71150677"
"JH378120","30475751","30476032","chr4","65759087","65759363","65","35283336"
"JH378120","30500095","30500181","chr16","4405728","4405812","9","26094367"
"JH378120","30511614","30511902","chr6","2490989","2491280","36","28020625"
"JH378120","30538766","30539060","chr5","69923908","69924203","38","39385142"
"JH378120","30539110","30539418","chr10","88776471","88776767","54","58237361"
"JH378120","30550881","30551192","chr20","89561089","89561394","43","59010208"
"JH378120","30603028","30603324","chr12","10064948","10065242","35","20538080"
"JH378120","30641051","30641342","chr22","5992512","5992803","39","24648539"
"JH378120","30704712","30704998","chr26","6374183","6374474","33","24330529"
"JH378120","30707627","30707931","chr1","18554019","18554319","48","12153608"
"JH378120","30756829","30757125","chr12","10064948","10065242","28","20691881"
"JH378120","30816093","30816390","chr12","10064948","10065242","35","20751145"
"JH378120","30843010","30843152","chr11","95753406","95753542","17","64910396"
"JH378120","30851335","30851428","chr16","16463904","16464000","16","14387431"
"JH378120","30851433","30851740","chr1","65504304","65504612","28","34652871"
"JH378120","30873630","30873945","chr8","1760359","1760667","36","29113271"
"JH378120","30958685","30958984","chr21","22838763","22839060","29","8119922"
"JH378120","30980301","30980603","chr25","78109411","78109714","41","47129110"
"JH378120","31018666","31018944","chr25","72637168","72637451","43","41618502"
"JH378120","31047219","31047517","chr21","74368618","74368909","37","43321399"
"JH378120","31056904","31057210","chr18","7633695","7633996","50","23423209"
"JH378120","31060122","31060425","chr10","58869129","58869427","47","27809007"
"JH378120","31123723","31124031","chr10","60755280","60755585","39","29631557"
"JH378120","31129816","31130091","chr20","72215964","72216240","34","41086148"
"JH378120","31150010","31150309","chr24","11849627","11849924","51","19300383"
"JH378120","31151382","31151682","chr12","10064948","10065242","25","21086434"
"JH378120","31152446","31152735","chr6","38437831","38438120","35","7285385"
"JH378120","31226104","31226380","chr8","11575259","11575553","63","19650845"
"JH378120","31239512","31239833","chr10","88177543","88177855","53","56938031"
"JH378120","31347597","31347902","chr12","99985336","99985645","52","68637739"
"JH378120","31385105","31385181","chr10","95538249","95538325","7","64153144"
"JH378120","31405826","31406140","chr6","16598509","16598818","37","14807317"
"JH378120","31516037","31516336","chr21","50410494","50410784","41","18894457"
"JH378120","31658530","31658652","chr24","81527278","81527388","21","49868748"
"JH378120","31806386","31806520","chr15","19514175","19514311","24","12292211"
"JH378120","31810926","31811224","chr10","88705531","88705828","40","56894605"
"JH378120","31831335","31831574","chr25","37511740","37511983","61","5680405"
"JH378120","31852013","31852308","chr23","27069668","27069962","37","4782345"
"JH378120","31906182","31906468","chr11","105213946","105214237","36","73307764"
"JH378120","32055193","32055303","chrX","89286738","89286848","14","57231545"
"JH378120","32091486","32091776","chr5","27960587","27960876","41","4130899"
"JH378120","32095423","32095746","chr17","25327775","25328080","43","6767648"
"JH378120","32120462","32120756","chr12","10064948","10065242","26","22055514"
"JH378120","32140411","32140489","chr10","95538249","95538325","8","63397838"
"JH378120","32255900","32256205","chr3","22013697","22014006","38","10242203"
"JH378120","32264099","32264400","chr18","61327910","61328211","40","29063811"
"JH378120","32287914","32288222","chr11","115525233","115525542","35","83237319"
"JH378120","32298680","32298965","chr13","89452546","89452829","41","57153866"
"JH378120","32304977","32305282","chr17","28137789","28138092","33","4167188"
"JH378120","32496995","32497084","chr3","65349691","65349782","10","32852696"
"JH378120","32497324","32497460","chr21","35824283","35824420","25","3326959"
"JH378120","32498587","32498670","chr5","67880800","67880883","6","35382213"
"JH378120","32547460","32547757","chr16","15735252","15735550","42","16812208"
"JH378120","32569992","32570079","chr19","7758593","7758681","9","24811399"
"JH378120","32609067","32609361","chr12","6781553","6781865","128","25827514"
"JH378120","32616106","32616417","chr27","24484375","24484683","50","8131731"
"JH378120","32677849","32678142","chr12","10064948","10065242","34","22612901"
"JH378120","32682067","32682362","chr12","10064948","10065242","23","22617119"
"JH378120","32697762","32698057","chr9","89859310","89859604","39","57161548"
"JH378120","32709648","32709932","chr10","8909912","8910203","38","23799736"
"JH378120","32717770","32718034","chr20","93036377","93036637","39","60318607"
"JH378120","32723831","32724084","chrX","109934724","109934968","39","77210893"
"JH378120","32803129","32803425","chr15","48893872","48894165","40","16090743"
"JH378120","32826444","32826738","chr11","58110010","58110310","42","25283566"
"JH378120","32835779","32836086","chr19","23977337","23977645","40","8858442"
"JH378120","32849178","32849318","chr3","23475383","23475528","23","9373795"
"JH378120","32851343","32851644","chr12","10064948","10065242","28","22786395"
"JH378120","32874991","32875291","chr9","102583184","102583480","36","69708193"
"JH378120","32895571","32895860","chr11","90825564","90825850","53","57929993"
"JH378121","16075","16348","chrX","1302529","1302805","47","1286454"
"JH378121","68454","68745","chr2","85255263","85255560","43","85186809"
"JH378121","106918","107084","chrX","69874323","69874503","34","69767405"
"JH378121","154464","154768","chr27","22888845","22889148","37","22734381"
"JH378121","186712","186993","chr12","10064948","10065242","37","9878236"
"JH378121","187338","187636","chr11","61854394","61854685","42","61667056"
"JH378121","193454","193544","chr3","65349691","65349782","11","65156237"
"JH378121","239032","239108","chr13","63031813","63031889","7","62792781"
"JH378121","243892","244191","chr9","96314869","96315163","38","96070977"
"JH378121","263937","264240","chr16","64029560","64029863","34","63765623"
"JH378121","268478","268765","chr11","19611133","19611417","28","19342655"
"JH378121","269483","269779","chr14","83371933","83372231","51","83102450"
"JH378121","297603","297739","chr26","6591504","6591639","13","6293901"
"JH378121","309375","309669","chr12","10064948","10065242","32","9755573"
"JH378121","329760","329864","chr26","41787612","41787715","16","41457852"
"JH378121","347974","348276","chr12","10064948","10065242","26","9716974"
"JH378121","366059","366371","chr1","65504304","65504612","35","65138245"
"JH378121","385242","385338","chr22","82220107","82220203","9","81834865"
"JH378121","548376","548617","chr24","48737508","48737750","32","48189132"
"JH378121","751844","752162","chr3","10937420","10937729","43","10185576"
"JH378121","942263","942570","chr2","12113745","12114044","45","11171482"
"JH378121","968502","968624","chr9","58173292","58173413","20","57204790"
"JH378121","983914","984227","chr27","46198966","46199264","54","45215052"
"JH378121","984815","985059","chr8","133395974","133396230","53","132411159"
"JH378121","1078666","1078970","chrX","13647323","13647630","48","12568657"
"JH378121","1106229","1106530","chr12","10064948","10065242","27","8958719"
"JH378121","1112304","1112604","chr12","10064948","10065242","30","8952644"
"JH378121","1121639","1121923","chr11","723791","724083","45","397848"
"JH378121","1135107","1135397","chr26","23072554","23072847","41","21937447"
"JH378121","1229401","1229529","chr20","20852752","20852882","11","19623351"
"JH378121","1502156","1502469","chr2","34891557","34891863","37","33389401"
"JH378121","1750461","1750771","chr24","35541584","35541883","39","33791123"
"JH378121","1764169","1764479","chr24","68895333","68895641","49","67131164"
"JH378121","1768103","1768180","chr13","63031813","63031889","7","61263710"
"JH378121","1859802","1860092","chr14","80284365","80284655","31","78424563"
"JH378121","2001309","2001613","chr12","6781553","6781865","37","4780244"
"JH378121","2145204","2145490","chrX","46002542","46002832","51","43857338"
"JH378121","2227799","2228095","chr14","45340459","45340751","41","43112660"
"JH378121","2293251","2293561","chr24","68895333","68895641","32","66602082"
"JH378121","2434067","2434359","chr1","99384482","99384781","38","96950415"
"JH378121","2468523","2468828","chr16","65250770","65251068","39","62782247"
"JH378121","2521217","2521502","chr20","57441379","57441660","50","54920162"
"JH378121","2557528","2557796","chr25","73791320","73791585","38","71233792"
"JH378121","2575841","2576131","chr22","50629443","50629736","33","48053602"
"JH378121","2641396","2641682","chr6","38096618","38096895","49","35455222"
"JH378121","2769663","2769949","chr6","6151723","6152020","43","3382060"
"JH378121","2857326","2857579","chr15","84223621","84223860","40","81366295"
"JH378121","3019002","3019299","chr12","10064948","10065242","35","7045946"
"JH378121","3097068","3097360","chr8","62688504","62688796","44","59591436"
"JH378121","3097773","3097922","chr9","59130238","59130387","13","56032465"
"JH378121","3132640","3132941","chr12","10064948","10065242","42","6932308"
"JH378121","3133080","3133375","chr21","75861886","75862178","33","72728806"
"JH378121","3175950","3176073","chr3","72385674","72385796","10","69209724"
"JH378121","3211635","3211912","chr16","10637567","10637849","55","7425932"
"JH378121","3260411","3260487","chr13","63031813","63031889","7","59771402"
"JH378121","3267097","3267407","chr14","42088159","42088465","37","38821062"
"JH378121","3294046","3294167","chr15","90834689","90834810","11","87540643"
"JH378121","3313650","3313951","chr23","44247755","44248062","36","40934105"
"JH378121","3348632","3348935","chr14","83371933","83372231","35","80023301"
"JH378121","3429785","3429995","chr16","6238673","6238883","24","2808888"
"JH378121","3431952","3432228","chr5","26756445","26756721","45","23324493"
"JH378121","3433720","3433955","chr11","82771168","82771402","38","79337448"
"JH378121","3446521","3446785","chr2","38170969","38171235","35","34724448"
"JH378121","3467220","3467390","chr4","82829588","82829761","24","79362368"
"JH378121","3534759","3535030","chr17","19903797","19904075","44","16369038"
"JH378121","3554204","3554500","chr12","10064948","10065242","27","6510744"
"JH378121","3559048","3559349","chr5","2273487","2273788","35","1285561"
"JH378121","3657930","3658020","chr19","7758593","7758681","11","4100663"
"JH378121","3700913","3701215","chr2","85255263","85255560","41","81554350"
"JH378121","3766776","3767086","chr25","49163282","49163584","32","45396506"
"JH378121","3770544","3770620","chr13","63031813","63031889","5","59261269"
"JH378121","3773260","3773565","chr2","35933723","35934028","35","32160463"
"JH378121","3798529","3798828","chr4","69800553","69800850","40","66002024"
"JH378121","3804364","3804538","chr12","106587426","106587613","40","102783062"
"JH378121","3852664","3852984","chr1","65504304","65504612","36","61651640"
"JH378121","3887877","3888186","chr28","4550302","4550608","41","662425"
"JH378121","3910737","3911045","chr18","31501692","31501998","36","27590955"
"JH378121","4001081","4001361","chr13","23281867","23282148","44","19280786"
"JH378121","4180603","4180898","chr10","111637485","111637783","30","107456882"
"JH378121","4189045","4189125","chr5","67880800","67880883","9","63691755"
"JH378121","4191019","4191318","chr12","10064948","10065242","29","5873929"
"JH378121","4235413","4235713","chr25","28758987","28759284","35","24523574"
"JH378121","4397324","4397647","chr14","83371933","83372231","47","78974609"
"JH378121","4511564","4511871","chr21","13830726","13831028","35","9319162"
"JH378121","4564953","4565245","chr12","62681503","62681796","45","58116550"
"JH378121","4589037","4589339","chr12","10064948","10065242","34","5475911"
"JH378121","4957458","4957769","chr21","108991689","108991988","40","104034231"
"JH378121","4962620","4962898","chr8","94942905","94943180","38","89980285"
"JH378121","5007049","5007164","chr20","115102100","115102215","9","110095051"
"JH378121","5016356","5016629","chr2","38170969","38171235","51","33154613"
"JH378121","5026637","5026938","chr10","118597337","118597632","37","113570700"
"JH378121","5050457","5050747","chr13","65577132","65577425","37","60526675"
"JH378121","5063424","5063614","chr20","114660733","114660918","26","109597309"
"JH378121","5147539","5147672","chr3","91348390","91348521","13","86200851"
"JH378121","5259923","5260200","chr7","74493098","74493366","52","69233175"
"JH378121","5314938","5315227","chr9","32166463","32166757","44","26851525"
"JH378121","5322800","5323111","chr4","16810841","16811146","38","11488041"
"JH378121","5345470","5345773","chr1","115205454","115205746","43","109859984"
"JH378121","5391308","5391609","chr1","108565860","108566161","42","103174552"
"JH378121","5401589","5401666","chr13","63031813","63031889","7","57630224"
"JH378121","5497211","5497287","chr21","54551014","54551085","17","49053803"
"JH378121","5497621","5497928","chr27","22888845","22889148","37","17391224"
"JH378121","5541970","5542120","chr7","111596213","111596360","29","106054243"
"JH378121","5542221","5542369","chr9","59130238","59130387","16","53588017"
"JH378121","5661290","5661590","chr1","19002101","19002396","50","13340811"
"JH378121","5787270","5787582","chr2","58045145","58045453","37","52257875"
"JH378121","5789961","5790265","chr16","66960790","66961092","35","61170829"
"JH378121","5834767","5834851","chr16","4405728","4405812","6","1429039"
"JH378121","5935862","5935978","chrX","90197506","90197623","10","84261644"
"JH378121","5985338","5985641","chr10","18371829","18372121","35","12386491"
"JH378121","6126686","6126960","chr23","34328669","34328947","50","28201983"
"JH378121","6173525","6173816","chrX","23977849","23978143","39","17804324"
"JH378121","6272067","6272367","chr17","30370058","30370364","39","24097991"
"JH378121","6352822","6353101","chr22","40622609","40622898","56","34269787"
"JH378121","6375363","6375650","chr7","56482923","56483210","41","50107560"
"JH378121","6403509","6403791","chr21","112860099","112860381","36","106456590"
"JH378121","6435005","6435314","chr14","79729598","79729899","42","73294593"
"JH378121","6498216","6498383","chr1","105262714","105262876","24","98764498"
"JH378121","6498484","6498625","chr11","95426931","95427069","25","88928447"
"JH378121","6559635","6559901","chr22","43966779","43967052","52","37407144"
"JH378121","6703699","6703939","chr29","17759839","17760092","49","11056140"
"JH378121","6721959","6722259","chr9","43010347","43010656","54","36288388"
"JH378121","6730641","6730950","chr1","120119656","120119957","40","113389015"
"JH378121","6739227","6739515","chr5","42662951","42663235","43","35923724"
"JH378121","6743189","6743269","chr16","3308866","3308945","9","3434323"
"JH378121","6757398","6757690","chr10","55224096","55224386","53","48466698"
"JH378121","6793226","6793534","chr20","20539479","20539784","44","13746253"
"JH378121","6795747","6796056","chr5","2273487","2273788","35","4522260"
"JH378121","6804123","6804429","chr14","46644585","46644889","51","39840462"
"JH378121","6829964","6830236","chr9","25752571","25752842","54","18922607"
"JH378121","6835039","6835318","chr26","22549804","22550079","51","15714765"
"JH378121","6896169","6896473","chr20","92481976","92482271","31","85585807"
"JH378121","6934582","6934866","chr19","22892545","22892830","33","15957963"
"JH378121","6956867","6957180","chr1","108565860","108566161","41","101608993"
"JH378121","6957199","6957498","chr1","2872653","2872961","48","4084546"
"JH378121","6993260","6993520","chrY","1076275","1076541","41","5916985"
"JH378121","6997861","6998142","chr20","66273963","66274240","41","59276102"
"JH378121","7133857","7134152","chr11","1072049","1072341","46","6061808"
"JH378121","7161654","7161933","chr9","18025655","18025940","43","10864001"
"JH378121","7310186","7310488","chr22","3142838","3143140","48","4167348"
"JH378121","7365005","7365275","chrX","126393011","126393284","40","119028006"
"JH378121","7451091","7451391","chr14","3058807","3059104","34","4392284"
"JH378121","7755301","7755389","chrX","37543042","37543130","18","29787741"
"JH378121","7825539","7825762","chr7","97152314","97152538","27","89326775"
"JH378121","7868134","7868439","chr9","63581525","63581830","49","55713391"
"JH378121","7874467","7874774","chr21","87634311","87634613","47","79759844"
"JH378121","7947450","7947746","chr17","58920850","58921143","48","50973400"
"JH378121","7999766","7999860","chr22","82220107","82220203","8","74220341"
"JH378121","8001145","8001249","chr1","39939684","39939788","6","31938539"
"JH378121","8016954","8017245","chr9","68468865","68469160","42","60451911"
"JH378121","8031096","8031241","chr5","41886378","41886537","42","33855282"
"JH378121","8049906","8050206","chr8","20459020","20459321","53","12409114"
"JH378121","8100079","8100252","chr10","66316936","66317106","25","58216857"
"JH378121","8105319","8105613","chr1","103415790","103416081","35","95310471"
"JH378121","8123859","8123958","chr9","113030266","113030377","21","104906407"
"JH378121","8138927","8139220","chr20","85383453","85383743","46","77244526"
"JH378121","8206057","8206357","chr16","20822626","20822924","52","12616569"
"JH378121","8218513","8218776","chr16","51272531","51272798","57","43054018"
"JH378121","8325318","8325583","chr22","34922795","34923044","48","26597477"
"JH378121","8368145","8368453","chr16","30398852","30399159","44","22030707"
"JH378121","8467536","8467827","chr9","89859310","89859604","35","81391774"
"JH378121","8679661","8679759","chr22","82220107","82220203","8","73540446"
"JH378121","8710401","8710690","chr7","98055883","98056171","39","89345482"
"JH378121","8891172","8891466","chr12","10064948","10065242","27","1173776"
"JH378121","8893191","8893487","chr1","97089521","97089816","35","88196330"
"JH378121","8916405","8916705","chr5","2273487","2273788","37","6642918"
"JH378121","8975945","8976244","chr12","74217361","74217667","39","65241416"
"JH378121","8987906","8988206","chr13","49383608","49383901","56","40395702"
"JH378121","9010897","9011194","chr9","111904691","111904988","40","102893794"
"JH378121","9016651","9016939","chr9","12848067","12848359","50","3831416"
"JH378121","9034200","9034476","chr12","26827271","26827548","33","17793071"
"JH378121","9051216","9051519","chr10","89380638","89380940","45","80329422"
"JH378121","9052232","9052523","chr22","46167136","46167420","41","37114904"
"JH378121","9068659","9068964","chr24","7431649","7431957","46","1637010"
"JH378121","9069330","9069646","chr4","31268658","31268962","50","22199328"
"JH378121","9116345","9116506","chr2","82552330","82552492","23","73435985"
"JH378121","9126460","9126753","chr3","55450612","55450905","38","46324152"
"JH378121","9163605","9163881","chr15","65122808","65123099","44","55959203"
"JH378121","9164233","9164548","chrX","125302543","125302844","48","116138310"
"JH378121","9176307","9176596","chr16","72333016","72333308","42","63156709"
"JH378121","9201762","9202033","chr15","53659001","53659271","47","44457239"
"JH378121","9273770","9274077","chr2","57283040","57283331","47","48009270"
"JH378121","9275855","9276073","chr9","28573966","28574178","34","19298111"
"JH378121","9368625","9368795","chr8","124837672","124837846","20","115469047"
"JH378121","9378030","9378338","chr12","87874553","87874860","37","78496523"
"JH378121","9456561","9456853","chr12","10064948","10065242","36","608387"
"JH378121","9466288","9466595","chr2","34891557","34891863","35","25425269"
"JH378121","9493345","9493648","chr1","99317953","99318253","33","89824608"
"JH378121","9501265","9501532","chr9","107033488","107033756","45","97532223"
"JH378121","9650588","9650678","chr3","65349691","65349782","12","55699103"
"JH378121","9716179","9716495","chr1","99384482","99384781","53","89668303"
"JH378121","9739728","9740025","chr12","10064948","10065242","26","325220"
"JH378121","9826534","9826832","chr12","10064948","10065242","27","238414"
"JH378121","9855573","9855658","chr16","4405728","4405812","7","5449845"
"JH378121","9870722","9870846","chr1","8688937","8689061","11","1181785"
"JH378121","9916140","9916357","chr18","38006673","38006895","50","28090533"
"JH378121","9981794","9982125","chr20","86684189","86684507","63","76702395"
"JH378121","10201449","10201727","chr7","86776983","86777262","62","76575534"
"JH378121","10204279","10204572","chr19","1553694","1553987","38","8650585"
"JH378121","10342457","10342755","chr11","4350721","4351023","36","5991736"
"JH378121","10386441","10386735","chr12","58820917","58821209","41","48434476"
"JH378121","10473781","10474106","chr16","11113407","11113716","47","639626"
"JH378121","10481531","10481840","chr9","13973543","13973840","45","3492012"
"JH378121","10502837","10503151","chr20","105941906","105942211","39","95439069"
"JH378121","10520749","10520839","chr3","65349691","65349782","11","54828942"
"JH378121","10641832","10642079","chr16","51985370","51985616","39","41343538"
"JH378121","10683677","10683964","chr21","85978531","85978816","59","75294854"
"JH378121","10762504","10762794","chr12","10064948","10065242","44","697556"
"JH378121","10908196","10908370","chr2","47061593","47061764","30","36153397"
"JH378121","10929356","10929611","chr1","406008","406263","39","10523348"
"JH378121","10956641","10956938","chr15","51754493","51754791","52","40797852"
"JH378121","10960579","10960666","chr19","7758593","7758681","10","3201986"
"JH378121","11055247","11055576","chr2","21278006","21278325","61","10222759"
"JH378121","11061014","11061358","chr21","79677702","79678053","71","68616688"
"JH378121","11062794","11063069","chr1","9765275","9765547","41","1297519"
"JH378121","11118801","11118950","chrX","4336765","4336906","25","6782036"
"JH378121","11143946","11144242","chr1","19002101","19002396","45","7858155"
"JH378121","11336201","11336298","chr22","82220107","82220203","12","70883906"
"JH378121","11396987","11397288","chr18","59023586","59023884","33","47626599"
"JH378121","11399095","11399373","chrX","81238532","81238811","38","69839437"
"JH378121","11417419","11417723","chr5","2273487","2273788","28","9143932"
"JH378121","11428828","11429009","chr6","19694757","19694941","28","8265929"
"JH378121","11466795","11467084","chr11","90825564","90825850","40","79358769"
"JH378121","11510818","11511097","chr20","18848288","18848574","44","7337470"
"JH378121","11657338","11657616","chr12","13260494","13260774","45","1603156"
"JH378121","11658296","11658574","chr12","13260494","13260774","40","1602198"
"JH378121","11799966","11800298","chr2","58045145","58045453","60","46245179"
"JH378121","11917943","11918242","chr1","32678486","32678781","39","20760543"
"JH378121","11936385","11936714","chr10","89459842","89460157","43","77523457"
"JH378121","11999528","11999782","chr22","88832832","88833087","42","76833304"
"JH378121","12094639","12094948","chr11","115525233","115525542","36","103430594"
"JH378121","12167803","12168090","chr6","38437831","38438120","40","26270028"
"JH378121","12354972","12355204","chr20","100953849","100954075","45","88598877"
"JH378121","12386508","12386812","chr11","120207458","120207761","41","107820950"
"JH378121","12391570","12391825","chr4","89003238","89003495","40","76611668"
"JH378121","12444114","12444405","chr16","18091158","18091443","45","5647044"
"JH378121","12612139","12612266","chr27","45989091","45989221","16","33376952"
"JH378121","12659675","12659742","chr28","14799270","14799340","5","2139595"
"JH378121","12765649","12765956","chr16","30398852","30399159","36","17633203"
"JH378121","12766372","12766673","chr18","60673223","60673524","34","47906851"
"JH378121","12774799","12775115","chr1","65504304","65504612","35","52729505"
"JH378121","12815239","12815495","chr16","61676884","61677139","42","48861645"
"JH378121","12874826","12875137","chr1","65504304","65504612","32","52629478"
"JH378121","12876645","12876942","chr17","37469930","37470228","43","24593285"
"JH378121","12934190","12934505","chr6","15953108","15953417","45","3018918"
"JH378121","13101188","13101477","chr21","35798011","35798296","39","22696823"
"JH378121","13274664","13274968","chr2","83266456","83266759","47","69991792"
"JH378121","13306222","13306477","chr2","28528551","28528816","50","15222329"
"JH378121","13325580","13325866","chr2","6843755","6844035","39","6481825"
"JH378121","13346817","13346944","chr20","20852752","20852882","10","7505935"
"JH378121","13363097","13363186","chr3","65349691","65349782","13","51986594"
"JH378121","13457177","13457455","chr4","10143744","10144031","43","3313433"
"JH378121","13498872","13498966","chr22","82220107","82220203","8","68721235"
"JH378121","13584590","13584676","chr20","86496231","86496314","11","72911641"
"JH378121","13660818","13661039","chr24","70491696","70491919","37","56830878"
"JH378121","13698884","13699178","chr25","69293378","69293673","29","55594494"
"JH378121","13709707","13709991","chr4","53346939","53347217","49","39637232"
"JH378121","13777467","13777760","chr3","11376227","11376515","44","2401240"
"JH378121","13874954","13875240","chr4","53346939","53347217","50","39471985"
"JH378121","13876451","13876662","chr2","41986599","41986802","27","28110148"
"JH378121","13930980","13931288","chr11","125798758","125799061","39","111867778"
"JH378121","13982053","13982363","chr1","65504304","65504612","32","51522251"
"JH378121","14025054","14025365","chr16","2510751","2511055","52","11514303"
"JH378121","14045663","14045918","chr9","96390861","96391117","32","82345198"
"JH378121","14143273","14143578","chr7","105479991","105480292","44","91336718"
"JH378121","14206406","14206711","chr12","10064948","10065242","39","4141458"
"JH378121","14348913","14348981","chr12","59011863","59011932","15","44662950"
"JH378121","14392298","14392590","chr3","4399018","4399312","43","9993280"
"JH378121","14410287","14410586","chr12","10064948","10065242","36","4345339"
"JH378121","14428478","14428774","chr14","83371933","83372231","43","68943455"
"JH378121","14439081","14439386","chr5","2273487","2273788","30","12165594"
"JH378121","14475413","14475543","chr3","91348390","91348521","9","76872977"
"JH378121","14772326","14772601","chr12","26827271","26827548","41","12054945"
"JH378121","14825090","14825333","chr10","52997867","52998109","25","38172777"
"JH378121","14838402","14838502","chr22","82220107","82220203","9","67381705"
"JH378121","14930589","14930898","chr12","10064948","10065242","32","4865641"
"JH378121","14943854","14944120","chr16","23882565","23882832","41","8938711"
"JH378121","15024479","15024555","chr16","40261975","40262053","14","25237496"
"JH378121","15024775","15025080","chr1","65504304","65504612","41","50479529"
"JH378121","15033229","15033521","chr11","74038820","74039113","41","59005591"
"JH378121","15068076","15068384","chr5","2273487","2273788","36","12794589"
"JH378121","15250984","15251270","chr8","138416364","138416651","37","123165380"
"JH378121","15266571","15266846","chr11","72163428","72163714","47","56896857"
"JH378121","15286963","15287242","chr21","33287053","33287331","39","18000090"
"JH378121","15310809","15311095","chr6","43076306","43076596","39","27765497"
"JH378121","15352646","15352959","chr4","67295812","67296124","38","51943166"
"JH378121","15397207","15397405","chr6","16017631","16017832","31","620424"
"JH378121","15406896","15407206","chr5","28212991","28213301","33","12806095"
"JH378121","15443943","15444216","chr10","110669639","110669914","33","95225696"
"JH378121","15450071","15450369","chr19","23732962","23733259","30","8282891"
"JH378121","15467663","15467791","chr1","97802296","97802426","15","82334633"
"JH378121","15493370","15493651","chrX","121102765","121103048","38","105609395"
"JH378121","15505329","15505621","chr15","86758708","86759003","37","71253379"
"JH378121","15520665","15520962","chr7","12288332","12288635","62","3232333"
"JH378121","15532923","15533229","chr12","74217361","74217667","42","58684438"
"JH378121","15552417","15552730","chr27","26149585","26149888","49","10597168"
"JH378121","15564674","15564945","chr5","20366749","20367033","42","4802075"
"JH378121","15594516","15594822","chrX","110092521","110092822","44","94498005"
"JH378121","15612571","15612801","chr24","70897942","70898180","41","55285371"
"JH378121","15680950","15681079","chr19","20225547","20225670","19","4544597"
"JH378121","15682125","15682405","chr20","75127208","75127485","31","59445083"
"JH378121","15686655","15686951","chr13","94693351","94693648","27","79006696"
"JH378121","15693139","15693446","chr26","38024857","38025165","40","22331718"
"JH378121","15750602","15750911","chr2","34891557","34891863","38","19140955"
"JH378121","15802076","15802385","chr15","60324899","60325206","35","44522823"
"JH378121","15868425","15868726","chr20","20539479","20539784","44","4671054"
"JH378121","15910516","15910690","chr5","44686436","44686608","27","28775920"
"JH378121","15911750","15911981","chr18","16752670","16752900","31","840920"
"JH378121","15912441","15912573","chr1","110380135","110380266","15","94467694"
"JH378121","15940456","15940605","chr9","59130238","59130387","14","43189782"
"JH378121","15943122","15943361","chr24","69879573","69879802","35","53936451"
"JH378121","15950584","15950891","chr12","58760900","58761203","38","42810316"
"JH378121","15980537","15980616","chr16","3308866","3308945","9","12671671"
"JH378121","15991724","15992017","chr6","38437831","38438120","31","22446107"
"JH378121","16064817","16065118","chrX","104601258","104601549","46","88536441"
"JH378121","16073025","16073304","chr10","57787441","57787731","49","41714416"
"JH378121","16123764","16124044","chr2","62440272","62440552","41","46316508"
"JH378121","16188603","16188733","chr20","20852752","20852882","12","4664149"
"JH378121","16198037","16198340","chr24","51004467","51004765","35","34806430"
"JH378121","16210229","16210525","chr12","10064948","10065242","36","6145281"
"JH378121","16223859","16223939","chr16","3308866","3308945","10","12914993"
"JH378121","16245746","16246035","chr21","89042176","89042456","43","72796430"
"JH378121","16258970","16259245","chr11","19611133","19611417","43","3352163"
"JH378121","16370784","16371072","chr1","97089521","97089816","39","80718737"
"JH378121","16395547","16395846","chr12","10064948","10065242","24","6330599"
"JH378121","16446061","16446321","chrX","68948097","68948354","46","52502036"
"JH378121","16449705","16450006","chr7","128524439","128524738","44","112074734"
"JH378121","16461945","16462198","chr16","58425585","58425837","37","41963640"
"JH378121","16505241","16505552","chr6","16598509","16598818","31","93268"
"JH378121","16506376","16506681","chr11","64732415","64732714","36","48226039"
"JH378121","16507467","16507612","chr3","79969936","79970091","32","63462469"
"JH378121","16511960","16512256","chr12","10064948","10065242","25","6447012"
"JH378121","16531458","16531587","chr20","67637645","67637774","11","51106187"
"JH378121","16531598","16531889","chr10","58797958","58798243","48","42266360"
"JH378121","16562025","16562103","chr13","63031813","63031889","9","46469788"
"JH378121","16564772","16565073","chr16","61089571","61089874","43","44524799"
"JH378121","16579824","16580120","chr12","62681503","62681796","37","46101679"
"JH378121","16583857","16584154","chr10","118597337","118597632","30","102013480"
"JH378121","16674038","16674319","chrX","95460911","95461200","45","78786873"
"JH378121","16685415","16685717","chr1","103415790","103416081","31","86730375"
"JH378121","16728111","16728405","chr26","23072554","23072847","41","6344443"
"JH378121","16739639","16739929","chr12","10064948","10065242","31","6674691"
"JH378121","16780602","16780887","chr11","31792082","31792370","38","15011480"
"JH378121","16782598","16782902","chr26","24278477","24278782","50","7495879"
"JH378121","16790130","16790278","chr9","38192622","38192768","17","21402492"
"JH378121","16812892","16812996","chr1","39939684","39939788","10","23126792"
"JH378121","16868575","16868704","chr5","74154623","74154755","12","57286048"
"JH378121","16930971","16931211","chrX","56071415","56071659","36","39140444"
"JH378121","16984292","16984589","chr8","66644262","66644564","30","49659970"
"JH378121","17056515","17056816","chr20","101506461","101506755","31","84449946"
"JH378121","17146859","17147176","chr15","12031507","12031804","50","5115352"
"JH378121","17234912","17235223","chr26","18593596","18593901","41","1358684"
"JH378121","17251716","17252020","chr26","26157512","26157808","38","8905796"
"JH378121","17471722","17471861","chr6","7501396","7501533","13","9970326"
"JH378121","17644050","17644329","chr11","19611133","19611417","41","1967083"
"JH378121","17658993","17659132","chr1","63883321","63883461","16","46224328"
"JH378121","17666854","17666972","chr9","113030266","113030377","17","95363412"
"JH378121","17670401","17670700","chr5","2273487","2273788","31","15396914"
"JH378121","17766351","17766599","chr3","27147134","27147379","33","9380783"
"JH378121","17797088","17797410","chr11","97795304","97795611","45","79998216"
"JH378121","17808165","17808444","chr8","75315240","75315524","36","57507075"
"JH378121","17846523","17846618","chr22","82220107","82220203","7","64373584"
"JH378121","17899350","17899662","chr1","65504304","65504612","30","47604954"
"JH378121","17911073","17911384","chrX","114744806","114745112","39","96833733"
"JH378121","18044572","18044864","chrX","17246394","17246689","36","798178"
"JH378121","18080321","18080398","chr16","4405728","4405812","15","13674593"
"JH378121","18102459","18102701","chr10","118182665","118182918","38","100080206"
"JH378121","18105584","18105890","chr5","2273487","2273788","33","15832097"
"JH378121","18197741","18198044","chr5","2273487","2273788","48","15924254"
"JH378121","18223871","18224122","chr21","56602482","56602744","47","38378611"
"JH378121","18227970","18228249","chrX","29936084","29936366","38","11708114"
"JH378121","18265036","18265349","chr11","115525233","115525542","33","97260197"
"JH378121","18424823","18425112","chr23","40897282","40897583","44","22472459"
"JH378121","18459519","18459809","chr27","10946991","10947278","37","7512528"
"JH378121","18474088","18474390","chr9","92415292","92415589","55","73941204"
"JH378121","18694294","18694617","chr2","58045145","58045453","39","39350851"
"JH378121","18733524","18733826","chr26","26157512","26157808","46","7423988"
"JH378121","18789836","18790063","chr5","17972207","17972425","46","817629"
"JH378121","18827303","18827602","chr9","72868923","72869227","38","54041620"
"JH378121","18855525","18855556","chr17","51711205","51711221","16","32855680"
"JH378121","18855572","18855638","chr3","90465528","90465591","16","71609956"
"JH378121","18861423","18861727","chr12","10064948","10065242","33","8796475"
"JH378121","18864220","18864402","chr11","29582135","29582322","27","10717915"
"JH378121","18911574","18911669","chr22","82220107","82220203","9","63308533"
"JH378121","18914402","18914693","chr13","65577132","65577425","35","46662730"
"JH378121","18926578","18926879","chr26","26157512","26157808","37","7230934"
"JH378121","18930992","18931275","chr3","81003695","81003974","37","62072703"
"JH378121","18940466","18940773","chr6","47185187","47185490","38","28244721"
"JH378121","18952073","18952376","chr6","15953108","15953417","36","2998965"
"JH378121","18973408","18973714","chr3","75030450","75030748","39","56057042"
"JH378121","18978180","18978475","chr20","125301133","125301424","41","106322953"
"JH378121","18982134","18982449","chr3","22013697","22014006","37","3031563"
"JH378121","18984106","18984363","chr8","130278670","130278926","33","111294564"
"JH378121","18985835","18985905","chrX","124510500","124510570","10","105524665"
"JH378121","19007677","19007956","chr12","104595406","104595692","40","85587729"
"JH378121","19016484","19016667","chr18","20001181","20001358","34","984697"
"JH378121","19026293","19026592","chr25","76717501","76717800","35","57691208"
"JH378121","19030866","19031143","chr8","94942905","94943180","38","75912039"
"JH378121","19127187","19127477","chr17","69474406","69474701","46","50347219"
"JH378121","19145956","19146242","chr23","57301558","57301845","48","38155602"
"JH378121","19150810","19151098","chr13","65577132","65577425","40","46426322"
"JH378121","19184444","19184725","chr16","26067530","26067803","48","6883086"
"JH378121","19198145","19198448","chr12","10064948","10065242","36","9133197"
"JH378121","19229587","19229874","chr25","81017700","81017987","40","61788113"
"JH378121","19241074","19241367","chr11","64255685","64255978","37","45014611"
"JH378121","19278883","19279142","chr15","45869204","45869463","45","26590321"
"JH378121","19296736","19296866","chr1","97802296","97802426","10","78505560"
"JH378121","19321015","19321105","chr3","65349691","65349782","10","46028676"
"JH378121","19340658","19340823","chr2","9831889","9832066","36","9508769"
"JH378121","19341366","19341483","chr4","60395666","60395783","18","41054300"
"JH378121","19358209","19358521","chr2","56613914","56614218","43","37255705"
"JH378121","19377163","19377422","chr16","58425585","58425837","38","39048422"
"JH378121","19416922","19417052","chr3","91348390","91348521","11","71931468"
"JH378121","19449350","19449657","chr7","35608376","35608676","39","16159026"
"JH378121","19455916","19456229","chr11","5998740","5999053","41","13457176"
"JH378121","19468826","19469126","chr12","10064948","10065242","27","9403878"
"JH378121","19512539","19512836","chr11","34002757","34003053","28","14490218"
"JH378121","19557087","19557384","chr7","558873","559169","36","18998214"
"JH378121","19561836","19561982","chr9","59130238","59130387","16","39568402"
"JH378121","19575302","19575559","chr4","38256403","38256677","49","18681101"
"JH378121","19580630","19580923","chr15","4075521","4075817","38","15505109"
"JH378121","19599476","19599784","chr15","3702894","3703194","41","15896582"
"JH378121","19648186","19648487","chr1","68219231","68219530","41","48571045"
"JH378121","19670050","19670260","chr23","37536739","37536949","50","17866689"
"JH378121","19670261","19670315","chr21","108068871","108068923","9","88398610"
"JH378121","19690418","19690695","chrX","50312686","50312963","47","30622268"
"JH378121","19703338","19703630","chr2","9424142","9424441","35","10279196"
"JH378121","19736587","19736881","chr18","66152378","66152674","39","46415791"
"JH378121","19739627","19739929","chr3","10937420","10937729","45","8802207"
"JH378121","19753542","19753824","chr5","53255334","53255620","38","33501792"
"JH378121","19754869","19755162","chrX","22171201","22171487","38","2416332"
"JH378121","19803663","19803977","chrX","62513903","62514213","38","42710240"
"JH378121","19807809","19807888","chr16","3308866","3308945","9","16498943"
"JH378121","19842131","19842436","chr26","18977354","18977652","35","864777"
"JH378121","19857869","19858172","chr21","73254495","73254785","47","53396626"
"JH378121","19860599","19860689","chr3","65349691","65349782","12","45489092"
"JH378121","19862605","19862698","chr22","82220107","82220203","10","62357502"
"JH378121","19867405","19867720","chr9","28365288","28365588","38","8497883"
"JH378121","19869878","19870019","chr1","63883321","63883461","14","44013443"
"JH378121","19897169","19897482","chrX","28194989","28195297","39","8297820"
"JH378121","19930319","19930607","chr8","21494594","21494885","45","1564275"
"JH378121","19956565","19956661","chr22","82220107","82220203","9","62263542"
"JH378121","19962836","19963142","chr5","2273487","2273788","31","17689349"
"JH378121","19966790","19967090","chr5","2273487","2273788","33","17693303"
"JH378121","19967931","19968072","chr23","56978905","56979044","13","37010974"
"JH378121","19968595","19968875","chr20","112562278","112562560","37","92593683"
"JH378121","19969239","19969545","chr1","65504304","65504612","32","45535065"
"JH378121","19970347","19970648","chr29","8289755","8290055","30","11680592"
"JH378121","19995216","19995517","chr5","2273487","2273788","30","17721729"
"JH378121","19995911","19996220","chr6","16598509","16598818","32","3397402"
"JH378121","19998922","19999212","chr18","72052984","72053276","34","52054062"
"JH378121","20002989","20003263","chr23","56917790","56918060","44","36914801"
"JH378121","20006577","20006878","chr12","10064948","10065242","29","9941629"
"JH378121","20024229","20024535","chr1","65504304","65504612","35","45480075"
"JH378121","20079512","20079600","chr19","7758593","7758681","8","12320919"
"JH378121","20081827","20081916","chr16","4405728","4405812","12","15676099"
"JH378121","20082516","20082604","chr19","7758593","7758681","8","12323923"
"JH378121","20096688","20096989","chr1","68219231","68219530","37","48122543"
"JH378121","20236479","20236760","chrX","104770340","104770622","43","84533861"
"JH378121","20290997","20291131","chr8","30816712","30816842","26","10525715"
"JH378121","20297421","20297727","chr1","87458669","87458972","34","67161248"
"JH378121","20305886","20306195","chr20","106884868","106885166","49","86578982"
"JH378121","20308801","20309042","chr16","63471279","63471543","57","43162478"
"JH378121","20342376","20342659","chr9","57703533","57703815","43","37361157"
"JH378121","20347574","20347854","chr2","7719308","7719587","39","12628266"
"JH378121","20347868","20348164","chr12","10064948","10065242","28","10282920"
"JH378121","20353407","20353726","chrX","44976189","44976495","54","24622782"
"JH378121","20395609","20395910","chr10","111637485","111637783","35","91241876"
"JH378121","20396043","20396339","chr12","10064948","10065242","25","10331095"
"JH378121","20454303","20454615","chr16","55157456","55157764","53","34703153"
"JH378121","20473376","20473663","chr4","71259031","71259315","28","50785655"
"JH378121","20490468","20490802","chr20","96800606","96800937","45","76310138"
"JH378121","20532191","20532487","chrX","45808298","45808607","46","25276107"
"JH378121","20533279","20533585","chr2","29605687","29605989","38","9072408"
"JH378121","20537630","20537924","chr3","9525767","9526055","45","11011863"
"JH378121","20551959","20552269","chr1","99510509","99510815","39","78958550"
"JH378121","20577184","20577291","chr1","62097932","62098038","12","41520748"
"JH378121","20578687","20578835","chr9","59130238","59130387","14","38551551"
"JH378121","20597791","20598093","chr5","2273487","2273788","26","18324304"
"JH378121","20675683","20675993","chr12","6781553","6781865","125","13894130"
"JH378121","20684669","20684974","chr25","5442274","5442573","37","15242395"
"JH378121","20750861","20751175","chr25","81648621","81648928","37","60897760"
"JH378121","20772172","20772479","chr16","30398852","30399159","30","9626680"
"JH378121","20804902","20805183","chr13","67752440","67752724","47","46947538"
"JH378121","20811612","20811803","chr13","35728754","35728948","30","14917142"
"JH378121","20833204","20833514","chr2","34891557","34891863","32","14058353"
"JH378121","20861388","20861691","chr24","80996460","80996769","42","60135072"
"JH378121","20862714","20863044","chr12","34540417","34540739","64","13677703"
"JH378121","20877601","20877919","chr2","58045145","58045453","42","37167544"
"JH378121","20882061","20882343","chr13","65577132","65577425","47","44695071"
"JH378121","20934839","20935139","chr22","10282335","10282631","44","10652504"
"JH378121","20951373","20951601","chr15","75832567","75832803","44","54881194"
"JH378121","21001317","21001624","chr8","95643317","95643620","46","74642000"
"JH378121","21008184","21008491","chr1","85711795","85712099","41","64703611"
"JH378121","21016118","21016407","chr15","86758708","86759003","41","65742590"
"JH378121","21023085","21023378","chr21","85602981","85603272","40","64579896"
"JH378121","21030433","21030576","chr12","46226668","46226803","27","25196235"
"JH378121","21045864","21045961","chr22","82220107","82220203","7","61174243"
"JH378121","21124625","21124929","chr22","18070482","18070784","36","3054143"
"JH378121","21128750","21128884","chr26","6591504","6591639","12","14537246"
"JH378121","21173763","21174068","chr27","22888845","22889148","37","1715082"
"JH378121","21264749","21265055","chr1","87458669","87458972","33","66193920"
"JH378121","21279496","21279800","chr8","18530878","18531178","46","2748618"
"JH378121","21326379","21326671","chr16","25791548","25791851","37","4465169"
"JH378121","21487573","21487683","chr6","1067449","1067558","11","20420124"
"JH378121","21528255","21528516","chr12","94939680","94939942","40","73411425"
"JH378121","21655739","21656014","chr11","90996628","90996901","39","69340889"
"JH378121","21700813","21701111","chr5","26414766","26415062","40","4713953"
"JH378121","21719781","21720089","chr22","79290115","79290425","33","57570334"
"JH378121","21753747","21754059","chr1","108565860","108566161","38","86812113"
"JH378121","21798472","21798779","chr28","8166965","8167266","33","13631507"
"JH378121","21858216","21858511","chr8","1641343","1641640","39","20216873"
"JH378121","21906535","21906807","chr1","83625954","83626213","41","61719419"
"JH378121","21939196","21939482","chr11","759863","760148","36","21179333"
"JH378121","21950039","21950121","chr5","67880800","67880883","5","45930761"
"JH378121","22022399","22022682","chr3","81003695","81003974","35","58981296"
"JH378121","22023419","22023714","chr12","10064948","10065242","23","11958471"
"JH378121","22038877","22039166","chr12","10064948","10065242","33","11973929"
"JH378121","22118748","22119035","chr18","66189352","66189642","44","44070604"
"JH378121","22162550","22162847","chr12","10064948","10065242","33","12097602"
"JH378121","22238771","22239056","chr17","28746098","28746379","36","6507327"
"JH378121","22636671","22637004","chr16","13646472","13646792","81","8990199"
"JH378121","22688446","22688546","chr22","82220107","82220203","12","59531661"
"JH378121","22724371","22724491","chr6","44144914","44145033","14","21420543"
"JH378121","22765546","22765780","chr24","70897942","70898180","48","48132396"
"JH378121","22982250","22982547","chr8","112523760","112524054","38","89541510"
"JH378121","22997175","22997474","chr1","68219231","68219530","33","45222056"
"JH378121","23001111","23001209","chr22","82220107","82220203","8","59218996"
"JH378121","23010449","23010522","chr13","63031813","63031889","9","40021364"
"JH378121","23011400","23011557","chr26","24641498","24641647","28","1630098"
"JH378121","23017999","23018298","chr12","10064948","10065242","34","12953051"
"JH378121","23056176","23056279","chr1","39939684","39939788","9","16883508"
"JH378121","23076811","23077105","chr17","11389361","11389657","38","11687450"
"JH378121","23122903","23123203","chr13","65577132","65577425","28","42454229"
"JH378121","23133072","23133375","chr25","47299088","47299388","37","24166016"
"JH378121","23174224","23174529","chr24","36388097","36388399","34","13213873"
"JH378121","23190953","23191267","chr5","2324242","2324550","51","20866711"
"JH378121","23203964","23204272","chrX","114744806","114745112","41","91540842"
"JH378121","23223998","23224300","chr16","18710057","18710354","42","4513941"
"JH378121","23336229","23336480","chr13","68161433","68161684","46","44825204"
"JH378121","23460963","23461255","chr26","12826886","12827179","37","10634077"
"JH378121","23513312","23513604","chr1","67228631","67228917","46","43715319"
"JH378121","23562386","23562692","chr11","51624065","51624366","33","28061679"
"JH378121","23581042","23581323","chrX","22015718","22015995","44","1565324"
"JH378121","23614687","23614999","chr2","34891557","34891863","33","11276870"
"JH378121","23730604","23730898","chr9","96314869","96315163","40","72584265"
"JH378121","23772926","23773242","chr11","114596263","114596576","37","90823337"
"JH378121","23810508","23810630","chr11","128198219","128198344","15","104387711"
"JH378121","23883422","23883712","chr1","69161184","69161465","37","45277762"
"JH378121","23928455","23928753","chr12","10064948","10065242","29","13863507"
"JH378121","23974007","23974304","chr9","11712162","11712458","38","12261845"
"JH378121","24120518","24120817","chr4","50225644","50225922","49","26105126"
"JH378121","24131581","24131898","chr11","115525233","115525542","40","91393652"
"JH378121","24192345","24192421","chr13","63031813","63031889","7","38839468"
"JH378121","24207694","24208000","chr5","2273487","2273788","30","21934207"
"JH378121","24241723","24242021","chr12","10064948","10065242","44","14176775"
"JH378121","24243795","24244100","chr1","37304575","37304874","40","13060780"
"JH378121","24254809","24255109","chr5","2273487","2273788","28","21981322"
"JH378121","24262337","24262641","chr5","2273487","2273788","28","21988850"
"JH378121","24279858","24280138","chr14","70441301","70441579","49","46161443"
"JH378121","24297631","24297919","chr5","22668022","22668311","36","1629609"
"JH378121","24350219","24350516","chr15","81443631","81443929","43","57093412"
"JH378121","24354894","24355203","chr1","65504304","65504612","35","41149410"
"JH378121","24363895","24364195","chr21","104124875","104125171","43","79760980"
"JH378121","24365376","24365682","chr20","86951906","86952213","41","62586530"
"JH378121","24387587","24387877","chr9","39095858","39096151","36","14708271"
"JH378121","24403082","24403381","chr1","32168654","32168947","34","7765572"
"JH378121","24431580","24431890","chr2","34891557","34891863","34","10459977"
"JH378121","24465363","24465524","chrX","99820785","99820950","22","75355422"
"JH378121","24562954","24563251","chrX","23977849","23978143","35","585105"
"JH378121","24645438","24645707","chr1","111829907","111830168","37","87184469"
"JH378121","24805791","24805931","chr11","99775300","99775442","27","74969509"
"JH378121","24808011","24808310","chr2","5168180","5168471","34","19639831"
"JH378121","24824175","24824461","chr23","31556034","31556316","46","6731859"
"JH378121","24846844","24847149","chr12","10064948","10065242","29","14781896"
"JH378121","24853192","24853486","chr21","50410494","50410784","46","25557302"
"JH378121","24885395","24885485","chr3","65349691","65349782","9","40464296"
"JH378121","24888610","24888920","chr22","9509880","9510182","51","15378730"
"JH378121","24892049","24892337","chr14","80284365","80284655","39","55392316"
"JH378121","24896309","24896619","chr12","74217361","74217667","29","49321052"
"JH378121","24947390","24947666","chr5","34103098","34103364","46","9155708"
"JH378121","25036756","25037070","chr12","10064948","10065242","37","14971808"
"JH378121","25060889","25061164","chr10","127201999","127202278","37","102141110"
"JH378121","25183549","25183645","chr22","82220107","82220203","8","57036558"
"JH378121","25244007","25244319","chr1","65504304","65504612","29","40260297"
"JH378121","25248132","25248431","chr12","10064948","10065242","38","15183184"
"JH378121","25399405","25399710","chr1","65504304","65504612","33","40104899"
"JH378121","25477096","25477370","chr11","19906240","19906513","38","5570856"
"JH378121","25557914","25558216","chr7","31800018","31800305","56","6242104"
"JH378121","25568880","25569200","chr25","65108190","65108510","41","39539310"
"JH378121","25744505","25744780","chr6","27850626","27850898","38","2106121"
"JH378121","25845813","25846056","chr10","16648618","16648887","56","9197195"
"JH378121","25896737","25897007","chr10","16080212","16080493","45","9816525"
"JH378121","25899039","25899334","chrX","95460911","95461200","38","69561872"
"JH378121","25946444","25946737","chr10","34020927","34021217","35","8074483"
"JH378121","26034847","26035145","chr12","10064948","10065242","27","15969899"
"JH378121","26053643","26053927","chr3","80963423","80963704","45","54909780"
"JH378121","26060543","26060842","chr26","18927734","18928036","30","7132809"
"JH378121","26085192","26085487","chr5","22881639","22881932","48","3203553"
"JH378121","26120705","26120812","chr6","1067449","1067558","10","25053256"
"JH378121","26208316","26208616","chr12","106807603","106807904","41","80599287"
"JH378121","26287994","26288290","chr12","5303669","5303965","31","20984325"
"JH378121","26474675","26474970","chr24","1147887","1148184","29","25326788"
"JH378121","26497013","26497305","chr1","103415790","103416081","35","76918777"
"JH378121","26524248","26524558","chr8","84962180","84962487","40","58437932"
"JH378121","26527700","26527990","chr21","100817101","100817381","36","74289401"
"JH378121","26588252","26588505","chr27","37334117","37334370","37","10745865"
"JH378121","26661775","26661907","chr25","8712866","8712996","26","17948909"
"JH378121","26698325","26698615","chr21","75861886","75862178","33","49163561"
"JH378121","26778689","26778919","chr4","36151312","36151541","34","9372623"
"JH378121","26815435","26815513","chr16","3308866","3308945","8","23506569"
"JH378121","26840885","26841175","chr9","62431776","62432068","37","35590891"
"JH378121","26883609","26883921","chr11","115525233","115525542","31","88641624"
"JH378121","26915141","26915435","chr1","108565860","108566161","47","81650719"
"JH378121","26953260","26953557","chr9","21936410","21936708","37","5016850"
"JH378121","26954973","26955122","chr9","59130238","59130387","18","32175265"
"JH378121","27007562","27007871","chr6","15953108","15953417","35","11054454"
"JH378121","27023478","27023766","chr14","103730867","103731155","41","76707389"
"JH378121","27046016","27046288","chr7","99849227","99849497","38","72803211"
"JH378121","27084488","27084730","chr22","72356293","72356532","34","45271805"
"JH378121","27167361","27167672","chr16","55189324","55189631","44","28021963"
"JH378121","27231888","27232179","chr14","80284365","80284655","32","53052477"
"JH378121","27253935","27254237","chr8","1641343","1641640","32","25612592"
"JH378121","27289696","27289998","chr4","30926814","30927112","50","3637118"
"JH378121","27301059","27301349","chr12","10064948","10065242","35","17236111"
"JH378121","27350492","27350569","chr14","82607999","82608075","10","55257507"
"JH378121","27396385","27396685","chr12","10064948","10065242","26","17331437"
"JH378121","27413379","27413482","chr1","39939684","39939788","10","12526305"
"JH378121","27429600","27429880","chr1","9280050","9280342","40","18149550"
"JH378121","27448290","27448590","chr1","65504304","65504612","37","38056014"
"JH378121","27474382","27474682","chr6","48913632","48913921","45","21439250"
"JH378121","27498862","27499115","chr26","13585193","13585446","42","13913669"
"JH378121","27500971","27501236","chr23","72474299","72474566","41","44973328"
"JH378121","27505555","27505803","chr28","5538595","5538865","59","21966960"
"JH378121","27575702","27575975","chr12","87620481","87620757","52","60044779"
"JH378121","27577656","27577956","chr12","10064948","10065242","31","17512708"
"JH378121","27598023","27598332","chr2","34891557","34891863","29","7293534"
"JH378121","27622229","27622511","chr9","1052717","1053012","38","26569512"
"JH378121","27648134","27648414","chr8","12352823","12353103","43","15295311"
"JH378121","27683929","27684225","chr9","90471365","90471661","45","62787436"
"JH378121","27694269","27694571","chr11","60263924","60264221","42","32569655"
"JH378121","27743978","27744246","chr9","92500633","92500888","43","64756655"
"JH378121","27976915","27977126","chr22","6719548","6719763","21","21257367"
"JH378121","27977227","27977318","chr10","83206416","83206499","20","55229189"
"JH378121","28002559","28002852","chr8","18530878","18531178","48","9471681"
"JH378121","28056813","28057032","chr6","2372111","2372337","30","25684702"
"JH378121","28091835","28092112","chr5","52008259","52008538","37","23916424"
"JH378121","28125001","28125310","chr26","38024857","38025165","37","9899856"
"JH378121","28152486","28152717","chr24","42312226","42312481","55","14159740"
"JH378121","28180114","28180415","chrX","23977849","23978143","39","4202265"
"JH378121","28209096","28209389","chr12","10064948","10065242","29","18144148"
"JH378121","28241314","28241627","chr17","58080479","58080781","46","29839165"
"JH378121","28287815","28288120","chr16","34474642","34474941","41","6186827"
"JH378121","28298946","28299243","chr21","18401165","18401464","35","9897781"
"JH378121","28323836","28324146","chr2","34891557","34891863","32","6567721"
"JH378121","28340741","28341039","chr2","35931939","35932239","35","7591198"
"JH378121","28367101","28367414","chr11","115525233","115525542","31","87158132"
"JH378121","28447967","28448250","chr25","8795606","8795892","30","19652361"
"JH378121","28534609","28534702","chr6","19249545","19249649","25","9285064"
"JH378121","28571506","28571778","chr12","12434992","12435260","42","16136514"
"JH378121","28592724","28593047","chr4","84583251","84583556","45","55990527"
"JH378121","28631625","28631921","chr25","83663207","83663505","40","55031582"
"JH378121","28653387","28653691","chr12","74217361","74217667","44","45563974"
"JH378121","28732669","28732969","chr25","55441921","55442218","44","26709252"
"JH378121","28766498","28766812","chr23","35686922","35687230","55","6920424"
"JH378121","28777424","28777550","chr1","8688937","8689061","11","20088487"
"JH378121","28853778","28853869","chr3","65349691","65349782","11","36495913"
"JH378121","28854118","28854424","chr5","2273487","2273788","36","26580631"
"JH378121","28860846","28861137","chr11","12143435","12143724","38","16717411"
"JH378121","28877886","28878171","chr11","78654444","78654727","44","49776558"
"JH378121","28892612","28892701","chr19","7758593","7758681","10","21134019"
"JH378121","28995821","28996134","chr14","82779746","82780053","40","53783925"
"JH378121","29017779","29017875","chr22","82220107","82220203","5","53202328"
"JH378121","29033081","29033271","chr20","114660733","114660918","28","85627652"
"JH378121","29105477","29105781","chr12","10064948","10065242","30","19040529"
"JH378121","29146549","29146860","chr1","108565860","108566161","38","79419311"
"JH378121","29190712","29190935","chr6","2372111","2372337","35","26818601"
"JH378121","29223505","29223822","chr9","34182892","34183200","35","4959387"
"JH378121","29253623","29253913","chr2","38853293","38853590","37","9599670"
"JH378121","29280020","29280339","chr25","53511952","53512257","47","24231932"
"JH378121","29307459","29307743","chr1","121579944","121580232","43","92272485"
"JH378121","29313086","29313381","chr25","18828195","18828491","34","10484891"
"JH378121","29343404","29343636","chr25","81822171","81822399","46","52478767"
"JH378121","29351279","29351563","chr15","87119903","87120196","46","57768624"
"JH378121","29365382","29365690","chr6","31806349","31806656","36","2440967"
"JH378121","29374259","29374552","chr9","37894735","37895027","40","8520476"
"JH378121","29378993","29379291","chr12","31820475","31820752","53","2441482"
"JH378121","29383669","29383952","chr11","19611133","19611417","38","9772536"
"JH378121","29403846","29403936","chr22","82220107","82220203","9","52816261"
"JH378121","29405299","29405393","chr22","82220107","82220203","7","52814808"
"JH378121","29406262","29406389","chr16","12732333","12732465","17","16673929"
"JH378121","29406390","29406626","chr5","74183714","74183949","32","44777324"
"JH378121","29415089","29415228","chr3","90669571","90669712","14","61254482"
"JH378121","29417319","29417469","chr8","56146921","56147068","14","26729602"
"JH378121","29468697","29468778","chr5","67880800","67880883","10","38412103"
"JH378121","29485602","29485914","chr24","68895333","68895641","42","39409731"
"JH378121","29499072","29499358","chr21","32338307","32338599","41","2839235"
"JH378121","29502407","29502679","chr9","92500633","92500888","45","62998226"
"JH378121","29503049","29503320","chr11","49537220","49537510","51","20034171"
"JH378121","29526143","29526445","chr26","42777772","42778066","41","13251629"
"JH378121","29535346","29535560","chrX","63929276","63929493","30","34393930"
"JH378121","29535987","29536289","chr16","58624294","58624591","34","29088307"
"JH378121","29568752","29569044","chr1","26491346","26491637","32","3077406"
"JH378121","29603396","29603698","chr16","19031435","19031738","39","10571961"
"JH378121","29637419","29637694","chr5","53663645","53663926","38","24026226"
"JH378121","29650817","29651122","chr21","98330604","98330913","43","68679787"
"JH378121","29660503","29660795","chr6","38437831","38438120","38","8777328"
"JH378121","29737600","29737902","chr5","32919222","32919525","38","3181622"
"JH378121","29834574","29834863","chr1","83672883","83673171","36","53838309"
"JH378121","29836838","29837121","chr20","104133543","104133820","45","74296705"
"JH378121","29884965","29885272","chr16","23423370","23423672","36","6461595"
"JH378121","29934336","29934624","chr15","45168875","45169166","41","15234539"
"JH378121","30043088","30043394","chr24","28860583","28860885","39","1182505"
"JH378121","30110799","30111043","chr20","20049923","20050167","41","10060876"
"JH378121","30196944","30197237","chr2","38887936","38888227","30","8690992"
"JH378121","30235517","30235825","chr2","42781238","42781544","38","12545721"
"JH378121","30354683","30354979","chr8","132387351","132387652","33","102032668"
"JH378121","30364685","30364809","chr9","61355746","61355875","19","30991061"
"JH378121","30412151","30412413","chr8","127979817","127980078","50","97567666"
"JH378121","30452617","30452908","chr29","23088099","23088392","42","7364518"
"JH378121","30472277","30472574","chr2","35931939","35932239","37","5459662"
"JH378121","30521451","30521769","chrX","115854764","115855072","45","85333313"
"JH378121","30553208","30553519","chr1","64693832","64694133","40","34140624"
"JH378121","30744992","30745068","chr13","63031813","63031889","7","32286821"
"JH378121","30831470","30831761","chr11","60172405","60172698","30","29340935"
"JH378121","30902337","30902629","chr12","10064948","10065242","29","20837389"
"JH378121","30963397","30963715","chr13","30058745","30059058","43","904652"
"JH378121","30989998","30990128","chr6","50606227","50606356","15","19616229"
"JH378121","30990220","30990381","chr11","121284211","121284371","23","90293991"
"JH378121","31000611","31000896","chr6","2852604","2852883","44","28148007"
"JH378121","31003880","31004175","chr22","8920180","8920477","40","22083700"
"JH378121","31018477","31018787","chr5","70054205","70054512","48","39035728"
"JH378121","31070010","31070293","chr25","8795606","8795892","44","22274404"
"JH378121","31081982","31082283","chrX","112439160","112439465","34","81357178"
"JH378121","31134317","31134619","chr25","43964747","43965050","36","12830430"
"JH378121","31273962","31274246","chr9","40692527","40692797","56","9418565"
"JH378121","31279449","31279735","chr6","38437831","38438120","37","7158382"
"JH378122","3932113","3932345","chr11","126175108","126175340","29","122242995"
"JH378122","18743200","18743314","chr11","128539002","128539115","14","109795802"
"JH378122","19529694","19529770","chr13","63031813","63031889","7","43502119"
"JH378122","69387","69679","chr1","10803268","10803561","44","10733881"
"JH378122","71486","71773","chr2","74935172","74935461","40","74863686"
"JH378122","76980","77289","chr15","76463027","76463333","37","76386047"
"JH378122","106416","106686","chrX","13548339","13548610","39","13441923"
"JH378122","234836","235151","chrX","17727413","17727721","45","17492577"
"JH378122","244732","245011","chr14","79801787","79802070","44","79557055"
"JH378122","256288","256471","chr25","84632079","84632260","29","84375791"
"JH378122","314245","314538","chr19","26635890","26636181","46","26321645"
"JH378122","317328","317617","chr11","105213946","105214237","39","104896618"
"JH378122","324955","325224","chr25","45702709","45702974","36","45377754"
"JH378122","364435","364727","chr13","14345597","14345892","52","13981162"
"JH378122","369463","369551","chr16","4405728","4405812","11","4036265"
"JH378122","395631","395936","chr18","61327910","61328211","42","60932279"
"JH378122","410539","410848","chr10","58869129","58869427","37","58458590"
"JH378122","423474","423742","chr9","86179627","86179895","44","85756153"
"JH378122","485891","485968","chr28","14799270","14799340","8","14313379"
"JH378122","492883","493166","chr1","69161184","69161465","46","68668301"
"JH378122","501605","501902","chr14","37615851","37616147","27","37114246"
"JH378122","501982","502280","chr5","2273487","2273788","32","1771505"
"JH378122","509241","509536","chrX","23977849","23978143","34","23468608"
"JH378122","510617","510914","chr12","10064948","10065242","38","9554331"
"JH378122","539612","539920","chr20","89561089","89561394","35","89021477"
"JH378122","550155","550253","chr22","82220107","82220203","9","81669952"
"JH378122","551415","551505","chr22","82220107","82220203","11","81668692"
"JH378122","555574","555874","chr18","44879897","44880198","40","44324323"
"JH378122","569692","569992","chrX","23977849","23978143","35","23408157"
"JH378122","585387","585617","chr11","126175108","126175340","30","125589721"
"JH378122","614794","615080","chr8","94667632","94667918","38","94052838"
"JH378122","862573","862872","chr12","10064948","10065242","27","9202375"
"JH378122","906451","906768","chr16","55157456","55157764","41","54251005"
"JH378122","921656","921944","chr19","27346836","27347117","51","26425180"
"JH378122","950174","950470","chr12","10064948","10065242","30","9114774"
"JH378122","968151","968451","chr26","14142985","14143284","41","13174834"
"JH378122","1063613","1063829","chr16","70124254","70124478","37","69060641"
"JH378122","1084369","1084498","chr6","7772479","7772609","14","6688110"
"JH378122","1090948","1091047","chr22","82220107","82220203","12","81129159"
"JH378122","1092372","1092669","chr21","13834100","13834395","35","12741728"
"JH378122","1096133","1096433","chr2","60904952","60905253","40","59808819"
"JH378122","1104145","1104374","chr6","2372111","2372337","31","1267966"
"JH378122","1110229","1110371","chr5","22000705","22000847","17","20890476"
"JH378122","1111358","1111453","chr22","82220107","82220203","8","81108749"
"JH378122","1113972","1114049","chr13","63031813","63031889","9","61917841"
"JH378122","1137320","1137450","chr20","20852752","20852882","8","19715432"
"JH378122","1137748","1138033","chr5","42662951","42663235","37","41525203"
"JH378122","1141112","1141195","chr16","4405728","4405812","8","3264616"
"JH378122","1141497","1141809","chr14","81356656","81356954","46","80215159"
"JH378122","1146502","1146692","chr6","11841259","11841444","28","10694757"
"JH378122","1147012","1147119","chr12","53065987","53066095","16","51918975"
"JH378122","1153535","1153651","chrX","90197506","90197623","11","89043971"
"JH378122","1164705","1164814","chr6","1067449","1067558","12","97256"
"JH378122","1182121","1182272","chrX","128768607","128768755","18","127586486"
"JH378122","1237493","1237791","chr12","10064948","10065242","23","8827455"
"JH378122","1238823","1238900","chr13","63031813","63031889","7","61792990"
"JH378122","1246553","1246829","chr21","109767392","109767671","52","108520839"
"JH378122","1256063","1256149","chr16","4405728","4405812","7","3149665"
"JH378122","1286924","1287053","chr27","32448797","32448927","11","31161873"
"JH378122","1339887","1340170","chrX","89448328","89448618","37","88108441"
"JH378122","1387509","1387813","chr19","9824759","9825062","31","8437250"
"JH378122","1390754","1391060","chrX","60987121","60987417","50","59596367"
"JH378122","1456218","1456501","chr16","15159609","15159898","41","13703391"
"JH378122","1473188","1473480","chr13","22116830","22117114","36","20643642"
"JH378122","1488148","1488277","chr20","20852752","20852882","10","19364604"
"JH378122","1490112","1490201","chr3","65349691","65349782","12","63859579"
"JH378122","1490561","1490709","chr24","27877099","27877238","40","26386538"
"JH378122","1492470","1492522","chr6","11873615","11873662","15","10381145"
"JH378122","1504668","1504975","chr3","30490520","30490820","47","28985852"
"JH378122","1513333","1513626","chr12","10064948","10065242","29","8551615"
"JH378122","1527469","1527741","chr27","20178866","20179144","45","18651397"
"JH378122","1534846","1535139","chr8","43266375","43266669","46","41731529"
"JH378122","1537720","1537821","chrX","2017984","2018087","11","480264"
"JH378122","1558902","1559210","chr5","2273487","2273788","33","714585"
"JH378122","1566505","1566804","chr29","8289755","8290055","34","6723250"
"JH378122","1578364","1578435","chr13","63031813","63031889","9","61453449"
"JH378122","1585168","1585448","chr12","5303669","5303965","42","3718501"
"JH378122","1592247","1592556","chr26","16008721","16009029","37","14416474"
"JH378122","1594325","1594403","chr13","63031813","63031889","8","61437488"
"JH378122","1596748","1597039","chrX","95460911","95461200","46","93864163"
"JH378122","1599879","1600190","chr9","56811131","56811438","40","55211252"
"JH378122","1606556","1606691","chr6","47011698","47011831","22","45405142"
"JH378122","1609591","1609896","chr11","51624065","51624366","29","50014474"
"JH378122","1622190","1622467","chr19","5129195","5129476","46","3507005"
"JH378122","1653385","1653675","chrX","104601258","104601549","35","102947873"
"JH378122","1679861","1680159","chr6","38437831","38438120","39","36757970"
"JH378122","1688606","1688894","chr11","105213946","105214237","38","103525340"
"JH378122","1711935","1712251","chr26","20102051","20102357","39","18390116"
"JH378122","1749050","1749338","chr1","69161184","69161465","43","67412134"
"JH378122","1764810","1765114","chr26","17944990","17945291","36","16180180"
"JH378122","1778996","1779295","chr12","10064948","10065242","27","8285952"
"JH378122","1785192","1785342","chr9","59130238","59130387","14","57345046"
"JH378122","1795496","1795789","chr12","10064948","10065242","26","8269452"
"JH378122","1801422","1801544","chr26","50406966","50407092","22","48605544"
"JH378122","1815244","1815538","chr22","18084841","18085135","35","16269597"
"JH378122","1815759","1816063","chr21","13834100","13834395","44","12018341"
"JH378122","1816643","1816945","chrX","34042367","34042664","41","32225724"
"JH378122","1894675","1894770","chr6","30515543","30515632","16","28620868"
"JH378122","1895672","1895893","chr13","7317370","7317589","30","5421698"
"JH378122","1904833","1905128","chr2","35931939","35932239","40","34027106"
"JH378122","1975467","1975563","chr22","82220107","82220203","7","80244640"
"JH378122","1976976","1977106","chr1","97802296","97802426","11","95825320"
"JH378122","1982980","1983261","chr12","74130498","74130762","49","72147518"
"JH378122","1986113","1986422","chr8","101579883","101580191","49","99593770"
"JH378122","2003925","2004227","chr11","14881252","14881555","41","12877327"
"JH378122","2019752","2020047","chr20","125301133","125301424","47","123281381"
"JH378122","2020067","2020373","chr6","32638803","32639103","35","30618736"
"JH378122","2025675","2025758","chr12","7441397","7441481","8","5415722"
"JH378122","2027597","2027687","chr19","7758593","7758681","9","5730996"
"JH378122","2032367","2032692","chr8","65829182","65829494","45","63796815"
"JH378122","2039116","2039409","chr9","34378739","34379029","35","32339623"
"JH378122","2070306","2070390","chr16","4405728","4405812","7","2335422"
"JH378122","2091009","2091278","chr9","106743255","106743488","62","104652246"
"JH378122","2111081","2111375","chr12","10064948","10065242","30","7953867"
"JH378122","2114929","2115231","chr12","10064948","10065242","30","7950019"
"JH378122","2151475","2151728","chr8","96501172","96501435","53","94349697"
"JH378122","2156697","2157004","chr14","83371933","83372231","30","81215236"
"JH378122","2192252","2192563","chr6","30836295","30836597","43","28644043"
"JH378122","2197755","2197924","chr11","32060463","32060631","24","29862708"
"JH378122","2205669","2205987","chr19","6886292","6886611","43","4680623"
"JH378122","2209478","2209758","chr8","40123508","40123792","38","37914030"
"JH378122","2222454","2222542","chr19","7758593","7758681","8","5536139"
"JH378122","2262113","2262384","chr13","56916327","56916592","47","54654214"
"JH378122","2268985","2269115","chr16","31737705","31737835","11","29468720"
"JH378122","2276671","2276972","chr5","2273487","2273788","30","3184"
"JH378122","2303155","2303335","chr21","11464488","11464665","51","9161333"
"JH378122","2308611","2308828","chr9","21639574","21639785","30","19330963"
"JH378122","2338683","2338878","chrX","69874323","69874503","43","67535640"
"JH378122","2353096","2353171","chr13","63031813","63031889","7","60678717"
"JH378122","2359418","2359706","chr18","71480316","71480609","43","69120898"
"JH378122","2371548","2371654","chr28","13974539","13974643","18","11602991"
"JH378122","2388152","2388445","chr10","55161197","55161486","39","52773045"
"JH378122","2423246","2423548","chr12","10064948","10065242","31","7641702"
"JH378122","2435596","2435917","chr11","19611133","19611417","63","17175537"
"JH378122","2457527","2457831","chr25","53140858","53141157","33","50683331"
"JH378122","2458564","2458857","chr2","22390377","22390668","35","19931813"
"JH378122","2475210","2475517","chr14","37615851","37616147","35","35140641"
"JH378122","2494439","2494746","chr17","35258575","35258878","42","32764136"
"JH378122","2500729","2501024","chr12","10064948","10065242","27","7564219"
"JH378122","2527550","2527843","chr1","68219231","68219530","39","65691681"
"JH378122","2552185","2552492","chr28","13057296","13057600","41","10505111"
"JH378122","2602408","2602724","chr2","44525545","44525868","50","41923137"
"JH378122","2615873","2616167","chr8","44727875","44728165","38","42112002"
"JH378122","2670853","2671099","chr5","56834491","56834744","40","54163638"
"JH378122","2682014","2682325","chr12","10064948","10065242","43","7382934"
"JH378122","2693879","2694177","chr12","10064948","10065242","28","7371069"
"JH378122","2729749","2730057","chr12","74217361","74217667","31","71487612"
"JH378122","2765210","2765519","chr9","40965529","40965830","39","38200319"
"JH378122","2779911","2780222","chr11","115525233","115525542","42","112745322"
"JH378122","2787585","2787901","chr5","36774379","36774687","41","33986794"
"JH378122","2825337","2825645","chr5","2273487","2273788","32","551850"
"JH378122","2828868","2829030","chr4","88563874","88564027","26","85735006"
"JH378122","2830365","2830671","chr12","74217361","74217667","30","71386996"
"JH378122","2863572","2863757","chr1","11673452","11673637","36","8809880"
"JH378122","2950443","2950731","chr27","46109934","46110222","41","43159491"
"JH378122","3021467","3021672","chr20","47773481","47773698","45","44752014"
"JH378122","3112549","3112670","chr15","90834689","90834810","12","87722140"
"JH378122","3135168","3135463","chr12","10064948","10065242","30","6929780"
"JH378122","3254822","3255121","chr12","10064948","10065242","27","6810126"
"JH378122","3309121","3309412","chr1","105754889","105755174","39","102445768"
"JH378122","3331025","3331332","chrX","125302543","125302844","34","121971518"
"JH378122","3345799","3346101","chr16","25791548","25791851","35","22445749"
"JH378122","3351884","3352170","chr1","69161184","69161465","45","65809300"
"JH378122","3358407","3358536","chr3","91348390","91348521","13","87989983"
"JH378122","3367112","3367398","chr1","69161184","69161465","45","65794072"
"JH378122","3385381","3385686","chr11","120207458","120207761","35","116822077"
"JH378122","3485661","3485954","chr16","14854865","14855159","29","11369204"
"JH378122","3539790","3540088","chr9","57875604","57875901","47","54335814"
"JH378122","3587170","3587462","chr10","35324287","35324576","32","31737117"
"JH378122","3643857","3644157","chr12","6781553","6781865","69","3137696"
"JH378122","3658731","3658918","chrX","23635650","23635832","29","19976919"
"JH378122","3675519","3675811","chr12","10064948","10065242","45","6389429"
"JH378122","3682210","3682511","chr5","2273487","2273788","28","1408723"
"JH378122","3685071","3685351","chr8","94667632","94667918","40","90982561"
"JH378122","3698434","3698718","chr7","115304873","115305164","45","111606439"
"JH378122","3726186","3726483","chr12","10064948","10065242","28","6338762"
"JH378122","3731661","3731968","chrX","74734891","74735195","41","71003230"
"JH378122","3732170","3732326","chr4","1424040","1424205","31","2308130"
"JH378122","3735209","3735508","chr5","13853354","13853652","35","10118145"
"JH378122","3744188","3744463","chrX","111062211","111062478","45","107318023"
"JH378122","3763644","3763952","chr16","66778933","66779236","30","63015289"
"JH378122","3777677","3777774","chr26","9983962","9984057","10","6206285"
"JH378122","3778402","3778514","chr6","1067449","1067558","12","2710953"
"JH378122","3781700","3781803","chrX","2017984","2018087","9","1763716"
"JH378122","3810239","3810550","chr26","18927734","18928036","40","15117495"
"JH378122","3833534","3833848","chr20","2886301","2886610","39","947233"
"JH378122","3844377","3844680","chr19","22724276","22724577","40","18879899"
"JH378122","3850388","3850685","chr20","92481976","92482271","31","88631588"
"JH378122","3873566","3873840","chr25","55361349","55361620","43","51487783"
"JH378122","3927876","3928163","chr21","25123896","25124189","31","21196020"
"JH378122","3938528","3938642","chr6","11193830","11193948","14","7255302"
"JH378122","3938643","3938884","chr18","16752670","16752900","41","12814027"
"JH378122","4124799","4125090","chr14","83371933","83372231","40","79247134"
"JH378122","4173216","4173486","chr1","64505503","64505779","28","60332287"
"JH378122","4199598","4199886","chr15","91741998","91742285","40","87542400"
"JH378122","4236978","4237279","chr23","45284082","45284386","37","41047104"
"JH378122","4251935","4252227","chr23","34591432","34591727","39","30339497"
"JH378122","4346768","4347064","chr14","37097278","37097571","34","32750510"
"JH378122","4377536","4377686","chr9","59130238","59130387","16","54752702"
"JH378122","4384902","4385155","chr9","109666260","109666516","60","105281358"
"JH378122","4390241","4390324","chr5","67880800","67880883","6","63490559"
"JH378122","4396790","4396937","chr9","59130238","59130387","15","54733448"
"JH378122","4407938","4408243","chr2","34891557","34891863","28","30483619"
"JH378122","4417093","4417375","chr8","115068172","115068461","38","110651079"
"JH378122","4421634","4421751","chr4","60395666","60395783","13","55974032"
"JH378122","4429968","4430045","chr13","63031813","63031889","8","58601845"
"JH378122","4451412","4451715","chr12","106807603","106807904","30","102356191"
"JH378122","4459257","4459545","chr15","17839771","17840058","34","13380514"
"JH378122","4469662","4469769","chr17","40217264","40217370","11","35747602"
"JH378122","4480690","4480966","chr23","68956622","68956918","49","64475932"
"JH378122","4488446","4488739","chr6","38437831","38438120","40","33949385"
"JH378122","4506987","4507088","chr13","42116553","42116656","13","37609566"
"JH378122","4508040","4508124","chr5","67880800","67880883","7","63372760"
"JH378122","4509503","4509579","chr13","63031813","63031889","6","58522310"
"JH378122","4519262","4519361","chr22","82220107","82220203","10","77700845"
"JH378122","4523307","4523383","chr13","63031813","63031889","7","58508506"
"JH378122","4524526","4524655","chr3","91348390","91348521","11","86823864"
"JH378122","4555634","4555923","chr6","32156917","32157206","34","27601283"
"JH378122","4557765","4558022","chr16","68347000","68347257","47","63789235"
"JH378122","4558033","4558254","chrX","38298995","38299216","35","33740962"
"JH378122","4565997","4566141","chr3","90669571","90669712","17","86103574"
"JH378122","4567255","4567556","chr7","116263883","116264190","41","111696628"
"JH378122","4577785","4577892","chr1","62097932","62098038","10","57520147"
"JH378122","4585676","4585976","chrX","23977849","23978143","39","19392173"
"JH378122","4600261","4600568","chr5","57462893","57463195","44","52862632"
"JH378122","4606292","4606566","chr26","13642680","13642953","34","9036388"
"JH378122","4610678","4610966","chr12","76875410","76875697","36","72264732"
"JH378122","4611221","4611453","chr26","14438107","14438343","30","9826886"
"JH378122","4611726","4612030","chr5","2273487","2273788","27","2338239"
"JH378122","4612781","4613086","chr20","122777460","122777767","44","118164679"
"JH378122","4623322","4623635","chr11","115525233","115525542","32","110901911"
"JH378122","4632405","4632509","chr6","1067449","1067558","10","3564956"
"JH378122","4633326","4633424","chr22","82220107","82220203","9","77586781"
"JH378122","4659511","4659811","chr24","11849627","11849924","37","7190116"
"JH378122","4671536","4671838","chr28","13557476","13557782","39","8885940"
"JH378122","4688923","4689207","chr19","15052843","15053126","47","10363920"
"JH378122","4694400","4694680","chr8","65003063","65003340","43","60308663"
"JH378122","4710102","4710410","chr8","39234290","39234591","36","34524188"
"JH378122","4732940","4733239","chr13","29495614","29495913","45","24762674"
"JH378122","4751249","4751325","chr13","63031813","63031889","7","58280564"
"JH378122","4756714","4756813","chr22","82220107","82220203","10","77463393"
"JH378122","4794517","4794810","chr5","52368103","52368393","41","47573586"
"JH378122","4812737","4813039","chr11","120207458","120207761","28","115394721"
"JH378122","4829541","4829826","chr1","66807483","66807786","38","61977942"
"JH378122","4841611","4841699","chr16","4405728","4405812","8","435883"
"JH378122","4847180","4847301","chr15","90834689","90834810","12","85987509"
"JH378122","4847889","4848056","chr18","16946307","16946462","45","12098418"
"JH378122","4852429","4852697","chr2","82904028","82904295","40","78051599"
"JH378122","4858622","4858915","chr13","28861101","28861394","41","24002479"
"JH378122","4865591","4865901","chrX","43529014","43529321","54","38663423"
"JH378122","4877546","4877853","chr17","35258575","35258878","32","30381029"
"JH378122","4904413","4904501","chr19","7758593","7758681","10","2854180"
"JH378122","4904688","4904991","chr14","37114849","37115150","40","32210161"
"JH378122","4953390","4953692","chr12","10064948","10065242","27","5111558"
"JH378122","5042068","5042364","chr12","10064948","10065242","29","5022880"
"JH378122","5043563","5043862","chr12","10064948","10065242","29","5021385"
"JH378122","5046574","5046873","chr16","44672648","44672947","57","39626074"
"JH378122","5061733","5062037","chr23","41434219","41434517","36","36372486"
"JH378122","5089215","5089479","chr6","16102856","16103121","52","11013641"
"JH378122","5096577","5096667","chr3","65349691","65349782","10","60253114"
"JH378122","5099902","5100031","chr3","91348390","91348521","10","86248488"
"JH378122","5130657","5130954","chr12","10064948","10065242","27","4934291"
"JH378122","5149500","5149587","chr16","4405728","4405812","9","743772"
"JH378122","5154694","5154770","chr10","53898197","53898267","15","48743503"
"JH378122","5154871","5155084","chr25","73647297","73647508","24","68492426"
"JH378122","5160970","5161249","chr21","33287053","33287331","33","28126083"
"JH378122","5203121","5203195","chr13","63031813","63031889","9","57828692"
"JH378122","5207097","5207246","chr9","59130238","59130387","13","53923141"
"JH378122","5211189","5211278","chr3","65349691","65349782","12","60138502"
"JH378122","5256158","5256445","chr21","74368618","74368909","31","69112460"
"JH378122","5257451","5257745","chr12","10064948","10065242","30","4807497"
"JH378122","5288805","5289106","chr11","117737181","117737478","35","112448376"
"JH378122","5310244","5310517","chr20","122757628","122757904","39","117447384"
"JH378122","5327144","5327452","chr14","83371933","83372231","44","78044789"
"JH378122","5331836","5332117","chrX","49498574","49498857","37","44166738"
"JH378122","5332788","5332916","chr16","31737705","31737835","12","26404917"
"JH378122","5338845","5338963","chr15","90834689","90834810","12","85495844"
"JH378122","5348055","5348348","chr8","62723683","62723979","44","57375628"
"JH378122","5364453","5364573","chr25","56268801","56268924","24","50904348"
"JH378122","5372239","5372541","chr22","10282335","10282631","39","4910096"
"JH378122","5376685","5376997","chr8","1760359","1760667","43","3616326"
"JH378122","5382856","5383146","chr12","10064948","10065242","27","4682092"
"JH378122","5441514","5441813","chr11","30808957","30809246","44","25367443"
"JH378122","5442480","5442591","chr6","1067449","1067558","12","4375031"
"JH378122","5463697","5463828","chr10","121431318","121431447","22","115967621"
"JH378122","5469291","5469581","chr8","43567746","43568036","39","38098455"
"JH378122","5474456","5474516","chr8","122205862","122205922","9","116731406"
"JH378122","5475888","5476151","chr22","3998075","3998334","45","1477813"
"JH378122","5497213","5497517","chr12","40352484","40352792","44","34855271"
"JH378122","5525566","5525795","chr20","92882451","92882681","27","87356885"
"JH378122","5549046","5549344","chr4","60843908","60844203","53","55294862"
"JH378122","5550716","5551014","chr10","8909912","8910203","52","3359196"
"JH378122","5572392","5572689","chr2","36594604","36594898","44","31022212"
"JH378122","5576958","5577237","chr21","33287053","33287331","37","27710095"
"JH378122","5601950","5602235","chrX","33866467","33866758","43","28264517"
"JH378122","5632020","5632324","chr24","42191698","42192006","46","36559678"
"JH378122","5645737","5646033","chr15","86758708","86759003","26","81112971"
"JH378122","5647710","5647991","chr12","22745335","22745633","44","17097625"
"JH378122","5654621","5654894","chr6","18084717","18084998","51","12430096"
"JH378122","5662579","5662877","chrX","18278407","18278706","37","12615828"
"JH378122","5677224","5677530","chr5","2273487","2273788","31","3403737"
"JH378122","5677602","5677903","chr29","8289755","8290055","34","2612153"
"JH378122","5689044","5689357","chr12","74217361","74217667","41","68528317"
"JH378122","5722842","5723134","chr10","88358087","88358381","34","82635245"
"JH378122","5727413","5727713","chr2","5119768","5120064","40","607645"
"JH378122","5746594","5746896","chr12","10064948","10065242","31","4318354"
"JH378122","5869776","5870090","chr11","115525233","115525542","38","109655457"
"JH378122","5938758","5938831","chr5","1831151","1831223","10","4107607"
"JH378122","6017997","6018276","chr2","61021937","61022203","62","55003940"
"JH378122","6046785","6047099","chr18","57022510","57022817","41","50975725"
"JH378122","6077572","6077668","chr1","39939684","39939788","15","33862112"
"JH378122","6118385","6118680","chr1","103415790","103416081","31","97297405"
"JH378122","6184745","6185037","chrX","23977849","23978143","34","17793104"
"JH378122","6231966","6232278","chr20","23968980","23969282","47","17737014"
"JH378122","6393698","6393965","chr21","56145194","56145454","37","49751496"
"JH378122","6410280","6410581","chr29","8289755","8290055","34","1879475"
"JH378122","6430709","6431009","chr1","68219231","68219530","28","61788522"
"JH378122","6485634","6485759","chr11","128230087","128230214","15","121744453"
"JH378122","6526165","6526296","chr3","91348390","91348521","10","84822225"
"JH378122","6598353","6598617","chr24","27023895","27024155","38","20425542"
"JH378122","6608168","6608483","chr2","7494757","7495063","37","886589"
"JH378122","6794012","6794170","chr11","19025280","19025434","32","12231268"
"JH378122","6847069","6847381","chr1","2872653","2872961","33","3974416"
"JH378122","6852467","6852775","chr24","68895333","68895641","38","62042866"
"JH378122","6897052","6897350","chr27","9572447","9572747","33","2675395"
"JH378122","6952549","6952840","chr10","8909912","8910203","40","1957363"
"JH378122","6979769","6980063","chr1","103415790","103416081","34","96436021"
"JH378122","7002864","7002950","chr16","4405728","4405812","10","2597136"
"JH378122","7031317","7031631","chr1","93361306","93361613","42","86329989"
"JH378122","7073075","7073349","chr9","104467230","104467498","51","97394155"
"JH378122","7082945","7083064","chr23","59230583","59230701","13","52147638"
"JH378122","7113682","7113986","chr16","30398852","30399159","36","23285170"
"JH378122","7122177","7122473","chr11","96783900","96784200","44","89661723"
"JH378122","7149377","7149685","chrX","89393412","89393716","45","82244035"
"JH378122","7153505","7153825","chr22","40308614","40308932","50","33155109"
"JH378122","7181512","7181828","chr7","111518752","111519065","48","104337240"
"JH378122","7187584","7187677","chr22","82220107","82220203","18","75032523"
"JH378122","7187904","7188007","chr17","32460239","32460340","19","25272335"
"JH378122","7244361","7244647","chr5","20366749","20367033","36","13122388"
"JH378122","7286939","7287245","chr7","135159498","135159805","37","127872559"
"JH378122","7301361","7301645","chr5","53255334","53255620","41","45953973"
"JH378122","7305530","7305827","chrX","34609366","34609664","33","27303836"
"JH378122","7314342","7314625","chr8","138416364","138416651","39","131102022"
"JH378122","7343422","7343722","chr4","30926814","30927112","40","23583392"
"JH378122","7374768","7375060","chr12","10064948","10065242","28","2690180"
"JH378122","7443640","7443951","chr5","2273487","2273788","42","5170153"
"JH378122","7457347","7457630","chr22","5608441","5608728","44","1848906"
"JH378122","7493051","7493352","chr11","51624065","51624366","30","44131014"
"JH378122","7495177","7495478","chr9","94564326","94564616","43","87069149"
"JH378122","7512238","7512543","chr12","6781553","6781865","100","730685"
"JH378122","7515520","7515804","chr17","41790355","41790647","47","34274835"
"JH378122","7517547","7517767","chr16","19345558","19345771","30","11828011"
"JH378122","7519205","7519504","chr10","44834117","44834414","38","37314912"
"JH378122","7526691","7526958","chr5","21193983","21194260","41","13667292"
"JH378122","7531099","7531394","chr18","71309352","71309642","35","63778253"
"JH378122","7576073","7576262","chr1","16743166","16743353","25","9167093"
"JH378122","7614838","7615147","chr6","16598509","16598818","33","8983671"
"JH378122","7626922","7627230","chr1","65504304","65504612","28","57877382"
"JH378122","7651267","7651570","chr1","120675357","120675659","35","113024090"
"JH378122","7729880","7730188","chr20","46223647","46223949","44","38493767"
"JH378122","7772647","7772954","chr5","2273487","2273788","31","5499160"
"JH378122","7780748","7781057","chr11","97795304","97795611","41","90014556"
"JH378122","7812205","7812527","chr18","67218974","67219278","50","59406769"
"JH378122","7841901","7842195","chr13","65577132","65577425","30","57735231"
"JH378122","7876310","7876608","chr1","26491346","26491637","43","18615036"
"JH378122","7878922","7879223","chr29","8289755","8290055","38","410833"
"JH378122","7885606","7885908","chr5","2273487","2273788","30","5612119"
"JH378122","7912325","7912606","chr16","54927155","54927443","42","47014830"
"JH378122","7952540","7952842","chr6","30836295","30836597","34","22883755"
"JH378122","7961485","7961767","chr22","79089199","79089487","50","71127714"
"JH378122","8002246","8002502","chr24","66946035","66946274","40","58943789"
"JH378122","8081978","8082072","chr6","19249545","19249649","27","11167567"
"JH378122","8114270","8114560","chr5","22668022","22668311","35","14553752"
"JH378122","8193530","8193833","chr5","2273487","2273788","30","5920043"
"JH378122","8198743","8199035","chr11","42115371","42115662","28","33916628"
"JH378122","8213673","8213821","chrX","128768607","128768755","15","120554934"
"JH378122","8231521","8231828","chr12","10064948","10065242","37","1833427"
"JH378122","8235788","8236104","chr11","51624065","51624366","43","43388277"
"JH378122","8243213","8243506","chr11","42115371","42115662","25","33872158"
"JH378122","8258774","8259082","chr2","34891557","34891863","33","26632783"
"JH378122","8289639","8289715","chr10","95538249","95538325","8","87248610"
"JH378122","8295154","8295262","chrX","25194654","25194764","11","16899500"
"JH378122","8300172","8300478","chr8","38513754","38514059","44","30213582"
"JH378122","8311285","8311594","chr8","1760359","1760667","36","6550926"
"JH378122","8320387","8320684","chr12","10064948","10065242","23","1744561"
"JH378122","8330465","8330776","chr3","10937420","10937729","37","2606955"
"JH378122","8383780","8384064","chr8","115068172","115068461","41","106684392"
"JH378122","8424091","8424402","chr1","108565860","108566161","35","100141769"
"JH378122","8439866","8440165","chr8","52344592","52344885","34","43904726"
"JH378122","8445175","8445479","chr5","57462893","57463195","46","49017718"
"JH378122","8505473","8505763","chr12","18922571","18922865","35","10417098"
"JH378122","8530992","8531294","chr5","2273487","2273788","31","6257505"
"JH378122","8563292","8563586","chr20","19825871","19826167","35","11262579"
"JH378122","8588264","8588568","chr12","27631381","27631681","36","19043117"
"JH378122","8629313","8629612","chr12","10064948","10065242","30","1435635"
"JH378122","8667264","8667584","chr10","72956484","72956800","55","64289220"
"JH378122","8753939","8754229","chr20","75127208","75127485","38","66373269"
"JH378122","8782121","8782244","chr3","92101699","92101829","20","83319578"
"JH378122","8840629","8840929","chr24","70146905","70147203","30","61306276"
"JH378122","8851117","8851449","chr14","59502262","59502571","58","50651145"
"JH378122","8852075","8852346","chr9","21465716","21465987","39","12613641"
"JH378122","8908869","8908985","chr20","115102100","115102215","12","106193231"
"JH378122","8934965","8935299","chr3","37955466","37955795","49","29020501"
"JH378122","8944521","8944815","chr23","35045928","35046223","34","26101407"
"JH378122","8969961","8970159","chrX","44433684","44433881","23","35463723"
"JH378122","9031141","9031410","chr29","23220694","23220954","42","14189553"
"JH378122","9125351","9125445","chr22","82220107","82220203","10","73094756"
"JH378122","9143261","9143568","chr2","34891557","34891863","34","25748296"
"JH378122","9150984","9151289","chr1","120119656","120119957","33","110968672"
"JH378122","9158343","9158424","chr5","67880800","67880883","8","58722457"
"JH378122","9168262","9168570","chr1","12475254","12475562","37","3306992"
"JH378122","9177124","9177226","chrX","2017984","2018087","10","7159140"
"JH378122","9195691","9195821","chr1","97802296","97802426","14","88606605"
"JH378122","9197576","9197875","chr4","30926814","30927112","39","21729238"
"JH378122","9229028","9229103","chr13","63031813","63031889","8","53802785"
"JH378122","9237338","9237629","chr2","49104477","49104770","35","39867139"
"JH378122","9381374","9381669","chr12","10064948","10065242","31","683574"
"JH378122","9397782","9397858","chr13","63031813","63031889","6","53634031"
"JH378122","9398916","9399215","chr11","115525233","115525542","40","106126317"
"JH378122","9489724","9489873","chr17","47733511","47733658","15","38243787"
"JH378122","9535923","9536217","chr26","22589486","22589786","36","13053563"
"JH378122","9593363","9593667","chr2","58045145","58045453","35","48451782"
"JH378122","9595743","9596044","chr16","48421590","48421886","35","38825847"
"JH378122","9606450","9606740","chr12","10064948","10065242","29","458498"
"JH378122","9619672","9619976","chr10","21690582","21690883","37","12070910"
"JH378122","9623674","9623963","chr22","16005168","16005472","46","6381494"
"JH378122","9670753","9670840","chr19","7758593","7758681","9","1912160"
"JH378122","9675688","9676067","chr17","29133407","29133763","104","19457719"
"JH378122","9676311","9676388","chr13","63031813","63031889","8","53355502"
"JH378122","9679893","9679989","chr22","82220107","82220203","6","72540214"
"JH378122","9700992","9701299","chr20","89561089","89561394","37","79860097"
"JH378122","9719421","9719717","chr12","10064948","10065242","25","345527"
"JH378122","9721289","9721578","chr24","68542345","68542633","53","58821056"
"JH378122","9725014","9725316","chrX","60987121","60987417","45","51262107"
"JH378122","9740260","9740574","chr6","4076883","4077175","62","5663377"
"JH378122","9750728","9751019","chr4","38375676","38375961","32","28624948"
"JH378122","9752121","9752408","chr9","90943231","90943523","38","81191110"
"JH378122","9754635","9754921","chr7","100037094","100037378","40","90282459"
"JH378122","9774005","9774260","chr9","96390861","96391117","37","86616856"
"JH378122","9777824","9778124","chr9","6396077","6396366","44","3381747"
"JH378122","9800041","9800338","chr12","6781553","6781865","120","3018488"
"JH378122","9862420","9862725","chr2","34891557","34891863","47","25029137"
"JH378122","9882219","9882476","chr6","38291436","38291692","30","28409217"
"JH378122","9890094","9890405","chr4","16810841","16811146","33","6920747"
"JH378122","9901983","9902159","chr10","66316936","66317106","32","56414953"
"JH378122","9925222","9925518","chr10","118597337","118597632","31","108672115"
"JH378122","9926010","9926311","chr19","26858322","26858621","35","16932312"
"JH378122","9934484","9934609","chr1","8688937","8689061","12","1245547"
"JH378122","9943985","9944237","chr7","70765830","70766079","34","60821845"
"JH378122","9944338","9944440","chrX","2017984","2018087","9","7926354"
"JH378122","9952193","9952336","chr6","7229588","7229731","12","2722605"
"JH378122","9959999","9960308","chr11","120207458","120207761","39","110247459"
"JH378122","9972884","9973121","chr8","138871058","138871303","48","128898174"
"JH378122","9973175","9973473","chr5","2273487","2273788","37","7699688"
"JH378122","9997072","9997370","chr14","45112834","45113124","48","35115762"
"JH378122","10032899","10033049","chr9","59130238","59130387","16","49097339"
"JH378122","10039852","10040132","chr23","34328669","34328947","39","24288817"
"JH378122","10048231","10048371","chr3","90669571","90669712","13","80621340"
"JH378122","10074476","10074671","chr1","16743166","16743353","28","6668690"
"JH378122","10113334","10113638","chr5","23332270","23332572","34","13218936"
"JH378122","10144765","10145058","chr8","135494495","135494787","43","125349730"
"JH378122","10148752","10149022","chr1","93328858","93329129","32","83180106"
"JH378122","10150995","10151309","chr11","115525233","115525542","35","105374238"
"JH378122","10151312","10151513","chr24","39715228","39715434","26","29563916"
"JH378122","10151766","10152072","chr14","83371933","83372231","37","73220167"
"JH378122","10155759","10156066","chr2","34891557","34891863","38","24735798"
"JH378122","10157964","10158181","chr26","38617987","38618194","32","28460023"
"JH378122","10164214","10164310","chr22","82220107","82220203","4","72055893"
"JH378122","10166308","10166391","chr5","67880800","67880883","6","57714492"
"JH378122","10168381","10168490","chr6","1067449","1067558","9","9100932"
"JH378122","10168930","10169011","chr10","83206416","83206499","11","73037486"
"JH378122","10181054","10181127","chr13","63031813","63031889","8","52850759"
"JH378122","10193222","10193508","chr2","5168180","5168471","47","5025042"
"JH378122","10202041","10202338","chr8","52344592","52344885","32","42142551"
"JH378122","10208899","10208993","chr19","23494523","23494608","19","13285624"
"JH378122","10210949","10211256","chr7","76084258","76084568","41","65873309"
"JH378122","10214355","10214522","chr1","65758985","65759150","27","55544630"
"JH378122","10221510","10221814","chr23","80713034","80713332","51","70491524"
"JH378122","10225574","10225870","chr8","125437588","125437881","43","115212014"
"JH378122","10264968","10265258","chr8","104167104","104167395","41","93902136"
"JH378122","10265337","10265402","chr18","59913679","59913739","10","49648342"
"JH378122","10266607","10266883","chr22","17402704","17402979","38","7136097"
"JH378122","10266894","10267197","chr5","2273487","2273788","30","7993407"
"JH378122","10280356","10280653","chr23","23002194","23002490","46","12721838"
"JH378122","10283419","10283706","chr13","83084677","83084970","52","72801258"
"JH378122","10285825","10286114","chr3","35708120","35708402","55","25422295"
"JH378122","10297588","10297891","chr12","10064948","10065242","44","232640"
"JH378122","10309084","10309215","chr1","97802296","97802426","14","87493212"
"JH378122","10314338","10314635","chr22","47793370","47793666","36","37479032"
"JH378122","10318661","10318970","chr5","2273487","2273788","31","8045174"
"JH378122","10332114","10332415","chr11","97795304","97795611","40","87463190"
"JH378122","10339234","10339526","chr1","68219231","68219530","49","57879997"
"JH378122","10353877","10354169","chr5","52368103","52368393","43","42014226"
"JH378122","10362970","10363224","chr5","26284335","26284591","41","15921365"
"JH378122","10367444","10367592","chrUn_KE147649v1","9029","9176","12","10358415"
"JH378122","10378366","10378467","chrX_KE148109v1_random","2534975","2535072","22","7843391"
"JH378122","10382381","10382686","chr11","125510140","125510453","46","115127759"
"JH378122","10383014","10383149","chr26","6591504","6591639","13","3791510"
"JH378122","10384409","10384538","chr20","20852752","20852882","12","10468343"
"JH378122","10387870","10387980","chr6","1067449","1067558","9","9320421"
"JH378122","10395460","10395547","chr5","67880800","67880883","9","57485340"
"JH378122","10397011","10397321","chr2","34891557","34891863","40","24494546"
"JH378122","10400683","10400779","chr22","82220107","82220203","10","71819424"
"JH378122","10400966","10401254","chr9","99969852","99970147","41","89568886"
"JH378122","10418479","10418686","chr16","40303815","40304024","31","29885336"
"JH378122","10418690","10418819","chr20","20852752","20852882","11","10434062"
"JH378122","10425036","10425337","chr1","108565860","108566161","35","98140824"
"JH378122","10425338","10425627","chr5","4487563","4487853","38","5937775"
"JH378122","10425938","10426234","chr14","37615851","37616147","21","27189913"
"JH378122","10429650","10429949","chr9","94680666","94680961","36","84251016"
"JH378122","10437174","10437491","chr23","80808335","80808640","42","70371161"
"JH378122","10440909","10441189","chr18","40508818","40509107","49","30067909"
"JH378122","10441190","10441495","chr2","20242750","20243052","43","9801560"
"JH378122","10441659","10441966","chr6","29168940","29169240","47","18727281"
"JH378122","10449359","10449463","chr1","39939684","39939788","12","29490325"
"JH378122","10476319","10476632","chr11","20333718","20334026","33","9857399"
"JH378122","10484127","10484424","chr1","110767904","110768194","37","100283777"
"JH378122","10488581","10488709","chr16","4500752","4500881","13","5987829"
"JH378122","10488970","10489258","chr1","55012999","55013291","35","44524029"
"JH378122","10500983","10501088","chr1","39939684","39939788","11","29438701"
"JH378122","10503900","10503994","chr22","82220107","82220203","8","71716207"
"JH378122","10524277","10524450","chrX","99820785","99820950","28","89296508"
"JH378122","10536880","10536925","chr5","48048637","48048679","7","37511757"
"JH378122","10539368","10539679","chr1","65504304","65504612","34","54964936"
"JH378122","10550268","10550354","chr16","4405728","4405812","10","6144540"
"JH378122","10559254","10559343","chr6","11195215","11195307","12","635961"
"JH378122","10563971","10564257","chr4","67444451","67444740","36","56880480"
"JH378122","10585370","10585449","chr16","3308866","3308945","7","7276504"
"JH378122","10587591","10587891","chr9","96314869","96315163","29","85727278"
"JH378122","10595977","10596168","chr6","8749758","8749947","25","1846219"
"JH378122","10597496","10597592","chr22","82220107","82220203","8","71622611"
"JH378122","10609019","10609298","chr15","37785350","37785628","38","27176331"
"JH378122","10612932","10613239","chr16","46022596","46022903","43","35409664"
"JH378122","10615164","10615270","chr6","1067449","1067558","10","9547715"
"JH378122","10622256","10622530","chr24","41483646","41483922","39","30861390"
"JH378122","10631054","10631348","chr12","10064948","10065242","29","566106"
"JH378122","10631360","10631665","chr18","67218974","67219278","46","56587614"
"JH378122","10631666","10631828","chr6","42096858","42097017","26","31465192"
"JH378122","10638100","10638391","chr8","95885898","95886192","35","85247798"
"JH378122","10642146","10642440","chr12","10064948","10065242","33","577198"
"JH378122","10643776","10644054","chr8","43243200","43243484","42","32599424"
"JH378122","10658128","10658277","chr17","47733511","47733658","13","37075383"
"JH378122","10665792","10666116","chr27","1564766","1565071","53","9101026"
"JH378122","10671018","10671128","chr6","1067449","1067558","8","9603569"
"JH378122","10675147","10675378","chr5","74183714","74183949","33","63508567"
"JH378122","10685531","10685837","chr20","122777460","122777767","39","112091929"
"JH378122","10701725","10702017","chr12","10064948","10065242","38","636777"
"JH378122","10731637","10731773","chr26","6591504","6591639","12","4140133"
"JH378122","10732204","10732430","chr7","97152314","97152538","32","86420110"
"JH378122","10743299","10743405","chr17","40217264","40217370","12","29473965"
"JH378122","10746080","10746210","chr3","91348390","91348521","9","80602310"
"JH378122","10756686","10756990","chr14","62856636","62856942","35","52099950"
"JH378122","10758679","10758774","chr22","82220107","82220203","9","71461428"
"JH378122","10764172","10764491","chr1","65504304","65504612","38","54740132"
"JH378122","10788001","10788301","chr5","2273487","2273788","38","8514514"
"JH378122","10789251","10789539","chr24","40562105","40562391","43","29772854"
"JH378122","10795756","10795852","chr22","82220107","82220203","11","71424351"
"JH378122","10800183","10800487","chr14","70652150","70652458","34","59851967"
"JH378122","10808068","10808353","chr27","11716760","11717049","35","908692"
"JH378122","10820666","10820779","chr6","1067449","1067558","13","9753217"
"JH378122","10837067","10837155","chr19","7758593","7758681","10","3078474"
"JH378122","10839249","10839449","chr12","22471276","22471481","32","11632027"
"JH378122","10899231","10899537","chr11","117737181","117737478","30","106837950"
"JH378122","10922493","10922591","chr22","82220107","82220203","6","71297614"
"JH378122","10936568","10936853","chr18","70191042","70191329","38","59254474"
"JH378122","10967373","10967678","chr23","44247755","44248062","41","33280382"
"JH378122","11012169","11012474","chr11","115525233","115525542","36","104513064"
"JH378122","11059719","11059802","chr10","83206416","83206499","20","72146697"
"JH378122","11062727","11063026","chr22","40701009","40701309","41","29638282"
"JH378122","11078974","11079266","chr1","103415790","103416081","35","92336816"
"JH378122","11088269","11088507","chr10","52997867","52998109","35","41909598"
"JH378122","11090770","11091053","chr21","35798011","35798296","37","24707241"
"JH378122","11099011","11099306","chr12","10064948","10065242","29","1034063"
"JH378122","11106498","11106768","chr23","35239183","35239453","36","24132685"
"JH378122","11117244","11117544","chr24","40562105","40562391","40","29444861"
"JH378122","11119674","11119897","chr20","92882451","92882681","35","81762777"
"JH378122","11122655","11122970","chr2","34891557","34891863","39","23768902"
"JH378122","11196625","11196924","chr27","48451545","48451843","36","37254920"
"JH378122","11197399","11197702","chr5","2273487","2273788","35","8923912"
"JH378122","11202465","11202538","chr5","1831151","1831223","10","9371314"
"JH378122","11210070","11210220","chr9","59130238","59130387","11","47920168"
"JH378122","11213643","11213786","chr3","90669571","90669712","13","79455928"
"JH378122","11268495","11268800","chr8","21494594","21494885","46","10226099"
"JH378122","11278381","11278686","chr12","74217361","74217667","26","62938980"
"JH378122","11281380","11281690","chr5","2273487","2273788","38","9007893"
"JH378122","11282612","11282920","chr20","119900333","119900636","61","108617721"
"JH378122","11289662","11289734","chr13","63031813","63031889","11","51742151"
"JH378122","11318072","11318377","chr12","10064948","10065242","32","1253124"
"JH378122","11324787","11325079","chr11","38461191","38461481","43","27136404"
"JH378122","11347919","11347958","chr2","1310567","1310606","7","10037352"
"JH378122","11356270","11356562","chr2","80048882","80049173","40","68692612"
"JH378122","11360803","11360881","chr16","3308866","3308945","9","8051937"
"JH378122","11384985","11385305","chrX","20007345","20007662","56","8622360"
"JH378122","11425879","11426178","chr19","9824759","9825062","40","1601120"
"JH378122","11468025","11468333","chrX","89010280","89010587","51","77542255"
"JH378122","11547232","11547305","chr13","63031813","63031889","8","51484581"
"JH378122","11561496","11561645","chr9","59130238","59130387","17","47568742"
"JH378122","11567954","11568255","chr6","29168940","29169240","41","17600986"
"JH378122","11570907","11571215","chr12","10064948","10065242","34","1505959"
"JH378122","11572352","11572658","chr4","73035785","73036085","39","61463433"
"JH378122","11614986","11615075","chr3","65349691","65349782","11","53734705"
"JH378122","11647869","11647962","chr22","82220107","82220203","10","70572238"
"JH378122","11683241","11683536","chr12","10064948","10065242","25","1618293"
"JH378122","11698493","11698783","chr8","38754814","38755111","44","27056321"
"JH378122","11713695","11713980","chr8","134989821","134990115","46","123276126"
"JH378122","11723181","11723494","chr3","20237905","20238212","35","8514724"
"JH378122","11739296","11739545","chr12","6401463","6401710","28","5337833"
"JH378122","11765363","11765653","chr6","38437831","38438120","31","26672468"
"JH378122","11776506","11776811","chrX","125302543","125302844","40","113526037"
"JH378122","11810863","11811135","chr15","48936475","48936753","45","37125612"
"JH378122","11832885","11833128","chr6","31448321","31448565","42","19615436"
"JH378122","11857407","11857683","chr1","10803268","10803561","45","1054139"
"JH378122","11883460","11883745","chr28","16528348","16528632","38","4644888"
"JH378122","11952678","11952976","chr12","10064948","10065242","26","1887730"
"JH378122","12163007","12163292","chr6","38437831","38438120","36","26274824"
"JH378122","12184165","12184433","chr5","72816003","72816260","53","60631838"
"JH378122","12233587","12233802","chr28","1883537","1883753","25","10350050"
"JH378122","12256532","12256760","chr11","126175108","126175340","32","113918576"
"JH378122","12349357","12349504","chr3","90669571","90669712","18","78320214"
"JH378122","12441695","12441990","chr11","127481198","127481493","51","115039503"
"JH378122","12479910","12480211","chr11","66008567","66008871","56","53528657"
"JH378122","12581112","12581410","chr5","50079349","50079637","52","37498237"
"JH378122","12601363","12601668","chr21","13830726","13831028","41","1229363"
"JH378122","12835442","12835731","chr24","42689954","42690241","33","29854512"
"JH378122","12851542","12851808","chrX","13548339","13548610","43","696797"
"JH378122","12914052","12914274","chr13","7317370","7317589","30","5596682"
"JH378122","12980457","12980765","chr5","2273487","2273788","34","10706970"
"JH378122","13011589","13011899","chr7","135159498","135159805","34","122147909"
"JH378122","13060296","13060603","chr5","2273487","2273788","28","10786809"
"JH378122","13068558","13068642","chr12","7441397","7441481","6","5627161"
"JH378122","13078330","13078628","chr14","36991957","36992258","34","23913627"
"JH378122","13090078","13090193","chr15","90834689","90834810","14","77744611"
"JH378122","13100085","13100181","chr22","82220107","82220203","9","69120022"
"JH378122","13103553","13103859","chr12","6781553","6781865","98","6322000"
"JH378122","13123286","13123569","chr14","42700952","42701223","48","29577666"
"JH378122","13153668","13153792","chr6","50606227","50606356","18","37452559"
"JH378122","13163850","13163925","chr9","62921501","62921569","13","49757651"
"JH378122","13173161","13173285","chr3","72385674","72385796","12","59212513"
"JH378122","13215748","13216054","chr5","2324242","2324550","36","10891506"
"JH378122","13226674","13226764","chr3","65349691","65349782","10","52123017"
"JH378122","13231906","13232214","chr6","29168940","29169240","39","15937034"
"JH378122","13233749","13234042","chr20","92481976","92482271","41","79248227"
"JH378122","13240010","13240145","chr24","31250546","31250681","29","18010536"
"JH378122","13247987","13248295","chr12","6781553","6781865","90","6466434"
"JH378122","13252294","13252589","chr15","86758708","86759003","47","73506414"
"JH378122","13257417","13257690","chr7","29650533","29650818","53","16393116"
"JH378122","13267283","13267392","chr6","1067449","1067558","12","12199834"
"JH378122","13270612","13270919","chr4","71100937","71101237","39","57830325"
"JH378122","13278442","13278740","chr9","57875604","57875901","35","44597162"
"JH378122","13280624","13280918","chr10","59655291","59655589","42","46374667"
"JH378122","13314131","13314430","chr12","10064948","10065242","35","3249183"
"JH378122","13324106","13324376","chr3","11551653","11551932","64","1772453"
"JH378122","13333153","13333237","chr12","7441397","7441481","6","5891756"
"JH378122","13342224","13342303","chr16","3308866","3308945","11","10033358"
"JH378122","13343453","13343739","chr5","26494257","26494539","38","13150804"
"JH378122","13353997","13354091","chr22","82220107","82220203","10","68866110"
"JH378122","13356150","13356240","chr3","65349691","65349782","9","51993541"
"JH378122","13370202","13370351","chr9","59130238","59130387","16","45760036"
"JH378122","13374478","13374772","chr12","10064948","10065242","27","3309530"
"JH378122","13377214","13377502","chr3","80319873","80320159","50","66942659"
"JH378122","13380222","13380511","chr26","15737333","15737619","33","2357111"
"JH378122","13381438","13381707","chr21","56602482","56602744","42","43221044"
"JH378122","13401331","13401409","chr5","67880800","67880883","9","54479469"
"JH378122","13407463","13407611","chrUn_KE147649v1","9029","9176","16","13398434"
"JH378122","13415787","13416087","chr23","41434219","41434517","30","28018432"
"JH378122","13421208","13421410","chr2","36139638","36139834","33","22718430"
"JH378122","13424459","13424602","chr6","7229588","7229731","15","6194871"
"JH378122","13439682","13439891","chr2","41986599","41986802","33","28546917"
"JH378122","13440720","13440850","chr23","65334609","65334739","13","51893889"
"JH378122","13449509","13449607","chr22","82220107","82220203","10","68770598"
"JH378122","13469555","13469854","chr8","97923246","97923536","42","84453691"
"JH378122","13471217","13471498","chr28","2825551","2825833","49","10645666"
"JH378122","13472370","13472664","chr13","65577132","65577425","26","52104762"
"JH378122","13518839","13518982","chr8","38695074","38695205","35","25176235"
"JH378122","13528139","13528439","chr10","2350876","2351174","27","11177263"
"JH378122","13546923","13547026","chr1","39939684","39939788","12","26392761"
"JH378122","13549560","13549855","chr11","40065935","40066232","38","26516375"
"JH378122","13603959","13604067","chr6","1067449","1067558","10","12536510"
"JH378122","13675809","13676100","chr10","45160172","45160461","34","31484363"
"JH378122","13755278","13755578","chr13","65577132","65577425","33","51821854"
"JH378122","13908877","13909154","chr12","18835626","18835904","46","4926749"
"JH378122","14010437","14010605","chr1","105262714","105262876","31","91252277"
"JH378122","14155459","14155770","chr11","115525233","115525542","36","101369774"
"JH378122","14209440","14209742","chr26","8966259","8966555","66","5243181"
"JH378122","14224629","14224911","chr10","18726103","18726390","44","4501474"
"JH378122","14350046","14350326","chr4","31843815","31844093","54","17493769"
"JH378122","14374248","14374530","chr11","40227465","40227746","42","25853217"
"JH378122","14495277","14495379","chr1","39939684","39939788","9","25444407"
"JH378122","14517206","14517513","chr13","47744604","47744907","37","33227398"
"JH378122","14525801","14526092","chr12","86044059","86044354","31","71518258"
"JH378122","14556554","14556846","chrX","17246394","17246689","41","2689840"
"JH378122","14617790","14618084","chr9","83383980","83384273","41","68766190"
"JH378122","14629512","14629805","chr20","104215950","104216244","45","89586438"
"JH378122","14730277","14730572","chrX","8459361","8459655","44","6270916"
"JH378122","14734797","14735085","chr2","23773096","23773382","37","9038299"
"JH378122","14761857","14762143","chr8","89963957","89964248","40","75202100"
"JH378122","14776199","14776500","chr12","10064948","10065242","36","4711251"
"JH378122","14789436","14789729","chr12","10064948","10065242","33","4724488"
"JH378122","14890492","14890667","chr19","32968149","32968324","23","18077657"
"JH378122","14905108","14905386","chr21","102480056","102480324","40","87574948"
"JH378122","14915597","14915890","chrX","23977849","23978143","32","9062252"
"JH378122","14972209","14972504","chr12","58820917","58821209","43","43848708"
"JH378122","15024308","15024609","chr23","52328013","52328320","48","37303705"
"JH378122","15078929","15079148","chr13","7317370","7317589","28","7761559"
"JH378122","15108760","15109043","chr7","93852704","93852990","35","78743944"
"JH378122","15136829","15137133","chr19","9824759","9825062","34","5312070"
"JH378122","15171340","15171648","chr1","65504304","65504612","35","50332964"
"JH378122","15189640","15189937","chr5","52781293","52781575","54","37591653"
"JH378122","15189971","15190275","chr5","2273487","2273788","33","12916484"
"JH378122","15193557","15193854","chr28","13557476","13557782","42","1636081"
"JH378122","15207040","15207145","chr1","39939684","39939788","9","24732644"
"JH378122","15226072","15226191","chr23","59230583","59230701","11","44004511"
"JH378122","15293710","15294015","chr11","125798758","125799061","34","110505048"
"JH378122","15388091","15388290","chr12","79606132","79606326","35","64218041"
"JH378122","15388391","15388496","chr1","39939684","39939788","12","24551293"
"JH378122","15425607","15425915","chr2","34891557","34891863","40","19465950"
"JH378122","15440083","15440399","chr8","26352201","26352513","39","10912118"
"JH378122","15519166","15519471","chr1","108565860","108566161","40","93046694"
"JH378122","15573950","15574262","chrX","27028288","27028597","32","11454338"
"JH378122","15697348","15697652","chr5","2273487","2273788","29","13423861"
"JH378122","15708038","15708341","chr14","79729598","79729899","26","64021560"
"JH378122","15711139","15711278","chr9","86109665","86109806","18","70398526"
"JH378122","15745173","15745454","chr20","80564542","80564813","41","64819369"
"JH378122","15810423","15810659","chr16","25665041","25665281","47","9854618"
"JH378122","15931113","15931415","chr20","85624943","85625248","36","69693830"
"JH378122","15964667","15964979","chr11","115525233","115525542","32","99560566"
"JH378122","15965777","15966078","chr8","1641343","1641640","34","14324434"
"JH378122","15975942","15976233","chr6","7190985","7191277","32","8784957"
"JH378122","15981482","15981566","chr16","4405728","4405812","6","11575754"
"JH378122","16054530","16054769","chr17","42123728","42123966","57","26069198"
"JH378122","16081728","16082044","chrX","62513903","62514213","39","46432175"
"JH378122","16093221","16093526","chr13","65577132","65577425","37","49483911"
"JH378122","16112962","16113161","chr16","40442198","40442397","31","24329236"
"JH378122","16122973","16123266","chr2","5168180","5168471","38","10954793"
"JH378122","16130720","16131029","chr1","65504304","65504612","32","49373584"
"JH378122","16190872","16191150","chr12","649235","649520","49","15541637"
"JH378122","16230867","16231165","chr12","10064948","10065242","35","6165919"
"JH378122","16257532","16257883","chr8","64261352","64261687","57","48003820"
"JH378122","16308433","16308762","chr3","37955466","37955795","47","21647033"
"JH378122","16327851","16327955","chr6","1067449","1067558","11","15260402"
"JH378122","16333738","16333845","chr1","62097932","62098038","9","45764194"
"JH378122","16406551","16406842","chr14","41748186","41748475","41","25341635"
"JH378122","16454616","16454893","chr11","84454302","84454578","35","67999686"
"JH378122","16484946","16485213","chr23","58116026","58116299","43","41631080"
"JH378122","16506951","16507064","chr16","37093185","37093297","14","20586234"
"JH378122","16544426","16544740","chr11","115525233","115525542","31","98980807"
"JH378122","16550334","16550635","chr1","68219231","68219530","33","51668897"
"JH378122","16566198","16566509","chr1","65504304","65504612","33","48938106"
"JH378122","16650744","16651045","chr10","111637485","111637783","35","94986741"
"JH378122","16705535","16705831","chr13","14614965","14615259","39","2090570"
"JH378122","16710480","16710789","chr1","2872653","2872961","36","13837827"
"JH378122","16711917","16712224","chr8","96089866","96090170","42","79377949"
"JH378122","16763748","16764066","chr20","7801942","7802255","56","8961806"
"JH378122","16768482","16768778","chr22","50629443","50629736","34","33860961"
"JH378122","16797625","16797898","chr11","74896670","74896950","51","58099045"
"JH378122","16801794","16801924","chr20","20852752","20852882","11","4050958"
"JH378122","16949304","16949607","chr11","115525233","115525542","39","98575929"
"JH378122","17049510","17049815","chr11","27009805","27010108","52","9960295"
"JH378122","17158805","17159055","chr9","44794399","44794639","39","27635594"
"JH378122","17204665","17204975","chr26","38024857","38025165","36","20820192"
"JH378122","17274363","17274664","chr5","2273487","2273788","27","15000876"
"JH378122","17424274","17424575","chr12","10064948","10065242","52","7359326"
"JH378122","17472300","17472551","chr1","83625954","83626213","47","66153654"
"JH378122","17533609","17533901","chr23","52163513","52163808","35","34629904"
"JH378122","17594779","17595079","chr4","73035785","73036085","40","55441006"
"JH378122","17663067","17663365","chr9","34410226","34410521","33","16747159"
"JH378122","17738771","17738888","chr4","60395666","60395783","11","42656895"
"JH378122","18109083","18109388","chr5","2273487","2273788","29","15835596"
"JH378122","18403463","18403773","chr14","83371933","83372231","39","64968470"
"JH378122","18438735","18439041","chr2","23330549","23330849","40","4891814"
"JH378122","18530261","18530556","chr21","66269520","66269815","32","47739259"
"JH378122","18533776","18534088","chr11","115525233","115525542","34","96991457"
"JH378122","18534956","18535046","chr3","65349691","65349782","11","46814735"
"JH378122","18557813","18558128","chr12","93030877","93031180","54","74473064"
"JH378122","18559394","18559511","chr4","60395666","60395783","13","41836272"
"JH378122","18586083","18586183","chr22","82220107","82220203","10","63634024"
"JH378122","18669228","18669442","chr9","21639574","21639785","47","2970346"
"JH378122","18854544","18854861","chr2","34891557","34891863","48","16037013"
"JH378122","18922492","18922786","chr21","75861886","75862178","37","56939394"
"JH378122","18927869","18928141","chr16","26067530","26067803","41","7139661"
"JH378122","19021505","19021757","chr29","12411847","12412100","30","6609658"
"JH378122","19037591","19037888","chr12","10064948","10065242","29","8972643"
"JH378122","19050085","19050395","chr26","7915254","7915559","47","11134831"
"JH378122","19057725","19058024","chr16","21816012","21816308","44","2758287"
"JH378122","19113123","19113439","chr6","15953108","15953417","47","3160015"
"JH378122","19205639","19205789","chr9","59130238","59130387","13","39924599"
"JH378122","19356751","19356881","chr16","4500752","4500881","11","14855999"
"JH378122","19375926","19376069","chr3","90669571","90669712","18","71293645"
"JH378122","19444951","19445259","chr2","34891557","34891863","40","15446606"
"JH378122","19482380","19482672","chr29","10722547","10722839","63","8759833"
"JH378122","19609276","19609571","chr17","36106487","36106784","47","16497211"
"JH378122","19644647","19644723","chr13","63031813","63031889","9","43387166"
"JH378122","19702638","19702758","chr15","90834689","90834810","12","71132051"
"JH378122","19938983","19939282","chr12","74217361","74217667","46","54278378"
"JH378122","20003330","20003488","chr20","41333809","41333965","37","21330479"
"JH378122","20198750","20199060","chrX","125302543","125302844","42","105103793"
"JH378122","20312543","20312730","chr11","117106298","117106484","50","96793755"
"JH378122","20320343","20320656","chr11","115525233","115525542","33","95204890"
"JH378122","20322892","20323196","chr23","80713034","80713332","40","60390142"
"JH378122","20327937","20328071","chr26","6591504","6591639","11","13736433"
"JH378122","20396130","20396402","chrX","29924254","29924528","32","9528124"
"JH378122","20416706","20417010","chr11","51624065","51624366","45","31207359"
"JH378122","20447823","20448133","chr16","55157456","55157764","31","34709633"
"JH378122","20598233","20598539","chr2","74744689","74744996","36","54146456"
"JH378122","20617572","20617642","chr3","90465528","90465591","20","69847956"
"JH378122","20664365","20664647","chr13","68048794","68049075","47","47384429"
"JH378122","20685293","20685592","chr20","104630107","104630400","38","83944814"
"JH378122","20718636","20718812","chr7","30766435","30766612","27","10047799"
"JH378122","20789237","20789316","chr16","3308866","3308945","9","17480371"
"JH378122","20864051","20864336","chr19","31519097","31519383","34","10655046"
"JH378122","21027027","21027134","chr24","81527278","81527388","17","60500251"
"JH378122","21050189","21050471","chr14","15633040","15633320","33","5417149"
"JH378122","21071693","21072016","chr6","36184281","36184603","43","15112588"
"JH378122","21083404","21083662","chr10","105121069","105121335","114","84037665"
"JH378122","21152390","21152587","chr19","5662814","5663015","22","15489576"
"JH378122","21261330","21261635","chr8","32187026","32187333","48","10925696"
"JH378122","21263893","21264180","chr6","27850626","27850898","71","6586733"
"JH378122","21264767","21265055","chr21","125118620","125118898","55","103853853"
"JH378122","21371341","21371636","chr21","14303065","14303348","52","7068276"
"JH378122","21449671","21449980","chr20","87404408","87404710","58","65954737"
"JH378122","21462456","21462741","chr1","52239461","52239746","53","30777005"
"JH378122","21578475","21578706","chr11","126175108","126175340","29","104596633"
"JH378122","21629987","21630281","chr10","58133451","58133746","36","36503464"
"JH378122","21632376","21632678","chr5","2273487","2273788","37","19358889"
"JH378122","21726630","21726906","chr6","38582923","38583209","40","16856293"
"JH378122","21740511","21740804","chrX","23977849","23978143","39","2237338"
"JH378122","21750384","21750659","chr4","53346939","53347217","43","31596555"
"JH378122","21753535","21753843","chr14","83348314","83348610","46","61594779"
"JH378122","21816717","21816991","chrX","61008485","61008763","41","39191768"
"JH378122","21865072","21865359","chr24","76614329","76614607","33","54749257"
"JH378122","21898186","21898265","chr26","49341896","49341972","12","27443710"
"JH378122","21924142","21924439","chr1","10803268","10803561","39","11120874"
"JH378122","22032462","22032754","chrY","122540","122828","47","21909922"
"JH378122","22253206","22253507","chr21","108991689","108991988","44","86738483"
"JH378122","22321977","22322273","chr9","90943231","90943523","35","68621254"
"JH378122","22338046","22338361","chr15","55935500","55935806","65","33597454"
"JH378122","22380869","22381177","chr13","89494705","89495012","46","67113836"
"JH378122","22383371","22383498","chr9","103739806","103739931","15","81356435"
"JH378122","22423929","22424211","chr11","42115371","42115662","43","19691442"
"JH378122","22424819","22424938","chr6","44144914","44145033","14","21720095"
"JH378122","22435555","22435610","chr8","83564197","83564256","9","61128642"
"JH378122","22442270","22442392","chr8","107384580","107384704","14","84942310"
"JH378122","22442501","22442680","chr4","82829588","82829761","33","60387087"
"JH378122","22460473","22460770","chr3","75030450","75030748","43","52569977"
"JH378122","22470680","22470802","chr15","90834689","90834810","12","68364009"
"JH378122","22474945","22475261","chr20","57949871","57950172","49","35474926"
"JH378122","22494673","22494982","chr11","102420534","102420835","40","79925861"
"JH378122","22518273","22518563","chr12","10064948","10065242","30","12453325"
"JH378122","22552144","22552250","chr1","39939684","39939788","11","17387540"
"JH378122","22572240","22572536","chr5","22218264","22218560","37","353976"
"JH378122","22610526","22610639","chrX","25194654","25194764","14","2584128"
"JH378122","22654851","22655151","chr21","22838763","22839060","29","183912"
"JH378122","22661384","22661664","chr4","68750844","68751128","39","46089460"
"JH378122","22674817","22675109","chr6","38437831","38438120","27","15763014"
"JH378122","22686585","22686893","chr9","63581525","63581830","36","40894940"
"JH378122","22741262","22741564","chr7","767770","768068","43","21973492"
"JH378122","22768217","22768517","chr12","10064948","10065242","28","12703269"
"JH378122","22834116","22834419","chrX","109425482","109425779","48","86591366"
"JH378122","22872781","22873079","chr2","38853293","38853590","29","15980512"
"JH378122","22875282","22875538","chr9","96390861","96391117","30","73515579"
"JH378122","22958581","22958890","chr5","36774379","36774687","32","13815798"
"JH378122","23014366","23014674","chr2","34891557","34891863","28","11877191"
"JH378122","23098598","23098895","chr13","65577132","65577425","29","42478534"
"JH378122","23212970","23213286","chr1","65504304","65504612","42","42291334"
"JH378122","23220181","23220277","chr22","82220107","82220203","2","58999926"
"JH378122","23282520","23282826","chr3","78322458","78322761","34","55039938"
"JH378122","23553233","23553542","chr12","74217361","74217667","33","50664128"
"JH378122","23585222","23585526","chr12","94431712","94432016","40","70846490"
"JH378122","23609526","23609757","chrX","112046945","112047179","30","88437419"
"JH378122","23648765","23648946","chr2","37145074","37145258","26","13496309"
"JH378122","23692404","23692734","chr11","49112505","49112836","46","25420101"
"JH378122","23717204","23717327","chr15","90834689","90834810","11","67117485"
"JH378122","23840343","23840658","chr11","115525233","115525542","52","91684890"
"JH378122","23864320","23864434","chr14","99600626","99600742","22","75736306"
"JH378122","23884454","23884754","chr23","44247755","44248062","45","20363301"
"JH378122","23906192","23906453","chr3","81218775","81219029","49","57312583"
"JH378122","23976904","23977139","chr17","41920077","41920310","37","17943173"
"JH378122","23981064","23981393","chr3","37955466","37955795","39","13974402"
"JH378122","24004043","24004272","chr9","17226768","17226988","47","6777275"
"JH378122","24038760","24038972","chr16","6238673","6238883","23","17800087"
"JH378122","24047127","24047422","chr13","65577132","65577425","30","41530005"
"JH378122","24099696","24099962","chr1","110323517","110323785","42","86223821"
"JH378122","24103069","24103369","chr9","103899907","103900209","47","79796838"
"JH378122","24144481","24144709","chr25","59449721","59449941","34","35305240"
"JH378122","24145971","24146256","chr16","54367117","54367400","43","30221146"
"JH378122","24161043","24161337","chr10","55224096","55224386","37","31063053"
"JH378122","24191973","24192067","chr2","59738677","59738769","27","35546704"
"JH378122","24251123","24251425","chr9","118970228","118970526","43","94719105"
"JH378122","24258078","24258368","chr10","118597337","118597632","36","94339259"
"JH378122","24272161","24272397","chrX","38298995","38299216","40","14026834"
"JH378122","24358399","24358666","chr18","63235586","63235856","30","38877187"
"JH378122","24375881","24375944","chr2","56518274","56518336","16","32142393"
"JH378122","24478078","24478371","chr10","118597337","118597632","33","94119259"
"JH378122","24637736","24638035","chr20","111374247","111374540","41","86736511"
"JH378122","24643158","24643450","chr15","48893872","48894165","45","24250714"
"JH378122","24677506","24677685","chr14","32881983","32882150","32","8204477"
"JH378122","24680378","24680675","chr14","75577127","75577428","45","50896749"
"JH378122","24726602","24726816","chr11","45536523","45536736","34","20809921"
"JH378122","24784797","24785104","chr3","22013697","22014006","42","2771100"
"JH378122","24866785","24867093","chr9","113690758","113691056","62","88823973"
"JH378122","24908166","24908484","chr8","120119487","120119791","39","95211321"
"JH378122","24923875","24923963","chr16","4405728","4405812","9","20518147"
"JH378122","24966721","24967036","chr9","97753996","97754304","52","72787275"
"JH378122","25107531","25107829","chr11","47284357","47284657","31","22176826"
"JH378122","25153968","25154271","chr3","1376967","1377258","40","23777001"
"JH378122","25180567","25180859","chr11","73431457","73431745","35","48250890"
"JH378122","25211336","25211623","chr5","26494257","26494539","44","1282921"
"JH378122","25241117","25241425","chr16","7477345","7477653","36","17763772"
"JH378122","25259717","25260022","chr12","10064948","10065242","36","15194769"
"JH378122","25268904","25269181","chr25","14438271","14438549","36","10830633"
"JH378122","25269559","25269853","chr21","31031149","31031442","36","5761590"
"JH378122","25303970","25304121","chr9","59130238","59130387","16","33826268"
"JH378122","25351303","25351593","chr6","38582923","38583209","47","13231620"
"JH378122","25355140","25355271","chr3","91348390","91348521","13","65993250"
"JH378122","25369032","25369287","chr12","88112609","88112871","55","62743577"
"JH378122","25398440","25398736","chr16","42663386","42663692","54","17264946"
"JH378122","25402919","25403187","chr2","82904028","82904295","33","57501109"
"JH378122","25405183","25405470","chr5","1720771","1721058","34","23684412"
"JH378122","25411405","25411708","chr5","2273487","2273788","30","23137918"
"JH378122","25414101","25414411","chr1","65504304","65504612","33","40090203"
"JH378122","25422846","25423126","chr2","44912969","44913240","38","19490123"
"JH378122","25423695","25423784","chr3","65349691","65349782","13","39925996"
"JH378122","25442263","25442576","chr27","1564766","1565071","53","23877497"
"JH378122","25443238","25443544","chr2","5168180","5168471","50","20275058"
"JH378122","25462852","25463149","chr22","47793370","47793666","37","22330518"
"JH378122","25502998","25503292","chr3","15370462","15370750","44","10132536"
"JH378122","25505141","25505434","chr18","59023586","59023884","46","33518445"
"JH378122","25524341","25524639","chr29","8289755","8290055","46","17234586"
"JH378122","25527450","25527731","chr13","22116830","22117114","41","3410620"
"JH378122","25550185","25550481","chr11","64732415","64732714","30","39182230"
"JH378122","25562148","25562364","chr16","6238673","6238883","31","19323475"
"JH378122","25605703","25606009","chr1","93361306","93361613","36","67755603"
"JH378122","25613818","25614120","chr5","2273487","2273788","28","23340331"
"JH378122","25617405","25617712","chr12","6781553","6781865","87","18835852"
"JH378122","25635916","25636113","chr11","96721458","96721661","28","71085542"
"JH378122","25647593","25647702","chr6","1067449","1067558","12","24580144"
"JH378122","25662970","25663238","chr9","66838731","66839011","40","41175761"
"JH378122","25680339","25680646","chr3","54751576","54751883","46","29071237"
"JH378122","25686019","25686305","chr5","22668022","22668311","37","3017997"
"JH378122","25692076","25692375","chr4","33564428","33564721","43","7872352"
"JH378122","25693637","25693784","chr17","47733511","47733658","14","22039874"
"JH378122","25696551","25696860","chr11","115525233","115525542","31","89828682"
"JH378122","25713703","25713986","chr9","96208134","96208421","47","70494431"
"JH378122","25721555","25721871","chr1","65504304","65504612","38","39782749"
"JH378122","25735583","25735819","chr5","58344526","58344744","56","32608943"
"JH378122","25784266","25784566","chr12","10064948","10065242","24","15719318"
"JH378122","25788362","25788534","chr15","90845759","90845918","31","65057397"
"JH378122","25798965","25799260","chr12","10064948","10065242","30","15734017"
"JH378122","25803630","25803923","chr12","10064948","10065242","33","15738682"
"JH378122","25816855","25817137","chr20","98557643","98557919","42","72740788"
"JH378122","25842487","25842636","chr9","59130238","59130387","14","33287751"
"JH378122","25850559","25850859","chr2","12113745","12114044","40","13736814"
"JH378122","25868516","25868799","chr5","20366749","20367033","37","5501767"
"JH378122","25889248","25889378","chr1","90934902","90935024","23","65045654"
"JH378122","25902286","25902416","chr1","90934902","90935024","23","65032616"
"JH378122","25910956","25911246","chr26","20269198","20269489","39","5641758"
"JH378122","25920361","25920491","chr20","20852752","20852882","12","5067609"
"JH378122","25928760","25929041","chr2","26527788","26528079","51","599028"
"JH378122","25960429","25960738","chr9","63581525","63581830","36","37621096"
"JH378122","25982945","25983114","chr27","11004183","11004355","29","14978762"
"JH378122","26000001","26000257","chrX","55056274","55056537","43","29056273"
"JH378122","26044440","26044752","chr2","34891557","34891863","32","8847117"
"JH378122","26053897","26054017","chr6","11193830","11193948","15","14860067"
"JH378122","26073071","26073390","chr3","4850775","4851075","62","21222296"
"JH378122","26077020","26077169","chrUn_KE147541v1","175234","175379","13","25901786"
"JH378122","26092802","26093103","chr12","10064948","10065242","27","16027854"
"JH378122","26102716","26103015","chr23","25811471","25811771","36","291245"
"JH378122","26131662","26131965","chr23","35045928","35046223","39","8914266"
"JH378122","26225741","26226029","chr25","61615818","61616106","30","35390077"
"JH378122","26248000","26248094","chr22","82220107","82220203","8","55972107"
"JH378122","26324441","26324729","chr2","5168180","5168471","37","21156261"
"JH378122","26452733","26453041","chr11","46412480","46412774","42","19959747"
"JH378122","26509082","26509371","chr12","32102079","32102359","53","5592997"
"JH378122","26546047","26546172","chr1","8688937","8689061","13","17857110"
"JH378122","26548701","26549012","chr6","16598509","16598818","29","9950192"
"JH378122","26558293","26558575","chr8","75450257","75450544","36","48891964"
"JH378122","26562437","26562678","chrX","63929276","63929493","60","37366839"
"JH378122","26680767","26681041","chrX","119965831","119966113","45","93285064"
"JH378122","26779660","26779971","chr1","65504304","65504612","35","38724644"
"JH378122","26884586","26884667","chr20","86496231","86496314","8","59611645"
"JH378122","26917164","26917282","chr15","90834689","90834810","12","63917525"
"JH378122","27111589","27111873","chr8","40997233","40997516","50","13885644"
"JH378122","27161627","27161722","chr29","13369706","13369802","14","13791921"
"JH378122","27172648","27172950","chr12","10064948","10065242","29","17107700"
"JH378122","27193918","27194215","chr19","26418779","26419081","52","775139"
"JH378122","27232277","27232554","chr6","39804140","39804419","46","12571863"
"JH378122","27234030","27234328","chr14","97500393","97500684","33","70266363"
"JH378122","27281019","27281313","chr6","11944778","11945070","43","15336241"
"JH378122","27317949","27318202","chr24","67101328","67101584","42","39783379"
"JH378122","27323557","27323633","chr13","63031813","63031889","6","35708256"
"JH378122","27385118","27385404","chr28","9389017","9389310","40","17996101"
"JH378122","27395728","27396006","chr21","26073983","26074262","42","1321745"
"JH378122","27415586","27415863","chr11","64833784","64834059","42","37418198"
"JH378122","27453660","27453971","chr18","67218974","67219278","51","39765314"
"JH378122","27481256","27481322","chr8","138620323","138620397","18","111139067"
"JH378122","27508706","27509008","chr2","34891557","34891863","46","7382851"
"JH378122","27610134","27610431","chr8","66644262","66644564","38","39034128"
"JH378122","27614017","27614311","chr24","48882719","48883016","40","21268702"
"JH378122","27732871","27733162","chr9","90943231","90943523","38","63210360"
"JH378122","27907008","27907317","chr15","60324899","60325206","46","32417891"
"JH378122","27946048","27946357","chr1","65504304","65504612","28","37558256"
"JH378122","27987444","27987753","chr1","65504304","65504612","34","37516860"
"JH378122","28031484","28031584","chrX","2017984","2018087","12","26013500"
"JH378122","28049433","28049724","chr20","43519636","43519921","42","15470203"
"JH378122","28096340","28096470","chr3","91348390","91348521","11","63252050"
"JH378122","28171818","28172128","chr5","2273487","2273788","30","25898331"
"JH378122","28188868","28188974","chrX","89286738","89286848","22","61097870"
"JH378122","28219727","28219983","chr16","61676884","61677139","38","33457157"
"JH378122","28231852","28232176","chr11","75241201","75241523","40","47009349"
"JH378122","28303456","28303777","chr6","30615970","30616291","46","2312514"
"JH378122","28324340","28324615","chr22","37637582","37637856","41","9313242"
"JH378122","28350814","28351128","chr5","2273487","2273788","40","26077327"
"JH378122","28474085","28474382","chr9","86640988","86641280","36","58166903"
"JH378122","28624585","28624892","chr4","88788880","88789184","42","60164295"
"JH378122","28749668","28749992","chrX_KE148108v1_random","310482","310804","49","28439186"
"JH378122","28750730","28751034","chr8","101579883","101580191","41","72829153"
"JH378122","28811290","28811591","chr26","21427773","21428073","35","7383517"
"JH378122","28916272","28916542","chr28","5538595","5538865","39","23377677"
"JH378122","28932755","28933046","chr6","11381652","11381943","46","17551103"
"JH378122","29048422","29048706","chr11","19611133","19611417","27","9437289"
"JH378122","29072296","29072373","chr13","63031813","63031889","8","33959517"
"JH378122","29094176","29094453","chr11","115292126","115292409","44","86197950"
"JH378122","29113882","29114012","chr3","91348390","91348521","8","62234508"
"JH378122","29117842","29118026","chr19","19522555","19522740","28","9595287"
"JH378122","29118043","29118322","chr9","66838731","66839011","37","37720688"
"JH378122","29267857","29268033","chr20","45817691","45817873","25","16549834"
"JH378122","29276200","29276502","chr22","60669141","60669433","38","31392941"
"JH378122","29287866","29287954","chr10","109797655","109797738","13","80509789"
"JH378122","29306103","29306400","chr9","86640988","86641280","31","57334885"
"JH378122","29313612","29313909","chr12","10064948","10065242","33","19248664"
"JH378122","29369044","29369357","chr1","108565860","108566161","39","79196816"
"JH378122","29430302","29430559","chr20","91280850","91281102","36","61850548"
"JH378122","29442252","29442527","chr20","38394705","38394980","37","8952453"
"JH378122","29448457","29448547","chr3","65349691","65349782","10","35901234"
"JH378122","29450709","29450984","chr12","1354682","1354962","42","28096027"
"JH378122","29466014","29466314","chr8","52344592","52344885","34","22878578"
"JH378122","29469149","29469435","chr10","18371829","18372121","34","11097320"
"JH378122","29500723","29500812","chr22","82220107","82220203","9","52719384"
"JH378122","29500940","29501244","chr29","8189456","8189758","35","21311484"
"JH378122","29503161","29503300","chr3","90669571","90669712","14","61166410"
"JH378122","29506495","29506771","chr20","72215964","72216240","47","42709469"
"JH378122","29521540","29521821","chr20","108653796","108654082","39","79132256"
"JH378122","29522390","29522552","chr14","82418789","82418947","25","52896399"
"JH378122","29536222","29536528","chr14","27700149","27700448","30","1836073"
"JH378122","29538963","29539108","chr6","7229588","7229731","18","22309375"
"JH378122","29606866","29606971","chrX","2017984","2018087","11","27588882"
"JH378122","29617100","29617402","chr11","102112235","102112537","39","72495135"
"JH378122","29660918","29661211","chr16","53397850","53398143","32","23736932"
"JH378122","29689560","29689636","chr13","63031813","63031889","7","33342253"
"JH378122","29692795","29693105","chr1","21495000","21495304","43","8197795"
"JH378122","29693305","29693609","chr2","34891557","34891863","40","5198252"
"JH378122","29714129","29714396","chr5","25946056","25946332","41","3768073"
"JH378122","29743028","29743169","chr22","36072301","36072434","31","6329273"
"JH378122","29753875","29754179","chr20","33470229","33470535","32","3716354"
"JH378122","29772541","29772855","chr20","105941906","105942211","40","76169365"
"JH378122","29829140","29829427","chr12","10064948","10065242","38","19764192"
"JH378122","29832233","29832533","chr12","10064948","10065242","26","19767285"
"JH378122","29860912","29861227","chr18","56893429","56893739","40","27032517"
"JH378122","29913022","29913105","chr5","67880800","67880883","5","37967778"
"JH378122","29920135","29920433","chr6","39741779","39742079","43","9821644"
"JH378122","29920550","29920836","chr14","45112834","45113124","36","15192284"
"JH378122","29979202","29979513","chrX","49418051","49418357","47","19438849"
"JH378122","30063259","30063564","chr2","12113745","12114044","47","17949514"
"JH378122","30167125","30167421","chr1","103050659","103050957","44","72883534"
"JH378122","30195565","30195848","chr16","55817885","55818169","43","25622320"
"JH378122","30196137","30196393","chr1","56838660","56838912","45","26642523"
"JH378122","30199454","30199703","chrX","98016976","98017229","46","67817522"
"JH378122","30206218","30206527","chr20","116596870","116597178","52","86390652"
"JH378122","30236665","30236899","chr20","100953849","100954075","51","70717184"
"JH378122","30243430","30243731","chrX","7991103","7991404","52","22252327"
"JH378123","2752418","2752716","chr11","42115371","42115662","43","39362953"
"JH378123","9961219","9961537","chr24","11819038","11819352","41","1857819"
"JH378123","1","208","chr2","41986599","41986802","24","41986598"
"JH378123","28264","28572","chr23","23002194","23002490","41","22973930"
"JH378123","34074","34373","chr10","118597337","118597632","40","118563263"
"JH378123","41394","41687","chr23","73077881","73078169","32","73036487"
"JH378123","68027","68322","chr13","65577132","65577425","37","65509105"
"JH378123","69607","69730","chr11","67336740","67336866","11","67267133"
"JH378123","72108","72413","chr26","56179571","56179873","35","56107463"
"JH378123","102506","102817","chr11","115525233","115525542","33","115422727"
"JH378123","156907","157037","chr3","91348390","91348521","10","91191483"
"JH378123","175465","175622","chr13","51619899","51620061","24","51444434"
"JH378123","221197","221286","chr3","65349691","65349782","13","65128494"
"JH378123","276820","276970","chr14","96205099","96205251","34","95928279"
"JH378123","278376","278593","chr16","6480696","6480912","36","6202320"
"JH378123","278627","278771","chr19","27340400","27340544","23","27061773"
"JH378123","283038","283333","chr14","44038439","44038738","29","43755401"
"JH378123","286782","287085","chr2","35931939","35932239","33","35645157"
"JH378123","372785","373078","chr24","22113783","22114076","30","21740998"
"JH378123","436950","437243","chr22","50629443","50629736","39","50192493"
"JH378123","474247","474543","chr21","74368618","74368909","51","73894371"
"JH378123","489403","489740","chr12","10064948","10065242","122","9575545"
"JH378123","538057","538198","chr3","90669571","90669712","12","90131514"
"JH378123","554118","554212","chr12","73245235","73245330","13","72691117"
"JH378123","559349","559658","chr1","2872653","2872961","34","2313304"
"JH378123","571591","571889","chr12","10064948","10065242","31","9493357"
"JH378123","582579","582883","chr12","10064948","10065242","38","9482369"
"JH378123","583314","583619","chr2","34891557","34891863","37","34308243"
"JH378123","607997","608288","chr10","82875584","82875873","39","82267587"
"JH378123","609140","609452","chr11","115525233","115525542","35","114916093"
"JH378123","609872","610158","chr26","38637329","38637616","36","38027457"
"JH378123","612613","612918","chr23","34591432","34591727","34","33978819"
"JH378123","673650","673796","chr11","51685544","51685686","16","51011894"
"JH378123","694588","694688","chr22","82220107","82220203","6","81525519"
"JH378123","710049","710343","chr11","64255685","64255978","41","63545636"
"JH378123","712804","713052","chr9","83338968","83339217","34","82626164"
"JH378123","714323","714490","chrX","99820785","99820950","26","99106462"
"JH378123","743226","743508","chr22","23271454","23271740","43","22528228"
"JH378123","762614","762922","chr1","16060873","16061165","47","15298259"
"JH378123","771300","771383","chr5","67880800","67880883","6","67109500"
"JH378123","788224","788522","chr12","10064948","10065242","23","9276724"
"JH378123","796540","796754","chr17","12844785","12845002","33","12048245"
"JH378123","816145","816451","chr17","35258575","35258878","36","34442430"
"JH378123","871350","871453","chrX","2017984","2018087","8","1146634"
"JH378123","897838","898119","chr12","27124486","27124768","42","26226648"
"JH378123","905063","905361","chr12","10064948","10065242","27","9159885"
"JH378123","927408","927700","chr12","10064948","10065242","29","9137540"
"JH378123","969054","969349","chr14","83348314","83348610","45","82379260"
"JH378123","993711","993861","chr9","59130238","59130387","17","58136527"
"JH378123","1010412","1010711","chr12","10064948","10065242","25","9054536"
"JH378123","1047953","1048049","chr22","82220107","82220203","6","81172154"
"JH378123","1049099","1049199","chrX","2017984","2018087","11","968885"
"JH378123","1069681","1069745","chr11","19235944","19236012","12","18166263"
"JH378123","1087098","1087243","chr3","90669571","90669712","15","89582473"
"JH378123","1103822","1104107","chrX","61267105","61267382","37","60163283"
"JH378123","1128204","1128504","chr4","30926814","30927112","33","29798610"
"JH378123","1129498","1129794","chrX","22171201","22171487","38","21041703"
"JH378123","1137306","1137445","chr15","19514175","19514311","15","18376869"
"JH378123","1170993","1171271","chr11","19611133","19611417","39","18440140"
"JH378123","1173860","1174171","chr11","14201994","14202301","33","13028134"
"JH378123","1210726","1211019","chr22","10940743","10941034","36","9730017"
"JH378123","1292268","1292533","chr26","39306794","39307057","43","38014526"
"JH378123","1321958","1322072","chr13","61112232","61112346","13","59790274"
"JH378123","1338980","1339286","chr5","2273487","2273788","26","934507"
"JH378123","1341053","1341348","chr5","52368103","52368393","36","51027050"
"JH378123","1344534","1344807","chr13","95199792","95200056","46","93855258"
"JH378123","1535995","1536298","chr5","2273487","2273788","30","737492"
"JH378123","1544373","1544685","chr9","56811131","56811438","34","55266758"
"JH378123","1632559","1632710","chr9","59130238","59130387","16","57497679"
"JH378123","1667560","1667860","chr23","48457842","48458139","36","46790282"
"JH378123","1707813","1708115","chr1","103050659","103050957","35","101342846"
"JH378123","1725400","1725658","chr22","34922795","34923044","35","33197395"
"JH378123","1793460","1793756","chr16","11247440","11247731","44","9453980"
"JH378123","1807626","1807754","chr3","92101699","92101829","16","90294073"
"JH378123","1811617","1811936","chr28","4550302","4550608","45","2738685"
"JH378123","1825403","1825682","chr12","87620481","87620757","38","85795078"
"JH378123","1845418","1845684","chr1","406008","406263","45","1439410"
"JH378123","1906429","1906709","chr7","81697289","81697568","37","79790860"
"JH378123","1947408","1947713","chr5","2273487","2273788","43","326079"
"JH378123","2066864","2067170","chr12","106807603","106807904","38","104740739"
"JH378123","2160150","2160438","chr11","24803908","24804194","35","22643758"
"JH378123","2169576","2169860","chr12","26397452","26397733","34","24227876"
"JH378123","2263538","2263833","chr12","79050585","79050880","31","76787047"
"JH378123","2269912","2270052","chr3","90669571","90669712","14","88399659"
"JH378123","2272299","2272605","chr11","51624065","51624366","36","49351766"
"JH378123","2334193","2334492","chr12","10064948","10065242","27","7730755"
"JH378123","2349658","2349948","chr12","34842072","34842358","49","32492414"
"JH378123","2405118","2405404","chr3","19352210","19352503","42","16947092"
"JH378123","2485192","2485502","chr5","36774379","36774687","32","34289187"
"JH378123","2572285","2572572","chrX_KE148109v1_random","1349675","1349969","43","1222610"
"JH378123","2637684","2637954","chr10","76309411","76309679","45","73671727"
"JH378123","2710341","2710481","chr23","56978905","56979044","13","54268564"
"JH378123","2805958","2806276","chr5","11385183","11385504","45","8579225"
"JH378123","2814035","2814322","chr8","125046904","125047196","48","122232869"
"JH378123","2839546","2839855","chr14","83570862","83571166","45","80731316"
"JH378123","2849865","2850212","chr9","57943160","57943487","79","55093295"
"JH378123","2933044","2933338","chr8","20093961","20094256","40","17160917"
"JH378123","2961628","2961746","chr24","69174832","69174953","25","66213204"
"JH378123","2986986","2987284","chr5","2273487","2273788","26","713499"
"JH378123","3110874","3111018","chr3","90669571","90669712","11","87558697"
"JH378123","3129636","3129943","chr21","107765900","107766206","44","104636264"
"JH378123","3141399","3141705","chr2","34385406","34385706","37","31244007"
"JH378123","3143436","3143694","chr24","11439433","11439695","58","8295997"
"JH378123","3168061","3168362","chr10","20244736","20245036","44","17076675"
"JH378123","3182792","3183098","chr12","10064948","10065242","42","6882156"
"JH378123","3266328","3266620","chr12","10064948","10065242","29","6798620"
"JH378123","3529322","3529625","chr20","13069925","13070223","60","9540603"
"JH378123","3596299","3596592","chr2","83531577","83531876","45","79935278"
"JH378123","3625282","3625591","chr1","65504304","65504612","34","61879022"
"JH378123","3729740","3730028","chr10","127495198","127495486","46","123765458"
"JH378123","3753237","3753518","chr4","61723337","61723623","52","57970100"
"JH378123","3818604","3818914","chr1","65504304","65504612","29","61685700"
"JH378123","3832928","3833218","chr9","34378739","34379029","46","30545811"
"JH378123","3865344","3865634","chr20_KE148049v1_random","1223455","1223749","42","2641889"
"JH378123","4035186","4035282","chr22","82220107","82220203","7","78184921"
"JH378123","4085276","4085575","chr11","117737181","117737478","29","113651905"
"JH378123","4169605","4169907","chr20","92481976","92482271","42","88312371"
"JH378123","4200245","4200343","chr22","82220107","82220203","13","78019862"
"JH378123","4300364","4300635","chr9","61123989","61124258","52","56823625"
"JH378123","4368451","4368739","chr12","10064948","10065242","34","5696497"
"JH378123","4371930","4372219","chr21","117720786","117721061","58","113348856"
"JH378123","4514665","4514744","chr5","67880800","67880883","7","63366135"
"JH378123","4597886","4598161","chr24","26938119","26938393","47","22340233"
"JH378123","4610832","4611035","chr7","87436857","87437045","42","82826025"
"JH378123","4696837","4697150","chr1","65504304","65504612","42","60807467"
"JH378123","4701816","4702107","chr15","41116201","41116485","35","36414385"
"JH378123","4705423","4705734","chr11","115525233","115525542","33","110819810"
"JH378123","4712399","4712690","chr22","22816178","22816465","35","18103779"
"JH378123","4714668","4714958","chr26","36103659","36103942","38","31388991"
"JH378123","4721859","4722141","chr14","58657898","58658189","37","53936039"
"JH378123","4764728","4764909","chr20","28787815","28787990","33","24023087"
"JH378123","4836194","4836485","chr6","38437831","38438120","36","33601637"
"JH378123","4842241","4842548","chr11","115525233","115525542","41","110682992"
"JH378123","5022309","5022595","chr29","23708330","23708618","34","18686021"
"JH378123","5065410","5065712","chrX","125302543","125302844","32","120237133"
"JH378123","5084409","5084707","chrX","29093856","29094150","42","24009447"
"JH378123","5102719","5103016","chrX","25535579","25535875","40","20432860"
"JH378123","5113082","5113382","chr12","10064948","10065242","34","4951866"
"JH378123","5313174","5313457","chr22","86547700","86547988","43","81234526"
"JH378123","5331691","5331945","chr5","57856103","57856358","30","52524412"
"JH378123","5387703","5388013","chrX","114744806","114745112","46","109357103"
"JH378123","5444489","5444773","chr12","43032807","43033090","35","37588318"
"JH378123","5468869","5469176","chr8","43947071","43947379","46","38478202"
"JH378123","5494230","5494490","chr8","41144891","41145148","35","35650661"
"JH378123","5520621","5520916","chr21","18563788","18564074","35","13043167"
"JH378123","5537079","5537380","chr5","62574146","62574446","37","57037067"
"JH378123","5538098","5538391","chrX","115847772","115848064","38","110309674"
"JH378123","5577113","5577425","chr9","34182892","34183200","45","28605779"
"JH378123","5589781","5590075","chrX","115847772","115848064","34","110257991"
"JH378123","5607656","5607958","chr10","2350876","2351174","34","3256780"
"JH378123","5725374","5725466","chr22","82220107","82220203","11","76494733"
"JH378123","5733085","5733235","chr9","59130238","59130387","16","53397153"
"JH378123","5736661","5736769","chr12","53065987","53066095","13","47329326"
"JH378123","5747765","5747836","chr13","63031813","63031889","9","57284048"
"JH378123","5778464","5778742","chrX","50312686","50312963","35","44534222"
"JH378123","5798310","5798601","chr21","74434849","74435135","40","68636539"
"JH378123","5798619","5798902","chr14","37615851","37616147","40","31817232"
"JH378123","5809244","5809521","chr11","116305578","116305862","40","110496334"
"JH378123","5810909","5811207","chr1","68219231","68219530","32","62408322"
"JH378123","5819155","5819446","chr3","4850775","4851075","37","968380"
"JH378123","5821386","5821689","chr14","79729598","79729899","34","73908212"
"JH378123","5825275","5825575","chr12","38877611","38877905","34","33052336"
"JH378123","5856950","5857251","chr9","81056861","81057162","37","75199911"
"JH378123","5857570","5857866","chr10","122219967","122220268","33","116362397"
"JH378123","5924986","5925242","chr16","65251314","65251569","29","59326328"
"JH378123","5946273","5946404","chr16","4500752","4500881","8","1445521"
"JH378123","5946739","5946890","chr9","82646713","82646855","29","76699974"
"JH378123","5978880","5979184","chr12","74217361","74217667","30","68238481"
"JH378123","6004905","6005184","chr8","138416364","138416651","40","132411459"
"JH378123","6008133","6008504","chr7","36526086","36526442","85","30517953"
"JH378123","6009999","6010307","chr6","15953108","15953417","29","9943109"
"JH378123","6084931","6085242","chr10","88177543","88177855","44","82092612"
"JH378123","6097556","6097853","chr12","10064948","10065242","25","3967392"
"JH378123","6103050","6103356","chrX","23977849","23978143","36","17874799"
"JH378123","6138774","6139075","chr12","10064948","10065242","33","3926174"
"JH378123","6160728","6160839","chr25","28516923","28517034","22","22356195"
"JH378123","6226976","6227278","chr19","13613108","13613413","47","7386132"
"JH378123","6237690","6237987","chr24","50014098","50014389","34","43776408"
"JH378123","6247039","6247347","chr26","38024857","38025165","33","31777818"
"JH378123","6282802","6283116","chr5","36774379","36774687","45","30491577"
"JH378123","6302516","6302828","chr5","2324242","2324550","33","3978274"
"JH378123","6318632","6318943","chr6","30836295","30836597","39","24517663"
"JH378123","6370090","6370386","chr12","10064948","10065242","22","3694858"
"JH378123","6402349","6402661","chr9","62594343","62594647","39","56191994"
"JH378123","6435836","6435930","chr22","82220107","82220203","9","75784271"
"JH378123","6467827","6468136","chr6","16598509","16598818","30","10130682"
"JH378123","6468299","6468590","chr12","10064948","10065242","32","3596649"
"JH378123","6497054","6497358","chr11","117737181","117737478","30","111240127"
"JH378123","6535878","6536180","chr9","13789985","13790287","48","7254107"
"JH378123","6652911","6653197","chr20","96808586","96808877","40","90155675"
"JH378123","6759729","6759939","chr11","45536523","45536736","34","38776794"
"JH378123","6774716","6775024","chr12","74217361","74217667","29","67442645"
"JH378123","6794632","6794916","chr10","57124869","57125163","41","50330237"
"JH378123","6854154","6854459","chr12","74217361","74217667","32","67363207"
"JH378123","6858674","6858755","chr5","67880800","67880883","6","61022126"
"JH378123","6865717","6865987","chr9","95558471","95558739","34","88692754"
"JH378123","6932650","6932778","chr26","50406966","50407092","17","43474316"
"JH378123","6963504","6963594","chr22","82220107","82220203","8","75256603"
"JH378123","6988222","6988527","chr5","2273487","2273788","29","4714735"
"JH378123","7034814","7035118","chr5","2273487","2273788","28","4761327"
"JH378123","7093446","7093736","chr12","10064948","10065242","29","2971502"
"JH378123","7119256","7119344","chr19","7758593","7758681","8","639337"
"JH378123","7146131","7146437","chr12","10064948","10065242","29","2918817"
"JH378123","7147524","7147828","chr6","29168940","29169240","32","22021416"
"JH378123","7182512","7182806","chr12","10064948","10065242","28","2882436"
"JH378123","7209936","7210054","chr27","24789459","24789576","12","17579523"
"JH378123","7219569","7219657","chr19","7758593","7758681","7","539024"
"JH378123","7222899","7223013","chr13","61112232","61112346","12","53889333"
"JH378123","7227669","7227786","chrX","90197506","90197623","11","82969837"
"JH378123","7258675","7258815","chr12","42755129","42755268","10","35496454"
"JH378123","7267632","7267758","chr1","8688937","8689061","14","1421305"
"JH378123","7273214","7273505","chr3","55886251","55886541","35","48613037"
"JH378123","7283025","7283249","chr25","59449721","59449941","32","52166696"
"JH378123","7300496","7300797","chr12","10064948","10065242","31","2764452"
"JH378123","7305652","7305736","chr16","4405728","4405812","7","2899924"
"JH378123","7313262","7313525","chr12","31966354","31966622","49","24653092"
"JH378123","7344483","7344780","chr12","10064948","10065242","30","2720465"
"JH378123","7355007","7355304","chr8","68070857","68071156","38","60715850"
"JH378123","7355395","7355679","chrX","449812","450099","39","6905583"
"JH378123","7385207","7385470","chrX","34398814","34399073","36","27013607"
"JH378123","7393542","7393839","chr25","84522345","84522644","43","77128803"
"JH378123","7397437","7397543","chr1","39939684","39939788","12","32542247"
"JH378123","7403718","7403855","chr15","19514175","19514311","22","12110457"
"JH378123","7414086","7414172","chr5","67880800","67880883","10","60466714"
"JH378123","7417266","7417527","chrX","125586139","125586393","43","118168873"
"JH378123","7427136","7427400","chrX","55867506","55867779","44","48440370"
"JH378123","7430039","7430116","chr13","63031813","63031889","6","55601774"
"JH378123","7439605","7439733","chr1","97802296","97802426","14","90362691"
"JH378123","7443669","7443921","chr22","88832832","88833087","37","81389163"
"JH378123","7444131","7444412","chr12","18835626","18835904","30","11391495"
"JH378123","7446131","7446440","chr1","117421772","117422077","37","109975641"
"JH378123","7448897","7449003","chr6","1067449","1067558","12","6381448"
"JH378123","7476783","7476932","chr9","59130238","59130387","15","51653455"
"JH378123","7483109","7483417","chr1","65504304","65504612","34","58021195"
"JH378123","7486527","7486811","chr27","11039992","11040277","40","3553465"
"JH378123","7498973","7499117","chr22","71422253","71422394","17","63923280"
"JH378123","7499729","7499880","chr13","34653627","34653777","25","27153898"
"JH378123","7503792","7504030","chr10","88156512","88156744","27","80652720"
"JH378123","7510317","7510447","chr1","97802296","97802426","14","90291979"
"JH378123","7512605","7512896","chr20","85678793","85679086","38","78166188"
"JH378123","7519490","7519567","chr10","95538249","95538325","8","88018759"
"JH378123","7527675","7527984","chr6","31365170","31365478","35","23837495"
"JH378123","7534867","7535175","chr5","36774379","36774687","34","29239512"
"JH378123","7535949","7536245","chr20","77778759","77779062","45","70242810"
"JH378123","7536742","7537012","chr29","14855318","14855588","38","7318576"
"JH378123","7588699","7588904","chr17","30313086","30313283","53","22724387"
"JH378123","7647122","7647444","chr16","4380464","4380781","53","3266658"
"JH378123","7677091","7677391","chr18","71480316","71480609","32","63803225"
"JH378123","7792887","7793192","chr9","72868923","72869227","33","65076036"
"JH378123","7927857","7928162","chr26","16008721","16009029","44","8080864"
"JH378123","7938852","7938959","chr1","62097932","62098038","11","54159080"
"JH378123","8018263","8018379","chr20","7771242","7771360","23","247021"
"JH378123","8065868","8066078","chr20","17243098","17243310","32","9177230"
"JH378123","8113350","8113645","chr8","52344592","52344885","29","44231242"
"JH378123","8156827","8157127","chrX","23977849","23978143","33","15821022"
"JH378123","8234655","8234964","chr3","56591334","56591642","35","48356679"
"JH378123","8254526","8254822","chr12","10064948","10065242","35","1810422"
"JH378123","8282784","8282861","chr13","63031813","63031889","9","54749029"
"JH378123","8286882","8287010","chr21","120831560","120831690","14","112544678"
"JH378123","8421052","8421351","chr1","103415790","103416081","47","94994738"
"JH378123","8448651","8448733","chr5","67880800","67880883","7","59432149"
"JH378123","8520757","8521094","chr12","29654642","29654971","60","21133885"
"JH378123","8528501","8528799","chr12","10064948","10065242","31","1536447"
"JH378123","8558628","8558925","chr24","1147887","1148184","30","7410741"
"JH378123","8570779","8571074","chr18","71629517","71629808","35","63058738"
"JH378123","8582848","8583076","chr20","47773481","47773698","34","39190633"
"JH378123","8597232","8597372","chr3","90669571","90669712","12","82072339"
"JH378123","8687424","8687715","chr5","20366749","20367033","41","11679325"
"JH378123","8744247","8744551","chr5","2273487","2273788","28","6470760"
"JH378123","8912509","8912815","chr8","40235864","40236161","40","31323355"
"JH378123","8961796","8962090","chr11","2839835","2840132","32","6121961"
"JH378123","8983101","8983338","chr28","18355531","18355757","42","9372430"
"JH378123","9096338","9096645","chr16","23423370","23423672","34","14327032"
"JH378123","9149707","9150002","chr12","10064948","10065242","31","915241"
"JH378123","9184396","9184698","chr7","19605160","19605458","43","10420764"
"JH378123","9209072","9209365","chr12","101302285","101302576","37","92093213"
"JH378123","9213659","9213978","chr26","38024857","38025165","42","28811198"
"JH378123","9214329","9214615","chr18","60118008","60118306","48","50903679"
"JH378123","9226501","9226813","chr1","65504304","65504612","39","56277803"
"JH378123","9287412","9287701","chr6","2852604","2852883","42","6434808"
"JH378123","9389838","9390147","chr9","13789985","13790287","40","4400147"
"JH378123","9431835","9432142","chr6","31365170","31365478","33","21933335"
"JH378123","9435225","9435307","chr19","23494523","23494608","24","14059298"
"JH378123","9573062","9573346","chr25","72637168","72637451","43","63064106"
"JH378123","9595015","9595325","chr20","70184160","70184468","39","60589145"
"JH378123","9639068","9639374","chr1","2872653","2872961","34","6766415"
"JH378123","9642231","9642529","chr13","45058548","45058844","45","35416317"
"JH378123","9652197","9652466","chr24","27023895","27024155","35","17371698"
"JH378123","9747906","9748213","chr9","63581525","63581830","33","53833619"
"JH378123","9756648","9756949","chr7","99172603","99172901","42","89415955"
"JH378123","9802052","9802336","chrX","15732035","15732323","44","5929983"
"JH378123","9924321","9924628","chr2","42763208","42763513","40","32838887"
"JH378123","9953938","9954032","chr22","82220107","82220203","7","72266169"
"JH378123","9956980","9957328","chrX","110113644","110113974","61","100156664"
"JH378123","9990762","9991075","chr1","65504304","65504612","43","55513542"
"JH378123","10115087","10115189","chrX","2017984","2018087","11","8097103"
"JH378123","10119919","10120214","chr5","60865284","60865574","46","50745365"
"JH378123","10159207","10159483","chr8","132346365","132346635","50","122187158"
"JH378123","10165289","10165593","chr20","46357809","46358113","42","36192520"
"JH378123","10175783","10176075","chr9","56054568","56054867","39","45878785"
"JH378123","10265376","10265621","chr12","53001863","53002127","52","42736487"
"JH378123","10272469","10272746","chr16","26067530","26067803","38","15795061"
"JH378123","10276665","10276826","chr11","6668470","6668632","23","3608195"
"JH378123","10279141","10279448","chr18","31540660","31540966","44","21261519"
"JH378123","10284112","10284414","chr6","4113565","4113862","37","6170547"
"JH378123","10354794","10355083","chr10","18371829","18372121","33","8017035"
"JH378123","10377797","10378078","chr12","13260494","13260774","38","2882697"
"JH378123","10380998","10381311","chr5","48975282","48975585","45","38594284"
"JH378123","10406101","10406424","chr2","21278006","21278325","56","10871905"
"JH378123","10486014","10486161","chr27","11685310","11685466","28","1199296"
"JH378123","10521298","10521597","chr26","38024857","38025165","36","27503559"
"JH378123","10550172","10550458","chr24","51032663","51032946","38","40482491"
"JH378123","10571250","10571553","chr14","75577127","75577428","30","65005877"
"JH378123","10685584","10685825","chr1","62360213","62360445","37","51674629"
"JH378123","10718371","10718672","chr9","95223259","95223558","40","84504888"
"JH378123","10899294","10899588","chr12","10064948","10065242","37","834346"
"JH378123","10947422","10947711","chr11","115463553","115463842","36","104516131"
"JH378123","10955054","10955334","chr20","99661612","99661900","38","88706558"
"JH378123","10975270","10975583","chr5","13154183","13154488","46","2178913"
"JH378123","11000493","11000840","chr6","14784916","14785238","76","3784423"
"JH378123","11006297","11006580","chr9","11896631","11896910","34","890334"
"JH378123","11107392","11107703","chr8","91463159","91463468","43","80355767"
"JH378123","11127887","11128195","chr14","21214163","21214469","39","10086276"
"JH378123","11228314","11228542","chr6","2372111","2372337","26","8856203"
"JH378123","11229127","11229431","chrX","125302543","125302844","35","114073416"
"JH378123","11259827","11260128","chr18","34769557","34769861","37","23509730"
"JH378123","11296901","11297191","chr3","793086","793379","34","10503815"
"JH378123","11306355","11306609","chr20","20049923","20050167","54","8743568"
"JH378123","11362806","11363115","chr13","94277855","94278163","44","82915049"
"JH378123","11372790","11372841","chr7","134069414","134069465","7","122696624"
"JH378123","11374900","11375175","chr25","73838548","73838836","50","62463648"
"JH378123","11408240","11408538","chr12","10064948","10065242","28","1343292"
"JH378123","11408798","11409087","chr13","22116830","22117114","37","10708032"
"JH378123","11415295","11415385","chr3","65349691","65349782","11","53934396"
"JH378123","11419393","11419659","chr9","74498847","74499116","42","63079454"
"JH378123","11453482","11453691","chr2","41986599","41986802","23","30533117"
"JH378123","11455967","11456280","chr1","108565860","108566161","38","97109893"
"JH378123","11456622","11456929","chr4","62222786","62223086","33","50766164"
"JH378123","11459787","11460083","chr10","21690582","21690883","43","10230795"
"JH378123","11461296","11461602","chr12","74217361","74217667","35","62756065"
"JH378123","11462450","11462596","chr6","7229588","7229731","15","4232862"
"JH378123","11471500","11471646","chr9","59130238","59130387","13","47658738"
"JH378123","11477210","11477507","chr12","13047845","13048153","49","1570635"
"JH378123","11494271","11494583","chr1","65504304","65504612","34","54010033"
"JH378123","11500010","11500159","chr9","59130238","59130387","15","47630228"
"JH378123","11510984","11511302","chr3","20237905","20238212","43","8726921"
"JH378123","11515895","11516199","chr20","116510477","116510787","40","104994582"
"JH378123","11543681","11543977","chr12","39135410","39135695","37","27591729"
"JH378123","11574072","11574209","chr3","91348390","91348521","24","79774318"
"JH378123","11586914","11586992","chr16","3308866","3308945","8","8278048"
"JH378123","11612678","11612801","chr10","119600285","119600402","15","107987607"
"JH378123","11618095","11618389","chr11","42115371","42115662","33","30497276"
"JH378123","11647871","11648180","chr1","2872653","2872961","38","8775218"
"JH378123","11649707","11649789","chr5","67880800","67880883","8","56231093"
"JH378123","11652994","11653306","chr12","10064948","10065242","40","1588046"
"JH378123","11657277","11657569","chr4","13708872","13709165","36","2051595"
"JH378123","11662591","11662706","chrX","119966559","119966672","13","108303968"
"JH378123","11668680","11668805","chr1","8688937","8689061","11","2979743"
"JH378123","11682000","11682297","chr1","18554019","18554319","43","6872019"
"JH378123","11690447","11690753","chr5","2273487","2273788","33","9416960"
"JH378123","11697306","11697523","chr16","6238673","6238883","29","5458633"
"JH378123","11699817","11700108","chr14","80284365","80284655","39","68584548"
"JH378123","11708414","11708706","chr12","10064948","10065242","29","1643466"
"JH378123","11716479","11716769","chr13","22116830","22117114","42","10400351"
"JH378123","11717821","11718113","chr11","19611133","19611417","37","7893312"
"JH378123","11726706","11727021","chr9","69831981","69832300","48","58105275"
"JH378123","11744540","11744616","chr13","63031813","63031889","8","51287273"
"JH378123","11750343","11750650","chr13","22834581","22834886","31","11084238"
"JH378123","11783860","11784187","chrX","20007345","20007662","50","8223485"
"JH378123","11917518","11917818","chr17","41731096","41731387","47","29813578"
"JH378123","12045368","12045508","chr6","7501396","7501533","12","4543972"
"JH378123","12063986","12064190","chr28","3271954","3272157","32","8792032"
"JH378123","12099468","12099613","chr22","87450041","87450185","17","75350573"
"JH378123","12100051","12100124","chr13","63031813","63031889","9","50931762"
"JH378123","12157896","12158189","chr12","10064948","10065242","25","2092948"
"JH378123","12267590","12267674","chr16","4405728","4405812","10","7861862"
"JH378123","12277199","12277521","chr5","14569519","14569836","39","2292320"
"JH378123","12282570","12282700","chr3","91348390","91348521","10","79065820"
"JH378123","12292751","12293040","chr13","65577132","65577425","34","53284381"
"JH378123","12339207","12339495","chr12","10064948","10065242","31","2274259"
"JH378123","12364801","12365104","chr4","71100937","71101237","40","58736136"
"JH378123","12376596","12376879","chr3","81003695","81003974","31","68627099"
"JH378123","12396063","12396357","chr20","19825871","19826167","32","7429808"
"JH378123","12401871","12402179","chr16","30398852","30399159","34","17996981"
"JH378123","12423937","12424040","chr1","39939684","39939788","9","27515747"
"JH378123","12437275","12437567","chr12","10064948","10065242","35","2372327"
"JH378123","12458301","12458591","chr20","7605671","7605957","32","4852630"
"JH378123","12662498","12662805","chrX","125302543","125302844","35","112640045"
"JH378123","12709238","12709541","chr5","2273487","2273788","26","10435751"
"JH378123","12743004","12743312","chr12","10064948","10065242","40","2678056"
"JH378123","12749104","12749413","chr8","1760359","1760667","33","10988745"
"JH378123","12818660","12818955","chr12","6781553","6781865","133","6037107"
"JH378123","12820670","12820965","chr13","65577132","65577425","37","52756462"
"JH378123","12887717","12887987","chr21","56602482","56602744","42","43714765"
"JH378123","12896290","12896574","chr6","31995720","31996007","47","19099430"
"JH378123","12934734","12934981","chr22","72356293","72356532","37","59421559"
"JH378123","13036567","13036778","chr15","32708871","32709084","35","19672304"
"JH378123","13072242","13072577","chr3","37955466","37955795","46","24883224"
"JH378123","13074678","13074807","chr1","97802296","97802426","12","84727618"
"JH378123","13075563","13075837","chr11","113684443","113684708","67","100608880"
"JH378123","13079127","13079419","chr16","34317681","34317983","44","21238554"
"JH378123","13085712","13085999","chr8","52344592","52344885","37","39258880"
"JH378123","13091484","13091784","chr12","93295464","93295762","32","80203980"
"JH378123","13128161","13128454","chr13","65577132","65577425","28","52448971"
"JH378123","13146622","13146886","chr1","99004891","99005171","51","85858269"
"JH378123","13284875","13285171","chr12","10064948","10065242","24","3219927"
"JH378123","13366534","13366638","chrX","104238","104337","24","13262296"
"JH378123","13366642","13366812","chr16","51500693","51500866","29","38134051"
"JH378123","13399456","13399741","chr10","117336899","117337182","33","103937443"
"JH378123","13412690","13412995","chrX","60987121","60987417","41","47574431"
"JH378123","13597612","13597702","chr19","7758593","7758681","10","5839019"
"JH378123","13613382","13613685","chr5","23332270","23332572","44","9718888"
"JH378123","13633437","13633741","chr21","22838763","22839060","38","9205326"
"JH378123","13684683","13684949","chr4","22964909","22965182","39","9280226"
"JH378123","13714605","13714898","chr20","2877456","2877758","51","10837149"
"JH378123","13730303","13730572","chr21","99692867","99693133","46","85962564"
"JH378123","13800968","13801260","chr12","10064948","10065242","37","3736020"
"JH378123","13829965","13830253","chr11","934179","934468","48","12895786"
"JH378123","13933246","13933438","chr13","1182759","1182946","35","12750487"
"JH378123","14008914","14009214","chr5","2273487","2273788","38","11735427"
"JH378123","14035162","14035467","chr16","9729806","9730106","36","4305356"
"JH378123","14086299","14086438","chr14","80219602","80219741","28","66133303"
"JH378123","14150409","14150551","chr23","45163942","45164097","34","31013533"
"JH378123","14213726","14213834","chr12","53065987","53066095","12","38852261"
"JH378123","14279611","14279780","chr4","65157978","65158146","22","50878367"
"JH378123","14284885","14285057","chr4","82829588","82829761","24","68544703"
"JH378123","14330327","14330627","chr3","29967257","29967552","39","15636930"
"JH378123","14345581","14345746","chr15","5596016","5596180","27","8749565"
"JH378123","14394032","14394333","chr5","2273487","2273788","40","12120545"
"JH378123","14480011","14480319","chr1","5613188","5613488","44","8866823"
"JH378123","14519779","14520085","chr12","10064948","10065242","31","4454831"
"JH378123","14620308","14620387","chr16","3308866","3308945","7","11311442"
"JH378123","14626089","14626335","chr9","105209327","105209574","36","90583238"
"JH378123","14687349","14687658","chr1","65504304","65504612","34","50816955"
"JH378123","14725072","14725379","chr16","48421590","48421886","41","33696518"
"JH378123","14735548","14735859","chr6","16598509","16598818","31","1862961"
"JH378123","14781436","14781710","chr10","120438508","120438788","61","105657072"
"JH378123","14847420","14847496","chr13","63031813","63031889","6","48184393"
"JH378123","14941297","14941421","chr15","90834689","90834810","12","75893392"
"JH378123","14968009","14968297","chr11","12143435","12143724","41","2824574"
"JH378123","14968903","14969152","chr27","30819526","30819775","37","15850623"
"JH378123","14997673","14997976","chr16","7477345","7477653","44","7520328"
"JH378123","15161827","15162124","chr13","65577132","65577425","27","50415305"
"JH378123","15170604","15170906","chr1","32168654","32168947","37","16998050"
"JH378123","15232188","15232470","chr2","26040056","26040349","44","10807868"
"JH378123","15258877","15259175","chr10","122219967","122220268","38","106961090"
"JH378123","15401807","15402119","chr9","22121663","22121971","49","6719856"
"JH378123","15413285","15413575","chr11","46412480","46412774","39","30999195"
"JH378123","15465543","15465835","chr21","112047561","112047854","41","96582018"
"JH378123","15557461","15557770","chr16","30398852","30399159","28","14841391"
"JH378123","15559874","15560163","chr10","35324287","35324576","30","19764413"
"JH378123","15599977","15600287","chr11","50850288","50850595","44","35250311"
"JH378123","15651299","15651592","chr2","83266456","83266759","42","67615157"
"JH378123","15689502","15689798","chr16","54214553","54214848","38","38525051"
"JH378123","15751488","15751616","chr7","131943193","131943315","32","116191705"
"JH378123","15763674","15763973","chr11","84795218","84795524","44","69031544"
"JH378123","15791473","15791746","chr25","53467351","53467624","42","37675878"
"JH378123","15795044","15795341","chr22","48709160","48709458","40","32914116"
"JH378123","15818638","15818942","chr21","4244435","4244726","47","11574203"
"JH378123","15860142","15860292","chr13","59020720","59020870","21","43160578"
"JH378123","15922896","15923211","chr2","34891557","34891863","44","18968661"
"JH378123","15931358","15931463","chr1","39939684","39939788","12","24008326"
"JH378123","15962782","15963086","chr17","50662690","50662993","37","34699908"
"JH378123","15965523","15965759","chrX","56071415","56071659","39","40105892"
"JH378123","15968400","15968682","chr16","63652876","63653158","39","47684476"
"JH378123","15998101","15998390","chr14","83371933","83372231","47","67373832"
"JH378123","16013368","16013670","chr4","71100937","71101237","36","55087569"
"JH378123","16015361","16015676","chr6","29168940","29169240","50","13153579"
"JH378123","16099203","16099511","chr26","38024857","38025165","39","21925654"
"JH378123","16155372","16155644","chr12","19091026","19091293","46","2935654"
"JH378123","16191395","16191533","chr6","3375709","3375847","14","12815686"
"JH378123","16211782","16211846","chr1","104514801","104514865","13","88303019"
"JH378123","16211925","16212165","chr22","58083115","58083361","37","41871190"
"JH378123","16267538","16267854","chr21","107765900","107766206","39","91498362"
"JH378123","16309206","16309494","chr12","27783290","27783582","35","11474084"
"JH378123","16316843","16317095","chr8","41144891","41145148","32","24828048"
"JH378123","16321926","16322226","chr12","74217361","74217667","31","57895435"
"JH378123","16344854","16345158","chr1","10803268","10803561","39","5541586"
"JH378123","16353421","16353696","chr14","18384975","18385256","40","2031554"
"JH378123","16385588","16385760","chr5","44686436","44686608","28","28300848"
"JH378123","16453522","16453736","chr15","17645426","17645647","51","1191904"
"JH378123","16458950","16459226","chr22","37637582","37637856","42","21178632"
"JH378123","16483819","16484124","chr6","10887618","10887925","44","5596201"
"JH378123","16487661","16487760","chr22","82220107","82220203","9","65732446"
"JH378123","16540081","16540187","chr1","62097932","62098038","11","45557851"
"JH378123","16675443","16675731","chr9","26807010","26807295","43","10131567"
"JH378123","16711661","16711722","chr8","94925566","94925629","13","78213905"
"JH378123","16721157","16721306","chr8","56146921","56147068","16","39425764"
"JH378123","16914916","16914996","chr5","67880800","67880883","9","50965884"
"JH378123","16944554","16944870","chr18","56208944","56209251","39","39264390"
"JH378123","16996244","16996538","chr29","10722547","10722839","35","6273697"
"JH378123","17061856","17062158","chr1","10803268","10803561","44","6258588"
"JH378123","17103216","17103508","chr6","37075091","37075389","47","19971875"
"JH378123","17127833","17128137","chr17","28137789","28138092","41","11009956"
"JH378123","17179003","17179275","chr21","116132625","116132902","39","98953622"
"JH378123","17224932","17225087","chr24","12006231","12006380","22","5218701"
"JH378123","17242245","17242548","chr11","120207458","120207761","32","102965213"
"JH378123","17363004","17363311","chr2","85255263","85255560","38","67892259"
"JH378123","17434349","17434645","chr13","85832432","85832734","43","68398083"
"JH378123","17445746","17445987","chr11","46995583","46995816","33","29549837"
"JH378123","17458150","17458444","chrX","89448328","89448618","40","71990178"
"JH378123","17495061","17495287","chr25","59449721","59449941","32","41954660"
"JH378123","17541223","17541480","chr8","41144891","41145148","36","23603668"
"JH378123","17545294","17545518","chr17","44703760","44703972","39","27158466"
"JH378123","17547675","17547894","chr28","1883537","1883753","33","15664138"
"JH378123","17553616","17553916","chr1","108565860","108566161","46","91012244"
"JH378123","17568978","17569282","chr9","86268193","86268501","46","68699215"
"JH378123","17652319","17652368","chr5","61040036","61040083","11","43387717"
"JH378123","17675772","17676082","chr11","115525233","115525542","35","97849461"
"JH378123","17740431","17740735","chr12","6781553","6781865","64","10958878"
"JH378123","17754555","17754842","chr8","29590101","29590383","35","11835546"
"JH378123","17767531","17767621","chr3","65349691","65349782","10","47582160"
"JH378123","17814578","17814894","chr6","16598509","16598818","40","1216069"
"JH378123","17870260","17870571","chr1","68219231","68219530","44","50348971"
"JH378123","18031133","18031420","chr29","2674930","2675221","36","15356203"
"JH378123","18106068","18106352","chr13","82570992","82571281","40","64464924"
"JH378123","18249369","18249671","chr23","33276315","33276619","34","15026946"
"JH378123","18390116","18390415","chr14","42580822","42581115","39","24190706"
"JH378123","18409219","18409514","chr12","10064948","10065242","33","8344271"
"JH378123","18480044","18480351","chr12","44274197","44274504","36","25794153"
"JH378123","18565807","18566111","chr5","52522090","52522374","57","33956283"
"JH378123","18613652","18613961","chr6","29168940","29169240","35","10555288"
"JH378123","18797120","18797394","chr20","66273963","66274240","43","47476843"
"JH378123","18797460","18797737","chr9","90489422","90489705","40","71691962"
"JH378123","18823652","18823755","chrX","2017984","2018087","9","16805668"
"JH378123","18915601","18915892","chr16","12235438","12235730","43","6680163"
"JH378123","19086918","19087102","chr20","28787815","28787990","31","9700897"
"JH378123","19122203","19122462","chr20","116428512","116428772","36","97306309"
"JH378123","19125063","19125364","chr1","120119656","120119957","35","100994593"
"JH378123","19196124","19196432","chrX","125302543","125302844","33","106106419"
"JH378123","19263625","19263727","chr1","39939684","39939788","10","20676059"
"JH378123","19297449","19297757","chr9","65687138","65687446","44","46389689"
"JH378123","19392462","19392611","chr13","69539142","69539283","28","50146680"
"JH378123","19434303","19434599","chr2","234230","234521","49","19200073"
"JH378123","19446156","19446450","chr12","10064948","10065242","23","9381208"
"JH378123","19512263","19512548","chr11","90825564","90825850","48","71313301"
"JH378123","19580545","19580842","chr13","45058548","45058844","49","25478003"
"JH378123","19620674","19620964","chr2","250066","250354","42","19370608"
"JH378123","19640418","19640651","chr15","88815486","88815733","35","69175068"
"JH378123","19695034","19695346","chr11","115525233","115525542","32","95830199"
"JH378123","19695372","19695688","chr9","13789985","13790287","39","5905387"
"JH378123","19903069","19903350","chr23","70939966","70940250","50","51036897"
"JH378123","19930425","19930737","chr3","22013697","22014006","43","2083272"
"JH378123","20021865","20022156","chr6","40957719","40958012","43","20935854"
"JH378123","20107165","20107458","chr19","28896012","28896305","51","8788847"
"JH378123","20123978","20124279","chr2","5168180","5168471","38","14955798"
"JH378123","20206392","20206608","chr9","21639574","21639785","36","1433182"
"JH378123","20206693","20206998","chrX","109270015","109270320","33","89063322"
"JH378123","20294543","20294852","chrX","913213","913513","40","19381330"
"JH378123","20338791","20339074","chr25","53467351","53467624","43","33128560"
"JH378123","20401186","20401500","chr2","34891557","34891863","33","14490371"
"JH378123","20491499","20491795","chr10","109681392","109681687","40","89189893"
"JH378123","20541452","20541750","chr14","83371933","83372231","42","62830481"
"JH378123","20575141","20575443","chr11","74038820","74039113","41","53463679"
"JH378123","20583400","20583692","chr6","11944778","11945070","43","8638622"
"JH378123","20585897","20586200","chrX","23977849","23978143","43","3391952"
"JH378123","20593397","20593694","chrX","23977849","23978143","39","3384452"
"JH378123","20634606","20634898","chr5","22668022","22668311","40","2033416"
"JH378123","20696331","20696631","chr24","70146905","70147203","40","49450574"
"JH378123","20709964","20710265","chr12","10064948","10065242","25","10645016"
"JH378123","20713209","20713503","chr7","57917629","57917927","39","37204420"
"JH378123","20743937","20744027","chr3","65349691","65349782","9","44605754"
"JH378123","20752199","20752497","chr16","56782872","56783169","40","36030673"
"JH378123","20805967","20806251","chr23","73077881","73078169","33","52271914"
"JH378123","20812658","20812961","chr12","10064948","10065242","31","10747710"
"JH378123","20836267","20836352","chr16","4405728","4405812","7","16430539"
"JH378123","20848768","20849067","chr7","134173480","134173773","44","113324712"
"JH378123","20856149","20856247","chr22","82220107","82220203","9","61363958"
"JH378123","20875065","20875366","chr11","120207458","120207761","32","99332393"
"JH378123","20877781","20877902","chr15","90834689","90834810","10","69956908"
"JH378123","20894610","20894907","chr12","10064948","10065242","27","10829662"
"JH378123","20904141","20904267","chr1","20678835","20678966","17","225306"
"JH378123","20967600","20967881","chr1","69586635","69586914","35","48619035"
"JH378123","20970344","20970442","chr8","130031152","130031255","31","109060808"
"JH378123","20999340","20999655","chr8","1760359","1760667","35","19238981"
"JH378123","21004232","21004539","chr29","2740091","2740398","35","18264141"
"JH378123","21021446","21021762","chr10","123344048","123344356","43","102322602"
"JH378123","21028524","21028831","chr11","55020829","55021127","36","33992305"
"JH378123","21047724","21048008","chrX","43388473","43388761","39","22340749"
"JH378123","21115757","21115846","chr3","65349691","65349782","11","44233934"
"JH378123","21124094","21124410","chr9","63005368","63005678","55","41881274"
"JH378123","21136901","21137201","chr15","12031507","12031804","30","9105394"
"JH378123","21210974","21211285","chr2","37277866","37278162","52","16066892"
"JH378123","21211625","21211929","chr11","55020829","55021127","34","33809204"
"JH378123","21233669","21233981","chr21","118079690","118079998","42","96846021"
"JH378123","21247166","21247486","chr24","42191698","42192006","47","20944532"
"JH378123","21300001","21300075","chr13","63031813","63031889","10","41731812"
"JH378123","21314506","21314809","chrX","110092521","110092822","45","88778015"
"JH378123","21348660","21348737","chr13","63031813","63031889","8","41683153"
"JH378123","21350501","21350804","chr13","12350988","12351282","65","8999513"
"JH378123","21360294","21360388","chr22","82220107","82220203","9","60859813"
"JH378123","21375454","21375720","chr26","4081335","4081607","46","17294119"
"JH378123","21385148","21385431","chr3","73466676","73466959","33","52081528"
"JH378123","21388892","21388999","chr6","1067449","1067558","11","20321443"
"JH378123","21405341","21405636","chr10","54966942","54967236","42","33561601"
"JH378123","21416967","21417263","chr2","90183349","90183641","35","68766382"
"JH378123","21442515","21442591","chr13","63031813","63031889","8","41589298"
"JH378123","21461168","21461467","chr8","91434027","91434331","37","69972859"
"JH378123","21472265","21472545","chrX","29936084","29936366","52","8463819"
"JH378123","21480377","21480665","chr6","48913632","48913921","34","27433255"
"JH378123","21509385","21509695","chr11","115525233","115525542","32","94015848"
"JH378123","21533523","21533831","chr20","41320440","41320744","50","19786917"
"JH378123","21550683","21550982","chr11","31834827","31835123","31","10284144"
"JH378123","21550988","21551096","chr5","2923015","2923134","27","18627973"
"JH378123","21551632","21551708","chr13","63031813","63031889","6","41480181"
"JH378123","21552314","21552595","chr18","5486172","5486451","37","16066142"
"JH378123","21553208","21553329","chr15","90834689","90834810","9","69281481"
"JH378123","21553709","21553894","chr2","9831889","9832066","48","11721820"
"JH378123","21573159","21573440","chr9","106562693","106562969","41","84989534"
"JH378123","21587604","21587896","chr26","42771314","42771606","49","21183710"
"JH378123","21589629","21589712","chr5","67880800","67880883","9","46291171"
"JH378123","21598226","21598522","chr10","35324287","35324576","36","13726061"
"JH378123","21600265","21600467","chr8","104113593","104113802","37","82513328"
"JH378123","21601002","21601103","chrX","2017984","2018087","20","19583018"
"JH378123","21606429","21606574","chr6","7229588","7229731","16","14376841"
"JH378123","21608785","21608916","chr27","32448797","32448927","14","10840012"
"JH378123","21613068","21613157","chr19","7758593","7758681","9","13854475"
"JH378123","21615137","21615372","chr26","11007255","11007490","36","10607882"
"JH378123","21621992","21622240","chr11","44436513","44436764","34","22814521"
"JH378123","21624471","21624772","chr26","38768574","38768870","45","17144103"
"JH378123","21636298","21636609","chr24","70146905","70147203","43","48510607"
"JH378123","21637963","21638263","chr2","12893622","12893916","46","8744341"
"JH378123","21640241","21640530","chr6","48913632","48913921","35","27273391"
"JH378123","21642145","21642286","chr20","59000051","59000189","27","37357906"
"JH378123","21643817","21643911","chr15","39050206","39050292","25","17406389"
"JH378123","21649434","21649513","chr16","3308866","3308945","8","18340568"
"JH378123","21660714","21661006","chr12","87620481","87620757","41","65959767"
"JH378123","21685537","21685667","chr16","4500752","4500881","9","17184785"
"JH378123","21686088","21686196","chr8","26997994","26998102","20","5311906"
"JH378123","21713332","21713641","chr10","122310682","122310986","39","100597350"
"JH378123","21719045","21719348","chrX","78531823","78532122","34","56812778"
"JH378123","21727664","21727909","chr6","31448321","31448565","52","9720657"
"JH378123","21731238","21731468","chr15","59058452","59058663","49","37327214"
"JH378123","21732100","21732380","chr5","26494257","26494539","44","4762157"
"JH378123","21745817","21746118","chr1","68219231","68219530","34","46473414"
"JH378123","21747611","21747691","chr16","3308866","3308945","8","18438745"
"JH378123","21754954","21755260","chr19","13613108","13613413","35","8141846"
"JH378123","21757549","21757851","chr14","75577127","75577428","47","53819578"
"JH378123","21759174","21759264","chr22","82220107","82220203","9","60460933"
"JH378123","21762144","21762443","chr9","90943231","90943523","34","69181087"
"JH378123","21786117","21786416","chr8","95885898","95886192","37","74099781"
"JH378123","21803689","21803945","chr11","111034959","111035214","42","89231270"
"JH378123","21809726","21810026","chrX","468680","468977","42","21341046"
"JH378123","21816140","21816413","chr17","45177235","45177516","43","23361095"
"JH378123","21837883","21837999","chrX","90197506","90197623","13","68359623"
"JH378123","21838101","21838399","chr10","8909912","8910203","46","12928189"
"JH378123","21858101","21858410","chr11","115525233","115525542","34","93667132"
"JH378123","21900684","21900932","chr13","42434183","42434442","42","20533499"
"JH378123","21905617","21905903","chrX","95460911","95461200","40","73555294"
"JH378123","21906774","21906985","chr9","21639574","21639785","29","267200"
"JH378123","21907278","21907568","chr16","1444868","1445117","73","20462410"
"JH378123","21934279","21934585","chr1","63705945","63706249","42","41771666"
"JH378123","21935379","21935487","chr6","1067449","1067558","10","20867930"
"JH378123","21946320","21946554","chr11","126175108","126175340","24","104228788"
"JH378123","21946808","21947102","chr12","10064948","10065242","30","11881860"
"JH378123","21951328","21951572","chr1","55903397","55903645","27","33952069"
"JH378123","21952157","21952208","chr20","109409285","109409330","9","87457128"
"JH378123","21953673","21953972","chr29","8289755","8290055","32","13663918"
"JH378123","21954297","21954573","chr22","53439154","53439435","39","31484857"
"JH378123","21970069","21970183","chr20","115102100","115102215","10","93132031"
"JH378123","21970654","21970854","chr22","83781017","83781216","30","61810363"
"JH378123","21984982","21985070","chr19","7758593","7758681","10","14226389"
"JH378123","21988603","21988697","chr22","82220107","82220203","9","60231504"
"JH378123","21993967","21994050","chr5","67880800","67880883","5","45886833"
"JH378123","21995196","21995498","chr29","10722547","10722839","38","11272649"
"JH378123","22013808","22013896","chr5","67880800","67880883","10","45866992"
"JH378123","22030211","22030517","chr1","102582972","102583276","48","80552761"
"JH378123","22032555","22032638","chr5","67880800","67880883","7","45848245"
"JH378123","22049570","22049882","chr21","107419313","107419621","46","85369743"
"JH378123","22057064","22057186","chr15","90834689","90834810","9","68777625"
"JH378123","22059819","22060102","chr13","22116830","22117114","36","57011"
"JH378123","22065502","22065811","chr2","34891557","34891863","30","12826055"
"JH378123","22070367","22070469","chrX","2017984","2018087","11","20052383"
"JH378123","22084839","22085128","chr9","62273501","62273789","34","40188662"
"JH378123","22086459","22086756","chrX","13120282","13120584","44","8966177"
"JH378123","22087983","22088281","chr22","15448202","15448496","35","6639781"
"JH378123","22112250","22112544","chrX","23977849","23978143","35","1865599"
"JH378123","22124072","22124351","chr8","24209004","24209286","35","2084932"
"JH378123","22137375","22137689","chrX","114744806","114745112","55","92607431"
"JH378123","22144807","22145119","chr2","34891557","34891863","38","12746750"
"JH378123","22164590","22164712","chrX","25959962","25960082","15","3795372"
"JH378123","22167687","22167840","chr15","74665918","74666075","29","52498231"
"JH378123","22175430","22175736","chr1","68219231","68219530","51","46043801"
"JH378123","22212811","22213110","chr12","10064948","10065242","27","12147863"
"JH378123","22217105","22217405","chr14","37615851","37616147","31","15398746"
"JH378123","22219815","22220137","chr5","36774379","36774687","49","14554564"
"JH378123","22248044","22248353","chr11","84795218","84795524","43","62547174"
"JH378123","22251905","22252178","chr9","92538933","92539203","47","70287028"
"JH378123","22252835","22252934","chr22","82220107","82220203","11","59967272"
"JH378123","22264654","22264937","chr23","75152697","75152982","36","52888043"
"JH378123","22269923","22270040","chr4","60395666","60395783","11","38125743"
"JH378123","22281898","22282016","chr15","53595698","53595816","13","31313800"
"JH378123","22288669","22288793","chr1","8688937","8689061","14","13599732"
"JH378123","22297335","22297634","chr8","62723683","62723979","38","40426348"
"JH378123","22297721","22298026","chr23","40897282","40897583","45","18599561"
"JH378123","22339945","22340236","chr11","127481198","127481493","38","105141253"
"JH378123","22346123","22346417","chr16","29687884","29688182","52","7341761"
"JH378123","22370805","22371112","chr21","108991689","108991988","39","86620884"
"JH378123","22374290","22374540","chr2","81268799","81269050","37","58894509"
"JH378123","22403464","22403745","chr6","36108706","36108997","56","13705242"
"JH378123","22425508","22425804","chr9","39095858","39096151","44","16670350"
"JH378123","22434357","22434666","chr23","44247755","44248062","45","21813398"
"JH378123","22467951","22468238","chr5","42662951","42663235","31","20195000"
"JH378123","22484912","22485210","chr26","56179571","56179873","42","33694659"
"JH378123","22509637","22509917","chr26","20269198","20269489","32","2240439"
"JH378123","22515161","22515372","chr2","41986599","41986802","27","19471438"
"JH378123","22529636","22529939","chr29","20782496","20782804","42","1747140"
"JH378123","22557142","22557447","chr2","34891557","34891863","36","12334415"
"JH378123","22562720","22562887","chr13","18030461","18030625","21","4532259"
"JH378123","22572216","22572515","chr1","10803268","10803561","45","11768948"
"JH378123","22580961","22581091","chrX","60368209","60368339","12","37787248"
"JH378123","22587028","22587326","chr16","48421590","48421886","31","25834562"
"JH378123","22595297","22595600","chr9","96314869","96315163","38","73719572"
"JH378123","22634215","22634533","chr6","31365170","31365478","55","8730955"
"JH378123","22643703","22643996","chr26","6374183","6374474","38","16269520"
"JH378123","22679592","22679797","chr1","8995179","8995380","31","13684413"
"JH378123","22799780","22800079","chr1","103462638","103462940","43","80662858"
"JH378123","22806789","22807089","chr14","37097278","37097571","44","14290489"
"JH378123","22855727","22855834","chr1","62097932","62098038","10","39242205"
"JH378123","23115036","23115328","chr14","29983447","29983738","34","6868411"
"JH378123","23117191","23117490","chr17","49991811","49992109","42","26874620"
"JH378123","23123570","23123855","chr18","70191042","70191329","41","47067472"
"JH378123","23172565","23172857","chr4","68750844","68751128","36","45578279"
"JH378123","23181679","23181774","chr22","82220107","82220203","9","59038428"
"JH378123","23216305","23216553","chr7","98402247","98402504","51","75185942"
"JH378123","23223062","23223366","chr5","2273487","2273788","31","20949575"
"JH378123","23267010","23267315","chr17","35258575","35258878","35","11991565"
"JH378123","23277085","23277369","chr16","4139491","4139787","45","19137594"
"JH378123","23280933","23281242","chr26","50892406","50892715","50","27611473"
"JH378123","23336004","23336304","chr12","103818042","103818341","41","80482038"
"JH378123","23380053","23380358","chr14","40253871","40254177","38","16873818"
"JH378123","23468156","23468461","chrX","23977849","23978143","33","509693"
"JH378123","23486909","23487107","chr12","61255939","61256136","29","37769030"
"JH378123","23536298","23536414","chr14","74460545","74460661","11","50924247"
"JH378123","23549106","23549183","chr5","67880800","67880883","8","44331694"
"JH378123","23565419","23565731","chr1","65504304","65504612","32","41938885"
"JH378123","23566730","23567025","chr16","53397850","53398143","40","29831120"
"JH378123","23608106","23608405","chr6","32045639","32045931","40","8437533"
"JH378123","23689585","23689886","chr8","120119487","120119791","45","96429902"
"JH378123","23760181","23760489","chr5","27918350","27918656","39","4158169"
"JH378123","23785035","23785314","chr2","70152176","70152452","38","46367141"
"JH378123","23792912","23793193","chr24","5978279","5978558","52","17814633"
"JH378123","23817183","23817352","chr20","28787815","28787990","33","4970632"
"JH378123","23852669","23852950","chr17","39626947","39627230","37","15774278"
"JH378123","23865570","23865847","chr12","13260494","13260774","35","10605076"
"JH378123","23956088","23956399","chr25","29130483","29130784","48","5174395"
"JH378123","23990422","23990711","chr12","14821307","14821598","49","9169115"
"JH378123","24001230","24001542","chr3","73862068","73862373","41","49860838"
"JH378123","24006095","24006349","chr23","41002247","41002492","44","16996152"
"JH378123","24040853","24041146","chr12","10064948","10065242","29","13975905"
"JH378123","24057993","24058289","chr3","88960138","88960433","32","64902145"
"JH378123","24093727","24094019","chr7","86156603","86156895","41","62062876"
"JH378123","24149575","24149886","chr26","38024857","38025165","30","13875282"
"JH378123","24162356","24162625","chr25","82379602","82379865","44","58217246"
"JH378123","24353223","24353515","chr23","40897282","40897583","51","16544059"
"JH378123","24389643","24389919","chr13","62340632","62340913","34","37950989"
"JH378123","24397680","24397974","chr9","78752005","78752301","44","54354325"
"JH378123","24401312","24401618","chr10","44593453","44593763","42","20192141"
"JH378123","24569648","24569738","chr3","65349691","65349782","11","40780043"
"JH378123","24591441","24591750","chr1","48781132","48781436","40","24189691"
"JH378123","24653813","24653961","chr9","59130238","59130387","14","34476425"
"JH378123","24683566","24683839","chr24","44732847","44733117","35","20049281"
"JH378123","24890918","24891242","chr24","11819038","11819352","44","13071880"
"JH378123","24930209","24930489","chr29","2879957","2880241","48","22050252"
"JH378123","25071681","25071965","chr17","68722494","68722786","42","43650813"
"JH378123","25072881","25073194","chr20","116596870","116597178","42","91523989"
"JH378123","25074440","25074534","chr22","82220107","82220203","6","57145667"
"JH378123","25099193","25099501","chr11","125798758","125799061","40","100699565"
"JH378123","25121303","25121612","chr19","24055595","24055897","41","1065708"
"JH378123","25128133","25128424","chr22","10940743","10941034","37","14187390"
"JH378123","25210578","25210874","chr10","111637485","111637783","34","86426907"
"JH378123","25214545","25214852","chr23","45284082","45284386","44","20069537"
"JH378123","25252638","25252915","chr23","46913918","46914202","54","21661280"
"JH378123","25360842","25360962","chr15","90834689","90834810","13","65473847"
"JH378123","25372434","25372732","chr12","10064948","10065242","28","15307486"
"JH378123","25423012","25423288","chr5","27812983","27813260","43","2389971"
"JH378123","25462933","25463211","chr9","66838731","66839011","37","41375798"
"JH378123","25477291","25477603","chr19","11766129","11766433","50","13711162"
"JH378123","25478063","25478365","chr20","41083983","41084274","32","15605920"
"JH378123","25645710","25645882","chr1","116153598","116153752","35","90507888"
"JH378123","25672759","25673046","chr22","11237891","11238177","31","14434868"
"JH378123","25732265","25732557","chr7","87199552","87199838","52","61467287"
"JH378123","25890882","25891138","chr7","73789697","73789947","52","47898815"
"JH378123","25900666","25900943","chr2","34541558","34541838","45","8640892"
"JH378123","25988273","25988565","chr6","38437831","38438120","45","12449558"
"JH378123","26049738","26050038","chr9","96314869","96315163","43","70265131"
"JH378123","26088748","26089033","chr5","53663645","53663926","36","27574897"
"JH378123","26095620","26095922","chr2","29605687","29605989","42","3510067"
"JH378123","26129808","26130089","chr4","50225644","50225922","28","24095836"
"JH378123","26336676","26336755","chr16","3308866","3308945","8","23027810"
"JH378123","26416853","26417127","chr22","97449832","97450105","52","71032979"
"JH378123","26650459","26650754","chr21","112319488","112319774","40","85669029"
"JH378123","26682072","26682291","chr13","7317370","7317589","24","19364702"
"JH378123","26684682","26684962","chr5","20366749","20367033","44","6317933"
"JH378123","26752000","26752293","chr13","65577132","65577425","38","38825132"
"JH378123","26795094","26795390","chr11","89383370","89383667","36","62588276"
"JH378123","26885980","26886279","chr12","10064948","10065242","26","16821032"
"JH378123","26932978","26933257","chrX","86312241","86312522","43","59379263"
"JH378123","26952799","26953047","chr23","53384802","53385036","38","26432003"
"JH378123","27059073","27059374","chr3","88960138","88960433","37","61901065"
"JH378123","27065403","27065707","chr5","2273487","2273788","38","24791916"
"JH378123","27093897","27094195","chr10","118597337","118597632","42","91503440"
"JH378123","27108948","27109254","chr16","30398852","30399159","36","3289904"
"JH378123","27109420","27109684","chr1","111829907","111830168","37","84720487"
"JH378123","27113549","27113849","chr14","79729598","79729899","28","52616049"
"JH378123","27157250","27157331","chr5","67880800","67880883","9","40723550"
"JH378123","27158061","27158151","chr3","65349691","65349782","9","38191630"
"JH378123","27208585","27208884","chr11","117737181","117737478","27","90528596"
"JH378123","27220134","27220227","chr22","82220107","82220203","8","54999973"
"JH378123","27234192","27234270","chr13","63031813","63031889","9","35797621"
"JH378123","27244223","27244535","chr27","2779062","2779370","50","24465161"
"JH378123","27257857","27257946","chr19","7758593","7758681","11","19499264"
"JH378123","27264417","27264486","chr25","80842336","80842405","6","53577919"
"JH378123","27265143","27265348","chr2","63951477","63951693","46","36686334"
"JH378123","27283282","27283569","chr11","115765722","115766008","34","88482440"
"JH378123","27287085","27287391","chr1","110696522","110696824","37","83409437"
"JH378123","27287702","27288059","chr11","115525233","115525542","74","88237531"
"JH378123","27289451","27289753","chr20","85624325","85624630","34","58334874"
"JH378123","27300750","27300826","chr13","63031813","63031889","8","35731063"
"JH378123","27301835","27301965","chr3","91348390","91348521","13","64046555"
"JH378123","27309563","27309643","chr16","3308866","3308945","8","24000697"
"JH378123","27333586","27333880","chr21","8441745","8442044","37","18891841"
"JH378123","27338115","27338323","chr2","41986599","41986802","21","14648484"
"JH378123","27367039","27367169","chr3","91348390","91348521","13","63981351"
"JH378123","27375429","27375736","chr12","10064948","10065242","32","17310481"
"JH378123","27379490","27379782","chr16","4139491","4139787","39","23239999"
"JH378123","27379904","27380194","chr18","71629517","71629808","43","44249613"
"JH378123","27385221","27385307","chr16","4405728","4405812","8","22979493"
"JH378123","27391557","27391863","chr9","92415292","92415589","47","65023735"
"JH378123","27452680","27452982","chr4","62222786","62223086","47","34770106"
"JH378123","27490127","27490416","chr15","90456038","90456322","42","62965911"
"JH378123","27547068","27547368","chr1","93546352","93546653","38","65999284"
"JH378123","27587415","27587689","chr14","95964336","95964605","39","68376921"
"JH378123","27591581","27591890","chr16","25791548","25791851","48","1800033"
"JH378123","27594805","27595105","chr20","87404408","87404710","42","59809603"
"JH378123","27600649","27600942","chrX","26639649","26639945","31","961000"
"JH378123","27636762","27637050","chr9","61097089","61097369","45","33460327"
"JH378123","27673442","27673544","chr24","81527278","81527388","18","53853836"
"JH378123","27802479","27802780","chr5","64637755","64638059","43","36835276"
"JH378123","27898773","27899074","chr16","64430366","64430669","41","36531593"
"JH378123","27900255","27900532","chr16","18091158","18091443","47","9809097"
"JH378123","28031418","28031717","chr12","10064948","10065242","26","17966470"
"JH378123","28135145","28135449","chr22","4458321","4458618","50","23676824"
"JH378123","28367172","28367404","chr26","14438107","14438343","32","13929065"
"JH378123","28468424","28468728","chr8","93926175","93926473","46","65457751"
"JH378123","28516569","28516868","chr8","113938611","113938905","47","85422042"
"JH378123","28538289","28538593","chr1","120119656","120119957","32","91581367"
"JH378123","28596189","28596495","chr7","14621204","14621498","34","13974985"
"JH378123","28607200","28607483","chr11","19611133","19611417","43","8996067"
"JH378123","28653251","28653328","chr14","82607999","82608075","11","53954748"
"JH378123","28676588","28676718","chr3","91348390","91348521","11","62671802"
"JH378123","28725912","28725965","chr13","50294323","50294383","12","21568411"
"JH378123","28734330","28734548","chr28","1528822","1529047","36","27205508"
"JH378123","28800838","28801148","chr1","110566972","110567281","48","81766134"
"JH378123","28835966","28836232","chr26","40233913","40234169","35","11397947"
"JH378123","28845262","28845541","chr24","51032663","51032946","46","22187401"
"JH378123","28865631","28865927","chr8","134989821","134990115","47","106124190"
"JH378123","28875378","28875692","chr2","34891557","34891863","38","6016179"
"JH378123","28889836","28890142","chr2","85255263","85255560","43","56365427"
"JH378123","28912056","28912149","chr6","5216779","5216886","22","23695277"
"JH378123","28912899","28913058","chr26","52182592","52182744","27","23269693"
"JH378123","28929918","28930205","chr25","81017700","81017987","33","52087782"
"JH378123","28932567","28932871","chr22","11237891","11238177","65","17694676"
"JH378123","28950114","28950419","chr13","65577132","65577425","38","36627018"
"JH378123","28951810","28951922","chr22","89377556","89377669","18","60425746"
"JH378123","28979602","28979706","chr17","40217264","40217370","11","11237662"
"JH378123","28982871","28983178","chr2","34891557","34891863","38","5908686"
"JH378123","29028949","29029028","chr5","67880800","67880883","8","38851851"
"JH378123","29072970","29073268","chr12","10064948","10065242","33","19008022"
"JH378123","29100090","29100173","chr12","7441397","7441481","6","21658693"
"JH378123","29101918","29102223","chr13","78919804","78920100","38","49817886"
"JH378123","29105149","29105451","chr6","37075091","37075389","41","7969942"
"JH378123","29106994","29107273","chr20","108653796","108654082","48","79546802"
"JH378123","29118059","29118357","chr12","10064948","10065242","24","19053111"
"JH378123","29170048","29170295","chr13","34321808","34322058","59","5151760"
"JH378123","29177506","29177815","chr5","36774379","36774687","37","7596873"
"JH378123","29195579","29195877","chr8","134989821","134990115","35","105794242"
"JH378123","29196828","29196953","chrX","7665538","7665663","8","21531290"
"JH378123","29204478","29204578","chr22","82220107","82220203","7","53015629"
"JH378123","29208550","29208841","chr12","10064948","10065242","30","19143602"
"JH378123","29209272","29209580","chr28","13557476","13557782","36","15651796"
"JH378123","29212351","29212450","chr22","82220107","82220203","12","53007756"
"JH378123","29216406","29216713","chr8","114583053","114583349","47","85366647"
"JH378123","29218260","29218553","chr12","10064948","10065242","38","19153312"
"JH378123","29223921","29224212","chr12","10064948","10065242","38","19158973"
"JH378123","29230289","29230436","chr17","47733511","47733658","19","18503222"
"JH378123","29240110","29240424","chr16","33931179","33931485","45","4691069"
"JH378123","29242674","29242789","chr20","115102100","115102215","7","85859426"
"JH378123","29292060","29292147","chr16","4405728","4405812","9","24886332"
"JH378123","29299047","29299346","chr5","20221828","20222136","46","9077219"
"JH378123","29308807","29308883","chr13","63031813","63031889","6","33723006"
"JH378123","29310452","29310721","chr23","34328669","34328947","48","5018217"
"JH378123","29324137","29324448","chr23","77233587","77233894","39","47909450"
"JH378123","29345818","29346123","chr9","70637032","70637331","46","41291214"
"JH378123","29365573","29365803","chr10","3519976","3520199","36","25845597"
"JH378123","29370334","29370437","chr1","39939684","39939788","11","10569350"
"JH378123","29371952","29372214","chr11","47676438","47676686","50","18304486"
"JH378123","29375840","29375969","chr16","31737705","31737835","11","2361865"
"JH378123","29379443","29379573","chr9","99766001","99766131","13","70386558"
"JH378123","29387388","29387682","chr1","103415790","103416081","35","74028402"
"JH378123","29387886","29387962","chr13","63031813","63031889","9","33643927"
"JH378123","29391432","29391731","chr12","10064948","10065242","36","19326484"
"JH378123","29391899","29392212","chr3","78322458","78322761","48","48930559"
"JH378123","29395862","29396156","chr4","35412757","35413052","28","6016895"
"JH378123","29408462","29408598","chr26","6591504","6591639","12","22816958"
"JH378123","29415729","29415822","chr22","82220107","82220203","10","52804378"
"JH378123","29423892","29424014","chr15","90834689","90834810","14","61410797"
"JH378123","29461517","29461758","chr28","1883537","1883753","112","27577980"
"JH378123","29470958","29471065","chrX","2017984","2018087","11","27452974"
"JH378123","29483693","29483768","chr13","63031813","63031889","6","33548120"
"JH378123","29541239","29541508","chr14","43410379","43410648","39","13869140"
"JH378123","29554390","29554684","chr24","28860583","28860885","43","693807"
"JH378123","29559967","29560097","chr3","91348390","91348521","13","61788423"
"JH378123","29589764","29589839","chr17","40341447","40341524","7","10751683"
"JH378123","29591087","29591204","chr6","11193830","11193948","14","18397257"
"JH378123","29650172","29650384","chr2","41986599","41986802","24","12336427"
"JH378123","29664684","29664970","chr10","111637485","111637783","43","81972801"
"JH378123","29665465","29665765","chr12","10064948","10065242","40","19600517"
"JH378123","29675616","29675839","chr10","39070013","39070233","28","9394397"
"JH378123","29678122","29678426","chr3","20237905","20238212","36","9440217"
"JH378123","29684296","29684375","chr9","34355765","34355844","11","4671469"
"JH378123","29691993","29692251","chr22","88832832","88833087","28","59140839"
"JH378123","29693358","29693451","chr22","82220107","82220203","11","52526749"
"JH378123","29704064","29704372","chr6","16598509","16598818","34","13105555"
"JH378123","29705255","29705354","chr22","82220107","82220203","13","52514852"
"JH378123","29712500","29712795","chr12","10064948","10065242","25","19647552"
"JH378123","29713471","29713774","chr5","2273487","2273788","30","27439984"
"JH378123","29718813","29718909","chr22","82220107","82220203","9","52501294"
"JH378123","29725020","29725320","chr12","10064948","10065242","29","19660072"
"JH378123","29726350","29726460","chr1","62097932","62098038","14","32371582"
"JH378123","29755100","29755386","chr9","114015180","114015455","44","84260080"
"JH378123","29760748","29760969","chr13","54942555","54942779","35","25181807"
"JH378123","29764348","29764475","chr16","4500752","4500881","15","25263596"
"JH378123","29765188","29765451","chrX","13548339","13548610","44","16216849"
"JH378123","29766393","29766650","chr7","79092689","79092941","49","49326296"
"JH378123","29766866","29767091","chr17","44703760","44703972","38","14936894"
"JH378123","29820247","29820526","chr16","26067530","26067803","44","3752717"
"JH378123","29823485","29823635","chr9","59130238","59130387","15","29306753"
"JH378123","29827659","29827762","chr25","78291219","78291335","22","48463560"
"JH378124","13369334","13369635","chr12","10064948","10065242","31","3304386"
"JH378124","18086","18213","chr25","5640335","5640478","24","5622249"
"JH378124","54892","54981","chr3","65349691","65349782","11","65294799"
"JH378124","96655","96947","chr2","36594604","36594898","42","36497949"
"JH378124","127282","127586","chr5","2273487","2273788","30","2146205"
"JH378124","167471","167747","chr9","87675035","87675319","39","87507564"
"JH378124","219596","219712","chrX","90197506","90197623","12","89977910"
"JH378124","227999","228316","chrX","20007345","20007662","58","19779346"
"JH378124","345275","345586","chr13","84743392","84743699","37","84398117"
"JH378124","377761","378061","chr23","35686922","35687230","54","35309161"
"JH378124","481690","481979","chr17","66575990","66576280","40","66094300"
"JH378124","523914","524208","chr25","16032111","16032417","49","15508197"
"JH378124","578422","578707","chr8","104167104","104167395","49","103588682"
"JH378124","642816","643126","chr12","65828301","65828592","48","65185485"
"JH378124","662348","662487","chr26","22510592","22510729","15","21848244"
"JH378124","702792","703082","chr14","18979391","18979679","34","18276599"
"JH378124","803734","804040","chr2","20242750","20243052","59","19439016"
"JH378124","880046","880321","chr17","1754748","1755029","48","874702"
"JH378124","934575","934876","chr26","17944990","17945291","46","17010415"
"JH378124","956119","956413","chr12","10064948","10065242","24","9108829"
"JH378124","983441","983740","chr14","83371933","83372231","36","82388492"
"JH378124","988401","988496","chr22","82220107","82220203","9","81231706"
"JH378124","1119278","1119574","chr12","10064948","10065242","30","8945670"
"JH378124","1154560","1154854","chr9","43165199","43165493","38","42010639"
"JH378124","1156392","1156689","chr12","107726061","107726359","35","106569669"
"JH378124","1191415","1191726","chr1","65504304","65504612","34","64312889"
"JH378124","1229490","1229788","chr2","80145635","80145937","49","78916145"
"JH378124","1301390","1301465","chr13","63031813","63031889","9","61730423"
"JH378124","1306418","1306696","chr15","2359863","2360137","34","1053445"
"JH378124","1354310","1354602","chr13","65577132","65577425","30","64222822"
"JH378124","1498727","1499017","chr11","19611133","19611417","26","18112406"
"JH378124","1662242","1662548","chr1","122100680","122100987","33","120438438"
"JH378124","1683567","1683641","chr13","63031813","63031889","8","61348246"
"JH378124","1787646","1787939","chr23","44247755","44248062","46","42460109"
"JH378124","1851769","1852080","chr5","2324242","2324550","38","472473"
"JH378124","1860871","1861170","chr11","30888575","30888871","42","29027704"
"JH378124","1862164","1862460","chr12","10064948","10065242","39","8202784"
"JH378124","1863221","1863511","chr20","108907026","108907317","36","107043805"
"JH378124","1876180","1876454","chr21","31428138","31428419","45","29551958"
"JH378124","1879025","1879324","chr11","55020829","55021127","39","53141804"
"JH378124","1892383","1892506","chr15","90834689","90834810","17","88942306"
"JH378124","1936628","1936957","chr11","118751247","118751571","45","116814619"
"JH378124","1942891","1943178","chr26","15737333","15737619","29","13794442"
"JH378124","2016102","2016185","chr5","67880800","67880883","7","65864698"
"JH378124","2046155","2046431","chr10","98258036","98258312","36","96211881"
"JH378124","2059505","2059817","chr1","65504304","65504612","40","63444799"
"JH378124","2074857","2074965","chr6","1067449","1067558","11","1007408"
"JH378124","2134745","2135048","chr2","56143790","56144095","36","54009045"
"JH378124","2182747","2183051","chr5","2273487","2273788","30","90740"
"JH378124","2197447","2197751","chr1","65504304","65504612","33","63306857"
"JH378124","2203120","2203421","chr12","10064948","10065242","24","7861828"
"JH378124","2207969","2208275","chr5","2273487","2273788","34","65518"
"JH378124","2208470","2208756","chr22","47793370","47793666","36","45584900"
"JH378124","2249357","2249649","chr12","10064948","10065242","37","7815591"
"JH378124","2303989","2304291","chr10","20036923","20037226","31","17732934"
"JH378124","2373869","2373969","chr22","82220107","82220203","9","79846238"
"JH378124","2440312","2440398","chr5","67880800","67880883","12","65440488"
"JH378124","2452815","2452898","chr5","67880800","67880883","5","65427985"
"JH378124","2452899","2453199","chr12","10064948","10065242","26","7612049"
"JH378124","2463113","2463420","chr26","38024857","38025165","34","35561744"
"JH378124","2465601","2465893","chr18","71629517","71629808","31","69163916"
"JH378124","2539649","2539949","chr7","82493690","82493987","32","79954041"
"JH378124","2583646","2583955","chr11","115525233","115525542","34","112941587"
"JH378124","2642271","2642582","chr13","14856342","14856650","44","12214071"
"JH378124","2719408","2719716","chr5","44000812","44001115","37","41281404"
"JH378124","2727696","2728004","chr21","112998981","112999289","42","110271285"
"JH378124","3008419","3008725","chr5","2273487","2273788","36","734932"
"JH378124","3024059","3024189","chr1","97802296","97802426","11","94778237"
"JH378124","3058436","3058572","chr23","41903599","41903729","19","38845163"
"JH378124","3120987","3121274","chr21","74368618","74368909","37","71247631"
"JH378124","3129457","3129543","chr16","4405728","4405812","7","1276271"
"JH378124","3210630","3210866","chr10","75988356","75988604","54","72777726"
"JH378124","3244696","3245000","chr7","19605160","19605458","41","16360464"
"JH378124","3321714","3321993","chrX","29936084","29936366","39","26614370"
"JH378124","3347154","3347464","chr24","68895333","68895641","51","65548179"
"JH378124","3348322","3348630","chr25","71808137","71808447","38","68459815"
"JH378124","3356220","3356508","chr5","48975282","48975585","50","45619062"
"JH378124","3356715","3356996","chr23","42847204","42847487","43","39490489"
"JH378124","3388391","3388702","chr11","115525233","115525542","42","112136842"
"JH378124","3402025","3402334","chr3","19526751","19527052","45","16124726"
"JH378124","3461408","3461703","chr16","2999161","2999470","48","462247"
"JH378124","3473405","3473704","chr12","60432247","60432540","50","56958842"
"JH378124","3568510","3568618","chr12","53065987","53066095","13","49497477"
"JH378124","3584525","3584834","chr19","17766943","17767245","39","14182418"
"JH378124","3614244","3614522","chrX","129445539","129445820","54","125831295"
"JH378124","3618711","3618803","chr12","6843924","6844005","20","3225213"
"JH378124","3667829","3667965","chr26","6591504","6591639","9","2923675"
"JH378124","3708113","3708349","chr4","36151312","36151541","40","32443199"
"JH378124","3752715","3753007","chr14","37615851","37616147","33","33863136"
"JH378124","3764949","3765236","chr6","38437831","38438120","37","34672882"
"JH378124","3822546","3822856","chr18","1021717","1022020","128","2800829"
"JH378124","3866416","3866719","chr16","30398852","30399159","31","26532436"
"JH378124","4002606","4002864","chr9","96390861","96391117","31","92388255"
"JH378124","4065426","4065716","chr22","50629443","50629736","29","46564017"
"JH378124","4168038","4168325","chr20","5974072","5974356","29","1806034"
"JH378124","4174489","4174803","chr5","36774379","36774687","47","32599890"
"JH378124","4233496","4233782","chr8","69395690","69395980","39","65162194"
"JH378124","4236943","4237238","chr12","6781553","6781865","134","2544610"
"JH378124","4251635","4251927","chr28","9389017","9389310","34","5137382"
"JH378124","4293944","4294249","chr16","30398852","30399159","29","26104908"
"JH378124","4363010","4363324","chr5","19230425","19230714","55","14867415"
"JH378124","4449031","4449306","chrX","29924254","29924528","29","25475223"
"JH378124","4449728","4450025","chr16","15735252","15735550","38","11285524"
"JH378124","4477055","4477160","chr17","40217264","40217370","15","35740209"
"JH378124","4477220","4477405","chr18","16256449","16256627","30","11779229"
"JH378124","4493291","4493589","chr12","10064948","10065242","36","5571657"
"JH378124","4502814","4503113","chr4","62856772","62857072","39","58353958"
"JH378124","4611733","4612040","chr24","1051567","1051864","36","3560166"
"JH378124","4612393","4612555","chr10","92975487","92975645","29","88363094"
"JH378124","4639376","4639568","chr11","117573457","117573649","17","112934081"
"JH378124","4665511","4665820","chr2","34891557","34891863","36","30226046"
"JH378124","4685867","4686030","chr19","21920832","21920991","23","17234965"
"JH378124","4711494","4711568","chr13","63031813","63031889","8","58320319"
"JH378124","4723226","4723395","chrX","99820785","99820950","24","95097559"
"JH378124","4734761","4735055","chrX","23977849","23978143","37","19243088"
"JH378124","4771490","4771793","chr26","5907158","5907461","31","1135668"
"JH378124","4804832","4804930","chr22","82220107","82220203","14","77415275"
"JH378124","4836989","4837283","chr17","49320523","49320815","33","44483534"
"JH378124","4840157","4840445","chr14","60850138","60850428","41","56009981"
"JH378124","4857942","4858241","chr1","68219231","68219530","37","63361289"
"JH378124","4861140","4861433","chr5","26503887","26504181","40","21642747"
"JH378124","4865852","4866111","chr16","29390843","29391112","47","24524991"
"JH378124","4870187","4870496","chr1","110696522","110696824","38","105826335"
"JH378124","4891592","4891807","chr12","106138723","106138941","35","101247131"
"JH378124","4918768","4919068","chr12","10064948","10065242","23","5146180"
"JH378124","4943338","4943620","chr6","2768739","2769024","41","2174599"
"JH378124","4980750","4981050","chr10","127201999","127202278","48","122221249"
"JH378124","4990650","4990948","chr19","26858322","26858621","39","21867672"
"JH378124","4992444","4992737","chr22","50629443","50629736","37","45636999"
"JH378124","5004682","5004772","chr20","119761262","119761350","9","114756580"
"JH378124","5005372","5005462","chr3","65349691","65349782","11","60344319"
"JH378124","5006321","5006557","chrX","40192226","40192458","35","35185905"
"JH378124","5007399","5007710","chr1","65504304","65504612","27","60496905"
"JH378124","5016851","5016941","chr3","65349691","65349782","9","60332840"
"JH378124","5018710","5018825","chr20","115102100","115102215","12","110083390"
"JH378124","5023517","5023816","chr26","32650684","32650981","46","27627167"
"JH378124","5029688","5029983","chr13","65577132","65577425","33","60547444"
"JH378124","5046148","5046238","chr3","65349691","65349782","12","60303543"
"JH378124","5051536","5051840","chr18","69272117","69272421","37","64220581"
"JH378124","5056588","5056866","chr5","53663645","53663926","44","48607057"
"JH378124","5064164","5064459","chr27","32404584","32404881","34","27340420"
"JH378124","5068151","5068283","chr3","91348390","91348521","12","86280239"
"JH378124","5072174","5072268","chr22","82220107","82220203","7","77147933"
"JH378124","5084765","5085072","chr5","2273487","2273788","33","2811278"
"JH378124","5100602","5100898","chr3","88960138","88960433","42","83859536"
"JH378124","5104141","5104441","chr21","32338307","32338599","41","27234166"
"JH378124","5128840","5129139","chr18","31315105","31315401","38","26186265"
"JH378124","5137185","5137285","chr1","39939684","39939788","17","34802499"
"JH378124","5181594","5181896","chr12","10064948","10065242","33","4883354"
"JH378124","5186357","5186635","chr27","39479674","39479947","49","34293317"
"JH378124","5195827","5195916","chr3","65349691","65349782","11","60153864"
"JH378124","5208848","5209131","chr16","63652876","63653158","38","58444028"
"JH378124","5223613","5223846","chr23","35766932","35767171","47","30543319"
"JH378124","5296583","5296876","chr12","58820917","58821209","42","53524334"
"JH378124","5315865","5316164","chr12","10064948","10065242","30","4749083"
"JH378124","5326014","5326290","chr25","66497373","66497649","41","61171359"
"JH378124","5387016","5387284","chr9","17868657","17868921","43","12481641"
"JH378124","5387739","5388035","chr15","86758708","86759003","28","81370969"
"JH378124","5521667","5521970","chrX","125302543","125302844","37","119780876"
"JH378124","5526447","5526752","chr19","23977337","23977645","47","18450890"
"JH378124","5561292","5561602","chr11","115525233","115525542","43","109963941"
"JH378124","5645811","5646099","chr2","80048882","80049173","40","74403071"
"JH378124","5696163","5696472","chr12","74217361","74217667","36","68521198"
"JH378124","5707171","5707489","chr2","35933723","35934028","34","30226552"
"JH378124","5798798","5798903","chr12","39370512","39370618","15","33571714"
"JH378124","5911406","5911698","chr13","65577132","65577425","28","59665726"
"JH378124","5957284","5957361","chr13","63031813","63031889","8","57074529"
"JH378124","5974930","5975029","chr22","82220107","82220203","11","76245177"
"JH378124","5991323","5991607","chr11","16140631","16140920","45","10149308"
"JH378124","6077815","6078131","chr17","30370058","30370364","51","24292243"
"JH378124","6115747","6116054","chr11","20333718","20334026","34","14217971"
"JH378124","6185848","6186133","chr25","54732656","54732934","40","48546808"
"JH378124","6382310","6382618","chr5","27918350","27918656","31","21536040"
"JH378124","6402724","6403016","chr14","29983447","29983738","39","23580723"
"JH378124","6443204","6443473","chr25","66497373","66497649","49","60054169"
"JH378124","6475578","6475869","chr16","16894451","16894738","40","10418873"
"JH378124","6477112","6477416","chr1","1743379","1743679","35","4733733"
"JH378124","6481497","6481785","chr11","105213946","105214237","39","98732449"
"JH378124","6489192","6489473","chr12","18835626","18835904","38","12346434"
"JH378124","6501682","6501998","chr3","8766153","8766458","36","2264471"
"JH378124","6560832","6560964","chr8","30816712","30816842","13","24255880"
"JH378124","6561428","6561599","chr4","67422946","67423115","44","60861518"
"JH378124","6571812","6571942","chr3","92101699","92101829","15","85529887"
"JH378124","6586915","6587022","chr1","62097932","62098038","10","55511017"
"JH378124","6594791","6595083","chr7","86156603","86156895","44","79561812"
"JH378124","6604263","6604559","chr20","104630107","104630400","38","98025844"
"JH378124","6622399","6622586","chr9","51072627","51072814","30","44450228"
"JH378124","6629011","6629319","chr16","70143193","70143503","55","63514182"
"JH378124","6639769","6640067","chr10","119612962","119613263","36","112973193"
"JH378124","6646135","6646396","chr22","3920630","3920898","50","2725505"
"JH378124","6661924","6662217","chr2","24842636","24842933","39","18180712"
"JH378124","6698781","6698867","chr12","7441397","7441481","10","742616"
"JH378124","6709256","6709543","chr7","98055883","98056171","45","91346627"
"JH378124","6709727","6710011","chr17","40213108","40213394","42","33503381"
"JH378124","6711486","6711769","chr1","38728987","38729275","48","32017501"
"JH378124","6718101","6718377","chr4","65658384","65658661","41","58940283"
"JH378124","6719035","6719359","chr3","58328493","58328814","40","51609458"
"JH378124","6750383","6750690","chrX","45808298","45808607","40","39057915"
"JH378124","6794090","6794405","chr1","65504304","65504612","40","58710214"
"JH378124","6810400","6810489","chr3","65349691","65349782","13","58539291"
"JH378124","6825198","6825271","chr13","63031813","63031889","8","56206615"
"JH378124","6841491","6841796","chr28","4550302","4550608","41","2291189"
"JH378124","6859525","6859812","chr29","16674495","16674781","38","9814970"
"JH378124","6916226","6916498","chr4","37484917","37485197","43","30568691"
"JH378124","6934385","6934561","chr18","16256449","16256627","28","9322064"
"JH378124","7029186","7029284","chr22","82220107","82220203","6","75190921"
"JH378124","7033724","7034002","chr4","52117674","52117951","42","45083950"
"JH378124","7044629","7044907","chr29","14257784","14258062","37","7213155"
"JH378124","7054666","7054970","chr17","36743623","36743924","40","29688957"
"JH378124","7100811","7101109","chr8","40235864","40236161","50","33135053"
"JH378124","7138473","7138781","chr19","16724571","16724878","38","9586098"
"JH378124","7390089","7390403","chr8","26352201","26352513","31","18962112"
"JH378124","7409532","7409607","chr10","95538249","95538325","8","88128717"
"JH378124","7429321","7429630","chr4","88331964","88332268","49","80902643"
"JH378124","7464809","7465088","chr7","134662977","134663252","43","127198168"
"JH378124","7466507","7466805","chr5","26425551","26425855","47","18959044"
"JH378124","7502990","7503269","chr19","19502742","19503020","39","11999752"
"JH378124","7544842","7545134","chr20","23803939","23804231","34","16259097"
"JH378124","7569616","7569900","chr11","4600144","4600424","35","2969472"
"JH378124","7572750","7573052","chr14","22799686","22799991","35","15226936"
"JH378124","7600181","7600286","chr1","62097932","62098038","14","54497751"
"JH378124","7623532","7623817","chr8","122505233","122505523","47","114881701"
"JH378124","7661851","7662166","chr28","4550302","4550608","41","3111549"
"JH378124","7744499","7744775","chrX","50312686","50312963","38","42568187"
"JH378124","7759826","7760132","chr21","90546725","90547031","47","82786899"
"JH378124","7783533","7783824","chr7","86104707","86105000","50","78321174"
"JH378124","7786251","7786509","chr15","34985662","34985922","45","27199411"
"JH378124","7798285","7798590","chr23","78958611","78958915","34","71160326"
"JH378124","7848256","7848566","chr6","16598509","16598818","30","8750253"
"JH378124","7875486","7875749","chr20","116428512","116428772","41","108553026"
"JH378124","7910507","7910812","chr1","55333544","55333833","43","47423037"
"JH378124","7967378","7967674","chr13","65577132","65577425","33","57609754"
"JH378124","7993074","7993347","chr4","58986195","58986478","42","50993121"
"JH378124","8051587","8051883","chrX","8671666","8671962","46","620079"
"JH378124","8052960","8053272","chr18","69272117","69272421","43","61219157"
"JH378124","8086860","8086946","chr20","119761262","119761350","15","111674402"
"JH378124","8149027","8149131","chr1","39939684","39939788","11","31790657"
"JH378124","8157211","8157518","chr5","2273487","2273788","35","5883724"
"JH378124","8191875","8192154","chr12","6781553","6781865","138","1410322"
"JH378124","8256564","8256859","chr14","38813996","38814293","37","30557432"
"JH378124","8275851","8276134","chr8","40235864","40236161","62","31960013"
"JH378124","8346214","8346498","chr13","14576776","14577059","40","6230562"
"JH378124","8381405","8381634","chr24","66946035","66946274","42","58564630"
"JH378124","8494844","8495119","chr22","37637582","37637856","44","29142738"
"JH378124","8530031","8530347","chr11","115525233","115525542","45","106995202"
"JH378124","8537519","8537798","chrX","81238532","81238811","34","72701013"
"JH378124","8563118","8563422","chr11","58110010","58110310","38","49546892"
"JH378124","8668608","8668912","chr5","2273487","2273788","33","6395121"
"JH378124","8763902","8764199","chr25","63410988","63411291","31","54647086"
"JH378124","8764200","8764412","chr27","1935336","1935553","29","6828864"
"JH378124","8847191","8847476","chr4","68750844","68751128","32","59903653"
"JH378124","8884332","8884628","chrX","122834172","122834462","46","113949840"
"JH378124","8940525","8940842","chr26","33275046","33275354","54","24334521"
"JH378124","9024958","9025242","chr21","26939851","26940136","38","17914893"
"JH378124","9277670","9277973","chr5","2273487","2273788","31","7004183"
"JH378124","9358426","9358718","chr11","126818840","126819124","37","117460414"
"JH378124","9360090","9360371","chr12","10064948","10065242","33","704858"
"JH378124","9459374","9459682","chr6","49599019","49599326","31","40139645"
"JH378124","9526346","9526636","chr10","62769074","62769367","37","53242728"
"JH378124","9541207","9541511","chr12","10064948","10065242","114","523741"
"JH378124","9560591","9560678","chr5","67880800","67880883","10","58320209"
"JH378124","9577008","9577300","chr11","105213946","105214237","42","95636938"
"JH378124","9646933","9647144","chr16","45467341","45467547","36","35820408"
"JH378124","9661463","9661765","chr14","22799686","22799991","37","13138223"
"JH378124","9684066","9684375","chr15","90683914","90684220","36","80999848"
"JH378124","9686940","9687225","chr20","121623421","121623708","44","111936481"
"JH378124","9724018","9724107","chr3","65349691","65349782","12","55625673"
"JH378124","9733620","9733750","chr21","75559315","75559443","16","65825695"
"JH378124","9735264","9735426","chr7","128354173","128354335","21","118618909"
"JH378124","9735479","9735773","chr12","10064948","10065242","27","329469"
"JH378124","9746048","9746354","chr11","125798758","125799061","36","116052710"
"JH378124","9762468","9762764","chr3","3973222","3973508","50","5789246"
"JH378124","9800708","9801015","chr4","62222786","62223086","39","52422078"
"JH378124","9803858","9804172","chr16","2999161","2999470","50","6804697"
"JH378124","9832212","9832520","chr11","108802921","108803224","35","98970709"
"JH378124","9839277","9839323","chr29","12718823","12718869","7","2879546"
"JH378124","9858522","9858817","chr14","44038439","44038738","39","34179917"
"JH378124","9863029","9863327","chr12","10064948","10065242","29","201919"
"JH378124","9869716","9870008","chr12","10064948","10065242","28","195232"
"JH378124","9915477","9915599","chr15","90834689","90834810","9","80919212"
"JH378124","9916343","9916450","chr6","1067449","1067558","8","8848894"
"JH378124","9952922","9953012","chr19","7758593","7758681","9","2194329"
"JH378124","9973411","9973533","chr15","90834689","90834810","10","80861278"
"JH378124","9983448","9983706","chr27","37334117","37334370","39","27350669"
"JH378124","9988589","9988893","chr9","95370709","95371006","37","85382120"
"JH378124","9993469","9993687","chr13","7317370","7317589","31","2676099"
"JH378124","10008236","10008523","chrX","119965831","119966113","45","109957595"
"JH378124","10016473","10016562","chr3","65349691","65349782","12","55333218"
"JH378124","10019347","10019455","chr6","5216779","5216886","9","4802568"
"JH378124","10019751","10019868","chr21","41830697","41830813","20","31810946"
"JH378124","10074004","10074083","chr16","3308866","3308945","8","6765138"
"JH378124","10077363","10077501","chr11","95753406","95753542","14","85676043"
"JH378124","10097442","10097748","chr12","102135104","102135405","39","92037662"
"JH378124","10098883","10099187","chr12","6781553","6781865","112","3317330"
"JH378124","10123159","10123433","chr24","52926192","52926451","50","42803033"
"JH378124","10127369","10127680","chr10","105560798","105561107","33","95433429"
"JH378124","10153162","10153460","chr17","35258575","35258878","46","25105413"
"JH378124","10175254","10175565","chr1","65504304","65504612","33","55329050"
"JH378124","10208492","10208800","chr5","2273487","2273788","38","7935005"
"JH378124","10244678","10244970","chrX","122834172","122834462","30","112589494"
"JH378124","10268024","10268106","chr5","67880800","67880883","6","57612776"
"JH378124","10311417","10311741","chr21","63007458","63007779","38","52696041"
"JH378124","10311774","10312082","chr1","65504304","65504612","40","55192530"
"JH378124","10322352","10322649","chr8","134989821","134990115","29","124667469"
"JH378124","10365957","10366255","chr4","41297981","41298275","35","30932024"
"JH378124","10369424","10369503","chr5","67880800","67880883","9","57511376"
"JH378124","10381382","10381680","chr4","30926814","30927112","37","20545432"
"JH378124","10387189","10387269","chr16","4405728","4405812","7","5981461"
"JH378124","10412541","10412617","chr13","63031813","63031889","7","52619272"
"JH378124","10419845","10420153","chr5","53668530","53668830","47","43248685"
"JH378124","10423789","10423919","chr3","91348390","91348521","16","80924601"
"JH378124","10429589","10429671","chr5","67880800","67880883","8","57451211"
"JH378124","10445478","10445752","chr4","80253989","80254275","52","69808511"
"JH378124","10445905","10446198","chr6","38437831","38438120","35","27991926"
"JH378124","10454486","10454789","chr11","106125391","106125693","36","95670905"
"JH378124","10456686","10456981","chr12","10064948","10065242","37","391738"
"JH378124","10476603","10476708","chr1","62097932","62098038","13","51621329"
"JH378124","10485324","10485560","chr16","25738562","25738782","41","15253238"
"JH378124","10494367","10494516","chr9","59130238","59130387","16","48635871"
"JH378124","10550505","10550623","chr15","90834689","90834810","14","80284184"
"JH378124","10554826","10555133","chr14","83570862","83571166","37","73016036"
"JH378124","10563531","10563776","chr4","35832302","35832548","33","25268771"
"JH378124","10570917","10571226","chr11","115525233","115525542","28","104954316"
"JH378124","10575995","10576288","chr8","94667632","94667918","45","84091637"
"JH378124","10577013","10577294","chr8","75315240","75315524","39","64738227"
"JH378124","10579408","10579707","chr1","103415790","103416081","40","92836382"
"JH378124","10583884","10584178","chr2","22390377","22390668","48","11806493"
"JH378124","10602078","10602214","chr26","6591504","6591639","10","4010574"
"JH378124","10613069","10613164","chr22","82220107","82220203","6","71607038"
"JH378124","10613515","10613765","chr20","91280850","91281102","38","80667335"
"JH378124","10615228","10615536","chr10","16495371","16495677","35","5880143"
"JH378124","10651649","10651754","chr1","39939684","39939788","11","29288035"
"JH378124","10654785","10655006","chr10","39070013","39070233","29","28415228"
"JH378124","10668743","10669049","chr1","65504304","65504612","36","54835561"
"JH378124","10669678","10669963","chr10","34266329","34266612","37","23596651"
"JH378124","10781742","10782045","chr5","2273487","2273788","35","8508255"
"JH378124","10784687","10784978","chr21","50410494","50410784","39","39625807"
"JH378124","10785762","10786038","chr11","38461191","38461481","46","27675429"
"JH378124","10801148","10801444","chr12","10064948","10065242","27","736200"
"JH378124","10802497","10802788","chr3","88671361","88671641","46","77868864"
"JH378124","10819034","10819336","chr4","69375030","69375329","40","58555996"
"JH378124","10822577","10822806","chr16","25738562","25738782","40","14915985"
"JH378124","10829079","10829382","chr12","103818042","103818341","32","92988963"
"JH378124","10833277","10833399","chr15","90834689","90834810","13","80001412"
"JH378124","10840229","10840542","chrX","114744806","114745112","45","103904577"
                                                                                                                                                                                                                                                                                                                                                                                                                                                                                                                                                                                                                                                                                                                                                                                                                                                                                                                                                                                                                                                                                                                                                                                                                                                                                                                                                                                                                                                                                                                                                                                                                                                                                                                                                                                                                                                                                                                                                                                                                                                                                                                                                                                                                                                                                                                                                                                                                                                                                                                                                                                                                                                                                                                                                                                                                                                                                                                                                                                                                                                                                                                                                                                                                                                                                                                                                                                                                                                                                                                                                                                                                                                                                                                                                                                                                                                                                                                                                                                                                                                                                                                                                                                                                                                                                                                                                                                                                                                                                                                                                                                                                                                                                                                                                                                                                                                                                                                                                                                                                                                                                                                                                                                                                                                                                                                                                                                                                                                                                                                                                                                                                                                                                                                                                                                                                                                                                                                                                                                                                                                                                                                                                                                                                                                                                                                                                                                                                                                                                                                                                                                                                                                                                                                                                                                                                                                                                                                                                                                                                                                                                                                                                                                                                                                                                                                                                                                                                                                                                                                                                                                                                                                                                                                                                                                                                                                                                                                                                                                                                                                                                                                                                                                                                                                          "JH378124","13611450","13611620","chr20","95348202","95348366","27","81736752"
"JH378124","13628384","13628697","chr1","65504304","65504612","33","51875920"
"JH378124","13678800","13678889","chr3","65349691","65349782","11","51670891"
"JH378124","13705649","13705981","chr12","49907171","49907495","52","36201522"
"JH378124","13728512","13728816","chr24","51004467","51004765","39","37275955"
"JH378124","13737813","13738096","chr10","110563941","110564224","41","96826128"
"JH378124","13820495","13820802","chr3","21834348","21834652","42","8013853"
"JH378124","13853180","13853472","chr20","46550281","46550570","34","32697101"
"JH378124","13869919","13870222","chr11","4350721","4351023","43","9519198"
"JH378124","13943916","13944176","chr1","83625954","83626213","40","69682038"
"JH378124","13991776","13992064","chr12","10064948","10065242","35","3926828"
"JH378124","14026907","14027209","chr12","10064948","10065242","29","3961959"
"JH378124","14071498","14071812","chr16","2999161","2999470","35","11072337"
"JH378124","14093956","14094246","chr12","10064948","10065242","29","4029008"
"JH378124","14143307","14143610","chr4","62222786","62223086","38","48079479"
"JH378124","14152152","14152274","chr16","11174780","11174897","25","2977372"
"JH378124","14187707","14187997","chr9","13967565","13967856","41","220142"
"JH378124","14334426","14334689","chr6","38291436","38291692","38","23957010"
"JH378124","14535264","14535576","chr2","34891557","34891863","34","20356293"
"JH378124","14543844","14544137","chr12","10064948","10065242","28","4478896"
"JH378124","14557229","14557545","chr20","20539479","20539784","42","5982250"
"JH378124","14608325","14608496","chr25","22704616","22704787","19","8096291"
"JH378124","14632975","14633268","chr11","105213946","105214237","39","90580971"
"JH378124","14659773","14659986","chr25","73647297","73647508","24","58987524"
"JH378124","14672055","14672362","chr12","10064948","10065242","35","4607107"
"JH378124","14813041","14813339","chr14","42580822","42581115","48","27767781"
"JH378124","14825112","14825426","chr10","122310682","122310986","38","107485570"
"JH378124","14830035","14830328","chr9","96314869","96315163","36","81484834"
"JH378124","14864998","14865220","chr9","85823140","85823362","36","70958142"
"JH378124","14883365","14883668","chrX","92294937","92295232","42","77411572"
"JH378124","15031571","15031790","chr20","72646311","72646543","64","57614740"
"JH378124","15079042","15079322","chrX","29936084","29936366","41","14857042"
"JH378124","15087675","15087964","chr13","65577132","65577425","34","50489457"
"JH378124","15100437","15100709","chr1","84974809","84975074","48","69874372"
"JH378124","15119816","15120117","chr8","20434231","20434523","42","5314415"
"JH378124","15126209","15126492","chr11","19611133","19611417","39","4484924"
"JH378124","15138618","15138905","chr7","100037094","100037378","33","84898476"
"JH378124","15148468","15148735","chr17","53320376","53320642","34","38171908"
"JH378124","15179486","15179788","chr6","4113565","4113862","41","11065921"
"JH378124","15199093","15199223","chr3","91348390","91348521","10","76149297"
"JH378124","15228390","15228673","chrX","25561078","25561360","43","10332688"
"JH378124","15248693","15248998","chr11","120207458","120207761","30","104958765"
"JH378124","15253457","15253734","chr24","76614329","76614607","34","61360872"
"JH378124","15261326","15261636","chr6","31365170","31365478","36","16103844"
"JH378124","15267046","15267341","chr12","10064948","10065242","33","5202098"
"JH378124","15269504","15269597","chr22","82220107","82220203","10","66950603"
"JH378124","15270767","15270997","chr18","38006673","38006895","45","22735906"
"JH378124","15275254","15275539","chr2","57283040","57283331","42","42007786"
"JH378124","15280812","15281113","chr25","85642603","85642903","29","70361791"
"JH378124","15291324","15291615","chr23","52118830","52119121","37","36827506"
"JH378124","15310532","15310838","chr3","22013697","22014006","38","6703165"
"JH378124","15327665","15327946","chrX","29936084","29936366","36","14608419"
"JH378124","15355025","15355235","chr25","73647297","73647508","25","58292272"
"JH378124","15360013","15360322","chr16","2999161","2999470","30","12360852"
"JH378124","15386554","15386853","chr2","56143790","56144095","43","40757236"
"JH378124","15396372","15396479","chr6","1067449","1067558","15","14328923"
"JH378124","15422372","15422642","chrX","50208947","50209208","41","34786575"
"JH378124","15427128","15427414","chr6","38437831","38438120","35","23010703"
"JH378124","15429056","15429362","chr5","2273487","2273788","32","13155569"
"JH378124","15439849","15439936","chr16","4405728","4405812","9","11034121"
"JH378124","15455440","15455747","chr14","75577127","75577428","41","60121687"
"JH378124","15455833","15455922","chr3","65349691","65349782","13","49893858"
"JH378124","15475662","15475968","chr2","34891557","34891863","38","19415895"
"JH378124","15485203","15485513","chr5","2273487","2273788","33","13211716"
"JH378124","15566032","15566330","chr12","10064948","10065242","30","5501084"
"JH378124","15579041","15579328","chr7","26679359","26679639","43","11100318"
"JH378124","15613088","15613382","chr10","37346044","37346337","29","21732956"
"JH378124","15623730","15624028","chr4","30926814","30927112","39","15303084"
"JH378124","15686514","15686627","chr13","33765977","33766092","15","18079463"
"JH378124","15688792","15689071","chr11","82821848","82822127","35","67133056"
"JH378124","15700042","15700328","chrUn_KE147540v1","459472","459759","36","15240570"
"JH378124","15745219","15745503","chr19","22892545","22892830","37","7147326"
"JH378124","15752804","15753100","chr12","10064948","10065242","37","5687856"
"JH378124","15793126","15793435","chr5","2273487","2273788","34","13519639"
"JH378124","15799108","15799405","chrX","111103631","111103930","37","95304523"
"JH378124","15819226","15819530","chr14","83371933","83372231","33","67552707"
"JH378124","15849912","15850223","chr16","55157456","55157764","37","39307544"
"JH378124","15881872","15882182","chr14","22799686","22799991","43","6917814"
"JH378124","15894881","15895172","chrX_KE148108v1_random","2236351","2236640","41","13658530"
"JH378124","15919029","15919330","chr2","60904952","60905253","40","44985923"
"JH378124","15934628","15934935","chr14","22799686","22799991","43","6865058"
"JH378124","15962823","15963115","chr17","49320523","49320815","40","33357700"
"JH378124","15999266","15999560","chr2","49104477","49104770","37","33105211"
"JH378124","16045451","16045751","chr1","57357225","57357526","38","41311774"
"JH378124","16056011","16056107","chr22","82220107","82220203","6","66164096"
"JH378124","16168716","16169011","chr14","44038439","44038738","36","27869723"
"JH378124","16202800","16203095","chr15","5114677","5114969","33","11088123"
"JH378124","16271675","16271976","chr12","10064948","10065242","32","6206727"
"JH378124","16291483","16291787","chr9","116253602","116253902","44","99962119"
"JH378124","16292783","16293084","chr3","10937420","10937729","34","5355363"
"JH378124","16295244","16295530","chrX","1302529","1302805","45","14992715"
"JH378124","16309621","16309832","chr2","41986599","41986802","24","25676978"
"JH378124","16309933","16310022","chr6","39129950","39130034","13","22820017"
"JH378124","16348412","16348699","chr16","26067530","26067803","43","9719118"
"JH378124","16374565","16374691","chr1","8688937","8689061","13","7685628"
"JH378124","16377448","16377760","chr1","65504304","65504612","30","49126856"
"JH378124","16387164","16387465","chr14","40253871","40254177","41","23866707"
"JH378124","16399419","16399715","chr12","10064948","10065242","32","6334471"
"JH378124","16426608","16426882","chr13","22601438","22601715","38","6174830"
"JH378124","16443966","16444274","chr1","68836205","68836506","39","52392239"
"JH378124","16473293","16473597","chr6","29168940","29169240","39","12695647"
"JH378124","16521639","16521907","chr9","92500633","92500888","44","75978994"
"JH378124","16528785","16529100","chr24","68895333","68895641","45","52366548"
"JH378124","16531239","16531365","chr11","46682256","46682382","14","30151017"
"JH378124","16535168","16535265","chr22","82220107","82220203","9","65684939"
"JH378124","16537516","16537640","chrX","7665538","7665663","13","8871978"
"JH378124","16550787","16550876","chr22","82220107","82220203","16","65669320"
"JH378124","16581371","16581673","chr12","10064948","10065242","33","6516423"
"JH378124","16601944","16602251","chr5","2273487","2273788","35","14328457"
"JH378124","16613066","16613368","chr5","12221637","12221934","44","4391429"
"JH378124","16619535","16619832","chr21","13834100","13834395","45","2785435"
"JH378124","16636891","16637159","chr21","56145194","56145454","43","39508303"
"JH378124","16638854","16638946","chr16","16463904","16464000","15","174950"
"JH378124","16661445","16661754","chr8","28841721","28842030","52","12180276"
"JH378124","16676798","16677096","chr12","10064948","10065242","24","6611850"
"JH378124","16684969","16685257","chr13","62340632","62340913","47","45655663"
"JH378124","16694083","16694385","chr8","63257780","63258086","40","46563697"
"JH378124","16727469","16727778","chr5","2273487","2273788","35","14453982"
"JH378124","16728164","16728457","chr14","37097278","37097571","33","20369114"
"JH378124","16729717","16730008","chr15","86758708","86759003","28","70028991"
"JH378124","16737318","16737623","chr12","74217361","74217667","57","57480043"
"JH378124","16750774","16751063","chr6","38424071","38424362","47","21673297"
"JH378124","16768368","16768441","chr13","63031813","63031889","7","46263445"
"JH378124","16771270","16771573","chr16","36406475","36406775","36","19635205"
"JH378124","16772942","16773244","chr1","114333198","114333500","31","97560256"
"JH378124","16776602","16776908","chr5","27918350","27918656","26","11141748"
"JH378124","16794961","16795252","chr15","86758708","86759003","38","69963747"
"JH378124","16853585","16853887","chr15","53529161","53529469","41","36675576"
"JH378124","16884159","16884444","chr5","42662951","42663235","37","25778792"
"JH378124","16894420","16894563","chr24","69210369","69210513","22","52315949"
"JH378124","16924802","16925127","chr24","20144292","20144612","53","3219490"
"JH378124","16948455","16948711","chr15","3975852","3976110","39","12972603"
"JH378124","16953777","16954037","chr11","12774928","12775192","38","4178849"
"JH378124","17089418","17089725","chr12","106797672","106797971","36","89708254"
"JH378124","17141436","17141736","chr20","38826409","38826710","38","21684973"
"JH378124","17210769","17211070","chr14","83371933","83372231","41","66161164"
"JH378124","17238350","17238652","chrX","23977849","23978143","32","6739499"
"JH378124","17269823","17270097","chr24","73585240","73585507","44","56315417"
"JH378124","17343411","17343703","chr8","19896234","19896527","34","2552823"
"JH378124","17366546","17366847","chr6","29168940","29169240","50","11802394"
"JH378124","17474019","17474324","chr14","38813996","38814293","34","21339977"
"JH378124","17477832","17478099","chr9","92500633","92500888","47","75022801"
"JH378124","17478491","17478780","chr1","10803268","10803561","50","6675223"
"JH378124","17502811","17503104","chr9","90943231","90943523","35","73440420"
"JH378124","17507385","17507695","chr5","2273487","2273788","31","15233898"
"JH378124","17520596","17520904","chr4","88788880","88789184","35","71268284"
"JH378124","17528577","17528872","chr29","12355751","12356042","45","5172826"
"JH378124","17530311","17530620","chr2","58045145","58045453","32","40514834"
"JH378124","17552597","17552893","chr2","18936818","18937115","38","1384221"
"JH378124","17560596","17560909","chrX","74734891","74735195","42","57174295"
"JH378124","17566959","17567172","chr23","43376123","43376346","39","25809164"
"JH378124","17569557","17569861","chr20","67956614","67956912","34","50387057"
"JH378124","17617846","17618147","chr21","22838763","22839060","38","5220917"
"JH378124","17628229","17628514","chr7","99816095","99816383","33","82187866"
"JH378124","17686780","17687005","chr7","97152314","97152538","33","79465534"
"JH378124","17695095","17695183","chr19","7758593","7758681","11","9936502"
"JH378124","17703748","17704062","chr28_KE148105v1_random","340378","340686","47","17363370"
"JH378124","17710418","17710585","chr25","23334410","23334575","28","5623992"
"JH378124","17715231","17715535","chr12","10064948","10065242","32","7650283"
"JH378124","17718826","17719116","chr3","23574252","23574536","44","5855426"
"JH378124","17722854","17723143","chr18","71629517","71629808","37","53906663"
"JH378124","17737427","17737665","chr1","93347733","93347964","33","75610306"
"JH378124","17749527","17749834","chr17","25327775","25328080","40","7578248"
"JH378124","17774087","17774424","chr20","8994050","8994369","57","8780037"
"JH378124","17780991","17781281","chr18","72052984","72053276","30","54271993"
"JH378124","17786856","17787149","chr21","85602981","85603272","45","67816125"
"JH378124","17796752","17797062","chr21","54174135","54174440","39","36377383"
"JH378124","17798372","17798687","chr20","46223647","46223949","48","28425275"
"JH378124","17818585","17818834","chr11","119259842","119260088","31","101441257"
"JH378124","17820828","17821119","chr5","46158393","46158690","39","28337565"
"JH378124","17859685","17859997","chr8","28841721","28842030","51","10982036"
"JH378124","17865410","17865685","chr24","73585240","73585507","40","55719830"
"JH378124","17878601","17878909","chr12","10064948","10065242","35","7813653"
"JH378124","17882048","17882335","chr20","122541228","122541520","35","104659180"
"JH378124","17905426","17905716","chr6","38437831","38438120","32","20532405"
"JH378124","17935623","17935822","chr6","8384876","8385077","30","9550747"
"JH378124","18059286","18059434","chr3","90669571","90669712","16","72610285"
"JH378124","18206276","18206557","chr16","26067530","26067803","42","7861254"
"JH378124","18255935","18256250","chr1","65504304","65504612","35","47248369"
"JH378124","18266791","18267092","chr17","35258575","35258878","36","16991784"
"JH378124","18297571","18297689","chr6","44144914","44145033","12","25847343"
"JH378124","18375950","18376249","chr28","11865661","11865960","41","6510289"
"JH378124","18445334","18445643","chr16","30398852","30399159","33","11953518"
"JH378124","18660212","18660522","chr5","2273487","2273788","34","16386725"
"JH378124","18669123","18669421","chr9","118970228","118970526","31","100301105"
"JH378124","18799225","18799529","chr9","43010347","43010656","46","24211122"
"JH378124","18877153","18877433","chr11","19611133","19611417","38","733980"
"JH378124","18966488","18966769","chr17","53020197","53020476","54","34053709"
"JH378124","18980078","18980377","chr12","10064948","10065242","36","8915130"
"JH378124","19022405","19022700","chr12","60432247","60432540","30","41409842"
"JH378124","19088434","19088739","chr5","2273487","2273788","33","16814947"
"JH378124","19167905","19168094","chr14","106748378","106748553","29","87580473"
"JH378124","19175588","19175890","chrX","125302543","125302844","32","106126955"
"JH378124","19203395","19203680","chr4","68750844","68751128","39","49547449"
"JH378124","19245508","19245815","chr26","38024857","38025165","41","18779349"
"JH378124","19268176","19268459","chr6","18084717","18084998","36","1183459"
"JH378124","19306499","19306785","chrX","119965831","119966113","37","100659332"
"JH378124","19332222","19332525","chr11","58110010","58110310","47","38777788"
"JH378124","19376974","19377279","chr14","21331402","21331700","38","1954428"
"JH378124","19394848","19395160","chr2","34891557","34891863","40","15496709"
"JH378124","19475969","19476216","chr11","119259842","119260088","29","99783873"
"JH378124","19501691","19502003","chr11","115525233","115525542","31","96023542"
"JH378124","19574525","19574820","chr13","8870800","8871100","46","10703725"
"JH378124","19691032","19691141","chr22","52501284","52501397","20","32810252"
"JH378124","19700255","19700554","chr21","121143183","121143493","36","101442928"
"JH378124","19720180","19720459","chrX","671272","671550","45","19048908"
"JH378124","19739912","19740205","chr13","65577132","65577425","32","45837220"
"JH378124","19796330","19796620","chr12","10064948","10065242","30","9731382"
"JH378124","19856345","19856657","chr9","56811131","56811438","40","36954786"
"JH378124","19924466","19924700","chr26","37786588","37786819","30","17862122"
"JH378124","19933170","19933469","chr9","1115294","1115593","41","18817876"
"JH378124","19994375","19994679","chr10","15167400","15167690","43","4826975"
"JH378124","20016718","20017020","chr22","51191011","51191308","43","31174293"
"JH378124","20115763","20116066","chr4","4674909","4675215","43","15440854"
"JH378124","20116167","20116412","chr21","117703982","117704214","32","97587815"
"JH378124","20133226","20133546","chr5","8851338","8851646","48","11281888"
"JH378124","20198705","20198964","chr8","21882287","21882536","32","1683582"
"JH378124","20290882","20290968","chr16","4405728","4405812","10","15885154"
"JH378124","20427808","20428092","chr28","2906914","2907184","43","17520894"
"JH378124","20555283","20555586","chr5","33074148","33074451","34","12518865"
"JH378124","20604494","20604774","chr11","107153610","107153896","44","86549116"
"JH378124","20641099","20641407","chr7","19114079","19114383","42","1527020"
"JH378124","20694999","20695297","chr2","83924911","83925209","55","63229912"
"JH378124","20722780","20723091","chr11","75605723","75606034","47","54882943"
"JH378124","20728755","20729047","chr2","5168180","5168471","39","15560575"
"JH378124","20774308","20774588","chr6","9993126","9993409","40","10781182"
"JH378124","20807363","20807680","chr3","10937420","10937729","42","9869943"
"JH378124","20809426","20809727","chr12","60432247","60432540","40","39622821"
"JH378124","20816671","20816914","chr25","22607704","22607951","37","1791033"
"JH378124","20820976","20821270","chr22","39342758","39343048","49","18521782"
"JH378124","21056356","21056665","chr11","115525233","115525542","39","94468877"
"JH378124","21170982","21171253","chr1","102108544","102108821","49","80937562"
"JH378124","21199887","21200067","chr20","45817691","45817873","22","24617804"
"JH378124","21247453","21247630","chr20","118734823","118734994","28","97487370"
"JH378124","21266051","21266347","chr10","18371829","18372121","36","2894222"
"JH378124","21303754","21303938","chrX","33491798","33491981","25","12188044"
"JH378124","21303949","21304247","chr10","37233627","37233913","48","15929678"
"JH378124","21339156","21339466","chr11","115525233","115525542","47","94186077"
"JH378124","21354490","21354798","chr21","75943302","75943611","35","54588812"
"JH378124","21372462","21372753","chr20","112829822","112830113","38","91457360"
"JH378124","21420295","21420397","chrX","2017984","2018087","9","19402311"
"JH378124","21489654","21489952","chr16","4139491","4139787","34","17350163"
"JH378124","21506037","21506352","chr14","36954936","36955240","44","15448899"
"JH378124","21529475","21529732","chr17","39639160","39639415","47","18109685"
"JH378124","21552137","21552428","chr7","29650533","29650818","35","8098396"
"JH378124","21565324","21565601","chrX","22015718","22015995","32","450394"
"JH378124","21591424","21591717","chr12","34842072","34842358","60","13250648"
"JH378124","21644468","21644774","chr5","36774379","36774687","44","15129911"
"JH378124","21664492","21664783","chr28","13556614","13556903","37","8107878"
"JH378124","21668687","21669004","chr9","15539264","15539582","44","6129423"
"JH378124","21681692","21681998","chr8","96089866","96090170","37","74408174"
"JH378124","21705464","21705745","chr8","94667632","94667918","43","72962168"
"JH378124","21722091","21722189","chr22","82220107","82220203","12","60498016"
"JH378124","21741213","21741337","chr25","27999527","27999642","27","6258314"
"JH378124","21746469","21746563","chr15","90232343","90232421","23","68485874"
"JH378124","21794118","21794429","chr23","80703058","80703366","37","58908940"
"JH378124","21801843","21801921","chr16","3308866","3308945","7","18492977"
"JH378124","21803436","21803730","chr24","79569054","79569345","49","57765618"
"JH378124","21809988","21810296","chr16","30398852","30399159","31","8588864"
"JH378124","21817668","21817945","chr8","44530508","44530794","52","22712840"
"JH378124","21821053","21821135","chr5","67880800","67880883","7","46059747"
"JH378124","21900457","21900755","chr12","10064948","10065242","30","11835509"
"JH378124","21917700","21918000","chr21","22838763","22839060","37","921063"
"JH378124","21924860","21924954","chr22","82220107","82220203","8","60295247"
"JH378124","21958477","21958780","chr5","2273487","2273788","29","19684990"
"JH378124","21965796","21966107","chr25","60133396","60133696","50","38167600"
"JH378124","22020836","22021122","chr13","22116830","22117114","46","95994"
"JH378124","22032048","22032352","chr26","5907158","5907461","44","16124890"
"JH378124","22107110","22107192","chr5","67880800","67880883","11","45773690"
"JH378124","22192983","22193107","chr14","86477174","86477304","19","64284191"
"JH378124","22196252","22196557","chr14","44038439","44038738","39","21842187"
"JH378124","22310545","22310830","chr8","23625564","23625849","41","1315019"
"JH378124","22327217","22327510","chr18","71629517","71629808","35","49302300"
"JH378124","22356920","22357220","chr29","8289755","8290055","48","14067165"
"JH378124","22386744","22387035","chr8","52344592","52344885","38","29957848"
"JH378124","22468644","22468933","chr15","5747412","5747699","39","16721232"
"JH378124","22554796","22554904","chr6","1067449","1067558","11","21487347"
"JH378124","22590145","22590433","chr13","72116359","72116648","45","49526214"
"JH378124","22596233","22596432","chr6","50084001","50084202","31","27487768"
"JH378124","22654378","22654541","chr1","105262714","105262876","21","82608336"
"JH378124","22695747","22696026","chr13","14593032","14593310","44","8102715"
"JH378124","22748780","22749108","chr15","76857404","76857733","41","54108624"
"JH378124","22818937","22819239","chr12","10064948","10065242","27","12753989"
"JH378124","22837879","22838185","chr11","110226655","110226961","37","87388776"
"JH378124","22872585","22872750","chr11","19232398","19232567","27","3640187"
"JH378124","22944978","22945308","chr19","11539137","11539442","61","11405841"
"JH378124","22973369","22973685","chr3","22013697","22014006","55","959672"
"JH378124","22983158","22983465","chr5","18492977","18493282","47","4490181"
"JH378124","22984494","22984800","chr12","74217361","74217667","33","51232867"
"JH378124","23016433","23016743","chr13","84743392","84743699","35","61726959"
"JH378124","23025079","23025360","chr14","80284365","80284655","43","57259286"
"JH378124","23026297","23026417","chr13","23206740","23206860","21","180443"
"JH378124","23087622","23087908","chr13","54932720","54933010","39","31845098"
"JH378124","23114860","23115167","chr10","122219967","122220268","38","99105107"
"JH378124","23132163","23132459","chr13","12494916","12495210","46","10637247"
"JH378124","23138203","23138380","chr20","28787815","28787990","35","5649612"
"JH378124","23157454","23157752","chr20","71071763","71072067","40","47914309"
"JH378124","23201196","23201466","chr16","1444868","1445117","52","21756328"
"JH378124","23235733","23236039","chr16","30398852","30399159","36","7163119"
"JH378124","23245036","23245139","chrX","2017984","2018087","12","21227052"
"JH378124","23274567","23274877","chr26","24278477","24278782","47","1003910"
"JH378124","23351747","23352031","chr19","13804648","13804927","38","9547099"
"JH378124","23356597","23356907","chr2","7523151","7523453","45","15833446"
"JH378124","23469382","23469664","chr11","118902964","118903240","39","95433582"
"JH378124","23496285","23496558","chr26","53987975","53988244","33","30491690"
"JH378124","23603220","23603537","chr5","2324242","2324550","40","21278978"
"JH378124","23607717","23607912","chr13","86585007","86585200","22","62977290"
"JH378124","23695073","23695354","chr16","26067530","26067803","36","2372457"
"JH378124","23738757","23739049","chr24","26889381","26889666","37","3150624"
"JH378124","23739059","23739342","chr10","56533422","56533699","32","32794363"
"JH378124","23755198","23755495","chr12","10064948","10065242","26","13690250"
"JH378124","23755561","23755782","chr16","33633380","33633606","37","9877819"
"JH378124","23955315","23955533","chr22","64440815","64441040","40","40485500"
"JH378124","23989259","23989550","chr5","4510502","4510793","46","19478757"
"JH378124","24166510","24166819","chr11","115525233","115525542","36","91358723"
"JH378124","24216663","24216802","chr3","90669571","90669712","14","66452908"
"JH378124","24332061","24332349","chr21","32338307","32338599","52","8006246"
"JH378124","24354080","24354380","chr17","34547332","34547638","39","10193252"
"JH378124","24555969","24556268","chr8","96089866","96090170","46","71533897"
"JH378124","24599942","24600178","chr16","69318389","69318626","32","44718447"
"JH378124","24787047","24787324","chr11","117793063","117793332","45","93006016"
"JH378124","24902782","24902928","chr3","90669571","90669712","15","65766789"
"JH378124","24924328","24924641","chr25","46322883","46323192","37","21398555"
"JH378124","24930696","24931012","chr14","22799686","22799991","44","2131010"
"JH378124","24936612","24936693","chr10","109797655","109797738","12","84861043"
"JH378124","24996850","24997138","chr13","90072778","90073062","46","65075928"
"JH378124","25067283","25067590","chrX","60365553","60365854","47","35298270"
"JH378124","25091366","25091510","chr17","28507557","28507698","14","3416191"
"JH378124","25114171","25114285","chr7","129383440","129383574","31","104269269"
"JH378124","25133222","25133527","chr7","86104707","86105000","41","60971485"
"JH378124","25251989","25252275","chr8","95885898","95886192","50","70633909"
"JH378124","25383518","25383828","chr1","108565860","108566161","40","83182342"
"JH378124","25436881","25437011","chr1","97802296","97802426","11","72365415"
"JH378124","25455137","25455418","chr12","96013629","96013909","45","70558492"
"JH378124","25458755","25458897","chrX","4336765","4336906","19","21121990"
"JH378124","25499180","25499456","chr22","97449832","97450105","57","71950652"
"JH378124","25587602","25587892","chr6","48913632","48913921","44","23326030"
"JH378124","25588976","25589238","chr21","116499270","116499533","52","90910294"
"JH378124","25619305","25619379","chr13","63031813","63031889","8","37412508"
"JH378124","25675013","25675292","chr22","46167136","46167420","43","20492123"
"JH378124","25719764","25720016","chr12","6401463","6401710","29","19318301"
"JH378124","25733025","25733318","chr25","71487949","71488237","51","45754924"
"JH378124","25774498","25774586","chrX","124732633","124732721","10","98958135"
"JH378124","25776831","25777136","chr9","57875604","57875901","44","32098773"
"JH378124","25785461","25785768","chr12","13047845","13048153","41","12737616"
"JH378124","25788130","25788432","chr1","68219231","68219530","35","42431101"
"JH378124","25856979","25857290","chr2","20242750","20243052","44","5614229"
"JH378124","25911391","25911685","chr8","21494594","21494885","47","4416797"
"JH378124","25942552","25942854","chr23","41434219","41434517","46","15491667"
"JH378124","26003323","26003607","chr19","19697247","19697527","37","6306076"
"JH378124","26038832","26038947","chr20","115102100","115102215","10","89063268"
"JH378124","26041179","26041487","chr26","17944990","17945291","40","8096189"
"JH378124","26054211","26054462","chr7","115937344","115937598","34","89883133"
"JH378124","26119664","26119954","chr10","127201999","127202278","43","101082335"
"JH378124","26124853","26125159","chr5","20221828","20222136","46","5903025"
"JH378124","26134528","26134818","chr13","68876389","68876691","40","42741861"
"JH378124","26234589","26234885","chr12","105714638","105714940","37","79480049"
"JH378124","26240383","26240536","chr5","17123233","17123382","26","9117150"
"JH378124","26250754","26251054","chr12","30324456","30324749","44","4073702"
"JH378124","26277167","26277446","chr9","66838731","66839011","40","40561564"
"JH378124","26285798","26286104","chr1","108565860","108566161","40","82280062"
"JH378124","26298086","26298350","chr28","1947273","1947535","42","24350813"
"JH378124","26305500","26305800","chr12","10064948","10065242","40","16240552"
"JH378124","26320314","26320624","chrX","82159275","82159580","44","55838961"
"JH378124","26321669","26321981","chr1","65504304","65504612","42","39182635"
"JH378124","26323015","26323312","chr29","10722547","10722839","33","15600468"
"JH378124","26329615","26329912","chr11","118072939","118073238","34","91743324"
"JH378124","26334251","26334548","chr21","112047561","112047854","38","85713310"
"JH378124","26334552","26334688","chr26","6591504","6591639","12","19743048"
"JH378124","26336255","26336553","chr2","36594604","36594898","37","10258349"
"JH378124","26338470","26338781","chr13","84743392","84743699","45","58404922"
"JH378124","26340189","26340502","chr14","49265577","49265884","44","22925388"
"JH378124","26352770","26353061","chr8","104167104","104167395","39","77814334"
"JH378124","26356266","26356487","chrX","63929276","63929493","37","37573010"
"JH378124","26357204","26357419","chr22","6719548","6719763","29","19637656"
"JH378124","26357610","26357903","chr16","53397850","53398143","34","27040240"
"JH378124","26368177","26368479","chr16","25791548","25791851","34","576629"
"JH378124","26376252","26376554","chr5","32919222","32919525","48","6542970"
"JH378124","26376555","26376706","chr16","45194553","45194700","28","18817998"
"JH378124","26383618","26383891","chr11","101902346","101902617","65","75518728"
"JH378124","26388577","26388864","chr26","39521515","39521807","35","13132938"
"JH378124","26396985","26397290","chr5","2273487","2273788","30","24123498"
"JH378124","26399531","26399632","chrX","2017984","2018087","9","24381547"
"JH378124","26410051","26410356","chr14","98200092","98200400","44","71790041"
"JH378124","26416350","26416500","chr7","130199470","130199614","28","103783120"
"JH378124","26416651","26416799","chr6","7229588","7229731","18","19187063"
"JH378124","26416803","26416924","chr25","8712866","8712996","18","17703937"
"JH378124","26419830","26419908","chr16","3308866","3308945","8","23110964"
"JH378124","26422279","26422582","chrX","38475708","38476010","42","12053429"
"JH378124","26434731","26435048","chr12","10064948","10065242","155","16369783"
"JH378124","26436610","26436905","chr24","79759655","79759940","42","53323045"
"JH378124","26436960","26437267","chr25","18828195","18828491","44","7608765"
"JH378124","26440408","26440696","chr1","69274418","69274712","42","42834010"
"JH378124","26457881","26458184","chr16","33182065","33182368","42","6724184"
"JH378124","26458617","26458910","chr22","73210121","73210411","42","46751504"
"JH378124","26464513","26464803","chr13","65577132","65577425","36","39112619"
"JH378124","26485079","26485204","chr6","7070596","7070721","14","19414483"
"JH378124","26485351","26485527","chr2","9831889","9832066","25","16653462"
"JH378124","26498066","26498357","chr7","29650533","29650818","50","3152467"
"JH378124","26501614","26501922","chr10","104281526","104281829","45","77779912"
"JH378124","26504164","26504461","chr7","70016163","70016465","34","43511999"
"JH378124","26505307","26505598","chr20","66310328","66310619","34","39805021"
"JH378124","26554559","26554644","chr5","67880800","67880883","7","41326241"
"JH378124","26555442","26555619","chr14","79057796","79057969","22","52502354"
"JH378124","26555727","26555914","chr1","11673452","11673637","24","14882275"
"JH378124","26558115","26558409","chr12","10064948","10065242","25","16493167"
"JH378124","26560221","26560520","chr9","56718610","56718906","37","30158389"
"JH378124","26568581","26568669","chr19","7758593","7758681","6","18809988"
"JH378124","26585281","26585582","chrX","125302543","125302844","39","98717262"
"JH378124","26587660","26587745","chr16","4405728","4405812","9","22181932"
"JH378124","26601098","26601182","chr16","4405728","4405812","7","22195370"
"JH378124","26652289","26652594","chr14","3307027","3307330","39","23345262"
"JH378124","26660331","26660608","chr22","46167136","46167420","40","19506805"
"JH378124","26665269","26665588","chr2","34891557","34891863","38","8226288"
"JH378124","26688736","26689038","chr20","24344213","24344511","35","2344523"
"JH378124","26691984","26692287","chr2","66530405","66530698","43","39838421"
"JH378124","26699031","26699331","chr2","38853293","38853590","38","12154262"
"JH378124","26715128","26715356","chr11","126175108","126175340","27","99459980"
"JH378124","26727422","26727697","chr15","57939854","57940135","41","31212432"
"JH378124","26728742","26729071","chr16","40165752","40166083","66","13437010"
"JH378124","26729304","26729582","chr12","31966354","31966622","48","5237050"
"JH378124","26729984","26730229","chr10","118182665","118182918","40","91452681"
"JH378124","26781182","26781478","chr20","106884868","106885166","30","80103686"
"JH378124","26787430","26787712","chr19","19697247","19697527","31","7090183"
"JH378124","26797255","26797535","chr4","65100601","65100882","42","38303346"
"JH378124","26849440","26849740","chr25","28758987","28759284","46","1909547"
"JH378124","26861040","26861279","chr1","99776641","99776877","38","72915601"
"JH378124","26864014","26864324","chr19","13613108","13613413","37","13250906"
"JH378124","26868827","26869088","chr28","5538595","5538865","43","21330232"
"JH378124","26880471","26880785","chr10","87768101","87768408","39","60887630"
"JH378124","26883742","26884046","chr9","26651072","26651377","36","232670"
"JH378124","26893918","26894223","chr13","14614965","14615259","43","12278953"
"JH378124","26898388","26898698","chr5","36774379","36774687","30","9875991"
"JH378124","26977887","26978035","chr9","59130238","59130387","16","32152351"
"JH378124","26997881","26998169","chr2","57111387","57111678","37","30113506"
"JH378124","27006162","27006460","chr12","10064948","10065242","35","16941214"
"JH378124","27020538","27020625","chr19","23494523","23494608","23","3526015"
"JH378124","27028405","27028544","chr23","56978905","56979044","13","29950500"
"JH378124","27030488","27030787","chr9","95969759","95970062","37","68939271"
"JH378124","27036835","27036929","chr10","124866541","124866629","19","97829706"
"JH378124","27047709","27048019","chr8","52124179","52124487","45","25076470"
"JH378124","27052593","27052907","chr13","74351346","74351645","42","47298753"
"JH378124","27068662","27068711","chr10","86486158","86486212","9","59417496"
"JH378124","27095457","27095748","chr20","104630107","104630400","29","77534650"
"JH378124","27099184","27099334","chr10","116006195","116006338","25","88907011"
"JH378124","27105982","27106056","chr13","63031813","63031889","14","35925831"
"JH378124","27120596","27120869","chr9","94521914","94522196","42","67401318"
"JH378124","27129713","27130020","chr5","47555978","47556281","34","20426265"
"JH378124","27138614","27138889","chr9","41148065","41148333","42","14009451"
"JH378124","27167637","27167940","chr15","86758708","86759003","37","59591071"
"JH378124","27186222","27186296","chr14","81623906","81623982","12","54437684"
"JH378124","27191176","27191447","chr16","24082797","24083075","48","3108379"
"JH378124","27203117","27203352","chr7","55736544","55736777","37","28533427"
"JH378124","27209753","27210045","chrX","115847772","115848064","32","88638019"
"JH378124","27221497","27221803","chr5","2273487","2273788","42","24948010"
"JH378124","27226768","27227059","chr10","118597337","118597632","41","91370569"
"JH378124","27227718","27228010","chr11","14718400","14718704","40","12509318"
"JH378124","27250760","27251028","chr8","94942905","94943180","47","67692145"
"JH378124","27252533","27252841","chr1","64693832","64694133","40","37441299"
"JH378124","27267770","27267848","chr13","63031813","63031889","9","35764043"
"JH378124","27279959","27280243","chr12","103110602","103110890","40","75830643"
"JH378124","27289137","27289448","chr9","31512918","31513226","37","4223781"
"JH378124","27296796","27297077","chr7","100037094","100037378","30","72740298"
"JH378124","27301518","27301690","chr5","44686436","44686608","25","17384918"
"JH378124","27319651","27319924","chr4","57614790","57615056","57","30295139"
"JH378124","27338092","27338381","chr4","65823519","65823812","44","38485427"
"JH378124","27340186","27340483","chr14","83371933","83372231","39","56031747"
"JH378124","27346493","27346792","chr25","18828195","18828491","38","8518298"
"JH378124","27350323","27350579","chr22","88832832","88833087","29","61482509"
"JH378124","27352634","27352925","chr27","47973443","47973732","48","20620809"
"JH378124","27361868","27362174","chr12","74217361","74217667","32","46855493"
"JH378124","27373081","27373248","chr13","73230028","73230195","25","45856947"
"JH378124","27373810","27373908","chr22","82220107","82220203","9","54846297"
"JH378124","27454108","27454420","chr11","45833907","45834215","37","18379799"
"JH378124","27498427","27498725","chr12","10064948","10065242","33","17433479"
"JH378124","27508847","27509102","chr16","15621572","15621837","57","11887275"
"JH378124","27509783","27509955","chr1","105262714","105262876","24","77752931"
"JH378124","27563837","27564144","chr11","124380849","124381147","47","96817012"
"JH378124","27574962","27575260","chr12","10064948","10065242","32","17510014"
"JH378124","27633700","27634004","chr12","10064948","10065242","32","17568752"
"JH378124","27654388","27654635","chrX","41275530","41275773","40","13621142"
"JH378124","27658436","27658731","chrX","60987121","60987417","38","33328685"
"JH378124","27716604","27716893","chr1","110510553","110510852","40","82793949"
"JH378124","27787482","27787773","chr10","62769074","62769367","44","34981592"
"JH378124","27850983","27851209","chr6","2372111","2372337","30","25478872"
"JH378124","27857346","27857645","chr12","10064948","10065242","36","17792398"
"JH378124","27897699","27897996","chr20","101506461","101506755","26","73608762"
"JH378124","28020120","28020414","chr9","111904691","111904988","47","83884571"
"JH378124","28065095","28065377","chr12","27124486","27124768","35","940609"
"JH378124","28070425","28070725","chr11","4229918","4230223","33","23840507"
"JH378124","28103323","28103610","chr1","26659965","26660248","41","1443358"
"JH378124","28176620","28176911","chr10","54966942","54967236","37","26790322"
"JH378124","28181907","28182202","chr22","51404529","51404822","35","23222622"
"JH378124","28187902","28188192","chr11","20333718","20334026","52","7854184"
"JH378124","28189126","28189443","chr11","115525233","115525542","39","87336107"
"JH378124","28238981","28239164","chr1","40657490","40657671","39","12418509"
"JH378124","28394488","28394791","chr12","10064948","10065242","37","18329540"
"JH378124","28408836","28409141","chr22","3142838","3143140","40","25265998"
"JH378124","28494693","28495000","chr15","86758708","86759003","44","58264015"
"JH378124","28526242","28526535","chrX","23977849","23978143","42","4548393"
"JH378124","28557770","28558060","chr12","10064948","10065242","31","18492822"
"JH378124","28559634","28559780","chr9","59130238","59130387","18","30570604"
"JH378124","28593481","28593773","chr11","46412480","46412774","43","17818999"
"JH378124","28617929","28618219","chr13","65577132","65577425","40","36959203"
"JH378124","28639941","28640217","chr20","93260402","93260679","38","64620461"
"JH378124","28650339","28650627","chr28","16074896","16075181","38","12575443"
"JH378124","28652507","28652781","chr15","14564855","14565128","34","14087652"
"JH378124","28659471","28659746","chr25","55007275","55007538","37","26347804"
"JH378125","7864039","7864350","chr20","85624325","85624630","42","77760286"
"JH378125","38315","38608","chr21","74368618","74368909","37","74330303"
"JH378125","429924","430221","chr4","65411262","65411556","42","64981338"
"JH378125","450860","451153","chr12","10064948","10065242","26","9614088"
"JH378125","462132","462209","chr10","95538249","95538325","8","95076117"
"JH378125","505026","505325","chr2","10204715","10205019","39","9699689"
"JH378125","507045","507314","chr17","53320376","53320642","37","52813331"
"JH378125","591312","591389","chr13","63031813","63031889","7","62440501"
"JH378125","605791","606096","chr1","46712446","46712753","45","46106655"
"JH378125","612753","613067","chr12","6781553","6781865","78","6168800"
"JH378125","636237","636542","chr14","22799686","22799991","39","22163449"
"JH378125","640114","640393","chr4","50225644","50225922","33","49585530"
"JH378125","664622","664931","chr12","74217361","74217667","29","73552739"
"JH378125","666746","667046","chr12","10064948","10065242","31","9398202"
"JH378125","682814","683107","chr4","67444451","67444740","36","66761637"
"JH378125","689187","689483","chr1","68219231","68219530","37","67530044"
"JH378125","698349","698439","chr19","7758593","7758681","10","7060244"
"JH378125","699203","699293","chr3","65349691","65349782","12","64650488"
"JH378125","707713","707878","chr11","121284211","121284371","25","120576498"
"JH378125","707979","708109","chr23","82201349","82201479","10","81493370"
"JH378125","713177","713279","chrX","2017984","2018087","10","1304807"
"JH378125","740960","741262","chrX","59127830","59128128","30","58386870"
"JH378125","757884","758195","chr23","44247755","44248062","33","43489871"
"JH378125","762764","763078","chr11","115525233","115525542","40","114762469"
"JH378125","780502","780800","chr21","74368618","74368909","43","73588116"
"JH378125","785410","785707","chr16","61089571","61089874","35","60304161"
"JH378125","796766","796893","chr1","8688937","8689061","15","7892171"
"JH378125","826579","826669","chr3","65349691","65349782","11","64523112"
"JH378125","841243","841333","chr3","65349691","65349782","12","64508448"
"JH378125","852113","852291","chr7","30766435","30766612","22","29914322"
"JH378125","853465","853781","chr24","27235543","27235835","57","26382078"
"JH378125","854833","854927","chr22","82220107","82220203","10","81365274"
"JH378125","878407","878507","chr22","82220107","82220203","11","81341700"
"JH378125","880094","880404","chr12","74217361","74217667","36","73337267"
"JH378125","893473","893603","chr1","97802296","97802426","17","96908823"
"JH378125","907731","908033","chr23","48457842","48458139","38","47550111"
"JH378125","909392","909460","chr19","14579948","14580013","9","13670556"
"JH378125","910359","910626","chr5","13917062","13917330","41","13006703"
"JH378125","911615","911837","chr2","60446942","60447164","33","59535327"
"JH378125","914606","914683","chr16","3308866","3308945","9","2394260"
"JH378125","916307","916384","chr13","63031813","63031889","7","62115506"
"JH378125","958396","958707","chr26","38024857","38025165","30","37066461"
"JH378125","977464","977581","chr4","60395666","60395783","13","59418202"
"JH378125","994482","994723","chr3","35489406","35489641","36","34494924"
"JH378125","1003421","1003715","chr18","17102881","17103179","47","16099460"
"JH378125","1011471","1011601","chr20","20852752","20852882","10","19841281"
"JH378125","1013038","1013111","chr13","63031813","63031889","8","62018775"
"JH378125","1042126","1042418","chr2","12893622","12893916","41","11851496"
"JH378125","1044009","1044304","chr17","42287654","42287939","38","41243645"
"JH378125","1057944","1058234","chr9","86640988","86641280","44","85583044"
"JH378125","1060139","1060432","chr13","68659616","68659913","42","67599477"
"JH378125","1083469","1083695","chr6","2372111","2372337","35","1288642"
"JH378125","1095239","1095327","chr19","7758593","7758681","8","6663354"
"JH378125","1103277","1103386","chr6","1067449","1067558","12","35828"
"JH378125","1119645","1119743","chr22","82220107","82220203","9","81100462"
"JH378125","1141614","1141903","chr24","70274925","70275216","35","69133311"
"JH378125","1149602","1149717","chr10","24288306","24288421","13","23138704"
"JH378125","1184534","1184618","chr16","4405728","4405812","4","3221194"
"JH378125","1191998","1192082","chr16","4405728","4405812","4","3213730"
"JH378125","1204288","1204575","chr5","49303676","49303972","36","48099388"
"JH378125","1220561","1220850","chr27","10946991","10947278","41","9726430"
"JH378125","1222347","1222662","chr14","4549995","4550302","36","3327648"
"JH378125","1224048","1224336","chr13","65577132","65577425","40","64353084"
"JH378125","1244623","1244918","chr1","103415790","103416081","39","102171167"
"JH378125","1254367","1254650","chr1","10803268","10803561","42","9548901"
"JH378125","1271340","1271635","chr13","65577132","65577425","36","64305792"
"JH378125","1340070","1340368","chr8","36061210","36061506","37","34721140"
"JH378125","1361164","1361449","chr25","83986963","83987253","38","82625799"
"JH378125","1395844","1396089","chr16","3856891","3857138","57","2461047"
"JH378125","1499137","1499423","chr7","19377767","19378060","38","17878630"
"JH378125","1771531","1771812","chr21","26073983","26074262","40","24302452"
"JH378125","1794393","1794685","chr1","103050659","103050957","42","101256266"
"JH378125","1801919","1802018","chr22","82220107","82220203","8","80418188"
"JH378125","1816229","1816551","chr25","65108190","65108510","48","63291961"
"JH378125","2028418","2028560","chr3","90669571","90669712","14","88641153"
"JH378125","2174262","2174491","chr14","100875178","100875404","37","98700916"
"JH378125","2225282","2225384","chrX","2017984","2018087","7","207298"
"JH378125","2230095","2230392","chr13","65577132","65577425","26","63347037"
"JH378125","2237882","2238185","chr11","120207458","120207761","35","117969576"
"JH378125","2252019","2252329","chr11","115525233","115525542","35","113273214"
"JH378125","2258531","2258841","chr1","2872653","2872961","32","614122"
"JH378125","2285633","2285756","chr10","8410405","8410528","14","6124772"
"JH378125","2287578","2287884","chr5","2273487","2273788","36","14091"
"JH378125","2298326","2298620","chr17","28137789","28138092","41","25839463"
"JH378125","2311207","2311322","chr15","4188304","4188417","17","1877097"
"JH378125","2314534","2314648","chr26","30120688","30120805","13","27806154"
"JH378125","2359736","2360045","chr26","38024857","38025165","30","35665121"
"JH378125","2371036","2371334","chr12","10064948","10065242","30","7693912"
"JH378125","2384118","2384378","chr3","65893786","65894046","42","63509668"
"JH378125","2409514","2409813","chr12","10064948","10065242","31","7655434"
"JH378125","2432915","2433217","chr22","79537372","79537658","47","77104457"
"JH378125","2434155","2434233","chr13","63031813","63031889","8","60597658"
"JH378125","2442593","2442896","chr12","10064948","10065242","32","7622355"
"JH378125","2453262","2453552","chr18","71480316","71480609","35","69027054"
"JH378125","2483974","2484229","chr22","88832832","88833087","41","86348858"
"JH378125","2496807","2497112","chr1","50157843","50158142","50","47661036"
"JH378125","2550756","2551051","chr13","65577132","65577425","31","63026376"
"JH378125","2617429","2617731","chr17","35258575","35258878","36","32641146"
"JH378125","2665537","2665836","chr20","113550217","113550515","39","110884680"
"JH378125","2691340","2691641","chr1","10803268","10803561","35","8111928"
"JH378125","2708194","2708501","chr15","91197825","91198133","33","88489631"
"JH378125","2718263","2718562","chr17","50716976","50717279","36","47998713"
"JH378125","2809694","2809901","chr15","82175072","82175282","21","79365378"
"JH378125","2809903","2809949","chr3","23169107","23169155","7","20359204"
"JH378125","2914170","2914258","chr16","4405728","4405812","8","1491558"
"JH378125","2917136","2917444","chr9","104042619","104042920","32","101125483"
"JH378125","2946784","2947000","chr10","99440483","99440697","25","96493699"
"JH378125","2964994","2965301","chr5","57912411","57912720","40","54947417"
"JH378125","2975881","2976186","chr22","51404529","51404822","45","48428648"
"JH378125","2981454","2981738","chr16","12235438","12235730","44","9253984"
"JH378125","2994762","2995066","chr11","117737181","117737478","27","114742419"
"JH378125","2997791","2998097","chr5","20221828","20222136","43","17224037"
"JH378125","3014990","3015273","chr12","10064948","10065242","45","7049958"
"JH378125","3016301","3016580","chr12","10064948","10065242","40","7048647"
"JH378125","3023785","3023896","chr15","53613906","53614028","21","50590121"
"JH378125","3038281","3038574","chr1","73531073","73531367","41","70492792"
"JH378125","3039910","3040210","chr12","10064948","10065242","31","7025038"
"JH378125","3053636","3053927","chr24","60516623","60516916","43","57462987"
"JH378125","3054271","3054360","chr20","8489737","8489826","14","5435466"
"JH378125","3082274","3082357","chr16","4405728","4405812","12","1323454"
"JH378125","3098027","3098147","chr15","90834689","90834810","11","87736662"
"JH378125","3153699","3153776","chr10","53898197","53898267","15","50744498"
"JH378125","3153877","3154087","chr16","6238673","6238883","26","3084796"
"JH378125","3154451","3154739","chr25","57252016","57252312","38","54097565"
"JH378125","3155842","3156029","chr12","18815667","18815860","26","15659825"
"JH378125","3158522","3158822","chr12","10064948","10065242","31","6906426"
"JH378125","3162917","3163105","chr12","46357434","46357617","29","43194517"
"JH378125","3164852","3164982","chr20","20852752","20852882","10","17687900"
"JH378125","3170959","3171088","chr27","32448797","32448927","13","29277838"
"JH378125","3179903","3180204","chr1","65504304","65504612","40","62324401"
"JH378125","3184611","3184754","chr3","90669571","90669712","15","87484960"
"JH378125","3213292","3213603","chr6","16598509","16598818","32","13385217"
"JH378125","3214880","3215176","chr18","44879897","44880198","38","41665017"
"JH378125","3218919","3219007","chr19","7758593","7758681","10","4539674"
"JH378125","3220320","3220625","chr5","33074148","33074451","44","29853828"
"JH378125","3223988","3224297","chr1","65504304","65504612","29","62280316"
"JH378125","3243870","3244112","chr7","86161196","86161431","29","82917326"
"JH378125","3268028","3268330","chr3","57824287","57824587","39","54556259"
"JH378125","3268842","3269126","chr24","22113783","22114076","42","18844941"
"JH378125","3269162","3269466","chr5","2273487","2273788","27","995675"
"JH378125","3273007","3273318","chr16","31332134","31332443","31","28059127"
"JH378125","3274189","3274499","chr26","38024857","38025165","31","34750668"
"JH378125","3275874","3275915","chr5","48048637","48048679","7","44772763"
"JH378125","3293577","3293888","chr15","3702894","3703194","40","409317"
"JH378125","3306114","3306220","chr6","1067449","1067558","11","2238665"
"JH378125","3308718","3308808","chr3","65349691","65349782","10","62040973"
"JH378125","3312074","3312260","chrX","23635650","23635832","26","20323576"
"JH378125","3312885","3313015","chr3","91348390","91348521","10","88035505"
"JH378125","3463374","3463659","chr5","42662951","42663235","29","39199577"
"JH378125","3497864","3498161","chr11","45826349","45826644","43","42328485"
"JH378125","3512798","3513106","chrX","89638803","89639111","38","86126005"
"JH378125","3606077","3606340","chr22","10713362","10713618","50","7107285"
"JH378125","3697736","3698029","chr7","97868515","97868805","32","94170779"
"JH378125","3769809","3770107","chr12","10064948","10065242","31","6295139"
"JH378125","3780006","3780278","chr28","5538595","5538865","35","1758589"
"JH378125","3817983","3818284","chr2","34891557","34891863","45","31073574"
"JH378125","3855778","3856047","chr21","71041554","71041817","62","67185776"
"JH378125","3863329","3863610","chr16","18091158","18091443","39","14227829"
"JH378125","3927281","3927561","chr11","8097243","8097529","44","4169962"
"JH378125","3966695","3966993","chr22","32039860","32040154","43","28073165"
"JH378125","4051350","4051608","chr14","81643114","81643373","42","77591764"
"JH378125","4088775","4088881","chr6","1067449","1067558","10","3021326"
"JH378125","4093511","4093775","chrX","66838893","66839148","40","62745382"
"JH378125","4119266","4119566","chr6","4191917","4192216","35","72651"
"JH378125","4131548","4131851","chr16","31907231","31907534","30","27775683"
"JH378125","4138123","4138313","chr2","81627274","81627462","25","77489151"
"JH378125","4154659","4154753","chr22","82220107","82220203","9","78065448"
"JH378125","4157962","4158263","chr8","66644262","66644564","37","62486300"
"JH378125","4160444","4160727","chr3","85907085","85907369","40","81746641"
"JH378125","4164721","4165029","chr4","16808054","16808360","38","12643333"
"JH378125","4172376","4172491","chr20","115102100","115102215","11","110929724"
"JH378125","4176312","4176599","chr21","115159074","115159359","29","110982762"
"JH378125","4179728","4180029","chr11","117737181","117737478","33","113557453"
"JH378125","4213803","4213876","chr13","63031813","63031889","9","58818010"
"JH378125","4217351","4217647","chr12","58820917","58821209","42","54603566"
"JH378125","4241266","4241385","chr6","44144914","44145033","14","39903648"
"JH378125","4247060","4247366","chr1","68219231","68219530","45","63972171"
"JH378125","4255905","4256203","chr12","5303669","5303965","36","1047764"
"JH378125","4269958","4270234","chr16","26067530","26067803","34","21797572"
"JH378125","4274783","4275084","chr14","41573331","41573633","45","37298548"
"JH378125","4284903","4285054","chr9","59130238","59130387","16","54845335"
"JH378125","4291393","4291707","chr1","65504304","65504612","34","61212911"
"JH378125","4329925","4330225","chr12","10064948","10065242","35","5735023"
"JH378125","4334550","4334857","chr12","102171360","102171663","41","97836810"
"JH378125","4346457","4346722","chr4","15532519","15532799","49","11186062"
"JH378125","4360306","4360596","chr1","103415790","103416081","40","99055484"
"JH378125","4367913","4368193","chr2","38887936","38888227","42","34520023"
"JH378125","4384511","4384732","chr13","7317370","7317589","29","2932859"
"JH378125","4394222","4394311","chr3","65349691","65349782","12","60955469"
"JH378125","4399556","4399829","chr6","21181855","21182135","63","16782299"
"JH378125","4429479","4429582","chr1","39939684","39939788","12","35510205"
"JH378125","4431710","4431975","chr22","43966779","43967052","44","39535069"
"JH378125","4443108","4443422","chr6","16598509","16598818","34","12155401"
"JH378125","4476201","4476277","chr13","63031813","63031889","7","58555612"
"JH378125","4528970","4529251","chr14","79801787","79802070","40","75272817"
"JH378125","4563079","4563169","chr20","119761262","119761350","11","115198183"
"JH378125","4569043","4569156","chr6","1067449","1067558","11","3501594"
"JH378125","4590540","4590674","chr16","12732333","12732465","13","8141793"
"JH378125","4610405","4610691","chr6","10577820","10578099","42","5967415"
"JH378125","4686582","4686826","chr19","21060924","21061180","41","16374342"
"JH378125","4736360","4736643","chr23","46545944","46546226","42","41809584"
"JH378125","4753706","4754012","chr28","4550302","4550608","30","203404"
"JH378125","4773688","4773902","chr11","999593","999804","32","3774095"
"JH378125","4795806","4796088","chr12","27124486","27124768","33","22328680"
"JH378125","4801728","4802022","chr8","52344592","52344885","33","47542864"
"JH378125","4830854","4831164","chr29","7442350","7442654","45","2611496"
"JH378125","4833487","4833801","chr23","80703058","80703366","38","75869571"
"JH378125","4876053","4876146","chr2","34024008","34024103","14","29147955"
"JH378125","4903057","4903360","chr12","6805616","6805924","38","1902559"
"JH378125","4908726","4909019","chr22","10940743","10941034","28","6032017"
"JH378125","4927988","4928293","chr29","8278863","8279172","33","3350875"
"JH378125","4929494","4929801","chr23","44247755","44248062","36","39318261"
"JH378125","4937008","4937300","chr8","21494594","21494885","39","16557586"
"JH378125","4951936","4952226","chr9","57703533","57703815","43","52751597"
"JH378125","4967376","4967683","chr17","35258575","35258878","33","30291199"
"JH378125","4970630","4970938","chr26","38024857","38025165","33","33054227"
"JH378125","4984869","4985161","chr14","79801787","79802070","44","74816918"
"JH378125","4994528","4994820","chr10","127495198","127495486","38","122500670"
"JH378125","4999475","4999569","chr22","82220107","82220203","9","77220632"
"JH378125","5027313","5027606","chr29","10722547","10722839","34","5695234"
"JH378125","5033310","5033376","chr28","10739382","10739452","16","5706072"
"JH378125","5033554","5033849","chr16","30637924","30638212","38","25604370"
"JH378125","5143632","5143781","chr7","42961800","42961947","18","37818168"
"JH378125","5174887","5174971","chr16","4405728","4405812","6","769159"
"JH378125","5179514","5179812","chr2","34891557","34891863","34","29712043"
"JH378125","5191323","5191439","chr9","45427965","45428076","30","40236642"
"JH378125","5195446","5195756","chr2","42763208","42763513","36","37567762"
"JH378125","5200452","5200739","chr5","22668022","22668311","41","17467570"
"JH378125","5234788","5235029","chr16","10013512","10013752","35","4778724"
"JH378125","5281967","5282215","chr5","36485418","36485657","36","31203451"
"JH378125","5286290","5286436","chr3","90669571","90669712","19","85383281"
"JH378125","5295747","5296046","chr11","52684567","52684863","33","47388820"
"JH378125","5313354","5313619","chr16","68347000","68347257","35","63033646"
"JH378125","5315352","5315594","chr26","11007255","11007490","42","5691903"
"JH378125","5320487","5320662","chr13","12236374","12236552","22","6915887"
"JH378125","5370891","5371196","chr12","18922571","18922865","44","13551680"
"JH378125","5373997","5374315","chr23","65148033","65148342","41","59774036"
"JH378125","5375630","5375868","chr6","2372111","2372337","40","3003519"
"JH378125","5378029","5378208","chr2","37526693","37526876","36","32148664"
"JH378125","5382587","5382877","chr2","66530405","66530698","60","61147818"
"JH378125","5388349","5388425","chr10","95538249","95538325","8","90149900"
"JH378125","5393499","5393797","chr12","10064948","10065242","29","4671449"
"JH378125","5400885","5401193","chr7","96637694","96637997","34","91236809"
"JH378125","5408574","5408755","chr9","48534070","48534248","35","43125496"
"JH378125","5412521","5412815","chr9","90943231","90943523","38","85530710"
"JH378125","5421455","5421756","chr9","95969759","95970062","42","90548304"
"JH378125","5433368","5433667","chr12","10064948","10065242","31","4631580"
"JH378125","5471263","5471517","chr17","42447017","42447271","35","36975754"
"JH378125","5535547","5535845","chr9","11712162","11712458","45","6176615"
"JH378125","5543549","5543849","chr22","47793370","47793666","32","42249821"
"JH378125","5551633","5551927","chr12","60432247","60432540","31","54880614"
"JH378125","5569794","5570085","chr2","46306899","46307189","35","40737105"
"JH378125","5572156","5572287","chrX","60368209","60368339","13","54796053"
"JH378125","5573408","5573513","chr1","39939684","39939788","11","34366276"
"JH378125","5576892","5577163","chr11","52728921","52729205","41","47152029"
"JH378125","5614895","5615200","chr11","125798758","125799061","31","120183863"
"JH378125","5659543","5659848","chr9","90471365","90471661","32","84811822"
"JH378125","5677613","5677869","chr24","79718722","79718979","36","74041109"
"JH378125","5683482","5683702","chr12","25779469","25779689","31","20095987"
"JH378125","5684280","5684408","chr25","42084475","42084602","21","36400195"
"JH378125","5686885","5687191","chrX","114744806","114745112","36","109057921"
"JH378125","5748790","5748897","chr6","1067449","1067558","11","4681341"
"JH378125","5769664","5769771","chr1","62097932","62098038","13","56328268"
"JH378125","5780626","5780902","chr23","71125189","71125474","35","65344563"
"JH378125","5789510","5789717","chr19","5662814","5663015","30","126696"
"JH378125","5823389","5823694","chr15","86928795","86929095","37","81105406"
"JH378125","5840448","5840757","chr2","44239450","44239751","39","38399002"
"JH378125","5854354","5854661","chr29","8289755","8290055","33","2435401"
"JH378125","5858791","5859085","chr2","38197046","38197344","37","32338255"
"JH378125","5863453","5863740","chr8","94667632","94667918","42","88804179"
"JH378125","5873599","5873897","chr9","96314869","96315163","27","90441270"
"JH378125","5887160","5887470","chr26","5907158","5907461","41","19998"
"JH378125","5934140","5934427","chr9","96314869","96315163","46","90380729"
"JH378125","5940889","5941150","chr8","137518701","137518956","35","131577812"
"JH378125","6014508","6014829","chr10","89459842","89460157","33","83445334"
"JH378125","6052991","6053099","chr6","1067449","1067558","12","4985542"
"JH378125","6058744","6059043","chr10","93596989","93597285","46","87538245"
"JH378125","6169131","6169426","chr13","65577132","65577425","39","59408001"
"JH378125","6178432","6178560","chr23","82201349","82201479","12","76022917"
"JH378125","6186129","6186437","chr5","58458905","58459214","37","52272776"
"JH378125","6202725","6203028","chr14","83280638","83280949","37","77077913"
"JH378125","6233192","6233281","chr19","7758593","7758681","10","1525401"
"JH378125","6259753","6260043","chr12","10064948","10065242","42","3805195"
"JH378125","6264934","6265237","chrX","15732035","15732323","44","9467101"
"JH378125","6278334","6278637","chr12","74217361","74217667","36","67939027"
"JH378125","6284055","6284359","chr16","55157456","55157764","39","48873401"
"JH378125","6331979","6332275","chr9","90943231","90943523","36","84611252"
"JH378125","6333639","6333957","chr10","89459842","89460157","60","83126203"
"JH378125","6357154","6357231","chr28","14799270","14799340","8","8442116"
"JH378125","6466935","6467085","chr9","59130238","59130387","19","52663303"
"JH378125","6528637","6528928","chr1","72070763","72071050","41","65542126"
"JH378125","6551224","6551532","chr17","55864125","55864431","43","49312901"
"JH378125","6592035","6592334","chr22","47793370","47793666","42","41201335"
"JH378125","6596249","6596538","chr5","53255334","53255620","35","46659085"
"JH378125","6615818","6616118","chr27","22888845","22889148","28","16273027"
"JH378125","6627699","6627961","chr1","111829907","111830168","35","105202208"
"JH378125","6716163","6716466","chr15","87418589","87418893","39","80702426"
"JH378125","6755231","6755473","chrX","41275530","41275773","32","34520299"
"JH378125","6756595","6756667","chr13","63031813","63031889","9","56275218"
"JH378125","6757528","6757815","chr7","36238086","36238370","35","29480558"
"JH378125","6758964","6759078","chr11","128539002","128539115","14","121780038"
"JH378125","6783570","6783699","chr3","91348390","91348521","12","84564820"
"JH378125","6811320","6811451","chr15","19514175","19514311","18","12702855"
"JH378125","6815019","6815114","chr22","82220107","82220203","9","75405088"
"JH378125","6822341","6822469","chr20","20852752","20852882","12","14030411"
"JH378125","6825387","6825675","chr16","46287553","46287840","43","39462166"
"JH378125","6826469","6826744","chr1","33690485","33690764","39","26864016"
"JH378125","6837025","6837176","chr9","59130238","59130387","15","52293213"
"JH378125","6845046","6845368","chr8","138783299","138783607","46","131938253"
"JH378125","6845662","6845751","chr19","7758593","7758681","11","912931"
"JH378125","6867632","6867745","chr25","78291219","78291335","14","71423587"
"JH378125","6906291","6906568","chr1","63057759","63058034","37","56151468"
"JH378125","6949211","6949425","chr16","19345558","19345771","27","12396347"
"JH378125","6976291","6976377","chr16","4405728","4405812","10","2570563"
"JH378125","7006896","7007194","chr1","68219231","68219530","36","61212335"
"JH378125","7020987","7021279","chr9","83383980","83384273","38","76362993"
"JH378125","7022387","7022695","chr9","15987970","15988276","29","8965583"
"JH378125","7034179","7034471","chr21","74368618","74368909","43","67334439"
"JH378125","7040655","7040778","chr15","90834689","90834810","13","83794034"
"JH378125","7093656","7093770","chr6","1067449","1067558","12","6026207"
"JH378125","7106785","7107086","chr2","20242750","20243052","36","13135965"
"JH378125","7115512","7115620","chr20","25652388","25652489","15","18536876"
"JH378125","7116661","7116953","chr1","50373457","50373747","37","43256796"
"JH378125","7117058","7117364","chr5","2273487","2273788","28","4843571"
"JH378125","7125732","7125822","chr22","82220107","82220203","9","75094375"
"JH378125","7128789","7129083","chr15","49106775","49107060","53","41977986"
"JH378125","7162485","7162783","chr12","10064948","10065242","28","2902463"
"JH378125","7165639","7165889","chr27","39315008","39315257","34","32149369"
"JH378125","7183188","7183484","chr10","118597337","118597632","29","111414149"
"JH378125","7225994","7226165","chr8","89880781","89880954","23","82654787"
"JH378125","7231076","7231369","chr11","55020829","55021127","45","47789753"
"JH378125","7261369","7261600","chr10","106730861","106731105","57","99469492"
"JH378125","7277317","7277625","chr23","63610971","63611275","35","56333654"
"JH378125","7295916","7296216","chr15","3702894","3703194","36","3593022"
"JH378125","7307210","7307488","chrX","61008485","61008763","37","53701275"
"JH378125","7319863","7320167","chr11","64977264","64977571","47","57657401"
"JH378125","7329169","7329476","chr16","36083795","36084104","41","28754626"
"JH378125","7332074","7332371","chr16","18710057","18710354","37","11377983"
"JH378125","7364864","7365159","chrX","468680","468977","34","6896184"
"JH378125","7375476","7375755","chr11","101902346","101902617","45","94526870"
"JH378125","7397940","7398235","chr24","8381796","8382090","33","983856"
"JH378125","7399982","7400259","chr9","114015180","114015455","31","106615198"
"JH378125","7403198","7403504","chrX","22643602","22643906","39","15240404"
"JH378125","7403885","7404033","chr10","116006195","116006338","23","108602310"
"JH378125","7426007","7426318","chr26","18593596","18593901","42","11167589"
"JH378125","7460135","7460415","chr4","70847674","70847964","43","63387539"
"JH378125","7462410","7462700","chr21","25971507","25971796","33","18509097"
"JH378125","7473677","7473879","chr11","96721458","96721661","29","89247781"
"JH378125","7480193","7480332","chr1","63883321","63883461","15","56403128"
"JH378125","7513208","7513496","chrX","23977849","23978143","42","16464641"
"JH378125","7575841","7576140","chr3","23261120","23261420","40","15685279"
"JH378125","7635315","7635568","chr16","65341402","65341647","26","57706087"
"JH378125","7655586","7655866","chr28","3728149","3728441","50","3927437"
"JH378125","7658824","7659115","chr22","61137001","61137296","38","53478177"
"JH378125","7679490","7679767","chr16","32369324","32369619","50","24689834"
"JH378125","7711495","7711801","chr22","34146740","34147046","45","26435245"
"JH378125","7718927","7719197","chrX","111062211","111062478","40","103343284"
"JH378125","7786382","7786666","chr13","65577132","65577425","31","57790750"
"JH378125","7875016","7875316","chr5","16128550","16128857","45","8253534"
"JH378125","7882506","7882800","chr12","10064948","10065242","25","2182442"
"JH378125","7933971","7934236","chr2","37664959","37665217","48","29730988"
"JH378125","7962826","7963135","chr25","6178482","6178787","32","1784344"
"JH378125","7975677","7975985","chr1","108565860","108566161","41","100590183"
"JH378125","7984114","7984394","chr23","5517272","5517549","36","2466842"
"JH378125","7997617","7997920","chr6","47185187","47185490","36","39187570"
"JH378125","8000131","8000226","chr22","82220107","82220203","6","74219976"
"JH378125","8003289","8003558","chr11","117793063","117793332","40","109789774"
"JH378125","8010149","8010328","chr11","106130585","106130765","19","98120436"
"JH378125","8020338","8020616","chr10","93256104","93256376","48","85235766"
"JH378125","8021507","8021802","chr9","90943231","90943523","40","82921724"
"JH378125","8036355","8036641","chr10","55161197","55161486","39","47124842"
"JH378125","8040447","8040753","chr20","7540190","7540493","37","500257"
"JH378125","8116604","8116905","chr12","10064948","10065242","27","1948344"
"JH378125","8170987","8171088","chr26","41787612","41787715","18","33616625"
"JH378125","8202215","8202457","chr10","52997867","52998109","28","44795652"
"JH378125","8208112","8208189","chr10","95538249","95538325","8","87330137"
"JH378125","8244457","8244551","chr17","30129255","30129349","16","21884798"
"JH378125","8294544","8294693","chr5","32808854","32809002","18","24514310"
"JH378125","8402686","8402998","chr26","9300679","9300984","44","897993"
"JH378125","8436898","8437174","chr8","94942905","94943180","33","86506007"
"JH378125","8439427","8439557","chr20","20852752","20852882","10","12413325"
"JH378125","8441597","8441928","chr16","52975249","52975580","57","44533652"
"JH378125","8448114","8448205","chr1","39939684","39939788","19","31491570"
"JH378125","8467536","8467834","chr12","10064948","10065242","29","1597412"
"JH378125","8470340","8470644","chr12","45364302","45364605","42","36893962"
"JH378125","8536860","8536937","chr13","63031813","63031889","9","54494953"
"JH378125","8566451","8566730","chr5","22668022","22668311","34","14101571"
"JH378125","8573079","8573374","chr20","92481976","92482271","38","83908897"
"JH378125","8596255","8596559","chr12","102954295","102954602","36","94358040"
"JH378125","8603538","8603626","chr19","7758593","7758681","7","844945"
"JH378125","8655070","8655378","chrX","45808298","45808607","41","37153228"
"JH378125","8683473","8683781","chr14","83570862","83571166","50","74887389"
"JH378125","8707156","8707455","chr10","118597337","118597632","38","109890181"
"JH378125","8745425","8745726","chr13","65577132","65577425","28","56831707"
"JH378125","8812327","8812460","chr10","115777715","115777851","23","106965388"
"JH378125","8890410","8890721","chr2","34891557","34891863","30","26001147"
"JH378125","8898025","8898290","chr16","23631020","23631284","45","14732995"
"JH378125","8917565","8917872","chr2","34891557","34891863","34","25973992"
"JH378125","8967619","8967913","chr8","17014093","17014387","37","8046474"
"JH378125","8968637","8968933","chr11","46816354","46816653","35","37847717"
"JH378125","8994758","8995073","chr5","2324242","2324550","55","6670516"
"JH378125","9026876","9027178","chr1","68219231","68219530","27","59192355"
"JH378125","9030248","9030455","chr17","44703760","44703972","44","35673512"
"JH378125","9053387","9053681","chr5","56921180","56921483","38","47867793"
"JH378125","9065544","9065847","chr23","40897282","40897583","27","31831738"
"JH378125","9097725","9097806","chr5","67880800","67880883","8","58783075"
"JH378125","9206659","9206943","chr20","75127208","75127485","44","65920549"
"JH378125","9234088","9234408","chr10","82141536","82141843","50","72907448"
"JH378125","9235343","9235638","chr12","10064948","10065242","29","829605"
"JH378125","9263201","9263500","chr6","11210331","11210630","36","1947130"
"JH378125","9265497","9265781","chr16","63652876","63653158","38","54387379"
"JH378125","9267777","9268083","chr5","2273487","2273788","34","6994290"
"JH378125","9282546","9282839","chr11","6777773","6778069","38","2504773"
"JH378125","9296858","9297154","chr26","9697876","9698175","39","401018"
"JH378125","9309496","9309787","chr5","23639734","23640023","48","14330238"
"JH378125","9361493","9361771","chr11","64833784","64834059","35","55472291"
"JH378125","9427236","9427521","chr8","26738759","26739035","46","17311523"
"JH378125","9438941","9439249","chr12","42810804","42811100","43","33371863"
"JH378125","9443695","9443980","chr20","125301133","125301424","33","115857438"
"JH378125","9450523","9450826","chr11","51930789","51931091","35","42480266"
"JH378125","9460481","9460773","chr7","86104707","86105000","38","76644226"
"JH378125","9478666","9478968","chr23","78958611","78958915","41","69479945"
"JH378125","9489321","9489539","chr16","6238673","6238883","31","3250648"
"JH378125","9491926","9492047","chr15","90834689","90834810","14","81342763"
"JH378125","9495544","9495781","chr5","36485418","36485657","31","26989874"
"JH378125","9499651","9499962","chr2","34891557","34891863","29","25391906"
"JH378125","9518120","9518220","chr26","41787612","41787715","13","32269492"
"JH378125","9704783","9705075","chr19_AQIB01158124v1_random","22438","22725","39","9682345"
"JH378125","9717392","9717703","chrX","62513903","62514213","33","52796511"
"JH378125","9757893","9757989","chr22","82220107","82220203","6","72462214"
"JH378125","9835756","9835875","chr26","57662203","57662334","26","47826447"
"JH378125","9871327","9871656","chr4","53210078","53210416","38","43338751"
"JH378125","9883701","9883999","chr13","89783309","89783608","51","79899608"
"JH378125","9907833","9908169","chr12","27315202","27315510","126","17407369"
"JH378125","9959379","9959690","chr20","103824795","103825094","42","93865416"
"JH378125","9982810","9983110","chr5","2273487","2273788","32","7709323"
"JH378125","9998487","9998568","chr22","82220107","82220203","19","72221620"
"JH378125","10075751","10076048","chr20","122789292","122789589","42","112713541"
"JH378125","10203453","10203758","chr16","55157456","55157764","35","44954003"
"JH378125","10206208","10206522","chr18","67218974","67219278","58","57012766"
"JH378125","10268650","10268932","chr23","16142942","16143228","57","5874292"
"JH378125","10287659","10287946","chr13","74442159","74442450","46","64154500"
"JH378125","10354967","10355295","chr5","24362564","24362891","60","14007597"
"JH378125","10401859","10402000","chr3","90669571","90669712","15","80267712"
"JH378125","10425504","10425610","chr6","1067449","1067558","12","9358055"
"JH378125","10456347","10456643","chr10","85994531","85994826","34","75538184"
"JH378125","10477108","10477399","chr14","45340459","45340751","35","34863351"
"JH378125","10486405","10486689","chr14","45112834","45113124","33","34626429"
"JH378125","10490443","10490562","chr15","90834689","90834810","12","80344246"
"JH378125","10503378","10503673","chr24","35439655","35439950","29","24936277"
"JH378125","10570358","10570641","chr11","19611133","19611417","40","9040775"
"JH378125","10574405","10574527","chr15","90834689","90834810","11","80260284"
"JH378125","10594408","10594703","chr12","10064948","10065242","31","529460"
"JH378125","10723466","10723690","chr6","2372111","2372337","33","8351355"
"JH378125","10865839","10866117","chr12","87620481","87620757","40","76754642"
"JH378125","10896851","10896951","chrX","2017984","2018087","11","8878867"
"JH378125","10917194","10917459","chr26","39306794","39307057","43","28389600"
"JH378125","10970096","10970407","chr6","29168940","29169240","41","18198844"
"JH378125","10971169","10971473","chr16","48421590","48421886","46","37450421"
"JH378125","10971968","10972275","chr10","89380638","89380940","38","78408670"
"JH378125","10980702","10981002","chr24","70146905","70147203","39","59166203"
"JH378125","10983100","10983387","chr7","100037094","100037378","38","89053994"
"JH378125","11007127","11007288","chr14","84293151","84293311","34","73286024"
"JH378125","11046616","11046909","chr2","57111387","57111678","22","46064771"
"JH378125","11064053","11064359","chr9","15987970","15988276","44","4923917"
"JH378125","11069711","11069993","chr12","26827271","26827548","34","15757560"
"JH378125","11073843","11073973","chr3","91348390","91348521","9","80274547"
"JH378125","11081787","11082081","chr26","3010283","3010579","43","8071504"
"JH378125","11086364","11086652","chr14","5499153","5499435","37","5587211"
"JH378125","11117993","11118292","chr23","41434219","41434517","33","30316226"
"JH378125","11120582","11120855","chrX","126393011","126393284","32","115272429"
"JH378125","11175403","11175666","chr11","63143554","63143815","46","51968151"
"JH378125","11190297","11190436","chr26","6591504","6591639","13","4598793"
"JH378125","11219845","11220121","chr17","67556877","67557151","46","56337032"
"JH378125","11304276","11304576","chr12","10064948","10065242","29","1239328"
"JH378125","11327571","11327866","chr11","49537220","49537510","36","38209649"
"JH378125","11352474","11352783","chr1","65504304","65504612","31","54151830"
"JH378125","11365683","11365975","chr15","64187917","64188210","46","52822234"
"JH378125","11418489","11418752","chr16","68347000","68347257","35","56928511"
"JH378125","11419128","11419427","chr17","55864125","55864431","47","44444997"
"JH378125","11453203","11453490","chr11","16140631","16140920","36","4687428"
"JH378125","11519512","11519811","chr12","10064948","10065242","24","1454564"
"JH378125","11524666","11524974","chr5","42956240","42956546","38","31431574"
"JH378125","11570451","11570743","chr24","26889381","26889666","39","15318930"
"JH378125","11611589","11611891","chr5","2273487","2273788","35","9338102"
"JH378125","11621067","11621330","chr10","10813818","10814077","51","807249"
"JH378125","11621873","11621994","chr15","90834689","90834810","13","79212816"
"JH378125","11637642","11637875","chr13","28367835","28368071","50","16730193"
"JH378125","11664427","11664732","chr16","33931179","33931485","42","22266752"
"JH378125","11665983","11666271","chr19","33113519","33113810","46","21447536"
"JH378125","11710969","11711269","chr13","78285393","78285691","38","66574424"
"JH378125","11752792","11753092","chr2","25122492","25122796","40","13369700"
"JH378125","11839017","11839321","chr24","68895333","68895641","45","57056316"
"JH378125","11927026","11927321","chr11","28325337","28325632","38","16398311"
"JH378125","12000001","12000157","chr15","90845759","90845918","26","78845758"
"JH378125","12060498","12060788","chr12","10064948","10065242","34","1995550"
"JH378125","12114307","12114617","chr2","34891557","34891863","39","22777250"
"JH378125","12156059","12156317","chr9","96390861","96391117","48","84234802"
"JH378125","12177872","12178034","chr11","19235479","19235637","33","7057607"
"JH378125","12207481","12207784","chr15","18549945","18550246","33","6342464"
"JH378125","12223842","12224151","chr6","45935614","45935922","39","33711772"
"JH378125","12233034","12233345","chr6","17789543","17789856","42","5556509"
"JH378125","12239284","12239578","chr16","53397850","53398143","41","41158566"
"JH378125","12240559","12240866","chr12","6781553","6781865","45","5459006"
"JH378125","12256236","12256553","chr28","4550302","4550608","39","7705934"
"JH378125","12277245","12277543","chr12","10064948","10065242","30","2212297"
"JH378125","12277690","12277990","chr8","63257780","63258086","46","50980090"
"JH378125","12279914","12280058","chr18","58918281","58918426","15","46638367"
"JH378125","12283632","12283921","chr9","118446169","118446455","42","106162537"
"JH378125","12288587","12288885","chr8","18530878","18531178","38","6242291"
"JH378125","12290813","12291108","chrX","38165752","38166040","41","25874939"
"JH378125","12293195","12293489","chr8","52344592","52344885","40","40051397"
"JH378125","12377156","12377449","chr12","98832610","98832913","48","86455454"
"JH378125","12404739","12405034","chr12","60432247","60432540","32","48027508"
"JH378125","12409602","12409872","chr13","90277401","90277674","37","77867799"
"JH378125","12427572","12427870","chr12","10064948","10065242","25","2362624"
"JH378125","12433174","12433304","chr20","20852752","20852882","12","8419578"
"JH378125","12458761","12459021","chr26","21200479","21200735","34","8741718"
"JH378125","12523153","12523458","chrX","125302543","125302844","32","112779390"
"JH378125","12561311","12561535","chr28","1528822","1529047","33","11032489"
"JH378125","12653288","12653418","chr26","50406966","50407092","24","37753678"
"JH378125","12668154","12668249","chr22","82220107","82220203","7","69551953"
"JH378125","12673189","12673493","chrX","61010412","61010706","64","48337223"
"JH378125","12674656","12674962","chr5","66812818","66813124","61","54138162"
"JH378125","12676331","12676613","chr23","34328669","34328947","55","21652338"
"JH378125","12678027","12678312","chr12","65527548","65527825","49","52849521"
"JH378125","12679448","12679728","chr21","121377889","121378159","53","108698441"
"JH378125","12687234","12687538","chr12","6781553","6781865","92","5905681"
"JH378125","12762039","12762344","chr8","134989821","134990115","40","122227782"
"JH378125","12790567","12790696","chr11","106843296","106843425","15","94052729"
"JH378125","12797879","12798176","chr13","91635851","91636141","39","78837972"
"JH378125","12875550","12875845","chr24","46293989","46294286","42","33418439"
"JH378125","12926875","12927166","chr11","115292126","115292409","54","102365251"
"JH378125","12952725","12952989","chr1","61450075","61450343","42","48497350"
"JH378125","13032229","13032327","chr22","82220107","82220203","8","69187878"
"JH378125","13051655","13052000","chr14","46171515","46171849","46","33119860"
"JH378125","13110248","13110535","chr15","12031507","12031804","42","1078741"
"JH378125","13159960","13160246","chr21","25123896","25124189","35","11963936"
"JH378125","13168213","13168489","chr24","76614329","76614607","43","63446116"
"JH378125","13192567","13192852","chr5","42662951","42663235","36","29470384"
"JH378125","13242601","13242687","chr16","4405728","4405812","6","8836873"
"JH378125","13257429","13257714","chr9","118446169","118446455","31","105188740"
"JH378125","13278007","13278100","chr22","82220107","82220203","9","68942100"
"JH378125","13295436","13295586","chr9","59130238","59130387","15","45834802"
"JH378125","13321088","13321384","chr8","52344592","52344885","47","39023504"
"JH378125","13333455","13333538","chr16","4405728","4405812","5","8927727"
"JH378125","13341689","13341969","chr7","4315632","4315915","34","9026057"
"JH378125","13345731","13345803","chr13","63031813","63031889","9","49686082"
"JH378125","13378273","13378577","chr5","2273487","2273788","29","11104786"
"JH378125","13380811","13381066","chr7","98402247","98402504","65","85021436"
"JH378125","13415331","13415632","chr1","68219231","68219530","42","54803900"
"JH378125","13481907","13482193","chr11","19611133","19611417","31","6129226"
"JH378125","13484820","13484945","chr9","103739806","103739931","15","90254986"
"JH378125","13506237","13506343","chr1","62097932","62098038","13","48591695"
"JH378125","13516315","13516612","chr12","10064948","10065242","33","3451367"
"JH378125","13525035","13525332","chr13","65577132","65577425","37","52052097"
"JH378125","13528037","13528338","chr12","10064948","10065242","28","3463089"
"JH378125","13564618","13564918","chr5","2273487","2273788","32","11291131"
"JH378125","13589000","13589143","chr3","90669571","90669712","16","77080571"
"JH378125","13591116","13591419","chr29","8278863","8279172","41","5312253"
"JH378125","13639997","13640291","chrX","23977849","23978143","35","10337852"
"JH378125","13648777","13648907","chr19","5294457","5294586","19","8354320"
"JH378125","13649409","13649703","chrX","95460911","95461200","33","81811502"
"JH378125","13657291","13657509","chrX","63929276","63929493","27","50271985"
"JH378125","13674436","13674722","chr2","24787089","24787379","43","11112653"
"JH378125","13701010","13701273","chr23","31836812","31837073","38","18135802"
"JH378125","13704999","13705286","chr12","76875410","76875697","38","63170411"
"JH378125","13713380","13713693","chr8","81998382","81998693","36","68285002"
"JH378125","13720498","13720801","chr24","77151054","77151355","35","63430556"
"JH378125","13722835","13723139","chr17","58080479","58080781","40","44357644"
"JH378125","13734282","13734411","chr3","91348390","91348521","15","77614108"
"JH378125","13748116","13748359","chr11","119259842","119260088","32","105511726"
"JH378125","13754567","13754844","chr15","87098533","87098817","37","73343966"
"JH378125","13775340","13775635","chr12","35145733","35146027","50","21370393"
"JH378125","13783659","13783958","chr25","6963897","6964187","44","6819762"
"JH378125","13822694","13822811","chr4","60395666","60395783","11","46572972"
"JH378125","13840492","13840582","chr3","65349691","65349782","11","51509199"
"JH378125","13865208","13865494","chr11","40227465","40227746","48","26362257"
"JH378125","13907427","13907742","chr26","15539813","15540127","47","1632386"
"JH378125","13946989","13947296","chr22","18232920","18233227","43","4285931"
"JH378125","13960639","13960942","chr22","69241913","69242221","48","55281274"
"JH378125","14008961","14009258","chr29","7828062","7828362","39","6180899"
"JH378125","14061349","14061665","chr12","84113723","84114031","42","70052374"
"JH378125","14140662","14140783","chr15","90834689","90834810","12","76694027"
"JH378125","14261900","14262098","chr20","100432116","100432309","36","86170216"
"JH378125","14292558","14292849","chr18","71629517","71629808","43","57336959"
"JH378125","14333525","14333825","chr11","55020829","55021127","33","40687304"
"JH378125","14339910","14340215","chr1","24768752","24769058","43","10428842"
"JH378125","14346848","14347157","chr11","97795304","97795611","49","83448456"
"JH378125","14406624","14406849","chrX","7101116","7101342","34","7305508"
"JH378125","14415478","14415628","chr9","59130238","59130387","17","44714760"
"JH378125","14429610","14429906","chr11","53220620","53220917","39","38791010"
"JH378125","14452000","14452295","chr12","10064948","10065242","22","4387052"
"JH378125","14502820","14503129","chr8","58838448","58838757","43","44335628"
"JH378125","14521728","14522033","chr3","10937420","10937729","40","3584308"
"JH378125","14601264","14601570","chr5","36774379","36774687","30","22173115"
"JH378125","14605132","14605445","chr26","19210132","19210437","45","4605000"
"JH378125","14607946","14608244","chr7","93852704","93852990","43","79244758"
"JH378125","14654891","14655201","chr22","79312691","79312998","44","64657800"
"JH378125","14671227","14671469","chr11","119259842","119260088","26","104588615"
"JH378125","14705924","14706206","chr14","97941700","97941982","31","83235776"
"JH378125","14723630","14723917","chr9","62273501","62273789","41","47549871"
"JH378125","14752599","14752729","chr8","30816712","30816842","13","16064113"
"JH378125","14759146","14759459","chrX","28194989","28195297","47","13435843"
"JH378125","14775956","14776258","chr11","103943753","103944060","44","89167797"
"JH378125","14777373","14777664","chr22","10940743","10941034","29","3836630"
"JH378125","14785133","14785414","chr19","22521438","22521721","48","7736305"
"JH378125","14819720","14820032","chr1","2872653","2872961","45","11947067"
"JH378125","14828754","14829016","chr16","23631020","23631284","39","8802266"
"JH378125","14849477","14849606","chr20","20852752","20852882","10","6003275"
"JH378125","14880251","14880549","chr9","13973543","13973840","38","906708"
"JH378125","14895177","14895472","chr25","81017700","81017987","36","66122523"
"JH378125","14966703","14967009","chr1","21495000","21495304","37","6528297"
"JH378125","15000898","15001205","chr15","37037766","37038071","43","22036868"
"JH378125","15012198","15012509","chr16","7515507","7515811","37","7496691"
"JH378125","15013200","15013454","chr27","28990490","28990758","51","13977290"
"JH378125","15040967","15041239","chrX","15774021","15774297","32","733054"
"JH378125","15064661","15064958","chr21","22838763","22839060","31","7774102"
"JH378125","15082323","15082605","chr1","118425127","118425408","42","103342804"
"JH378125","15124627","15124844","chrX","63929276","63929493","34","48804649"
"JH378125","15125244","15125315","chr6","18529045","18529113","15","3403801"
"JH378125","15140854","15141163","chr11","51930789","51931091","41","36789935"
"JH378125","15150214","15150324","chr6","1067449","1067558","10","14082765"
"JH378125","15161394","15161535","chr17","47733511","47733658","20","32572117"
"JH378125","15172884","15173181","chr12","10064948","10065242","32","5107936"
"JH378125","15192509","15192807","chr10","118597337","118597632","32","103404828"
"JH378125","15200672","15200977","chr17","34393475","34393780","39","19192803"
"JH378125","15214000","15214297","chr12","10064948","10065242","26","5149052"
"JH378125","15221205","15221506","chr3","75030450","75030748","44","59809245"
"JH378125","15223679","15223973","chr2","46306899","46307189","44","31083220"
"JH378125","15230233","15230535","chr23","34591432","34591727","43","19361199"
"JH378125","15254611","15254903","chr12","10064948","10065242","30","5189663"
"JH378125","15262375","15262573","chr19","5662814","5663015","28","9599561"
"JH378125","15312468","15312754","chr8","75450257","75450544","44","60137789"
"JH378125","15324777","15325020","chrX","19806502","19806744","30","4481725"
"JH378125","15327292","15327570","chr21","35152857","35153136","36","19825565"
"JH378125","15330416","15330712","chr12","10064948","10065242","33","5265468"
"JH378125","15332168","15332456","chr5","1720771","1721058","35","13611397"
"JH378125","15336238","15336547","chr20","105941906","105942211","38","90605668"
"JH378125","15351023","15351112","chr22","82220107","82220203","10","66869084"
"JH378125","15354198","15354505","chr26","6059541","6059849","31","9294657"
"JH378125","15380788","15381086","chr22","47793370","47793666","32","32412582"
"JH378125","15386661","15386762","chrX","2017984","2018087","12","13368677"
"JH378125","15402035","15402332","chr13","45058548","45058844","31","29656513"
"JH378125","15441591","15441686","chr22","82220107","82220203","7","66778516"
"JH378125","15463413","15463715","chr1","108565860","108566161","34","93102447"
"JH378125","15470149","15470251","chrX","2017984","2018087","9","13452165"
"JH378125","15481616","15481912","chr12","10064948","10065242","30","5416668"
"JH378125","15532321","15532629","chr29","23793404","23793710","47","8261083"
"JH378125","15539640","15539929","chr5","22668022","22668311","28","7128382"
"JH378125","15607900","15608188","chr11","49537220","49537510","41","33929320"
"JH378125","15620643","15620942","chr8","91434027","91434331","37","75813384"
"JH378125","15629088","15629403","chrX","89638803","89639111","53","74009715"
"JH378125","15638382","15638676","chr8","66644262","66644564","44","51005880"
"JH378125","15650509","15650777","chr25","78285122","78285400","62","62634613"
"JH378125","15654316","15654620","chr11","55020829","55021127","39","39366513"
"JH378125","15680230","15680527","chr20_KE148049v1_random","1207969","1208266","39","14472261"
"JH378125","15697860","15698150","chr20","75127208","75127485","38","59429348"
"JH378125","15712499","15712803","chrX","99240714","99241024","37","83528215"
"JH378125","15713813","15714066","chr12","8199200","8199450","34","7514613"
"JH378125","15751716","15752013","chrX","23977849","23978143","29","8226133"
"JH378125","15771165","15771475","chr5","36774379","36774687","30","21003214"
"JH378125","15793339","15793642","chrX","11815348","11815650","29","3977991"
"JH378125","15801938","15802227","chr5","42662951","42663235","35","26861013"
"JH378125","15811935","15812029","chr22","82220107","82220203","9","66408172"
"JH378125","15864516","15864812","chr12","10064948","10065242","30","5799568"
"JH378125","15911782","15912075","chr11","91591287","91591582","34","75679505"
"JH378125","15912341","15912653","chr13","4659506","4659815","43","11252835"
"JH378125","15917177","15917483","chr1","115641705","115642012","42","99724528"
"JH378125","15922085","15922372","chr24","11806440","11806728","51","4115645"
"JH378125","15967445","15967742","chr22","33636779","33637080","51","17669334"
"JH378125","15985891","15986188","chr3","69332563","69332863","40","53346672"
"JH378125","16012349","16012648","chr12","74217361","74217667","42","58205012"
"JH378125","16021843","16022151","chr9","39095858","39096151","50","23074015"
"JH378125","16105653","16105872","chr22","9316072","9316296","32","6789581"
"JH378125","16112037","16112166","chr16","31737705","31737835","11","15625668"
"JH378125","16114788","16114862","chr10","95538249","95538325","10","79423461"
"JH378125","16120616","16120929","chr20","94983084","94983392","62","78862468"
"JH378125","16124366","16124510","chr10","88960959","88961102","15","72836593"
"JH378125","16135293","16135580","chr14","80284365","80284655","32","64149072"
"JH378125","16158251","16158381","chr3","91348390","91348521","10","75190139"
"JH378125","16164036","16164257","chr23","43376123","43376346","36","27212087"
"JH378125","16176292","16176410","chr6","11193830","11193948","13","4982462"
"JH378125","16189339","16189636","chr16","33925418","33925712","34","17736079"
"JH378125","16198995","16199294","chrX","121102765","121103048","50","104903770"
"JH378125","16213446","16213522","chr10","95538249","95538325","10","79324803"
"JH378125","16216660","16216775","chr6","11193830","11193948","16","5022830"
"JH378125","16216911","16217096","chr13","79609427","79609608","34","63392516"
"JH378125","16224288","16224561","chr6","17091539","17091818","50","867251"
"JH378125","16230602","16230902","chr23","41390216","41390518","34","25159614"
"JH378125","16233527","16233656","chr1","97802296","97802426","16","81568769"
"JH378125","16239842","16239987","chr17","47733511","47733658","15","31493669"
"JH378125","16246044","16246133","chr3","65349691","65349782","11","49103647"
"JH378125","16253189","16253400","chr24","41240137","41240352","35","24986948"
"JH378125","16265526","16265611","chr5","67880800","67880883","8","51615274"
"JH378125","16279405","16279488","chr5","67880800","67880883","8","51601395"
"JH378125","16286278","16286358","chr16","4405728","4405812","9","11880550"
"JH378125","16303254","16303396","chr17","28507557","28507698","16","12204303"
"JH378125","16305359","16305448","chr19","7758593","7758681","10","8546766"
"JH378125","16307545","16307794","chr11","44436513","44436764","35","28128968"
"JH378125","16310496","16310783","chr9","114015180","114015455","47","97704684"
"JH378125","16310813","16310903","chr3","65349691","65349782","10","49038878"
"JH378125","16319381","16319508","chr6","16177595","16177722","20","141786"
"JH378125","16320305","16320505","chr11","96721458","96721661","24","80401153"
"JH378125","16321882","16322193","chr1","108565860","108566161","43","92243978"
"JH378125","16325134","16325452","chrX","28194989","28195297","41","11869855"
"JH378125","16329591","16329679","chr5","67880800","67880883","9","51551209"
"JH378125","16340573","16340663","chr3","65349691","65349782","11","49009118"
"JH378125","16380607","16380889","chr11","19611133","19611417","51","3230526"
"JH378125","16385820","16386111","chr20","121618255","121618545","44","105232435"
"JH378125","16399371","16399492","chr15","90834689","90834810","10","74435318"
"JH378125","16405691","16405798","chr1","62097932","62098038","11","45692241"
"JH378125","16406944","16407239","chr12","10064948","10065242","31","6341996"
"JH378125","16433499","16433592","chr13","90214208","90214294","18","73780709"
"JH378125","16447851","16447989","chr3","90669571","90669712","14","74221720"
"JH378125","16460908","16461207","chrX","95460911","95461200","43","79000003"
"JH378125","16468142","16468259","chr14","74460545","74460661","10","57992403"
"JH378125","16470972","16471121","chr2","87070800","87070947","19","70599828"
"JH378125","16477606","16477912","chrX","125302543","125302844","32","108824937"
"JH378125","16488482","16488719","chr26","14438107","14438343","26","2050375"
"JH378125","16494551","16494870","chr13","74528437","74528748","43","58033886"
"JH378125","16596021","16596320","chr10","118597337","118597632","32","102001316"
"JH378125","16672913","16673029","chr20","115102100","115102215","11","98429187"
"JH378125","16679045","16679348","chr25","56498862","56499159","38","39819817"
"JH378125","16683572","16683661","chr3","65349691","65349782","11","48666119"
"JH378125","16685222","16685336","chr20","115102100","115102215","12","98416878"
"JH378125","16697300","16697586","chr10","90402340","90402635","39","73705040"
"JH378125","16707972","16708276","chr5","2273487","2273788","31","14434485"
"JH378125","16710173","16710318","chr3","90669571","90669712","17","73959398"
"JH378125","16739645","16739743","chr3","73832741","73832841","21","57093096"
"JH378125","16776543","16776847","chr1","17652647","17652955","42","876104"
"JH378125","16784367","16784662","chr14","64667505","64667798","36","47883138"
"JH378125","16932030","16932108","chr16","3308866","3308945","7","13623164"
"JH378125","16943195","16943491","chr11","49936584","49936879","32","32993389"
"JH378125","16990474","16990621","chr9","59130238","59130387","13","42139764"
"JH378125","17012244","17012350","chr1","39939684","39939788","12","22927440"
"JH378125","17021440","17021740","chr8","18530878","18531178","49","1509438"
"JH378125","17027790","17028098","chr11","115525233","115525542","36","98497443"
"JH378125","17033342","17033428","chr16","4405728","4405812","7","12627614"
"JH378125","17045903","17046200","chr12","10064948","10065242","23","6980955"
"JH378125","17067852","17068158","chr5","27918350","27918656","37","10850498"
"JH378125","17096024","17096326","chr9","28365288","28365588","36","11269264"
"JH378125","17097082","17097375","chr18","71629517","71629808","28","54532435"
"JH378125","17097875","17097963","chr16","4405728","4405812","10","12692147"
"JH378125","17114836","17115140","chr5","2273487","2273788","31","14841349"
"JH378125","17122424","17122727","chr11","45826349","45826644","37","28703925"
"JH378125","17166762","17166909","chr11","7845946","7846092","17","9320816"
"JH378125","17171331","17171472","chr9","86109665","86109806","13","68938334"
"JH378125","17206269","17206560","chr25","51030152","51030441","37","33823883"
"JH378125","17207787","17208083","chr12","10064948","10065242","27","7142839"
"JH378125","17218226","17218504","chr4","38256403","38256677","47","21038177"
"JH378125","17222352","17222656","chr13","64989908","64990202","40","47767556"
"JH378125","17280950","17281223","chr20","88316924","88317201","28","71035974"
"JH378125","17287609","17287914","chr18","31501692","31501998","33","14214083"
"JH378125","17368060","17368357","chr18","66189352","66189642","46","48821292"
"JH378125","17376530","17376826","chr11","668771","669076","44","16707759"
"JH378125","17389819","17390111","chr17","35189232","35189525","30","17799413"
"JH378125","17396188","17396491","chr12","10064948","10065242","28","7331240"
"JH378125","17445404","17445714","chr24","68895333","68895641","32","51449929"
"JH378125","17477193","17477483","chr18","71480316","71480609","37","54003123"
"JH378125","17541947","17542254","chr16","30398852","30399159","34","12856905"
"JH378125","17564163","17564451","chr3","78426010","78426296","39","60861847"
"JH378125","17567657","17567950","chr1","26491346","26491637","36","8923689"
"JH378125","17600930","17601220","chrX","66483446","66483732","49","48882516"
"JH378125","17625218","17625286","chr6","18529045","18529113","18","903827"
"JH378125","17637318","17637611","chr20","41122725","41123014","39","23485407"
"JH378125","17652607","17652917","chr29","2740091","2740398","40","14912516"
"JH378125","17690213","17690441","chr20","22435405","22435643","43","4745192"
"JH378125","17723358","17723652","chr8","1916519","1916819","32","15806839"
"JH378125","17724093","17724409","chr2","6843755","6844035","67","10880338"
"JH378125","17833914","17834210","chrX","115847772","115848064","43","98013858"
"JH378125","17933191","17933495","chr5","2273487","2273788","35","15659704"
"JH378125","18130310","18130613","chr1","108565860","108566161","36","90435550"
"JH378125","18188761","18189065","chr14","44038439","44038738","40","25849678"
"JH378125","18302620","18302921","chr25","47299088","47299388","36","28996468"
"JH378125","18322596","18322899","chr12","10064948","10065242","26","8257648"
"JH378125","18324989","18325296","chr5","2273487","2273788","37","16051502"
"JH378125","18328711","18328981","chr6","9993126","9993409","44","8335585"
"JH378125","18399952","18400252","chr23","41434219","41434517","37","23034267"
"JH378125","18437743","18438035","chrX","104601258","104601549","35","86163515"
"JH378125","18498609","18498812","chr22","35904405","35904609","32","17405796"
"JH378125","18562258","18562563","chrUn_AQIB01158432v1","1435","1738","31","18560823"
"JH378125","18604695","18605004","chr5","2273487","2273788","36","16331208"
"JH378125","18634382","18634529","chr3","90669571","90669712","15","72035189"
"JH378125","18640506","18640808","chr21","36464675","36464969","28","17824169"
"JH378125","18644514","18644826","chr26","6059541","6059849","40","12584973"
"JH378125","18649200","18649448","chr8","16250981","16251236","33","2398219"
"JH378125","18659154","18659286","chr3","91348390","91348521","11","72689236"
"JH378125","18670074","18670360","chr6","16892687","16892967","39","1777387"
"JH378125","18711982","18712281","chr14","311106","311397","47","18400876"
"JH378125","18715644","18715767","chr15","63230337","63230464","19","44514693"
"JH378125","18718577","18718881","chr5","2273487","2273788","25","16445090"
"JH378125","18721868","18722097","chr20","92882451","92882681","30","74160583"
"JH378125","18738203","18738523","chr6","15953108","15953417","45","2785095"
"JH378125","18739536","18739826","chr11","42115371","42115662","34","23375835"
"JH378125","18751109","18751396","chr20","111628300","111628588","43","92877191"
"JH378125","18766483","18766795","chr29","8289755","8290055","47","10476728"
"JH378125","18777692","18777987","chr12","10064948","10065242","25","8712744"
"JH378125","18780343","18780644","chr2","38197046","38197344","41","19416703"
"JH378125","18792493","18792796","chr2","60904952","60905253","44","42112459"
"JH378125","18813269","18813359","chr3","65349691","65349782","11","46536422"
"JH378125","18823322","18823626","chr5","2273487","2273788","33","16549835"
"JH378125","18832337","18832531","chr12","106587426","106587613","42","87755089"
"JH378125","18866906","18867054","chr9","59130238","59130387","15","40263332"
"JH378125","18888055","18888148","chr20","27172985","27173075","14","8284930"
"JH378125","18909447","18909738","chr27","10946991","10947278","37","7962456"
"JH378125","18947589","18947693","chr1","39939684","39939788","8","20992095"
"JH378125","18951529","18951818","chr9","114015180","114015455","40","95063651"
"JH378125","18977788","18978099","chr1","108565860","108566161","33","89588072"
"JH378125","18981439","18981754","chr11","115525233","115525542","35","96543794"
"JH378125","19035860","19036151","chr12","30324456","30324749","40","11288596"
"JH378125","19040008","19040142","chrX","61140658","61140793","14","42100650"
"JH378125","19040947","19041061","chr20","7771242","7771360","18","11269705"
"JH378125","19050352","19050653","chr4","62222786","62223086","38","43172434"
"JH378125","19078540","19078834","chr14","83371933","83372231","48","64293393"
"JH378125","19098613","19098911","chr12","10064948","10065242","26","9033665"
"JH378125","19104703","19105009","chr1","108565860","108566161","36","89461157"
"JH378125","19142242","19142554","chr11","115525233","115525542","30","96382991"
"JH378125","19164987","19165277","chr5","14031138","14031428","45","5133849"
"JH378125","19180080","19180384","chr2","35933723","35934028","33","16753643"
"JH378125","19184318","19184419","chrX","2017984","2018087","10","17166334"
"JH378125","19192061","19192362","chr12","10064948","10065242","33","9127113"
"JH378125","19205817","19205911","chr22","82220107","82220203","10","63014290"
"JH378125","19215552","19215680","chr11","106843296","106843425","13","87627744"
"JH378125","19223445","19223649","chrX","107162073","107162271","36","87938628"
"JH378125","19227676","19227972","chr12","10064948","10065242","27","9162728"
"JH378125","19230243","19230547","chr12","10064948","10065242","33","9165295"
"JH378125","19246747","19246842","chr22","82220107","82220203","8","62973360"
"JH378125","19261118","19261422","chr9","72282914","72283221","40","53021796"
"JH378125","19302997","19303283","chr19","22892545","22892830","35","3589548"
"JH378125","19311446","19311570","chr1","8688937","8689061","13","10622509"
"JH378125","19322394","19322694","chr12","10064948","10065242","34","9257446"
"JH378125","19330967","19331259","chr12","10064948","10065242","33","9266019"
"JH378125","19385256","19385566","chr8","26615780","26616077","46","7230524"
"JH378125","19396566","19396880","chr24","68895333","68895641","37","49498767"
"JH378125","19403255","19403542","chr1","120627658","120627951","44","101224403"
"JH378125","19466205","19466334","chr3","91348390","91348521","14","71882185"
"JH378125","19468324","19468617","chr21","74368618","74368909","33","54900294"
"JH378125","19527087","19527373","chr11","42115371","42115662","36","22588284"
"JH378125","19579610","19579923","chr2","34891557","34891863","36","15311947"
"JH378125","19657872","19658130","chr9","92500633","92500888","40","72842761"
"JH378125","19777873","19778006","chr9","57915134","57915252","42","38137261"
"JH378125","19824490","19824796","chr14","22799686","22799991","35","2975196"
"JH378125","19829589","19829903","chr1","44604324","44604630","43","24774735"
"JH378125","19841369","19841667","chr29","8289755","8290055","40","11551614"
"JH378125","19945699","19945989","chr29","20068397","20068691","50","122698"
"JH378125","19968832","19969127","chr27","32702186","32702484","45","12733354"
"JH378125","20297966","20298280","chr2","34891557","34891863","37","14593591"
"JH378125","20308436","20308729","chr10","55224096","55224386","37","34915660"
"JH378125","20320356","20320613","chr24","79718722","79718979","40","59398366"
"JH378125","20379342","20379485","chr21","116833255","116833400","25","96453913"
"JH378125","20389586","20389893","chr5","27918350","27918656","42","7528764"
"JH378125","20411141","20411441","chr20","91789557","91789859","40","71378416"
"JH378125","20423405","20423540","chr6","7501396","7501533","16","12922009"
"JH378125","20443069","20443362","chr8","19896234","19896527","46","546835"
"JH378125","20469873","20469961","chr19","7758593","7758681","8","12711280"
"JH378125","20626704","20627009","chr23","68451127","68451430","38","47824423"
"JH378125","20669189","20669470","chr3","89507258","89507533","46","68838069"
"JH378125","20691932","20692133","chr17","40172220","40172415","33","19480288"
"JH378125","20692449","20692555","chrX","2017984","2018087","15","18674465"
"JH378125","20716421","20716715","chr24","27972495","27972791","40","7256074"
"JH378125","20720743","20721035","chr10","44949754","44950043","44","24229011"
"JH378125","20726556","20726850","chrX","23977849","23978143","34","3251293"
"JH378125","20744067","20744362","chr23","52118830","52119121","40","31374763"
"JH378125","20783265","20783562","chr9","105044695","105044992","41","84261430"
"JH378125","20825803","20826107","chr14","22799686","22799991","37","1973883"
"JH378125","20863204","20863440","chr17","58200635","58200879","46","37337431"
"JH378125","20922683","20922967","chr14","83710780","83711066","44","62788097"
"JH378125","20981970","20982285","chr8","81998382","81998693","37","61016412"
"JH378125","21102748","21103037","chrX","671272","671550","37","20431476"
"JH378125","21129298","21129600","chr13","21804385","21804692","49","675087"
"JH378125","21173598","21173768","chr4","65157978","65158146","22","43984380"
"JH378125","21175333","21175600","chr22","81976155","81976422","44","60800822"
"JH378125","21186267","21186548","chr4","64266480","64266758","48","43080213"
"JH378125","21223772","21223857","chr11","103619310","103619394","12","82395538"
"JH378125","21274136","21274439","chr5","2273487","2273788","35","19000649"
"JH378125","21424003","21424210","chr15","82175072","82175282","25","60751069"
"JH378125","21626538","21626838","chr15","71976862","71977154","49","50350324"
"JH378125","21736369","21736680","chr12","6781553","6781865","127","14954816"
"JH378125","21748532","21748803","chr16","26067530","26067803","49","4318998"
"JH378125","21810093","21810396","chr10","122219967","122220268","42","100409874"
"JH378125","21870973","21871062","chr19","7758593","7758681","11","14112380"
"JH378125","21972425","21972717","chr1","44170596","44170886","45","22198171"
"JH378125","22060675","22060980","chr26","18919148","18919455","53","3141527"
"JH378125","22212360","22212416","chr22","38828463","38828520","8","16616103"
"JH378125","22229067","22229376","chr20","19918907","19919212","41","2310160"
"JH378125","22247053","22247253","chr17","58619356","58619558","35","36372303"
"JH378125","22259005","22259258","chr22","88832832","88833087","34","66573827"
"JH378125","22363759","22364062","chr20","43793716","43794008","40","21429957"
"JH378125","22433477","22433597","chr15","90834689","90834810","12","68401212"
"JH378125","22490775","22490969","chr21","111176711","111176901","37","88685936"
"JH378125","22617856","22618152","chr18","71309352","71309642","43","48691496"
"JH378125","22619104","22619418","chr2","34891557","34891863","33","12272453"
"JH378125","22735450","22735731","chr16","18091158","18091443","39","4644292"
"JH378125","22759330","22759646","chr12","102135104","102135405","49","79375774"
"JH378125","22776996","22777290","chr1","26491346","26491637","36","3714350"
"JH378125","22939658","22939716","chr19","26106091","26106149","11","3166433"
"JH378125","22968295","22968385","chr13","23647091","23647185","15","678796"
"JH378125","23002200","23002322","chr15","90834689","90834810","12","67832489"
"JH378125","23007349","23007664","chr17","55864125","55864431","38","32856776"
"JH378125","23059208","23059514","chr17","43634884","43635190","48","20575676"
"JH378125","23093233","23093542","chr12","74217361","74217667","40","51124128"
"JH378125","23144221","23144494","chr16","23882565","23882832","61","738344"
"JH378125","23148723","23148862","chr6","7501396","7501533","13","15647327"
"JH378125","23149058","23149358","chrX","8531639","8531937","44","14617419"
"JH378125","23268760","23269027","chr21","56145194","56145454","36","32876434"
"JH378125","23293353","23293470","chr24","81527278","81527388","14","58233925"
"JH378125","23339074","23339164","chr19","7758593","7758681","10","15580481"
"JH378125","23361241","23361552","chr16","35475208","35475516","41","12113967"
"JH378125","23365102","23365363","chr5","75378114","75378380","59","52013012"
"JH378125","23377649","23377941","chr5","22668022","22668311","40","709627"
"JH378125","23421472","23421760","chr5","53255334","53255620","35","29833862"
"JH378125","23422838","23423145","chr26","6059541","6059849","31","17363297"
"JH378125","23429670","23429798","chr9","96281358","96281488","15","72851688"
"JH378125","23508160","23508446","chr25","19655379","19655659","45","3852781"
"JH378125","23532569","23532878","chr1","7754247","7754552","47","15778322"
"JH378125","23541476","23541770","chr12","10064948","10065242","27","13476528"
"JH378125","23609625","23609824","chr12","102536119","102536321","36","78926494"
"JH378125","23609873","23609963","chr10","109797655","109797738","17","86187782"
"JH378125","23618119","23618249","chr3","91348390","91348521","13","67730271"
"JH378125","23813265","23813583","chr11","58110010","58110310","49","34296745"
"JH378125","23847554","23847864","chr26","38024857","38025165","36","14177303"
"JH378125","23904648","23904946","chr6","19526327","19526625","36","4378321"
"JH378125","23919309","23919602","chr13","65577132","65577425","30","41657823"
"JH378125","23941067","23941366","chr8","52344592","52344885","41","28403525"
"JH378125","23942915","23943205","chr1","114280751","114281044","45","90337836"
"JH378125","23980254","23980547","chr2","35931939","35932239","46","11951685"
"JH378125","23981151","23981469","chr2","34891557","34891863","37","10910406"
"JH378125","23981850","23982059","chr5","60361889","60362134","66","36380039"
"JH378125","24007126","24007389","chr26","4081335","4081607","42","19925791"
"JH378125","24047835","24047920","chr16","4405728","4405812","7","19642107"
"JH378125","24051495","24051788","chr13","65577132","65577425","35","41525637"
"JH378125","24065297","24065493","chrX","44433684","44433881","37","20368387"
"JH378125","24067580","24067870","chr20","108653796","108654082","41","84586216"
"JH378125","24172714","24173022","chr7","42807812","42808120","51","18635098"
"JH378125","24195594","24195873","chr16","53397850","53398143","53","29202256"
"JH378125","24203424","24203723","chr20","69801141","69801434","35","45597717"
"JH378125","24390052","24390348","chr1","26491346","26491637","39","2101294"
"JH378125","24456368","24456658","chr12","60432247","60432540","39","35975879"
"JH378125","24469503","24469792","chr15","57939854","57940135","36","33470351"
"JH378125","24685523","24685835","chr1","18554019","18554319","38","6131504"
"JH378125","24790569","24790767","chr1","121417341","121417548","33","96626772"
"JH378125","25025863","25026170","chr11","115525233","115525542","41","90499370"
"JH378125","25100232","25100534","chr13","74351346","74351645","46","49251114"
"JH378125","25216793","25217066","chr18","63235586","63235856","40","38018793"
"JH378125","25263409","25263723","chrX","27028288","27028597","45","1764879"
"JH378125","25363401","25363560","chr5","75015928","75016086","34","49652527"
"JH378125","25363561","25363858","chr9","1115294","1115593","42","24248267"
"JH378125","25369655","25369941","chr22","57424074","57424362","36","32054419"
"JH378125","25381623","25381886","chr15","89832016","89832289","51","64450393"
"JH378125","25405416","25405706","chr5","19230425","19230714","38","6174991"
"JH378125","25460965","25461059","chr22","82220107","82220203","8","56759142"
"JH378125","25461523","25461673","chr9","59130238","59130387","12","33668715"
"JH378125","25465631","25465887","chr17","1674331","1674578","41","23791300"
"JH378125","25542850","25543165","chr8","1760359","1760667","40","23782491"
"JH378125","25543916","25544144","chr23","53384802","53385036","42","27840886"
"JH378125","25594141","25594363","chr10","39070013","39070233","35","13475872"
"JH378125","25629203","25629498","chr25","57252016","57252312","37","31622813"
"JH378125","25650096","25650395","chr1","102632874","102633171","41","76982778"
"JH378125","25666284","25666593","chr15","91197825","91198133","38","65531541"
"JH378125","25700891","25701182","chr15","54120993","54121279","34","28420102"
"JH378125","25702116","25702423","chr23","41434219","41434517","41","15732103"
"JH378125","25726486","25726771","chr21","125118620","125118898","49","99392134"
"JH378125","25727956","25728096","chr3","90669571","90669712","18","64941615"
"JH378125","25746686","25746894","chr2","41986599","41986802","18","16239913"
"JH378125","25778126","25778346","chr25","73647297","73647508","30","47869171"
"JH378125","25788068","25788376","chr13","64989908","64990202","49","39201840"
"JH378125","25805083","25805376","chr1","10803268","10803561","38","15001815"
"JH378125","25828059","25828332","chr9","92500633","92500888","56","66672574"
"JH378125","25900351","25900660","chr4","88331964","88332268","45","62431613"
"JH378125","25941842","25942157","chrX","89638803","89639111","35","63696961"
"JH378125","25957722","25958007","chr9","25030769","25031053","41","926953"
"JH378125","26015128","26015438","chr26","38024857","38025165","32","12009729"
"JH378125","26089116","26089404","chr11","65101250","65101538","38","39012134"
"JH378125","26129829","26130131","chr23","41434219","41434517","47","15304390"
"JH378125","26192474","26192763","chr6","44802626","44802910","41","18610152"
"JH378125","26218772","26219055","chr20","66273963","66274240","33","40055191"
"JH378125","26369251","26369553","chrX","126082617","126082923","36","99713366"
"JH378125","26405488","26405798","chr26","38024857","38025165","33","11619369"
"JH378125","26405982","26406280","chr21","73254495","73254785","34","46848513"
"JH378125","26507707","26508008","chr23","54022455","54022749","42","27514748"
"JH378125","26577166","26577438","chr21","71680175","71680449","42","45103009"
"JH378125","26687426","26687711","chr26","38637329","38637616","53","11949903"
"JH378125","26694844","26694984","chr3","90669571","90669712","14","63974727"
"JH378125","26802878","26803184","chr8","89600462","89600770","44","62797584"
"JH378125","26934018","26934257","chr18","16752670","16752900","31","10181348"
"JH378125","26993024","26993315","chr16","30637924","30638212","38","3644900"
"JH378125","27055798","27056099","chr5","2273487","2273788","31","24782311"
"JH378125","27067585","27067884","chr13","65577132","65577425","29","38509547"
"JH378125","27096399","27096695","chr21","22838763","22839060","36","4257636"
"JH378125","27114104","27114413","chr5","2273487","2273788","31","24840617"
"JH378125","27248565","27248865","chr9","118970228","118970526","42","91721663"
"JH378125","27449189","27449283","chr9","113147751","113147845","21","85698562"
"JH378125","27449883","27449988","chr1","39939684","39939788","15","12489801"
"JH378125","27523059","27523200","chr3","90669571","90669712","13","63146512"
"JH378125","27657621","27657932","chr1","65504304","65504612","38","37846683"
"JH378126","2490364","2490655","chr13","65577132","65577425","40","63086768"
"JH378126","19722","20029","chr5","36774379","36774687","27","36754657"
"JH378126","99593","99899","chr5","2273487","2273788","35","2173894"
"JH378126","114851","115154","chr14","44038439","44038738","45","43923588"
"JH378126","143224","143529","chr4","62222786","62223086","43","62079562"
"JH378126","264572","264872","chr7","93852704","93852990","48","93588132"
"JH378126","280816","281131","chr1","108565860","108566161","40","108285044"
"JH378126","386463","386757","chr11","16140631","16140920","34","15754168"
"JH378126","424562","424865","chr12","10064948","10065242","35","9640386"
"JH378126","500461","500776","chr11","46816354","46816653","40","46315893"
"JH378126","532493","532762","chr1","54471485","54471761","38","53938992"
"JH378126","564848","564955","chr6","1067449","1067558","10","502601"
"JH378126","565463","565569","chr2","56143676","56143777","16","55578213"
"JH378126","628529","628836","chr5","2273487","2273788","35","1644958"
"JH378126","642175","642469","chr13","65577132","65577425","31","64934957"
"JH378126","647672","647979","chr5","2273487","2273788","30","1625815"
"JH378126","666817","667114","chr12","74716502","74716795","36","74049685"
"JH378126","671435","671655","chr13","7317370","7317589","26","6645935"
"JH378126","678339","678630","chr12","10064948","10065242","28","9386609"
"JH378126","691319","691621","chr9","92415292","92415589","33","91723973"
"JH378126","703369","703590","chr13","7317370","7317589","27","6614001"
"JH378126","766099","766258","chr17","1725356","1725520","30","959257"
"JH378126","852087","852371","chr11","116305578","116305862","39","115453491"
"JH378126","865046","865355","chr14","22799686","22799991","43","21934640"
"JH378126","938049","938364","chr11","105441883","105442183","43","104503834"
"JH378126","957445","957495","chrX","104746073","104746123","5","103788628"
"JH378126","968079","968385","chr8","26615780","26616077","50","25647701"
"JH378126","985991","986299","chr23","25811471","25811771","45","24825480"
"JH378126","1012889","1013187","chr2","81532453","81532753","37","80519564"
"JH378126","1124883","1125163","chr1","93546352","93546653","51","92421469"
"JH378126","1152161","1152322","chr27","10292078","10292249","30","9139917"
"JH378126","1259390","1259691","chr16","25791548","25791851","33","24532158"
"JH378126","1334721","1334994","chr1","32168654","32168947","55","30833933"
"JH378126","1348358","1348654","chr15","86758708","86759003","33","85410350"
"JH378126","1397681","1397733","chr10","63425876","63425932","14","62028195"
"JH378126","1403029","1403304","chr5","21193983","21194260","33","19790954"
"JH378126","1421156","1421456","chr12","10064948","10065242","33","8643792"
"JH378126","1428121","1428252","chr26","6591504","6591639","17","5163383"
"JH378126","1460629","1460917","chr16","45731091","45731380","36","44270462"
"JH378126","1480792","1481088","chr4","46765000","46765294","35","45284208"
"JH378126","1503032","1503301","chr11","107044353","107044635","49","105541321"
"JH378126","1517422","1517530","chr6","1067449","1067558","11","449973"
"JH378126","1530964","1531259","chr11","117268211","117268509","33","115737247"
"JH378126","1532781","1533076","chr22","50629443","50629736","42","49096662"
"JH378126","1548273","1548568","chrX","23977849","23978143","36","22429576"
"JH378126","1557214","1557512","chr12","10064948","10065242","31","8507734"
"JH378126","1560848","1560920","chr25","80842336","80842405","10","79281488"
"JH378126","1596849","1597162","chr1","2872653","2872961","34","1275804"
"JH378126","1604300","1604603","chr24","67239754","67240052","35","65635454"
"JH378126","1643608","1643905","chr20","117460828","117461130","47","115817220"
"JH378126","1659035","1659339","chr2","56143790","56144095","41","54484755"
"JH378126","1665075","1665369","chr24","40562105","40562391","49","38897030"
"JH378126","1679575","1679875","chr12","10064948","10065242","27","8385373"
"JH378126","1686012","1686312","chr22","10678916","10679212","38","8992904"
"JH378126","1692411","1692690","chr4","89471515","89471796","38","87779104"
"JH378126","1694779","1695056","chr10","18371829","18372121","44","16677050"
"JH378126","1695213","1695514","chr12","10064948","10065242","26","8369735"
"JH378126","1700923","1701221","chr2","35933723","35934028","39","34232800"
"JH378126","1718565","1718874","chr2","34891557","34891863","36","33172992"
"JH378126","1719335","1719412","chr13","63031813","63031889","7","61312478"
"JH378126","1725399","1725700","chr12","74217361","74217667","44","72491962"
"JH378126","1740559","1740860","chr10","111637485","111637783","26","109896926"
"JH378126","1752506","1752815","chrX","6760221","6760522","37","5007715"
"JH378126","1762928","1763225","chr13","65577132","65577425","29","63814204"
"JH378126","1770444","1770669","chr6","2372111","2372337","29","601667"
"JH378126","1780629","1780765","chr11","95753406","95753542","17","93972777"
"JH378126","1785832","1786127","chr8","134989821","134990115","32","133203989"
"JH378126","1787536","1787811","chr1","20971512","20971780","41","19183976"
"JH378126","1847070","1847316","chr25","37511740","37511983","36","35664670"
"JH378126","1892015","1892311","chr28_KE148105v1_random","340378","340686","41","1551637"
"JH378126","1939628","1939927","chr25","18828195","18828491","40","16888567"
"JH378126","2022806","2023117","chr11","115525233","115525542","34","113502427"
"JH378126","2083844","2084134","chr29","4580948","4581235","46","2497104"
"JH378126","2147270","2147416","chr22","87450041","87450185","16","85302771"
"JH378126","2151421","2151721","chr11","42115371","42115662","38","39963950"
"JH378126","2215866","2216176","chr5","2273487","2273788","35","57621"
"JH378126","2266292","2266535","chr21","19615755","19616002","42","17349463"
"JH378126","2294824","2295113","chr12","14821307","14821598","51","12526483"
"JH378126","2368147","2368430","chr16","26067530","26067803","36","23699383"
"JH378126","2391342","2391605","chr15","63096254","63096519","43","60704912"
"JH378126","2393881","2394159","chr23","71815259","71815540","39","69421378"
"JH378126","2397667","2397742","chr13","63031813","63031889","7","60634146"
"JH378126","2435726","2436024","chr7","70016163","70016465","42","67580437"
"JH378126","2581328","2581631","chrX","28559441","28559742","37","25978113"
"JH378126","2606453","2606759","chr9","93121941","93122248","40","90515488"
"JH378126","2651301","2651584","chr26","50395265","50395544","43","47743964"
"JH378126","2675833","2676125","chr24","8381796","8382090","36","5705963"
"JH378126","2813424","2813693","chr9","28063467","28063734","43","25250043"
"JH378126","2838001","2838298","chr12","10064948","10065242","26","7226947"
"JH378126","2857149","2857439","chr17","30182866","30183163","46","27325717"
"JH378126","2912309","2912430","chr15","90834689","90834810","12","87922380"
"JH378126","3058950","3059059","chr24","48537275","48537387","23","45478325"
"JH378126","3165851","3166124","chr4","71259031","71259315","49","68093180"
"JH378126","3222158","3222449","chr10","55161197","55161486","48","51939039"
"JH378126","3330069","3330296","chr6","2372111","2372337","24","957958"
"JH378126","3335257","3335567","chr11","44138721","44139027","43","40803464"
"JH378126","3359494","3359780","chr6","38582923","38583209","41","35223429"
"JH378126","3366793","3367032","chr22","72356293","72356532","38","68989500"
"JH378126","3449021","3449314","chr23","52118830","52119121","41","48669809"
"JH378126","3487829","3488118","chr12","10064948","10065242","35","6577119"
"JH378126","3575915","3576219","chr7","19605160","19605458","46","16029245"
"JH378126","3671505","3671819","chrX","125978862","125979170","38","122307357"
"JH378126","3691723","3691972","chr11","63143554","63143815","49","59451831"
"JH378126","3716517","3716760","chr11","46995583","46995816","38","43279066"
"JH378126","3764922","3765214","chr20","100392884","100393179","39","96627962"
"JH378126","3769835","3769954","chr15","90834689","90834810","11","87064854"
"JH378126","3800566","3800878","chr5","36774379","36774687","39","32973813"
"JH378126","3818427","3818716","chr10","81788933","81789221","48","77970506"
"JH378126","3884929","3885235","chrX","125302543","125302844","28","121417614"
"JH378126","3946341","3946643","chr12","10064948","10065242","29","6118607"
"JH378126","4037755","4038020","chr11","117793063","117793332","37","113755308"
"JH378126","4067354","4067652","chr12","10064948","10065242","25","5997594"
"JH378126","4084372","4084480","chr9","113030266","113030377","17","108945894"
"JH378126","4089370","4089473","chrX","2017984","2018087","10","2071386"
"JH378126","4104922","4105231","chr11","115525233","115525542","41","111420311"
"JH378126","4123616","4123921","chr6","32045639","32045931","42","27922023"
"JH378126","4198899","4199214","chr8","96089866","96090170","51","91890967"
"JH378126","4223771","4224075","chr5","72489958","72490261","46","68266187"
"JH378126","4237470","4237749","chr16","59793303","59793580","34","55555833"
"JH378126","4250967","4251268","chr10","111637485","111637783","40","107386518"
"JH378126","4367208","4367499","chr23","41434219","41434517","38","37067011"
"JH378126","4455864","4456149","chr2","83239333","83239617","43","78783469"
"JH378126","4460192","4460486","chr11","89383370","89383667","42","84923178"
"JH378126","4499818","4500000","chr21","17125034","17125218","33","12625216"
"JH378126","4563400","4563710","chr12","74217361","74217667","33","69653961"
"JH378126","4570045","4570190","chr15","46629716","46629859","21","42059671"
"JH378126","4621892","4622216","chr22","18232920","18233227","52","13611028"
"JH378126","4653636","4653848","chr23","12475122","12475330","28","7821486"
"JH378126","4671775","4672080","chr12","62611680","62611985","42","57939905"
"JH378126","4688975","4689289","chr17","42488384","42488695","53","37799409"
"JH378126","4779079","4779382","chr2","83924911","83925209","48","79145832"
"JH378126","4789006","4789322","chr5","2273487","2273788","40","2515519"
"JH378126","4825245","4825544","chr19","9617472","9617762","47","4792227"
"JH378126","4976303","4976430","chr10","119375206","119375334","13","114398903"
"JH378126","4999561","4999658","chr6","1067449","1067558","16","3932112"
"JH378126","5009974","5010103","chr20","20852752","20852882","13","15842778"
"JH378126","5010439","5010525","chr16","4405728","4405812","10","604711"
"JH378126","5096343","5096645","chrX","125302543","125302844","31","120206200"
"JH378126","5193443","5193741","chr11","62643241","62643549","47","57449798"
"JH378126","5248715","5248998","chr8","29590101","29590383","39","24341386"
"JH378126","5251460","5251577","chr3","34309315","34309432","19","29057855"
"JH378126","5259485","5259787","chr22","8920180","8920477","55","3660695"
"JH378126","5283719","5283998","chr21","39597822","39598086","47","34314103"
"JH378126","5320510","5320793","chr23","16142942","16143228","44","10822432"
"JH378126","5352558","5352648","chr3","65349691","65349782","13","59997133"
"JH378126","5409858","5410150","chr2","16485138","16485431","33","11075280"
"JH378126","5482374","5482528","chr7","59722042","59722193","36","54239668"
"JH378126","5507144","5507439","chr21","32338307","32338599","45","26831163"
"JH378126","5511481","5511601","chr15","90834689","90834810","11","85323208"
"JH378126","5535365","5535607","chr15","84223621","84223860","32","78688256"
"JH378126","5588259","5588319","chr10","115771439","115771499","9","110183180"
"JH378126","5609591","5609893","chr25","85642603","85642903","45","80033012"
"JH378126","5689832","5690118","chr14","97941700","97941982","31","92251868"
"JH378126","5866982","5867289","chrX","44976189","44976495","40","39109207"
"JH378126","5874959","5875093","chr26","6591504","6591639","15","716545"
"JH378126","5957702","5958030","chr15","5853200","5853529","57","104502"
"JH378126","6006900","6007004","chr6","1067449","1067558","11","4939451"
"JH378126","6008937","6009226","chr13","65577132","65577425","42","59568195"
"JH378126","6021853","6021961","chr25","8713478","8713590","22","2691625"
"JH378126","6088586","6088894","chr13","84743392","84743699","31","78654806"
"JH378126","6112062","6112369","chr1","65504304","65504612","34","59392242"
"JH378126","6155838","6156053","chrX","117167722","117167942","37","111011884"
"JH378126","6165912","6166215","chr7","135159498","135159805","49","128993586"
"JH378126","6185580","6185863","chr17","4690837","4691126","43","1494743"
"JH378126","6197210","6197320","chrX","89286738","89286848","22","83089528"
"JH378126","6275916","6276204","chr1","54471485","54471761","42","48195569"
"JH378126","6375592","6375888","chr2","5119768","5120064","35","1255824"
"JH378126","6454001","6454107","chr1","62097932","62098038","11","55643931"
"JH378126","6475456","6475600","chr6","7229588","7229731","15","754132"
"JH378126","6477666","6477861","chr11","117573457","117573649","28","111095791"
"JH378126","6513841","6514124","chr6","35943573","35943854","47","29429732"
"JH378126","6555954","6556192","chr17","53533666","53533914","49","46977712"
"JH378126","6629773","6630041","chr6","32442100","32442371","43","25812327"
"JH378126","6662237","6662526","chr24","40856144","40856446","52","34193907"
"JH378126","6821424","6821712","chr6","3799218","3799506","52","3022206"
"JH378126","6824912","6825201","chr11","99473550","99473837","42","92648638"
"JH378126","6883067","6883351","chr8","75315240","75315524","41","68432173"
"JH378126","6959361","6959638","chr14","97941700","97941982","38","90982339"
"JH378126","6976059","6976354","chr9","53696177","53696460","41","46720118"
"JH378126","6983972","6984243","chr9","56771730","56771998","43","49787758"
"JH378126","6997947","6998240","chr25","55175900","55176201","56","48177953"
"JH378126","7023076","7023379","chr2","59461683","59461977","61","52438607"
"JH378126","7110160","7110460","chr9","56054568","56054867","44","48944408"
"JH378126","7127837","7128139","chr7","115033901","115034201","34","107906064"
"JH378126","7165373","7165677","chr5","2273487","2273788","28","4891886"
"JH378126","7236858","7237153","chr7","132205443","132205733","37","124968585"
"JH378126","7237601","7237894","chr12","10064948","10065242","31","2827347"
"JH378126","7240987","7241267","chr6","44675473","44675756","46","37434486"
"JH378126","7262078","7262347","chr16","26067530","26067803","42","18805452"
"JH378126","7376163","7376469","chr12","74217361","74217667","35","66841198"
"JH378126","7568296","7568616","chr8","68070857","68071156","56","60502561"
"JH378126","7583364","7583662","chr21","66269520","66269815","35","58686156"
"JH378126","7616780","7617081","chr5","2273487","2273788","32","5343293"
"JH378126","7707042","7707347","chr2","47121873","47122174","47","39414831"
"JH378126","7792022","7792316","chr13","14614965","14615259","35","6822943"
"JH378126","7891046","7891217","chrX","99820785","99820950","29","91929739"
"JH378126","7928832","7929114","chrX","14268019","14268317","48","6339187"
"JH378126","7930935","7931216","chr16","26067530","26067803","39","18136595"
"JH378126","7974791","7975092","chr21","14146371","14146673","51","6171580"
"JH378126","7987826","7988120","chr4","58986195","58986478","45","50998369"
"JH378126","7990123","7990409","chr1","31818411","31818697","42","23828288"
"JH378126","8016196","8016504","chr10","89415810","89416109","39","81399614"
"JH378126","8041921","8042072","chr12","52782225","52782376","28","44740304"
"JH378126","8089832","8090154","chr1","108565860","108566161","52","100476028"
"JH378126","8095961","8096252","chr14","41748186","41748475","28","33652225"
"JH378126","8100979","8101264","chr10","117336899","117337182","38","109235920"
"JH378126","8103077","8103379","chr10","47669467","47669767","45","39566390"
"JH378126","8116630","8116915","chr11","81267825","81268109","40","73151195"
"JH378126","8125807","8126116","chr1","65504304","65504612","32","57378497"
"JH378126","8139638","8139717","chr5","67880800","67880883","8","59741162"
"JH378126","8197308","8197606","chr4","34668110","34668417","49","26470802"
"JH378126","8227411","8227700","chrX","23977849","23978143","45","15750438"
"JH378126","8256350","8256432","chr20","86496231","86496314","8","78239881"
"JH378126","8270913","8271218","chr9","13789985","13790287","39","5519072"
"JH378126","8293291","8293582","chrX","23977849","23978143","45","15684558"
"JH378126","8336409","8336493","chr16","4405728","4405812","7","3930681"
"JH378126","8360460","8360742","chr14","63083877","63084161","38","54723417"
"JH378126","8386114","8386370","chr8","16250981","16251236","32","7864867"
"JH378126","8409419","8409706","chrX","119965831","119966113","49","111556412"
"JH378126","8532011","8532116","chr20","25652388","25652489","19","17120377"
"JH378126","8540284","8540589","chr5","2273487","2273788","30","6266797"
"JH378126","8614899","8615194","chr2","24522982","24523277","40","15908083"
"JH378126","8689993","8690286","chr19","16102318","16102614","44","7412325"
"JH378126","8720706","8720968","chr15","63096254","63096519","46","54375548"
"JH378126","8831203","8831477","chr14","79801787","79802070","37","70970584"
"JH378126","8837487","8837795","chr25","25337534","25337836","39","16500047"
"JH378126","8846139","8846445","chr14","81356656","81356954","44","72510517"
"JH378126","8907237","8907526","chr11","107153610","107153896","30","98246373"
"JH378126","9024180","9024435","chr3","27543319","27543573","48","18519139"
"JH378126","9035596","9035708","chr2","23010920","23011031","20","13975324"
"JH378126","9050160","9050271","chr6","1067449","1067558","13","7982711"
"JH378126","9060631","9060928","chr23","48457842","48458139","38","39397211"
"JH378126","9170480","9170778","chr10","46148501","46148794","36","36978021"
"JH378126","9328632","9328945","chr11","115525233","115525542","30","106196601"
"JH378126","9340857","9341184","chr2","53472729","53473052","54","44131872"
"JH378126","9373077","9373372","chr9","96314869","96315163","39","86941792"
"JH378126","9375920","9376028","chr12","53065987","53066095","9","43690067"
"JH378126","9401769","9401847","chr16","3308866","3308945","8","6092903"
"JH378126","9561923","9562012","chr14","82610477","82610563","10","73048554"
"JH378126","9764339","9764631","chr12","10064948","10065242","29","300609"
"JH378126","9777815","9778083","chr6","39042365","39042625","52","29264550"
"JH378126","9856241","9856549","chr2","56143790","56144095","41","46287549"
"JH378126","9939647","9939910","chr9","105355237","105355503","54","95415590"
"JH378126","9989609","9989691","chr8","28885038","28885122","13","18895429"
"JH378126","10001678","10001793","chr4","60395666","60395783","15","50393988"
"JH378126","10033694","10033992","chr12","10064948","10065242","41","31254"
"JH378126","10155489","10155807","chrX","89393412","89393716","51","79237923"
"JH378126","10176893","10177195","chr12","10064948","10065242","33","111945"
"JH378126","10229086","10229352","chr24","73585240","73585507","37","63356154"
"JH378126","10233681","10233948","chr11","89020187","89020465","58","78786506"
"JH378126","10261341","10261648","chr19","9824759","9825062","39","436582"
"JH378126","10349537","10349811","chr16","11261049","11261322","45","911512"
"JH378126","10387030","10387181","chr15","71281525","71281678","24","60894495"
"JH378126","10394273","10394583","chr11","115525233","115525542","35","105130960"
"JH378126","10453439","10453734","chrX","22171201","22171487","48","11717762"
"JH378126","10505674","10505979","chr2","84873800","84874106","44","74368126"
"JH378126","10559271","10559414","chr3","90669571","90669712","17","80110300"
"JH378126","10613464","10613782","chr25","71808137","71808447","42","61194673"
"JH378126","10684066","10684338","chr16","18091158","18091443","64","7407092"
"JH378126","10775268","10775520","chr11","44436513","44436764","44","33661245"
"JH378126","10851387","10851496","chr12","86094841","86094954","19","75243454"
"JH378126","10891567","10891866","chr20_KE148049v1_random","1102191","1102491","40","9789376"
"JH378126","10893184","10893486","chr25","77313930","77314228","40","66420746"
"JH378126","10963467","10963768","chr20","96210594","96210893","38","85247127"
"JH378126","10984571","10984873","chr2","51514899","51515202","40","40530328"
"JH378126","11035882","11036158","chr4","89003238","89003495","52","77967356"
"JH378126","11058447","11058758","chr1","65504304","65504612","34","54445857"
"JH378126","11140225","11140505","chr13","68048794","68049075","43","56908569"
"JH378126","11172220","11172531","chr2","35933723","35934028","44","24761503"
"JH378126","11183022","11183323","chr4","31268658","31268962","54","20085636"
"JH378126","11195834","11196125","chr15","47758422","47758712","47","36562588"
"JH378126","11227708","11227995","chr12","10064948","10065242","34","1162760"
"JH378126","11263744","11264050","chr2","81262062","81262367","38","69998318"
"JH378126","11323963","11324179","chr13","7317370","7317589","26","4006593"
"JH378126","11346655","11346926","chr1","103733461","103733745","57","92386806"
"JH378126","11363903","11364208","chr5","2273487","2273788","32","9090416"
"JH378126","11495730","11496018","chr11","117737181","117737478","46","106241451"
"JH378126","11518338","11518627","chr21","112047561","112047854","38","100529223"
"JH378126","11549718","11550024","chr19","9824759","9825062","39","1724959"
"JH378126","11627152","11627429","chr12","31966354","31966622","55","20339202"
"JH378126","11630417","11630742","chr11","115525233","115525542","49","103894816"
"JH378126","11819014","11819320","chr23","48457842","48458139","36","36638828"
"JH378126","11934086","11934382","chr22","47793370","47793666","34","35859284"
"JH378126","11981261","11981494","chr26","14438107","14438343","24","2456846"
"JH378126","12000696","12000944","chrX","19806502","19806744","43","7805806"
"JH378126","12079167","12079250","chr3","5114625","5114714","17","6964542"
"JH378126","12280545","12280858","chr23","80808335","80808640","41","68527790"
"JH378126","12314592","12314894","chr12","42496121","42496421","33","30181529"
"JH378126","12337469","12337764","chr9","83383980","83384273","45","71046511"
"JH378126","12475760","12476060","chr16","33182065","33182368","45","20706305"
"JH378126","12584229","12584522","chr26","42771314","42771606","41","30187085"
"JH378126","12604678","12604979","chr12","10064948","10065242","35","2539730"
"JH378126","12617008","12617275","chr16","26067530","26067803","50","13450522"
"JH378126","12695017","12695314","chr2","65511339","65511645","47","52816322"
"JH378126","12768562","12768832","chrX","13548339","13548610","44","779777"
"JH378126","12771011","12771300","chr2","5168180","5168471","37","7602831"
"JH378126","12795272","12795566","chr20","91789557","91789859","51","78994285"
"JH378126","12833082","12833387","chr2","20458247","20458552","47","7625165"
"JH378126","12907876","12908008","chr1","55628072","55628195","26","42720196"
"JH378126","12912295","12912544","chrX","47198863","47199105","41","34286568"
"JH378126","12922035","12922316","chr21","30590903","30591190","48","17668868"
"JH378126","12994215","12994459","chr2","51549690","51549953","57","38555475"
"JH378126","13033100","13033380","chr10","62769074","62769367","51","49735974"
"JH378126","13046690","13046987","chr6","29861707","29862004","46","16815017"
"JH378126","13103181","13103448","chr9","114015180","114015455","43","100911999"
"JH378126","13130510","13130773","chrX_KE148109v1_random","1713715","1713978","47","11416795"
"JH378126","13159058","13159368","chr7","86104707","86105000","52","72945649"
"JH378126","13193225","13193532","chrX","114744806","114745112","45","101551581"
"JH378126","13202819","13203115","chr12","14208015","14208314","47","1005196"
"JH378126","13268137","13268441","chr5","2273487","2273788","26","10994650"
"JH378126","13373263","13373521","chrX","91081140","91081393","47","77707877"
"JH378126","13408267","13408547","chr22","83015896","83016180","59","69607629"
"JH378126","13567536","13567820","chr4","15532519","15532799","46","1964983"
"JH378126","13585661","13585961","chr12","10064948","10065242","27","3520713"
"JH378126","13658734","13659039","chr5","2273487","2273788","41","11385247"
"JH378126","13671239","13671484","chr11","119259842","119260088","32","105588603"
"JH378126","13676941","13677238","chr10","54966942","54967236","40","41290001"
"JH378126","13839468","13839653","chr20","117121171","117121347","37","103281703"
"JH378126","13839829","13839951","chr3","72385674","72385796","15","58545845"
"JH378126","13915403","13915711","chr1","65504304","65504612","32","51588901"
"JH378126","13974254","13974539","chr20","7605671","7605957","32","6368583"
"JH378126","13982862","13983164","chr15","3702894","3703194","34","10279968"
"JH378126","14041798","14042093","chr2","7494757","7495063","57","6547041"
"JH378126","14173722","14173973","chr23","45516798","45517043","36","31343076"
"JH378126","14250050","14250224","chr4","35579068","35579243","35","21329018"
"JH378126","14377365","14377671","chr9","72282914","72283221","44","57905549"
"JH378126","14419059","14419365","chr1","10803268","10803561","50","3615791"
"JH378126","14488670","14488962","chr12","18820776","18821076","43","4332106"
"JH378126","14581603","14581900","chr12","10064948","10065242","31","4516655"
"JH378126","14590516","14590842","chr14","18217445","18217755","44","3626929"
"JH378126","14675267","14675557","chr17","44640522","44640808","41","29965255"
"JH378126","14825035","14825330","chr21","102943759","102944057","39","88118724"
"JH378126","14963124","14963212","chr19","7758593","7758681","9","7204531"
"JH378126","15055329","15055633","chr12","10064948","10065242","31","4990381"
"JH378126","15075573","15075694","chr15","90834689","90834810","12","75759116"
"JH378126","15076614","15076823","chr2","41986599","41986802","26","26909985"
"JH378126","15083000","15083288","chr8","138416364","138416651","49","123333364"
"JH378126","15205568","15205675","chr1","39939684","39939788","13","24734116"
"JH378126","15234587","15234893","chr15","77417058","77417365","41","62182471"
"JH378126","15243728","15243924","chr12","79606132","79606326","37","64362404"
"JH378126","15259845","15260140","chr11","106959024","106959308","42","91699179"
"JH378126","15292536","15292829","chr17","48876018","48876313","40","33583482"
"JH378126","15325611","15325754","chr17","28507557","28507698","17","13181946"
"JH378126","15457847","15458149","chrX","114744806","114745112","45","99286959"
"JH378126","15481957","15482034","chr13","63031813","63031889","7","47549856"
"JH378126","15485979","15486284","chr7","97906577","97906878","59","82420598"
"JH378126","15508188","15508465","chr12","19091026","19091293","41","3582838"
"JH378126","15646354","15646661","chr12","74217361","74217667","32","58571007"
"JH378126","15691781","15692072","chr13","14614965","14615259","40","1076816"
"JH378126","15733526","15733811","chr24","79759655","79759940","37","64026129"
"JH378126","15745288","15745600","chr2","20242750","20243052","40","4497462"
"JH378126","15755584","15755882","chr26","17907530","17907825","39","2151946"
"JH378126","15799131","15799442","chr11","95828364","95828669","40","80029233"
"JH378126","15800807","15801091","chrX","60987121","60987417","44","45186314"
"JH378126","15832474","15832590","chrX","90197506","90197623","10","74365032"
"JH378126","15866598","15866912","chr5","2324242","2324550","37","13542356"
"JH378126","15951329","15951557","chr20","92882451","92882681","27","76931122"
"JH378126","15990862","15991064","chr5","10158113","10158314","43","5832749"
"JH378126","16047900","16048192","chr15","48893872","48894165","41","32845972"
"JH378126","16049964","16050197","chr1","97162731","97162953","45","81112767"
"JH378126","16050303","16050579","chr25","67717227","67717499","46","51666924"
"JH378126","16202177","16202462","chr7","100037094","100037378","40","83834917"
"JH378126","16387096","16387393","chr24","27143888","27144189","35","10756792"
"JH378126","16393558","16393654","chr22","82220107","82220203","9","65826549"
"JH378126","16400570","16400877","chr4","16808054","16808360","39","407484"
"JH378126","16471734","16472018","chr24","71859995","71860266","38","55388261"
"JH378126","16499341","16499636","chr17","48876018","48876313","42","32376677"
"JH378126","16622658","16622946","chr26","12826886","12827179","58","3795772"
"JH378126","16633799","16634085","chr14","7619665","7619943","34","9014134"
"JH378126","16682038","16682297","chr9","122206771","122207019","60","105524733"
"JH378126","16711661","16711952","chrX","125302543","125302844","43","108590882"
"JH378126","16727211","16727496","chr21","10501183","10501467","46","6226028"
"JH378126","16832472","16832722","chr7","24257558","24257809","45","7425086"
"JH378126","16977977","16978284","chr12","17915779","17916084","40","937802"
"JH378126","16993441","16993667","chr21","59184933","59185158","47","42191492"
"JH378126","17112283","17112503","chr7","92610716","92610929","44","75498433"
"JH378126","17185070","17185164","chr22","82220107","82220203","8","65035037"
"JH378126","17196970","17197280","chr5","36774379","36774687","34","19577409"
"JH378126","17216861","17216938","chr13","63031813","63031889","7","45814952"
"JH378126","17260692","17260984","chr20","100392884","100393179","45","83132192"
"JH378126","17266421","17266639","chr6","18758894","18759089","46","1492473"
"JH378126","17360983","17361274","chr1","9886170","9886464","38","7474813"
"JH378126","17460098","17460398","chr16","9729806","9730106","42","7730292"
"JH378126","17471566","17471861","chr12","10064948","10065242","28","7406618"
"JH378126","17638401","17638702","chr9","43165199","43165493","49","25526798"
"JH378126","17676730","17677036","chr9","62128581","62128882","43","44451851"
"JH378126","17699779","17700086","chr1","2872653","2872961","39","14827126"
"JH378126","17703501","17703797","chr8","1641343","1641640","33","16062158"
"JH378126","17710881","17711172","chr12","60432247","60432540","40","42721366"
"JH378126","17724587","17724871","chr6","12826841","12827138","49","4897746"
"JH378126","17735385","17735698","chr3","20237905","20238212","40","2502520"
"JH378126","17831348","17831657","chr12","84113723","84114031","34","66282375"
"JH378126","18072745","18073053","chr12","74217361","74217667","33","56144616"
"JH378126","18087507","18087597","chr3","65349691","65349782","11","47262184"
"JH378126","18168944","18169253","chr15","51780952","51781261","50","33612008"
"JH378126","18198582","18198678","chr22","82220107","82220203","5","64021525"
"JH378126","18233314","18233391","chr13","63031813","63031889","8","44798499"
"JH378126","18282631","18282943","chr1","108565860","108566161","32","90283229"
"JH378126","18288819","18288949","chr6","4211334","4211463","10","14077485"
"JH378126","18325304","18325606","chr11","108802921","108803224","41","90477617"
"JH378126","18395482","18395776","chrX","15732035","15732323","48","2663447"
"JH378126","18480216","18480517","chr1","10803268","10803561","34","7676948"
"JH378126","18491020","18491322","chr12","58820917","58821209","44","40329897"
"JH378126","18491610","18491830","chr12","103283097","103283238","119","84791487"
"JH378126","18517532","18517825","chr1","11933600","11933891","43","6583932"
"JH378126","18518978","18519287","chr2","34891557","34891863","39","16372579"
"JH378126","18524529","18524829","chr1","10803268","10803561","40","7721261"
"JH378126","18552398","18552666","chr5","53917499","53917768","39","35365101"
"JH378126","18774880","18775175","chr10","35324287","35324576","34","16549407"
"JH378126","18786418","18786687","chr12","31966354","31966622","57","13179936"
"JH378126","18813765","18814071","chrX","38190871","38191179","42","19377106"
"JH378126","18817224","18817532","chr20","69886918","69887228","42","51069694"
"JH378126","18821617","18821919","chr14","37138980","37139278","42","18317363"
"JH378126","18894328","18894454","chr10","119600285","119600402","22","100705957"
"JH378126","18995464","18995765","chr11","84786098","84786398","36","65790634"
"JH378126","19057913","19058204","chr5","52368103","52368393","42","33310190"
"JH378126","19157140","19157448","chr11","80433902","80434208","43","61276762"
"JH378126","19196502","19196795","chr24","30237587","30237884","46","11041085"
"JH378126","19238686","19238979","chr6","48913632","48913921","44","29674946"
"JH378126","19250672","19250966","chr11","49537220","49537510","41","30286548"
"JH378126","19431755","19432039","chr12","13083707","13083986","39","6348048"
"JH378126","19527348","19527635","chr11","59061507","59061799","51","39534159"
"JH378126","19572898","19573185","chr16","53213011","53213300","47","33640113"
"JH378126","19865352","19865644","chr14","80080816","80081107","52","60215464"
"JH378126","19868359","19868651","chrX","119965831","119966113","42","100097472"
"JH378126","19904416","19904744","chr10","95665357","95665659","67","75760941"
"JH378126","19941559","19941759","chr24","58749928","58750117","33","38808369"
"JH378126","20037392","20037482","chr3","65349691","65349782","11","45312299"
"JH378126","20043637","20043764","chr11","128230087","128230214","15","108186450"
"JH378126","20047344","20047632","chr9","118446169","118446455","35","98398825"
"JH378126","20099975","20100122","chr9","59130238","59130387","18","39030263"
"JH378126","20145870","20146164","chr8","134989821","134990115","31","114843951"
"JH378126","20197272","20197446","chr16","2616080","2616249","27","17581192"
"JH378126","20216716","20216987","chr1","54471485","54471761","35","34254769"
"JH378126","20225149","20225427","chr9","114015180","114015455","38","93790031"
"JH378126","20278449","20278534","chr16","4405728","4405812","6","15872721"
"JH378126","20356106","20356371","chr17","36278420","36278681","43","15922314"
"JH378126","20399174","20399489","chr6","17251691","17251999","42","3147483"
"JH378126","20410175","20410464","chr21","74368618","74368909","34","53958443"
"JH378126","20474874","20475176","chr20","20539479","20539784","41","64605"
"JH378126","20499081","20499394","chr1","63079944","63080250","40","42580863"
"JH378126","20517396","20517689","chr20_KE148050v1_random","638704","638995","32","19878692"
"JH378126","20587834","20587932","chr22","82220107","82220203","12","61632273"
"JH378126","20646120","20646394","chr5","64740909","64741173","43","44094789"
"JH378126","20706545","20706848","chr19","24277459","24277758","41","3570914"
"JH378126","20725391","20725576","chr9","51072627","51072814","32","30347236"
"JH378126","20788744","20789043","chr11","46816354","46816653","44","26027610"
"JH378126","20888421","20888728","chr9","96314869","96315163","36","75426448"
"JH378126","20896117","20896420","chr9","90471365","90471661","31","69575248"
"JH378126","20932716","20932998","chr8","92823654","92823938","36","71890938"
"JH378126","20961785","20962087","chr5","2273487","2273788","41","18688298"
"JH378126","21001946","21002244","chr10","111637485","111637783","29","90635539"
"JH378126","21002821","21003109","chr24","33934397","33934686","40","12931576"
"JH378126","21024607","21024701","chr1","39939684","39939788","16","18915077"
"JH378126","21067055","21067157","chr23","60352980","60353074","24","39285925"
"JH378126","21075208","21075366","chr1","7834234","7834394","28","13240974"
"JH378126","21173273","21173428","chr13","25298539","25298698","23","4125266"
"JH378126","21182190","21182512","chr18","3203332","3203636","46","17978858"
"JH378126","21196993","21197128","chr26","6591504","6591639","15","14605489"
"JH378126","21221828","21222136","chr3","56919020","56919333","65","35697192"
"JH378126","21260094","21260402","chr4","88788880","88789184","40","67528786"
"JH378126","21326450","21326740","chr25","69182251","69182543","33","47855801"
"JH378126","21329096","21329271","chr14","93045548","93045716","26","71716452"
"JH378126","21377756","21378051","chr27","29581793","29582088","49","8204037"
"JH378126","21416755","21417039","chrX","95460911","95461200","42","74044156"
"JH378126","21521231","21521539","chr1","108565860","108566161","43","87044629"
"JH378126","21533440","21533718","chr16","26067530","26067803","39","4534090"
"JH378126","21561436","21561737","chr10","111637485","111637783","32","90076049"
"JH378126","21566428","21566645","chr16","70124254","70124478","36","48557826"
"JH378126","21576499","21576800","chr19","8146510","8146808","35","13429989"
"JH378126","21628829","21629107","chr14","63083877","63084161","37","41455048"
"JH378126","21637138","21637426","chr12","18588349","18588640","34","3048789"
"JH378126","21704998","21705319","chr1","2872653","2872961","47","18832345"
"JH378126","21732050","21732358","chr11","99073611","99073919","38","77341561"
"JH378126","21746181","21746482","chr11","94497284","94497583","43","72751103"
"JH378126","21817715","21818008","chr9","24186945","24187243","44","2369230"
"JH378126","21822926","21823059","chr14","96081034","96081168","18","74258108"
"JH378126","21869154","21869447","chr12","10064948","10065242","31","11804206"
"JH378126","21880783","21881081","chr12","42496121","42496421","40","20615338"
"JH378126","21886945","21887075","chr16","31737705","31737835","10","9850760"
"JH378126","21900778","21901087","chr8","95885898","95886192","41","73985120"
"JH378126","21930188","21930398","chr2","71829717","71829942","43","49899529"
"JH378126","21932014","21932177","chr15","53595488","53595655","34","31663474"
"JH378126","21971198","21971279","chr6","28278186","28278270","13","6306988"
"JH378126","21975945","21976034","chr19","23494523","23494608","14","1518578"
"JH378126","21993566","21993866","chr13","36927522","36927813","53","14933956"
"JH378126","22013259","22013549","chr2","57462573","57462867","44","35449314"
"JH378126","22016718","22017021","chr12","10064948","10065242","33","11951770"
"JH378126","22018844","22018965","chr15","90834689","90834810","10","68815845"
"JH378126","22028037","22028328","chr1","68219231","68219530","39","46191194"
"JH378126","22073084","22073378","chr13","91635851","91636141","31","69562767"
"JH378126","22096190","22096462","chr25","14438271","14438549","37","7657919"
"JH378126","22096728","22097027","chr12","27631381","27631681","43","5534653"
"JH378126","22139714","22140010","chr12","10064948","10065242","28","12074766"
"JH378126","22180030","22180219","chr2","37145074","37145258","26","14965044"
"JH378126","22197577","22197883","chr20","87404408","87404710","42","65206831"
"JH378126","22207512","22207764","chr4","87728103","87728358","44","65520591"
"JH378126","22208769","22209087","chr22","24847615","24847928","42","2638846"
"JH378126","22212320","22212620","chr21","107309200","107309498","43","85096880"
"JH378126","22220866","22221181","chr5","33074148","33074451","38","10853282"
"JH378126","22222066","22222363","chr9","92789196","92789493","38","70567130"
"JH378126","22275936","22276084","chr9","59130238","59130387","16","36854302"
"JH378126","22325954","22326219","chrX","90048491","90048770","52","67722537"
"JH378126","22369314","22369613","chr14","41748186","41748475","42","19378872"
"JH378126","22407775","22408074","chr6","5143118","5143416","45","17264657"
"JH378126","22486401","22486718","chr6","16598509","16598818","35","5887892"
"JH378126","22505427","22505706","chr8","34611170","34611447","38","12105743"
"JH378126","22530785","22531070","chr12","10064948","10065242","32","12465837"
"JH378126","22556841","22556971","chr3","91348390","91348521","12","68791549"
"JH378126","22570179","22570282","chrX","2017984","2018087","11","20552195"
"JH378126","22570580","22570689","chr2","23010920","23011031","20","440340"
"JH378126","22571902","22572203","chr12","74217361","74217667","30","51645459"
"JH378126","22621650","22621743","chr22","82220107","82220203","8","59598457"
"JH378126","22654082","22654164","chr20","86496231","86496314","9","63842149"
"JH378126","22696441","22696752","chr3","20237905","20238212","35","2458536"
"JH378126","22705698","22706010","chr26","38024857","38025165","31","15319159"
"JH378126","22743063","22743368","chr21","56648792","56649092","44","33905729"
"JH378126","22747015","22747317","chr24","52352811","52353112","41","29605796"
"JH378126","22770901","22771204","chr6","15953108","15953417","41","6817793"
"JH378126","22777846","22778116","chr4","22964909","22965182","47","187063"
"JH378126","22780073","22780360","chr8","40611327","40611611","33","17831254"
"JH378126","22801155","22801461","chr6","16598509","16598818","32","6202646"
"JH378126","22804187","22804466","chr12","25263744","25264040","52","2459557"
"JH378126","22825276","22825591","chrX","62513903","62514213","44","39688627"
"JH378126","22875633","22875937","chr16","30398852","30399159","34","7523219"
"JH378126","22923361","22923654","chr14","41748186","41748475","33","18824825"
"JH378126","22954593","22954895","chr12","10064948","10065242","31","12889645"
"JH378126","22958806","22958936","chr3","91348390","91348521","10","68389584"
"JH378126","22989138","22989279","chrX","4336765","4336906","19","18652373"
"JH378126","23015955","23016049","chr22","82220107","82220203","10","59204152"
"JH378126","23022342","23022658","chr1","65504304","65504612","49","42481962"
"JH378126","23054854","23055153","chr12","10064948","10065242","27","12989906"
"JH378126","23147331","23147420","chr19","7758593","7758681","9","15388738"
"JH378126","23150672","23150969","chr2","36594604","36594898","40","13443932"
"JH378126","23162933","23163241","chr2","34891557","34891863","32","11728624"
"JH378126","23174912","23175008","chr22","82220107","82220203","6","59045195"
"JH378126","23179675","23179777","chr20","115102100","115102215","25","91922425"
"JH378126","23179904","23180103","chr22","38963900","38964108","34","15783996"
"JH378126","23182439","23182734","chr2","59461683","59461977","37","36279244"
"JH378126","23196973","23197121","chr9","59130238","59130387","12","35933265"
"JH378126","23206403","23206684","chr8","138416364","138416651","40","115209961"
"JH378126","23206766","23206939","chr11","7803415","7803597","38","15403351"
"JH378126","23208228","23208467","chr24","3079549","3079787","66","20128679"
"JH378126","23221876","23222020","chr14","63670638","63670776","24","40448762"
"JH378126","23224927","23225232","chr9","26651072","26651377","30","3426145"
"JH378126","23265270","23265572","chr2","34891557","34891863","44","11626287"
"JH378126","23283947","23284256","chr17","54691676","54691976","36","31407729"
"JH378126","23288222","23288478","chr9","96390861","96391117","30","73102639"
"JH378126","23298229","23298528","chr24","80745403","80745702","34","57447174"
"JH378126","23310309","23310604","chr12","6781553","6781865","75","16528756"
"JH378126","23325991","23326105","chr4","65607061","65607174","20","42281070"
"JH378126","23349475","23349779","chr24","27143888","27144189","39","3794413"
"JH378126","23357971","23358134","chr26","7953875","7954032","33","15404096"
"JH378126","23364441","23364732","chr3","70950977","70951264","46","47586536"
"JH378126","23391988","23392177","chr6","8749758","8749947","21","14642230"
"JH378126","23403083","23403390","chr12","10064948","10065242","33","13338135"
"JH378126","23416084","23416203","chr6","44144914","44145033","10","20728830"
"JH378126","23436603","23436873","chr3","1100614","1100874","43","22335989"
"JH378126","23463700","23463995","chr6","39327037","39327335","36","15863337"
"JH378126","23468636","23468929","chr29","10722547","10722839","33","12746089"
"JH378126","23500557","23500791","chr26","37786588","37786819","39","14286031"
"JH378126","23540570","23540894","chr7","85949776","85950095","44","62409206"
"JH378126","23554348","23554640","chr14","101842471","101842766","42","78288123"
"JH378126","23554885","23554980","chr22","82220107","82220203","9","58665222"
"JH378126","23607683","23607979","chr12","10064948","10065242","23","13542735"
"JH378126","23619420","23619706","chr1","18162340","18162615","44","5457080"
"JH378126","23645708","23646002","chr13","65577132","65577425","34","41931424"
"JH378126","23646957","23647072","chr20","115102100","115102215","9","91455143"
"JH378126","23648424","23648601","chr24","62463254","62463431","30","38814830"
"JH378126","23670546","23670664","chr6","44144914","44145033","13","20474368"
"JH378126","23672643","23672952","chr5","36774379","36774687","29","13101736"
"JH378126","23677401","23677699","chr1","103050659","103050957","34","79373258"
"JH378126","23687216","23687516","chrX","19499245","19499545","34","4187971"
"JH378126","23708280","23708596","chr2","34385406","34385706","42","10677126"
"JH378126","23710078","23710381","chr12","10064948","10065242","28","13645130"
"JH378126","23712681","23712810","chr1","97802296","97802426","11","74089615"
"JH378126","23714270","23714363","chr22","82220107","82220203","9","58505837"
"JH378126","23716051","23716179","chr16","4500752","4500881","11","19215299"
"JH378126","23721618","23721929","chr9","56811131","56811438","35","33089513"
"JH378126","23724745","23724829","chr11","103619310","103619394","8","79894565"
"JH378126","23746149","23746393","chr15","88815486","88815733","33","65069337"
"JH378126","23754146","23754449","chr5","2273487","2273788","25","21480659"
"JH378126","23756232","23756342","chr6","1067449","1067558","10","22688783"
"JH378126","23766373","23766634","chr21","61239139","61239397","64","37472766"
"JH378126","23781615","23781725","chr6","1067449","1067558","14","22714166"
"JH378126","23784080","23784397","chr11","115525233","115525542","47","91741153"
"JH378126","23804477","23804568","chr22","82220107","82220203","13","58415630"
"JH378126","23821612","23821916","chr12","10064948","10065242","36","13756664"
"JH378126","23849022","23849293","chr25","61615818","61616106","55","37766796"
"JH378126","23862797","23863094","chr12","10064948","10065242","33","13797849"
"JH378126","23866251","23866303","chr14","55446427","55446479","13","31580176"
"JH378126","23869137","23869268","chr20","20852752","20852882","9","3016385"
"JH378126","23888693","23888996","chr16","34548874","34549171","34","10660181"
"JH378126","23899224","23899517","chr9","90943231","90943523","33","67044007"
"JH378126","23920783","23920887","chr1","39939684","39939788","11","16018901"
"JH378126","23968186","23968483","chr12","10064948","10065242","23","13903238"
"JH378126","23973065","23973174","chr6","1067449","1067558","8","22905616"
"JH378126","23975767","23975897","chr20","20852752","20852882","8","3123015"
"JH378126","24013765","24014068","chr5","42870195","42870502","50","18856430"
"JH378126","24072873","24073183","chr5","2273487","2273788","33","21799386"
"JH378126","24081740","24081860","chr15","90834689","90834810","12","66752949"
"JH378126","24107301","24107604","chr12","74217361","74217667","40","50110060"
"JH378126","24131318","24131601","chr2","89922140","89922426","43","65790822"
"JH378126","24135713","24136018","chr1","65504304","65504612","33","41368591"
"JH378126","24154948","24155078","chr20","20852752","20852882","13","3302196"
"JH378126","24170283","24170549","chr7","89929570","89929835","38","65759287"
"JH378126","24180107","24180388","chr12","13083707","13083986","32","11096400"
"JH378126","24283507","24283806","chr11","58110010","58110310","28","33826503"
"JH378126","24356977","24357281","chr8","1916519","1916819","43","22440458"
"JH378126","24461799","24462085","chr10","29907498","29907779","29","5445699"
"JH378126","24487798","24488109","chr11","115525233","115525542","42","91037435"
"JH378126","24587321","24587488","chr15","90845759","90845918","25","66258438"
"JH378126","24679310","24679612","chr5","2273487","2273788","35","22405823"
"JH378126","24691348","24691656","chr21","58597604","58597912","41","33906256"
"JH378126","24737017","24737327","chr21","98330604","98330913","43","73593587"
"JH378126","24818550","24818842","chr20","48692641","48692936","31","23874091"
"JH378126","24828128","24828436","chr9","56811131","56811438","34","31983003"
"JH378126","24905997","24906298","chr16","19104450","19104748","34","5801547"
"JH378126","24950350","24950630","chr5","42662951","42663235","46","17712601"
"JH378126","25084935","25085012","chr13","63031813","63031889","10","37946878"
"JH378126","25111510","25111774","chr10","49912163","49912425","32","24800653"
"JH378126","25169939","25170245","chr1","68219231","68219530","35","43049292"
"JH378126","25179231","25179518","chr16","52603812","52604103","41","27424581"
"JH378126","25195434","25195730","chr1","10803268","10803561","43","14392166"
"JH378126","25204379","25204694","chr22","34065717","34066029","53","8861338"
"JH378126","25232316","25232433","chr14","74460545","74460661","14","49228229"
"JH378126","25266169","25266486","chr17","34393475","34393780","54","9127306"
"JH378126","25286934","25287239","chr10","60431821","60432124","53","35144887"
"JH378126","25367821","25368115","chr16","25791548","25791851","46","423727"
"JH378126","25513246","25513522","chr7","19648963","19649245","37","5864283"
"JH378126","25634557","25634704","chr17","47733511","47733658","16","22098954"
"JH378126","25635422","25635667","chr7","9916313","9916562","37","15719109"
"JH378126","25716356","25716674","chr10","89459842","89460157","32","63743486"
"JH378126","25731647","25731917","chr15","2355556","2355831","39","23376091"
"JH378126","25807984","25808123","chr11","95753406","95753542","15","69945422"
"JH378126","25834275","25834583","chr15","18549945","18550246","36","7284330"
"JH378126","25985605","25985735","chr3","91348390","91348521","11","65362785"
"JH378126","26013202","26013516","chr9","4631561","4631861","49","21381641"
"JH378126","26054876","26055191","chr5","2324242","2324550","38","23730634"
"JH378126","26184142","26184385","chr7","120533792","120534042","53","94349650"
"JH378126","26196964","26197296","chr3","37955466","37955795","42","11758502"
"JH378126","26227300","26227591","chr10","89183195","89183488","34","62955895"
"JH378126","26262346","26262654","chr23","18193676","18193985","33","8068670"
"JH378126","26289407","26289712","chr18","67218974","67219278","40","40929567"
"JH378126","26308578","26308718","chr9","62820050","62820189","15","36511472"
"JH378126","26383420","26383710","chr25","81152823","81153111","41","54769403"
"JH378126","26456953","26457181","chr27","1935336","1935553","35","24521617"
"JH378126","26497319","26497547","chr1","38090108","38090330","39","11592789"
"JH378126","26535861","26536158","chr12","10064948","10065242","41","16470913"
"JH378126","26590149","26590446","chr5","58245349","58245645","40","31655200"
"JH378126","26642996","26643224","chr6","2372111","2372337","31","24270885"
"JH378126","26657969","26658259","chr12","10064948","10065242","29","16593021"
"JH378126","26864530","26864834","chr9","13645428","13645728","42","13219102"
"JH378126","27050188","27050533","chr1","93334125","93334462","56","66283937"
"JH378126","27076669","27076973","chr2","83266456","83266759","49","56189787"
"JH378126","27189659","27189957","chr9","71658903","71659203","39","44469244"
"JH378127","18874080","18874383","chr23","41434219","41434517","30","22560139"
"JH378127","393083","393353","chr25","40255289","40255558","46","39862206"
"JH378127","15335345","15335649","chr26","18927734","18928036","35","3592389"
"JH378127","21364529","21364818","chr26","11222898","11223188","44","10141631"
"JH378127","13688","13976","chr12","86946922","86947202","40","86933234"
"JH378127","14680","14992","chr22","18234123","18234429","48","18219443"
"JH378127","18547","18766","chr13","7317370","7317589","28","7298823"
"JH378127","43412","43524","chr6","1067449","1067558","11","1024037"
"JH378127","60224","60519","chr18","33462214","33462506","38","33401990"
"JH378127","77359","77457","chr22","82220107","82220203","10","82142748"
"JH378127","97864","98005","chr12","42755129","42755268","14","42657265"
"JH378127","100802","101110","chr16","36406475","36406775","47","36305673"
"JH378127","117521","117604","chr5","67880800","67880883","9","67763279"
"JH378127","124372","124487","chr15","53667122","53667237","11","53542750"
"JH378127","140672","140740","chr18","58491347","58491410","10","58350675"
"JH378127","140752","140871","chr16","73730787","73730904","20","73590035"
"JH378127","152042","152145","chrX","2017984","2018087","11","1865942"
"JH378127","156061","156361","chr1","18554019","18554319","38","18397958"
"JH378127","156829","157106","chr1","69161184","69161465","43","69004355"
"JH378127","157798","157886","chr19","7758593","7758681","10","7600795"
"JH378127","221149","221279","chr26","50406966","50407092","26","50185817"
"JH378127","239733","239973","chr10","88156512","88156744","30","87916779"
"JH378127","267901","267997","chr22","82220107","82220203","8","81952206"
"JH378127","294255","294384","chr3","91348390","91348521","11","91054135"
"JH378127","313454","313742","chr13","65577132","65577425","33","65263678"
"JH378127","318902","319235","chr14","46171515","46171849","40","45852613"
"JH378127","322163","322239","chr13","63031813","63031889","6","62709650"
"JH378127","323393","323707","chr20","24122071","24122376","45","23798678"
"JH378127","373262","373553","chr20","109287066","109287349","41","108913804"
"JH378127","397499","397803","chr12","10064948","10065242","30","9667449"
"JH378127","401023","401312","chr12","86946922","86947202","42","86545899"
"JH378127","402018","402328","chr2","74744689","74744996","49","74342671"
"JH378127","406690","406913","chr20","8490122","8490344","41","8083432"
"JH378127","421981","422284","chr16","30398852","30399159","35","29976871"
"JH378127","448459","448696","chrX","104545437","104545671","32","104096978"
"JH378127","449388","449685","chr29","10722547","10722839","37","10273159"
"JH378127","449840","450058","chr2","60446942","60447164","38","59997102"
"JH378127","505279","505382","chrX","2017984","2018087","10","1512705"
"JH378127","524650","524780","chr20","20852752","20852882","10","20328102"
"JH378127","543081","543378","chr12","10064948","10065242","33","9521867"
"JH378127","561193","561502","chr6","16598509","16598818","34","16037316"
"JH378127","570715","570910","chr17","58619356","58619558","38","58048641"
"JH378127","571098","571395","chr15","68364059","68364360","37","67792961"
"JH378127","578098","578385","chr13","22116830","22117114","46","21538732"
"JH378127","587540","587847","chr2","42763208","42763513","39","42175668"
"JH378127","604939","605230","chr10","2350876","2351174","34","1745937"
"JH378127","609345","609667","chr15","33614514","33614837","39","33005169"
"JH378127","612641","612928","chr20","108907026","108907317","31","108294385"
"JH378127","620081","620391","chr1","93361306","93361613","41","92741225"
"JH378127","636884","637169","chr11","64732415","64732714","50","64095531"
"JH378127","641096","641397","chrX","125978862","125979170","40","125337766"
"JH378127","657290","657563","chr21","125118620","125118898","48","124461330"
"JH378127","754197","754493","chr12","107726061","107726359","34","106971864"
"JH378127","785416","785705","chr10","48189037","48189325","32","47403621"
"JH378127","812690","812987","chr11","58110010","58110310","39","57297320"
"JH378127","867498","867789","chr14","45112834","45113124","42","44245336"
"JH378127","896127","896451","chr6","36184281","36184603","40","35288154"
"JH378127","924503","924809","chrX","125302543","125302844","34","124378040"
"JH378127","946204","946300","chr22","82220107","82220203","6","81273903"
"JH378127","963877","964164","chr6","2768739","2769024","42","1804862"
"JH378127","966951","967251","chr9","30411569","30411866","40","29444618"
"JH378127","986645","986971","chr22","52035172","52035502","54","51048527"
"JH378127","1000453","1000761","chr16","2999161","2999470","32","1998708"
"JH378127","1014202","1014349","chr20","2599771","2599915","26","1585569"
"JH378127","1125363","1125659","chr15","86928795","86929095","48","85803432"
"JH378127","1175683","1175969","chr15","54120993","54121279","38","52945310"
"JH378127","1206217","1206513","chr12","10064948","10065242","31","8858731"
"JH378127","1235219","1235517","chr12","10064948","10065242","24","8829729"
"JH378127","1283159","1283455","chr12","10064948","10065242","25","8781789"
"JH378127","1307791","1308099","chr5","64637755","64638059","34","63329964"
"JH378127","1344470","1344588","chr15","53595698","53595816","11","52251228"
"JH378127","1397143","1397455","chr1","65504304","65504612","38","64107161"
"JH378127","1419002","1419304","chr24","67239754","67240052","34","65820752"
"JH378127","1421490","1421802","chr13","84743392","84743699","37","83321902"
"JH378127","1584186","1584497","chr5","2273487","2273788","37","689301"
"JH378127","1612724","1613026","chrX","23977849","23978143","42","22365125"
"JH378127","1619565","1619856","chr6","4113565","4113862","45","2494000"
"JH378127","1632258","1632347","chr16","4405728","4405812","10","2773470"
"JH378127","1635502","1635632","chr3","91348390","91348521","11","89712888"
"JH378127","1636226","1636566","chr14","83371933","83372231","69","81735707"
"JH378127","1661094","1661374","chr19","1411739","1412015","37","249355"
"JH378127","1662789","1663062","chr22","37637582","37637856","38","35974793"
"JH378127","1805770","1806049","chr8","43350898","43351176","53","41545128"
"JH378127","1826362","1826651","chr16","30731330","30731612","48","28904968"
"JH378127","1848328","1848469","chr6","7501396","7501533","18","5653068"
"JH378127","1858009","1858314","chr16","21276866","21277175","42","19418857"
"JH378127","1863010","1863305","chr23","54022455","54022749","41","52159445"
"JH378127","1886162","1886459","chr1","116735844","116736146","39","114849682"
"JH378127","1898698","1898986","chr9","96314869","96315163","47","94416171"
"JH378127","1942581","1942876","chr6","12826841","12827138","35","10884260"
"JH378127","1955411","1955541","chr3","91348390","91348521","11","89392979"
"JH378127","1961398","1961691","chr12","45517357","45517652","41","43555959"
"JH378127","1967190","1967498","chr11","115525233","115525542","30","113558043"
"JH378127","2005588","2005882","chr18","66189352","66189642","35","64183764"
"JH378127","2091780","2091868","chr5","67880800","67880883","9","65789020"
"JH378127","2091972","2092193","chr25","59449721","59449941","25","57357749"
"JH378127","2107811","2108059","chr4","35832302","35832548","34","33724491"
"JH378127","2109364","2109544","chr15","14868615","14868802","35","12759251"
"JH378127","2130267","2130565","chr22","66471801","66472101","49","64341534"
"JH378127","2130730","2131008","chr5","75332537","75332800","55","73201807"
"JH378127","2138145","2138222","chr13","63031813","63031889","6","60893668"
"JH378127","2139956","2140250","chr12","10064948","10065242","31","7924992"
"JH378127","2141567","2141861","chr20","18125995","18126280","53","15984428"
"JH378127","2169956","2170043","chr20","119761262","119761350","13","117591306"
"JH378127","2172211","2172478","chr18","71588361","71588631","42","69416150"
"JH378127","2204442","2204716","chr22","37637582","37637856","48","35433140"
"JH378127","2219001","2219202","chr11","47597052","47597250","30","45378051"
"JH378127","2219705","2219807","chr1","39939684","39939788","16","37719979"
"JH378127","2241924","2242038","chr20","115102100","115102215","9","112860176"
"JH378127","2265166","2265479","chr1","65504304","65504612","32","63239138"
"JH378127","2269707","2269942","chr9","106743255","106743488","29","104473548"
"JH378127","2280938","2281248","chr1","2872653","2872961","34","591715"
"JH378127","2332947","2333243","chrX","23977849","23978143","36","21644902"
"JH378127","2373342","2373622","chr26","50395265","50395544","43","48021923"
"JH378127","2386427","2386539","chrX","90197506","90197623","16","87811079"
"JH378127","2389147","2389434","chr5","26494257","26494539","37","24105110"
"JH378127","2505569","2505870","chr29","8556711","8557016","35","6051142"
"JH378127","2507005","2507310","chr1","2872653","2872961","38","365648"
"JH378127","2511020","2511306","chr15","49165833","49166121","36","46654813"
"JH378127","2625372","2625668","chr8","117458415","117458709","38","114833043"
"JH378127","2666395","2666708","chr8","66644262","66644564","39","63977867"
"JH378127","2684425","2684731","chr16","30398852","30399159","39","27714427"
"JH378127","2763818","2764109","chr17","69474406","69474701","54","66710588"
"JH378127","2891896","2892205","chr1","123836322","123836629","37","120944426"
"JH378127","2996396","2996545","chr9","59130238","59130387","15","56133842"
"JH378127","3020881","3021191","chr6","16598509","16598818","35","13577628"
"JH378127","3221822","3222082","chr1","83625954","83626213","38","80404132"
"JH378127","3255638","3255926","chr11","19611133","19611417","41","16355495"
"JH378127","3322915","3323180","chr25","79258680","79258945","48","75935765"
"JH378127","3331423","3331728","chr26","56179571","56179873","29","52848148"
"JH378127","3339458","3339756","chr12","10064948","10065242","32","6725490"
"JH378127","3376719","3376843","chr15","90834689","90834810","12","87457970"
"JH378127","3385994","3386283","chr20","24783089","24783379","32","21397095"
"JH378127","3386926","3387229","chr15","18549945","18550246","36","15163019"
"JH378127","3410318","3410629","chr6","16598509","16598818","29","13188191"
"JH378127","3488517","3488818","chr12","10064948","10065242","34","6576431"
"JH378127","3557737","3558031","chr12","10064948","10065242","32","6507211"
"JH378127","3564861","3564997","chr6","3375709","3375847","18","189152"
"JH378127","3652078","3652369","chr12","10064948","10065242","29","6412870"
"JH378127","3666493","3666796","chr5","2273487","2273788","33","1393006"
"JH378127","3704476","3704767","chr14","33324028","33324320","44","29619552"
"JH378127","3705005","3705306","chr1","103415790","103416081","41","99710785"
"JH378127","3771414","3771716","chr16","14358940","14359244","40","10587526"
"JH378127","3799276","3799597","chr29","8278863","8279172","44","4479587"
"JH378127","3841233","3841542","chr2","34891557","34891863","41","31050324"
"JH378127","3863551","3863844","chr3","82509225","82509507","42","78645674"
"JH378127","3897472","3897585","chr6","1067449","1067558","16","2830023"
"JH378127","3916062","3916370","chr2","34891557","34891863","33","30975495"
"JH378127","3950403","3950707","chrX","23977849","23978143","47","20027446"
"JH378127","3968461","3968754","chr12","10064948","10065242","28","6096487"
"JH378127","4008568","4008856","chr13","66418876","66419162","52","62410308"
"JH378127","4010209","4010515","chr14","79729598","79729899","34","75719389"
"JH378127","4011548","4011812","chr10","93256104","93256376","44","89244556"
"JH378127","4012968","4013279","chr23","34591432","34591727","49","30578464"
"JH378127","4148448","4148748","chr12","10064948","10065242","29","5916500"
"JH378127","4257412","4257719","chr11","105441883","105442183","40","101184471"
"JH378127","4278124","4278425","chr29","8289755","8290055","34","4011631"
"JH378127","4292198","4292501","chr20","12923354","12923654","30","8631156"
"JH378127","4303783","4304041","chr16","68347000","68347257","39","64043217"
"JH378127","4466108","4466418","chr9","15987970","15988276","33","11521862"
"JH378127","4500055","4500344","chr10","34020927","34021217","45","29520872"
"JH378127","4502767","4503071","chr19","10628119","10628425","39","6125352"
"JH378127","4519325","4519616","chr26","2408433","2408721","54","2110892"
"JH378127","4526112","4526202","chr22","82220107","82220203","10","77693995"
"JH378127","4531484","4531796","chr14","37615851","37616147","44","33084367"
"JH378127","4540709","4540988","chr4","53346939","53347217","33","48806230"
"JH378127","4547262","4547553","chr12","10064948","10065242","28","5517686"
"JH378127","4557129","4557426","chr12","10064948","10065242","25","5507819"
"JH378127","4560315","4560591","chrX","94518298","94518576","39","89957983"
"JH378127","4571163","4571447","chr23","71125189","71125474","29","66554026"
"JH378127","4631671","4631966","chr16","12235438","12235730","42","7603767"
"JH378127","4639308","4639610","chr10","83081189","83081479","58","78441881"
"JH378127","4658457","4658546","chr19","7758593","7758681","9","3100136"
"JH378127","4701189","4701337","chr9","38192622","38192768","14","33491433"
"JH378127","4701749","4702042","chr23","40696217","40696499","47","35994468"
"JH378127","4728041","4728320","chr20","46550281","46550570","37","41822240"
"JH378127","4733048","4733343","chrX","95460911","95461200","34","90727863"
"JH378127","4740315","4740615","chr1","103415790","103416081","38","98675475"
"JH378127","4749096","4749394","chr12","10064948","10065242","28","5315852"
"JH378127","4751757","4752013","chr9","96390861","96391117","29","91639104"
"JH378127","4765891","4766190","chr12","10064948","10065242","38","5299057"
"JH378127","4767833","4768125","chr12","10064948","10065242","45","5297115"
"JH378127","4774954","4775249","chr20","102338969","102339270","43","97564015"
"JH378127","4776168","4776466","chr12","10064948","10065242","24","5288780"
"JH378127","4848987","4849297","chrX","23977849","23978143","65","19128862"
"JH378127","4849306","4849606","chr25","56498862","56499159","42","51649556"
"JH378127","4853566","4853651","chr16","4405728","4405812","9","447838"
"JH378127","4887154","4887461","chr1","108565860","108566161","37","103678706"
"JH378127","4892020","4892149","chr16","4500752","4500881","12","391268"
"JH378127","4892250","4892464","chr15","82175072","82175282","24","77282822"
"JH378127","4892855","4893134","chr6","2852604","2852883","40","2040251"
"JH378127","4896064","4896365","chr14","25533598","25533895","54","20637534"
"JH378127","4908717","4909025","chr14","83371933","83372231","41","78463216"
"JH378127","4921035","4921332","chr20","48692641","48692936","56","43771606"
"JH378127","4940572","4940854","chr5","21193983","21194260","35","16253411"
"JH378127","4945309","4945589","chr8","21312542","21312828","40","16367233"
"JH378127","4951785","4952064","chr5","42662951","42663235","41","37711166"
"JH378127","4956389","4956475","chr5","67880800","67880883","9","62924411"
"JH378127","4961632","4961940","chr5","2273487","2273788","29","2688145"
"JH378127","4961952","4962243","chr12","10064948","10065242","31","5102996"
"JH378127","4964086","4964394","chr16","30398852","30399159","27","25434766"
"JH378127","4966514","4966783","chr10","11579646","11579921","46","6613132"
"JH378127","4973437","4973565","chr3","91348390","91348521","12","86374953"
"JH378127","4995571","4995857","chr6","38437831","38438120","37","33442260"
"JH378127","5035009","5035279","chr10","70870649","70870922","40","65835640"
"JH378127","5049448","5049747","chr8","120119487","120119791","40","115070039"
"JH378127","5063163","5063458","chr16","30637924","30638212","35","25574761"
"JH378127","5070766","5071055","chr8","94667632","94667918","34","89596866"
"JH378127","5080045","5080336","chr10","81998601","81998888","45","76918556"
"JH378127","5084469","5084761","chr11","42115371","42115662","40","37030902"
"JH378127","5094994","5095300","chr5","36774379","36774687","33","31679385"
"JH378127","5108629","5108915","chr5","59378793","59379083","37","54270164"
"JH378127","5114451","5114757","chr18","44879897","44880198","35","39765446"
"JH378127","5118762","5119057","chr2","90183349","90183641","43","85064587"
"JH378127","5121553","5121850","chr1","93361306","93361613","40","88239753"
"JH378127","5165976","5166275","chr24","1147887","1148184","29","4018089"
"JH378127","5266909","5267226","chr17","35258575","35258878","42","29991666"
"JH378127","5290275","5290364","chr22","82220107","82220203","11","76929832"
"JH378127","5298559","5298858","chr22","47793370","47793666","39","42494811"
"JH378127","5306448","5306749","chr20","92481976","92482271","45","87175528"
"JH378127","5324293","5324455","chr25","23334410","23334575","24","18010117"
"JH378127","5324726","5324853","chr20","123802684","123802812","21","118477958"
"JH378127","5427928","5428206","chr18","5486172","5486451","39","58244"
"JH378127","5490304","5490600","chr10","118597337","118597632","40","113107033"
"JH378127","5513818","5514103","chr9","55812466","55812757","44","50298648"
"JH378127","5560270","5560584","chr19","22724276","22724577","51","17164006"
"JH378127","5582333","5582639","chr12","17915779","17916084","39","12333446"
"JH378127","5593236","5593432","chr19","32347194","32347390","31","26753958"
"JH378127","5630540","5630871","chr22","34065717","34066029","63","28435177"
"JH378127","5634468","5634769","chr21","120747708","120748005","52","115113240"
"JH378127","5649529","5649871","chr12","6781553","6781865","105","1132024"
"JH378127","5672794","5673081","chr15","12477396","12477679","36","6804602"
"JH378127","5734222","5734526","chr1","68219231","68219530","45","62485009"
"JH378127","5746483","5746786","chr26","56179571","56179873","29","50433088"
"JH378127","5832071","5832201","chr8","30816712","30816842","15","24984641"
"JH378127","5861254","5861402","chr9","59130238","59130387","14","53268984"
"JH378127","5862539","5862790","chr21","58536106","58536360","38","52673567"
"JH378127","5890579","5890883","chr8","1760359","1760667","41","4130220"
"JH378127","5904215","5904304","chr3","65349691","65349782","14","59445476"
"JH378127","5908972","5909276","chr14","44038439","44038738","36","38129467"
"JH378127","5940735","5941043","chr2","43185063","43185371","41","37244328"
"JH378127","5953321","5953615","chr8","36309216","36309516","35","30355895"
"JH378127","5975227","5975321","chr22","82220107","82220203","9","76244880"
"JH378127","5981780","5982056","chr6","35489845","35490118","55","29508065"
"JH378127","6031252","6031407","chr16","12731848","12731999","32","6700596"
"JH378127","6045597","6045898","chr5","2273487","2273788","27","3772110"
"JH378127","6085521","6085651","chr16","4500752","4500881","15","1584769"
"JH378127","6085867","6086045","chr24","45134837","45135012","32","39048970"
"JH378127","6094637","6094921","chr8","62688504","62688796","43","56593867"
"JH378127","6095754","6096044","chr16","53213011","53213300","37","47117257"
"JH378127","6112401","6112713","chr5","2273487","2273788","37","3838914"
"JH378127","6120006","6120099","chr22","82220107","82220203","10","76100101"
"JH378127","6156111","6156403","chr20","51290473","51290764","36","45134362"
"JH378127","6159670","6159974","chr14","83371933","83372231","40","77212263"
"JH378127","6163578","6163876","chr12","10064948","10065242","29","3901370"
"JH378127","6178816","6178971","chr9","59130238","59130387","21","52951422"
"JH378127","6197865","6198151","chr5","46158393","46158690","44","39960528"
"JH378127","6199226","6199365","chr1","63883321","63883461","16","57684095"
"JH378127","6224350","6224668","chr15","76433661","76433968","51","70209311"
"JH378127","6227334","6227602","chr14","82309362","82309629","37","76082028"
"JH378127","6229702","6229995","chr16","33263949","33264240","56","27034247"
"JH378127","6286741","6287030","chr1","69161184","69161465","43","62874443"
"JH378127","6290672","6290978","chr15","47965092","47965388","47","41674420"
"JH378127","6302021","6302269","chr11","44436513","44436764","28","38134492"
"JH378127","6302566","6302839","chr8","89963957","89964248","42","83661391"
"JH378127","6354504","6354800","chr5","53255334","53255620","42","46900830"
"JH378127","6388063","6388364","chr8","11575259","11575553","43","5187196"
"JH378127","6393191","6393482","chr18","7428221","7428512","42","1035030"
"JH378127","6420358","6420564","chr25","73647297","73647508","31","67226939"
"JH378127","6450131","6450428","chr9","43165199","43165493","42","36715068"
"JH378127","6458175","6458469","chr20","104630107","104630400","34","98171932"
"JH378127","6543136","6543417","chr24","51032663","51032946","39","44489527"
"JH378127","6547132","6547422","chr2","59461683","59461977","40","52914551"
"JH378127","6563257","6563569","chr1","65504304","65504612","30","58941047"
"JH378127","6596931","6597239","chr17","55864125","55864431","32","49267194"
"JH378127","6638933","6639238","chrX","89638803","89639111","45","82999870"
"JH378127","6683111","6683330","chr13","7317370","7317589","28","634259"
"JH378127","6689092","6689400","chr20","121753364","121753658","50","115064272"
"JH378127","6756509","6756815","chr15","60324899","60325206","42","53568390"
"JH378127","6773710","6774007","chr9","81577226","81577526","43","74803516"
"JH378127","6811145","6811432","chr22","50629443","50629736","41","43818298"
"JH378127","6823473","6823782","chr26","38024857","38025165","30","31201384"
"JH378127","6824586","6824879","chr14","37615851","37616147","32","30791265"
"JH378127","6871162","6871410","chr27","10234079","10234323","39","3362917"
"JH378127","6904005","6904145","chr3","5662174","5662315","28","1241831"
"JH378127","6906552","6906832","chr3","82509225","82509507","28","75602673"
"JH378127","6988706","6988998","chr15","54120993","54121279","34","47132287"
"JH378127","7018326","7018619","chr12","10064948","10065242","30","3046622"
"JH378127","7113131","7113436","chr12","102171360","102171663","42","95058229"
"JH378127","7135976","7136106","chr3","91348390","91348521","9","84212414"
"JH378127","7202804","7203116","chr14","83570862","83571166","48","76368058"
"JH378127","7252079","7252291","chr25","73647297","73647508","21","66395218"
"JH378127","7271171","7271461","chr6","47082404","47082694","54","39811233"
"JH378127","7284240","7284327","chr19","7758593","7758681","9","474353"
"JH378127","7289627","7289737","chr6","1067449","1067558","10","6222178"
"JH378127","7300096","7300431","chr9","5720143","5720473","50","1579953"
"JH378127","7321389","7321698","chr2","34891557","34891863","37","27570168"
"JH378127","7323535","7323836","chr12","10064948","10065242","35","2741413"
"JH378127","7338914","7339207","chr12","10064948","10065242","34","2726034"
"JH378127","7353008","7353306","chr14","44038439","44038738","40","36685431"
"JH378127","7365020","7365330","chr29","8289755","8290055","37","924735"
"JH378127","7400542","7400854","chr11","115525233","115525542","34","108124691"
"JH378127","7430218","7430516","chr20","67956614","67956912","34","60526396"
"JH378127","7455218","7455517","chr12","10064948","10065242","31","2609730"
"JH378127","7503337","7503633","chr8","95885898","95886192","38","88382561"
"JH378127","7515166","7515440","chr9","17965725","17965998","41","10450559"
"JH378127","7568218","7568526","chr1","65504304","65504612","35","57936086"
"JH378127","7581623","7581928","chr5","2273487","2273788","33","5308136"
"JH378127","7610892","7611014","chr22","70066935","70067055","15","62456043"
"JH378127","7689738","7690040","chr12","10064948","10065242","30","2375210"
"JH378127","7703361","7703651","chr9","38826637","38826932","44","31123276"
"JH378127","7749486","7749768","chr4","38256403","38256677","47","30506917"
"JH378127","7844824","7845103","chrX","61008485","61008763","38","53163661"
"JH378127","7854441","7854746","chrX","23977849","23978143","46","16123408"
"JH378127","7861794","7862082","chr18","55497484","55497775","35","47635690"
"JH378127","7899367","7899672","chr11","125798758","125799061","32","117899391"
"JH378127","7901372","7901543","chr11","19235479","19235637","39","11334107"
"JH378127","7907340","7907622","chr12","82326389","82326672","41","74419049"
"JH378127","8035237","8035427","chr1","16743166","16743353","30","8707929"
"JH378127","8046824","8046958","chr3","91348390","91348521","16","83301566"
"JH378127","8079658","8079969","chr18","31501692","31501998","32","23422034"
"JH378127","8108621","8108911","chr15","77556509","77556799","43","69447888"
"JH378127","8132527","8132828","chr12","9938852","9939154","50","1806325"
"JH378127","8160077","8160217","chr11","95753406","95753542","16","87593329"
"JH378127","8177113","8177416","chr5","2273487","2273788","28","5903626"
"JH378127","8226832","8227119","chrX","104601258","104601549","36","96374426"
"JH378127","8333965","8334052","chr19","7758593","7758681","10","575372"
"JH378127","8340334","8340632","chr12","10064948","10065242","26","1724614"
"JH378127","8344982","8345279","chr8","6110253","6110536","43","2234729"
"JH378127","8346270","8346571","chr14","40564035","40564334","41","32217765"
"JH378127","8349603","8349914","chr2","34891557","34891863","33","26541954"
"JH378127","8353022","8353328","chr3","10937420","10937729","45","2584398"
"JH378127","8355477","8355659","chr11","118024662","118024847","23","109669185"
"JH378127","8386117","8386421","chr4","16810841","16811146","31","8424724"
"JH378127","8395161","8395465","chr16","33182065","33182368","40","24786904"
"JH378127","8483987","8484286","chr3","10188258","10188557","38","1704271"
"JH378127","8506855","8507152","chr20","93188452","93188748","48","84681597"
"JH378127","8572340","8572646","chr20","91789557","91789859","33","83217217"
"JH378127","8615535","8615700","chr16","4493781","4493964","41","4121754"
"JH378127","8638822","8639121","chr23","41434219","41434517","32","32795397"
"JH378127","8645664","8645942","chr22","17402704","17402979","35","8757040"
"JH378127","8665071","8665375","chr5","53129573","53129878","41","44464502"
"JH378127","8683587","8683897","chrX","125302543","125302844","44","116618956"
"JH378127","8703421","8703728","chr2","10204715","10205019","30","1501294"
"JH378127","8741952","8742254","chr5","70465733","70466025","46","61723781"
"JH378127","8761931","8762244","chr16","64500759","64501073","48","55738828"
"JH378127","8772300","8772447","chr3","90669571","90669712","16","81897271"
"JH378127","8783255","8783563","chr2","10204715","10205019","35","1421460"
"JH378127","8816451","8816745","chr24","44498613","44498908","41","35682162"
"JH378127","8817302","8817606","chr20","85624325","85624630","42","76807023"
"JH378127","8824896","8825193","chr20","120529856","120530157","44","111704960"
"JH378127","8845950","8846210","chr1","111829907","111830168","30","102983957"
"JH378127","8855650","8855749","chr22","82220107","82220203","12","73364457"
"JH378127","8862855","8863153","chr10","8909912","8910203","54","47057"
"JH378127","8863469","8863700","chr9","100323043","100323258","43","91459574"
"JH378127","8871003","8871285","chr5","42662951","42663235","39","33791948"
"JH378127","8880105","8880368","chr22","7571525","7571790","37","1308580"
"JH378127","8890186","8890296","chr6","1067449","1067558","11","7822737"
"JH378127","8904989","8905324","chr2","34891557","34891863","55","25986568"
"JH378127","8907675","8907973","chr2","34891557","34891863","38","25983882"
"JH378127","8937404","8937693","chr5","59224419","59224712","38","50287015"
"JH378127","8938707","8939002","chr10","86530072","86530366","45","77591365"
"JH378127","8983277","8983552","chr4","74202712","74202991","44","65219435"
"JH378127","9010859","9011172","chr11","115525233","115525542","35","106514374"
"JH378127","9035564","9035855","chr7","132205443","132205733","37","123169879"
"JH378127","9037775","9037869","chr22","82220107","82220203","10","73182332"
"JH378127","9074868","9074965","chr14","76690705","76690804","17","67615837"
"JH378127","9106516","9106799","chr6","16578014","16578293","43","7471498"
"JH378127","9108300","9108400","chrX","2017984","2018087","13","7090316"
"JH378127","9109775","9110085","chr11","117737181","117737478","45","108627406"
"JH378127","9111197","9111489","chr8","134989821","134990115","40","125878624"
"JH378127","9123779","9124074","chr12","10064948","10065242","41","941169"
"JH378127","9133890","9134198","chr20","107972036","107972343","38","98838146"
"JH378127","9135295","9135533","chrX","112046945","112047179","32","102911650"
"JH378127","9139076","9139367","chr8","8996994","8997284","46","142082"
"JH378127","9160010","9160310","chr4","73035785","73036085","37","63875775"
"JH378127","9167184","9167490","chr7","133505901","133506203","37","124338717"
"JH378127","9183694","9184003","chr5","36774379","36774687","41","27590685"
"JH378127","9205792","9206083","chr13","65577132","65577425","32","56371340"
"JH378127","9208173","9208474","chr16","21816012","21816308","40","12607839"
"JH378127","9208732","9209042","chrX","125978862","125979170","35","116770130"
"JH378127","9213779","9214077","chr22","47793370","47793666","32","38579591"
"JH378127","9221603","9221902","chr11","117931886","117932185","44","108710283"
"JH378127","9224020","9224210","chr16","68347258","68347451","27","59123238"
"JH378127","9226797","9227103","chr24","67239754","67240052","38","58012957"
"JH378127","9235546","9235855","chr16","30398852","30399159","35","21163306"
"JH378127","9259732","9260057","chr11","77049093","77049418","42","67789361"
"JH378127","9269291","9269576","chr22","5608441","5608728","39","3660850"
"JH378127","9270648","9270969","chr2","34891557","34891863","40","25620909"
"JH378127","9296375","9296453","chr13","63031813","63031889","8","53735438"
"JH378127","9298747","9299042","chr15","5632190","5632493","45","3666557"
"JH378127","9310351","9310648","chrX","23977849","23978143","40","14667498"
"JH378127","9320793","9321091","chr7","123616853","123617149","35","114296060"
"JH378127","9337365","9337665","chr1","103415790","103416081","44","94078425"
"JH378127","9342037","9342327","chr25","75511414","75511696","45","66169377"
"JH378127","9354858","9355136","chr7","99849227","99849497","43","90494369"
"JH378127","9362962","9363062","chr22","82220107","82220203","11","72857145"
"JH378127","9395879","9396152","chr10","101625850","101626125","37","92229971"
"JH378127","9413344","9413645","chr29","11133710","11134008","41","1720366"
"JH378127","9416929","9417032","chr24","34051581","34051688","18","24634652"
"JH378127","9442455","9442669","chr25","73647297","73647508","27","64204842"
"JH378127","9476954","9477245","chr1","11933600","11933891","32","2456646"
"JH378127","9488948","9489241","chr20","92376254","92376545","41","82887306"
"JH378127","9517018","9517314","chr12","10064948","10065242","23","547930"
"JH378127","9522047","9522369","chr1","14078045","14078365","42","4555998"
"JH378127","9530231","9530523","chr7","134145542","134145831","37","124615311"
"JH378127","9543998","9544279","chr25","68795858","68796149","49","59251860"
"JH378127","9577781","9578091","chr28","4550302","4550608","37","5027479"
"JH378127","9579829","9580040","chr23","43376123","43376346","31","33796294"
"JH378127","9587168","9587445","chr1","6386522","6386802","45","3200646"
"JH378127","9634384","9634512","chr21","2090990","2091119","17","7543394"
"JH378127","9647983","9648258","chrX_KE148108v1_random","2997252","2997529","39","6650731"
"JH378127","9663943","9664075","chr12","68799564","68799697","17","59135621"
"JH378127","9735503","9735735","chr26","14438107","14438343","34","4702604"
"JH378127","9741252","9741567","chr17","25327775","25328080","42","15586523"
"JH378127","9741586","9741806","chr1","38090108","38090330","34","28348522"
"JH378127","9742544","9742804","chr7","74493098","74493366","49","64750554"
"JH378127","9810839","9811132","chr21","13058451","13058746","36","3247612"
"JH378127","9813593","9813900","chr10","72956484","72956800","69","63142891"
"JH378127","9823997","9824301","chr1","68219231","68219530","51","58395234"
"JH378127","9827650","9827951","chr13","94775648","94775954","40","84947998"
"JH378127","9837424","9837714","chr10","2890263","2890553","34","6947161"
"JH378127","9846078","9846357","chr25","41932134","41932418","53","32086056"
"JH378127","9851791","9852090","chr20","20165233","20165528","50","10313442"
"JH378127","9862054","9862345","chr5","9902768","9903074","53","40714"
"JH378127","9869514","9869819","chr5","44804799","44805098","36","34935285"
"JH378127","9872165","9872464","chrX","23977849","23978143","39","14105684"
"JH378127","9877942","9878245","chr21","34937009","34937306","38","25059067"
"JH378127","9892506","9892789","chrX","49498574","49498857","38","39606068"
"JH378127","9904689","9904987","chr4","62222786","62223086","32","52318097"
"JH378127","9916080","9916370","chr8","104167104","104167395","40","94251024"
"JH378127","9921145","9921429","chr9","114015180","114015455","37","104094035"
"JH378127","9922490","9922615","chr24","49206391","49206514","28","39283901"
"JH378127","9924219","9924515","chr14","83371933","83372231","33","73447714"
"JH378127","9938516","9938817","chr12","10064948","10065242","30","126432"
"JH378127","9954069","9954364","chr20","20814045","20814347","42","10859976"
"JH378127","9969471","9969744","chr12","4983870","4984143","56","4985601"
"JH378127","9972503","9972809","chr5","33074148","33074451","38","23101645"
"JH378127","10011945","10012229","chr21","73050756","73051046","35","63038811"
"JH378127","10015454","10015744","chr14","37097278","37097571","31","27081824"
"JH378127","10045225","10045331","chr6","1067449","1067558","9","8977776"
"JH378127","10046305","10046536","chr11","126175108","126175340","35","116128803"
"JH378127","10069494","10069788","chr12","10064948","10065242","26","4546"
"JH378127","10078510","10078809","chr10","21690582","21690883","41","11612072"
"JH378127","10094668","10094931","chr10","49912163","49912425","42","39817495"
"JH378127","10099806","10100096","chr18","71629517","71629808","38","61529711"
"JH378127","10107848","10108155","chr16","7477345","7477653","43","2630503"
"JH378127","10132683","10132766","chr5","67880800","67880883","5","57748117"
"JH378127","10168425","10168728","chr1","68219231","68219530","34","58050806"
"JH378127","10184661","10184903","chr1","28183924","28184171","33","17999263"
"JH378127","10193856","10194159","chr27","22888845","22889148","38","12694989"
"JH378127","10199854","10200148","chr12","10064948","10065242","36","134906"
"JH378127","10204754","10205038","chr23","13594276","13594570","56","3389522"
"JH378127","10256392","10256704","chr11","115525233","115525542","29","105268841"
"JH378127","10261939","10262230","chr15","55671865","55672154","42","45409926"
"JH378127","10308418","10308555","chr17","37316933","37317077","32","27008515"
"JH378127","10326601","10326907","chr15","74176771","74177073","47","63850170"
"JH378127","10354947","10355256","chr24","68895333","68895641","30","58540386"
"JH378127","10361334","10361643","chr20","71071763","71072067","44","60710429"
"JH378127","10367852","10368140","chrX","23977849","23978143","31","13609997"
"JH378127","10395242","10395527","chr6","48913632","48913921","33","38518390"
"JH378127","10415892","10416197","chr2","74744689","74744996","45","64328797"
"JH378127","10447752","10448088","chr3","37955466","37955795","49","27507714"
"JH378127","10475018","10475309","chr14","80284365","80284655","37","69809347"
"JH378127","10597216","10597513","chr20","9106592","9106889","26","1490624"
"JH378127","10600537","10600836","chr23","40897282","40897583","28","30296745"
"JH378127","10637236","10637509","chr8","12352823","12353103","54","1715587"
"JH378127","10674959","10675252","chr10","8909912","8910203","35","1765047"
"JH378127","10684621","10684924","chr16","64430366","64430669","40","53745745"
"JH378127","10731687","10731911","chr20","47773481","47773698","35","37041794"
"JH378127","10743386","10743665","chr19","19502742","19503020","44","8759356"
"JH378127","10766190","10766286","chr22","82220107","82220203","8","71453917"
"JH378127","10795179","10795481","chr13","81585158","81585455","29","70789979"
"JH378127","10853690","10853978","chr1","30722423","30722702","43","19868733"
"JH378127","10888139","10888443","chr1","68219231","68219530","49","57331092"
"JH378127","10890505","10890594","chr3","65349691","65349782","12","54459186"
"JH378127","10902653","10902726","chr13","63031813","63031889","9","52129160"
"JH378127","10912752","10913067","chr6","15953108","15953417","38","5040356"
"JH378127","10932740","10933049","chr23","44247755","44248062","38","33315015"
"JH378127","10963045","10963322","chr16","23882565","23882832","45","12919520"
"JH378127","10990998","10991287","chr2","72264629","72264919","40","61273631"
"JH378127","10994449","10994746","chr16","25791548","25791851","38","14797099"
"JH378127","10998973","10999278","chrX","23977849","23978143","42","12978876"
"JH378127","11004706","11004993","chr7","93852704","93852990","37","82847998"
"JH378127","11047267","11047577","chr6","16598509","16598818","27","5551242"
"JH378127","11053111","11053387","chr1","84974809","84975074","49","73921698"
"JH378127","11055414","11055718","chr12","65906122","65906423","37","54850708"
"JH378127","11060885","11061185","chr13","65577132","65577425","33","54516247"
"JH378127","11090113","11090414","chr23","56584916","56585211","38","45494803"
"JH378127","11111910","11112088","chr2","37145074","37145258","24","26033164"
"JH378127","11118016","11118276","chr8","41144891","41145148","47","30026875"
"JH378127","11118335","11118632","chr12","28523789","28524082","41","17405454"
"JH378127","11155360","11155663","chr20","91789557","91789859","44","80634197"
"JH378127","11196938","11197082","chr6","7229588","7229731","25","3967350"
"JH378127","11208360","11208676","chr17","50662690","50662993","54","39454330"
"JH378127","11212157","11212455","chr1","103415790","103416081","52","92203633"
"JH378127","11219984","11220281","chr2","20149541","20149849","62","8929557"
"JH378127","11230839","11231149","chr26","50892406","50892715","47","39661567"
"JH378127","11257399","11257668","chr4","71835264","71835534","48","60577865"
"JH378127","11277292","11277595","chr5","23332270","23332572","42","12054978"
"JH378127","11283012","11283297","chrX","23977849","23978143","47","12694837"
"JH378127","11300169","11300465","chr8","36061210","36061506","39","24761041"
"JH378127","11303749","11304038","chr2","35931939","35932239","40","24628190"
"JH378127","11306202","11306511","chr5","36774379","36774687","29","25468177"
"JH378127","11313541","11313618","chr13","63031813","63031889","8","51718272"
"JH378127","11317411","11317512","chr1","39939684","39939788","12","28622273"
"JH378127","11331336","11331426","chr22","82220107","82220203","12","70888771"
"JH378127","11331752","11332055","chr12","10064948","10065242","30","1266804"
"JH378127","11357755","11357856","chrX","2017984","2018087","11","9339771"
"JH378127","11365382","11365654","chr23","52585251","52585537","45","41219869"
"JH378127","11376632","11376884","chr5","1545752","1546005","43","9830880"
"JH378127","11379532","11379842","chr1","2872653","2872961","40","8506879"
"JH378127","11386021","11386213","chr12","100925982","100926172","26","89539961"
"JH378127","11400542","11400819","chr28","14642043","14642329","49","3241501"
"JH378127","11405243","11405391","chr22","14395100","14395247","16","2989857"
"JH378127","11408044","11408147","chrX","2017984","2018087","10","9390060"
"JH378127","11416213","11416509","chr8","138416364","138416651","46","127000151"
"JH378127","11428051","11428181","chr3","91348390","91348521","12","79920339"
"JH378127","11431478","11431766","chr3","27069317","27069607","46","15637839"
"JH378127","11437175","11437450","chr5","26756445","26756721","34","15319270"
"JH378127","11438606","11438893","chr16","31788140","31788419","34","20349534"
"JH378127","11450453","11450543","chr3","65349691","65349782","11","53899238"
"JH378127","11459009","11459113","chr1","39939684","39939788","9","28480675"
"JH378127","11461691","11461993","chrX","84956070","84956370","43","73494379"
"JH378127","11469579","11469679","chr22","82220107","82220203","10","70750528"
"JH378127","11471791","11471984","chr12","61255939","61256136","31","49784148"
"JH378127","11478464","11478769","chr12","106797672","106797971","36","95319208"
"JH378127","11480881","11480957","chr13","63031813","63031889","7","51550932"
"JH378127","11494869","11494947","chr13","63031813","63031889","8","51536944"
"JH378127","11496938","11497102","chr26","33523143","33523311","36","22026205"
"JH378127","11500934","11501022","chr20","119761262","119761350","10","108260328"
"JH378127","11502119","11502244","chrX","60368209","60368339","24","48866090"
"JH378127","11510536","11510835","chr12","10064948","10065242","30","1445588"
"JH378127","11547925","11548054","chr6","41901224","41901352","22","30353299"
"JH378127","11553194","11553320","chr16","4500752","4500881","18","7052442"
"JH378127","11553544","11553846","chr12","10064948","10065242","27","1488596"
"JH378127","11561084","11561330","chr14","49196743","49196984","40","37635659"
"JH378127","11565019","11565318","chr26","18708576","18708870","44","7143557"
"JH378127","11573320","11573631","chr26","16008721","16009029","42","4435401"
"JH378127","11583787","11584085","chr1","68219231","68219530","29","56635444"
"JH378127","11592371","11592514","chrX","4336765","4336906","23","7255606"
"JH378127","11592597","11592770","chr11","126322509","126322685","30","114729912"
"JH378127","11595168","11595303","chr26","6591504","6591639","11","5003664"
"JH378127","11618037","11618340","chr8","32187026","32187333","38","20568989"
"JH378127","11619452","11619736","chr1","97089521","97089816","50","85470069"
"JH378127","11620959","11621242","chr7","100037094","100037378","34","88416135"
"JH378127","11625965","11626254","chr28","18543247","18543535","35","6917282"
"JH378127","11626261","11626568","chr20","106884868","106885166","48","95258607"
"JH378127","11636244","11636365","chr6","11193830","11193948","12","442414"
"JH378127","11645888","11646173","chr21","35798011","35798296","33","24152123"
"JH378127","11658031","11658309","chr11","90825564","90825850","52","79167533"
"JH378127","11692175","11692476","chr11","31834827","31835123","35","20142652"
"JH378127","11703609","11703903","chr21","36464675","36464969","42","24761066"
"JH378127","11723376","11723705","chr5","65290373","65290690","71","53566997"
"JH378127","11727559","11727633","chr13","63031813","63031889","9","51304254"
"JH378127","11734474","11734806","chr7","46261901","46262224","49","34527427"
"JH378127","11736680","11736946","chr20","116428512","116428772","51","104691832"
"JH378127","11749210","11749521","chr25","74469315","74469624","45","62720105"
"JH378127","11750169","11750410","chr28","14076384","14076635","38","2326215"
"JH378127","11751224","11751319","chr17","40217264","40217370","17","28466040"
"JH378127","11804978","11805257","chr16","11362824","11363098","41","442154"
"JH378127","11820480","11820583","chr17","40217264","40217370","11","28396784"
"JH378127","11868375","11868674","chr26","3416516","3416812","34","8451859"
"JH378127","11872864","11873165","chr13","64989908","64990202","34","53117044"
"JH378127","11873496","11873802","chr5","2273487","2273788","38","9600009"
"JH378127","11877821","11878107","chr14","80284365","80284655","35","68406544"
"JH378127","11880180","11880479","chr7","122549410","122549710","40","110669230"
"JH378127","11883861","11884164","chr4","16808054","16808360","36","4924193"
"JH378127","11934936","11935217","chr17","39626947","39627230","38","27692011"
"JH378127","11966371","11966634","chr21","123807005","123807271","43","111840634"
"JH378127","12011870","12012171","chr16","11247440","11247731","51","764430"
"JH378127","12042502","12042798","chr1","66807483","66807786","38","54764981"
"JH378127","12043062","12043361","chrX","115847772","115848064","45","103804710"
"JH378127","12061831","12062142","chr5","16792567","16792878","40","4730736"
"JH378127","12104848","12105141","chr3","69125357","69125651","49","57020509"
"JH378127","12164184","12164483","chr1","105193914","105194196","51","93029730"
"JH378127","12164486","12164773","chr6","48913632","48913921","40","36749146"
"JH378127","12173428","12173592","chr22","90599011","90599179","29","78425583"
"JH378127","12260299","12260597","chr12","10064948","10065242","32","2195351"
"JH378127","12353180","12353478","chr23","40897282","40897583","35","28544102"
"JH378127","12369874","12370155","chr9","82012344","82012620","36","69642470"
"JH378127","12446470","12446753","chr6","44675473","44675756","44","32229003"
"JH378127","12450573","12450847","chr10","127201999","127202278","50","114751426"
"JH378127","12459160","12459449","chr13","65577132","65577425","32","53117972"
"JH378127","12514699","12514981","chr20","122541228","122541520","44","110026529"
"JH378127","12527173","12527480","chr2","34891557","34891863","34","22364384"
"JH378127","12554157","12554454","chr8","92575854","92576153","52","80021697"
"JH378127","12609674","12609965","chr16","33470171","33470463","36","20860497"
"JH378127","12699387","12699664","chr25","77646591","77646873","51","64947204"
"JH378127","12701298","12701600","chr23","44803773","44804074","39","32102475"
"JH378127","12707750","12707880","chr9","71632727","71632860","13","58924977"
"JH378127","12715912","12716048","chr5","74154623","74154755","19","61438711"
"JH378127","12720399","12720698","chr10","118597337","118597632","34","105876938"
"JH378127","12731834","12732146","chr1","65504304","65504612","36","52772470"
"JH378127","12734101","12734185","chr16","4405728","4405812","9","8328373"
"JH378127","12750309","12750403","chr22","82220107","82220203","9","69469798"
"JH378127","12773029","12773320","chr9","83383980","83384273","36","70610951"
"JH378127","12809462","12809540","chr5","67880800","67880883","9","55071338"
"JH378127","12823891","12823969","chr5","67880800","67880883","9","55056909"
"JH378127","12825201","12825317","chr10","119600285","119600402","21","106775084"
"JH378127","12825536","12825741","chr1","121417341","121417548","31","108591805"
"JH378127","12825742","12825866","chr1","8688937","8689061","22","4136805"
"JH378127","12826121","12826427","chr5","2273487","2273788","41","10552634"
"JH378127","12830312","12830611","chr8","93926175","93926473","37","81095863"
"JH378127","12838001","12838313","chr1","65504304","65504612","31","52666303"
"JH378127","12841158","12841412","chr1","125267171","125267421","46","112426013"
"JH378127","12849434","12849703","chr13","60361890","60362155","49","47512456"
"JH378127","12849938","12850205","chr16","4608206","4608469","42","8241732"
"JH378127","12855095","12855205","chr6","1067449","1067558","12","11787646"
"JH378127","12859546","12859839","chr14","33324028","33324320","38","20464482"
"JH378127","12881048","12881131","chr16","3308866","3308945","13","9572182"
"JH378127","12898944","12899249","chr2","7494757","7495063","41","5404187"
"JH378127","12917403","12917663","chr3","5645732","5646008","57","7271671"
"JH378127","12920582","12920883","chr7","99172603","99172901","43","86252021"
"JH378127","12936240","12936526","chr11","99829082","99829372","39","86892842"
"JH378127","12942867","12943153","chr2","7719308","7719587","36","5223559"
"JH378127","12944201","12944501","chr12","10064948","10065242","28","2879253"
"JH378127","12947138","12947438","chr20","67231579","67231882","34","54284441"
"JH378127","13008634","13008919","chr11","42115371","42115662","39","29106737"
"JH378127","13020046","13020347","chr1","108565860","108566161","36","95545814"
"JH378127","13039721","13040016","chr12","10064948","10065242","29","2974773"
"JH378127","13045752","13046048","chr13","65577132","65577425","32","52531380"
"JH378127","13074057","13074393","chr20","119195719","119196046","49","106121662"
"JH378127","13079906","13080223","chr10","89459842","89460157","41","76379936"
"JH378127","13092781","13093069","chr18","32721655","32721941","38","19628874"
"JH378127","13114846","13115158","chr17","35258575","35258878","32","22143729"
"JH378127","13193093","13193386","chrY","2316241","2316538","33","10876852"
"JH378127","13198440","13198732","chr2","57111387","57111678","32","43912947"
"JH378127","13216670","13216796","chr11","128198219","128198344","20","114981549"
"JH378127","13217003","13217146","chr20","2599771","2599915","22","10617232"
"JH378127","13219557","13219847","chr21","74368618","74368909","32","61149061"
"JH378127","13265298","13265604","chr12","10064948","10065242","30","3200350"
"JH378127","13301099","13301391","chr15","81443631","81443929","34","68142532"
"JH378127","13317765","13318052","chr16","18487100","18487391","41","5169335"
"JH378127","13334998","13335273","chr5","21193983","21194260","36","7858985"
"JH378127","13351147","13351442","chr12","60432247","60432540","33","47081100"
"JH378127","13713223","13713504","chr8","75315240","75315524","37","61602017"
"JH378127","13753194","13753441","chr4","35832302","35832548","41","22079108"
"JH378127","13773575","13773860","chr9","82012344","82012620","37","68238769"
"JH378127","13891352","13891639","chr14","79952339","79952627","43","66060987"
"JH378127","13994532","13994842","chr6","15953108","15953417","37","1958576"
"JH378127","14051254","14051350","chr22","82220107","82220203","6","68168853"
"JH378127","14151162","14151466","chr12","74217361","74217667","34","60066199"
"JH378127","14158409","14158715","chrX","125302543","125302844","30","111144134"
"JH378127","14196088","14196381","chr9","39095858","39096151","41","24899770"
"JH378127","14207876","14208166","chr6","40521718","40522008","44","26313842"
"JH378127","14227177","14227345","chr4","82829588","82829761","23","68602411"
"JH378127","14320014","14320282","chr12","9839563","9839832","41","4480451"
"JH378127","14333908","14334118","chr9","28573966","28574178","32","14240058"
"JH378127","14465543","14465855","chr10","110699613","110699910","51","96234070"
"JH378127","14478956","14479238","chr1","17555841","17556129","39","3076885"
"JH378127","14562241","14562525","chr4","33709321","33709605","47","19147080"
"JH378127","14628892","14629179","chr26","38637329","38637616","44","24008437"
"JH378127","14641559","14641805","chr9","122206771","122207019","49","107565212"
"JH378127","14660009","14660307","chr8","1641343","1641640","32","13018666"
"JH378127","14675710","14676001","chrX","95460911","95461200","28","80785201"
"JH378127","14688122","14688399","chr9","114015180","114015455","39","99327058"
"JH378127","14704498","14704803","chr14","79729598","79729899","36","65025100"
"JH378127","14712048","14712296","chr5","1545752","1546005","61","13166296"
"JH378127","14714167","14714469","chr12","10064948","10065242","44","4649219"
"JH378127","14738544","14738829","chr2","46306899","46307189","40","31568355"
"JH378127","14744027","14744336","chr19","21874538","21874839","40","7130511"
"JH378127","14751395","14751707","chr5","36774379","36774687","35","22022984"
"JH378127","14781804","14782110","chr24","1147887","1148184","33","13633917"
"JH378127","14829139","14829436","chr9","83383980","83384273","32","68554841"
"JH378127","14938251","14938548","chr11","118072939","118073238","33","103134688"
"JH378127","15064653","15064964","chr1","63079944","63080250","35","48015291"
"JH378127","15066139","15066402","chr2","80816936","80817209","50","65750797"
"JH378127","15073384","15073681","chr12","10064948","10065242","24","5008436"
"JH378127","15076011","15076305","chr2","38853293","38853590","39","23777282"
"JH378127","15093766","15094060","chr7","113146980","113147279","42","98053214"
"JH378127","15176471","15176776","chr17","57027941","57028250","41","41851470"
"JH378127","15203715","15204011","chr29","15340313","15340601","39","136598"
"JH378127","15206250","15206544","chr20","104630107","104630400","36","89423857"
"JH378127","15228001","15228295","chr10","118597337","118597632","32","103369336"
"JH378127","15228337","15228615","chr5","21193983","21194260","31","5965646"
"JH378127","15277440","15277747","chr7","96637694","96637997","37","81360254"
"JH378127","15279598","15279888","chr20_KE148049v1_random","535731","536028","48","14743867"
"JH378127","15300994","15301304","chr2","34891557","34891863","37","19590563"
"JH378127","15305040","15305205","chr18","16202755","16202921","24","897715"
"JH378127","15309424","15309720","chr10","90402340","90402635","41","75092916"
"JH378127","15329647","15329918","chr9","114015180","114015455","42","98685533"
"JH378127","15330496","15330776","chr22","91959188","91959456","40","76628692"
"JH378127","15339563","15339869","chr17","55983832","55984132","44","40644269"
"JH378127","15351234","15351525","chr6","48913632","48913921","35","33562398"
"JH378127","15359049","15359356","chr20","46933799","46934103","38","31574750"
"JH378127","15360426","15360727","chr27","46198966","46199264","45","30838540"
"JH378127","15367966","15368259","chr20","97353520","97353811","26","81985554"
"JH378127","15422805","15422964","chr13","51619899","51620061","24","36197094"
"JH378127","15423304","15423601","chr12","89807643","89807940","39","74384339"
"JH378127","15474228","15474513","chr9","41314060","41314337","47","25839832"
"JH378127","15484249","15484505","chr9","96390861","96391117","34","80906612"
"JH378127","15512635","15512906","chr21","2053515","2053787","43","13459120"
"JH378127","15543777","15544052","chr12","13260494","13260774","36","2283283"
"JH378127","15560676","15560968","chr7","132429422","132429698","40","116868746"
"JH378127","15572883","15572987","chr1","39939684","39939788","10","24366801"
"JH378127","15600412","15600712","chr17","55983832","55984132","42","40383420"
"JH378127","15627723","15628023","chr12","27631381","27631681","39","12003658"
"JH378127","15632026","15632306","chr10","81088081","81088364","44","65456055"
"JH378127","15653168","15653466","chr11","52565146","52565448","34","36911978"
"JH378127","15659514","15659643","chr16","4500752","4500881","10","11158762"
"JH378127","15660409","15660686","chr5","35708513","35708786","45","20048104"
"JH378127","15660708","15660752","chr6","45685543","45685583","14","30024835"
"JH378127","15667627","15667734","chr22","52501284","52501397","18","36833657"
"JH378127","15689756","15690036","chr11","19611133","19611417","34","3921377"
"JH378127","15699655","15699957","chr5","2273487","2273788","26","13426168"
"JH378127","15702032","15702340","chr23","41434219","41434517","37","25732187"
"JH378127","15704247","15704398","chr9","59130238","59130387","15","43425991"
"JH378127","15708171","15708471","chr13","45058548","45058844","54","29350377"
"JH378127","15718865","15719165","chr5","2273487","2273788","33","13445378"
"JH378127","15746728","15747025","chr10","118597337","118597632","32","102850609"
"JH378127","15775017","15775296","chr20","93651432","93651707","46","77876415"
"JH378127","15776418","15776717","chr12","10064948","10065242","31","5711470"
"JH378127","15790399","15790680","chr21","28957937","28958215","35","13167538"
"JH378127","15795102","15795406","chr5","2273487","2273788","27","13521615"
"JH378127","15796021","15796302","chrX","119965831","119966113","50","104169810"
"JH378127","15800464","15800752","chr20","97353520","97353811","39","81553056"
"JH378127","15803132","15803421","chr29","8289755","8290055","43","7513377"
"JH378127","15808610","15808908","chr14","37097278","37097571","36","21288668"
"JH378127","15834155","15834443","chr14","81630894","81631181","36","65796739"
"JH378127","15836519","15836818","chr12","10064948","10065242","35","5771571"
"JH378127","15844980","15845228","chr9","55166194","55166434","37","39321214"
"JH378127","15847103","15847412","chr2","43185063","43185371","35","27337960"
"JH378127","15858761","15859059","chr12","10064948","10065242","23","5793813"
"JH378127","15860265","15860561","chr17","56227541","56227836","48","40367276"
"JH378127","15860672","15860755","chr5","67880800","67880883","6","52020128"
"JH378127","15864177","15864458","chr14","71411120","71411402","36","55546943"
"JH378127","15892713","15892815","chr1","39939684","39939788","11","24046971"
"JH378127","15893137","15893415","chr4","38256403","38256677","45","22363266"
"JH378127","15899894","15899977","chr16","4405728","4405812","5","11494166"
"JH378127","15919811","15920109","chr12","10064948","10065242","24","5854863"
"JH378127","15975410","15975701","chr23","34328669","34328947","49","18353259"
"JH378127","15980805","15981111","chr18","34769557","34769861","37","18788752"
"JH378127","15994000","15994233","chr3","12158483","12158716","29","3835517"
"JH378127","16003414","16003730","chr22","5079064","5079372","47","10924350"
"JH378127","16012839","16013128","chr4","16826184","16826472","40","813345"
"JH378127","16022082","16022159","chr13","63031813","63031889","7","47009731"
"JH378127","16028230","16028531","chr25","85642603","85642903","51","69614373"
"JH378127","16048138","16048428","chr18","71480316","71480609","33","55432178"
"JH378127","16050729","16051053","chr2","21278006","21278325","40","5227277"
"JH378127","16051672","16051974","chr9","123749848","123750155","53","107698176"
"JH378127","16055151","16055438","chr26","16115960","16116244","40","60809"
"JH378127","16084413","16084542","chr1","97802296","97802426","13","81717883"
"JH378127","16087283","16087609","chr16","35144511","35144831","49","19057228"
"JH378127","16106623","16106879","chr9","96390861","96391117","30","80284238"
"JH378127","16141674","16141960","chr13","48544378","48544655","46","32402704"
"JH378127","16164422","16164683","chr5","34103098","34103364","34","17938676"
"JH378127","16208606","16208869","chr9","92500633","92500888","46","76292027"
"JH378127","16222301","16222383","chr5","67880800","67880883","14","51658499"
"JH378127","16229531","16229828","chr18","71480316","71480609","31","55250785"
"JH378127","16327490","16327786","chr14","36991957","36992258","36","20664467"
"JH378127","16352199","16352488","chr5","26494257","26494539","41","10142058"
"JH378127","16436193","16436463","chr1","54471485","54471761","35","38035292"
"JH378127","16449971","16450270","chrX","17246394","17246689","34","796423"
"JH378127","16493123","16493433","chr17","39465433","39465741","44","22972310"
"JH378127","16499667","16499917","chr21","122222091","122222344","42","105722424"
"JH378127","16517730","16518032","chr16","24960605","24960911","44","8442875"
"JH378127","16592566","16592645","chr16","3308866","3308945","10","13283700"
"JH378127","16621540","16621829","chr21","35798011","35798296","38","19176471"
"JH378127","16638656","16638965","chr2","58045145","58045453","42","41406489"
"JH378127","16676809","16677116","chr21","118395212","118395519","40","101718403"
"JH378127","16708081","16708389","chr11","84795218","84795524","41","68087137"
"JH378127","16749209","16749526","chr24","68895333","68895641","37","52146124"
"JH378127","16797675","16797929","chr7","128889901","128890160","36","112092226"
"JH378127","16800769","16800992","chr11","59073849","59074065","41","42273080"
"JH378127","16841679","16841782","chrX","2017984","2018087","10","14823695"
"JH378127","16845504","16845763","chr2","28528551","28528816","37","11683047"
"JH378127","16846610","16846906","chr13","84556088","84556386","29","67709478"
"JH378127","16856090","16856219","chr24","49206391","49206514","25","32350301"
"JH378127","16880902","16881184","chr7","33626384","33626662","42","16745482"
"JH378127","16949977","16950299","chrX","70268757","70269082","35","53318780"
"JH378127","17020542","17020829","chr5","26494257","26494539","33","9473715"
"JH378127","17027505","17027770","chr26","32485027","32485291","37","15457522"
"JH378127","17150058","17150338","chr21","33287053","33287331","43","16136995"
"JH378127","17174950","17175259","chr28","4550302","4550608","41","12624648"
"JH378127","17195056","17195239","chr13","1182759","1182946","27","16012297"
"JH378127","17252746","17253051","chr16","2999161","2999470","36","14253585"
"JH378127","17321665","17321967","chr11","114846906","114847210","41","97525241"
"JH378127","17345323","17345430","chr6","5216779","5216886","13","12128544"
"JH378127","17346140","17346369","chr6","2372111","2372337","28","14974029"
"JH378127","17364347","17364630","chr14","15633040","15633320","40","1731307"
"JH378127","17567291","17567368","chr13","63031813","63031889","9","45464522"
"JH378127","17583539","17583815","chr9","114015180","114015455","40","96431641"
"JH378127","17639924","17640104","chr29","2215538","2215712","31","15424386"
"JH378127","17662630","17662926","chr13","65577132","65577425","31","47914502"
"JH378127","17711020","17711310","chr3","18138903","18139190","47","427883"
"JH378127","17773589","17773880","chr28","14616315","14616605","39","3157274"
"JH378127","17784225","17784529","chr15","12031507","12031804","34","5752718"
"JH378127","17852471","17852605","chr9","71632727","71632860","15","53780256"
"JH378127","17867313","17867618","chr1","108565860","108566161","42","90698547"
"JH378127","17900953","17901247","chr5","69923908","69924203","34","52022955"
"JH378127","17918980","17919120","chr22","8892875","8893015","18","9026105"
"JH378127","17955283","17955580","chr22","47793370","47793666","43","29838087"
"JH378127","17974423","17974630","chr16","40442198","40442397","37","22467775"
"JH378127","18034011","18034329","chr20","8994050","8994369","56","9039961"
"JH378127","18036667","18036975","chr1","110696522","110696824","38","92659855"
"JH378127","18075209","18075498","chr16","18091158","18091443","35","15949"
"JH378127","18122347","18122638","chrX","23977849","23978143","30","5855502"
"JH378127","18129017","18129328","chr14","22799686","22799991","41","4670669"
"JH378127","18142716","18143005","chr8","75450257","75450544","30","57307541"
"JH378127","18182368","18182681","chr9","22121663","22121971","46","3939295"
"JH378127","18189071","18189312","chr22","32301539","32301776","50","14112468"
"JH378127","18210260","18210592","chr17","35258575","35258878","56","17048315"
"JH378127","18254573","18254885","chr14","83371933","83372231","41","65117360"
"JH378127","18259677","18259967","chr14","45112834","45113124","33","26853157"
"JH378127","18370546","18370818","chr10","76309411","76309679","40","57938865"
"JH378127","18449708","18449797","chr3","65349691","65349782","11","46899983"
"JH378127","18505858","18506155","chr12","10064948","10065242","29","8440910"
"JH378127","18533362","18533659","chr14","83371933","83372231","33","64838571"
"JH378127","18552052","18552346","chr12","8195857","8196154","36","10356195"
"JH378127","18563277","18563570","chr1","121176831","121177125","34","102613554"
"JH378127","18590003","18590289","chr18","57857287","57857580","44","39267284"
"JH378127","18620804","18621097","chr12","60432247","60432540","31","41811443"
"JH378127","18634557","18634859","chr12","96526909","96527205","37","77892352"
"JH378127","18658581","18658877","chr9","81056861","81057162","47","62398280"
"JH378127","18671198","18671496","chr1","10938341","10938635","42","7732857"
"JH378127","18683592","18683901","chr20","70184160","70184468","40","51500568"
"JH378127","18685579","18685896","chr13","84743392","84743699","42","66057813"
"JH378127","18695401","18695694","chrX","23977849","23978143","30","5282448"
"JH378127","18709433","18709722","chr18","56165308","56165595","37","37455875"
"JH378127","18711602","18711912","chr28","4550302","4550608","42","14161300"
"JH378127","18717997","18718289","chr9","96977034","96977330","49","78259037"
"JH378127","18718803","18718897","chr22","82220107","82220203","9","63501304"
"JH378127","18719531","18719627","chr22","82220107","82220203","6","63500576"
"JH378127","18725137","18725435","chr12","10064948","10065242","28","8660189"
"JH378127","18728202","18728483","chr14","15633040","15633320","29","3095162"
"JH378127","18734903","18735206","chr5","2273487","2273788","30","16461416"
"JH378127","18774557","18774858","chr15","86758708","86759003","41","67984151"
"JH378127","18778117","18778221","chr1","39939684","39939788","11","21161567"
"JH378127","18784342","18784492","chr24","12006231","12006380","17","6778111"
"JH378127","18803150","18803460","chr2","34385406","34385706","33","15582256"
"JH378127","18811497","18811805","chrX","111217777","111218082","34","92406280"
"JH378127","18815328","18815633","chr14","42088159","42088465","38","23272831"
"JH378127","18817758","18817889","chr9","71632727","71632860","14","52814969"
"JH378127","18840884","18841014","chr1","97802296","97802426","13","78961412"
"JH378127","18846895","18847189","chr25","83501873","83502135","120","64654978"
"JH378127","18873720","18874024","chr12","10064948","10065242","33","8808772"
"JH378127","18892515","18892758","chr9","44794399","44794639","40","25901884"
"JH378127","18939796","18940112","chr12","6781553","6781865","109","12158243"
"JH378127","18955281","18955590","chr11","115525233","115525542","30","96569952"
"JH378127","19015439","19015547","chr1","39939684","39939788","11","20924245"
"JH378127","19023689","19024004","chr2","55900648","55900952","36","36876959"
"JH378127","19038746","19039046","chr16","15414963","15415253","52","3623783"
"JH378127","19041861","19042141","chr2","76921775","76922048","35","57879914"
"JH378127","19045658","19045921","chr16","4608206","4608469","50","14437452"
"JH378127","19056150","19056274","chr15","90834689","90834810","13","71778539"
"JH378127","19064971","19065253","chr21","37446792","37447077","48","18381821"
"JH378127","19080739","19080881","chr3","90669571","90669712","14","71588832"
"JH378127","19101822","19102123","chrX","112439160","112439465","44","93337338"
"JH378127","19102332","19102410","chr13","63031813","63031889","8","43929481"
"JH378127","19105048","19105120","chr13","63031813","63031889","7","43926765"
"JH378127","19111034","19111315","chr1","105168338","105168617","33","86057304"
"JH378127","19147679","19147959","chr15","5804164","5804445","32","13343515"
"JH378127","19149416","19149666","chr27","30819526","30819775","30","11670110"
"JH378127","19196023","19196318","chr2","15330826","15331121","48","3865197"
"JH378127","19198803","19198907","chr1","39939684","39939788","13","20740881"
"JH378127","19215996","19216234","chr26","14438107","14438343","34","4777889"
"JH378127","19251720","19252016","chr16","9555015","9555311","34","9696705"
"JH378127","19274473","19274764","chr18","70191042","70191329","42","50916569"
"JH378127","19355574","19355885","chr5","36774379","36774687","34","17418805"
"JH378127","19401580","19401881","chr12","53328960","53329256","44","33927380"
"JH378127","19467709","19468005","chr12","30324456","30324749","42","10856747"
"JH378127","19491772","19492078","chr16","23423370","23423672","33","3931598"
"JH378127","19508545","19508856","chr20","46933799","46934103","39","27425254"
"JH378127","19525474","19525765","chr21","26939851","26940136","40","7414377"
"JH378127","19554116","19554362","chr16","5798617","5798859","37","13755499"
"JH378127","19570647","19570736","chr3","65349691","65349782","12","45779044"
"JH378127","19573604","19573904","chr1","103415790","103416081","41","83842186"
"JH378127","19628501","19628799","chr11","48205965","48206259","35","28577464"
"JH378127","19732046","19732333","chr26","11308605","11308885","46","8423441"
"JH378127","19768380","19768671","chr15","29954614","29954908","32","10186234"
"JH378127","19793265","19793414","chr9","59130238","59130387","16","39336973"
"JH378127","19794414","19794536","chrX","7665538","7665663","13","12128876"
"JH378127","19842364","19842645","chr12","6781553","6781865","90","13060811"
"JH378127","19863486","19863794","chr9","54481203","54481506","63","34617717"
"JH378127","19957515","19957812","chr13","65577132","65577425","32","45619617"
"JH378127","20050584","20050861","chr2","7719308","7719587","41","12331276"
"JH378127","20063890","20064171","chr5","42662951","42663235","42","22599061"
"JH378127","20184224","20184531","chr14","83371933","83372231","37","63187709"
"JH378127","20197231","20197518","chr13","65577132","65577425","35","45379901"
"JH378127","20245942","20246222","chr13","68048794","68049075","39","47802852"
"JH378127","20287478","20287760","chr8","94667632","94667918","42","74380154"
"JH378127","20333166","20333479","chr17","35258575","35258878","29","14925409"
"JH378127","20350833","20351105","chr22","8320184","8320456","41","12030649"
"JH378127","20358665","20358907","chr7","98644776","98645016","40","78286111"
"JH378127","20368073","20368388","chr11","115525233","115525542","32","95157160"
"JH378127","20381708","20382019","chr11","52767976","52768283","34","32386268"
"JH378127","20394449","20394747","chr2","34385406","34385706","34","13990957"
"JH378127","20433949","20434260","chr9","62594343","62594647","46","42160394"
"JH378127","20490219","20490503","chr8","95788673","95788945","40","75298454"
"JH378127","20529070","20529340","chr18","56819962","56820242","35","36290892"
"JH378127","20532053","20532365","chr12","13047845","13048153","32","7484208"
"JH378127","20567131","20567428","chr29","10722547","10722839","39","9844584"
"JH378127","20593408","20593714","chr13","8870800","8871100","37","11722608"
"JH378127","20630554","20630846","chr12","10064948","10065242","35","10565606"
"JH378127","20635352","20635661","chr2","34891557","34891863","30","14256205"
"JH378127","20689727","20690021","chr22","13698418","13698710","42","6991309"
"JH378127","20758168","20758469","chr2","59953694","59953986","44","39195526"
"JH378127","20775711","20776019","chr16","2999161","2999470","28","17776550"
"JH378127","20786180","20786475","chr13","75976745","75977032","43","55190565"
"JH378127","20831855","20832154","chr12","10064948","10065242","29","10766907"
"JH378127","20915943","20916239","chr22","50629443","50629736","36","29713500"
"JH378127","20953386","20953677","chr16","44894640","44894927","34","23941254"
"JH378127","20983843","20984130","chr27","11372862","11373141","36","9610981"
"JH378127","21022198","21022480","chr12","43282468","43282737","48","22260270"
"JH378127","21042458","21042762","chr12","74217361","74217667","39","53174903"
"JH378127","21119096","21119396","chr8","39234290","39234591","42","18115194"
"JH378127","21124435","21124719","chr24","22113783","22114076","42","989348"
"JH378127","21129281","21129592","chr10","44593453","44593763","41","23464172"
"JH378127","21154955","21155248","chr18","21497106","21497394","37","342151"
"JH378127","21172941","21173223","chr20","112562278","112562560","40","91389337"
"JH378127","21367257","21367346","chr16","4405728","4405812","12","16961529"
"JH378127","21371312","21371598","chr20","108907026","108907317","39","87535714"
"JH378127","21379639","21379946","chr16","64430366","64430669","43","43050727"
"JH378127","21387783","21388058","chr12","26827271","26827548","33","5439488"
"JH378127","21401320","21401636","chr1","65504304","65504612","37","44102984"
"JH378127","21409254","21409536","chr5","20366749","20367033","45","1042505"
"JH378127","21475100","21475410","chr28","4550302","4550608","30","16924798"
"JH378127","21481959","21482245","chr27","31387462","31387749","36","9905503"
"JH378127","21507402","21507703","chr9","56718102","56718406","40","35210700"
"JH378127","21547369","21547685","chr24","68895333","68895641","36","47347964"
"JH378127","21599578","21599863","chr22","34988684","34988960","44","13389106"
"JH378127","21673102","21673192","chr3","65349691","65349782","10","43676589"
"JH378127","21708763","21709070","chr11","115525233","115525542","30","93816470"
"JH378127","21736897","21736986","chr3","65349691","65349782","11","43612794"
"JH378127","21779642","21779895","chr14","51346372","51346616","34","29566730"
"JH378127","21827860","21828159","chr21","34969272","34969573","46","13141412"
"JH378127","21850476","21850555","chr16","4405728","4405812","11","17444748"
"JH378127","21906786","21906881","chr6","1067449","1067558","19","20839337"
"JH378127","21918978","21919285","chr24","68895333","68895641","32","46976355"
"JH378127","21966661","21966918","chr9","96390861","96391117","30","74424200"
"JH378127","21974217","21974483","chr25","40255289","40255558","36","18281072"
"JH378127","21994806","21995129","chr1","14078045","14078365","43","7916761"
"JH378127","22008219","22008512","chr12","10064948","10065242","34","11943271"
"JH378127","22027572","22027873","chr11","51624065","51624366","37","29596493"
"JH378127","22030034","22030184","chr9","59130238","59130387","17","37100204"
"JH378127","22067665","22067761","chr22","82220107","82220203","5","60152442"
"JH378127","22070237","22070312","chr13","63031813","63031889","6","40961576"
"JH378127","22078737","22078825","chr19","7758593","7758681","7","14320144"
"JH378127","22079978","22080286","chr5","2273487","2273788","35","19806491"
"JH378127","22085069","22085188","chr15","53595698","53595816","11","31510629"
"JH378127","22085580","22085891","chr5","2273487","2273788","38","19812093"
"JH378127","22096139","22096441","chr1","103415790","103416081","47","81319651"
"JH378127","22161086","22161378","chr19","8146510","8146808","40","14014576"
"JH378127","22180020","22180320","chr13","68876389","68876691","38","46696369"
"JH378127","22215942","22216228","chr19","19502742","19503020","44","2713200"
"JH378127","22227135","22227358","chr23","43376123","43376346","34","21148988"
"JH378127","22244751","22245052","chr22","13698418","13698710","42","8546333"
"JH378127","22265132","22265405","chr8","43703034","43703313","45","21437902"
"JH378127","22279328","22279632","chr13","84618257","84618565","42","62338929"
"JH378127","22296248","22296538","chr12","10064948","10065242","33","12231300"
"JH378127","22316407","22316497","chr3","65349691","65349782","11","43033284"
"JH378127","22320316","22320603","chr11","19611133","19611417","37","2709183"
"JH378127","22323296","22323616","chrX","28194989","28195297","41","5871693"
"JH378127","22329588","22329880","chrX","23977849","23978143","31","1648261"
"JH378127","22345412","22345663","chr16","58425585","58425837","30","36080173"
"JH378127","22359718","22359944","chr6","2372111","2372337","28","19987607"
"JH378127","22389455","22389544","chr19","7758593","7758681","8","14630862"
"JH378127","22398779","22399078","chr2","7719308","7719587","48","14679471"
"JH378127","22447024","22447317","chr15","86758708","86759003","45","64311684"
"JH378127","22549693","22549977","chr29","1616258","1616545","42","20933435"
"JH378127","22561118","22561403","chr3","17742689","17742974","47","4818429"
"JH378127","22613914","22614186","chr17","47632997","47633278","41","25019083"
"JH378127","22624912","22625212","chrX","23977849","23978143","38","1352937"
"JH378127","22649454","22649531","chr13","63031813","63031889","8","40382359"
"JH378127","22707136","22707266","chr16","4500752","4500881","14","18206384"
"JH378127","22722491","22722798","chr14","22799686","22799991","40","77195"
"JH378127","22734631","22734930","chr11","30888575","30888871","34","8153944"
"JH378127","22745645","22745969","chr10","12006602","12006915","43","10739043"
"JH378127","22756507","22756800","chr12","82326389","82326672","47","59569882"
"JH378127","22830919","22831215","chr12","58820917","58821209","40","35989998"
"JH378127","22841225","22841531","chr19","13613108","13613413","48","9228117"
"JH378127","22856551","22856846","chr13","81585158","81585455","40","58728607"
"JH378127","22862382","22862683","chr10","89459842","89460157","63","66597460"
"JH378127","22880551","22880844","chr2","39250613","39250912","45","16370062"
"JH378127","22943201","22943421","chr13","7317370","7317589","25","15625831"
"JH378127","22943922","22944223","chr13","58712154","58712460","45","35768232"
"JH378127","22951603","22951838","chr11","92789862","92790093","34","69838259"
"JH378127","22954498","22954806","chr2","34891557","34891863","36","11937059"
"JH378127","22957803","22958108","chr16","33182065","33182368","41","10224262"
"JH378127","22959251","22959556","chr16","64118189","64118498","37","41158938"
"JH378127","22966470","22966760","chr7","91239734","91240025","35","68273264"
"JH378127","22973784","22973874","chr3","65349691","65349782","11","42375907"
"JH378127","22990474","22990752","chr2","38687949","38688228","52","15697475"
"JH378127","23011377","23011646","chr16","64819318","64819582","34","41807941"
"JH378127","23020863","23021159","chr9","96977034","96977330","31","73956171"
"JH378127","23024686","23024764","chr13","63031813","63031889","8","40007127"
"JH378127","23029482","23029767","chr5","20366749","20367033","34","2662733"
"JH378127","23031775","23032069","chr12","10064948","10065242","34","12966827"
"JH378127","23081379","23081676","chr19","15257427","15257718","51","7823952"
"JH378127","23112813","23113099","chr21","2739728","2740008","37","20373085"
"JH378127","23143741","23144046","chr23","65148033","65148342","51","42004292"
"JH378127","23171326","23171632","chr1","87458669","87458972","38","64287343"
"JH378127","23174216","23174345","chr3","78734006","78734135","13","55559790"
"JH378127","23186228","23186536","chr6","29168940","29169240","39","5982712"
"JH378127","23209774","23209901","chr20","20852752","20852882","14","2357022"
"JH378127","23213471","23213751","chr4","15532519","15532799","34","7680952"
"JH378127","23218100","23218380","chr8","82333989","82334266","38","59115889"
"JH378127","23223344","23223635","chr20","100392884","100393179","37","77169540"
"JH378127","23253479","23253553","chr13","63031813","63031889","9","39778334"
"JH378127","23279913","23280200","chr2","83239333","83239617","39","59959420"
"JH378127","23320549","23320843","chr13","65577132","65577425","33","42256583"
"JH378127","23342956","23343255","chr8","11350557","11350856","32","11992399"
"JH378127","23359044","23359339","chr2","34891557","34891863","49","11532513"
"JH378127","23371224","23371559","chr14","3058807","3059104","64","20312417"
"JH378127","23398322","23398636","chr17","14754830","14755138","45","8643492"
"JH378127","23502154","23502425","chr1","18162340","18162615","34","5339814"
"JH378127","23519836","23520124","chr7","93852704","93852990","30","70332868"
"JH378127","23527624","23527937","chr25","53511952","53512257","37","29984328"
"JH378127","23536744","23537051","chr19","10628119","10628425","40","12908625"
"JH378127","23561382","23561467","chr5","67880800","67880883","9","44319418"
"JH378127","23582929","23583219","chr24","47719727","47720023","38","24136798"
"JH378127","23585944","23586223","chrX","81238532","81238811","43","57652588"
"JH378127","23652841","23653066","chr9","100323043","100323258","42","76670202"
"JH378127","23833789","23833927","chr23","56978905","56979044","15","33145116"
"JH378127","23837238","23837552","chr2","34891557","34891863","35","11054319"
"JH378127","23856005","23856153","chr7","42961800","42961947","17","19105795"
"JH378127","23877911","23878217","chr20","46933799","46934103","41","23055888"
"JH378127","23934637","23934933","chr13","65577132","65577425","31","41642495"
"JH378127","23983193","23983493","chr25","6178482","6178787","44","17804711"
"JH378127","23997255","23997545","chr3","70950977","70951264","54","46953722"
"JH378127","24039814","24040110","chr12","10064948","10065242","27","13974866"
"JH378127","24139349","24139622","chr18","63235586","63235856","50","39096237"
"JH378127","24151857","24152025","chr25","1237063","1237237","26","22914794"
"JH378127","24178164","24178463","chr22","51191011","51191308","42","27012847"
"JH378127","24201552","24201836","chr20","101617988","101618270","38","77416436"
"JH378127","24265359","24265627","chr18","66249703","66249966","45","41984344"
"JH378127","24292080","24292375","chr21","74368618","74368909","43","50076538"
"JH378127","24340518","24340818","chr20","13069925","13070223","37","11270593"
"JH378127","24352245","24352536","chr6","30540703","30540993","39","6188458"
"JH378127","24365739","24366046","chr7","70016163","70016465","41","45650424"
"JH378127","24412917","24413210","chr10","44617741","44618035","41","20204824"
"JH378127","24423188","24423490","chr16","12235438","12235730","38","12187750"
"JH378127","24481895","24482205","chr6","32862262","32862568","44","8380367"
"JH378127","24486192","24486451","chr11","117506724","117507000","44","93020532"
"JH378127","24492995","24493235","chr26","47944540","47944781","41","23451545"
"JH378127","24505489","24505793","chr9","13973543","13973840","34","10531946"
"JH378127","24558679","24558989","chr1","65504304","65504612","30","40945625"
"JH378127","24575300","24575599","chr16","33182065","33182368","41","8606765"
"JH378127","24629761","24629850","chr25","72231269","72231360","12","47601508"
"JH378127","24632749","24633001","chr21","122222091","122222344","41","97589342"
"JH378127","24661463","24661760","chr25","5442274","5442573","45","19219189"
"JH378127","24675182","24675482","chr12","112316","112607","45","24562866"
"JH378127","24704480","24704772","chr22","55903204","55903490","36","31198724"
"JH378127","24831555","24831840","chr1","103733461","103733745","54","78901906"
"JH378127","24900174","24900472","chr15","51754493","51754791","39","26854319"
"JH378127","24940831","24941092","chr1","63665869","63666131","56","38725038"
"JH378127","24997574","24997866","chr4","68750844","68751128","44","43753270"
"JH378127","25142724","25143008","chr10","34266329","34266612","38","9123605"
"JH378127","25147423","25147721","chr9","72868923","72869227","51","47721500"
"JH378127","25287863","25288106","chr22","72356293","72356532","37","47068430"
"JH378127","25348026","25348330","chr1","65504304","65504612","43","40156278"
"JH378127","25379222","25379352","chr1","97802296","97802426","12","72423074"
"JH378127","25381665","25381957","chr24","48882719","48883016","38","23501054"
"JH378127","25468590","25468899","chr12","25422159","25422437","59","46431"
"JH378127","25476080","25476351","chr20","12720379","12720651","49","12755701"
"JH378127","25514631","25514912","chr23","34591432","34591727","41","9076801"
"JH378127","25533103","25533410","chrX","913213","913513","50","24619890"
"JH378127","25539795","25540094","chr12","10064948","10065242","33","15474847"
"JH378127","25556773","25557086","chrX","28194989","28195297","41","2638216"
"JH378127","25612901","25613190","chr11","107153610","107153896","33","81540709"
"JH378127","25619200","25619511","chr18","56208944","56209251","34","30589744"
"JH378127","25621535","25621833","chr9","107702506","107702802","41","82080971"
"JH378127","25640550","25640846","chrX","22279223","22279520","36","3361327"
"JH378127","25682090","25682394","chr14","79044668","79044970","37","53362578"
"JH378127","25705637","25705946","chr10","72956484","72956800","49","47250847"
"JH378127","25768511","25768819","chr22","49545746","49546054","43","23777235"
"JH378127","25912894","25913189","chrX","26639649","26639945","32","726755"
"JH378127","25929758","25930043","chr11","81267825","81268109","41","55338067"
"JH378127","25939963","25940257","chrX","26639649","26639945","33","699686"
"JH378127","25961210","25961484","chr5","35708513","35708786","54","9747303"
"JH378127","25976184","25976494","chr19","11766129","11766433","40","14210055"
"JH378127","25977083","25977374","chr1","69657377","69657663","48","43680294"
"JH378127","25993280","25993582","chr14","83371933","83372231","40","57378653"
"JH378127","26049499","26049800","chr1","114333198","114333500","45","88283699"
"JH378127","26058267","26058559","chr20","121618255","121618545","33","95559988"
"JH378127","26060588","26060844","chr9","31823888","31824144","29","5763300"
"JH378127","26068237","26068516","chr15","57519003","57519283","43","31450766"
"JH378127","26286906","26287036","chr20","20852752","20852882","15","5434154"
"JH378128","16776931","16777244","chr11","50850288","50850595","59","34073357"
"JH378128","4980604","4980909","chr18","44879897","44880198","52","39899293"
"JH378128","9043954","9044245","chr6","2852604","2852883","42","6191350"
"JH378128","24903549","24903835","chr17","60319237","60319527","38","35415688"
"JH378128","66878","67171","chr29","11385933","11386242","62","11319055"
"JH378128","68022","68318","chr3","132730","133031","37","64708"
"JH378128","175444","175742","chr27","48451545","48451843","35","48276101"
"JH378128","191262","191544","chr20","108653796","108654082","50","108462534"
"JH378128","193141","193290","chr13","14542923","14543070","30","14349782"
"JH378128","200630","200934","chr4","16808054","16808360","42","16607424"
"JH378128","294034","294320","chr20","112829822","112830113","51","112535788"
"JH378128","328404","328701","chr16","14680425","14680719","56","14352021"
"JH378128","336429","336717","chr5","1720771","1721058","34","1384342"
"JH378128","338393","338622","chr23","45013845","45014070","33","44675452"
"JH378128","354935","355211","chr29","1616258","1616545","57","1261323"
"JH378128","356009","356160","chr7","75271378","75271525","28","74915369"
"JH378128","358669","358964","chr8","11575259","11575553","47","11216590"
"JH378128","408323","408625","chr5","2273487","2273788","27","1865164"
"JH378128","457488","457764","chr12","71419790","71420066","43","70962302"
"JH378128","476405","476714","chr1","65504304","65504612","34","65027899"
"JH378128","514700","515008","chr26","16748407","16748708","50","16233707"
"JH378128","552007","552312","chrX","125302543","125302844","30","124750536"
"JH378128","693461","693748","chr9","12848067","12848359","52","12154606"
"JH378128","717313","717437","chr1","8688937","8689061","12","7971624"
"JH378128","745005","745258","chr6","38291436","38291692","38","37546431"
"JH378128","1013718","1013970","chr12","6401463","6401710","31","5387745"
"JH378128","1114728","1114966","chr9","12794063","12794303","41","11679335"
"JH378128","1267171","1267479","chr9","72040535","72040828","59","70773364"
"JH378128","1274584","1274881","chr17","33354232","33354534","48","32079648"
"JH378128","1512062","1512176","chr21","96210938","96211052","19","94698876"
"JH378128","1549964","1550255","chr1","43576475","43576765","47","42026511"
"JH378128","1638734","1638954","chr11","102255238","102255460","31","100616504"
"JH378128","1663716","1664025","chr1","65504304","65504612","35","63840588"
"JH378128","1676443","1676522","chr9","34355765","34355844","10","32679322"
"JH378128","1677412","1677709","chr24","70274925","70275216","39","68597513"
"JH378128","1749475","1749579","chr1","39939684","39939788","10","38190209"
"JH378128","1763521","1763807","chr8","34611170","34611447","34","32847649"
"JH378128","1770763","1771060","chr20_KE148049v1_random","535731","536028","35","1235032"
"JH378128","1784518","1784807","chr18","71175402","71175700","40","69390884"
"JH378128","1860452","1860739","chr3","82509225","82509507","41","80648773"
"JH378128","1860981","1861289","chr12","44274197","44274504","39","42413216"
"JH378128","1968627","1968918","chr20","33282183","33282468","50","31313556"
"JH378128","2003396","2003652","chr1","109378962","109379215","49","107375566"
"JH378128","2006008","2006272","chr12","13918269","13918535","50","11912261"
"JH378128","2126719","2127016","chr17","35667633","35667930","55","33540914"
"JH378128","2267570","2267867","chr21","26939851","26940136","44","24672281"
"JH378128","2272122","2272422","chr8","89963957","89964248","41","87691835"
"JH378128","2338769","2339034","chr11","12774928","12775192","31","10436159"
"JH378128","2344040","2344120","chr5","67880800","67880883","11","65536760"
"JH378128","2379317","2379578","chr1","83625954","83626213","33","81246637"
"JH378128","2535798","2536099","chr18","71629517","71629808","36","69093719"
"JH378128","2654603","2654857","chr16","61676884","61677139","37","59022281"
"JH378128","2888590","2888869","chrX","32373189","32373464","56","29484599"
"JH378128","2943528","2943642","chr6","1067449","1067558","12","1876079"
"JH378128","3020016","3020300","chr9","96208134","96208421","40","93188118"
"JH378128","3069266","3069582","chr6","49422555","49422868","50","46353289"
"JH378128","3076125","3076223","chr7","66750485","66750585","18","63674360"
"JH378128","3076240","3076540","chr23","41434219","41434517","43","38357979"
"JH378128","3118503","3118792","chr12","34842072","34842358","40","31723569"
"JH378128","3137219","3137523","chr12","10064948","10065242","30","6927729"
"JH378128","3138629","3138847","chr13","7317370","7317589","32","4178741"
"JH378128","3144676","3144985","chr25","71808137","71808447","37","68663461"
"JH378128","3152445","3152751","chr17","35258575","35258878","44","32106130"
"JH378128","3170883","3171013","chr3","91348390","91348521","13","88177507"
"JH378128","3245034","3245311","chr10","44316765","44317039","34","41071731"
"JH378128","3252110","3252413","chr15","81443631","81443929","47","78191521"
"JH378128","3312253","3312545","chr6","38437831","38438120","40","35125578"
"JH378128","3365554","3365846","chr25","7110717","7110998","40","3745163"
"JH378128","3381307","3381606","chr10","111637485","111637783","30","108256178"
"JH378128","3445607","3445903","chr6","11944778","11945070","31","8499171"
"JH378128","3561998","3562297","chr15","50409986","50410276","36","46847988"
"JH378128","3580452","3580755","chr5","2273487","2273788","28","1306965"
"JH378128","3607653","3607959","chr9","15987970","15988276","32","12380317"
"JH378128","3612033","3612343","chr22","16005168","16005472","44","12393135"
"JH378128","3620612","3620859","chrX","56071415","56071659","33","52450803"
"JH378128","3660934","3661212","chr4","23954589","23954870","42","20293655"
"JH378128","3684668","3684798","chr1","97802296","97802426","14","94117628"
"JH378128","3701495","3701781","chr24","45239751","45240045","45","41538256"
"JH378128","3707874","3708183","chr18","56893429","56893739","36","53185555"
"JH378128","3709283","3709560","chr12","45353633","45353894","56","41644350"
"JH378128","3722235","3722532","chr12","10064948","10065242","34","6342713"
"JH378128","3749647","3749944","chr9","96314869","96315163","36","92565222"
"JH378128","3774966","3775071","chr1","39939684","39939788","15","36164718"
"JH378128","3817141","3817450","chr2","58561712","58562013","41","54744571"
"JH378128","3849834","3850139","chr21","50992069","50992377","36","47142235"
"JH378128","3852536","3852823","chrX","23977849","23978143","39","20125313"
"JH378128","3911179","3911473","chr22","97470789","97471085","41","93559610"
"JH378128","3929966","3930282","chr18","67218974","67219278","44","63289008"
"JH378128","3955076","3955374","chr26","19408373","19408662","35","15453297"
"JH378128","3988859","3989142","chr8","3277330","3277620","42","711529"
"JH378128","3993459","3993503","chr10","105002989","105003034","9","101009530"
"JH378128","4168130","4168414","chr21","107752220","107752506","34","103584090"
"JH378128","4171458","4171762","chr1","21669198","21669504","41","17497740"
"JH378128","4249976","4250275","chr11","105441883","105442183","44","101191907"
"JH378128","4262669","4262972","chr14","44038439","44038738","40","39775770"
"JH378128","4273485","4273792","chr2","34891557","34891863","33","30618072"
"JH378128","4363083","4363397","chr1","2872653","2872961","52","1490430"
"JH378128","4381263","4381538","chr12","6761154","6761426","40","2379891"
"JH378128","4491779","4492065","chr6","19815995","19816283","39","15324216"
"JH378128","4556630","4556833","chr11","96721458","96721661","34","92164828"
"JH378128","4612519","4612824","chrX","13647323","13647630","43","9034804"
"JH378128","4634431","4634492","chr11","34257285","34257346","9","29622854"
"JH378128","4805024","4805329","chrX","22889156","22889454","41","18084132"
"JH378128","4818909","4819189","chr16","16894451","16894738","46","12075542"
"JH378128","4861757","4862041","chr2","57057847","57058127","47","52196090"
"JH378128","4868628","4868912","chr9","118446169","118446455","35","113577541"
"JH378128","4935482","4935770","chr15","53507240","53507516","49","48571758"
"JH378128","4961281","4961512","chr2","9968196","9968421","37","5006915"
"JH378128","4981026","4981333","chrX","49169682","49169990","44","44188656"
"JH378128","5152032","5152333","chr2","35792294","35792602","51","30640262"
"JH378128","5187406","5187716","chr2","34891557","34891863","34","29704151"
"JH378128","5207859","5208148","chr11","19611133","19611417","38","14403274"
"JH378128","5215313","5215614","chr2","34891557","34891863","54","29676244"
"JH378128","5291353","5291483","chr20","20852752","20852882","8","15561399"
"JH378128","5393051","5393346","chr15","12031507","12031804","37","6638456"
"JH378128","5447427","5447735","chr4","51478135","51478441","51","46030708"
"JH378128","5461059","5461233","chr14","79057796","79057969","29","73596737"
"JH378128","5514067","5514377","chr5","2273487","2273788","35","3240580"
"JH378128","5533790","5534076","chrX","27031908","27032193","36","21498118"
"JH378128","5542615","5542889","chr10","91933773","91934048","38","86391158"
"JH378128","5625547","5625831","chr7","36740443","36740725","49","31114896"
"JH378128","5639851","5640163","chr9","34182892","34183200","43","28543041"
"JH378128","5664384","5664681","chr22","66295172","66295471","40","60630788"
"JH378128","5670830","5671117","chr2","65957747","65958034","45","60286917"
"JH378128","5708924","5709203","chr22","37637582","37637856","36","31928658"
"JH378128","5895023","5895319","chr6","29861707","29862004","44","23966684"
"JH378128","5913352","5913643","chr8","125046904","125047196","46","119133552"
"JH378128","5937792","5938103","chr23","44247755","44248062","47","38309963"
"JH378128","5948819","5949135","chr1","14078045","14078365","48","8129226"
"JH378128","6124643","6124975","chr12","49907171","49907495","57","43782528"
"JH378128","6125320","6125624","chr8","52124179","52124487","43","45998859"
"JH378128","6143394","6143685","chr20","121618255","121618545","35","115474861"
"JH378128","6220219","6220509","chr5","42662951","42663235","42","36442732"
"JH378128","6372558","6372854","chr12","10064948","10065242","26","3692390"
"JH378128","6449754","6450061","chrX","125302543","125302844","34","118852789"
"JH378128","6480017","6480329","chr16","33182065","33182368","42","26702048"
"JH378128","6530656","6530963","chr22","45313893","45314198","38","38783237"
"JH378128","6540678","6540750","chr13","63031813","63031889","9","56491135"
"JH378128","6550329","6550628","chr12","10064948","10065242","30","3514619"
"JH378128","6642390","6642472","chr9","37970607","37970689","13","31328217"
"JH378128","6642889","6643053","chrX","99820785","99820950","32","93177896"
"JH378128","6720421","6720503","chr5","67880800","67880883","7","61160379"
"JH378128","6748476","6748757","chr6","35943573","35943854","32","29195097"
"JH378128","6758796","6759103","chr5","13154183","13154488","43","6395387"
"JH378128","6795080","6795334","chr22","60830576","60830829","44","54035496"
"JH378128","6795533","6795838","chr2","43246770","43247066","45","36451237"
"JH378128","6831629","6831960","chr4","46814182","46814507","58","39982553"
"JH378128","6956003","6956121","chr29","5133677","5133795","14","1822326"
"JH378128","6978230","6978524","chr16","62991035","62991333","43","56012805"
"JH378128","7069040","7069337","chr21","22838763","22839060","36","15769723"
"JH378128","7163662","7163971","chr28","4501886","4502191","37","2661776"
"JH378128","7268983","7269288","chr20","99384392","99384684","53","92115409"
"JH378128","7316870","7317178","chr19","25347288","25347585","37","18030418"
"JH378128","7337935","7338215","chr12","23666549","23666827","34","16328614"
"JH378128","7358694","7358908","chr14","89949072","89949278","38","82590378"
"JH378128","7523023","7523312","chr17","41731096","41731387","44","34208073"
"JH378128","7675002","7675302","chr8","93926175","93926473","47","86251173"
"JH378128","7725097","7725384","chr26","50395265","50395544","39","42670168"
"JH378128","7752160","7752465","chr2","35933723","35934028","45","28181563"
"JH378128","7800429","7800725","chr19","17452192","17452473","59","9651763"
"JH378128","7823766","7824060","chr20","96808586","96808877","41","88984820"
"JH378128","7853347","7853654","chr10","126846758","126847067","42","118993411"
"JH378128","7899789","7900082","chr20","41112150","41112445","40","33212361"
"JH378128","7972956","7973199","chr11","47676438","47676686","54","39703482"
"JH378128","7983835","7984110","chr9","114015180","114015455","43","106031345"
"JH378128","7993616","7993699","chr6","39129950","39130034","14","31136334"
"JH378128","8048985","8049075","chr3","65349691","65349782","10","57300706"
"JH378128","8111368","8111674","chr7","102201341","102201656","44","94089973"
"JH378128","8124195","8124504","chr6","30836295","30836597","45","22712100"
"JH378128","8250958","8251065","chr6","1067449","1067558","16","7183509"
"JH378128","8358374","8358463","chr3","65349691","65349782","12","56991317"
"JH378128","8402339","8402539","chr11","96721458","96721661","25","88319119"
"JH378128","8432915","8433205","chr14","83880038","83880313","50","75447123"
"JH378128","8486309","8486625","chr2","34891557","34891863","39","26405248"
"JH378128","8528275","8528493","chr7","55736544","55736777","49","47208269"
"JH378128","8536505","8536582","chr28","14799270","14799340","13","6262765"
"JH378128","8563455","8563747","chr16","30407081","30407379","47","21843626"
"JH378128","8694515","8694830","chr11","14201994","14202301","48","5507479"
"JH378128","8698106","8698389","chr24","8700184","8700468","36","2078"
"JH378128","8737300","8737597","chr21","22838763","22839060","31","14101463"
"JH378128","8771454","8771760","chr6","5507628","5507929","45","3263826"
"JH378128","8807658","8807951","chr26","23072554","23072847","34","14264896"
"JH378128","8834907","8835224","chr6","16598509","16598818","45","7763602"
"JH378128","8839243","8839531","chrX","22075293","22075574","39","13236050"
"JH378128","8863384","8863639","chr9","96390861","96391117","34","87527477"
"JH378128","8915142","8915450","chr5","2273487","2273788","36","6641655"
"JH378128","8946282","8946567","chr10","127495198","127495486","30","118548916"
"JH378128","9034049","9034336","chr6","19815995","19816283","42","10781946"
"JH378128","9129724","9129857","chr3","91348390","91348521","10","82218666"
"JH378128","9152867","9152956","chr3","65349691","65349782","11","56196824"
"JH378128","9220346","9220641","chr16","31632439","31632734","40","22412093"
"JH378128","9290171","9290462","chr7","132205443","132205733","35","122915272"
"JH378128","9387649","9387956","chr2","42763208","42763513","43","33375559"
"JH378128","9404393","9404700","chrX","111977290","111977599","39","102572897"
"JH378128","9440767","9441053","chr21","65300836","65301119","43","55860069"
"JH378128","9452782","9452899","chr15","53595698","53595816","14","44142916"
"JH378128","9486936","9487251","chr11","114596263","114596576","36","105109327"
"JH378128","9579052","9579323","chr12","26827271","26827548","40","17248219"
"JH378128","9601074","9601380","chr1","108565860","108566161","42","98964786"
"JH378128","9673254","9673562","chr23","45284082","45284386","33","35610828"
"JH378128","9707160","9707429","chr10","31511681","31511942","48","21804521"
"JH378128","9792662","9792936","chr21","102480056","102480324","38","92687394"
"JH378128","9833017","9833279","chr16","68347000","68347257","38","58513983"
"JH378128","9858174","9858474","chr23","25811471","25811771","39","15953297"
"JH378128","9872399","9872687","chr2","38887936","38888227","47","29015537"
"JH378128","9878286","9878589","chr6","37075091","37075389","49","27196805"
"JH378128","9934704","9935017","chr1","65504304","65504612","45","55569600"
"JH378128","9981143","9981426","chrX","86312241","86312522","40","76331098"
"JH378128","9983145","9983437","chr2","13177380","13177669","45","3194235"
"JH378128","10006139","10006214","chr6","1735934","1736003","21","8270205"
"JH378128","10006315","10006480","chr18","16359736","16359900","19","6353421"
"JH378128","10078371","10078627","chr9","31823888","31824144","28","21745517"
"JH378128","10143927","10144207","chr23","5517272","5517549","37","4626655"
"JH378128","10153797","10154113","chr14","37615851","37616147","55","27462054"
"JH378128","10205388","10205680","chr10","55374842","55375131","37","45169454"
"JH378128","10254476","10254781","chr11","99988369","99988677","53","89733893"
"JH378128","10363197","10363485","chr2","90183349","90183641","43","79820152"
"JH378128","10632644","10632937","chr13","65577132","65577425","36","54944488"
"JH378128","10646218","10646526","chr5","27918350","27918656","29","17272132"
"JH378128","10698013","10698300","chr4","68750844","68751128","42","58052831"
"JH378128","10753320","10753612","chr11","44976944","44977235","45","34223624"
"JH378128","10758958","10759204","chr12","94939680","94939942","53","84180722"
"JH378128","10791727","10792033","chr10","3510859","3511166","45","7280868"
"JH378128","10798204","10798513","chr16","30398852","30399159","28","19600648"
"JH378128","10820996","10821092","chr22","82220107","82220203","9","71399111"
"JH378128","10848871","10848936","chr28","14799270","14799340","11","3950399"
"JH378128","10849282","10849494","chr16","45467341","45467547","50","34618059"
"JH378128","10864458","10864758","chr24","67239754","67240052","41","56375296"
"JH378128","10870161","10870471","chr2","34891557","34891863","43","24021396"
"JH378128","10876344","10876626","chr18","59096008","59096287","35","48219664"
"JH378128","10892833","10893090","chr2","28528551","28528816","45","17635718"
"JH378128","10909244","10909575","chr12","49907171","49907495","60","38997927"
"JH378128","10988699","10989005","chr2","34891557","34891863","31","23902858"
"JH378128","11087760","11088059","chr1","93373561","93373860","43","82285801"
"JH378128","11147351","11147469","chr9","113030266","113030377","18","101882915"
"JH378128","11171642","11171945","chr13","7014741","7015042","36","4156901"
"JH378128","11180595","11180882","chrX","15264353","15264644","35","4083758"
"JH378128","11191446","11191717","chr20","93260402","93260679","37","82068956"
"JH378128","11195960","11196262","chr1","108565860","108566161","36","97369900"
"JH378128","11258543","11258834","chr8","20434231","20434523","36","9175688"
"JH378128","11281544","11281781","chr7","86161196","86161431","36","74879652"
"JH378128","11285287","11285581","chr5","41130094","41130375","52","29844807"
"JH378128","11291714","11292016","chr14","58657898","58658189","39","47366184"
"JH378128","11325324","11325604","chr2","57111387","57111678","40","45786063"
"JH378128","11385834","11386149","chr6","15953108","15953417","38","4567274"
"JH378128","11475011","11475244","chr26","14438107","14438343","30","2963096"
"JH378128","11498743","11498921","chr13","79609427","79609608","34","68110684"
"JH378128","11530092","11530389","chr12","10064948","10065242","26","1465144"
"JH378128","11672528","11672842","chr10","123344048","123344356","39","111671520"
"JH378128","11677073","11677322","chr20","41277294","41277541","34","29600221"
"JH378128","11710871","11710990","chr15","90834689","90834810","11","79123818"
"JH378128","11737445","11737731","chrX","95460911","95461200","43","83723466"
"JH378128","11747188","11747488","chr1","68219231","68219530","36","56472043"
"JH378128","11750577","11750885","chr24","68895333","68895641","38","57144756"
"JH378128","11767459","11767783","chr20","65613649","65613964","44","53846190"
"JH378128","11796092","11796397","chr20","116596870","116597178","38","104800778"
"JH378128","11812550","11812837","chr21","74368618","74368909","40","62556068"
"JH378128","11814050","11814198","chr16","21687282","21687429","19","9873232"
"JH378128","11829567","11829873","chr20","40940162","40940460","41","29110595"
"JH378128","11840579","11840659","chr5","67880800","67880883","10","56040221"
"JH378128","11874355","11874444","chr3","65349691","65349782","11","53475336"
"JH378128","11897852","11898174","chr3","20237905","20238212","45","8340053"
"JH378128","11911954","11912264","chr5","20221828","20222136","34","8309874"
"JH378128","11918202","11918479","chrX","86312241","86312522","44","74394039"
"JH378128","11921241","11921532","chr16","53397850","53398143","37","41476609"
"JH378128","11921950","11922171","chr13","7317370","7317589","28","4604580"
"JH378128","11923913","11924206","chr15","81443631","81443929","41","69519718"
"JH378128","11943780","11944103","chr10","12006602","12006915","42","62822"
"JH378128","11975237","11975532","chr13","33442443","33442738","38","21467206"
"JH378128","11999648","11999929","chr23","34328669","34328947","43","22329021"
"JH378128","12013547","12013841","chr12","10064948","10065242","26","1948599"
"JH378128","12026874","12027175","chr24","83135028","83135331","41","71108154"
"JH378128","12029265","12029498","chr5","74183714","74183949","38","62154449"
"JH378128","12085227","12085537","chr11","49537220","49537510","56","37451993"
"JH378128","12166616","12166896","chr6","38437831","38438120","50","26271215"
"JH378128","12219743","12220045","chr12","10064948","10065242","30","2154795"
"JH378128","12220506","12220816","chr12","74217361","74217667","34","61996855"
"JH378128","12221056","12221353","chr27","48451545","48451843","34","36230489"
"JH378128","12267998","12268090","chr14","82260777","82260865","15","69992779"
"JH378128","12281371","12281591","chr13","7317370","7317589","27","4964001"
"JH378128","12309872","12310175","chr1","108565860","108566161","44","96255988"
"JH378128","12325240","12325547","chr16","30398852","30399159","27","18073612"
"JH378128","12327040","12327269","chr20","100953849","100954075","48","88626809"
"JH378128","12370954","12371270","chr21","120747708","120748005","56","108376754"
"JH378128","12381186","12381500","chr24","68895333","68895641","37","56514147"
"JH378128","12408259","12408567","chr2","56217567","56217873","32","43809308"
"JH378128","12424730","12425036","chr17","50716976","50717279","34","38292246"
"JH378128","12426272","12426496","chr6","2372111","2372337","30","10054161"
"JH378128","12479960","12480253","chr21","124101320","124101612","44","111621360"
"JH378128","12495888","12496209","chr12","11686823","11687144","49","809065"
"JH378128","12517522","12517829","chr2","60401508","60401817","38","47883986"
"JH378128","12573477","12573771","chr20","113550217","113550515","37","100976740"
"JH378128","12579445","12579744","chr20","96210594","96210893","34","83631149"
"JH378128","12609052","12609343","chr5","56921180","56921483","51","44312128"
"JH378128","12825071","12825339","chr8","96501172","96501435","42","83676101"
"JH378128","12849804","12850093","chr13","65577132","65577425","35","52727328"
"JH378128","13056884","13057183","chr8","115068172","115068461","39","102011288"
"JH378128","13092068","13092394","chr28","11718343","11718666","51","1373725"
"JH378128","13106462","13106769","chr1","65504304","65504612","37","52397842"
"JH378128","13149651","13149966","chr7","111518752","111519065","45","98369101"
"JH378128","13157607","13157897","chr7","11740840","11741130","44","1416767"
"JH378128","13176281","13176581","chr9","57875604","57875901","39","44699323"
"JH378128","13287494","13287798","chr5","2273487","2273788","29","11014007"
"JH378128","13312129","13312419","chr12","10064948","10065242","33","3247181"
"JH378128","13345199","13345504","chr1","49455532","49455836","48","36110333"
"JH378128","13493705","13494020","chr28","4550302","4550608","46","8943403"
"JH378128","13502149","13502457","chr5","2273487","2273788","40","11228662"
"JH378128","13617487","13617654","chr21","42491765","42491932","21","28874278"
"JH378128","13617797","13617931","chr10","119600285","119600402","23","105982488"
"JH378128","13646381","13646486","chr22","89377556","89377669","17","75731175"
"JH378128","13759079","13759390","chr17","41837618","41837917","49","28078539"
"JH378128","13761345","13761575","chr16","44131644","44131866","42","30370299"
"JH378128","13761579","13761700","chr15","90834689","90834810","14","77073110"
"JH378128","13935273","13935438","chr24","50322210","50322373","24","36386937"
"JH378128","13964880","13965014","chr1","110380135","110380266","13","96415255"
"JH378128","14002569","14002865","chrX","92294937","92295232","40","78292368"
"JH378128","14084453","14084537","chr16","4405728","4405812","7","9678725"
"JH378128","14086856","14087155","chr16","53397850","53398143","43","39310994"
"JH378128","14224843","14225150","chr13","65577132","65577425","44","51352289"
"JH378128","14254731","14254880","chr3","32929079","32929226","17","18674348"
"JH378128","14371939","14372025","chr9","87249785","87249869","22","72877846"
"JH378128","14397809","14398113","chr8","45193872","45194180","45","30796063"
"JH378128","14402774","14402969","chr21","75206302","75206509","45","60803528"
"JH378128","14446948","14447249","chrX","13647323","13647630","47","799625"
"JH378128","14611087","14611350","chr12","23297722","23297974","38","8686635"
"JH378128","14620794","14621081","chr10","117336899","117337182","41","102716105"
"JH378128","14645769","14645987","chr13","7317370","7317589","27","7328399"
"JH378128","14723200","14723507","chrX","125302543","125302844","37","110579343"
"JH378128","14816203","14816437","chrX","112046945","112047179","26","97230742"
"JH378128","14822556","14822791","chr26","14438107","14438343","30","384449"
"JH378128","14903008","14903278","chr9","55909986","55910260","47","41006978"
"JH378128","14922792","14923099","chr26","16855091","16855398","35","1932299"
"JH378128","14995517","14995823","chr22","78437044","78437348","35","63441527"
"JH378128","15096235","15096291","chr8","99349570","99349619","11","84253335"
"JH378128","15195431","15195718","chr10","83081189","83081479","43","67885758"
"JH378128","15208988","15209291","chr9","22769458","22769754","50","7560470"
"JH378128","15228494","15228778","chr20","121618255","121618545","36","106389761"
"JH378128","15229913","15230222","chr12","74217361","74217667","45","58987448"
"JH378128","15289688","15289764","chr13","63031813","63031889","8","47742125"
"JH378128","15310418","15310720","chr5","2273487","2273788","27","13036931"
"JH378128","15326740","15327047","chr12","42419095","42419381","52","27092355"
"JH378128","15371761","15372067","chr5","2273487","2273788","39","13098274"
"JH378128","15440584","15440905","chr9","86268193","86268501","61","70827609"
"JH378128","15451351","15451423","chr13","63031813","63031889","8","47580462"
"JH378128","15501745","15502030","chr16","55817885","55818169","44","40316140"
"JH378128","15531913","15532146","chr16","25738562","25738782","41","10206649"
"JH378128","15555005","15555291","chr25","55007275","55007538","56","39452270"
"JH378128","15637230","15637516","chr2","14954130","14954422","43","683100"
"JH378128","15664919","15665226","chr16","2999161","2999470","47","12665758"
"JH378128","15739689","15739819","chr1","97802296","97802426","13","82062607"
"JH378128","15774322","15774619","chr12","10064948","10065242","27","5709374"
"JH378128","15873978","15874108","chr3","91348390","91348521","12","75474412"
"JH378128","15876592","15876679","chrX","124732633","124732721","9","108856041"
"JH378128","15892124","15892254","chr20","20852752","20852882","12","4960628"
"JH378128","15923920","15924236","chr15","91197825","91198133","44","75273905"
"JH378128","16055712","16055910","chrX","47605371","47605562","34","31549659"
"JH378128","16086611","16086920","chr5","2273487","2273788","32","13813124"
"JH378128","16107828","16108115","chr24","50014098","50014389","56","33906270"
"JH378128","16122406","16122666","chr12","8199200","8199450","38","7923206"
"JH378128","16123198","16123516","chr21","107419313","107419621","51","91296115"
"JH378128","16310627","16310875","chr3","27147134","27147379","37","10836507"
"JH378128","16335541","16335762","chr13","7317370","7317589","34","9018171"
"JH378128","16474473","16474761","chr20","101617988","101618270","40","85143515"
"JH378128","16489697","16489769","chr13","63031813","63031889","8","46542116"
"JH378128","16513146","16513221","chr13","63031813","63031889","7","46518667"
"JH378128","16521239","16521542","chr14","79729598","79729899","34","63208359"
"JH378128","16536060","16536359","chr12","10064948","10065242","37","6471112"
"JH378128","16628536","16628759","chr25","59449721","59449941","33","42821185"
"JH378128","16631943","16632201","chr24","67854256","67854521","43","51222313"
"JH378128","16647777","16648070","chr12","10064948","10065242","28","6582829"
"JH378128","16657256","16657551","chr9","90943231","90943523","35","74285975"
"JH378128","16691091","16691407","chr1","65504304","65504612","50","48813213"
"JH378128","16715987","16716060","chr13","63031813","63031889","10","46315826"
"JH378128","16753282","16753567","chr13","39494089","39494373","41","22740807"
"JH378128","16755890","16756201","chr1","65504304","65504612","36","48748414"
"JH378128","16775933","16776218","chr11","81216487","81216778","56","64440554"
"JH378128","16781227","16781530","chr15","5114677","5114969","40","11666550"
"JH378128","16813131","16813437","chr1","2872653","2872961","32","13940478"
"JH378128","16862971","16863061","chr3","65349691","65349782","11","48486720"
"JH378128","16864304","16864611","chr1","2872653","2872961","34","13991651"
"JH378128","16909961","16910256","chr26","16021451","16021759","51","888510"
"JH378128","16912790","16913081","chr11","105213946","105214237","35","88301156"
"JH378128","16931949","16932252","chr5","2273487","2273788","41","14658462"
"JH378128","16960763","16961058","chr12","30608513","30608813","44","13647750"
"JH378128","17073158","17073446","chr14","89906617","89906897","54","72833459"
"JH378128","17120432","17120649","chr17","52597974","52598187","41","35477542"
"JH378128","17153190","17153453","chr5","1545752","1546005","49","15607438"
"JH378128","17194711","17195001","chr20","41327248","41327538","32","24132537"
"JH378128","17226466","17226757","chr6","48913632","48913921","45","31687166"
"JH378128","17238818","17239107","chr6","38437831","38438120","36","21199013"
"JH378128","17299406","17299712","chr11","31690697","31691000","51","14391291"
"JH378128","17356235","17356508","chr12","7441102","7441371","46","9915133"
"JH378128","17366924","17367220","chr10","8909912","8910203","41","8457012"
"JH378128","17372380","17372672","chr20","1540081","1540367","42","15832299"
"JH378128","17377463","17377738","chr24","14616635","14616927","56","2760828"
"JH378128","17513685","17513976","chr10","8909912","8910203","35","8603773"
"JH378128","17514450","17514759","chr11","115525233","115525542","34","98010783"
"JH378128","17531465","17531754","chr4","16808054","16808360","62","723411"
"JH378128","17549260","17549563","chr5","2273487","2273788","36","15275773"
"JH378128","17633813","17633897","chr16","4405728","4405812","7","13228085"
"JH378128","17636074","17636307","chrX","112046945","112047179","29","94410871"
"JH378128","17637524","17637683","chrX","128612638","128612797","16","110975114"
"JH378128","17658443","17658598","chr1","105262714","105262876","23","87604271"
"JH378128","17661234","17661385","chr15","39904807","39904956","21","22243573"
"JH378128","17709851","17710168","chr11","77493952","77494259","41","59784101"
"JH378128","17795892","17796148","chr9","96390861","96391117","38","78594969"
"JH378128","17806349","17806456","chr6_AQIB01159090v1_random","13065","13172","15","17793284"
"JH378128","17819638","17819879","chr4","65263354","65263597","38","47443716"
"JH378128","17840173","17840454","chr7","133549380","133549654","40","115709207"
"JH378128","17840737","17841005","chr9","114015180","114015455","40","96174443"
"JH378128","17849481","17849652","chr19","24098369","24098542","29","6248888"
"JH378128","17859449","17859793","chr24","1147887","1148184","135","16711562"
"JH378128","17859812","17860116","chr17","2203045","2203346","41","15656767"
"JH378128","17871364","17871651","chr9","18574793","18575089","55","703429"
"JH378128","17961238","17961522","chrX","49498574","49498857","41","31537336"
"JH378128","17975136","17975448","chr2","34891557","34891863","45","16916421"
"JH378128","18004562","18004856","chr5","59378793","59379083","50","41374231"
"JH378128","18080533","18080836","chr25","55441921","55442218","40","37361388"
"JH378128","18093583","18093878","chr11","90825564","90825850","42","72731981"
"JH378128","18128705","18129030","chr10","89459842","89460157","46","71331137"
"JH378128","18153778","18154083","chr9","6396077","6396366","45","11757701"
"JH378128","18195714","18196024","chr25","29130483","29130784","49","10934769"
"JH378128","18197338","18197640","chr13","65577132","65577425","48","47379794"
"JH378128","18239065","18239189","chr13","23206740","23206860","20","4967675"
"JH378128","18301667","18301943","chr8","38907377","38907646","48","20605710"
"JH378128","18361229","18361504","chrX","1302529","1302805","46","17058700"
"JH378128","18466964","18467270","chr9","94449051","94449355","35","75982087"
"JH378128","18494365","18494667","chr1","116735844","116736146","45","98241479"
"JH378128","18532574","18532884","chr19","17089188","17089495","37","1443386"
"JH378128","18651320","18651614","chr22","10282335","10282631","35","8368985"
"JH378128","18659069","18659333","chr1","96583413","96583678","54","77924344"
"JH378128","18738713","18738960","chr18","17500001","17500245","40","1238712"
"JH378128","18760174","18760318","chr3","90669571","90669712","14","71909397"
"JH378128","18812755","18813064","chr5","36774379","36774687","34","17961624"
"JH378128","18815675","18815973","chr21","29565820","29566123","47","10750145"
"JH378128","18868080","18868378","chr22","51404529","51404822","57","32536449"
"JH378128","18917961","18918012","chr14","25672040","25672091","6","6754079"
"JH378128","18957858","18958147","chr2","23636944","23637229","49","4679086"
"JH378128","19011452","19011762","chr1","65504304","65504612","31","46492852"
"JH378128","19073842","19074130","chr26","19153190","19153484","46","79348"
"JH378128","19108355","19108639","chr9","58129128","58129409","50","39020773"
"JH378128","19142838","19143181","chrX","110113644","110113974","65","90970806"
"JH378128","19225137","19225431","chr8","28319021","28319317","44","9093884"
"JH378128","19252573","19252862","chr1","108265208","108265479","56","89012635"
"JH378128","19326172","19326421","chrX","17448974","17449223","49","1877198"
"JH378128","19501974","19502049","chr13","63031813","63031889","8","43529839"
"JH378128","19503578","19503890","chr1","49455532","49455836","54","29951954"
"JH378128","19673527","19673839","chr2","35933723","35934028","46","16260196"
"JH378128","19718211","19718548","chr20","94121744","94122080","45","74403533"
"JH378128","19970932","19971249","chr11","64977264","64977571","54","45006332"
"JH378128","20020685","20020978","chr5","60410105","60410402","32","40389420"
"JH378128","20190127","20190424","chr28","4550302","4550608","54","15639825"
"JH378128","20219093","20219374","chrX","29936084","29936366","48","9716991"
"JH378128","20273852","20274087","chr1","62360213","62360445","34","42086361"
"JH378128","20324543","20324847","chr18","5878184","5878487","47","14446359"
"JH378128","20329415","20329697","chr5","42662951","42663235","46","22333536"
"JH378128","20394886","20395170","chr9","82012344","82012620","39","61617458"
"JH378128","20418594","20418878","chr2","8591645","8591929","44","11826949"
"JH378128","20541123","20541428","chr7","119273691","119273998","46","98732568"
"JH378128","20563144","20563455","chr5","36774379","36774687","40","16211235"
"JH378128","20575947","20576263","chr6","29168940","29169240","42","8592993"
"JH378128","20621306","20621622","chr5","42870195","42870502","45","22248889"
"JH378128","20629243","20629505","chr26","18693171","18693445","56","1936072"
"JH378128","20715155","20715401","chr4","35832302","35832548","42","15117147"
"JH378128","20787512","20787850","chr16","52975249","52975580","46","32187737"
"JH378128","20816498","20816790","chr1","99266458","99266752","46","78449960"
"JH378128","20858994","20859276","chr4","33554014","33554294","51","12695020"
"JH378128","20881304","20881642","chr23","51249983","51250314","68","30368679"
"JH378128","20897635","20897945","chr2","34891557","34891863","31","13993922"
"JH378128","20922439","20922742","chr2","7523151","7523453","48","13399288"
"JH378128","21095540","21095818","chr10","81688123","81688414","51","60592583"
"JH378128","21106659","21106949","chr6","38582923","38583209","42","17476264"
"JH378128","21185608","21185916","chr5","42870195","42870502","44","21684587"
"JH378128","21186716","21186813","chr13","25573510","25573594","21","4386794"
"JH378128","21206289","21206584","chr11","122065899","122066199","49","100859610"
"JH378128","21254535","21254814","chrX","22075293","22075574","41","820758"
"JH378128","21311851","21312114","chr27","26616690","26616955","43","5304839"
"JH378128","21468653","21468738","chr12","7441397","7441481","9","14027256"
"JH378128","21492415","21492710","chr20","121618255","121618545","37","100125840"
"JH378128","21508880","21509218","chr7","11558472","11558799","48","9950408"
"JH378128","21573431","21573484","chr7","125482905","125482960","12","103909474"
"JH378128","21592318","21592392","chr13","63031813","63031889","10","41439495"
"JH378128","21599991","21600195","chr2","36139638","36139834","46","14539647"
"JH378128","21612613","21612928","chr12","74217361","74217667","35","52604748"
"JH378128","21621684","21621793","chr6","1067449","1067558","9","20554235"
"JH378128","21663894","21663968","chr13","63031813","63031889","7","41367919"
"JH378128","21843366","21843666","chr15","83145126","83145430","55","61301760"
"JH378128","21904173","21904262","chr3","65349691","65349782","10","43445518"
"JH378128","21939025","21939339","chr1","102143184","102143506","49","80204159"
"JH378128","21960112","21960378","chr29","18937433","18937689","45","3022679"
"JH378128","21989752","21990051","chr9","83383980","83384273","44","61394228"
"JH378128","22003055","22003332","chr11","12143435","12143724","49","9859620"
"JH378128","22055039","22055283","chr8","1753364","1753610","35","20301675"
"JH378128","22113435","22113692","chr5","57856103","57856358","36","35742668"
"JH378128","22238304","22238472","chr1","105262714","105262876","32","83024410"
"JH378128","22238694","22238944","chr1","31168555","31168794","59","8929861"
"JH378128","22301633","22301920","chr11","115292126","115292409","43","92990493"
"JH378128","22319438","22319678","chr6","31677218","31677458","41","9357780"
"JH378128","22367229","22367527","chr23","35045928","35046223","33","12678699"
"JH378128","22380424","22380769","chr28","8686518","8686842","131","13693906"
"JH378128","22383279","22383506","chr6","2372111","2372337","30","20011168"
"JH378128","22408688","22408985","chr1","112577097","112577392","40","90168409"
"JH378128","22432907","22433217","chr1","65504304","65504612","30","43071397"
"JH378128","22627933","22628147","chr4","59582566","59582821","67","36954633"
"JH378128","22666904","22667200","chr6","38424071","38424362","59","15757167"
"JH378128","22680073","22680370","chr12","10064948","10065242","27","12615125"
"JH378128","22711215","22711524","chr16","55830782","55831088","39","33119567"
"JH378128","22726781","22727096","chr21","121143183","121143493","32","98416402"
"JH378128","22727464","22727778","chr11","115525233","115525542","42","92797769"
"JH378128","22756167","22756474","chr1","65504304","65504612","35","42748137"
"JH378128","22796138","22796362","chr23","43376123","43376346","31","20579985"
"JH378128","22801598","22801753","chr15","90845759","90845918","24","68044161"
"JH378128","22919462","22919762","chr12","10064948","10065242","28","12854514"
"JH378128","22943838","22943918","chr20","86496231","86496314","10","63552393"
"JH378128","22957772","22958065","chr21","32338307","32338599","41","9380535"
"JH378128","23043697","23043999","chr16","4400493","4400795","40","18643204"
"JH378128","23055838","23056140","chr14","83570862","83571166","35","60515024"
"JH378128","23089753","23090051","chr2","22390377","22390668","40","699376"
"JH378128","23160159","23160454","chrX","122834172","122834462","38","99674013"
"JH378128","23247697","23248002","chr9","93121941","93122248","33","69874244"
"JH378128","23332913","23333223","chr14","22799686","22799991","51","533227"
"JH378128","23351439","23351534","chr22","82220107","82220203","9","58868668"
"JH378128","23366543","23366840","chr12","10064948","10065242","23","13301595"
"JH378128","23374886","23375196","chr9","81056861","81057162","40","57681975"
"JH378128","23397490","23397800","chr8","1760359","1760667","37","21637131"
"JH378128","23409101","23409400","chr1","54471485","54471761","63","31062384"
"JH378128","23414731","23415006","chr3","12371444","12371720","34","11043287"
"JH378128","23515949","23516273","chr5","9902768","9903074","58","13613181"
"JH378128","23542386","23542686","chr5","2273487","2273788","31","21268899"
"JH378128","23549068","23549363","chr20","96210594","96210893","58","72661526"
"JH378128","23559440","23559736","chrX","23977849","23978143","31","418409"
"JH378128","23581753","23581852","chr22","82220107","82220203","8","58638354"
"JH378128","23584337","23584548","chr15","82175072","82175282","24","58590735"
"JH378128","23617999","23618291","chr26","21070479","21070763","48","2547520"
"JH378128","23674894","23675166","chr20","48261972","48262243","37","24587078"
"JH378128","23698581","23698884","chr23","81776363","81776665","33","58077782"
"JH378128","23743163","23743275","chr20","115102100","115102215","16","91358937"
"JH378128","23751208","23751489","chrX","86312241","86312522","34","62561033"
"JH378128","23761138","23761418","chr15","54050703","54050983","43","30289565"
"JH378128","23772716","23773020","chr12","10064948","10065242","44","13707768"
"JH378128","23799672","23799768","chr22","82220107","82220203","5","58420435"
"JH378128","23809693","23809996","chr5","2273487","2273788","31","21536206"
"JH378128","23843093","23843395","chrX","6760221","6760522","35","17082872"
"JH378128","23869043","23869341","chr5","58245349","58245645","35","34376306"
"JH378128","23875312","23875584","chr12","92608130","92608406","36","68732818"
"JH378128","23883912","23884217","chr6","29168940","29169240","40","5285028"
"JH378128","23909147","23909435","chr8","8996994","8997284","42","14912153"
"JH378128","23960808","23961093","chr11","59061507","59061799","41","35100699"
"JH378128","23994295","23994587","chr14","80284365","80284655","33","56290070"
"JH378128","24015008","24015298","chr6","11944778","11945070","32","12070230"
"JH378128","24029733","24029999","chr7","85068719","85068988","47","61038986"
"JH378128","24067687","24067990","chr5","2273487","2273788","31","21794200"
"JH378128","24185805","24186092","chr2","62299133","62299420","35","38113328"
"JH378128","24284023","24284273","chr12","88639528","88639774","78","64355505"
"JH378128","24407457","24407731","chr7","99849227","99849497","39","75441770"
"JH378128","24439170","24439309","chr16","187527","187668","15","24251643"
"JH378128","24439404","24439570","chr7","123901115","123901271","26","99461711"
"JH378128","24467303","24467593","chr2","34541558","34541838","41","10074255"
"JH378128","24474475","24474768","chr8","52344592","52344885","30","27870117"
"JH378128","24519451","24519718","chr7","87348687","87348960","41","62829236"
"JH378128","24543925","24544175","chr26","8594374","8594631","47","15949551"
"JH378128","24552485","24552825","chr14","46171515","46171849","41","21619030"
"JH378128","24555866","24556179","chr20","85624325","85624630","40","61068459"
"JH378128","24569187","24569486","chr8","19437247","19437550","49","5131940"
"JH378128","24585434","24585708","chr4","62404432","62404702","36","37818998"
"JH378128","24586204","24586465","chr16","58425585","58425837","47","33839381"
"JH378128","24589292","24589601","chr5","73937952","73938253","56","49348660"
"JH378128","24602259","24602566","chr24","83135028","83135331","33","58532769"
"JH378128","24612509","24612649","chr23","56978905","56979044","14","32366396"
"JH378128","24618618","24618937","chr20","99538718","99539034","49","74920100"
"JH378128","24648080","24648380","chr18","44879897","44880198","34","20231817"
"JH378128","24662059","24662370","chr5","36774379","36774687","33","12112320"
"JH378128","24684895","24685176","chr20","121618255","121618545","51","96933360"
"JH378128","24687053","24687352","chrX","42748918","42749218","54","18061865"
"JH378128","24719373","24719529","chr21","17412959","17413115","36","7306414"
"JH378128","24721259","24721571","chr19","15639019","15639324","42","9082240"
"JH378128","24738482","24738746","chr16","23631020","23631284","33","1107462"
"JH378128","24748989","24749275","chr25","51030152","51030441","32","26281163"
"JH378128","24751522","24751713","chr20_AQIB01158190v1_random","9276","9448","46","24742246"
"JH378128","24774448","24774736","chr21","98632427","98632705","58","73857979"
"JH378128","24837262","24837547","chr14","83710780","83711066","44","58873518"
"JH378128","24837994","24838292","chr25","7449311","7449614","34","17388683"
"JH378128","24881236","24881528","chr6","30540703","30540993","31","5659467"
"JH378128","24894085","24894167","chr5","67880800","67880883","5","42986715"
"JH378128","24895540","24895833","chr16","3783413","3783705","44","21112127"
"JH378128","24908541","24908834","chr22","60669141","60669433","37","35760600"
"JH378128","24955326","24955575","chr16","23133571","23133812","53","1821755"
"JH378128","24967475","24967730","chrX","111062211","111062478","44","86094736"
"JH378128","24982981","24983280","chr11","53220620","53220917","38","28237639"
"JH378128","24994302","24994551","chr21","2215082","2215328","56","22779220"
"JH378128","25003836","25004129","chr24","22113783","22114076","39","2890053"
"JH378128","25013664","25013956","chr6","48913632","48913921","36","23899968"
"JH378128","25034784","25035108","chr5","24362564","24362891","45","672220"
"JH378128","25036731","25037037","chr17","30370058","30370364","42","5333327"
"JH378128","25080439","25080732","chr21","22838763","22839060","36","2241676"
"JH378128","25088999","25089107","chr12","53065987","53066095","11","27976988"
"JH378128","25107727","25107998","chr10","116260311","116260582","36","91152584"
"JH378128","25108109","25108403","chrX","22653522","22653815","50","2454587"
"JH378128","25125765","25126070","chr9","123749848","123750155","45","98624083"
"JH378128","25170722","25170852","chr20","20852752","20852882","12","4317970"
"JH378128","25215106","25215398","chr12","60432247","60432540","40","35217141"
"JH378128","25223493","25223593","chr22","82220107","82220203","8","56996614"
"JH378128","25224104","25224376","chr16","9064388","9064659","43","16159716"
"JH378128","25224783","25225072","chr24","15024582","15024868","55","10200201"
"JH378128","25228001","25228293","chr11","42115371","42115662","45","16887370"
"JH378128","25240695","25240938","chr4","36151312","36151541","39","10910617"
"JH378128","25262174","25262368","chr20","118734823","118734994","46","93472649"
"JH378128","25264076","25264225","chr24","12006231","12006380","17","13257845"
"JH378128","25280762","25281050","chr6","17641726","17642017","35","7639036"
"JH378128","25283459","25283764","chr11","51624065","51624366","39","26340606"
"JH378128","25297872","25297994","chr20","20852752","20852882","17","4445120"
"JH378128","25303162","25303278","chr6","11193830","11193948","11","14109332"
"JH378128","25309749","25309883","chr12","9377407","9377541","13","15932342"
"JH378128","25323175","25323483","chr12","74217361","74217667","36","48894186"
"JH378128","25323490","25323791","chrX","17246394","17246689","37","8077096"
"JH378128","25324918","25325211","chrX","23977849","23978143","37","1347069"
"JH378128","25330736","25331025","chr6","7190985","7191277","39","18139751"
"JH378128","25336967","25337186","chr13","7317370","7317589","29","18019597"
"JH378128","25348579","25348878","chr5","4142056","4142360","40","21206523"
"JH378128","25349430","25349722","chr8","21494594","21494885","29","3854836"
"JH378128","25366096","25366400","chr2","35933723","35934028","34","10567627"
"JH378128","25366479","25366552","chr11","46789662","46789736","10","21423183"
"JH378128","25399740","25399871","chr1","97802296","97802426","12","72402556"
"JH378128","25402552","25402859","chr1","65504304","65504612","33","40101752"
"JH378128","25411107","25411408","chr4","88194345","88194643","40","62783238"
"JH378128","25413675","25413944","chr5","23227051","23227319","41","2186624"
"JH378128","25423329","25423617","chr19","22892545","22892830","38","2530784"
"JH378128","25436995","25437301","chr17","11353400","11353704","44","14083595"
"JH378128","25438995","25439287","chr20","46550281","46550570","35","21111286"
"JH378128","25451049","25451221","chr29","4365210","4365376","28","21085839"
"JH378128","25456769","25457079","chr20","33470229","33470535","49","8013460"
"JH378128","25458568","25458862","chr5","52368103","52368393","29","26909535"
"JH378128","25466305","25466604","chrX","61010412","61010706","51","35544107"
"JH378128","25478473","25478755","chr21","74368618","74368909","45","48890145"
"JH378128","25481081","25481391","chr2","58045145","58045453","34","32564064"
"JH378128","25499786","25499999","chr6","19048983","19049194","30","6450803"
"JH378128","25500001","25500077","chr10","95538249","95538325","10","70038248"
"JH378128","25505210","25505496","chr12","96013629","96013909","40","70508419"
"JH378128","25506852","25507169","chr3","56919020","56919333","59","31412168"
"JH378128","25511151","25511297","chr8","6220418","6220561","12","19290733"
"JH378128","25514244","25514317","chr22","67161065","67161137","16","41646821"
"JH378128","25514899","25515186","chr23","73077881","73078169","33","47562982"
"JH378129","58906","59216","chr25","50712291","50712593","41","50653385"
"JH378129","72881","73167","chr5","52368103","52368393","46","52295222"
"JH378129","75535","75839","chr12","10064948","10065242","32","9989413"
"JH378129","249230","249526","chr5","14569519","14569836","53","14320289"
"JH378129","317779","318089","chr1","65504304","65504612","26","65186525"
"JH378129","342008","342193","chr12","46357434","46357617","29","46015426"
"JH378129","362301","362600","chrX","110092521","110092822","36","109730220"
"JH378129","381889","382142","chr16","65341402","65341647","32","64959513"
"JH378129","394820","395110","chr18","66189352","66189642","32","65794532"
"JH378129","702842","703150","chr21","102943759","102944057","39","102240917"
"JH378129","742891","743220","chr12","6781553","6781865","137","6038662"
"JH378129","801775","802073","chr12","10064948","10065242","25","9263173"
"JH378129","835775","835873","chr22","82220107","82220203","8","81384332"
"JH378129","908270","908370","chr29","19490159","19490257","19","18581889"
"JH378129","976557","976858","chr11","4229918","4230223","40","3253361"
"JH378129","1027297","1027599","chr5","2273487","2273788","31","1246190"
"JH378129","1083138","1083431","chr1","103415790","103416081","41","102332652"
"JH378129","1084252","1084508","chr1","93538957","93539210","32","92454705"
"JH378129","1152427","1152716","chr5","43051685","43051979","48","41899258"
"JH378129","1188619","1188943","chr2","87726057","87726375","42","86537438"
"JH378129","1218410","1218707","chr12","10064948","10065242","31","8846538"
"JH378129","1236284","1236582","chr26","9300679","9300984","39","8064395"
"JH378129","1238535","1238731","chr27","32449558","32449743","36","31211023"
"JH378129","1249141","1249421","chr25","61615818","61616106","42","60366677"
"JH378129","1279918","1280226","chr20","89561089","89561394","39","88281171"
"JH378129","1321054","1321350","chr21","46107814","46108110","33","44786760"
"JH378129","1332116","1332428","chr1","65504304","65504612","29","64172188"
"JH378129","1360525","1360831","chr11","115525233","115525542","30","114164708"
"JH378129","1362420","1362719","chrX","23977849","23978143","29","22615429"
"JH378129","1369432","1369729","chr18","17624355","17624650","45","16254923"
"JH378129","1381941","1382256","chr23","44247755","44248062","38","42865814"
"JH378129","1402682","1402990","chr6","16598509","16598818","38","15195827"
"JH378129","1405685","1405992","chr2","35933723","35934028","37","34528038"
"JH378129","1437408","1437688","chr12","96013629","96013909","43","94576221"
"JH378129","1447528","1447851","chr26","18593596","18593901","42","17146068"
"JH378129","1482925","1483231","chr1","68219231","68219530","41","66736306"
"JH378129","1506297","1506613","chr1","65504304","65504612","35","63998007"
"JH378129","1509213","1509341","chrX","25959962","25960082","30","24450749"
"JH378129","1538544","1538821","chr8","132346365","132346635","48","130807821"
"JH378129","1588087","1588180","chr22","82220107","82220203","8","80632020"
"JH378129","1601366","1601649","chr11","49537220","49537510","54","47935854"
"JH378129","1724328","1724622","chr6","37075091","37075389","44","35350763"
"JH378129","1755867","1756151","chr21","35798011","35798296","36","34042144"
"JH378129","1759790","1760118","chr10","89459842","89460157","40","87700052"
"JH378129","1811433","1811512","chr15","90232343","90232421","18","88420910"
"JH378129","1840535","1840751","chr29","7588408","7588631","55","5747873"
"JH378129","1918963","1919256","chr13","65577132","65577425","26","63658169"
"JH378129","1930302","1930601","chr10","122219967","122220268","39","120289665"
"JH378129","1936039","1936345","chrX","114744806","114745112","41","112808767"
"JH378129","1968452","1968582","chr3","91348390","91348521","10","89379938"
"JH378129","1976855","1976943","chr19","7758593","7758681","10","5781738"
"JH378129","1989087","1989400","chr1","65504304","65504612","32","63515217"
"JH378129","2016912","2017219","chr2","34891557","34891863","31","32874645"
"JH378129","2068829","2069113","chr16","2069804","2070097","37","975"
"JH378129","2113213","2113504","chr17","48071961","48072252","38","45958748"
"JH378129","2158479","2158784","chr28","4550302","4550608","40","2391823"
"JH378129","2205674","2205956","chr11","112577086","112577373","43","110371412"
"JH378129","2311646","2311949","chr8","1760359","1760667","41","551287"
"JH378129","2362190","2362456","chr4","89003238","89003495","40","86641048"
"JH378129","2432507","2432793","chr2","85085680","85085970","40","82653173"
"JH378129","2436140","2436430","chr20","108907026","108907317","41","106470886"
"JH378129","2624035","2624131","chr21","40077109","40077203","21","37453074"
"JH378129","2696470","2696741","chr21","125118620","125118898","43","122422150"
"JH378129","2772776","2772853","chr13","63031813","63031889","7","60259037"
"JH378129","2794579","2794846","chr20","14361614","14361881","43","11567035"
"JH378129","2844929","2845225","chr1","103415790","103416081","39","100570861"
"JH378129","2858343","2858620","chr9","11896631","11896910","39","9038288"
"JH378129","2864176","2864433","chr5","58635295","58635554","43","55771119"
"JH378129","2869845","2870153","chrX","23977849","23978143","36","21108004"
"JH378129","2906909","2907211","chr8","15222719","15223018","46","12315810"
"JH378129","2908738","2909024","chr28","9647706","9647995","37","6738968"
"JH378129","2912261","2912552","chr17","69092086","69092383","37","66179825"
"JH378129","2913614","2913899","chr10","127495198","127495486","35","124581584"
"JH378129","2922429","2922718","chr14","79801787","79802070","42","76879358"
"JH378129","2964949","2965155","chr10","3519976","3520199","41","555027"
"JH378129","2996418","2996548","chr20","20852752","20852882","15","17856334"
"JH378129","3164286","3164591","chr11","58110010","58110310","37","54945724"
"JH378129","3272888","3273191","chr6","29168940","29169240","43","25896052"
"JH378129","3294129","3294437","chr12","13047845","13048153","35","9753716"
"JH378129","3303793","3304022","chr22","79447830","79448060","35","76144037"
"JH378129","3431753","3432044","chr16","17016732","17017024","28","13584979"
"JH378129","3443832","3444147","chr2","34891557","34891863","30","31447725"
"JH378129","3511543","3511846","chr5","2273487","2273788","29","1238056"
"JH378129","3521113","3521404","chr13","14614965","14615259","36","11093852"
"JH378129","3531292","3531580","chr2","34541558","34541838","44","31010266"
"JH378129","3564328","3564462","chr11","95753406","95753542","15","92189078"
"JH378129","3567619","3567938","chr6","36184281","36184603","41","32616662"
"JH378129","3618186","3618314","chr1","97802296","97802426","14","94184110"
"JH378129","3647507","3647767","chr23","42812151","42812409","39","39164644"
"JH378129","3656461","3656754","chr24","79569054","79569345","43","75912593"
"JH378129","3679563","3679879","chr3","27466416","27466725","38","23786853"
"JH378129","3710365","3710674","chr16","30398852","30399159","33","26688487"
"JH378129","3802381","3802695","chr28","4550302","4550608","39","747921"
"JH378129","3850873","3850968","chr22","82220107","82220203","5","78369234"
"JH378129","3916836","3916925","chr3","65349691","65349782","11","61432855"
"JH378129","4089942","4090230","chrX","95460911","95461200","32","91370969"
"JH378129","4182081","4182372","chr6","10960962","10961262","48","6778881"
"JH378129","4246732","4247031","chrX","23977849","23978143","35","19731117"
"JH378129","4270296","4270593","chr14","44038439","44038738","35","39768143"
"JH378129","4285386","4285677","chr6","11944778","11945070","36","7659392"
"JH378129","4444501","4444788","chr14","41748186","41748475","39","37303685"
"JH378129","4576570","4576877","chr5","2273487","2273788","31","2303083"
"JH378129","4788317","4788431","chr20","115102100","115102215","12","110313783"
"JH378129","4932301","4932446","chr6","7229588","7229731","16","2297287"
"JH378129","4935891","4936224","chr1","77320917","77321231","56","72385026"
"JH378129","4978491","4978581","chr19","7758593","7758681","10","2780102"
"JH378129","4999752","5000000","chr11","119259842","119260088","27","114260090"
"JH378129","5041257","5041329","chr5","1831151","1831223","11","3210106"
"JH378129","5041425","5041647","chr25","59449721","59449941","28","54408296"
"JH378129","5074284","5074544","chr12","6781553","6781865","108","1707269"
"JH378129","5090526","5090636","chr6","1067449","1067558","10","4023077"
"JH378129","5099714","5099777","chr4","11929707","11929771","20","6829993"
"JH378129","5138189","5138376","chr20","11085254","11085450","43","5947065"
"JH378129","5143508","5143598","chr3","65349691","65349782","11","60206183"
"JH378129","5146640","5146784","chr3","90669571","90669712","14","85522931"
"JH378129","5147709","5147787","chr13","63031813","63031889","10","57884104"
"JH378129","5156855","5157109","chr6","8468978","8469229","37","3312123"
"JH378129","5168109","5168400","chr13","65577132","65577425","36","60409023"
"JH378129","5184991","5185277","chr1","32168654","32168947","40","26983663"
"JH378129","5193862","5194163","chr9","95486382","95486682","41","90292520"
"JH378129","5223841","5224123","chr2","49104477","49104770","47","43880636"
"JH378129","5226931","5227222","chr10","55224096","55224386","34","49997165"
"JH378129","5228492","5228784","chr26","12826886","12827179","32","7598394"
"JH378129","5232079","5232360","chr20","24735824","24736110","43","19503745"
"JH378129","5253923","5254222","chr16","65250770","65251068","38","59996847"
"JH378129","5271101","5271409","chrUn_KE147575v1","33049","33353","39","5238052"
"JH378129","5291031","5291321","chr12","10064948","10065242","34","4773917"
"JH378129","5336578","5336879","chr23","80461304","80461597","44","75124726"
"JH378129","5382024","5382336","chr5","42870195","42870502","40","37488171"
"JH378129","5412783","5412864","chr11","46789662","46789736","12","41376879"
"JH378129","5425817","5426121","chrX","50127586","50127886","43","44701769"
"JH378129","5433532","5433811","chr7","75744464","75744745","39","70310932"
"JH378129","5440031","5440332","chr12","106797672","106797971","35","101357641"
"JH378129","5594916","5595176","chr29","17759839","17760092","52","12164923"
"JH378129","5636365","5636659","chr1","62917279","62917557","56","57280914"
"JH378129","5792390","5792692","chr13","98083939","98084236","44","92291549"
"JH378129","5805089","5805178","chr3","65349691","65349782","11","59544602"
"JH378129","5973190","5973318","chr1","97802296","97802426","12","91829106"
"JH378129","5975117","5975225","chr12","53065987","53066095","10","47090870"
"JH378129","6083188","6083501","chr12","6781553","6781865","116","698365"
"JH378129","6161293","6161601","chr2","7494757","7495063","40","1333464"
"JH378129","6178680","6178989","chr8","89344864","89345170","34","83166184"
"JH378129","6371659","6371959","chr14","83371933","83372231","38","77000274"
"JH378129","6374580","6374844","chrX","9257762","9258042","45","2883182"
"JH378129","6501924","6502208","chr16","31788140","31788419","36","25286216"
"JH378129","6585084","6585423","chr3","37955466","37955795","47","31370382"
"JH378129","6585426","6585720","chr25","5442274","5442573","38","1143152"
"JH378129","6636013","6636267","chr25","68612508","68612749","46","61976495"
"JH378129","6658187","6658492","chr1","66807483","66807786","43","60149296"
"JH378129","6661439","6661734","chr3","4850775","4851075","38","1810664"
"JH378129","6694925","6695231","chr16","30398852","30399159","27","23703927"
"JH378129","6726946","6727243","chr21","74419316","74419612","39","67692370"
"JH378129","6793818","6794048","chr26","11007255","11007490","39","4213437"
"JH378129","6860540","6860825","chrX","25484429","25484712","41","18623889"
"JH378129","6863897","6864170","chr24","76614329","76614607","59","69750432"
"JH378129","6879243","6879555","chr26","38024857","38025165","34","31145614"
"JH378129","6914695","6914994","chr11","46816354","46816653","37","39901659"
"JH378129","6949618","6949718","chr22","82220107","82220203","10","75270489"
"JH378129","6968547","6968817","chr10","44316765","44317039","40","37348218"
"JH378129","7002967","7003275","chr5","70054205","70054512","39","63051238"
"JH378129","7037273","7037425","chr22","22619064","22619222","36","15581791"
"JH378129","7091721","7091809","chr20","119761262","119761350","10","112669541"
"JH378129","7110063","7110330","chr17","1844512","1844781","37","5265551"
"JH378129","7142652","7142949","chr12","10064948","10065242","30","2922296"
"JH378129","7151160","7151454","chr1","10803268","10803561","36","3652108"
"JH378129","7166660","7166945","chr2","34541558","34541838","42","27374898"
"JH378129","7225873","7226173","chr15","44287299","44287595","40","37061426"
"JH378129","7301392","7301684","chr23","71125189","71125474","39","63823797"
"JH378129","7309830","7310132","chr10","122310682","122310986","45","115000852"
"JH378129","7313016","7313094","chr22","11419392","11419476","13","4106376"
"JH378129","7314140","7314363","chr22","52509076","52509295","40","45194936"
"JH378129","7329220","7329514","chr20","90435109","90435405","39","83105889"
"JH378129","7348868","7349047","chr2","9831889","9832066","32","2483021"
"JH378129","7350034","7350337","chr11","64977264","64977571","45","57627230"
"JH378129","7355842","7356055","chr17","32896166","32896370","37","25540324"
"JH378129","7375942","7376233","chr6","48913632","48913921","40","41537690"
"JH378129","7395464","7395787","chr12","6781553","6781865","114","613911"
"JH378129","7400488","7400615","chr16","4500752","4500881","15","2899736"
"JH378129","7409194","7409500","chr6","29168940","29169240","43","21759746"
"JH378129","7461916","7462200","chr11","19611133","19611417","45","12149217"
"JH378129","7489848","7490102","chr8","47343690","47343945","36","39853842"
"JH378129","7518548","7518838","chr15","48995382","48995672","40","41476834"
"JH378129","7549924","7550210","chr21","30590903","30591190","39","23040979"
"JH378129","7571263","7571530","chr22","9600661","9600931","33","2029398"
"JH378129","7576961","7577233","chr15","89832016","89832289","43","82255055"
"JH378129","7639298","7639610","chr1","2872653","2872961","34","4766645"
"JH378129","7753972","7754275","chr23","45284082","45284386","39","37530110"
"JH378129","7778724","7778814","chr22","82220107","82220203","10","74441383"
"JH378129","7818613","7818921","chr16","19104450","19104748","34","11285837"
"JH378129","7828285","7828587","chr1","108565860","108566161","44","100737575"
"JH378129","7856500","7856575","chr13","63031813","63031889","8","55175313"
"JH378129","7864605","7864914","chr18","69272117","69272421","37","61407512"
"JH378129","7868666","7868970","chr17","35258575","35258878","39","27389909"
"JH378129","7880420","7880697","chr7","132429422","132429698","31","124549002"
"JH378129","7884159","7884396","chr27","10234079","10234323","34","2349920"
"JH378129","7899657","7899945","chr20","121618255","121618545","39","113718598"
"JH378129","7904245","7904552","chr19","10628119","10628425","36","2723874"
"JH378129","7912799","7913093","chr13","78938901","78939179","64","71026102"
"JH378129","7914476","7914570","chr22","82220107","82220203","11","74305631"
"JH378129","7915948","7916247","chr9","34191493","34191793","44","26275545"
"JH378129","7943662","7943958","chrX_KE148108v1_random","4720064","4720364","42","3223598"
"JH378129","7950836","7951106","chr10","127201999","127202278","43","119251163"
"JH378129","7954965","7955269","chr4","35949810","35950115","39","27994845"
"JH378129","7964595","7964886","chr6","40957719","40958012","36","32993124"
"JH378129","7966008","7966299","chr21","112860099","112860381","37","104894091"
"JH378129","7973270","7973359","chr3","65349691","65349782","11","57376421"
"JH378129","7988273","7988576","chr13","8870800","8871100","38","882527"
"JH378129","8007076","8007373","chr12","60432247","60432540","43","52425171"
"JH378129","8015798","8015888","chr3","65349691","65349782","13","57333893"
"JH378129","8038328","8038613","chr10","81998601","81998888","36","73960273"
"JH378129","8043683","8043983","chr3","60319284","60319583","44","52275601"
"JH378129","8085157","8085435","chr1","69161184","69161465","50","61076027"
"JH378129","8086156","8086395","chr20","20049923","20050167","39","11963767"
"JH378129","8102098","8102195","chr28","6960504","6960603","13","1141594"
"JH378129","8104519","8104815","chr22","18437881","18438179","48","10333362"
"JH378129","8167537","8167834","chr9","96314869","96315163","35","88147332"
"JH378129","8187663","8187945","chr12","21507903","21508187","34","13320240"
"JH378129","8200510","8200807","chrX","23977849","23978143","34","15777339"
"JH378129","8246181","8246516","chr15","76857404","76857733","44","68611223"
"JH378129","8260015","8260297","chrX","49498574","49498857","35","41238559"
"JH378129","8299882","8300177","chr1","32168654","32168947","31","23868772"
"JH378129","8307021","8307329","chr15","76433661","76433968","37","68126640"
"JH378129","8322684","8322806","chr15","90834689","90834810","12","82512005"
"JH378129","8327465","8327568","chrX","2017984","2018087","9","6309481"
"JH378129","8394724","8394808","chr7","66655071","66655162","19","58260347"
"JH378129","8462085","8462379","chr28","13237811","13238104","41","4775726"
"JH378129","8468741","8469029","chr8","138416364","138416651","41","129947623"
"JH378129","8481503","8481801","chr26","23072554","23072847","38","14591051"
"JH378129","8628720","8629031","chr16","14358940","14359244","38","5730220"
"JH378129","8726866","8727158","chr9","56910898","56911189","34","48184032"
"JH378129","8744763","8745075","chr12","74217361","74217667","39","65472598"
"JH378129","8967350","8967652","chr5","2273487","2273788","37","6693863"
"JH378129","8972685","8972825","chr23","56978905","56979044","17","48006220"
"JH378129","9037372","9037684","chr1","85711795","85712099","46","76674423"
"JH378129","9092439","9092725","chr1","45523098","45523377","40","36430659"
"JH378129","9097849","9098141","chr12","10064948","10065242","32","967099"
"JH378129","9126834","9127130","chr21","25123896","25124189","33","15997062"
"JH378129","9164386","9164678","chr21","74368618","74368909","35","65204232"
"JH378129","9196050","9196346","chr12","10064948","10065242","36","868898"
"JH378129","9249855","9250127","chr12","26827271","26827548","32","17577416"
"JH378129","9253166","9253452","chr5","42662951","42663235","38","33409785"
"JH378129","9277531","9277835","chr20","46933799","46934103","37","37656268"
"JH378129","9423023","9423331","chr6","16598509","16598818","32","7175486"
"JH378129","9449297","9449585","chr11","42115371","42115662","41","32666074"
"JH378129","9451785","9452099","chr8","1760359","1760667","38","7691426"
"JH378129","9473134","9473420","chr1","54988752","54989030","41","45515618"
"JH378129","9521711","9522008","chr2","36684882","36685179","39","27163171"
"JH378129","9557711","9557999","chr12","92680839","92681132","50","83123128"
"JH378129","9567375","9567508","chr8","40710562","40710690","26","31143187"
"JH378129","9610613","9610917","chr29","10722547","10722839","32","1111934"
"JH378129","9639101","9639402","chr9","118970228","118970526","31","109331127"
"JH378129","9669642","9669922","chr7","133549380","133549654","37","123879738"
"JH378129","9712435","9712693","chr11","44436513","44436764","28","34724078"
"JH378129","9774025","9774268","chr28","4433728","4433974","39","5340297"
"JH378129","9791590","9791870","chr11","16131924","16132195","42","6340334"
"JH378129","9806537","9806818","chr21","35798011","35798296","40","25991474"
"JH378129","9863973","9864265","chr10","8909912","8910203","38","954061"
"JH378129","9865531","9865748","chr20","117372129","117372341","36","107506598"
"JH378129","10004449","10004740","chr28","9524525","9524809","38","479924"
"JH378129","10029455","10029747","chr2","5168180","5168471","37","4861275"
"JH378129","10032754","10033062","chr29","2740091","2740398","32","7292663"
"JH378129","10053680","10053952","chr6","32442100","32442371","34","22388420"
"JH378129","10062740","10063059","chr5","5641488","5641781","78","4421252"
"JH378129","10070165","10070461","chr12","17595136","17595432","35","7524971"
"JH378129","10141399","10141684","chr12","101184381","101184674","42","91042982"
"JH378129","10145231","10145544","chrX","111977290","111977599","40","101832059"
"JH378129","10159661","10159941","chrX","95460911","95461200","39","85301250"
"JH378129","10169387","10169696","chr20","9156415","9156716","43","1012972"
"JH378129","10192507","10192785","chr29","10722547","10722839","45","530040"
"JH378129","10217482","10217659","chr24","68110420","68110592","31","57892938"
"JH378129","10217867","10217957","chr3","65349691","65349782","10","55131824"
"JH378129","10221551","10221883","chr17","30184322","30184640","49","19962771"
"JH378129","10256398","10256697","chr8","1641343","1641640","35","8615055"
"JH378129","10307287","10307589","chr12","10064948","10065242","31","242339"
"JH378129","10321556","10321837","chr20","38394705","38394980","34","28073149"
"JH378129","10335490","10335761","chr17","44996574","44996857","46","34661084"
"JH378129","10345855","10345953","chr22","82220107","82220203","12","71874252"
"JH378129","10348039","10348129","chr3","65349691","65349782","9","55001652"
"JH378129","10349241","10349535","chr24","11323049","11323346","30","973808"
"JH378129","10352561","10352627","chr17","40314853","40314924","12","29962292"
"JH378129","10387906","10388197","chr2","49104477","49104770","45","38716571"
"JH378129","10388777","10389137","chr11","117737181","117737478","121","107348404"
"JH378129","10420332","10420427","chr22","82220107","82220203","9","71799775"
"JH378129","10430652","10430956","chr1","65504304","65504612","39","55073652"
"JH378129","10435550","10435639","chr16","4405728","4405812","11","6029822"
"JH378129","10440383","10440677","chr13","65102281","65102579","42","54661898"
"JH378129","10442823","10443120","chr25","6042643","6042939","41","4400180"
"JH378129","10445188","10445501","chr1","2872653","2872961","36","7572535"
"JH378129","10455713","10455996","chr11","52728921","52729205","31","42273208"
"JH378129","10492683","10492983","chr11","87910920","87911224","40","77418237"
"JH378129","10495402","10495719","chr5","72489958","72490261","44","61994556"
"JH378129","10500226","10500501","chr17","39626947","39627230","46","29126721"
"JH378129","10507918","10508012","chr28","6960504","6960603","14","3547414"
"JH378129","10511096","10511308","chr15","82175072","82175282","27","71663976"
"JH378129","10511925","10512236","chr1","65504304","65504612","30","54992379"
"JH378129","10527970","10528281","chr1","65504304","65504612","30","54976334"
"JH378129","10545691","10545982","chr1","103415790","103416081","40","92870099"
"JH378129","10555172","10555471","chr12","27631381","27631681","43","17076209"
"JH378129","10558645","10558942","chr16","61312039","61312331","44","50753394"
"JH378129","10568045","10568333","chr20","19825871","19826167","36","9257826"
"JH378129","10571447","10571727","chr20","45144209","45144493","38","34572762"
"JH378129","10581904","10582006","chrX","2017984","2018087","12","8563920"
"JH378129","10594890","10595201","chr5","36774379","36774687","47","26179489"
"JH378129","10597915","10598023","chrX","25194654","25194764","12","14596739"
"JH378129","10599043","10599338","chr29","10722547","10722839","34","123504"
"JH378129","10602970","10603255","chr15","41116201","41116485","42","30513231"
"JH378129","10610007","10610264","chr8","41144891","41145148","37","30534884"
"JH378129","10611882","10612146","chr14","62324715","62324973","45","51712833"
"JH378129","10615298","10615605","chr11","51624065","51624366","44","41008767"
"JH378129","10620598","10620900","chr2","9424142","9424441","34","1196456"
"JH378129","10628737","10628811","chr5","1831151","1831223","10","8797586"
"JH378129","10635063","10635317","chr9","96390861","96391117","33","85755798"
"JH378129","10639454","10639741","chr2","57283040","57283331","43","46643586"
"JH378129","10642585","10642878","chr12","60432247","60432540","34","49789662"
"JH378129","10657092","10657400","chr24","79792988","79793292","35","69135896"
"JH378129","10663905","10663991","chr16","4405728","4405812","7","6258177"
"JH378129","10684950","10685078","chr1","97802296","97802426","12","87117346"
"JH378129","10703830","10703919","chr6","3744184","3744280","16","6959646"
"JH378129","10726197","10726472","chr25","75703147","75703419","53","64976950"
"JH378129","10728825","10729109","chr23","25972738","25973023","36","15243913"
"JH378129","10742033","10742322","chr13","65577132","65577425","34","54835099"
"JH378129","10743440","10743730","chr9","96208134","96208421","35","85464694"
"JH378129","10763538","10763590","chr16","62367669","62367730","17","51604131"
"JH378129","10799988","10800216","chr6","38431658","38431885","35","27631670"
"JH378129","10832085","10832365","chr7","31825222","31825504","33","20993137"
"JH378129","10859948","10860267","chr29","11367976","11368285","45","508028"
"JH378129","10870636","10870954","chr1","2872653","2872961","47","7997983"
"JH378129","10871046","10871297","chrX","34027521","34027774","40","23156475"
"JH378129","10893366","10893676","chr1","68219231","68219530","43","57325865"
"JH378129","10896273","10896502","chr12","88385285","88385512","41","77489012"
"JH378129","10901218","10901505","chr16","53397850","53398143","41","42496632"
"JH378129","10942690","10942932","chr27","10234079","10234323","41","708611"
"JH378129","10945418","10945722","chr9","56811131","56811438","39","45865713"
"JH378129","10968994","10969297","chr13","47744604","47744907","38","36775610"
"JH378129","11004184","11004493","chr14","22799686","22799991","36","11795502"
"JH378129","11032353","11032396","chr22","18599613","18599654","10","7567260"
"JH378129","11032614","11032704","chr22","82220107","82220203","11","71187493"
"JH378129","11039708","11039999","chr26","21427773","21428073","39","10388065"
"JH378129","11103011","11103324","chr7","14621204","14621498","51","3518193"
"JH378129","11114132","11114440","chr14","32474276","32474605","62","21360144"
"JH378129","11156129","11156433","chr9","59127119","59127415","41","47970990"
"JH378129","11179887","11180171","chr1","55333544","55333833","39","44153657"
"JH378129","11184522","11184839","chr12","87874553","87874860","46","76690031"
"JH378129","11207778","11208084","chr9","26651072","26651377","48","15443294"
"JH378129","11226473","11226765","chr20","112741030","112741319","44","101514557"
"JH378129","11246693","11246935","chr3","92095186","92095410","42","80848493"
"JH378129","11248200","11248282","chr5","67880800","67880883","10","56632600"
"JH378129","11253768","11254068","chr15","37672879","37673180","34","26419111"
"JH378129","11265149","11265440","chr11","45932487","45932783","53","34667338"
"JH378129","11295453","11295729","chr27","20178866","20179144","44","8883413"
"JH378129","11307969","11308262","chr12","10064948","10065242","35","1243021"
"JH378129","11319647","11319940","chr12","10064948","10065242","27","1254699"
"JH378129","11327531","11327831","chr23","12048184","12048474","36","720653"
"JH378129","11366098","11366405","chr4","16808054","16808360","43","5441956"
"JH378129","11385204","11385420","chr9","7317367","7317591","48","4067837"
"JH378129","11385859","11386164","chrX","125302543","125302844","31","113916684"
"JH378129","11418449","11418762","chr10","105560798","105561107","37","94142349"
"JH378129","11429883","11430177","chr23","52118830","52119121","29","40688947"
"JH378129","11452953","11453264","chr14","83570862","83571166","43","72117909"
"JH378129","11456111","11456390","chr5","56137504","56137784","44","44681393"
"JH378129","11466832","11466960","chr16","13694176","13694300","14","2227344"
"JH378129","11467369","11467491","chr11","74863209","74863330","12","63395840"
"JH378129","11471031","11471344","chr11","115525233","115525542","30","104054202"
"JH378129","11474699","11475001","chr16","64430366","64430669","43","52955667"
"JH378129","11481727","11481915","chr13","67190264","67190450","32","55708537"
"JH378129","11507653","11507947","chr9","56479961","56480252","36","44972308"
"JH378129","11521805","11522122","chr2","34891557","34891863","40","23369752"
"JH378129","11536103","11536194","chr28","12472036","12472125","16","935933"
"JH378129","11689151","11689462","chr24","32270642","32270953","42","20581491"
"JH378129","11694987","11695298","chr24","32270642","32270953","42","20575655"
"JH378129","11730376","11730654","chr11","19611133","19611417","38","7880757"
"JH378129","11787196","11787494","chr1","10803268","10803561","36","983928"
"JH378129","11871399","11871605","chr11","96721458","96721661","20","84850059"
"JH378129","11894906","11895215","chrX","9162903","9163205","47","2732003"
"JH378129","11902271","11902558","chr3","77036872","77037165","52","65134601"
"JH378129","11962965","11963273","chr1","2166012","2166319","42","9796953"
"JH378129","11975761","11976087","chr22","51404529","51404822","61","39428768"
"JH378129","11976546","11976640","chr22","82220107","82220203","7","70243561"
"JH378129","11981816","11982112","chr12","60432247","60432540","35","48450431"
"JH378129","11984978","11985288","chr1","2872653","2872961","30","9112325"
"JH378129","12010087","12010388","chr9","96314869","96315163","45","84304782"
"JH378129","12045875","12046156","chr6","45847068","45847349","37","33801193"
"JH378129","12067776","12067863","chr5","67880800","67880883","10","55813024"
"JH378129","12070759","12071062","chr4","71100937","71101237","31","59030178"
"JH378129","12113320","12113415","chr1","89170355","89170458","31","77057035"
"JH378129","12118064","12118355","chr10","127201999","127202278","51","115083935"
"JH378129","12148729","12149027","chr10","118597337","118597632","35","106448608"
"JH378129","12155823","12156123","chr16","23423370","23423672","34","11267547"
"JH378129","12192340","12192624","chr4","15532519","15532799","31","3340179"
"JH378129","12199778","12200038","chr24","52926192","52926451","35","40726414"
"JH378129","12218479","12218774","chr12","10064948","10065242","24","2153531"
"JH378129","12232014","12232322","chr8","2467641","2467937","53","9764373"
"JH378129","12259982","12260095","chr1","39939684","39939788","18","27679702"
"JH378129","12265832","12265957","chrX","7665538","7665663","12","4600294"
"JH378129","12270434","12270551","chr21","96210938","96211052","22","83940504"
"JH378129","12287100","12287242","chr6","7229588","7229731","17","5057512"
"JH378129","12294456","12294703","chr11","119259842","119260088","31","106965386"
"JH378129","12302963","12303264","chr2","35931939","35932239","46","23628976"
"JH378129","12307607","12307901","chr1","103415790","103416081","37","91108183"
"JH378129","12308036","12308314","chr11","118902964","118903240","44","106594928"
"JH378129","12320201","12320507","chrX","12481691","12481997","43","161490"
"JH378129","12327214","12327499","chr21","125118620","125118898","37","112791406"
"JH378129","12367886","12368178","chr25","18828195","18828491","43","6460309"
"JH378129","12370620","12370899","chr1","83672883","83673171","48","71302263"
"JH378129","12377286","12377583","chr2","36594604","36594898","44","24217318"
"JH378129","12379561","12379855","chr9","96680039","96680330","39","84300478"
"JH378129","12384432","12384726","chr12","10064948","10065242","30","2319484"
"JH378129","12401542","12401744","chr19","5662814","5663015","20","6738728"
"JH378129","12410602","12410906","chr5","2273487","2273788","28","10137115"
"JH378129","12411979","12412284","chr17","28137789","28138092","41","15725810"
"JH378129","12417770","12418073","chr5","9902768","9903074","49","2515002"
"JH378129","12423792","12424102","chr11","84795218","84795524","39","72371426"
"JH378129","12426533","12426800","chr9","56771730","56771998","41","44345197"
"JH378129","12435531","12435812","chrX","9257762","9258042","45","3177769"
"JH378129","12438324","12438619","chr12","10064948","10065242","22","2373376"
"JH378129","12442004","12442296","chrX_KE148108v1_random","2612205","2612498","50","9829799"
"JH378129","12456605","12456882","chr16","33892649","33892928","39","21436044"
"JH378129","12473091","12473364","chr21","49966203","49966477","37","37493112"
"JH378129","12473596","12473869","chr17","28716008","28716284","43","16242412"
"JH378129","12488319","12488409","chr3","65349691","65349782","10","52861372"
"JH378129","12521922","12522230","chr3","22013697","22014006","41","9491775"
"JH378129","12580224","12580507","chr8","20434231","20434523","50","7854007"
"JH378129","12618107","12618396","chr21","74368618","74368909","34","61750511"
"JH378129","12620888","12621180","chr18","71629517","71629808","37","59008629"
"JH378129","12654019","12654321","chr10","60755280","60755585","40","48101261"
"JH378129","12662232","12662543","chr4","16169050","16169359","41","3506818"
"JH378129","12669364","12669666","chr14","29848113","29848419","37","17178749"
"JH378129","12672604","12672899","chr12","10064948","10065242","33","2607656"
"JH378129","12674858","12675142","chr5","20366749","20367033","37","7691891"
"JH378129","12680986","12681268","chr21","74368618","74368909","35","61687632"
"JH378129","12694264","12694564","chr5","2273487","2273788","30","10420777"
"JH378129","12701316","12701614","chr3","70379932","70380229","53","57678616"
"JH378129","12708551","12708659","chr6","1067449","1067558","9","11641102"
"JH378129","12742145","12742438","chr21","75861886","75862178","36","63119741"
"JH378129","12745016","12745304","chr16","53213011","53213300","37","40467995"
"JH378129","12752286","12752530","chr3","81094285","81094529","41","68341999"
"JH378129","12752555","12752825","chr7","74493098","74493366","38","61740543"
"JH378129","12763183","12763495","chr3","10937420","10937729","38","1825763"
"JH378129","12766082","12766355","chr3","2871277","2871556","40","9894805"
"JH378129","12780406","12780714","chr17","40266696","40267004","33","27486290"
"JH378129","12783786","12784067","chr8","38754814","38755111","45","25971028"
"JH378129","12819222","12819512","chr11","42115371","42115662","40","29296149"
"JH378129","12826069","12826329","chrX","90048491","90048770","51","77222422"
"JH378129","12844708","12845017","chr26","51816415","51816717","38","38971707"
"JH378129","12851422","12851709","chr14","41748186","41748475","32","28896764"
"JH378129","12861601","12861895","chr10","118597337","118597632","33","105735736"
"JH378129","12872357","12872670","chr7","64873135","64873448","50","52000778"
"JH378129","12911051","12911350","chr12","5303669","5303965","32","7607382"
"JH378129","12913921","12913999","chr17","40314853","40314924","14","27400932"
"JH378129","12914001","12914190","chr14","36944","37133","30","12877057"
"JH378129","12953563","12953860","chr8","52344592","52344885","42","39391029"
"JH378129","12998902","12999185","chr18","57515738","57516021","40","44516836"
"JH378129","13004543","13004839","chr16","21816012","21816308","36","8811469"
"JH378129","13011826","13012102","chr3","73863133","73863407","45","60851307"
"JH378129","13021427","13021719","chr1","110134081","110134370","50","97112654"
"JH378129","13044835","13045102","chr2","51549690","51549953","35","38504855"
"JH378129","13175056","13175095","chr16","40010881","40010918","7","26835825"
"JH378129","13194323","13194613","chr29","10722547","10722839","24","2471776"
"JH378129","13343325","13343491","chr7","27177753","27177919","28","13834428"
"JH378129","13369629","13369918","chr15","55152926","55153212","42","41783297"
"JH378129","13386213","13386498","chr3","3973222","3973508","46","9412991"
"JH378129","13428100","13428393","chrX","114744806","114745112","46","101316706"
"JH378129","13462798","13463030","chr11","126175108","126175340","27","112712310"
"JH378129","13554027","13554103","chr13","63031813","63031889","7","49477786"
"JH378129","13588906","13589226","chr6","46662429","46662765","51","33073523"
"JH378129","13613273","13613598","chr12","27315202","27315510","48","13701929"
"JH378129","13630977","13631245","chr13","21308021","21308290","48","7677044"
"JH378129","13669577","13669720","chr6","7229588","7229731","15","6439989"
"JH378129","13766561","13766870","chr20","114622603","114622908","44","100856042"
"JH378129","13769745","13769835","chr3","65349691","65349782","10","51579946"
"JH378129","13787635","13787874","chr29","21769990","21770230","42","7982355"
"JH378129","13944691","13944954","chr8","95788673","95788945","53","81843982"
"JH378129","13957406","13957716","chr20","2886301","2886610","36","11071105"
"JH378129","13999429","13999665","chr10","88156512","88156744","28","74157083"
"JH378129","14018232","14018515","chr19","27097500","27097782","46","13079268"
"JH378129","14054102","14054404","chr22","3003323","3003622","35","11050779"
"JH378129","14156713","14157031","chr27","22888845","22889148","52","8732132"
"JH378129","14160107","14160378","chr22","43966779","43967052","42","29806672"
"JH378129","14270271","14270553","chr14","43703039","43703320","45","29432768"
"JH378129","14289268","14289528","chr17","12200444","12200691","122","2088824"
"JH378129","14319308","14319588","chr12","12434992","12435260","44","1884316"
"JH378129","14400689","14400994","chr5","2273487","2273788","30","12127202"
"JH378129","14436431","14436713","chr9","94521914","94522196","35","80085483"
"JH378129","14444450","14444747","chr14","36991957","36992258","38","22547507"
"JH378129","14452772","14453078","chr3","20237905","20238212","41","5785133"
"JH378129","14478418","14478721","chr23","80398638","80398942","42","65920220"
"JH378129","14496017","14496321","chr11","120207458","120207761","34","105711441"
"JH378129","14501322","14501487","chr11","2971501","2971663","26","11529821"
"JH378129","14507812","14507960","chr16","21687282","21687429","18","7179470"
"JH378129","14531423","14531725","chr16","30398852","30399159","34","15867429"
"JH378129","14535737","14536004","chr16","35955014","35955284","42","21419277"
"JH378129","14546404","14546694","chr16","17016732","17017024","43","2470328"
"JH378129","14559290","14559565","chr2","42753591","42753868","50","28194301"
"JH378129","14578869","14579175","chr21","13830726","13831028","33","748143"
"JH378129","14586801","14587040","chr25","83059316","83059553","28","68472515"
"JH378129","14646051","14646321","chr16","13157131","13157398","39","1488920"
"JH378129","14659421","14659724","chr11","58110010","58110310","34","43450589"
"JH378129","14681746","14682041","chr12","10064948","10065242","31","4616798"
"JH378129","14805452","14805743","chrX","122834172","122834462","34","108028720"
"JH378129","14822656","14822961","chr15","3702894","3703194","43","11119762"
"JH378129","14837300","14837600","chr12","10064948","10065242","29","4772352"
"JH378129","14886538","14886837","chr26","26157512","26157808","42","11270974"
"JH378129","14976223","14976517","chr20","101506461","101506755","46","86530238"
"JH378129","15015748","15016055","chr16","12643813","12644120","36","2371935"
"JH378129","15058860","15059000","chr1","104985644","104985768","35","89926784"
"JH378129","15152696","15152993","chrX","468680","468977","37","14684016"
"JH378129","15163375","15163697","chr20","46933799","46934103","45","31770424"
"JH378129","15166499","15166804","chr16","21816012","21816308","41","6649513"
"JH378129","15170502","15170798","chr28","17258986","17259280","52","2088484"
"JH378129","15193327","15193384","chr1","105453517","105453571","9","90260190"
"JH378129","15317670","15317978","chr12","74217361","74217667","32","58899691"
"JH378129","15323269","15323454","chr1","14103001","14103184","24","1220268"
"JH378129","15347958","15348262","chr24","13365099","13365397","48","1982859"
"JH378129","15425574","15425873","chr19","23732962","23733259","37","8307388"
"JH378129","15495181","15495483","chr14","44038439","44038738","45","28543258"
"JH378129","15505560","15505676","chr20","67637645","67637774","20","52132085"
"JH378129","15507906","15508188","chr20","34954196","34954482","52","19446290"
"JH378129","15559753","15559825","chr5","1831151","1831223","14","13728602"
"JH378129","15607486","15607795","chr1","65504304","65504612","38","49896818"
"JH378129","15610565","15610673","chr12","53065987","53066095","11","37455422"
"JH378129","15619405","15619709","chr16","61312039","61312331","46","45692634"
"JH378129","15640873","15640975","chrX","2017984","2018087","8","13622889"
"JH378129","15710493","15710796","chrX","6760221","6760522","48","8950272"
"JH378129","15796708","15797003","chr12","10064948","10065242","31","5731760"
"JH378129","15822154","15822397","chr26","33182298","33182537","34","17360144"
"JH378129","15865160","15865299","chr6","3375709","3375847","15","12489451"
"JH378129","15885324","15885411","chr19","7758593","7758681","9","8126731"
"JH378129","15903092","15903221","chr3","91348390","91348521","12","75445298"
"JH378129","15928887","15929199","chr16","33182065","33182368","44","17253178"
"JH378129","16018782","16019062","chr8","94942905","94943180","38","78924123"
"JH378129","16088372","16088404","chr16","38373538","38373567","11","22285166"
"JH378129","16088405","16088605","chr19","5662814","5663015","23","10425591"
"JH378129","16108358","16108676","chr15","30834435","30834736","60","14726077"
"JH378129","16153480","16153669","chr8","79261068","79261259","34","63107588"
"JH378129","16220767","16221077","chr1","65504304","65504612","37","49283537"
"JH378129","16279793","16280110","chr1","65504304","65504612","39","49224511"
"JH378129","16299062","16299357","chr24","1051567","1051864","44","15247495"
"JH378129","16304328","16304428","chr22","82220107","82220203","12","65915779"
"JH378129","16445196","16445391","chr2","41986599","41986802","31","25541403"
"JH378129","16446781","16447083","chr8","1916519","1916819","38","14530262"
"JH378129","16552939","16553252","chr16","2999161","2999470","46","13553778"
"JH378129","16663513","16663792","chr3","82509225","82509507","38","65845712"
"JH378129","16758552","16758863","chr7","111533390","111533704","49","94774838"
"JH378129","16786977","16787275","chr9","71658903","71659203","35","54871926"
"JH378129","16823154","16823463","chrX","125302543","125302844","31","108479389"
"JH378129","16850225","16850504","chr21","30590903","30591190","43","13740678"
"JH378129","16871948","16872251","chr16","53397850","53398143","40","36525902"
"JH378129","16924024","16924317","chr17","1525834","1526130","36","15398190"
"JH378129","16990223","16990523","chr8","21494594","21494885","45","4504371"
"JH378129","17006913","17007222","chr1","65504304","65504612","30","48497391"
"JH378129","17028930","17029222","chr13","65577132","65577425","35","48548202"
"JH378129","17086860","17087174","chr1","2872653","2872961","41","14214207"
"JH378129","17117596","17117897","chr19","13269054","13269354","40","3848542"
"JH378129","17172442","17172748","chr12","13047845","13048153","41","4124597"
"JH378129","17203522","17203844","chr10","72956484","72956800","39","55752962"
"JH378129","17261825","17262138","chrX","28194989","28195297","43","10933164"
"JH378129","17361371","17361576","chr2","36139638","36139834","34","18778267"
"JH378129","17366867","17367169","chr11","29946186","29946494","39","12579319"
"JH378129","17394467","17394776","chr16","25286748","25287048","49","7892281"
"JH378129","17612383","17612681","chr24","8381796","8382090","46","9230587"
"JH378129","17640590","17640674","chr5","67880800","67880883","8","50240210"
"JH378129","17694364","17694472","chr12","53065987","53066095","13","35371623"
"JH378129","17727020","17727192","chr4","65157978","65158146","22","47430958"
"JH378129","17749989","17750131","chr7","86258926","86259069","19","68508937"
"JH378129","17752192","17752444","chr5","56834491","56834744","38","39082299"
"JH378129","17762877","17763197","chr20","7540190","7540493","51","10222687"
"JH378129","17863500","17863820","chr16","4380464","4380781","42","13483036"
"JH378129","17917037","17917328","chr20","46550281","46550570","37","28633244"
"JH378129","17931262","17931502","chrX","95980944","95981178","35","78049682"
"JH378129","17943429","17943714","chr10","52335930","52336214","47","34392501"
"JH378129","17944003","17944256","chr20","20049923","20050167","40","2105920"
"JH378129","17962245","17962501","chr21","116499270","116499533","56","98537025"
"JH378129","18063812","18064094","chr6","44675473","44675756","41","26611661"
"JH378129","18094698","18094987","chr26","15737333","15737619","38","2357365"
"JH378129","18150794","18151108","chr23","44247755","44248062","47","26096961"
"JH378129","18163295","18163368","chr13","63031813","63031889","9","44868518"
"JH378129","18279694","18279891","chr13","11057289","11057487","42","7222405"
"JH378129","18324554","18324806","chr22","88832832","88833087","28","70508278"
"JH378129","18327889","18328200","chr26","38024857","38025165","31","19696968"
"JH378129","18365244","18365540","chr13","65577132","65577425","31","47211888"
"JH378129","18379065","18379190","chr15","90834689","90834810","14","72455624"
"JH378129","18380802","18380903","chrX","2017984","2018087","11","16362818"
"JH378129","18400710","18401004","chr16","14680425","14680719","44","3720285"
"JH378129","18431338","18431646","chr19","23977337","23977645","55","5545999"
"JH378129","18437924","18438239","chr2","20149541","20149849","62","1711617"
"JH378129","18478577","18478706","chr3","91348390","91348521","12","72869813"
"JH378129","18524705","18524892","chr1","11673452","11673637","29","6851253"
"JH378129","18570453","18570745","chr11","934179","934468","39","17636274"
"JH378129","18711104","18711184","chr16","3308866","3308945","9","15402238"
"JH378129","18711910","18712014","chr1","39939684","39939788","7","21227774"
"JH378129","18872609","18872686","chr13","63031813","63031889","8","44159204"
"JH378129","18895107","18895385","chr25","18257042","18257318","35","638065"
"JH378129","19039026","19039283","chr1","111829907","111830168","47","92790881"
"JH378129","19139188","19139312","chr3","72385674","72385796","12","53246486"
"JH378129","19152921","19153053","chr3","90669571","90669712","18","71516650"
"JH378129","19168095","19168171","chr13","63031813","63031889","8","43863718"
"JH378129","19203917","19204219","chr12","10064948","10065242","30","9138969"
"JH378129","19301099","19301402","chr3","21834348","21834652","59","2533249"
"JH378129","19333807","19334032","chr6","2372111","2372337","33","16961696"
"JH378129","19354001","19354212","chr15","82175072","82175282","30","62821071"
"JH378129","19358491","19358788","chr15","86758708","86759003","34","67400217"
"JH378129","19433841","19434076","chr12","20341826","20342056","42","907985"
"JH378129","19437169","19437462","chr7","86104707","86105000","41","66667538"
"JH378129","19498978","19499251","chr9","55909986","55910260","42","36411008"
"JH378129","19507465","19507751","chr18","56320838","56321130","57","36813373"
"JH378129","19511481","19511569","chr19","7758593","7758681","10","11752888"
"JH378129","19574077","19574376","chr7","68613623","68613921","50","49039546"
"JH378129","19600774","19600885","chr6","1067449","1067558","10","18533325"
"JH378129","19630947","19631096","chr9","59130238","59130387","16","39499291"
"JH378129","19913171","19913462","chr17","41772683","41772973","34","21859512"
"JH378129","19970909","19971004","chr20","25652388","25652489","15","5681479"
"JH378129","19983975","19984271","chr12","10064948","10065242","28","9919027"
"JH378129","20170220","20170528","chr24","68895333","68895641","44","48725113"
"JH378129","20208042","20208353","chrX","68167720","68168031","44","47959678"
"JH378129","20231170","20231488","chr1","64563640","64563943","45","44332470"
"JH378129","20303517","20303817","chr3","29967257","29967552","44","9663740"
"JH378129","20307142","20307507","chr24","32411214","32411567","132","12104072"
"JH378129","20416528","20416817","chr17","49320523","49320815","40","28903995"
"JH378129","20459914","20460225","chr14","83371933","83372231","41","62912019"
"JH378129","20470081","20470177","chr22","82220107","82220203","9","61750026"
"JH378129","20587312","20587620","chr11","58110010","58110310","43","37522698"
"JH378129","20639459","20639697","chr25","73461692","73461928","36","52822233"
"JH378129","20657048","20657348","chr25","73196897","73197193","40","52539849"
"JH378129","20664040","20664334","chr6","17802140","17802439","40","2861900"
"JH378129","20728278","20728566","chr15","65122808","65123099","44","44394530"
"JH378129","20790838","20791006","chr14","23889337","23889494","39","3098499"
"JH378129","20810719","20810990","chr22","9600661","9600931","45","11210058"
"JH378129","20811268","20811355","chr16","4405728","4405812","11","16405540"
"JH378129","20968891","20969132","chr16","5798617","5798859","42","15170274"
"JH378129","21351075","21351366","chr6","19269082","19269367","39","2081993"
"JH378129","21437489","21437780","chr8","125046904","125047196","45","103609415"
"JH378129","21461993","21462277","chr4","30926814","30927112","55","9464821"
"JH378129","21473394","21473702","chr26","38024857","38025165","44","16551463"
"JH378129","21503941","21504230","chr11","42115371","42115662","37","20611430"
"JH378129","21532622","21532925","chr8","132387351","132387652","34","110854729"
"JH378129","21535948","21536050","chrX","2017984","2018087","10","19517964"
"JH378129","21545955","21546245","chr25","61615818","61616106","34","40069863"
"JH378129","21612383","21612697","chr1","32648047","32648351","39","11035664"
"JH378129","21617309","21617403","chr22","82220107","82220203","11","60602798"
"JH378129","21619793","21620096","chr26","18927734","18928036","36","2692059"
"JH378129","21635897","21636152","chr11","44436513","44436764","30","22800616"
"JH378129","21637200","21637289","chr3","65349691","65349782","11","43712491"
"JH378129","21678768","21679065","chr20","40866506","40866800","44","19187738"
"JH378129","21681734","21682041","chr23","41434219","41434517","35","19752485"
"JH378129","21682082","21682393","chr24","68895333","68895641","43","47213251"
"JH378129","21683412","21683531","chr24","48537275","48537387","18","26853863"
"JH378129","21692314","21692424","chr2","23010920","23011031","16","1318606"
"JH378129","21694469","21694764","chr22","15715943","15716237","35","5978526"
"JH378129","21714117","21714307","chr8","138839715","138839905","31","117125598"
"JH378129","21718228","21718506","chrX","95460911","95461200","47","73742683"
"JH378129","21729658","21729968","chr11","114846906","114847210","40","93117248"
"JH378129","21737750","21738042","chrX","95460911","95461200","38","73723161"
"JH378129","21757997","21758303","chr20","89561089","89561394","38","67803092"
"JH378129","21760238","21760326","chr19","7758593","7758681","10","14001645"
"JH378129","21799577","21799726","chr9","59130238","59130387","13","37330661"
"JH378129","21805269","21805579","chr11","115525233","115525542","35","93719964"
"JH378129","21808010","21808150","chr3","90669571","90669712","15","68861561"
"JH378129","21835166","21835464","chr23","41434219","41434517","37","19599053"
"JH378129","21853299","21853570","chr6","27850626","27850898","39","5997327"
"JH378129","21864746","21865063","chr25","53511952","53512257","43","31647206"
"JH378129","21881020","21881326","chr1","68219231","68219530","40","46338211"
"JH378129","21887932","21888241","chr20","89561089","89561394","33","67673157"
"JH378129","21901057","21901358","chr1","68219231","68219530","39","46318174"
"JH378129","21902023","21902325","chr23","70748596","70748897","45","48846573"
"JH378129","22085890","22086191","chr12","10064948","10065242","29","12020942"
"JH378129","22123018","22123326","chr11","115525233","115525542","29","93402215"
"JH378129","22130611","22130906","chr20","96808586","96808877","42","74677975"
"JH378129","22193537","22193821","chr12","11973166","11973460","40","10220371"
"JH378129","22255564","22255687","chrX","7665538","7665663","15","14590026"
"JH378129","22259256","22259565","chr13","65577132","65577425","39","43317876"
"JH378129","22276948","22277253","chr5","36774379","36774687","36","14497431"
"JH378129","22304929","22305238","chr5","27918350","27918656","37","5613421"
"JH378129","22306984","22307293","chr2","34891557","34891863","33","12584573"
"JH378129","22340550","22340846","chr7","99172603","99172901","40","76832053"
"JH378129","22350616","22350738","chr11","74863209","74863330","11","52512593"
"JH378129","22359969","22360283","chr1","65504304","65504612","39","43144335"
"JH378129","22360546","22360846","chr11","117737181","117737478","35","95376635"
"JH378129","22373578","22373660","chr5","67880800","67880883","6","45507222"
"JH378129","22379796","22379871","chr13","63031813","63031889","5","40652017"
"JH378129","22380968","22381073","chr1","39939684","39939788","11","17558716"
"JH378129","22385765","22385850","chr12","7441397","7441481","9","14944368"
"JH378129","22401707","22402016","chr1","68219231","68219530","39","45817524"
"JH378129","22413777","22414098","chr10","89459842","89460157","40","67046065"
"JH378129","22428693","22428882","chr14","36944","37133","26","22391749"
"JH378129","22438249","22438560","chr14","22799686","22799991","41","361437"
"JH378129","22445936","22446240","chr17","35258575","35258878","44","12812639"
"JH378129","22452487","22452581","chr1","39939684","39939788","16","17487197"
"JH378129","22455006","22455141","chrX","61140658","61140793","14","38685652"
"JH378129","22460926","22461003","chr13","63031813","63031889","8","40570887"
"JH378129","22489117","22489432","chr6","16598509","16598818","37","5890608"
"JH378129","22491426","22491731","chr2","80145635","80145937","38","57654209"
"JH378129","22503004","22503270","chr8","94942905","94943180","42","72439901"
"JH378129","22507311","22507440","chr3","91348390","91348521","10","68841079"
"JH378129","22572437","22572559","chr15","90834689","90834810","10","68262252"
"JH378129","22588797","22588886","chr3","65349691","65349782","12","42760894"
"JH378129","22685075","22685377","chrX","28194989","28195297","43","5509914"
"JH378129","22823607","22823862","chr3","68271506","68271751","47","45447899"
"JH378129","22832215","22832472","chr16","65251314","65251569","35","42419099"
"JH378129","22917178","22917477","chr14","89770011","89770314","47","66852833"
"JH378129","23013410","23013530","chr13","23206740","23206860","12","193330"
"JH378129","23062838","23063129","chr16","61312039","61312331","56","38249201"
"JH378129","23093983","23094273","chr12","14821307","14821598","43","8272676"
"JH378129","23147304","23147597","chr12","47844237","47844531","41","24696933"
"JH378129","23148136","23148277","chr11","51685544","51685686","25","28537408"
"JH378129","23238105","23238400","chr18","34689082","34689378","41","11450977"
"JH378129","23273950","23274229","chr21","120880949","120881221","37","97606999"
"JH378129","23329021","23329105","chr16","4405728","4405812","7","18923293"
"JH378129","23356415","23356681","chr1","101091218","101091491","52","77734803"
"JH378129","23626662","23626961","chr10","111637485","111637783","31","88010823"
"JH378129","23649897","23650202","chr5","2273487","2273788","30","21376410"
"JH378129","23670697","23670989","chr1","117478599","117478888","48","93807902"
"JH378129","23732051","23732348","chr21","25123896","25124189","49","1391845"
"JH378129","23735178","23735456","chr5","21193983","21194260","36","2541195"
"JH378129","23834621","23834693","chr13","63031813","63031889","8","39197192"
"JH378129","23884519","23884810","chr21","124101320","124101612","37","100216801"
"JH378129","23936038","23936255","chr16","6238673","6238883","41","17697365"
"JH378129","24001683","24001976","chr5","22668022","22668311","41","1333661"
"JH378129","24051643","24051944","chr22","5960095","5960396","36","18091548"
"JH378129","24103558","24103814","chr9","96390861","96391117","31","72287303"
"JH378129","24105495","24105609","chr6","1067449","1067558","14","23038046"
"JH378129","24117005","24117075","chr28","14799270","14799340","9","9317735"
"JH378129","24119864","24120159","chr7","123616853","123617149","39","99496989"
"JH378129","24147304","24147602","chr18","60673223","60673524","60","36525919"
"JH378129","24221923","24222226","chrX","125302543","125302844","52","101080620"
"JH378129","24314652","24314977","chr18","1092146","1092472","45","23222506"
"JH378129","24333930","24334225","chr26","50395265","50395544","52","26061335"
"JH378129","24604264","24604572","chr1","65504304","65504612","27","40900040"
"JH378129","24616196","24616497","chr20","19825871","19826167","46","4790325"
"JH378129","24619931","24620233","chr26","24278477","24278782","33","341454"
"JH378129","24623228","24623523","chr9","96314869","96315163","42","71691641"
"JH378129","24625557","24625633","chr13","63031813","63031889","13","38406256"
"JH378129","24681229","24681544","chr1","65504304","65504612","42","40823075"
"JH378129","24693032","24693347","chr7","111533390","111533704","43","86840358"
"JH378129","24699539","24699837","chr7","11862262","11862563","46","12837277"
"JH378129","24703387","24703504","chr15","53595698","53595816","13","28892311"
"JH378129","24705011","24705297","chr25","51030152","51030441","46","26325141"
"JH378129","24711300","24711587","chr5","53255334","53255620","35","28544034"
"JH378129","24716475","24716612","chr7","130199470","130199614","32","105482995"
"JH378129","24729621","24729826","chr22","35904405","35904609","39","11174784"
"JH378129","24748836","24749134","chr15","51754493","51754791","34","27005657"
"JH378129","24762819","24763076","chr1","83625954","83626213","39","58863135"
"JH378129","24777317","24777620","chr19","30287886","30288191","43","5510569"
"JH378129","24808900","24809209","chr24","83135028","83135331","36","58326128"
"JH378129","24816993","24817312","chrX","28194989","28195297","40","3377996"
"JH378129","24821354","24821654","chr16","70747010","70747310","39","45925656"
"JH378129","25069575","25069832","chr10","75988356","75988604","47","50918781"
"JH378129","25191913","25192167","chr20","70905825","70906081","35","45713912"
"JH378129","25271186","25271262","chr13","63031813","63031889","9","37760627"
"JH378130","786145","786444","chrX","23977849","23978143","30","23191704"
"JH378130","19791752","19792018","chr14","82309362","82309629","41","62517610"
"JH378130","26350","26622","chr22","37637582","37637856","35","37611232"
"JH378130","47405","47689","chr11","19611133","19611417","31","19563728"
"JH378130","89296","89588","chr12","10064948","10065242","33","9975652"
"JH378130","91895","91999","chr1","39939684","39939788","8","39847789"
"JH378130","93334","93672","chr16","42159556","42159873","60","42066222"
"JH378130","96193","96489","chr11","55020829","55021127","43","54924636"
"JH378130","111563","111682","chr20","104220685","104220809","21","104109122"
"JH378130","122868","123159","chr15","29954614","29954908","33","29831746"
"JH378130","128577","128878","chrX","50127586","50127886","34","49999009"
"JH378130","135729","135828","chr22","82220107","82220203","10","82084378"
"JH378130","141522","141668","chr9","59130238","59130387","16","58988716"
"JH378130","141672","141778","chr20","25652388","25652489","15","25510716"
"JH378130","155449","155544","chr2","34024008","34024103","16","33868559"
"JH378130","155650","155795","chr20","59000051","59000189","29","58844401"
"JH378130","155840","156136","chr2","5168180","5168471","34","5012340"
"JH378130","171150","171453","chr2","36594604","36594898","37","36423454"
"JH378130","175072","175378","chr17","35258575","35258878","37","35083503"
"JH378130","176274","176414","chr23","56978905","56979044","12","56802631"
"JH378130","187009","187084","chr13","63031813","63031889","5","62844804"
"JH378130","195245","195552","chr26","6059541","6059849","36","5864296"
"JH378130","219905","220193","chr12","27124486","27124768","34","26904581"
"JH378130","235328","235621","chr12","52936909","52937202","38","52701581"
"JH378130","243211","243504","chr20","81564970","81565265","48","81321759"
"JH378130","263536","263791","chr27","19036842","19037092","46","18773306"
"JH378130","348748","349047","chr9","85510237","85510533","59","85161489"
"JH378130","361537","361828","chr12","96526909","96527205","33","96165372"
"JH378130","462661","462935","chr9","68188524","68188799","39","67725863"
"JH378130","468832","469143","chr2","60329716","60330028","49","59860884"
"JH378130","491431","491652","chrX","63929276","63929493","31","63437845"
"JH378130","544968","545290","chrX","20007345","20007662","41","19462377"
"JH378130","586281","586588","chr12","74217361","74217667","35","73631080"
"JH378130","623114","623424","chr5","2324242","2324550","33","1701128"
"JH378130","626846","627103","chr11","109542161","109542428","44","108915315"
"JH378130","638298","638593","chr4","35988129","35988423","38","35349831"
"JH378130","644234","644522","chr18","66189352","66189642","37","65545118"
"JH378130","745220","745302","chr5","67880800","67880883","7","67135580"
"JH378130","750116","750427","chr5","2273487","2273788","42","1523371"
"JH378130","825387","825684","chr12","73484608","73484904","42","72659221"
"JH378130","844458","844756","chr16","66960790","66961092","44","66116332"
"JH378130","851272","851541","chr22","91959188","91959456","41","91107916"
"JH378130","898051","898174","chr15","90834689","90834810","12","89936638"
"JH378130","898425","898547","chr16","13694176","13694300","19","12795751"
"JH378130","903147","903401","chr15","5483525","5483794","49","4580378"
"JH378130","945739","946036","chr20","38424209","38424504","42","37478470"
"JH378130","956527","956804","chr6","9228253","9228531","34","8271726"
"JH378130","965381","965657","chr5","35708513","35708786","35","34743132"
"JH378130","1051427","1051717","chr15","46680164","46680456","46","45628737"
"JH378130","1057703","1057797","chr22","82220107","82220203","9","81162404"
"JH378130","1064721","1064817","chr22","82220107","82220203","6","81155386"
"JH378130","1072184","1072500","chr22","18232920","18233227","37","17160736"
"JH378130","1083922","1084052","chr3","91348390","91348521","10","90264468"
"JH378130","1108452","1108599","chr9","59130238","59130387","13","58021786"
"JH378130","1207778","1208059","chr21","56791103","56791381","49","55583325"
"JH378130","1220883","1221172","chr10","100948433","100948723","33","99727550"
"JH378130","1225552","1225853","chr11","125798758","125799061","32","124573206"
"JH378130","1246951","1247180","chr12","9382452","9382654","57","8135501"
"JH378130","1247503","1247604","chr22","82220107","82220203","8","80972604"
"JH378130","1350382","1350627","chr10","75988356","75988604","49","74637974"
"JH378130","1360431","1360740","chr26","38024857","38025165","32","36664426"
"JH378130","1373809","1374104","chr8","1916519","1916819","44","542710"
"JH378130","1384150","1384239","chr3","65349691","65349782","12","63965541"
"JH378130","1385262","1385391","chr3","91348390","91348521","11","89963128"
"JH378130","1426222","1426528","chr24","35541584","35541883","34","34115362"
"JH378130","1429998","1430298","chr15","5114677","5114969","37","3684679"
"JH378130","1438913","1439195","chr12","27124486","27124768","28","25685573"
"JH378130","1442783","1443077","chr1","115205454","115205746","34","113762671"
"JH378130","1662336","1662645","chr1","108565860","108566161","37","106903524"
"JH378130","1673211","1673508","chrX","29093856","29094150","39","27420645"
"JH378130","1680283","1680575","chr11","105213946","105214237","42","103533663"
"JH378130","1754507","1754672","chr7","128354173","128354335","29","126599666"
"JH378130","1843335","1843567","chr11","126175108","126175340","30","124331773"
"JH378130","1943317","1943618","chr2","83924911","83925209","43","81981594"
"JH378130","1964648","1964897","chr12","6401463","6401710","40","4436815"
"JH378130","1967047","1967356","chr6","10855614","10855920","42","8888567"
"JH378130","1980868","1981160","chr12","10064948","10065242","26","8084080"
"JH378130","2013236","2013534","chr3","88960138","88960433","41","86946902"
"JH378130","2039256","2039547","chr7","122220778","122221068","46","120181522"
"JH378130","2061323","2061617","chr23","50902058","50902352","40","48840735"
"JH378130","2063401","2063671","chr5","42662951","42663235","43","40599550"
"JH378130","2099013","2099314","chr12","10064948","10065242","29","7965935"
"JH378130","2113051","2113360","chr8","87708195","87708499","40","85595144"
"JH378130","2113863","2113987","chrX","7665538","7665663","11","5551675"
"JH378130","2128788","2129070","chr20","31896476","31896760","41","29767688"
"JH378130","2136339","2136648","chr8","96089866","96090170","41","93953527"
"JH378130","2149352","2149648","chr24","51698249","51698546","42","49548897"
"JH378130","2195903","2196021","chr15","53595698","53595816","13","51399795"
"JH378130","2221616","2221901","chr16","30731330","30731612","37","28509714"
"JH378130","2231767","2232055","chr21","22838763","22839060","41","20606996"
"JH378130","2254944","2255239","chr9","22769458","22769754","40","20514514"
"JH378130","2302650","2302954","chr14","75577127","75577428","50","73274477"
"JH378130","2318728","2319013","chr12","10064948","10065242","32","7746220"
"JH378130","2325570","2325907","chr12","32105999","32106304","126","29780429"
"JH378130","2379011","2379313","chr2","35931939","35932239","38","33552928"
"JH378130","2448062","2448359","chr14","63536540","63536834","36","61088478"
"JH378130","2455314","2455402","chr19","7758593","7758681","9","5303279"
"JH378130","2541474","2541762","chr15","58837851","58838136","33","56296377"
"JH378130","2622027","2622334","chr9","34182892","34183200","42","31560865"
"JH378130","2638490","2638608","chr15","4959410","4959528","21","2320920"
"JH378130","2654973","2655107","chr15","19514175","19514311","21","16859202"
"JH378130","2854135","2854408","chr9","114015180","114015455","42","111161045"
"JH378130","2865624","2865934","chr11","115525233","115525542","36","112659609"
"JH378130","2946443","2946563","chr15","90834689","90834810","10","87888246"
"JH378130","3109752","3110040","chrX","22653522","22653815","38","19543770"
"JH378130","3133182","3133474","chr14","77806826","77807115","38","74673644"
"JH378130","3280043","3280356","chr26","38024857","38025165","32","34744814"
"JH378130","3332460","3332702","chr16","8257003","8257236","36","4924543"
"JH378130","3386960","3387045","chr23","60352980","60353074","18","56966020"
"JH378130","3425910","3426032","chrX","25194654","25194764","21","21768744"
"JH378130","3460989","3461291","chr10","57523946","57524241","41","54062957"
"JH378130","3511980","3512283","chr25","85642603","85642903","32","82130623"
"JH378130","3554360","3554661","chr6","28329740","28330046","40","24775380"
"JH378130","3594565","3594827","chr8","95788673","95788945","57","92194108"
"JH378130","3640701","3641010","chr3","20237905","20238212","34","16597204"
"JH378130","3647893","3648197","chr5","2273487","2273788","29","1374406"
"JH378130","3698327","3698621","chr9","68468865","68469160","32","64770538"
"JH378130","3704280","3704578","chr29","2280402","2280693","40","1423878"
"JH378130","3707724","3708038","chr1","65504304","65504612","33","61796580"
"JH378130","3744898","3745197","chr26","17944990","17945291","37","14200092"
"JH378130","4052489","4052784","chr11","117737181","117737478","38","113684692"
"JH378130","4062991","4063063","chr13","63031813","63031889","7","58968822"
"JH378130","4113669","4113962","chr11","42115371","42115662","39","38001702"
"JH378130","4168178","4168469","chr5","68227588","68227878","41","64059410"
"JH378130","4272179","4272469","chr6","19815995","19816283","35","15543816"
"JH378130","4316043","4316116","chr13","63031813","63031889","8","58715770"
"JH378130","4396791","4397094","chr5","14031138","14031428","46","9634347"
"JH378130","4450994","4451060","chr18","59913679","59913739","12","55462685"
"JH378130","4552487","4552769","chr17","31244746","31245027","40","26692259"
"JH378130","4643848","4644161","chr2","34891557","34891863","41","30247709"
"JH378130","4672524","4672834","chr18","31501692","31501998","30","26829168"
"JH378130","4714660","4714966","chr3","20237905","20238212","42","15523245"
"JH378130","4848356","4848642","chr10","89371705","89371992","49","84523349"
"JH378130","5156556","5156858","chr20","87404408","87404710","49","82247852"
"JH378130","5159189","5159363","chr11","126322509","126322685","26","121163320"
"JH378130","5262946","5263263","chr1","65504304","65504612","35","60241358"
"JH378130","5265320","5265449","chr11","106843296","106843425","10","101577976"
"JH378130","5266483","5266626","chr22","87450041","87450185","16","82183558"
"JH378130","5299910","5300021","chr6","1067449","1067558","9","4232461"
"JH378130","5301225","5301311","chr1","39939684","39939788","24","34638459"
"JH378130","5468092","5468204","chr8","41035213","41035323","23","35567121"
"JH378130","5611575","5611885","chr23","44235597","44235893","51","38624022"
"JH378130","5695452","5695712","chr25","82379602","82379865","41","76684150"
"JH378130","5779963","5780267","chr4","30926814","30927112","34","25146851"
"JH378130","5971388","5971644","chr11","41864632","41864888","32","35893244"
"JH378130","5978365","5978661","chr15","51754493","51754791","36","45776128"
"JH378130","6000590","6000727","chr26","6591504","6591639","13","590914"
"JH378130","6036624","6036930","chr14","83371933","83372231","40","77335309"
"JH378130","6068902","6069202","chr20_KE148049v1_random","535731","536028","28","5533171"
"JH378130","6075135","6075434","chr21","3397950","3398247","49","2677185"
"JH378130","6153013","6153279","chr12","104444087","104444355","52","98291074"
"JH378130","6181552","6181863","chr16","30398852","30399159","34","24217300"
"JH378130","6227096","6227226","chr16","4500752","4500881","11","1726344"
"JH378130","6238060","6238339","chr23","45052808","45053089","37","38814748"
"JH378130","6294165","6294479","chr23","41434219","41434517","51","35140054"
"JH378130","6294481","6294769","chr20","108907026","108907317","45","102612545"
"JH378130","6315023","6315324","chr14","4101454","4101754","47","2213569"
"JH378130","6322630","6322943","chr3","20237905","20238212","35","13915275"
"JH378130","6370092","6370202","chr19","4737644","4737758","19","1632448"
"JH378130","6405064","6405342","chr1","54988752","54989030","47","48583688"
"JH378130","6410862","6411128","chr18","24872228","24872506","46","18461366"
"JH378130","6488461","6488766","chr8","39234290","39234591","38","32745829"
"JH378130","6530579","6530872","chr12","10064948","10065242","27","3534369"
"JH378130","6559203","6559468","chr1","121514606","121514867","45","114955403"
"JH378130","7000736","7001026","chr22","1439839","1440125","36","5560897"
"JH378130","7001758","7001998","chr16","17744000","17744246","39","10742242"
"JH378130","7041283","7041396","chr2","56143676","56143777","21","49102393"
"JH378130","7047680","7047808","chr9","104914491","104914619","17","97866811"
"JH378130","7086713","7086849","chr12","9377407","9377541","12","2290694"
"JH378130","7227250","7227557","chr22","87342134","87342444","37","80114884"
"JH378130","7289606","7289911","chr11","55020829","55021127","37","47731223"
"JH378130","7306316","7306611","chr8","95885898","95886192","41","88579582"
"JH378130","7318476","7318761","chr22","10940743","10941034","52","3622267"
"JH378130","7330765","7331059","chr22","20715207","20715496","38","13384442"
"JH378130","7340943","7341245","chr18","60673223","60673524","38","53332280"
"JH378130","7358415","7358698","chr14","39395532","39395811","42","32037117"
"JH378130","7364212","7364501","chr8","115068172","115068461","43","107703960"
"JH378130","7389646","7389943","chrX","95460911","95461200","41","88071265"
"JH378130","7392965","7393141","chr9","77783876","77784052","25","70390911"
"JH378130","7407104","7407376","chr11","19611133","19611417","47","12204029"
"JH378130","7410130","7410425","chr12","10064948","10065242","27","2654818"
"JH378130","7502834","7503123","chr22","13698418","13698710","34","6195584"
"JH378130","7533664","7533969","chr19","25347288","25347585","51","17813624"
"JH378130","7537314","7537625","chr7","129942332","129942635","52","122405018"
"JH378130","7632017","7632325","chr26","24278477","24278782","35","16646460"
"JH378130","7639663","7639972","chr11","60148033","60148342","35","52508370"
"JH378130","7729673","7729878","chr2","41986599","41986802","24","34256926"
"JH378130","7745607","7745703","chr22","82220107","82220203","7","74474500"
"JH378130","7776862","7777158","chr12","8195857","8196154","43","418995"
"JH378130","7779145","7779435","chr20","75127208","75127485","57","67348063"
"JH378130","7848875","7848947","chr13","63031813","63031889","10","55182938"
"JH378130","7872143","7872438","chr20","92481976","92482271","36","84609833"
"JH378130","7978739","7979032","chr21","13790316","13790611","33","5811577"
"JH378130","7985410","7985534","chr15","90834689","90834810","11","82849279"
"JH378130","8000670","8000749","chr5","67880800","67880883","10","59880130"
"JH378130","8047047","8047352","chr18","9388916","9389224","49","1341869"
"JH378130","8053920","8053996","chr13","63031813","63031889","6","54977893"
"JH378130","8086091","8086384","chr15","48893872","48894165","39","40807781"
"JH378130","8105598","8105908","chr5","2273487","2273788","36","5832111"
"JH378130","8120421","8120733","chr2","34891557","34891863","35","26771136"
"JH378130","8198701","8198773","chr13","63031813","63031889","7","54833112"
"JH378130","8401055","8401358","chr12","10064948","10065242","29","1663893"
"JH378130","8438133","8438416","chr9","24652371","24652664","41","16214238"
"JH378130","8538724","8539027","chr22","18232920","18233227","42","9694196"
"JH378130","8616808","8617125","chr7","30645066","30645382","52","22028258"
"JH378130","8662383","8662678","chr13","65577132","65577425","27","56914749"
"JH378130","8709026","8709340","chr25","77313930","77314228","39","68604904"
"JH378130","8713921","8714196","chrX","1302529","1302805","38","7411392"
"JH378130","8743902","8744198","chr12","10064948","10065242","28","1321046"
"JH378130","8779497","8779793","chr8","52344592","52344885","31","43565095"
"JH378130","8786182","8786486","chr1","16060873","16061165","32","7274691"
"JH378130","9015937","9016233","chr21","66269520","66269815","40","57253583"
"JH378130","9051110","9051401","chr12","86044059","86044354","39","76992949"
"JH378130","9191087","9191370","chrX","29728141","29728425","49","20537054"
"JH378130","9227843","9228150","chr11","127481198","127481493","45","118253355"
"JH378130","9274670","9274974","chr21","98330604","98330913","40","89055934"
"JH378130","9393105","9393410","chr1","108565860","108566161","37","99172755"
"JH378130","9397394","9397671","chr8","94942905","94943180","37","85545511"
"JH378130","9398753","9399058","chr23","41434219","41434517","40","32035466"
"JH378130","9464107","9464413","chr11","120207458","120207761","36","110743351"
"JH378130","9534294","9534595","chr25","42838814","42839115","42","33304520"
"JH378130","9565991","9566299","chr3","77294257","77294565","45","67728266"
"JH378130","9607586","9607939","chr6","46662429","46662765","61","37054843"
"JH378130","9651393","9651715","chr12","49907171","49907495","51","40255778"
"JH378130","9682635","9682929","chr8","52344592","52344885","31","42661957"
"JH378130","9694209","9694348","chr3","90669571","90669712","13","80975362"
"JH378130","9834648","9834942","chrX","60987121","60987417","39","51152473"
"JH378130","9836765","9837080","chr10","88177543","88177855","43","78340778"
"JH378130","10036663","10036966","chr26","18927734","18928036","32","8891071"
"JH378130","10062620","10062899","chr1","18162340","18162615","44","8099720"
"JH378130","10101275","10101582","chr6","45935614","45935922","47","35834339"
"JH378130","10111767","10112069","chr8","36061210","36061506","40","25949443"
"JH378130","10207253","10207538","chr8","24209004","24209286","39","14001751"
"JH378130","10286610","10286920","chr1","65504304","65504612","31","55217694"
"JH378130","10481535","10481813","chr16","25134176","25134444","45","14652641"
"JH378130","10527356","10527653","chr20","101506461","101506755","43","90979105"
"JH378130","10578484","10578773","chr20","46550281","46550570","34","35971797"
"JH378130","10607562","10607879","chr1","65504304","65504612","33","54896742"
"JH378130","10646199","10646503","chr26","6059541","6059849","36","4586658"
"JH378130","10725330","10725619","chr1","10938341","10938635","43","213011"
"JH378130","10841277","10841372","chr22","82220107","82220203","5","71378830"
"JH378130","10909115","10909201","chr14","82610477","82610563","8","71701362"
"JH378130","10920440","10920748","chrX","62513903","62514213","39","51593463"
"JH378130","10938857","10938962","chr13","42116553","42116656","10","31177696"
"JH378130","10947275","10947565","chr16","30637924","30638212","38","19690649"
"JH378130","10981584","10981656","chr13","63031813","63031889","7","52050229"
"JH378130","10984116","10984422","chr8","40351555","40351858","39","29367439"
"JH378130","11001610","11001899","chrX","23977849","23978143","43","12976239"
"JH378130","11032053","11032369","chr2","34891557","34891863","44","23859504"
"JH378130","11048713","11049011","chr5","2273487","2273788","28","8775226"
"JH378130","11061072","11061374","chr12","10064948","10065242","32","996124"
"JH378130","11089550","11089837","chr25","73838548","73838836","39","62748998"
"JH378130","11096816","11096941","chr1","8688937","8689061","12","2407879"
"JH378130","11098150","11098384","chr9","106743255","106743488","28","95645105"
"JH378130","11119386","11119687","chr15","86758708","86759003","33","75639322"
"JH378130","11119700","11120008","chr12","74217361","74217667","31","63097661"
"JH378130","11125432","11125737","chrX","13647323","13647630","46","2521891"
"JH378130","11129505","11129807","chr13","37187484","37187783","35","26057979"
"JH378130","11139581","11139675","chr19","23494523","23494608","20","12354942"
"JH378130","11142932","11143081","chr24","12006231","12006380","14","863299"
"JH378130","11176617","11176725","chr6","1067449","1067558","13","10109168"
"JH378130","11178297","11178506","chr17","58619356","58619558","27","47441059"
"JH378130","11186486","11186591","chr1","39939684","39939788","12","28753198"
"JH378130","11202609","11202930","chr11","84795218","84795524","42","73592609"
"JH378130","11209265","11209558","chr21","109623295","109623590","39","98414030"
"JH378130","11287373","11287670","chr19","2741948","2742230","54","8545425"
"JH378130","11289753","11290056","chr19","8146510","8146808","37","3143243"
"JH378130","11321594","11321883","chr25","73312027","73312311","43","61990433"
"JH378130","11322907","11323037","chr19","5294457","5294586","18","6028450"
"JH378130","11324031","11324213","chr2","9831889","9832066","28","1492142"
"JH378130","11407876","11407963","chr16","4405728","4405812","10","7002148"
"JH378130","11433710","11433979","chr13","90277401","90277674","37","78843691"
"JH378130","11523812","11524049","chr24","38336411","38336647","42","26812599"
"JH378130","11554838","11554923","chr16","4405728","4405812","7","7149110"
"JH378130","11681025","11681138","chr15","90834689","90834810","18","79153664"
"JH378130","11761000","11761309","chr22","18232920","18233227","44","6471920"
"JH378130","11772354","11772646","chr14","80284365","80284655","45","68512011"
"JH378130","11802461","11802742","chr9","93903244","93903516","43","82100783"
"JH378130","11842521","11842795","chr10","127495198","127495486","44","115652677"
"JH378130","11847379","11847524","chr3","90669571","90669712","15","78822192"
"JH378130","11876891","11877187","chr12","10064948","10065242","27","1811943"
"JH378130","11920865","11921157","chr5","59378793","59379083","46","47457928"
"JH378130","11937184","11937491","chr10","122310682","122310986","40","110373498"
"JH378130","12067437","12067731","chr17","69474406","69474701","43","57406969"
"JH378130","12107264","12107572","chr19","9467262","9467569","45","2640002"
"JH378130","12113318","12113438","chr15","90834689","90834810","13","78721371"
"JH378130","12165642","12165932","chr9","56910898","56911189","56","44745256"
"JH378130","12190619","12190769","chr9","59130238","59130387","14","46939619"
"JH378130","12217846","12218147","chr12","106807603","106807904","42","94589757"
"JH378130","12227607","12227899","chr13","65577132","65577425","35","53349525"
"JH378130","12275253","12275562","chr14","18383551","18383859","45","6108298"
"JH378130","12312068","12312207","chr3","90669571","90669712","16","78357503"
"JH378130","12365940","12366204","chr9","92500633","92500888","43","80134693"
"JH378130","12424123","12424220","chr22","82220107","82220203","11","69795984"
"JH378130","12450899","12451193","chr10","87911378","87911678","36","75460479"
"JH378130","12458187","12458496","chr8","21723645","21723942","55","9265458"
"JH378130","12474717","12475003","chr5","1720771","1721058","41","10753946"
"JH378130","12675567","12675641","chr13","63031813","63031889","9","50356246"
"JH378130","12688407","12688632","chr11","126175108","126175340","30","113486701"
"JH378130","12696034","12696224","chr12","106587426","106587613","30","93891392"
"JH378130","12775825","12776132","chr11","115525233","115525542","32","102749408"
"JH378130","12778195","12778502","chr1","64173453","64173756","61","51395258"
"JH378130","12805116","12805378","chr12","91770803","91771053","42","78965687"
"JH378130","12822549","12822830","chr3","38369292","38369574","47","25546743"
"JH378130","12919351","12919640","chr12","10064948","10065242","30","2854403"
"JH378130","12930393","12930522","chr3","91348390","91348521","11","78417997"
"JH378130","12962328","12962639","chr2","34891557","34891863","39","21929229"
"JH378130","13015917","13016261","chr20","96800606","96800937","67","83784689"
"JH378130","13055215","13055525","chr26","38024857","38025165","33","24969642"
"JH378130","13077606","13077912","chr11","84795218","84795524","41","71717612"
"JH378130","13135882","13136153","chr25","73791320","73791585","36","60655438"
"JH378130","13153210","13153306","chr22","82220107","82220203","17","69066897"
"JH378130","13153504","13153716","chr24","48536982","48537195","35","35383478"
"JH378130","13178587","13178884","chr9","26534849","26535143","46","13356262"
"JH378130","13186222","13186534","chr2","20242750","20243052","44","7056528"
"JH378130","13239860","13240088","chr23","42110057","42110277","30","28870197"
"JH378130","13412394","13412691","chr28","4550302","4550608","50","8862092"
"JH378130","13595148","13595456","chr12","24854834","24855139","46","11259686"
"JH378130","13701578","13701655","chr13","63031813","63031889","7","49330235"
"JH378130","13809893","13810198","chr23","80713034","80713332","41","66903141"
"JH378130","13829313","13829606","chr15","4673841","4674130","37","9155472"
"JH378130","13842295","13842599","chr5","2273487","2273788","32","11568808"
"JH378130","13867119","13867421","chr6","29861707","29862004","36","15994588"
"JH378130","13890092","13890204","chrX","119966559","119966672","13","106076467"
"JH378130","13896295","13896605","chr2","43185063","43185371","37","29288768"
"JH378130","13928035","13928309","chr11","12774928","12775192","37","1153107"
"JH378130","13972143","13972426","chr16","63652876","63653158","39","49680733"
"JH378130","14024865","14024989","chrX","7665538","7665663","13","6359327"
"JH378130","14039606","14039905","chr14","83371933","83372231","43","69332327"
"JH378130","14041035","14041323","chr1","46097960","46098251","47","32056925"
"JH378130","14041647","14041966","chr10","50060065","50060379","53","36018418"
"JH378130","14052518","14052806","chr19","20745060","20745345","45","6692542"
"JH378130","14103061","14103364","chr23","41434219","41434517","32","27331158"
"JH378130","14118939","14119230","chr14","83371933","83372231","38","69252994"
"JH378130","14146504","14146811","chr1","121870683","121870990","34","107724179"
"JH378130","14155341","14155639","chr15","24382605","24382905","48","10227264"
"JH378130","14175520","14175766","chr24","44013560","44013804","48","29838040"
"JH378130","14193247","14193532","chr1","69161184","69161465","44","54967937"
"JH378130","14210606","14210911","chr16","70747010","70747310","43","56536404"
"JH378130","14216234","14216479","chr9","49235195","49235441","32","35018961"
"JH378130","14218568","14218811","chr11","60455118","60455363","47","46236550"
"JH378130","14226286","14226589","chr11","58110010","58110310","49","43883724"
"JH378130","14317525","14317817","chr2","22390377","22390668","28","8072852"
"JH378130","14344164","14344270","chr1","62097932","62098038","15","47753768"
"JH378130","14345572","14345661","chr19","7758593","7758681","9","6586979"
"JH378130","14353535","14353845","chr17","14754830","14755138","34","401295"
"JH378130","14369704","14369987","chr21","47329418","47329697","40","32959714"
"JH378130","14417608","14417917","chr14","83371933","83372231","40","68954325"
"JH378130","14459769","14460051","chr25","74240319","74240606","49","59780550"
"JH378130","14472905","14473212","chr1","65504304","65504612","33","51031399"
"JH378130","14688485","14688798","chr4","67295812","67296124","46","52607327"
"JH378130","14787924","14788203","chr9","114015180","114015455","37","99227256"
"JH378130","15011473","15011785","chr11","115525233","115525542","33","100513760"
"JH378130","15052544","15052815","chr9","104139191","104139453","40","89086647"
"JH378130","15284991","15285279","chr9","87536800","87537086","37","72251809"
"JH378130","15288379","15288640","chr28","14087109","14087364","42","1201270"
"JH378130","15459273","15459422","chr9","59130238","59130387","17","43670965"
"JH378130","15514570","15514854","chr5","42662951","42663235","30","27148381"
"JH378130","15528872","15528949","chr13","63031813","63031889","8","47502941"
"JH378130","15563062","15563371","chr24","74842667","74842971","46","59279605"
"JH378130","15597926","15598249","chr5","2324242","2324550","44","13273684"
"JH378130","15648613","15648878","chr15","3975852","3976110","40","11672761"
"JH378130","15702192","15702479","chr5","65662303","65662590","36","49960111"
"JH378130","15897353","15897664","chr1","65504304","65504612","33","49606951"
"JH378130","15926864","15926982","chr15","53595698","53595816","12","37668834"
"JH378130","15955043","15955355","chr1","65504304","65504612","34","49549261"
"JH378130","15998466","15998750","chr9","28771476","28771762","38","12773010"
"JH378130","16013150","16013230","chr5","67880800","67880883","10","51867650"
"JH378130","16093958","16094096","chr3","90669571","90669712","14","74575613"
"JH378130","16107406","16107502","chr22","82220107","82220203","8","66112701"
"JH378130","16135408","16135507","chr22","82220107","82220203","9","66084699"
"JH378130","16141398","16141698","chr1","26491346","26491637","50","10349948"
"JH378130","16149750","16149880","chr3","91348390","91348521","10","75198640"
"JH378130","16154217","16154516","chr26","18927734","18928036","36","2773517"
"JH378130","16266705","16266869","chr9","85564984","85565140","30","69298279"
"JH378130","16524762","16525053","chrX","22171201","22171487","46","5646439"
"JH378130","16542989","16543279","chr6","38582923","38583209","43","22039934"
"JH378130","16554688","16554998","chr5","27918350","27918656","31","11363662"
"JH378130","16581991","16582297","chr1","22799869","22800176","39","6217878"
"JH378130","16595060","16595370","chr26","16855091","16855398","41","260031"
"JH378130","16663886","16664195","chr15","76846074","76846380","50","60182188"
"JH378130","16675808","16676084","chr15","90917380","90917656","46","74241572"
"JH378130","16762831","16763052","chr13","7317370","7317589","31","9445461"
"JH378130","16764125","16764413","chr11","47164289","47164580","40","30400164"
"JH378130","16789225","16789348","chr20","20852752","20852882","21","4063527"
"JH378130","16799379","16799690","chr2","25122492","25122796","45","8323113"
"JH378130","16816726","16817019","chr6","48913632","48913921","40","32096906"
"JH378130","16871932","16872235","chr16","33182065","33182368","39","16310133"
"JH378130","16892959","16893267","chr16","33178385","33178692","42","16285426"
"JH378130","16898307","16898625","chr1","108565860","108566161","50","91667553"
"JH378130","16915489","16915786","chr12","10064948","10065242","27","6850541"
"JH378130","16941310","16941492","chr25","60389624","60389807","41","43448314"
"JH378130","17026591","17026851","chr16","68347000","68347257","38","51320409"
"JH378130","17057280","17057582","chr26","18927734","18928036","33","1870454"
"JH378130","17105928","17106232","chr1","46712446","46712753","45","29606518"
"JH378130","17149181","17149522","chr14","46171515","46171849","42","29022334"
"JH378130","17180307","17180626","chr5","36774379","36774687","40","19594072"
"JH378130","17214948","17215078","chr3","91348390","91348521","12","74133442"
"JH378130","17215845","17215935","chr3","65349691","65349782","11","48133846"
"JH378130","17353849","17354137","chr5","42662951","42663235","34","25309102"
"JH378130","17382141","17382427","chr6","48913632","48913921","45","31531491"
"JH378130","17481346","17481477","chr26","51763308","51763408","40","34281962"
"JH378130","17521761","17522070","chr5","2273487","2273788","34","15248274"
"JH378130","17553389","17553696","chr12","10064948","10065242","42","7488441"
"JH378130","17613888","17614178","chr21","98632427","98632705","49","81018539"
"JH378130","17657040","17657342","chr1","10803268","10803561","42","6853772"
"JH378130","17708757","17708840","chr5","67880800","67880883","6","50172043"
"JH378130","17752269","17752564","chr17","69092086","69092383","44","51339817"
"JH378130","17799038","17799314","chr12","87620481","87620757","38","69821443"
"JH378130","18020635","18020925","chr20","121618255","121618545","32","103597620"
"JH378130","18038999","18039239","chr20","87219787","87220022","27","69180788"
"JH378130","18088197","18088279","chr7","47061540","47061622","13","28973343"
"JH378130","18138838","18139127","chr26","36103659","36103942","38","17964821"
"JH378130","18315257","18315360","chrX","2017984","2018087","9","16297273"
"JH378130","18325221","18325522","chr28","16165976","16166267","41","2159245"
"JH378130","18371786","18372112","chr6","36184281","36184603","39","17812495"
"JH378130","18513884","18514181","chrX","12835816","12836103","51","5678068"
"JH378130","18588681","18588962","chr9","87675035","87675319","35","69086354"
"JH378130","18589333","18589482","chr15","72330956","72331107","23","53741623"
"JH378130","18738525","18738796","chr1","79942747","79943013","42","61204222"
"JH378130","18766576","18766724","chr9","59130238","59130387","14","40363662"
"JH378130","18841434","18841726","chr6","46241899","46242187","45","27400465"
"JH378130","18844383","18844678","chr9","90943231","90943523","32","72098848"
"JH378130","18889471","18889760","chr1","74384612","74384899","36","55495141"
"JH378130","18920003","18920152","chrX","128768607","128768755","15","109848604"
"JH378130","18923992","18924064","chr13","63031813","63031889","10","44107821"
"JH378130","18926331","18926648","chr25","82475260","82475565","40","63548929"
"JH378130","18991917","18992021","chr1","39939684","39939788","10","20947767"
"JH378130","19011180","19011473","chr9","39095858","39096151","37","20084678"
"JH378130","19017562","19017867","chr26","16855091","16855398","34","2162471"
"JH378130","19018118","19018381","chr29","13153533","13153792","39","5864585"
"JH378130","19077973","19078270","chr12","10064948","10065242","31","9013025"
"JH378130","19138084","19138398","chr1","65504304","65504612","37","46366220"
"JH378130","19183604","19183898","chr12","10064948","10065242","34","9118656"
"JH378130","19252244","19252323","chr16","4405728","4405812","9","14846516"
"JH378130","19450427","19450717","chr9","93627438","93627726","49","74177011"
"JH378130","19642577","19642889","chr11","20333718","20334026","38","691141"
"JH378130","19676015","19676288","chr11","19611133","19611417","44","64882"
"JH378130","19877550","19877806","chrX","91081140","91081393","40","71203590"
"JH378130","19925334","19925652","chr10","12006602","12006915","41","7918732"
"JH378130","19953350","19953664","chr10","47669467","47669767","41","27716117"
"JH378130","19974053","19974273","chr9","104853321","104853537","37","84879268"
"JH378130","19988748","19989040","chr17","11389361","11389657","41","8599387"
"JH378130","20004247","20004323","chr13","63031813","63031889","5","43027566"
"JH378130","20190813","20191107","chr21","25123896","25124189","51","4933083"
"JH378130","20286100","20286189","chr16","4405728","4405812","13","15880372"
"JH378130","20312771","20313073","chrX","43732639","43732942","50","23419868"
"JH378130","20351080","20351181","chr27","25501361","25501473","30","5150281"
"JH378130","20354282","20354586","chr18","31540660","31540966","42","11186378"
"JH378130","20422976","20423279","chr21","31027424","31027726","39","10604448"
"JH378130","20439776","20440074","chr10","90402340","90402635","37","69962564"
"JH378130","20440459","20440759","chr2","57111387","57111678","36","36670928"
"JH378130","20444968","20445258","chrX","23977849","23978143","27","3532881"
"JH378130","20503521","20503818","chrX","23977849","23978143","37","3474328"
"JH378130","20505412","20505716","chr14","3307027","3307330","42","17198385"
"JH378130","20516383","20516676","chr20","87404408","87404710","46","66888025"
"JH378130","20553873","20554139","chr17","53320376","53320642","42","32766503"
"JH378130","20638704","20638958","chr6","38291436","38291692","39","17652732"
"JH378130","20647593","20647882","chr14","236239","236531","36","20411354"
"JH378130","20669639","20669940","chr14","79729598","79729899","26","59059959"
"JH378130","20681528","20681837","chr5","64637755","64638059","37","43956227"
"JH378130","20684426","20684736","chr8","114583053","114583349","51","93898627"
"JH378130","20692935","20693222","chr4","22964909","22965182","45","2271974"
"JH378130","20693249","20693543","chr8","8298278","8298571","41","12394971"
"JH378130","20718834","20719099","chr8","132346365","132346635","35","111627531"
"JH378130","20729166","20729391","chr8","94927525","94927744","43","74198359"
"JH378130","20737879","20738183","chr16","30398852","30399159","31","9660973"
"JH378130","20796853","20797098","chr15","84223621","84223860","37","63426768"
"JH378130","20896860","20897173","chr18","31540660","31540966","45","10643800"
"JH378130","20928021","20928329","chr20","2886301","2886610","44","18041720"
"JH378130","20950945","20951254","chr2","34891557","34891863","41","13940612"
"JH378130","21064839","21065133","chr8","108286640","108286933","45","87221801"
"JH378130","21107926","21108225","chr7","70016163","70016465","36","48908237"
"JH378130","21170743","21171047","chr2","25122492","25122796","37","3951749"
"JH378130","21261692","21262004","chr2","34891557","34891863","59","13629865"
"JH378130","21266941","21267223","chrX","44064777","44065058","36","22797836"
"JH378130","21330298","21330607","chr1","110696522","110696824","41","89366224"
"JH378130","21350809","21351117","chr14","83371933","83372231","42","62021124"
"JH378130","21564426","21564669","chr10","52997867","52998109","30","31433441"
"JH378130","21567435","21567725","chr22","50629443","50629736","47","29062008"
"JH378130","21693821","21694113","chr14","41748186","41748475","35","20054365"
"JH378130","21751187","21751470","chr12","18922571","18922865","48","2828616"
"JH378130","21788914","21789221","chr26","9300679","9300984","36","12488235"
"JH378130","21847833","21848100","chr4","13341175","13341445","48","8506658"
"JH378130","21902580","21902873","chr11","30826525","30826807","49","8923945"
"JH378130","21919717","21920000","chr22","9210691","9210967","50","12709026"
"JH378130","21944380","21944681","chr12","20425301","20425591","56","1519079"
"JH378130","21981169","21981462","chr15","86758708","86759003","38","64777539"
"JH378130","22044732","22045030","chr12","10064948","10065242","27","11979784"
"JH378130","22147280","22147357","chr10","95538249","95538325","7","73390969"
"JH378130","22315996","22316285","chr3","9525767","9526055","38","12790229"
"JH378130","22331890","22332020","chr16","4500752","4500881","15","17831138"
"JH378130","22404023","22404317","chr12","10064948","10065242","34","12339075"
"JH378130","22471518","22471808","chr5","42662951","42663235","41","20191433"
"JH378130","22501847","22502146","chr16","9673447","9673744","36","12828400"
"JH378130","22513594","22513663","chr28","14799270","14799340","6","7714324"
"JH378130","22619564","22619855","chr6","38424071","38424362","44","15804507"
"JH378130","22685710","22685933","chr23","42110057","42110277","34","19424347"
"JH378130","22701696","22702004","chr16","23423370","23423672","32","721674"
"JH378130","22806589","22806897","chr23","44247755","44248062","46","21441166"
"JH378130","22902998","22903286","chr12","103556575","103556864","33","80653577"
"JH378130","22958899","22959221","chr5","2324242","2324550","56","20634657"
"JH378130","23002804","23003111","chr29","8556711","8557016","41","14446093"
"JH378130","23004090","23004172","chr5","67880800","67880883","8","44876710"
"JH378130","23028441","23028724","chr15","53261244","53261520","46","30232803"
"JH378130","23061659","23061914","chr5","57856103","57856358","31","34794444"
"JH378130","23075357","23075430","chr13","63031813","63031889","13","39956456"
"JH378130","23077040","23077167","chr16","31737705","31737835","11","8660665"
"JH378130","23086249","23086552","chr8","96089866","96090170","41","73003617"
"JH378130","23100598","23100726","chr27","32448797","32448927","20","9348199"
"JH378130","23305221","23305529","chr6","16598509","16598818","29","6706712"
"JH378130","23329976","23330276","chrX","84956070","84956370","45","61626094"
"JH378130","23454100","23454407","chr12","74217361","74217667","31","50763261"
"JH378130","23464342","23464617","chr1","50359254","50359531","34","26894912"
"JH378130","23502021","23502317","chr9","16377313","16377609","47","7124708"
"JH378130","23507879","23508167","chr11","42115371","42115662","35","18607492"
"JH378130","23568420","23568705","chr5","41993964","41994244","56","18425544"
"JH378130","23569358","23569646","chr26","47987423","47987712","32","24418065"
"JH378130","23642632","23642936","chr17","28137789","28138092","40","4495157"
"JH378130","23682807","23682928","chr3","72385674","72385796","15","48702867"
"JH378130","23744978","23745265","chr5","20366749","20367033","40","3378229"
"JH378130","23765888","23766201","chr13","84743392","84743699","38","60977504"
"JH378130","23800330","23800622","chr2","58670056","58670356","41","34869726"
"JH378130","23840319","23840617","chr1","53048749","53049051","34","29208430"
"JH378130","23851777","23852077","chr19","25347288","25347585","37","1495511"
"JH378130","23866860","23867163","chrX","125302543","125302844","31","101435683"
"JH378130","23872278","23872572","chr12","10064948","10065242","33","13807330"
"JH378130","23933653","23933957","chr18","44879897","44880198","39","20946244"
"JH378130","23991469","23991764","chr17","51638117","51638398","41","27646648"
"JH378130","24055397","24055735","chr16","52975249","52975580","68","28919852"
"JH378130","24136535","24136841","chr11","120207458","120207761","33","96070923"
"JH378130","24234540","24234619","chr5","67880800","67880883","8","43646260"
"JH378130","24246875","24246960","chr22","82220107","82220203","14","57973232"
"JH378130","24270556","24270686","chr9","99766001","99766131","16","75495445"
"JH378130","24282203","24282491","chr7","25626075","25626364","43","1343872"
"JH378130","24287957","24288259","chr20","119900333","119900636","45","95612376"
"JH378130","24292784","24293058","chr21","117720786","117721061","35","93428002"
"JH378130","24296783","24296908","chr6","41901224","41901352","17","17604441"
"JH378130","24302987","24303266","chr5","26494257","26494539","43","2191270"
"JH378130","24306255","24306555","chr9","15425870","15426174","44","8880385"
"JH378130","24326006","24326299","chr11","64766459","64766749","46","40440453"
"JH378130","24357978","24358251","chr1","20971512","20971780","41","3386466"
"JH378130","24363016","24363299","chr25","56498862","56499159","58","32135846"
"JH378130","24368487","24368789","chr24","51004467","51004765","31","26635980"
"JH378130","24382963","24383225","chr14","82309362","82309629","38","57926399"
"JH378130","24384618","24384907","chr17","64819242","64819542","45","40434624"
"JH378131","18874120","18874417","chr12","10064948","10065242","28","8809172"
"JH378131","23723793","23724105","chr1","65504304","65504612","38","41780511"
"JH378131","1590","1897","chr5","13154183","13154488","36","13152593"
"JH378131","4846","4929","chr20","86496231","86496314","5","86491385"
"JH378131","10265","10408","chr6","7229588","7229731","15","7219323"
"JH378131","12252","12390","chr6","3375709","3375847","16","3363457"
"JH378131","12581","12688","chr6","1067449","1067558","8","1054868"
"JH378131","16391","16681","chr4","67444451","67444740","40","67428060"
"JH378131","17601","17902","chr12","10064948","10065242","34","10047347"
"JH378131","26794","27107","chr1","65504304","65504612","35","65477510"
"JH378131","32297","32595","chrX","25535579","25535875","34","25503282"
"JH378131","37904","37994","chr16","4405728","4405812","10","4367824"
"JH378131","51395","51460","chr11","19235944","19236012","11","19184549"
"JH378131","62271","62566","chr17","71351423","71351722","38","71289152"
"JH378131","64248","64378","chr3","91348390","91348521","14","91284142"
"JH378131","71484","71613","chr1","97802296","97802426","13","97730812"
"JH378131","72972","73079","chr6","5216779","5216886","8","5143807"
"JH378131","76897","77112","chr16","6238673","6238883","27","6161776"
"JH378131","79275","79391","chr15","4188304","4188417","22","4109029"
"JH378131","85920","86162","chr29","21769990","21770230","38","21684070"
"JH378131","122766","123055","chr21","28808454","28808741","37","28685688"
"JH378131","136320","136599","chr23","46545944","46546226","42","46409624"
"JH378131","136897","137167","chr9","92500633","92500888","48","92363736"
"JH378131","141931","142219","chr7","115304873","115305164","34","115162942"
"JH378131","164576","164875","chr13","65577132","65577425","32","65412556"
"JH378131","167374","167503","chr1","97802296","97802426","11","97634922"
"JH378131","180237","180540","chr12","10064948","10065242","32","9884711"
"JH378131","208408","208705","chr9","29697224","29697520","37","29488816"
"JH378131","212023","212315","chr12","10064948","10065242","31","9852925"
"JH378131","212365","212662","chr12","10064948","10065242","29","9852583"
"JH378131","214676","214919","chr2","31215084","31215325","32","31000408"
"JH378131","224131","224224","chr22","82220107","82220203","10","81995976"
"JH378131","225514","225768","chr17","29960106","29960356","36","29734592"
"JH378131","247377","247690","chr13","22834581","22834886","42","22587204"
"JH378131","247720","248022","chr6","32590825","32591128","49","32343105"
"JH378131","252091","252397","chr23","80808335","80808640","41","80556244"
"JH378131","280194","280422","chr13","7317370","7317589","34","7037176"
"JH378131","282811","283125","chr14","36954936","36955240","45","36672125"
"JH378131","290768","291078","chr1","65504304","65504612","37","65213536"
"JH378131","291389","291666","chr7","132429422","132429698","35","132138033"
"JH378131","303947","304245","chr21","22838763","22839060","38","22534816"
"JH378131","314694","314995","chr14","38813996","38814293","40","38499302"
"JH378131","320348","320658","chr9","119299436","119299742","44","118979088"
"JH378131","326995","327287","chr21","66269520","66269815","37","65942525"
"JH378131","328763","329072","chr9","34182892","34183200","33","33854129"
"JH378131","336893","337034","chr9","86109665","86109806","15","85772772"
"JH378131","339668","339969","chr10","104127514","104127810","42","103787846"
"JH378131","361999","362302","chr2","89357867","89358158","46","88995868"
"JH378131","374878","375188","chr11","115525233","115525542","34","115150355"
"JH378131","386713","387002","chr10","55224096","55224386","32","54837383"
"JH378131","411761","411866","chr1","39939684","39939788","10","39527923"
"JH378131","416352","416650","chr5","4142056","4142360","37","3725704"
"JH378131","423496","423795","chr12","10064948","10065242","24","9641452"
"JH378131","427986","428286","chr21","8441745","8442044","36","8013759"
"JH378131","429238","429543","chr10","2350876","2351174","48","1921638"
"JH378131","429598","429869","chr8","27815518","27815794","42","27385920"
"JH378131","460725","461013","chr20","7605671","7605957","51","7144946"
"JH378131","461642","461938","chr12","10064948","10065242","31","9603306"
"JH378131","501935","502239","chr6","11786883","11787187","37","11284948"
"JH378131","525352","525661","chr20_KE148049v1_random","1223455","1223749","48","698103"
"JH378131","526226","526522","chr2","14954130","14954422","41","14427904"
"JH378131","534047","534091","chr7","12287947","12287991","8","11753900"
"JH378131","535244","535335","chr20","8489737","8489826","16","7954493"
"JH378131","535795","536032","chr7","14065060","14065291","38","13529265"
"JH378131","543240","543529","chrX","23977849","23978143","33","23434609"
"JH378131","544470","544782","chr3","10033243","10033549","34","9488773"
"JH378131","546756","546886","chr3","91348390","91348521","10","90801634"
"JH378131","561163","561286","chr3","72385674","72385796","10","71824511"
"JH378131","562586","562675","chr19","7758593","7758681","12","7196007"
"JH378131","564903","565051","chr25","4297495","4297648","23","3732592"
"JH378131","565767","565813","chr7","30771070","30771116","4","30205303"
"JH378131","574621","574711","chr3","65349691","65349782","10","64775070"
"JH378131","584960","585042","chr5","67880800","67880883","8","67295840"
"JH378131","587565","587655","chr19","7758593","7758681","8","7171028"
"JH378131","593821","594110","chr8","104167104","104167395","35","103573283"
"JH378131","594430","594515","chr5","1829801","1829881","17","1235371"
"JH378131","594853","595138","chr8","52344592","52344885","43","51749739"
"JH378131","598591","598769","chr13","12236374","12236552","18","11637783"
"JH378131","604605","604692","chr16","4405728","4405812","10","3801123"
"JH378131","627616","627724","chr6","1067449","1067558","11","439833"
"JH378131","638936","639227","chr14","80284365","80284655","36","79645429"
"JH378131","652356","652651","chr21","75861886","75862178","32","75209530"
"JH378131","663261","663563","chrX","112439160","112439465","38","111775899"
"JH378131","688775","688923","chr24","12006231","12006380","14","11317456"
"JH378131","693512","693814","chr24","81711485","81711790","35","81017973"
"JH378131","705256","705521","chrX","112037324","112037590","40","111332068"
"JH378131","724059","724344","chrX","29936084","29936366","42","29212025"
"JH378131","724409","724681","chr20","80488123","80488397","34","79763714"
"JH378131","729717","730003","chr7","75749914","75750203","76","75020197"
"JH378131","741254","741449","chr12","79606132","79606326","31","78864878"
"JH378131","754078","754263","chr1","11673452","11673637","26","10919374"
"JH378131","766099","766397","chr12","10064948","10065242","29","9298849"
"JH378131","772368","772673","chr29","8278863","8279172","40","7506495"
"JH378131","774223","774531","chr12","94431712","94432016","39","93657489"
"JH378131","776597","776877","chr10","98871896","98872190","43","98095299"
"JH378131","812943","813239","chr22","66471801","66472101","45","65658858"
"JH378131","819424","819512","chr12","7441397","7441481","10","6621973"
"JH378131","830642","830942","chrX","23977849","23978143","44","23147207"
"JH378131","832008","832101","chr22","82220107","82220203","8","81388099"
"JH378131","849221","849531","chr5","2273487","2273788","34","1424266"
"JH378131","854996","855080","chr16","4405728","4405812","10","3550732"
"JH378131","856606","856756","chr9","59130238","59130387","12","58273632"
"JH378131","856763","856891","chr1","8688937","8689061","18","7832174"
"JH378131","866889","867169","chr22","9600661","9600931","41","8733772"
"JH378131","874139","874335","chr6","16017631","16017832","29","15143492"
"JH378131","923705","923994","chr7","19377767","19378060","45","18454062"
"JH378131","963844","964152","chr6","38437831","38438120","45","37473987"
"JH378131","972533","972623","chr3","65349691","65349782","10","64377158"
"JH378131","984504","984756","chr12","6401463","6401710","34","5416959"
"JH378131","994907","995207","chr14","33103010","33103314","48","32108103"
"JH378131","1000001","1000128","chr6","19249545","19249649","37","18249544"
"JH378131","1003694","1003824","chr1","97802296","97802426","18","96798602"
"JH378131","1028642","1028939","chr9","86640988","86641280","35","85612346"
"JH378131","1038012","1038319","chr8","66644262","66644564","36","65606250"
"JH378131","1053647","1053961","chr1","65504304","65504612","32","64450657"
"JH378131","1090912","1091140","chr6","2372111","2372337","29","1281199"
"JH378131","1099119","1099425","chrX","126082617","126082923","40","124983498"
"JH378131","1120386","1120658","chr11","107153610","107153896","50","106033224"
"JH378131","1121805","1122116","chr29","2740091","2740398","34","1618286"
"JH378131","1136032","1136115","chr5","67880800","67880883","7","66744768"
"JH378131","1141715","1142025","chrX","44976189","44976495","34","43834474"
"JH378131","1168629","1168926","chr20","95182312","95182607","34","94013683"
"JH378131","1178483","1178559","chr13","63031813","63031889","9","61853330"
"JH378131","1190340","1190638","chr1","103415790","103416081","41","102225450"
"JH378131","1204482","1204777","chr21","108991689","108991988","44","107787207"
"JH378131","1237345","1237635","chr16","18276179","18276459","34","17038834"
"JH378131","1261645","1261929","chrX","50681921","50682211","46","49420276"
"JH378131","1297221","1297505","chr18","71309352","71309642","37","70012131"
"JH378131","1303510","1303681","chr24","28513654","28513827","33","27210144"
"JH378131","1316089","1316178","chr20","8489737","8489826","13","7173648"
"JH378131","1323843","1324154","chr27","22888845","22889148","50","21565002"
"JH378131","1359011","1359332","chr26","16008721","16009029","41","14649710"
"JH378131","1371960","1372275","chr23","80703058","80703366","58","79331098"
"JH378131","1381825","1382125","chr20","103802947","103803237","40","102421122"
"JH378131","1387383","1387638","chrX","68948097","68948354","29","67560714"
"JH378131","1478032","1478353","chrX","20007345","20007662","54","18529313"
"JH378131","1480011","1480292","chr16","30637924","30638212","41","29157913"
"JH378131","1483874","1484129","chrX","98016976","98017229","25","96533102"
"JH378131","1516503","1516811","chr14","83570862","83571166","30","82054359"
"JH378131","1543189","1543475","chr5","52368103","52368393","38","50824914"
"JH378131","1562255","1562554","chrX","92294937","92295232","34","90732682"
"JH378131","1597677","1597793","chr20","115102100","115102215","14","113504423"
"JH378131","1608102","1608405","chr15","5036234","5036539","35","3428132"
"JH378131","1625303","1625604","chr9","96314869","96315163","35","94689566"
"JH378131","1680030","1680327","chr6","4113565","4113862","35","2433535"
"JH378131","1682594","1682889","chr23","42009460","42009759","42","40326866"
"JH378131","1687430","1687646","chr16","6238673","6238883","29","4551243"
"JH378131","1689315","1689418","chrX","2017984","2018087","9","328669"
"JH378131","1697109","1697235","chr3","72385674","72385796","18","70688565"
"JH378131","1716841","1717124","chr1","19103472","19103757","43","17386631"
"JH378131","1719716","1719790","chr13","63031813","63031889","8","61312097"
"JH378131","1731686","1731987","chr24","1147887","1148184","34","583799"
"JH378131","1737910","1738199","chr11","42115371","42115662","42","40377461"
"JH378131","1744865","1745096","chr11","126175108","126175340","29","124430243"
"JH378131","1755785","1756072","chr14","41748186","41748475","34","39992401"
"JH378131","1775190","1775326","chr26","6591504","6591639","8","4816314"
"JH378131","1783881","1784160","chr24","27282254","27282545","47","25498373"
"JH378131","1795935","1796039","chr1","39939684","39939788","10","38143749"
"JH378131","1831899","1832028","chr27","32448797","32448927","11","30616898"
"JH378131","1835507","1835802","chr23","35045928","35046223","32","33210421"
"JH378131","1859425","1859735","chr2","35933723","35934028","39","34074298"
"JH378131","1867677","1867945","chr10","90102153","90102431","56","88234476"
"JH378131","1876988","1877290","chr15","47965092","47965388","38","46088104"
"JH378131","1881757","1882045","chr19","22892545","22892830","38","21010788"
"JH378131","1900887","1901188","chr12","10064948","10065242","37","8164061"
"JH378131","1927428","1927724","chr8","52344592","52344885","36","50417164"
"JH378131","1944324","1944502","chr20","118734823","118734994","24","116790499"
"JH378131","1957738","1957838","chr22","82220107","82220203","14","80262369"
"JH378131","1958817","1959014","chr12","92610890","92611076","52","90652073"
"JH378131","1969111","1969187","chr13","63031813","63031889","8","61062702"
"JH378131","1970171","1970252","chr4","11929707","11929771","25","9959536"
"JH378131","2025718","2026004","chr3","19154026","19154319","40","17128308"
"JH378131","2029170","2029457","chr16","33416762","33417049","45","31387592"
"JH378131","2033773","2034076","chr5","2273487","2273788","38","239714"
"JH378131","2039842","2039955","chr6","1067449","1067558","15","972393"
"JH378131","2043402","2043702","chr26","26157512","26157808","43","24114110"
"JH378131","2052659","2052964","chr16","23423370","23423672","38","21370711"
"JH378131","2063355","2063602","chr16","3856891","3857138","42","1793536"
"JH378131","2076300","2076577","chr2","34541558","34541838","43","32465258"
"JH378131","2077972","2078265","chr24","45239751","45240045","38","43161779"
"JH378131","2081813","2082090","chr25","67717227","67717499","42","65635414"
"JH378131","2088778","2089093","chr11","20333718","20334026","48","18244940"
"JH378131","2089930","2090049","chr6","44144914","44145033","12","42054984"
"JH378131","2124878","2125165","chrX","95460911","95461200","38","93336033"
"JH378131","2130458","2130761","chrX","82159275","82159580","37","80028817"
"JH378131","2132548","2132849","chr23","41434219","41434517","34","39301671"
"JH378131","2140268","2140579","chr12","74217361","74217667","33","72077093"
"JH378131","2141996","2142294","chr13","14614965","14615259","42","12472969"
"JH378131","2158573","2158862","chr11","110576874","110577157","48","108418301"
"JH378131","2166412","2166712","chr12","10064948","10065242","31","7898536"
"JH378131","2219171","2219437","chr21","102480056","102480324","32","100260885"
"JH378131","2225498","2225801","chr6","4113565","4113862","40","1888067"
"JH378131","2232724","2233029","chr1","103102037","103102339","41","100869313"
"JH378131","2242017","2242319","chr14","36083374","36083673","38","33841357"
"JH378131","2247118","2247358","chr10","118182665","118182918","42","115935547"
"JH378131","2256053","2256358","chrX","1226626","1226926","36","1029427"
"JH378131","2271909","2272217","chr5","2273487","2273788","37","1578"
"JH378131","2278565","2278876","chr1","65504304","65504612","28","63225739"
"JH378131","2281098","2281387","chr2","35274012","35274304","54","32992914"
"JH378131","2330937","2331219","chr28","13973057","13973343","46","11642120"
"JH378131","2343686","2344002","chr2","56143790","56144095","42","53800104"
"JH378131","2349839","2349982","chr10","93481394","93481538","28","91131555"
"JH378131","2378136","2378428","chr1","103415790","103416081","28","101037654"
"JH378131","2414956","2415032","chr13","63031813","63031889","7","60616857"
"JH378131","2439789","2440099","chr11","39925991","39926286","62","37486202"
"JH378131","2442130","2442459","chr3","58328493","58328814","46","55886363"
"JH378131","2444377","2444687","chrX","28194989","28195297","55","25750612"
"JH378131","2516056","2516358","chr10","37907569","37907871","46","35391513"
"JH378131","2569944","2570246","chr17","40463253","40463550","53","37893309"
"JH378131","2587223","2587531","chr21","113454630","113454934","40","110867407"
"JH378131","2594172","2594481","chr16","30398852","30399159","34","27804680"
"JH378131","2649681","2649987","chrX","125302543","125302844","32","122652862"
"JH378131","2658062","2658293","chr11","126175108","126175340","27","123517046"
"JH378131","2665079","2665351","chr6","16578014","16578293","55","13912935"
"JH378131","2720213","2720512","chr26","38768574","38768870","39","36048361"
"JH378131","2724761","2725056","chr8","52344592","52344885","37","49619831"
"JH378131","2727704","2727985","chr10","58797958","58798243","37","56070254"
"JH378131","2741212","2741510","chr12","6781553","6781865","124","4040341"
"JH378131","2746515","2746826","chr11","51930789","51931091","44","49184274"
"JH378131","2747092","2747389","chr10","8909912","8910203","43","6162820"
"JH378131","2748885","2749136","chr4","41989352","41989604","41","39240467"
"JH378131","2749226","2749532","chr3","53957532","53957836","44","51208306"
"JH378131","2756636","2756948","chr23","44247755","44248062","41","41491119"
"JH378131","2764322","2764608","chr12","105972284","105972572","41","103207962"
"JH378131","2797203","2797500","chr9","113888497","113888793","42","111091294"
"JH378131","2822498","2822706","chr4","53346339","53346552","35","50523841"
"JH378131","2829431","2829729","chr26","26157512","26157808","46","23328081"
"JH378131","2903018","2903308","chr9","55812466","55812757","38","52909448"
"JH378131","2961030","2961280","chr16","56478278","56478518","44","53517248"
"JH378131","2969316","2969539","chr13","7317370","7317589","30","4348054"
"JH378131","2983551","2983841","chr28","9647706","9647995","51","6664155"
"JH378131","3000607","3000714","chr17","40217264","40217370","12","37216657"
"JH378131","3035980","3036134","chr26","24641498","24641647","27","21605518"
"JH378131","3045298","3045415","chr4","60395666","60395783","14","57350368"
"JH378131","3073979","3074288","chr25","28319618","28319927","46","25245639"
"JH378131","3161336","3161642","chr5","33074148","33074451","36","29912812"
"JH378131","3173559","3173827","chr10","102632008","102632285","49","99458449"
"JH378131","3194180","3194485","chrX","17246394","17246689","50","14052214"
"JH378131","3208116","3208418","chr5","2273487","2273788","40","934629"
"JH378131","3227890","3228169","chr28","19249070","19249347","51","16021180"
"JH378131","3253729","3254030","chr21","74368618","74368909","34","71114889"
"JH378131","3275424","3275722","chr8","44530508","44530794","39","41255084"
"JH378131","3278633","3278709","chr13","63031813","63031889","8","59753180"
"JH378131","3314278","3314590","chr2","20242750","20243052","40","16928472"
"JH378131","3341119","3341384","chr24","73585240","73585507","30","70244121"
"JH378131","3344596","3344897","chr2","10204715","10205019","46","6860119"
"JH378131","3418949","3419244","chr8","119144775","119145069","30","115725826"
"JH378131","3431481","3431783","chr5","2273487","2273788","32","1157994"
"JH378131","3490938","3491218","chr5","19227235","19227515","38","15736297"
"JH378131","3507185","3507481","chr20","51912290","51912584","40","48405105"
"JH378131","3513163","3513442","chr7","134662977","134663252","48","131149814"
"JH378131","3549120","3549420","chr20","113550217","113550515","39","110001097"
"JH378131","3636577","3636870","chr13","65577132","65577425","43","61940555"
"JH378131","3662596","3662777","chr11","106130585","106130765","17","102467989"
"JH378131","3678370","3678442","chr17","40314853","40314924","12","36636483"
"JH378131","3678446","3678700","chr16","58425585","58425837","36","54747139"
"JH378131","3735082","3735366","chr20","46550281","46550570","45","42815199"
"JH378131","3768037","3768326","chr9","78752005","78752301","48","74983968"
"JH378131","3770357","3770455","chr22","82220107","82220203","7","78449750"
"JH378131","3779187","3779469","chr22","5608441","5608728","35","1829254"
"JH378131","3810441","3810744","chr11","115525233","115525542","42","111714792"
"JH378131","3815945","3816092","chr14","95391963","95392104","25","91576018"
"JH378131","3816097","3816401","chr16","30398852","30399159","45","26582755"
"JH378131","3904538","3904829","chr13","84245390","84245681","36","80340852"
"JH378131","3927676","3927994","chr6","15953108","15953417","45","12025432"
"JH378131","3986480","3986735","chr4","78469603","78469848","40","74483123"
"JH378131","3988359","3988631","chr23","74701091","74701369","61","70712732"
"JH378131","4042542","4042791","chr29","12411847","12412100","29","8369305"
"JH378131","4048899","4048981","chr5","67880800","67880883","5","63831901"
"JH378131","4086744","4087032","chr9","19449982","19450259","50","15363238"
"JH378131","4164434","4164723","chr4","16826184","16826472","52","12661750"
"JH378131","4316807","4316942","chr26","6591504","6591639","15","2274697"
"JH378131","4335736","4336042","chr2","42952836","42953140","39","38617100"
"JH378131","4336690","4336998","chr11","115525233","115525542","31","111188543"
"JH378131","4465283","4465564","chrX","49809048","49809324","39","45343765"
"JH378131","4517936","4518233","chr22","15477531","15477829","35","10959595"
"JH378131","4531646","4531939","chr12","10064948","10065242","26","5533302"
"JH378131","4540128","4540422","chr10","8909912","8910203","31","4369784"
"JH378131","4552690","4552776","chr14","82610477","82610563","9","78057787"
"JH378131","4578112","4578417","chr12","74716502","74716795","43","70138390"
"JH378131","4580345","4580644","chr10","111637485","111637783","28","107057140"
"JH378131","4592977","4593066","chr16","4405728","4405812","12","187249"
"JH378131","4662158","4662280","chr1","8688937","8689061","14","4026779"
"JH378131","4690471","4690761","chr16","13074247","13074536","37","8383776"
"JH378131","4691276","4691529","chr4","41989352","41989604","34","37298076"
"JH378131","4733376","4733654","chr5","21193983","21194260","45","16460607"
"JH378131","4759507","4759808","chr18","56208944","56209251","33","51449437"
"JH378131","4801789","4802091","chr12","38899599","38899887","50","34097810"
"JH378131","4810945","4811243","chr12","10064948","10065242","31","5254003"
"JH378131","4830030","4830303","chr9","30416228","30416495","36","25586198"
"JH378131","4833483","4833592","chr17","40217264","40217370","10","35383781"
"JH378131","4835423","4835537","chr13","61112232","61112346","11","56276809"
"JH378131","4845688","4845998","chr22","2509630","2509937","31","2336058"
"JH378131","4847337","4847413","chr13","63031813","63031889","7","58184476"
"JH378131","4848458","4848750","chr14","37615851","37616147","30","32767393"
"JH378131","4863990","4864291","chr20","96210594","96210893","38","91346604"
"JH378131","4872765","4873048","chr13","83084677","83084970","37","78211912"
"JH378131","4889060","4889144","chr5","67880800","67880883","6","62991740"
"JH378131","4889439","4889671","chr28","18355531","18355757","31","13466092"
"JH378131","4899990","4900279","chr6","9445783","9446070","36","4545793"
"JH378131","4910662","4910972","chr4","50290090","50290388","43","45379428"
"JH378131","4937646","4937924","chr14","79801787","79802070","35","74864141"
"JH378131","4951553","4951756","chr11","96721458","96721661","32","91769905"
"JH378131","4963836","4964119","chrX","86312241","86312522","40","81348405"
"JH378131","5148277","5148559","chr4","50225644","50225922","31","45077367"
"JH378131","5155563","5155867","chr14","36991957","36992258","38","31836394"
"JH378131","5219103","5219178","chr13","63031813","63031889","6","57812710"
"JH378131","5255885","5256175","chrX","104601258","104601549","31","99345373"
"JH378131","5347100","5347410","chr6","34093206","34093508","46","28746106"
"JH378131","5387352","5387663","chr1","68219231","68219530","44","62831879"
"JH378131","5401005","5401301","chr12","58820917","58821209","46","53419912"
"JH378131","5407948","5408234","chr11","104323668","104323955","41","98915720"
"JH378131","5410800","5411102","chr15","3702894","3703194","41","1707906"
"JH378131","5461929","5462245","chr11","115525233","115525542","47","110063304"
"JH378131","5482463","5482767","chr7","30678842","30679135","35","25196379"
"JH378131","5533314","5533390","chr13","63031813","63031889","6","57498499"
"JH378131","5586094","5586428","chr14","96204689","96205021","45","90618595"
"JH378131","5598006","5598305","chr24","51032663","51032946","46","45434657"
"JH378131","5608051","5608319","chr4","67341451","67341711","37","61733400"
"JH378131","5622416","5622534","chr10","119375206","119375334","21","113752790"
"JH378131","5625075","5625181","chr4","60395666","60395783","20","54770591"
"JH378131","5625581","5625666","chr16","4405728","4405812","7","1219853"
"JH378131","5627421","5627717","chr3","29967257","29967552","44","24339836"
"JH378131","5661626","5661932","chr5","2273487","2273788","36","3388139"
"JH378131","5766595","5766874","chr10","44316765","44317039","41","38550170"
"JH378131","5836379","5836693","chr13","67235992","67236297","130","61399613"
"JH378131","5872792","5873091","chr14","36954936","36955240","46","31082144"
"JH378131","5883437","5883735","chr9","1115294","1115593","39","4768143"
"JH378131","6020071","6020351","chr20","53341407","53341694","55","47321336"
"JH378131","6022145","6022410","chr5","34103098","34103364","40","28080953"
"JH378131","6072192","6072239","chr21","32336794","32336841","7","26264602"
"JH378131","6120181","6120491","chr11","29946186","29946494","51","23826005"
"JH378131","6234190","6234458","chr26","22549804","22550079","52","16315614"
"JH378131","6239861","6240011","chr1","7899186","7899340","32","1659325"
"JH378131","6243757","6244052","chrX","60987121","60987417","37","54743364"
"JH378131","6301855","6301962","chr17","40217264","40217370","10","33915409"
"JH378131","6444387","6444689","chr2","20242750","20243052","46","13798363"
"JH378131","6454049","6454144","chr22","82220107","82220203","7","75766058"
"JH378131","6496416","6496548","chr25","23879262","23879394","12","17382846"
"JH378131","6555284","6555591","chr1","22799869","22800176","48","16244585"
"JH378131","6592658","6592848","chrUn_AQIB01158789v1","3","196","22","6592655"
"JH378131","6695679","6695987","chr1","65504304","65504612","35","58808625"
"JH378131","6734400","6734493","chr22","82220107","82220203","9","75485707"
"JH378131","6753409","6753720","chr14","83371933","83372231","44","76618524"
"JH378131","6755571","6755647","chr13","63031813","63031889","7","56276242"
"JH378131","6762812","6763115","chr20","86643072","86643377","36","79880260"
"JH378131","6775984","6776126","chr17","28507557","28507698","14","21731573"
"JH378131","6798960","6799277","chr10","28883789","28884096","36","22084829"
"JH378131","6828359","6828686","chr1","65504304","65504612","52","58675945"
"JH378131","6863879","6864121","chr16","5798617","5798859","28","1065262"
"JH378131","6910563","6910842","chr12","13260494","13260774","49","6349931"
"JH378131","6943572","6943852","chr17","51638117","51638398","32","44694545"
"JH378131","6994718","6994988","chr24","52926192","52926451","39","45931474"
"JH378131","7029211","7029510","chr29","11385933","11386242","63","4356722"
"JH378131","7040160","7040471","chr2","34891557","34891863","31","27851397"
"JH378131","7058105","7058413","chr8","39162872","39163180","36","32104767"
"JH378131","7058414","7058601","chr9","51072627","51072814","29","44014213"
"JH378131","7135605","7135891","chr7","36238086","36238370","34","29102481"
"JH378131","7138319","7138599","chr4","64541883","64542165","40","57403564"
"JH378131","7188190","7188355","chr2","82552330","82552492","23","75364140"
"JH378131","7192201","7192479","chr16","26067530","26067803","33","18875329"
"JH378131","7316334","7316632","chr15","30752716","30753013","35","23436382"
"JH378131","7330645","7330824","chr9","86110097","86110273","31","78779452"
"JH378131","7383805","7384111","chr2","35931939","35932239","37","28548134"
"JH378131","7441062","7441389","chr7","85949776","85950095","48","78508714"
"JH378131","7476193","7476495","chr18","71629517","71629808","35","64153324"
"JH378131","7516406","7516699","chr16","34548874","34549171","48","27032468"
"JH378131","7684510","7684588","chr13","63031813","63031889","9","55347303"
"JH378131","7757459","7757747","chr26","15737333","15737619","33","7979874"
"JH378131","7836701","7836964","chr27","26616690","26616955","51","18779989"
"JH378131","7838672","7838980","chr20","46933799","46934103","47","39095127"
"JH378131","7887198","7887508","chr11","115525233","115525542","32","107638035"
"JH378131","7891795","7892080","chr13","91635851","91636141","47","83744056"
"JH378131","7929815","7930123","chr11","47505921","47506226","40","39576106"
"JH378131","7955534","7955829","chr20","106884868","106885166","42","98929334"
"JH378131","7957804","7958119","chr5","57912411","57912720","40","49954607"
"JH378131","7973278","7973562","chr21","35798011","35798296","43","27824733"
"JH378131","7986625","7986923","chr3","1424957","1425259","51","6561668"
"JH378131","7993583","7993712","chrX","60368209","60368339","14","52374626"
"JH378131","8002941","8003265","chr10","114290997","114291303","74","106288056"
"JH378131","8007955","8008228","chr12","13260494","13260774","38","5252539"
"JH378131","8008640","8008908","chr22","23019319","23019585","41","15010679"
"JH378131","8011790","8012089","chr14","64620617","64620916","33","56608827"
"JH378131","8160905","8161161","chr25","33404644","33404907","58","25243739"
"JH378131","8168849","8169146","chr12","10064948","10065242","30","1896099"
"JH378131","8222652","8222941","chr12","10064948","10065242","34","1842296"
"JH378131","8236994","8237283","chr5","52368103","52368393","41","44131109"
"JH378131","8239293","8239630","chr8","64261352","64261687","46","56022059"
"JH378131","8255437","8255678","chr5","18117869","18118109","36","9862432"
"JH378131","8293062","8293403","chr7","11558472","11558799","58","3265410"
"JH378131","8334285","8334558","chr6","44835018","44835282","52","36500733"
"JH378131","8443709","8444011","chr9","13973543","13973840","46","5529834"
"JH378131","8447237","8447355","chr29","5133677","5133795","13","3313560"
"JH378131","8451014","8451103","chr3","65349691","65349782","12","56898677"
"JH378131","8451614","8451713","chr22","82220107","82220203","9","73768493"
"JH378131","8458787","8459102","chr8","81998382","81998693","38","73539595"
"JH378131","8463626","8463937","chr5","36774379","36774687","40","28310753"
"JH378131","8489474","8489590","chr20","115102100","115102215","11","106612626"
"JH378131","8495737","8495842","chr1","39939684","39939788","11","31443947"
"JH378131","8499490","8499800","chr17","44387479","44387789","45","35887989"
"JH378131","8518225","8518521","chr23","52118830","52119121","41","43600605"
"JH378131","8528824","8529134","chr17","35258575","35258878","42","26729751"
"JH378131","8535273","8535541","chr23","34328669","34328947","42","25793396"
"JH378131","8551816","8552105","chr16","63652876","63653158","41","55101060"
"JH378131","8589719","8589847","chr23","82201349","82201479","11","73611630"
"JH378131","8612267","8612594","chr26","38024857","38025165","47","29412590"
"JH378131","8747384","8747514","chr3","91348390","91348521","11","82601006"
"JH378131","8871673","8871982","chr26","22589486","22589786","32","13717813"
"JH378131","8897140","8897421","chr18","71480316","71480609","35","62583176"
"JH378131","8901723","8902011","chr12","34842072","34842358","49","25940349"
"JH378131","8995214","8995516","chr5","2273487","2273788","36","6721727"
"JH378131","9120946","9121221","chr8","65204584","65204862","42","56083638"
"JH378131","9147774","9148078","chr16","3215358","3215658","45","5932416"
"JH378131","9181913","9182211","chrX","23977849","23978143","29","14795936"
"JH378131","9214664","9214973","chr5","9902768","9903074","39","688104"
"JH378131","9252863","9253017","chr10","11080423","11080572","28","1827560"
"JH378131","9302455","9302748","chr1","103415790","103416081","48","94113335"
"JH378131","9311589","9311718","chr3","91348390","91348521","12","82036801"
"JH378131","9340549","9340855","chr17","28137789","28138092","39","18797240"
"JH378131","9375393","9375704","chr20","41320440","41320744","37","31945047"
"JH378131","9398671","9398947","chr4","65823519","65823812","41","56424848"
"JH378131","9430936","9431212","chr13","23281867","23282148","40","13850931"
"JH378131","9439449","9439764","chr1","65504304","65504612","36","56064855"
"JH378131","9459585","9459897","chr2","20242750","20243052","35","10783165"
"JH378131","9501845","9502113","chr7","98402247","98402504","48","88900402"
"JH378131","9523927","9524223","chr23","57616217","57616508","38","48092290"
"JH378131","9559910","9560106","chr19","14732662","14732852","37","5172752"
"JH378131","9573216","9573502","chr5","26494257","26494539","43","16921041"
"JH378131","9658638","9658940","chr14","40253871","40254177","40","30595233"
"JH378131","9690811","9691134","chr10","89459842","89460157","43","79769031"
"JH378131","9835574","9835885","chr12","74217361","74217667","42","64381787"
"JH378131","9864606","9864905","chr12","10064948","10065242","25","200342"
"JH378131","9901502","9901803","chr4","62222786","62223086","29","52321284"
"JH378131","9917516","9917807","chr6","38437831","38438120","31","28520315"
"JH378131","9924614","9924925","chr17","44387479","44387789","40","34462865"
"JH378131","9958841","9959147","chr6","30836295","30836597","35","20877454"
"JH378131","10119042","10119338","chr7","115787008","115787298","46","105667966"
"JH378131","10121470","10121770","chr18","54140723","54141018","36","44019253"
"JH378131","10207244","10207374","chr6","41901224","41901352","19","31693980"
"JH378131","10210558","10210853","chr12","10064948","10065242","34","145610"
"JH378131","10216980","10217270","chr16","33470171","33470463","31","23253191"
"JH378131","10232838","10233145","chr12","6781553","6781865","93","3451285"
"JH378131","10247495","10247786","chr27","46109934","46110222","29","35862439"
"JH378131","10266881","10267174","chr10","35324287","35324576","32","25057406"
"JH378131","10271664","10271941","chr28","19249070","19249347","36","8977406"
"JH378131","10343365","10343678","chr2","58045145","58045453","32","47701780"
"JH378131","10346049","10346347","chr9","89859310","89859604","32","79513261"
"JH378131","10346806","10347091","chr9","67548311","67548600","38","57201505"
"JH378131","10357836","10358144","chr1","112946303","112946609","37","102588467"
"JH378131","10397479","10397786","chr29","8278863","8279172","32","2118616"
"JH378131","10406327","10406629","chr12","10064948","10065242","26","341379"
"JH378131","10439927","10440203","chr10","109081946","109082223","34","98642019"
"JH378131","10465453","10465709","chr17","17514120","17514376","33","7048667"
"JH378131","10475225","10475481","chr21","2215082","2215328","57","8260143"
"JH378131","10494097","10494378","chr4","84618743","84619020","45","74124646"
"JH378131","10496268","10496562","chr17","36106487","36106784","35","25610219"
"JH378131","10503633","10503935","chr5","2273487","2273788","28","8230146"
"JH378131","10510123","10510273","chr9","59130238","59130387","13","48620115"
"JH378131","10517502","10517800","chr12","10064948","10065242","26","452554"
"JH378131","10544799","10545103","chr5","2273487","2273788","27","8271312"
"JH378131","10577929","10578234","chr2","34891557","34891863","38","24313628"
"JH378131","10620132","10620213","chr5","67880800","67880883","8","57260668"
"JH378131","10648202","10648488","chr7","19648963","19649245","37","9000761"
"JH378131","10681831","10681957","chr1","8688937","8689061","12","1992894"
"JH378131","10688283","10688361","chr10","95538249","95538325","9","84849966"
"JH378131","10695028","10695326","chr12","10064948","10065242","32","630080"
"JH378131","10696402","10696496","chr6","1067449","1067558","22","9628953"
"JH378131","10702549","10702845","chr18","55497484","55497775","35","44794935"
"JH378131","10719634","10719740","chr1","39939684","39939788","10","29220050"
"JH378131","10724857","10724999","chr3","90669571","90669712","17","79944714"
"JH378131","10726037","10726345","chr18","31540660","31540966","31","20814623"
"JH378131","10735269","10735572","chr1","120119656","120119957","36","109384387"
"JH378131","10746511","10746811","chr1","18554019","18554319","39","7807508"
"JH378131","10747625","10747772","chrX","127610421","127610569","30","116862796"
"JH378131","10759072","10759380","chr5","20221828","20222136","40","9462756"
"JH378131","10773308","10773614","chr1","108565860","108566161","27","97792552"
"JH378131","10776356","10776444","chr19","7758593","7758681","9","3017763"
"JH378131","10792409","10792578","chr4","65157978","65158146","26","54365569"
"JH378131","10815044","10815273","chr20","92882451","92882681","28","82067407"
"JH378131","10820016","10820238","chr23","43376123","43376346","31","32556107"
"JH378131","10887841","10888071","chr6","2372111","2372337","37","8515730"
"JH378131","10932289","10932594","chr12","10064948","10065242","30","867341"
"JH378131","10936269","10936572","chr14","83570862","83571166","41","72634593"
"JH378131","10940300","10940603","chr1","68219231","68219530","41","57278931"
"JH378131","10978462","10978544","chr5","67880800","67880883","7","56902338"
"JH378131","10999637","10999943","chr28","4550302","4550608","38","6449335"
"JH378131","11001166","11001458","chr1","9886170","9886464","37","1114996"
"JH378131","11006126","11006219","chr22","82220107","82220203","11","71213981"
"JH378131","11054620","11054923","chr2","53771794","53772091","45","42717174"
"JH378131","11118677","11118840","chr27","9237415","9237582","27","1881262"
"JH378131","11174725","11174833","chr15","13792351","13792461","10","2617626"
"JH378131","11180852","11181141","chr20","43221063","43221353","44","32040211"
"JH378131","11260010","11260302","chr5","9902768","9903074","43","1357242"
"JH378131","11331175","11331475","chrX","23977849","23978143","42","12646674"
"JH378131","11345275","11345601","chr12","72236547","72236866","51","60891272"
"JH378131","11349410","11349524","chr13","61112232","61112346","12","49762822"
"JH378131","11406262","11406549","chr12","104595406","104595692","48","93189144"
"JH378131","11432029","11432340","chr6","16598509","16598818","34","5166480"
"JH378131","11435851","11436153","chr19","9824759","9825062","32","1611092"
"JH378131","11437418","11437634","chr25","73647297","73647508","28","62209879"
"JH378131","11453088","11453371","chr28","9524525","9524809","38","1928563"
"JH378131","11478282","11478339","chr21","46963431","46963488","9","35485149"
"JH378131","11482888","11483171","chr6","19815995","19816283","54","8333107"
"JH378131","11496027","11496140","chr20","115102100","115102215","13","103606073"
"JH378131","11643477","11643768","chr1","10803268","10803561","33","840209"
"JH378131","11711438","11711746","chr11","51624065","51624366","36","39912627"
"JH378131","11747561","11747871","chr6","15953108","15953417","30","4205547"
"JH378131","11776333","11776585","chr26","41505698","41505951","40","29729365"
"JH378131","11856545","11856842","chr16","47237674","47237971","40","35381129"
"JH378131","11937295","11937583","chr20","96745042","96745337","45","84807747"
"JH378131","11976086","11976394","chr12","74217361","74217667","45","62241275"
"JH378131","12217952","12218259","chr6","30836295","30836597","37","18618343"
"JH378131","12244324","12244432","chr12","53065987","53066095","9","40821663"
"JH378131","12262610","12262904","chr12","10064948","10065242","34","2197662"
"JH378131","12268360","12268621","chr6","46523626","46523899","47","34255266"
"JH378131","12475216","12475509","chr12","20451812","20452107","53","7976596"
"JH378131","12494548","12494654","chr1","62097932","62098038","9","49603384"
"JH378131","12546573","12546870","chr15","86758708","86759003","39","74212135"
"JH378131","12593950","12594211","chr7","49713033","49713293","47","37119083"
"JH378131","12603883","12604011","chr9","96281358","96281488","19","83677475"
"JH378131","12619875","12620159","chr4","53346939","53347217","37","40727064"
"JH378131","12623936","12624058","chr15","90834689","90834810","11","78210753"
"JH378131","12626844","12627025","chr11","117573457","117573649","36","104946613"
"JH378131","12630892","12631176","chr5","42662951","42663235","33","30032059"
"JH378131","12644028","12644172","chr3","90669571","90669712","16","78025543"
"JH378131","12646535","12646812","chr2","25796024","25796301","41","13149489"
"JH378131","12647656","12647785","chr1","97802296","97802426","12","85154640"
"JH378131","12656585","12656872","chr8","32187026","32187333","46","19530441"
"JH378131","12662580","12662864","chrX","22171201","22171487","42","9508621"
"JH378131","12676709","12676843","chr9","71632727","71632860","13","58956018"
"JH378131","12734286","12734596","chr1","65504304","65504612","28","52770018"
"JH378131","12761309","12761598","chr14","51264528","51264816","38","38503219"
"JH378131","12823820","12823931","chrX","119966559","119966672","16","107142739"
"JH378131","12825098","12825405","chr1","46712446","46712753","33","33887348"
"JH378131","12844361","12844648","chr20","2628208","2628489","44","10216153"
"JH378131","12859633","12859919","chr5","22668022","22668311","39","9808389"
"JH378131","12887721","12887925","chr7","87436857","87437045","42","74549136"
"JH378131","12891096","12891400","chr1","65504304","65504612","39","52613208"
"JH378131","12918692","12918985","chr6","38437831","38438120","30","25519139"
"JH378131","12927468","12927548","chr16","3308866","3308945","9","9618602"
"JH378131","12931059","12931359","chr12","10064948","10065242","37","2866111"
"JH378131","12967177","12967475","chr12","102135104","102135405","36","89167927"
"JH378131","12974865","12975156","chr14","79729598","79729899","37","66754733"
"JH378131","13002885","13003184","chr12","10064948","10065242","27","2937937"
"JH378131","13023619","13023923","chr23","81776363","81776665","33","68752744"
"JH378131","13030980","13031265","chr20","23803939","23804231","38","10772959"
"JH378131","13047181","13047493","chr1","65504304","65504612","35","52457123"
"JH378131","13105284","13105579","chr11","47164289","47164580","41","34059005"
"JH378131","13132968","13133098","chr16","31737705","31737835","13","18604737"
"JH378131","13133911","13134195","chr7","86156603","86156895","37","73022692"
"JH378131","13187913","13188186","chr14","73735185","73735454","45","60547272"
"JH378131","13188552","13188850","chr14","11728659","11728955","39","1459893"
"JH378131","13238481","13238795","chr3","10937420","10937729","35","2301061"
"JH378131","13275006","13275293","chr8","115068172","115068461","39","101793166"
"JH378131","13281995","13282295","chr8","120119487","120119791","59","106837492"
"JH378131","13285878","13286181","chr4","32848590","32848896","49","19562712"
"JH378131","13305083","13305383","chr14","75577127","75577428","43","62272044"
"JH378131","13513825","13514121","chr2","57283040","57283331","35","43769215"
"JH378131","13521529","13521838","chr9","34182892","34183200","37","20661363"
"JH378131","13562024","13562326","chr12","10064948","10065242","36","3497076"
"JH378131","13614622","13614926","chr20","77131330","77131628","51","63516708"
"JH378131","13707247","13707541","chr8","95885898","95886192","40","82178651"
"JH378131","13732357","13732648","chr16","53397850","53398143","37","39665493"
"JH378131","13778437","13778731","chr9","43165199","43165493","39","29386762"
"JH378131","13779024","13779201","chr19","10233569","10233740","35","3545455"
"JH378131","13847009","13847292","chr1","46924304","46924587","47","33077295"
"JH378131","13850732","13851029","chr2","24842636","24842933","45","10991904"
"JH378131","13877556","13877847","chr20","46550281","46550570","40","32672725"
"JH378131","13891203","13891471","chr8","119751470","119751733","41","105860267"
"JH378131","13962558","13962855","chr12","10064948","10065242","23","3897610"
"JH378131","13987660","13987932","chr21","106798480","106798745","43","92810820"
"JH378131","14027398","14027694","chr12","93295464","93295762","36","79268066"
"JH378131","14137201","14137494","chr10","8909912","8910203","38","5227289"
"JH378131","14151183","14151298","chr5","44000002","44000120","18","29848819"
"JH378131","14162450","14162580","chr26","56337719","56337849","18","42175269"
"JH378131","14202236","14202527","chr2","34541558","34541838","47","20339322"
"JH378131","14276139","14276433","chr9","28728321","28728610","41","14452182"
"JH378131","14298710","14298751","chr1","86029534","86029578","6","71730824"
"JH378131","14348534","14348826","chr8","31545666","31545957","30","17197132"
"JH378131","14353290","14353560","chr9","92500633","92500888","52","78147343"
"JH378131","14393983","14394300","chr6","17251691","17251999","42","2857708"
"JH378131","14412880","14413151","chr9","68188524","68188799","38","53775644"
"JH378131","14523686","14523962","chr21","26073983","26074262","40","11550297"
"JH378131","14527093","14527315","chr25","34097929","34098146","40","19570836"
"JH378131","14534799","14534880","chr5","67880800","67880883","9","53346001"
"JH378131","14641506","14641823","chr8","1760359","1760667","42","12881147"
"JH378131","14696788","14697078","chr5","17074579","17074870","45","2377791"
"JH378131","14800238","14800501","chr9","38102148","38102416","54","23301910"
"JH378131","14850927","14851035","chr6","1067449","1067558","10","13783478"
"JH378131","14877352","14877653","chr24","11634107","11634400","54","3243245"
"JH378131","14972291","14972603","chr6","16598509","16598818","36","1626218"
"JH378131","15073583","15073873","chr8","8996994","8997284","39","6076589"
"JH378131","15106886","15106996","chr16","73730787","73730904","19","58623901"
"JH378131","15177030","15177275","chr16","65341402","65341647","35","50164372"
"JH378131","15194236","15194520","chr26","38637329","38637616","36","23443093"
"JH378131","15211428","15211737","chr21","121143183","121143493","33","105931755"
"JH378131","15270844","15271144","chr12","10064948","10065242","27","5205896"
"JH378131","15279029","15279125","chr22","82220107","82220203","7","66941078"
"JH378131","15391977","15392125","chr9","59130238","59130387","17","43738261"
"JH378131","15547006","15547307","chr11","79022219","79022519","39","63475213"
"JH378131","15579822","15580093","chr6","16102856","16103121","34","523034"
"JH378131","15611815","15612095","chr17","51638117","51638398","37","36026302"
"JH378131","15840207","15840496","chr19","22167847","22168138","32","6327640"
"JH378131","15924432","15924722","chr1","55082622","55082912","43","39158190"
"JH378131","15975831","15976079","chr27","10234079","10234323","38","5741752"
"JH378131","15992178","15992473","chr12","60432247","60432540","33","44440069"
"JH378131","16017859","16018150","chr11","42115371","42115662","43","26097512"
"JH378131","16023063","16023373","chr16","2999161","2999470","32","13023902"
"JH378131","16043606","16043899","chr11","46412480","46412774","37","30368874"
"JH378131","16054963","16055253","chr4","32393842","32394134","34","16338879"
"JH378131","16068465","16068767","chr18","61785770","61786072","40","45717305"
"JH378131","16074653","16074965","chr11","115525233","115525542","30","99450580"
"JH378131","16075985","16076279","chr9","32166463","32166757","38","16090478"
"JH378131","16081094","16081400","chr17","35258575","35258878","42","19177481"
"JH378131","16094761","16095046","chr22","71679206","71679494","37","55584445"
"JH378131","16111170","16111247","chr13","63031813","63031889","9","46920643"
"JH378131","16113685","16113808","chr1","8688937","8689061","15","7424748"
"JH378131","16114527","16114827","chr27","8771956","8772256","36","7342571"
"JH378131","16125015","16125292","chr7","133549380","133549654","38","117424365"
"JH378131","16128585","16128842","chrX","15774021","15774297","51","354564"
"JH378131","16146300","16146569","chr16","23882565","23882832","44","7736265"
"JH378131","16172531","16172834","chr10","87911378","87911678","32","71738847"
"JH378131","16193266","16193553","chr11","105213946","105214237","40","89020680"
"JH378131","16198399","16198691","chr16","18710057","18710354","48","2511658"
"JH378131","16206721","16207020","chr17","69092086","69092383","39","52885365"
"JH378131","16210775","16211002","chr11","45536523","45536736","41","29325748"
"JH378131","16223279","16223563","chr5","42662951","42663235","35","26439672"
"JH378131","16231100","16231410","chr4","16169050","16169359","47","62050"
"JH378131","16235652","16235952","chr2","56283396","56283692","44","40047744"
"JH378131","16236344","16236626","chr25","8838920","8839206","45","7397424"
"JH378131","16267312","16267609","chr12","10064948","10065242","22","6202364"
"JH378131","16280113","16280240","chrX","60368209","60368339","19","44088096"
"JH378131","16281976","16282095","chr22","70066935","70067055","11","53784959"
"JH378131","16335415","16335705","chr19","22521438","22521721","43","6186023"
"JH378131","16373918","16374202","chr12","6781553","6781865","127","9592365"
"JH378131","16390486","16390786","chr7","99172603","99172901","43","82782117"
"JH378131","16393826","16394113","chr5","59378793","59379083","38","42984967"
"JH378131","16413599","16413893","chr1","68219231","68219530","39","51805632"
"JH378131","16427763","16428048","chr18","48669130","48669421","41","32241367"
"JH378131","16467868","16468172","chr5","2273487","2273788","28","14194381"
"JH378131","16490189","16490476","chrX","115847772","115848064","37","99357583"
"JH378131","16499410","16499716","chr12","12869342","12869649","30","3630068"
"JH378131","16507411","16507720","chr23","44247755","44248062","33","27740344"
"JH378131","16516163","16516460","chr12","10064948","10065242","31","6451215"
"JH378131","16521403","16521702","chr2","83924911","83925209","41","67403508"
"JH378131","16540425","16540655","chr26","14438107","14438343","38","2102318"
"JH378131","16569091","16569380","chr8","115068172","115068461","38","98499081"
"JH378131","16604819","16605097","chr12","18835626","18835904","30","2230807"
"JH378131","16722237","16722535","chr16","65250770","65251068","43","48528533"
"JH378131","16763531","16763827","chr22","47793370","47793666","37","31029839"
"JH378131","16812220","16812519","chr24","80745403","80745702","35","63933183"
"JH378131","16863410","16863715","chr12","74217361","74217667","25","57353951"
"JH378131","16879426","16879728","chr12","26753805","26754107","43","9874379"
"JH378131","16934355","16934651","chr7","14621204","14621498","35","2313151"
"JH378131","17017324","17017456","chr23","22574241","22574381","23","5556917"
"JH378131","17072881","17073104","chr26","38356813","38357036","37","21283932"
"JH378131","17087900","17088130","chr16","25738562","25738782","43","8650662"
"JH378131","17109848","17110154","chr12","106797672","106797971","39","89687824"
"JH378131","17131799","17132102","chr1","68219231","68219530","34","51087432"
"JH378131","17160617","17160903","chr14","80284365","80284655","33","63123748"
"JH378131","17239918","17240062","chr18","58918281","58918426","24","41678363"
"JH378131","17402285","17402566","chr8","95885898","95886192","48","78483613"
"JH378131","17442577","17442892","chr28","4550302","4550608","43","12892275"
"JH378131","17461492","17461789","chr14","37615851","37616147","34","20154359"
"JH378131","17636303","17636594","chr25","8795606","8795892","33","8840697"
"JH378131","17640732","17640963","chr12","20341826","20342056","45","2701094"
"JH378131","17644956","17645256","chr22","39387314","39387616","37","21742358"
"JH378131","17662148","17662432","chr11","90825564","90825850","47","73163416"
"JH378131","17782014","17782245","chr23","80817034","80817275","51","63035020"
"JH378131","17799544","17799824","chr6","44675473","44675756","42","26875929"
"JH378131","17813594","17813904","chr6","16598509","16598818","36","1215085"
"JH378131","17847991","17848266","chr6","38437831","38438120","44","20589840"
"JH378131","17873914","17874211","chr16","17020290","17020588","38","853624"
"JH378131","17927001","17927291","chr18","26746608","26746895","36","8819607"
"JH378131","18021173","18021450","chr3","75158573","75158853","36","57137400"
"JH378131","18023195","18023493","chr7","111160999","111161297","35","93137804"
"JH378131","18049152","18049455","chr22","40701009","40701309","39","22651857"
"JH378131","18057463","18057771","chr10","21690582","21690883","40","3633119"
"JH378131","18132529","18132839","chrX","28194989","28195297","44","10062460"
"JH378131","18142379","18142507","chr20","20852752","20852882","10","2710373"
"JH378131","18191603","18191913","chr6","19546292","19546593","37","1354689"
"JH378131","18220640","18220943","chr23","41434219","41434517","40","23213579"
"JH378131","18310213","18310370","chr22","79297174","79297332","23","60986961"
"JH378131","18310718","18310848","chrX","60368209","60368339","16","42057491"
"JH378131","18315778","18315866","chr19","7758593","7758681","7","10557185"
"JH378131","18344094","18344389","chr4","72954901","72955192","37","54610807"
"JH378131","18354590","18354884","chr18","72052984","72053276","46","53698394"
"JH378131","18374443","18374519","chr13","63031813","63031889","7","44657370"
"JH378131","18382940","18383234","chr14","45112834","45113124","55","26729894"
"JH378131","18419393","18419593","chr13","11057289","11057487","36","7362104"
"JH378131","18452823","18453123","chr10","85309131","85309424","36","66856308"
"JH378131","18548968","18549071","chr1","39939684","39939788","11","21390716"
"JH378131","18551655","18551956","chr20","104630107","104630400","41","86078452"
"JH378131","18563140","18563431","chr12","10064948","10065242","28","8498192"
"JH378131","18584216","18584497","chr10","109081946","109082223","56","90497730"
"JH378131","18584672","18584944","chr23","5517272","5517549","41","13067400"
"JH378131","18588776","18589010","chr27","22925259","22925491","31","4336483"
"JH378131","18602579","18602880","chr23","39674723","39675021","40","21072144"
"JH378131","18614325","18614595","chr1","18162340","18162615","38","451985"
"JH378131","18626421","18626722","chr1","68219231","68219530","40","49592810"
"JH378131","18655236","18655364","chr1","97802296","97802426","14","79147060"
"JH378131","18749030","18749325","chr12","60710264","60710562","43","41961234"
"JH378131","18845852","18846133","chr6","40582273","40582553","32","21736421"
"JH378131","18872003","18872313","chr8","96089866","96090170","43","77217863"
"JH378131","19020996","19021275","chr5","42662951","42663235","38","23641955"
"JH378131","19083303","19083583","chr20","2628208","2628489","36","16455095"
"JH378131","19122644","19122934","chr19","22167847","22168138","34","3045203"
"JH378131","19159018","19159313","chr1","103415790","103416081","37","84256772"
"JH378131","19220563","19220793","chr20","92882451","92882681","33","73661888"
"JH378131","19232633","19232915","chr9","56910898","56911189","59","37678265"
"JH378131","19322173","19322474","chr26","9697876","9698175","35","9624297"
"JH378131","19367704","19367940","chr20","20049923","20050167","44","682219"
"JH378131","19387697","19388011","chr9","15987970","15988276","39","3399727"
"JH378131","19452892","19453183","chr22","51404529","51404822","41","31951637"
"JH378131","19543278","19543551","chr5","70465733","70466025","52","50922455"
"JH378131","19561098","19561228","chr18","59267220","59267341","31","39706122"
"JH378131","19654128","19654413","chr26","38637329","38637616","39","18983201"
"JH378131","19706226","19706524","chr12","10064948","10065242","35","9641278"
"JH378131","19717483","19717777","chr9","43165199","43165493","44","23447716"
"JH378131","19757750","19758053","chr8","95885898","95886192","41","76128148"
"JH378131","19771554","19771840","chr20_KE148049v1_random","492261","492546","41","19279293"
"JH378131","19819036","19819314","chr21","47329418","47329697","45","27510382"
"JH378131","19829385","19829684","chrX","23977849","23978143","35","4148464"
"JH378131","19837665","19837975","chr23","80703058","80703366","43","60865393"
"JH378131","19864362","19864662","chr12","10064948","10065242","27","9799414"
"JH378131","19971112","19971394","chr14","79801787","79802070","36","59830675"
"JH378131","20009682","20009986","chr11","25842009","25842308","42","5832327"
"JH378131","20030767","20030876","chr6","1067449","1067558","9","18963318"
"JH378131","20031307","20031616","chr1","66807483","66807786","40","46776176"
"JH378131","20041442","20041739","chr18","72052984","72053276","29","52011542"
"JH378131","20047721","20047798","chr13","63031813","63031889","8","42984092"
"JH378131","20051194","20051469","chr10","127201999","127202278","43","107150805"
"JH378131","20054952","20055250","chr21","109333399","109333699","46","89278447"
"JH378131","20059052","20059347","chr6","7403297","7403578","43","12655755"
"JH378131","20064106","20064318","chr25","73647297","73647508","27","53583191"
"JH378131","20064839","20065117","chr16","63652876","63653158","47","43588037"
"JH378131","20066217","20066335","chr15","53595698","53595816","11","33529481"
"JH378131","20066779","20066851","chr13","63031813","63031889","8","42965034"
"JH378131","20078341","20078636","chr6","4113565","4113862","38","15964776"
"JH378131","20079635","20079712","chr13","63031813","63031889","7","42952178"
"JH378131","20094717","20095011","chr17","41731096","41731387","42","21636379"
"JH378131","20104407","20104717","chr2","34891557","34891863","31","14787150"
"JH378131","20116649","20116772","chr1","8688937","8689061","12","11427712"
"JH378131","20117681","20117807","chr1","8688937","8689061","13","11428744"
"JH378131","20121654","20121744","chr3","65349691","65349782","10","45228037"
"JH378131","20237117","20237431","chr1","65504304","65504612","34","45267187"
"JH378131","20258596","20258880","chr5","42662951","42663235","46","22404355"
"JH378131","20390854","20391134","chr6","13834778","13835060","83","6556076"
"JH378131","20400568","20400870","chrX","126082617","126082923","41","105682049"
"JH378131","20440186","20440504","chr16","30398852","30399159","46","9958666"
"JH378131","20459171","20459467","chrX","23977849","23978143","43","3518678"
"JH378131","20541097","20541342","chr11","119259842","119260088","36","98718745"
"JH378131","20541980","20542293","chr5","11102155","11102465","54","9439825"
"JH378131","20623812","20624076","chr10","106735477","106735744","40","86111665"
"JH378131","20714515","20714829","chr4","34668110","34668417","38","13953595"
"JH378131","20722488","20722786","chr14","101842471","101842766","48","81119983"
"JH378131","20751089","20751356","chr4","71259031","71259315","50","50507942"
"JH378131","20774485","20774792","chr5","9902768","9903074","43","10871717"
"JH378131","20839411","20839715","chr16","2999161","2999470","46","17840250"
"JH378131","20928710","20929000","chr23","52118830","52119121","39","31190120"
"JH378131","21150754","21150891","chr10","96392819","96392949","29","75242065"
"JH378131","21275483","21275803","chr16","64500759","64501073","51","43225276"
"JH378131","21283637","21283752","chr20","115102100","115102215","10","93818463"
"JH378131","21311889","21312163","chr10","81788933","81789221","49","60477044"
"JH378131","21378581","21378843","chr14","55443626","55443884","48","34065045"
"JH378131","21439282","21439450","chr10","66316936","66317106","27","44877654"
"JH378131","21474067","21474382","chr9","56811131","56811438","41","35337064"
"JH378131","21544831","21545141","chr1","65504304","65504612","30","43959473"
"JH378131","21553705","21554013","chr5","12318876","12319187","36","9234829"
"JH378131","21582138","21582434","chr5","2273487","2273788","38","19308651"
"JH378131","21627085","21627385","chr9","96208134","96208421","38","74581049"
"JH378131","21726054","21726339","chr4","70022578","70022864","40","48296524"
"JH378131","21749875","21750163","chr7","111160999","111161297","37","89411124"
"JH378131","21838894","21839200","chr2","56613914","56614218","45","34775020"
"JH378131","22011137","22011429","chr26","47885774","47886065","35","25874637"
"JH378131","22020271","22020590","chr5","24362564","24362891","53","2342293"
"JH378131","22046737","22047046","chr3","29382178","29382480","49","7335441"
"JH378131","22078026","22078092","chr25","80842336","80842405","13","58764310"
"JH378131","22078751","22079002","chr4","7845149","7845404","48","14233602"
"JH378131","22110620","22110930","chr1","65504304","65504612","34","43393684"
"JH378131","22158049","22158359","chr16","30637924","30638212","44","8479875"
"JH378131","22167041","22167120","chr19","23494523","23494608","16","1327482"
"JH378131","22182665","22182959","chr1","103415790","103416081","32","81233125"
"JH378131","22234350","22234642","chrX","23977849","23978143","32","1743499"
"JH378131","22241433","22241726","chr7","12288332","12288635","49","9953101"
"JH378131","22333321","22333557","chrX","112046945","112047179","25","89713624"
"JH378131","22348966","22349270","chr11","117737181","117737478","44","95388215"
"JH378131","22366411","22366629","chr9","64059966","64060162","110","41693555"
"JH378131","22399059","22399351","chr2","34105377","34105672","50","11706318"
"JH378131","22469450","22469736","chr4","35412757","35413052","39","12943307"
"JH378131","22515120","22515399","chr17","29262312","29262601","47","6747192"
"JH378131","22527500","22527820","chr11","115525233","115525542","43","92997733"
"JH378131","22534958","22535265","chr16","33182065","33182368","44","10647107"
"JH378131","22538449","22538746","chr6","38424071","38424362","47","15885622"
"JH378131","22553385","22553692","chr11","58110010","58110310","37","35556625"
"JH378131","22587904","22588204","chr16","33182065","33182368","31","10594161"
"JH378131","22599836","22599931","chr22","82220107","82220203","7","59620271"
"JH378131","22604974","22605285","chr18","67218974","67219278","55","44614000"
"JH378131","22634943","22635244","chr23","41434219","41434517","42","18799276"
"JH378131","22651582","22651842","chr16","26067530","26067803","41","3415948"
"JH378131","22656652","22656942","chr2","89315677","89315967","46","66659025"
"JH378131","22660308","22660619","chr16","30139781","30140074","43","7479473"
"JH378131","22707765","22707846","chr4","11929707","11929771","27","10778058"
"JH378131","22717134","22717432","chr10","85994531","85994826","41","63277397"
"JH378131","22717440","22717738","chr18","35979167","35979464","42","13261727"
"JH378131","22728794","22729102","chr1","2872653","2872961","30","19856141"
"JH378131","22744895","22745211","chr8","81998382","81998693","41","59253487"
"JH378131","22748009","22748305","chr12","10064948","10065242","28","12683061"
"JH378131","22754164","22754425","chr24","27023895","27024155","31","4269731"
"JH378131","22896213","22896511","chr9","86640988","86641280","34","63744775"
"JH378131","22939605","22939880","chr9","57754263","57754543","41","34814658"
"JH378131","22974569","22974879","chr28","4550302","4550608","26","18424267"
"JH378131","22994864","22995168","chr2","34891557","34891863","31","11896693"
"JH378131","22996675","22996981","chr11","51930789","51931091","37","28934114"
"JH378131","22997580","22997883","chr12","30324456","30324749","38","7326876"
"JH378131","23012885","23013113","chr3","12158483","12158716","37","10854402"
"JH378131","23071897","23072195","chr24","68769403","68769695","45","45697506"
"JH378131","23147901","23148186","chr25","75703147","75703419","42","52555246"
"JH378131","23165243","23165526","chr20","98743174","98743451","46","75577931"
"JH378131","23215947","23216241","chr7","19605160","19605458","35","3610787"
"JH378131","23263893","23264196","chr18","9388916","9389224","44","13874977"
"JH378131","23282284","23282370","chr15","39050206","39050292","16","15767922"
"JH378131","23282956","23283247","chr12","27783290","27783582","43","4500334"
"JH378131","23312462","23312752","chr5","53255334","53255620","42","29942872"
"JH378131","23314312","23314500","chr16","2162651","2162838","30","21151661"
"JH378131","23316317","23316608","chr14","79801787","79802070","43","56485470"
"JH378131","23336683","23336983","chr15","86758708","86759003","46","63422025"
"JH378131","23343710","23344016","chr26","6059541","6059849","39","17284169"
"JH378131","23345964","23346165","chr17","4933626","4933832","43","18412338"
"JH378131","23365541","23365842","chr7","129942332","129942635","33","106576791"
"JH378131","23426174","23426474","chr1","107130951","107131245","44","83704777"
"JH378131","23430105","23430401","chr16","2431144","2431438","51","20998961"
"JH378131","23472149","23472445","chr8","2467641","2467937","45","21004508"
"JH378131","23491802","23492090","chr12","103209647","103209935","39","79717845"
"JH378131","23501032","23501329","chr19","11766129","11766433","42","11734903"
"JH378131","23519670","23519964","chr10","85309131","85309424","40","61789461"
"JH378131","23546307","23546613","chr14","83570862","83571166","39","60024555"
"JH378131","23565330","23565624","chr7","28991342","28991633","37","5426012"
"JH378131","23566479","23566784","chr22","4912713","4913009","38","18653766"
"JH378131","23569914","23570136","chr24","70491696","70491919","39","46921782"
"JH378131","23582176","23582460","chr20","2735067","2735361","52","20847109"
"JH378131","23586606","23586724","chrX","89286738","89286848","31","65700132"
"JH378131","23625161","23625406","chr4","41989352","41989604","36","18364191"
"JH378131","23629166","23629455","chr10","127495198","127495486","37","103866032"
"JH378131","23697897","23698176","chr20","66247868","66248153","47","42549971"
"JH378131","23727545","23727838","chr11","74854575","74854874","48","51127030"
"JH378131","23732323","23732623","chr19","11766129","11766433","40","11966194"
"JH378131","23766479","23766788","chr1","65504304","65504612","32","41737825"
"JH378131","23788500","23788801","chr16","12093535","12093829","53","11694965"
"JH378131","23813192","23813485","chr12","95930384","95930680","33","72117192"
"JH378131","23826148","23826445","chr12","18820776","18821076","52","5005372"
"JH378131","23854598","23854691","chr15","88970892","88970978","16","65116294"
"JH378131","23855350","23855469","chr3","72385674","72385796","14","48530324"
"JH378131","23889006","23889277","chr20","12775955","12776229","40","11113051"
"JH378131","23907620","23907925","chr9","119299436","119299742","35","95391816"
"JH378131","24066292","24066609","chr1","65504304","65504612","41","41438012"
"JH378131","24069727","24069913","chr2","37145074","37145258","24","13075347"
"JH378131","24073024","24073289","chr1","103415790","103416081","54","79342766"
"JH378131","24079452","24079758","chr12","10064948","10065242","34","14014504"
"JH378131","24084744","24084831","chr16","4405728","4405812","11","19679016"
"JH378131","24094381","24094675","chr10","44834117","44834414","35","20739736"
"JH378131","24095840","24095995","chr27","10292078","10292249","37","13803762"
"JH378131","24096293","24096390","chr1","39939684","39939788","16","15843391"
"JH378131","24120708","24121014","chr12","84113723","84114031","42","59993015"
"JH378131","24131095","24131172","chr13","63031813","63031889","9","38900718"
"JH378132","12582802","12583112","chr12","88692034","88692338","37","76109232"
"JH378132","12713824","12714130","chr12","10064948","10065242","34","2648876"
"JH378132","31354","31658","chr17","64670150","64670452","34","64638796"
"JH378132","99561","99850","chr6","38582923","38583209","40","38483362"
"JH378132","114965","115252","chr8","104167104","104167395","42","104052139"
"JH378132","220985","221274","chr10","83081189","83081479","33","82860204"
"JH378132","262240","262529","chr24","37870533","37870821","39","37608293"
"JH378132","279403","279686","chr8","6110253","6110536","39","5830850"
"JH378132","280925","281164","chr20","20049923","20050167","37","19768998"
"JH378132","303706","303993","chr20","111128795","111129075","39","110825089"
"JH378132","424518","424809","chrX","33866467","33866758","36","33441949"
"JH378132","453540","453843","chrX","125302543","125302844","30","124849003"
"JH378132","463192","463493","chr9","90528953","90529249","42","90065761"
"JH378132","469532","469833","chr1","68219231","68219530","32","67749699"
"JH378132","503625","503929","chr4","66775624","66775927","41","66271999"
"JH378132","518055","518350","chr16","62991035","62991333","36","62472980"
"JH378132","527636","527929","chr12","10064948","10065242","33","9537312"
"JH378132","557909","557999","chr19","7758593","7758681","9","7200684"
"JH378132","585792","585882","chr19","7758593","7758681","9","7172801"
"JH378132","590821","591088","chr15","89832016","89832289","40","89241195"
"JH378132","591307","591613","chr1","108565860","108566161","38","107974553"
"JH378132","600182","600488","chr22","18234123","18234429","40","17633941"
"JH378132","606963","607037","chr13","63031813","63031889","9","62424850"
"JH378132","609269","609417","chr3","32929079","32929226","18","32319810"
"JH378132","629368","629482","chr2","23010920","23011031","19","22381552"
"JH378132","630032","630147","chr20","115102100","115102215","11","114472068"
"JH378132","632552","632638","chr16","4405728","4405812","10","3773176"
"JH378132","633135","633186","chr21","55321172","55321220","11","54688037"
"JH378132","634873","635173","chr4","14340542","14340837","36","13705669"
"JH378132","642953","643043","chr3","65349691","65349782","11","64706738"
"JH378132","649603","649895","chr12","10064948","10065242","31","9415345"
"JH378132","657845","658140","chr24","8381796","8382090","28","7723951"
"JH378132","672503","672806","chr8","129732115","129732413","39","129059612"
"JH378132","675344","675444","chr1","39939684","39939788","11","39264340"
"JH378132","698895","699122","chr20","47773481","47773698","32","47074586"
"JH378132","699717","699864","chr6","7229588","7229731","20","6529871"
"JH378132","705357","705635","chr23","34608541","34608829","47","33903184"
"JH378132","718479","718556","chr13","63031813","63031889","8","62313334"
"JH378132","737440","737569","chr6","50606227","50606356","13","49868787"
"JH378132","743600","743689","chr20","119761262","119761350","12","119017662"
"JH378132","745800","745877","chr13","63031813","63031889","7","62286013"
"JH378132","749799","750099","chr1","69274418","69274712","39","68524619"
"JH378132","752367","752670","chrX","125302543","125302844","38","124550176"
"JH378132","754417","754536","chr3","92101699","92101829","20","91347282"
"JH378132","769738","769954","chr22","6719548","6719763","21","5949810"
"JH378132","771924","771997","chr13","63031813","63031889","11","62259889"
"JH378132","775654","775744","chr3","65349691","65349782","13","64574037"
"JH378132","792221","792519","chr12","10064948","10065242","22","9272727"
"JH378132","794204","794489","chr22","37637582","37637856","33","36843378"
"JH378132","804161","804460","chr21","13834100","13834395","37","13029939"
"JH378132","811718","812023","chrX","22279223","22279520","63","21467505"
"JH378132","812161","812466","chr1","108565860","108566161","33","107753699"
"JH378132","835086","835393","chr26","33226493","33226795","44","32391407"
"JH378132","887998","888082","chr16","4405728","4405812","8","3517730"
"JH378132","983581","983873","chr8","135494495","135494787","38","134510914"
"JH378132","1023384","1023681","chr16","34548874","34549171","38","33525490"
"JH378132","1030744","1031019","chr7","94369763","94370045","53","93339019"
"JH378132","1075040","1075341","chr1","53919172","53919477","35","52844132"
"JH378132","1079466","1079746","chr4","23954589","23954870","40","22875123"
"JH378132","1110638","1110936","chr12","10064948","10065242","31","8954310"
"JH378132","1164635","1164861","chr20","22435405","22435643","55","21270770"
"JH378132","1210434","1210742","chr8","1760359","1760667","31","549925"
"JH378132","1257196","1257345","chr24","12006231","12006380","15","10749035"
"JH378132","1307853","1308151","chr12","10064948","10065242","25","8757095"
"JH378132","1338481","1338769","chr13","12744728","12745010","46","11406247"
"JH378132","1391001","1391300","chr12","10064948","10065242","27","8673947"
"JH378132","1463195","1463505","chr5","36774379","36774687","33","35311184"
"JH378132","1523784","1524079","chr14","38813996","38814293","47","37290212"
"JH378132","1604224","1604544","chr1","65504304","65504612","37","63900080"
"JH378132","1626518","1626811","chr16","53397850","53398143","34","51771332"
"JH378132","1657151","1657439","chr16","43323290","43323578","52","41666139"
"JH378132","1699054","1699138","chr16","4405728","4405812","8","2706674"
"JH378132","1748790","1748872","chr5","67880800","67880883","8","66132010"
"JH378132","1776506","1776567","chr11","34257285","34257346","10","32480779"
"JH378132","1795196","1795292","chr22","82220107","82220203","5","80424911"
"JH378132","1803998","1804313","chr29","8278863","8279172","39","6474865"
"JH378132","1824879","1825178","chr9","61990785","61991084","42","60165906"
"JH378132","1874835","1875139","chr19","15777688","15778000","46","13902853"
"JH378132","1948939","1949248","chr11","115525233","115525542","32","113576294"
"JH378132","1961172","1961485","chr15","89948142","89948449","39","87986970"
"JH378132","2038672","2038948","chr9","86640988","86641280","48","84602316"
"JH378132","2098310","2098368","chr21","19468014","19468074","10","17369704"
"JH378132","2098517","2098630","chr24","81549581","81549693","15","79451064"
"JH378132","2106701","2107005","chr10","118597337","118597632","36","116490636"
"JH378132","2138176","2138270","chr22","82220107","82220203","10","80081931"
"JH378132","2149072","2149254","chr16","2162651","2162838","37","13579"
"JH378132","2156380","2156676","chr13","65577132","65577425","36","63420752"
"JH378132","2158530","2158820","chr16","18091158","18091443","33","15932628"
"JH378132","2166704","2166926","chr10","39070013","39070233","31","36903309"
"JH378132","2177006","2177124","chr15","53595698","53595816","14","51418692"
"JH378132","2177508","2177655","chr17","47733511","47733658","18","45556003"
"JH378132","2197905","2197995","chr3","65349691","65349782","10","63151786"
"JH378132","2242806","2242894","chr19","7758593","7758681","7","5515787"
"JH378132","2249978","2250269","chr12","10064948","10065242","28","7814970"
"JH378132","2279055","2279345","chr6","48913632","48913921","32","46634577"
"JH378132","2281820","2282093","chr20","122789292","122789589","50","120507472"
"JH378132","2295606","2295729","chr11","67336740","67336866","11","65041134"
"JH378132","2315678","2315811","chr26","18680949","18681076","20","16365271"
"JH378132","2315912","2316076","chr7","128354173","128354335","18","126038261"
"JH378132","2320203","2320482","chr21","74368618","74368909","37","72048415"
"JH378132","2322731","2323033","chr22","50629443","50629736","35","48306712"
"JH378132","2333399","2333732","chr3","88822455","88822777","64","86489056"
"JH378132","2377017","2377311","chr14","37615851","37616147","29","35238834"
"JH378132","2396185","2396377","chr11","117573457","117573649","28","115177272"
"JH378132","2398401","2398615","chr28","1883537","1883753","28","514864"
"JH378132","2405519","2405609","chr3","65349691","65349782","10","62944172"
"JH378132","2425708","2425998","chr15","64187917","64188210","43","61762209"
"JH378132","2436244","2436430","chr11","117106298","117106484","36","114670054"
"JH378132","2460824","2461119","chr7","92766523","92766818","34","90305699"
"JH378132","2482597","2482908","chr5","2273487","2273788","35","209110"
"JH378132","2496861","2496960","chr22","82220107","82220203","10","79723246"
"JH378132","2499133","2499439","chr5","66812818","66813124","44","64313685"
"JH378132","2520739","2521051","chr10","105560798","105561107","35","103040059"
"JH378132","2650561","2650622","chr13","52542683","52542737","13","49892122"
"JH378132","2678413","2678700","chr1","115205454","115205746","33","112527041"
"JH378132","2728022","2728326","chr14","79729598","79729899","31","77001576"
"JH378132","2736189","2736264","chr13","63031813","63031889","6","60295624"
"JH378132","2755863","2756156","chr11","105213946","105214237","40","102458083"
"JH378132","2762183","2762485","chr12","86044059","86044354","37","83281876"
"JH378132","2775915","2776233","chr4","62319289","62319595","45","59543374"
"JH378132","2805322","2805641","chr6","16598509","16598818","36","13793187"
"JH378132","2862261","2862549","chr21","107752220","107752506","32","104889959"
"JH378132","2900585","2900887","chr18","5878184","5878487","41","2977599"
"JH378132","2947805","2948098","chrX","23977849","23978143","32","21030044"
"JH378132","3011632","3011720","chr20","119761262","119761350","12","116749630"
"JH378132","3042146","3042376","chr16","52596936","52597170","40","49554790"
"JH378132","3152923","3153165","chr26","11007255","11007490","46","7854332"
"JH378132","3296493","3296784","chr12","10064948","10065242","31","6768455"
"JH378132","3344102","3344399","chr28","4550302","4550608","44","1206200"
"JH378132","3485166","3485296","chr3","91348390","91348521","10","87863224"
"JH378132","3528658","3528962","chr8","76189269","76189578","43","72660611"
"JH378132","3574985","3575299","chr23","65148033","65148342","36","61573048"
"JH378132","3586279","3586576","chr6","4113565","4113862","32","527286"
"JH378132","3608776","3609065","chr20","17781884","17782172","42","14173108"
"JH378132","3641383","3641648","chr11","64833784","64834059","35","61192401"
"JH378132","3707376","3707658","chr21","74368618","74368909","46","70661242"
"JH378132","3747370","3747682","chr24","68895333","68895641","47","65147963"
"JH378132","3758643","3758861","chr11","81214349","81214567","39","77455706"
"JH378132","3852384","3852674","chr2","83239333","83239617","37","79386949"
"JH378132","3920598","3920897","chr8","66333732","66334037","43","62413134"
"JH378132","4042153","4042427","chr20","47540691","47540961","52","43498538"
"JH378132","4045493","4045796","chr4","80896246","80896552","46","76850753"
"JH378132","4070650","4070898","chr8","21882287","21882536","41","17811637"
"JH378132","4187203","4187495","chr8","29290147","29290442","36","25102944"
"JH378132","4208276","4208581","chr13","93340159","93340464","41","89131883"
"JH378132","4433049","4433362","chr2","34891557","34891863","45","30458508"
"JH378132","4509520","4509721","chr2","41986599","41986802","36","37477079"
"JH378132","4524336","4524607","chr26","50395265","50395544","37","45870929"
"JH378132","4556702","4557003","chr10","118597337","118597632","31","114040635"
"JH378132","4561894","4561980","chr16","4405728","4405812","8","156166"
"JH378132","4642847","4643171","chr23","61082462","61082785","56","56439615"
"JH378132","4646356","4646662","chr1","103415790","103416081","48","98769434"
"JH378132","4700048","4700177","chrX","60368209","60368339","13","55668161"
"JH378132","4801870","4801993","chr17","42263080","42263203","14","37461210"
"JH378132","4802100","4802291","chr22","70066716","70066895","33","65264616"
"JH378132","4832579","4832666","chr16","4405728","4405812","11","426851"
"JH378132","5083801","5084004","chr11","96721458","96721661","25","91637657"
"JH378132","5097997","5098303","chr5","2273487","2273788","27","2824510"
"JH378132","5111270","5111396","chr14","86477174","86477304","15","81365904"
"JH378132","5138256","5138549","chr20","41083983","41084274","37","35945727"
"JH378132","5218528","5218825","chr10","118597337","118597632","34","113378809"
"JH378132","5269725","5270006","chr14","37172589","37172876","44","31902864"
"JH378132","5282301","5282604","chrX","111217777","111218082","47","105935476"
"JH378132","5303216","5303516","chr12","10064948","10065242","32","4761732"
"JH378132","5304211","5304508","chr11","58110010","58110310","33","52805799"
"JH378132","5462832","5463137","chr4","36255210","36255509","44","30792378"
"JH378132","5571261","5571405","chr25","34296439","34296582","17","28725178"
"JH378132","5676716","5677025","chr1","65504304","65504612","27","59827588"
"JH378132","5696974","5697103","chr14","85253092","85253225","16","79556118"
"JH378132","5788487","5788785","chr23","50438487","50438778","44","44650000"
"JH378132","5846825","5847137","chr9","34182892","34183200","41","28336067"
"JH378132","5895964","5896075","chr6","1067449","1067558","11","4828515"
"JH378132","5978446","5978532","chr12","7441397","7441481","9","1462951"
"JH378132","6024465","6024783","chr21","117780113","117780420","58","111755648"
"JH378132","6283818","6284108","chr18","63008760","63009055","46","56724942"
"JH378132","6293106","6293419","chrX","62513903","62514213","29","56220797"
"JH378132","6325761","6326063","chr21","8441745","8442044","41","2115984"
"JH378132","6337229","6337358","chr20","20852752","20852882","7","14515523"
"JH378132","6354717","6355015","chr10","93596989","93597285","38","87242272"
"JH378132","6383661","6383968","chr16","30398852","30399159","39","24015191"
"JH378132","6389928","6390178","chr17","29960106","29960356","38","23570178"
"JH378132","6395833","6395981","chr16","21687282","21687429","14","15291449"
"JH378132","6450839","6451145","chr21","113026944","113027242","36","106576105"
"JH378132","6457278","6457355","chr10","95538249","95538325","9","89080971"
"JH378132","6570732","6570903","chr26","19163610","19163784","26","12592878"
"JH378132","6600120","6600404","chr14","79801787","79802070","39","73201667"
"JH378132","6612135","6612448","chr8","32187026","32187333","38","25574891"
"JH378132","6668490","6668776","chr26","38637329","38637616","41","31968839"
"JH378132","6915360","6915657","chr14","37615851","37616147","30","30700491"
"JH378132","6954919","6955222","chr10","80989747","80990050","35","74034828"
"JH378132","7160943","7161241","chr12","10064948","10065242","30","2904005"
"JH378132","7226131","7226397","chr22","88832832","88833087","35","81606701"
"JH378132","7239547","7239847","chr4","30926814","30927112","38","23687267"
"JH378132","7306065","7306370","chr17","30236297","30236610","54","22930232"
"JH378132","7400811","7400939","chr3","91348390","91348521","12","83947579"
"JH378132","7488517","7488623","chr6","1067449","1067558","11","6421068"
"JH378132","7591672","7591916","chr8","39504365","39504620","49","31912693"
"JH378132","7602684","7602765","chr5","67880800","67880883","8","60278116"
"JH378132","7654184","7654470","chr5","65662303","65662590","42","58008119"
"JH378132","7684980","7685279","chr12","10064948","10065242","27","2379968"
"JH378132","7781958","7782052","chr13","25573510","25573594","19","17791552"
"JH378132","7782058","7782329","chr20","80564542","80564813","45","72782484"
"JH378132","7792710","7792966","chr9","96390861","96391117","31","88598151"
"JH378132","7803719","7803837","chrX","25959962","25960082","18","18156243"
"JH378132","7835306","7835414","chrX","25194654","25194764","14","17359348"
"JH378132","7931214","7931495","chrUn_KE147546v1","260439","260720","54","7670775"
"JH378132","8179197","8179297","chr22","82220107","82220203","10","74040910"
"JH378132","8188316","8188618","chr26","50395265","50395544","54","42206949"
"JH378132","8250849","8251118","chr18","66249703","66249966","47","57998854"
"JH378132","8263727","8264025","chr1","10803268","10803561","40","2539541"
"JH378132","8264715","8264948","chr6","3916811","3917038","41","4347904"
"JH378132","8269021","8269312","chr9","61990785","61991084","42","53721764"
"JH378132","8309934","8310217","chr1","105168338","105168617","47","96858404"
"JH378132","8316662","8316955","chr20","8158676","8158965","36","157986"
"JH378132","8317089","8317349","chr9","104139191","104139453","40","95822102"
"JH378132","8481201","8481497","chr13","65577132","65577425","35","57095931"
"JH378132","8543512","8543634","chr22","70066935","70067055","16","61523423"
"JH378132","8567754","8567834","chr5","67880800","67880883","9","59313046"
"JH378132","8569648","8569769","chr15","90834689","90834810","11","82265041"
"JH378132","8577403","8577698","chr13","65577132","65577425","29","56999729"
"JH378132","8651730","8651820","chr3","65349691","65349782","11","56697961"
"JH378132","8669251","8669356","chr1","39939684","39939788","12","31270433"
"JH378132","8695482","8695793","chr16","2999161","2999470","30","5696321"
"JH378132","8705299","8705590","chr20","121618255","121618545","29","112912956"
"JH378132","8721160","8721443","chrX_KE148108v1_random","2997252","2997529","37","5723908"
"JH378132","8757457","8757754","chr12","10064948","10065242","25","1307491"
"JH378132","8794899","8794973","chr10","95538249","95538325","10","86743350"
"JH378132","8800372","8800654","chr21","33287053","33287331","30","24486681"
"JH378132","8863786","8864094","chr2","34891557","34891863","28","26027771"
"JH378132","8917637","8917927","chr16","12235438","12235730","40","3317801"
"JH378132","8922746","8922841","chr22","82220107","82220203","10","73297361"
"JH378132","8931554","8931831","chr21","125309394","125309672","40","116377840"
"JH378132","8951994","8952297","chr14","79729598","79729899","31","70777604"
"JH378132","8956856","8957155","chr20","106884868","106885166","39","97928012"
"JH378132","8986502","8986800","chr12","10064948","10065242","26","1078446"
"JH378132","8995106","8995343","chr4","36151312","36151541","38","27156206"
"JH378132","9021833","9022149","chr20","119900333","119900636","56","110878500"
"JH378132","9028183","9028345","chr15","74665918","74666075","22","65637735"
"JH378132","9032013","9032324","chr6","16598509","16598818","33","7566496"
"JH378132","9050854","9051139","chr12","10601266","10601562","42","1550412"
"JH378132","9109515","9109591","chr13","63031813","63031889","6","53922298"
"JH378132","9120885","9121173","chr1","69586635","69586914","47","60465750"
"JH378132","9152717","9152842","chr24","81527278","81527388","24","72374561"
"JH378132","9214916","9215139","chr22","59423291","59423522","50","50208375"
"JH378132","9253038","9253323","chr14","44038439","44038738","46","34785401"
"JH378132","9255585","9255877","chr17","40266696","40267004","45","31011111"
"JH378132","9266297","9266593","chr23","34328669","34328947","57","25062372"
"JH378132","9273630","9273905","chr1","99004891","99005171","50","89731261"
"JH378132","9276312","9276609","chr24","54103930","54104233","44","44827618"
"JH378132","9291895","9292166","chr10","36010196","36010462","47","26718301"
"JH378132","9349546","9349809","chr13","90230359","90230615","42","80880813"
"JH378132","9357811","9358115","chr12","10064948","10065242","32","707137"
"JH378132","9500813","9501112","chrX","19063970","19064267","37","9563157"
"JH378132","9549391","9549686","chr12","10064948","10065242","27","515557"
"JH378132","9606450","9606767","chr16","23192969","23193288","60","13586519"
"JH378132","9798364","9798672","chr29","23130533","23130830","25","13332169"
"JH378132","9899063","9899371","chr21","107419313","107419621","47","97520250"
"JH378132","9962804","9963079","chr5","71310488","71310745","45","61347684"
"JH378132","9982367","9982666","chr15","90415486","90415784","35","80433119"
"JH378132","10019334","10019479","chr1","3373839","3373973","35","6645495"
"JH378132","10141675","10141970","chr12","10064948","10065242","25","76727"
"JH378132","10144029","10144322","chrX","23977849","23978143","36","13833820"
"JH378132","10161694","10161978","chr14","44357807","44358093","38","34196113"
"JH378132","10182143","10182458","chr10","88177543","88177855","39","77995400"
"JH378132","10201339","10201652","chr23","78958611","78958915","45","68757272"
"JH378132","10211719","10212010","chr20","97353520","97353811","32","87141801"
"JH378132","10238073","10238328","chr6","38291436","38291692","39","28053363"
"JH378132","10243558","10243862","chr3","10937420","10937729","45","693862"
"JH378132","10249476","10249780","chrX","23977849","23978143","49","13728373"
"JH378132","10254164","10254474","chr1","2872653","2872961","40","7381511"
"JH378132","10265882","10265947","chr19","14579948","14580013","11","4314066"
"JH378132","10272669","10272975","chr26","18977354","18977652","41","8704685"
"JH378132","10297971","10298056","chr24","40899299","40899383","6","30601328"
"JH378132","10303335","10303474","chr3","90669571","90669712","13","80366236"
"JH378132","10306171","10306438","chr4","67341451","67341711","40","57035280"
"JH378132","10328667","10328938","chr16","26067530","26067803","36","15738863"
"JH378132","10354847","10354950","chrX","2017984","2018087","8","8336863"
"JH378132","10356849","10357079","chr20","92882451","92882681","30","82525602"
"JH378132","10369400","10369529","chr20","20852752","20852882","9","10483352"
"JH378132","10370744","10370874","chr3","91348390","91348521","10","80977646"
"JH378132","10387215","10387506","chr6","38437831","38438120","31","28050616"
"JH378132","10404887","10404962","chr13","63031813","63031889","10","52626926"
"JH378132","10419272","10419379","chr12","53065987","53066095","12","42646715"
"JH378132","10431478","10431732","chr5","57856103","57856358","40","47424625"
"JH378132","10435526","10435602","chr13","63031813","63031889","6","52596287"
"JH378132","10439483","10439792","chr9","56811131","56811438","43","46371648"
"JH378132","10442615","10442701","chr16","4405728","4405812","11","6036887"
"JH378132","10446313","10446436","chr15","90834689","90834810","13","80388376"
"JH378132","10452076","10452153","chr13","63031813","63031889","7","52579737"
"JH378132","10453580","10453736","chr11","95753406","95753542","27","85299826"
"JH378132","10465086","10465176","chr22","82220107","82220203","9","71755021"
"JH378132","10467059","10467150","chr20","119761262","119761350","20","109294203"
"JH378132","10467216","10467361","chr14","84293151","84293311","41","73825935"
"JH378132","10467656","10467749","chr2","34024008","34024103","16","23556352"
"JH378132","10491964","10492092","chr8","131275046","131275172","28","120783082"
"JH378132","10497008","10497158","chr9","59130238","59130387","14","48633230"
"JH378132","10505091","10505388","chr12","10064948","10065242","29","440143"
"JH378132","10512297","10512372","chr13","63031813","63031889","8","52519516"
"JH378132","10530916","10531057","chr3","90669571","90669712","13","80138655"
"JH378132","10541455","10541552","chr22","82220107","82220203","9","71678652"
"JH378132","10556287","10556589","chr12","10064948","10065242","30","491339"
"JH378132","10563579","10563697","chr6","44144914","44145033","14","33581335"
"JH378132","10567408","10567703","chr18","71480316","71480609","40","60912908"
"JH378132","10570760","10570906","chr9","59130238","59130387","16","48559478"
"JH378132","10572629","10572741","chr1","45799231","45799335","27","35226602"
"JH378132","10575907","10576211","chr5","2273487","2273788","37","8302420"
"JH378132","10596649","10596771","chr15","90834689","90834810","10","80238040"
"JH378132","10629135","10629435","chr2","10310486","10310786","42","318649"
"JH378132","10642755","10642983","chr6","2372111","2372337","31","8270644"
"JH378132","10677132","10677429","chr7","91833238","91833529","38","81156106"
"JH378132","10778992","10779281","chr10","81813389","81813680","43","71034397"
"JH378132","10843105","10843223","chr6","11193830","11193948","15","350725"
"JH378132","10873599","10873895","chr12","58820917","58821209","39","47947318"
"JH378132","10909783","10910032","chr24","51563622","51563888","54","40653839"
"JH378132","10966032","10966348","chr4","47725991","47726299","40","36759959"
"JH378132","10986253","10986535","chr9","56377908","56378203","37","45391655"
"JH378132","11012665","11012950","chr12","14821307","14821598","49","3808642"
"JH378132","11015741","11016023","chr4","58986195","58986478","30","47970454"
"JH378132","11044084","11044382","chrX","104601258","104601549","34","93557174"
"JH378132","11070511","11070681","chr24","50322210","50322373","29","39251699"
"JH378132","11078799","11079092","chr1","103415790","103416081","42","92336991"
"JH378132","11290357","11290665","chr21","56205015","56205329","42","44914658"
"JH378132","11422953","11423083","chr9","96281358","96281488","11","84858405"
"JH378132","11498126","11498432","chr11","103943753","103944060","34","92445627"
"JH378132","11533510","11533804","chr23","27069668","27069962","37","15536158"
"JH378132","11544136","11544426","chrX","29936084","29936366","38","18391948"
"JH378132","11580920","11581192","chr25","83646042","83646305","39","72065122"
"JH378132","11587775","11588089","chr8","66644262","66644564","44","55056487"
"JH378132","11708439","11708752","chr2","20242750","20243052","41","8534311"
"JH378132","11781984","11782283","chr8","6185183","6185465","56","5596801"
"JH378132","11802269","11802332","chr1","95659730","95659794","15","83857461"
"JH378132","11898728","11899025","chr5","19230425","19230714","38","7331697"
"JH378132","11900081","11900363","chr5","20366749","20367033","40","8466668"
"JH378132","11932446","11932691","chr4","35832302","35832548","38","23899856"
"JH378132","11985210","11985457","chr11","119259842","119260088","28","107274632"
"JH378132","12019056","12019141","chr26","38500001","38500085","18","26480945"
"JH378132","12019371","12019570","chr6","8384876","8385077","30","3634495"
"JH378132","12031631","12031942","chr11","29946186","29946494","38","17914555"
"JH378132","12043233","12043533","chr29","8289755","8290055","32","3753478"
"JH378132","12136339","12136640","chr5","1720771","1721058","49","10415568"
"JH378132","12170857","12171144","chr5","32550374","32550665","40","20379517"
"JH378132","12179719","12180027","chr11","115525233","115525542","31","103345514"
"JH378132","12278200","12278304","chr1","39939684","39939788","10","27661484"
"JH378132","12288867","12289169","chr5","23332270","23332572","47","11043403"
"JH378132","12293488","12293793","chr11","12200103","12200404","39","93385"
"JH378132","12298544","12298828","chr20","20117789","20118077","43","7819245"
"JH378132","12373907","12374187","chr7","84918970","84919254","38","72545063"
"JH378132","12384228","12384520","chr21","25123896","25124189","35","12739668"
"JH378132","12385894","12386204","chr1","65504304","65504612","32","53118410"
"JH378132","12406400","12406688","chr15","3592422","3592706","47","8813978"
"JH378132","12419619","12419925","chr5","12221637","12221934","47","197982"
"JH378132","12429318","12429623","chr29","22212342","22212650","34","9783024"
"JH378132","12438446","12438755","chr21","112045117","112045429","52","99606671"
"JH378132","12440605","12440914","chr6","16598509","16598818","38","4157904"
"JH378132","12442223","12442528","chr26","41201246","41201544","41","28759023"
"JH378132","12479296","12479377","chr5","67880800","67880883","9","55401504"
"JH378132","12493056","12493357","chr5","23332270","23332572","40","10839214"
"JH378132","12494002","12494285","chr10","16080212","16080493","42","3586210"
"JH378132","12496980","12497120","chr3","90669571","90669712","13","78172591"
"JH378132","12505224","12505529","chr5","2273487","2273788","46","10231737"
"JH378132","12529057","12529337","chr10","127201999","127202278","39","114672942"
"JH378132","12544072","12544364","chrX","23977849","23978143","38","11433777"
"JH378132","12549847","12550129","chr10","81088081","81088364","42","68538234"
"JH378132","12560744","12561038","chr12","10064948","10065242","28","2495796"
"JH378132","12583895","12584205","chr11","115525233","115525542","33","102941338"
"JH378132","12588061","12588138","chr13","63031813","63031889","8","50443752"
"JH378132","12598113","12598428","chr2","34891557","34891863","40","22293444"
"JH378132","12605545","12605835","chr25","14438271","14438549","53","1832726"
"JH378132","12606315","12606617","chr13","8768487","8768786","41","3837828"
"JH378132","12648646","12648931","chr14","83371933","83372231","43","70723287"
"JH378132","12651013","12651145","chr25","23879262","23879394","15","11228249"
"JH378132","12661684","12661820","chr27","8311216","8311350","24","4350468"
"JH378132","12667572","12667887","chr12","24854834","24855139","42","12187262"
"JH378132","12688001","12688274","chr9","104467230","104467498","60","91779229"
"JH378132","12695221","12695514","chr25","51030152","51030441","42","38334931"
"JH378132","12767528","12767820","chr16","53397850","53398143","33","40630322"
"JH378132","12788001","12788142","chr12","42755129","42755268","15","29967128"
"JH378132","12809223","12809396","chr2","4697570","4697737","25","8111653"
"JH378132","12846627","12846728","chr22","82220107","82220203","13","69373480"
"JH378132","12849130","12849351","chr13","7317370","7317589","26","5531760"
"JH378132","12886185","12886470","chr2","89315677","89315967","43","76429492"
"JH378132","12903234","12903530","chr26","17948662","17948962","38","5045428"
"JH378132","12972437","12972728","chr6","38437831","38438120","31","25465394"
"JH378132","12991512","12991826","chr2","49104477","49104770","58","36112965"
"JH378132","13053314","13053608","chr9","96314869","96315163","39","83261555"
"JH378132","13292662","13292969","chr15","90589424","90589730","42","77296762"
"JH378132","13497787","13498092","chr2","43246770","43247066","51","29748983"
"JH378132","13531562","13531861","chr12","10064948","10065242","26","3466614"
"JH378132","13563605","13563891","chr4","15532519","15532799","49","1968914"
"JH378132","13590507","13590820","chr17","28137789","28138092","39","14547282"
"JH378132","13717925","13718226","chr1","103415790","103416081","35","89697865"
"JH378132","13802133","13802432","chr12","10064948","10065242","31","3737185"
"JH378132","13833423","13833674","chr19","9017172","9017426","36","4816251"
"JH378132","13843278","13843365","chr16","4405728","4405812","8","9437550"
"JH378132","13870789","13871083","chr13","65577132","65577425","36","51706343"
"JH378132","13875806","13876096","chr8","104167104","104167395","35","90291298"
"JH378132","13887666","13887744","chr16","3308866","3308945","9","10578800"
"JH378132","13894686","13894999","chr11","115525233","115525542","32","101630547"
"JH378132","13898567","13898869","chr12","17237753","17238061","39","3339186"
"JH378132","13908408","13908513","chr1","39939684","39939788","10","26031276"
"JH378132","13912210","13912299","chr19","7758593","7758681","9","6153617"
"JH378132","13913305","13913435","chr20","20852752","20852882","12","6939447"
"JH378132","13919129","13919423","chr12","34804818","34805110","46","20885689"
"JH378132","13930565","13930661","chrX","2017984","2018087","13","11912581"
"JH378132","13933276","13933510","chr16","5798617","5798859","42","8134659"
"JH378132","13975481","13975777","chr22","10282335","10282631","30","3693146"
"JH378132","13986777","13987069","chr12","10064948","10065242","31","3921829"
"JH378132","13992789","13992890","chrX","2017984","2018087","13","11974805"
"JH378132","14010496","14010572","chr13","63031813","63031889","9","49021317"
"JH378132","14011452","14011580","chr27","32448797","32448927","12","18437345"
"JH378132","14039016","14039229","chr2","34664561","34664778","31","20625545"
"JH378132","14039330","14039447","chr1","8688937","8689061","17","5350393"
"JH378132","14061127","14061427","chr12","10064948","10065242","29","3996179"
"JH378132","14065528","14065834","chr5","36774379","36774687","39","22708851"
"JH378132","14071821","14072075","chr9","96390861","96391117","29","82319040"
"JH378132","14087049","14087329","chr21","26073983","26074262","37","11986934"
"JH378132","14090163","14090428","chr27","37334117","37334370","46","23243954"
"JH378132","14092173","14092319","chr22","87450041","87450185","15","73357868"
"JH378132","14106352","14106635","chr8","52344592","52344885","38","38238240"
"JH378132","14120184","14120482","chr12","10064948","10065242","25","4055236"
"JH378132","14135433","14135741","chr2","34891557","34891863","31","20756124"
"JH378132","14136898","14137193","chr11","53220620","53220917","32","39083722"
"JH378132","14145393","14145532","chr26","6591504","6591639","17","7553889"
"JH378132","14147062","14147370","chr11","62643241","62643549","35","48496179"
"JH378132","14147919","14148154","chr9","106743255","106743488","25","92595336"
"JH378132","14159747","14159835","chr19","7758593","7758681","10","6401154"
"JH378132","14160252","14160478","chr11","126175108","126175340","34","112014856"
"JH378132","14188117","14188199","chr5","67880800","67880883","6","53692683"
"JH378132","14191315","14191613","chr12","10064948","10065242","31","4126367"
"JH378132","14195402","14195716","chr2","34732692","34732999","50","20537290"
"JH378132","14209324","14209417","chr22","82220107","82220203","8","68010783"
"JH378132","14231561","14231862","chr4","88194345","88194643","32","73962784"
"JH378132","14238876","14239180","chr5","2273487","2273788","34","11965389"
"JH378132","14241188","14241425","chr11","126175108","126175340","30","111933920"
"JH378132","14258331","14258574","chr9","56820105","56820361","45","42561774"
"JH378132","14271652","14271945","chr18","21477853","21478141","39","7206201"
"JH378132","14367684","14367989","chr5","2273487","2273788","29","12094197"
"JH378132","14394838","14395131","chr13","65577132","65577425","33","51182294"
"JH378132","14395718","14396012","chr24","22113783","22114076","35","7718065"
"JH378132","14402451","14402538","chr16","4405728","4405812","9","9996723"
"JH378132","14429315","14429606","chrX","110092521","110092822","41","95663206"
"JH378132","14431694","14431985","chr22","72744530","72744821","42","58312836"
"JH378132","14442076","14442388","chrX","468680","468977","38","13973396"
"JH378132","14504504","14504804","chr12","10064948","10065242","27","4439556"
"JH378132","14533649","14533949","chr18","71629517","71629808","45","57095868"
"JH378132","14542418","14542513","chr13","39982339","39982439","14","25439921"
"JH378132","14553109","14553416","chr2","56143790","56144095","41","41590681"
"JH378132","14618508","14618809","chr17","11389361","11389657","36","3229147"
"JH378132","14629667","14629937","chrX","29924254","29924528","34","15294587"
"JH378132","14648077","14648360","chr5","20366749","20367033","36","5718672"
"JH378132","14677446","14677765","chr11","20333718","20334026","40","5656272"
"JH378132","14760184","14760454","chr12","82326389","82326672","50","67566205"
"JH378132","14773753","14774055","chr12","10064948","10065242","36","4708805"
"JH378132","14777129","14777418","chr6","38437831","38438120","37","23660702"
"JH378132","14866609","14866921","chr13","55480293","55480602","45","40613684"
"JH378132","14899842","14900112","chr8","94942905","94943180","39","80043063"
"JH378132","14925496","14925573","chr10","95538249","95538325","8","80612753"
"JH378132","14955360","14955657","chr10","122219967","122220268","37","107264607"
"JH378132","14994777","14995088","chr1","65504304","65504612","32","50509527"
"JH378132","14995296","14995533","chr20","92882451","92882681","31","77887155"
"JH378132","15032486","15032763","chr20","80564542","80564813","33","65532056"
"JH378132","15047389","15047695","chr20","87404408","87404710","34","72357019"
"JH378132","15166311","15166619","chr23","78958611","78958915","43","63792300"
"JH378132","15344236","15344533","chrX","125302543","125302844","43","109958307"
"JH378132","15352304","15352608","chr20","40940162","40940460","44","25587858"
"JH378132","15430895","15431001","chr15","87769376","87769481","19","72338481"
"JH378132","15483214","15483526","chr20","111374247","111374540","52","95891033"
"JH378132","15502814","15502890","chr22","65091092","65091169","12","49588278"
"JH378132","15504220","15504310","chr19","7758593","7758681","10","7745627"
"JH378132","15583149","15583459","chr1","65504304","65504612","33","49921155"
"JH378132","15599816","15600141","chr8","52124179","52124487","47","36524363"
"JH378132","15655745","15656037","chr16","47900317","47900607","42","32244572"
"JH378132","15689135","15689416","chrX","95460911","95461200","37","79771776"
"JH378132","15755636","15755944","chr9","95969759","95970062","33","80214123"
"JH378132","15840424","15840709","chr11","16140631","16140920","33","300207"
"JH378132","15843662","15843978","chr1","65504304","65504612","40","49660642"
"JH378132","15905488","15905782","chr4","14340542","14340837","36","1564946"
"JH378132","15959580","15959861","chr13","21478451","21478731","40","5518871"
"JH378132","16068681","16068968","chr5","20566237","20566526","46","4497556"
"JH378132","16076439","16076729","chr4","67444451","67444740","39","51368012"
"JH378132","16099248","16099461","chr9","28573966","28574178","31","12474718"
"JH378132","16106251","16106553","chr18","5166611","5166907","59","10939640"
"JH378132","16133783","16134098","chr18","67218974","67219278","44","51085191"
"JH378132","16221429","16221695","chr16","4507009","4507276","51","11714420"
"JH378132","16247112","16247402","chr16","63566270","63566562","44","47319158"
"JH378132","16296735","16297039","chr27","12149934","12150235","40","4146801"
"JH378132","16302261","16302555","chr9","33892184","33892482","39","17589923"
"JH378132","16359038","16359179","chr12","83313139","83313279","28","66954101"
"JH378132","16359184","16359471","chr3","51320753","51321046","42","34961569"
"JH378132","16368035","16368302","chr9","114015180","114015455","46","97647145"
"JH378132","16507867","16508156","chr9","53696177","53696460","45","37188310"
"JH378132","16596922","16597216","chr15","71100240","71100531","57","54503318"
"JH378132","16600634","16600944","chr11","117737181","117737478","35","101136547"
"JH378132","16638742","16639064","chr12","6781553","6781865","73","9857189"
"JH378132","16677434","16677682","chr2","70004397","70004641","41","53326963"
"JH378132","16930000","16930275","chr9","84278819","84279099","41","67348819"
"JH378132","16980716","16981008","chr9","118446169","118446455","41","101465453"
"JH378132","17046153","17046256","chr1","39939684","39939788","12","22893531"
"JH378132","17088536","17088847","chrX","62513903","62514213","41","45425367"
"JH378132","17116779","17117059","chr9","61123989","61124258","48","44007210"
"JH378132","17161364","17161589","chr28","13200404","13200624","40","3960960"
"JH378132","17177118","17177410","chr16","63566270","63566562","49","46389152"
"JH378132","17264762","17265014","chr22","29496650","29496903","37","12231888"
"JH378132","17395332","17395640","chr10","57124869","57125163","50","39729537"
"JH378132","17471534","17471823","chr1","110767904","110768194","37","93296370"
"JH378132","17479780","17480080","chr10","95665357","95665659","50","78185577"
"JH378132","17575683","17575985","chr9","39095858","39096151","42","21520175"
"JH378132","17648018","17648280","chr7","98402247","98402504","50","80754229"
"JH378132","17660642","17660947","chr8","95885898","95886192","37","78225256"
"JH378132","17715179","17715426","chr20","82255291","82255555","56","64540112"
"JH378132","17736952","17737213","chr14","43410379","43410648","61","25673427"
"JH378132","17802740","17803034","chr12","10064948","10065242","32","7737792"
"JH378132","17862953","17863039","chr16","4405728","4405812","9","13457225"
"JH378132","17878487","17878775","chr19","8146510","8146808","44","9731977"
"JH378132","18057998","18058246","chr1","55477598","55477850","48","37419600"
"JH378132","18083240","18083525","chr20","121618255","121618545","46","103535015"
"JH378132","18100128","18100437","chr12","24612386","24612689","44","6512258"
"JH378132","18109806","18110105","chr12","101729349","101729650","42","83619543"
"JH378132","18148291","18148610","chr1","65504304","65504612","48","47356013"
"JH378132","18160359","18160672","chr3","20237905","20238212","36","2077546"
"JH378132","18234605","18234774","chrX_KE148108v1_random","3252520","3252689","26","14982085"
"JH378132","18251972","18252282","chr16","30398852","30399159","39","12146880"
"JH378132","18283729","18284040","chr11","115525233","115525542","30","97241504"
"JH378132","18327002","18327313","chr2","34385406","34385706","50","16058404"
"JH378132","18338302","18338609","chr26","56179571","56179873","35","37841269"
"JH378132","18347902","18348213","chr1","2872653","2872961","41","15475249"
"JH378132","18357721","18358018","chr18","66152378","66152674","39","47794657"
"JH378132","18368285","18368580","chr13","65577132","65577425","37","47208847"
"JH378132","18371612","18371723","chrX","89286738","89286848","30","70915126"
"JH378132","18399509","18399776","chr8","96501172","96501435","53","78101663"
"JH378132","18443013","18443320","chr8","96089866","96090170","34","77646853"
"JH378132","18445753","18445825","chr6","18529045","18529113","13","83292"
"JH378132","18445847","18445938","chr13","23647091","23647185","18","5201244"
"JH378132","18464397","18464681","chr10","83081189","83081479","42","64616792"
"JH378132","18486087","18486192","chr1","62097932","62098038","10","43611845"
"JH378132","18583522","18583785","chr23","36968203","36968460","44","18384681"
"JH378132","18615567","18615869","chr5","2273487","2273788","33","16342080"
"JH378132","18647246","18647342","chr22","82220107","82220203","9","63572861"
"JH378132","18676256","18676584","chr2","21278006","21278325","55","2601750"
"JH378132","18780681","18780909","chr4","78300817","78301048","34","59520136"
"JH378132","18858618","18858695","chr13","63031813","63031889","8","44173195"
"JH378132","18877104","18877350","chr3","27543319","27543573","46","8666215"
"JH378132","18893523","18893828","chrX","108706749","108707049","55","89813226"
"JH378132","18930203","18930508","chr20","89561089","89561394","32","70630886"
"JH378132","18951139","18951440","chr20","104630107","104630400","39","85678968"
"JH378132","19016630","19016926","chr23","56646135","56646425","43","37629505"
"JH378132","19060948","19061242","chr6","13297004","13297294","35","5763944"
"JH378132","19116830","19117119","chr2","34541558","34541838","47","15424728"
"JH378132","19181434","19181531","chr22","82220107","82220203","9","63038673"
"JH378132","19201539","19201613","chr14","48495218","48495299","13","29293679"
"JH378132","19218116","19218219","chr1","39939684","39939788","11","20721568"
"JH378132","19218320","19218532","chr20","17243098","17243310","26","1975222"
"JH378132","19218991","19219298","chr21","118079690","118079998","47","98860699"
"JH378132","19249843","19250129","chr19","12562553","12562828","54","6687290"
"JH378132","19520284","19520584","chr9","56054568","56054867","40","36534284"
"JH378132","19542137","19542422","chr1","80884068","80884343","38","61341931"
"JH378132","19626936","19627226","chr12","99558074","99558362","40","79931138"
"JH378132","19653692","19653791","chr1","39939684","39939788","15","20285992"
"JH378132","19768052","19768347","chr6","38437831","38438120","34","18669779"
"JH378132","19791991","19792086","chr22","82220107","82220203","5","62428116"
"JH378132","19798875","19798984","chr6","1067449","1067558","8","18731426"
"JH378132","19977320","19977657","chr14","46171515","46171849","44","26194195"
"JH378132","20065300","20065615","chr15","20063044","20063353","47","2256"
"JH378132","20159796","20160110","chr24","68895333","68895641","33","48735537"
"JH378132","20179119","20179196","chr13","63031813","63031889","11","42852694"
"JH378132","20217447","20217686","chr9","12794063","12794303","34","7423384"
"JH378132","20288278","20288576","chr12","10064948","10065242","27","10223330"
"JH378132","20318792","20319079","chr18","35878777","35879068","45","15559985"
"JH378132","20362523","20362786","chr21","105930798","105931061","43","85568275"
"JH378132","20383565","20383792","chr16","70124254","70124478","45","49740689"
"JH378132","20394523","20394809","chr26","50395265","50395544","43","30000742"
"JH378132","20396921","20397204","chr9","28771476","28771762","43","8374555"
"JH378132","20446318","20446564","chrX","67750498","67750751","63","47304180"
"JH378132","20449478","20449783","chrX","23977849","23978143","50","3528371"
"JH378132","20453594","20453897","chr1","68219231","68219530","43","47765637"
"JH378132","20468160","20468308","chr15","57712545","57712693","20","37244385"
"JH378132","20479643","20479949","chr18","65537601","65537908","36","45057958"
"JH378132","20486218","20486509","chr2","57111387","57111678","48","36625169"
"JH378132","20532740","20533037","chr21","108991689","108991988","41","88458949"
"JH378132","20533123","20533344","chr21","110897002","110897228","48","90363879"
"JH378132","20612503","20612793","chr29","8289755","8290055","39","12322748"
"JH378132","20635998","20636304","chr14","83371933","83372231","29","62735935"
"JH378132","20688539","20688852","chr22","5079064","5079372","56","15609475"
"JH378132","20785589","20785706","chr24","54232113","54232227","19","33446524"
"JH378132","20786443","20786560","chr24","54232113","54232227","19","33445670"
"JH378132","20892829","20893112","chr1","19019153","19019427","38","1873676"
"JH378132","20928552","20928863","chr4","16808054","16808360","40","4120498"
"JH378132","20985382","20985671","chr23","57605786","57606076","35","36620404"
"JH378132","21002693","21002943","chr9","92500633","92500888","56","71497940"
"JH378132","21022167","21022461","chr4","41202032","41202326","40","20179865"
"JH378132","21079851","21080153","chr17","4291651","4291958","42","16788200"
"JH378132","21436398","21436687","chr9","21386459","21386745","44","49939"
"JH378132","21661461","21661725","chr2","22390377","22390668","47","728916"
"JH378132","21751774","21752059","chr21","50410494","50410784","49","28658720"
"JH378132","21898304","21898606","chr12","6781553","6781865","75","15116751"
"JH378132","21931640","21931887","chr13","35645639","35645888","37","13713999"
"JH378132","21969490","21969723","chr16_KE148038v1_random","8733","8960","50","21960757"
"JH378132","21970747","21971040","chr23","29781662","29781939","56","7810915"
"JH378132","21987535","21987833","chr24","81526980","81527277","39","59539445"
"JH378132","22051460","22051768","chr1","65504304","65504612","31","43452844"
"JH378132","22100262","22100552","chr12","10064948","10065242","31","12035314"
"JH378132","22113709","22114014","chr2","35933723","35934028","31","13820014"
"JH378132","22160523","22160823","chr12","10064948","10065242","38","12095575"
"JH378132","22164396","22164695","chr25","57252016","57252312","37","35087620"
"JH378132","22178850","22178928","chr13","63031813","63031889","8","40852963"
"JH378132","22205481","22205761","chrX","120633614","120633888","44","98428133"
"JH378132","22216916","22217218","chr18","34769557","34769861","42","12552641"
"JH378132","22223358","22223486","chr3","91348390","91348521","15","69125032"
"JH378132","22233638","22233797","chr6","20795037","20795195","24","1438601"
"JH378132","22264394","22264591","chr2","41986599","41986802","31","19722205"
"JH378132","22267568","22267868","chr17","55983832","55984132","41","33716264"
"JH378132","22278517","22278842","chr11","115525233","115525542","58","93246716"
"JH378132","22304866","22305087","chr13","7317370","7317589","24","14987496"
"JH378132","22318950","22319260","chr8","130027443","130027761","59","107708493"
"JH378132","22336930","22337232","chr20","120605522","120605816","46","98268592"
"JH378132","22343780","22344081","chr16","33182065","33182368","41","10838285"
"JH378132","22353313","22353616","chr26","45435732","45436031","56","23082419"
"JH378132","22359346","22359606","chr26","32485027","32485291","43","10125681"
"JH378132","22363534","22363839","chr27","8193368","8193670","39","14170166"
"JH378132","22364616","22364762","chr3","90669571","90669712","17","68304955"
"JH378132","22370909","22370985","chr13","63031813","63031889","7","40660904"
"JH378132","22374079","22374372","chr15","5640861","5641152","43","16733218"
"JH378132","22383332","22383429","chr1","39939684","39939788","11","17556352"
"JH378132","22395139","22395310","chr20","35970245","35970417","27","13575106"
"JH378132","22403064","22403373","chr5","2273487","2273788","40","20129577"
"JH378132","22418524","22418611","chr16","4405728","4405812","10","18012796"
"JH378132","22419180","22419491","chr7","38253253","38253557","51","15834073"
"JH378132","22440689","22440926","chr1","45798974","45799204","38","23358285"
"JH378132","22441867","22441957","chr3","65349691","65349782","10","42907824"
"JH378132","22445925","22446113","chr12","46357434","46357617","24","23911509"
"JH378132","22453899","22454201","chr11","117737181","117737478","32","95283282"
"JH378132","22467881","22468174","chr12","5303669","5303965","43","17164212"
"JH378132","22486326","22486611","chr15","54120993","54121279","39","31634667"
"JH378132","22497935","22498084","chr7","75271378","75271525","22","52773443"
"JH378132","22505754","22506056","chr14","83570862","83571166","36","61065108"
"JH378132","22541176","22541261","chr19","23494523","23494608","21","953347"
"JH378132","22542959","22543240","chr1","105168338","105168617","52","82625379"
"JH378132","22543241","22543525","chrX","22889156","22889454","48","345915"
"JH378132","22544849","22545160","chr11","115525233","115525542","33","92980384"
"JH378132","22564567","22564650","chr19","7758593","7758681","17","14805974"
"JH378132","22573796","22573922","chr11","106843296","106843425","13","84269500"
"JH378132","22574855","22575138","chr12","74716502","74716795","38","52141647"
"JH378132","22603705","22603802","chrX","104238","104337","18","22499467"
"JH378132","22665017","22665311","chr14","64881304","64881598","51","42216287"
"JH378132","22669905","22670184","chr1","108265208","108265479","56","85595303"
"JH378132","22678784","22679086","chr16","65250770","65251068","29","42571986"
"JH378132","22684948","22685252","chr24","51004467","51004765","38","28319519"
"JH378132","22688256","22688550","chr12","10064948","10065242","25","12623308"
"JH378132","22749402","22749492","chr3","65349691","65349782","10","42600289"
"JH378132","22752999","22753088","chr19","7758593","7758681","10","14994406"
"JH378132","22758831","22759144","chr1","65504304","65504612","30","42745473"
"JH378132","22784995","22785303","chr5","2273487","2273788","37","20511508"
"JH378132","22799716","22800023","chr9","95969759","95970062","31","73170043"
"JH378132","22948397","22948579","chr10","21251060","21251245","32","1697337"
"JH378132","22955221","22955519","chr8","20459020","20459321","40","2496201"
"JH378132","22984117","22984207","chr19","7758593","7758681","10","15225524"
"JH378132","23097389","23097679","chr12","60432247","60432540","33","37334858"
"JH378132","23107415","23107718","chr14","83371933","83372231","31","60264518"
"JH378132","23116103","23116382","chr21","35798011","35798296","37","12681908"
"JH378132","23118764","23119051","chr10","37233627","37233913","41","14114863"
"JH378132","23148027","23148322","chr16","53397850","53398143","39","30249823"
"JH378132","23210719","23211020","chr17","55983832","55984132","34","32773113"
"JH378132","23280276","23280507","chr16","69318389","69318626","32","46038113"
"JH378132","23291427","23291729","chr9","1052717","1053012","39","22238710"
"JH378132","23291941","23292039","chr22","82220107","82220203","9","58928166"
"JH378132","23297317","23297598","chr19","19502742","19503020","38","3794575"
"JH378132","23312903","23313211","chr1","2872653","2872961","38","20440250"
"JH378132","23313574","23313795","chr15","89482828","89483060","42","66169254"
"JH378132","23322931","23323021","chr3","65349691","65349782","10","42026760"
"JH378132","23339768","23340075","chr9","125110907","125111213","44","101771139"
"JH378132","23340653","23340941","chrX","95460911","95461200","33","72120258"
"JH378132","23376798","23377102","chr5","2273487","2273788","32","21103311"
"JH378132","23382796","23383090","chr17","47506320","47506613","33","24123524"
"JH378132","23409858","23410152","chr7","115787008","115787298","47","92377150"
"JH378132","23443510","23443663","chr27","23314293","23314443","20","129217"
"JH378132","23445441","23445734","chr10","74523997","74524295","47","51078556"
"JH378132","23474257","23474341","chr16","4405728","4405812","6","19068529"
"JH378133","17301489","17301775","chr6","31033848","31034135","54","13732359"
"JH378133","54603","54892","chr8","138416364","138416651","43","138361761"
"JH378133","70814","71100","chr9","26807010","26807295","37","26736196"
"JH378133","144529","144792","chr4","41989352","41989604","43","41844823"
"JH378133","156755","156885","chr3","91348390","91348521","11","91191635"
"JH378133","211290","211591","chr12","103011241","103011542","35","102799951"
"JH378133","295702","295974","chr11","47378800","47379074","54","47083098"
"JH378133","318939","319239","chr15","87418589","87418893","47","87099650"
"JH378133","334092","334387","chr20","55073284","55073576","46","54739192"
"JH378133","340567","340657","chr3","65349691","65349782","13","65009124"
"JH378133","359810","360103","chr12","13083707","13083986","50","12723897"
"JH378133","372249","372527","chr1","69586635","69586914","39","69214386"
"JH378133","416530","416811","chr1","26328717","26329002","53","25912187"
"JH378133","446479","446565","chr16","4405728","4405812","8","3959249"
"JH378133","465272","465569","chr2","35931939","35932239","45","35466667"
"JH378133","560937","561238","chr26","24278477","24278782","53","23717540"
"JH378133","592400","592674","chr3","85333962","85334240","46","84741562"
"JH378133","623824","624079","chr26","14438107","14438343","55","13814283"
"JH378133","629674","629963","chr14","236239","236531","47","393435"
"JH378133","654238","654523","chr10","19024441","19024725","41","18370203"
"JH378133","691427","691728","chr22","47793370","47793666","42","47101943"
"JH378133","738450","738754","chr7","19605160","19605458","34","18866710"
"JH378133","784607","784900","chr12","60432247","60432540","33","59647640"
"JH378133","786670","786961","chr11","31810061","31810353","46","31023391"
"JH378133","830877","831165","chrX","17246394","17246689","44","16415517"
"JH378133","837112","837244","chr13","87477413","87477530","28","86640301"
"JH378133","843281","843451","chr1","40342760","40342931","29","39499479"
"JH378133","855066","855140","chr13","63031813","63031889","6","62176747"
"JH378133","913291","913611","chr28","15125496","15125797","55","14212205"
"JH378133","941920","942212","chr1","46456050","46456345","44","45514130"
"JH378133","951862","951951","chr3","65349691","65349782","12","64397829"
"JH378133","959521","959808","chr12","55113250","55113544","37","54153729"
"JH378133","968594","968887","chrX","23977849","23978143","36","23009255"
"JH378133","982920","983044","chr15","90834689","90834810","13","89851769"
"JH378133","1049567","1049660","chr14","76690705","76690804","31","75641138"
"JH378133","1049999","1050105","chr6","5216779","5216886","20","4166780"
"JH378133","1065021","1065326","chr9","15987970","15988276","36","14922949"
"JH378133","1069011","1069154","chr3","23475383","23475528","24","22406372"
"JH378133","1160114","1160374","chr9","104139191","104139453","47","102979077"
"JH378133","1164397","1164701","chr5","2273487","2273788","50","1109090"
"JH378133","1191835","1192117","chr27","11039992","11040277","46","9848157"
"JH378133","1218316","1218595","chr9","12848067","12848359","45","11629751"
"JH378133","1342461","1342756","chr12","10064948","10065242","23","8722487"
"JH378133","1387072","1387358","chr1","64505503","64505779","46","63118431"
"JH378133","1568669","1568986","chr6","16598509","16598818","33","15029840"
"JH378133","1581214","1581496","chr25","14438271","14438549","28","12857057"
"JH378133","1662942","1663027","chr2","58779922","58779999","26","57116980"
"JH378133","1718786","1719090","chr4","88331964","88332268","36","86613178"
"JH378133","1722429","1722739","chr6","15953108","15953417","47","14230679"
"JH378133","1753642","1753931","chr4","73877177","73877465","37","72123535"
"JH378133","1769049","1769344","chr12","10064948","10065242","27","8295899"
"JH378133","1780170","1780474","chr20","46933799","46934103","42","45153629"
"JH378133","1822081","1822366","chr22","20715207","20715496","44","18893126"
"JH378133","1824024","1824296","chr23","5517272","5517549","39","3693248"
"JH378133","1836820","1837040","chr9","85823140","85823362","41","83986320"
"JH378133","1849992","1850294","chr17","63630719","63631021","49","61780727"
"JH378133","1852801","1853107","chr21","121143183","121143493","35","119290382"
"JH378133","1853499","1853754","chr5","57856103","57856358","35","56002604"
"JH378133","1856673","1856965","chr14","64881304","64881598","36","63024631"
"JH378133","1868282","1868566","chr3","82509225","82509507","40","80640943"
"JH378133","1894214","1894513","chr20","7540190","7540493","50","5645976"
"JH378133","2002079","2002379","chr13","65577132","65577425","37","63575053"
"JH378133","2003119","2003423","chr26","38024857","38025165","36","36021738"
"JH378133","2029917","2030231","chr11","115525233","115525542","27","113495316"
"JH378133","2061090","2061399","chr2","34891557","34891863","29","32830467"
"JH378133","2172161","2172470","chr1","65504304","65504612","32","63332143"
"JH378133","2236000","2236317","chr3","10937420","10937729","35","8701420"
"JH378133","2254510","2254817","chr3","69332563","69332863","43","67078053"
"JH378133","2260429","2260719","chr12","10064948","10065242","40","7804519"
"JH378133","2360670","2360973","chr9","114159335","114159636","35","111798665"
"JH378133","2528362","2528668","chr28","4550302","4550608","36","2021940"
"JH378133","2537654","2537984","chrX","28194989","28195297","47","25657335"
"JH378133","2546994","2547279","chr20","108907026","108907317","33","106360032"
"JH378133","2589444","2589761","chrX","125978862","125979170","47","123389418"
"JH378133","2681707","2681786","chr16","3308866","3308945","9","627159"
"JH378133","2898233","2898543","chr20","107972036","107972343","34","105073803"
"JH378133","2941083","2941391","chr7","37159294","37159601","36","34218211"
"JH378133","2957776","2958083","chr17","35258575","35258878","36","32300799"
"JH378133","3002375","3002497","chr15","90834689","90834810","11","87832314"
"JH378133","3002666","3002961","chr13","75976745","75977032","50","72974079"
"JH378133","3052229","3052496","chr3","27543319","27543573","42","24491090"
"JH378133","3070472","3070760","chr10","127495198","127495486","32","124424726"
"JH378133","3101332","3101633","chr20","92081006","92081298","40","88979674"
"JH378133","3107629","3107854","chr16_KE148038v1_random","8733","8960","32","3098896"
"JH378133","3129804","3129900","chr19","23494523","23494608","20","20364719"
"JH378133","3130839","3131157","chr2","34891557","34891863","47","31760718"
"JH378133","3165461","3165536","chr13","63031813","63031889","7","59866352"
"JH378133","3169142","3169451","chr15","29942021","29942331","47","26772879"
"JH378133","3171208","3171381","chr20_AQIB01158190v1_random","9276","9448","29","3161932"
"JH378133","3173591","3173891","chr11","47284357","47284657","44","44110766"
"JH378133","3227046","3227226","chr4","53338732","53338913","36","50111686"
"JH378133","3270802","3271101","chr12","10064948","10065242","37","6794146"
"JH378133","3280044","3280378","chr20","119195719","119196046","56","115915675"
"JH378133","3296568","3296824","chr14","95964336","95964605","46","92667768"
"JH378133","3324051","3324350","chr12","10064948","10065242","37","6740897"
"JH378133","3370692","3370915","chr6","2372111","2372337","37","998581"
"JH378133","3511388","3511681","chr13","45058548","45058844","42","41547160"
"JH378133","3571099","3571391","chr4","65658384","65658661","48","62087285"
"JH378133","3582723","3583007","chr10","54966942","54967236","41","51384219"
"JH378133","3594866","3595066","chr9","64059966","64060162","42","60465100"
"JH378133","3653650","3653931","chr22","1439839","1440125","43","2213811"
"JH378133","3685599","3685672","chr13","63031813","63031889","9","59346214"
"JH378133","3731412","3731680","chr21","33287053","33287331","36","29555641"
"JH378133","3838130","3838418","chr13","42954186","42954465","46","39116056"
"JH378133","3866248","3866553","chr14","18217445","18217755","37","14351197"
"JH378133","3891788","3892089","chr11","107207698","107208003","47","103315910"
"JH378133","3892093","3892223","chr6","6662377","6662505","15","2770284"
"JH378133","3914130","3914438","chr9","57379236","57379539","43","53465106"
"JH378133","3916990","3917289","chr15","18549945","18550246","33","14632955"
"JH378133","3998732","3999032","chr3","29967257","29967552","49","25968525"
"JH378133","4100482","4100778","chr11","52684567","52684863","38","48584085"
"JH378133","4104981","4105252","chrX","15774021","15774297","49","11669040"
"JH378133","4138294","4138596","chr17","58080479","58080781","39","53942185"
"JH378133","4153811","4154103","chr6","42761091","42761382","42","38607280"
"JH378133","4176501","4176803","chr29","8289755","8290055","35","4113254"
"JH378133","4196037","4196321","chr9","26033971","26034251","36","21837934"
"JH378133","4197208","4197493","chr5","20366749","20367033","39","16169541"
"JH378133","4208982","4209286","chr27","39460297","39460598","42","35251315"
"JH378133","4224173","4224256","chr25","73625021","73625100","16","69400848"
"JH378133","4236471","4236665","chr16","68347258","68347451","21","64110787"
"JH378133","4271734","4272025","chr3","3085736","3086032","51","1185998"
"JH378133","4294803","4294879","chr13","63031813","63031889","7","58737010"
"JH378133","4296473","4296570","chr22","82220107","82220203","14","77923634"
"JH378133","4300482","4300654","chr2","37145074","37145258","31","32844592"
"JH378133","4300873","4301042","chr24","8220740","8220908","25","3919867"
"JH378133","4305602","4305914","chr14","83371933","83372231","32","79066331"
"JH378133","4345205","4345508","chr12","10064948","10065242","27","5719743"
"JH378133","4392223","4392528","chr24","13365099","13365397","53","8972876"
"JH378133","4438929","4439205","chr12","13260494","13260774","33","8821565"
"JH378133","4448021","4448097","chr23","79040257","79040325","21","74592236"
"JH378133","4499649","4499956","chr25","50712291","50712593","40","46212642"
"JH378133","4597466","4597772","chr4","71100937","71101237","39","66503471"
"JH378133","4607871","4608181","chr11","20333718","20334026","30","15725847"
"JH378133","4654191","4654501","chr1","65504304","65504612","33","60850113"
"JH378133","4685308","4685615","chr9","56811131","56811438","41","52125823"
"JH378133","4757278","4757586","chr12","74217361","74217667","36","69460083"
"JH378133","4772465","4772793","chr11","115525233","115525542","47","110752768"
"JH378133","4808021","4808325","chr15","5114677","5114969","38","306656"
"JH378133","4855883","4855978","chr22","82220107","82220203","6","77364224"
"JH378133","4856549","4856820","chr24","76614329","76614607","40","71757780"
"JH378133","4882872","4883168","chr8","5910970","5911259","40","1028098"
"JH378133","4959751","4959907","chr13","34653627","34653777","29","29693876"
"JH378133","4970166","4970261","chr22","82220107","82220203","9","77249941"
"JH378133","4984933","4985023","chr3","65349691","65349782","10","60364758"
"JH378133","4995852","4996157","chr4","73035785","73036085","37","68039933"
"JH378133","5000349","5000598","chr6","1954290","1954517","50","3046059"
"JH378133","5026066","5026140","chr13","63031813","63031889","7","58005747"
"JH378133","5052775","5053082","chrX_KE148108v1_random","5190536","5190842","40","137761"
"JH378133","5075748","5076038","chr18","66152378","66152674","29","61076630"
"JH378133","5081444","5081739","chr26","42299852","42300131","55","37218408"
"JH378133","5089899","5090210","chr11","115525233","115525542","32","110435334"
"JH378133","5127064","5127207","chr3","90669571","90669712","12","85542507"
"JH378133","5141995","5142289","chr12","10064948","10065242","28","4922953"
"JH378133","5212045","5212344","chr9","81056861","81057162","34","75844816"
"JH378133","5230182","5230463","chr8","94667632","94667918","43","89437450"
"JH378133","5255909","5256195","chr1","83672883","83673171","41","78416974"
"JH378133","5274630","5274937","chr20","86951906","86952213","43","81677276"
"JH378133","5295299","5295599","chr12","10064948","10065242","31","4769649"
"JH378133","5313922","5314224","chr1","68219231","68219530","37","62905309"
"JH378133","5344272","5344580","chr5","57462893","57463195","33","52118621"
"JH378133","5352410","5352718","chr20","70184160","70184468","38","64831750"
"JH378133","5452364","5452492","chr20","20852752","20852882","13","15400388"
"JH378133","5542384","5542686","chr13","65577132","65577425","39","60034748"
"JH378133","5596787","5596891","chr1","39939684","39939788","12","34342897"
"JH378133","5599714","5599999","chr5","1720771","1721058","38","3878943"
"JH378133","5604367","5604662","chr12","10064948","10065242","39","4460581"
"JH378133","5633333","5633623","chr5","55713931","55714212","52","50080598"
"JH378133","5900835","5901136","chr13","65577132","65577425","28","59676297"
"JH378133","5968126","5968424","chr12","10064948","10065242","29","4096822"
"JH378133","6051699","6052003","chr2","46194865","46195158","53","40143166"
"JH378133","6078080","6078386","chr3","9603791","9604094","34","3525711"
"JH378133","6114763","6115046","chr6","39821159","39821430","57","33706396"
"JH378133","6143532","6143826","chr12","10064948","10065242","28","3921416"
"JH378133","6227815","6228089","chr21","13632094","13632355","40","7404279"
"JH378133","6288217","6288521","chr9","96314869","96315163","48","90026652"
"JH378133","6337745","6338037","chr5","75332537","75332800","132","68994792"
"JH378133","6339262","6339508","chr14","37999753","38000000","42","31660491"
"JH378133","6558508","6558799","chr12","10064948","10065242","32","3506440"
"JH378133","6580130","6580307","chr25","1237063","1237237","30","5343067"
"JH378133","6585572","6585883","chr17","42944504","42944811","39","36358932"
"JH378133","6594124","6594440","chr7","102454511","102454815","41","95860387"
"JH378133","6715782","6716083","chr20","67956614","67956912","32","61240832"
"JH378133","6792790","6793068","chrX","49498574","49498857","33","42705784"
"JH378133","6902839","6903124","chr4","74202712","74202991","35","67299873"
"JH378133","6956177","6956483","chr11","125798758","125799061","36","118842581"
"JH378133","6962288","6962443","chr9","85564984","85565140","24","78602696"
"JH378133","6966262","6966552","chr7","69565483","69565774","36","62599221"
"JH378133","6968378","6968650","chr20","115085070","115085341","52","108116692"
"JH378133","7210311","7210629","chr17","44387479","44387789","49","37177168"
"JH378133","7294852","7295158","chr8","91434027","91434331","33","84139175"
"JH378133","7335077","7335389","chr1","65504304","65504612","31","58169227"
"JH378133","7354276","7354568","chr14","58657898","58658189","28","51303622"
"JH378133","7373858","7374162","chr20","105468242","105468534","43","98094384"
"JH378133","7422378","7422671","chr18","72052984","72053276","31","64630606"
"JH378133","7478490","7478785","chr15","65122808","65123099","38","57644318"
"JH378133","7482316","7482612","chr9","92415292","92415589","43","84932976"
"JH378133","7493565","7493885","chr8","129835506","129835823","61","122341941"
"JH378133","7510840","7510921","chr14","48495218","48495299","10","40984378"
"JH378133","7524746","7525029","chr12","26397452","26397733","35","18872706"
"JH378133","7550823","7551133","chr11","115525233","115525542","34","107974410"
"JH378133","7558808","7558897","chr19","7758593","7758681","9","199785"
"JH378133","7578168","7578456","chr2","15643914","15644197","41","8065746"
"JH378133","7586983","7587267","chr7","36238086","36238370","42","28651103"
"JH378133","7589192","7589493","chr9","57875604","57875901","36","50286412"
"JH378133","7591269","7591558","chr13","65577132","65577425","42","57985863"
"JH378133","7598920","7599193","chr25","79258680","79258945","41","71659760"
"JH378133","7604860","7605145","chr9","34410226","34410521","48","26805366"
"JH378133","7611910","7612215","chr28","13557476","13557782","40","5945566"
"JH378133","7612418","7612726","chr11","60148033","60148342","40","52535615"
"JH378133","7632732","7633025","chr12","10064948","10065242","37","2432216"
"JH378133","7647348","7647588","chr4","70631421","70631655","39","62984073"
"JH378133","7650309","7650592","chr5","20366749","20367033","42","12716440"
"JH378133","7676206","7676501","chr14","13294519","13294811","40","5618313"
"JH378133","7682952","7683042","chr3","65349691","65349782","11","57666739"
"JH378133","7686441","7686535","chr22","82220107","82220203","10","74533666"
"JH378133","7698503","7698803","chr12","10064948","10065242","23","2366445"
"JH378133","7703486","7703607","chr15","90834689","90834810","12","83131203"
"JH378133","7721214","7721477","chr23","42812151","42812409","44","35090937"
"JH378133","7736809","7737098","chr20","60738883","60739166","56","53002074"
"JH378133","7739123","7739428","chr5","2273487","2273788","32","5465636"
"JH378133","7750137","7750444","chr16","14358940","14359244","35","6608803"
"JH378133","7752108","7752198","chr3","65349691","65349782","8","57597583"
"JH378133","7752698","7752828","chr3","91348390","91348521","11","83595692"
"JH378133","7762520","7762827","chr8","63257780","63258086","35","55495260"
"JH378133","7784337","7784648","chr23","41434219","41434517","44","33649882"
"JH378133","7786748","7786991","chr20","20049923","20050167","28","12263175"
"JH378133","7827407","7827706","chr9","78752005","78752301","46","70924598"
"JH378133","7832347","7832650","chr19","11766129","11766433","36","3933782"
"JH378133","7857191","7857463","chr6","38096618","38096895","40","30239427"
"JH378133","7868887","7869195","chr26","9300679","9300984","38","1431792"
"JH378133","7916134","7916387","chr16","68347000","68347257","42","60430866"
"JH378133","7921868","7921943","chr13","63031813","63031889","5","55109945"
"JH378133","7970850","7971144","chr8","95885898","95886192","41","87915048"
"JH378133","7986866","7987173","chr24","8671875","8672178","42","685009"
"JH378133","7994391","7994675","chr23","57616217","57616508","35","49621826"
"JH378133","7998597","7998895","chr29","10722547","10722839","38","2723950"
"JH378133","8028466","8028740","chr5","23732417","23732687","45","15703951"
"JH378133","8140716","8140838","chr15","90834689","90834810","12","82693973"
"JH378133","8157326","8157639","chr16","14854865","14855159","51","6697539"
"JH378133","8157947","8158243","chrX","92294937","92295232","36","84136990"
"JH378133","8160355","8160676","chr20","8994050","8994369","50","833695"
"JH378133","8166618","8166767","chr9","59130238","59130387","16","50963620"
"JH378133","8172350","8172454","chr20","25652388","25652489","18","17480038"
"JH378133","8176854","8177114","chr13","23606666","23606929","40","15429812"
"JH378133","8184033","8184323","chr22","18084841","18085135","46","9900808"
"JH378133","8185652","8185742","chr3","65349691","65349782","10","57164039"
"JH378133","8189335","8189630","chr24","11849627","11849924","43","3660292"
"JH378133","8198547","8198844","chr2","36594604","36594898","38","28396057"
"JH378133","8201810","8202094","chr22","32960055","32960340","36","24758245"
"JH378133","8203274","8203589","chr3","56591334","56591642","51","48388060"
"JH378133","8232875","8232975","chr24","34051581","34051688","21","25818706"
"JH378133","8244642","8244932","chr26","23072554","23072847","35","14827912"
"JH378133","8259954","8260262","chr18","31540660","31540966","39","23280706"
"JH378133","8353369","8353672","chr5","2273487","2273788","28","6079882"
"JH378133","8385706","8385998","chr1","110767904","110768194","37","102382198"
"JH378133","8407828","8408131","chr1","103415790","103416081","34","95007962"
"JH378133","8432139","8432452","chr12","10064948","10065242","37","1632809"
"JH378133","8442439","8442736","chr12","10064948","10065242","29","1622509"
"JH378133","8571373","8571467","chr22","82220107","82220203","9","73648734"
"JH378133","8614724","8615054","chr2","49825326","49825657","53","41210602"
"JH378133","8628723","8629027","chr12","6781553","6781865","115","1847170"
"JH378133","8650290","8650544","chr9","96390861","96391117","31","87740571"
"JH378133","8667667","8667964","chr12","10064948","10065242","28","1397281"
"JH378133","8707545","8707842","chr10","57124869","57125163","36","48417324"
"JH378133","8724808","8725116","chr5","2273487","2273788","37","6451321"
"JH378133","8770051","8770354","chr2","23330549","23330849","32","14560498"
"JH378133","8783675","8783956","chr9","94521914","94522196","38","85738239"
"JH378133","8824476","8824784","chr6","16598509","16598818","30","7774033"
"JH378133","8865010","8865315","chr12","10064948","10065242","28","1199938"
"JH378133","8964638","8964947","chr5","2273487","2273788","37","6691151"
"JH378133","8966776","8966911","chr26","6591504","6591639","12","2375272"
"JH378133","8976902","8977128","chr21","71246060","71246287","30","62269158"
"JH378133","9017760","9018061","chr12","10064948","10065242","29","1047188"
"JH378133","9039669","9039912","chr16","5798617","5798859","24","3241052"
"JH378133","9087545","9087854","chr1","108565860","108566161","38","99478315"
"JH378133","9088133","9088428","chr12","10064948","10065242","26","976815"
"JH378133","9094884","9095169","chr16","33925418","33925712","44","24830534"
"JH378133","9103031","9103327","chr12","10064948","10065242","28","961917"
"JH378133","9108920","9109191","chr9","114015180","114015455","30","104906260"
"JH378133","9123141","9123224","chr5","67880800","67880883","5","58757659"
"JH378133","9125839","9126140","chr12","10064948","10065242","26","939109"
"JH378133","9162375","9162609","chrX","112046945","112047179","28","102884570"
"JH378133","9166078","9166328","chr3","81094285","81094529","34","71928207"
"JH378133","9169337","9169426","chr3","65349691","65349782","11","56180354"
"JH378133","9183373","9183457","chr16","4405728","4405812","7","4777645"
"JH378133","9184819","9184913","chr16","16463904","16464000","17","7279085"
"JH378133","9187081","9187362","chr13","97751344","97751630","41","88564263"
"JH378133","9187809","9188120","chr16","2999161","2999470","32","6188648"
"JH378133","9196609","9196752","chr3","91348390","91348521","28","82151781"
"JH378133","9211462","9211551","chr3","65349691","65349782","12","56138229"
"JH378133","9218231","9218327","chr22","82220107","82220203","5","73001876"
"JH378133","9227283","9227575","chr21","30590903","30591190","36","21363620"
"JH378133","9231765","9231881","chr24","54232113","54232227","19","45000348"
"JH378133","9232547","9232642","chr22","82220107","82220203","7","72987560"
"JH378133","9248441","9248531","chr3","65349691","65349782","10","56101250"
"JH378133","9252741","9252830","chr19","7758593","7758681","12","1494148"
"JH378133","9276360","9276455","chr22","82220107","82220203","7","72943747"
"JH378133","9295755","9296062","chr5","2273487","2273788","28","7022268"
"JH378133","9330500","9330800","chr5","2273487","2273788","27","7057013"
"JH378133","9341120","9341402","chr21","89042176","89042456","36","79701056"
"JH378133","9349607","9349906","chr28","13556614","13556903","34","4207007"
"JH378133","9401874","9402004","chr1","97802296","97802426","12","88400422"
"JH378133","9431470","9431770","chr6","29861707","29862004","31","20430237"
"JH378133","9511334","9511397","chr21","11193453","11193513","17","1682119"
"JH378133","9532363","9532512","chr9","59130238","59130387","15","49597875"
"JH378133","9546343","9546614","chr1","93328858","93329129","43","83782515"
"JH378133","9564290","9564393","chrX","2017984","2018087","8","7546306"
"JH378133","9607129","9607429","chr17","71603189","71603494","41","61996060"
"JH378133","9626361","9626654","chr12","53704460","53704753","36","44078099"
"JH378133","9637536","9637839","chr10","122219967","122220268","40","112582431"
"JH378133","9640746","9640893","chr17","47733511","47733658","14","38092765"
"JH378133","9668899","9669163","chr5","34103098","34103364","39","24434199"
"JH378133","9670642","9670932","chr13","91635851","91636141","35","81965209"
"JH378133","9688393","9688678","chr22","5608441","5608728","35","4079952"
"JH378133","9693111","9693410","chr19","11766129","11766433","36","2073018"
"JH378133","9713276","9713593","chr20","70184160","70184468","36","60470884"
"JH378133","9732960","9733242","chr25","5524017","5524300","42","4208943"
"JH378133","9793173","9793466","chr12","10064948","10065242","31","271775"
"JH378133","9837331","9837626","chr12","71369424","71369716","39","61532093"
"JH378133","9845088","9845301","chr2","41986599","41986802","32","32141511"
"JH378133","9853373","9853638","chr25","82379602","82379865","42","72526229"
"JH378133","9872818","9872921","chrX","2017984","2018087","8","7854834"
"JH378133","9961888","9962202","chr20","7775742","7776047","45","2186146"
"JH378133","9969226","9969524","chr12","10064948","10065242","21","95722"
"JH378133","10055718","10056002","chr16","26067530","26067803","48","16011812"
"JH378133","10062952","10063031","chr16","3308866","3308945","9","6754086"
"JH378133","10066902","10067204","chr12","10064948","10065242","34","1954"
"JH378133","10073658","10073958","chr10","111637485","111637783","32","101563827"
"JH378133","10081823","10082111","chr23","43936240","43936535","51","33854417"
"JH378133","10184828","10184957","chr3","91348390","91348521","12","81163562"
"JH378133","10199664","10199953","chr29","10722547","10722839","40","522883"
"JH378133","10208869","10209160","chr18","55497484","55497775","43","45288615"
"JH378133","10348390","10348680","chr1","103415790","103416081","45","93067400"
"JH378133","10404779","10405077","chr13","65577132","65577425","31","55172353"
"JH378133","10408228","10408519","chr2","5168180","5168471","38","5240048"
"JH378133","10438938","10439234","chr13","65577132","65577425","27","55138194"
"JH378133","10515050","10515345","chr17","60319237","60319527","41","49804187"
"JH378133","10515349","10515645","chr14","104155259","104155553","42","93639910"
"JH378133","10545879","10546087","chr1","121417341","121417548","38","110871462"
"JH378133","10606613","10606919","chr6","31365170","31365478","41","20758557"
"JH378133","10746108","10746340","chr11","126175108","126175340","33","115429000"
"JH378133","10790558","10790851","chr11","1072049","1072341","43","9718509"
"JH378133","10953752","10954057","chr5","2273487","2273788","27","8680265"
"JH378133","10975057","10975347","chr20","22602515","22602803","50","11627458"
"JH378133","11005871","11006178","chr15","3702894","3703194","34","7302977"
"JH378133","11068093","11068289","chr11","113198591","113198787","26","102130498"
"JH378133","11277872","11278151","chr1","9765275","9765547","39","1512597"
"JH378133","11319576","11319889","chr5","2324242","2324550","33","8995334"
"JH378133","11346907","11347195","chr11","24803908","24804194","50","13457001"
"JH378133","11476764","11477073","chr20","89561089","89561394","34","78084325"
"JH378133","11523996","11524302","chr1","65504304","65504612","44","53980308"
"JH378133","11853833","11853910","chr13","63031813","63031889","7","51177980"
"JH378133","11912535","11912793","chr13","18667507","18667763","39","6754972"
"JH378133","11939772","11940045","chr22","34185914","34186195","37","22246142"
"JH378133","11950922","11951206","chr12","105972284","105972572","45","94021362"
"JH378133","11983764","11983854","chr19","7758593","7758681","11","4225171"
"JH378133","12048899","12049194","chr2","18936818","18937115","35","6887919"
"JH378133","12086943","12087228","chr8","40611327","40611611","53","28524384"
"JH378133","12128974","12129280","chr5","27918350","27918656","36","15789376"
"JH378133","12171662","12171968","chr1","87458669","87458972","40","75287007"
"JH378133","12248970","12249267","chr12","10064948","10065242","24","2184022"
"JH378133","12291872","12291960","chr20","8489737","8489826","13","3802135"
"JH378133","12336974","12337190","chr23","43376123","43376346","34","31039149"
"JH378133","12366350","12366644","chr19","17347757","17348049","38","4981407"
"JH378133","12389401","12389657","chr3","78814189","78814455","43","66424788"
"JH378133","12399430","12399726","chr3","27069317","27069607","41","14669887"
"JH378133","12402758","12402923","chr1","92085023","92085184","22","79682265"
"JH378133","12527680","12527991","chr1","65504304","65504612","35","52976624"
"JH378133","12601945","12602201","chr14","62324715","62324973","39","49722770"
"JH378133","12795171","12795476","chr12","102932365","102932660","61","90137194"
"JH378133","12815380","12815510","chr3","91348390","91348521","9","78533010"
"JH378133","12828832","12829138","chr5","9902768","9903074","48","2926064"
"JH378133","12849616","12849917","chr28","4550302","4550608","39","8299314"
"JH378133","12858363","12858686","chr26","24278477","24278782","53","11420114"
"JH378133","12872255","12872572","chr6","31365170","31365478","46","18492915"
"JH378133","12872618","12872919","chr10","113733335","113733632","62","100860717"
"JH378133","12909863","12910152","chr20","63638382","63638667","50","50728519"
"JH378133","12919672","12919982","chr11","115525233","115525542","34","102605561"
"JH378133","12930077","12930391","chr1","2872653","2872961","39","10057424"
"JH378133","12955103","12955358","chr25","66596670","66596915","48","53641567"
"JH378133","13066257","13066557","chr12","10064948","10065242","25","3001309"
"JH378133","13109422","13109732","chr14","62856636","62856942","35","49747214"
"JH378133","13148082","13148171","chr19","7758593","7758681","8","5389489"
"JH378133","13157266","13157566","chr1","68219231","68219530","33","55061965"
"JH378133","13173552","13173843","chr8","21701926","21702207","44","8528374"
"JH378133","13178666","13178908","chr1","93562580","93562822","39","80383914"
"JH378133","13207330","13207643","chr20","87849512","87849821","43","74642182"
"JH378133","13216547","13216851","chr5","58458905","58459214","42","45242358"
"JH378133","13419496","13419739","chr16","4608206","4608469","62","8811290"
"JH378133","13461404","13461715","chr2","34891557","34891863","31","21430153"
"JH378133","13485682","13485754","chr13","63031813","63031889","8","49546131"
"JH378133","13503419","13503721","chr8","119144775","119145069","38","105641356"
"JH378133","13548404","13548713","chr2","34891557","34891863","30","21343153"
"JH378133","13548997","13549150","chr26","37598901","37599060","26","24049904"
"JH378133","13653574","13653892","chr16","2999161","2999470","46","10654413"
"JH378133","13658614","13658904","chr13","65577132","65577425","32","51918518"
"JH378133","13710214","13710315","chr1","39939684","39939788","9","26229470"
"JH378133","13794932","13795217","chr11","12143435","12143724","37","1651497"
"JH378133","13796062","13796377","chr26","47869038","47869341","50","34072976"
"JH378133","13856713","13857005","chrX","22653522","22653815","48","8796809"
"JH378133","13863155","13863447","chr3","69125357","69125651","42","55262202"
"JH378133","13888968","13889265","chr5","12221637","12221934","41","1667331"
"JH378133","13899237","13899519","chr14","33085378","33085658","41","19186141"
"JH378133","13926292","13926563","chr3","81003695","81003974","50","67077403"
"JH378133","13939353","13939659","chr11","11906301","11906607","52","2033052"
"JH378133","14020521","14020660","chr11","95753406","95753542","18","81732885"
"JH378133","14074307","14074590","chr19","19502742","19503020","33","5428435"
"JH378133","14101607","14101898","chr11","95656290","95656585","44","81554683"
"JH378133","14107382","14107480","chr22","82220107","82220203","14","68112725"
"JH378133","14107611","14107790","chr14","79057796","79057969","36","64950185"
"JH378133","14165169","14165315","chr26","24641498","24641647","32","10476329"
"JH378133","14166055","14166349","chr14","41748186","41748475","36","27582131"
"JH378133","14170185","14170495","chr9","13789985","13790287","54","380200"
"JH378133","14183286","14183576","chr8","94667632","94667918","37","80484346"
"JH378133","14203069","14203317","chr15","88815486","88815733","38","74612417"
"JH378133","14276532","14276839","chr23","41434219","41434517","40","27157687"
"JH378133","14538104","14538402","chr6","39741779","39742079","45","25203675"
"JH378133","14581127","14581420","chr2","49104477","49104770","44","34523350"
"JH378133","14616040","14616322","chr7","69511197","69511486","47","54895157"
"JH378133","14632030","14632339","chr25","77881584","77881883","43","63249554"
"JH378133","14665665","14665947","chr10","34266329","34266612","49","19600664"
"JH378133","14857663","14857768","chr1","39939684","39939788","11","25082021"
"JH378133","14907113","14907427","chr4","47725991","47726299","39","32818878"
"JH378133","14974415","14974702","chr1","83672883","83673171","52","68698468"
"JH378133","15082592","15082885","chr12","10064948","10065242","37","5017644"
"JH378133","15114284","15114572","chr2","56283396","56283692","50","41169112"
"JH378133","15122286","15122614","chr8","61372236","61372557","48","46249950"
"JH378133","15131397","15131691","chr14","63536540","63536834","40","48405143"
"JH378133","15161128","15161233","chr15","74666110","74666226","20","59504982"
"JH378133","15208820","15209127","chr21","13830726","13831028","37","1378094"
"JH378133","15256910","15257231","chrX","94817369","94817685","60","79560459"
"JH378133","15380074","15380370","chrY","2316241","2316538","43","13063833"
"JH378133","15403123","15403407","chr23","16142942","16143228","41","739819"
"JH378133","15535093","15535353","chr15","3975852","3976110","37","11559241"
"JH378133","15547375","15547666","chr14","41748186","41748475","42","26200811"
"JH378133","15656936","15657241","chr28_KE148105v1_random","340378","340686","31","15316558"
"JH378133","15672636","15672928","chr26","48796674","48796967","41","33124038"
"JH378133","15680673","15680995","chr25","81648621","81648928","42","65967948"
"JH378133","15682069","15682379","chr5","68574322","68574627","55","52892253"
"JH378133","15814836","15814966","chr19","5294457","5294586","16","10520379"
"JH378133","15926620","15926914","chr8","18530878","18531178","45","2604258"
"JH378133","16008609","16008739","chr1","97802296","97802426","12","81793687"
"JH378133","16026683","16026787","chr1","39939684","39939788","10","23913001"
"JH378133","16086004","16086123","chr21","96210938","96211052","19","80124934"
"JH378133","16129509","16129798","chr11","90825564","90825850","41","74696055"
"JH378133","16152457","16152749","chr12","10064948","10065242","30","6087509"
"JH378133","16176671","16176976","chr26","38024857","38025165","37","21848186"
"JH378133","16177222","16177529","chr4","16808054","16808360","44","630832"
"JH378133","16188380","16188679","chr12","10064948","10065242","32","6123432"
"JH378133","16216562","16216860","chr12","10064948","10065242","26","6151614"
"JH378133","16275587","16275722","chr7","96281708","96281839","28","80006121"
"JH378133","16395789","16396100","chr5","36774379","36774687","38","20378590"
"JH378133","16498300","16498608","chrX","104703408","104703715","39","88205108"
"JH378133","16542269","16542430","chr11","95752322","95752481","27","79210053"
"JH378133","16613831","16613998","chr25","23334410","23334575","24","6720579"
"JH378133","16627554","16627841","chr10","45160172","45160461","34","28532618"
"JH378133","16650653","16650758","chr17","40217264","40217370","9","23566611"
"JH378133","16734101","16734406","chr5","33074148","33074451","44","16340047"
"JH378133","16796095","16796398","chr27","24614858","24615165","39","7818763"
"JH378133","16823718","16824013","chr1","69274418","69274712","38","52450700"
"JH378133","16905173","16905460","chr9","29190111","29190396","40","12284938"
"JH378133","17134618","17134911","chr21","50410494","50410784","39","33275876"
"JH378133","17165856","17166142","chr3","75158573","75158853","42","57992717"
"JH378133","17265789","17266063","chr13","39172795","39173074","53","21907006"
"JH378133","17376404","17376695","chr6","2490989","2491280","43","14885415"
"JH378133","17377304","17377566","chr16","25914638","25914900","32","8537334"
"JH378133","17412771","17413054","chr12","10064948","10065242","47","7347823"
"JH378133","17482386","17482463","chr16","3308866","3308945","9","14173520"
"JH378133","17518287","17518592","chr10","75467997","75468303","49","57949710"
"JH378133","17553267","17553575","chr24","68895333","68895641","28","51342066"
"JH378133","17583620","17583901","chr25","61615818","61616106","31","44032198"
"JH378133","17624458","17624750","chr6","38437831","38438120","34","20813373"
"JH378133","17782151","17782442","chr9","122705514","122705802","40","104923363"
"JH378133","17823761","17823950","chr5","15053410","15053591","34","2770351"
"JH378133","18063107","18063397","chr18","56819962","56820242","43","38756855"
"JH378133","18064733","18065004","chr6","38437831","38438120","48","20373098"
"JH378133","18093157","18093458","chr18","71629517","71629808","46","53536360"
"JH378133","18093904","18094045","chr6","5449228","5449364","27","12644676"
"JH378133","18157177","18157455","chr25","14438271","14438549","39","3718906"
"JH378133","18169448","18169754","chr2","35931939","35932239","47","17762491"
"JH378133","18234717","18235013","chr6","40957719","40958012","36","22723002"
"JH378133","18258064","18258359","chr4","73035785","73036085","39","54777721"
"JH378133","18273003","18273294","chr11","42115371","42115662","43","23842368"
"JH378133","18279368","18279663","chr17","28137789","28138092","44","9858421"
"JH378133","18302752","18303003","chr5","15716318","15716572","52","2586434"
"JH378133","18325749","18326040","chr29","12355751","12356042","39","5969998"
"JH378133","18335802","18336103","chr6","37075091","37075389","46","18739289"
"JH378133","18392106","18392415","chr11","45676466","45676769","42","27284360"
"JH378133","18424465","18424773","chr1","65504304","65504612","28","47079839"
"JH378133","18555416","18555688","chr21","73310587","73310867","48","54755171"
"JH378133","18567170","18567471","chrX","22279223","22279520","44","3712053"
"JH378133","18676056","18676376","chr2","44932006","44932309","51","26255950"
"JH378133","18939055","18939354","chr24","26573636","26573935","36","7634581"
"JH378133","18971408","18971713","chr20","104630107","104630400","38","85658699"
"JH378133","19036880","19037198","chrX","94817369","94817685","44","75780489"
"JH378133","19061199","19061510","chr1","108565860","108566161","41","89504661"
"JH378133","19116452","19116763","chr8","91434027","91434331","39","72317575"
"JH378133","19319980","19320267","chr20","108653796","108654082","41","89333816"
"JH378133","19535459","19535744","chr28","2825551","2825833","40","16709908"
"JH378133","19713438","19713737","chr12","10064948","10065242","27","9648490"
"JH378133","19726016","19726310","chr11","1072049","1072341","30","18653967"
"JH378133","19771907","19772200","chrX","88987469","88987776","43","69215562"
"JH378133","19791133","19791413","chr22","12985335","12985622","49","6805798"
"JH378133","19813146","19813241","chr22","82220107","82220203","7","62406961"
"JH378133","19860165","19860473","chr26","16021451","16021759","36","3838714"
"JH378133","19888786","19888879","chr1","103733316","103733410","12","83844530"
"JH378133","19917459","19917748","chr8","36061210","36061506","36","16143751"
"JH378133","19951636","19951923","chr20","121618255","121618545","35","101666619"
"JH378133","20006907","20007216","chr1","65504304","65504612","36","45497397"
"JH378133","20030163","20030457","chr1","26491346","26491637","35","6461183"
"JH378133","20138549","20138850","chr22","97470789","97471085","44","77332240"
"JH378133","20197061","20197358","chr26","48696834","48697137","51","28499773"
"JH378133","20204251","20204545","chr8","134989821","134990115","34","114785570"
"JH378133","20221687","20221978","chr1","16060873","16061165","43","4160814"
"JH378133","20268585","20268894","chr14","68117423","68117735","47","47848838"
"JH378133","20364794","20365023","chr16","25738562","25738782","44","5373768"
"JH378133","20369351","20369626","chr22","58083115","58083361","65","37713764"
"JH378133","20372060","20372373","chr12","20410802","20411117","39","38742"
"JH378133","20381886","20382180","chrX","29795430","29795724","38","9413544"
"JH378133","20392613","20392913","chr12","10064948","10065242","35","10327665"
"JH378133","20400236","20400534","chr21","13830726","13831028","35","6569510"
"JH378133","20462277","20462584","chr12","10064948","10065242","37","10397329"
"JH378133","20610176","20610474","chr23","41419601","41419894","50","20809425"
"JH378133","20617578","20617878","chr11","115525233","115525542","44","94907655"
"JH378133","20874114","20874401","chr1","33922850","33923136","32","13048736"
"JH378133","20892493","20892743","chr17","17514120","17514376","37","3378373"
"JH378133","20956961","20957296","chr1","62105751","62106082","46","41148790"
"JH378133","21091255","21091535","chr15","57939854","57940135","34","36848599"
"JH378133","21096268","21096573","chr7","105479991","105480292","44","84383723"
"JH378133","21511503","21511593","chr22","82220107","82220203","9","60708604"
"JH378133","21550354","21550639","chr16","54214553","54214848","48","32664199"
"JH378133","21701621","21701917","chr21","85602981","85603272","44","63901360"
"JH378133","21747907","21748209","chr9","13973543","13973840","41","7774364"
"JH378133","21942339","21942640","chr9","95969759","95970062","35","74027420"
"JH378133","21943537","21943847","chr16","70684193","70684489","43","48740656"
"JH378133","21978783","21979041","chr15","43210249","43210507","53","21231466"
"JH378133","22023553","22023660","chr6","1067449","1067558","11","20956104"
"JH378133","22030013","22030300","chr25","61615818","61616106","36","39585805"
"JH378133","22044305","22044601","chr19","14208355","14208653","36","7835950"
"JH378133","22057367","22057492","chr1","8688937","8689061","13","13368430"
"JH378133","22068944","22069256","chr2","34891557","34891863","34","12822613"
"JH378133","22070747","22071054","chr9","56718610","56718906","44","34647863"
"JH378133","22106311","22106608","chr23","77972195","77972495","43","55865884"
"JH378133","22141266","22141533","chr9","118540216","118540488","41","96398950"
"JH378133","22163314","22163595","chr11","31810061","31810353","51","9646747"
"JH378133","22203598","22203915","chr5","2324242","2324550","39","19879356"
"JH378133","22216536","22216756","chr20","47773481","47773698","27","25556945"
"JH378133","22228247","22228332","chr13","25573510","25573594","19","3345263"
"JH378133","22234927","22234978","chr21","108068871","108068923","9","85833944"
"JH378133","22254765","22255064","chr9","56479961","56480252","44","34225196"
"JH378133","22301183","22301501","chr15","89070427","89070731","56","66769244"
"JH378133","22321110","22321395","chr5","20366749","20367033","39","1954361"
"JH378133","22322664","22322764","chr22","82220107","82220203","13","59897443"
"JH378133","22324535","22324819","chr2","49104477","49104770","49","26779942"
"JH378133","22332434","22332742","chr3","20237905","20238212","37","2094529"
"JH378133","22347092","22347394","chr12","10064948","10065242","34","12282144"
"JH378133","22354063","22354332","chr24","27023895","27024155","34","4669832"
"JH378133","22372367","22372666","chr24","1147887","1148184","29","21224480"
"JH378133","22373131","22373436","chr12","10064948","10065242","37","12308183"
"JH378133","22379164","22379332","chr11","57827390","57827554","31","35448226"
"JH378133","22415270","22415566","chr18","53646284","53646585","37","31231014"
"JH378133","22472130","22472432","chr12","47130210","47130512","39","24658080"
"JH378133","22681453","22681751","chr13","65577132","65577425","36","42895679"
"JH378133","22794719","22795011","chr12","10064948","10065242","33","12729771"
"JH378133","22810077","22810374","chr26","40850019","40850319","36","18039942"
"JH378133","22931794","22932034","chr2","38469015","38469263","31","15537221"
"JH378133","22954303","22954587","chr7","36147466","36147756","37","13193163"
"JH378133","23003149","23003234","chr5","67880800","67880883","7","44877651"
"JH378133","23013027","23013301","chr21","33287053","33287331","34","10274026"
"JH378133","23024817","23025126","chr1","65504304","65504612","37","42479487"
"JH378133","23025243","23025334","chr15","88970892","88970978","12","65945649"
"JH378133","23027684","23027984","chr12","10064948","10065242","31","12962736"
"JH378133","23039421","23039705","chr5","68227588","68227878","36","45188167"
"JH378133","23045363","23045453","chr19","7758593","7758681","9","15286770"
"JH378133","23063804","23063901","chr22","82220107","82220203","11","59156303"
"JH378133","23065617","23065678","chr4","11929707","11929771","9","11135910"
"JH378134","6291235","6291521","chr21","113256362","113256644","33","106965127"
"JH378134","13631424","13631721","chr3","23261120","23261420","39","9629696"
"JH378134","5373877","5374197","chr6","31806349","31806656","42","26432472"
"JH378134","12189467","12189707","chr24","66946035","66946274","20","54756568"
"JH378134","21102295","21102608","chrX","100024033","100024339","42","78921738"
"JH378134","69414","69491","chr13","63031813","63031889","10","62962399"
"JH378134","219108","219406","chr14","35869329","35869621","50","35650221"
"JH378134","226084","226238","chr14","96205099","96205251","31","95979015"
"JH378134","296114","296419","chr5","2273487","2273788","38","1977373"
"JH378134","434693","434988","chr12","10064948","10065242","27","9630255"
"JH378134","442022","442320","chr8","1641343","1641640","32","1199321"
"JH378134","475565","475865","chr15","18549945","18550246","30","18074380"
"JH378134","475874","476029","chr10","18010527","18010678","27","17534653"
"JH378134","555575","555878","chr4","41297981","41298275","48","40742406"
"JH378134","564994","565226","chr15","84958857","84959071","55","84393863"
"JH378134","590738","591002","chr3","2871277","2871556","52","2280539"
"JH378134","603812","604106","chr11","34002757","34003053","41","33398945"
"JH378134","635165","635455","chr20","125301133","125301424","36","124665968"
"JH378134","673142","673431","chr1","69161184","69161465","41","68488042"
"JH378134","675731","675967","chr23","53807731","53807970","37","53132000"
"JH378134","704094","704377","chr9","68188524","68188799","41","67484430"
"JH378134","779919","780214","chr26","21427773","21428073","51","20647854"
"JH378134","837326","837422","chr22","82220107","82220203","7","81382781"
"JH378134","879885","880165","chr24","56631751","56632042","51","55751866"
"JH378134","913568","913851","chr22","9600661","9600931","46","8687093"
"JH378134","992797","993101","chr5","43051685","43051979","61","42058888"
"JH378134","1004194","1004482","chr11","42115371","42115662","42","41111177"
"JH378134","1142435","1142612","chr24","45134837","45135012","33","43992402"
"JH378134","1205421","1205472","chr12","68546437","68546489","6","67341016"
"JH378134","1216333","1216622","chr14","37322067","37322349","56","36105734"
"JH378134","1230592","1230901","chr12","10064948","10065242","36","8834356"
"JH378134","1294763","1294845","chr5","67880800","67880883","6","66586037"
"JH378134","1301855","1302162","chr2","34891557","34891863","35","33589702"
"JH378134","1333876","1334150","chr21","116132625","116132902","51","114798749"
"JH378134","1360046","1360085","chr2","20629238","20629281","13","19269192"
"JH378134","1435906","1436197","chr19","27300898","27301192","40","25864992"
"JH378134","1638065","1638369","chrX","125302543","125302844","29","123664478"
"JH378134","1675146","1675416","chr25","55007275","55007538","39","53332129"
"JH378134","1700043","1700350","chrX","125302543","125302844","37","123602500"
"JH378134","1708059","1708382","chr3","18868415","18868732","52","17160356"
"JH378134","1755392","1755642","chr16","65251314","65251569","30","63495922"
"JH378134","1836225","1836528","chr5","2273487","2273788","31","437262"
"JH378134","1844118","1844412","chr17","51306448","51306746","48","49462330"
"JH378134","1863355","1863660","chr1","108565860","108566161","35","106702505"
"JH378134","1864198","1864492","chr9","56910898","56911189","38","55046700"
"JH378134","1867580","1867694","chr11","106843296","106843425","27","104975716"
"JH378134","1913698","1913846","chr9","59130238","59130387","14","57216540"
"JH378134","1956385","1956496","chr6","1067449","1067558","14","888936"
"JH378134","1965357","1965406","chr7","30771070","30771116","7","28805713"
"JH378134","1975929","1976236","chr14","22799686","22799991","50","20823757"
"JH378134","2036057","2036337","chr20","18125995","18126280","56","16089938"
"JH378134","2049608","2049915","chr1","115151920","115152221","59","113102312"
"JH378134","2055375","2055522","chr17","47733511","47733658","14","45678136"
"JH378134","2080371","2080658","chr4","84542694","84542974","43","82462323"
"JH378134","2082582","2082889","chr5","2273487","2273788","33","190905"
"JH378134","2144676","2144990","chr13","84743392","84743699","39","82598716"
"JH378134","2233952","2234233","chr24","22946633","22946925","44","20712681"
"JH378134","2286470","2286761","chr14","29983447","29983738","42","27696977"
"JH378134","2504936","2505229","chr6","4113565","4113862","39","1608629"
"JH378134","2542251","2542552","chr14","83371933","83372231","45","80829682"
"JH378134","2572039","2572335","chr13","65577132","65577425","34","63005093"
"JH378134","2658388","2658695","chr25","43964747","43965050","46","41306359"
"JH378134","2670321","2670583","chr8","122932527","122932792","46","120262206"
"JH378134","2719637","2719921","chr20","41568447","41568725","50","38848810"
"JH378134","2731496","2731807","chr17","19090296","19090606","34","16358800"
"JH378134","2764472","2764767","chr9","96314869","96315163","51","93550397"
"JH378134","2793294","2793602","chr11","127249496","127249797","53","124456202"
"JH378134","2810786","2811092","chr29","8289755","8290055","32","5478969"
"JH378134","2839421","2839717","chr10","118597337","118597632","34","115757916"
"JH378134","2875816","2876109","chr13","65577132","65577425","51","62701316"
"JH378134","2876672","2876955","chr14","60694393","60694674","52","57817721"
"JH378134","2988011","2988134","chr1","8688937","8689061","12","5700926"
"JH378134","2994452","2994766","chr26","24278477","24278782","36","21284025"
"JH378134","3069869","3070160","chr9","56910898","56911189","49","53841029"
"JH378134","3078088","3078395","chr14","83371933","83372231","40","80293845"
"JH378134","3114174","3114465","chr1","16060873","16061165","42","12946699"
"JH378134","3172148","3172427","chr14","80284365","80284655","49","77112217"
"JH378134","3211275","3211576","chr9","95969759","95970062","45","92758484"
"JH378134","3244914","3245043","chr3","91348390","91348521","12","88103476"
"JH378134","3274208","3274503","chr1","103102037","103102339","43","99827829"
"JH378134","3275733","3276019","chr1","63705945","63706249","52","60430212"
"JH378134","3395013","3395301","chr11","19611133","19611417","38","16216120"
"JH378134","3452056","3452351","chr5","59378793","59379083","36","55926737"
"JH378134","3469227","3469555","chr20","99538718","99539034","47","96069491"
"JH378134","3518360","3518594","chr11","126175108","126175340","24","122656748"
"JH378134","3547259","3547512","chr2","18407718","18407972","33","14860459"
"JH378134","3610349","3610680","chr14","83570862","83571166","77","79960513"
"JH378134","3626847","3627155","chrX","89638803","89639111","40","86011956"
"JH378134","3630573","3630855","chr29","16674495","16674781","57","13043922"
"JH378134","3637862","3638010","chr9","59130238","59130387","14","55492376"
"JH378134","3652919","3653176","chr19","6464990","6465245","47","2812071"
"JH378134","3681082","3681382","chr12","10064948","10065242","30","6383866"
"JH378134","3684102","3684416","chr17","35258575","35258878","41","31574473"
"JH378134","3699712","3699818","chr1","62097932","62098038","20","58398220"
"JH378134","3758815","3759115","chr26","18977354","18977652","37","15218539"
"JH378134","3785123","3785432","chr11","27239997","27240304","39","23454874"
"JH378134","3935839","3936137","chr13","65577132","65577425","32","61641293"
"JH378134","3953499","3953578","chr5","67880800","67880883","8","63927301"
"JH378134","3964188","3964460","chr9","114015180","114015455","41","110050992"
"JH378134","4021053","4021191","chr25","64536958","64537093","25","60515905"
"JH378134","4073609","4073901","chr13","65577132","65577425","36","61503523"
"JH378134","4109024","4109342","chr8","1760359","1760667","33","2348665"
"JH378134","4226339","4226488","chr24","12006231","12006380","17","7779892"
"JH378134","4247979","4248102","chr15","90834689","90834810","10","86586710"
"JH378134","4275678","4275985","chr5","2273487","2273788","29","2002191"
"JH378134","4277032","4277317","chr9","87675035","87675319","42","83398003"
"JH378134","4295922","4296222","chr5","2273487","2273788","32","2022435"
"JH378134","4342874","4343023","chr9","59130238","59130387","13","54787364"
"JH378134","4345689","4346003","chr13","84743392","84743699","39","80397703"
"JH378134","4423236","4423479","chr15","88815486","88815733","31","84392250"
"JH378134","4463942","4464246","chr1","15620791","15621092","55","11156849"
"JH378134","4725608","4725714","chr15","13792351","13792461","11","9066743"
"JH378134","4763100","4763344","chr16","69318389","69318626","45","64555289"
"JH378134","4829587","4829784","chr11","96721458","96721661","25","91891871"
"JH378134","4860521","4860645","chr1","8688937","8689061","13","3828416"
"JH378134","4980178","4980327","chr9","59130238","59130387","14","54150060"
"JH378134","5013224","5013524","chr14","46079115","46079407","42","41065891"
"JH378134","5107916","5108038","chr15","90834689","90834810","10","85726773"
"JH378134","5192535","5192776","chr22","34922795","34923044","45","29730260"
"JH378134","5227787","5228059","chr15","2355556","2355831","46","2872231"
"JH378134","5231849","5232150","chr17","40318201","40318498","46","35086352"
"JH378134","5237070","5237374","chr5","2273487","2273788","32","2963583"
"JH378134","5250606","5250848","chr20","92882451","92882681","41","87631845"
"JH378134","5301887","5302033","chr9","59130238","59130387","17","53828351"
"JH378134","5344455","5344738","chr8","21494594","21494885","42","16150139"
"JH378134","5345514","5345819","chr12","10064948","10065242","35","4719434"
"JH378134","5384249","5384553","chr5","2273487","2273788","35","3110762"
"JH378134","5399700","5399990","chr10","11035049","11035344","45","5635349"
"JH378134","5511669","5511980","chr15","86928795","86929095","42","81417126"
"JH378134","5547557","5547865","chr29","8278863","8279172","46","2731306"
"JH378134","5581132","5581441","chr2","58045145","58045453","31","52464013"
"JH378134","5624455","5624582","chr1","8688937","8689061","13","3064482"
"JH378134","5709369","5709668","chr10","111637485","111637783","32","105928116"
"JH378134","5735024","5735318","chr22","47793370","47793666","50","42058346"
"JH378134","5746109","5746413","chr7","115033901","115034201","43","109287792"
"JH378134","5757902","5758004","chrX","2017984","2018087","10","3739918"
"JH378134","5912948","5913227","chr20","33282183","33282468","39","27369235"
"JH378134","5983085","5983379","chr9","15425870","15426174","38","9442785"
"JH378134","5989272","5989490","chr19","32633029","32633255","40","26643757"
"JH378134","6018383","6018668","chr9","94521914","94522196","48","88503531"
"JH378134","6035542","6035852","chr2","34891557","34891863","34","28856015"
"JH378134","6197142","6197436","chr12","10064948","10065242","42","3867806"
"JH378134","6253369","6253665","chr18","17102881","17103179","40","10849512"
"JH378134","6260089","6260396","chr26","38024857","38025165","34","31764768"
"JH378134","6339533","6339840","chr24","28860583","28860885","53","22521050"
"JH378134","6376192","6376290","chr22","82220107","82220203","9","75843915"
"JH378134","6472630","6472933","chr15","18549945","18550246","32","12077315"
"JH378134","6500001","6500120","chr6","44144914","44145033","12","37644913"
"JH378134","6550599","6550903","chr20","108149189","108149493","47","101598590"
"JH378134","6551818","6551957","chr10","116006195","116006338","30","109454377"
"JH378134","6599556","6599850","chr12","10064948","10065242","29","3465392"
"JH378134","6672673","6672922","chr9","92500633","92500888","47","85827960"
"JH378134","6700608","6700912","chr29","8289755","8290055","40","1589147"
"JH378134","6897867","6898159","chr9","90943231","90943523","36","84045364"
"JH378134","6949216","6949525","chr1","65504304","65504612","34","58555088"
"JH378134","6950995","6951280","chr12","53001863","53002127","53","46050868"
"JH378134","6968798","6969082","chr1","69657377","69657663","43","62688579"
"JH378134","7078571","7078680","chr6","1067449","1067558","10","6011122"
"JH378134","7136182","7136486","chr25","74565917","74566215","42","67429735"
"JH378134","7139517","7139666","chr9","59130238","59130387","12","51990721"
"JH378134","7164600","7164891","chr23","52118830","52119121","40","44954230"
"JH378134","7177361","7177643","chr19","13925559","13925844","42","6748198"
"JH378134","7178115","7178418","chr6","15953108","15953417","49","8774993"
"JH378134","7189445","7189727","chr9","93997915","93998191","34","86808470"
"JH378134","7221899","7222171","chr9","61123989","61124258","38","53902090"
"JH378134","7269290","7269433","chr5","22000705","22000847","15","14731415"
"JH378134","7300830","7301148","chr12","97919253","97919560","42","90618423"
"JH378134","7315636","7315938","chr16","25556785","25557082","59","18241149"
"JH378134","7334980","7335068","chr19","7758593","7758681","10","423613"
"JH378134","7358156","7358437","chr3","20121207","20121487","42","12763051"
"JH378134","7360260","7360550","chr17","66575990","66576280","38","59215730"
"JH378134","7374510","7374807","chr1","64693832","64694133","41","57319322"
"JH378134","7390114","7390386","chr16","17812368","17812654","59","10422254"
"JH378134","7413694","7413813","chr6","44144914","44145033","13","36731220"
"JH378134","7427325","7427402","chr13","63031813","63031889","7","55604488"
"JH378134","7521183","7521495","chr20","99538718","99539034","39","92017535"
"JH378134","7547993","7548305","chr1","2872653","2872961","34","4675340"
"JH378134","7633269","7633374","chr1","39939684","39939788","12","32306415"
"JH378134","7650455","7650766","chr4","68085346","68085654","48","60434891"
"JH378134","7705827","7706122","chr13","65577132","65577425","35","57871305"
"JH378134","7730364","7730659","chr13","6388414","6388708","40","1341950"
"JH378134","7749872","7750168","chr3","15370462","15370750","45","7620590"
"JH378134","7769652","7769733","chr5","67880800","67880883","8","60111148"
"JH378134","7848068","7848366","chr18","53646284","53646585","45","45798216"
"JH378134","7947688","7947966","chr23","34328669","34328947","50","26380981"
"JH378134","7962956","7963041","chr5","67880800","67880883","8","59917844"
"JH378134","7968220","7968291","chr13","63031813","63031889","9","55063593"
"JH378134","7971942","7972256","chr1","65504304","65504612","35","57532362"
"JH378134","8069158","8069463","chr20","85624325","85624630","45","77555167"
"JH378134","8090333","8090625","chr26","50395265","50395544","44","42304932"
"JH378134","8110249","8110541","chr8","15769237","15769531","57","7658988"
"JH378134","8129096","8129406","chr19","9824759","9825062","36","1695663"
"JH378134","8163473","8163742","chr10","116260311","116260582","43","108096838"
"JH378134","8164124","8164417","chr23","40478839","40479148","47","32314715"
"JH378134","8358430","8358737","chr28","4550302","4550608","34","3808128"
"JH378134","8375750","8376012","chr23","60436736","60437003","47","52060986"
"JH378134","8390601","8390904","chr26","16008721","16009029","49","7618120"
"JH378134","8407517","8407822","chr5","2273487","2273788","30","6134030"
"JH378134","8447635","8447944","chr2","34891557","34891863","37","26443922"
"JH378134","8465545","8465860","chr6","15953108","15953417","40","7487563"
"JH378134","8470592","8470668","chr13","63031813","63031889","9","54561221"
"JH378134","8487765","8488072","chr6","30836295","30836597","47","22348530"
"JH378134","8509898","8510211","chr3","10937420","10937729","40","2427522"
"JH378134","8519279","8519589","chr1","65504304","65504612","33","56985025"
"JH378134","8534756","8535066","chr15","60324899","60325206","34","51790143"
"JH378134","8580328","8580627","chr23","44818219","44818516","36","36237891"
"JH378134","8604055","8604344","chr8","52344592","52344885","48","43740537"
"JH378134","8640182","8640484","chr11","120207458","120207761","43","111567276"
"JH378134","8659143","8659428","chr1","69161184","69161465","36","60502041"
"JH378134","8681834","8682136","chr1","66807483","66807786","50","58125649"
"JH378134","8683421","8683713","chr9","96314869","96315163","37","87631448"
"JH378134","8757444","8757750","chr8","1760359","1760667","45","6997085"
"JH378134","8766476","8766775","chr1","65504304","65504612","37","56737828"
"JH378134","8780361","8780497","chr16","15087787","15087926","16","6307426"
"JH378134","8817707","8817873","chr1","63021934","63022098","27","54204227"
"JH378134","8819859","8820080","chr13","7317370","7317589","26","1502489"
"JH378134","8833329","8833637","chr17","34983281","34983586","35","26149952"
"JH378134","8869289","8869594","chr11","120207458","120207761","27","111338169"
"JH378134","8871453","8871543","chr3","65349691","65349782","12","56478238"
"JH378134","8925681","8925984","chr14","3058807","3059104","38","5866874"
"JH378134","8956546","8956856","chr16","19104450","19104748","43","10147904"
"JH378134","8961367","8961471","chr17","40217264","40217370","10","31255897"
"JH378134","9017595","9017867","chr26","53987975","53988244","40","44970380"
"JH378134","9039868","9040156","chr5","42662951","42663235","40","33623083"
"JH378134","9117906","9118197","chr11","90825564","90825850","49","81707658"
"JH378134","9146133","9146439","chr19","13613108","13613413","33","4466975"
"JH378134","9172464","9172594","chr16","4500752","4500881","10","4671712"
"JH378134","9189161","9189271","chr6","1067449","1067558","12","8121712"
"JH378134","9196604","9196726","chr9","24826318","24826445","22","15629714"
"JH378134","9221940","9222062","chr15","90834689","90834810","15","81612749"
"JH378134","9258535","9258625","chr13","23647091","23647185","17","14388556"
"JH378134","9334371","9334666","chr11","42115371","42115662","43","32781000"
"JH378134","9335008","9335259","chr16","65341402","65341647","40","56006394"
"JH378134","9336593","9336829","chr5","74183714","74183949","29","64847121"
"JH378134","9359824","9360139","chrX","44976189","44976495","39","35616365"
"JH378134","9377171","9377231","chr19","26106091","26106149","13","16728920"
"JH378134","9380489","9380613","chr11","128230087","128230214","15","118849598"
"JH378134","9389866","9390164","chrX","84956070","84956370","28","75566204"
"JH378134","9411094","9411392","chr16","33182065","33182368","43","23770971"
"JH378134","9417159","9417261","chrX","2017984","2018087","9","7399175"
"JH378134","9418201","9418330","chr2","67855740","67855862","20","58437539"
"JH378134","9426222","9426412","chr27","40357127","40357305","29","30930905"
"JH378134","9430503","9430790","chr8","138416364","138416651","38","128985861"
"JH378134","9443838","9444148","chr28_KE148105v1_random","340378","340686","29","9103460"
"JH378134","9448991","9449302","chr11","20333718","20334026","35","10884727"
"JH378134","9462100","9462415","chr10","122310682","122310986","40","112848582"
"JH378134","9463765","9464060","chr16","2999161","2999470","47","6464604"
"JH378134","9488540","9488856","chr25","71808137","71808447","46","62319597"
"JH378134","9495002","9495320","chr23","44247755","44248062","44","34752753"
"JH378134","9501199","9501319","chr15","90834689","90834810","17","81333490"
"JH378134","9534184","9534484","chrX","23977849","23978143","33","14443665"
"JH378134","9611262","9611545","chr11","19611133","19611417","30","9999871"
"JH378134","9628106","9628390","chr20","106884868","106885166","34","97256762"
"JH378134","9629148","9629440","chr20","108907026","108907317","36","99277878"
"JH378134","9665676","9665781","chr1","39939684","39939788","9","30274008"
"JH378134","9749233","9749496","chr12","4983870","4984143","56","4765363"
"JH378134","9770672","9770974","chr24","1147887","1148184","32","8622785"
"JH378134","9839393","9839688","chr12","10064948","10065242","27","225555"
"JH378134","9893676","9893976","chr12","10064948","10065242","29","171272"
"JH378134","9934006","9934311","chr15","3702894","3703194","42","6231112"
"JH378134","9993671","9993962","chr27","8895645","8895938","40","1098026"
"JH378134","10010230","10010337","chr6_AQIB01159090v1_random","13065","13172","13","9997165"
"JH378134","10032322","10032611","chr21","7081998","7082289","46","2950324"
"JH378134","10042170","10042479","chr2","58045145","58045453","32","48002975"
"JH378134","10072124","10072271","chr17","47733511","47733658","14","37661387"
"JH378134","10080718","10081009","chrX","66483446","66483732","43","56402728"
"JH378134","10081692","10082027","chr10","24213698","24214016","73","14132006"
"JH378134","10149050","10149356","chr26","56179571","56179873","35","46030521"
"JH378134","10159444","10159755","chr16","2999161","2999470","31","7160283"
"JH378134","10168543","10168616","chrX","61343536","61343611","12","51174993"
"JH378134","10239067","10239303","chr15","59058452","59058663","114","48819385"
"JH378134","10270183","10270303","chr15","53595698","53595816","13","43325515"
"JH378134","10277912","10278219","chr2","34891557","34891863","43","24613645"
"JH378134","10282637","10282902","chr18","66249703","66249966","41","55967066"
"JH378134","10324913","10325200","chr23","10494374","10494671","56","169461"
"JH378134","10348426","10348501","chr13","63031813","63031889","6","52683387"
"JH378134","10373314","10373608","chr19","8146510","8146808","34","2226804"
"JH378134","10492867","10493164","chr12","10064948","10065242","37","427919"
"JH378134","10501479","10501563","chr16","4405728","4405812","6","6095751"
"JH378134","10573741","10574032","chr24","67239754","67240052","43","56666013"
"JH378134","10667068","10667350","chr16","34963008","34963281","44","24295940"
"JH378134","10712129","10712436","chr5","2273487","2273788","34","8438642"
"JH378134","10786842","10787011","chr4","65157978","65158146","19","54371136"
"JH378134","10828410","10828570","chr3","54827651","54827810","26","43999241"
"JH378134","10920296","10920552","chr7","123860946","123861201","28","112940650"
"JH378134","10928702","10928995","chr8","114583053","114583349","50","103654351"
"JH378134","10945094","10945368","chr12","105898394","105898656","38","94953300"
"JH378134","10968431","10968664","chr9","106743255","106743488","39","95774824"
"JH378134","11016366","11016495","chr9","111872142","111872273","18","100855776"
"JH378134","11039860","11040175","chr6","16598509","16598818","36","5558649"
"JH378134","11043094","11043358","chr21","56602482","56602744","40","45559388"
"JH378134","11077126","11077434","chr19","22811307","22811608","56","11734181"
"JH378134","11148647","11148970","chr1","65504304","65504612","43","54355657"
"JH378134","11190015","11190317","chr9","86268193","86268501","47","75078178"
"JH378134","11232673","11232768","chr22","82220107","82220203","7","70987434"
"JH378134","11299085","11299189","chrX","2017984","2018087","9","9281101"
"JH378134","11319161","11319453","chr20","75127208","75127485","49","63808047"
"JH378134","11363961","11364219","chr11","41864632","41864888","33","30500671"
"JH378134","11371497","11371799","chr24","1147887","1148184","34","10223610"
"JH378134","11385729","11385859","chr3","91348390","91348521","11","79962661"
"JH378134","11404296","11404564","chr24","27023895","27024155","42","15619599"
"JH378134","11486834","11487115","chr1","54471485","54471761","46","42984651"
"JH378134","11500480","11500562","chr20","119761262","119761350","20","108260782"
"JH378134","11544021","11544329","chr26","38024857","38025165","32","26480836"
"JH378134","11596501","11596772","chr20","116428512","116428772","39","104832011"
"JH378134","11730213","11730550","chr12","6781553","6781865","104","4948660"
"JH378134","11858376","11858676","chr19","13591797","13592090","45","1733421"
"JH378134","11952489","11952791","chrX","126082617","126082923","47","114130128"
"JH378134","11965216","11965432","chr11","51546865","51547090","49","39581649"
"JH378134","11990190","11990485","chr13","65577132","65577425","33","53586942"
"JH378134","12053818","12053921","chrX","2017984","2018087","12","10035834"
"JH378134","12144371","12144684","chr15","90683914","90684220","44","78539543"
"JH378134","12182698","12183005","chr2","35931939","35932239","34","23749241"
"JH378134","12228394","12228609","chr13","7317370","7317589","37","4911024"
"JH378134","12236021","12236333","chr16","61312039","61312331","58","49076018"
"JH378134","12275925","12276228","chr7","99172603","99172901","41","86896678"
"JH378134","12287679","12287972","chrX","31348285","31348584","47","19060606"
"JH378134","12414477","12414787","chr3","20237905","20238212","36","7823428"
"JH378134","12541199","12541499","chrX","8531639","8531937","37","4009560"
"JH378134","12556264","12556544","chr18","59096008","59096287","36","46539744"
"JH378134","12559753","12560057","chr5","2273487","2273788","26","10286266"
"JH378134","12573914","12574022","chr1","62097932","62098038","11","49524018"
"JH378134","12577824","12578135","chr23","78958611","78958915","41","66380787"
"JH378134","12596789","12597080","chr13","65577132","65577425","30","52980343"
"JH378134","12599414","12599722","chr12","10064948","10065242","36","2534466"
"JH378134","12627322","12627572","chr3","34602180","34602418","63","21974858"
"JH378134","12660018","12660325","chr11","125798758","125799061","41","113138740"
"JH378134","12670976","12671275","chr5","52522090","52522374","53","39851114"
"JH378134","12685221","12685519","chr12","10064948","10065242","28","2620273"
"JH378134","12720458","12720756","chr5","64637755","64638059","44","51917297"
"JH378134","12749003","12749081","chr28","14799270","14799340","11","2050267"
"JH378134","12792291","12792594","chr12","62594571","62594866","39","49802280"
"JH378134","12801578","12801870","chr11","24811886","24812177","35","12010308"
"JH378134","12804527","12804834","chr2","34891557","34891863","43","22087030"
"JH378134","12809708","12809786","chr5","67880800","67880883","9","55071092"
"JH378134","12820706","12821012","chr16","30398852","30399159","35","17578146"
"JH378134","12824030","12824339","chr29","8289755","8290055","51","4534275"
"JH378134","12845702","12846042","chr24","25717895","25718228","49","12872193"
"JH378134","12862479","12862615","chr26","6591504","6591639","13","6270975"
"JH378134","12881233","12881487","chr8","90211831","90212082","38","77330598"
"JH378134","12918400","12918477","chr13","63031813","63031889","7","50113413"
"JH378134","12920181","12920491","chr14","83371933","83372231","44","70451752"
"JH378134","12921619","12921925","chr5","2273487","2273788","31","10648132"
"JH378134","12932696","12932763","chr28","10739382","10739452","15","2193314"
"JH378134","12932864","12933048","chr17","36128189","36128374","30","23195325"
"JH378134","12947042","12947346","chr5","2273487","2273788","27","10673555"
"JH378134","12966825","12967122","chr12","10064948","10065242","31","2901877"
"JH378134","12994645","12994933","chr15","29954614","29954908","33","16959969"
"JH378134","13111955","13112044","chr19","7758593","7758681","10","5353362"
"JH378134","13115203","13115501","chr17","30182866","30183163","39","17067663"
"JH378134","13146752","13147060","chr3","1023207","1023513","37","12123545"
"JH378134","13150316","13150614","chr12","10064948","10065242","27","3085368"
"JH378134","13152686","13152998","chr16","55157456","55157764","33","42004770"
"JH378134","13171436","13171520","chr5","67880800","67880883","6","54709364"
"JH378134","13202750","13203040","chr26","15737333","15737619","29","2534583"
"JH378134","13207450","13207666","chr13","7317370","7317589","27","5890080"
"JH378134","13224032","13224145","chr16","73730787","73730904","18","60506755"
"JH378134","13226737","13226937","chr8","41033069","41033259","39","27806332"
"JH378134","13228423","13228716","chr22","72744530","72744821","38","59516107"
"JH378134","13230957","13231270","chr20","85624325","85624630","37","72393368"
"JH378134","13256245","13256546","chr12","10064948","10065242","28","3191297"
"JH378134","13256780","13257067","chr21","81317622","81317903","47","68060842"
"JH378134","13260198","13260478","chr28","19249070","19249347","41","5988872"
"JH378134","13280330","13280572","chr24","38336411","38336647","41","25056081"
"JH378134","13340000","13340295","chr7","134117372","134117660","61","120777372"
"JH378134","13350514","13350824","chr26","38024857","38025165","30","24674343"
"JH378134","13354362","13354657","chr8","95885898","95886192","31","82531536"
"JH378134","13387780","13388056","chr3","82509225","82509507","45","69121445"
"JH378134","13420515","13420785","chr9","30416228","30416495","45","16995713"
"JH378134","13478465","13478767","chr12","10064948","10065242","28","3413517"
"JH378134","13488281","13488587","chr11","120207458","120207761","32","106719177"
"JH378134","13536827","13537125","chr12","10064948","10065242","38","3471879"
"JH378134","13547906","13547984","chr16","3308866","3308945","8","10239040"
"JH378134","13554865","13555171","chr14","83371933","83372231","47","69817068"
"JH378134","13565606","13565926","chr23","35686922","35687230","61","22121316"
"JH378134","13566225","13566372","chr9","59130238","59130387","15","45564013"
"JH378134","13582848","13582987","chr6","3375709","3375847","15","10207139"
"JH378134","13588850","13589147","chr8","20093961","20094256","42","6505111"
"JH378134","13598698","13598987","chr17","14778815","14779108","42","1180117"
"JH378134","13603740","13603830","chr3","65349691","65349782","10","51745951"
"JH378134","13609659","13609968","chr10","52859799","52860117","57","39250140"
"JH378134","13621662","13621959","chr5","58173892","58174190","42","44552230"
"JH378134","13626275","13626329","chr15","82575966","82576022","7","68949691"
"JH378134","13628090","13628378","chr12","10064948","10065242","43","3563142"
"JH378134","13640755","13640885","chr16","4500752","4500881","12","9140003"
"JH378134","13667129","13667364","chr16","69318389","69318626","32","55651260"
"JH378134","13669141","13669263","chr17","51399396","51399516","21","37730255"
"JH378134","13689074","13689179","chr16","37093185","37093297","19","23404111"
"JH378134","13695786","13696094","chr29","8289755","8290055","44","5406031"
"JH378134","13710061","13710369","chr12","10064948","10065242","36","3645113"
"JH378134","13728195","13728458","chrX_KE148108v1_random","2193322","2193582","55","11534873"
"JH378134","13729042","13729150","chr6","1067449","1067558","12","12661593"
"JH378134","13740985","13741279","chr13","75976745","75977032","44","62235760"
"JH378134","13743480","13743789","chr14","83371933","83372231","42","69628453"
"JH378134","13751526","13751805","chr12","26827271","26827548","28","13075745"
"JH378134","13780846","13780978","chrX","110147052","110147184","16","96366206"
"JH378134","13802968","13803075","chr6","5216779","5216886","12","8586189"
"JH378134","13809181","13809470","chr22","11237891","11238177","40","2571290"
"JH378134","13828963","13829271","chr5","2273487","2273788","29","11555476"
"JH378134","13832579","13832892","chr5","36774379","36774687","37","22941800"
"JH378134","13840439","13840515","chr13","63031813","63031889","7","49191374"
"JH378134","13843681","13843998","chrX","62513903","62514213","48","48670222"
"JH378134","13846532","13846676","chr22","87450041","87450185","16","73603509"
"JH378134","13864951","13865251","chr21","73254495","73254785","37","59389544"
"JH378134","13869049","13869355","chrX","125302543","125302844","36","111433494"
"JH378134","13873680","13873769","chr16","4405728","4405812","10","9467952"
"JH378134","13877993","13878279","chr14","41748186","41748475","39","27870193"
"JH378134","13887523","13887765","chr17","17514120","17514376","39","3626597"
"JH378134","13890316","13890397","chr5","67880800","67880883","9","53990484"
"JH378134","13896883","13896972","chr20","119761262","119761350","10","105864379"
"JH378134","13905862","13906032","chr26","37598901","37599060","31","23693039"
"JH378134","13906267","13906384","chrX","90197506","90197623","12","76291239"
"JH378134","13910900","13911168","chr12","9839563","9839832","62","4071337"
"JH378134","13912086","13912370","chr14","7619665","7619943","39","6292421"
"JH378134","13985409","13985699","chr9","43165199","43165493","43","29179790"
"JH378134","14011378","14011682","chr15","3702894","3703194","35","10308484"
"JH378134","14016800","14017095","chr12","10064948","10065242","28","3951852"
"JH378134","14018425","14018724","chr2","9424142","9424441","42","4594283"
"JH378134","14036327","14036620","chr25","6963897","6964187","33","7072430"
"JH378134","14107833","14108145","chr16","23423370","23423672","39","9315537"
"JH378134","14109047","14109327","chr5","14031138","14031428","52","77909"
"JH378134","14161578","14161856","chr12","13260494","13260774","35","901084"
"JH378134","14499482","14499724","chrX","109934724","109934968","28","95435242"
"JH378134","14502408","14502712","chr17","34547332","34547638","42","20044924"
"JH378134","14509686","14509984","chr19","10628119","10628425","48","3881567"
"JH378134","14593132","14593441","chr23","80808335","80808640","44","66215203"
"JH378134","14594388","14594465","chr13","63031813","63031889","9","48437425"
"JH378134","14639398","14639498","chr22","82220107","82220203","10","67580709"
"JH378134","14642033","14642308","chr27","42103785","42104071","54","27461752"
"JH378134","14658170","14658481","chr1","65504304","65504612","32","50846134"
"JH378134","14665064","14665193","chr3","91348390","91348521","12","76683326"
"JH378134","14665921","14666199","chr28","16995383","16995661","34","2329462"
"JH378134","14668727","14669013","chr26","15737333","15737619","33","1068606"
"JH378134","14670924","14671217","chr2","90183349","90183641","35","75512425"
"JH378134","14673454","14673753","chr12","10064948","10065242","26","4608506"
"JH378134","14674253","14674418","chr25","67007366","67007524","27","52333113"
"JH378134","14719745","14720051","chr18","67218974","67219278","43","52499229"
"JH378134","14724484","14724567","chr5","67880800","67880883","9","53156316"
"JH378134","14737662","14737950","chr16","53213011","53213300","47","38475349"
"JH378134","14741666","14741934","chr16","46021279","46021555","53","31279613"
"JH378134","14783787","14783876","chr3","65349691","65349782","12","50565904"
"JH378134","14787856","14787977","chr15","90834689","90834810","13","76046833"
"JH378134","14788937","14789136","chr19","5662814","5663015","26","9126123"
"JH378134","14789503","14789613","chr5","2286257","2286360","19","12503246"
"JH378134","14791879","14792028","chr9","59130238","59130387","16","44338359"
"JH378134","14836271","14836580","chr12","6781553","6781865","91","8054718"
"JH378134","14837109","14837415","chr5","64637755","64638059","35","49800646"
"JH378134","14844283","14844584","chrX","125302543","125302844","28","110458260"
"JH378134","14846346","14846674","chr20","99538718","99539034","62","84692372"
"JH378134","14857647","14857790","chr3","90669571","90669712","13","75811924"
"JH378134","14859541","14859748","chr22","38963900","38964108","34","24104359"
"JH378134","14882323","14882396","chr13","63031813","63031889","10","48149490"
"JH378134","14898442","14898753","chr8","26615780","26616077","46","11717338"
"JH378134","14898760","14898933","chrX","111943701","111943876","34","97044941"
"JH378134","14920630","14920926","chr10","8909912","8910203","41","6010718"
"JH378134","14921395","14921702","chr5","2273487","2273788","32","12647908"
"JH378134","14921759","14922048","chr11","42115371","42115662","35","27193612"
"JH378134","14967757","14968069","chr22","26432517","26432820","44","11464760"
"JH378134","14997915","14998167","chr12","8199200","8199450","50","6798715"
"JH378134","15023479","15023762","chr5","49303676","49303972","50","34280197"
"JH378134","15046089","15046380","chr6","4113565","4113862","41","10932524"
"JH378134","15050950","15051273","chr7","85949776","85950095","46","70898826"
"JH378134","15063483","15063735","chr9","12399925","12400177","51","2663558"
"JH378134","15071218","15071323","chr1","62097932","62098038","11","47026714"
"JH378134","15071424","15071712","chr13","65577132","65577425","34","50505708"
"JH378134","15088100","15088402","chr9","26651072","26651377","47","11562972"
"JH378134","15091019","15091325","chr24","79423331","79423639","40","64332312"
"JH378134","15116723","15116831","chr1","39939684","39939788","11","24822961"
"JH378134","15120217","15120513","chr12","80088121","80088417","37","64967904"
"JH378134","15123956","15124247","chr11","1072049","1072341","38","14051907"
"JH378134","15170691","15170986","chr16","33182065","33182368","48","18011374"
"JH378134","15180821","15181054","chr27","22925259","22925491","40","7744438"
"JH378134","15199728","15200026","chr12","10064948","10065242","29","5134780"
"JH378134","15207800","15207908","chr12","53065987","53066095","12","37858187"
"JH378134","15215823","15216118","chr1","10938341","10938635","40","4277482"
"JH378134","15218920","15219010","chr3","65349691","65349782","8","50130771"
"JH378134","15222129","15222201","chr25","80842336","80842405","10","65620207"
"JH378134","15233473","15233706","chr5","74183714","74183949","26","58950241"
"JH378134","15242069","15242370","chr5","2273487","2273788","36","12968582"
"JH378134","15244323","15244618","chr24","1051567","1051864","37","14192756"
"JH378134","15247354","15247511","chr5","1767922","1768061","31","13479432"
"JH378134","15247698","15247986","chr8","57496665","57496959","44","42248967"
"JH378134","15247995","15248124","chr24","49206715","49206844","18","33958720"
"JH378134","15277595","15277725","chr16","4500752","4500881","14","10776843"
"JH378134","15285493","15285604","chr20","115102100","115102215","22","99816607"
"JH378134","15294264","15294568","chrX","125302543","125302844","27","110008279"
"JH378134","15314566","15314841","chr3","81003695","81003974","45","65689129"
"JH378134","15343158","15343402","chr16","23133571","23133812","30","7790413"
"JH378134","15345632","15345950","chr6","15953108","15953417","51","607476"
"JH378134","15350532","15350761","chr21","71246060","71246287","26","55895528"
"JH378134","15359638","15359932","chr9","96314869","96315163","30","80955231"
"JH378134","15389800","15390076","chr10","122662331","122662619","51","107272531"
"JH378134","15390667","15390743","chr13","63031813","63031889","9","47641146"
"JH378134","15402853","15403071","chr20","109416530","109416751","27","94013677"
"JH378134","15427597","15427896","chr2","34891557","34891863","44","19463960"
"JH378134","15430130","15430425","chr27","45757915","45758210","41","30327785"
"JH378134","15443409","15443714","chr5","2273487","2273788","27","13169922"
"JH378134","15445318","15445401","chr5","67880800","67880883","6","52435482"
"JH378134","15453821","15454122","chr12","10064948","10065242","35","5388873"
"JH378134","15499624","15499914","chr8","125046904","125047196","42","109547280"
"JH378134","15523404","15523702","chr10","50134511","50134803","46","34611107"
"JH378134","15532461","15532699","chr8","16250981","16251236","45","718520"
"JH378134","15541445","15541713","chr4","13341175","13341445","41","2200270"
"JH378134","15551174","15551457","chr7","25626075","25626364","42","10074901"
"JH378134","15555775","15556076","chr12","10064948","10065242","33","5490827"
"JH378134","15573693","15573992","chr7","30678842","30679135","39","15105149"
"JH378134","15574406","15574714","chr2","65511339","65511645","34","49936933"
"JH378134","15580995","15581283","chr20","121618255","121618545","42","106037260"
"JH378134","15584737","15585052","chr3","10937420","10937729","41","4647317"
"JH378134","15594315","15594456","chr1","63883321","63883461","14","48289006"
"JH378134","15600562","15600722","chr27","8342111","8342276","22","7258451"
"JH378134","15600725","15601017","chr15","5114677","5114969","47","10486048"
"JH378134","15611084","15611382","chr11","1072049","1072341","39","14539035"
"JH378134","15622066","15622364","chr11","88285467","88285763","38","72663401"
"JH378134","15639200","15639505","chr20","7540190","7540493","46","8099010"
"JH378134","15640108","15640415","chr9","56718102","56718406","43","41077994"
"JH378134","15654921","15655214","chr1","103415790","103416081","36","87760869"
"JH378134","15673615","15673763","chr1","110251255","110251400","32","94577640"
"JH378134","15685931","15686031","chr22","82220107","82220203","12","66534176"
"JH378134","15692633","15692931","chr1","69274418","69274712","38","53581785"
"JH378134","15731925","15732001","chr13","63031813","63031889","8","47299888"
"JH378134","15741170","15741448","chr11","19906240","19906513","35","4165070"
"JH378134","15742156","15742428","chr9","28771476","28771762","51","13029320"
"JH378134","15742730","15743002","chr10","78660860","78661140","63","62918130"
"JH378134","15762862","15762952","chr3","65349691","65349782","9","49586829"
"JH378134","15832422","15832729","chr5","2273487","2273788","38","13558935"
"JH378134","15867329","15867637","chr3","10937420","10937729","47","4929909"
"JH378134","15891081","15891383","chr3","132730","133031","41","15758351"
"JH378134","15921079","15921385","chr22","5960095","5960396","43","9960984"
"JH378134","15926195","15926450","chr17","17514120","17514376","34","1587925"
"JH378134","15934736","15934977","chr24","66946035","66946274","30","51011299"
"JH378134","15967387","15967489","chrX","2017984","2018087","7","13949403"
"JH378134","15970141","15970442","chr22","11465626","11465928","39","4504515"
"JH378134","15984034","15984160","chr6","15917147","15917274","12","66887"
"JH378134","16045842","16045918","chr13","63031813","63031889","7","46985971"
"JH378134","16053635","16053914","chr23","74701091","74701369","34","58647456"
"JH378134","16074386","16074459","chr13","63031813","63031889","9","46957427"
"JH378134","16082413","16082631","chr13","54942555","54942779","37","38860142"
"JH378134","16115648","16115938","chrX","115847772","115848064","36","99732124"
"JH378134","16116830","16117132","chr12","10064948","10065242","26","6051882"
"JH378134","16119024","16119338","chr23","43604010","43604306","47","27484986"
"JH378134","16119341","16119643","chr1","103415790","103416081","35","87296449"
"JH378134","16119969","16120266","chr12","10064948","10065242","23","6055021"
"JH378134","16135826","16135920","chr22","82220107","82220203","7","66084281"
"JH378134","16136439","16136735","chr24","22113783","22114076","41","5977344"
"JH378134","16140984","16141133","chr9","59130238","59130387","13","42989254"
"JH378134","16151091","16151195","chr1","62097932","62098038","12","45946841"
"JH378134","16154194","16154490","chrX","104601258","104601549","30","88447064"
"JH378134","16195742","16196043","chr1","68219231","68219530","25","52023489"
"JH378134","16198991","16199293","chr11","97795304","97795611","44","81596313"
"JH378134","16235887","16236143","chr2","81268799","81269050","46","65032912"
"JH378134","16243388","16243476","chr19","7758593","7758681","9","8484795"
"JH378134","16246975","16247254","chr8","29590101","29590383","63","13343126"
"JH378134","16260243","16260339","chr22","82220107","82220203","9","65959864"
"JH378134","16286371","16286469","chr22","82220107","82220203","9","65933736"
"JH378134","16301301","16301562","chr24","42312226","42312481","40","26010925"
"JH378134","16315902","16316177","chr22","43966779","43967052","48","27650877"
"JH378134","16319812","16319940","chr19","12162955","12163085","22","4156857"
"JH378134","16323367","16323594","chr6","2372111","2372337","27","13951256"
"JH378134","16331343","16331617","chr13","75168425","75168698","35","58837082"
"JH378134","16342001","16342285","chr4","70847674","70847964","38","54505673"
"JH378134","16369237","16369438","chr9","28573966","28574178","44","12204729"
"JH378134","16369676","16369766","chr20","119761262","119761350","9","103391586"
"JH378134","16370378","16370460","chr5","67880800","67880883","4","51510422"
"JH378134","16377582","16377708","chr16","31737705","31737835","15","15360123"
"JH378134","16379505","16379605","chr22","82220107","82220203","14","65840602"
"JH378134","16380036","16380321","chrX","95460911","95461200","49","79080875"
"JH378134","16412365","16412653","chr8","115068172","115068461","46","98655807"
"JH378134","16455312","16455612","chr15","86758708","86759003","34","70303396"
"JH378134","16466446","16466745","chrX","17246394","17246689","48","779948"
"JH378134","16468016","16468317","chr10","11035049","11035344","55","5432967"
"JH378134","16469432","16469743","chr1","65504304","65504612","33","49034872"
"JH378134","16517254","16517515","chr2","18407718","18407972","41","1890464"
"JH378134","16524157","16524464","chr14","79729598","79729899","34","63205441"
"JH378134","16530966","16531088","chrX","15339948","15340070","20","1191018"
"JH378134","16541832","16542183","chr24","32411214","32411567","123","15869382"
"JH378134","16558965","16559247","chr16","31788140","31788419","31","15229175"
"JH378134","16582800","16582877","chr13","63031813","63031889","6","46449013"
"JH378134","16588053","16588183","chr16","31737705","31737835","9","15149652"
"JH378134","16594844","16595146","chr3","19526751","19527052","31","2931907"
"JH378134","16600235","16600533","chr12","6781553","6781865","74","9818682"
"JH378134","16618466","16618744","chr23","35836286","35836573","54","19217820"
"JH378134","16619194","16619502","chr2","58045145","58045453","31","41425951"
"JH378134","16626285","16626435","chr26","52182592","52182744","23","35556307"
"JH378134","16665553","16665630","chr13","63031813","63031889","7","46366260"
"JH378134","16673186","16673316","chr20","20852752","20852882","11","4179566"
"JH378134","16684830","16685125","chr12","10064948","10065242","30","6619882"
"JH378134","16692003","16692085","chr5","67880800","67880883","7","51188797"
"JH378134","16693949","16694250","chr5","2273487","2273788","30","14420462"
"JH378134","16696859","16697168","chr5","2273487","2273788","37","14423372"
"JH378134","16704724","16705044","chrX","62513903","62514213","56","45809179"
"JH378134","16707988","16708282","chr11","105213946","105214237","31","88505958"
"JH378134","16712285","16712587","chrX","23977849","23978143","37","7265564"
"JH378134","16724023","16724333","chr11","115525233","115525542","34","98801210"
"JH378134","16724837","16725125","chr12","60432247","60432540","30","43707410"
"JH378134","16726865","16726932","chr11","34257285","34257346","15","17530420"
"JH378134","16727114","16727322","chr2","41986599","41986802","25","25259485"
"JH378134","16728337","16728640","chr15","86928795","86929095","41","70200458"
"JH378134","16737067","16737176","chr6","1067449","1067558","12","15669618"
"JH378134","16748305","16748617","chr12","74217361","74217667","38","57469056"
"JH378134","16755662","16755778","chr2","58475510","58475625","20","41719848"
"JH378134","16756372","16756562","chr24","58749928","58750117","25","41993556"
"JH378134","16780282","16780546","chr4","71835264","71835534","50","55054982"
"JH378134","16783336","16783432","chr22","82220107","82220203","11","65436771"
"JH378134","16783684","16783973","chr10","105173292","105173581","49","88389608"
"JH378134","16799640","16799747","chr8","71008102","71008200","15","54208462"
"JH378134","16802409","16802499","chr3","65349691","65349782","10","48547282"
"JH378134","16804492","16804761","chrX","61008485","61008763","46","44203993"
"JH378134","16806678","16806957","chr28","2825551","2825833","42","13981127"
"JH378134","16809499","16809576","chr13","63031813","63031889","8","46222314"
"JH378134","16810267","16810567","chr1","68219231","68219530","36","51408964"
"JH378134","16815661","16815967","chr21","22838763","22839060","38","6023102"
"JH378134","16820304","16820457","chrX","128768607","128768755","25","111948303"
"JH378134","16838174","16838247","chr13","63031813","63031889","8","46193639"
"JH378134","16853728","16854029","chr12","10064948","10065242","31","6788780"
"JH378134","16855832","16856089","chr22","58083115","58083361","38","41227283"
"JH378134","16870070","16870386","chr1","87458669","87458972","44","70588599"
"JH378134","16876997","16877300","chr4","16808054","16808360","40","68943"
"JH378134","16899337","16899439","chrX","2017984","2018087","11","14881353"
"JH378134","16904319","16904502","chr14","79057796","79057969","26","62153477"
"JH378134","16907352","16907644","chr22","51404529","51404822","33","34497177"
"JH378134","16913952","16914057","chr1","62097932","62098038","12","45183980"
"JH378134","16932558","16932802","chr24","66946035","66946274","34","50013477"
"JH378134","16962908","16962984","chr15","90232343","90232421","11","73269435"
"JH378134","16963541","16963819","chr6","29312602","29312894","44","12349061"
"JH378134","16970460","16970747","chr20","108062243","108062523","47","91091783"
"JH378134","17000928","17001227","chr1","10803268","10803561","40","6197660"
"JH378134","17002703","17002982","chr11","116369503","116369780","33","99366800"
"JH378134","17014535","17014834","chr12","10064948","10065242","28","6949587"
"JH378134","17021000","17021302","chrX","125302543","125302844","31","108281543"
"JH378134","17054792","17055084","chr29","10722547","10722839","43","6332245"
"JH378134","17066689","17066994","chr5","2273487","2273788","32","14793202"
"JH378134","17084572","17084659","chr16","4405728","4405812","9","12678844"
"JH378134","17091538","17091642","chr1","39939684","39939788","11","22848146"
"JH378134","17102535","17102826","chr12","10064948","10065242","37","7037587"
"JH378134","17106895","17107179","chr19","28896012","28896305","49","11789117"
"JH378134","17155321","17155398","chr13","63031813","63031889","7","45876492"
"JH378134","17156559","17156851","chr12","13260494","13260774","57","3896065"
"JH378134","17158415","17158497","chr16","4405728","4405812","6","12752687"
"JH378134","17160809","17160942","chr3","91348390","91348521","13","74187581"
"JH378134","17171013","17171310","chr11","84786098","84786398","30","67615085"
"JH378134","17180983","17181230","chr16","5798617","5798859","33","11382366"
"JH378134","17182637","17182926","chr25","81017700","81017987","43","63835063"
"JH378134","17185614","17185912","chr12","10064948","10065242","29","7120666"
"JH378134","17202651","17202958","chr1","103050659","103050957","43","85848008"
"JH378134","17231243","17231545","chr15","83394990","83395286","51","66163747"
"JH378134","17238619","17238921","chr12","10064948","10065242","29","7173671"
"JH378134","17239689","17239982","chrX","34042367","34042664","34","16802678"
"JH378134","17243251","17243550","chr24","79792988","79793292","40","62549737"
"JH378134","17264624","17264930","chrX","60814207","60814515","43","43549583"
"JH378134","17284206","17284493","chr6","38582923","38583209","42","21298717"
"JH378134","17284827","17285098","chr18","57500422","57500700","39","40215595"
"JH378134","17307689","17307978","chr18","72052984","72053276","51","54745295"
"JH378134","17313071","17313161","chr19","7758593","7758681","9","9554478"
"JH378134","17334675","17334752","chr13","63031813","63031889","7","45697138"
"JH378134","17351647","17351887","chr24","66946035","66946274","26","49594388"
"JH378134","17357270","17357481","chr16","19345558","19345771","36","1988288"
"JH378134","17359004","17359271","chr18","66249703","66249966","40","48890699"
"JH378134","17364028","17364335","chr7","12288332","12288635","48","5075696"
"JH378134","17372597","17372904","chr6","32045639","32045931","48","14673042"
"JH378134","17385820","17386125","chr12","10064948","10065242","32","7320872"
"JH378134","17387510","17387805","chr10","8909912","8910203","39","8477598"
"JH378134","17426384","17426533","chr5","32808854","32809002","15","15382470"
"JH378134","17505165","17505457","chr12","10064948","10065242","33","7440217"
"JH378134","17533368","17533668","chr3","4850775","4851075","46","12682593"
"JH378134","17537003","17537140","chr13","82608578","82608713","22","65071575"
"JH378134","17541759","17542059","chr3","4850775","4851075","46","12690984"
"JH378134","17545394","17545531","chr13","82608578","82608713","22","65063184"
"JH378134","17586155","17586427","chr9","111737688","111737961","43","94151533"
"JH378134","17598710","17599017","chr2","34891557","34891863","39","17292847"
"JH378134","17617618","17617813","chr16","68347258","68347451","26","50729640"
"JH378134","17624650","17624949","chr18","69272117","69272421","47","51647467"
"JH378134","17644890","17645208","chr1","564984","565294","43","17079906"
"JH378134","17667364","17667640","chr9","19449982","19450259","38","1782618"
"JH378134","17669647","17669768","chr15","90834689","90834810","11","73165042"
"JH378134","17676721","17676953","chr25","59449721","59449941","40","41773000"
"JH378134","17689064","17689352","chr5","42662951","42663235","34","24973887"
"JH378134","17693677","17693963","chr9","26807010","26807295","41","9113333"
"JH378134","17693971","17694249","chr9","86640988","86641280","42","68947017"
"JH378134","17705313","17705595","chr13","65577132","65577425","43","47871819"
"JH378134","17706181","17706305","chr15","90834689","90834810","13","73128508"
"JH378134","17721011","17721248","chr4","70631421","70631655","29","52910410"
"JH378134","17724088","17724379","chr16","17020290","17020588","51","703798"
"JH378134","17738057","17738361","chr14","83371933","83372231","47","65633876"
"JH378134","17743578","17743661","chr5","67880800","67880883","6","50137222"
"JH378134","17745679","17745972","chr14","51273804","51274102","38","33528125"
"JH378134","17748790","17749045","chr9","96390861","96391117","40","78642071"
"JH378134","17749731","17749944","chr25","73647297","73647508","25","55897566"
"JH378134","17765431","17765701","chr4","50225644","50225922","53","32460213"
"JH378134","17767835","17767909","chr13","63031813","63031889","9","45263978"
"JH378134","17835390","17835490","chrX","2017984","2018087","13","15817406"
"JH378134","17844228","17844343","chr4","60395666","60395783","16","42551438"
"JH378134","17845773","17846083","chr1","65504304","65504612","37","47658531"
"JH378134","17861853","17862132","chr4","47192618","47192904","47","29330765"
"JH378134","17876369","17876475","chr1","62097932","62098038","9","44221563"
"JH378134","17882557","17882755","chr20","7650217","7650412","24","10232340"
"JH378134","17886911","17887201","chr3","88960138","88960433","37","71073227"
"JH378134","17901163","17901454","chrX","92294937","92295232","44","74393774"
"JH378134","17904470","17904773","chr1","24768752","24769058","40","6864282"
"JH378134","17917423","17917722","chr2","9424142","9424441","47","8493281"
"JH378134","17921586","17921712","chr18","9530137","9530258","19","8391449"
"JH378134","17922368","17922660","chr12","10064948","10065242","37","7857420"
"JH378134","17922669","17922960","chr7","70741606","70741891","44","52818937"
"JH378134","17935089","17935391","chr6","3845382","3845681","47","14089707"
"JH378134","17942451","17942563","chr6","1067449","1067558","15","16875002"
"JH378134","17943007","17943234","chr4","29433478","29433699","39","11490471"
"JH378134","17945726","17945785","chr5","8923767","8923819","13","9021959"
"JH378134","17957028","17957273","chr15","79718930","79719175","41","61761902"
"JH378134","17968605","17968695","chr19","7758593","7758681","10","10210012"
"JH378134","17988318","17988604","chr21","74368618","74368909","44","56380300"
"JH378134","18010880","18011051","chrX","90197657","90197833","25","72186777"
"JH378134","18018835","18019136","chr9","105532728","105533027","141","87513893"
"JH378134","18024230","18024490","chr8","114481281","114481543","38","96457051"
"JH378134","18032476","18032548","chr13","63031813","63031889","8","44999337"
"JH378134","18060260","18060547","chr12","60432247","60432540","35","42371987"
"JH378134","18065741","18065877","chr25","64536958","64537093","26","46471217"
"JH378134","18070071","18070166","chr22","82220107","82220203","7","64150036"
"JH378134","18083621","18083749","chr16","12732333","12732465","16","5351288"
"JH378134","18083937","18084112","chr24","62463254","62463431","39","44379317"
"JH378134","18097310","18097583","chr3","73466676","73466959","45","55369366"
"JH378134","18098534","18098880","chr8","30384371","30384713","70","12285837"
"JH378134","18121187","18121496","chrX","78120178","78120480","37","59998991"
"JH378134","18131332","18131627","chr18","44879897","44880198","48","26748565"
"JH378134","18179326","18179627","chr24","51032663","51032946","51","32853337"
"JH378134","18188128","18188257","chr16","31737705","31737835","11","13549577"
"JH378134","18232203","18232507","chr19","23816809","23817113","39","5584606"
"JH378134","18239281","18239610","chr12","6781553","6781865","135","11457728"
"JH378134","18247257","18247336","chr5","67880800","67880883","10","49633543"
"JH378134","18255564","18255854","chr2","89357867","89358158","40","71102303"
"JH378134","18263833","18263910","chr13","63031813","63031889","7","44767980"
"JH378134","18268632","18268926","chr12","10064948","10065242","27","8203684"
"JH378134","18291611","18291908","chr22","4912713","4913009","43","13378898"
"JH378134","18296159","18296286","chr1","8688937","8689061","12","9607222"
"JH378134","18303928","18304131","chr14","14990118","14990325","38","3313810"
"JH378134","18304277","18304427","chr9","59130238","59130387","12","40825961"
"JH378134","18313421","18313496","chr13","63031813","63031889","5","44718392"
"JH378134","18318183","18318495","chr11","20333718","20334026","32","2015535"
"JH378134","18323269","18323552","chr17","44996574","44996857","44","26673305"
"JH378134","18342322","18342622","chr9","92160896","92161192","38","73818574"
"JH378134","18363763","18364056","chr21","97980668","97980956","39","79616905"
"JH378134","18401979","18402281","chr24","22113783","22114076","44","3711804"
"JH378134","18409223","18409539","chr23","44653590","44653895","48","26244367"
"JH378134","18422099","18422380","chr2","6843755","6844035","44","11578344"
"JH378134","18436479","18436772","chr3","29408785","29409071","44","10972306"
"JH378134","18547953","18548088","chrX","60368209","60368339","11","41820256"
"JH378134","18559910","18560209","chr12","10064948","10065242","29","8494962"
"JH378134","18570559","18570750","chr1","99579422","99579604","33","81008863"
"JH378134","18593174","18593431","chr8","41144891","41145148","35","22551717"
"JH378134","18603706","18604007","chr20","104630107","104630400","43","86026401"
"JH378134","18616344","18616439","chr22","82220107","82220203","8","63603763"
"JH378134","18619947","18620246","chr11","51930789","51931091","41","33310842"
"JH378134","18627106","18627212","chr2","56143676","56143777","17","37516570"
"JH378134","18681435","18681732","chr2","57111387","57111678","47","38429952"
"JH378134","18687149","18687446","chr11","4229918","4230223","41","14457231"
"JH378134","18692791","18692920","chr14","86477174","86477304","31","67784383"
"JH378134","18724814","18725106","chr20","86435911","86436197","36","67711097"
"JH378134","18775760","18776071","chr12","13047845","13048153","47","5727915"
"JH378134","18843337","18843640","chr14","83371933","83372231","41","64528596"
"JH378134","18925724","18926020","chr10","18371829","18372121","35","553895"
"JH378134","19044195","19044494","chr9","96331615","96331919","42","77287420"
"JH378134","19045263","19045569","chr5","53119708","53120019","39","34074445"
"JH378134","19105616","19105914","chr4","49245649","49245947","42","30140033"
"JH378134","19119334","19119662","chr6","7790201","7790531","58","11329133"
"JH378134","19149736","19150047","chr1","65504304","65504612","36","46354568"
"JH378134","19166828","19167117","chr5","37860748","37861034","41","18693920"
"JH378134","19196368","19196665","chr24","67239754","67240052","35","48043386"
"JH378134","19248459","19248763","chr13","8870800","8871100","46","10377659"
"JH378134","19265116","19265397","chr1","64505503","64505779","41","45240387"
"JH378134","19313036","19313283","chr8","7398185","7398432","44","11914851"
"JH378134","19338140","19338216","chr14","84294465","84294542","11","64956325"
"JH378134","19338770","19339070","chr2","20242750","20243052","42","903980"
"JH378134","19387683","19387914","chr11","46995583","46995816","48","27607900"
"JH378134","19395120","19395299","chr16","62872893","62873066","34","43477773"
"JH378134","19406395","19406694","chr1","10803268","10803561","41","8603127"
"JH378134","19424203","19424498","chr23","57301558","57301845","46","37877355"
"JH378134","19454229","19454537","chr9","125110907","125111213","40","105656678"
"JH378134","19508346","19508644","chr13","83084677","83084970","40","63576331"
"JH378134","19537617","19537910","chr11","1072049","1072341","42","18465568"
"JH378134","19564296","19564597","chr10","88177543","88177855","46","68613247"
"JH378134","19584159","19584467","chr15","86758708","86759003","47","67174549"
"JH378134","19632255","19632371","chr14","74460545","74460661","10","54828290"
"JH378134","19636975","19637266","chr12","62681503","62681796","47","43044528"
"JH378134","19652003","19652311","chr5","2273487","2273788","45","17378516"
"JH378134","19672475","19672781","chr5","33074148","33074451","35","13401673"
"JH378134","19695033","19695327","chr12","86044059","86044354","39","66349026"
"JH378134","19712471","19712774","chr19","10628119","10628425","49","9084352"
"JH378134","19713208","19713385","chr11","126322509","126322685","30","106609301"
"JH378134","19734928","19735207","chr12","12408832","12409119","49","7326096"
"JH378134","19737689","19737996","chr2","34891557","34891863","31","15153868"
"JH378134","19744830","19745139","chr5","2273487","2273788","31","17471343"
"JH378134","19746269","19746587","chr1","108565860","108566161","47","88819591"
"JH378134","19800286","19800583","chr23","12048184","12048474","46","7752102"
"JH378134","19801715","19802013","chr20","120757031","120757327","55","100955316"
"JH378134","19939753","19940070","chr9","63005368","63005678","57","43065615"
"JH378134","19948967","19949274","chr1","63079944","63080250","47","43130977"
"JH378134","20016635","20016945","chr26","38024857","38025165","30","18008222"
"JH378134","20028872","20029134","chr21","56602482","56602744","39","36573610"
"JH378134","20045520","20045819","chr6","5143118","5143416","38","14902402"
"JH378134","20084678","20084962","chr1","65294853","65295136","46","45210175"
"JH378134","20093239","20093322","chr5","67880800","67880883","7","47787561"
"JH378134","20122728","20123038","chr6","16598509","16598818","37","3524219"
"JH378134","20125989","20126304","chr9","63005368","63005678","62","42879379"
"JH378134","20131418","20131728","chr18","67218974","67219278","55","47087556"
"JH378134","20195520","20195803","chrX","50312686","50312963","44","30117166"
"JH378134","20203056","20203341","chr5","20366749","20367033","37","163693"
"JH378134","20206350","20206624","chr4","52117674","52117951","32","31911324"
"JH378134","20219062","20219156","chr22","82220107","82220203","6","62001045"
"JH378134","20308016","20308163","chr17","47733511","47733658","15","27425495"
"JH378134","20310848","20311095","chr16","65341402","65341647","46","45030554"
"JH378134","20343465","20343758","chr12","60506246","60506530","42","40162781"
"JH378134","20361761","20362064","chr26","17907530","17907825","37","2454231"
"JH378134","20415120","20415219","chr22","82220107","82220203","10","61804987"
"JH378134","20435011","20435325","chr8","26352201","26352513","43","5917190"
"JH378134","20437668","20437976","chr10","68558120","68558423","39","48120452"
"JH378134","20449061","20449385","chr24","68895333","68895641","48","48446272"
"JH378134","20463682","20463990","chr13","84743392","84743699","43","64279710"
"JH378134","20478837","20479111","chr2","44912969","44913240","50","24434132"
"JH378134","20480001","20480282","chr19","19502742","19503020","36","977259"
"JH378134","20504255","20504536","chr7","19648963","19649245","46","855292"
"JH378134","20507505","20507814","chr8","1760359","1760667","52","18747146"
"JH378134","20524818","20525124","chr1","87458669","87458972","35","66933851"
"JH378134","20527606","20527837","chr9","106743255","106743488","45","86215649"
"JH378134","20547040","20547359","chr11","94011252","94011564","47","73464212"
"JH378134","20558517","20558822","chr1","120119656","120119957","34","99561139"
"JH378134","20559084","20559395","chr9","13404552","13404853","39","7154532"
"JH378134","20576863","20577165","chr22","47793370","47793666","59","27216507"
"JH378134","20609771","20609963","chrX","69874323","69874503","36","49264552"
"JH378134","20645768","20646078","chr1","65504304","65504612","29","44858536"
"JH378134","20684426","20684696","chr9","107033488","107033756","44","86349062"
"JH378134","20700973","20701068","chr22","82220107","82220203","8","61519134"
"JH378134","20736944","20737054","chr22","28974448","28974565","22","8237504"
"JH378134","20742100","20742195","chr22","82220107","82220203","10","61478007"
"JH378134","20774657","20774965","chr6","28329740","28330046","41","7555083"
"JH378134","20784803","20785093","chrX","29936084","29936366","36","9151281"
"JH378134","20805426","20805727","chr5","2273487","2273788","39","18531939"
"JH378134","20863931","20864226","chr20","12020026","12020324","40","8843905"
"JH378134","20902385","20902695","chr5","2324242","2324550","39","18578143"
"JH378134","20953634","20953784","chr10","97292708","97292851","24","76339074"
"JH378134","20996690","20996931","chr7","98402247","98402504","56","77405557"
"JH378134","21009254","21009546","chr12","10064948","10065242","24","10944306"
"JH378134","21096241","21096370","chr3","91348390","91348521","13","70252149"
"JH378134","21099468","21099723","chr22","88832832","88833087","28","67733364"
"JH378134","21115953","21116059","chr6","1067449","1067558","11","20048504"
"JH378134","21123873","21124175","chr25","43964747","43965050","39","22840874"
"JH378134","21223779","21224086","chr1","65504304","65504612","35","44280525"
"JH378134","21360743","21361048","chr2","34891557","34891863","47","13530814"
"JH378134","21377206","21377509","chr2","34891557","34891863","30","13514351"
"JH378134","21501966","21502239","chr15","73764329","73764600","39","52262363"
"JH378134","21505201","21505494","chr20","121618255","121618545","36","100113054"
"JH378134","21524537","21524820","chr6","48913632","48913921","41","27389095"
"JH378134","21573183","21573268","chr14","63670791","63670877","12","42097608"
"JH378134","21637913","21638194","chr9","40692527","40692797","53","19054614"
"JH378134","21692621","21692924","chr16","30398852","30399159","36","8706231"
"JH378134","21754209","21754516","chr14","42067116","42067411","46","20312907"
"JH378134","21773019","21773328","chr5","28212991","28213301","42","6439972"
"JH378134","21835777","21836054","chr11","115292126","115292409","42","93456349"
"JH378134","21844220","21844527","chr2","35933723","35934028","34","14089503"
"JH378134","21857956","21858248","chr10","8909912","8910203","44","12948044"
"JH378134","21988863","21989152","chr21","75861886","75862178","43","53873023"
"JH378134","22003085","22003389","chr7","13881902","13882206","39","8121183"
"JH378134","22005781","22006074","chr12","10064948","10065242","33","11940833"
"JH378134","22019039","22019324","chr1","47766353","47766648","51","25747314"
"JH378134","22053316","22053575","chr21","110350197","110350450","42","88296881"
"JH378134","22081983","22082078","chr21","40077109","40077203","14","17995126"
"JH378134","22149759","22150043","chr2","9137399","9137684","35","13012360"
"JH378134","22209177","22209490","chr3","27466416","27466725","36","5257239"
"JH378134","22250271","22250567","chr9","8861735","8862032","31","13388536"
"JH378134","22259583","22259893","chr26","38024857","38025165","30","15765274"
"JH378134","22284646","22284958","chr14","95556410","95556720","48","73271764"
"JH378134","22295043","22295341","chr10","111637485","111637783","31","89342442"
"JH378134","22309559","22309879","chr12","100081445","100081751","43","77771886"
"JH378134","22314011","22314286","chr19","24609046","24609325","39","2295035"
"JH378134","22340104","22340414","chr2","58045145","58045453","47","35705041"
"JH378134","22372587","22372881","chr12","10064948","10065242","30","12307639"
"JH378134","22388985","22389259","chr6","2672448","2672721","40","19716537"
"JH378134","22398163","22398453","chr10","118597337","118597632","37","96199174"
"JH378134","22405002","22405310","chr14","70652150","70652458","34","48247148"
"JH378134","22407242","22407354","chr11","128539002","128539115","11","106131760"
"JH378134","22467742","22467987","chr9","96390861","96391117","34","73923119"
"JH378134","22471478","22471573","chr22","82220107","82220203","9","59748629"
"JH378134","22482543","22482622","chr19","23494523","23494608","16","1011980"
"JH378134","22488110","22488397","chrX","115847772","115848064","57","93359662"
"JH378134","22490199","22490496","chr20","40940162","40940460","50","18449963"
"JH378134","22492969","22493203","chr11","126175108","126175340","36","103682139"
"JH378135","4980708","4980998","chr14","83371933","83372231","32","78391225"
"JH378135","21559","21635","chr13","63031813","63031889","10","63010254"
"JH378135","24219","24479","chr20","123718654","123718910","47","123694435"
"JH378135","24483","24604","chr20","104220685","104220809","16","104196202"
"JH378135","57264","57574","chr5","2273487","2273788","35","2216223"
"JH378135","146605","146898","chr16","23423370","23423672","46","23276765"
"JH378135","169397","169471","chr13","63031813","63031889","8","62862416"
"JH378135","176308","176583","chr10","91933773","91934048","41","91757465"
"JH378135","204214","204522","chr11","64732415","64732714","37","64528201"
"JH378135","207746","207999","chr26","19173163","19173413","46","18965417"
"JH378135","209599","209701","chr24","34051581","34051688","19","33841982"
"JH378135","209802","209929","chr19","20225547","20225670","18","20015745"
"JH378135","219391","219516","chr1","8688937","8689061","13","8469546"
"JH378135","220093","220223","chr27","8311216","8311350","30","8091123"
"JH378135","221810","222125","chr3","92074445","92074742","42","91852635"
"JH378135","228381","228445","chr10","115771439","115771499","17","115543058"
"JH378135","247156","247234","chr13","63031813","63031889","8","62784657"
"JH378135","269877","270186","chr15","86758708","86759003","41","86488831"
"JH378135","281594","281671","chr13","63031813","63031889","7","62750219"
"JH378135","282208","282515","chr12","10064948","10065242","54","9782740"
"JH378135","299369","299659","chr25","77711729","77712016","45","77412360"
"JH378135","304307","304514","chr16","40442198","40442397","36","40137891"
"JH378135","305346","305493","chr24","12006231","12006380","16","11700885"
"JH378135","352071","352368","chr4","41297981","41298275","36","40945910"
"JH378135","376634","376920","chr18","65640670","65640953","50","65264036"
"JH378135","376989","377247","chr1","93538957","93539210","39","93161968"
"JH378135","400094","400406","chr11","115525233","115525542","33","115125139"
"JH378135","415941","416180","chr26","11007255","11007490","32","10591314"
"JH378135","417654","417956","chr5","2273487","2273788","31","1855833"
"JH378135","418950","419184","chr26","14438107","14438343","30","14019157"
"JH378135","420603","420918","chr21","121143183","121143493","49","120722580"
"JH378135","421444","421546","chrX","2017984","2018087","11","1596540"
"JH378135","424439","424738","chr14","83371933","83372231","40","82947494"
"JH378135","448680","448826","chr3","90669571","90669712","16","90220891"
"JH378135","467005","467296","chr3","27193525","27193809","49","26726520"
"JH378135","470818","470907","chr20","8489737","8489826","10","8018919"
"JH378135","472852","472989","chr1","92359592","92359731","24","91886740"
"JH378135","490382","490670","chrX","104601258","104601549","47","104110876"
"JH378135","523123","523380","chr10","118182665","118182918","31","117659542"
"JH378135","526969","527198","chr28","1528822","1529047","44","1001853"
"JH378135","527501","527635","chr11","128198219","128198344","25","127670718"
"JH378135","551795","552080","chrX","64573195","64573483","42","64021400"
"JH378135","558935","559225","chr18","26746608","26746895","49","26187673"
"JH378135","590000","590149","chr7","59722042","59722193","35","59132042"
"JH378135","605694","605944","chr8","27036059","27036321","54","26430365"
"JH378135","605962","606047","chr11","7885186","7885268","14","7279224"
"JH378135","642809","642946","chr26","6591504","6591639","9","5948695"
"JH378135","644740","644827","chr19","7758593","7758681","10","7113853"
"JH378135","658206","658291","chr16","4405728","4405812","6","3747522"
"JH378135","673892","674027","chr26","6591504","6591639","11","5917612"
"JH378135","679737","680041","chr22","42935660","42935966","37","42255923"
"JH378135","702719","702874","chr1","7934683","7934834","26","7231964"
"JH378135","732580","732890","chr17","35258575","35258878","38","34525995"
"JH378135","743035","743338","chr1","63079944","63080250","49","62336909"
"JH378135","751422","751559","chr26","6591504","6591639","17","5840082"
"JH378135","754433","754600","chrX","99820785","99820950","32","99066352"
"JH378135","766340","766612","chr14","33085378","33085658","39","32319038"
"JH378135","776022","776326","chr5","2273487","2273788","28","1497465"
"JH378135","782295","782401","chrX","2017984","2018087","10","1235689"
"JH378135","792180","792302","chr1","8688937","8689061","14","7896757"
"JH378135","803197","803301","chr1","39939684","39939788","10","39136487"
"JH378135","815588","815661","chr13","63031813","63031889","10","62216225"
"JH378135","823272","823554","chr11","40006393","40006682","39","39183121"
"JH378135","855586","855875","chr8","94667632","94667918","35","93812046"
"JH378135","866436","866524","chr19","7758593","7758681","11","6892157"
"JH378135","870713","871019","chr16","30398852","30399159","33","29528139"
"JH378135","920756","921059","chr3","20237905","20238212","38","19317149"
"JH378135","1031133","1031438","chr17","58080479","58080781","35","57049346"
"JH378135","1039494","1039787","chr22","10940743","10941034","31","9901249"
"JH378135","1045401","1045693","chr9","57875604","57875901","44","56830203"
"JH378135","1062967","1063249","chr10","29907498","29907779","39","28844531"
"JH378135","1089170","1089463","chr1","103415790","103416081","33","102326620"
"JH378135","1103359","1103675","chr8","1760359","1760667","38","657000"
"JH378135","1116128","1116432","chr9","26651072","26651377","44","25534944"
"JH378135","1134652","1134913","chr11","123957692","123957957","52","122823040"
"JH378135","1148377","1148495","chr15","53595698","53595816","14","52447321"
"JH378135","1152881","1153178","chr13","29304070","29304368","36","28151189"
"JH378135","1168899","1169192","chr4","65823519","65823812","45","64654620"
"JH378135","1210319","1210466","chr17","47733511","47733658","14","46523192"
"JH378135","1242818","1243106","chr11","16140631","16140920","40","14897813"
"JH378135","1244925","1245221","chr23","44235597","44235893","43","42990672"
"JH378135","1251016","1251301","chr21","25971507","25971796","38","24720491"
"JH378135","1252998","1253298","chr12","10064948","10065242","27","8811950"
"JH378135","1291634","1291937","chr5","2273487","2273788","26","981853"
"JH378135","1298756","1298899","chr12","46226668","46226803","28","44927912"
"JH378135","1307357","1307652","chrY","2316241","2316538","34","1008884"
"JH378135","1308804","1309083","chr3","9360358","9360639","37","8051554"
"JH378135","1320676","1320972","chr6","17436440","17436738","39","16115764"
"JH378135","1343141","1343440","chr8","95885898","95886192","37","94542757"
"JH378135","1343878","1344061","chr25","84632079","84632260","34","83288201"
"JH378135","1364047","1364346","chr2","55900648","55900952","38","54536601"
"JH378135","1390066","1390153","chr19","7758593","7758681","10","6368527"
"JH378135","1438163","1438456","chr18","58296276","58296560","43","56858113"
"JH378135","1460074","1460265","chr1","11673452","11673637","25","10213378"
"JH378135","1460366","1460471","chr24","14477540","14477645","18","13017174"
"JH378135","1525265","1525392","chr3","91348390","91348521","12","89823125"
"JH378135","1531426","1531511","chr5","67880800","67880883","7","66349374"
"JH378135","1556256","1556558","chr12","6781553","6781865","76","5225297"
"JH378135","1557884","1558196","chr11","115525233","115525542","30","113967349"
"JH378135","1566686","1566996","chr2","20242750","20243052","40","18676064"
"JH378135","1579980","1580290","chr2","58045145","58045453","33","56465165"
"JH378135","1586953","1587243","chr2","90183349","90183641","39","88596396"
"JH378135","1594125","1594426","chr6","48913632","48913921","35","47319507"
"JH378135","1601943","1602223","chr2","57111387","57111678","47","55509444"
"JH378135","1615891","1616009","chr20","41334003","41334123","13","39718112"
"JH378135","1625152","1625459","chr9","15987970","15988276","34","14362818"
"JH378135","1638384","1638683","chr22","47793370","47793666","42","46154986"
"JH378135","1651624","1651933","chr20","2655545","2655847","39","1003921"
"JH378135","1674496","1674604","chr6","1067449","1067558","11","607047"
"JH378135","1678600","1678894","chr18","17624355","17624650","47","15945755"
"JH378135","1682031","1682303","chr8","132346365","132346635","52","130664334"
"JH378135","1696076","1696358","chr7","4315632","4315915","37","2619556"
"JH378135","1698978","1699081","chrX","2017984","2018087","9","319006"
"JH378135","1710875","1711013","chr20","2599771","2599915","29","888896"
"JH378135","1711265","1711317","chr10","63425876","63425932","13","61714611"
"JH378135","1725625","1725931","chrX","50127586","50127886","32","48401961"
"JH378135","1769672","1769913","chr24","66946035","66946274","32","65176363"
"JH378135","1809245","1809583","chr2","31019681","31020018","43","29210436"
"JH378135","1809589","1809849","chr9","122206771","122207019","58","120397182"
"JH378135","1835344","1835680","chr14","32474276","32474605","50","30638932"
"JH378135","1887265","1887560","chr7","99172603","99172901","34","97285338"
"JH378135","1948003","1948317","chr13","14532187","14532486","58","12584184"
"JH378135","1949330","1949596","chr18","29549483","29549757","42","27600153"
"JH378135","1956209","1956323","chrX","119966559","119966672","16","118010350"
"JH378135","1956430","1956611","chr19","14732662","14732852","38","12776232"
"JH378135","1958060","1958143","chr5","67880800","67880883","5","65922740"
"JH378135","1974813","1975124","chr9","63398508","63398810","42","61423695"
"JH378135","2006476","2006779","chr14","22799686","22799991","34","20793210"
"JH378135","2076918","2077002","chr5","67880800","67880883","6","65803882"
"JH378135","2107455","2107763","chr5","20221828","20222136","39","18114373"
"JH378135","2111583","2111819","chr23","53807731","53807970","31","51696148"
"JH378135","2206525","2206809","chr4","58986195","58986478","35","56779670"
"JH378135","2363811","2364121","chr17","35258575","35258878","32","32894764"
"JH378135","2375963","2376238","chr9","118540216","118540488","40","116164253"
"JH378135","2459257","2459564","chr23","44247755","44248062","38","41788498"
"JH378135","2510230","2510380","chr9","59130238","59130387","13","56620008"
"JH378135","2516736","2517044","chr14","83371933","83372231","42","80855197"
"JH378135","2537124","2537425","chr11","10504209","10504500","48","7967085"
"JH378135","2559675","2559946","chr16","65208467","65208738","33","62648792"
"JH378135","2587027","2587336","chr11","115525233","115525542","31","112938206"
"JH378135","2675514","2675811","chr12","6781553","6781865","102","4106039"
"JH378135","2773466","2773794","chr24","61233185","61233509","44","58459719"
"JH378135","2774824","2775131","chr19","10628119","10628425","36","7853295"
"JH378135","2989732","2990043","chr16","30398852","30399159","32","27409120"
"JH378135","3000694","3000979","chr7","36147466","36147756","39","33146772"
"JH378135","3021186","3021498","chr6","16598509","16598818","32","13577323"
"JH378135","3037881","3038170","chr2","35252568","35252862","44","32214687"
"JH378135","3296103","3296384","chr18","66189352","66189642","41","62893249"
"JH378135","3309726","3310020","chrX","125302543","125302844","48","121992817"
"JH378135","3315883","3316179","chr16","53397850","53398143","38","50081967"
"JH378135","3331096","3331318","chr13","7317370","7317589","30","3986274"
"JH378135","3350484","3350784","chr11","106776114","106776412","43","103425630"
"JH378135","3360277","3360566","chr11","50584728","50585012","46","47224451"
"JH378135","3360933","3361226","chr2","66530405","66530698","55","63169472"
"JH378135","3372306","3372597","chr13","65577132","65577425","28","62204826"
"JH378135","3386072","3386365","chrX","11815348","11815650","40","8429276"
"JH378135","3388358","3388450","chr2","34529087","34529181","22","31140729"
"JH378135","3390814","3391121","chr7","12288332","12288635","70","8897518"
"JH378135","3394355","3394659","chrX","125302543","125302844","30","121908188"
"JH378135","3398077","3398369","chr1","10803268","10803561","44","7405191"
"JH378135","3406911","3407210","chr29","8289755","8290055","37","4882844"
"JH378135","3441552","3441874","chr8","26352201","26352513","47","22910649"
"JH378135","3457764","3458065","chr5","47555978","47556281","38","44098214"
"JH378135","3515945","3516230","chr12","18588349","18588640","41","15072404"
"JH378135","3523433","3523537","chrX","2017984","2018087","10","1505449"
"JH378135","3555181","3555471","chr15","67986062","67986349","32","64430881"
"JH378135","3579810","3580122","chr1","65504304","65504612","32","61924494"
"JH378135","3584320","3584594","chr20","116987724","116988002","44","113403404"
"JH378135","3614664","3614959","chr12","10064948","10065242","28","6450284"
"JH378135","3619135","3619443","chr26","15539813","15540127","42","11920678"
"JH378135","3678800","3679120","chrX","84956070","84956370","52","81277270"
"JH378135","3690750","3691043","chrX","119965831","119966113","41","116275081"
"JH378135","3702418","3702553","chr5","41919832","41919955","27","38217414"
"JH378135","3824671","3824965","chr20","111374247","111374540","37","107549576"
"JH378135","3867026","3867315","chr9","28574183","28574477","43","24707157"
"JH378135","4101227","4101522","chr12","13049136","13049433","36","8947909"
"JH378135","4114155","4114445","chr21","50410494","50410784","42","46296339"
"JH378135","4156093","4156389","chr20","93545480","93545771","35","89389387"
"JH378135","4163460","4163762","chr12","106807603","106807904","38","102644143"
"JH378135","4174085","4174389","chr9","43165199","43165493","35","38991114"
"JH378135","4179755","4179839","chr16","4405728","4405812","8","225973"
"JH378135","4205447","4205742","chr9","90943231","90943523","32","86737784"
"JH378135","4209118","4209463","chr16","52975249","52975580","60","48766131"
"JH378135","4234079","4234387","chr5","2273487","2273788","38","1960592"
"JH378135","4255380","4255458","chr16","3308866","3308945","9","946514"
"JH378135","4269896","4270220","chr5","2273487","2273788","46","1996409"
"JH378135","4273069","4273361","chr12","10064948","10065242","35","5791879"
"JH378135","4315690","4315991","chr12","10064948","10065242","32","5749258"
"JH378135","4317759","4318058","chr1","68219231","68219530","40","63901472"
"JH378135","4318480","4318564","chr16","4405728","4405812","7","87248"
"JH378135","4325063","4325140","chr10","95538249","95538325","9","91213186"
"JH378135","4326124","4326223","chr14","14498795","14498888","34","10172671"
"JH378135","4338208","4338520","chr1","65504304","65504612","30","61166096"
"JH378135","4344281","4344565","chrX","23977849","23978143","38","19633568"
"JH378135","4348691","4348916","chr16","10013512","10013752","49","5664821"
"JH378135","4349063","4349335","chr12","12434992","12435260","37","8085929"
"JH378135","4390079","4390187","chr6","1067449","1067558","12","3322630"
"JH378135","4398528","4398844","chr13","84743392","84743699","40","80344864"
"JH378135","4399436","4399740","chr3","77036872","77037165","39","72637436"
"JH378135","4413388","4413687","chr24","79569054","79569345","46","75155666"
"JH378135","4414674","4414979","chr17","58080479","58080781","30","53665805"
"JH378135","4426539","4426687","chr9","59130238","59130387","16","54703699"
"JH378135","4467626","4467809","chr11","7803415","7803597","19","3335789"
"JH378135","4479339","4479469","chr3","91348390","91348521","12","86869051"
"JH378135","4489096","4489335","chr26","10744956","10745195","56","6255860"
"JH378135","4497540","4497798","chr24","27023895","27024155","49","22526355"
"JH378135","4500965","4501265","chr12","10064948","10065242","25","5563983"
"JH378135","4529720","4530027","chr20","80826383","80826678","45","76296663"
"JH378135","4538578","4538679","chrX","2017984","2018087","11","2520594"
"JH378135","4556888","4556998","chr9","51073130","51073242","17","46516242"
"JH378135","4559471","4559783","chr26","31628235","31628540","49","27068764"
"JH378135","4578597","4578716","chr15","90834689","90834810","12","86256092"
"JH378135","4589872","4589948","chr13","63031813","63031889","7","58441941"
"JH378135","4601040","4601317","chr5","14031138","14031428","50","9430098"
"JH378135","4617155","4617275","chr11","74863209","74863330","18","70246054"
"JH378135","4650471","4650711","chrX","56071415","56071659","37","51420944"
"JH378135","4654866","4655168","chr14","79729598","79729899","32","75074732"
"JH378135","4660620","4660709","chr3","65349691","65349782","12","60689071"
"JH378135","4661736","4662034","chr2","66238030","66238331","40","61576294"
"JH378135","4685508","4685604","chr22","82220107","82220203","4","77534599"
"JH378135","4706658","4706752","chr22","82220107","82220203","9","77513449"
"JH378135","4715488","4715766","chr9","114015180","114015455","31","109299692"
"JH378135","4725734","4726026","chr18","71480316","71480609","31","66754582"
"JH378135","4731068","4731368","chr8","38754814","38755111","49","34023746"
"JH378135","4777233","4777538","chr12","10064948","10065242","34","5287715"
"JH378135","4782227","4782352","chr15","90834689","90834810","12","86052462"
"JH378135","4844153","4844242","chr19","7758593","7758681","11","2914440"
"JH378135","4845605","4845680","chr13","63031813","63031889","8","58186208"
"JH378135","4851688","4851982","chr12","10064948","10065242","29","5213260"
"JH378135","4861992","4862192","chr19","5662814","5663015","25","800822"
"JH378135","4874066","4874154","chr14","82610477","82610563","10","77736411"
"JH378135","4879443","4879538","chr22","82220107","82220203","9","77340664"
"JH378135","4898785","4899065","chrX","61008485","61008763","36","56109700"
"JH378135","4900556","4900859","chr10","87768101","87768408","40","82867545"
"JH378135","4913618","4913687","chr9","62921501","62921569","15","58007883"
"JH378135","4913688","4913829","chr3","90669571","90669712","12","85755883"
"JH378135","4914322","4914535","chr11","45536523","45536736","43","40622201"
"JH378135","4927918","4928214","chr9","3190906","3191203","45","1737012"
"JH378135","4935302","4935402","chr22","82220107","82220203","16","77284805"
"JH378135","4953646","4953765","chr20","115102100","115102215","10","110148454"
"JH378135","4956128","4956418","chr25","81017700","81017987","32","76061572"
"JH378135","4991300","4991595","chr12","10064948","10065242","28","5073648"
"JH378135","4993869","4994171","chr14","73401178","73401474","33","68407309"
"JH378135","5001660","5001953","chr26","6374183","6374474","45","1372523"
"JH378135","5004946","5005048","chr12","73245235","73245330","26","68240289"
"JH378135","5013678","5013975","chr13","64989908","64990202","39","59976230"
"JH378135","5041235","5041336","chrX","2017984","2018087","10","3023251"
"JH378135","5054890","5055065","chrX","890333","890519","43","4164557"
"JH378135","5068866","5069098","chr7","86161196","86161431","34","81092330"
"JH378135","5074324","5074608","chrX","95460911","95461200","46","90386587"
"JH378135","5100982","5101293","chr23","78958611","78958915","43","73857629"
"JH378135","5103223","5103338","chr4","60395666","60395783","12","55292443"
"JH378135","5110679","5110807","chr16","4500752","4500881","19","609927"
"JH378135","5116117","5116193","chr13","63031813","63031889","8","57915696"
"JH378135","5120738","5120930","chr13","86585007","86585200","20","81464269"
"JH378135","5124431","5124557","chrX_KE148108v1_random","895745","895871","16","4228686"
"JH378135","5129737","5130048","chr26","38024857","38025165","50","32895120"
"JH378135","5131193","5131338","chr3","90669571","90669712","15","85538378"
"JH378135","5132863","5132980","chr15","53595698","53595816","11","48462835"
"JH378135","5143888","5144071","chr14","79057796","79057969","41","73913908"
"JH378135","5153801","5154138","chr10","102857571","102857891","55","97703770"
"JH378135","5164965","5165130","chr14","32881983","32882150","28","27717018"
"JH378135","5198682","5198772","chr3","65349691","65349782","9","60151009"
"JH378135","5199846","5200160","chr16","2999161","2999470","38","2200685"
"JH378135","5200458","5200744","chr5","53255334","53255620","38","48054876"
"JH378135","5208719","5209034","chr2","34891557","34891863","40","29682838"
"JH378135","5209547","5209775","chr12","13499048","13499278","30","8289501"
"JH378135","5217673","5217759","chr14","82610477","82610563","9","77392804"
"JH378135","5239992","5240130","chr11","95753406","95753542","14","90513414"
"JH378135","5242392","5242507","chr13","61112232","61112346","12","55869840"
"JH378135","5249881","5250104","chr22","9316072","9316296","34","4066191"
"JH378135","5252988","5253300","chrX","88987469","88987776","41","83734481"
"JH378135","5257575","5257669","chr22","82220107","82220203","9","76962532"
"JH378135","5272189","5272460","chr7","13249072","13249348","47","7976883"
"JH378135","5276599","5276739","chr23","56978905","56979044","12","51702306"
"JH378135","5279134","5279353","chr1","80319221","80319440","30","75040087"
"JH378135","5285806","5286099","chr5","59584979","59585268","48","54299173"
"JH378135","5286745","5287043","chr12","10064948","10065242","31","4778203"
"JH378135","5295255","5295345","chr3","65349691","65349782","13","60054436"
"JH378135","5296097","5296225","chr9","71632727","71632860","23","66336630"
"JH378135","5306025","5306279","chr18","18791285","18791536","53","13485260"
"JH378135","5315367","5315541","chr20","104409263","104409426","42","99093896"
"JH378135","5317645","5317919","chr8","44727875","44728165","46","39410230"
"JH378135","5319383","5319679","chr12","10064948","10065242","32","4745565"
"JH378135","5319682","5319955","chrX","126393011","126393284","39","121073329"
"JH378135","5331484","5331570","chr5","67880800","67880883","7","62549316"
"JH378135","5331573","5331852","chr24","27974021","27974303","51","22642448"
"JH378135","5339605","5339734","chr3","91348390","91348521","11","86008785"
"JH378135","5340437","5340623","chr20","45817691","45817873","22","40477254"
"JH378135","5345851","5346147","chr12","10064948","10065242","22","4719097"
"JH378135","5352486","5352706","chr13","7317370","7317589","25","1964884"
"JH378135","5367666","5367741","chr13","63031813","63031889","6","57664147"
"JH378135","5378326","5378621","chr12","10064948","10065242","29","4686622"
"JH378135","5381286","5381374","chr19","7758593","7758681","7","2377307"
"JH378135","5394106","5394178","chr13","63031813","63031889","11","57637707"
"JH378135","5402169","5402470","chr26","18977354","18977652","38","13575185"
"JH378135","5415007","5415316","chr5","2273487","2273788","32","3141520"
"JH378135","5435966","5436197","chr6","2372111","2372337","29","3063855"
"JH378135","5472502","5472825","chr15","2954286","2954591","59","2518216"
"JH378135","5474277","5474559","chr26","36103659","36103942","42","30629382"
"JH378135","5479183","5479496","chr1","65504304","65504612","40","60025121"
"JH378135","5501601","5501881","chr1","64505503","64505779","39","59003902"
"JH378135","5530572","5530874","chr6","5143118","5143416","48","387454"
"JH378135","5555254","5555562","chr14","22799686","22799991","32","17244432"
"JH378135","5558190","5558267","chr13","63031813","63031889","7","57473623"
"JH378135","5561520","5561812","chr8","138416364","138416651","33","132854844"
"JH378135","5563137","5563244","chr12","53065987","53066095","11","47502850"
"JH378135","5578868","5579146","chr22","79089199","79089487","52","73510331"
"JH378135","5583897","5584196","chr18","56320838","56321130","44","50736941"
"JH378135","5596947","5597198","chr8","138871058","138871303","51","133274111"
"JH378135","5615167","5615465","chr5","2273487","2273788","32","3341680"
"JH378135","5617296","5617601","chr24","35541584","35541883","36","29924288"
"JH378135","5655653","5655769","chr14","74460545","74460661","13","68804892"
"JH378135","5663461","5663764","chr12","10064948","10065242","28","4401487"
"JH378135","5671529","5671654","chr1","8688937","8689061","16","3017408"
"JH378135","5679825","5679919","chr22","82220107","82220203","9","76540282"
"JH378135","5680498","5680614","chr4","60395666","60395783","14","54715168"
"JH378135","5709116","5709373","chr17","17514120","17514376","41","11805004"
"JH378135","5731769","5731867","chr3","15224929","15225029","14","9493160"
"JH378135","5757659","5757747","chr16","4405728","4405812","11","1351931"
"JH378135","5758947","5759037","chr3","65349691","65349782","11","59590744"
"JH378135","5760834","5761132","chr20","92481976","92482271","38","86721142"
"JH378135","5802640","5802922","chr7","86776983","86777262","53","80974343"
"JH378135","5812936","5813032","chr22","82220107","82220203","6","76407171"
"JH378135","5846581","5846881","chr9","57875604","57875901","41","52029023"
"JH378135","5848564","5848653","chr16","4405728","4405812","11","1442836"
"JH378135","5853331","5853641","chr11","120207458","120207761","35","114354127"
"JH378135","5879656","5879955","chr26","26157512","26157808","30","20277856"
"JH378135","5881632","5881931","chr13","65577132","65577425","33","59695500"
"JH378135","5888407","5888691","chr16","18091158","18091443","44","12202751"
"JH378135","5890538","5890836","chr13","65577132","65577425","34","59686594"
"JH378135","5897032","5897263","chr11","7931648","7931881","37","2034616"
"JH378135","5902851","5902955","chr13","42116553","42116656","10","36213702"
"JH378135","5924055","5924270","chr11","45536523","45536736","43","39612468"
"JH378135","5931786","5932059","chr10","90102153","90102431","45","84170367"
"JH378135","5939155","5939442","chr20","106884868","106885166","42","100945713"
"JH378135","5946502","5946760","chr22","43966779","43967052","51","38020277"
"JH378135","5947537","5947862","chr9","37163037","37163327","66","31215500"
"JH378135","5961378","5961529","chr27","23314293","23314443","22","17352915"
"JH378135","5978845","5979151","chr12","10064948","10065242","36","4086103"
"JH378135","6019950","6020261","chr5","2273487","2273788","36","3746463"
"JH378135","6037825","6038133","chr1","65504304","65504612","35","59466479"
"JH378135","6039453","6039760","chr16","33182065","33182368","48","27142612"
"JH378135","6049897","6050194","chr12","10064948","10065242","27","4015051"
"JH378135","6054153","6054412","chr13","21953029","21953287","35","15898876"
"JH378135","6102130","6102380","chr9","92500633","92500888","37","86398503"
"JH378135","6109334","6109632","chr16","53397850","53398143","42","47288516"
"JH378135","6126625","6126924","chr25","83501873","83502135","123","77375248"
"JH378135","6152302","6152602","chr4","49245649","49245947","46","43093347"
"JH378135","6290431","6290726","chr13","65577132","65577425","26","59286701"
"JH378135","6336568","6336851","chr23","16142942","16143228","28","9806374"
"JH378135","6431682","6431978","chr5","60410105","60410402","42","53978423"
"JH378135","6444790","6445029","chr9","92500633","92500888","53","86055843"
"JH378135","6471944","6472092","chr9","59130238","59130387","14","52658294"
"JH378135","6498997","6499307","chr27","25506578","25506885","38","19007581"
"JH378135","6503884","6504188","chr5","2273487","2273788","30","4230397"
"JH378135","6578002","6578282","chr24","76614329","76614607","37","70036327"
"JH378135","6601220","6601529","chr20","1672158","1672466","32","4929062"
"JH378135","6644592","6644885","chr12","60432247","60432540","35","53787655"
"JH378135","6670998","6671303","chr1","115205454","115205746","45","108534456"
"JH378135","6704887","6705189","chr1","10803268","10803561","43","4098381"
"JH378135","6746151","6746446","chr20","23803939","23804231","33","17057788"
"JH378135","6751273","6751568","chr22","50629443","50629736","41","43878170"
"JH378135","6762680","6762968","chr13","91635851","91636141","45","84873171"
"JH378135","6774931","6775236","chr23","78958611","78958915","38","72183680"
"JH378135","6778002","6778330","chr20","8994050","8994369","58","2216048"
"JH378135","6780517","6780818","chr5","52368103","52368393","35","45587586"
"JH378135","6838367","6838667","chr2","34385406","34385706","49","27547039"
"JH378135","6855722","6855876","chr9","38192622","38192768","22","31336900"
"JH378135","6881140","6881442","chr20","96210594","96210893","43","89329454"
"JH378135","6994603","6994862","chr29","10878757","10879017","45","3884154"
"JH378135","7015578","7015867","chr14","80284365","80284655","36","73268787"
"JH378135","7018743","7019035","chr12","92270046","92270338","45","85251303"
"JH378135","7101355","7101646","chr13","66418876","66419162","51","59317521"
"JH378135","7139054","7139353","chr16","3121962","3122256","43","4017092"
"JH378135","7167293","7167596","chrX","125302543","125302844","28","118135250"
"JH378135","7174844","7175133","chr4","15532519","15532799","46","8357675"
"JH378135","7214222","7214520","chr15","90683914","90684220","50","83469692"
"JH378135","7310101","7310404","chr16","21816012","21816308","41","14505911"
"JH378135","7334224","7334523","chr1","103415790","103416081","43","96081566"
"JH378135","7339497","7339802","chr12","27315202","27315510","42","19975705"
"JH378135","7392870","7393180","chr1","65504304","65504612","30","58111434"
"JH378135","7448436","7448697","chr13","56916327","56916592","39","49467891"
"JH378135","7475250","7475556","chr14","49265577","49265884","39","41790327"
"JH378135","7509506","7509811","chr12","44274197","44274504","40","36764691"
"JH378135","7542409","7542727","chr8","96089866","96090170","45","88547457"
"JH378135","7544817","7545103","chr9","96314869","96315163","41","88770052"
"JH378135","7565832","7566062","chr17","70593950","70594177","40","63028118"
"JH378135","7567728","7568015","chr12","14821307","14821598","45","7253579"
"JH378135","7650616","7650905","chr8","138416364","138416651","41","130765748"
"JH378135","7760774","7761038","chr11","117793063","117793332","36","110032289"
"JH378135","7772237","7772526","chr16","9071837","9072127","38","1299600"
"JH378135","7877186","7877481","chr12","10064948","10065242","35","2187762"
"JH378135","7893188","7893494","chr12","10064948","10065242","37","2171760"
"JH378135","8036597","8036896","chr12","10064948","10065242","32","2028351"
"JH378135","8093430","8093719","chr18","71629517","71629808","33","63536087"
"JH378135","8180546","8180847","chrY","2316241","2316538","46","5864305"
"JH378135","8214059","8214354","chrX","23977849","23978143","33","15763790"
"JH378135","8273317","8273600","chr6","40582273","40582553","31","32308956"
"JH378135","8287494","8287801","chr12","10064948","10065242","39","1777454"
"JH378135","8298429","8298723","chr20","111374247","111374540","44","103075818"
"JH378135","8309181","8309461","chr15","21358124","21358405","44","13048943"
"JH378135","8358999","8359120","chr9","103739806","103739931","13","95380807"
"JH378135","8451412","8451676","chr21","99290343","99290605","45","90838931"
"JH378135","8456153","8456453","chr1","87458669","87458972","64","79002516"
"JH378135","8461463","8461551","chr19","7758593","7758681","9","702870"
"JH378135","8462825","8463126","chr18","71629517","71629808","33","63166692"
"JH378135","8571346","8571636","chr3","29967257","29967552","49","21395911"
"JH378135","8601787","8602084","chr12","10064948","10065242","28","1463161"
"JH378135","8632552","8632767","chr12","102536119","102536321","46","93903567"
"JH378135","8636533","8636834","chr12","47198532","47198833","35","38561999"
"JH378135","8734458","8734552","chr22","82220107","82220203","12","73485649"
"JH378135","8938262","8938499","chr11","46995583","46995816","34","38057321"
"JH378135","8956040","8956350","chr1","65504304","65504612","37","56548264"
"JH378135","8988652","8988945","chr6","13912431","13912725","43","4923779"
"JH378135","9036282","9036577","chr2","24787089","24787379","39","15750807"
"JH378135","9061909","9062202","chr9","93627438","93627726","44","84565529"
"JH378135","9068061","9068210","chr9","59130238","59130387","16","50062177"
"JH378135","9074268","9074572","chr5","2273487","2273788","30","6800781"
"JH378135","9212437","9212549","chr6","1067449","1067558","13","8144988"
"JH378135","9224212","9224517","chr12","74716502","74716795","34","65492290"
"JH378135","9390195","9390478","chr9","55406331","55406619","46","46016136"
"JH378135","9443828","9443922","chr22","82220107","82220203","11","72776279"
"JH378135","9525717","9526021","chr12","10064948","10065242","44","539231"
"JH378135","9742959","9743265","chr1","65504304","65504612","38","55761345"
"JH378135","9781575","9781652","chr24","32655625","32655699","17","22874050"
"JH378135","9804680","9804867","chr12","46357434","46357617","22","36552754"
"JH378135","9805445","9805539","chr22","82220107","82220203","7","72414662"
"JH378135","9824931","9825234","chrX","22643602","22643906","31","12818671"
"JH378135","9826534","9826818","chr3","23574252","23574536","37","13747718"
"JH378135","9844050","9844358","chr18","56208944","56209251","44","46364894"
"JH378135","9857515","9857754","chr7","86161196","86161431","31","76303681"
"JH378135","9892585","9892895","chr12","10064948","10065242","46","172363"
"JH378135","9903091","9903385","chr12","10064948","10065242","41","161857"
"JH378135","9907056","9907151","chr22","82220107","82220203","8","72313051"
"JH378135","9917501","9917826","chr17","30184322","30184640","45","20266821"
"JH378135","9924892","9925187","chr9","57875604","57875901","36","47950712"
"JH378135","9925849","9926149","chrX","18278407","18278706","40","8352558"
"JH378135","9933187","9933483","chr11","80497532","80497828","33","70564345"
"JH378135","9960914","9961213","chr12","10064948","10065242","24","104034"
"JH378135","9965123","9965222","chr22","82220107","82220203","11","72254984"
"JH378135","9966601","9966900","chr27","43171123","43171420","33","33204522"
"JH378135","9968977","9969302","chr17","64670150","64670452","55","54701173"
"JH378135","9971537","9971666","chr3","91348390","91348521","11","81376853"
"JH378135","9997973","9998062","chr3","65349691","65349782","12","55351718"
"JH378135","9998711","9999010","chr9","86640988","86641280","42","76642277"
"JH378135","10017767","10018084","chr5","36774379","36774687","42","26756612"
"JH378135","10019416","10019718","chr11","117737181","117737478","31","107717765"
"JH378135","10035216","10035530","chr11","115525233","115525542","33","105490017"
"JH378135","10048928","10049219","chr20","121618255","121618545","34","111569327"
"JH378135","10051870","10052168","chr14","38813996","38814293","44","28762126"
"JH378135","10055478","10055787","chr25","71808137","71808447","35","61752659"
"JH378135","10075248","10075551","chr5","59514977","59515272","50","49439729"
"JH378135","10085004","10085127","chr6","45224433","45224558","27","35139429"
"JH378135","10090349","10090655","chr5","9902768","9903074","39","187581"
"JH378135","10099681","10099975","chr12","10064948","10065242","23","34733"
"JH378135","10121836","10122115","chr18","31146894","31147169","42","21025058"
"JH378135","10138322","10138623","chr17","37469930","37470228","36","27331608"
"JH378135","10148557","10148656","chr1","39939684","39939788","14","29791127"
"JH378135","10155142","10155429","chr5","42662951","42663235","41","32507809"
"JH378135","10168431","10168577","chr9","59130238","59130387","14","48961807"
"JH378135","10180206","10180447","chr24","38336411","38336647","42","28156205"
"JH378135","10184392","10184474","chr5","67880800","67880883","7","57696408"
"JH378135","10209528","10209838","chr8","18530878","18531178","42","8321350"
"JH378135","10213708","10214005","chr10","88358087","88358381","44","78144379"
"JH378135","10214579","10214892","chr17","35258575","35258878","36","25043996"
"JH378135","10228614","10228909","chr5","32656683","32656980","43","22428069"
"JH378135","10244994","10245285","chr29","10722547","10722839","40","477553"
"JH378135","10246148","10246450","chr7","99122760","99123061","35","88876612"
"JH378135","10261858","10262159","chr2","35931939","35932239","37","25670081"
"JH378135","10290691","10290795","chr1","39939684","39939788","13","29648993"
"JH378135","10297131","10297444","chr26","16008721","16009029","37","5711590"
"JH378135","10308062","10308347","chr12","10064948","10065242","38","243114"
"JH378135","10335250","10335548","chrX","104601258","104601549","34","94266008"
"JH378135","10341651","10341916","chr8","119751470","119751733","45","109409819"
"JH378135","10344382","10344695","chr8","1760359","1760667","44","8584023"
"JH378135","10347825","10348124","chr26","18977354","18977652","37","8629529"
"JH378135","10349381","10349671","chr26","42563316","42563608","36","32213935"
"JH378135","10360793","10361119","chr21","71527099","71527405","67","61166306"
"JH378135","10363139","10363431","chr18","71629517","71629808","26","61266378"
"JH378135","10363679","10363978","chr8","52344592","52344885","36","41980913"
"JH378135","10383179","10383483","chr17","35258575","35258878","33","24875396"
"JH378135","10399073","10399367","chr12","10064948","10065242","40","334125"
"JH378135","10413919","10414013","chr22","82220107","82220203","6","71806188"
"JH378135","10416913","10417190","chr29","12355751","12356042","46","1938838"
"JH378135","10420904","10421162","chr11","42619788","42620041","39","32198884"
"JH378135","10424705","10424800","chr22","82220107","82220203","7","71795402"
"JH378135","10447940","10448228","chr19","4437271","4437560","50","6010669"
"JH378135","10451315","10451617","chr1","109990487","109990782","37","99539172"
"JH378135","10457861","10458103","chr24","66946035","66946274","30","56488174"
"JH378135","10458601","10458741","chr9","86109665","86109806","16","75651064"
"JH378135","10462045","10462166","chr3","91348390","91348521","18","80886345"
"JH378135","10465977","10466163","chr14","1105812","1105992","46","9360165"
"JH378135","10469557","10469655","chr22","82220107","82220203","10","71750550"
"JH378135","10472133","10472438","chr15","4075521","4075817","38","6396612"
"JH378135","10490123","10490431","chr23","44247755","44248062","44","33757632"
"JH378135","10504374","10504682","chr16","30398852","30399159","32","19894478"
"JH378135","10552852","10553164","chr14","44038439","44038738","41","33485587"
"JH378135","10556153","10556451","chr12","10064948","10065242","29","491205"
"JH378135","10584436","10584703","chr9","30416228","30416495","41","19831792"
"JH378135","10617958","10618254","chr23","80621796","80622090","36","70003838"
"JH378135","10628384","10628595","chr19","5662814","5663015","28","4965570"
"JH378135","10643254","10643553","chr12","10064948","10065242","27","578306"
"JH378135","10708159","10708431","chr5","34103098","34103364","36","23394939"
"JH378135","10777110","10777422","chr26","16008721","16009029","32","5231611"
"JH378135","10814025","10814320","chr2","38853293","38853590","40","28039268"
"JH378135","10859055","10859359","chr6","29168940","29169240","35","18309885"
"JH378135","10876219","10876524","chr10","113733335","113733632","40","102857116"
"JH378135","10886844","10887138","chr12","5303669","5303965","36","5583175"
"JH378135","10924533","10924844","chr5","58245349","58245645","45","47320816"
"JH378135","10972306","10972559","chr3","91916884","91917128","41","80944578"
"JH378135","10986982","10987283","chr12","10064948","10065242","27","922034"
"JH378135","11011246","11011365","chr6","44144914","44145033","9","33133668"
"JH378135","11021473","11021567","chr22","82220107","82220203","10","71198634"
"JH378135","11111698","11111980","chr15","35002457","35002733","38","23890759"
"JH378135","11148391","11148689","chr11","40065935","40066232","30","28917544"
"JH378135","11173159","11173437","chr17","37762440","37762723","43","26589281"
"JH378135","11198451","11198744","chrX","25535579","25535875","37","14337128"
"JH378135","11205522","11205606","chr11","103965397","103965479","15","92759875"
"JH378135","11237518","11237841","chr13","84743392","84743699","42","73505874"
"JH378135","11272987","11273095","chr6","1067449","1067558","11","10205538"
"JH378135","11275759","11276032","chr12","12434992","12435260","33","1159233"
"JH378135","11316268","11316548","chr4","50225644","50225922","36","38909376"
"JH378135","11337320","11337644","chr3","72036282","72036585","70","60698962"
"JH378135","11371365","11371645","chr16","53397850","53398143","41","42026485"
"JH378135","11401150","11401425","chr9","96303742","96304026","43","84902592"
"JH378135","11432402","11432480","chr13","63031813","63031889","9","51599411"
"JH378135","11477481","11477758","chr22","42652839","42653121","47","31175358"
"JH378135","11478842","11479162","chr12","6781553","6781865","57","4697289"
"JH378135","11479395","11479701","chr3","75030450","75030748","44","63551055"
"JH378135","11502370","11502683","chr12","6805616","6805924","50","4696754"
"JH378135","11560016","11560320","chr2","37683001","37683306","45","26122985"
"JH378135","11587681","11587974","chr15","50409986","50410276","38","38822305"
"JH378135","11784218","11784515","chr4","30926814","30927112","41","19142596"
"JH378135","11912351","11912641","chr4","65823519","65823812","34","53911168"
"JH378135","11921096","11921182","chr2","78355884","78355969","20","66434788"
"JH378135","11949606","11949918","chr3","10937420","10937729","41","1012186"
"JH378135","11970588","11970879","chr22","50629443","50629736","41","38658855"
"JH378135","11973929","11974223","chr2","38853293","38853590","39","26879364"
"JH378135","11984935","11985226","chrX","95460911","95461200","35","83475976"
"JH378135","12068813","12069033","chr13","7317370","7317589","34","4751443"
"JH378135","12072951","12073249","chr26","53893407","53893704","61","41820456"
"JH378135","12083101","12083399","chr2","35931939","35932239","44","23848838"
"JH378135","12274342","12274623","chr21","74998898","74999178","35","62724556"
"JH378135","12299348","12299655","chr26","17944990","17945291","61","5645642"
"JH378135","12301803","12301911","chrX","90197506","90197623","19","77895703"
"JH378135","12318027","12318174","chr15","19514175","19514311","24","7196148"
"JH378135","12327909","12327989","chr5","67880800","67880883","9","55552891"
"JH378135","12337190","12337494","chr3","23261120","23261420","39","10923930"
"JH378135","12453498","12453772","chr13","21308021","21308290","41","8854523"
"JH378135","12501685","12501979","chr12","10064948","10065242","34","2436737"
"JH378135","12526418","12526717","chr29","8289755","8290055","33","4236663"
"JH378135","12544223","12544431","chr22","38963900","38964108","35","26419677"
"JH378135","12554057","12554360","chr14","79729598","79729899","35","67175541"
"JH378135","12561493","12561570","chr13","63031813","63031889","9","50470320"
"JH378135","12587225","12587508","chr10","127201999","127202278","49","114614774"
"JH378135","12607784","12607863","chr14","84294465","84294542","13","71686681"
"JH378135","12654952","12655257","chr12","84113723","84114031","40","71458771"
"JH378135","12790756","12791011","chr5","59945043","59945289","38","47154287"
"JH378135","12842020","12842313","chr14","41748186","41748475","42","28906166"
"JH378135","12853082","12853407","chr10","89459842","89460157","44","76606760"
"JH378135","12863692","12863987","chr13","65577132","65577425","31","52713440"
"JH378135","13089493","13089803","chr2","34385406","34385706","37","21295913"
"JH378135","13106582","13106886","chrX","23977849","23978143","44","10871267"
"JH378135","13131742","13132048","chr12","6781553","6781865","50","6350189"
"JH378135","13134540","13134840","chr25","73196897","73197193","42","60062357"
"JH378135","13168775","13169093","chr16","30398852","30399159","39","17230077"
"JH378135","13175181","13175488","chr3","78730748","78731051","44","65555567"
"JH378135","13190126","13190434","chr20","116596870","116597178","38","103406744"
"JH378135","13194640","13194917","chr4","53346939","53347217","42","40152299"
"JH378135","13203747","13203956","chr2","41986599","41986802","22","28782852"
"JH378135","13206935","13207220","chr10","127495198","127495486","32","114288263"
"JH378135","13217999","13218303","chr12","10064948","10065242","30","3153051"
"JH378135","13229492","13229777","chr7","100037094","100037378","35","86807602"
"JH378135","13268890","13269131","chr6","16017631","16017832","64","2748741"
"JH378135","13273255","13273571","chr15","4166258","4166565","45","9106997"
"JH378135","13289952","13290249","chr12","10064948","10065242","31","3225004"
"JH378135","13311402","13311703","chr7","55952760","55953060","51","42641358"
"JH378135","13324078","13324371","chr11","49537220","49537510","37","36213142"
"JH378135","13324935","13325226","chr8","52344592","52344885","32","39019657"
"JH378135","13368651","13368944","chr8","95885898","95886192","34","82517247"
"JH378135","13386617","13386912","chr20","125301133","125301424","42","111914516"
"JH378135","13390147","13390459","chr24","68895333","68895641","45","55505186"
"JH378135","13391209","13391510","chr11","4350721","4351023","39","9040488"
"JH378135","13391515","13391639","chr11","128230087","128230214","15","114838572"
"JH378135","13415729","13416022","chr15","41483213","41483506","37","28067484"
"JH378135","13424513","13424822","chr26","40597720","40598027","35","27173207"
"JH378135","13426180","13426477","chr7","99172603","99172901","46","85746423"
"JH378135","13439517","13439817","chrX","23977849","23978143","34","10538332"
"JH378135","13451193","13451470","chr12","27124486","27124768","41","13673293"
"JH378135","13485328","13485627","chr16","56782872","56783169","43","43297544"
"JH378135","13493012","13493168","chr26","52182592","52182744","25","38689580"
"JH378135","13535463","13535747","chr9","52621491","52621774","32","39086028"
"JH378135","13556530","13556806","chr16","31788140","31788419","39","18231610"
"JH378135","13565682","13565982","chr16","34548874","34549171","38","20983192"
"JH378135","13609683","13609932","chr16","68347000","68347257","41","54737317"
"JH378135","13633630","13633922","chr23","41237609","41237892","53","27603979"
"JH378135","13647928","13648057","chr20","20852752","20852882","11","7204824"
"JH378135","13664251","13664561","chr5","66812818","66813124","41","53148567"
"JH378135","13680754","13681058","chr6","5143118","5143416","42","8537636"
"JH378135","13685034","13685338","chr1","2872653","2872961","32","10812381"
"JH378135","13695797","13696073","chrX","29936084","29936366","39","16240287"
"JH378135","13712409","13712499","chr3","65349691","65349782","11","51637282"
"JH378135","13715775","13716078","chr29","8289755","8290055","34","5426020"
"JH378135","13768073","13768377","chr29","8289755","8290055","40","5478318"
"JH378135","13788497","13788690","chr11","117573457","117573649","24","103784960"
"JH378135","13793721","13794021","chr29","8289755","8290055","43","5503966"
"JH378135","13982397","13982502","chr17","40217264","40217370","13","26234867"
"JH378135","14034333","14034623","chr6","38437831","38438120","32","24403498"
"JH378135","14073320","14073450","chr3","91348390","91348521","6","77275070"
"JH378135","14107073","14107179","chr6","1067449","1067558","11","13039624"
"JH378135","14239175","14239461","chr10","127495198","127495486","32","113256023"
"JH378135","14259673","14259978","chr12","6781553","6781865","112","7478120"
"JH378135","14277526","14277809","chr12","26827271","26827548","40","12549745"
"JH378135","14342505","14342793","chr16","58367651","58367941","45","44025146"
"JH378135","14383967","14384240","chr9","114015180","114015455","40","99631213"
"JH378135","14501204","14501503","chr12","10064948","10065242","35","4436256"
"JH378135","14512334","14512397","chr2","56518274","56518336","13","42005940"
"JH378135","14568461","14568753","chr8","91204844","91205141","50","76636383"
"JH378135","14616287","14616606","chr6","36184281","36184603","42","21567994"
"JH378135","14650337","14650625","chr6","38437831","38438120","37","23787494"
"JH378135","14833777","14834084","chr12","74217361","74217667","37","59383584"
"JH378135","15069112","15069212","chr22","82220107","82220203","12","67150995"
"JH378135","15113216","15113491","chr25","3689431","3689698","37","11423785"
"JH378135","15117324","15117626","chr12","6781553","6781865","73","8335771"
"JH378135","15131230","15131526","chr15","86758708","86759003","33","71627478"
"JH378135","15161254","15161552","chr29","8289755","8290055","42","6871499"
"JH378135","15177201","15177509","chr2","34891557","34891863","27","19714356"
"JH378135","15181893","15182202","chr9","92789196","92789493","41","77607303"
"JH378135","15219267","15219565","chr15","59543774","59544068","38","44324507"
"JH378135","15227348","15227638","chr12","10064948","10065242","30","5162400"
"JH378135","15286224","15286521","chr23","66799519","66799816","36","51513295"
"JH378135","15288897","15289181","chr9","83383980","83384273","45","68095083"
"JH378135","15306301","15306603","chr7","99172603","99172901","40","83866302"
"JH378135","15327353","15327435","chr5","67880800","67880883","13","52553447"
"JH378135","15332708","15333002","chr1","115205454","115205746","45","99872746"
"JH378135","15382532","15382811","chr8","27554617","27554895","47","12172085"
"JH378135","15383131","15383228","chr22","82220107","82220203","10","66836976"
"JH378135","15398244","15398539","chrX","23977849","23978143","38","8579605"
"JH378135","15414643","15414763","chr20","115102100","115102215","14","99687457"
"JH378135","15416881","15417019","chr11","52392470","52392604","14","36975589"
"JH378135","15427496","15427643","chr3","90669571","90669712","15","75242075"
"JH378135","15428609","15428918","chr22","68836802","68837108","35","53408193"
"JH378135","15434438","15434614","chr14","1105812","1105992","25","14328626"
"JH378135","15442173","15442389","chr25","73647297","73647508","30","58205124"
"JH378135","15456734","15456828","chr22","82220107","82220203","9","66763373"
"JH378135","15457712","15457859","chr7","42961800","42961947","22","27504088"
"JH378135","15470982","15471271","chr12","10064948","10065242","29","5406034"
"JH378135","15488210","15488494","chr5","42662951","42663235","32","27174741"
"JH378135","15488986","15489291","chr12","5303669","5303965","44","10185317"
"JH378135","15508541","15508841","chr12","10064948","10065242","42","5443593"
"JH378135","15514186","15514301","chr13","61112232","61112346","12","45598046"
"JH378135","15528833","15528927","chr22","82220107","82220203","8","66691274"
"JH378135","15530205","15530500","chr6","39792892","39793183","40","24262687"
"JH378135","15536722","15536971","chr22","58083115","58083361","37","42546393"
"JH378135","15553285","15553595","chr8","133058586","133058889","37","117505301"
"JH378135","15573269","15573423","chr17","47733511","47733658","18","32160242"
"JH378135","15588777","15589069","chr26","15737333","15737619","41","148556"
"JH378135","15590519","15590792","chrX","125586139","125586393","51","109995620"
"JH378135","15607026","15607324","chr12","30324456","30324749","40","14717430"
"JH378135","15674897","15675199","chr9","100021331","100021625","42","84346434"
"JH378135","15679809","15679902","chr19","23494523","23494608","17","7814714"
"JH378135","15703830","15704122","chr8","44160959","44161263","49","28457129"
"JH378135","15710537","15710820","chr11","115292126","115292409","40","99581589"
"JH378135","15711526","15711652","chr27","45989091","45989221","15","30277565"
"JH378135","15713013","15713321","chr16","62016688","62016989","46","46303675"
"JH378135","15715690","15715987","chr12","10064948","10065242","28","5650742"
"JH378135","15717676","15717896","chr13","7317370","7317589","26","8400306"
"JH378135","15719428","15719710","chr1","103415790","103416081","41","87696362"
"JH378135","15735103","15735380","chr9","82012344","82012620","32","66277241"
"JH378135","15764061","15764369","chr11","4229918","4230223","41","11534143"
"JH378135","15764912","15765042","chr20","20852752","20852882","9","5087840"
"JH378135","15829612","15829907","chr9","96314869","96315163","43","80485257"
"JH378135","15841524","15841660","chr9","71632727","71632860","15","55791203"
"JH378135","15865261","15865526","chr24","67854256","67854521","50","51988995"
"JH378135","15895007","15895315","chr25","81648621","81648928","39","65753614"
"JH378135","15925293","15925602","chr12","10064948","10065242","42","5860345"
"JH378135","15945261","15945576","chr12","84113723","84114031","45","68168462"
"JH378135","15980487","15980736","chr15","88815486","88815733","43","72834999"
"JH378135","15987752","15988045","chr5","23332270","23332572","43","7344518"
"JH378135","16004840","16005120","chr9","11896631","11896910","42","4108209"
"JH378135","16005950","16006258","chr6","16598509","16598818","31","592559"
"JH378135","16038687","16038999","chr25","6178482","6178787","48","9860205"
"JH378135","16050655","16050958","chrX","125302543","125302844","30","109251888"
"JH378135","16062572","16062842","chr25","67717227","67717499","43","51654655"
"JH378135","16156580","16156842","chr9","66091904","66092167","35","49935324"
"JH378135","16188124","16188428","chrX","61010412","61010706","52","44822288"
"JH378135","16188429","16188598","chr19","13194120","13194293","26","2994309"
"JH378135","16189446","16189723","chr4","53346939","53347217","34","37157493"
"JH378135","16226435","16226752","chr12","98832610","98832913","49","82606175"
"JH378135","16241947","16242254","chr16","439941","440247","42","15802006"
"JH378135","16255610","16255907","chr15","86758708","86759003","34","70503098"
"JH378135","16309777","16310059","chr7","86259181","86259466","50","69949404"
"JH378135","16319524","16319823","chr20","93545480","93545771","31","77225956"
"JH378135","16322573","16322858","chr12","18835626","18835904","41","2513053"
"JH378135","16327857","16328163","chrX","18278407","18278706","51","1950550"
"JH378135","16346666","16346976","chr1","65504304","65504612","33","49157638"
"JH378135","16357151","16357465","chr7","19275014","19275307","62","2917863"
"JH378135","16396193","16396502","chr26","38024857","38025165","32","21628664"
"JH378135","16409705","16409787","chr5","67880800","67880883","7","51471095"
"JH378135","16422709","16423003","chr17","32995247","32995540","41","16572538"
"JH378135","16437934","16438227","chr28","13556614","13556903","36","2881320"
"JH378135","16439788","16440104","chr1","65504304","65504612","39","49064516"
"JH378135","16450489","16450780","chr4","21551750","21552043","36","5101261"
"JH378135","16451138","16451420","chr7","102555334","102555608","43","86104196"
"JH378135","16452007","16452306","chr7","19605160","19605458","45","3153153"
"JH378135","16496849","16497142","chr22","91377867","91378157","42","74881018"
"JH378135","16545487","16545800","chr28","13557476","13557782","31","2988011"
"JH378135","16550785","16551042","chr10","127738843","127739102","42","111188058"
"JH378135","16594446","16594735","chr11","42115371","42115662","48","25520925"
"JH378135","16646222","16646509","chr8","11568773","11569059","53","5077449"
"JH378135","16775180","16775480","chr12","10064948","10065242","30","6710232"
"JH378135","16828110","16828395","chr20","93188452","93188748","50","76360342"
"JH378135","16832932","16833202","chr6","44835018","44835282","52","28002086"
"JH378135","16839761","16840082","chr22","34065717","34066029","47","17225956"
"JH378135","16955399","16955714","chrX","125978862","125979170","44","109023463"
"JH378135","16960829","16960942","chr16","37093185","37093297","22","20132356"
"JH378135","16960988","16961273","chr11","19611133","19611417","36","2650145"
"JH378135","17002663","17002948","chr25","79258680","79258945","55","62256017"
"JH378135","17022517","17022805","chr1","43576475","43576765","46","26553958"
"JH378135","17029366","17029657","chr14","80160276","80160567","51","63130910"
"JH378135","17037234","17037475","chr11","44436513","44436764","51","27399279"
"JH378135","17040426","17040737","chr29","8289755","8290055","43","8750671"
"JH378135","17128079","17128358","chr1","63729965","63730246","38","46601886"
"JH378135","17191209","17191506","chr12","10064948","10065242","32","7126261"
"JH378135","17193750","17193905","chr18","57369310","57369464","34","40175560"
"JH378135","17224057","17224158","chr1","39939684","39939788","16","22715627"
"JH378135","17301533","17301817","chr26","13888046","13888328","41","3413487"
"JH378135","17318201","17318511","chr20","109484203","109484510","37","92166002"
"JH378135","17333168","17333439","chr11","64833784","64834059","34","47500616"
"JH378135","17353867","17354017","chr22","70066296","70066439","24","52712429"
"JH378135","17364165","17364394","chr22","83872051","83872281","34","66507886"
"JH378135","17375081","17375352","chr25","82379602","82379865","42","65004521"
"JH378135","17392295","17392598","chr17","35258575","35258878","33","17866280"
"JH378135","17476005","17476312","chr15","41421868","41422176","40","23945863"
"JH378135","17479594","17479684","chr3","65349691","65349782","10","47870097"
"JH378135","17479965","17480239","chr9","114015180","114015455","37","96535215"
"JH378135","17518059","17518345","chr19","17615169","17615460","39","97110"
"JH378135","17522483","17522573","chr22","82220107","82220203","9","64697624"
"JH378135","17522850","17523151","chr6","37075091","37075389","31","19552241"
"JH378135","17524406","17524701","chr6","3845382","3845681","54","13679024"
"JH378135","17556140","17556427","chr24","81886580","81886863","42","64330440"
"JH378135","17562231","17562526","chr12","58820917","58821209","35","41258686"
"JH378135","17669799","17670086","chr18","66189352","66189642","29","48519553"
"JH378135","17671203","17671487","chr7","74493098","74493366","50","56821895"
"JH378135","17692232","17692524","chr10","8909912","8910203","29","8782320"
"JH378135","17834041","17834221","chr20","28787815","28787990","32","10953774"
"JH378135","17888832","17889122","chr11","60172405","60172698","35","42283573"
"JH378135","17932864","17933145","chr5","34210182","34210464","54","16277318"
"JH378135","17961463","17961753","chr26","38637329","38637616","39","20675866"
"JH378135","17969957","17970256","chr22","6562476","6562763","58","11407481"
"JH378135","18020319","18020601","chr2","55857911","55858189","43","37837592"
"JH378135","18020630","18020926","chr9","40965529","40965830","40","22944899"
"JH378135","18043855","18044165","chr11","115525233","115525542","32","97481378"
"JH378135","18056275","18056569","chr12","28523789","28524082","33","10467514"
"JH378135","18095674","18095842","chr29","4365210","4365376","27","13730464"
"JH378135","18095843","18096129","chr28","13556614","13556903","56","4539229"
"JH378135","18103543","18103838","chr14","38813996","38814293","32","20710453"
"JH378135","18117914","18118236","chr19","15777688","15778000","52","2340226"
"JH378135","18132675","18132972","chrX","109938365","109938667","47","91805690"
"JH378135","18147517","18147789","chr8","122505233","122505523","54","104357716"
"JH378135","18166880","18167184","chr20","23968980","23969282","37","5802100"
"JH378135","18167533","18167841","chr7","119273691","119273998","42","101106158"
"JH378135","18186597","18186903","chr5","33074148","33074451","40","14887551"
"JH378135","18190321","18190617","chr11","1963972","1964269","42","16226349"
"JH378135","18203824","18204122","chr19","25347288","25347585","38","7143464"
"JH378135","18236037","18236343","chr5","20221828","20222136","37","1985791"
"JH378135","18272469","18272777","chr8","66644262","66644564","39","48371793"
"JH378135","18310420","18310735","chr1","65504304","65504612","32","47193884"
"JH378135","18314028","18314274","chr12","6781553","6781865","91","11532475"
"JH378135","18328238","18328359","chr15","90834689","90834810","10","72506451"
"JH378135","18330086","18330382","chr12","60432247","60432540","37","42102161"
"JH378135","18374469","18374750","chrX","1302529","1302805","46","17071940"
"JH378135","18399617","18399914","chr26","9300679","9300984","45","9098938"
"JH378135","18412246","18412447","chr22","38963900","38964108","29","20551654"
"JH378135","18476317","18476580","chr1","111829907","111830168","32","93353590"
"JH378135","18486312","18486610","chr24","67239754","67240052","29","48753442"
"JH378135","18500457","18500758","chr29","8289755","8290055","36","10210702"
"JH378135","18514265","18514520","chr4","32973260","32973525","53","14458995"
"JH378135","18524342","18524546","chr19","5662814","5663015","22","12861528"
"JH378135","18542322","18542623","chr26","22861850","22862152","38","4319528"
"JH378135","18561846","18561988","chr9","82646713","82646855","25","64084867"
"JH378135","18562719","18562832","chr6","1067449","1067558","13","17495270"
"JH378135","18568416","18568520","chr1","39939684","39939788","10","21371268"
"JH378135","18569879","18570129","chr20","107442147","107442416","53","88872268"
"JH378135","18596313","18596635","chr3","10937420","10937729","41","7658893"
"JH378135","18598362","18598655","chr4","65823519","65823812","35","47225157"
"JH378135","18604572","18604659","chr14","82610477","82610563","9","64005905"
"JH378135","18606337","18606637","chr6","37075091","37075389","40","18468754"
"JH378135","18607578","18607865","chr26","21070479","21070763","32","2462901"
"JH378135","18613460","18613767","chr1","32648047","32648351","44","14034587"
"JH378135","18620971","18621251","chr23","29765674","29765961","41","11144703"
"JH378135","18637647","18637830","chr20","114660733","114660918","32","96023086"
"JH378135","18663988","18664282","chr12","10064948","10065242","26","8599040"
"JH378135","18688866","18689163","chr20","8067729","8068028","40","10621137"
"JH378135","18692546","18692837","chr14","41748186","41748475","32","23055640"
"JH378135","18692843","18693129","chr10","68340309","68340598","44","49647466"
"JH378135","18703279","18703589","chr1","65504304","65504612","33","46801025"
"JH378135","18713005","18713311","chr9","68670105","68670413","44","49957100"
"JH378135","18715459","18715631","chr14","79057796","79057969","39","60342337"
"JH378135","18724137","18724370","chr11","126175108","126175340","29","107450971"
"JH378135","18736663","18736966","chr12","18922571","18922865","56","185908"
"JH378135","18756928","18757215","chr24","56631751","56632042","37","37874823"
"JH378135","18767900","18767954","chr7","134069414","134069465","8","115301514"
"JH378135","18774735","18775014","chr9","16679034","16679326","49","2095701"
"JH378135","18776409","18776700","chr8","104167104","104167395","36","85390695"
"JH378135","18779585","18779899","chr20","36682859","36683168","41","17903274"
"JH378135","18788832","18788918","chr16","4405728","4405812","10","14383104"
"JH378135","18797375","18797685","chr24","68895333","68895641","38","50097958"
"JH378135","18820025","18820115","chr3","65349691","65349782","10","46529666"
"JH378135","18822093","18822201","chr1","62097932","62098038","11","43275839"
"JH378135","18838312","18838608","chr8","95885898","95886192","41","77047586"
"JH378135","18849665","18849976","chr19","14480782","14481080","62","4368883"
"JH378135","18858304","18858588","chr20","104051339","104051623","34","85193035"
"JH378135","18861889","18862178","chr12","10064948","10065242","32","8796941"
"JH378135","18865299","18865594","chr5","4292751","4293047","39","14572548"
"JH378135","18897010","18897313","chr4","34972989","34973291","40","16075979"
"JH378135","18941584","18941798","chr20","22435405","22435643","52","3493821"
"JH378135","18990392","18990678","chr12","10064948","10065242","43","8925444"
"JH378135","18991699","18992003","chr2","34891557","34891863","42","15899858"
"JH378135","19041906","19042202","chr17","34891895","34892184","42","15849989"
"JH378135","19076796","19077087","chr13","45058548","45058844","42","25981752"
"JH378135","19115895","19115987","chr16","16463904","16464000","20","2651991"
"JH378135","19192556","19192848","chr25","14438271","14438549","55","4754285"
"JH378135","19221698","19221817","chr6","44144914","44145033","12","24923216"
"JH378135","19426154","19426454","chr1","68219231","68219530","37","48793077"
"JH378135","19466833","19467077","chrX","56071415","56071659","33","36604582"
"JH378135","19595389","19595696","chr24","68895333","68895641","33","49299944"
"JH378135","19595844","19596135","chr12","5303669","5303965","42","14292175"
"JH378135","19598510","19598705","chr2","57961013","57961202","32","38362503"
"JH378135","19633121","19633200","chr19","7758593","7758681","14","11874528"
"JH378135","19646308","19646602","chr10","118198965","118199261","36","98552657"
"JH378135","19722486","19722792","chr12","10064948","10065242","37","9657538"
"JH378135","19853180","19853462","chr16","46021279","46021555","45","26168099"
"JH378135","19875318","19875610","chr6","4113565","4113862","39","15761753"
"JH378135","19887617","19887927","chr9","123749848","123750155","53","103862231"
"JH378135","19925264","19925555","chr28","18543247","18543535","36","1382017"
"JH378135","19949486","19949782","chr2","83266456","83266759","44","63316970"
"JH378135","19985567","19985866","chr19","13958387","13958693","45","6027180"
"JH378135","20069746","20070035","chr9","56479961","56480252","38","36410215"
"JH378135","20114429","20114656","chr1","45798974","45799204","35","25684545"
"JH378135","20142725","20142997","chr6","10577820","10578099","53","9564905"
"JH378135","20181085","20181373","chr11","91667482","91667773","38","71486397"
"JH378135","20213821","20214106","chr23","57616217","57616508","36","37402396"
"JH378135","20266837","20267135","chr11","64732415","64732714","38","44465578"
"JH378135","20271345","20271648","chr15","16475485","16475782","48","3795860"
"JH378135","20291273","20291536","chr9","92500633","92500888","42","72209360"
"JH378135","20318535","20318839","chr9","34182892","34183200","43","13864357"
"JH378135","20382283","20382600","chrX","125978862","125979170","44","105596579"
"JH378135","20392044","20392294","chr11","119259842","119260088","34","98867798"
"JH378135","20401324","20401623","chr15","86758708","86759003","45","66357384"
"JH378135","20405588","20405881","chr14","97499278","97499568","43","77093690"
"JH378135","20417355","20417643","chr5","52889775","52890069","63","32472420"
"JH378135","20417766","20417859","chr22","82220107","82220203","16","61802341"
"JH378135","20551779","20552065","chr20","110666484","110666774","46","90114705"
"JH378135","20654720","20655026","chr19","13613108","13613413","29","7041612"
"JH378135","20688404","20688659","chr5","57856103","57856358","36","37167699"
"JH378135","20716651","20716926","chr8","40072970","40073245","41","19356319"
"JH378135","20755772","20756070","chr7","19605160","19605458","38","1150612"
"JH378135","20770175","20770466","chr2","20226046","20226340","45","544129"
"JH378135","20791995","20792265","chrX","13548339","13548610","35","7243656"
"JH378135","20794049","20794240","chr24","58749928","58750117","27","37955879"
"JH378135","20841281","20841567","chr8","97086054","97086339","48","76244773"
"JH378135","20880278","20880369","chr3","65349691","65349782","13","44469413"
"JH378135","20891974","20892084","chr6","1067449","1067558","17","19824525"
"JH378135","20893536","20893822","chr3","10808837","10809123","46","10084699"
"JH378135","20898179","20898482","chr12","5782232","5782537","41","15115947"
"JH378135","20901001","20901299","chr9","96314869","96315163","38","75413868"
"JH378135","20926362","20926669","chr5","2324242","2324550","42","18602120"
"JH378135","20930179","20930459","chr12","86044059","86044354","49","65113880"
"JH378135","20932554","20932842","chr11","90825564","90825850","40","69893010"
"JH378135","20957993","20958296","chr19","17766943","17767245","33","3191050"
"JH378135","20977669","20977978","chr5","2273487","2273788","33","18704182"
"JH378135","21017503","21017707","chrX","107162073","107162271","44","86144570"
"JH378135","21027318","21027432","chr13","61112232","61112346","16","40084914"
"JH378135","21066706","21067011","chr20","20539479","20539784","44","527227"
"JH378135","21084499","21084790","chr23","52118830","52119121","40","31034331"
"JH378135","21092973","21093059","chr5","67880800","67880883","11","46787827"
"JH378135","21102080","21102215","chr26","6591504","6591639","12","14510576"
"JH378135","21103536","21103665","chr9","96281358","96281488","17","75177822"
"JH378135","21133511","21133616","chr1","39939684","39939788","10","18806173"
"JH378135","21145456","21145545","chr3","65349691","65349782","12","44204235"
"JH378135","21185391","21185681","chr13","65577132","65577425","39","44391741"
"JH378135","21186208","21186511","chr25","71808137","71808447","55","50621929"
"JH378135","21191142","21191449","chr1","65504304","65504612","34","44313162"
"JH378135","21204413","21204716","chr8","96089866","96090170","40","74885453"
"JH378135","21220532","21220833","chr12","10064948","10065242","35","11155584"
"JH378135","21223523","21223762","chr15","81131321","81131560","32","59907798"
"JH378135","21242315","21242627","chr23","68581497","68581805","41","47339182"
"JH378135","21250876","21251173","chr6","12163973","12164267","45","9086903"
"JH378135","21260479","21260735","chr11","44436513","44436764","42","23176034"
"JH378135","21265284","21265354","chr10","63425876","63425932","23","42160592"
"JH378135","21265731","21266011","chr11","14094782","14095068","46","7170949"
"JH378135","21283133","21283443","chr1","65504304","65504612","37","44221171"
"JH378135","21297966","21298063","chr22","82220107","82220203","12","60922141"
"JH378135","21306403","21306701","chr12","10064948","10065242","24","11241455"
"JH378135","21397971","21398088","chr20","115102100","115102215","10","93704129"
"JH378135","21434353","21434654","chr11","64732415","64732714","35","43298062"
"JH378135","21448493","21448578","chr16","4405728","4405812","8","17042765"
"JH378135","21448752","21449041","chr11","90825564","90825850","46","69376812"
"JH378135","21484735","21485039","chr20","85678793","85679086","52","64194058"
"JH378135","21503659","21503945","chr5","42662951","42663235","46","21159292"
"JH378135","21504542","21504628","chr16","4405728","4405812","9","17098814"
"JH378135","21510823","21511115","chr23","16142942","16143228","35","5367881"
"JH378135","21511803","21512093","chr13","65577132","65577425","31","44065329"
"JH378135","21533941","21534233","chr1","101091218","101091491","48","79557277"
"JH378135","21543382","21543676","chr2","57111387","57111678","48","35568005"
"JH378135","21549496","21549571","chr13","63031813","63031889","10","41482317"
"JH378135","21558862","21559001","chr11","95753406","95753542","14","74194544"
"JH378135","21564030","21564158","chr3","92101699","92101829","16","70537669"
"JH378135","21564208","21564392","chr13","65832215","65832399","34","44268007"
"JH378135","21577294","21577602","chr5","58458905","58459214","32","36881611"
"JH378135","21578758","21578888","chr1","97802296","97802426","9","76223538"
"JH378135","21579856","21579997","chr17","28507557","28507698","17","6927701"
"JH378135","21584385","21584687","chr13","8768487","8768786","37","12815898"
"JH378135","21585246","21585355","chr6","1067449","1067558","10","20517797"
"JH378135","21591814","21592109","chr23","39674723","39675021","39","18082909"
"JH378135","21603465","21603750","chr11","30826525","30826807","39","9223060"
"JH378135","21659170","21659309","chr13","50406818","50406956","24","28747648"
"JH378135","21665620","21665738","chr6","11193830","11193948","13","10471790"
"JH378135","21679965","21680260","chr12","10064948","10065242","33","11615017"
"JH378135","21708296","21708608","chr5","36774379","36774687","38","15066083"
"JH378135","21714463","21714751","chr8","11568773","11569059","46","10145690"
"JH378135","21726705","21727005","chr14","96882096","96882403","41","75155391"
"JH378135","21731505","21731797","chr12","10064948","10065242","29","11666557"
"JH378135","21740047","21740154","chr12","53065987","53066095","11","31325940"
"JH378135","21752271","21752467","chr17","1077383","1077588","40","20674888"
"JH378135","21775779","21776080","chr20","16655185","16655481","39","5120594"
"JH378135","21794982","21795289","chr5","2273487","2273788","32","19521495"
"JH378135","21798293","21798595","chr5","2273487","2273788","26","19524806"
"JH378135","21800049","21800354","chr20","46933799","46934103","41","25133750"
"JH378135","21811853","21812140","chr20","7605671","7605957","32","14206182"
"JH378135","21813526","21813740","chr22","6719548","6719763","32","15093978"
"JH378135","21816523","21816824","chr7","12288332","12288635","50","9528191"
"JH378135","21829810","21830116","chr15","3702894","3703194","37","18126916"
"JH378135","21831837","21832124","chr12","14821307","14821598","41","7010530"
"JH378135","21838727","21839040","chr22","2509630","2509937","52","19329097"
"JH378135","21843735","21843818","chr5","67880800","67880883","5","46037065"
"JH378135","21851804","21852104","chr5","2273487","2273788","34","19578317"
"JH378136","1048478","1048765","chr23","16091572","16091859","40","15043094"
"JH378136","130811","131149","chr2","53472729","53473052","61","53341918"
"JH378136","3407638","3407941","chr14","79729598","79729899","31","76321960"
"JH378136","31584","31714","chr20","20852752","20852882","10","20821168"
"JH378136","35267","35570","chr23","44818219","44818516","39","44782952"
"JH378136","39674","39960","chrX","23977849","23978143","40","23938175"
"JH378136","51173","51483","chr6","19546292","19546593","37","19495119"
"JH378136","58744","59020","chr9","114015180","114015455","35","113956436"
"JH378136","60825","61121","chr12","10064948","10065242","28","10004123"
"JH378136","88652","88924","chrX","13548339","13548610","38","13459687"
"JH378136","93202","93491","chr20","123283890","123284185","37","123190688"
"JH378136","110220","110361","chr23","56978905","56979044","13","56868685"
"JH378136","151915","152210","chr12","10064948","10065242","28","9913033"
"JH378136","155305","155616","chr27","1693326","1693633","45","1538021"
"JH378136","156536","156769","chr11","126175108","126175340","27","126018572"
"JH378136","157918","158154","chr9","106743255","106743488","34","106585337"
"JH378136","176647","176959","chr18","16958389","16958693","58","16781742"
"JH378136","179014","179133","chr14","95841736","95841859","24","95662722"
"JH378136","180135","180242","chr12","53065987","53066095","20","52885852"
"JH378136","182164","182273","chr25","78291219","78291335","16","78109055"
"JH378136","184421","184647","chr6","2372111","2372337","25","2187690"
"JH378136","198184","198277","chr22","82220107","82220203","11","82021923"
"JH378136","225822","225897","chr13","63031813","63031889","9","62805991"
"JH378136","245591","245709","chr6","11193830","11193948","16","10948239"
"JH378136","251824","252104","chr11","19611133","19611417","37","19359309"
"JH378136","268504","268788","chr5","59378793","59379083","38","59110289"
"JH378136","279483","279790","chr8","1760359","1760667","41","1480876"
"JH378136","285155","285228","chr13","63031813","63031889","8","62746658"
"JH378136","323962","324263","chr12","10064948","10065242","28","9740986"
"JH378136","324274","324585","chr12","5303669","5303965","44","4979395"
"JH378136","344764","344854","chr3","65349691","65349782","13","65004927"
"JH378136","348630","348939","chr12","6781553","6781865","104","6432923"
"JH378136","358824","358921","chrX","104238","104337","22","254586"
"JH378136","362093","362404","chr19","13613108","13613413","42","13251015"
"JH378136","389362","389633","chr26","39137557","39137827","46","38748195"
"JH378136","394314","394417","chrX","2017984","2018087","9","1623670"
"JH378136","509562","509694","chr20","93091808","93091940","21","92582246"
"JH378136","510247","510427","chr25","1237063","1237237","24","726816"
"JH378136","574978","575271","chr14","83371933","83372231","38","82796955"
"JH378136","636566","636867","chr18","59023586","59023884","36","58387020"
"JH378136","703258","703550","chrX","23977849","23978143","41","23274591"
"JH378136","715033","715240","chr12","22471276","22471481","44","21756243"
"JH378136","810217","810526","chr26","56179571","56179873","38","55369354"
"JH378136","811390","811606","chr15","82175072","82175282","36","81363682"
"JH378136","814307","814608","chr10","118597337","118597632","36","117783030"
"JH378136","825347","825658","chr6","30836295","30836597","33","30010948"
"JH378136","850387","850703","chr2","34891557","34891863","44","34041170"
"JH378136","891510","891761","chr28","14076384","14076635","40","13184874"
"JH378136","893538","893669","chr1","110380135","110380266","17","109486597"
"JH378136","991809","992121","chr11","115525233","115525542","32","114533424"
"JH378136","1006662","1006768","chr6","1067449","1067558","12","60787"
"JH378136","1016798","1017055","chr12","12412350","12412609","49","11395552"
"JH378136","1029912","1030000","chr19","7758593","7758681","11","6728681"
"JH378136","1038209","1038511","chr24","67239754","67240052","32","66201545"
"JH378136","1053799","1054108","chr16","32552491","32552795","39","31498692"
"JH378136","1106600","1106909","chr11","84795218","84795524","36","83688618"
"JH378136","1140084","1140389","chr8","91434027","91434331","36","90293943"
"JH378136","1209281","1209589","chr17","28137789","28138092","32","26928508"
"JH378136","1217406","1217525","chr16","11174780","11174897","23","9957374"
"JH378136","1222700","1222978","chr3","1469978","1470251","49","247278"
"JH378136","1245423","1245718","chr9","39095858","39096151","43","37850435"
"JH378136","1258261","1258575","chr1","65504304","65504612","35","64246043"
"JH378136","1260572","1260702","chr20","20852752","20852882","10","19592180"
"JH378136","1263194","1263506","chr12","6781553","6781865","100","5518359"
"JH378136","1267281","1267575","chr16","34548874","34549171","33","33281593"
"JH378136","1280398","1280683","chr1","32168654","32168947","38","30888256"
"JH378136","1300959","1301263","chr11","31269537","31269832","42","29968578"
"JH378136","1357787","1358068","chrX","29936084","29936366","36","28578297"
"JH378136","1459225","1459533","chr5","2273487","2273788","32","814262"
"JH378136","1549277","1549570","chr23","52118830","52119121","39","50569553"
"JH378136","1565961","1566247","chr16","18091158","18091443","40","16525197"
"JH378136","1572936","1573237","chr3","75030450","75030748","36","73457514"
"JH378136","1577823","1578122","chr20","46933799","46934103","33","45355976"
"JH378136","1624122","1624410","chr2","5168180","5168471","40","3544058"
"JH378136","1628642","1628922","chr10","127495198","127495486","41","125866556"
"JH378136","1643402","1643532","chr21","120831560","120831690","15","119188158"
"JH378136","1687125","1687421","chr12","10064948","10065242","30","8377823"
"JH378136","1745201","1745498","chr15","17609837","17610117","58","15864636"
"JH378136","1838379","1838463","chr22","82220107","82220203","23","80381728"
"JH378136","1860603","1860912","chr1","110593183","110593491","44","108732580"
"JH378136","1863376","1863602","chr20","92882451","92882681","21","91019075"
"JH378136","1885831","1886120","chr14","27700149","27700448","41","25814318"
"JH378136","1925548","1925859","chr5","27918350","27918656","33","25992802"
"JH378136","1955354","1955652","chr12","10064948","10065242","25","8109594"
"JH378136","1956600","1956902","chr3","75162604","75162906","43","73206004"
"JH378136","1998009","1998303","chr1","103415790","103416081","30","101417781"
"JH378136","2024024","2024201","chr6","50544114","50544289","30","48520090"
"JH378136","2069610","2069911","chr6","5143118","5143416","39","3073508"
"JH378136","2113154","2113449","chr6","40957719","40958012","47","38844565"
"JH378136","2181759","2182065","chrX","23977849","23978143","45","21796090"
"JH378136","2214047","2214342","chr20","105941906","105942211","49","103727859"
"JH378136","2260455","2260561","chr6","1067449","1067558","12","1193006"
"JH378136","2261096","2261189","chr9","34418528","34418640","33","32157432"
"JH378136","2318747","2319049","chr11","42115371","42115662","39","39796624"
"JH378136","2325298","2325455","chr9","59130238","59130387","25","56804940"
"JH378136","2342154","2342336","chr14","66398662","66398841","29","64056508"
"JH378136","2386516","2386811","chr21","22838763","22839060","38","20452247"
"JH378136","2445973","2446246","chrX","13548339","13548610","38","11102366"
"JH378136","2451989","2452297","chr2","25122492","25122796","42","22670503"
"JH378136","2491284","2491591","chr8","43947071","43947379","39","41455787"
"JH378136","2500914","2500997","chr5","67880800","67880883","6","65379886"
"JH378136","2547216","2547528","chr13","84743392","84743699","42","82196176"
"JH378136","2558965","2559085","chr15","90834689","90834810","9","88275724"
"JH378136","2568432","2568728","chr12","10064948","10065242","37","7496516"
"JH378136","2578490","2578808","chr5","14569519","14569836","39","11991029"
"JH378136","2583108","2583400","chr5","20366749","20367033","33","17783641"
"JH378136","2625766","2625901","chr16","12732333","12732465","13","10106567"
"JH378136","2649616","2649765","chr24","12006231","12006380","15","9356615"
"JH378136","2649821","2650126","chr8","16700997","16701298","47","14051176"
"JH378136","2672088","2672292","chr17","58619356","58619558","18","55947268"
"JH378136","2677750","2678055","chr24","1147887","1148184","44","1529863"
"JH378136","2679048","2679230","chr2","10337494","10337677","24","7658446"
"JH378136","2679505","2679615","chr9","45427965","45428076","13","42748460"
"JH378136","2685851","2685972","chr15","90834689","90834810","12","88148838"
"JH378136","2704552","2704642","chr3","65349691","65349782","11","62645139"
"JH378136","2704996","2705194","chr27","16303978","16304172","39","13598982"
"JH378136","2714422","2714506","chr5","67880800","67880883","10","65166378"
"JH378136","2717088","2717389","chr22","10282335","10282631","38","7565247"
"JH378136","2720179","2720309","chr16","31737705","31737835","12","29017526"
"JH378136","2724144","2724247","chrX","2017984","2018087","12","706160"
"JH378136","2734363","2734663","chr9","112566830","112567124","33","109832467"
"JH378136","2750023","2750327","chr5","2273487","2273788","27","476536"
"JH378136","2751486","2751628","chr15","19514175","19514311","22","16762689"
"JH378136","2751778","2752104","chr5","33074148","33074451","51","30322370"
"JH378136","2762365","2762658","chr23","25972738","25973023","45","23210373"
"JH378136","2768967","2769275","chr1","65504304","65504612","33","62735337"
"JH378136","2769732","2770005","chr1","85364685","85364961","47","82594953"
"JH378136","2772137","2772251","chr5","20099317","20099428","20","17327180"
"JH378136","2772253","2772496","chr14","223646","223894","41","2548607"
"JH378136","2803913","2804007","chr22","82220107","82220203","11","79416194"
"JH378136","2846322","2846622","chr2","60873796","60874099","45","58027474"
"JH378136","2875295","2875599","chr14","79729598","79729899","33","76854303"
"JH378136","2999894","2999993","chr3","73832741","73832841","12","70832847"
"JH378136","3000001","3000176","chr11","126322509","126322685","30","123322508"
"JH378136","3005775","3005901","chr16","73730787","73730904","23","70725012"
"JH378136","3015679","3015969","chr9","87557464","87557756","39","84541785"
"JH378136","3071927","3072217","chr22","83647766","83648055","38","80575839"
"JH378136","3216450","3216743","chr24","22113783","22114076","35","18897333"
"JH378136","3325193","3325491","chr26","33226493","33226795","46","29901300"
"JH378136","3354373","3354674","chr29","8289755","8290055","38","4935382"
"JH378136","3371459","3371766","chr2","89639074","89639380","46","86267615"
"JH378136","3400152","3400442","chr21","26939851","26940136","35","23539699"
"JH378136","3425842","3426143","chr2","42763208","42763513","46","39337366"
"JH378136","3447967","3448293","chr3","12340509","12340813","61","8892542"
"JH378136","3508040","3508362","chr10","89459842","89460157","47","85951802"
"JH378136","3597715","3597795","chr5","67880800","67880883","7","64283085"
"JH378136","3624083","3624392","chr2","34891557","34891863","34","31267474"
"JH378136","3637210","3637533","chr10","91421180","91421507","51","87783970"
"JH378136","3745764","3746059","chr12","10064948","10065242","27","6319184"
"JH378136","3821160","3821455","chr15","86758708","86759003","28","82937548"
"JH378136","3830447","3830748","chr15","86758708","86759003","37","82928261"
"JH378136","3881054","3881364","chr1","65504304","65504612","39","61623250"
"JH378136","3933370","3933677","chr28","4550302","4550608","39","616932"
"JH378136","3933802","3934015","chr1","24928715","24928922","31","20994913"
"JH378136","3984335","3984602","chr19","22521438","22521721","44","18537103"
"JH378136","3999470","3999560","chr22","82220107","82220203","10","78220637"
"JH378136","4190874","4191186","chr15","37037766","37038071","53","32846892"
"JH378136","4200353","4200668","chr7","111518752","111519065","54","107318399"
"JH378136","4291641","4291711","chr17","40314853","40314924","10","36023212"
"JH378136","4372586","4372902","chr3","10937420","10937729","43","6564834"
"JH378136","4387385","4387668","chr12","60432247","60432540","36","56044862"
"JH378136","4443268","4443561","chr21","107752220","107752506","42","103308952"
"JH378136","4560039","4560344","chr9","34182892","34183200","45","29622853"
"JH378136","4603151","4603429","chr3","81003695","81003974","31","76400544"
"JH378136","4653029","4653352","chr5","53119708","53120019","62","48466679"
"JH378136","4685207","4685516","chr1","65504304","65504612","33","60819097"
"JH378136","4691688","4691951","chr15","3975852","3976110","41","715836"
"JH378136","4713381","4713676","chr12","10064948","10065242","28","5351567"
"JH378136","4734895","4735157","chr23","36968203","36968460","53","32233308"
"JH378136","4920686","4920986","chr22","47113109","47113403","39","42192423"
"JH378136","4930266","4930577","chr6","16598509","16598818","35","11668243"
"JH378136","4969188","4969502","chr2","25122492","25122796","46","20153304"
"JH378136","5093289","5093596","chr3","20237905","20238212","45","15144616"
"JH378136","5194060","5194367","chr6","50396221","50396522","36","45202161"
"JH378136","5241667","5241968","chr8","132387351","132387652","36","127145684"
"JH378136","5365724","5366022","chrX","23977849","23978143","34","18612125"
"JH378136","5432439","5432533","chr22","82220107","82220203","11","76787668"
"JH378136","5433792","5434039","chr21","79385505","79385753","40","73951713"
"JH378136","5440531","5440686","chr4","75954703","75954859","36","70514172"
"JH378136","5475355","5475637","chr16","63652876","63653158","37","58177521"
"JH378136","5546402","5546689","chr16","11911294","11911588","48","6364892"
"JH378136","5553648","5553822","chr14","79057796","79057969","32","73504148"
"JH378136","5603664","5603862","chr16","2162651","2162838","34","3441013"
"JH378136","5611200","5611451","chr27","30819526","30819775","37","25208326"
"JH378136","5849326","5849615","chr8","134989821","134990115","36","129140495"
"JH378136","5895507","5895817","chr5","36774379","36774687","32","30878872"
"JH378136","6014662","6014971","chr1","65504304","65504612","39","59489642"
"JH378136","6115224","6115546","chr8","9652676","9652999","53","3537452"
"JH378136","6130712","6130800","chr19","7758593","7758681","8","1627881"
"JH378136","6167045","6167321","chr22","43966779","43967052","39","37799734"
"JH378136","6178517","6178818","chr25","85642603","85642903","33","79464086"
"JH378136","6190885","6191207","chr3","56919020","56919333","64","50728135"
"JH378136","6202682","6202990","chr9","54481203","54481506","63","48278521"
"JH378136","6284542","6284834","chr6","37075091","37075389","42","30790549"
"JH378136","6288479","6288768","chr4","15532519","15532799","42","9244040"
"JH378136","6377964","6378270","chr22","40701009","40701309","42","34323045"
"JH378136","6381082","6381382","chr7","128524439","128524738","39","122143357"
"JH378136","6384630","6384936","chr26","16008721","16009029","35","9624091"
"JH378136","6387506","6387774","chr10","113724906","113725174","47","107337400"
"JH378136","6450005","6450282","chr5","10449692","10449967","45","3999687"
"JH378136","6454222","6454369","chr9","59130238","59130387","14","52676016"
"JH378136","6499181","6499482","chr22","73263557","73263857","28","66764376"
"JH378136","6514608","6514681","chr13","63031813","63031889","10","56517205"
"JH378136","6550702","6551006","chr1","119472872","119473167","35","112922170"
"JH378136","6600176","6600462","chr12","27124486","27124768","38","20524310"
"JH378136","6630074","6630373","chr11","4350721","4351023","33","2279353"
"JH378136","6900230","6900523","chr12","10064948","10065242","30","3164718"
"JH378136","6908049","6908335","chr1","105168338","105168617","32","98260289"
"JH378136","6954493","6954794","chr26","18927734","18928036","34","11973241"
"JH378136","6976813","6977119","chr8","1916519","1916819","39","5060294"
"JH378136","6999893","7000000","chr1","39939684","39939788","8","32939791"
"JH378136","7002778","7003091","chr12","10064948","10065242","46","3062170"
"JH378136","7008080","7008210","chr1","97802296","97802426","12","90794216"
"JH378136","7009059","7009200","chr6","47011698","47011831","30","40002639"
"JH378136","7010952","7011049","chr22","82220107","82220203","8","75209155"
"JH378136","7017208","7017505","chr12","10064948","10065242","33","3047740"
"JH378136","7044925","7045020","chr22","82220107","82220203","7","75175182"
"JH378136","7047590","7047880","chr1","68956704","68956993","37","61909114"
"JH378136","7059543","7059872","chr12","6781553","6781865","122","277990"
"JH378136","7069677","7069807","chr16","31737705","31737835","10","24668028"
"JH378136","7093041","7093308","chr21","125118620","125118898","37","118025579"
"JH378136","7102076","7102377","chr12","10064948","10065242","23","2962872"
"JH378136","7109624","7109879","chr16","58425585","58425837","40","51315961"
"JH378136","7128186","7128464","chr12","45033039","45033309","36","37904853"
"JH378136","7131132","7131423","chr14","64881304","64881598","42","57750172"
"JH378136","7153912","7154236","chr1","65504304","65504612","43","58350392"
"JH378136","7207757","7207913","chr1","486156","486301","32","6721601"
"JH378136","7208291","7208366","chr13","63031813","63031889","6","55823522"
"JH378136","7209116","7209439","chr2","21278006","21278325","61","14068890"
"JH378136","7219651","7219960","chr12","102135104","102135405","38","94915453"
"JH378136","7221119","7221427","chr14","83371933","83372231","44","76150814"
"JH378136","7221909","7222214","chr1","66807483","66807786","47","59585574"
"JH378136","7232664","7232956","chr24","27974021","27974303","54","20741357"
"JH378136","7237961","7238109","chr17","47733511","47733658","16","40495550"
"JH378136","7242203","7242514","chr20","107972036","107972343","37","100729833"
"JH378136","7247115","7247198","chr5","67880800","67880883","5","60633685"
"JH378136","7248657","7248973","chr1","2872653","2872961","40","4376004"
"JH378136","7250793","7250899","chr11","128539002","128539115","20","121288209"
"JH378136","7269788","7270095","chr2","34891557","34891863","33","27621769"
"JH378136","7293937","7294233","chr13","65577132","65577425","29","58283195"
"JH378136","7295161","7295382","chr22","52509076","52509295","32","45213915"
"JH378136","7295516","7295599","chr5","67880800","67880883","11","60585284"
"JH378136","7296964","7297280","chr1","65504304","65504612","44","58207340"
"JH378136","7302306","7302451","chr3","90669571","90669712","16","83367265"
"JH378136","7312295","7312435","chr23","56978905","56979044","16","49666610"
"JH378136","7343552","7343827","chr1","54988752","54989030","55","47645200"
"JH378136","7346787","7347091","chr5","2273487","2273788","26","5073300"
"JH378136","7347700","7348001","chr12","10064948","10065242","25","2717248"
"JH378136","7362454","7362788","chr3","37955466","37955795","37","30593012"
"JH378136","7373566","7373861","chr1","10803268","10803561","41","3429702"
"JH378136","7379826","7379974","chr9","59130238","59130387","14","51750412"
"JH378136","7396203","7396281","chr13","63031813","63031889","8","55635610"
"JH378136","7414720","7415022","chr16","17216306","17216606","31","9801586"
"JH378136","7419918","7420227","chr11","108802921","108803224","39","101383003"
"JH378136","7451999","7452302","chr15","3702894","3703194","30","3749105"
"JH378136","7460861","7460944","chr5","67880800","67880883","6","60419939"
"JH378136","7462663","7462757","chr22","82220107","82220203","9","74757444"
"JH378136","7466633","7466722","chr19","7758593","7758681","9","291960"
"JH378136","7474149","7474445","chr1","10938341","10938635","35","3464192"
"JH378136","7483238","7483547","chr2","34891557","34891863","35","27408319"
"JH378136","7488722","7488992","chrX","13548339","13548610","42","6059617"
"JH378136","7494837","7495141","chr8","11052163","11052464","39","3557326"
"JH378136","7515376","7515666","chrX","17743415","17743704","42","10228039"
"JH378136","7521487","7521789","chr12","10064948","10065242","29","2543461"
"JH378136","7526161","7526355","chr5","70340062","70340256","40","62813901"
"JH378136","7533823","7534125","chr12","10064948","10065242","40","2531125"
"JH378136","7547547","7547669","chr15","90834689","90834810","10","83287142"
"JH378136","7562764","7562946","chr27","40357127","40357305","36","32794363"
"JH378136","7569158","7569486","chr24","13365099","13365397","69","5795941"
"JH378136","7571866","7571950","chr11","103619310","103619394","9","96047444"
"JH378136","7573626","7573916","chr28","13032296","13032578","53","5458670"
"JH378136","7575571","7575892","chr25","65108190","65108510","43","57532619"
"JH378136","7577865","7578023","chr14","84293151","84293311","33","76715286"
"JH378136","7581406","7581602","chr12","61255939","61256136","20","53674533"
"JH378136","7582912","7583002","chr3","65349691","65349782","9","57766779"
"JH378136","7628813","7628903","chr3","65349691","65349782","12","57720878"
"JH378136","7635117","7635238","chr15","90834689","90834810","7","83199572"
"JH378136","7635987","7636232","chr16","10013512","10013752","43","2377525"
"JH378136","7642030","7642327","chr12","10064948","10065242","23","2422918"
"JH378136","7662444","7662740","chr5","43996456","43996752","42","36334012"
"JH378136","7676145","7676446","chr12","10064948","10065242","34","2388803"
"JH378136","7704018","7704316","chr24","52095198","52095497","41","44391180"
"JH378136","7713214","7713549","chr6","36184281","36184603","48","28471067"
"JH378136","7714355","7714654","chr18","60118008","60118306","38","52403653"
"JH378136","7745733","7746026","chr16","15735252","15735550","35","7989519"
"JH378136","7766057","7766340","chr1","3525480","3525763","37","4240577"
"JH378136","7838692","7838918","chr6","2372111","2372337","27","5466581"
"JH378136","7868829","7869109","chr23","45052808","45053089","37","37183979"
"JH378136","7936891","7937021","chr20","20852752","20852882","13","12915861"
"JH378136","7971546","7971648","chrX","2017984","2018087","10","5953562"
"JH378136","8002641","8002894","chr7","12193381","12193629","53","4190740"
"JH378136","8011307","8011596","chr6","38437831","38438120","44","30426524"
"JH378136","8046292","8046587","chr8","108286640","108286933","40","100240348"
"JH378136","8113711","8113996","chr11","60172405","60172698","43","52058694"
"JH378136","8129247","8129563","chr1","108565860","108566161","42","100436613"
"JH378136","8150935","8151235","chr11","74038820","74039113","38","65887885"
"JH378136","8294567","8294697","chr1","97802296","97802426","11","89507729"
"JH378136","8324190","8324485","chr1","115205454","115205746","43","106881264"
"JH378136","8329985","8330280","chr16","53397850","53398143","45","45067865"
"JH378136","8348749","8349036","chr25","69182251","69182543","46","60833502"
"JH378136","8528951","8529239","chr4","67444451","67444740","36","58915500"
"JH378136","8536517","8536747","chr6","2372111","2372337","33","6164406"
"JH378136","8558885","8559193","chr10","68558120","68558423","42","59999235"
"JH378136","8575809","8576070","chr24","27023895","27024155","34","18448086"
"JH378136","8616750","8617028","chr5","17006315","17006587","41","8389565"
"JH378136","8631243","8631372","chr16","31737705","31737835","15","23106462"
"JH378136","8673744","8674039","chr1","16060873","16061165","40","7387129"
"JH378136","8820709","8821020","chr26","18593596","18593901","37","9772887"
"JH378136","8835149","8835435","chr29","1616258","1616545","35","7218891"
"JH378136","8872127","8872424","chr2","85255263","85255560","39","76383136"
"JH378136","8899024","8899375","chr3","75585617","75585954","64","66686593"
"JH378136","8929529","8929659","chr16","4500752","4500881","10","4428777"
"JH378136","8958972","8959265","chr9","56309279","56309579","44","47350307"
"JH378136","8961061","8961359","chr18","61327910","61328211","39","52366849"
"JH378136","8989268","8989531","chr20","116428512","116428772","35","107439244"
"JH378136","8989606","8989914","chr2","34891557","34891863","33","25901951"
"JH378136","8997531","8997795","chr25","82379602","82379865","39","73382071"
"JH378136","9002410","9002495","chr5","67880800","67880883","10","58878390"
"JH378136","9005981","9006272","chr3","9525767","9526055","34","519786"
"JH378136","9026620","9026918","chr8","39735187","39735483","37","30708567"
"JH378136","9049675","9049975","chr12","10064948","10065242","27","1015273"
"JH378136","9115597","9115889","chr14","41748186","41748475","31","32632589"
"JH378136","9127288","9127597","chr23","29679186","29679494","40","20551898"
"JH378136","9130096","9130191","chr22","82220107","82220203","8","73090011"
"JH378136","9132417","9132753","chr24","68895333","68895641","54","59762916"
"JH378136","9140774","9141075","chr2","13830641","13830935","36","4689867"
"JH378136","9156315","9156592","chr11","38408002","38408281","54","29251687"
"JH378136","9186089","9186397","chr21","81101865","81102166","43","71915776"
"JH378136","9209103","9209393","chr8","52344592","52344885","32","43135489"
"JH378136","9212652","9212838","chr12","75283366","75283544","41","66070714"
"JH378136","9278744","9279044","chr2","5168180","5168471","37","4110564"
"JH378136","9297370","9297672","chr8","20459020","20459321","37","11161650"
"JH378136","9299199","9299493","chrX","95460911","95461200","44","86161712"
"JH378136","9400165","9400469","chr5","2273487","2273788","28","7126678"
"JH378136","9420818","9421075","chr11","44436513","44436764","35","35015695"
"JH378136","9424475","9424771","chr12","10064948","10065242","26","640473"
"JH378136","9427136","9427447","chr11","115525233","115525542","32","106098097"
"JH378136","9505137","9505428","chr12","10064948","10065242","32","559811"
"JH378136","9513928","9514221","chr20","41327248","41327538","35","31813320"
"JH378136","9549070","9549386","chr20","80481537","80481841","37","70932467"
"JH378136","9581517","9581829","chr12","31148249","31148555","39","21566732"
"JH378136","9584953","9585253","chr12","10064948","10065242","40","479995"
"JH378136","9587843","9587925","chr20","86496231","86496314","10","76908388"
"JH378136","9588090","9588329","chr29","22592579","22592812","45","13004489"
"JH378136","9589501","9589814","chr11","115525233","115525542","34","105935732"
"JH378136","9630510","9630792","chr21","33287053","33287331","41","23656543"
"JH378136","9656481","9656773","chr10","55224096","55224386","31","45567615"
"JH378136","9807133","9807443","chr5","42956240","42956546","38","33149107"
"JH378136","9840339","9840592","chr5","56834491","56834744","36","46994152"
"JH378136","9993270","9993575","chr11","115525233","115525542","33","105531963"
"JH378136","10062575","10062809","chr26","37786588","37786819","29","27724013"
"JH378136","10205022","10205322","chr20_KE148049v1_random","535731","536028","34","9669291"
"JH378136","10213153","10213439","chr4","15532519","15532799","44","5319366"
"JH378136","10254283","10254359","chr13","63031813","63031889","6","52777530"
"JH378136","10327608","10327868","chr20","68107212","68107478","44","57779604"
"JH378136","10357866","10358176","chr18","3203332","3203636","39","7154534"
"JH378136","10439613","10439709","chr22","82220107","82220203","5","71780494"
"JH378136","10444186","10444484","chrX","109088760","109089057","40","98644574"
"JH378136","10531833","10532151","chr6","15953108","15953417","43","5421275"
"JH378136","10554140","10554451","chr2","58045145","58045453","42","47491005"
"JH378136","10568571","10568856","chr12","10064948","10065242","37","503623"
"JH378136","10650772","10651065","chrX","23977849","23978143","37","13327077"
"JH378136","10863466","10863740","chr21","56602482","56602744","39","45739016"
"JH378136","10877649","10877722","chr13","63031813","63031889","8","52154164"
"JH378136","10890427","10890501","chr14","84294465","84294542","14","73404038"
"JH378136","10912212","10912483","chr4","13341175","13341445","42","2428963"
"JH378136","10918156","10918449","chr12","10064948","10065242","30","853208"
"JH378136","10942002","10942146","chr14","87397209","87397357","25","76455207"
"JH378136","11039338","11039637","chr2","34891557","34891863","34","23852219"
"JH378136","11109306","11109493","chr20","28787815","28787990","37","17678509"
"JH378136","11209367","11209670","chr14","37138980","37139278","37","25929613"
"JH378136","11383201","11383498","chr12","94431712","94432016","43","83048511"
"JH378136","11506830","11507139","chr17","55932609","55932918","36","44425779"
"JH378136","11579796","11580098","chr3","11235272","11235566","55","344524"
"JH378136","11613334","11613617","chr22","25505403","25505689","46","13892069"
"JH378136","11618964","11619180","chr22","6719548","6719763","26","4899416"
"JH378136","11664110","11664409","chr10","113733335","113733632","36","102069225"
"JH378136","11846442","11846734","chr12","6781553","6781865","132","5064889"
"JH378136","11917364","11917648","chr18","59626067","59626351","36","47708703"
"JH378136","11939513","11939749","chr11","126175108","126175340","33","114235595"
"JH378136","11966255","11966552","chr12","18922571","18922865","37","6956316"
"JH378136","12027751","12028042","chr12","10064948","10065242","33","1962803"
"JH378136","12107547","12107852","chr7","26342517","26342824","43","14234970"
"JH378136","12127260","12127339","chr16","3308866","3308945","8","8818394"
"JH378136","12190863","12191145","chr1","17727594","17727881","39","5536731"
"JH378136","12197481","12197788","chr29","8289755","8290055","37","3907726"
"JH378136","12200927","12201048","chr15","90834689","90834810","15","78633762"
"JH378136","12205288","12205580","chr3","11551653","11551932","56","653635"
"JH378136","12222539","12222843","chr11","24803908","24804194","55","12581369"
"JH378136","12242591","12242898","chr20","119900333","119900636","41","107657742"
"JH378136","12246730","12246943","chr20","96791492","96791709","34","84544762"
"JH378136","12286918","12287219","chr12","10064948","10065242","32","2221970"
"JH378136","12313676","12313800","chr1","8688937","8689061","12","3624739"
"JH378136","12317675","12317972","chr12","10064948","10065242","30","2252727"
"JH378136","12325318","12325612","chr12","10064948","10065242","30","2260370"
"JH378136","12347310","12347616","chr17","54691676","54691976","35","42344366"
"JH378136","12361983","12362117","chr8","40710562","40710690","23","28348579"
"JH378136","12364952","12365245","chr10","8909912","8910203","31","3455040"
"JH378136","12365582","12365875","chr12","10064948","10065242","27","2300634"
"JH378136","12380990","12381279","chr6","14820650","14820936","46","2439660"
"JH378136","12416474","12416750","chr11","128270446","128270730","46","115853972"
"JH378136","12433919","12434027","chr1","62097932","62098038","12","49664013"
"JH378136","12469374","12469672","chr16","33182065","33182368","42","20712691"
"JH378136","12510172","12510461","chr23","57605786","57606076","34","45095614"
"JH378136","12533724","12534014","chr20","108907026","108907317","29","96373302"
"JH378136","12562849","12563002","chr9","59130238","59130387","16","46567389"
"JH378136","12614578","12614879","chr12","10064948","10065242","32","2549630"
"JH378136","12635986","12636291","chr2","39250613","39250912","35","26614627"
"JH378136","12638723","12639021","chr16","34548874","34549171","33","21910151"
"JH378136","12649076","12649173","chr22","82220107","82220203","15","69571031"
"JH378136","12649495","12649685","chr27","40357127","40357305","29","27707632"
"JH378136","12764752","12764842","chr19","7758593","7758681","10","5006159"
"JH378136","12769374","12769516","chr23","56978905","56979044","15","44209531"
"JH378136","12816137","12816226","chr3","65349691","65349782","13","52533554"
"JH378136","12817271","12817347","chr13","63031813","63031889","10","50214542"
"JH378136","12818046","12818160","chr13","61112232","61112346","14","48294186"
"JH378136","12864780","12864884","chr17","40217264","40217370","10","27352484"
"JH378136","12875248","12875556","chr2","34891557","34891863","30","22016309"
"JH378136","12881767","12882066","chr1","103415790","103416081","36","90534023"
"JH378136","12921765","12922073","chr3","76969495","76969804","39","64047730"
"JH378136","12950392","12950648","chr5","71310488","71310745","44","58360096"
"JH378136","12953041","12953330","chr12","10064948","10065242","35","2888093"
"JH378136","12960076","12960386","chr26","38024857","38025165","31","25064781"
"JH378136","12971053","12971289","chrX","104545437","104545671","27","91574384"
"JH378136","12972024","12972141","chrX","90197506","90197623","11","77225482"
"JH378136","12986287","12986576","chr10","8909912","8910203","34","4076375"
"JH378136","12989999","12990308","chr9","15987970","15988276","32","2997971"
"JH378136","13009342","13009425","chr5","67880800","67880883","7","54871458"
"JH378136","13012773","13012848","chr13","63031813","63031889","8","50019040"
"JH378136","13018734","13018885","chr9","59130238","59130387","12","46111504"
"JH378136","13021660","13021890","chr11","126175108","126175340","30","113153448"
"JH378136","13026139","13026425","chr16","46009931","46010224","39","32983792"
"JH378136","13038174","13038451","chr10","127201999","127202278","32","114163825"
"JH378136","13079566","13079865","chr20","19825871","19826167","41","6746305"
"JH378136","13087414","13087716","chr5","2273487","2273788","24","10813927"
"JH378136","13090094","13090299","chr2","7630482","7630691","37","5459612"
"JH378136","13098471","13098621","chr9","59130238","59130387","17","46031767"
"JH378136","13099745","13099843","chr22","82220107","82220203","7","69120362"
"JH378136","13121722","13121846","chr1","8688937","8689061","13","4432785"
"JH378136","13132347","13132444","chr22","82220107","82220203","11","69087760"
"JH378136","13136984","13137264","chr12","18835626","18835904","39","5698642"
"JH378136","13137660","13137976","chr24","68895333","68895641","43","55757673"
"JH378136","13139781","13139970","chr6","8749758","8749947","21","4390023"
"JH378136","13149108","13149401","chr21","74368618","74368909","28","61219510"
"JH378136","13158631","13158940","chr2","34891557","34891863","28","21732926"
"JH378136","13166299","13166504","chr17","58619356","58619558","26","45453057"
"JH378136","13166979","13167222","chr16","69318389","69318626","42","56151410"
"JH378136","13175467","13175760","chr9","90943231","90943523","34","77767764"
"JH378136","13183377","13183698","chr2","21278006","21278325","53","8094629"
"JH378136","13213051","13213129","chr1","22579944","22580022","12","9366893"
"JH378136","13226871","13226972","chrX","2017984","2018087","12","11208887"
"JH378136","13229707","13229823","chr6","44144914","44145033","12","30915207"
"JH378136","13231445","13231740","chr16","9071837","9072127","47","4159608"
"JH378136","13259695","13259986","chr2","59461683","59461977","45","46201988"
"JH378136","13260641","13260917","chr1","18162340","18162615","45","4901699"
"JH378136","13269861","13270169","chr6","19546292","19546593","41","6276431"
"JH378136","13272323","13272606","chr5","69791421","69791713","48","56519098"
"JH378136","13282952","13283053","chrX","2017984","2018087","12","11264968"
"JH378136","13291141","13291271","chr25","8712866","8712996","14","4578275"
"JH378136","13297931","13298231","chr12","106807603","106807904","44","93509672"
"JH378136","13301993","13302069","chr13","63031813","63031889","6","49729820"
"JH378136","13307677","13307987","chr8","32187026","32187333","45","18879349"
"JH378136","13314340","13314588","chr27","22597543","22597791","25","9283203"
"JH378136","13315979","13316094","chr20","115102100","115102215","9","101786121"
"JH378136","13321660","13321756","chr10","124866541","124866629","17","111544881"
"JH378136","13323693","13323948","chr19","21060924","21061180","40","7737231"
"JH378136","13333358","13333669","chr14","18217445","18217755","39","4884087"
"JH378136","13337711","13337801","chr3","65349691","65349782","10","52011980"
"JH378136","13348900","13349189","chrX","115847772","115848064","36","102498872"
"JH378136","13359181","13359471","chr20","13069925","13070223","42","289256"
"JH378136","13372577","13372878","chr29","8289755","8290055","39","5082822"
"JH378136","13385581","13385867","chr4","89471515","89471796","56","76085934"
"JH378136","13387096","13387189","chr22","82220107","82220203","10","68833011"
"JH378136","13389007","13389062","chr28","9006574","9006630","4","4382433"
"JH378136","13397279","13397559","chr21","32338307","32338599","45","18941028"
"JH378136","13400403","13400703","chr11","64766459","64766749","48","51366056"
"JH378136","13425635","13425934","chr12","6781553","6781865","123","6644082"
"JH378136","13441917","13442220","chr5","2273487","2273788","31","11168430"
"JH378136","13470128","13470439","chr20","20539479","20539784","43","7069351"
"JH378136","13484615","13484867","chr29","12411847","12412100","33","1072768"
"JH378136","13532761","13533017","chr4","89127811","89128065","29","75595050"
"JH378136","13623290","13623490","chr11","96721458","96721661","21","83098168"
"JH378136","13628209","13628500","chr20","113550217","113550515","39","99922008"
"JH378136","13642920","13643224","chr5","2273487","2273788","33","11369433"
"JH378136","13700165","13700255","chr3","65349691","65349782","11","51649526"
"JH378136","13702252","13702333","chr5","67880800","67880883","7","54178548"
"JH378136","13702676","13702771","chr22","82220107","82220203","6","68517431"
"JH378136","13712534","13712652","chr15","90834689","90834810","18","77122155"
"JH378136","13715913","13716197","chr11","106480781","106481061","46","92764868"
"JH378136","13719056","13719350","chrX","22171201","22171487","44","8452145"
"JH378136","13723244","13723524","chr1","55039444","55039721","49","41316200"
"JH378136","13724690","13724904","chr25","73647297","73647508","24","59922607"
"JH378136","13725005","13725110","chr3","73832741","73832841","16","60107736"
"JH378136","13725326","13725619","chr15","50409986","50410276","32","36684660"
"JH378136","13727005","13727307","chr5","36774379","36774687","33","23047374"
"JH378136","13731255","13731558","chr9","95969759","95970062","41","82238504"
"JH378136","13732760","13732850","chr3","65349691","65349782","11","51616931"
"JH378136","13734945","13735204","chr16","13157131","13157398","51","577814"
"JH378136","13742799","13743068","chr10","35962418","35962683","45","22219619"
"JH378136","13750730","13751021","chr9","83383980","83384273","41","69633250"
"JH378136","13758239","13758387","chr17","47733511","47733658","11","33975272"
"JH378136","13759728","13760035","chr27","11276887","11277183","48","2482841"
"JH378136","13760838","13761100","chr20","123718654","123718910","43","109957816"
"JH378136","13761117","13761339","chr17","44703760","44703972","40","30942643"
"JH378136","13763883","13764193","chr1","65504304","65504612","32","51740421"
"JH378136","13793288","13793596","chr6","39327037","39327335","49","25533749"
"JH378136","13799427","13799724","chr16","8024486","8024785","37","5774941"
"JH378136","13800141","13800265","chr20","67637645","67637774","19","53837504"
"JH378136","13808110","13808409","chrX","34042367","34042664","39","20234257"
"JH378136","13818914","13819015","chrX","2017984","2018087","11","11800930"
"JH378136","13827547","13827620","chr13","63031813","63031889","8","49204266"
"JH378136","13845741","13845871","chr6","50606227","50606356","14","36760486"
"JH378136","13852685","13852808","chr22","95358017","95358141","15","81505332"
"JH378136","13853221","13853520","chr2","37277866","37278162","39","23424645"
"JH378136","13854610","13854883","chr15","5915602","5915856","50","7939008"
"JH378136","13856549","13856840","chr8","138416364","138416651","37","124559815"
"JH378136","13891629","13891926","chr7","99172603","99172901","34","85280974"
"JH378136","13902850","13903159","chr16","30398852","30399159","38","16496002"
"JH378136","13909065","13909374","chr2","43185063","43185371","41","29275998"
"JH378136","13933956","13934260","chr5","2273487","2273788","34","11660469"
"JH378136","13940709","13940997","chr18","66189352","66189642","54","52248643"
"JH378136","13974347","13974461","chr20","115102100","115102215","10","101127753"
"JH378136","13976592","13976884","chr18","67957737","67958030","34","53981145"
"JH378136","13989083","13989155","chr13","63031813","63031889","7","49042730"
"JH378136","13999303","13999598","chr12","10064948","10065242","25","3934355"
"JH378136","14009346","14009642","chr13","65577132","65577425","38","51567786"
"JH378136","14009733","14010016","chr9","96206836","96207123","48","82197103"
"JH378136","14010119","14010419","chr13","64437426","64437719","40","50427307"
"JH378136","14015735","14016041","chr16","14358940","14359244","35","343205"
"JH378136","14019752","14020067","chr20","70184160","70184468","39","56164408"
"JH378136","14021662","14021897","chr26","14438107","14438343","36","416445"
"JH378136","14037017","14037295","chr25","72189730","72190009","38","58152713"
"JH378136","14037794","14038067","chr11","52105444","52105706","35","38067650"
"JH378136","14072124","14072415","chr17","49320523","49320815","43","35248399"
"JH378136","14097310","14097604","chr13","65577132","65577425","30","51479822"
"JH378136","14185110","14185408","chr16","65250770","65251068","36","51065660"
"JH378136","14215485","14215776","chr1","74384612","74384899","42","60169127"
"JH378136","14241246","14241560","chr11","115525233","115525542","32","101283987"
"JH378136","14250133","14250448","chr2","34891557","34891863","40","20641424"
"JH378136","14261867","14262167","chr11","53220620","53220917","35","38958753"
"JH378136","14300784","14301086","chr11","120207458","120207761","35","105906674"
"JH378136","14310335","14310528","chr13","33714206","33714393","29","19403871"
"JH378136","14317413","14317715","chr13","8768487","8768786","34","5548926"
"JH378136","14331707","14331983","chr4","68750844","68751128","30","54419137"
"JH378136","14332957","14333063","chr1","62097932","62098038","11","47764975"
"JH378136","14339831","14340100","chr11","117793063","117793332","37","103453232"
"JH378136","14356829","14357126","chr12","10064948","10065242","31","4291881"
"JH378136","14361278","14361407","chr11","75221230","75221358","20","60859952"
"JH378136","14362320","14362438","chr3","66613019","66613136","12","52250699"
"JH378136","14379126","14379222","chr22","82220107","82220203","7","67840981"
"JH378136","14379972","14380062","chr3","65349691","65349782","13","50969719"
"JH378136","14385522","14385615","chr22","82220107","82220203","6","67834585"
"JH378136","14405685","14405792","chr1","39939684","39939788","15","25533999"
"JH378136","14416160","14416467","chr14","83371933","83372231","39","68955773"
"JH378136","14424949","14425029","chr5","67880800","67880883","10","53455851"
"JH378136","14480837","14481132","chr13","65577132","65577425","28","51096295"
"JH378136","14508271","14508556","chr1","19019153","19019427","49","4510882"
"JH378136","14515940","14516202","chr4","52736916","52737178","36","38220976"
"JH378136","14525184","14525481","chr15","39385008","39385302","36","24859824"
"JH378136","14526141","14526376","chrX","112046945","112047179","30","97520804"
"JH378136","14528742","14529047","chr23","68451127","68451430","44","53922385"
"JH378136","14547425","14547705","chr16","10517520","10517802","29","4029905"
"JH378136","14577281","14577575","chr16","2510751","2511055","48","12066530"
"JH378136","14591675","14591970","chr10","118597337","118597632","38","104005662"
"JH378136","14607012","14607317","chr23","41434219","41434517","34","26827207"
"JH378136","14624753","14624900","chr16","70302991","70303139","16","55678238"
"JH378136","14655916","14656047","chr1","110380135","110380266","14","95724219"
"JH378136","14660232","14660529","chr12","10064948","10065242","33","4595284"
"JH378136","14668889","14669184","chr22","50629443","50629736","37","35960554"
"JH378136","14691935","14692236","chr12","10064948","10065242","30","4626987"
"JH378136","14696721","14697034","chr1","65504304","65504612","40","50807583"
"JH378136","14698709","14699007","chrX","468680","468977","28","14230029"
"JH378136","14702741","14703032","chr22","55903204","55903490","32","41200463"
"JH378136","14705170","14705478","chr13","14856342","14856650","39","151172"
"JH378136","14723577","14723873","chr6","13297004","13297294","44","1426573"
"JH378136","14750958","14751258","chr18","66152378","66152674","43","51401420"
"JH378136","14823213","14823497","chr4","68750844","68751128","46","53927631"
"JH378136","14842733","14843032","chrX","104601258","104601549","35","89758525"
"JH378136","14862077","14862333","chr10","118182665","118182918","38","103320588"
"JH378136","14866996","14867298","chr11","19611133","19611417","40","4744137"
"JH378136","14878310","14878425","chr20","115102100","115102215","10","100223790"
"JH378136","14879253","14879538","chr21","33287053","33287331","37","18407800"
"JH378136","14892286","14892590","chrX","23977849","23978143","38","9085563"
"JH378136","14901508","14901796","chr1","33527951","33528238","47","18626443"
"JH378136","14904795","14905064","chr22","10270196","10270471","50","4634599"
"JH378136","14915850","14915979","chr15","19514175","19514311","19","4598325"
"JH378136","14916377","14916679","chr2","23330549","23330849","35","8414172"
"JH378136","14930838","14931131","chr13","65577132","65577425","31","50646294"
"JH378136","14946589","14946895","chr1","29171696","29172000","40","14225107"
"JH378136","14970407","14970496","chr19","7758593","7758681","9","7211814"
"JH378136","14970804","14971020","chr15","6643378","6643590","29","8327426"
"JH378136","14976029","14976322","chr12","10064948","10065242","30","4911081"
"JH378136","14982633","14982931","chr11","72029074","72029368","54","57046441"
"JH378136","14983049","14983139","chr22","82220107","82220203","10","67237058"
"JH378136","14999108","14999188","chr5","67880800","67880883","8","52881692"
"JH378136","15007841","15007922","chrX","46578535","46578617","13","31570694"
"JH378136","15010243","15010549","chrX","775128","775441","60","14235115"
"JH378136","15018403","15018492","chr3","65349691","65349782","12","50331288"
"JH378136","15046888","15046991","chrX","2017984","2018087","10","13028904"
"JH378136","15053652","15053932","chr12","26827271","26827548","41","11773619"
"JH378136","15075721","15076030","chr11","51624065","51624366","38","36548344"
"JH378136","15084878","15085168","chr9","25030769","25031053","40","9945891"
"JH378136","15123681","15123959","chr24","5978279","5978558","45","9145402"
"JH378136","15217409","15217705","chr13","65577132","65577425","40","50359723"
"JH378136","15219216","15219527","chr11","115525233","115525542","30","100306017"
"JH378136","15227934","15228269","chr16","52975249","52975580","55","37747315"
"JH378136","15262527","15262828","chr11","64255685","64255978","39","48993158"
"JH378136","15265614","15265931","chr2","34891557","34891863","36","19625943"
"JH378136","15282613","15282748","chr26","6591504","6591639","14","8691109"
"JH378136","15305164","15305479","chr1","68219231","68219530","46","52914067"
"JH378136","15321666","15321907","chrX","17095663","17095886","45","1773997"
"JH378136","15339883","15340177","chr19","23732962","23733259","43","8393079"
"JH378136","15364183","15364482","chr18","71480316","71480609","31","56116133"
"JH378136","15366161","15366291","chr6","7772479","7772609","13","7593682"
"JH378136","15372536","15372834","chr22","40701009","40701309","33","25328473"
"JH378136","15374936","15375049","chr24","48537275","48537387","14","33162339"
"JH378136","15375231","15375284","chr6","45685543","45685583","18","30310312"
"JH378136","15405260","15405560","chr5","2273487","2273788","34","13131773"
"JH378136","15431733","15432029","chr12","10064948","10065242","28","5366785"
"JH378136","15465548","15465634","chr16","4405728","4405812","7","11059820"
"JH378136","15551509","15551823","chr14","22799686","22799991","33","7248177"
"JH378136","15603719","15604013","chr29","10722547","10722839","38","4881172"
"JH378136","15621049","15621352","chr7","19605160","19605458","36","3984111"
"JH378136","15663751","15663901","chr9","59130238","59130387","16","43466487"
"JH378136","15674892","15675194","chr26","18927734","18928036","31","3252842"
"JH378136","15724961","15725317","chr22","58553154","58553446","98","42828193"
"JH378136","15742991","15743064","chr13","63031813","63031889","8","47288822"
"JH378136","15750761","15751054","chr20","112829822","112830113","47","97079061"
"JH378136","15763392","15763688","chr12","10064948","10065242","31","5698444"
"JH378136","15799474","15799781","chr24","83135028","83135331","37","67335554"
"JH378136","15802696","15802993","chr12","10064948","10065242","25","5737748"
"JH378136","15810407","15810684","chr22","9600661","9600931","37","6209746"
"JH378136","15833794","15834099","chr20","108907026","108907317","46","93073232"
"JH378136","15878095","15878384","chr12","60432247","60432540","40","44554152"
"JH378136","15915973","15916284","chr12","62611680","62611985","44","46695707"
"JH378136","15926938","15927229","chr9","67896851","67897142","35","51969913"
"JH378136","15938496","15938789","chr12","10064948","10065242","25","5873548"
"JH378136","15939613","15939904","chr20","121618255","121618545","39","105678642"
"JH378136","15941887","15942191","chr9","11744453","11744760","44","4197434"
"JH378136","15946428","15946729","chr10","118597337","118597632","46","102650909"
"JH378136","15965345","15965634","chr12","10064948","10065242","33","5900397"
"JH378136","15974874","15975175","chr17","40318201","40318498","35","24343327"
"JH378136","15976595","15976902","chr5","36774379","36774687","31","20797784"
"JH378136","15982597","15982887","chr15","3702894","3703194","49","12279703"
"JH378136","15994679","15994965","chr2","85255263","85255560","52","69260584"
"JH378136","16002565","16002855","chr2","5168180","5168471","42","10834385"
"JH378136","16012782","16013046","chrX","79081445","79081700","44","63068663"
"JH378136","16076951","16077025","chr13","63031813","63031889","7","46954862"
"JH378136","16096132","16096428","chr1","121579944","121580232","53","105483812"
"JH378136","16120929","16121234","chr12","10064948","10065242","32","6055981"
"JH378136","16185463","16185752","chr24","58320013","58320301","41","42134550"
"JH378136","16187981","16188282","chr20","104630107","104630400","47","88442126"
"JH378136","16189182","16189292","chr6","1067449","1067558","14","15121733"
"JH378136","16205422","16205512","chr3","65349691","65349782","9","49144269"
"JH378136","16206431","16206748","chr11","115525233","115525542","40","99318802"
"JH378136","16212470","16212778","chr5","2273487","2273788","30","13938983"
"JH378136","16219873","16220166","chr12","10064948","10065242","28","6154925"
"JH378136","16236841","16237122","chr6","2852604","2852883","42","13384237"
"JH378136","16247603","16247914","chr2","34891557","34891863","48","18643954"
"JH378136","16248172","16248469","chr7","100053990","100054283","34","83805818"
"JH378136","16313501","16313773","chr18","66249703","66249966","40","49936202"
"JH378136","16338932","16339234","chr20","96210594","96210893","38","79871662"
"JH378136","16370992","16371287","chr12","10064948","10065242","30","6306044"
"JH378136","16389657","16389954","chr3","75030450","75030748","51","58640793"
"JH378136","16402081","16402390","chr26","38024857","38025165","33","21622776"
"JH378136","16469980","16470265","chrX","449812","450099","43","16020168"
"JH378136","16475189","16475487","chr12","10064948","10065242","25","6410241"
"JH378136","16476569","16476853","chr24","27974021","27974303","47","11497452"
"JH378136","16555552","16555850","chr12","10064948","10065242","27","6490604"
"JH378136","16557523","16557821","chr29","10722547","10722839","41","5834976"
"JH378136","16563039","16563344","chr1","68219231","68219530","37","51656192"
"JH378136","16606768","16607057","chr11","46451973","46452263","38","29845205"
"JH378136","16608082","16608395","chr25","85642603","85642903","52","69034521"
"JH378136","16612575","16612651","chr10","95538249","95538325","8","78925674"
"JH378136","16613487","16613573","chr16","4405728","4405812","9","12207759"
"JH378136","16627063","16627367","chr1","64693832","64694133","38","48066769"
"JH378136","16680098","16680185","chr5","67880800","67880883","10","51200702"
"JH378136","16686952","16687250","chr12","10064948","10065242","27","6622004"
"JH378136","16806451","16806739","chr11","49537220","49537510","39","32730769"
"JH378136","16937653","16937916","chrX","50208947","50209208","37","33271294"
"JH378136","17088148","17088435","chr9","94521914","94522196","31","77433766"
"JH378136","17124097","17124409","chr1","65504304","65504612","34","48380207"
"JH378136","17128281","17128596","chr11","29946186","29946494","38","12817905"
"JH378136","17166886","17167027","chr11","95753406","95753542","15","78586520"
"JH378136","17207288","17207553","chr24","27023895","27024155","36","9816607"
"JH378136","17304340","17304624","chr15","40802197","40802483","30","23497857"
"JH378136","17317396","17317657","chr21","10780465","10780722","39","6536931"
"JH378136","17343584","17343854","chr10","117336899","117337182","47","99993315"
"JH378136","17402770","17403068","chr11","60172405","60172698","44","42769635"
"JH378136","17450376","17450673","chr29","8289755","8290055","30","9160621"
"JH378136","17481191","17481492","chr12","10064948","10065242","41","7416243"
"JH378136","17495095","17495413","chr2","34891557","34891863","47","17396462"
"JH378136","17535989","17536297","chr5","36774379","36774687","41","19238390"
"JH378136","17537967","17538273","chr16","51501244","51501546","38","33963277"
"JH378136","17550621","17550926","chr4","44048202","44048508","47","26497581"
"JH378136","17583007","17583320","chr16","30398852","30399159","40","12815845"
"JH378136","17584191","17584457","chr4","17756420","17756679","36","172229"
"JH378136","17592903","17593211","chrX","125978862","125979170","37","108385959"
"JH378136","17594818","17595120","chr12","10064948","10065242","29","7529870"
"JH378136","17599806","17600073","chr1","54471485","54471761","40","36871679"
"JH378136","17602727","17602816","chr3","65349691","65349782","11","47746964"
"JH378136","17606654","17606967","chr9","13404552","13404853","43","4202102"
"JH378136","17610762","17611045","chr8","138416364","138416651","44","120805602"
"JH378136","17619132","17619423","chr10","8909912","8910203","41","8709220"
"JH378136","17680789","17680867","chr16","3308866","3308945","8","14371923"
"JH378136","17689424","17689514","chr3","65349691","65349782","10","47660267"
"JH378136","17693208","17693507","chrX","23977849","23978143","42","6284641"
"JH378136","17700506","17700803","chr16","49345236","49345535","45","31644730"
"JH378136","17712648","17712932","chr12","29429234","29429514","47","11716586"
"JH378136","17732414","17732589","chr27","48334454","48334629","36","30602040"
"JH378136","17743030","17743310","chr29","14257784","14258062","45","3485246"
"JH378136","17745957","17746203","chr14","45072316","45072556","36","27326359"
"JH378136","17749621","17749750","chr16","31737705","31737835","11","13988084"
"JH378136","17752599","17752908","chr2","34891557","34891863","48","17138958"
"JH378136","17755008","17755308","chr12","10064948","10065242","29","7690060"
"JH378136","17779667","17779974","chr5","2273487","2273788","35","15506180"
"JH378136","17804761","17804851","chr3","65349691","65349782","11","47544930"
"JH378136","17810438","17810732","chr12","10064948","10065242","29","7745490"
"JH378136","17830196","17830273","chr13","63031813","63031889","8","45201617"
"JH378136","17855753","17855964","chr1","121417341","121417548","42","103561588"
"JH378136","17859779","17860095","chr12","87874553","87874860","47","70014774"
"JH378136","17874603","17874692","chr20","119761262","119761350","10","101886659"
"JH378136","17890429","17890559","chr3","91348390","91348521","12","73457961"
"JH378136","17898656","17898956","chr4","53000070","53000366","36","35101414"
"JH378136","17901575","17901805","chr3","1164767","1164996","48","16736808"
"JH378136","17908954","17909268","chr8","96089866","96090170","45","78180912"
"JH378136","17950985","17951272","chr7","93852704","93852990","37","75901719"
"JH378136","17983912","17984018","chr17","40217264","40217370","9","22233352"
"JH378136","17984461","17984610","chrX","128768607","128768755","18","110784146"
"JH378136","17989118","17989190","chr13","63031813","63031889","9","45042695"
"JH378136","17991457","17991754","chr1","68219231","68219530","37","50227774"
"JH378136","17994610","17994918","chr5","57462893","57463195","48","39468283"
"JH378136","18005382","18005692","chr3","77294257","77294565","50","59288875"
"JH378136","18029236","18029531","chr10","18371829","18372121","39","342593"
"JH378136","18044580","18044801","chr13","7317370","7317589","33","10727210"
"JH378136","18046774","18046869","chr22","82220107","82220203","9","64173333"
"JH378136","18048548","18048834","chrX","29936084","29936366","45","11887536"
"JH378136","18049861","18050161","chr11","117737181","117737478","37","99687320"
"JH378136","18050316","18050609","chr12","10064948","10065242","35","7985368"
"JH378136","18055957","18056084","chr1","8688937","8689061","15","9367020"
"JH378136","18080602","18080737","chr7","92029614","92029746","18","73949012"
"JH378136","18081658","18081779","chr15","90834689","90834810","15","72753031"
"JH378136","18101053","18101350","chr12","10064948","10065242","32","8036105"
"JH378136","18121185","18121474","chr1","103415790","103416081","38","85294605"
"JH378136","18122301","18122449","chr9","59130238","59130387","11","41007937"
"JH378136","18145031","18145152","chr15","90834689","90834810","13","72689658"
"JH378136","18156408","18156673","chr9","41148065","41148333","51","22991657"
"JH378136","18170404","18170476","chr13","63031813","63031889","8","44861409"
"JH378136","18175464","18175759","chr22","47793370","47793666","35","29617906"
"JH378136","18187774","18188068","chr12","10064948","10065242","32","8122826"
"JH378136","18230314","18230617","chr1","54957085","54957389","49","36726771"
"JH378136","18250306","18250618","chr6","16598509","16598818","35","1651797"
"JH378136","18296571","18296713","chr11","51685544","51685686","17","33388973"
"JH378136","18310177","18310465","chr5","60799645","60799930","42","42489468"
"JH378136","18324797","18325117","chr13","84743392","84743699","44","66418595"
"JH378136","18334194","18334411","chr1","80319221","80319440","26","61985027"
"JH378136","18353934","18354249","chr18","14936633","14936932","45","3417301"
"JH378136","18363585","18363870","chr23","42847204","42847487","38","24483619"
"JH378136","18374831","18375144","chrX","62513903","62514213","31","44139072"
"JH378136","18387739","18388042","chr16","44672648","44672947","40","26284909"
"JH378136","18418341","18418645","chr1","99384482","99384781","34","80966141"
"JH378136","18430784","18431084","chr12","10064948","10065242","33","8365836"
"JH378136","18434897","18435168","chr21","70887610","70887890","48","52452713"
"JH378136","18441823","18442111","chr21","90022633","90022926","51","71580810"
"JH378136","18454907","18455201","chr4","61359725","61360018","44","42904818"
"JH378136","18475804","18476103","chr1","46456050","46456345","39","27980246"
"JH378136","18487264","18487563","chr11","20333718","20334026","47","1846454"
"JH378136","18493410","18493714","chr11","66008567","66008871","60","47515157"
"JH378136","18502158","18502451","chrX","468680","468977","36","18033478"
"JH378136","18507905","18508209","chr14","83371933","83372231","42","64864028"
"JH378136","18606653","18606955","chr23","40897282","40897583","33","22290629"
"JH378136","18618130","18618439","chr29","8189456","8189758","34","10428674"
"JH378136","18651953","18652234","chr19","19502742","19503020","33","850789"
"JH378136","18665514","18665609","chr22","82220107","82220203","5","63554593"
"JH378136","18667011","18667198","chr1","12385669","12385847","37","6281342"
"JH378136","18676619","18676854","chr3","34602180","34602418","43","15925561"
"JH378136","18682574","18682648","chr13","63031813","63031889","7","44349239"
"JH378136","18685666","18685970","chr14","79729598","79729899","32","61043932"
"JH378136","18687754","18688041","chr14","80284365","80284655","39","61596611"
"JH378136","18724004","18724304","chr13","65577132","65577425","34","46853128"
"JH378136","18725482","18725624","chr15","19514175","19514311","18","788693"
"JH378136","18741720","18742029","chr5","2273487","2273788","28","16468233"
"JH378136","18748519","18748797","chr16","65251314","65251569","56","46502795"
"JH378136","18748800","18749100","chr14","73743004","73743304","42","54994204"
"JH378136","18818506","18818809","chr1","53919172","53919477","40","35100666"
"JH378136","18823273","18823555","chr24","51032663","51032946","32","32209390"
"JH378136","18887201","18887507","chrX","111920124","111920426","47","93032923"
"JH378136","18927926","18928227","chrX","111217777","111218082","36","92289851"
"JH378136","19028771","19029068","chr12","10064948","10065242","32","8963823"
"JH378136","19052165","19052461","chr1","103415790","103416081","36","84363625"
"JH378136","19057494","19057791","chrX","23977849","23978143","36","4920355"
"JH378136","19111798","19112099","chr12","10064948","10065242","25","9046850"
"JH378136","19211659","19211936","chr9","110411109","110411384","39","91199450"
"JH378136","19298677","19298978","chr12","10064948","10065242","30","9233729"
"JH378136","19338076","19338369","chr3","68851769","68852062","44","49513693"
"JH378136","19354430","19354732","chr1","68219231","68219530","42","48864801"
"JH378136","19389265","19389576","chr5","2273487","2273788","37","17115778"
"JH378136","19424195","19424487","chr3","51320753","51321046","47","31896558"
"JH378136","19495274","19495423","chr9","59130238","59130387","16","39634964"
"JH378136","19503008","19503294","chr1","10281581","10281864","45","9221427"
"JH378136","19504137","19504432","chr12","10064948","10065242","27","9439189"
"JH378136","19518565","19518686","chr15","90834689","90834810","12","71316124"
"JH378136","19522590","19522865","chr21","111443534","111443810","42","91920944"
"JH378136","19528932","19529238","chr12","10064948","10065242","32","9463984"
"JH378136","19558742","19559054","chr1","65504304","65504612","34","45945562"
"JH378136","19600563","19600659","chr22","82220107","82220203","4","62619544"
"JH378136","19601061","19601198","chrX_KE148108v1_random","1233104","1233252","32","18367957"
"JH378136","19624230","19624524","chr8","95885898","95886192","42","76261668"
"JH378136","19656922","19657025","chrX","2017984","2018087","9","17638938"
"JH378136","19660974","19661286","chr10","89459842","89460157","46","69798868"
"JH378136","19697207","19697497","chr14","41748186","41748475","41","22050979"
"JH378136","19769902","19770204","chr25","28758987","28759284","37","8989085"
"JH378136","19793452","19793754","chr23","61905659","61905961","41","42112207"
"JH378136","19822359","19822449","chr19","7758593","7758681","10","12063766"
"JH378136","19865514","19865817","chr12","10064948","10065242","32","9800566"
"JH378136","19875529","19875825","chr27","48451545","48451843","29","28576016"
"JH378136","19927539","19927845","chr11","45833907","45834215","36","25906368"
"JH378136","19928073","19928369","chr26","38772311","38772602","34","18844238"
"JH378136","19938407","19938706","chr15","30834435","30834736","38","10896028"
"JH378136","19952620","19952926","chr24","42191698","42192006","45","22239078"
"JH378136","20008725","20009004","chr11","19611133","19611417","37","397592"
"JH378136","20044272","20044547","chr20","121847799","121848075","41","101803527"
"JH378136","20054276","20054560","chr21","33287053","33287331","40","13232777"
"JH378136","20113095","20113351","chr22","3998075","3998334","35","16115020"
"JH378136","20124573","20124876","chr27","32404584","32404881","40","12280011"
"JH378136","20126364","20126670","chr8","52124179","52124487","41","31997815"
"JH378136","20147885","20148161","chrX","42292864","42293139","34","22144979"
"JH378136","20196674","20196988","chr5","2273487","2273788","38","17923187"
"JH378136","20212709","20213020","chr26","38024857","38025165","32","17812148"
"JH378136","20246677","20246897","chrX","117167722","117167942","31","96921045"
"JH378136","20281893","20282220","chr14","79798783","79799095","60","59516890"
"JH378136","20282231","20282505","chr21","125118620","125118898","35","104836389"
"JH378136","20411550","20411835","chr18","7384754","7385041","39","13026796"
"JH378136","20457728","20458023","chr14","46709046","46709340","36","26251318"
"JH378136","20462767","20463085","chr4","9129163","9129473","41","11333604"
"JH378136","20469575","20469868","chr12","10064948","10065242","28","10404627"
"JH378136","20484191","20484516","chr19","15777688","15778000","49","4706503"
"JH378136","20623913","20624217","chr15","18549945","18550246","44","2073968"
"JH378136","20876828","20877109","chr12","74716502","74716795","43","53839674"
"JH378136","20906226","20906315","chr19","7758593","7758681","8","13147633"
"JH378136","20998216","20998501","chr12","76875410","76875697","31","55877194"
"JH378136","21028612","21028906","chr9","96314869","96315163","41","75286257"
"JH378136","21059102","21059399","chr12","10064948","10065242","27","10994154"
"JH378136","21093455","21093741","chr15","49165833","49166121","38","28072378"
"JH378136","21099539","21099846","chr8","120119487","120119791","42","99019948"
"JH378136","21100300","21100604","chr16","30398852","30399159","39","9298552"
"JH378136","21141667","21141970","chr5","2273487","2273788","42","18868180"
"JH378136","21149845","21150152","chr22","41691571","41691875","45","20541726"
"JH378136","21171321","21171547","chr4","53346339","53346552","35","32175018"
"JH378136","21204871","21204958","chr16","4405728","4405812","8","16799143"
"JH378136","21234687","21234986","chr20","91789557","91789859","40","70554870"
"JH378136","21245982","21246288","chr2","35933723","35934028","41","14687741"
"JH378136","21251819","21252121","chr9","15987970","15988276","39","5263849"
"JH378136","21309964","21310255","chr5","14031138","14031428","45","7278826"
"JH378137","7077781","7077896","chr6","44144914","44145033","20","37067133"
"JH378137","15204270","15204418","chr9","59130238","59130387","13","43925968"
"JH378137","13032","13139","chr1","62097932","62098038","12","62084900"
"JH378137","13721","13846","chr1","8688937","8689061","11","8675216"
"JH378137","38164","38474","chr2","58045145","58045453","32","58006981"
"JH378137","43931","44017","chr16","4405728","4405812","9","4361797"
"JH378137","49891","50189","chr12","10064948","10065242","27","10015057"
"JH378137","69952","70093","chr3","79969936","79970091","40","79899984"
"JH378137","70109","70196","chr14","82610477","82610563","10","82540368"
"JH378137","70297","70420","chr3","72385674","72385796","13","72315377"
"JH378137","97561","97867","chr16","30398852","30399159","32","30301291"
"JH378137","114316","114601","chr21","26939851","26940136","43","26825535"
"JH378137","129778","129984","chr6","17042332","17042533","38","16912554"
"JH378137","133515","133637","chr15","90834689","90834810","11","90701174"
"JH378137","134228","134321","chr3","73832741","73832841","15","73698513"
"JH378137","141671","141936","chr5","34103098","34103364","41","33961427"
"JH378137","144887","145177","chr14","79801787","79802070","39","79656900"
"JH378137","168502","168809","chr11","51624065","51624366","31","51455563"
"JH378137","186722","187025","chr11","103943753","103944060","41","103757031"
"JH378137","189264","189378","chrX","90197506","90197623","12","90008242"
"JH378137","230255","230541","chr26","17907530","17907825","34","17677275"
"JH378137","238778","238937","chr9","59130238","59130387","23","58891460"
"JH378137","239040","239171","chr24","79691236","79691360","20","79452196"
"JH378137","269718","269808","chr3","65349691","65349782","12","65079973"
"JH378137","300589","300693","chr1","39939684","39939788","9","39639095"
"JH378137","307399","307713","chr17","54691676","54691976","45","54384277"
"JH378137","320983","321119","chr12","9377407","9377541","14","9056424"
"JH378137","324053","324358","chr14","36954936","36955240","41","36630883"
"JH378137","330823","331114","chr12","10064948","10065242","31","9734125"
"JH378137","337212","337491","chr24","76614329","76614607","40","76277117"
"JH378137","338336","338630","chrY","2316241","2316538","40","1977905"
"JH378137","343919","343998","chr16","3308866","3308945","8","2964947"
"JH378137","351796","352099","chr14","41748186","41748475","40","41396390"
"JH378137","387508","387717","chr10","51256642","51256845","38","50869134"
"JH378137","398636","398754","chr4","60395666","60395783","12","59997030"
"JH378137","407721","407862","chr9","86109665","86109806","18","85701944"
"JH378137","417477","417566","chr16","4405728","4405812","11","3988251"
"JH378137","474139","474442","chr23","41915645","41915946","39","41441506"
"JH378137","481626","481727","chrX","2017984","2018087","12","1536358"
"JH378137","498548","498847","chr12","10064948","10065242","26","9566400"
"JH378137","510715","511015","chr12","10064948","10065242","25","9554233"
"JH378137","531263","531530","chr9","21465716","21465987","47","20934453"
"JH378137","534747","535064","chr2","34891557","34891863","39","34356810"
"JH378137","540766","541063","chr12","10064948","10065242","29","9524182"
"JH378137","561987","562288","chr3","75030450","75030748","32","74468463"
"JH378137","591447","591550","chrX","2017984","2018087","10","1426537"
"JH378137","592548","592643","chr22","82220107","82220203","7","81627559"
"JH378137","601639","601952","chr2","34891557","34891863","34","34289918"
"JH378137","657054","657316","chr13","21889482","21889760","52","21232428"
"JH378137","702563","702877","chr5","2273487","2273788","37","1570924"
"JH378137","702928","703217","chr26","53893407","53893704","48","53190479"
"JH378137","705256","705328","chr12","59011863","59011932","15","58306607"
"JH378137","718061","718370","chr6","16598509","16598818","33","15880448"
"JH378137","740377","740677","chr24","68895333","68895641","38","68154956"
"JH378137","752207","752505","chr25","51030152","51030441","39","50277945"
"JH378137","781757","782053","chr12","10064948","10065242","20","9283191"
"JH378137","783053","783312","chr1","87201980","87202218","116","86418927"
"JH378137","785998","786279","chr25","28852394","28852679","44","28066396"
"JH378137","787936","788012","chr13","63031813","63031889","8","62243877"
"JH378137","809325","809582","chr8","75940142","75940407","46","75130817"
"JH378137","813575","813871","chrX","23977849","23978143","33","23164274"
"JH378137","822356","822657","chr19","13269054","13269354","28","12446698"
"JH378137","834341","834416","chr13","63031813","63031889","7","62197472"
"JH378137","857960","858252","chr21","26939851","26940136","44","26081891"
"JH378137","865813","866122","chr6","16598509","16598818","30","15732696"
"JH378137","871504","871804","chr22","97470789","97471085","39","96599285"
"JH378137","889758","889872","chr20","115102100","115102215","12","114212342"
"JH378137","892402","892716","chr2","34891557","34891863","37","33999155"
"JH378137","903548","903663","chr20","115102100","115102215","9","114198552"
"JH378137","904429","904522","chr22","82220107","82220203","10","81315678"
"JH378137","907165","907472","chr2","34891557","34891863","32","33984392"
"JH378137","926273","926566","chr9","90943231","90943523","31","90016958"
"JH378137","927907","928207","chr19","22724276","22724577","36","21796369"
"JH378137","950356","950649","chr12","10064948","10065242","36","9114592"
"JH378137","960398","960615","chr13","7317370","7317589","27","6356972"
"JH378137","979391","979686","chr5","1720771","1721058","33","741380"
"JH378137","1000417","1000725","chr3","20237905","20238212","32","19237488"
"JH378137","1008421","1008717","chr12","10064948","10065242","29","9056527"
"JH378137","1016783","1016856","chr13","63031813","63031889","9","62015030"
"JH378137","1028619","1028901","chr21","47329418","47329697","40","46300799"
"JH378137","1049593","1049898","chr12","10064948","10065242","30","9015355"
"JH378137","1057277","1057353","chr13","63031813","63031889","8","61974536"
"JH378137","1069752","1070046","chr24","35076784","35077072","53","34007032"
"JH378137","1107939","1108034","chr22","82220107","82220203","6","81112168"
"JH378137","1119228","1119520","chr4","70847674","70847964","39","69728446"
"JH378137","1121271","1121573","chr5","2273487","2273788","30","1152216"
"JH378137","1148779","1148986","chr5","53706212","53706411","37","52557433"
"JH378137","1159015","1159093","chr16","3308866","3308945","8","2149851"
"JH378137","1160228","1160375","chrUn_KE147541v1","175234","175379","14","984994"
"JH378137","1166128","1166247","chr15","53595698","53595816","12","52429570"
"JH378137","1190262","1190339","chr13","63031813","63031889","7","61841551"
"JH378137","1199421","1199516","chr6","1067449","1067558","20","131972"
"JH378137","1200004","1200171","chr24","50322210","50322373","35","49122206"
"JH378137","1200965","1201045","chr5","67880800","67880883","8","66679835"
"JH378137","1204280","1204353","chr13","63031813","63031889","10","61827533"
"JH378137","1217745","1218031","chr24","68542345","68542633","41","67324600"
"JH378137","1228150","1228442","chr12","10064948","10065242","35","8836798"
"JH378137","1229271","1229346","chr13","63031813","63031889","6","61802542"
"JH378137","1243601","1243680","chr5","67880800","67880883","7","66637199"
"JH378137","1245022","1245242","chr25","59449721","59449941","31","58204699"
"JH378137","1258820","1258895","chr13","63031813","63031889","7","61772993"
"JH378137","1266297","1266612","chr14","83371933","83372231","37","82105636"
"JH378137","1266880","1267172","chr6","38437831","38438120","35","37170951"
"JH378137","1290905","1291189","chr4","68750844","68751128","34","67459939"
"JH378137","1291443","1291581","chr6","7501396","7501533","13","6209953"
"JH378137","1301344","1301643","chrX","23977849","23978143","39","22676505"
"JH378137","1312264","1312545","chr5","43051685","43051979","51","41739421"
"JH378137","1313261","1313542","chr22","81089949","81090219","39","79776688"
"JH378137","1314399","1314692","chr5","26310765","26311061","28","24996366"
"JH378137","1323678","1323936","chr18","29841800","29842059","38","28518122"
"JH378137","1332001","1332306","chr12","47850967","47851262","42","46518966"
"JH378137","1332747","1333058","chr26","38024857","38025165","28","36692110"
"JH378137","1384394","1384703","chr17","35258575","35258878","34","33874181"
"JH378137","1396346","1396644","chr11","25842009","25842308","42","24445663"
"JH378137","1411266","1411475","chr17","58619356","58619558","29","57208090"
"JH378137","1443990","1444278","chr6","38437831","38438120","41","36993841"
"JH378137","1507572","1507852","chr26","17238407","17238687","34","15730835"
"JH378137","1515603","1515904","chr20","89561089","89561394","43","88045486"
"JH378137","1522515","1522619","chr1","39939684","39939788","9","38417169"
"JH378137","1526916","1527216","chr11","1072049","1072341","42","454867"
"JH378137","1534297","1534446","chr3","90669571","90669712","15","89135274"
"JH378137","1551589","1551677","chr19","7758593","7758681","9","6207004"
"JH378137","1564755","1564984","chr7","97152314","97152538","27","95587559"
"JH378137","1578757","1579054","chr12","10064948","10065242","26","8486191"
"JH378137","1621967","1622255","chr14","37615851","37616147","32","35993884"
"JH378137","1667134","1667452","chr24","59131299","59131612","56","57464165"
"JH378137","1675031","1675152","chr15","90834689","90834810","9","89159658"
"JH378137","1719531","1719833","chr5","2273487","2273788","33","553956"
"JH378137","1735398","1735488","chr3","65349691","65349782","12","63614293"
"JH378137","1770550","1770813","chr7","23983546","23983813","45","22212996"
"JH378137","1890310","1890617","chr24","58517000","58517299","40","56626690"
"JH378137","1903959","1904247","chr18","66189352","66189642","35","64285393"
"JH378137","1912554","1912722","chr1","105262714","105262876","22","103350160"
"JH378137","1913989","1914096","chr13","78340679","78340782","19","76426690"
"JH378137","1917798","1918079","chr6","40582273","40582553","32","38664475"
"JH378137","1976620","1976929","chr5","2273487","2273788","44","296867"
"JH378137","1980389","1980692","chr6","29168940","29169240","43","27188551"
"JH378137","1990004","1990285","chr10","37233627","37233913","45","35243623"
"JH378137","1999405","1999718","chr12","10064948","10065242","45","8065543"
"JH378137","2006019","2006308","chr13","65577132","65577425","44","63571113"
"JH378137","2018648","2018754","chr6","1067449","1067558","11","951199"
"JH378137","2019186","2019282","chr22","82220107","82220203","7","80200921"
"JH378137","2025019","2025284","chr10","93256104","93256376","36","91231085"
"JH378137","2028082","2028334","chr9","92500633","92500888","48","90472551"
"JH378137","2030872","2030970","chr22","82220107","82220203","8","80189235"
"JH378137","2050963","2051233","chr9","41148065","41148333","47","39097102"
"JH378137","2077061","2077211","chr28","12439026","12439174","20","10361965"
"JH378137","2089868","2090171","chr17","35258575","35258878","37","33168707"
"JH378137","2100379","2100499","chr15","90834689","90834810","12","88734310"
"JH378137","2101778","2101865","chr5","67880800","67880883","9","65779022"
"JH378137","2103459","2103745","chr6","32068883","32069174","35","29965424"
"JH378137","2114135","2114225","chr3","65349691","65349782","11","63235556"
"JH378137","2154798","2155108","chr1","65504304","65504612","34","63349506"
"JH378137","2162673","2162795","chr11","74863209","74863330","10","72700536"
"JH378137","2170845","2170942","chr22","82220107","82220203","11","80049262"
"JH378137","2176280","2176594","chr3","20237905","20238212","38","18061625"
"JH378137","2179707","2179846","chr6","7501396","7501533","13","5321689"
"JH378137","2225590","2225679","chr15","39050206","39050292","13","36824616"
"JH378137","2227467","2227517","chr16","62220310","62220357","11","59992843"
"JH378137","2231531","2231836","chrX","43625657","43625958","40","41394126"
"JH378137","2236241","2236541","chr10","55224096","55224386","47","52987855"
"JH378137","2271283","2271596","chr16","31332134","31332443","42","29060851"
"JH378137","2279470","2279779","chr12","6781553","6781865","90","4502083"
"JH378137","2304338","2304431","chr22","82220107","82220203","8","79915769"
"JH378137","2311437","2311741","chr5","2273487","2273788","29","37950"
"JH378137","2349759","2350033","chr21","71680175","71680449","31","69330416"
"JH378137","2360666","2360984","chr1","65504304","65504612","35","63143638"
"JH378137","2365253","2365335","chr5","67880800","67880883","7","65515547"
"JH378137","2377210","2377314","chr1","39939684","39939788","11","37562474"
"JH378137","2382702","2382787","chr16","4405728","4405812","11","2023026"
"JH378137","2388570","2388868","chr12","31307598","31307893","38","28919028"
"JH378137","2396846","2396928","chr5","67880800","67880883","7","65483954"
"JH378137","2402850","2402940","chr20","8489737","8489826","11","6086887"
"JH378137","2419775","2420085","chr1","2872653","2872961","37","452878"
"JH378137","2432916","2433006","chr3","65349691","65349782","11","62916775"
"JH378137","2443927","2444282","chr16","49746808","49747169","84","47302881"
"JH378137","2482506","2482774","chr21","125118620","125118898","35","122636114"
"JH378137","2484383","2484529","chrUn_KE147649v1","9029","9176","13","2475354"
"JH378137","2491431","2491729","chr25","80435906","80436206","31","77944475"
"JH378137","2494302","2494447","chr18","16202755","16202921","40","13708453"
"JH378137","2500215","2500527","chr16","33182065","33182368","43","30681850"
"JH378137","2502870","2503171","chrX","23977849","23978143","36","21474979"
"JH378137","2525180","2525432","chr7","115937344","115937598","37","113412164"
"JH378137","2538391","2538699","chr22","18232920","18233227","34","15694529"
"JH378137","2540635","2540933","chr12","10064948","10065242","37","7524313"
"JH378137","2545911","2546216","chr14","79729598","79729899","28","77183687"
"JH378137","2566385","2566467","chr5","67880800","67880883","7","65314415"
"JH378137","2566936","2567014","chr13","63031813","63031889","9","60464877"
"JH378137","2582518","2582828","chr1","65504304","65504612","34","62921786"
"JH378137","2589330","2589432","chrX","2017984","2018087","10","571346"
"JH378137","2593732","2593815","chr5","67880800","67880883","9","65287068"
"JH378137","2610452","2610537","chr16","4405728","4405812","8","1795276"
"JH378137","2615042","2615136","chr22","82220107","82220203","8","79605065"
"JH378137","2624511","2624658","chr3","90669571","90669712","17","88045060"
"JH378137","2635039","2635133","chr22","82220107","82220203","10","79585068"
"JH378137","2636062","2636179","chr24","69174832","69174953","21","66538770"
"JH378137","2652505","2652619","chr20","115102100","115102215","11","112449595"
"JH378137","2654232","2654524","chr13","36927522","36927813","42","34273290"
"JH378137","2655144","2655446","chr26","18927734","18928036","29","16272590"
"JH378137","2659572","2659870","chr20","122789292","122789589","49","120129720"
"JH378137","2666297","2666426","chr20","67637645","67637774","11","64971348"
"JH378137","2670638","2670923","chr7","92252710","92252998","38","89582072"
"JH378137","2672065","2672263","chr9","20865524","20865726","35","18193459"
"JH378137","2673357","2673551","chrX","69874323","69874503","40","67200966"
"JH378137","2682624","2682726","chrX","2017984","2018087","12","664640"
"JH378137","2683290","2683421","chr10","112254623","112254751","27","109571333"
"JH378137","2687534","2687621","chr16","4405728","4405812","8","1718194"
"JH378137","2701466","2701584","chr20","130032284","130032408","24","127330818"
"JH378137","2708113","2708237","chr24","48537275","48537387","23","45829162"
"JH378137","2715575","2715855","chr7","69055132","69055414","49","66339557"
"JH378137","2726747","2726894","chr17","47733511","47733658","17","45006764"
"JH378137","2758908","2759215","chr18","57485957","57486260","44","54727049"
"JH378137","2781631","2781684","chr1","105453517","105453571","9","102671886"
"JH378137","2785710","2786001","chr12","90211509","90211799","46","87425799"
"JH378137","2816663","2816960","chr25","51030152","51030441","45","48213489"
"JH378137","2858596","2858893","chr16","3121962","3122256","36","263366"
"JH378137","2859930","2860243","chr11","51930789","51931091","41","49070859"
"JH378137","2911951","2912245","chr4","65823519","65823812","39","62911568"
"JH378137","2948550","2948857","chrX","28194989","28195297","42","25246439"
"JH378137","2980031","2980330","chr2","22390377","22390668","39","19410346"
"JH378137","2982921","2983212","chr1","108565860","108566161","53","105582939"
"JH378137","3028659","3028950","chr2","57111387","57111678","39","54082728"
"JH378137","3029664","3029963","chr5","4021909","4022200","43","992245"
"JH378137","3125211","3125351","chr3","90669571","90669712","13","87544360"
"JH378137","3141615","3141903","chr25","61615818","61616106","28","58474203"
"JH378137","3142483","3142784","chr14","37615851","37616147","39","34473368"
"JH378137","3158530","3158846","chr9","97753996","97754304","41","94595466"
"JH378137","3165677","3165766","chr19","7758593","7758681","11","4592916"
"JH378137","3166096","3166225","chr11","12192986","12193111","28","9026890"
"JH378137","3175009","3175318","chr18","67218974","67219278","46","64043965"
"JH378137","3192955","3193248","chr16","17016732","17017024","25","13823777"
"JH378137","3204105","3204391","chr24","27023895","27024155","54","23819790"
"JH378137","3208280","3208565","chr22","9600661","9600931","37","6392381"
"JH378137","3232413","3232698","chr22","1439839","1440125","33","1792574"
"JH378137","3235189","3235470","chr16","53397850","53398143","39","50162661"
"JH378137","3276889","3277173","chrX","104601258","104601549","42","101324369"
"JH378137","3312665","3312836","chr14","79057796","79057969","36","75745131"
"JH378137","3320564","3320870","chr16","42682538","42682844","31","39361974"
"JH378137","3377154","3377357","chr17","58619356","58619558","24","55242202"
"JH378137","3384365","3384659","chr16","33925418","33925712","32","30541053"
"JH378137","3452483","3452779","chr5","58245349","58245645","37","54792866"
"JH378137","3480166","3480461","chrX","23977849","23978143","29","20497683"
"JH378137","3499597","3499894","chr2","57283040","57283331","43","53783443"
"JH378137","3516142","3516454","chr8","119841238","119841547","42","116325096"
"JH378137","3535995","3536297","chr15","86758708","86759003","53","83222713"
"JH378137","3553193","3553485","chrX","95460911","95461200","38","91907718"
"JH378137","3580640","3580919","chr20","18848288","18848574","44","15267648"
"JH378137","3629327","3629617","chr16","30637924","30638212","34","27008597"
"JH378137","3663234","3663343","chr2","23010920","23011031","8","19347686"
"JH378137","3674074","3674362","chr14","104155259","104155553","43","100481185"
"JH378137","3690132","3690435","chr12","10064948","10065242","28","6374816"
"JH378137","3736512","3736807","chr2","59461683","59461977","40","55725171"
"JH378137","3758269","3758568","chr9","90471365","90471661","27","86713096"
"JH378137","3767772","3767890","chr29","5133677","5133795","12","1365905"
"JH378137","3784524","3784613","chr19","7758593","7758681","9","3974069"
"JH378137","3791651","3791940","chr10","8909912","8910203","36","5118261"
"JH378137","3825509","3825802","chr21","17715508","17715805","45","13889999"
"JH378137","3826361","3826670","chr11","51624065","51624366","39","47797704"
"JH378137","3832522","3832827","chr20","46933799","46934103","27","43101277"
"JH378137","3838511","3838586","chr13","63031813","63031889","5","59193302"
"JH378137","3841006","3841079","chr13","63031813","63031889","9","59190807"
"JH378137","3851437","3851527","chr12","7441397","7441481","11","3589960"
"JH378137","3868235","3868506","chr20","116428512","116428772","52","112560277"
"JH378137","3874972","3875280","chr5","2273487","2273788","29","1601485"
"JH378137","3884130","3884385","chr8","16250981","16251236","43","12366851"
"JH378137","3895127","3895419","chr12","10064948","10065242","33","6169821"
"JH378137","3898090","3898376","chr29","3912227","3912519","46","14137"
"JH378137","3902285","3902590","chr11","114846906","114847210","33","110944621"
"JH378137","3907564","3907805","chr5","74183714","74183949","30","70276150"
"JH378137","3912752","3913018","chr21","33287053","33287331","43","29374301"
"JH378137","3921732","3921816","chr16","4405728","4405812","10","483996"
"JH378137","3922184","3922450","chr7","31273733","31273999","52","27351549"
"JH378137","3946937","3947085","chr9","59130238","59130387","13","55183301"
"JH378137","4002359","4002678","chr11","20333718","20334026","123","16331359"
"JH378137","4053456","4053767","chr6","28329740","28330046","38","24276284"
"JH378137","4056361","4056503","chr23","56978905","56979044","14","52922544"
"JH378137","4059174","4059376","chr13","12227176","12227375","29","8168002"
"JH378137","4062673","4062745","chr13","63031813","63031889","12","58969140"
"JH378137","4064584","4064713","chr16","4500752","4500881","13","436168"
"JH378137","4068398","4068720","chr29","8289755","8290055","54","4221357"
"JH378137","4071463","4071553","chr3","65349691","65349782","11","61278228"
"JH378137","4075742","4075881","chrUn_KE147805v1","5232","5375","24","4070510"
"JH378137","4080084","4080278","chr2","41986599","41986802","36","37906515"
"JH378137","4132980","4133174","chr1","93948793","93948984","32","89815813"
"JH378137","4143443","4143750","chr5","2273487","2273788","31","1869956"
"JH378137","4180304","4180601","chr21","73606785","73607080","38","69426481"
"JH378137","4182520","4182797","chr11","19611133","19611417","38","15428613"
"JH378137","4188973","4189117","chr22","87450041","87450185","13","83261068"
"JH378137","4210958","4211240","chr20","129689528","129689818","44","125478570"
"JH378137","4212735","4212807","chr13","63031813","63031889","7","58819078"
"JH378137","4219144","4219280","chr26","6591504","6591639","11","2372360"
"JH378137","4219565","4219757","chr6","8749758","8749947","21","4530193"
"JH378137","4233326","4233517","chr19","5662814","5663015","31","1429488"
"JH378137","4236490","4236790","chr10","2350876","2351174","42","1885614"
"JH378137","4238476","4238688","chr15","82175072","82175282","25","77936596"
"JH378137","4263875","4263973","chr22","82220107","82220203","7","77956232"
"JH378137","4266842","4267148","chr5","2273487","2273788","32","1993355"
"JH378137","4274818","4274895","chr13","63031813","63031889","8","58756995"
"JH378137","4280289","4280584","chr9","92415292","92415589","39","88135003"
"JH378137","4283857","4284167","chr9","56811131","56811438","45","52527274"
"JH378137","4314722","4314800","chr13","63031813","63031889","12","58717091"
"JH378137","4317078","4317172","chr22","82220107","82220203","7","77903029"
"JH378137","4319028","4319272","chr16","69318389","69318626","30","64999361"
"JH378137","4323598","4323900","chr27","25041069","25041364","43","20717471"
"JH378137","4324460","4324755","chr20","67956614","67956912","35","63632154"
"JH378137","4329332","4329637","chrX","114744806","114745112","37","110415474"
"JH378137","4329810","4329917","chr1","39939684","39939788","11","35609874"
"JH378137","4337040","4337344","chr5","2273487","2273788","32","2063553"
"JH378137","4348546","4348850","chr24","47719727","47720023","40","43371181"
"JH378137","4359367","4359455","chr15","52389686","52389774","19","48030319"
"JH378137","4359983","4360109","chr8","32660078","32660203","18","28300095"
"JH378137","4362888","4363178","chr29","21052770","21053060","36","16689882"
"JH378137","4374827","4375125","chr19","23450270","23450562","40","19075443"
"JH378137","4384000","4384250","chr29","12411847","12412100","26","8027847"
"JH378137","4384489","4384565","chr13","63031813","63031889","5","58647324"
"JH378137","4388455","4388597","chr23","56978905","56979044","13","52590450"
"JH378137","4396423","4396704","chr21","35798011","35798296","30","31401588"
"JH378137","4420128","4420381","chr22","88832832","88833087","31","84412704"
"JH378137","4494224","4494343","chr21","41830697","41830813","21","37336473"
"JH378137","4495773","4496073","chr12","10064948","10065242","34","5569175"
"JH378137","4501341","4501635","chr13","65577132","65577425","40","61075791"
"JH378137","4525656","4525937","chr10","117336899","117337182","40","112811243"
"JH378137","4571892","4572186","chr21","32338307","32338599","42","27766415"
"JH378137","4583757","4583906","chr9","59130238","59130387","16","54546481"
"JH378137","4588468","4588765","chr27","46198966","46199264","36","41610498"
"JH378137","4591603","4591917","chr18","44879897","44880198","48","40288294"
"JH378137","4592286","4592580","chr9","71188923","71189219","38","66596637"
"JH378137","4596017","4596322","chr22","73263557","73263857","47","68667540"
"JH378137","4597746","4597836","chr3","65349691","65349782","9","60751945"
"JH378137","4599014","4599245","chr10","114621703","114621933","35","110022689"
"JH378137","4602057","4602214","chr19","28685874","28686028","20","24083817"
"JH378137","4602329","4602431","chrX","2017984","2018087","8","2584345"
"JH378137","4623189","4623474","chr21","112319488","112319774","46","107696299"
"JH378137","4633539","4633688","chrX","128768607","128768755","18","124135068"
"JH378137","4645076","4645211","chr6","47004484","47004619","13","42359408"
"JH378137","4654048","4654358","chr24","52295142","52295442","45","47641094"
"JH378137","4667698","4668003","chr11","120207458","120207761","35","115539760"
"JH378137","4670673","4670968","chr12","10064948","10065242","24","5394275"
"JH378137","4675866","4676153","chrX","95460911","95461200","36","90785045"
"JH378137","4712344","4712448","chr1","39939684","39939788","10","35227340"
"JH378137","4721620","4721890","chr15","62701146","62701410","44","57979526"
"JH378137","4726338","4726617","chr9","94521914","94522196","34","89795576"
"JH378137","4776051","4776316","chr21","56602482","56602744","40","51826431"
"JH378137","4793438","4793737","chr12","10064948","10065242","32","5271510"
"JH378137","4805259","4805569","chr14","3058807","3059104","40","1746452"
"JH378137","4806871","4807158","chr19","7193786","7194075","39","2386915"
"JH378137","4810914","4811224","chr5","2273487","2273788","32","2537427"
"JH378137","4819296","4819412","chrX","89286738","89286848","20","84467442"
"JH378137","4826304","4826387","chr16","4405728","4405812","6","420576"
"JH378137","4841553","4841869","chr1","2872653","2872961","38","1968900"
"JH378137","4856718","4856799","chr5","67880800","67880883","9","63024082"
"JH378137","4879545","4879848","chr11","120207458","120207761","29","115327913"
"JH378137","4881392","4881681","chr14","58657898","58658189","39","53776506"
"JH378137","4888807","4888932","chr6","15917147","15917274","12","11028340"
"JH378137","4892421","4892510","chr3","65349691","65349782","12","60457270"
"JH378137","4893942","4894031","chr3","65349691","65349782","13","60455749"
"JH378137","4906433","4906719","chr1","103415790","103416081","37","98509357"
"JH378137","4906847","4906925","chr13","63031813","63031889","9","58124966"
"JH378137","4915279","4915409","chr1","97802296","97802426","17","92887017"
"JH378137","4938301","4938395","chr22","82220107","82220203","9","77281806"
"JH378137","4962549","4962660","chr6","1067449","1067558","15","3895100"
"JH378137","4965671","4965935","chr24","43104512","43104773","41","38138841"
"JH378137","4968497","4968763","chr11","5498838","5499114","39","530341"
"JH378137","4989067","4989416","chr24","32411214","32411567","85","27422147"
"JH378137","4995861","4996003","chr26","52182592","52182744","23","47186731"
"JH378137","4997541","4997648","chrX","25194654","25194764","10","20197113"
"JH378137","5004753","5005071","chr26","9300679","9300984","48","4295926"
"JH378137","5016050","5016363","chr25","24083435","24083731","51","19067385"
"JH378137","5016693","5017002","chr14","80074802","80075110","45","75058109"
"JH378137","5023895","5024043","chr9","59130238","59130387","14","54106343"
"JH378137","5025405","5025534","chr1","97802296","97802426","13","92776891"
"JH378137","5027734","5028030","chr15","77913325","77913616","44","72885591"
"JH378137","5034703","5035009","chr2","34891557","34891863","36","29856854"
"JH378137","5036482","5036569","chr19","7758593","7758681","10","2722111"
"JH378137","5040088","5040414","chr12","10064948","10065242","115","5024860"
"JH378137","5040598","5040882","chr22","8961945","8962233","55","3921347"
"JH378137","5054943","5055231","chrX","89448328","89448618","30","84393385"
"JH378137","5058388","5058681","chrX","23977849","23978143","39","18919461"
"JH378137","5060846","5060924","chr10","95538249","95538325","9","90477403"
"JH378137","5061977","5062271","chr12","10064948","10065242","31","5002971"
"JH378137","5064156","5064242","chr5","67880800","67880883","11","62816644"
"JH378137","5105733","5105817","chr16","4405728","4405812","5","700005"
"JH378137","5107723","5108032","chr5","47555978","47556281","35","42448255"
"JH378137","5114447","5114740","chr11","38461191","38461481","37","33346744"
"JH378137","5128503","5128810","chr3","54126135","54126437","41","48997632"
"JH378137","5146607","5146836","chr6","2372111","2372337","24","2774496"
"JH378137","5152635","5152841","chr1","121417341","121417548","34","116264706"
"JH378137","5154964","5155255","chrX","43388473","43388761","38","38233509"
"JH378137","5165724","5165836","chr6","1067449","1067558","11","4098275"
"JH378137","5181510","5181813","chr17","58080479","58080781","39","52898969"
"JH378137","5184249","5184336","chr16","4405728","4405812","7","778521"
"JH378137","5190859","5191165","chr5","2273487","2273788","34","2917372"
"JH378137","5195026","5195341","chr6","29168940","29169240","40","23973914"
"JH378137","5195562","5195665","chr1","39939684","39939788","12","34744122"
"JH378137","5196519","5196600","chr5","67880800","67880883","6","62684281"
"JH378137","5198192","5198496","chr20","104630107","104630400","43","99431915"
"JH378137","5201375","5201654","chr12","18835626","18835904","42","13634251"
"JH378137","5205941","5206037","chr22","82220107","82220203","6","77014166"
"JH378137","5207867","5208133","chrX","29924254","29924528","49","24716387"
"JH378137","5221211","5221301","chr19","7758593","7758681","9","2537382"
"JH378137","5222497","5222815","chr5","58458905","58459214","54","53236408"
"JH378137","5222831","5223124","chr5","59378793","59379083","46","54155962"
"JH378137","5228682","5228981","chr10","8909912","8910203","31","3681230"
"JH378137","5230748","5231057","chr11","115525233","115525542","45","110294485"
"JH378137","5236909","5237205","chr8","134989821","134990115","30","129752912"
"JH378137","5240337","5240640","chrX","125302543","125302844","33","120062206"
"JH378137","5246065","5246351","chr11","38461191","38461481","42","33215126"
"JH378137","5247153","5247452","chr4","89471515","89471796","50","84224362"
"JH378137","5247596","5247885","chr16","58367651","58367941","45","53120055"
"JH378137","5248374","5248448","chr28","14799270","14799340","10","9550896"
"JH378137","5249750","5249980","chr2","60289734","60289960","34","55039984"
"JH378137","5254981","5255281","chr20","46933799","46934103","44","41678818"
"JH378137","5262412","5262645","chr18","16752670","16752900","31","11490258"
"JH378137","5267856","5268159","chr25","55441921","55442218","50","50174065"
"JH378137","5278213","5278477","chr21","13379777","13380049","53","8101564"
"JH378137","5283086","5283391","chr12","74217361","74217667","32","68934275"
"JH378137","5284682","5284986","chr1","108565860","108566161","39","103281178"
"JH378137","5289688","5289910","chr10","39070013","39070233","35","33780325"
"JH378137","5293629","5293927","chr24","45239751","45240045","43","39946122"
"JH378137","5301770","5302057","chr20","41327248","41327538","34","36025478"
"JH378137","5303620","5303714","chr22","82220107","82220203","9","76916487"
"JH378137","5312721","5313008","chr29","1616258","1616545","30","3696463"
"JH378137","5313576","5313893","chr11","115525233","115525542","51","110211657"
"JH378137","5314372","5314683","chr23","29679186","29679494","48","24364814"
"JH378137","5336567","5336854","chr26","13888046","13888328","33","8551479"
"JH378137","5346531","5346646","chr20","115102100","115102215","11","109755569"
"JH378137","5346838","5347124","chr29","10722547","10722839","39","5375709"
"JH378137","5352257","5352560","chr1","108565860","108566161","31","103213603"
"JH378137","5357182","5357473","chrX","95460911","95461200","46","90103729"
"JH378137","5361570","5361699","chr11","106843296","106843425","13","101481726"
"JH378137","5363621","5363912","chr22","50629443","50629736","36","45265822"
"JH378137","5369289","5369585","chr13","65577132","65577425","33","60207843"
"JH378137","5374097","5374414","chr12","10064948","10065242","121","4690851"
"JH378137","5376958","5377262","chrX","23977849","23978143","40","18600891"
"JH378137","5382127","5382212","chr16","4405728","4405812","6","976399"
"JH378137","5383147","5383515","chr10","102552424","102552793","99","97169277"
"JH378137","5407336","5407620","chr23","34328669","34328947","45","28921333"
"JH378137","5423353","5423654","chr20","87404408","87404710","40","81981055"
"JH378137","5423807","5423923","chr24","54232113","54232227","19","48808306"
"JH378137","5437081","5437204","chr1","8688937","8689061","13","3251856"
"JH378137","5443903","5444195","chr5","22668022","22668311","37","17224119"
"JH378137","5447861","5448100","chr9","109040412","109040645","51","103592551"
"JH378137","5449215","5449514","chr13","65577132","65577425","41","60127917"
"JH378137","5464543","5464849","chr2","43185063","43185371","47","37720520"
"JH378137","5467194","5467468","chrX","67091222","67091500","43","61624028"
"JH378137","5480612","5480703","chr15","88970892","88970978","17","83490280"
"JH378137","5490391","5490687","chr12","10064948","10065242","23","4574557"
"JH378137","5494125","5494427","chr23","63610971","63611275","35","58116846"
"JH378137","5510446","5510698","chr5","57856103","57856358","35","52345657"
"JH378137","5518387","5518692","chr12","10064948","10065242","32","4546561"
"JH378137","5524175","5524461","chr18","58296276","58296560","41","52772101"
"JH378137","5530649","5530954","chr8","18530878","18531178","42","13000229"
"JH378137","5532681","5532963","chr4","50225644","50225922","33","44692963"
"JH378137","5541632","5541920","chr27","32667682","32667970","35","27126050"
"JH378137","5546053","5546359","chr11","103943753","103944060","42","98397700"
"JH378137","5554365","5554493","chr27","32448797","32448927","13","26894432"
"JH378137","5558497","5558616","chr29","2215379","2215495","18","3343118"
"JH378137","5559355","5559655","chr19","11766129","11766433","40","6206774"
"JH378137","5577993","5578296","chr5","2273487","2273788","36","3304506"
"JH378137","5579754","5580024","chr6","21181855","21182135","47","15602101"
"JH378137","5595145","5595453","chr11","67881702","67882011","44","62286557"
"JH378137","5638569","5638868","chr21","112047561","112047854","39","106408992"
"JH378137","5644078","5644363","chr20","108907026","108907317","43","103262948"
"JH378137","5647474","5647743","chr12","106567356","106567635","57","100919882"
"JH378137","5659182","5659317","chr26","6591504","6591639","16","932322"
"JH378137","5674227","5674525","chr21","50410494","50410784","31","44736267"
"JH378137","5701236","5701546","chrX","18278407","18278706","45","12577171"
"JH378137","5754977","5755285","chr14","97100219","97100527","33","91345242"
"JH378137","5757551","5757747","chr17","58619356","58619558","25","52861805"
"JH378137","5789598","5789897","chr29","8289755","8290055","37","2500157"
"JH378137","5894772","5895083","chr26","38024857","38025165","33","32130085"
"JH378137","5910017","5910313","chr25","81017700","81017987","36","75107683"
"JH378137","5924099","5924404","chr12","74217361","74217667","40","68293262"
"JH378137","5974495","5974572","chr13","63031813","63031889","7","57057318"
"JH378137","6092338","6092641","chr2","25122492","25122796","45","19030154"
"JH378137","6095763","6096034","chr8","119751470","119751733","48","113655707"
"JH378137","6110346","6110620","chr2","74895873","74896145","45","68785527"
"JH378137","6130175","6130465","chr29","1616258","1616545","34","4513917"
"JH378137","6195503","6195802","chr10","111637485","111637783","34","105441982"
"JH378137","6221152","6221461","chr14","22799686","22799991","38","16578534"
"JH378137","6233160","6233462","chr16","7477345","7477653","40","1244185"
"JH378137","6236060","6236353","chr1","12453278","12453560","48","6217218"
"JH378137","6315248","6315554","chr22","34146740","34147046","45","27831492"
"JH378137","6328273","6328577","chr16","64430366","64430669","31","58102093"
"JH378137","6356856","6357172","chr1","68836205","68836506","53","62479349"
"JH378137","6377252","6377373","chr15","90834689","90834810","11","84457437"
"JH378137","6380236","6380345","chr6","1067449","1067558","10","5312787"
"JH378137","6387539","6387827","chr10","55224096","55224386","32","48836557"
"JH378137","6399540","6399786","chr7","44770275","44770514","61","38370735"
"JH378137","6406034","6406332","chr4","71100937","71101237","36","64694903"
"JH378137","6410117","6410413","chr22","50629443","50629736","30","44219326"
"JH378137","6411439","6411740","chr14","83570862","83571166","43","77159423"
"JH378137","6435256","6435549","chrX","104601258","104601549","38","98166002"
"JH378137","6456511","6456822","chr6","15953108","15953417","38","9496597"
"JH378137","6473885","6473990","chr6","1067449","1067558","11","5406436"
"JH378137","6477326","6477426","chr22","82220107","82220203","12","75742781"
"JH378137","6513248","6513555","chr4","35949810","35950115","40","29436562"
"JH378137","6514303","6514576","chr20","93260402","93260679","35","86746099"
"JH378137","6598646","6598756","chr25","78291219","78291335","14","71692573"
"JH378137","6636324","6636629","chr12","10064948","10065242","33","3428624"
"JH378137","6643841","6644162","chrX","125978862","125979170","53","119335021"
"JH378137","6733665","6733789","chr11","104248796","104248920","18","97515131"
"JH378137","6763717","6764026","chr5","36774379","36774687","38","30010662"
"JH378137","6765880","6766185","chr2","20242750","20243052","34","13476870"
"JH378137","6786018","6786289","chr26","43280688","43280967","41","36494670"
"JH378137","6806134","6806282","chr24","12006231","12006380","16","5200097"
"JH378137","6810178","6810266","chr20","8489737","8489826","11","1679559"
"JH378137","6811156","6811217","chr7","23187767","23187823","14","16376611"
"JH378137","6889137","6889322","chrX","69874323","69874503","39","62985186"
"JH378137","6944842","6944982","chr6","7501396","7501533","14","556554"
"JH378137","6949605","6949898","chr6","38437831","38438120","33","31488226"
"JH378137","6962691","6962968","chr6","35075185","35075478","56","28112494"
"JH378137","6975382","6975610","chr20","92882451","92882681","29","85907069"
"JH378137","7000002","7000098","chr22","82220107","82220203","7","75220105"
"JH378137","7009482","7009789","chr29","8278863","8279172","37","1269381"
"JH378137","7013413","7013544","chr21","97498658","97498788","25","90485245"
"JH378137","7015251","7015382","chr23","82201349","82201479","9","75186098"
"JH378137","7047562","7047678","chr4","60395666","60395783","11","53348104"
"JH378137","7057899","7057994","chr22","82220107","82220203","6","75162208"
"JH378137","7085466","7085776","chr9","15987970","15988276","32","8902504"
"JH378137","7086998","7087302","chr9","13973543","13973840","41","6886545"
"JH378137","7088477","7088551","chr13","63031813","63031889","8","55943336"
"JH378137","7111791","7112083","chr23","73077881","73078169","25","65966090"
"JH378137","7116666","7116961","chr12","10064948","10065242","24","2948282"
"JH378137","7116968","7117262","chr8","95885898","95886192","32","88768930"
"JH378137","7119265","7119355","chr3","65349691","65349782","11","58230426"
"JH378137","7138719","7139020","chr7","111160999","111161297","43","104022280"
"JH378137","7142217","7142505","chr22","72744530","72744821","34","65602313"
"JH378137","7162896","7163157","chr25","82379602","82379865","35","75216706"
"JH378137","7163660","7163925","chr9","114015180","114015455","35","106851520"
"JH378137","7172520","7172627","chr6","5216779","5216886","10","1955741"
"JH378137","7189671","7189808","chr26","22510592","22510729","13","15320921"
"JH378137","7192004","7192313","chr5","2273487","2273788","31","4918517"
"JH378137","7201398","7201671","chr12","94939680","94939942","50","87738282"
"JH378137","7209773","7209986","chr25","73647297","73647508","26","66437524"
"JH378137","7218117","7218256","chr3","90669571","90669712","11","83451454"
"JH378137","7219197","7219483","chr7","86776983","86777262","51","79557786"
"JH378137","7226623","7226738","chr8","16961081","16961198","13","9734458"
"JH378137","7236152","7236438","chr2","49104477","49104770","37","41868325"
"JH378137","7239209","7239507","chr24","81526980","81527277","30","74287771"
"JH378137","7242860","7242992","chr26","50406966","50407092","22","43164106"
"JH378137","7252142","7252436","chr14","80284365","80284655","31","73032223"
"JH378137","7276893","7277204","chr23","40478839","40479148","43","33201946"
"JH378137","7280918","7281226","chr5","2273487","2273788","32","5007431"
"JH378137","7331047","7331127","chr5","67880800","67880883","6","60549753"
"JH378137","7350402","7350707","chr5","2273487","2273788","31","5076915"
"JH378137","7350856","7351141","chr5","75332537","75332800","69","67981681"
"JH378137","7408819","7409116","chr2","5119768","5120064","41","2289051"
"JH378137","7513973","7514266","chr12","10064948","10065242","29","2550975"
"JH378137","7518890","7519163","chr20","41568447","41568725","35","34049557"
"JH378137","7519303","7519604","chrX","61010412","61010706","46","53491109"
"JH378137","7537127","7537277","chr16","7486642","7486777","36","50485"
"JH378137","7542960","7543068","chr6","1067449","1067558","10","6475511"
"JH378137","7598161","7598335","chr18","16202755","16202921","30","8604594"
"JH378137","7622286","7622364","chr16","3308866","3308945","8","4313420"
"JH378137","7654867","7655114","chr14","223646","223894","35","7431221"
"JH378137","7669256","7669553","chr11","120207458","120207761","38","112538202"
"JH378137","7670156","7670211","chr6","11873615","11873662","12","4203459"
"JH378137","7671080","7671388","chr2","56217567","56217873","44","48546487"
"JH378137","7696693","7696766","chr13","63031813","63031889","7","55335120"
"JH378137","7701008","7701129","chr15","90834689","90834810","9","83133681"
"JH378137","7709101","7709409","chr16","55157456","55157764","30","47448355"
"JH378137","7714268","7714355","chr5","67880800","67880883","10","60166532"
"JH378137","7728606","7728914","chr9","104042619","104042920","35","96314013"
"JH378137","7741646","7741937","chr15","29954614","29954908","42","22212968"
"JH378137","7749654","7749949","chr10","115930719","115931016","38","108181065"
"JH378137","7760184","7760471","chr20","75127208","75127485","43","67367024"
"JH378137","7762220","7762342","chr15","90834689","90834810","11","83072469"
"JH378137","7776599","7776900","chr12","10064948","10065242","29","2288349"
"JH378137","7786123","7786201","chr13","63031813","63031889","8","55245690"
"JH378137","7793271","7793392","chr15","90834689","90834810","11","83041418"
"JH378137","7813549","7813853","chr12","10064948","10065242","26","2251399"
"JH378137","7826535","7826716","chr24","58749928","58750117","32","50923393"
"JH378137","7836643","7836919","chr7","132871410","132871687","44","125034767"
"JH378137","7863247","7863496","chr4","41989352","41989604","49","34126105"
"JH378137","7870563","7870871","chr5","36774379","36774687","35","28903816"
"JH378137","7879621","7879912","chr20","48320802","48321094","37","40441181"
"JH378137","7913499","7913792","chr12","10064948","10065242","33","2151449"
"JH378137","7915606","7915702","chr22","82220107","82220203","8","74304501"
"JH378137","7920874","7921129","chr6","38291436","38291692","29","30370562"
"JH378137","7943880","7944144","chr13","6317455","6317719","37","1626425"
"JH378137","7957624","7957921","chr24","67239754","67240052","33","59282130"
"JH378137","7963845","7964011","chr18","16359736","16359900","24","8395891"
"JH378137","7964018","7964307","chr18","72052984","72053276","36","64088966"
"JH378137","8050464","8050757","chr21","74368618","74368909","31","66318154"
"JH378137","8052785","8053080","chr11","42115371","42115662","35","34062586"
"JH378137","8054252","8054556","chr11","117931886","117932185","40","109877634"
"JH378137","8057673","8057981","chr20","114354247","114354555","36","106296574"
"JH378137","8064259","8064593","chr6","46662429","46662765","51","38598170"
"JH378137","8069121","8069215","chr22","82220107","82220203","7","74150986"
"JH378137","8071949","8072100","chr17","62368640","62368777","28","54296691"
"JH378137","8072206","8072402","chr14","80491970","80492166","28","72419764"
"JH378137","8072473","8072745","chr7","13249072","13249348","46","5176599"
"JH378137","8078841","8079118","chr4","74273029","74273305","44","66194188"
"JH378137","8091880","8092174","chr18","71629517","71629808","46","63537637"
"JH378137","8094109","8094198","chr3","65349691","65349782","11","57255582"
"JH378137","8103656","8103746","chr3","65349691","65349782","11","57246035"
"JH378137","8109579","8109869","chrX","23977849","23978143","31","15868270"
"JH378137","8118366","8118506","chr23","56978905","56979044","16","48860539"
"JH378137","8125099","8125413","chrX","86900198","86900506","39","78775099"
"JH378137","8137599","8137920","chr25","65108190","65108510","40","56970591"
"JH378137","8141819","8142126","chr7","12288332","12288635","49","4146513"
"JH378137","8145114","8145409","chr27","48308692","48308990","37","40163578"
"JH378137","8159164","8159468","chr25","78596820","78597112","49","70437656"
"JH378137","8188673","8188877","chr11","96721458","96721661","40","88532785"
"JH378137","8193780","8194061","chr8","34611170","34611447","34","26417390"
"JH378137","8217163","8217459","chr9","26807010","26807295","42","18589847"
"JH378137","8235657","8235962","chr1","68219231","68219530","45","59983574"
"JH378137","8282320","8282581","chr9","41148065","41148333","45","32865745"
"JH378137","8293006","8293295","chr8","103587931","103588224","47","95294925"
"JH378137","8310023","8310323","chr20","119900333","119900636","43","111590310"
"JH378137","8317599","8317855","chr9","31823888","31824144","28","23506289"
"JH378137","8320881","8321188","chr2","80145635","80145937","41","71824754"
"JH378137","8345680","8345978","chr20","19825871","19826167","36","11480191"
"JH378137","8360709","8360997","chr24","40999233","40999521","39","32638524"
"JH378137","8386674","8386932","chr24","27023895","27024155","38","18637221"
"JH378137","8396990","8397251","chr14","18343125","18343401","44","9946135"
"JH378137","8399025","8399255","chr9","106743255","106743488","29","98344230"
"JH378137","8435359","8435663","chr25","8525550","8525852","42","90191"
"JH378137","8506518","8506815","chr2","79690639","79690934","45","71184121"
"JH378137","8516431","8516739","chr10","126846758","126847067","37","118330327"
"JH378137","8529303","8529585","chr1","62917279","62917557","45","54387976"
"JH378137","8529637","8529943","chrX","23977849","23978143","33","15448212"
"JH378137","8540801","8541082","chr17","28716008","28716284","36","20175207"
"JH378137","8560101","8560401","chr12","10064948","10065242","37","1504847"
"JH378137","8598894","8599133","chr24","66946035","66946274","33","58347141"
"JH378137","8624111","8624414","chr11","58110010","58110310","40","49485899"
"JH378137","8651907","8652097","chr8","79261068","79261259","28","70609161"
"JH378137","8661149","8661449","chr12","10064948","10065242","26","1403799"
"JH378137","8675857","8676131","chrX","89634648","89634924","31","80958791"
"JH378137","8698421","8698708","chr7","132373500","132373784","45","123675079"
"JH378137","8698779","8699069","chr12","10064948","10065242","33","1366169"
"JH378137","8708856","8709143","chr7","39446721","39447007","41","30737865"
"JH378137","8723691","8723965","chr12","6781553","6781865","128","1942138"
"JH378137","8742489","8742785","chr15","29954614","29954908","32","21212125"
"JH378137","8759449","8759744","chr17","56227541","56227836","31","47468092"
"JH378137","8760361","8760659","chr20","13069925","13070223","46","4309564"
"JH378137","8767624","8767916","chr2","46194865","46195158","32","37427241"
"JH378137","8771393","8771691","chr22","16005168","16005472","44","7233775"
"JH378137","8776785","8777073","chrX","95460911","95461200","36","86684126"
"JH378137","8795287","8795584","chr11","64732415","64732714","44","55937128"
"JH378137","8804449","8804706","chr9","104139191","104139453","49","95334742"
"JH378137","8811766","8812033","chr1","108265208","108265479","47","99453442"
"JH378137","8826962","8827267","chr7","37159294","37159601","41","28332332"
"JH378137","8846369","8846663","chr24","55780880","55781180","42","46934511"
"JH378137","8859032","8859335","chr3","72036282","72036585","37","63177250"
"JH378137","8865194","8865493","chrX","84956070","84956370","42","76090876"
"JH378137","8908440","8908746","chr17","55932609","55932918","43","47024169"
"JH378137","8928582","8928888","chr3","10937420","10937729","39","2008838"
"JH378137","8935186","8935461","chr6","45847068","45847349","38","36911882"
"JH378137","8937595","8937893","chr6","32638803","32639103","44","23701208"
"JH378137","8951079","8951391","chr3","20237905","20238212","49","11286826"
"JH378137","8959185","8959469","chrX","104601258","104601549","37","95642073"
"JH378137","8983984","8984147","chr7","128354173","128354335","22","119370189"
"JH378137","8984388","8984669","chr3","82509225","82509507","35","73524837"
"JH378137","8990826","8991134","chr6","15953108","15953417","33","6962282"
"JH378137","8992995","8993148","chr1","116153598","116153752","21","107160603"
"JH378137","8993606","8993919","chr28","4550302","4550608","41","4443304"
"JH378137","8993930","8994195","chrX","105703916","105704192","49","96709986"
"JH378137","9028158","9028458","chr2","83924911","83925209","36","74896753"
"JH378137","9035117","9035399","chr16","23303402","23303677","38","14268285"
"JH378137","9039465","9039740","chr11","115791062","115791345","46","106751597"
"JH378137","9078311","9078620","chr25","25444419","25444727","37","16366108"
"JH378137","9105090","9105386","chr22","18084841","18085135","39","8979751"
"JH378137","9107004","9107305","chr16","7573905","7574201","36","1533099"
"JH378137","9128387","9128682","chr24","47719727","47720023","43","38591340"
"JH378137","9144117","9144405","chr14","30393522","30393820","57","21249405"
"JH378137","9156658","9156880","chr11","15488800","15489016","33","6332142"
"JH378137","9170484","9170775","chr14","83371933","83372231","44","74201449"
"JH378137","9191834","9192139","chr16","33182065","33182368","34","23990231"
"JH378137","9193959","9194203","chr15","88815486","88815733","32","79621527"
"JH378137","9217701","9217992","chr12","10064948","10065242","40","847247"
"JH378137","9246824","9247128","chr13","65577132","65577425","40","56330308"
"JH378137","9289220","9289524","chr23","80808335","80808640","41","71519115"
"JH378137","9316058","9316358","chr12","10064948","10065242","34","748890"
"JH378137","9379598","9379885","chr5","22668022","22668311","37","13288424"
"JH378137","9409370","9409663","chr20","93545480","93545771","39","84136110"
"JH378137","9482365","9482665","chr20","90435109","90435405","41","80952744"
"JH378137","9484857","9485129","chr9","118540216","118540488","38","109055359"
"JH378137","9499128","9499411","chr10","3789859","3790139","43","5709269"
"JH378137","9515496","9515808","chr17","64670150","64670452","44","55154654"
"JH378137","9535272","9535573","chr9","95969759","95970062","35","86434487"
"JH378137","9536255","9536552","chr7","19605160","19605458","35","10068905"
"JH378137","9543491","9543738","chrX","109934724","109934968","37","100391233"
"JH378137","9544630","9544929","chr23","41434219","41434517","39","31889589"
"JH378137","9570713","9570995","chr12","73051910","73052195","38","63481197"
"JH378137","9577404","9577698","chr6","40957719","40958012","32","31380315"
"JH378137","9589155","9589404","chr16","61676884","61677139","39","52087729"
"JH378137","9615446","9615750","chr16","34474642","34474941","38","24859196"
"JH378137","9651462","9651763","chr2","42763208","42763513","36","33111746"
"JH378137","9664679","9664962","chr15","42041636","42041931","36","32376957"
"JH378137","9677390","9677697","chr5","13154183","13154488","38","3476793"
"JH378137","9681830","9682130","chr5","33074148","33074451","36","23392318"
"JH378137","9684384","9684678","chr12","10064948","10065242","32","380564"
"JH378137","9685256","9685564","chrX","9162903","9163205","43","522353"
"JH378137","9716830","9717126","chr13","65577132","65577425","32","55860302"
"JH378137","9717812","9717965","chr14","75641833","75641993","31","65924021"
"JH378137","9718966","9719113","chr10","2023320","2023469","20","7695646"
"JH378137","9726951","9727261","chr24","42333680","42334000","44","32606729"
"JH378137","9734130","9734429","chr1","68219231","68219530","37","58485101"
"JH378137","9737286","9737584","chr7","131303574","131303874","39","121566288"
"JH378137","9753863","9754150","chr20","121618255","121618545","33","111864392"
"JH378137","9775949","9776248","chr1","68219231","68219530","35","58443282"
"JH378137","9776580","9776893","chr24","42191698","42192006","40","32415118"
"JH378137","9783816","9783925","chr4","33533383","33533496","19","23749567"
"JH378137","9869784","9870086","chr1","29171696","29172000","41","19301912"
"JH378137","9891280","9891571","chrX","43388473","43388761","44","33497193"
"JH378137","9891629","9891923","chr12","10064948","10065242","32","173319"
"JH378137","9911305","9911617","chr3","72036282","72036585","48","62124977"
"JH378137","9933719","9934028","chr21","71527099","71527405","46","61593380"
"JH378137","9949894","9950211","chr11","45676466","45676769","63","35726572"
"JH378137","9960944","9961158","chr25","73647297","73647508","35","63686353"
"JH378137","9961929","9962233","chr4","73035785","73036085","39","63073856"
"JH378137","9964532","9964636","chr1","39939684","39939788","9","29975152"
"JH378137","9965130","9965396","chr16","72486887","72487156","36","62521757"
"JH378137","9978947","9979238","chr10","93544662","93544960","41","83565715"
"JH378137","9998760","9999070","chr1","74366988","74367298","37","64368228"
"JH378137","10007613","10007908","chr17","1525834","1526130","34","8481779"
"JH378137","10013779","10014063","chr12","87620481","87620757","44","77606702"
"JH378137","10015671","10015962","chr6","38437831","38438120","30","28422160"
"JH378137","10022198","10022449","chr9","105209327","105209574","36","95187129"
"JH378137","10023854","10024143","chr22","5992512","5992803","35","4031342"
"JH378137","10062744","10063027","chr10","8909912","8910203","45","1152832"
"JH378137","10063696","10063813","chr23","59230583","59230701","19","49166887"
"JH378137","10067682","10067966","chrX","449812","450099","36","9617870"
"JH378137","10069216","10069406","chr16","9387055","9387231","36","682161"
"JH378137","10073803","10074100","chr16","53213011","53213300","47","43139208"
"JH378137","10080955","10081266","chr9","85212493","85212795","40","75131538"
"JH378137","10101898","10102208","chr26","51816415","51816717","39","41714517"
"JH378137","10114366","10114674","chrX","22643602","22643906","43","12529236"
"JH378137","10124253","10124353","chr22","82220107","82220203","10","72095854"
"JH378137","10129281","10129373","chr22","82220107","82220203","10","72090826"
"JH378137","10160041","10160331","chr1","118425127","118425408","39","108265086"
"JH378137","10161180","10161249","chr12","26667601","26667675","13","16506421"
"JH378137","10162269","10162590","chr8","66644262","66644564","51","56481993"
"JH378137","10179661","10179956","chr20","123474454","123474752","51","113294793"
"JH378137","10181280","10181577","chr24","45239751","45240045","34","35058471"
"JH378137","10265829","10266110","chr12","46601681","46601971","50","36335852"
"JH378137","10296152","10296443","chr12","10064948","10065242","29","231204"
"JH378137","10306765","10306909","chr9","38192622","38192768","18","27885857"
"JH378137","10321976","10322210","chr13","65129209","65129444","39","54807233"
"JH378137","10341648","10341949","chr22","47793370","47793666","41","37451722"
"JH378137","10489543","10489837","chr20","104630107","104630400","44","94140564"
"JH378137","10494658","10494937","chr17","35599475","35599755","45","25104817"
"JH378137","10648614","10648929","chr1","65504304","65504612","41","54855690"
"JH378137","10654914","10654990","chr13","63031813","63031889","8","52376899"
"JH378137","10655091","10655344","chr22","58083115","58083361","34","47428024"
"JH378137","10658661","10658974","chr17","34874559","34874869","50","24215898"
"JH378137","10660313","10660612","chr20","91459342","91459640","40","80799029"
"JH378137","10677954","10678261","chr20","2886301","2886610","37","7791653"
"JH378137","10739425","10739733","chr13","84743392","84743699","35","74003967"
"JH378137","10751283","10751588","chr9","56718610","56718906","47","45967327"
"JH378137","10836854","10837154","chr12","10064948","10065242","26","771906"
"JH378137","10875382","10875674","chr1","103415790","103416081","39","92540408"
"JH378137","10877737","10878052","chr2","34891557","34891863","37","24013820"
"JH378137","10952263","10952547","chr20","24783089","24783379","41","13830826"
"JH378137","10964521","10964800","chr9","96303742","96304026","46","85339221"
"JH378137","10968134","10968363","chr1","114051139","114051372","37","103083005"
"JH378137","11017558","11017852","chrX","23977849","23978143","30","12960291"
"JH378137","11071904","11072216","chr12","40352484","40352792","37","29280580"
"JH378137","11074478","11074559","chr5","67880800","67880883","8","56806322"
"JH378137","11077140","11077443","chr16","64029560","64029863","38","52952420"
"JH378137","11091543","11091851","chr17","57027941","57028250","33","45936398"
"JH378137","11093786","11093911","chr5","69339382","69339505","25","58245596"
"JH378137","11108744","11109049","chr4","62856772","62857072","33","51748028"
"JH378137","11148156","11148439","chr1","10803268","10803561","44","344888"
"JH378137","11152772","11152889","chr15","11001156","11001268","19","151616"
"JH378137","11177374","11177661","chr20","96210594","96210893","42","85033220"
"JH378137","11189312","11189599","chr6","48913632","48913921","30","37724320"
"JH378137","11214221","11214521","chr14","83371933","83372231","34","72157712"
"JH378137","11214860","11215174","chr20","85624325","85624630","39","74409465"
"JH378137","11253167","11253461","chr1","68219231","68219530","41","56966064"
"JH378137","11254174","11254300","chr16","23492506","23492631","16","12238332"
"JH378137","11271669","11271782","chr22","52501284","52501397","28","41229615"
"JH378137","11294256","11294346","chr3","65349691","65349782","9","54055435"
"JH378137","11305639","11305921","chr20","51643341","51643627","35","40337702"
"JH378137","11312996","11313314","chr16","30614816","30615122","50","19301820"
"JH378137","11344806","11344888","chr5","67880800","67880883","7","56535994"
"JH378137","11349401","11349527","chr11","128198219","128198344","21","116848818"
"JH378137","11349628","11349815","chr1","14103001","14103184","26","2753373"
"JH378137","11393705","11393998","chr12","10064948","10065242","28","1328757"
"JH378137","11426102","11426409","chr5","2324242","2324550","35","9101860"
"JH378137","11452131","11452215","chr5","67880800","67880883","10","56428669"
"JH378137","11464478","11464762","chr17","37318436","37318724","47","25853958"
"JH378137","11481616","11481909","chr1","10938341","10938635","29","543275"
"JH378137","11511667","11511974","chr16","30398852","30399159","35","18887185"
"JH378137","11521283","11521362","chr9","34355765","34355844","9","22834482"
"JH378137","11527749","11528053","chr20","113550217","113550515","44","102022468"
"JH378137","11545369","11545669","chr23","39674723","39675021","34","28129354"
"JH378137","11614091","11614188","chr6","1067449","1067558","20","10546642"
"JH378137","11618774","11619066","chr2","16485138","16485431","33","4866364"
"JH378137","11627036","11627327","chr16","8171351","8171636","44","3455685"
"JH378137","11638991","11639283","chrX","23977849","23978143","47","12338858"
"JH378137","11652397","11652706","chr11","51624065","51624366","32","39971668"
"JH378137","11665636","11665940","chr5","2273487","2273788","34","9392149"
"JH378137","11665944","11666030","chr15","64591806","64591895","16","52925862"
"JH378137","11669486","11669773","chr18","56165308","56165595","32","44495822"
"JH378137","11704671","11704968","chr4","62222786","62223086","42","50518115"
"JH378137","11742747","11743057","chr11","115525233","115525542","26","103782486"
"JH378137","11743432","11743741","chr20","46933799","46934103","41","35190367"
"JH378137","11776713","11777056","chr23","68581497","68581805","71","56804784"
"JH378137","11777826","11778111","chr9","114015180","114015455","39","102237354"
"JH378137","11797711","11797901","chr2","81627274","81627462","28","69829563"
"JH378137","11811583","11811848","chr8","132556495","132556766","38","120744912"
"JH378137","11876298","11876601","chr9","31512918","31513226","35","19636620"
"JH378137","11877604","11877879","chr15","2355556","2355831","32","9522048"
"JH378137","11882557","11882841","chr22","9600661","9600931","38","2281896"
"JH378137","11948196","11948489","chr17","58920850","58921143","32","46972654"
"JH378137","11952558","11952862","chr22","16005168","16005472","36","4052610"
"JH378137","11958655","11958917","chr25","82379602","82379865","34","70420947"
"JH378137","11960003","11960287","chr4","15561633","15561931","45","3601630"
"JH378137","12014568","12014880","chr1","108565860","108566161","45","96551292"
"JH378137","12015192","12015493","chr29","8189456","8189758","47","3825736"
"JH378137","12022551","12022689","chr19","5294457","5294586","27","6728094"
"JH378137","12027586","12027830","chr14","49196743","49196984","37","37169157"
"JH378137","12046205","12046504","chr4","6072848","6073144","38","5973357"
"JH378137","12046515","12046812","chr12","10064948","10065242","31","1981567"
"JH378137","12048234","12048316","chr5","67880800","67880883","9","55832566"
"JH378137","12092596","12092907","chr24","68895333","68895641","40","56802737"
"JH378137","12105901","12106206","chr25","43964747","43965050","41","31858846"
"JH378137","12107057","12107344","chr16","30637924","30638212","35","18530867"
"JH378137","12131445","12131746","chr3","37060125","37060426","45","24928680"
"JH378137","12133789","12134005","chr15","82175072","82175282","40","70041283"
"JH378137","12174694","12175002","chr2","32176299","32176601","46","20001605"
"JH378137","12184940","12185019","chr5","67880800","67880883","9","55695860"
"JH378137","12244381","12244459","chr16","3308866","3308945","9","8935515"
"JH378137","12257558","12257827","chr11","117793063","117793332","41","105535505"
"JH378137","12260462","12260725","chr5","27332348","27332618","57","15071886"
"JH378137","12267455","12267754","chr11","42115371","42115662","33","29847916"
"JH378137","12295070","12295368","chr14","38813996","38814293","44","26518926"
"JH378137","12300300","12300397","chr28","6960504","6960603","12","5339796"
"JH378137","12305627","12305919","chr9","56910898","56911189","48","44605271"
"JH378137","12309111","12309383","chr7","112127366","112127642","49","99818255"
"JH378137","12317644","12317957","chrX","11441899","11442207","52","875745"
"JH378137","12329693","12330000","chr2","34891557","34891863","46","22561864"
"JH378137","12361843","12362149","chr29","8289755","8290055","39","4072088"
"JH378137","12395125","12395418","chr21","47329418","47329697","52","34934293"
"JH378137","12408113","12408407","chr8","44727875","44728165","42","32319762"
"JH378137","12411206","12411502","chr19","23732962","23733259","35","11321756"
"JH378137","12440914","12441208","chr17","58920850","58921143","37","46479936"
"JH378137","12447175","12447481","chrX","28194989","28195297","40","15747814"
"JH378137","12452727","12453025","chr16","53397850","53398143","32","40945123"
"JH378137","12518729","12518971","chr3","27147134","27147379","47","14628405"
"JH378137","12541363","12541669","chr13","95796588","95796890","36","83255225"
"JH378137","12606199","12606511","chr26","16008721","16009029","35","3402522"
"JH378137","12623682","12623958","chr11","5498838","5499114","33","7124844"
"JH378137","12632737","12633044","chr25","43964747","43965050","39","31332010"
"JH378137","12634853","12635154","chr14","37367888","37368194","49","24733035"
"JH378137","12654644","12654942","chr3","63727544","63727825","47","51072900"
"JH378137","12656170","12656468","chr1","18554019","18554319","30","5897849"
"JH378137","12667639","12667928","chr1","103050659","103050957","38","90383020"
"JH378137","12675722","12676012","chr14","97941700","97941982","40","85265978"
"JH378137","12700600","12700889","chr11","111209354","111209643","43","98508754"
"JH378137","12710488","12710774","chr21","66269520","66269815","42","53559032"
"JH378137","12747393","12747682","chrX","49498574","49498857","42","36751181"
"JH378137","12756008","12756316","chr17","3610805","3611105","40","9145203"
"JH378137","12759008","12759311","chr14","79801787","79802070","55","67042779"
"JH378137","12774414","12774503","chr3","65349691","65349782","12","52575277"
"JH378137","12781363","12781600","chr11","46995583","46995816","39","34214220"
"JH378137","12786499","12786809","chr8","26352201","26352513","52","13565702"
"JH378137","12795845","12796150","chr14","22799686","22799991","36","10003841"
"JH378137","12804635","12804939","chr17","50662690","50662993","38","37858055"
"JH378137","12814157","12814435","chr19","19502742","19503020","28","6688585"
"JH378137","12820104","12820234","chr1","97802296","97802426","14","84982192"
"JH378137","12832090","12832385","chr15","58837851","58838136","40","46005761"
"JH378137","12836971","12837267","chrX","29924254","29924528","60","17087283"
"JH378137","12840313","12840610","chr20_KE148049v1_random","535731","536028","34","12304582"
"JH378137","12883002","12883293","chr2","5168180","5168471","38","7714822"
"JH378137","12898873","12899172","chr1","105860959","105861258","37","92962086"
"JH378137","12909356","12909652","chr24","1184860","1185153","42","11724496"
"JH378137","12910424","12910728","chr1","9713024","9713331","41","3197400"
"JH378137","12935497","12935763","chr9","106562693","106562969","46","93627196"
"JH378137","12961689","12962006","chr2","34891557","34891863","47","21929868"
"JH378137","12969044","12969326","chr5","27332348","27332618","53","14363304"
"JH378137","12972401","12972711","chr10","3852177","3852489","50","9120224"
"JH378137","13021207","13021514","chr18","31540660","31540966","38","18519453"
"JH378137","13027384","13027474","chr3","65349691","65349782","10","52322307"
"JH378137","13080460","13080748","chr7","86776983","86777262","51","73696523"
"JH378137","13091117","13091416","chrX","23977849","23978143","31","10886732"
"JH378137","13170790","13171086","chr27","43171123","43171420","40","30000333"
"JH378137","13189963","13190269","chr20","9156415","9156716","44","4033548"
"JH378137","13224645","13224931","chr11","1072049","1072341","43","12152596"
"JH378137","13235243","13235551","chr11","64977264","64977571","41","51742021"
"JH378137","13239443","13239744","chr23","41390216","41390518","45","28150773"
"JH378137","13276155","13276460","chr27","32404584","32404881","65","19128429"
"JH378137","13282504","13282727","chr6","2372111","2372337","29","10910393"
"JH378137","13308992","13309141","chr9","38192622","38192768","18","24883630"
"JH378137","13319516","13319813","chr9","83383980","83384273","34","70064464"
"JH378137","13345397","13345704","chr8","96089866","96090170","38","82744469"
"JH378137","13385857","13386164","chr1","65504304","65504612","34","52118447"
"JH378137","13436673","13437021","chr19","22561129","22561473","70","9124456"
"JH378137","13451480","13451759","chr6","28926703","28926985","38","15475223"
"JH378137","13456485","13456778","chr12","10064948","10065242","25","3391537"
"JH378137","13461709","13461994","chr12","6781553","6781865","57","6680156"
"JH378137","13526259","13526548","chr6","13297004","13297294","41","229255"
"JH378137","13537627","13537934","chr26","38024857","38025165","33","24487230"
"JH378137","13546365","13546674","chr11","64732415","64732714","38","51186050"
"JH378137","13580226","13580481","chrX","30054554","30054815","42","16474328"
"JH378137","13587560","13587856","chr4","72954901","72955192","39","59367341"
"JH378137","13605930","13606123","chr20","114660733","114660918","31","101054803"
"JH378137","13606601","13606897","chr12","10064948","10065242","25","3541653"
"JH378137","13626934","13627241","chr6","15953108","15953417","36","2326174"
"JH378137","13667263","13667553","chr11","108113832","108114127","47","94446569"
"JH378137","13675958","13676254","chr15","18549945","18550246","35","4873987"
"JH378137","13679226","13679516","chr5","20566237","20566526","41","6887011"
"JH378137","13688008","13688308","chr20_KE148049v1_random","535731","536028","39","13152277"
"JH378137","13694976","13695194","chr23","42110057","42110277","39","28415081"
"JH378137","13702683","13702980","chr25","18828195","18828491","31","5125512"
"JH378137","13709636","13709944","chr6","16598509","16598818","34","2888873"
"JH378137","13783892","13784193","chr1","108565860","108566161","42","94781968"
"JH378137","13802776","13802902","chr1","8688937","8689061","14","5113839"
"JH378137","13826054","13826361","chrX","125302543","125302844","35","111476489"
"JH378137","13834228","13834512","chr5","26494257","26494539","35","12660029"
"JH378137","13846411","13846721","chr13","74528437","74528748","42","60682026"
"JH378137","13931617","13931852","chr11","45371305","45371540","37","31439688"
"JH378137","13970867","13971144","chr22","37637582","37637856","38","23666715"
"JH378137","13983675","13983990","chr6","15953108","15953417","41","1969433"
"JH378137","13990885","13991157","chr14","95964336","95964605","39","81973451"
"JH378137","14001051","14001350","chr10","111637485","111637783","31","97636434"
"JH378137","14029494","14029806","chr1","65504304","65504612","39","51474810"
"JH378137","14061512","14061764","chrX","56071415","56071659","39","42009903"
"JH378137","14068317","14068629","chr8","101579883","101580191","45","87511566"
"JH378137","14070824","14071133","chr9","96314869","96315163","45","82244045"
"JH378137","14073195","14073472","chr1","99004891","99005171","43","84931696"
"JH378137","14093176","14093262","chr16","4405728","4405812","7","9687448"
"JH378137","14120797","14121082","chr11","46853309","46853597","46","32732512"
"JH378137","14122115","14122399","chr8","114583053","114583349","48","100460938"
"JH378137","14134704","14135027","chr19","10628119","10628425","52","3506585"
"JH378137","14156700","14157005","chr29","10722547","10722839","37","3434153"
"JH378137","14165799","14166110","chr13","84743392","84743699","33","70577593"
"JH378137","14168317","14168614","chr18","71629517","71629808","41","57461200"
"JH378137","14174056","14174344","chr21","74368618","74368909","35","60194562"
"JH378137","14174641","14174885","chr8","21882287","21882536","36","7707646"
"JH378137","14207167","14207398","chr11","126175108","126175340","26","111967941"
"JH378137","14209493","14209803","chr11","115525233","115525542","35","101315740"
"JH378137","14219811","14220058","chr16","65341402","65341647","27","51121591"
"JH378137","14227944","14228209","chr16","15621572","15621837","49","1393628"
"JH378137","14237343","14237491","chr11","103623975","103624123","23","89386632"
"JH378137","14306799","14307105","chr27","46386762","46387063","42","32079963"
"JH378137","14405861","14406158","chr20","9156415","9156716","50","5249446"
"JH378137","14410770","14411043","chrX","13548339","13548610","32","862431"
"JH378137","14411047","14411177","chr3","91348390","91348521","14","76937343"
"JH378137","14441673","14441903","chr20","100953849","100954075","39","86512176"
"JH378137","14443881","14444182","chr22","50629443","50629736","38","36185562"
"JH378137","14497955","14498255","chrX","23977849","23978143","41","9479894"
"JH378137","14500895","14501209","chrX","28194989","28195297","40","13694094"
"JH378137","14505574","14505703","chr11","106843296","106843425","11","92337722"
"JH378137","14512319","14512408","chr3","65349691","65349782","11","50837372"
"JH378137","14550275","14550405","chr3","91348390","91348521","12","76798115"
"JH378137","14558772","14559071","chr9","43165199","43165493","35","28606427"
"JH378137","14576842","14576922","chr16","3308866","3308945","7","11267976"
"JH378137","14590268","14590535","chr6","15436093","15436370","46","845825"
"JH378137","14603657","14603944","chrX","104601258","104601549","28","89997601"
"JH378137","14636962","14637301","chr14","46171515","46171849","44","31534553"
"JH378137","14648372","14648658","chr18","72052984","72053276","36","57404612"
"JH378137","14725297","14725600","chr10","111637485","111637783","33","96912188"
"JH378137","14732692","14733011","chr12","102954295","102954602","49","88221603"
"JH378137","14733545","14733853","chr29","8556711","8557016","38","6176834"
"JH378137","14736954","14737278","chr11","115525233","115525542","45","100788279"
"JH378137","14748144","14748280","chr26","6591504","6591639","11","8156640"
"JH378137","14769827","14770121","chr12","10064948","10065242","27","4704879"
"JH378137","14786848","14787138","chr13","14576776","14577059","40","210072"
"JH378137","14808796","14809080","chr20_KE148049v1_random","909869","910155","54","13898927"
"JH378137","14811674","14811966","chr10","8909912","8910203","44","5901762"
"JH378137","14836698","14836996","chr9","29697224","29697520","43","14860526"
"JH378137","14849960","14850259","chr13","65577132","65577425","30","50727172"
"JH378137","14882315","14882611","chr21","13834100","13834395","46","1048215"
"JH378137","14891705","14892002","chr1","10938341","10938635","38","3953364"
"JH378137","14904834","14905057","chr16","56530510","56530736","35","41625676"
"JH378137","14918142","14918437","chr11","4229918","4230223","33","10688224"
"JH378137","14925498","14925651","chr9","59130238","59130387","16","44204740"
"JH378137","14982389","14982685","chr18","57857287","57857580","38","42874898"
"JH378137","14989954","14990244","chr20","7605671","7605957","56","7384283"
"JH378137","14990893","14991196","chr6","16598509","16598818","40","1607616"
"JH378137","15002795","15003115","chr24","68895333","68895641","46","53892538"
"JH378137","15018563","15018708","chr3","90669571","90669712","13","75651008"
"JH378137","15021893","15022042","chrX","128768607","128768755","16","113746714"
"JH378137","15040648","15040923","chr9","118446169","118446455","42","103405521"
"JH378137","15048170","15048456","chr10","127201999","127202278","42","112153829"
"JH378137","15064372","15064667","chr12","10064948","10065242","39","4999424"
"JH378137","15083316","15083610","chr7","97868515","97868805","36","82785199"
"JH378137","15091786","15092091","chr2","50191924","50192218","38","35100138"
"JH378137","15116685","15116998","chr9","62128581","62128882","43","47011896"
"JH378137","15122787","15122957","chr16","23137037","23137212","26","8014250"
"JH378137","15163273","15163550","chr22","9600661","9600931","41","5562612"
"JH378137","15167937","15168244","chr20","100962086","100962378","58","85794149"
"JH378137","15168487","15168800","chr8","26854956","26855263","45","11686469"
"JH378137","15175272","15175583","chr26","24278477","24278782","50","9103205"
"JH378137","15183177","15183478","chrX","17246394","17246689","35","2063217"
"JH378137","15200016","15200275","chr24","67854256","67854521","44","52654240"
"JH378137","15201596","15201855","chr8","94162035","94162298","43","78960439"
"JH378137","15220320","15220620","chr18","72052984","72053276","39","56832664"
"JH378137","15220752","15221036","chr21","35798011","35798296","39","20577259"
"JH378137","15221699","15221789","chr3","65349691","65349782","9","50127992"
"JH378137","15231653","15231950","chrX","23977849","23978143","27","8746196"
"JH378137","15235885","15236150","chr8","114455855","114456112","43","99219970"
"JH378137","15237877","15237981","chr1","39939684","39939788","17","24701807"
"JH378137","15237985","15238029","chr22","16771172","16771219","9","1533187"
"JH378137","15243273","15243377","chrX","2017984","2018087","10","13225289"
"JH378137","15245358","15245440","chr5","67880800","67880883","7","52635442"
"JH378137","15251785","15251872","chr6","13451191","13451279","11","1800594"
"JH378137","15258582","15258667","chr16","4405728","4405812","8","10852854"
"JH378137","15260971","15261175","chr9","62913219","62913428","31","47652248"
"JH378137","15262172","15262301","chr16","31737705","31737835","20","16475533"
"JH378137","15266094","15266398","chr5","54173206","54173504","45","38907112"
"JH378137","15295555","15295841","chrX","9257762","9258042","43","6037793"
"JH378137","15308131","15308428","chr12","10064948","10065242","26","5243183"
"JH378137","15311729","15312005","chrX","1302529","1302805","41","14009200"
"JH378137","15329841","15329927","chr16","4405728","4405812","11","10924113"
"JH378137","15335626","15335927","chr16","19104450","19104748","38","3768824"
"JH378137","15339736","15339866","chr1","110380135","110380266","14","95040399"
"JH378137","15341623","15341749","chr1","8688937","8689061","12","6652686"
"JH378137","15357401","15357620","chr17","32896166","32896370","35","17538765"
"JH378137","15357866","15358009","chr18","58918281","58918426","16","43560415"
"JH378137","15371721","15371838","chr15","90834689","90834810","12","75462968"
"JH378137","15379241","15379348","chr6","1067449","1067558","9","14311792"
"JH378137","15380686","15380763","chr13","63031813","63031889","7","47651127"
"JH378137","15381749","15381875","chr1","8688937","8689061","13","6692812"
"JH378137","15383230","15383511","chr12","18835626","18835904","31","3452396"
"JH378137","15391866","15392160","chr13","65577132","65577425","34","50185266"
"JH378137","15394349","15394604","chr5","57856103","57856358","26","42461754"
"JH378137","15416213","15416362","chr9","59130238","59130387","15","43714025"
"JH378137","15447721","15447815","chr22","82220107","82220203","8","66772386"
"JH378137","15490610","15490890","chr5","22668022","22668311","44","7177412"
"JH378137","15507272","15507556","chr24","8950970","8951259","33","6556302"
"JH378137","15520828","15521123","chr18","66189352","66189642","35","50668524"
"JH378137","15548815","15549115","chr1","120119656","120119957","35","104570841"
"JH378137","15580114","15580204","chr3","65349691","65349782","11","49769577"
"JH378137","15586532","15586842","chr14","12143753","12144056","46","3442779"
"JH378137","15616094","15616171","chr13","63031813","63031889","7","47415719"
"JH378137","15629474","15629784","chr1","65504304","65504612","30","49874830"
"JH378137","15688362","15688669","chr28","15068931","15069228","41","619431"
"JH378137","15707848","15707937","chr19","7758593","7758681","9","7949255"
"JH378137","15710554","15710849","chr11","55020829","55021127","41","39310275"
"JH378137","15711856","15711937","chr11","103722492","103722569","13","88010636"
"JH378137","15713147","15713457","chr25","29130483","29130784","45","13417336"
"JH378137","15747534","15747803","chr8","38907377","38907646","37","23159843"
"JH378137","15754669","15754960","chr12","28068319","28068608","44","12313650"
"JH378137","15819641","15819964","chr12","74217361","74217667","39","58397720"
"JH378137","15841945","15842093","chr19","18866427","18866574","20","3024482"
"JH378137","15852147","15852453","chr5","2273487","2273788","31","13578660"
"JH378137","15866730","15866806","chr13","63031813","63031889","6","47165083"
"JH378137","15873389","15873676","chrX","95460911","95461200","42","79587522"
"JH378137","15884329","15884610","chr25","61615818","61616106","38","45731489"
"JH378137","15887000","15887280","chr1","63057759","63058034","40","47170759"
"JH378137","15887883","15888170","chr9","41350361","41350653","46","25462478"
"JH378137","15890153","15890452","chr13","65577132","65577425","33","49686979"
"JH378137","15893815","15894113","chr20","93545480","93545771","44","77651665"
"JH378137","15927252","15927577","chr1","7754247","7754552","47","8173005"
"JH378137","15970520","15970800","chr19","19502742","19503020","28","3532222"
"JH378137","15999663","15999957","chr12","35145733","35146027","46","19146070"
"JH378137","16000001","16000265","chr11","23139009","23139273","42","7139008"
"JH378137","16016143","16016501","chr20","94983084","94983392","94","78966941"
"JH378137","16021496","16021808","chr9","38947932","38948226","43","22926436"
"JH378137","16045375","16045684","chrX","125302543","125302844","36","109257168"
"JH378137","16046526","16046639","chr6","1067449","1067558","13","14979077"
"JH378137","16060588","16060673","chr5","67880800","67880883","5","51820212"
"JH378137","16069696","16069788","chr22","82220107","82220203","15","66150411"
"JH378137","16071747","16072058","chr19","15639019","15639324","40","432728"
"JH378137","16120689","16120985","chr2","89357867","89358158","41","73237178"
"JH378137","16130009","16130279","chr25","45702709","45702974","40","29572700"
"JH378137","16131036","16131380","chr18","3203332","3203636","79","12927704"
"JH378137","16222872","16223174","chr12","10064948","10065242","24","6157924"
"JH378137","16224863","16225014","chr22","87450041","87450185","17","71225178"
"JH378137","16230482","16230601","chr6","44144914","44145033","11","27914432"
"JH378137","16232941","16233235","chr21","19686661","19686955","35","3453720"
"JH378137","16234230","16234537","chr11","125798758","125799061","37","109564528"
"JH378137","16263840","16264080","chr21","32763620","32763857","36","16499780"
"JH378137","16264574","16264874","chr12","27631381","27631681","39","11366807"
"JH378137","16269149","16269273","chr15","63230337","63230464","19","46961188"
"JH378137","16275614","16275921","chr20","46933799","46934103","39","30658185"
"JH378137","16294582","16294861","chr19","19502742","19503020","28","3208160"
"JH378137","16298297","16298380","chr5","67880800","67880883","7","51582503"
"JH378137","16322240","16322523","chr4","5664232","5664522","39","10658008"
"JH378137","16333292","16333475","chr1","10019025","10019205","32","6314267"
"JH378137","16342344","16342634","chr6","9993126","9993409","44","6349218"
"JH378137","16344652","16344790","chr10","8700232","8700372","15","7644420"
"JH378137","16375293","16375601","chr16","23423370","23423672","36","7048077"
"JH378137","16388574","16388879","chr25","78109411","78109714","40","61720837"
"JH378137","16399077","16399268","chr13","86585007","86585200","23","70185930"
"JH378137","16419650","16419943","chr23","45289560","45289852","44","28869910"
"JH378137","16485105","16485385","chr12","9652169","9652448","40","6832936"
"JH378137","16502364","16502513","chrX","128768607","128768755","15","112266243"
"JH378137","16506540","16506811","chr9","61123989","61124258","42","44617449"
"JH378137","16556312","16556419","chr1","39939684","39939788","12","23383372"
"JH378137","16560868","16561177","chr1","65504304","65504612","32","48943436"
"JH378137","16564187","16564259","chr13","63031813","63031889","8","46467626"
"JH378137","16590626","16590920","chrX","468680","468977","36","16121946"
"JH378137","16608417","16608610","chr2","37145074","37145258","33","20536657"
"JH378137","16609275","16609574","chr16","3215358","3215658","36","13393917"
"JH378137","16611373","16611666","chr5","70465733","70466025","41","53854360"
"JH378137","16626139","16626219","chr5","67880800","67880883","10","51254661"
"JH378137","16629852","16630158","chr11","47284357","47284657","46","30654505"
"JH378137","16645712","16646008","chr11","14140136","14140434","35","2505576"
"JH378137","16682025","16682311","chr12","10064948","10065242","32","6617077"
"JH378137","16692269","16692546","chr25","83986963","83987253","38","67294694"
"JH378137","16697585","16697876","chr23","52118830","52119121","33","35421245"
"JH378137","16711066","16711282","chr16","40303815","40304024","25","23592749"
"JH378137","16718577","16718895","chr16","55157456","55157764","39","38438879"
"JH378137","16720775","16721066","chr21","74368618","74368909","33","57647843"
"JH378137","16740888","16741193","chr23","41434219","41434517","31","24693331"
"JH378137","16767473","16767755","chr23","5517272","5517549","34","11250201"
"JH378137","16776686","16776766","chr16","3308866","3308945","9","13467820"
"JH378137","16794314","16794616","chr5","2273487","2273788","25","14520827"
"JH378137","16819973","16820207","chrX","112046945","112047179","34","95226972"
"JH378137","16824451","16824763","chr1","2872653","2872961","32","13951798"
"JH378137","16827058","16827353","chr25","51030152","51030441","39","34203094"
"JH378137","16833234","16833536","chrX","61294682","61294983","39","44461448"
"JH378137","16838531","16838666","chr26","6591504","6591639","14","10247027"
"JH378137","16841578","16841861","chr16","31788140","31788419","36","14946562"
"JH378137","16848520","16848796","chr1","32180141","32180418","41","15331621"
"JH378137","16855359","16855467","chr12","53065987","53066095","10","36210628"
"JH378137","16863064","16863279","chr28","1883537","1883753","28","14979527"
"JH378137","16865087","16865176","chr16","4405728","4405812","11","12459359"
"JH378137","16866757","16867067","chr11","62643241","62643549","42","45776484"
"JH378137","16889844","16890142","chr10","105121069","105121335","138","88231225"
"JH378137","16896808","16896907","chr22","82220107","82220203","10","65323299"
"JH378137","16905264","16905571","chr5","33074148","33074451","35","16168884"
"JH378137","16908613","16908917","chr12","88692034","88692338","31","71783421"
"JH378137","16929774","16930060","chr26","38637329","38637616","41","21707555"
"JH378137","16942931","16943233","chrX","23977849","23978143","38","7034918"
"JH378137","16944294","16944531","chr11","82771168","82771402","37","65826874"
"JH378137","16948029","16948334","chr25","28024617","28024913","38","11076588"
"JH378137","16970748","16971049","chr12","10064948","10065242","28","6905800"
"JH378137","16972800","16972982","chr27","32449558","32449743","32","15476758"
"JH378137","17000581","17000664","chr5","67880800","67880883","7","50880219"
"JH378137","17004441","17004735","chr1","105754889","105755174","40","88750448"
"JH378137","17050806","17051103","chr21","112047561","112047854","41","94996755"
"JH378137","17073185","17073479","chr9","92415292","92415589","40","75342107"
"JH378137","17079164","17079504","chr2","59461683","59461977","81","42382519"
"JH378137","17094289","17094590","chr5","47555978","47556281","32","30461689"
"JH378137","17128458","17128775","chr6","31365170","31365478","38","14236712"
"JH378137","17158035","17158229","chr16","40442198","40442397","31","23284163"
"JH378137","17239222","17239361","chr6","3375709","3375847","14","13863513"
"JH378137","17247758","17248014","chr21","56054398","56054653","33","38806640"
"JH378137","17250822","17251120","chr12","10064948","10065242","37","7185874"
"JH378137","17279190","17279491","chr12","10064948","10065242","27","7214242"
"JH378137","17304568","17304717","chr9","59130238","59130387","11","41825670"
"JH378137","17324633","17324928","chr12","10064948","10065242","26","7259685"
"JH378137","17327251","17327479","chr6","1954290","1954517","37","15372961"
"JH378137","17328473","17328780","chr16","30398852","30399159","34","13070379"
"JH378137","17345826","17346098","chr6","41127353","41127636","41","23781527"
"JH378137","17392104","17392170","chr11","34257285","34257346","10","16865181"
"JH378137","17392540","17392836","chr10","85994531","85994826","33","68601991"
"JH378137","17394354","17394662","chr13","84743392","84743699","41","67349038"
"JH378137","17419438","17419716","chr22","46167136","46167420","37","28747698"
"JH378137","17439492","17439768","chr8","132346365","132346635","39","114906873"
"JH378137","17458426","17458711","chrX","95460911","95461200","37","78002485"
"JH378137","17508716","17509008","chr8","95885898","95886192","32","78377182"
"JH378137","17512805","17513059","chr16","61676884","61677139","31","44164079"
"JH378137","17540527","17540826","chr12","10064948","10065242","24","7475579"
"JH378137","17552480","17552784","chr20","104630107","104630400","38","87077627"
"JH378137","17585128","17585408","chr7","36238086","36238370","40","18652958"
"JH378137","17618233","17618527","chr10","118597337","118597632","36","100979104"
"JH378137","17627067","17627364","chr12","10064948","10065242","25","7562119"
"JH378137","17641419","17641706","chr6","38437831","38438120","32","20796412"
"JH378137","17654354","17654492","chr13","82608578","82608713","19","64954224"
"JH378137","17655454","17655582","chr16","4500752","4500881","22","13154702"
"JH378137","17669608","17669903","chr13","65577132","65577425","31","47907524"
"JH378137","17734635","17734773","chr3","90669571","90669712","13","72934936"
"JH378137","17738668","17738911","chr16","5798617","5798859","28","11940051"
"JH378137","17749913","17750203","chr20","97353520","97353811","32","79603607"
"JH378137","17755693","17755995","chr16","33182065","33182368","31","15426372"
"JH378137","17771176","17771468","chr24","21274276","21274566","38","3503100"
"JH378137","17839895","17840197","chr12","10064948","10065242","32","7774947"
"JH378137","17849196","17849473","chr1","49351534","49351800","52","31502338"
"JH378137","17855232","17855532","chr5","54173206","54173504","45","36317974"
"JH378137","17865531","17865833","chrX","125302543","125302844","27","107437012"
"JH378137","17868053","17868349","chr15","86758708","86759003","35","68890655"
"JH378137","17871856","17872094","chr5","36485418","36485657","34","18613562"
"JH378137","17874186","17874476","chr12","74716502","74716795","40","56842316"
"JH378137","17882536","17882681","chr3","90669571","90669712","18","72787035"
"JH378137","17887321","17887415","chr22","82220107","82220203","11","64332786"
"JH378137","17888302","17888473","chr4","65157978","65158146","20","47269676"
"JH378137","17901719","17901962","chr7","115128243","115128486","37","97226524"
"JH378137","17903010","17903104","chr15","39050206","39050292","18","21147196"
"JH378137","17907206","17907472","chr9","104467230","104467498","48","86560024"
"JH378137","17907737","17908041","chr20","106884868","106885166","43","88977131"
"JH378137","17912890","17913198","chr11","41122228","41122529","46","23209338"
"JH378137","17916451","17916759","chr14","15606461","15606770","31","2309990"
"JH378137","17922210","17922512","chr20","91789557","91789859","33","73867347"
"JH378137","17923682","17923758","chr14","81623906","81623982","11","63700224"
"JH378137","17932638","17932933","chr20","96210594","96210893","32","78277956"
"JH378137","17937062","17937164","chrX","2017984","2018087","9","15919078"
"JH378137","17945912","17946053","chr23","56978905","56979044","18","39032993"
"JH378137","17947407","17947486","chr16","3308866","3308945","8","14638541"
"JH378137","17980470","17980781","chr9","56811131","56811438","36","38830661"
"JH378137","17999541","17999831","chr14","63083877","63084161","45","45084336"
"JH378137","18061300","18061606","chr9","95969759","95970062","42","77908459"
"JH378137","18094194","18094408","chr16","19345558","19345771","33","1251364"
"JH378137","18186662","18186942","chr6","2768739","2769024","42","15417923"
"JH378137","18260870","18261076","chr23","48760158","48760361","34","30499288"
"JH378137","18261172","18261286","chr4","60395666","60395783","17","42134494"
"JH378137","18331490","18331791","chr14","37615851","37616147","29","19284361"
"JH378137","18364282","18364576","chr14","37615851","37616147","34","19251569"
"JH378137","18410275","18410556","chr3","23160952","23161236","40","4750677"
"JH378137","18413084","18413377","chr1","109941073","109941364","34","91527989"
"JH378137","18416920","18417006","chr16","4405728","4405812","10","14011192"
"JH378137","18433177","18433463","chrX","23977849","23978143","39","5544672"
"JH378137","18456938","18457203","chr5","72816003","72816260","43","54359065"
"JH378137","18461492","18461780","chr11","64766459","64766749","41","46304967"
"JH378137","18487066","18487361","chr24","22113783","22114076","33","3626717"
"JH378137","18495645","18495936","chr2","6843755","6844035","48","11651890"
"JH378137","18504671","18504909","chr22","30878990","30879226","43","12374319"
"JH378137","18506946","18507267","chr2","86632410","86632730","44","68125464"
"JH378137","18520913","18521222","chr20","105941906","105942211","32","87420993"
"JH378137","18606335","18606643","chr6","16598509","16598818","34","2007826"
"JH378137","18608430","18608643","chr22","6719548","6719763","23","11888882"
"JH378137","18613908","18614209","chr20","45785992","45786290","36","27172084"
"JH378137","18636162","18636455","chr5","20203598","20203894","43","1567436"
"JH378137","18660262","18660558","chr1","10406967","10407257","43","8253295"
"JH378137","18679068","18679173","chrX","2017984","2018087","11","16661084"
"JH378137","18681964","18682049","chr16","4405728","4405812","9","14276236"
"JH378137","18710992","18711291","chr11","55020829","55021127","37","36309837"
"JH378137","18724430","18724724","chr16","53397850","53398143","36","34673420"
"JH378137","18727292","18727603","chr26","38024857","38025165","32","19297565"
"JH378137","18753991","18754295","chr14","79729598","79729899","39","60975607"
"JH378137","18766999","18767256","chr16","63471279","63471543","54","44704280"
"JH378137","18775293","18775389","chr22","82220107","82220203","5","63444814"
"JH378137","18779033","18779345","chr1","65504304","65504612","34","46725271"
"JH378137","18805113","18805415","chrX","60987121","60987417","30","42182008"
"JH378137","18805688","18805943","chr6","38291436","38291692","32","19485748"
"JH378137","18807538","18807794","chr16","58425585","58425837","41","39618047"
"JH378137","18810636","18810904","chr5","27332348","27332618","36","8521712"
"JH378137","18816106","18816391","chr3","81003695","81003974","31","62187589"
"JH378137","18841168","18841472","chr12","10064948","10065242","42","8776220"
"JH378137","18845618","18845735","chr14","74460545","74460661","13","55614927"
"JH378137","18849085","18849397","chr16","68470249","68470556","46","49621164"
"JH378137","18868045","18868158","chrX","90197506","90197623","10","71329461"
"JH378137","18870071","18870355","chr11","19611133","19611417","40","741062"
"JH378137","18897423","18897510","chr16","4405728","4405812","11","14491695"
"JH378137","18901218","18901347","chr16","4500752","4500881","11","14400466"
"JH378137","18951384","18951505","chr15","90834689","90834810","9","71883305"
"JH378137","18973037","18973344","chr17","40266696","40267004","29","21293659"
"JH378137","18975998","18976249","chr9","96390861","96391117","35","77414863"
"JH378137","18980472","18980777","chr15","5036234","5036539","39","13944238"
"JH378137","19028101","19028402","chr14","83371933","83372231","33","64343832"
"JH378137","19028612","19028917","chr12","60432247","60432540","38","41403635"
"JH378137","19067156","19067443","chr7","132205443","132205733","32","113138287"
"JH378137","19077774","19078078","chr1","99384482","99384781","41","80306708"
"JH378137","19087768","19088082","chr20","70184160","70184468","32","51096392"
"JH378137","19120813","19120896","chr5","67880800","67880883","6","48759987"
"JH378137","19121696","19121980","chr1","54471485","54471761","42","35349789"
"JH378137","19128534","19128834","chr1","120119656","120119957","37","100991122"
"JH378137","19151652","19151892","chr11","126175108","126175340","29","107023456"
"JH378137","19153669","19153809","chr10","88960959","88961102","13","69807290"
"JH378137","19167787","19168072","chr20","111128795","111129075","28","91961008"
"JH378137","19196795","19197077","chr9","82012344","82012620","54","62815549"
"JH378137","19231960","19232261","chr12","6781553","6781865","74","12450407"
"JH378137","19257330","19257591","chr11","46341587","46341848","46","27084257"
"JH378137","19277487","19277767","chr20","75127208","75127485","45","55849721"
"JH378137","19365851","19366138","chr22","1439839","1440125","33","17926012"
"JH378137","19439907","19440010","chr1","39939684","39939788","12","20499777"
"JH378137","19440695","19440741","chr4","71160539","71160580","21","51719844"
"JH378137","19451451","19451753","chr26","18977354","18977652","41","474097"
"JH378137","19460935","19461230","chr21","25123896","25124189","44","5662961"
"JH378137","19469888","19470185","chr22","18084841","18085135","44","1385047"
"JH378137","19495121","19495435","chr2","38197046","38197344","54","18701925"
"JH378137","19499746","19499999","chr18","66249703","66249966","44","46749957"
"JH378137","19502317","19502593","chr9","111737688","111737961","46","92235371"
"JH378137","19515013","19515322","chr25","71808137","71808447","40","52293124"
"JH378137","19549507","19549810","chr8","89963957","89964248","34","70414450"
"JH378137","19590695","19590832","chr10","121431318","121431447","26","101840623"
"JH378137","19610723","19611004","chr17","16075050","16075337","40","3535673"
"JH378137","19639172","19639318","chr3","90669571","90669712","16","71030399"
"JH378137","19646546","19646850","chr5","2273487","2273788","30","17373059"
"JH378137","19647681","19647785","chr1","39939684","39939788","10","20292003"
"JH378137","19666096","19666213","chr15","53595698","53595816","11","33929602"
"JH378137","19673524","19673816","chr8","52344592","52344885","38","32671068"
"JH378137","19678282","19678403","chr15","90834689","90834810","10","71156407"
"JH378137","19709433","19709730","chr16","34548874","34549171","38","14839441"
"JH378137","19755646","19755736","chr3","65349691","65349782","12","45594045"
"JH378137","19772156","19772476","chr23","63610971","63611275","40","43838815"
"JH378137","19800032","19800318","chr11","121086849","121087142","42","101286817"
"JH378137","19806138","19806434","chr11","117737181","117737478","39","97931043"
"JH378137","19811827","19812107","chrX","86312241","86312522","36","66500414"
"JH378137","19826990","19827294","chr9","92789196","92789493","41","72962206"
"JH378137","19829555","19829849","chr22","40622609","40622898","38","20793054"
"JH378137","19848199","19848301","chrX","2017984","2018087","10","17830215"
"JH378137","19861231","19861534","chr15","44287299","44287595","33","24426068"
"JH378137","19861539","19861733","chr22","57497856","57498055","36","37636317"
"JH378137","19903998","19904150","chr9","59130238","59130387","16","39226240"
"JH378137","19908906","19908995","chr19","7758593","7758681","11","12150313"
"JH378137","19972465","19972572","chr6","1067449","1067558","12","18905016"
"JH378137","19975485","19975773","chrX","23977849","23978143","37","4002364"
"JH378137","19981391","19981690","chr12","10064948","10065242","38","9916443"
"JH378137","19999777","20000000","chr13","7317370","7317589","30","12682407"
"JH378137","20007756","20008069","chr5","33074148","33074451","50","13066392"
"JH378137","20030973","20031282","chr26","51816415","51816717","37","31785442"
"JH378137","20087367","20087663","chr28","8166965","8167266","32","11920402"
"JH378137","20116267","20116363","chr22","82220107","82220203","5","62103840"
"JH378137","20124540","20124836","chr9","62273501","62273789","40","42148961"
"JH378137","20140028","20140192","chr1","93539244","93539398","35","73399216"
"JH378137","20140604","20140825","chr6","2372111","2372337","32","17768493"
"JH378137","20140926","20141220","chr14","79801787","79802070","40","59660861"
"JH378137","20150716","20150819","chr12","53065987","53066095","13","32915271"
"JH378137","20168857","20169161","chr7","99172603","99172901","40","79003746"
"JH378137","20176135","20176234","chr22","82220107","82220203","14","62043972"
"JH378137","20184219","20184512","chr20","111353869","111354166","52","91169650"
"JH378137","20209523","20209616","chr22","82220107","82220203","13","62010584"
"JH378137","20245219","20245365","chr9","59130238","59130387","16","38885019"
"JH378137","20250704","20251001","chr10","123344048","123344356","57","103093344"
"JH378137","20262614","20262904","chr1","10406967","10407257","44","9855647"
"JH378137","20283805","20284094","chr8","20434231","20434523","46","150426"
"JH378137","20306909","20307198","chrX","95460911","95461200","32","75154002"
"JH378137","20311838","20312095","chr9","96390861","96391117","29","76079023"
"JH378137","20319902","20320030","chr16","31737705","31737835","13","11417803"
"JH378137","20337155","20337263","chr6","1067449","1067558","10","19269706"
"JH378137","20338087","20338288","chr21","42253896","42254084","48","21915809"
"JH378137","20375391","20375691","chr4","35412757","35413052","34","15037366"
"JH378137","20386883","20387192","chr15","3702894","3703194","39","16683989"
"JH378137","20398088","20398253","chr16","23092007","23092174","27","2693919"
"JH378137","20399605","20399753","chr9","59130238","59130387","15","38730633"
"JH378137","20405733","20405820","chr19","7758593","7758681","13","12647140"
"JH378137","20431534","20431838","chr9","13789985","13790287","36","6641549"
"JH378137","20431883","20432011","chr5","59930131","59930261","20","39498248"
"JH378137","20445452","20445741","chrX","49498574","49498857","43","29053122"
"JH378137","20455000","20455221","chr7","97152314","97152538","37","76697314"
"JH378137","20462341","20462424","chr5","67880800","67880883","8","47418459"
"JH378137","20475172","20475481","chr5","2324242","2324550","36","18150930"
"JH378137","20479117","20479231","chr11","128539002","128539115","13","108059885"
"JH378137","20487289","20487343","chr6","11873615","11873662","13","8613674"
"JH378137","20504717","20504918","chr14","27392614","27392805","48","6887897"
"JH378137","20514099","20514401","chr15","86758708","86759003","40","66244609"
"JH378137","20516038","20516329","chr6","48913632","48913921","38","28397594"
"JH378137","20517300","20517598","chrX","23977849","23978143","35","3460549"
"JH378137","20530383","20530498","chr13","57668873","57668990","20","37138490"
"JH378137","20536795","20536942","chr17","47733511","47733658","16","27196716"
"JH378137","20538578","20538826","chr12","6401463","6401710","33","14137115"
"JH378137","20542425","20542730","chrX","125302543","125302844","36","104760118"
"JH378137","20543045","20543218","chr1","12385669","12385847","28","8157376"
"JH378137","20543857","20544145","chr13","65577132","65577425","37","45033275"
"JH378137","20554748","20555060","chr12","10064948","10065242","116","10489800"
"JH378137","20562033","20562329","chr16","65250770","65251068","36","44688737"
"JH378137","20568972","20569062","chr3","65349691","65349782","9","44780719"
"JH378137","20570427","20570504","chr13","63031813","63031889","9","42461386"
"JH378137","20585973","20586090","chr15","90834689","90834810","14","70248716"
"JH378137","20609333","20609616","chr7","39446721","39447007","51","18837388"
"JH378137","20632344","20632644","chr12","10064948","10065242","29","10567396"
"JH378137","20633424","20633713","chr29","1756709","1757001","38","18876715"
"JH378137","20634258","20634471","chr3","19045440","19045645","41","1588818"
"JH378137","20648692","20648833","chr23","56978905","56979044","14","36330213"
"JH378137","20675358","20675661","chr14","44038439","44038738","42","23363081"
"JH378137","20676669","20676792","chr3","72385674","72385796","14","51709005"
"JH378137","20688731","20689032","chrX","60987121","60987417","34","40298390"
"JH378137","20705794","20706084","chr24","70274925","70275216","31","49569131"
"JH378137","20740809","20741113","chr9","26651072","26651377","28","5910263"
"JH378137","20742512","20742640","chr16","31737705","31737835","11","10995193"
"JH378137","20773047","20773323","chr4","50225644","50225922","33","29452597"
"JH378137","20773390","20773705","chr26","38024857","38025165","34","17251467"
"JH378137","20775668","20775954","chr28","18543247","18543535","34","2232421"
"JH378137","20777539","20777842","chr13","47744604","47744907","33","26967065"
"JH378137","20803589","20803882","chrX","60022248","60022541","45","39218659"
"JH378137","20815610","20815904","chrX","23977849","23978143","36","3162239"
"JH378137","20825663","20825835","chr25","22704616","22704787","20","1878953"
"JH378137","20828641","20828744","chr1","39939684","39939788","9","19111043"
"JH378137","20854072","20854184","chr14","99600626","99600742","18","78746554"
"JH378137","20897746","20898057","chr8","26352201","26352513","33","5454455"
"JH378137","20904397","20904707","chr5","24038204","24038515","51","3133807"
"JH378137","20919123","20919419","chr8","40611327","40611611","54","19692204"
"JH378137","20920568","20920866","chrX","23977849","23978143","31","3057281"
"JH378137","20921288","20921361","chr13","63031813","63031889","9","42110525"
"JH378137","20922337","20922559","chr26","15425772","15425994","28","5496565"
"JH378137","20949851","20950158","chr4","71100937","71101237","37","50151086"
"JH378137","20953631","20953718","chr12","7441397","7441481","8","13512234"
"JH378137","20984734","20985034","chr12","10064948","10065242","33","10919786"
"JH378137","21013973","21014257","chr7","86259181","86259466","40","65245208"
"JH378137","21014883","21015152","chr6","34359354","34359614","47","13344471"
"JH378137","21022305","21022378","chr13","63031813","63031889","8","42009508"
"JH378137","21029869","21029944","chr10","95538249","95538325","9","74508380"
"JH378137","21041566","21041841","chr20","93260402","93260679","39","72218836"
"JH378137","21044678","21044813","chr26","6591504","6591639","11","14453174"
"JH378137","21053102","21053186","chr16","4405728","4405812","6","16647374"
"JH378137","21062667","21062960","chr20","121618255","121618545","32","100555588"
"JH378137","21078476","21078779","chr26","16748407","16748708","38","4330069"
"JH378137","21085260","21085568","chr10","118597337","118597632","47","97512077"
"JH378137","21105662","21105781","chr11","46682256","46682382","21","25576594"
"JH378137","21132081","21132388","chr11","58110010","58110310","40","36977929"
"JH378137","21132672","21132919","chr24","66946035","66946274","34","45813363"
"JH378137","21133501","21133582","chr13","63031813","63031889","13","41898312"
"JH378137","21137182","21137282","chr22","82220107","82220203","11","61082925"
"JH378138","19280","19425","chr18","58918281","58918426","16","58899001"
"JH378138","25779","25918","chr6","7501396","7501533","17","7475617"
"JH378138","79272","79374","chrX","2017984","2018087","8","1938712"
"JH378138","131115","131341","chr10","39070013","39070233","39","38938898"
"JH378138","161616","161746","chr16","66101721","66101851","13","65940105"
"JH378138","171740","172063","chr24","42333680","42334000","48","42161940"
"JH378138","178122","178451","chr7","11558472","11558799","46","11380350"
"JH378138","232975","233251","chr23","2089812","2090086","57","1856837"
"JH378138","233413","233521","chr6","1067449","1067558","11","834036"
"JH378138","306462","306734","chr23","9347287","9347564","47","9040825"
"JH378138","367179","367503","chr15","76857404","76857733","39","76490225"
"JH378138","389216","389476","chr5","57856103","57856358","35","57466887"
"JH378138","414268","414558","chr4","15532519","15532799","47","15118251"
"JH378138","520908","521004","chr22","82220107","82220203","8","81699199"
"JH378138","536899","537206","chr4","88788880","88789184","39","88251981"
"JH378138","631478","631775","chr13","29852542","29852846","46","29221064"
"JH378138","632116","632416","chr5","2273487","2273788","26","1641371"
"JH378138","740143","740445","chr1","19002101","19002396","42","18261958"
"JH378138","837970","838275","chr14","22799686","22799991","40","21961716"
"JH378138","852673","852982","chr6","31802024","31802323","43","30949351"
"JH378138","860298","860600","chr8","40836382","40836676","60","39976084"
"JH378138","873392","873697","chr5","33074148","33074451","38","32200756"
"JH378138","900447","900748","chr7","37129147","37129442","48","36228700"
"JH378138","906696","907006","chr14","64502629","64502936","36","63595933"
"JH378138","908556","908854","chr12","18465832","18466128","54","17557276"
"JH378138","949829","950109","chr16","30637924","30638212","45","29688095"
"JH378138","1081657","1081955","chr23","41434219","41434517","38","40352562"
"JH378138","1085227","1085502","chr4","58986195","58986478","46","57900968"
"JH378138","1088431","1088584","chr15","39150797","39150930","45","38062366"
"JH378138","1108133","1108231","chr22","82220107","82220203","8","81111974"
"JH378138","1167979","1168279","chr9","96562233","96562515","62","95394254"
"JH378138","1175995","1176300","chrX","22653522","22653815","53","21477527"
"JH378138","1180248","1180544","chr12","10064948","10065242","28","8884700"
"JH378138","1187887","1188169","chr15","89412041","89412323","36","88224154"
"JH378138","1188279","1188594","chrX","45934309","45934618","48","44746030"
"JH378138","1198376","1198685","chrX","126082617","126082923","31","124884241"
"JH378138","1209736","1210038","chr5","2273487","2273788","28","1063751"
"JH378138","1220899","1221205","chr1","68219231","68219530","47","66998332"
"JH378138","1376900","1377211","chr7","31464459","31464761","49","30087559"
"JH378138","1489161","1489306","chr17","47733511","47733658","12","46244350"
"JH378138","1548018","1548093","chr13","63031813","63031889","7","61483795"
"JH378138","1573946","1574020","chr13","63031813","63031889","8","61457867"
"JH378138","1705921","1706222","chr7","96637694","96637997","42","94931773"
"JH378138","1920589","1920908","chr1","65504304","65504612","45","63583715"
"JH378138","1928204","1928500","chr7","99172603","99172901","34","97244399"
"JH378138","1939751","1940058","chr9","114159335","114159636","39","112219584"
"JH378138","2003985","2004073","chr6","39129950","39130034","13","37125965"
"JH378138","2070832","2071129","chr18","55497484","55497775","36","53426652"
"JH378138","2167165","2167474","chr21","98330604","98330913","39","96163439"
"JH378138","2173613","2173916","chr15","83098591","83098899","37","80924978"
"JH378138","2190031","2190328","chr18","66152378","66152674","31","63962347"
"JH378138","2306285","2306545","chr24","42312226","42312481","37","40005941"
"JH378138","2395261","2395560","chr1","108565860","108566161","35","106170599"
"JH378138","2421077","2421374","chr14","83371933","83372231","33","80950856"
"JH378138","2515377","2515677","chr14","83371933","83372231","46","80856556"
"JH378138","2556864","2557203","chr11","114846906","114847210","69","112290042"
"JH378138","2566826","2567124","chr12","10064948","10065242","39","7498122"
"JH378138","2578578","2578861","chr10","34266329","34266612","43","31687751"
"JH378138","2634901","2635175","chr5","53663645","53663926","52","51028744"
"JH378138","2640701","2640848","chr22","14395100","14395247","15","11754399"
"JH378138","2645250","2645475","chr6","2372111","2372337","30","273139"
"JH378138","2656468","2656794","chr5","36774379","36774687","48","34117911"
"JH378138","2665624","2665922","chrX","23977849","23978143","27","21312225"
"JH378138","2667975","2668290","chr1","65504304","65504612","36","62836329"
"JH378138","2681031","2681340","chr22","2509630","2509937","29","171401"
"JH378138","2685659","2685789","chr3","91348390","91348521","14","88662731"
"JH378138","2699281","2699428","chr9","59130238","59130387","14","56430957"
"JH378138","2712449","2712736","chr8","43567746","43568036","36","40855297"
"JH378138","2733918","2734189","chr11","119458899","119459180","44","116724981"
"JH378138","2736337","2736647","chr11","117737181","117737478","38","115000844"
"JH378138","2743212","2743461","chr16","5798617","5798859","39","3055405"
"JH378138","2749815","2750129","chr20","46933799","46934103","36","44183984"
"JH378138","2807431","2807520","chr19","7758593","7758681","10","4951162"
"JH378138","2809369","2809683","chr8","1760359","1760667","36","1049010"
"JH378138","2812782","2813074","chr8","31545666","31545957","41","28732884"
"JH378138","2814548","2814850","chr15","42041636","42041931","52","39227088"
"JH378138","2816150","2816446","chr1","47766353","47766648","38","44950203"
"JH378138","2816483","2816773","chr11","19611133","19611417","39","16794650"
"JH378138","2817683","2817963","chr17","30354850","30355130","37","27537167"
"JH378138","2821466","2821605","chr11","95753406","95753542","13","92931940"
"JH378138","2835612","2835759","chr6","7229588","7229731","17","4393976"
"JH378138","2842246","2842555","chr15","90683914","90684220","39","87841668"
"JH378138","2846713","2846875","chr1","105262714","105262876","19","102416001"
"JH378138","2847908","2848212","chr1","85711795","85712099","51","82863887"
"JH378138","2852621","2852931","chr10","16495371","16495677","45","13642750"
"JH378138","2866031","2866247","chr28","1883537","1883753","22","982494"
"JH378138","2868258","2868542","chr26","39771651","39771945","42","36903393"
"JH378138","2870078","2870154","chr14","84294465","84294542","20","81424387"
"JH378138","2870835","2870972","chr3","90669571","90669712","22","87798736"
"JH378138","2872856","2872976","chr15","90834689","90834810","11","87961833"
"JH378138","2881276","2881425","chr9","59130238","59130387","13","56248962"
"JH378138","2885154","2885254","chr22","82220107","82220203","12","79334953"
"JH378138","2887395","2887475","chr16","3308866","3308945","7","421471"
"JH378138","2895276","2895561","chr20","108653796","108654082","44","105758520"
"JH378138","2907522","2907802","chr12","6781553","6781865","87","3874031"
"JH378138","2913376","2913455","chr5","67880800","67880883","9","64967424"
"JH378138","2916425","2916507","chr5","67880800","67880883","7","64964375"
"JH378138","2918295","2918596","chr20","94534912","94535210","37","91616617"
"JH378138","2920997","2921121","chr3","72385674","72385796","15","69464677"
"JH378138","2921250","2921416","chr1","65758985","65759150","26","62837735"
"JH378138","2921420","2921514","chr18","50216699","50216788","20","47295279"
"JH378138","2947203","2947432","chr6","2372111","2372337","33","575092"
"JH378138","2980986","2981120","chr12","9377407","9377541","13","6396421"
"JH378138","2982291","2982588","chr12","10064948","10065242","36","7082657"
"JH378138","2998386","2998674","chr1","103415790","103416081","39","100417404"
"JH378138","3017481","3017560","chr5","67880800","67880883","9","64863319"
"JH378138","3206115","3206420","chr17","36743623","36743924","32","33537508"
"JH378138","3213771","3214080","chr11","51624065","51624366","32","48410294"
"JH378138","3336268","3336434","chr17","26054914","26055076","27","22718646"
"JH378138","3338993","3339123","chr23","65334609","65334739","9","61995616"
"JH378138","3339785","3340060","chr1","32180141","32180418","31","28840356"
"JH378138","3349238","3349550","chr11","12216054","12216363","40","8866816"
"JH378138","3373836","3374125","chrX","48222113","48222402","34","44848277"
"JH378138","3435947","3436201","chr3","27543319","27543573","36","24107372"
"JH378138","3493261","3493562","chr12","29144579","29144880","37","25651318"
"JH378138","3544092","3544180","chr16","4405728","4405812","8","861636"
"JH378138","3553016","3553297","chr10","90056980","90057260","46","86503964"
"JH378138","3596093","3596393","chr2","56143790","56144095","38","52547697"
"JH378138","3602106","3602422","chr1","64693832","64694133","53","61091726"
"JH378138","3608091","3608391","chr2","9424142","9424441","35","5816051"
"JH378138","3623257","3623545","chr1","115205454","115205746","41","111582197"
"JH378138","3685928","3686079","chr1","110600953","110601102","18","106915025"
"JH378138","3734913","3735227","chr5","33074148","33074451","40","29339235"
"JH378138","3872827","3873122","chrX","23977849","23978143","34","20105022"
"JH378138","3875209","3875516","chr11","115525233","115525542","29","111650024"
"JH378138","3910095","3910394","chr12","10064948","10065242","24","6154853"
"JH378138","4111420","4111530","chrX","25194654","25194764","13","21083234"
"JH378138","4141775","4142080","chr2","56143790","56144095","47","52002015"
"JH378138","4285687","4285967","chr15","54120993","54121279","40","49835306"
"JH378138","4292056","4292325","chr4","22964909","22965182","50","18672853"
"JH378138","4469275","4469428","chr25","4297495","4297648","22","171780"
"JH378138","4525304","4525598","chr13","14614965","14615259","33","10089661"
"JH378138","4712620","4712901","chr21","74368618","74368909","40","69655998"
"JH378138","4746622","4746934","chr11","115525233","115525542","33","110778611"
"JH378138","4859559","4859859","chr25","5442274","5442573","33","582715"
"JH378138","4864625","4864907","chr29","1616258","1616545","40","3248367"
"JH378138","4988130","4988425","chrX","23977849","23978143","44","18989719"
"JH378138","5003187","5003489","chr5","2273487","2273788","33","2729700"
"JH378138","5007951","5008253","chr11","117737181","117737478","29","112729230"
"JH378138","5009920","5010227","chr6","3992311","3992619","45","1017609"
"JH378138","5024688","5024788","chrX","2017984","2018087","11","3006704"
"JH378138","5067641","5067947","chr26","16008721","16009029","34","10941080"
"JH378138","5072749","5072839","chr3","65349691","65349782","10","60276942"
"JH378138","5076139","5076268","chr1","97802296","97802426","14","92726157"
"JH378138","5086653","5086962","chr1","65504304","65504612","42","60417651"
"JH378138","5102467","5102663","chr22","70066716","70066895","37","64964249"
"JH378138","5102764","5102885","chr11","104248796","104248920","19","99146032"
"JH378138","5145740","5146060","chr10","72956484","72956800","44","67810744"
"JH378138","5221233","5221530","chr12","10064948","10065242","33","4843715"
"JH378138","5224408","5224538","chr1","97802296","97802426","8","92577888"
"JH378138","5231958","5232115","chr24","27664460","27664615","22","22432502"
"JH378138","5239699","5240017","chr6","15953108","15953417","40","10713409"
"JH378138","5244755","5244877","chr15","90834689","90834810","11","85589934"
"JH378138","5259277","5259361","chr16","4405728","4405812","8","853549"
"JH378138","5268087","5268216","chr6","4211334","4211463","13","1056753"
"JH378138","5281065","5281368","chr11","51930789","51931091","31","46649724"
"JH378138","5312755","5312852","chr1","39939684","39939788","12","34626929"
"JH378138","5331444","5331637","chr21","42253896","42254084","36","36922452"
"JH378138","5367765","5368066","chr19","13613108","13613413","42","8245343"
"JH378138","5382175","5382305","chr3","91348390","91348521","11","85966215"
"JH378138","5385605","5385903","chr12","10064948","10065242","26","4679343"
"JH378138","5404979","5405259","chr23","34328669","34328947","42","28923690"
"JH378138","5419257","5419560","chr12","42496121","42496421","40","37076864"
"JH378138","5472639","5472951","chr1","2872653","2872961","40","2599986"
"JH378138","5504820","5504937","chrX","90197506","90197623","12","84692686"
"JH378138","5541861","5542160","chr1","108565860","108566161","36","103023999"
"JH378138","5552784","5553094","chr5","36774379","36774687","36","31221595"
"JH378138","5555438","5555667","chr11","126175108","126175340","35","120619670"
"JH378138","5587200","5587302","chrX","2017984","2018087","12","3569216"
"JH378138","5631808","5632090","chr8","95885898","95886192","49","90254090"
"JH378138","5678163","5678250","chr19","7758593","7758681","9","2080430"
"JH378138","5681799","5682080","chrX","15774021","15774297","38","10092222"
"JH378138","5708651","5708907","chr22","18598962","18599215","34","12890311"
"JH378138","5710829","5710978","chrX","128768607","128768755","15","123057778"
"JH378138","5716562","5716870","chr5","36774379","36774687","40","31057817"
"JH378138","5717174","5717465","chr8","21494594","21494885","31","15777420"
"JH378138","5754248","5754330","chr16","4405728","4405812","8","1348520"
"JH378138","5758674","5758931","chr9","92500633","92500888","40","86741959"
"JH378138","5769284","5769588","chr5","55574269","55574565","41","49804985"
"JH378138","5780738","5780864","chr1","8688937","8689061","12","2908199"
"JH378138","5793965","5794260","chr13","64989908","64990202","32","59195943"
"JH378138","5798205","5798312","chr6","1067449","1067558","10","4730756"
"JH378138","5809183","5809485","chr5","2273487","2273788","32","3535696"
"JH378138","5809677","5809979","chr20_KE148049v1_random","535731","536028","43","5273946"
"JH378138","5814329","5814643","chr2","34891557","34891863","36","29077228"
"JH378138","5818451","5818545","chr22","82220107","82220203","8","76401656"
"JH378138","5819907","5819984","chr10","95538249","95538325","10","89718342"
"JH378138","5828576","5828665","chr3","65349691","65349782","12","59521115"
"JH378138","5850780","5850874","chr22","82220107","82220203","11","76369327"
"JH378138","5896490","5896777","chr25","51030152","51030441","40","45133662"
"JH378138","5904550","5904705","chr14","96205099","96205251","31","90300549"
"JH378138","5905314","5905424","chr15","11001156","11001268","18","5095842"
"JH378138","5912269","5912580","chr11","115525233","115525542","30","109612964"
"JH378138","5940426","5940504","chr13","63031813","63031889","10","57091387"
"JH378138","5950223","5950515","chr12","10064948","10065242","29","4114725"
"JH378138","5957653","5957947","chr9","90943231","90943523","30","84985578"
"JH378138","5972932","5973046","chr20","115102100","115102215","13","109129168"
"JH378138","5992755","5993031","chr1","33690485","33690764","43","27697730"
"JH378138","5996565","5996835","chr25","73791320","73791585","33","67794755"
"JH378138","6117316","6117391","chr13","63031813","63031889","7","56914497"
"JH378138","6121355","6121431","chr13","63031813","63031889","8","56910458"
"JH378138","6122509","6122801","chr20","41083983","41084274","41","34961474"
"JH378138","6169477","6169784","chr5","2273487","2273788","30","3895990"
"JH378138","6191531","6191832","chr23","68451127","68451430","31","62259596"
"JH378138","6242773","6243048","chr9","81627454","81627740","50","75384681"
"JH378138","6263005","6263313","chr6","39327037","39327335","49","33064032"
"JH378138","6294035","6294318","chr19","19697247","19697527","35","13403212"
"JH378138","6297009","6297301","chr18","66189352","66189642","31","59892343"
"JH378138","6327700","6327790","chr3","65349691","65349782","11","59021991"
"JH378138","6355263","6355479","chr21","108099075","108099288","60","101743812"
"JH378138","6370445","6370545","chr22","82220107","82220203","10","75849662"
"JH378138","6384043","6384338","chr10","35324287","35324576","37","28940244"
"JH378138","6388876","6389149","chr2","13763685","13763972","50","7374809"
"JH378138","6394308","6394605","chr1","65504304","65504612","35","59109996"
"JH378138","6458356","6458630","chr10","86547030","86547304","44","80088674"
"JH378138","6473501","6473789","chr20","104630107","104630400","37","98156606"
"JH378138","6510838","6511135","chr26","18927734","18928036","41","12416896"
"JH378138","6528225","6528510","chr19","22892545","22892830","32","16364320"
"JH378138","6652132","6652437","chr12","48064694","48064994","38","41412562"
"JH378138","6695334","6695411","chr10","95538249","95538325","10","88842915"
"JH378138","6735571","6735883","chr26","40597720","40598027","35","33862149"
"JH378138","6748551","6748788","chr15","9282855","9283089","47","2534304"
"JH378138","6770301","6770631","chr15","76857404","76857733","46","70087103"
"JH378138","6781925","6782217","chr1","26491346","26491637","39","19709421"
"JH378138","6783172","6783482","chr7","104545722","104546030","36","97762550"
"JH378138","6819367","6819559","chr13","86585007","86585200","21","79765640"
"JH378138","6821874","6821947","chr13","63031813","63031889","7","56209939"
"JH378138","6847790","6848084","chr6","32156917","32157206","39","25309127"
"JH378138","6894856","6895151","chr16","12235438","12235730","32","5340582"
"JH378138","6936374","6936684","chr2","10154662","10154973","39","3218288"
"JH378138","6936688","6936999","chrX","6760221","6760522","36","176467"
"JH378138","7028424","7028518","chr22","82220107","82220203","9","75191683"
"JH378138","7092640","7092952","chr11","115525233","115525542","29","108432593"
"JH378138","7134521","7134809","chr23","59880771","59881057","34","52746250"
"JH378138","7152415","7152709","chr5","19230425","19230714","42","12078010"
"JH378138","7161115","7161420","chr19","1421502","1421792","45","5739613"
"JH378138","7171318","7171618","chrX","22889156","22889454","44","15717838"
"JH378138","7221184","7221479","chr25","2480161","2480453","40","4741023"
"JH378138","7242519","7242633","chr23","59230583","59230701","19","51988064"
"JH378138","7295953","7296254","chr17","64670150","64670452","48","57374197"
"JH378138","7329090","7329167","chr13","63031813","63031889","9","55702723"
"JH378138","7351973","7352275","chr12","10064948","10065242","31","2712975"
"JH378138","7429792","7430095","chr24","1147887","1148184","31","6281905"
"JH378138","7434925","7435231","chr14","83371933","83372231","34","75937008"
"JH378138","7462285","7462570","chr9","114015180","114015455","41","106552895"
"JH378138","7526582","7526873","chr1","112577097","112577392","37","105050515"
"JH378138","7554936","7555233","chr7","19777730","19778026","35","12222794"
"JH378138","7564033","7564320","chr25","61615818","61616106","49","54051785"
"JH378138","7571349","7571653","chr5","2273487","2273788","36","5297862"
"JH378138","7575926","7576236","chr18","56208944","56209251","37","48633018"
"JH378138","7601167","7601466","chr1","103415790","103416081","42","95814623"
"JH378138","7657412","7657594","chr4","59043310","59043490","25","51385898"
"JH378138","7719543","7719834","chr5","2845195","2845485","40","4874348"
"JH378138","7817458","7817715","chr9","96390861","96391117","31","88573403"
"JH378138","7824814","7825103","chr3","23047815","23048109","41","15223001"
"JH378138","7914007","7914292","chrX","60987121","60987417","50","53073114"
"JH378138","8095363","8095632","chr1","9765275","9765547","41","1669912"
"JH378138","8194032","8194349","chr1","108565860","108566161","43","100371828"
"JH378138","8244398","8244487","chr3","65349691","65349782","13","57105293"
"JH378138","8291404","8291494","chr12","7441397","7441481","13","850007"
"JH378138","8327933","8328226","chr25","81017700","81017987","39","72689767"
"JH378138","8348668","8348754","chr5","67880800","67880883","15","59532132"
"JH378138","8354516","8354629","chr6","1067449","1067558","17","7287067"
"JH378138","8493292","8493596","chr26","33275046","33275354","55","24781754"
"JH378138","8504385","8504707","chr25","85642603","85642903","51","77138218"
"JH378138","8517127","8517437","chr5","36774379","36774687","34","28257252"
"JH378138","8557622","8557911","chr12","10064948","10065242","32","1507326"
"JH378138","8565822","8566125","chr12","6781553","6781865","114","1784269"
"JH378138","8589672","8589979","chr2","34891557","34891863","43","26301885"
"JH378138","8616039","8616355","chr12","100257791","100258097","60","91641752"
"JH378138","8630031","8630150","chr15","90834689","90834810","8","82204658"
"JH378138","8693558","8693879","chr13","72044009","72044321","51","63350451"
"JH378138","8759605","8759910","chr21","120747708","120748005","50","111988103"
"JH378138","8807594","8807896","chr1","68219231","68219530","36","59411637"
"JH378138","8833597","8833890","chr10","56533422","56533699","37","47699825"
"JH378138","8846874","8847166","chr1","72070763","72071050","38","63223889"
"JH378138","8933484","8933780","chr13","65577132","65577425","36","56643648"
"JH378138","8950637","8950931","chr26","26157512","26157808","42","17206875"
"JH378138","8984311","8984623","chr20","111008432","111008743","42","102024121"
"JH378138","9038553","9038844","chr13","65577132","65577425","47","56538579"
"JH378138","9072758","9073066","chr11","20333718","20334026","40","11260960"
"JH378138","9082136","9082265","chr3","91348390","91348521","14","82266254"
"JH378138","9107706","9108005","chr8","117131340","117131633","63","108023634"
"JH378138","9176637","9176936","chr12","10064948","10065242","23","888311"
"JH378138","9189977","9190261","chr15","49165833","49166121","40","39975856"
"JH378138","9208904","9209211","chr1","65504304","65504612","40","56295400"
"JH378138","9374716","9375024","chr4","68085346","68085654","38","58710630"
"JH378138","9447285","9447577","chr5","57052211","57052505","44","47604926"
"JH378138","9511711","9512013","chr11","125798758","125799061","33","116287047"
"JH378138","9519923","9520033","chrX","25194654","25194764","12","15674731"
"JH378138","9522309","9522595","chr23","79066961","79067247","49","69544652"
"JH378138","9590420","9590701","chr16","63652876","63653158","37","54062456"
"JH378138","9636535","9636869","chr16","52975249","52975580","62","43338714"
"JH378138","9659781","9660082","chr18","56938378","56938675","36","47278597"
"JH378138","9784718","9784978","chr6","38291436","38291692","38","28506718"
"JH378138","9789054","9789327","chr16","26598390","26598667","49","16809336"
"JH378138","9818879","9819163","chr10","110727371","110727653","40","100908492"
"JH378138","9867670","9867970","chr1","108565860","108566161","31","98698190"
"JH378138","9955309","9955612","chr6","3845382","3845681","53","6109927"
"JH378138","9979072","9979352","chr2","10469163","10469450","51","490091"
"JH378138","9997958","9998259","chr8","95885898","95886192","48","85887940"
"JH378138","10003855","10004148","chr16","30637924","30638212","32","20634069"
"JH378138","10005824","10006133","chr2","58045145","58045453","37","48039321"
"JH378138","10068049","10068189","chr16","187527","187668","13","9880522"
"JH378138","10068290","10068501","chr10","19936200","19936409","43","9867910"
"JH378138","10084394","10084488","chr22","82220107","82220203","9","72135713"
"JH378138","10225140","10225375","chr22","72356293","72356532","43","62131153"
"JH378138","10256442","10256571","chr16","4500752","4500881","18","5755690"
"JH378138","10265970","10266259","chr15","29954614","29954908","33","19688644"
"JH378138","10278766","10279028","chr14","22745498","22745760","40","12466732"
"JH378138","10290413","10290721","chr1","49455532","49455836","60","39165119"
"JH378138","10305187","10305288","chrX","2017984","2018087","9","8287203"
"JH378138","10530024","10530318","chr12","10064948","10065242","35","465076"
"JH378138","10681447","10681732","chr4","50225644","50225922","37","39544197"
"JH378138","10685588","10685878","chr24","50014098","50014389","37","39328510"
"JH378138","10696457","10696759","chr10","118597337","118597632","40","107900880"
"JH378138","10766300","10766417","chr22","70066935","70067055","12","59300635"
"JH378138","10811975","10812055","chr15","5804676","5804761","7","5007299"
"JH378138","10833509","10833816","chr5","2273487","2273788","33","8560022"
"JH378138","10905072","10905351","chr2","54795759","54796045","52","43890687"
"JH378138","10983215","10983335","chr15","90834689","90834810","11","79851474"
"JH378138","11081653","11081946","chr15","86758708","86759003","36","75677055"
"JH378138","11184129","11184436","chr16","33182065","33182368","42","21997936"
"JH378138","11339843","11340108","chr16","22822260","22822528","38","11482417"
"JH378138","11352951","11353010","chr1","92593391","92593435","19","81240440"
"JH378138","11361801","11362085","chr2","15643914","15644197","41","4282113"
"JH378138","11397498","11397800","chr12","10064948","10065242","34","1332550"
"JH378138","11441147","11441449","chr5","26414766","26415062","42","14973619"
"JH378138","11552362","11552636","chr15","2355556","2355831","45","9196806"
"JH378138","11582950","11583243","chr13","65577132","65577425","44","53994182"
"JH378138","11623499","11623795","chr16","70684193","70684489","40","59060694"
"JH378138","11677070","11677348","chr20","41568447","41568725","51","29891377"
"JH378138","11703472","11703559","chr16","4405728","4405812","8","7297744"
"JH378138","11751174","11751462","chr25","66411787","66412075","36","54660613"
"JH378138","11819087","11819397","chr11","115525233","115525542","32","103706146"
"JH378138","12004246","12004554","chr11","51624065","51624366","31","39619819"
"JH378138","12118931","12119206","chr9","40692527","40692797","51","28573596"
"JH378138","12120481","12120786","chr5","20221828","20222136","33","8101347"
"JH378138","12142870","12143175","chr12","10064948","10065242","35","2077922"
"JH378138","12167232","12167524","chr1","115205454","115205746","43","103038222"
"JH378138","12181493","12181612","chr15","90834689","90834810","12","78653196"
"JH378138","12213641","12213920","chr6","35943573","35943854","34","23729932"
"JH378138","12223370","12223661","chr12","10064948","10065242","28","2158422"
"JH378138","12234721","12234853","chr7","92029614","92029746","33","79794893"
"JH378138","12268166","12268444","chr13","39172795","39173074","49","26904629"
"JH378138","12305274","12305572","chr6","37075091","37075389","32","24769817"
"JH378138","12334774","12334983","chr11","45536523","45536736","31","33201749"
"JH378138","12351620","12351908","chr10","643705","643994","45","11707915"
"JH378138","12356963","12357257","chr13","65577132","65577425","29","53220169"
"JH378138","12484802","12485103","chr11","1072049","1072341","39","11412753"
"JH378138","12567260","12567565","chr23","40478839","40479148","53","27911579"
"JH378138","12698070","12698354","chr11","126818840","126819124","38","114120770"
"JH378138","12799975","12800269","chr10","51876240","51876532","36","39076265"
"JH378138","12860545","12860860","chr5","64637755","64638059","47","51777210"
"JH378138","12905139","12905434","chr25","51030152","51030441","45","38125013"
"JH378138","12999729","13000000","chr21","19734529","19734792","48","6734800"
"JH378138","13223758","13223933","chr1","105262714","105262876","26","92038956"
"JH378138","13358599","13358739","chr9","86109665","86109806","18","72751066"
"JH378138","13361527","13361633","chr17","40217264","40217370","9","26855737"
"JH378138","13372858","13373065","chr2","41986599","41986802","23","28613741"
"JH378138","13517383","13517689","chr7","13881902","13882206","44","364519"
"JH378138","13771036","13771256","chr6","2372111","2372337","35","11398925"
"JH378138","13788146","13788457","chr16","30398852","30399159","36","16610706"
"JH378138","13798382","13798690","chrX","111977290","111977599","33","98178908"
"JH378138","13801610","13801911","chr20","85678793","85679086","51","71877183"
"JH378138","13879153","13879441","chr5","42662951","42663235","46","28783798"
"JH378138","13901365","13901472","chr1","62097932","62098038","12","48196567"
"JH378138","13918228","13918535","chr26","38024857","38025165","30","24106629"
"JH378138","13973269","13973556","chr15","65122808","65123099","40","51149539"
"JH378138","14018037","14018347","chrX","61294682","61294983","43","47276645"
"JH378138","14070495","14070764","chrX","13548339","13548610","42","522156"
"JH378138","14119751","14120062","chr25","6178482","6178787","42","7941269"
"JH378138","14121558","14121858","chr22","73263557","73263857","37","59141999"
"JH378138","14138273","14138345","chr24","71310208","71310284","15","57171935"
"JH378138","14170268","14170555","chr12","10064948","10065242","30","4105320"
"JH378138","14215214","14215476","chr22","92564818","92565080","42","78349604"
"JH378138","14236073","14236383","chr16","2510751","2511055","52","11725322"
"JH378138","14360602","14360905","chr9","96314869","96315163","40","81954267"
"JH378138","14483603","14483899","chr15","29954614","29954908","29","15471011"
"JH378138","14508268","14508559","chr20","121618255","121618545","34","107109987"
"JH378138","14535166","14535471","chr16","30398852","30399159","35","15863686"
"JH378138","14614665","14614974","chr1","65504304","65504612","31","50889639"
"JH378138","14626249","14626540","chr12","10064948","10065242","25","4561301"
"JH378138","14666088","14666379","chr18","5166611","5166907","40","9499477"
"JH378138","14679628","14679870","chrX","56071415","56071659","34","41391787"
"JH378138","14691569","14691699","chr16","31737705","31737835","9","17046136"
"JH378138","14746625","14746931","chr14","22799686","22799991","43","8053061"
"JH378138","14761529","14761814","chr19","19502742","19503020","37","4741213"
"JH378138","14797539","14797872","chr17","34674902","34675220","64","19877363"
"JH378138","14853349","14853649","chr20","106884868","106885166","46","92031519"
"JH378138","14892471","14892767","chr11","65101250","65101538","46","50208779"
"JH378138","14909572","14909875","chr11","55020829","55021127","37","40111257"
"JH378138","14940204","14940511","chr5","2273487","2273788","32","12666717"
"JH378138","14947226","14947525","chr11","124380849","124381147","45","109433623"
"JH378138","14960108","14960412","chr1","65504304","65504612","35","50544196"
"JH378138","14975465","14975719","chr24","79718722","79718979","49","64743257"
"JH378138","14986742","14987027","chr5","42662951","42663235","32","27676209"
"JH378138","15123670","15123943","chr20","90227198","90227480","46","75103528"
"JH378138","15168939","15169150","chr15","82175072","82175282","25","67006133"
"JH378138","15235342","15235649","chrX","84956070","84956370","37","69720728"
"JH378138","15312694","15313004","chr2","42763208","42763513","37","27450514"
"JH378138","15414259","15414397","chr25","64536958","64537093","26","49122699"
"JH378138","15432833","15433118","chr14","80284365","80284655","37","64851532"
"JH378138","15433272","15433539","chr5","34103098","34103364","31","18669826"
"JH378138","15470353","15470657","chr16","64430366","64430669","33","48960013"
"JH378138","15503122","15503387","chr23","72119497","72119773","53","56616375"
"JH378138","15537080","15537381","chrX","49838428","49838734","46","34301348"
"JH378138","15571039","15571348","chr1","19523613","19523919","38","3952574"
"JH378138","15572902","15573039","chr11","95753406","95753542","15","80180504"
"JH378138","15641156","15641473","chr8","32187026","32187333","41","16545870"
"JH378138","15724671","15724970","chr25","18828195","18828491","30","3103524"
"JH378138","15768898","15769014","chr12","103283271","103283388","20","87514373"
"JH378138","15837295","15837600","chr12","10064948","10065242","35","5772347"
"JH378138","15838918","15839213","chr12","10064948","10065242","37","5773970"
"JH378138","15839441","15839751","chr11","115525233","115525542","40","99685792"
"JH378138","15843219","15843523","chr2","20458247","20458552","45","4615028"
"JH378138","15894515","15894808","chr20","97353520","97353811","36","81459005"
"JH378138","15896697","15897007","chr12","10064948","10065242","34","5831749"
"JH378138","15938722","15939010","chr20","108907026","108907317","33","92968304"
"JH378138","15964849","15965044","chr14","66404707","66404912","47","50439858"
"JH378138","15979663","15979957","chr8","52344592","52344885","31","36364929"
"JH378138","15983964","15984259","chr12","10064948","10065242","31","5919016"
"JH378138","16000228","16000526","chr15","42041636","42041931","46","26041408"
"JH378138","16004449","16004756","chrX","60987121","60987417","42","44982672"
"JH378138","16007820","16008112","chr11","79391637","79391920","40","63383817"
"JH378138","16012249","16012554","chr17","35258575","35258878","37","19246326"
"JH378138","16041649","16041954","chr5","2273487","2273788","29","13768162"
"JH378138","16048499","16048806","chr2","56143790","56144095","43","40095291"
"JH378138","16058444","16058751","chr21","121143183","121143493","40","105084739"
"JH378138","16061865","16062148","chr26","15737333","15737619","38","324532"
"JH378138","16090453","16090756","chr14","83371933","83372231","33","67281480"
"JH378138","16100738","16100818","chrX","61343536","61343611","14","45242798"
"JH378138","16101735","16101824","chr19","7758593","7758681","10","8343142"
"JH378138","16107767","16108069","chr14","37615851","37616147","36","21508084"
"JH378138","16108507","16108801","chr12","10064948","10065242","27","6043559"
"JH378138","16111275","16111588","chr5","13154183","13154488","50","2957092"
"JH378138","16111595","16111876","chr24","10740029","10740316","61","5371566"
"JH378138","16120834","16121134","chr16","31632439","31632734","36","15511605"
"JH378138","16129930","16130048","chr4","60395666","60395783","13","44265736"
"JH378138","16132899","16133188","chr20","107314633","107314930","54","91181734"
"JH378138","16153131","16153419","chr22","73078887","73079180","41","56925756"
"JH378138","16160784","16160934","chr12","98335345","98335492","27","82174561"
"JH378138","16162133","16162414","chr7","132429422","132429698","41","116267289"
"JH378138","16162871","16163167","chr21","74368618","74368909","38","58205747"
"JH378138","16171018","16171311","chr17","14670888","14671181","47","1500130"
"JH378138","16181378","16181663","chr9","26807010","26807295","40","10625632"
"JH378138","16357677","16357976","chr29","8289755","8290055","29","8067922"
"JH378138","16364353","16364650","chr1","68219231","68219530","38","51854878"
"JH378138","16395768","16396080","chr8","26352201","26352513","39","9956433"
"JH378138","16417274","16417585","chr24","26573636","26573935","47","10156362"
"JH378138","16516246","16516518","chr7","87348687","87348960","38","70832441"
"JH378138","16521864","16522178","chr2","34891557","34891863","35","18369693"
"JH378138","16546216","16546465","chr1","83625954","83626213","46","67079738"
"JH378138","16558034","16558326","chr10","45160172","45160461","42","28602138"
"JH378138","16559875","16560176","chr14","44038439","44038738","39","27478564"
"JH378138","16566437","16566759","chr7","11558472","11558799","58","5007965"
"JH378138","16658293","16658579","chr11","14094782","14095068","39","2563511"
"JH378138","16678763","16679065","chr15","76463027","76463333","43","59784264"
"JH378138","16785366","16785442","chr13","63031813","63031889","7","46246447"
"JH378138","16798203","16798495","chr16","8044417","8044707","35","8753786"
"JH378138","16824608","16824736","chr3","91348390","91348521","13","74523782"
"JH378138","16865218","16865513","chr12","10064948","10065242","26","6800270"
"JH378138","16870599","16870694","chr22","82220107","82220203","9","65349508"
"JH378138","16911099","16911407","chr2","25122492","25122796","38","8211393"
"JH378138","16941237","16941587","chr22","52035172","52035502","76","35093935"
"JH378138","16944662","16944944","chr4","23954589","23954870","42","7009927"
"JH378138","16958403","16958706","chr14","83371933","83372231","34","66413530"
"JH378138","17008242","17008543","chr8","93926175","93926473","44","76917933"
"JH378138","17010635","17010918","chr13","65577132","65577425","42","48566497"
"JH378138","17041765","17042054","chr13","83084677","83084970","38","66042912"
"JH378138","17074195","17074473","chr4","65100601","65100882","46","48026406"
"JH378138","17463699","17463995","chr12","10064948","10065242","31","7398751"
"JH378138","17464227","17464527","chr22","79312691","79312998","38","61848464"
"JH378138","17509307","17509605","chrX","17246394","17246689","35","262913"
"JH378138","17540362","17540485","chr3","72385674","72385796","12","54845312"
"JH378138","17599709","17599999","chr25","28024617","28024913","45","10424908"
"JH378138","17693950","17694239","chr5","42662951","42663235","37","24969001"
"JH378138","17738398","17738716","chr11","115525233","115525542","41","97786835"
"JH378138","17949588","17949893","chr8","96089866","96090170","39","78140278"
"JH378138","18012469","18012756","chr10","35324287","35324576","44","17311818"
"JH378138","18067553","18067753","chr6","16017631","16017832","34","2049922"
"JH378138","18114964","18115248","chr7","36147466","36147756","45","18032502"
"JH378138","18142993","18143249","chr27","47423413","47423674","31","29280420"
"JH378138","18308199","18308496","chr12","10064948","10065242","23","8243251"
"JH378138","18313620","18313860","chr7","44770275","44770514","48","26456655"
"JH378138","18479575","18479736","chr6","50639632","50639794","22","32160057"
"JH378138","18485795","18485940","chr22","71422253","71422394","18","52936458"
"JH378138","18609369","18609671","chr10","111637485","111637783","35","93028116"
"JH378138","18700884","18701006","chr11","104248796","104248920","17","85547912"
"JH378138","18742848","18742937","chr3","65349691","65349782","11","46606843"
"JH378138","18754629","18754937","chr12","74217361","74217667","28","55462732"
"JH378138","18763984","18764275","chr5","2845195","2845485","41","15918789"
"JH378138","18828402","18828525","chr15","90834689","90834810","10","72006287"
"JH378138","18835407","18835716","chr21","85602981","85603272","49","66767574"
"JH378138","18846892","18846998","chr1","39939684","39939788","11","21092792"
"JH378138","18905171","18905438","chr18","66249703","66249966","38","47344532"
"JH378138","18993310","18993507","chr19","5662814","5663015","24","13330496"
"JH378138","18999098","18999412","chr10","47669467","47669767","43","28670369"
"JH378138","19048890","19049157","chr21","10780465","10780722","38","8268425"
"JH378138","19130754","19130974","chr13","54942555","54942779","29","35811801"
"JH378138","19135960","19136260","chr1","103415790","103416081","39","84279830"
"JH378138","19214251","19214554","chr5","36774379","36774687","37","17560128"
"JH378138","19251945","19252249","chr1","32168654","32168947","47","12916709"
"JH378138","19258275","19258541","chr8","111520402","111520660","43","92262127"
"JH378138","19420976","19421291","chr11","84795218","84795524","45","65374242"
"JH378138","19499390","19499687","chr12","10064948","10065242","28","9434442"
"JH378138","19504264","19504341","chr10","95538249","95538325","9","76033985"
"JH378138","19560047","19560349","chr9","103498946","103499244","39","83938899"
"JH378138","19653959","19654067","chr6","1067449","1067558","13","18586510"
"JH378138","19661049","19661335","chr11","107153610","107153896","41","87492561"
"JH378138","19667594","19667895","chrX","6760221","6760522","46","12907373"
"JH378138","19672597","19672881","chr15","51873344","51873627","45","32200747"
"JH378138","19785504","19785729","chr2","56323894","56324119","41","36538390"
"JH378138","19834364","19834652","chr6","32068883","32069174","41","12234519"
"JH378138","19835522","19835616","chr22","82220107","82220203","13","62384585"
"JH378138","19864295","19864580","chr8","137784392","137784691","59","117920097"
"JH378138","19884695","19884990","chr18","20041513","20041803","60","156818"
"JH378138","19898960","19899239","chr6","44675473","44675756","43","24776513"
"JH378138","19929911","19930202","chr23","41419601","41419894","45","21489690"
"JH378138","20024170","20024247","chr13","63031813","63031889","11","43007643"
"JH378138","20041945","20042232","chr8","75315240","75315524","37","55273295"
"JH378138","20071501","20071779","chr5","21193983","21194260","36","1122482"
"JH378138","20074305","20074577","chr5","17006315","17006587","42","3067990"
"JH378138","20101514","20101798","chr24","8700184","8700468","38","11401330"
"JH378138","20109259","20109567","chr25","68714102","68714408","42","48604843"
"JH378138","20114581","20114873","chr10","8909912","8910203","33","11204669"
"JH378138","20121891","20122192","chr26","9300679","9300984","38","10821212"
"JH378138","20141156","20141459","chr11","40065935","40066232","45","19924779"
"JH378138","20162286","20162560","chr21","106798480","106798745","52","86636194"
"JH378138","20166635","20166938","chr5","2273487","2273788","36","17893148"
"JH378138","20176816","20177119","chr1","108565860","108566161","40","88389044"
"JH378138","20199851","20200131","chr14","92191883","92192164","42","71992032"
"JH378138","20209640","20209940","chr8","62723683","62723979","42","42514043"
"JH378138","20234448","20234745","chr18","71629517","71629808","41","51395069"
"JH378138","20242796","20243081","chr25","27279592","27279878","55","7036796"
"JH378138","20300407","20300675","chr25","21354242","21354511","39","1053835"
"JH378138","20317894","20318190","chr12","10064948","10065242","31","10252946"
"JH378138","20356537","20356844","chr9","56054568","56054867","40","35698031"
"JH378138","20389710","20390005","chr12","10064948","10065242","32","10324762"
"JH378138","20396758","20397056","chr10","111637485","111637783","32","91240727"
"JH378138","20408778","20409082","chr15","53491132","53491438","41","33082354"
"JH378138","20466106","20466231","chr1","8688937","8689061","16","11777169"
"JH378138","20482658","20482965","chr26","20283532","20283836","38","199126"
"JH378138","20495528","20495837","chr24","70146905","70147203","41","49651377"
"JH378138","20509116","20509420","chr8","52344592","52344885","43","31835476"
"JH378138","20560166","20560249","chr16","4405728","4405812","9","16154438"
"JH378138","20633798","20633899","chrX","2017984","2018087","12","18615814"
"JH378138","20647632","20647941","chr2","58045145","58045453","29","37397513"
"JH378138","20673109","20673374","chr9","19449982","19450259","53","1223127"
"JH378138","20675435","20675548","chr11","128539002","128539115","11","107863567"
"JH378138","20716046","20716200","chr9","59130238","59130387","18","38414192"
"JH378139","18874319","18874643","chr13","84743392","84743699","57","65869073"
"JH378139","1179487","1179780","chr26","17907530","17907825","35","16728043"
"JH378139","7864073","7864375","chr20","51521167","51521467","41","43657094"
"JH378139","8502","8796","chr1","103415790","103416081","47","103407288"
"JH378139","19399","19704","chr5","2273487","2273788","27","2254088"
"JH378139","29927","30148","chr2","9968196","9968421","33","9938269"
"JH378139","38140","38431","chr8","1916519","1916819","42","1878379"
"JH378139","42499","42629","chr21","75559315","75559443","12","75516816"
"JH378139","86472","86746","chr16","55817885","55818169","50","55731413"
"JH378139","195526","195819","chr25","56498862","56499159","30","56303336"
"JH378139","226554","226864","chr12","74217361","74217667","31","73990807"
"JH378139","368340","368624","chr21","52911622","52911903","31","52543282"
"JH378139","417259","417553","chr11","117737181","117737478","40","117319922"
"JH378139","468596","468879","chr5","26494257","26494539","40","26025661"
"JH378139","485395","485694","chr12","10064948","10065242","33","9579553"
"JH378139","588039","588304","chr22","91959188","91959456","34","91371149"
"JH378139","629715","629991","chr12","13260494","13260774","37","12630779"
"JH378139","671875","672181","chr6","11870631","11870930","38","11198756"
"JH378139","682116","682343","chr15","9282855","9283089","38","8600739"
"JH378139","742980","743282","chr9","38833439","38833737","44","38090459"
"JH378139","753963","754270","chrX","18278407","18278706","40","17524444"
"JH378139","808090","808384","chr26","23072554","23072847","40","22264464"
"JH378139","819545","819864","chr5","14569519","14569836","48","13749974"
"JH378139","835001","835300","chr5","57462893","57463195","53","56627892"
"JH378139","836270","836553","chrX","95460911","95461200","49","94624641"
"JH378139","873752","874049","chr5","12221637","12221934","35","11347885"
"JH378139","878727","879001","chr13","56916327","56916592","40","56037600"
"JH378139","880736","880835","chr22","82220107","82220203","10","81339371"
"JH378139","882661","882952","chr12","10064948","10065242","34","9182287"
"JH378139","908021","908311","chr13","83426665","83426953","40","82518644"
"JH378139","911214","911486","chr1","111829907","111830168","40","110918693"
"JH378139","917555","917809","chr11","44436513","44436764","35","43518958"
"JH378139","972394","972658","chr2","28528551","28528816","44","27556157"
"JH378139","980486","980787","chr23","41434219","41434517","37","40453733"
"JH378139","994590","994850","chrX","50208947","50209208","47","49214357"
"JH378139","1005024","1005330","chr4","71100937","71101237","42","70095913"
"JH378139","1016503","1016788","chr21","37446792","37447077","35","36430289"
"JH378139","1025134","1025444","chr1","65504304","65504612","27","64479170"
"JH378139","1053683","1053969","chr18","71480316","71480609","36","70426633"
"JH378139","1094555","1094856","chrX","8531639","8531937","39","7437084"
"JH378139","1103941","1104077","chrX","60368209","60368339","20","59264268"
"JH378139","1110741","1110893","chr28","9879323","9879479","24","8768582"
"JH378139","1139209","1139299","chr3","65349691","65349782","9","64210482"
"JH378139","1152636","1152904","chr8","16250981","16251236","55","15098345"
"JH378139","1169710","1170001","chr21","115159074","115159359","40","113989364"
"JH378139","1211082","1211365","chr28","9524525","9524809","43","8313443"
"JH378139","1212385","1212686","chr18","3203332","3203636","35","1990947"
"JH378139","1217957","1218259","chr25","61615818","61616106","40","60397861"
"JH378139","1219521","1219651","chr19","20225547","20225670","14","19006026"
"JH378139","1219752","1219916","chr15","90845759","90845918","24","89626007"
"JH378139","1234917","1235019","chr22","82220107","82220203","12","80985190"
"JH378139","1241508","1241784","chr11","71540840","71541126","58","70299332"
"JH378139","1346046","1346363","chr6","15953108","15953417","43","14607062"
"JH378139","1363357","1363653","chr14","79729598","79729899","42","78366241"
"JH378139","1365162","1365442","chr8","40512521","40512800","37","39147359"
"JH378139","1371597","1371879","chr14","70441301","70441579","41","69069704"
"JH378139","1378529","1378818","chr1","32168654","32168947","38","30790125"
"JH378139","1392660","1392856","chr6","20765823","20766016","29","19373163"
"JH378139","1408310","1408604","chr11","115525233","115525542","45","114116923"
"JH378139","1426422","1426714","chr19","22167847","22168138","39","20741425"
"JH378139","1428747","1429025","chr4","52117674","52117951","40","50688927"
"JH378139","1444889","1445185","chr8","95885898","95886192","40","94441009"
"JH378139","1459851","1460158","chr2","34891557","34891863","41","33431706"
"JH378139","1498663","1498950","chr9","86640988","86641280","37","85142325"
"JH378139","1508082","1508220","chr3","90669571","90669712","11","89161489"
"JH378139","1510556","1510853","chr16","47268673","47268972","45","45758117"
"JH378139","1520805","1521111","chr18","5878184","5878487","33","4357379"
"JH378139","1533393","1533518","chr1","8688937","8689061","11","7155544"
"JH378139","1572203","1572482","chr17","39626947","39627230","43","38054744"
"JH378139","1610951","1611240","chrX","95460911","95461200","32","93849960"
"JH378139","1635226","1635509","chr24","51032663","51032946","34","49397437"
"JH378139","1637937","1638010","chr13","63031813","63031889","8","61393876"
"JH378139","1639112","1639340","chr8","42988753","42988978","41","41349641"
"JH378139","1641245","1641543","chr6","39327037","39327335","42","37685792"
"JH378139","1649948","1650257","chr11","58110010","58110310","41","56460062"
"JH378139","1674966","1675072","chr6","1067449","1067558","13","607517"
"JH378139","1697837","1697939","chrX","2017984","2018087","7","320147"
"JH378139","1732155","1732452","chr9","43165199","43165493","34","41433044"
"JH378139","1741525","1741832","chr8","1760359","1760667","35","18834"
"JH378139","1747770","1748071","chr10","118597337","118597632","41","116849567"
"JH378139","1756651","1756957","chr10","110777554","110777859","43","109020903"
"JH378139","1782458","1782568","chr6","1067449","1067558","13","715009"
"JH378139","1784924","1785006","chr16","4405728","4405812","9","2620804"
"JH378139","1792375","1792694","chr8","61372236","61372557","44","59579861"
"JH378139","1809010","1809297","chr20","121618255","121618545","30","119809245"
"JH378139","1812323","1812631","chr26","18977354","18977652","38","17165031"
"JH378139","1819625","1819938","chr28","13557476","13557782","49","11737851"
"JH378139","1826599","1826729","chr16","31737705","31737835","12","29911106"
"JH378139","1831695","1831987","chr23","1470083","1470380","38","361612"
"JH378139","1860868","1861165","chrX","23977849","23978143","30","22116981"
"JH378139","1870552","1870860","chr2","35933723","35934028","35","34063171"
"JH378139","1871456","1871603","chr7","75271378","75271525","16","73399922"
"JH378139","1901157","1901449","chr13","65577132","65577425","36","63675975"
"JH378139","1947381","1947680","chr12","10064948","10065242","24","8117567"
"JH378139","1951021","1951302","chr25","72637168","72637451","41","70686147"
"JH378139","1958477","1958764","chr9","102911491","102911775","41","100953014"
"JH378139","1990372","1990592","chr23","42110057","42110277","31","40119685"
"JH378139","2051145","2051251","chr6","1067449","1067558","11","983696"
"JH378139","2059873","2060170","chr14","44038439","44038738","32","41978566"
"JH378139","2061129","2061228","chr8","130031152","130031255","18","127970023"
"JH378139","2075827","2076131","chr16","67850196","67850497","47","65774369"
"JH378139","2096631","2096946","chr8","1760359","1760667","40","336272"
"JH378139","2105077","2105397","chr22","79312691","79312998","41","77207614"
"JH378139","2148183","2148468","chr7","91833238","91833529","42","89685055"
"JH378139","2162219","2162512","chr11","16140631","16140920","38","13978412"
"JH378139","2176754","2177046","chr29","12355751","12356042","31","10178997"
"JH378139","2219952","2220248","chr12","10064948","10065242","30","7844996"
"JH378139","2228077","2228153","chr14","82607999","82608075","11","80379922"
"JH378139","2272218","2272504","chr10","18371829","18372121","34","16099611"
"JH378139","2285218","2285524","chr15","60324899","60325206","35","58039681"
"JH378139","2313061","2313209","chr9","59130238","59130387","12","56817177"
"JH378139","2323543","2323847","chr22","73263557","73263857","32","70940014"
"JH378139","2327914","2328223","chr16","30398852","30399159","36","28070938"
"JH378139","2331293","2331606","chr1","65504304","65504612","37","63173011"
"JH378139","2367486","2367569","chr5","67880800","67880883","5","65513314"
"JH378139","2390612","2390907","chr19","7193786","7194075","33","4803174"
"JH378139","2395137","2395210","chr4","11929707","11929771","18","9534570"
"JH378139","2416398","2416685","chr11","19611133","19611417","39","17194735"
"JH378139","2436031","2436281","chr12","6401463","6401710","28","3965432"
"JH378139","2455075","2455389","chr1","108565860","108566161","41","106110785"
"JH378139","2456435","2456733","chr26","18958181","18958482","51","16501746"
"JH378139","2457349","2457437","chr22","82220107","82220203","14","79762758"
"JH378139","2458010","2458159","chr24","12006231","12006380","13","9548221"
"JH378139","2461231","2461522","chr9","90943231","90943523","37","88482000"
"JH378139","2473727","2474052","chr12","10064948","10065242","119","7591221"
"JH378139","2474627","2474843","chr25","73647297","73647508","32","71172670"
"JH378139","2477286","2477583","chr3","9525767","9526055","36","7048481"
"JH378139","2486576","2486878","chr12","10064948","10065242","34","7578372"
"JH378139","2500983","2501294","chr26","38024857","38025165","34","35523874"
"JH378139","2532206","2532511","chr8","61573708","61574011","39","59041502"
"JH378139","2567159","2567293","chr11","95753406","95753542","14","93186247"
"JH378139","2570257","2570543","chr12","77711353","77711643","37","75141096"
"JH378139","2583000","2583291","chr16","11247440","11247731","43","8664440"
"JH378139","2589283","2589571","chr5","42662951","42663235","37","40073668"
"JH378139","2591851","2592119","chr5","64740909","64741173","58","62149058"
"JH378139","2621684","2621944","chr16","1444868","1445117","48","1176816"
"JH378139","2626382","2626673","chr22","4646329","4646625","38","2019947"
"JH378139","2631399","2631674","chr3","78814189","78814455","40","76182790"
"JH378139","2637034","2637342","chr9","31512918","31513226","35","28875884"
"JH378139","2651130","2651203","chr13","63031813","63031889","7","60380683"
"JH378139","2659939","2660231","chr20","108907026","108907317","41","106247087"
"JH378139","2672060","2672367","chr9","12091044","12091343","38","9418984"
"JH378139","2729779","2730083","chr5","2273487","2273788","29","456292"
"JH378139","2754578","2754851","chr10","70870649","70870922","34","68116071"
"JH378139","2797725","2798032","chr5","2273487","2273788","33","524238"
"JH378139","2801731","2801818","chr19","7758593","7758681","9","4956862"
"JH378139","2859015","2859304","chr6","30540703","30540993","35","27681688"
"JH378139","2869072","2869370","chr5","26254744","26255037","39","23385672"
"JH378139","2880242","2880441","chr14","89949072","89949278","47","87068830"
"JH378139","2883209","2883477","chr5","21193983","21194260","32","18310774"
"JH378139","2891968","2892062","chr22","82220107","82220203","8","79328139"
"JH378139","2897281","2897562","chr1","69161184","69161465","42","66263903"
"JH378139","2918575","2918724","chr15","57712545","57712693","22","54793970"
"JH378139","2928044","2928342","chr16","33182065","33182368","41","30254021"
"JH378139","2946486","2946772","chr8","40123508","40123792","39","37177022"
"JH378139","2955918","2956217","chr6","37075091","37075389","47","34119173"
"JH378139","2969335","2969670","chr10","72956484","72956800","56","69987149"
"JH378139","2971398","2971706","chr15","4774522","4774830","40","1803124"
"JH378139","2988136","2988444","chr12","12869342","12869649","33","9881206"
"JH378139","3003004","3003313","chr2","58045145","58045453","29","55042141"
"JH378139","3010197","3010495","chr16","44672648","44672947","36","41662451"
"JH378139","3022742","3023044","chr14","73509821","73510122","32","70487079"
"JH378139","3030306","3030600","chrX","23977849","23978143","39","20947543"
"JH378139","3051843","3052112","chrX","111062211","111062478","45","108010368"
"JH378139","3056125","3056435","chr28","4550302","4550608","38","1494177"
"JH378139","3095580","3095886","chr5","2273487","2273788","29","822093"
"JH378139","3098164","3098283","chr22","10148142","10148260","28","7049978"
"JH378139","3124874","3125186","chr1","117421772","117422077","34","114296898"
"JH378139","3132008","3132248","chr20","20049923","20050167","33","16917915"
"JH378139","3227925","3227986","chr10","52258526","52258587","9","49030601"
"JH378139","3230907","3231181","chr24","76614329","76614607","39","73383422"
"JH378139","3238352","3238651","chr26","33226493","33226795","42","29988141"
"JH378139","3262476","3262767","chr9","87675035","87675319","40","84412559"
"JH378139","3307471","3307739","chr21","61152043","61152312","38","57844572"
"JH378139","3326639","3326940","chr3","1424957","1425259","41","1901682"
"JH378139","3327645","3327966","chr2","35933723","35934028","46","32606078"
"JH378139","3341544","3341854","chr14","22799686","22799991","45","19458142"
"JH378139","3380698","3381008","chr19","22811307","22811608","44","19430609"
"JH378139","3384573","3384828","chr16","65251314","65251569","33","61866741"
"JH378139","3443384","3443668","chr11","42115371","42115662","37","38671987"
"JH378139","3539608","3539887","chr9","114015180","114015455","41","110475572"
"JH378139","3545737","3546038","chr13","29495614","29495913","44","25949877"
"JH378139","3569378","3569556","chr14","81643384","81643566","26","78074006"
"JH378139","3588120","3588430","chrX","28194989","28195297","32","24606869"
"JH378139","3621837","3622091","chr7","49713033","49713293","52","46091196"
"JH378139","3670358","3670649","chrX","18750094","18750379","38","15079736"
"JH378139","3717962","3718236","chr12","12434992","12435260","39","8717030"
"JH378139","3764400","3764717","chr26","38024857","38025165","41","34260457"
"JH378139","3780089","3780398","chr7","55940173","55940475","39","52160084"
"JH378139","3835724","3836029","chr14","27700149","27700448","36","23864425"
"JH378139","3924994","3925307","chr15","18549945","18550246","38","14624951"
"JH378139","4020804","4021069","chr6","39042365","39042625","44","35021561"
"JH378139","4037777","4037907","chr1","97802296","97802426","13","93764519"
"JH378139","4083135","4083444","chr5","2273487","2273788","33","1809648"
"JH378139","4092506","4092797","chrX","23977849","23978143","39","19885343"
"JH378139","4189480","4189807","chr16","52975249","52975580","60","48785769"
"JH378139","4285823","4286129","chr2","25122492","25122796","34","20836669"
"JH378139","4333587","4333884","chr10","55224096","55224386","48","50890509"
"JH378139","4353026","4353326","chr12","10064948","10065242","30","5711922"
"JH378139","4369408","4369498","chr3","65349691","65349782","11","60980283"
"JH378139","4434563","4434845","chr1","6297188","6297472","50","1862625"
"JH378139","4560534","4560740","chr8","77150176","77150374","34","72589642"
"JH378139","4577126","4577398","chr20","39709402","39709680","50","35132276"
"JH378139","4618644","4618948","chr21","121143183","121143493","39","116524539"
"JH378139","4651532","4651831","chr15","12031507","12031804","38","7379975"
"JH378139","4680846","4680984","chr11","22740963","22741102","22","18060117"
"JH378139","4832897","4833191","chr1","68219231","68219530","51","63386334"
"JH378139","4855861","4856169","chr20","20539479","20539784","41","15683618"
"JH378139","4870330","4870679","chr10","24213698","24214016","77","19343368"
"JH378139","4905733","4906036","chr23","34591432","34591727","34","29685699"
"JH378139","4906496","4906797","chr4","73035785","73036085","32","68129289"
"JH378139","4908319","4908430","chr6","1067449","1067558","11","3840870"
"JH378139","4916495","4916791","chrX","104601258","104601549","35","99684763"
"JH378139","4991754","4992043","chr12","105972284","105972572","36","100980530"
"JH378139","5015326","5015636","chr11","115525233","115525542","33","110509907"
"JH378139","5016635","5016928","chrX","104601258","104601549","32","99584623"
"JH378139","5020205","5020509","chr21","13830726","13831028","39","8810521"
"JH378139","5047511","5047679","chr9","86110097","86110273","26","81062586"
"JH378139","5048506","5048786","chr16","56594844","56595126","50","51546338"
"JH378139","5064889","5064971","chr20","86496231","86496314","6","81431342"
"JH378139","5075490","5075610","chr22","70066935","70067055","11","64991445"
"JH378139","5080445","5080731","chrUn_KE147546v1","260439","260720","47","4820006"
"JH378139","5088743","5089042","chr20","91789557","91789859","39","86700814"
"JH378139","5134708","5134842","chr8","38695074","38695205","19","33560366"
"JH378139","5161507","5161807","chr15","3702894","3703194","37","1458613"
"JH378139","5185500","5185800","chr12","10064948","10065242","25","4879448"
"JH378139","5232274","5232576","chr5","2273487","2273788","33","2958787"
"JH378139","5282242","5282551","chr27","22888845","22889148","36","17606603"
"JH378139","5290743","5291043","chr3","29967257","29967552","37","24676514"
"JH378139","5380312","5380614","chr1","102632874","102633171","37","97252562"
"JH378139","5387671","5387977","chr2","85725803","85726102","41","80338132"
"JH378139","5409624","5409903","chr24","76614329","76614607","36","71204705"
"JH378139","5416935","5417227","chr21","19686661","19686955","34","14269726"
"JH378139","5440736","5440814","chr20","104949712","104949791","11","99508976"
"JH378139","5442238","5442534","chr14","36838987","36839275","53","31396749"
"JH378139","5450321","5450623","chrX","89393412","89393716","36","83943091"
"JH378139","5628684","5628964","chr13","68048794","68049075","39","62420110"
"JH378139","5645283","5645586","chr7","38253253","38253557","46","32607970"
"JH378139","5655517","5655812","chr13","75976745","75977032","35","70321228"
"JH378139","5671166","5671472","chr5","36774379","36774687","34","31103213"
"JH378139","5684418","5684675","chr7","123612419","123612675","40","117928001"
"JH378139","5765549","5765855","chrX","23977849","23978143","44","18212300"
"JH378139","5833958","5834242","chrX","22015718","22015995","38","16181760"
"JH378139","5839606","5839877","chr1","18162340","18162615","53","12322734"
"JH378139","5864769","5865059","chr13","65577132","65577425","36","59712363"
"JH378139","5901936","5902248","chr17","54691676","54691976","34","48789740"
"JH378139","5913137","5913272","chr1","110380135","110380266","14","104466998"
"JH378139","6232964","6233266","chr26","56179571","56179873","37","49946607"
"JH378139","6455204","6455498","chr8","11575259","11575553","38","5120055"
"JH378139","6492379","6492674","chr12","10064948","10065242","32","3572569"
"JH378139","6512537","6512834","chr23","35045928","35046223","28","28533391"
"JH378139","6545166","6545458","chr1","46924304","46924587","43","40379138"
"JH378139","6613319","6613626","chr7","97906577","97906878","40","91293258"
"JH378139","6620349","6620598","chr9","109040412","109040645","50","102420063"
"JH378139","6654657","6654945","chr2","6843755","6844035","38","189098"
"JH378139","6716602","6716908","chr5","36774379","36774687","34","30057777"
"JH378139","6783072","6783371","chr12","10064948","10065242","44","3281876"
"JH378139","6826437","6826743","chr1","65504304","65504612","40","58677867"
"JH378139","6871426","6871710","chr7","36238086","36238370","36","29366660"
"JH378139","6893349","6893585","chr22","72356293","72356532","28","65462944"
"JH378139","6921985","6922298","chr2","43185063","43185371","34","36263078"
"JH378139","6926995","6927296","chr11","127249496","127249797","48","120322501"
"JH378139","6944651","6944872","chr12","104574975","104575178","50","97630324"
"JH378139","7001260","7001563","chr5","18412225","18412520","41","11410965"
"JH378139","7006754","7007011","chr9","96390861","96391117","41","89384107"
"JH378139","7056976","7057291","chr2","58045145","58045453","36","50988169"
"JH378139","7123829","7124137","chr4","16518246","16518552","36","9394417"
"JH378139","7228952","7229273","chr2","34891557","34891863","42","27662605"
"JH378139","7251468","7251769","chr7","99172603","99172901","37","91921135"
"JH378139","7257862","7258170","chr1","65504304","65504612","32","58246442"
"JH378139","7272388","7272696","chr10","97221783","97222089","32","89949395"
"JH378139","7304365","7304638","chr1","46392836","46393107","42","39088471"
"JH378139","7482861","7483147","chrX","671272","671550","42","6811589"
"JH378139","7501239","7501461","chr2","71829717","71829942","35","64328478"
"JH378139","7539054","7539350","chr12","10064948","10065242","28","2525894"
"JH378139","7541782","7542079","chr2","12113745","12114044","33","4571963"
"JH378139","7590540","7590793","chr1","55903397","55903645","35","48312857"
"JH378139","7710876","7711163","chr15","54120993","54121279","34","46410117"
"JH378139","7730040","7730343","chr12","10064948","10065242","39","2334908"
"JH378139","7740511","7740780","chr14","43587127","43587393","41","35846616"
"JH378139","7742258","7742549","chr20","121618255","121618545","30","113875997"
"JH378139","7751725","7751802","chr10","95538249","95538325","8","87786524"
"JH378139","7774326","7774411","chr16","4405728","4405812","7","3368598"
"JH378139","7775126","7775206","chr5","67880800","67880883","8","60105674"
"JH378139","7779312","7779556","chr16","4608206","4608469","64","3171106"
"JH378139","7793279","7793380","chr1","39939684","39939788","12","32146405"
"JH378139","7817190","7817277","chr16","4405728","4405812","10","3411462"
"JH378139","7833842","7834157","chr11","58110010","58110310","49","50276168"
"JH378139","7842588","7842689","chrX","2017984","2018087","11","5824604"
"JH378139","7844172","7844248","chr13","63031813","63031889","8","55187641"
"JH378139","7874406","7874716","chr1","2872653","2872961","34","5001753"
"JH378139","7877534","7877702","chr16","2616080","2616249","27","5261454"
"JH378139","7891998","7892302","chr5","36774379","36774687","42","28882381"
"JH378139","7894016","7894312","chr12","92270046","92270338","48","84376030"
"JH378139","7912274","7912412","chr6","3375709","3375847","13","4536565"
"JH378139","8023325","8023587","chr11","124554795","124555054","37","116531470"
"JH378139","8046183","8046485","chr5","2273487","2273788","45","5772696"
"JH378139","8048278","8048578","chr12","10064948","10065242","33","2016670"
"JH378139","8094780","8095079","chr20","120656877","120657168","40","112562097"
"JH378139","8104747","8105040","chr8","95885898","95886192","31","87781151"
"JH378139","8153107","8153406","chr20","90919822","90920120","39","82766715"
"JH378139","8197275","8197578","chr12","10064948","10065242","38","1867673"
"JH378139","8200811","8201115","chr20","93545480","93545771","35","85344669"
"JH378139","8201566","8201656","chr3","65349691","65349782","10","57148125"
"JH378139","8219979","8220268","chr3","73466676","73466959","118","65246697"
"JH378139","8237721","8237819","chr22","82220107","82220203","10","73982386"
"JH378139","8249903","8250141","chr25","83059316","83059553","28","74809413"
"JH378139","8261197","8261316","chr6","11193830","11193948","16","2932633"
"JH378139","8261774","8261984","chr2","41986599","41986802","20","33724825"
"JH378139","8273971","8274276","chrX","125302543","125302844","38","117028572"
"JH378139","8287319","8287444","chrX","7665538","7665663","12","621781"
"JH378139","8293374","8293462","chr20","8489737","8489826","12","196363"
"JH378139","8305497","8305796","chr9","118970228","118970526","34","110664731"
"JH378139","8318743","8318884","chr12","42755129","42755268","15","34436386"
"JH378139","8326098","8326388","chr6","44675473","44675756","38","36349375"
"JH378139","8344655","8344728","chr13","63031813","63031889","8","54687158"
"JH378139","8384340","8384636","chr7","99172603","99172901","41","90788263"
"JH378139","8414982","8415264","chr2","49104477","49104770","39","40689495"
"JH378139","8424544","8424638","chr22","82220107","82220203","10","73795563"
"JH378139","8456768","8457041","chr29","13153533","13153792","71","4696765"
"JH378139","8469929","8470220","chr11","42115371","42115662","38","33645442"
"JH378139","8507692","8507808","chr15","53595698","53595816","12","45088006"
"JH378139","8587300","8587503","chr12","106587426","106587613","47","98000126"
"JH378139","8588837","8589125","chr2","5829314","5829613","41","2759523"
"JH378139","8685550","8685673","chr3","72385674","72385796","10","63700124"
"JH378139","8991394","8991707","chr17","35258575","35258878","43","26267181"
"JH378139","9001765","9002055","chrX","23977849","23978143","45","14976084"
"JH378139","9025983","9026290","chr2","58045145","58045453","30","49019162"
"JH378139","9047048","9047121","chr13","63031813","63031889","10","53984765"
"JH378139","9422885","9423200","chr2","60329716","60330028","48","50906831"
"JH378139","9520712","9521002","chr21","75861886","75862178","32","66341174"
"JH378139","9604906","9605199","chr12","10064948","10065242","28","460042"
"JH378139","9684983","9685284","chr12","10064948","10065242","34","379965"
"JH378139","9709876","9710137","chr11","117793063","117793332","41","108083187"
"JH378139","9828033","9828328","chr5","2273487","2273788","36","7554546"
"JH378139","9854430","9854506","chr22","67161065","67161137","13","57306635"
"JH378139","9882991","9883300","chr29","8289755","8290055","38","1593236"
"JH378139","9946279","9946570","chr23","34591432","34591727","40","24645153"
"JH378139","9972712","9973000","chr11","1072049","1072341","40","8900663"
"JH378139","9973860","9974161","chr21","120861494","120861791","30","110887634"
"JH378139","9996247","9996537","chr4","55267557","55267843","31","45271310"
"JH378139","10081168","10081445","chrX","61008485","61008763","36","50927317"
"JH378139","10103915","10104211","chr10","88358087","88358381","39","78254172"
"JH378139","10106128","10106431","chr1","64693832","64694133","41","54587704"
"JH378139","10121314","10121622","chr17","35258575","35258878","35","25137261"
"JH378139","10156477","10156587","chr6","1067449","1067558","9","9089028"
"JH378139","10160326","10160628","chr16","33182065","33182368","35","23021739"
"JH378139","10178822","10179103","chr18","66189352","66189642","48","56010530"
"JH378139","10211983","10212269","chr11","19611133","19611417","40","9399150"
"JH378139","10224652","10224918","chr22","7105991","7106256","41","3118661"
"JH378139","10226217","10226522","chr1","68219231","68219530","34","57993014"
"JH378139","10232827","10232973","chr9","59130238","59130387","16","48897411"
"JH378139","10238620","10238944","chr17","44640522","44640808","139","34401902"
"JH378139","10269085","10269362","chr1","69161184","69161465","41","58892099"
"JH378139","10271492","10271725","chr26","14438107","14438343","35","4166615"
"JH378139","10274503","10274808","chr6","15953108","15953417","47","5678605"
"JH378139","10276203","10276496","chrX","22279223","22279520","50","12003020"
"JH378139","10278667","10278951","chr5","34103098","34103364","44","23824431"
"JH378139","10279775","10280027","chr14","1503310","1503557","48","8776465"
"JH378139","10364581","10364671","chr3","65349691","65349782","11","54985110"
"JH378139","10370860","10371173","chr12","74217361","74217667","34","63846501"
"JH378139","10375546","10375852","chr12","10064948","10065242","31","310598"
"JH378139","10378533","10378839","chr14","46248685","46248980","37","35870152"
"JH378139","10388662","10388961","chr14","37615851","37616147","34","27227189"
"JH378139","10391893","10391983","chr2","20207498","20207586","14","9815605"
"JH378139","10399126","10399426","chr23","40897282","40897583","49","30498156"
"JH378139","10410839","10411139","chr12","10064948","10065242","32","345891"
"JH378139","10429775","10429839","chr10","99734047","99734096","21","89304272"
"JH378139","10437017","10437324","chr3","26301255","26301562","46","15864238"
"JH378139","10441773","10441891","chr15","90834689","90834810","11","80392916"
"JH378139","10448502","10448589","chr16","4405728","4405812","10","6042774"
"JH378139","10463361","10463649","chr20","97353520","97353811","35","86890159"
"JH378139","10479906","10480016","chr6","1067449","1067558","10","9412457"
"JH378139","10484335","10484425","chr19","7758593","7758681","10","2725742"
"JH378139","10498248","10498546","chr4","65468064","65468353","40","54969816"
"JH378139","10523927","10524080","chr24","12006650","12006799","26","1482723"
"JH378139","10531448","10531696","chr3","27147134","27147379","37","16615686"
"JH378139","10534761","10534964","chr12","22471276","22471481","30","11936515"
"JH378139","10536779","10537083","chrX","23977849","23978143","40","13441070"
"JH378139","10586901","10586975","chr13","63031813","63031889","8","52444912"
"JH378139","10618997","10619278","chr16","63652876","63653158","41","53033879"
"JH378139","10673305","10673619","chr1","65504304","65504612","37","54830999"
"JH378139","10695455","10695765","chr6","30836295","30836597","45","20140840"
"JH378139","10724153","10724451","chr8","1641343","1641640","35","9082810"
"JH378139","10735109","10735414","chr12","10064948","10065242","35","670161"
"JH378139","10788148","10788450","chr13","81598386","81598684","34","70810238"
"JH378139","10793113","10793432","chr11","14201994","14202301","43","3408881"
"JH378139","10869690","10869987","chr1","103415790","103416081","31","92546100"
"JH378139","10943735","10944035","chr12","10064948","10065242","31","878787"
"JH378139","10962598","10962893","chr12","10064948","10065242","23","897650"
"JH378139","11006876","11007186","chr17","35258575","35258878","34","24251699"
"JH378139","11067322","11067607","chr20","75127208","75127485","41","64059886"
"JH378139","11082699","11083009","chr2","34891557","34891863","33","23808858"
"JH378139","11102843","11103122","chr20","110049578","110049860","38","98946735"
"JH378139","11126316","11126391","chr13","63031813","63031889","7","51905497"
"JH378139","11173696","11173990","chr8","95885898","95886192","33","84712202"
"JH378139","11180880","11181196","chr11","115525233","115525542","37","104344353"
"JH378139","11186768","11187071","chr16","34474642","34474941","35","23287874"
"JH378139","11198711","11199006","chr8","40438332","40438620","31","29239621"
"JH378139","11217177","11217463","chr6","47082404","47082694","34","35865227"
"JH378139","11217750","11218059","chr12","102135104","102135405","39","90917354"
"JH378139","11289565","11289676","chr24","48537275","48537387","15","37247710"
"JH378139","11339585","11339867","chr24","40562105","40562391","39","29222520"
"JH378139","11359292","11359375","chr5","67880800","67880883","8","56521508"
"JH378139","11404234","11404315","chr16","3308866","3308945","10","8095368"
"JH378139","11480521","11480813","chr12","10064948","10065242","30","1415573"
"JH378139","11483587","11483882","chr13","14614965","14615259","36","3131378"
"JH378139","11487539","11487848","chr21","112319488","112319774","57","100831949"
"JH378139","11533391","11533683","chr12","10064948","10065242","39","1468443"
"JH378139","11540315","11540603","chr5","42662951","42663235","30","31122636"
"JH378139","11567858","11567949","chr3","65349691","65349782","15","53781833"
"JH378139","11617244","11617524","chr2","34541558","34541838","42","22924314"
"JH378139","11628017","11628247","chr14","100875178","100875404","32","89247161"
"JH378139","11723699","11724010","chr26","33226493","33226795","39","21502794"
"JH378139","11783574","11783871","chr16","68064668","68064974","43","56281094"
"JH378139","11916791","11917048","chr1","56838660","56838912","39","44921869"
"JH378139","11958633","11958932","chr18","71480316","71480609","31","59521683"
"JH378139","12056639","12056958","chr11","15440409","15440712","48","3383770"
"JH378139","12059305","12059602","chr8","21494594","21494885","34","9435289"
"JH378139","12114342","12114638","chr17","35258575","35258878","40","23144233"
"JH378139","12255639","12255930","chr2","5168180","5168471","32","7087459"
"JH378139","12345897","12346198","chrX","50127586","50127886","38","37781689"
"JH378139","12348862","12349161","chr26","17948662","17948962","39","5599800"
"JH378139","12383252","12383546","chr1","68836205","68836506","38","56452953"
"JH378139","12383547","12383722","chr16","27154374","27154550","24","14770827"
"JH378139","12403540","12403856","chr14","22799686","22799991","46","10396146"
"JH378139","12462758","12462890","chr12","68799564","68799697","24","56336806"
"JH378139","12473149","12473446","chr10","118597337","118597632","29","106124188"
"JH378139","12485489","12485787","chr1","99384482","99384781","39","86898993"
"JH378139","12502431","12502735","chr16","36406475","36406775","37","23904044"
"JH378139","12532616","12532911","chr12","10064948","10065242","24","2467668"
"JH378139","12565591","12565885","chr7","91833238","91833529","33","79267647"
"JH378139","12569468","12569774","chr5","2273487","2273788","35","10295981"
"JH378139","12676912","12677034","chrX","7665538","7665663","13","5011374"
"JH378139","12682110","12682409","chr12","10064948","10065242","32","2617162"
"JH378139","12689824","12690133","chr12","74217361","74217667","38","61527537"
"JH378139","12692171","12692478","chr17","55983832","55984132","36","43291661"
"JH378139","12732982","12733287","chrX","125302543","125302844","35","112569561"
"JH378139","12735952","12736240","chr4","90774485","90774773","40","78038533"
"JH378139","12763424","12763726","chr26","3613406","3613706","39","9150018"
"JH378139","12765408","12765720","chr6","15953108","15953417","44","3187700"
"JH378139","12774970","12775264","chr3","88960138","88960433","37","76185168"
"JH378139","12778769","12778859","chr3","65349691","65349782","11","52570922"
"JH378139","12779261","12779566","chr18","44879897","44880198","33","32100636"
"JH378139","12779987","12780291","chr19","9824759","9825062","31","2955228"
"JH378139","12792009","12792312","chr26","46287307","46287615","44","33495298"
"JH378139","12803984","12804259","chr23","29781662","29781939","47","16977678"
"JH378139","12834583","12834690","chr6","1067449","1067558","12","11767134"
"JH378139","12867749","12868024","chr17","49198839","49199105","45","36331090"
"JH378139","12873167","12873480","chr2","34891557","34891863","32","22018390"
"JH378139","12880287","12880587","chr2","34385406","34385706","41","21505119"
"JH378139","12935667","12935970","chr5","2273487","2273788","35","10662180"
"JH378139","13043803","13044109","chr3","1023207","1023513","38","12020596"
"JH378139","13053446","13053757","chr5","2273487","2273788","35","10779959"
"JH378139","13054754","13055048","chr7","99172603","99172901","42","86117849"
"JH378139","13083128","13083218","chr19","7758593","7758681","11","5324535"
"JH378139","13138767","13139049","chr19","26635890","26636181","47","13497123"
"JH378139","13200626","13200920","chrX","23977849","23978143","38","10777223"
"JH378139","13222120","13222420","chr12","10064948","10065242","24","3157172"
"JH378139","13267610","13267869","chr9","92500633","92500888","35","79233023"
"JH378139","13271688","13271981","chr2","23955715","23956011","60","10684027"
"JH378139","13311564","13311861","chr2","16485138","16485431","39","3173574"
"JH378139","13318475","13318816","chr3","37955466","37955795","45","24636991"
"JH378139","13367944","13368073","chr1","97802296","97802426","13","84434352"
"JH378139","13381270","13381539","chrX","119965831","119966113","56","106584561"
"JH378139","13389405","13389700","chr25","28024617","28024913","31","14635212"
"JH378139","13419969","13420274","chr8","27070266","27070572","46","13650297"
"JH378139","13456327","13456605","chr4","53346939","53347217","42","39890612"
"JH378139","13546326","13546402","chr13","63031813","63031889","7","49485487"
"JH378139","13550114","13550412","chr12","10064948","10065242","24","3485166"
"JH378139","13584077","13584366","chr12","10064948","10065242","35","3519129"
"JH378139","13588967","13589278","chr2","34891557","34891863","37","21302590"
"JH378139","13599540","13599848","chr6","16598509","16598818","36","2998969"
"JH378139","13622399","13622703","chr12","10064948","10065242","30","3557451"
"JH378139","13683798","13684092","chr3","19154026","19154319","31","5470228"
"JH378139","13688471","13688792","chr1","65504304","65504612","46","51815833"
"JH378139","13706355","13706638","chr9","87675035","87675319","51","73968680"
"JH378139","13710254","13710552","chr1","47766353","47766648","39","34056099"
"JH378139","13711016","13711123","chr1","62097932","62098038","10","48386916"
"JH378139","13718955","13719258","chr3","4850775","4851075","40","8868180"
"JH378139","13722313","13722403","chr3","65349691","65349782","11","51627378"
"JH378139","13729188","13729369","chr20","45817691","45817873","29","32088503"
"JH378139","13738721","13739025","chr5","27918350","27918656","34","14179629"
"JH378139","13742414","13742720","chr1","65504304","65504612","35","51761890"
"JH378139","13750999","13751253","chr23","36968203","36968460","42","23217204"
"JH378139","13751268","13751568","chr11","117737181","117737478","32","103985913"
"JH378139","13752391","13752540","chr9","59130238","59130387","17","45377847"
"JH378139","13765313","13765397","chr16","4405728","4405812","8","9359585"
"JH378139","13790605","13790900","chr18","5166611","5166907","28","8623994"
"JH378139","13794896","13795186","chr8","115068172","115068461","39","101273276"
"JH378139","13818887","13819193","chr2","13842925","13843217","59","24038"
"JH378139","13824852","13825148","chr12","10064948","10065242","28","3759904"
"JH378139","13831917","13832211","chr9","22769458","22769754","54","8937541"
"JH378139","13844528","13844829","chr14","83371933","83372231","34","69527405"
"JH378139","13878690","13878997","chr4","13863293","13863605","48","15397"
"JH378139","13881814","13881893","chr16","3308866","3308945","8","10572948"
"JH378139","13885863","13886158","chr12","10064948","10065242","30","3820915"
"JH378139","13899409","13899494","chr5","67880800","67880883","8","53981391"
"JH378139","13912555","13912870","chr15","3702894","3703194","42","10209661"
"JH378139","13919707","13919812","chr1","62097932","62098038","10","48178225"
"JH378139","13926166","13926463","chr12","10064948","10065242","26","3861218"
"JH378139","13930099","13930406","chr6","31365170","31365478","33","17435071"
"JH378139","13936334","13936583","chr8","16250981","16251236","38","2314647"
"JH378139","13938007","13938289","chr6","40582273","40582553","32","26644266"
"JH378139","13968141","13968270","chr20","20852752","20852882","12","6884611"
"JH378139","13968962","13969112","chr9","59130238","59130387","12","45161276"
"JH378139","13982128","13982424","chr12","10064948","10065242","30","3917180"
"JH378139","13988730","13988975","chr11","119259842","119260088","31","105271112"
"JH378139","13990061","13990138","chr13","63031813","63031889","8","49041752"
"JH378139","13991435","13991717","chr12","6781553","6781865","127","7209882"
"JH378139","13993217","13993359","chr10","8700232","8700372","15","5292985"
"JH378139","14037205","14037511","chr20_KE148049v1_random","535731","536028","34","13501474"
"JH378139","14043182","14043270","chr5","67880800","67880883","10","53837618"
"JH378139","14091770","14092070","chr12","10064948","10065242","43","4026822"
"JH378139","14098485","14098780","chr12","10064948","10065242","34","4033537"
"JH378139","14102839","14102912","chr13","63031813","63031889","9","48928974"
"JH378139","14153112","14153314","chr15","18550255","18550450","49","4397143"
"JH378139","14154228","14154518","chr1","68832399","68832687","41","54678171"
"JH378139","14156425","14156724","chr24","35541584","35541883","35","21385159"
"JH378139","14163860","14163950","chr3","65349691","65349782","11","51185831"
"JH378139","14168148","14168263","chr24","81549581","81549693","15","67381433"
"JH378139","14171647","14171947","chr5","2273487","2273788","33","11898160"
"JH378139","14176886","14177198","chr5","27918350","27918656","40","13741464"
"JH378139","14181636","14181755","chr6","44144914","44145033","13","29963278"
"JH378139","14201414","14201633","chr13","7317370","7317589","31","6884044"
"JH378139","14224330","14224419","chr19","7758593","7758681","10","6465737"
"JH378139","14232945","14233247","chr24","1147887","1148184","43","13085058"
"JH378139","14239035","14239125","chr3","65349691","65349782","10","51110656"
"JH378139","14248651","14248781","chr3","91348390","91348521","12","77099739"
"JH378139","14251035","14251150","chr20","115102100","115102215","11","100851065"
"JH378139","14252031","14252133","chr1","39939684","39939788","9","25687653"
"JH378139","14254620","14254936","chr7","37159294","37159601","47","22904674"
"JH378139","14268354","14268459","chr1","39939684","39939788","9","25671330"
"JH378139","14269711","14269885","chr9","12914565","12914736","31","1355146"
"JH378139","14289887","14290192","chr5","2273487","2273788","48","12016400"
"JH378139","14294298","14294375","chr13","63031813","63031889","8","48737515"
"JH378139","14360637","14360929","chr9","56479961","56480252","40","42119324"
"JH378139","14372446","14372750","chr17","35258575","35258878","31","20886129"
"JH378139","14389398","14389698","chr20","66243623","66243916","37","51854225"
"JH378139","14403593","14403884","chr8","95885898","95886192","43","81482305"
"JH378139","14404235","14404536","chr22","70744630","70744933","32","56340395"
"JH378139","14416296","14416594","chr4","69800553","69800850","36","55384257"
"JH378139","14430082","14430380","chr11","42115371","42115662","41","27685289"
"JH378139","14431032","14431339","chr21","120937201","120937510","40","106506169"
"JH378139","14452406","14452702","chr13","65577132","65577425","31","51124726"
"JH378139","14481938","14482217","chr14","36948045","36948324","37","22466107"
"JH378139","14498491","14498795","chr20","7540190","7540493","40","6958301"
"JH378139","14503260","14503396","chrY","2747802","2747940","21","11755458"
"JH378139","14522033","14522311","chr7","36238086","36238370","44","21716053"
"JH378139","14530547","14530633","chr16","4405728","4405812","8","10124819"
"JH378139","14532812","14533121","chr12","10064948","10065242","33","4467864"
"JH378139","14555025","14555325","chr1","103415790","103416081","42","88860765"
"JH378139","14571313","14571570","chr20","116428512","116428772","48","101857199"
"JH378139","14617246","14617545","chr1","68219231","68219530","35","53601985"
"JH378139","14621147","14621395","chr6","38195454","38195705","36","23574307"
"JH378139","14637195","14637503","chr1","2872653","2872961","38","11764542"
"JH378139","14678633","14678881","chr16","73748539","73748789","30","59069906"
"JH378139","14688274","14688551","chr19","1411739","1412015","42","13276535"
"JH378139","14693398","14693697","chr6","29861707","29862004","31","15168309"
"JH378139","14695730","14695833","chr1","39939684","39939788","12","25243954"
"JH378139","14722390","14722699","chr7","105479991","105480292","38","90757601"
"JH378139","14731752","14732068","chr6","15953108","15953417","42","1221356"
"JH378139","14743694","14743996","chr14","75577127","75577428","37","60833433"
"JH378139","14758448","14758761","chr18","31540660","31540966","41","16782212"
"JH378139","14791367","14791629","chrX","50208947","50209208","32","35417580"
"JH378139","14805911","14806110","chr20","28787815","28787990","40","13981904"
"JH378139","14905718","14906021","chr5","4142056","4142360","33","10763662"
"JH378139","14995417","14995708","chr11","12143435","12143724","45","2851982"
"JH378139","15029626","15029917","chr6","32045639","32045931","41","17016013"
"JH378139","15033103","15033406","chr19","10628119","10628425","42","4404984"
"JH378139","15050668","15050983","chr8","96089866","96090170","37","81039198"
"JH378139","15059311","15059577","chr21","35798011","35798296","46","20738700"
"JH378139","15086504","15086814","chr27","3949561","3949866","42","11136943"
"JH378139","15150944","15151233","chr6","2768739","2769024","34","12382205"
"JH378139","15204679","15204989","chr14","22799686","22799991","40","7595007"
"JH378139","15205224","15205471","chr2","37218876","37219122","38","22013652"
"JH378139","15258074","15258200","chrX","7665538","7665663","13","7592536"
"JH378139","15291559","15291860","chr7","95139767","95140065","42","79848208"
"JH378139","15305538","15305614","chr13","63031813","63031889","6","47726275"
"JH378139","15356578","15356859","chr2","34541558","34541838","46","19184980"
"JH378139","15372871","15373163","chr23","77656505","77656800","35","62283634"
"JH378139","15450948","15451204","chr22","88832832","88833087","34","73381884"
"JH378139","15462376","15462658","chr12","10064948","10065242","34","5397428"
"JH378139","15505727","15505991","chr16","11261049","11261322","59","4244678"
"JH378139","15521010","15521309","chr12","10064948","10065242","35","5456062"
"JH378139","15526120","15526415","chr18","3203332","3203636","42","12322788"
"JH378139","15562263","15562573","chr1","65504304","65504612","30","49942041"
"JH378139","15562574","15562792","chr22","58750746","58750957","40","43188172"
"JH378139","15589367","15589456","chr19","7758593","7758681","10","7830774"
"JH378139","15676582","15676854","chr20","116428512","116428772","37","100751930"
"JH378139","15679921","15680190","chr1","33690485","33690764","46","18010564"
"JH378139","15841161","15841473","chr16","55157456","55157764","34","39316295"
"JH378139","15847352","15847646","chr9","90943231","90943523","37","75095879"
"JH378139","15913989","15914284","chr11","47284357","47284657","39","31370368"
"JH378139","15917983","15918270","chr29","23114673","23114962","36","7196690"
"JH378139","15923688","15923996","chr2","34891557","34891863","42","18967869"
"JH378139","15925325","15925615","chr2","57057847","57058127","44","41132522"
"JH378139","15964430","15964668","chr19","32633029","32633255","37","16668599"
"JH378139","16024787","16025093","chr10","68558120","68558423","47","52533333"
"JH378139","16031445","16031749","chr12","32317211","32317511","33","16285766"
"JH378139","16057265","16057522","chr20","116428512","116428772","36","100371247"
"JH378139","16065198","16065486","chrX","66483446","66483732","41","50418248"
"JH378139","16069204","16069520","chr11","115525233","115525542","37","99456029"
"JH378139","16103567","16103800","chrX","112046945","112047179","35","95943378"
"JH378139","16112047","16112361","chr3","20237905","20238212","32","4125858"
"JH378139","16150218","16150502","chr1","115205454","115205746","45","99055236"
"JH378139","16173947","16174253","chr24","80996460","80996769","49","64822513"
"JH378139","16178898","16179011","chr13","61112232","61112346","12","44933334"
"JH378139","16219871","16220181","chr6","10625136","10625443","62","5594735"
"JH378139","16248300","16248623","chr12","6781553","6781865","90","9466747"
"JH378139","16268957","16269047","chr20","8489737","8489826","10","7779220"
"JH378139","16307634","16307941","chr2","34891557","34891863","42","18583923"
"JH378139","16309012","16309313","chr13","81598386","81598684","35","65289374"
"JH378139","16370264","16370562","chr11","105213946","105214237","32","88843682"
"JH378139","16372821","16373131","chr9","86268193","86268501","42","69895372"
"JH378139","16435725","16435853","chr3","91348390","91348521","12","74912665"
"JH378139","16437962","16438264","chr23","76279630","76279926","46","59841668"
"JH378139","16443058","16443362","chr23","34591432","34591727","40","18148374"
"JH378139","16523725","16524036","chr5","2273487","2273788","36","14250238"
"JH378139","16574688","16574989","chr24","69804893","69805182","43","53230205"
"JH378139","16593535","16593854","chr5","2324242","2324550","42","14269293"
"JH378139","16605176","16605456","chr20","121618255","121618545","33","105013079"
"JH378139","16623016","16623312","chr16","52593115","52593412","34","35970099"
"JH378139","16630670","16630932","chr19","20099185","20099450","37","3468515"
"JH378139","16668843","16669145","chr24","41868881","41869186","37","25200038"
"JH378139","16735213","16735498","chr14","79801787","79802070","35","63066574"
"JH378139","16742937","16743032","chr16","37093185","37093297","27","20350248"
"JH378139","16743634","16743785","chrX","127610421","127610569","33","110866787"
"JH378139","16848953","16849264","chr14","18217445","18217755","41","1368492"
"JH378139","16894247","16894522","chr1","103733461","103733745","47","86839214"
"JH378139","16913201","16913307","chr24","81412056","81412162","23","64498855"
"JH378139","16944877","16945173","chr28","17258986","17259280","49","314109"
"JH378139","16973902","16974168","chr20","116428512","116428772","33","99454610"
"JH378139","17031920","17032068","chr9","59130238","59130387","18","42098318"
"JH378139","17109304","17109617","chr12","74217361","74217667","44","57108057"
"JH378139","17191806","17192097","chr14","83371933","83372231","30","66180127"
"JH378139","17222526","17222617","chr13","23647091","23647185","11","6424565"
"JH378139","17234648","17234950","chr23","34683155","34683450","37","17448507"
"JH378139","17242880","17243173","chr23","44247755","44248062","49","27004875"
"JH378139","17246899","17247200","chr12","10064948","10065242","27","7181951"
"JH378139","17343678","17343976","chr1","68219231","68219530","31","50875553"
"JH378139","17350890","17351162","chr2","82904028","82904295","40","65553138"
"JH378139","17364599","17364897","chrX","23977849","23978143","35","6613250"
"JH378139","17397899","17397982","chr20","86496231","86496314","5","69098332"
"JH378139","17481383","17481689","chr11","58110010","58110310","35","40628627"
"JH378139","17504411","17504687","chr3","16150666","16150931","47","1353745"
"JH378139","17534566","17534701","chr11","95753406","95753542","12","78218840"
"JH378139","17551269","17551540","chr7","99947626","99947896","57","82396357"
"JH378139","17572204","17572492","chr10","37907569","37907871","44","20335365"
"JH378139","17574038","17574281","chr9","16492964","16493209","44","1081074"
"JH378139","17636941","17637069","chr1","97802296","97802426","13","80165355"
"JH378139","17743778","17744060","chr22","79089199","79089487","38","61345421"
"JH378139","17751887","17752192","chr2","25122492","25122796","44","7370605"
"JH378139","17760763","17761056","chr12","10064948","10065242","31","7695815"
"JH378139","17763306","17763594","chr20","7605671","7605957","34","10157635"
"JH378139","17775024","17775321","chr23","48458906","48459200","34","30683882"
"JH378139","17795236","17795540","chr28","13557476","13557782","32","4237760"
"JH378139","17808456","17808756","chr12","10064948","10065242","29","7743508"
"JH378139","17811998","17812255","chr22","88832832","88833087","30","71020834"
"JH378139","17821977","17822288","chr11","115525233","115525542","31","97703256"
"JH378139","17839377","17839454","chr13","63031813","63031889","8","45192436"
"JH378139","17852851","17853000","chr9","59130238","59130387","14","41277387"
"JH378139","17855813","17856103","chr2","49104477","49104770","40","31248664"
"JH378139","17869453","17869718","chr5","57856103","57856358","37","39986650"
"JH378139","17874441","17874530","chr19","7758593","7758681","10","10115848"
"JH378139","17886710","17886785","chr13","63031813","63031889","8","45145103"
"JH378139","17892618","17892893","chr12","13260494","13260774","40","4632124"
"JH378139","17910107","17910372","chr20","80564542","80564813","36","62654435"
"JH378139","17935065","17935350","chr10","127495198","127495486","36","109560133"
"JH378139","17963607","17963653","chr6","34762026","34762068","12","16798419"
"JH378139","17966427","17966714","chr3","9525767","9526055","46","8440660"
"JH378139","17968450","17968762","chrX","125302543","125302844","41","107334093"
"JH378139","18024558","18024836","chr11","104323668","104323955","48","86299110"
"JH378139","18027098","18027379","chr24","50106580","50106856","41","32079482"
"JH378139","18055229","18055529","chr12","10064948","10065242","29","7990281"
"JH378139","18062638","18062940","chr3","22013697","22014006","36","3951059"
"JH378139","18074414","18074714","chr8","1916519","1916819","35","16157895"
"JH378139","18081736","18082037","chr12","10064948","10065242","28","8016788"
"JH378139","18103200","18103480","chr12","18835626","18835904","35","732426"
"JH378139","18107264","18107570","chr21","61694225","61694523","40","43586961"
"JH378139","18109658","18109946","chr1","50373457","50373747","36","32263799"
"JH378139","18120864","18120958","chr22","82220107","82220203","11","64099243"
"JH378139","18141562","18141844","chr11","91667482","91667773","36","73525920"
"JH378139","18145591","18145850","chr9","96390861","96391117","34","78245270"
"JH378139","18173710","18173996","chr5","21193983","21194260","41","3020273"
"JH378139","18184352","18184627","chr11","12774928","12775192","48","5409424"
"JH378139","18187305","18187400","chr22","82220107","82220203","9","64032802"
"JH378139","18196948","18197250","chr12","10064948","10065242","36","8132000"
"JH378139","18202222","18202537","chr21","119821443","119821760","49","101619221"
"JH378139","18225621","18225923","chr12","18922571","18922865","47","696950"
"JH378139","18234899","18235040","chr9","86109665","86109806","15","67874766"
"JH378139","18285479","18285788","chr1","65504304","65504612","28","47218825"
"JH378139","18311504","18311633","chr20","20852752","20852882","10","2541248"
"JH378139","18320830","18321140","chr13","84743392","84743699","41","66422562"
"JH378139","18324862","18325021","chr15","90845759","90845918","18","72520897"
"JH378139","18342785","18343092","chr4","16808054","16808360","34","1534731"
"JH378139","18348378","18348687","chr26","18977354","18977652","39","628976"
"JH378139","18367520","18367823","chr5","2273487","2273788","30","16094033"
"JH378139","18390196","18390316","chr22","70066935","70067055","14","51676739"
"JH378139","18398731","18399049","chrX","62513903","62514213","39","44115172"
"JH378139","18411511","18411810","chr12","10064948","10065242","26","8346563"
"JH378139","18450978","18451284","chr19","23977337","23977645","48","5526359"
"JH378139","18463925","18464241","chr3","20237905","20238212","46","1773980"
"JH378139","18466377","18466680","chrX","23977849","23978143","36","5511472"
"JH378139","18486087","18486177","chr3","65349691","65349782","11","46863604"
"JH378139","18542397","18542472","chr13","63031813","63031889","7","44489416"
"JH378139","18576335","18576628","chr24","67239754","67240052","36","48663419"
"JH378139","18600388","18600693","chr5","2273487","2273788","31","16326901"
"JH378139","18614851","18615145","chr26","18016592","18016893","37","598259"
"JH378139","18621031","18621338","chr12","106807603","106807904","36","88186572"
"JH378139","18642106","18642333","chr11","126175108","126175340","28","107533002"
"JH378139","18643361","18643663","chr27","9572447","9572747","45","9070914"
"JH378139","18649194","18649404","chr11","45536523","45536736","28","26887329"
"JH378139","18666784","18667071","chr13","65577132","65577425","31","46910348"
"JH378139","18668915","18669066","chr14","105947942","105948080","42","87279027"
"JH378139","18673624","18673904","chr12","26827271","26827548","31","8153647"
"JH378139","18706862","18707000","chr11","95753406","95753542","13","77046544"
"JH378139","18744183","18744320","chr6","3375709","3375847","14","15368474"
"JH378139","18771648","18771954","chr20","46933799","46934103","40","28162151"
"JH378139","18780491","18780797","chr1","7267031","7267336","36","11513460"
"JH378139","18880802","18881102","chr20_KE148049v1_random","535731","536028","30","18345071"
"JH378139","18885037","18885326","chr26","15737333","15737619","37","3147704"
"JH378139","18889514","18889804","chr14","79801787","79802070","40","60912273"
"JH378139","18894922","18895124","chr19","5662814","5663015","29","13232108"
"JH378139","18902803","18903110","chr5","2273487","2273788","35","16629316"
"JH378139","18936136","18936438","chrX","125978862","125979170","43","107042726"
"JH378139","18957782","18958097","chr26","6059541","6059849","33","12898241"
"JH378139","19007694","19007980","chr5","60799645","60799930","40","41791951"
"JH378139","19012879","19013175","chr15","86758708","86759003","32","67745829"
"JH378139","19018973","19019304","chrX","17562546","17562861","61","1456427"
"JH378139","19022652","19022950","chr8","1916519","1916819","42","17106133"
"JH378139","19066250","19066554","chrX","23977849","23978143","37","4911599"
"JH378139","19070125","19070421","chr24","67239754","67240052","37","48169629"
"JH378139","19077982","19078251","chr26","38944787","38945056","49","19866805"
"JH378139","19079675","19079973","chr23","27069668","27069962","35","7989993"
"JH378139","19083617","19083912","chr15","86758708","86759003","35","67675091"
"JH378139","19097594","19097897","chr5","2273487","2273788","27","16824107"
"JH378139","19156002","19156308","chr6","16598509","16598818","34","2557493"
"JH378139","19164427","19164723","chr16","55157456","55157764","42","35993029"
"JH378139","19198380","19198692","chr24","68895333","68895641","33","49696953"
"JH378139","19220857","19220947","chr3","65349691","65349782","11","46128834"
"JH378139","19221686","19221980","chr6","38437831","38438120","33","19216145"
"JH378139","19230820","19231113","chr5","63234450","63234738","35","44003630"
"JH378139","19276700","19277009","chr24","68895333","68895641","36","49618633"
"JH378139","19278940","19279241","chr12","10064948","10065242","37","9213992"
"JH378139","19283077","19283387","chr12","9752803","9753108","45","9530274"
"JH378139","19283859","19284167","chr7","19605160","19605458","36","321301"
"JH378139","19297835","19297985","chr8","56146921","56147068","17","36849086"
"JH378139","19334817","19335067","chr12","6573809","6574052","48","12761008"
"JH378139","19349408","19349482","chr10","95538249","95538325","10","76188841"
"JH378139","19352742","19353021","chr4","37484917","37485197","42","18132175"
"JH378139","19362591","19362796","chr26","38617987","38618194","27","19255396"
"JH378139","19377694","19377999","chr28","4550302","4550608","33","14827392"
"JH378139","19387069","19387352","chr21","25123896","25124189","46","5736827"
"JH378139","19497341","19497638","chr1","87201980","87202218","145","67704639"
"JH378139","19514173","19514472","chr12","10064948","10065242","28","9449225"
"JH378139","19521595","19521744","chr9","59130238","59130387","14","39608643"
"JH378139","19523227","19523522","chrX","125302543","125302844","38","105779316"
"JH378139","19537166","19537466","chr12","10064948","10065242","32","9472218"
"JH378139","19570921","19570997","chr13","63031813","63031889","7","43460892"
"JH378139","19598592","19598725","chr10","121431318","121431447","21","101832726"
"JH378139","19601591","19601886","chr10","21690582","21690883","33","2088991"
"JH378139","19612218","19612534","chr23","35686922","35687230","42","16074704"
"JH378139","19632918","19633228","chr12","74217361","74217667","35","54584443"
"JH378139","19644696","19645003","chrX","45808298","45808607","44","26163602"
"JH378139","19654040","19654320","chr10","90102153","90102431","48","70448113"
"JH378139","19656509","19656607","chr22","82220107","82220203","10","62563598"
"JH378139","19667799","19668017","chr7","33258241","33258457","30","13590442"
"JH378139","19686082","19686208","chr1","8688937","8689061","18","10997145"
"JH378139","19711157","19711247","chr3","65349691","65349782","10","45638534"
"JH378139","19719721","19720021","chr24","79792988","79793292","45","60073267"
"JH378139","19728729","19728803","chr13","63031813","63031889","8","43303084"
"JH378139","19746770","19747067","chr18","17624355","17624650","40","2122415"
"JH378139","19778379","19778684","chr5","2273487","2273788","30","17504892"
"JH378139","19782318","19782434","chr14","74460545","74460661","11","54678227"
"JH378139","19801704","19801925","chr7","98446578","98446794","31","78644874"
"JH378139","19804409","19804656","chr3","42397938","42398180","44","22593529"
"JH378139","19806172","19806486","chr5","70054205","70054512","60","50248033"
"JH378139","19813319","19813613","chr2","60638073","60638366","34","40824754"
"JH378139","19821590","19821680","chr3","65349691","65349782","11","45528101"
"JH378139","19829271","19829421","chr9","59130238","59130387","12","39300967"
"JH378139","19832351","19832493","chr3","90669571","90669712","16","70837220"
"JH378139","19834766","19834843","chr13","63031813","63031889","8","43197047"
"JH378139","19845205","19845514","chr1","65504304","65504612","40","45659099"
"JH378139","19853841","19853987","chr16","21687282","21687429","18","1833441"
"JH378139","19861190","19861489","chr12","10064948","10065242","32","9796242"
"JH378140","4325352","4325666","chr11","115525233","115525542","40","111199881"
"JH378140","11140940","11141222","chr8","36061210","36061506","48","24920270"
"JH378140","19529550","19529856","chr23","81776363","81776665","43","62246813"
"JH378140","23627","23935","chr16","33182065","33182368","47","33158438"
"JH378140","73891","73966","chr10","95538249","95538325","10","95464358"
"JH378140","208505","208824","chr7","13881902","13882206","44","13673397"
"JH378140","210312","210460","chr9","59130238","59130387","13","58919926"
"JH378140","237490","237681","chr16","23780412","23780597","47","23542922"
"JH378140","305543","305620","chr13","63031813","63031889","7","62726270"
"JH378140","308770","308924","chrX_KE148108v1_random","6315746","6315901","23","6006976"
"JH378140","309563","309846","chr7","24510693","24510979","46","24201130"
"JH378140","350008","350095","chrX","124732633","124732721","10","124382625"
"JH378140","383890","384207","chr1","65504304","65504612","34","65120414"
"JH378140","550541","550599","chr9","26430927","26430976","14","25880386"
"JH378140","598653","598910","chrX","125586139","125586393","45","124987486"
"JH378140","613862","614160","chr29","8289755","8290055","32","7675893"
"JH378140","739429","739695","chr1","88408126","88408393","46","87668697"
"JH378140","851036","851188","chr27","23314293","23314443","24","22463257"
"JH378140","866459","866765","chr23","52328013","52328320","34","51461554"
"JH378140","918386","918687","chr5","2273487","2273788","39","1355101"
"JH378140","951079","951377","chr12","10064948","10065242","41","9113869"
"JH378140","956144","956446","chr1","103415790","103416081","29","102459646"
"JH378140","1009661","1009929","chr14","36052048","36052322","47","35042387"
"JH378140","1068706","1069008","chr8","19896234","19896527","45","18827528"
"JH378140","1103566","1103879","chr5","2324242","2324550","37","1220676"
"JH378140","1179869","1180168","chr20","93802401","93802696","37","92622532"
"JH378140","1202250","1202561","chr1","65504304","65504612","30","64302054"
"JH378140","1210607","1210902","chr4","88331964","88332268","46","87121357"
"JH378140","1220516","1220818","chr21","73254495","73254785","37","72033979"
"JH378140","1245770","1246075","chr14","63350504","63350803","39","62104734"
"JH378140","1246225","1246528","chr5","2273487","2273788","31","1027262"
"JH378140","1257768","1258065","chr23","23002194","23002490","35","21744426"
"JH378140","1276915","1277223","chr2","34891557","34891863","34","33614642"
"JH378140","1337979","1338262","chr16","30731330","30731612","46","29393351"
"JH378140","1371582","1371860","chr11","19611133","19611417","32","18239551"
"JH378140","1489673","1489907","chr21","72267904","72268141","26","70778231"
"JH378140","1579056","1579158","chrX","2017984","2018087","11","438928"
"JH378140","1751539","1751837","chr17","21524478","21524775","43","19772939"
"JH378140","1891975","1892283","chr1","87458669","87458972","34","85566694"
"JH378140","1920685","1920991","chr20","120757031","120757327","61","118836346"
"JH378140","1927266","1927568","chr12","10064948","10065242","30","8137682"
"JH378140","2018531","2018824","chr20_KE148050v1_random","638704","638995","43","1379827"
"JH378140","2024205","2024448","chr20","20049923","20050167","37","18025718"
"JH378140","2120878","2121184","chr2","84285086","84285392","44","82164208"
"JH378140","2290976","2291249","chr6","16102856","16103121","52","13811880"
"JH378140","2374935","2375199","chr24","42312226","42312481","46","39937291"
"JH378140","2429406","2429526","chr6","8802293","8802413","14","6372887"
"JH378140","2460092","2460195","chrX","2017984","2018087","10","442108"
"JH378140","2481867","2482165","chr24","1147887","1148184","29","1333980"
"JH378140","2505408","2505486","chr16","3308866","3308945","8","803458"
"JH378140","2596629","2596931","chr11","120207458","120207761","31","117610829"
"JH378140","2735024","2735326","chr11","106847575","106847871","37","104112551"
"JH378140","2807460","2807759","chr12","10064948","10065242","26","7257488"
"JH378140","2863983","2864094","chr6","1067449","1067558","10","1796534"
"JH378140","2950377","2950666","chr11","90825564","90825850","36","87875187"
"JH378140","3010350","3010548","chr17","38850899","38851097","26","35840549"
"JH378140","3106089","3106382","chr26","8072337","8072634","47","4966248"
"JH378140","3306968","3307270","chr15","81443631","81443929","44","78136663"
"JH378140","3415724","3416043","chr5","57818139","57818452","41","54402415"
"JH378140","3648088","3648390","chr18","71629517","71629808","47","67981429"
"JH378140","3682237","3682331","chr5","67880800","67880883","18","64198563"
"JH378140","3737276","3737587","chr12","74217361","74217667","33","70480085"
"JH378140","3740988","3741268","chr13","14576776","14577059","46","10835788"
"JH378140","3754422","3754718","chr13","65577132","65577425","32","61822710"
"JH378140","3829536","3829792","chr9","96390861","96391117","22","92561325"
"JH378140","3882529","3882832","chr21","13830726","13831028","32","9948197"
"JH378140","3887889","3888179","chrX","95460911","95461200","31","91573022"
"JH378140","3902887","3903193","chr23","44247755","44248062","32","40344868"
"JH378140","3928579","3928876","chr12","10064948","10065242","41","6136369"
"JH378140","3984310","3984616","chr12","17915779","17916084","39","13931469"
"JH378140","4083055","4083349","chr8","20434231","20434523","38","16351176"
"JH378140","4089063","4089362","chr1","102632874","102633171","35","98543811"
"JH378140","4110627","4110907","chr12","6781553","6781865","84","2670926"
"JH378140","4126892","4127188","chr12","68594085","68594380","37","64467193"
"JH378140","4142990","4143120","chr16","4500752","4500881","8","357762"
"JH378140","4169963","4170258","chr12","10064948","10065242","28","5894985"
"JH378140","4214370","4214668","chr19","13613108","13613413","37","9398738"
"JH378140","4258685","4258985","chr14","37114849","37115150","48","32856164"
"JH378140","4267518","4267804","chr2","6843755","6844035","42","2576237"
"JH378140","4289172","4289293","chr6","11193830","11193948","14","6904658"
"JH378140","4298690","4298989","chr3","76549432","76549732","42","72250742"
"JH378140","4300443","4300741","chr2","5829314","5829613","39","1528871"
"JH378140","4361088","4361370","chr12","6781553","6781865","83","2420465"
"JH378140","4417726","4418020","chr9","96314869","96315163","45","91897143"
"JH378140","4424118","4424439","chr5","57912411","57912720","49","53488293"
"JH378140","4432175","4432309","chr6","5083470","5083606","15","651295"
"JH378140","4436251","4436536","chr21","35798011","35798296","39","31361760"
"JH378140","4439073","4439252","chr9","51072627","51072814","29","46633554"
"JH378140","4439353","4439483","chr11","106843296","106843425","12","102403943"
"JH378140","4464928","4465229","chr11","117737181","117737478","30","113272253"
"JH378140","4486491","4486588","chr22","82220107","82220203","6","77733616"
"JH378140","4487461","4487591","chr19","20225547","20225670","21","15738086"
"JH378140","4493207","4493516","chr1","65504304","65504612","28","61011097"
"JH378140","4495176","4495475","chr9","118970228","118970526","38","114475052"
"JH378140","4559532","4559620","chrX","124732633","124732721","11","120173101"
"JH378140","4573010","4573140","chr20","20852752","20852882","9","16279742"
"JH378140","4581972","4582265","chr12","10064948","10065242","29","5482976"
"JH378140","4597382","4597681","chr1","45462883","45463185","38","40865501"
"JH378140","4612432","4612743","chr1","65504304","65504612","30","60891872"
"JH378140","4614287","4614561","chr24","62151870","62152146","45","57537583"
"JH378140","4616125","4616342","chr28","1883537","1883753","26","2732588"
"JH378140","4630566","4630842","chr6","39804140","39804419","40","35173574"
"JH378140","4655630","4655769","chr3","90669571","90669712","11","86013941"
"JH378140","4675052","4675137","chr5","67880800","67880883","9","63205748"
"JH378140","4682172","4682291","chr20","115102100","115102215","13","110419928"
"JH378140","4687097","4687323","chr4","51756043","51756258","35","47068946"
"JH378140","4704869","4705110","chr3","34602180","34602418","39","29897311"
"JH378140","4722941","4723242","chr15","3702894","3703194","34","1020047"
"JH378140","4733515","4733811","chr20","111374247","111374540","46","106640732"
"JH378140","4739101","4739394","chr21","73254495","73254785","38","68515394"
"JH378140","4754866","4755146","chr11","28274516","28274794","39","23519650"
"JH378140","4755281","4755588","chr12","74217361","74217667","37","69462080"
"JH378140","4763585","4763636","chr7","47062156","47062207","3","42298571"
"JH378140","4774653","4774961","chr22","23112920","23113223","36","18338267"
"JH378140","4785099","4785227","chr11","106843296","106843425","14","102058197"
"JH378140","4800397","4800704","chr20","107972036","107972343","35","103171639"
"JH378140","4811470","4811700","chr8","45414259","45414476","64","40602789"
"JH378140","4812473","4812572","chr22","82220107","82220203","12","77407634"
"JH378140","4819455","4819745","chr16","58367651","58367941","30","53548196"
"JH378140","4830515","4830610","chr22","82220107","82220203","6","77389592"
"JH378140","4848803","4849101","chr12","10064948","10065242","27","5216145"
"JH378140","4859235","4859501","chr10","49912163","49912425","46","45052928"
"JH378140","4866209","4866505","chr8","1641343","1641640","32","3224866"
"JH378140","4875997","4876298","chr5","2273487","2273788","34","2602510"
"JH378140","4879183","4879508","chr7","99172603","99172901","53","94293420"
"JH378140","4912573","4912907","chr26","9300679","9300984","74","4388106"
"JH378140","4918425","4918697","chr24","76614329","76614607","40","71695904"
"JH378140","4941165","4941254","chr19","7758593","7758681","11","2817428"
"JH378140","4945965","4946262","chr12","63175764","63176069","51","58229799"
"JH378140","4949920","4950048","chr1","97802296","97802426","14","92852376"
"JH378140","4971872","4972179","chr24","35541584","35541883","42","30569712"
"JH378140","4977130","4977233","chrX","2017984","2018087","9","2959146"
"JH378140","5004917","5005190","chr6","18084717","18084998","38","13079800"
"JH378140","5031726","5031856","chr3","91348390","91348521","11","86316664"
"JH378140","5045666","5045976","chr16","2999161","2999470","31","2046505"
"JH378140","5053058","5053176","chr1","97802296","97802426","26","92749238"
"JH378140","5053180","5053309","chr20","20852752","20852882","11","15799572"
"JH378140","5053539","5053652","chr15","4188304","4188417","15","865235"
"JH378140","5061600","5061847","chr5","59945043","59945289","36","54883443"
"JH378140","5072961","5073110","chr12","52782225","52782376","23","47709264"
"JH378140","5082668","5082843","chr20","28787815","28787990","24","23705147"
"JH378140","5101208","5101411","chr15","83111007","83111215","35","78009799"
"JH378140","5137867","5138171","chr14","22799686","22799991","38","17661819"
"JH378140","5167562","5167651","chr3","65349691","65349782","12","60182129"
"JH378140","5189317","5189624","chr5","2273487","2273788","31","2915830"
"JH378140","5217690","5217820","chr9","99766001","99766131","12","94548311"
"JH378140","5252875","5252961","chr5","67880800","67880883","10","62627925"
"JH378140","5266919","5267218","chr9","96314869","96315163","39","91047950"
"JH378140","5271603","5271791","chr5","15053410","15053591","30","9781807"
"JH378140","5271864","5271963","chr6","28096907","28097003","12","22825043"
"JH378140","5277422","5277610","chr12","18815667","18815860","30","13538245"
"JH378140","5288298","5288600","chr12","10064948","10065242","29","4776650"
"JH378140","5288795","5289038","chrX","109934724","109934968","36","104645929"
"JH378140","5303699","5304005","chr24","68895333","68895641","35","63591634"
"JH378140","5331482","5331779","chr12","10064948","10065242","26","4733466"
"JH378140","5338494","5338798","chr5","2273487","2273788","33","3065007"
"JH378140","5358952","5359252","chrX","18278407","18278706","39","12919455"
"JH378140","5361810","5362118","chr19","9824759","9825062","34","4462949"
"JH378140","5364392","5364680","chr26","20269198","20269489","37","14904806"
"JH378140","5379812","5380081","chr1","99004891","99005171","52","93625079"
"JH378140","5399612","5399924","chr3","20237905","20238212","41","14838293"
"JH378140","5402566","5402863","chrX","48495320","48495611","47","43092754"
"JH378140","5414696","5414821","chr1","8688937","8689061","14","3274241"
"JH378140","5417083","5417169","chr5","67880800","67880883","8","62463717"
"JH378140","5426670","5426971","chr12","10064948","10065242","26","4638278"
"JH378140","5438173","5438267","chr22","82220107","82220203","13","76781934"
"JH378140","5445204","5445288","chr16","4405728","4405812","7","1039476"
"JH378140","5450302","5450591","chr8","20434231","20434523","39","14983929"
"JH378140","5469260","5469566","chr4","16810841","16811146","38","11341581"
"JH378140","5470455","5470558","chr1","39939684","39939788","11","34469229"
"JH378140","5486303","5486608","chr29","10722547","10722839","36","5236244"
"JH378140","5518646","5518776","chr3","91348390","91348521","10","85829744"
"JH378140","5524918","5525002","chr5","67880800","67880883","7","62355882"
"JH378140","5549867","5550134","chr24","53825747","53825994","64","48275880"
"JH378140","5550459","5550760","chr10","2350876","2351174","33","3199583"
"JH378140","5551734","5552031","chr1","108486935","108487232","47","102935201"
"JH378140","5578755","5579097","chr14","46171515","46171849","47","40592760"
"JH378140","5609754","5609879","chr26","50406966","50407092","18","44797212"
"JH378140","5623628","5623931","chr23","39674723","39675021","39","34051095"
"JH378140","5640961","5641252","chr1","74384612","74384899","42","68743651"
"JH378140","5642875","5643168","chr12","10064948","10065242","22","4422073"
"JH378140","5647780","5648079","chr7","114427012","114427315","36","108779232"
"JH378140","5648356","5648474","chr6","19008633","19008759","22","13360277"
"JH378140","5649422","5649525","chrX","2017984","2018087","6","3631438"
"JH378140","5650857","5651165","chr11","20333718","20334026","32","14682861"
"JH378140","5673571","5673799","chr20","92882451","92882681","28","87208880"
"JH378140","5674853","5675004","chr15","3877209","3877360","34","1797644"
"JH378140","5675385","5675508","chr3","72385674","72385796","12","66710289"
"JH378140","5683955","5684229","chr8","21701926","21702207","42","16017971"
"JH378140","5686184","5686272","chr19","7758593","7758681","9","2072409"
"JH378140","5702942","5703250","chr9","15987970","15988276","35","10285028"
"JH378140","5719316","5719594","chr19","19502742","19503020","33","13783426"
"JH378140","5728972","5729271","chrX","23977849","23978143","25","18248877"
"JH378140","5742512","5742592","chr16","4405728","4405812","8","1336784"
"JH378140","5786181","5786466","chr13","22116830","22117114","32","16330649"
"JH378140","5804963","5805080","chr20","115102100","115102215","10","109297137"
"JH378140","5858527","5858823","chr15","86758708","86759003","36","80900181"
"JH378140","5916813","5916883","chr24","62423541","62423605","22","56506728"
"JH378140","5924821","5925110","chr1","63057759","63058034","49","57132938"
"JH378140","6007667","6007953","chr11","117506724","117507000","34","111499057"
"JH378140","6015503","6015797","chr18","5166611","5166907","47","848892"
"JH378140","6118254","6118570","chrX","62513903","62514213","48","56395649"
"JH378140","6182606","6182707","chrX","2017984","2018087","9","4164622"
"JH378140","6220190","6220480","chr11","42115371","42115662","35","35895181"
"JH378140","6333558","6333863","chr14","79729598","79729899","32","73396040"
"JH378140","6414729","6414877","chr16","21687282","21687429","15","15272553"
"JH378140","6465015","6465311","chr15","48893872","48894165","31","42428857"
"JH378140","6467514","6467805","chr1","6089390","6089684","38","378124"
"JH378140","6479566","6479858","chr15","54743019","54743300","51","48263453"
"JH378140","6486066","6486351","chr14","37322067","37322349","43","30836001"
"JH378140","6488715","6488979","chr6","16102856","16103121","56","9614141"
"JH378140","6491288","6491575","chr20","41122725","41123014","40","34631437"
"JH378140","6508838","6508988","chr9","59130238","59130387","16","52621400"
"JH378140","6523301","6523595","chr10","38423820","38424116","39","31900519"
"JH378140","6528277","6528564","chr1","83672883","83673171","34","77144606"
"JH378140","6554941","6555172","chr20","92882451","92882681","34","86327510"
"JH378140","6555351","6555401","chr22","16771172","16771219","9","10215821"
"JH378140","6586546","6586851","chr5","2273487","2273788","28","4313059"
"JH378140","6604968","6605096","chr11","106843296","106843425","12","100238328"
"JH378140","6621035","6621312","chr25","18257042","18257318","49","11636007"
"JH378140","6630407","6630710","chr14","44038439","44038738","36","37408032"
"JH378140","6647067","6647367","chr10","118597337","118597632","40","111950270"
"JH378140","6652683","6652973","chr16","53397850","53398143","40","46745167"
"JH378140","6656487","6656770","chr1","6089390","6089684","41","567097"
"JH378140","6665682","6665882","chr6","16017631","16017832","30","9351949"
"JH378140","6672490","6672779","chr20","103802947","103803237","39","97130457"
"JH378140","6675168","6675315","chr6","7229588","7229731","19","554420"
"JH378140","6681190","6681491","chr12","6781553","6781865","104","100363"
"JH378140","6685243","6685519","chr12","26827271","26827548","34","20142028"
"JH378140","6688651","6688942","chr16","63566270","63566562","37","56877619"
"JH378140","6697364","6697602","chr24","66946035","66946274","30","60248671"
"JH378140","6704180","6704264","chr16","4405728","4405812","5","2298452"
"JH378140","6718194","6718414","chr13","7317370","7317589","26","599176"
"JH378140","6722487","6722560","chr13","63031813","63031889","9","56309326"
"JH378140","6727302","6727584","chr5","60799645","60799930","44","54072343"
"JH378140","6730179","6730268","chr3","65349691","65349782","14","58619512"
"JH378140","6756254","6756344","chr3","65349691","65349782","12","58593437"
"JH378140","6780810","6781096","chr12","76875410","76875697","45","70094600"
"JH378140","6798762","6798911","chr17","47733511","47733658","14","40934749"
"JH378140","6805278","6805522","chr17","51710962","51711197","39","44905684"
"JH378140","6805996","6806352","chr16","67875180","67875547","93","61069184"
"JH378140","6819468","6819753","chr1","18162340","18162615","49","11342872"
"JH378140","6822026","6822317","chr20","7557801","7558099","44","735775"
"JH378140","6838591","6838675","chr16","4405728","4405812","6","2432863"
"JH378140","6843081","6843367","chr28","18543247","18543535","34","11700166"
"JH378140","6861608","6861918","chr5","36774379","36774687","29","29912771"
"JH378140","6868720","6868805","chr5","67880800","67880883","10","61012080"
"JH378140","6872660","6872948","chr20","46933799","46934103","42","40061139"
"JH378140","6877523","6877818","chr20","92481976","92482271","32","85604453"
"JH378140","6900954","6901154","chr2","41986599","41986802","22","35085645"
"JH378140","6915350","6915464","chr20","115102100","115102215","10","108186750"
"JH378140","6957055","6957354","chr14","83371933","83372231","32","76414878"
"JH378140","6962213","6962374","chrX","37363363","37363527","36","30401150"
"JH378140","6962480","6962590","chr6","1067449","1067558","11","5895031"
"JH378140","6980407","6980691","chr10","56533422","56533699","38","49553015"
"JH378140","7023704","7023997","chr17","51933707","51934002","37","44910003"
"JH378140","7024306","7024454","chr9","59130238","59130387","16","52105932"
"JH378140","7038041","7038275","chr21","117703982","117704214","35","110665941"
"JH378140","7048533","7048830","chr10","118597337","118597632","35","111548804"
"JH378140","7056444","7056739","chr13","36927522","36927813","40","29871078"
"JH378140","7155568","7155884","chr8","50285234","50285534","65","43129666"
"JH378140","7161736","7162029","chr10","90056980","90057260","49","82895244"
"JH378140","7188498","7188711","chr9","21639574","21639785","47","14451076"
"JH378140","7215725","7216005","chr21","42665863","42666148","45","35450138"
"JH378140","7278777","7279046","chr2","18638333","18638610","41","11359556"
"JH378140","7301156","7301292","chr22","75825892","75826025","21","68524736"
"JH378140","7313791","7314078","chr3","73466676","73466959","33","66152885"
"JH378140","7316108","7316411","chrX","92019624","92019932","35","84703516"
"JH378140","7500333","7500435","chr17","40217264","40217370","15","32716931"
"JH378140","7503526","7503834","chr16","4531444","4531743","46","2972082"
"JH378140","7562233","7562380","chr9","59130238","59130387","14","51568005"
"JH378140","7659436","7659719","chr28","16528348","16528632","45","8868912"
"JH378140","7686003","7686310","chr7","105479991","105480292","44","97793988"
"JH378140","7689841","7690128","chr6","29312602","29312894","49","21622761"
"JH378140","7720796","7721100","chr2","51514899","51515202","38","43794103"
"JH378140","7758817","7759113","chr8","54015865","54016161","40","46257048"
"JH378140","7797425","7797735","chr1","117421772","117422077","39","109624347"
"JH378140","7804000","7804299","chr9","13404552","13404853","32","5600552"
"JH378140","7806016","7806320","chr14","83371933","83372231","32","75565917"
"JH378140","7869605","7869913","chr2","34891557","34891863","29","27021952"
"JH378140","7901236","7901543","chr2","56143790","56144095","37","48242554"
"JH378140","7943848","7944146","chr29","8289755","8290055","35","345907"
"JH378140","7961217","7961486","chr24","73585240","73585507","33","65624023"
"JH378140","7994069","7994345","chr23_AQIB01158983v1_random","4624","4893","43","7989445"
"JH378140","8015073","8015182","chr6","1067449","1067558","9","6947624"
"JH378140","8024005","8024299","chrX","22653522","22653815","42","14629517"
"JH378140","8063517","8063820","chr1","115151920","115152221","35","107088403"
"JH378140","8130940","8131146","chr25","22533664","22533875","28","14402724"
"JH378140","8131248","8131426","chr11","6683169","6683338","29","1448079"
"JH378140","8160400","8160692","chr7","69565483","69565774","37","61405083"
"JH378140","8269002","8269299","chr12","10064948","10065242","37","1795946"
"JH378140","8344136","8344443","chr28_KE148105v1_random","340378","340686","37","8003758"
"JH378140","8372689","8373000","chr1","65504304","65504612","30","57131615"
"JH378140","8386696","8386929","chr2","60289734","60289960","34","51903038"
"JH378140","8406676","8406987","chr9","63581525","63581830","34","55174849"
"JH378140","8410426","8410637","chr10","25944293","25944495","41","17533867"
"JH378140","8410930","8411079","chr16","21687282","21687429","21","13276352"
"JH378140","8466340","8466654","chr2","72445396","72445702","44","63979056"
"JH378140","8611423","8611739","chr16","35144511","35144831","63","26533088"
"JH378140","8617706","8618013","chr17","34547332","34547638","37","25929626"
"JH378140","8661425","8661736","chr14","83371933","83372231","37","74710508"
"JH378140","8668742","8668872","chr1","97802296","97802426","14","89133554"
"JH378140","8733461","8733544","chr25","26359985","26360065","15","17626524"
"JH378140","8739650","8739873","chr18","10390098","10390320","38","1650448"
"JH378140","8747107","8747294","chr19","14732662","14732852","37","5985555"
"JH378140","8868440","8868724","chr7","100037094","100037378","33","91168654"
"JH378140","9041743","9041976","chr20","92882451","92882681","28","83840708"
"JH378140","9059053","9059224","chr23","14474796","14474965","33","5415743"
"JH378140","9084907","9085203","chr1","103415790","103416081","36","94330883"
"JH378140","9088603","9088873","chr14","95964336","95964605","35","86875733"
"JH378140","9162898","9163203","chrX","125302543","125302844","29","116139645"
"JH378140","9191103","9191192","chr19","7758593","7758681","9","1432510"
"JH378140","9216025","9216293","chr19","6121745","6122010","39","3094280"
"JH378140","9308136","9308444","chr17","58080479","58080781","33","48772343"
"JH378140","9309683","9309881","chr2","41986599","41986802","39","32676916"
"JH378140","9310298","9310406","chr10","14138253","14138362","25","4827955"
"JH378140","9317960","9318254","chr2","5168180","5168471","46","4149780"
"JH378140","9339678","9339949","chr22","9600661","9600931","39","260983"
"JH378140","9361982","9362258","chr1","99004891","99005171","49","89642909"
"JH378140","9407660","9407968","chr11","62643241","62643549","31","53235581"
"JH378140","9467056","9467352","chr12","10064948","10065242","31","597892"
"JH378140","9501375","9501644","chr6","27850626","27850898","38","18349251"
"JH378140","9519544","9519772","chr20","30471188","30471408","36","20951644"
"JH378140","9542342","9542638","chr4","16735950","16736241","39","7193608"
"JH378140","9576041","9576319","chr16","54367117","54367400","35","44791076"
"JH378140","9594673","9594936","chr21","56602482","56602744","38","47007809"
"JH378140","9616028","9616177","chr9","59130238","59130387","15","49514210"
"JH378140","9636308","9636598","chr6","44675473","44675756","41","35039165"
"JH378140","9642495","9642803","chr1","65504304","65504612","37","55861809"
"JH378140","9743565","9743867","chr2","58676840","58677137","35","48933275"
"JH378140","9750927","9751220","chr10","67568456","67568727","121","57817529"
"JH378140","9782178","9782324","chr3","90669571","90669712","17","80887393"
"JH378140","9834375","9834502","chr16","31737705","31737835","13","21903330"
"JH378140","9859545","9859836","chr5","59378793","59379083","32","49519248"
"JH378140","9911457","9911761","chr19","9824759","9825062","36","86698"
"JH378140","10003958","10004228","chr24","27023895","27024155","35","17019937"
"JH378140","10052464","10052773","chr1","65504304","65504612","33","55451840"
"JH378140","10052792","10053089","chr10","82848664","82848963","51","72795872"
"JH378140","10141189","10141482","chr9","96314869","96315163","48","86173680"
"JH378140","10154816","10155106","chr12","10064948","10065242","30","89868"
"JH378140","10159298","10159603","chr15","18549945","18550246","40","8390647"
"JH378140","10210568","10210868","chr2","56143790","56144095","37","45933222"
"JH378140","10219061","10219331","chr10","127201999","127202278","38","116982938"
"JH378140","10296519","10296816","chr12","10064948","10065242","28","231571"
"JH378140","10477717","10477993","chr7","43263583","43263865","56","32785866"
"JH378140","10500161","10500454","chr9","71658903","71659203","34","61158742"
"JH378140","10505255","10505562","chr18","17102881","17103179","49","6597626"
"JH378140","10547879","10548152","chr11","115292126","115292409","52","104744247"
"JH378140","10549498","10549774","chr4","89471515","89471796","42","78922017"
"JH378140","10552252","10552542","chr8","20434231","20434523","40","9881979"
"JH378140","10553917","10554226","chr1","120119656","120119957","43","109565739"
"JH378140","10563980","10564283","chr5","2273487","2273788","27","8290493"
"JH378140","10565844","10566118","chr22","81089949","81090219","52","70524105"
"JH378140","10575806","10576110","chr6","31806349","31806656","39","21230543"
"JH378140","10702465","10702681","chr16","6238673","6238883","32","4463792"
"JH378140","10853834","10854123","chr16","71030167","71030460","38","60176333"
"JH378140","10883691","10883992","chr13","45058548","45058844","42","34174857"
"JH378140","10945952","10946259","chr2","34891557","34891863","37","23945605"
"JH378140","10956188","10956471","chr7","93852704","93852990","48","82896516"
"JH378140","11033168","11033447","chr3","11551653","11551932","48","518485"
"JH378140","11074683","11074997","chr11","29946186","29946494","35","18871503"
"JH378140","11091810","11092028","chr28","1883537","1883753","29","9208273"
"JH378140","11117461","11117746","chr20","98743174","98743451","41","87625713"
"JH378140","11127318","11127572","chr20","91280850","91281102","38","80153532"
"JH378140","11254962","11255229","chr1","83625954","83626213","39","72370992"
"JH378140","11299427","11299724","chr29","8974714","8975012","46","2324713"
"JH378140","11345653","11345730","chr13","63031813","63031889","8","51686160"
"JH378140","11380369","11380671","chr12","10064948","10065242","30","1315421"
"JH378140","11395216","11395495","chr1","105168338","105168617","42","93773122"
"JH378140","11477002","11477288","chr9","1052717","1053012","47","10424285"
"JH378140","11606102","11606268","chrX","99820785","99820950","26","88214683"
"JH378140","11645979","11646108","chr8","30816712","30816842","16","19170733"
"JH378140","11684977","11685063","chr14","82610477","82610563","11","70925500"
"JH378140","11734112","11734424","chr8","98956165","98956485","54","87222053"
"JH378140","11767480","11767759","chr23","16142942","16143228","45","4375462"
"JH378140","11811871","11812149","chr1","62917279","62917557","41","51105408"
"JH378140","11847473","11847569","chr19","23494523","23494608","21","11647050"
"JH378140","12008333","12008429","chr20","27890079","27890173","19","15881746"
"JH378140","12074751","12075010","chr4","89003238","89003495","45","76928487"
"JH378140","12111867","12112129","chr14","22579568","22579829","54","10467701"
"JH378140","12264958","12265208","chr16","65341402","65341647","45","53076444"
"JH378140","12345349","12345391","chr2","20629238","20629281","8","8283889"
"JH378140","12350637","12350951","chr11","115525233","115525542","42","103174596"
"JH378140","12358811","12359085","chr4","73237312","73237558","56","60878501"
"JH378140","12458329","12458612","chr10","721039","721318","44","11737290"
"JH378140","12464334","12464639","chr11","115525233","115525542","36","103060899"
"JH378140","12470176","12470498","chr1","14078045","14078365","50","1607869"
"JH378140","12497183","12497438","chr17","17514120","17514376","34","5016937"
"JH378140","12557599","12557918","chr26","38024857","38025165","38","25467258"
"JH378140","12589570","12589872","chr1","68219231","68219530","39","55629661"
"JH378140","12610644","12610960","chr24","42191698","42192006","41","29581054"
"JH378140","12634461","12634769","chr1","65504304","65504612","43","52869843"
"JH378140","12719212","12719493","chr8","29590101","29590383","48","16870889"
"JH378140","12724091","12724412","chr24","74842667","74842971","60","62118576"
"JH378140","12777418","12777548","chr3","91348390","91348521","11","78570972"
"JH378140","12783742","12784027","chr22","4646329","4646625","51","8137413"
"JH378140","12837539","12837693","chr9","82646713","82646855","34","69809174"
"JH378140","12844268","12844579","chr11","115525233","115525542","31","102680965"
"JH378140","12867559","12867869","chr28_KE148105v1_random","340378","340686","37","12527181"
"JH378140","12875371","12875616","chr22","60830576","60830829","50","47955205"
"JH378140","12889332","12889511","chr27","10292078","10292249","36","2597254"
"JH378140","12980405","12980714","chr1","65504304","65504612","27","52523899"
"JH378140","12997185","12997487","chr11","12200103","12200404","47","797082"
"JH378140","13061178","13061464","chr9","118446169","118446455","40","105384991"
"JH378140","13076028","13076328","chr12","10064948","10065242","31","3011080"
"JH378140","13087369","13087672","chr21","112047561","112047854","40","98960192"
"JH378140","13148046","13148220","chr29","4365210","4365376","35","8782836"
"JH378140","13165948","13166006","chr3","66669278","66669339","19","53503330"
"JH378140","13171164","13171311","chr11","99775300","99775442","19","86604136"
"JH378140","13200556","13200830","chr7","133549380","133549654","35","120348824"
"JH378140","13247911","13248220","chr26","18927734","18928036","35","5679823"
"JH378140","13310062","13310378","chr3","56919020","56919333","52","43608958"
"JH378140","13385811","13386096","chr12","10064948","10065242","32","3320863"
"JH378140","13473912","13474140","chr10","89113535","89113762","32","75639623"
"JH378140","13619481","13619749","chr5","34103098","34103364","27","20483617"
"JH378140","13640858","13640975","chr22","89377556","89377669","16","75736698"
"JH378140","13668894","13669190","chr25","81017700","81017987","40","67348806"
"JH378140","13686768","13687062","chr3","19154026","19154319","41","5467258"
"JH378140","13788041","13788342","chr12","10064948","10065242","25","3723093"
"JH378140","13791003","13791320","chr8","65829182","65829494","47","52038179"
"JH378140","13798315","13798620","chr11","62643241","62643549","34","48844926"
"JH378140","13804540","13804834","chr15","3702894","3703194","52","10101646"
"JH378140","13863067","13863353","chr14","41748186","41748475","43","27885119"
"JH378140","13872744","13873041","chr8","52344592","52344885","41","38471848"
"JH378140","13898758","13899054","chr23","73077881","73078169","43","59179123"
"JH378140","13903053","13903305","chr4","41989352","41989604","38","28086299"
"JH378140","13925759","13926056","chr23","41434219","41434517","32","27508460"
"JH378140","13944282","13944566","chr8","75315240","75315524","36","61370958"
"JH378140","13950309","13950601","chr20","9156415","9156716","40","4793894"
"JH378140","13956416","13956670","chrX","98016976","98017229","32","84060560"
"JH378140","13959710","13959991","chr21","111443534","111443810","44","97483824"
"JH378140","13981273","13981580","chr8","18530878","18531178","38","4549605"
"JH378140","13982396","13982703","chr11","58110010","58110310","42","44127614"
"JH378140","13985879","13985939","chr20","114203707","114203766","13","100217828"
"JH378140","13995951","13996259","chr27","22888845","22889148","41","8892894"
"JH378140","14012727","14013013","chr19","22892545","22892830","36","8879818"
"JH378140","14026639","14026925","chr6","11944778","11945070","39","2081861"
"JH378140","14040425","14040674","chr27","37334117","37334370","41","23293692"
"JH378140","14042272","14042534","chr19","9017172","9017426","35","5025100"
"JH378140","14047710","14048018","chr29","2740091","2740398","44","11307619"
"JH378140","14058052","14058358","chr3","10937420","10937729","36","3120632"
"JH378140","14075432","14075708","chr19","19502742","19503020","38","5427310"
"JH378140","14085505","14085768","chr21","56602482","56602744","39","42516977"
"JH378140","14096210","14096509","chr2","81802622","81802922","35","67706412"
"JH378140","14098925","14099223","chr15","29954614","29954908","30","15855689"
"JH378140","14127081","14127386","chr12","74217361","74217667","32","60090280"
"JH378140","14138069","14138363","chr24","1051567","1051864","36","13086502"
"JH378140","14154221","14154524","chr13","6388414","6388708","46","7765807"
"JH378140","14202336","14202425","chr3","65349691","65349782","12","51147355"
"JH378140","14210803","14211087","chr1","62917279","62917557","41","48706476"
"JH378140","14216174","14216253","chr5","67880800","67880883","11","53664626"
"JH378140","14226593","14226901","chr12","10064948","10065242","36","4161645"
"JH378140","14232424","14232514","chr3","65349691","65349782","11","51117267"
"JH378140","14247529","14247815","chrX","50112446","50112738","47","35864917"
"JH378140","14250995","14251300","chr24","68895333","68895641","28","54644338"
"JH378140","14291728","14292015","chr5","18412225","18412520","46","4120497"
"JH378140","14298519","14298830","chr23","44247755","44248062","36","29949236"
"JH378140","14303975","14304260","chr1","69586635","69586914","45","55282660"
"JH378140","14312117","14312225","chr6","1067449","1067558","13","13244668"
"JH378140","14330140","14330236","chr22","82220107","82220203","6","67889967"
"JH378140","14351588","14351870","chr2","8591645","8591929","35","5759943"
"JH378140","14352240","14352551","chr25","53140858","53141157","37","38788618"
"JH378140","14363810","14363897","chr16","31829753","31829839","10","17465943"
"JH378140","14370965","14371261","chr12","10064948","10065242","30","4306017"
"JH378140","14385841","14386072","chr16","6480696","6480912","42","7905145"
"JH378140","14419534","14419845","chr1","65504304","65504612","41","51084770"
"JH378140","14435251","14435400","chr9","59130238","59130387","15","44694987"
"JH378140","14461267","14461416","chr9","59130238","59130387","18","44668971"
"JH378140","14465682","14465787","chr1","39939684","39939788","9","25474002"
"JH378140","14467728","14467815","chr16","4405728","4405812","9","10062000"
"JH378140","14487046","14487162","chr4","60395666","60395783","11","45908620"
"JH378140","14495350","14495423","chr13","63031813","63031889","8","48536463"
"JH378140","14519102","14519384","chr13","22116830","22117114","34","7597728"
"JH378140","14530876","14531182","chr24","1051567","1051864","42","13479309"
"JH378140","14539153","14539445","chr17","11389361","11389657","47","3149792"
"JH378140","14542093","14542196","chrX","2017984","2018087","8","12524109"
"JH378140","14551749","14552055","chr19","9824759","9825062","37","4726990"
"JH378140","14566381","14566687","chr2","20242750","20243052","32","5676369"
"JH378140","14568684","14568985","chr20","89561089","89561394","38","74992405"
"JH378140","14582579","14582727","chr9","59130238","59130387","15","44547659"
"JH378140","14589821","14590121","chr12","6781553","6781865","87","7808268"
"JH378140","14591123","14591218","chr22","82220107","82220203","8","67628984"
"JH378140","14599680","14599858","chr23","14474796","14474965","25","124884"
"JH378140","14600291","14600578","chr15","54108063","54108350","43","39507772"
"JH378140","14610324","14610463","chr9","86109665","86109806","13","71499341"
"JH378140","14612381","14612454","chr13","63031813","63031889","8","48419432"
"JH378140","14628021","14628269","chr27","30819526","30819775","49","16191505"
"JH378140","14643916","14644202","chr13","43293439","43293737","42","28649523"
"JH378140","14647365","14647499","chr26","50406966","50407092","28","35759601"
"JH378140","14651962","14652263","chr24","48882719","48883016","44","34230757"
"JH378140","14672155","14672433","chr3","9525767","9526055","43","5146388"
"JH378140","14681027","14681251","chr23","43376123","43376346","27","28695096"
"JH378140","14716519","14716815","chr12","10064948","10065242","30","4651571"
"JH378140","14721127","14721422","chr27","45753169","45753462","37","31032042"
"JH378140","14725227","14725504","chr24","76614329","76614607","38","61889102"
"JH378140","14742153","14742459","chr8","98746538","98746840","40","84004385"
"JH378140","14767750","14767840","chr5","67880800","67880883","10","53113050"
"JH378140","14786621","14786914","chr13","24146677","24146974","39","9360056"
"JH378140","14870570","14870850","chr12","102190814","102191094","45","87320244"
"JH378140","14881596","14881744","chr21","18419470","18419618","15","3537874"
"JH378140","14905449","14905751","chr2","34891557","34891863","43","19986108"
"JH378140","14936896","14937195","chr14","83371933","83372231","32","68435037"
"JH378140","14940864","14941174","chr1","65504304","65504612","27","50563440"
"JH378140","14982553","14982770","chr13","7317370","7317589","25","7665183"
"JH378140","15042076","15042337","chr24","76614329","76614607","51","61572253"
"JH378140","15052766","15052990","chrX","63929276","63929493","51","48876510"
"JH378140","15070636","15070940","chr1","68219231","68219530","43","53148595"
"JH378140","15100113","15100413","chr1","68219231","68219530","33","53119118"
"JH378140","15196831","15197127","chr4","63659352","63659655","38","48462521"
"JH378140","15238879","15239168","chr2","5168180","5168471","33","10070699"
"JH378140","15284955","15285040","chr16","4405728","4405812","8","10879227"
"JH378140","15295083","15295402","chr17","50651792","50652112","50","35356709"
"JH378140","15336147","15336443","chr21","102943759","102944057","30","87607612"
"JH378140","15405405","15405754","chr21","57106894","57107233","58","41701489"
"JH378140","15428896","15429208","chr12","74217361","74217667","38","58788465"
"JH378140","15491864","15491948","chr12","7441397","7441481","7","8050467"
"JH378140","15524694","15524993","chr6","50282359","50282657","47","34757665"
"JH378140","15582377","15582657","chr6","40582273","40582553","29","24999896"
"JH378140","15585273","15585555","chr15","57555348","57555634","41","41970075"
"JH378140","15585556","15585639","chr22","82220107","82220203","23","66634551"
"JH378140","15587976","15588123","chr9","59130238","59130387","17","43542262"
"JH378140","15604608","15604906","chrX","23977849","23978143","31","8373241"
"JH378140","15639362","15639633","chr12","25422159","25422437","40","9782797"
"JH378140","15666439","15666718","chr14","89906617","89906897","47","74240178"
"JH378140","15693066","15693143","chr13","63031813","63031889","8","47338747"
"JH378140","15807693","15807995","chrX","9162903","9163205","39","6644790"
"JH378140","15846731","15846923","chr21","8308918","8309086","64","7537813"
"JH378140","15894209","15894509","chr8","18530878","18531178","30","2636669"
"JH378140","15895069","15895377","chr2","34891557","34891863","34","18996488"
"JH378140","15978104","15978411","chr16","30398852","30399159","32","14420748"
"JH378140","16028973","16029173","chr17","58619356","58619558","20","42590383"
"JH378140","16097323","16097631","chr2","34891557","34891863","27","18794234"
"JH378140","16099617","16099923","chr12","10064948","10065242","38","6034669"
"JH378140","16138286","16138593","chr29","11765981","11766284","33","4372305"
"JH378140","16155291","16155538","chr4","33654669","33654912","45","17499378"
"JH378140","16157103","16157403","chr8","95885898","95886192","30","79728795"
"JH378140","16166460","16166673","chr2","41986599","41986802","29","25820139"
"JH378140","16190813","16191108","chr5","46158393","46158690","48","29967580"
"JH378140","16210444","16210593","chr9","59130238","59130387","13","42919794"
"JH378140","16253637","16253941","chr12","6781553","6781865","122","9472084"
"JH378140","16268568","16268805","chr21","87641561","87641794","38","71372993"
"JH378140","16287173","16287459","chr9","57832158","57832449","38","41544985"
"JH378140","16359329","16359423","chr22","82220107","82220203","9","65860778"
"JH378140","16384315","16384630","chr17","35258575","35258878","43","18874260"
"JH378140","16389687","16389922","chr12","32322594","32322842","49","15932907"
"JH378140","16422355","16422475","chr24","79691236","79691360","20","63268881"
"JH378140","16425667","16425978","chr12","44274197","44274504","37","27848530"
"JH378140","16438549","16438849","chr11","104546841","104547142","35","88108292"
"JH378140","16450547","16450827","chr13","48076479","48076757","35","31625932"
"JH378140","16456963","16457259","chr24","15899215","15899509","39","557748"
"JH378140","16483737","16484027","chr22","50629443","50629736","38","34145706"
"JH378140","16637394","16637694","chr9","105290946","105291246","38","88653552"
"JH378140","16677397","16677700","chr10","12607075","12607375","46","4070322"
"JH378140","16751124","16751426","chr18","60118008","60118306","30","43366884"
"JH378140","16755728","16756021","chr12","10064948","10065242","33","6690780"
"JH378140","16766211","16766325","chr20","115102100","115102215","11","98335889"
"JH378140","16796882","16797027","chr1","110600953","110601102","27","93804071"
"JH378140","16798628","16798738","chrX","25194654","25194764","16","8396026"
"JH378140","16815651","16815802","chr1","110600953","110601102","19","93785302"
"JH378140","16820117","16820205","chr19","7758593","7758681","9","9061524"
"JH378140","16822554","16822644","chr3","65349691","65349782","11","48527137"
"JH378140","16824787","16825080","chrX","29093856","29094150","27","12269069"
"JH378140","16829661","16829909","chr14","223646","223894","42","16606015"
"JH378140","16834916","16835005","chr3","65349691","65349782","12","48514775"
"JH378140","16857278","16857588","chr29","8189456","8189758","43","8667822"
"JH378140","16879178","16879497","chr11","115525233","115525542","43","98646055"
"JH378140","16887316","16887604","chrX","15732035","15732323","32","1155281"
"JH378140","16890254","16890550","chr12","6781553","6781865","107","10108701"
"JH378140","16905678","16905768","chr19","7758593","7758681","10","9147085"
"JH378140","16912940","16913219","chr20","129759397","129759681","52","112846457"
"JH378140","16999669","16999956","chr11","42115371","42115662","42","25115702"
"JH378140","17024370","17024663","chr1","74384612","74384899","43","57360242"
"JH378140","17033935","17034236","chr8","120119487","120119791","44","103085552"
"JH378140","17101265","17101567","chr5","2273487","2273788","33","14827778"
"JH378140","17106675","17106940","chr15","57939854","57940135","53","40833179"
"JH378140","17140966","17141113","chr9","59130238","59130387","14","41989272"
"JH378140","17168865","17169005","chr12","42755129","42755268","12","25586264"
"JH378140","17188374","17188667","chr6","39792892","39793183","50","22604518"
"JH378140","17194766","17194872","chr1","62097932","62098038","11","44903166"
"JH378140","17199757","17200083","chr1","50327336","50327650","57","33127579"
"JH378140","17209603","17209737","chr18","38733555","38733687","19","21523952"
"JH378140","17213530","17213845","chr12","6781553","6781865","43","10431977"
"JH378140","17239943","17240094","chr10","2023320","2023469","28","15216623"
"JH378140","17246149","17246274","chr15","90834689","90834810","13","73588540"
"JH378140","17247923","17248201","chr23","5517272","5517549","39","11730651"
"JH378140","17253733","17254028","chr6","12776665","12776950","39","4477068"
"JH378140","17262354","17262634","chr4","65759087","65759363","46","48496733"
"JH378140","17275607","17275737","chr1","97802296","97802426","11","80526689"
"JH378140","17312916","17313222","chr13","66688495","66688804","46","49375579"
"JH378140","17326775","17327072","chr12","10064948","10065242","39","7261827"
"JH378140","17337751","17338055","chr10","42976436","42976736","34","25638685"
"JH378140","17342447","17342537","chr22","82220107","82220203","12","64877660"
"JH378140","17354512","17354832","chr2","34891557","34891863","44","17537045"
"JH378140","17355999","17356129","chr16","4500752","4500881","12","12855247"
"JH378140","17360484","17360749","chr10","70870649","70870922","44","53510165"
"JH378140","17367500","17367578","chr13","63031813","63031889","7","45664313"
"JH378140","17379913","17380231","chr9","41350361","41350653","66","23970448"
"JH378140","17400131","17400402","chrX","125619660","125619930","39","108219529"
"JH378140","17408918","17409215","chr7","99172603","99172901","38","81763685"
"JH378140","17426202","17426510","chr16","54373356","54373655","47","36947154"
"JH378140","17433008","17433135","chr14","14498635","14498762","14","2934373"
"JH378140","17434223","17434305","chr3","65349691","65349782","17","47915468"
"JH378140","17446280","17446590","chr11","115525233","115525542","30","98078953"
"JH378140","17458500","17458802","chr1","68219231","68219530","37","50760731"
"JH378140","17466997","17467299","chr5","2273487","2273788","30","15193510"
"JH378140","17527630","17527929","chr19","14208355","14208653","49","3319275"
"JH378140","17535284","17535586","chr12","10064948","10065242","32","7470336"
"JH378140","17542950","17543177","chr10","43946028","43946253","30","26403078"
"JH378140","17562943","17563241","chr17","31683414","31683709","38","14120471"
"JH378140","17575057","17575368","chr26","38024857","38025165","38","20449800"
"JH378140","17606137","17606434","chrX","26639649","26639945","33","9033512"
"JH378140","17667190","17667491","chr5","12221637","12221934","44","5445553"
"JH378140","17708763","17709054","chr12","10064948","10065242","29","7643815"
"JH378140","17740811","17741089","chr1","105168338","105168617","34","87427527"
"JH378140","17775838","17776133","chr20","87404408","87404710","42","69628570"
"JH378140","17785487","17785581","chr22","82220107","82220203","8","64434620"
"JH378140","17842577","17842876","chr5","2273487","2273788","31","15569090"
"JH378140","17854363","17854667","chr1","68219231","68219530","43","50364868"
"JH378140","17997357","17997645","chr29","16674495","16674781","40","1322862"
"JH378140","18029607","18029886","chr16","58367651","58367941","43","40338044"
"JH378140","18035607","18035895","chr3","78117303","78117596","40","60081696"
"JH378140","18108636","18108932","chr12","18922571","18922865","35","813935"
"JH378140","18333773","18334051","chr10","90102153","90102431","38","71768380"
"JH378140","18368956","18369064","chr10","119600285","119600402","23","101231329"
"JH378140","18369873","18370053","chr1","11673452","11673637","31","6696421"
"JH378140","18584608","18584845","chr11","46995583","46995816","39","28410975"
"JH378140","18587404","18587709","chr12","74217361","74217667","33","55629957"
"JH378140","18593529","18593821","chr17","58920850","58921143","40","40327321"
"JH378140","18611229","18611504","chr9","41148065","41148333","38","22536836"
"JH378140","18614272","18614556","chr8","89963957","89964248","38","71349685"
"JH378140","18647572","18647798","chr6","2372111","2372337","30","16275461"
"JH378140","18656301","18656391","chr22","82220107","82220203","9","63563806"
"JH378140","18660611","18660718","chr12","90802389","90802495","18","72141778"
"JH378140","18670835","18671125","chr9","114015180","114015455","41","95344345"
"JH378140","18679268","18679544","chr5","27332348","27332618","33","8653080"
"JH378140","18792104","18792394","chr8","21494594","21494885","41","2702490"
"JH378140","18929200","18929470","chr1","69586635","69586914","49","50657435"
"JH378140","18954074","18954349","chr10","127201999","127202278","50","108247925"
"JH378140","19037134","19037414","chr4","13341175","13341445","44","5695959"
"JH378140","19045370","19045660","chr20","69801141","69801434","33","50755771"
"JH378140","19050264","19050533","chr15","59408471","59408746","40","40358207"
"JH378140","19067013","19067316","chr12","10064948","10065242","39","9002065"
"JH378140","19081963","19082267","chr2","20242750","20243052","36","1160787"
"JH378140","19148723","19148998","chr16","26067530","26067803","35","6918807"
"JH378140","19274422","19274525","chr13","42116553","42116656","13","22842131"
"JH378140","19324531","19324843","chr19","25347288","25347585","43","6022757"
"JH378140","19340715","19341030","chr8","58838448","58838757","40","39497733"
"JH378140","19345359","19345662","chr12","10064948","10065242","32","9280411"
"JH378140","19403073","19403360","chr10","8909912","8910203","48","10493161"
"JH378140","19444644","19444947","chr1","68219231","68219530","40","48774587"
"JH378140","19456509","19456815","chr24","78580914","78581207","47","59124405"
"JH378140","19529493","19529549","chr18","59913679","59913739","9","40384186"
"JH378140","19555202","19555512","chr26","38024857","38025165","29","18469655"
"JH378141","82218","82543","chr3","37955466","37955795","55","37873248"
"JH378141","129019","129305","chr5","19230425","19230714","48","19101406"
"JH378141","151698","151993","chr12","10064948","10065242","57","9913250"
"JH378141","167940","168239","chr6","9406295","9406600","44","9238355"
"JH378141","192905","193206","chr10","21690582","21690883","38","21497677"
"JH378141","227420","227715","chr12","18922571","18922865","46","18695151"
"JH378141","246162","246251","chr22","82220107","82220203","10","81973945"
"JH378141","250558","250876","chr13","82762600","82762911","50","82512042"
"JH378141","274316","274618","chr20","104630107","104630400","46","104355791"
"JH378141","279966","280049","chr5","67880800","67880883","10","67600834"
"JH378141","280791","280950","chr24","29746118","29746285","31","29465327"
"JH378141","307117","307428","chr11","115525233","115525542","35","115218116"
"JH378141","335681","335969","chr7","29650533","29650818","34","29314852"
"JH378141","362065","362359","chr26","18977354","18977652","36","18615289"
"JH378141","393616","393913","chr23","57616217","57616508","43","57222601"
"JH378141","419683","419979","chr11","115525233","115525542","49","115105550"
"JH378141","481276","481568","chr10","43260034","43260322","40","42778758"
"JH378141","483906","484214","chr16","33182065","33182368","37","32698159"
"JH378141","512916","513226","chr24","83135028","83135331","50","82622112"
"JH378141","518679","518981","chr29","12355751","12356042","32","11837072"
"JH378141","529716","530005","chr7","86104707","86105000","46","85574991"
"JH378141","559059","559161","chr1","39939684","39939788","10","39380625"
"JH378141","560626","560913","chr1","69161184","69161465","47","68600558"
"JH378141","587565","587820","chr20","118541939","118542192","29","117954374"
"JH378141","621264","621564","chr2","83924911","83925209","41","83303647"
"JH378141","671613","671922","chr3","22013697","22014006","40","21342084"
"JH378141","700188","700496","chr2","58045145","58045453","34","57344957"
"JH378141","771172","771467","chr20","93802401","93802696","48","93031229"
"JH378141","789959","790268","chr7","19605160","19605458","37","18815201"
"JH378141","822928","823238","chr22","16005168","16005472","45","15182240"
"JH378141","929202","929486","chr21","35798011","35798296","42","34868809"
"JH378141","947403","947699","chr2","5119768","5120064","41","4172365"
"JH378141","1216218","1216538","chr11","115525233","115525542","57","114309015"
"JH378141","1246959","1247249","chr8","21494594","21494885","39","20247635"
"JH378141","1294399","1294705","chr7","76084258","76084568","37","74789859"
"JH378141","1381116","1381240","chr3","72385674","72385796","14","71004558"
"JH378141","1431481","1431676","chr1","93948793","93948984","35","92517312"
"JH378141","1441425","1441735","chr26","38024857","38025165","29","36583432"
"JH378141","1498346","1498649","chr11","105441883","105442183","37","103943537"
"JH378141","1701377","1701678","chr1","68219231","68219530","43","66517854"
"JH378141","1708168","1708505","chr3","37955466","37955795","58","36247298"
"JH378141","1915472","1915783","chr6","29168940","29169240","50","27253468"
"JH378141","1960462","1960611","chr7","75271378","75271525","17","73310916"
"JH378141","2085849","2085943","chr2","34024008","34024103","15","31938159"
"JH378141","2179007","2179315","chr5","2273487","2273788","35","94480"
"JH378141","2292124","2292228","chr1","39939684","39939788","10","37647560"
"JH378141","2316531","2316837","chr1","68219231","68219530","34","65902700"
"JH378141","2324708","2325007","chr21","50410494","50410784","40","48085786"
"JH378141","2327063","2327360","chr6","39327037","39327335","30","36999974"
"JH378141","2329427","2329736","chr10","87911378","87911678","42","85581951"
"JH378141","2352851","2352963","chr20","115102100","115102215","16","112749249"
"JH378141","2377584","2377886","chr12","10064948","10065242","42","7687364"
"JH378141","2389778","2390064","chr6","38582923","38583209","39","36193145"
"JH378141","2398935","2399199","chr25","82379602","82379865","40","79980667"
"JH378141","2405867","2406159","chr4","70022578","70022864","41","67616711"
"JH378141","2419857","2420161","chr5","2273487","2273788","30","146370"
"JH378141","2420204","2420304","chr1","39939684","39939788","15","37519480"
"JH378141","2425608","2425896","chr3","52124083","52124361","42","49698475"
"JH378141","2430436","2430665","chr13","7317370","7317589","33","4886934"
"JH378141","2433433","2433573","chr24","31250546","31250681","30","28817113"
"JH378141","2440719","2441019","chr12","106807603","106807904","33","104366884"
"JH378141","2446174","2446485","chr24","68895333","68895641","42","66449159"
"JH378141","2462187","2462465","chr10","34020927","34021217","48","31558740"
"JH378141","2464270","2464572","chr12","10064948","10065242","30","7600678"
"JH378141","2469468","2469773","chr12","10064948","10065242","52","7595480"
"JH378141","2477741","2478042","chr12","10064948","10065242","26","7587207"
"JH378141","2520681","2520757","chr10","95538249","95538325","7","93017568"
"JH378141","2527113","2527410","chr12","10064948","10065242","34","7537835"
"JH378141","2546182","2546296","chr13","23206740","23206860","27","20660558"
"JH378141","2549830","2550126","chrX","23977849","23978143","39","21428019"
"JH378141","2607374","2607599","chr1","38090108","38090330","50","35482734"
"JH378141","2614868","2615165","chr12","10064948","10065242","27","7450080"
"JH378141","2618779","2618895","chr13","23206740","23206860","26","20587961"
"JH378141","2622467","2622763","chrX","23977849","23978143","36","21355382"
"JH378141","2664472","2664754","chr22","12661090","12661375","41","9996618"
"JH378141","2747639","2747944","chr29","23170158","23170463","46","20422519"
"JH378141","2757591","2757889","chr1","10938341","10938635","38","8180750"
"JH378141","2768263","2768540","chr22","37637582","37637856","33","34869319"
"JH378141","2804905","2805195","chr5","22668022","22668311","39","19863117"
"JH378141","2812416","2812499","chr16","4405728","4405812","7","1593312"
"JH378141","2817433","2817541","chr12","53065987","53066095","10","50248554"
"JH378141","2827827","2828047","chr13","7317370","7317589","24","4489543"
"JH378141","2829199","2829289","chr3","65349691","65349782","10","62520492"
"JH378141","2858408","2858484","chr10","95538249","95538325","10","92679841"
"JH378141","2881551","2881870","chr5","8851338","8851646","43","5969787"
"JH378141","2908045","2908340","chr9","56718610","56718906","37","53810565"
"JH378141","2909319","2909627","chr20","8994050","8994369","62","6084731"
"JH378141","2921520","2921848","chr14","37615851","37616147","123","34694331"
"JH378141","2938187","2938489","chr12","10064948","10065242","32","7126761"
"JH378141","3004996","3005294","chr6","38437831","38438120","36","35432835"
"JH378141","3012074","3012371","chr2","5168180","5168471","34","2156106"
"JH378141","3015189","3015504","chr16","30398852","30399159","38","27383663"
"JH378141","3024672","3024923","chr15","88815486","88815733","28","85790814"
"JH378141","3025674","3025781","chr6","5216779","5216886","11","2191105"
"JH378141","3026145","3026449","chr14","36954936","36955240","46","33928791"
"JH378141","3030290","3030404","chr13","61112232","61112346","11","58081942"
"JH378141","3034692","3034997","chr6","16055973","16056274","36","13021281"
"JH378141","3057604","3057935","chr10","89459842","89460157","43","86402238"
"JH378141","3083985","3084081","chr22","82220107","82220203","6","79136122"
"JH378141","3084413","3084674","chr8","132346365","132346635","41","129261952"
"JH378141","3084688","3084974","chr2","90183349","90183641","42","87098661"
"JH378141","3089598","3089733","chr26","6591504","6591639","14","3501906"
"JH378141","3107761","3108063","chr17","64670150","64670452","33","61562389"
"JH378141","3127853","3127955","chrX","2017984","2018087","10","1109869"
"JH378141","3137118","3137238","chr8","30816712","30816842","21","27679594"
"JH378141","3163593","3163881","chr9","69843605","69843901","41","66680012"
"JH378141","3176573","3176879","chr16","23423370","23423672","40","20246797"
"JH378141","3191211","3191521","chr1","65504304","65504612","29","62313093"
"JH378141","3212188","3212490","chr29","10722547","10722839","38","7510359"
"JH378141","3219060","3219284","chr21","71246060","71246287","27","68027000"
"JH378141","3224987","3225279","chr12","10064948","10065242","41","6839961"
"JH378141","3288245","3288545","chr17","69092086","69092383","31","65803841"
"JH378141","3344291","3344599","chrX","28194989","28195297","41","24850698"
"JH378141","3459703","3459979","chr7","37224879","37225161","42","33765176"
"JH378141","3469600","3469887","chr7","70016163","70016465","42","66546563"
"JH378141","3554538","3554852","chr11","115525233","115525542","36","111970695"
"JH378141","3645584","3645878","chr12","10064948","10065242","29","6419364"
"JH378141","3708588","3708885","chr12","10064948","10065242","22","6356360"
"JH378141","4005907","4006191","chr25","54345973","54346253","40","50340066"
"JH378141","4007349","4007436","chr5","67880800","67880883","8","63873451"
"JH378141","4082022","4082125","chr12","53065987","53066095","14","48983965"
"JH378141","4193547","4193629","chr11","106084212","106084282","28","101890665"
"JH378141","4194335","4194614","chr23","35239183","35239453","47","31044848"
"JH378141","4195869","4196181","chr11","120207458","120207761","37","116011589"
"JH378141","4209759","4210061","chr6","4113565","4113862","40","96194"
"JH378141","4244651","4244944","chr8","20434231","20434523","41","16189580"
"JH378141","4329258","4329544","chr13","44880958","44881242","44","40551700"
"JH378141","4355315","4355445","chr20","20852752","20852882","9","16497437"
"JH378141","4433733","4434032","chr12","31307598","31307893","45","26873865"
"JH378141","4556494","4556801","chr1","65504304","65504612","31","60947810"
"JH378141","4594161","4594375","chrX","63929276","63929493","37","59335115"
"JH378141","4626987","4627284","chr10","51876240","51876532","38","47249253"
"JH378141","4675350","4675643","chrX","116145376","116145674","49","111470026"
"JH378141","4682469","4682707","chr24","66946035","66946274","28","62263566"
"JH378141","4770499","4770798","chr23","35045928","35046223","39","30275429"
"JH378141","4770999","4771089","chr19","7758593","7758681","9","2987594"
"JH378141","5046157","5046255","chr2","34024008","34024103","18","28977851"
"JH378141","5131216","5131522","chr1","18554019","18554319","40","13422803"
"JH378141","5265211","5265470","chr9","55909986","55910260","46","50644775"
"JH378141","5339278","5339585","chr5","36774379","36774687","33","31435101"
"JH378141","5350567","5350869","chr20","91789557","91789859","37","86438990"
"JH378141","5363522","5363829","chr5","36774379","36774687","34","31410857"
"JH378141","5395565","5395621","chrUn_KE147694v1","7879","7936","8","5387686"
"JH378141","5425483","5425714","chr12","13499048","13499278","33","8073565"
"JH378141","5532073","5532364","chr12","6781553","6781865","129","1249480"
"JH378141","5536267","5536562","chr20","7917536","7917829","33","2381269"
"JH378141","5595772","5596069","chr23","76738682","76738982","41","71142910"
"JH378141","5601021","5601298","chr9","68188524","68188799","50","62587503"
"JH378141","5638253","5638539","chr3","3973222","3973508","40","1665031"
"JH378141","5648521","5648810","chr16","58367651","58367941","32","52719130"
"JH378141","5667965","5668247","chrX","92294937","92295232","45","86626972"
"JH378141","5685178","5685489","chr5","2273487","2273788","36","3411691"
"JH378141","5692189","5692490","chr5","2273487","2273788","33","3418702"
"JH378141","5710104","5710394","chrX","122834172","122834462","41","117124068"
"JH378141","5718281","5718532","chr15","65970697","65970945","38","60252416"
"JH378141","5722208","5722487","chrX","13548339","13548610","37","7826131"
"JH378141","5740363","5740664","chr16","4400493","4400795","39","1339870"
"JH378141","5803427","5803535","chr6","1067449","1067558","9","4735978"
"JH378141","5828883","5829152","chr16","15621572","15621837","41","9792689"
"JH378141","5836182","5836491","chr11","55020829","55021127","37","49184647"
"JH378141","5840395","5840700","chr24","68895333","68895641","40","63054938"
"JH378141","5844274","5844549","chrX","126393011","126393284","48","120548737"
"JH378141","5846862","5847168","chr8","6082827","6083134","47","235965"
"JH378141","5847589","5847875","chr28","9524525","9524809","37","3676936"
"JH378141","5851399","5851672","chr6","42135635","42135893","48","36284236"
"JH378141","5861317","5861406","chr3","65349691","65349782","13","59488374"
"JH378141","5884714","5885017","chr13","68872949","68873249","44","62988235"
"JH378141","5893022","5893306","chr16","18091158","18091443","39","12198136"
"JH378141","5908573","5908873","chr9","92789196","92789493","42","86880623"
"JH378141","5908988","5909126","chr11","95753406","95753542","12","89844418"
"JH378141","5918855","5918935","chr5","67880800","67880883","9","61961945"
"JH378141","5934027","5934332","chr12","12869342","12869649","42","6935315"
"JH378141","5960141","5960413","chr20","51576321","51576583","51","45616180"
"JH378141","5960851","5961085","chr20","47773481","47773698","40","41812630"
"JH378141","5970522","5970813","chr10","123663828","123664125","33","117693306"
"JH378141","5992340","5992469","chr6","7772479","7772609","15","1780139"
"JH378141","6015121","6015405","chr12","76875410","76875697","39","70860289"
"JH378141","6020950","6021250","chr20","104630107","104630400","28","98609157"
"JH378141","6022012","6022313","chr29","8289755","8290055","33","2267743"
"JH378141","6039289","6039418","chr20","67637645","67637774","16","61598356"
"JH378141","6052890","6053188","chr26","16008721","16009029","46","9955831"
"JH378141","6059027","6059269","chr24","41586591","41586838","47","35527564"
"JH378141","6073591","6073694","chrX","2017984","2018087","10","4055607"
"JH378141","6077468","6077780","chr1","65504304","65504612","40","59426836"
"JH378141","6083843","6083943","chr24","29740894","29740985","19","23657051"
"JH378141","6086178","6086489","chr1","2872653","2872961","37","3213525"
"JH378141","6086522","6086824","chr26","18927734","18928036","32","12841212"
"JH378141","6088594","6088854","chr20","116428512","116428772","36","110339918"
"JH378141","6095623","6095917","chrX","17246394","17246689","45","11150771"
"JH378141","6096868","6097175","chr1","65504304","65504612","28","59407436"
"JH378141","6102879","6103186","chr14","22799686","22799991","40","16696807"
"JH378141","6111672","6111765","chr22","82220107","82220203","11","76108435"
"JH378141","6116461","6116746","chr20","121623421","121623708","37","115506960"
"JH378141","6119936","6120234","chr13","65577132","65577425","30","59457196"
"JH378141","6127169","6127464","chr3","25191007","25191301","35","19063838"
"JH378141","6137075","6137383","chr8","52344592","52344885","47","46207517"
"JH378141","6147506","6147594","chr19","7758593","7758681","11","1611087"
"JH378141","6155368","6155676","chr1","108565860","108566161","38","102410492"
"JH378141","6169033","6169339","chr16","33182065","33182368","41","27013032"
"JH378141","6215518","6215816","chr6","39327037","39327335","39","33111519"
"JH378141","6219052","6219336","chr19","22521438","22521721","33","16302386"
"JH378141","6262541","6262679","chr11","95753406","95753542","13","89490865"
"JH378141","6294326","6294610","chr3","81003695","81003974","45","74709369"
"JH378141","6319434","6319768","chr12","6781553","6781865","149","462119"
"JH378141","6338903","6339211","chr18","67218974","67219278","41","60880071"
"JH378141","6380284","6380593","chr11","58110010","58110310","38","51729726"
"JH378141","6470511","6470636","chr14","36165293","36165416","25","29694782"
"JH378141","6581337","6581428","chr14","82610477","82610563","21","76029140"
"JH378141","6594868","6595168","chr19","13269054","13269354","29","6674186"
"JH378141","6676342","6676643","chrX","82159275","82159580","39","75482933"
"JH378141","6744844","6745012","chr14","93045548","93045716","22","86300704"
"JH378141","6754325","6754627","chr29","8289755","8290055","38","1535430"
"JH378141","6875326","6875649","chr8","61372236","61372557","46","54496910"
"JH378141","6926860","6927160","chr11","53220620","53220917","36","46293760"
"JH378141","6966740","6967042","chr5","36774379","36774687","45","29807639"
"JH378141","7077064","7077375","chr11","20333718","20334026","33","13256654"
"JH378141","7105220","7105533","chr5","27918350","27918656","38","20813130"
"JH378141","7178069","7178346","chr10","83042840","83043117","46","75864771"
"JH378141","7209645","7209841","chr13","86585007","86585200","22","79375362"
"JH378141","7347298","7347590","chr12","10064948","10065242","32","2717650"
"JH378141","7376870","7377182","chr9","93121941","93122248","36","85745071"
"JH378141","7377470","7377841","chr20","62265514","62265850","97","54888044"
"JH378141","7483120","7483267","chr7","42961800","42961947","15","35478680"
"JH378141","7528693","7528984","chr5","22668022","22668311","41","15139329"
"JH378141","7559417","7559646","chr11","126175108","126175340","25","118615691"
"JH378141","7596686","7596988","chr5","2273487","2273788","40","5323199"
"JH378141","7601467","7601597","chr3","91348390","91348521","16","83746923"
"JH378141","7623402","7623689","chr10","29907498","29907779","36","22284096"
"JH378141","7650207","7650517","chr2","34891557","34891863","43","27241350"
"JH378141","7657788","7658098","chr26","38024857","38025165","29","30367069"
"JH378141","7679894","7680124","chr2","84552542","84552764","42","76872648"
"JH378141","7680409","7680499","chr22","82220107","82220203","10","74539698"
"JH378141","7684419","7684509","chr16","4405728","4405812","12","3278691"
"JH378141","7708926","7709191","chr11","117793063","117793332","36","110084137"
"JH378141","7725310","7725606","chr7","126305091","126305384","49","118579781"
"JH378141","7728448","7728521","chr13","63031813","63031889","10","55303365"
"JH378141","7747948","7748164","chr9","28573966","28574178","37","20826018"
"JH378141","7759080","7759385","chr17","36743623","36743924","32","28984543"
"JH378141","7769390","7769682","chr1","103415790","103416081","53","95646400"
"JH378141","7779983","7780262","chr14","41748186","41748475","40","33968203"
"JH378141","7780934","7781221","chr7","39194275","39194566","38","31413341"
"JH378141","7811559","7811863","chr15","18549945","18550246","28","10738386"
"JH378141","7813817","7814079","chr18","66249703","66249966","41","58435886"
"JH378141","7823803","7823900","chr22","82220107","82220203","9","74396304"
"JH378141","7827686","7827996","chrX","49418051","49418357","47","41590365"
"JH378141","7834955","7835167","chr16","40442198","40442397","44","32607243"
"JH378141","7851247","7851368","chr15","73300791","73300918","15","65449544"
"JH378141","7868244","7868501","chr4","87728103","87728358","45","79859859"
"JH378141","7875103","7875249","chr10","2023320","2023469","30","5851783"
"JH378141","7875778","7875873","chr19","23494523","23494608","19","15618745"
"JH378141","7903416","7903668","chr24","81696706","81696945","34","73793290"
"JH378141","7904057","7904209","chr9","59130238","59130387","19","51226181"
"JH378141","7906276","7906571","chr12","10064948","10065242","29","2158672"
"JH378141","7909556","7909844","chr7","111160999","111161297","37","103251443"
"JH378141","7915501","7915611","chr6","1067449","1067558","10","6848052"
"JH378141","7926530","7926649","chr13","87477413","87477530","20","79550883"
"JH378141","7935222","7935297","chr28","14799270","14799340","9","6864048"
"JH378141","7962267","7962412","chr3","90669571","90669712","17","82707304"
"JH378141","7969898","7969982","chr5","67880800","67880883","8","59910902"
"JH378141","7982328","7982458","chr10","88073207","88073338","12","80090879"
"JH378141","8054738","8055030","chr7","99172603","99172901","39","91117865"
"JH378141","8074415","8074707","chrX","23977849","23978143","40","15903434"
"JH378141","8409660","8409777","chr22","9692306","9692429","27","1282646"
"JH378141","8421986","8422273","chrX","15732035","15732323","40","7310049"
"JH378141","8481119","8481311","chr15","6643378","6643590","47","1837741"
"JH378141","8528259","8528551","chr19","13110657","13110941","52","4582398"
"JH378141","8548861","8549152","chr12","10064948","10065242","32","1516087"
"JH378141","8551024","8551300","chr22","37637582","37637856","35","29086558"
"JH378141","8567805","8567929","chr1","8688937","8689061","12","121132"
"JH378141","8599017","8599297","chr2","62299133","62299420","39","53700116"
"JH378141","8623314","8623603","chr18","66189352","66189642","36","57566038"
"JH378141","8625519","8625817","chrX","95460911","95461200","38","86835392"
"JH378141","8631390","8631677","chr23","37747056","37747344","39","29115666"
"JH378141","8635569","8635866","chr3","51320753","51321046","43","42685184"
"JH378141","8637176","8637441","chr22","43966779","43967052","53","35329603"
"JH378141","8646249","8646536","chr20","20594289","20594576","39","11948040"
"JH378141","8657679","8657965","chr12","5303669","5303965","35","3354010"
"JH378141","8727781","8727923","chr11","20927457","20927594","47","12199676"
"JH378141","8755419","8755508","chr19","7758593","7758681","12","996826"
"JH378141","8801181","8801455","chr6","2852604","2852883","43","5948577"
"JH378141","8804473","8804760","chr8","52344592","52344885","35","43540119"
"JH378141","8809292","8809456","chr8","138361647","138361794","42","129552355"
"JH378141","8820234","8820456","chr9","7317367","7317591","52","1502867"
"JH378141","8885212","8885527","chr11","115525233","115525542","31","106640021"
"JH378141","8895675","8895993","chr24","11819038","11819352","39","2923363"
"JH378141","8915262","8915522","chr7","12193381","12193629","44","3278119"
"JH378141","8938288","8938556","chr22","51404529","51404822","64","42466241"
"JH378141","8975518","8975813","chr8","15769237","15769531","46","6793719"
"JH378141","8992054","8992351","chr2","5056935","5057232","43","3935119"
"JH378141","9053534","9053825","chr10","81788933","81789221","37","72735399"
"JH378141","9054419","9054727","chr16","55157456","55157764","38","46103037"
"JH378141","9066791","9067048","chr11","63143554","63143815","45","54076763"
"JH378141","9074419","9074717","chr12","10064948","10065242","30","990529"
"JH378141","9074728","9075020","chr21","74368618","74368909","40","65293890"
"JH378141","9206818","9207121","chr5","2273487","2273788","31","6933331"
"JH378141","9224911","9224987","chr13","63031813","63031889","7","53806902"
"JH378141","9232809","9233117","chr24","83135028","83135331","39","73902219"
"JH378141","9235681","9235822","chr9","86109665","86109806","16","76873984"
"JH378141","9274677","9274975","chr13","65577132","65577425","38","56302455"
"JH378141","9296636","9296940","chr11","12699109","12699411","36","3402473"
"JH378141","9318325","9318400","chr13","63031813","63031889","7","53713488"
"JH378141","9327557","9327677","chr15","90834689","90834810","10","81507132"
"JH378141","9329836","9330052","chr11","14255194","14255414","34","4925358"
"JH378141","9392737","9393031","chr8","95885898","95886192","42","86493161"
"JH378141","9395074","9395358","chr2","16485138","16485431","39","7090064"
"JH378141","9395361","9395665","chr16","36083795","36084104","40","26688434"
"JH378141","9410779","9410869","chr3","65349691","65349782","11","55938912"
"JH378141","9412016","9412296","chr24","62151870","62152146","44","52739854"
"JH378141","9443455","9443754","chr14","83371933","83372231","33","73928478"
"JH378141","9444719","9444808","chr3","65349691","65349782","12","55904972"
"JH378141","9473703","9474003","chr16","16840316","16840617","35","7366613"
"JH378141","9512672","9512926","chr7","12193381","12193629","47","2680709"
"JH378141","9513681","9513974","chr6","28157270","28157576","51","18643589"
"JH378141","9516913","9517201","chr2","49104477","49104770","37","39587564"
"JH378141","9536099","9536395","chr20","71659942","71660232","41","62123843"
"JH378141","9547985","9548281","chr13","65577132","65577425","30","56029147"
"JH378141","9576964","9577265","chr1","66807483","66807786","43","57230519"
"JH378141","9593963","9594267","chr5","45564984","45565290","50","35971021"
"JH378141","9612222","9612507","chr23","71125189","71125474","31","61512967"
"JH378141","9631394","9631693","chr12","10064948","10065242","26","433554"
"JH378141","9682942","9683012","chr5","26226134","26226199","15","16543192"
"JH378141","9683630","9683869","chr26","11007255","11007490","27","1323625"
"JH378141","9711853","9712007","chr9","59130238","59130387","19","49418385"
"JH378141","9734106","9734414","chr4","51478135","51478441","52","41744029"
"JH378141","9749877","9750006","chr3","92101699","92101829","17","82351822"
"JH378141","9764434","9764747","chr28","13557476","13557782","39","3793042"
"JH378141","9767698","9767997","chr1","29171696","29172000","46","19403998"
"JH378141","9777643","9777953","chr1","65504304","65504612","38","55726661"
"JH378141","9778367","9778655","chr21","22838763","22839060","46","13060396"
"JH378141","9780905","9781183","chr22","37637582","37637856","48","27856677"
"JH378141","9807299","9807601","chr7","22856199","22856493","43","13048900"
"JH378141","9844734","9845031","chrX","23977849","23978143","39","14133115"
"JH378141","9845175","9845252","chr13","63031813","63031889","7","53186638"
"JH378141","9853796","9854067","chr9","82012344","82012620","45","72158548"
"JH378141","9872148","9872439","chr10","56584716","56585002","43","46712568"
"JH378141","9881492","9881621","chr16","4500752","4500881","12","5380740"
"JH378141","9888113","9888207","chr22","82220107","82220203","6","72331994"
"JH378141","9913683","9913969","chr9","118446169","118446455","36","108532486"
"JH378141","9937498","9937588","chr3","65349691","65349782","11","55412193"
"JH378141","9940802","9940948","chr9","59130238","59130387","12","49189436"
"JH378141","9941802","9941956","chr7","123657100","123657244","34","113715298"
"JH378141","9943006","9943307","chr7","30430087","30430386","37","20487081"
"JH378141","9945867","9945971","chr1","39939684","39939788","9","29993817"
"JH378141","9966452","9966761","chr1","65504304","65504612","36","55537852"
"JH378141","9994376","9994679","chr15","3702894","3703194","45","6291482"
"JH378141","10012036","10012291","chr6","38291436","38291692","31","28279400"
"JH378141","10017640","10017768","chr3","91348390","91348521","12","81330750"
"JH378141","10018589","10018871","chr23","71455594","71455871","45","61437005"
"JH378141","10021505","10021589","chr16","4405728","4405812","6","5615777"
"JH378141","10049920","10050067","chr17","47733511","47733658","13","37683591"
"JH378141","10050532","10050834","chr1","108565860","108566161","35","98515328"
"JH378141","10052134","10052453","chr28","13557476","13557782","45","3505342"
"JH378141","10058422","10058512","chr3","65349691","65349782","10","55291269"
"JH378141","10061913","10061981","chr12","26667601","26667675","14","16605688"
"JH378141","10065715","10066010","chr15","12031507","12031804","28","1965792"
"JH378141","10077009","10077275","chr4","87728103","87728358","42","77651094"
"JH378141","10104633","10104766","chr1","110380135","110380266","15","100275502"
"JH378141","10153296","10153386","chr3","65349691","65349782","11","55196395"
"JH378141","10205364","10205675","chr12","40352484","40352792","46","30147120"
"JH378141","10235386","10235479","chr22","82220107","82220203","9","71984721"
"JH378141","10264215","10264514","chr23","44818219","44818516","44","34554004"
"JH378141","10272840","10273139","chr12","10064948","10065242","29","207892"
"JH378141","10276907","10277031","chr10","121431318","121431447","23","111154411"
"JH378141","10280149","10280451","chr10","118597337","118597632","35","108317188"
"JH378141","10313478","10313779","chr12","10064948","10065242","32","248530"
"JH378141","10367996","10368302","chr5","2273487","2273788","31","8094509"
"JH378141","10430175","10430302","chr23","82201349","82201479","11","71771174"
"JH378141","10449918","10450232","chr5","16792567","16792878","42","6342649"
"JH378141","10494719","10495024","chr10","75582296","75582604","49","65087577"
"JH378141","10502007","10502310","chr12","10064948","10065242","30","437059"
"JH378141","10515005","10515315","chr2","58045145","58045453","32","47530140"
"JH378141","10516419","10516704","chr6","9228253","9228531","39","1288166"
"JH378141","10516950","10517092","chr17","41276087","41276230","17","30759137"
"JH378141","10529893","10530119","chr11","126175108","126175340","30","115645215"
"JH378141","10537739","10537836","chr22","82220107","82220203","8","71682368"
"JH378141","10553816","10554120","chr10","111637485","111637783","38","101083669"
"JH378141","10596509","10596588","chr5","67880800","67880883","10","57284291"
"JH378141","10597329","10597469","chr3","90669571","90669712","16","80072242"
"JH378141","10599125","10599429","chr14","83570862","83571166","35","72971737"
"JH378141","10603689","10603771","chr5","67880800","67880883","7","57277111"
"JH378141","10616696","10616784","chr19","7758593","7758681","10","2858103"
"JH378141","10618423","10618719","chr23","78958611","78958915","42","68340188"
"JH378141","10631571","10631695","chr15","90834689","90834810","11","80203118"
"JH378141","10633551","10633782","chr12","6573809","6574052","45","4059742"
"JH378141","10642361","10642468","chr6","1067449","1067558","12","9574912"
"JH378141","10687917","10688199","chr9","114015180","114015455","40","103327263"
"JH378141","10694138","10694252","chr20","115102100","115102215","13","104407962"
"JH378141","10699085","10699376","chr18","31540660","31540966","44","20841575"
"JH378141","10709522","10709616","chr23","60352980","60353074","13","49643458"
"JH378141","10710352","10710455","chrX","2017984","2018087","9","8692368"
"JH378141","10713949","10714262","chr1","2872653","2872961","46","7841296"
"JH378141","10716053","10716346","chr12","10064948","10065242","26","651105"
"JH378141","10724945","10725243","chr23","63610971","63611275","38","52886026"
"JH378141","10727301","10727588","chr13","32158432","32158721","40","21431131"
"JH378141","10730132","10730450","chr24","11819038","11819352","53","1088906"
"JH378141","10730545","10730861","chr16","2999161","2999470","36","7731384"
"JH378141","10737418","10737615","chr25","70083308","70083518","49","59345890"
"JH378141","10775237","10775524","chr18","43891559","43891849","36","33116322"
"JH378141","10784788","10785092","chr22","47793370","47793666","40","37008582"
"JH378141","10785254","10785562","chr12","10064948","10065242","37","720306"
"JH378141","10825349","10825656","chr20","85624325","85624630","37","74798976"
"JH378141","10827790","10828089","chr20","92481976","92482271","30","81654186"
"JH378141","10886163","10886466","chr1","108565860","108566161","37","97679697"
"JH378141","10901859","10902152","chr1","10803268","10803561","30","98591"
"JH378141","10934760","10934844","chr16","4405728","4405812","6","6529032"
"JH378141","11054746","11055040","chr12","10064948","10065242","37","989798"
"JH378141","11058961","11059091","chr16","4500752","4500881","15","6558209"
"JH378141","11113669","11113748","chr5","67880800","67880883","10","56767131"
"JH378141","11137748","11138077","chr15","33614514","33614837","52","22476766"
"JH378141","11151300","11151598","chr12","10064948","10065242","27","1086352"
"JH378141","11164692","11164841","chr9","59130238","59130387","13","47965546"
"JH378141","11185383","11185657","chr2","57283040","57283331","43","46097657"
"JH378141","11195746","11196049","chr7","14471577","14471884","40","3275831"
"JH378141","11231292","11231419","chr1","8688937","8689061","14","2542355"
"JH378141","11233867","11234172","chr24","45338983","45339280","41","34105116"
"JH378141","11254008","11254301","chr22","46167136","46167420","35","34913128"
"JH378141","11260332","11260642","chr8","52124179","52124487","52","40863847"
"JH378141","11279127","11279429","chr6","39327037","39327335","45","28047910"
"JH378141","11281534","11281814","chr1","105168338","105168617","36","93886804"
"JH378141","11303044","11303193","chr9","59130238","59130387","16","47827194"
"JH378141","11313142","11313437","chr1","103415790","103416081","34","92102648"
"JH378141","11314542","11314840","chr12","10064948","10065242","31","1249594"
"JH378141","11344578","11344875","chr11","115626152","115626447","44","104281574"
"JH378141","11404994","11405306","chr14","21051881","21052186","37","9646887"
"JH378141","11407210","11407518","chr18","67218974","67219278","44","55811764"
"JH378141","11467574","11467649","chr13","63031813","63031889","6","51564239"
"JH378141","11486136","11486448","chr13","11789889","11790197","43","303753"
"JH378141","11487227","11487514","chr8","134989821","134990115","31","123502594"
"JH378141","11493883","11494150","chr23","60436736","60437003","43","48942853"
"JH378141","11499697","11499999","chrX","95460911","95461200","41","83961214"
"JH378141","11514892","11515038","chr18","58918281","58918426","16","47403389"
"JH378141","11525611","11525919","chr23","44247755","44248062","37","32722144"
"JH378141","11535630","11535898","chr12","7441102","7441371","51","4094528"
"JH378141","11545829","11546139","chr6","16598509","16598818","33","5052680"
"JH378141","11560742","11561063","chr29","8278863","8279172","45","3281879"
"JH378141","11563524","11563835","chr1","53919172","53919477","36","42355648"
"JH378141","11592935","11593204","chr10","93256104","93256376","31","81663169"
"JH378141","11600548","11600855","chr16","33182065","33182368","44","21581517"
"JH378141","11601670","11601940","chr8","132346365","132346635","49","120744695"
"JH378141","11602831","11603156","chr7","85949776","85950095","44","74346945"
"JH378141","11779200","11779494","chr24","44498613","44498908","37","32719413"
"JH378141","11797263","11797564","chr12","10064948","10065242","28","1732315"
"JH378141","11810067","11810363","chr12","10064948","10065242","27","1745119"
"JH378141","11817287","11817580","chr21","117696414","117696708","50","105879127"
"JH378141","11818333","11818624","chr22","40701009","40701309","42","28882676"
"JH378141","11863736","11864012","chr22","9600661","9600931","39","2263075"
"JH378141","11895215","11895501","chr4","65823519","65823812","38","53928304"
"JH378141","11990048","11990347","chr9","1052717","1053012","44","10937331"
"JH378141","12003539","12003808","chr23","71125189","71125474","41","59121650"
"JH378141","12017366","12017674","chr11","51624065","51624366","37","39606699"
"JH378141","12070823","12071120","chr12","103011241","103011542","41","90940418"
"JH378141","12073311","12073603","chr8","52344592","52344885","32","40271281"
"JH378141","12100532","12100839","chr11","44138721","44139027","33","32038189"
"JH378141","12127525","12127810","chr25","27279592","27279878","43","15152067"
"JH378141","12128375","12128478","chrX","2017984","2018087","8","10110391"
"JH378141","12153063","12153365","chr12","10064948","10065242","31","2088115"
"JH378141","12161793","12162092","chr7","135446458","135446759","46","123284665"
"JH378141","12211061","12211339","chr8","36061210","36061506","50","23850149"
"JH378141","12213200","12213507","chr12","88692034","88692338","36","76478834"
"JH378141","12232667","12232952","chr9","26807010","26807295","31","14574343"
"JH378141","12273980","12274289","chr6","15953108","15953417","35","3679128"
"JH378141","12284706","12284983","chr13","14768844","14769128","45","2484138"
"JH378141","12285502","12285808","chr2","34891557","34891863","34","22606055"
"JH378141","12292611","12292909","chr11","117737181","117737478","37","105444570"
"JH378141","12314590","12314896","chr8","18530878","18531178","53","6216288"
"JH378141","12314908","12315175","chr20","105088115","105088384","45","92773207"
"JH378141","12327385","12327685","chr12","10064948","10065242","28","2262437"
"JH378141","12340850","12341076","chr1","38090108","38090330","33","25749258"
"JH378141","12373116","12373405","chr1","83579627","83579918","44","71206511"
"JH378141","12388503","12388633","chr27","32448797","32448927","13","20060294"
"JH378141","12395075","12395368","chr12","58820917","58821209","43","46425842"
"JH378141","12402571","12402699","chr20","20852752","20852882","12","8450181"
"JH378141","12426532","12426621","chr3","65349691","65349782","10","52923159"
"JH378141","12472581","12472890","chr26","5907158","5907461","42","6565423"
"JH378141","12488279","12488365","chr16","4405728","4405812","8","8082551"
"JH378141","12488922","12489060","chr6","7501396","7501533","14","4987526"
"JH378141","12506320","12506603","chr24","27974021","27974303","42","15467701"
"JH378141","12525067","12525359","chr26","5821015","5821307","34","6704052"
"JH378141","12537272","12537574","chr29","8289755","8290055","29","4247517"
"JH378141","12539505","12539803","chrX","23977849","23978143","41","11438344"
"JH378141","12577553","12577701","chr9","59130238","59130387","15","46552685"
"JH378141","12602813","12603111","chr15","89070427","89070731","38","76467614"
"JH378141","12613172","12613465","chr6","48913632","48913921","36","36300460"
"JH378141","12635031","12635339","chr1","65504304","65504612","32","52869273"
"JH378141","12640604","12640889","chr13","83084677","83084970","41","70444073"
"JH378141","12650150","12650455","chr21","52818940","52819239","41","40168790"
"JH378141","12681803","12682103","chr18","61327910","61328211","43","48646107"
"JH378141","12729078","12729366","chr14","38813996","38814293","40","26084918"
"JH378141","12748215","12748513","chr2","13025472","13025768","33","277257"
"JH378141","12758402","12758522","chr11","74863209","74863330","12","62104807"
"JH378141","12771551","12771861","chr29","8278863","8279172","33","4492688"
"JH378141","12772841","12773143","chr15","12452562","12452863","43","320279"
"JH378141","12779771","12780049","chrX","22015718","22015995","33","9235947"
"JH378141","12810407","12810718","chrX","38691784","38692092","33","25881377"
"JH378141","12854631","12854912","chr13","15613354","15613644","40","2758723"
"JH378141","12859065","12859375","chr13","74228181","74228481","41","61369116"
"JH378141","12943184","12943369","chr20","114660733","114660918","33","101717549"
"JH378141","12972674","12972767","chr22","82220107","82220203","10","69247433"
"JH378141","12975723","12976018","chr12","10064948","10065242","36","2910775"
"JH378141","13030339","13030434","chr22","82220107","82220203","7","69189768"
"JH378141","13035906","13036197","chr14","44038439","44038738","38","31002533"
"JH378141","13050977","13051273","chr12","10064948","10065242","28","2986029"
"JH378141","13070436","13070744","chr6","31365170","31365478","35","18294734"
"JH378141","13088350","13088495","chr8","6220418","6220561","17","6867932"
"JH378141","13101241","13101545","chr11","125798758","125799061","36","112697517"
"JH378141","13101578","13101864","chr10","127495198","127495486","36","114393620"
"JH378141","13188160","13188475","chrUn_KE147575v1","33049","33353","34","13155111"
"JH378141","13195377","13195653","chr15","81108917","81109201","37","67913540"
"JH378141","13199172","13199480","chr2","54111844","54112143","42","40912672"
"JH378141","13211902","13212211","chr22","18232920","18233227","34","5021018"
"JH378141","13213033","13213148","chrX","25959962","25960082","16","12746929"
"JH378141","13213154","13213409","chr16","18902865","18903120","29","5689711"
"JH378141","13216570","13216695","chr11","104248796","104248920","13","91032226"
"JH378141","13237506","13237819","chr5","36774379","36774687","40","23536873"
"JH378141","13241260","13241564","chr5","2273487","2273788","26","10967773"
"JH378141","13243280","13243427","chr16","21687282","21687429","17","8444002"
"JH378141","13296373","13296670","chr12","10064948","10065242","24","3231425"
"JH378141","13298647","13298931","chrX","468680","468977","38","12829967"
"JH378141","13310122","13310419","chr8","134989821","134990115","30","121679699"
"JH378141","13319282","13319570","chr9","90943231","90943523","39","77623949"
"JH378141","13341943","13342228","chr10","127201999","127202278","42","113860056"
"JH378141","13352589","13352738","chr16","21687282","21687429","17","8334693"
"JH378141","13360791","13361082","chr6","38437831","38438120","32","25077040"
"JH378141","13383903","13384210","chr3","22013697","22014006","31","8629794"
"JH378141","13394246","13394347","chr1","39939684","39939788","11","26545438"
"JH378141","13419578","13419876","chr13","8768487","8768786","33","4651091"
"JH378141","13420938","13421033","chr22","82220107","82220203","9","68799169"
"JH378141","13493474","13493781","chr23","78958611","78958915","38","65465137"
"JH378141","13496503","13496810","chr6","30836295","30836597","36","17339792"
"JH378141","13507001","13507300","chrX","34042367","34042664","39","20535366"
"JH378141","13525884","13526174","chr10","104127514","104127810","35","90601630"
"JH378141","13567109","13567406","chr5","58245349","58245645","31","44678240"
"JH378141","13568341","13568640","chr16","29687884","29688182","36","16119543"
"JH378141","13595898","13596206","chr8","32187026","32187333","34","18591128"
"JH378141","13611656","13611960","chr20","87404408","87404710","36","73792752"
"JH378141","13637872","13638157","chr20","51588447","51588742","45","37950575"
"JH378141","13670908","13671074","chr2","47575621","47575788","23","33904713"
"JH378141","13679677","13679988","chr11","20333718","20334026","31","6654041"
"JH378141","13746725","13747017","chrX","115847772","115848064","42","102101047"
"JH378141","13792695","13792961","chr8","139183385","139183639","46","125390690"
"JH378141","13850464","13850759","chr29","11385933","11386242","58","2464531"
"JH378141","13861146","13861449","chr3","9603791","9604094","34","4257355"
"JH378141","13864083","13864381","chr20","94983084","94983392","45","81119001"
"JH378141","13874322","13874626","chr19","13958387","13958693","36","84065"
"JH378141","13883176","13883460","chr12","56419945","56420231","37","42536769"
"JH378141","13955869","13956170","chr12","10064948","10065242","30","3890921"
"JH378141","14187977","14188278","chr11","51624065","51624366","31","37436088"
"JH378141","14194586","14194886","chr14","79729598","79729899","35","65535012"
"JH378141","14229725","14229828","chrX","2017984","2018087","11","12211741"
"JH378141","14234945","14235077","chr1","8688937","8689061","16","5546008"
"JH378141","14282265","14282556","chr15","65122808","65123099","38","50840543"
"JH378141","14289497","14289790","chr13","45058548","45058844","33","30769051"
"JH378141","14311045","14311257","chr22","35904405","35904609","37","21593360"
"JH378141","14328991","14329299","chr1","65504304","65504612","32","51175313"
"JH378141","14351980","14352275","chr12","34804818","34805110","45","20452838"
"JH378141","14380631","14380827","chrX","69874323","69874503","35","55493692"
"JH378141","14381165","14381337","chr4","65157978","65158146","23","50776813"
"JH378141","14391498","14391747","chr3","68271506","68271751","28","53880008"
"JH378141","14419937","14420230","chr12","30324456","30324749","36","15904519"
"JH378141","14422461","14422789","chr10","82969290","82969604","71","68546829"
"JH378141","14427652","14427824","chr13","78985963","78986134","27","64558311"
"JH378141","14435181","14435489","chr5","2324242","2324550","31","12110939"
"JH378141","14435797","14436094","chr19","20052169","20052465","51","5616372"
"JH378141","14439179","14439489","chr11","20333718","20334026","32","5894539"
"JH378141","14442166","14442243","chr13","63031813","63031889","6","48589647"
"JH378141","14450416","14450708","chr1","115205454","115205746","55","100755038"
"JH378141","14458497","14458814","chr2","34891557","34891863","36","20433060"
"JH378141","14463224","14463510","chr22","11237891","11238177","43","3225333"
"JH378141","14483720","14484019","chr8","44530508","44530794","52","30046788"
"JH378141","14488375","14488651","chr14","98194331","98194605","38","83705956"
"JH378141","14495976","14496115","chr10","97292708","97292851","23","82796732"
"JH378141","14506014","14506313","chr12","10064948","10065242","29","4441066"
"JH378141","14511615","14511918","chr12","10064948","10065242","39","4446667"
"JH378141","14516407","14516712","chr24","67239754","67240052","37","52723347"
"JH378141","14529906","14530136","chr8","99056057","99056304","52","84526151"
"JH378141","14550488","14550792","chr20","103824795","103825094","36","89274307"
"JH378141","14552294","14552599","chr9","13789985","13790287","41","762309"
"JH378141","14569618","14569920","chr25","77881584","77881883","46","63311966"
"JH378141","14584330","14584633","chr6","30836295","30836597","36","16251965"
"JH378141","14603854","14604148","chr13","65577132","65577425","28","50973278"
"JH378141","14609148","14609242","chr22","82220107","82220203","7","67610959"
"JH378141","14682276","14682497","chrX","117167722","117167942","29","102485446"
"JH378141","14691875","14692174","chr7","115787008","115787298","43","101095133"
"JH378141","14693463","14693770","chr15","68364059","68364360","49","53670596"
"JH378141","14698000","14698122","chr20","15623275","15623394","20","925275"
"JH378141","14745223","14745520","chr26","42771314","42771606","40","28026091"
"JH378141","14830568","14830805","chrX","112046945","112047179","24","97216377"
"JH378141","14902144","14902451","chr2","10204715","10205019","33","4697429"
"JH378141","14903316","14903634","chr12","74217361","74217667","45","59314045"
"JH378141","14905391","14905689","chr1","103415790","103416081","45","88510399"
"JH378141","14930617","14930918","chrX","125302543","125302844","35","110371926"
"JH378141","14954639","14954926","chr29","1616258","1616545","34","13338381"
"JH378141","14998905","14999148","chr12","7263828","7264071","32","7735077"
"JH378141","15014564","15014864","chr12","18922571","18922865","35","3908007"
"JH378141","15047618","15047918","chr2","55900648","55900952","38","40853030"
"JH378141","15054876","15055197","chr19","26137721","26138026","46","11082845"
"JH378141","15130309","15130399","chr19","7758593","7758681","9","7371716"
"JH378141","15145058","15145285","chr28","18355531","18355757","37","3210473"
"JH378141","15199030","15199324","chr13","65577132","65577425","29","50378102"
"JH378141","15218166","15218476","chr2","58045145","58045453","36","42826979"
"JH378141","15323238","15323481","chr10","97324512","97324750","42","82001274"
"JH378141","15375949","15376259","chr24","68895333","68895641","45","53519384"
"JH378141","15421492","15421785","chr20","119900333","119900636","45","104478841"
"JH378141","15432820","15433109","chr12","10064948","10065242","32","5367872"
"JH378141","15453931","15454183","chr16","33690776","33691040","58","18236845"
"JH378141","15509915","15510197","chr5","26494257","26494539","31","10984342"
"JH378141","15511289","15511624","chr8","64261352","64261687","47","48750063"
"JH378141","15527979","15528074","chr22","82220107","82220203","13","66692128"
"JH378141","15530111","15530200","chr19","7758593","7758681","10","7771518"
"JH378141","15545521","15545666","chr6","7229588","7229731","18","8315933"
"JH378141","15606787","15607101","chr9","34182892","34183200","39","18576105"
"JH378141","15616344","15616652","chr1","66807483","66807786","41","51191139"
"JH378141","15635333","15635628","chr13","65577132","65577425","36","49941799"
"JH378141","15643953","15644219","chr25","73791320","73791585","31","58147367"
"JH378141","15668565","15668868","chr12","10064948","10065242","33","5603617"
"JH378141","15680705","15680951","chr4","35832302","35832548","39","20151597"
"JH378141","15709483","15709783","chr2","65511339","65511645","42","49801856"
"JH378141","15724225","15724456","chr20","92882451","92882681","36","77158226"
"JH378141","15726422","15726699","chr2","30072612","30072885","41","14346190"
"JH378141","15754306","15754548","chr3","27147134","27147379","35","11392828"
"JH378141","15794188","15794314","chr14","86477174","86477304","13","70682986"
"JH378141","15805896","15806172","chr12","87620481","87620757","35","71814585"
"JH378141","15849895","15850186","chr10","8909912","8910203","38","6939983"
"JH378141","15861651","15861955","chr26","18927734","18928036","30","3066083"
"JH378141","15879810","15880123","chr14","22799686","22799991","43","6919876"
"JH378141","15891944","15892236","chr12","10064948","10065242","32","5826996"
"JH378141","15906537","15906843","chr4","88331964","88332268","40","72425427"
"JH378141","15935292","15935612","chr16","2999161","2999470","52","12936131"
"JH378141","15966907","15967194","chrX","346824","347116","40","15620083"
"JH378141","15980519","15980812","chr1","103415790","103416081","39","87435271"
"JH378141","15998029","15998337","chr19","9824759","9825062","35","6173270"
"JH378141","15998342","15998636","chr14","41748186","41748475","44","25749844"
"JH378141","16017728","16018024","chr23","70748596","70748897","39","54730868"
"JH378141","16020323","16020421","chr15","39050206","39050292","23","23029883"
"JH378141","16020424","16020546","chr15","90834689","90834810","14","74814265"
"JH378141","16025492","16025599","chr12","90802389","90802495","9","74776897"
"JH378141","16026162","16026466","chrX","23977849","23978143","36","7951687"
"JH378141","16045399","16045672","chr7","86776983","86777262","52","70731584"
"JH378141","16066009","16066121","chr22","52501284","52501397","16","36435275"
"JH378141","16068507","16068816","chr12","92680839","92681132","51","76612332"
"JH378141","16074725","16075028","chr12","62681503","62681796","36","46606778"
"JH378141","16142181","16142503","chr10","12006602","12006915","39","4135579"
"JH378141","16152649","16152935","chr8","75195748","75196034","41","59043099"
"JH378141","16224958","16225287","chr24","22113783","22114076","127","5888825"
"JH378141","16256433","16256743","chr12","40352484","40352792","41","24096051"
"JH378141","16278126","16278441","chr1","65504304","65504612","37","49226178"
"JH378141","16336740","16337041","chr14","83570862","83571166","46","67234122"
"JH378141","16376771","16377076","chr25","53140858","53141157","34","36764087"
"JH378141","16389484","16389760","chr13","23716563","23716822","59","7327079"
"JH378141","16466419","16466717","chr14","83371933","83372231","35","66905514"
"JH378141","16496397","16496681","chr15","2355556","2355831","37","14140841"
"JH378141","16513881","16514171","chr20","86435911","86436197","40","69922030"
"JH378141","16563187","16563281","chr1","62097932","62098038","19","45534745"
"JH378141","16564417","16564494","chr28","14799270","14799340","16","1765147"
"JH378141","16564953","16565266","chr1","68219231","68219530","48","51654278"
"JH378141","16565771","16566061","chr9","56910898","56911189","35","40345127"
"JH378141","16621280","16621580","chr13","64989908","64990202","43","48368628"
"JH378141","16665296","16665516","chr1","80319221","80319440","30","63653925"
"JH378141","16758062","16758355","chr13","83084677","83084970","48","66326615"
"JH378141","16782796","16783059","chr16","58425585","58425837","44","41642789"
"JH378141","16830003","16830300","chr24","47719727","47720023","37","30889724"
"JH378141","16882992","16883295","chr22","40701009","40701309","33","23818017"
"JH378141","16974860","16975145","chr29","14257784","14258062","38","2717076"
"JH378141","16999055","16999204","chr9","59130238","59130387","16","42131183"
"JH378141","17024864","17025173","chr1","54471485","54471761","70","37446621"
"JH378141","17035213","17035395","chr11","117106298","117106484","33","100071085"
"JH378141","17055849","17056155","chr13","72044009","72044321","54","54988160"
"JH378141","17103554","17103639","chr16","4405728","4405812","6","12697826"
"JH378141","17161960","17162141","chr13","67190264","67190450","37","50028304"
"JH378141","17241554","17241831","chr10","127201999","127202278","42","109960445"
"JH378141","17262251","17262555","chr2","34891557","34891863","33","17629306"
"JH378141","17297360","17297667","chr17","64670150","64670452","32","47372790"
"JH378141","17381281","17381457","chr2","31630281","31630457","39","14249000"
"JH378141","17409546","17409829","chr3","23160952","23161236","43","5751406"
"JH378141","17449419","17449700","chr10","29907498","29907779","37","12458079"
"JH378141","17472037","17472293","chr21","33287053","33287331","44","15815016"
"JH378141","17474166","17474288","chr15","90834689","90834810","12","73360523"
"JH378141","17486532","17486722","chr2","36139638","36139834","40","18653106"
"JH378141","17571694","17572008","chr12","74217361","74217667","41","56645667"
"JH378141","17721980","17722226","chr6","38291436","38291692","38","20569456"
"JH378141","17747134","17747438","chr9","102836470","102836774","41","85089336"
"JH378141","17769917","17770010","chr11","41907743","41907829","18","24137826"
"JH378141","17770399","17770499","chr22","82220107","82220203","9","64449708"
"JH378141","17794688","17794917","chr7","133981478","133981708","26","116186790"
"JH378141","17851180","17851463","chr8","94667632","94667918","35","76816452"
"JH378141","17855429","17855718","chr7","36238086","36238370","41","18382657"
"JH378141","17898944","17899197","chr13","23716563","23716822","58","5817619"
"JH378141","17918322","17918610","chr20","51671715","51672004","36","33753393"
"JH378141","17922992","17923293","chr6","39327037","39327335","37","21404045"
"JH378141","17940382","17940674","chr12","10064948","10065242","30","7875434"
"JH378141","17982922","17983228","chr24","68895333","68895641","36","50912411"
"JH378141","17984569","17984699","chr3","91348390","91348521","14","73363821"
"JH378141","18002496","18002700","chr20","79047808","79048003","32","61045312"
"JH378141","18026819","18027128","chr14","12894018","12894329","42","5132801"
"JH378141","18045655","18045958","chr12","47198532","47198833","28","29152877"
"JH378141","18124387","18124684","chrX","125507553","125507844","46","107383166"
"JH378141","18135683","18135988","chr12","10064948","10065242","28","8070735"
"JH378141","18141936","18142080","chr22","87450041","87450185","10","69308105"
"JH378141","18146121","18146198","chr13","63031813","63031889","9","44885692"
"JH378141","18151078","18151383","chr19","13613108","13613413","34","4537970"
"JH378141","18161021","18161317","chr13","65577132","65577425","32","47416111"
"JH378141","18172748","18173057","chr20","110962419","110962715","49","92789671"
"JH378141","18258138","18258440","chr1","16060873","16061165","45","2197265"
"JH378141","18267687","18267818","chr16","4500752","4500881","13","13766935"
"JH378141","18275837","18276022","chr20","45817691","45817873","19","27541854"
"JH378141","18333438","18333737","chr5","52522090","52522374","58","34188652"
"JH378141","18353961","18354194","chr10","52997867","52998109","34","34643906"
"JH378141","18385403","18385683","chr23","74701091","74701369","41","56315688"
"JH378141","18572008","18572179","chr6","6130837","6131004","32","12441171"
"JH378141","18600647","18600941","chr11","58110010","58110310","42","39509363"
"JH378141","18719402","18719687","chr21","32338307","32338599","34","13618905"
"JH378141","18728921","18729222","chr11","90402117","90402420","46","71673196"
"JH378141","18740899","18741207","chr11","51930789","51931091","35","33189890"
"JH378141","18769767","18770082","chr1","65504304","65504612","48","46734537"
"JH378141","18800111","18800405","chr8","130288302","130288591","45","111488191"
"JH378141","18814789","18815081","chr12","10064948","10065242","29","8749841"
"JH378141","18896857","18897158","chr24","1147887","1148184","29","17748970"
"JH378141","18907218","18907522","chr5","2273487","2273788","31","16633731"
"JH378141","18909462","18909650","chr11","29582135","29582322","35","10672673"
"JH378141","18910322","18910467","chr17","47733511","47733658","12","28823189"
"JH378141","18910900","18910990","chr19","7758593","7758681","11","11152307"
"JH378141","18934674","18934976","chr17","50716976","50717279","35","31782302"
"JH378141","18936878","18936968","chr3","65349691","65349782","9","46412813"
"JH378141","18946286","18946376","chr3","65349691","65349782","12","46403405"
"JH378141","18946977","18947190","chr27","23304894","23305107","24","4357917"
"JH378141","18961920","18962201","chr12","96013629","96013909","39","77051709"
"JH378141","18966482","18966763","chr8","65204584","65204862","40","46238102"
"JH378141","18974522","18974603","chr5","67880800","67880883","7","48906278"
"JH378141","18977705","18977974","chr17","53320376","53320642","37","34342671"
"JH378141","18992131","18992396","chr22","17402704","17402979","46","1589427"
"JH378141","19010799","19011115","chr20","8994050","8994369","52","10016749"
"JH378141","19019895","19020034","chr6","3375709","3375847","15","15644186"
"JH378141","19074688","19074737","chr1","86029534","86029578","6","66954846"
"JH378141","19079743","19080029","chr14","63083877","63084161","32","44004134"
"JH378141","19087268","19087562","chr10","62827666","62827956","56","43740398"
"JH378141","19109488","19109797","chr29","2740091","2740398","47","16369397"
"JH378141","19127857","19128160","chr23","63610971","63611275","45","44483114"
"JH378141","19135378","19135627","chr9","96390861","96391117","42","77255483"
"JH378141","19146684","19146992","chr2","35931939","35932239","39","16785255"
"JH378141","19158831","19158960","chr16","4500752","4500881","10","14658079"
"JH378141","19172626","19172936","chr2","35933723","35934028","33","16761097"
"JH378141","19173560","19173654","chr22","82220107","82220203","8","63046547"
"JH378141","19180025","19180333","chr11","108802921","108803224","36","89622896"
"JH378141","19182629","19182812","chr6","50544114","50544289","28","31361485"
"JH378141","19202015","19202316","chr12","10064948","10065242","26","9137067"
"JH378141","19207041","19207329","chr8","94667632","94667918","49","75460591"
"JH378141","19211747","19211830","chr5","67880800","67880883","4","48669053"
"JH378141","19269657","19269942","chr9","67548311","67548600","45","48278654"
"JH378141","19272580","19272872","chr1","103415790","103416081","40","84143210"
"JH378141","19282217","19282504","chr20","24783089","24783379","35","5500872"
"JH378141","19282505","19282801","chr1","46456050","46456345","43","27173545"
"JH378141","19286839","19287125","chr22","34097912","34098201","45","14811073"
"JH378141","19292644","19292942","chr12","10064948","10065242","32","9227696"
"JH378141","19294692","19294996","chr12","10064948","10065242","31","9229744"
"JH378141","19323188","19323304","chr20","115102100","115102215","13","95778912"
"JH378142","2883339","2883623","chr12","10064948","10065242","32","7181609"
"JH378142","25730","26011","chr23","5517272","5517549","35","5491542"
"JH378142","28518","28824","chr1","65504304","65504612","34","65475786"
"JH378142","42318","42452","chr26","6591504","6591639","10","6549186"
"JH378142","67387","67698","chr23","52163513","52163808","48","52096126"
"JH378142","124801","125094","chr10","118597337","118597632","29","118472536"
"JH378142","145503","145647","chr6","7229588","7229731","19","7084085"
"JH378142","146926","147219","chr8","89963957","89964248","40","89817031"
"JH378142","151476","151780","chr1","68219231","68219530","41","68067755"
"JH378142","153296","153615","chr5","2324242","2324550","40","2170946"
"JH378142","155545","155633","chr3","65349691","65349782","12","65194146"
"JH378142","162137","162213","chr13","63031813","63031889","7","62869676"
"JH378142","171349","171657","chr1","10803268","10803561","43","10631919"
"JH378142","181552","181654","chrX","2017984","2018087","11","1836432"
"JH378142","193456","193688","chr20","92882451","92882681","34","92688995"
"JH378142","221531","221842","chr10","67655704","67656004","66","67434173"
"JH378142","249151","249440","chr9","112566830","112567124","44","112317679"
"JH378142","267805","268085","chr12","12434992","12435260","55","12167187"
"JH378142","270192","270483","chr13","65577132","65577425","32","65306940"
"JH378142","281410","281486","chr13","63031813","63031889","6","62750403"
"JH378142","293036","293337","chr15","5036234","5036539","32","4743198"
"JH378142","311475","311783","chr2","34891557","34891863","43","34580082"
"JH378142","318415","318695","chr21","56791103","56791381","46","56472688"
"JH378142","320195","320487","chr12","10064948","10065242","27","9744753"
"JH378142","326971","327294","chr1","108565860","108566161","54","108238889"
"JH378142","348677","348987","chr17","58080479","58080781","38","57731802"
"JH378142","392916","393210","chr15","48893872","48894165","38","48500956"
"JH378142","417736","418034","chr3","88960138","88960433","44","88542402"
"JH378142","418617","418920","chr9","103498946","103499244","31","103080329"
"JH378142","442600","442892","chr12","10064948","10065242","36","9622348"
"JH378142","535696","535791","chr22","82220107","82220203","9","81684411"
"JH378142","536729","536966","chrX","112046945","112047179","27","111510216"
"JH378142","607694","607983","chr9","112377154","112377443","35","111769460"
"JH378142","643624","643740","chr20","115102100","115102215","14","114458476"
"JH378142","763782","764083","chr12","10064948","10065242","34","9301166"
"JH378142","778104","778398","chr11","117737181","117737478","36","116959077"
"JH378142","839926","840234","chr5","27918350","27918656","30","27078424"
"JH378142","922274","922572","chr20","92108654","92108962","42","91186380"
"JH378142","950409","950719","chr26","38024857","38025165","28","37074448"
"JH378142","953380","953672","chr11","64732415","64732714","33","63779035"
"JH378142","955383","955679","chr12","10064948","10065242","27","9109565"
"JH378142","965244","965541","chr9","70637032","70637331","46","69671788"
"JH378142","981758","982071","chr1","65504304","65504612","34","64522546"
"JH378142","1036725","1037027","chr2","35931939","35932239","39","34895214"
"JH378142","1047249","1047360","chr13","17846603","17846715","15","16799354"
"JH378142","1047361","1047639","chr5","1720771","1721058","44","673410"
"JH378142","1087384","1087683","chr11","64732415","64732714","31","63645031"
"JH378142","1101685","1101932","chr21","58536106","58536360","38","57434421"
"JH378142","1109517","1109606","chr3","65349691","65349782","10","64240174"
"JH378142","1116585","1116886","chr11","120207458","120207761","35","119090873"
"JH378142","1148688","1148818","chr1","97802296","97802426","10","96653608"
"JH378142","1212091","1212357","chr16","25134176","25134444","36","23922085"
"JH378142","1224311","1224618","chr12","6781553","6781865","127","5557242"
"JH378142","1247970","1248272","chr14","83371933","83372231","37","82123963"
"JH378142","1252018","1252338","chr21","54042036","54042357","43","52790018"
"JH378142","1261171","1261381","chr15","82175072","82175282","30","80913901"
"JH378142","1268241","1268368","chr3","92101699","92101829","16","90833458"
"JH378142","1270257","1270334","chr13","63031813","63031889","9","61761556"
"JH378142","1281400","1281523","chr15","90834689","90834810","12","89553289"
"JH378142","1286946","1287066","chr16","4500752","4500881","21","3213806"
"JH378142","1297512","1297601","chr3","65349691","65349782","11","64052179"
"JH378142","1299430","1299728","chr9","71188923","71189219","38","69889493"
"JH378142","1345749","1345851","chrX","2017984","2018087","10","672235"
"JH378142","1366287","1366432","chr9","59130238","59130387","19","57763951"
"JH378142","1374798","1374925","chr13","78809250","78809378","13","77434452"
"JH378142","1417778","1418084","chr16","64430366","64430669","34","63012588"
"JH378142","1456916","1457214","chr12","10064948","10065242","29","8608032"
"JH378142","1496364","1496674","chr20","46933799","46934103","36","45437435"
"JH378142","1521552","1521839","chr22","51763296","51763583","39","50241744"
"JH378142","1528536","1528675","chr3","90669571","90669712","14","89141035"
"JH378142","1532142","1532424","chr17","60319237","60319527","41","58787095"
"JH378142","1535679","1535830","chr10","116142340","116142506","32","114606661"
"JH378142","1538104","1538396","chr8","134331215","134331502","41","132793111"
"JH378142","1551856","1552148","chr12","6781553","6781865","80","5229697"
"JH378142","1562147","1562455","chr17","4291651","4291958","43","2729504"
"JH378142","1579115","1579419","chr26","18927734","18928036","32","17348619"
"JH378142","1595657","1595826","chr1","118985363","118985528","24","117389706"
"JH378142","1613288","1613545","chr22","81976155","81976422","46","80362867"
"JH378142","1619024","1619333","chr1","120119656","120119957","33","118500632"
"JH378142","1619696","1619989","chr9","90943231","90943523","30","89323535"
"JH378142","1653804","1654107","chr10","88177543","88177855","31","86523739"
"JH378142","1658636","1658947","chr1","65504304","65504612","30","63845668"
"JH378142","1658951","1659219","chr11","118183453","118183733","43","116524502"
"JH378142","1671544","1671801","chr12","6573809","6574052","45","4902265"
"JH378142","1675152","1675456","chrX","11815348","11815650","33","10140196"
"JH378142","1694324","1694634","chr1","65504304","65504612","34","63809980"
"JH378142","1714069","1714373","chr23","44247755","44248062","34","42533686"
"JH378142","1720865","1721160","chr9","118970228","118970526","40","117249363"
"JH378142","1741994","1742248","chr22","88832832","88833087","39","87090838"
"JH378142","1749289","1749557","chr21","106798480","106798745","38","105049191"
"JH378142","1825156","1825466","chr9","85823742","85824047","41","83998586"
"JH378142","1829902","1830132","chr11","126175108","126175340","25","124345206"
"JH378142","1854842","1855142","chr17","35258575","35258878","38","33403733"
"JH378142","1862148","1862288","chr14","98512734","98512870","20","96650586"
"JH378142","1871389","1871684","chrX","23977849","23978143","37","22106460"
"JH378142","1883006","1883316","chr5","2273487","2273788","41","390481"
"JH378142","1908180","1908436","chr8","41144891","41145148","31","39236711"
"JH378142","1936570","1936865","chr8","134989821","134990115","28","133053251"
"JH378142","1939385","1939468","chr16","4405728","4405812","7","2466343"
"JH378142","1975712","1975997","chr16","45060052","45060336","47","43084340"
"JH378142","2029196","2029450","chr18","15208168","15208420","51","13178972"
"JH378142","2045116","2045432","chr21","121143183","121143493","44","119098067"
"JH378142","2074049","2074196","chr16","21687282","21687429","16","19613233"
"JH378142","2075255","2075354","chr22","82220107","82220203","10","80144852"
"JH378142","2256905","2257166","chr1","83625954","83626213","47","81369049"
"JH378142","2277719","2277814","chr22","82220107","82220203","7","79942388"
"JH378142","2289552","2289853","chr12","10064948","10065242","31","7775396"
"JH378142","2400262","2400552","chr11","42115371","42115662","36","39715109"
"JH378142","2506536","2506835","chr9","118970228","118970526","32","116463692"
"JH378142","2570979","2571246","chr12","12434992","12435260","39","9864013"
"JH378142","2585526","2585830","chr2","25122492","25122796","33","22536966"
"JH378142","2712563","2712854","chr23","35045928","35046223","30","32333365"
"JH378142","2713239","2713532","chr12","10064948","10065242","26","7351709"
"JH378142","2719672","2719757","chr5","67880800","67880883","6","65161128"
"JH378142","2724421","2724723","chr7","99172603","99172901","37","96448182"
"JH378142","2751505","2751807","chr16","34474642","34474941","34","31723137"
"JH378142","2767960","2768260","chr5","2273487","2273788","35","494473"
"JH378142","2775804","2776102","chr4","65823519","65823812","48","63047715"
"JH378142","2784751","2784860","chr6","1067449","1067558","14","1717302"
"JH378142","2809073","2809366","chr13","65577132","65577425","30","62768059"
"JH378142","2810045","2810312","chr1","79691024","79691282","52","76880979"
"JH378142","2827718","2828026","chr2","34891557","34891863","29","32063839"
"JH378142","2831534","2831636","chrX","2017984","2018087","11","813550"
"JH378142","2834258","2834387","chr3","91348390","91348521","12","88514132"
"JH378142","2837510","2837657","chr9","59130238","59130387","17","56292728"
"JH378142","2840992","2841286","chr24","67239754","67240052","29","64398762"
"JH378142","2854626","2854748","chr15","90834689","90834810","11","87980063"
"JH378142","2858520","2858690","chr9","85564984","85565140","37","82706464"
"JH378142","2864367","2864474","chr6","1067449","1067558","10","1796918"
"JH378142","2877097","2877204","chr1","62097932","62098038","15","59220835"
"JH378142","2896458","2896535","chr13","63031813","63031889","8","60135355"
"JH378142","2901231","2901460","chr21","71246060","71246287","30","68344829"
"JH378142","2904753","2905056","chr9","39011717","39012011","40","36106964"
"JH378142","2916999","2917233","chrX","112046945","112047179","34","109129946"
"JH378142","2920906","2920981","chr13","63031813","63031889","8","60110907"
"JH378142","2927829","2927936","chr6","1067449","1067558","11","1860380"
"JH378142","2930506","2930790","chr5","42662951","42663235","36","39732445"
"JH378142","2941516","2941805","chr14","61840170","61840454","41","58898654"
"JH378142","2956133","2956236","chrX","2017984","2018087","9","938149"
"JH378142","2956755","2956843","chr19","7758593","7758681","9","4801838"
"JH378142","2964964","2965267","chr12","10064948","10065242","30","7099984"
"JH378142","2967638","2967728","chr3","65349691","65349782","10","62382053"
"JH378142","2986385","2986594","chr9","28573966","28574178","35","25587581"
"JH378142","2986595","2986693","chr6","1067449","1067558","20","1919146"
"JH378142","2987745","2987818","chr13","63031813","63031889","7","60044068"
"JH378142","2994232","2994541","chr12","74217361","74217667","38","71223129"
"JH378142","2995513","2995823","chr6","16598509","16598818","31","13602996"
"JH378142","2996962","2997020","chr19","14579948","14580013","11","11582986"
"JH378142","3001715","3001804","chr22","82220107","82220203","8","79218392"
"JH378142","3007026","3007156","chr9","96281358","96281488","12","93274332"
"JH378142","3013129","3013357","chr13","7317370","7317589","31","4304241"
"JH378142","3030317","3030623","chr1","68219231","68219530","30","65188914"
"JH378142","3035756","3035841","chr16","4405728","4405812","7","1369972"
"JH378142","3036324","3036404","chr14","82607999","82608075","10","79571675"
"JH378142","3040729","3041045","chr12","21636155","21636458","55","18595426"
"JH378142","3044477","3044781","chr13","59493570","59493880","42","56449093"
"JH378142","3048754","3048992","chr24","81696706","81696945","37","78647952"
"JH378142","3049896","3049948","chr29","2562155","2562196","17","487741"
"JH378142","3052904","3053213","chr3","22013697","22014006","41","18960793"
"JH378142","3060932","3061206","chr20","80488123","80488397","44","77427191"
"JH378142","3074344","3074431","chr19","7758593","7758681","10","4684249"
"JH378142","3075603","3075697","chr22","82220107","82220203","8","79144504"
"JH378142","3081117","3081206","chr3","65349691","65349782","11","62268574"
"JH378142","3122359","3122662","chr12","106807603","106807904","33","103685244"
"JH378142","3142824","3143124","chr9","96314869","96315163","32","93172045"
"JH378142","3185294","3185429","chr26","6591504","6591639","13","3406210"
"JH378142","3187916","3188014","chr22","82220107","82220203","8","79032191"
"JH378142","3190265","3190370","chr1","39939684","39939788","12","36749419"
"JH378142","3229630","3229925","chr12","10064948","10065242","30","6835318"
"JH378142","3333986","3334291","chr1","108565860","108566161","32","105231874"
"JH378142","3371165","3371473","chr12","40352484","40352792","38","36981319"
"JH378142","3427248","3427542","chr15","86758708","86759003","29","83331460"
"JH378142","3564731","3565057","chr25","65108190","65108510","37","61543459"
"JH378142","3646992","3647282","chr6","10327644","10327931","46","6680652"
"JH378142","3695258","3695546","chr20","44741831","44742122","34","41046573"
"JH378142","3723239","3723549","chr11","62643241","62643549","48","58920002"
"JH378142","3758196","3758320","chr3","72385674","72385796","13","68627478"
"JH378142","3785854","3786162","chr3","22013697","22014006","40","18227843"
"JH378142","3800783","3801054","chr7","134662977","134663252","36","130862194"
"JH378142","3821135","3821431","chr22","47793370","47793666","38","43972235"
"JH378142","3841832","3842153","chr6","30615970","30616291","53","26774138"
"JH378142","3943371","3943669","chr12","10064948","10065242","32","6121577"
"JH378142","3956561","3956863","chr12","10064948","10065242","27","6108387"
"JH378142","3966057","3966371","chr1","65504304","65504612","38","61538247"
"JH378142","3984812","3984984","chr4","35579068","35579243","39","31594256"
"JH378142","4022540","4022830","chr6","38437831","38438120","31","34415291"
"JH378142","4043561","4043691","chr23","65334609","65334739","13","61291048"
"JH378142","4076853","4077076","chr9","21639574","21639785","50","17562721"
"JH378142","4082192","4082457","chr18","66249703","66249966","38","62167511"
"JH378142","4087444","4087747","chr2","20458247","20458552","40","16370803"
"JH378142","4088576","4088853","chr21","117720786","117721061","44","113632210"
"JH378142","4148153","4148449","chr12","10064948","10065242","33","5916795"
"JH378142","4173073","4173399","chr20","73207781","73208085","76","69034708"
"JH378142","4186862","4187154","chr6","38582923","38583209","34","34396061"
"JH378142","4213002","4213283","chr12","26827271","26827548","40","22614269"
"JH378142","4222800","4223082","chrX","119965831","119966113","46","115743031"
"JH378142","4247218","4247520","chr14","22034116","22034416","38","17786898"
"JH378142","4294878","4295177","chr8","93926175","93926473","33","89631297"
"JH378142","4301508","4301810","chrX","125302543","125302844","30","121001035"
"JH378142","4569761","4570033","chr21","125118620","125118898","36","120548859"
"JH378142","4608226","4608480","chr8","21882287","21882536","39","17274061"
"JH378142","4722565","4722642","chr13","63031813","63031889","9","58309248"
"JH378142","4736066","4736374","chr2","58045145","58045453","29","53309079"
"JH378142","4794045","4794352","chr12","108448605","108448913","35","103654560"
